0.0 7.064636210031131 20.906018375950477 11.012474089383874 53.36289834226509 24.075224273847965 51.350979013822034 48.29307190106364 101.59551257723722 48.46700816213942 34.825812308839936 65.90722011734655 35.221235260933874 65.44518466941486 41.93641956216246 55.224294918642066 26.98039730739216 36.36381227463711 63.35363469019499 8.456558506002178 46.71556432114059 4.663247703900317 34.66473595053777 29.47633330112513 44.32079554284615 57.177047780693876 51.97764825066568 35.32843637407988 96.2359864947703 24.386805442064222 34.15603373449268 54.88208186747724 48.04515220775686 42.21102754680503 4.321011684647509 46.56236605021145 61.48380174827652 38.53709991674417 57.1233372953865 7.065673302199116 73.70910929500265 41.92549240637039 21.847336012474308 39.89624449941192 71.4210026277889 70.61480898048573 36.26661162804499 6.23992519014075 34.02146219017074 68.34352045737309 78.30680340067461 49.500001178200925 34.10830313230006 47.65851589055928 75.98765359826541 94.17791651183454 71.85144977139251 62.05288428927397 70.23723231014979 91.71017334712296 114.88632766747388 97.22270186816377 90.00185792959009 95.61961254751208 112.16319082383664
7.064636210031131 0.0 27.560591347611727 17.501889967418283 48.77866587758985 30.670539881165237 58.264113325274344 55.34200241725962 107.3952162489433 44.8759012952085 37.55345356403274 72.89825234728299 40.973052012749775 72.30219177174938 39.64668603671182 60.81211833431875 30.519634212225917 32.19630684119789 70.36619134272652 10.742799571514013 53.63923232860505 3.2138324286229225 40.85724200331231 35.66414148283464 40.24770646868302 63.11574519363301 58.9418102665672 34.512190796074165 101.91981147311948 27.92689779818692 40.995474688119934 61.88982310113124 54.30276580874039 49.271399376686254 3.109026617034146 52.29182104485152 66.45145736548841 43.25489518198163 63.98239798942447 14.099473014070455 67.53229733412151 35.09598133955042 17.253795963125327 41.93456676929911 74.9277728955088 66.32573312336504 32.73687199611222 11.796383729633943 40.018227314502944 73.88243588939147 76.36636333217581 49.91256496687147 39.31324349316636 54.72314287397337 82.69545270024749 94.12058786136376 74.09676521656759 67.2067106769812 77.0578944275022 98.76164242791745 116.10133843803601 100.34306322460671 95.14523841946252 102.1331432918905 119.18228907533589
20.906018375950477 27.560591347611727 0.0 10.069118710665405 63.84138951905489 3.2032261601233283 30.973011576828732 29.240341455993175 81.3921201460307 56.50423824023843 26.68638669320597 45.89355555604804 16.19913811750417 50.43087733541832 47.15205076498506 35.80268772977835 18.65442053739623 47.25262322541523 46.435933113820724 25.709239362982043 31.909662448165637 24.4713922009109 14.36833947526748 9.479824979573046 54.07594781802751 49.14294329156199 31.868880141477256 37.70447838783774 76.23695165911887 17.356070015720203 13.615501366595243 38.33199287458909 38.910008904598726 23.78242229442355 25.196905803327493 27.023103781064158 43.437576854466386 22.724212893434412 42.436116702845744 14.202784086027187 88.5325087826949 60.081543944369244 42.14735903170684 48.35110095731653 72.76042326612837 79.30462679286299 45.55479450619047 16.003304046154295 28.841344360042005 61.663534725024654 79.55593229377125 45.986901042851265 17.184119680842144 29.50666142159163 61.97452996699479 89.20633623878408 61.06109193530577 43.519677208464906 49.540755886257884 73.54882403202559 105.7118861242607 83.16328734179251 71.07755436474544 74.71721346972188 92.23915721429525
11.012474089383874 17.501889967418283 10.069118710665405 0.0 56.98304221180454 13.169276646300156 40.94966543721053 38.65850793659321 90.65579264784836 50.53810203675593 27.778486274240134 55.766798260943155 24.404692048959785 58.08571663590644 42.19750761881126 44.428481709460804 19.27845031067706 39.96692932711854 54.967328705649635 17.121559397613755 39.23227995234057 14.40231176585331 23.65977163451729 18.477873077019694 47.366438434689556 53.347994855899955 41.75178529183856 33.7242599041973 85.34282360647765 16.969161056765525 23.607808660082686 46.62257930815811 43.46094265602798 32.846644645607405 15.234195724824895 35.71009224685991 51.11621078437343 28.643075208765097 49.854067737034 5.2018007679609966 80.18214069266885 50.51315474056149 32.69274609079608 44.507147984356415 72.71719553097783 73.32916229816097 38.84884149351857 6.012731857283547 30.950402587900733 65.38008804889759 76.91564526327295 45.20103179985462 23.771699363128917 38.495424805312666 69.23543454522076 89.69780493342844 64.44571789383718 51.532586355613844 59.60509135620164 82.73287696944094 108.4715790561345 88.54074378308106 79.42023656565134 84.6783057473736 102.11751942206243
53.36289834226509 48.77866587758985 63.84138951905489 56.98304221180454 0.0 65.48389137174739 91.02490382209784 91.90026222553817 120.7410461529545 9.506443544234266 47.43703957589567 105.81001810040205 66.30517038348061 114.27144223782325 19.921189431958336 79.09940363788667 49.58159179523002 17.11833090148109 109.9871987617667 59.52061087166383 95.6503598220499 49.18142849466835 69.38918104715876 65.86676459248537 9.7757413067179 109.94258387729899 92.62187532704198 29.414598659499077 114.6168407689943 49.04756979385938 75.47701358433666 102.08137482463599 100.29201653830505 87.17946986189324 51.4620444576759 73.8942577691475 78.40177559497013 61.03617949541007 106.23522267194394 57.78445994739037 28.962732708435468 29.2413696750715 57.149970799525214 89.8444448556581 123.58306124655175 17.70499431567728 18.289400771174755 52.44417480394734 86.95478534618717 121.51844243467605 37.458518811998935 37.605637011124976 61.806632635898595 92.84809281509614 125.76290963084477 64.09211604787188 63.98469633464845 80.4677764089829 106.07009174713652 135.72562518050228 91.8002675874672 91.5091338281441 103.51448746112362 124.30314455612147 150.27304969003558
24.075224273847965 30.670539881165237 3.2032261601233283 13.169276646300156 65.48389137174739 0.0 28.119821972604562 26.892189295758076 78.2190341551492 57.87378902553542 26.1949009911373 43.125930283105035 13.455415666591813 48.948909022917995 48.2508567205996 32.77647175472569 18.66280223220231 49.117043157469304 44.53351062093948 28.88266684771679 30.743880306460692 27.556417570791638 11.266178937020987 6.602084105993234 55.70815054155116 49.09421884554806 29.11965839608561 38.59483834028435 73.08574367447486 17.782664951967593 10.829465414632915 36.6059955651215 38.8343529411446 21.74206991616518 28.354784598942935 24.010721067977446 40.6292285897842 20.67285727578166 41.11613514841358 17.40506578251466 90.67362818990436 62.783489300792176 45.35021628533661 50.65899342534263 73.96513382544242 80.59364383361856 47.23616882655663 19.026954919257552 29.79334708861753 61.70989545537933 79.7330271465488 45.766182731937484 15.052679217397115 27.44949229597487 60.62357552053787 88.36161675754687 59.427585197166955 40.624184019745556 46.51703614037272 71.21916072417464 104.1465868800208 80.88545226940168 68.06736804047864 71.54468652408939 89.43647534432712
51.350979013822034 58.264113325274344 30.973011576828732 40.94966543721053 91.02490382209784 28.119821972604562 0.0 8.055368402728277 58.07869003688763 82.54692892445144 45.332096015310285 15.102369007463587 25.04330855687001 30.799156370929907 72.16636220338677 25.377271996356715 41.46321939301653 75.62437635938767 23.17121741488829 54.234606644045805 21.67790147766176 55.27345452959325 21.63856946351281 25.479649666183544 81.37667587705202 43.893524993855735 2.2225164531616377 62.17433724488957 54.221783096864165 42.034077323047065 17.358086180529966 19.1330296907861 35.93327870817656 12.507600548020337 55.66808611905243 22.191014555683505 35.22532606937171 32.497980022486836 26.25422919502461 44.317749448589026 117.64107888171769 90.87282248344334 71.2115666238596 65.41464291599895 76.69312046832307 104.49017950247132 73.23590213958789 46.942773688343706 37.928584621408916 55.392760825686665 97.86375852328308 63.52118478113932 29.789581697095592 11.60818751681726 42.153688275478274 99.0800339524381 65.36265667251875 33.504456949015115 19.174680510834445 44.80665239749353 107.87398933467983 77.94544011741323 53.93513528763652 46.231148876732554 61.32252897029009
48.29307190106364 55.34200241725962 29.240341455993175 38.65850793659321 91.90026222553817 26.892189295758076 8.055368402728277 0.0 65.71639232428039 83.85087665657667 48.065303472730506 18.191265635886275 27.803861055778903 25.087123572713956 73.75611892555202 32.512011376359716 42.92670035077367 75.8506665561535 18.659053925251044 50.029391839169314 13.63033657736504 52.53921771192176 23.678713656304417 26.17929979021167 82.14777770359277 35.98327754734495 6.565441824869896 63.808429921932614 62.04118561810131 43.01089623226957 16.429790495668456 12.482861471148361 27.878306285897335 6.271208061870031 52.539584234837385 27.927957442455455 42.502055009401815 36.2980831140372 19.27261751415137 41.24266510492584 117.55097607198292 89.15889893751854 66.8967430247103 58.27372375652106 68.63867146056916 106.25124632858018 73.78112579296413 44.64098758803461 30.607467972282517 47.70379955502196 101.6806292669692 67.09705602461524 32.55662367209173 3.564662873258999 36.88270809733549 104.7241878243866 71.58522622633899 40.946012624263744 24.970973624233828 44.332441121033106 114.77764059409637 85.50384666766783 61.98958639435203 52.62423264363707 63.95866567956091
101.59551257723722 107.3952162489433 81.3921201460307 90.65579264784836 120.7410461529545 78.2190341551492 58.07869003688763 65.71639232428039 0.0 111.24105590339373 76.51436047888322 52.516708776589326 66.4369923467947 78.50256061003307 101.2475617905886 46.66091892594719 79.47433610940321 110.76061085487501 70.4526501259804 107.10034918977252 78.62425999560394 104.1828219166693 67.090998600139 72.21699616971684 113.01000519420467 98.65463090342686 59.1720524792582 93.2672886627999 6.128863133291954 81.64723135753948 70.48002401609274 72.577625567497 92.62895247344824 70.53604827998494 105.6477959705762 55.10439660298337 43.21173122372958 65.40761127133513 78.87174084563641 95.43750635583464 149.70057000380953 132.72023423627274 123.34351070752825 123.3172487537176 132.64700221012993 127.46345925234925 107.27520483672158 95.7271397639817 95.99000256543101 107.97756937452075 108.02332200576167 83.49934505270384 68.33747675923762 69.01194400897043 85.14724706286762 93.1495390397676 63.304297985598794 41.627596166589335 43.04770007161812 66.09218788901453 85.26722856618453 51.12749097877111 18.772121240694972 22.036716490485823 54.89711601898076
48.46700816213942 44.8759012952085 56.50423824023843 50.53810203675593 9.506443544234266 57.87378902553542 82.54692892445144 83.85087665657667 111.24105590339373 0.0 38.314438190275204 97.18144069817396 57.641044441706896 106.8198061208119 10.629059565174453 69.7682410584402 41.11350902726757 13.023577274148877 102.1596356819428 55.446555797282805 88.41378389530917 44.693716806713894 60.92679101536491 57.69070331635069 5.68625182483368 103.86770160358991 84.21914566737591 20.461522450855227 105.11764586873663 40.84108196968278 67.49172928554209 94.43146200051265 93.99470439862009 79.39286591720148 47.23650015490121 64.79071012694568 68.910785680504 51.95738393170309 98.91785798709846 52.02075042934134 38.46791228849684 33.1416127097751 55.78340486577874 86.71819631256713 119.67931497147703 22.84195200070012 12.211772588294298 46.597792702563545 81.16917799391558 115.75997107857748 34.29769152937986 28.243599331773122 53.04631601167662 84.99978742078167 118.45192087996713 58.68111833787483 55.172910121263186 70.9888972684617 97.10609775234161 127.33641295661471 85.57483148323254 82.9942557319572 94.06254577486474 114.90082628186045 141.24927811004156
34.825812308839936 37.55345356403274 26.68638669320597 27.778486274240134 47.43703957589567 26.1949009911373 45.332096015310285 48.065303472730506 76.51436047888322 38.314438190275204 0.0 59.44009733816269 20.394640387326415 72.62003040753636 27.690219759983187 31.993438125455345 8.541401264451087 34.66517195944994 66.72434070632312 43.06330601030052 55.70610206553046 34.81262314531794 24.38661789567087 22.83937137430134 38.370287339822305 75.23919135215405 47.20825882713183 18.05309236979821 70.54115446349975 10.830142694977969 32.726091912930755 59.83108559500151 64.9837618032098 44.816673925616385 37.33499832075349 26.477721819834823 33.31707714165421 13.648787320101588 65.45207686336248 32.475274255332536 75.7247861243852 56.30065753434061 54.77302797180166 72.28557876144657 99.22260301278692 59.418681163210564 31.40590071821413 28.929638687027158 55.519004449933426 87.87854221200668 54.09268071889245 19.68042211246684 15.603656853080315 49.9448033868169 84.50057306904667 62.61463919920558 37.050824203833265 34.92519165032654 58.835443016621916 89.99046951318162 80.71088971558103 62.790189242301 61.36572855824983 77.35426328267111 102.93879775438805
65.90722011734655 72.89825234728299 45.89355555604804 55.766798260943155 105.81001810040205 43.125930283105035 15.102369007463587 18.191265635886275 52.516708776589326 97.18144069817396 59.44009733816269 0.0 39.54134723358043 26.59500437747008 86.70601890096493 34.16540140293017 56.235432016411174 90.61800292907122 18.21842840628424 68.11244019168804 27.88395855704751 69.9786004872074 36.49403103303776 40.54652111217289 96.21628391802356 46.20019582822647 14.025075472129782 76.73988661792237 50.054908510965014 56.949652008626806 32.30741471285441 20.426661198425478 40.97810367966886 24.45228466258412 70.20215264884509 34.25539557563402 42.62791384073795 46.10197221184049 26.379181096139245 58.843105053225905 132.66076985177938 105.90876730083306 85.02469242229785 75.07645338567394 80.24022424760894 118.83672578961666 88.15852452200511 61.77777985440484 47.49603469377477 55.58833627884279 110.54787589138373 76.73379232695626 44.16065902203957 20.17670997813975 35.480732036331766 109.06413396065864 74.60042692689215 40.37716188094388 9.500517264605952 30.74178878821891 114.65009133629336 82.48266763181859 53.45060086183166 36.12993582735186 46.3530694910141
35.221235260933874 40.973052012749775 16.19913811750417 24.404692048959785 66.30517038348061 13.455415666591813 25.04330855687001 27.803861055778903 66.4369923467947 57.641044441706896 20.394640387326415 39.54134723358043 0.0 52.651336350899086 47.18730574714661 20.024636827997984 16.82728848988322 51.53477518161765 46.43915241991053 41.32173979509506 36.77029490421586 37.7593398765748 4.4471700961112335 6.868923135056877 56.767772032287205 57.940197660675594 26.858291956227415 37.20872842440579 61.02393342206347 17.9148602746087 13.743284646174834 39.852592374204406 47.9068278384477 25.17507153015453 39.22181668688717 11.345217495208713 27.238772057072993 9.091740931860194 45.86602816081524 29.401187942862503 93.56270383739687 69.33080343859008 57.046752668575195 64.00542636451519 85.63788967002172 79.45293655632942 48.86690559870219 29.29194075339164 41.50781996919403 70.58766492197509 73.90578176724745 39.30756035826816 4.79149469173322 29.92802931725456 64.52340547134372 78.75223513801555 47.729845613820586 27.371553074412432 40.188378987056936 69.82728568334274 92.37032375585301 67.72808873603215 55.10631996140424 62.29858906287021 84.38197142725637
65.44518466941486 72.30219177174938 50.43087733541832 58.08571663590644 114.27144223782325 48.948909022917995 30.799156370929907 25.087123572713956 78.50256061003307 106.8198061208119 72.62003040753636 26.59500437747008 52.651336350899086 0.0 97.13907630189449 56.05241670304544 66.72234796367826 97.5962253856658 8.474666240090805 64.25636208215133 18.866922786896335 70.07784675397679 48.368848669349255 50.03845384862782 104.50682515040897 22.809361654265132 28.578831140590374 87.36030251539759 76.44565633824341 66.39110990239026 40.00641733590001 12.803518765416891 22.67523637298087 27.851175232891126 69.225965678862 52.697708725311834 65.71097590960306 61.3269533094821 8.321906432451508 58.9649377104708 138.25996736606405 107.3658171073922 79.58526375964009 59.45590931728843 55.95526355873389 129.5366016837414 95.98346123347355 63.56695916632919 35.54618936546002 29.684081138065995 126.53624260604667 91.93249298696817 57.32887802197823 22.726012809916984 11.88265440597015 129.65697539214867 96.1443594929667 63.80739515560486 35.970386588238476 30.18597301761146 138.48543955124964 107.65334628120836 79.96913901677296 59.96396967688596 56.489701363889104
41.93641956216246 39.64668603671182 47.15205076498506 42.19750761881126 19.921189431958336 48.2508567205996 72.16636220338677 73.75611892555202 101.2475617905886 10.629059565174453 27.690219759983187 86.70601890096493 47.18730574714661 97.13907630189449 0.0 59.18721905019684 30.857486255115724 12.96472552218191 92.19477236789953 49.65186092444359 78.96412581297534 38.77989729939541 50.59314430340874 47.57910405874332 11.858582557764873 95.41528810039453 73.88246033986489 9.994051213137437 95.1370977529216 30.816992527658 57.49238095846057 84.61934821516867 85.37740865683702 69.51220978633475 41.53056048367414 54.16421793293801 58.616565511672206 41.33632453687084 89.36627963851869 44.40362223824349 48.706873941450624 37.36631238402309 53.05610417292878 81.4155159367792 113.2998209878818 32.498193517829044 9.596305938288376 39.024331152574916 73.13385388883567 107.55963729850012 36.726474020676235 19.547512081330066 42.546723524954714 75.05457518570185 108.86230729268446 57.01269014330459 47.60538998995885 60.637525559610545 86.50061205822976 116.97269893355299 82.22446790703479 75.79238241117785 84.39697217184535 104.38368723943928 130.62848455503084
55.224294918642066 60.81211833431875 35.80268772977835 44.428481709460804 79.09940363788667 32.77647175472569 25.377271996356715 32.512011376359716 46.66091892594719 69.7682410584402 31.993438125455345 34.16540140293017 20.024636827997984 56.05241670304544 59.18721905019684 0.0 33.26812027249585 66.58230503310297 48.10155002861851 61.2848586967987 45.5013121284863 57.60497454742109 21.54597329294796 26.342144786080187 70.27557678335235 68.11379878990739 27.568087604768074 49.93291608238796 41.111400083188755 35.26813778102591 27.74514737321223 44.471625810028875 59.13085362376655 33.84970265854738 59.17740302980214 8.782418649874055 10.020271957496174 19.268508914350377 51.55025092128044 49.399539068742264 107.64176475596221 86.97844484984046 77.0615896124178 81.89301372477513 99.3437525847454 89.47783559522745 63.38512463985116 49.232838408867075 56.78801035515997 80.12921597114709 77.56239404054404 45.228303128908536 21.68224147347483 35.90940745286803 67.10959133206408 74.9385684439666 40.60959387047363 8.794467497620042 30.006660480158402 64.17406141215955 82.49786757319681 53.18191324110557 35.29255114466182 45.36124960183208 72.5572346028761
26.98039730739216 30.519634212225917 18.65442053739623 19.27845031067706 49.58159179523002 18.66280223220231 41.46321939301653 42.92670035077367 79.47433610940321 41.11350902726757 8.541401264451087 56.235432016411174 16.82728848988322 66.72234796367826 30.857486255115724 33.26812027249585 0.0 34.74146274022783 61.4419234348277 35.011769856332066 49.08411607568593 27.565362342121055 19.826365069713447 16.78613099671794 39.98497318135412 67.68114504073071 43.10920141010436 20.88748606805311 73.68078713476274 2.6095002545931907 26.78982315229035 54.056691100109234 57.426160397259416 38.91485305778837 29.88737282821023 26.01544254036095 36.9357562236493 14.083051225945955 59.199137007591254 24.074959150854685 76.74368830743637 53.73410873841212 47.7485726879714 63.775457276054325 90.8267731026541 63.33666110706731 32.039628011924215 20.889955330943476 47.340152640138946 80.25358071641064 61.072337128239155 27.33902096127622 12.64383529768725 44.352721157292414 78.54498059174072 71.02466435360229 45.27718345644914 38.08373793530229 56.969695512871596 86.22962760202535 89.1934713123797 70.24433765673567 65.63405862198672 77.94974894346886 101.18926869410016
36.36381227463711 32.19630684119789 47.25262322541523 39.96692932711854 17.11833090148109 49.117043157469304 75.62437635938767 75.8506665561535 110.76061085487501 13.023577274148877 34.66517195944994 90.61800292907122 51.53477518161765 97.5962253856658 12.96472552218191 66.58230503310297 34.74146274022783 0.0 93.63116867601774 42.87994691229471 78.87333478532776 32.31066003728705 54.15021040404791 50.18353887327111 8.051419293459317 92.82532482456851 77.08012798063693 17.626520701667026 104.71286740150605 33.71788460418801 59.4428200971381 85.58340072743725 83.19316936848259 70.8578399874242 34.71780569565647 60.3218317713753 67.60930544617555 47.614586206031625 89.48646120330092 40.666172734955985 42.06032258163594 24.56173594212223 42.80571883014778 73.86624947669203 107.12123325293148 34.26459914868359 3.705378484584142 35.330596601567194 69.84000597324294 104.41195316660192 46.76284017009695 31.89261989504683 47.35345395609362 76.56627465103846 108.98290526571496 69.3333574081172 60.11197599050998 69.38708968185023 91.70861529726007 120.00481394776047 95.05244437024616 88.33183360641969 94.6824135779591 111.90043349794254 135.91672285312296
63.35363469019499 70.36619134272652 46.435933113820724 54.967328705649635 109.9871987617667 44.53351062093948 23.17121741488829 18.659053925251044 70.4526501259804 102.1596356819428 66.72434070632312 18.21842840628424 46.43915241991053 8.474666240090805 92.19477236789953 48.10155002861851 61.4419234348277 93.63116867601774 0.0 63.261375384863754 17.290865148749145 67.88574744816924 42.33776638437281 44.65653282762938 100.21352073030435 29.09569034734953 20.95991253668481 82.28713469426933 68.21308328603611 61.384805174296844 34.70248460315035 8.481111793400805 26.19290982039488 22.80778464300146 67.36471802178646 45.33058279620448 57.620122062588365 54.784743241902234 9.907542338536244 56.555089726913 134.9227659655096 105.13167831802811 79.34714489582431 62.72201870643967 62.983461877802476 124.6889900977649 91.76219764596839 60.72965311657504 36.75205851535744 37.525591663247056 120.2541541545915 85.69720392833409 51.203650238233955 17.160148636213652 19.02581066970688 122.2512460750919 88.4525935661638 55.652494073134726 27.66556580491595 28.78214052225402 130.38494226912564 99.29665111140068 71.51379027317489 52.56828896491951 52.98521812225083
8.456558506002178 10.742799571514013 25.709239362982043 17.121559397613755 59.52061087166383 28.88266684771679 54.234606644045805 50.029391839169314 107.10034918977252 55.446555797282805 43.06330601030052 68.11244019168804 41.32173979509506 64.25636208215133 49.65186092444359 61.2848586967987 35.011769856332066 42.87994691229471 63.261375384863754 0.0 46.094035033409874 10.879546844170486 40.04979041245899 35.00782770672876 50.92772592102665 53.211318150661356 54.53292805183335 43.54395996762165 101.9364004691764 32.453603429685685 37.741051621722434 54.81943355600425 44.890846346693465 43.77164846944567 8.21496037799125 52.515625984384144 68.22137804595695 45.707032306045924 56.00981146853337 11.963572864576447 77.6350462490759 44.275094283608354 16.97696127330643 31.796228187212087 64.25443729706474 77.05433734205634 43.25829028615996 14.143544721113678 30.391634369716783 63.577625196396596 86.23900992663633 57.94219430138932 40.89317095780045 48.80601894467911 74.07176279102745 102.59874478946561 80.11400212624953 68.59130570751468 73.38967284195466 91.98958593032734 123.30937124670284 105.13786404237693 96.42309221981006 99.6771178049933 113.87851314577782
46.71556432114059 53.63923232860505 31.909662448165637 39.23227995234057 95.6503598220499 30.743880306460692 21.67790147766176 13.63033657736504 78.62425999560394 88.41378389530917 55.70610206553046 27.88395855704751 36.77029490421586 18.866922786896335 78.96412581297534 45.5013121284863 49.08411607568593 78.87333478532776 17.290865148749145 46.094035033409874 0.0 51.324834115996026 32.32530232403514 32.86764880777877 85.90495025231635 22.613401353682647 20.019016078862784 69.33865934541298 75.22869159770939 48.46920563839857 23.17360241179304 9.108928429559056 14.274069892072356 12.04184368020313 50.58750724892777 39.84249688055266 55.52016396161373 45.82808176498993 10.62735060397527 40.14235794014521 119.39679141880325 88.63590632776248 62.063394952231405 47.35205497311262 55.02163431571491 111.20775753616807 77.36446920032479 44.70127429778835 20.149288426800606 34.76536776080449 109.79033193501793 75.33188774211764 41.11839840454361 10.070010732198144 30.115454457598226 115.39439639654937 83.21801726350523 54.124292427212055 36.448163481289086 46.06872224088513 127.09422547736847 98.67230822212197 75.59286644448275 63.9305349194305 69.6758202286236
4.663247703900317 3.2138324286229225 24.4713922009109 14.40231176585331 49.18142849466835 27.556417570791638 55.27345452959325 52.53921771192176 104.1828219166693 44.693716806713894 34.81262314531794 69.9786004872074 37.7593398765748 70.07784675397679 38.77989729939541 57.60497454742109 27.565362342121055 32.31066003728705 67.88574744816924 10.879546844170486 51.324834115996026 0.0 37.660973023442786 32.4700448527716 40.32850484429477 61.72596637226435 55.99665370826058 32.96182651663293 98.71114166172342 24.961917963123867 37.96778681282613 59.42262167751415 52.66594099947633 46.52180914200241 2.843779622427039 49.079061432699994 63.30041983913277 40.12295487682691 61.756553243919 11.370802771589654 69.07522017078252 37.31216598744707 20.195445047081197 42.642242572861804 74.9914147322568 66.568731621544 32.485843712587396 8.609134915354305 38.57145987034747 72.77534595808045 75.40112625919807 47.93483325785746 36.12472227956618 52.02952817733969 80.64723781289014 92.37486583617978 71.54985059297151 64.03452430446104 74.00157693000193 96.16038880157542 113.9060635861796 97.5708305222539 91.97951248005606 98.97010945348678 116.29541054621949
34.66473595053777 40.85724200331231 14.36833947526748 23.65977163451729 69.38918104715876 11.266178937020987 21.63856946351281 23.678713656304417 67.090998600139 60.92679101536491 24.38661789567087 36.49403103303776 4.4471700961112335 48.368848669349255 50.59314430340874 21.54597329294796 19.826365069713447 54.15021040404791 42.33776638437281 40.04979041245899 32.32530232403514 37.660973023442786 0.0 5.19714954436918 59.753621505014785 53.54224635322472 23.295072501509548 40.59961115703957 61.88712977399573 20.45638490958701 9.320657985881782 35.56532990393236 43.542156493638075 20.777849887119977 38.831822439547366 12.818793071718039 29.789443543415395 13.532169368523826 41.484305049282156 28.34949063351932 96.2077953500225 70.81454685213022 56.28724579473732 60.96393907112812 81.6072516954122 82.99832088000997 51.66458328214229 29.061598083877534 37.61333834672405 66.17997718964645 78.16759032205843 43.56412045527364 8.963672227597526 25.64598726982403 60.24898605588435 83.18856374706291 51.966860403278716 29.590722090413383 38.01980930455322 66.40963617769492 96.53584731409042 71.25551962832915 56.835912540118784 61.46613252896996 81.9795252399784
29.47633330112513 35.66414148283464 9.479824979573046 18.477873077019694 65.86676459248537 6.602084105993234 25.479649666183544 26.17929979021167 72.21699616971684 57.69070331635069 22.83937137430134 40.54652111217289 6.868923135056877 50.03845384862782 47.57910405874332 26.342144786080187 16.78613099671794 50.18353887327111 44.65653282762938 35.00782770672876 32.86764880777877 32.4700448527716 5.19714954436918 0.0 56.14913515142523 52.945254160741676 26.896637893001724 37.64258985168122 66.96631920800957 16.855442714905365 10.03621529875898 37.3209377828418 42.75671718934976 22.19090580000526 33.63617090675916 17.559763913246407 34.03101762453634 14.753785662631131 42.6829181481139 23.22814527789218 92.17131188729114 66.01309620065868 51.13424701807965 57.15328319714007 79.45494670563012 80.07620279664474 47.89066057871677 23.867903902778906 35.2233254057566 65.6241786111029 76.92947100265282 42.473512896266705 9.20374679224172 27.573039015612977 61.89256719807468 83.74613275642193 53.75136029141003 34.05635743091029 42.72347126440204 69.89697618130457 98.47816685864775 74.49215678056153 61.603527054236196 66.60096636096802 86.43589500569155
44.32079554284615 40.24770646868302 54.07594781802751 47.366438434689556 9.7757413067179 55.70815054155116 81.37667587705202 82.14777770359277 113.01000519420467 5.68625182483368 38.370287339822305 96.21628391802356 56.767772032287205 104.50682515040897 11.858582557764873 70.27557678335235 39.98497318135412 8.051419293459317 100.21352073030435 50.92772592102665 85.90495025231635 40.32850484429477 59.753621505014785 56.14913515142523 0.0 100.48874908130115 82.94694776939066 20.34420202532765 106.9069107757344 39.35971726131086 65.72124703930392 92.30610780724282 90.75980372628548 77.40573613247226 42.75865409053379 64.70567761429238 70.22311961441731 51.85160308122094 96.48238775256092 48.385226348833775 37.36719469787782 27.76895163858283 50.40597886593052 81.88559904114993 115.17196077702708 26.30198806309649 8.547751534442755 43.002184719480645 77.58972921161241 112.18733717198833 39.97944031588783 31.165843788736883 52.336417903447696 83.07663996192358 116.01375876822408 64.15558319122135 58.87105122643216 72.18344666897481 96.69481245122385 126.03218246015123 90.79868332888078 86.92752254163484 96.24497037342613 115.60493645447079 140.92769493837733
57.177047780693876 63.11574519363301 49.14294329156199 53.347994855899955 109.94258387729899 49.09421884554806 43.893524993855735 35.98327754734495 98.65463090342686 103.86770160358991 75.23919135215405 46.20019582822647 57.940197660675594 22.809361654265132 95.41528810039453 68.11379878990739 67.68114504073071 92.82532482456851 29.09569034734953 53.211318150661356 22.613401353682647 61.72596637226435 53.54224635322472 52.945254160741676 100.48874908130115 0.0 42.022591093916674 86.44923724932592 95.86305456338475 66.49883551314248 44.2257740247811 26.19238965964793 10.259869473824372 34.44699526547871 60.052776543654964 62.250256874916815 78.1319083159175 67.00930242417351 19.831809174773593 52.162407735419386 130.6465011851431 97.46253124923716 65.75877164053378 39.297855201456 34.04792395061526 126.61648682897682 92.04189486149859 57.502522648316216 23.156507521806542 12.679179735598234 128.69646884332172 94.85710738287192 61.869253148706456 32.443521474611096 25.926889956501803 136.60752845314107 105.2492085923582 76.73316777940028 55.61803859435856 51.899493731349985 149.42597286292934 121.28547246503696 97.40094800540425 81.59937436074422 78.89680288549783
51.97764825066568 58.9418102665672 31.868880141477256 41.75178529183856 92.62187532704198 29.11965839608561 2.2225164531616377 6.565441824869896 59.1720524792582 84.21914566737591 47.20825882713183 14.025075472129782 26.858291956227415 28.578831140590374 73.88246033986489 27.568087604768074 43.10920141010436 77.08012798063693 20.95991253668481 54.53292805183335 20.019016078862784 55.99665370826058 23.295072501509548 26.896637893001724 82.94694776939066 42.022591093916674 0.0 63.88841157652688 55.47574581433002 43.58738799314018 18.293122058616323 16.995161815686103 34.29297736391004 11.82307612665473 56.28407021596117 24.38429396384853 37.38876771210328 34.50570066957603 24.131886211769018 44.921299371015884 119.05595081628128 91.90137653642454 71.49950491749189 64.60083598473706 75.02752447927278 106.25522590849752 74.7544702014696 47.76103458756813 36.997700780589895 53.39823152377722 99.9272300449369 65.54009001955731 31.6292317907665 10.008297368347584 39.93465334022046 101.29278854115226 67.58516907054843 35.638864930984724 19.16637306558394 43.12097595273271 110.06584576510978 80.03105772037729 55.59012538998345 46.587186311993875 60.37616966162579
35.32843637407988 34.512190796074165 37.70447838783774 33.7242599041973 29.414598659499077 38.59483834028435 62.17433724488957 63.808429921932614 93.2672886627999 20.461522450855227 18.05309236979821 76.73988661792237 37.20872842440579 87.36030251539759 9.994051213137437 49.93291608238796 20.88748606805311 17.626520701667026 82.28713469426933 43.54395996762165 69.33865934541298 32.96182651663293 40.59961115703957 37.64258985168122 20.34420202532765 86.44923724932592 63.88841157652688 0.0 87.19991381359411 20.97067437348097 47.59320551066858 74.7836605020897 76.31712801803305 59.65631156049656 35.80371813314533 44.48238108415953 50.212979899265875 31.622793477697975 79.66529758085112 36.602770834111276 57.71138573938215 41.374015395755514 49.878209013701486 75.22422347254003 105.94504866597426 42.44924696336339 14.041769898706777 31.420618318496757 64.59249514159475 98.75209780601635 43.3384217599761 16.515191788248288 32.59039819250623 65.16414876478909 99.12339910100113 59.66104587657783 44.0289177967272 52.081357855163986 76.68902852339419 106.98020088154891 82.73758233096792 72.0725896956176 77.05947015433084 95.27129050417632 120.87112452481878
96.2359864947703 101.91981147311948 76.23695165911887 85.34282360647765 114.6168407689943 73.08574367447486 54.221783096864165 62.04118561810131 6.128863133291954 105.11764586873663 70.54115446349975 50.054908510965014 61.02393342206347 76.44565633824341 95.1370977529216 41.111400083188755 73.68078713476274 104.71286740150605 68.21308328603611 101.9364004691764 75.22869159770939 98.71114166172342 61.88712977399573 66.96631920800957 106.9069107757344 95.86305456338475 55.47574581433002 87.19991381359411 0.0 75.89112890941914 65.73889297710541 69.68137775593502 89.37666282291174 66.55808788145114 100.24296950498511 49.678749236628995 37.22445258714475 59.64013354050753 76.20763269187535 90.19226082862248 143.57557149719273 126.78956441371236 118.033159067695 119.09090528793352 129.72295437566183 121.36310558775631 101.21622519827866 90.30582693918763 91.97965975413365 105.64123499308069 102.13266693408787 77.37113016934259 62.739795150215244 65.4297485246738 83.7890331306057 87.86595131843562 57.45033220296568 35.71397600619953 40.561898838185456 66.40692234784993 81.22308609768373 46.77205405302597 13.149681494048686 23.517163188025183 57.68928464965214
24.386805442064222 27.92689779818692 17.356070015720203 16.969161056765525 49.04756979385938 17.782664951967593 42.034077323047065 43.01089623226957 81.64723135753948 40.84108196968278 10.830142694977969 56.949652008626806 17.9148602746087 66.39110990239026 30.816992527658 35.26813778102591 2.6095002545931907 33.71788460418801 61.384805174296844 32.453603429685685 48.46920563839857 24.961917963123867 20.45638490958701 16.855442714905365 39.35971726131086 66.49883551314248 43.58738799314018 20.97067437348097 75.89112890941914 0.0 26.68423011207395 53.818428314068996 56.263106430113815 38.699467728496636 27.277955845983023 27.73041956115318 39.29592411093491 16.25159579038701 58.72787688201419 21.650625732520435 75.77760762282608 51.8933967183819 45.14885341499403 61.47136603689203 88.95984631036372 63.305154763350565 31.211373330958008 18.319555913047555 45.73741936954685 79.01307505923374 62.200457383482906 28.92710100974119 14.124773539188048 44.23904455170575 78.16347407021802 72.98161803855054 47.75787406423512 40.374943734600315 58.088563513251444 86.67900508766951 91.54080190479523 72.84352538706248 68.02502832808223 79.64542848548639 102.24553089546943
34.15603373449268 40.995474688119934 13.615501366595243 23.607808660082686 75.47701358433666 10.829465414632915 17.358086180529966 16.429790495668456 70.48002401609274 67.49172928554209 32.726091912930755 32.30741471285441 13.743284646174834 40.00641733590001 57.49238095846057 27.74514737321223 26.78982315229035 59.4428200971381 34.70248460315035 37.741051621722434 23.17360241179304 37.96778681282613 9.320657985881782 10.03621529875898 65.72124703930392 44.2257740247811 18.293122058616323 47.59320551066858 65.73889297710541 26.68423011207395 0.0 27.28521627667493 34.25460451376931 12.156079653715652 38.476748993714516 19.82255413077845 37.05497276586559 22.834007208834525 32.72598589732167 27.18463660717324 101.22416666574998 73.60829131963109 54.633608413776834 54.27968100841914 72.81853031483875 89.98670924244284 57.351565211390906 29.591206318587982 29.27319965647363 56.85986468867173 86.797938569944 52.25568508223864 17.952303628100896 17.571792350918 51.866218929269415 92.49425432826276 61.176600067946644 36.3978046521476 36.08127557451223 60.61147735076237 105.64783108169142 79.5292603121577 62.31473887556178 61.93653622815921 78.63794734267448
54.88208186747724 61.88982310113124 38.33199287458909 46.62257930815811 102.08137482463599 36.6059955651215 19.1330296907861 12.482861471148361 72.577625567497 94.43146200051265 59.83108559500151 20.426661198425478 39.852592374204406 12.803518765416891 84.61934821516867 44.471625810028875 54.056691100109234 85.58340072743725 8.481111793400805 54.81943355600425 9.108928429559056 59.42262167751415 35.56532990393236 37.3209377828418 92.30610780724282 26.19238965964793 16.995161815686103 74.7836605020897 69.68137775593502 53.818428314068996 27.28521627667493 0.0 20.604967643059783 15.141863185484523 58.88546836318612 40.37429258665165 54.355263156138555 48.56489667697581 7.148831851445941 48.10303087152361 126.6905731795029 96.68564616689427 70.99663384060841 55.926066025031595 60.080967941986316 117.07332862716437 83.81729008120685 52.338816060407154 29.123957948902227 36.768164175601186 113.73275957033428 79.12904361183013 44.525553347142235 9.924649783380813 24.684546993684954 117.20697311747068 84.00214537211063 52.631600954747384 29.642022937612563 37.17596995002075 126.93746522948234 97.00596378636797 71.42819994242652 56.46779871873016 60.580777864237476
48.04515220775686 54.30276580874039 38.910008904598726 43.46094265602798 100.29201653830505 38.8343529411446 35.93327870817656 27.878306285897335 92.62895247344824 93.99470439862009 64.9837618032098 40.97810367966886 47.9068278384477 22.67523637298087 85.37740865683702 59.13085362376655 57.426160397259416 83.19316936848259 26.19290982039488 44.890846346693465 14.274069892072356 52.66594099947633 43.542156493638075 42.75671718934976 90.75980372628548 10.259869473824372 34.29297736391004 76.31712801803305 89.37666282291174 56.263106430113815 34.25460451376931 20.604967643059783 0.0 25.28187696176149 51.20384325180821 52.79821714588928 69.10798063773026 56.946650849105865 16.316082167714796 42.62511364812045 121.73865200784232 89.09736555696628 58.74702275215788 36.86347505154652 40.760886663259676 116.78965226385498 82.27224215262068 47.879789628072366 14.528597798175792 22.902827910472116 118.45451100519765 84.59768218028536 51.73886829418488 24.328977868198816 30.02888352393442 126.47221757140501 95.40679331767399 67.85646020542143 50.01350578400127 52.848944357481415 139.75321848921158 112.27499696539833 89.86172167552868 77.06701187848009 78.72903427659608
42.21102754680503 49.271399376686254 23.78242229442355 32.846644645607405 87.17946986189324 21.74206991616518 12.507600548020337 6.271208061870031 70.53604827998494 79.39286591720148 44.816673925616385 24.45228466258412 25.17507153015453 27.851175232891126 69.51220978633475 33.84970265854738 38.91485305778837 70.8578399874242 22.80778464300146 43.77164846944567 12.04184368020313 46.52180914200241 20.777849887119977 22.19090580000526 77.40573613247226 34.44699526547871 11.82307612665473 59.65631156049656 66.55808788145114 38.699467728496636 12.156079653715652 15.141863185484523 25.28187696176149 0.0 46.43055865640283 27.833241302971608 43.83428824320413 34.128865620771364 20.711428283350802 35.183287128457486 112.30909740554658 83.34961923871991 60.628248183817774 52.907558189800504 65.70718937085209 101.98488620953007 68.95709591448532 38.7825642440536 25.45458019134995 46.761374735823374 98.83458606977587 64.25149964209889 29.71681805006114 5.725173348852688 39.7154908168304 103.51543256006876 71.18087837988622 42.577297272713004 30.883185830404805 49.895412805647105 115.07550070341333 87.0081252142917 65.5228554211758 58.402594565740756 70.1660121589045
