0.0 17.31263037251337 43.79761069789914 44.87459794452219 48.0622817556532 14.054842419484533 43.914826520303365 54.49275056971146 28.85305135865231 42.453532007050434 74.62220444759039 6.662066040211772 3.169487822295786 9.22620145740506 16.63713659786721 63.89002895397406 5.005475661163407 23.621556449200963 84.21683694938304 68.7529505584625 30.964152717722488 68.24614120822179 54.82806642727363 54.321786763536345 68.29226613399749 75.37895230360625 33.892888230040796 68.09528994393577 69.18615807143617 21.037766630358824 56.49944153207891 86.50080608311016 73.74027520068468 31.77929859311199 74.65858464794636 73.76915219034683 1.9910826022266672 43.3121534597143 6.531468604495885 5.9962773555803235 73.93982761697366 66.37750450109266 62.91548276302632 47.80426904193479
17.31263037251337 0.0 38.08306850812815 42.16850288656498 42.57218122772134 4.920872847414048 52.58842376797789 49.61961094637333 25.260209274942227 38.684321547660055 68.21780864870743 18.786337130800156 17.16947802444603 8.088495517241556 17.444535459268753 59.699558498378906 17.5505461495872 35.12791223890475 76.11662122257943 60.83601593100305 33.71687506283393 66.55164159292775 48.06588249450926 51.33450802898228 60.34157281668663 67.52992755859955 34.09917612265366 56.96507493690159 68.13328959885769 33.15979943169252 51.01952997887542 80.66552399345535 84.16138556502221 40.496612315666624 66.63750699436969 71.71206262825989 17.822712287926905 43.16378597522492 23.400593612391308 17.663627700676972 66.62410548905103 69.24502175071288 66.53428342734921 47.168994467173185
43.79761069789914 38.08306850812815 0.0 8.000398504702456 4.497320810073948 35.506719422207645 37.83236043847727 11.54027056890772 14.952105485347227 4.769077205115594 30.915355264959747 38.35349493096538 46.32802673597968 39.80235120163044 27.180446752139982 21.642272483776654 39.31234625055384 37.062120551872994 40.53041806992062 25.17044646139317 19.92848643522646 29.568067829930094 11.079422785645601 14.255779886057367 24.733700178986787 31.687708941270078 14.755535541503953 28.381949300060302 31.623803428733247 37.85877672005379 13.037259594673216 43.068422238874284 65.91770978509415 32.57506130349294 31.031597136619993 34.28766562750305 45.68772703094692 13.921038259307613 44.90256729007541 38.39056695915709 30.153675286339542 37.78529900859668 36.797037158577034 14.74934811219883
44.87459794452219 42.16850288656498 8.000398504702456 0.0 7.568217692456647 38.86962222447231 30.99415681760816 10.603429730917924 17.092614901911382 3.997437024797999 30.79393151100985 38.79534398378535 47.69637711787058 42.454460681148944 28.496668495466462 19.06979216641675 40.05066713604845 33.77190285902753 41.763729578611624 27.302645428511234 16.486726522673788 24.39289272962187 14.051516545660057 9.490801204882343 26.95705603094643 33.163972988423026 11.730285120791947 33.81632443287436 25.991161702161698 35.07977949566514 13.099309261927411 41.98625440688551 58.078283447119674 27.64994928073915 32.75138676992793 29.64150619755895 46.84488051337978 6.436384766083821 44.81383134535791 39.07195930770144 31.126260019399624 30.180512747937822 28.942866170017023 6.792860102238972
48.0622817556532 42.57218122772134 4.497320810073948 7.568217692456647 0.0 39.99901464527768 38.56033085334431 7.074660539397619 19.220610430877944 6.553162810336583 26.567070622505547 42.47820479965208 50.646029177587195 44.26042127601486 31.42585616708024 17.189204957855413 43.501643253873226 39.98488158289128 36.515519557068764 21.340800504156366 22.61045600522747 25.544468392819333 7.279902989055799 10.547919514761238 20.931881960632378 27.69957831738721 17.466258684363012 26.357015263394903 27.740231068225217 40.99809867985794 8.561996620680082 38.63165101788784 65.19355728518259 34.66381434942667 27.11283477978064 30.07554526445509 49.97027524370862 14.001223669756774 48.92759019018937 42.56542316950353 26.020695424741305 35.188626806365484 34.64487783666588 13.39684741684312
14.054842419484533 4.920872847414048 35.506719422207645 38.86962222447231 39.99901464527768 0.0 47.73825586301264 46.95789233239409 21.785284802127183 35.59056005492564 66.12805335944773 14.315914214884463 14.713341669058021 5.450688813826395 12.757698529080127 56.94276211799415 13.28491467182573 30.232893952081625 74.59071462843704 59.17351494804508 29.27921926928277 63.240102546662634 45.934382563682725 48.20826780545959 58.68698155997183 65.88337574525424 30.06437998395496 56.44918548313984 64.69143660279848 28.302978172427178 48.53967389807061 78.46721738436756 79.26927616592499 35.610144308196595 65.04223792491774 68.50900839439038 15.012834523815394 39.33541126921715 19.596170029589953 13.247436680873662 64.80317326486052 65.08579921447304 62.250209808927664 43.48247678694488
43.914826520303365 52.58842376797789 37.83236043847727 30.99415681760816 38.56033085334431 47.73825586301264 0.0 39.677482748077814 33.81638621198251 33.0931999582292 56.337215815165635 37.65652673791729 47.010258867423104 47.843265439731425 35.27842192517588 43.19183559252869 39.48733253492166 20.639058009915267 68.31046713652283 56.13910318939748 21.648615618463825 39.923683031387526 44.62162853825514 34.83160390354935 55.91115714531997 60.74627240547118 25.146319163982795 64.68651843888318 39.08316465531493 23.334669903632477 42.21538368265099 64.21002377829748 31.79709363075639 12.316144893592623 60.675331552040944 44.890257922206914 45.608907916049795 24.577658004574804 39.51772072654643 38.68113767734382 58.24117929457851 28.36969293878886 24.120453909379307 26.509672093298953
54.49275056971146 49.61961094637333 11.54027056890772 10.603429730917924 7.074660539397619 46.95789233239409 39.677482748077814 0.0 25.81335054930208 12.06827970418796 20.354633265886864 48.68159956355859 57.172058955156764 51.10160088405849 37.885732855714025 10.114742150414816 49.81125090419164 44.360636346883076 31.160706500060254 16.90987643677783 27.088417872732812 19.050832468270404 6.018747537714088 5.913748098308504 16.603475369830473 22.578449866026546 22.251539462092158 25.612282890737426 21.46096468918899 45.682938265188525 2.5961476962738255 32.008412210862645 63.60505069731632 37.91909166077679 22.198070522894714 23.246288619335388 56.42960048094889 15.859292030048806 54.93549025483963 48.8536974225429 20.52322728390929 31.006800108336527 31.235500957390624 13.16861318677138
28.85305135865231 25.260209274942227 14.952105485347227 17.092614901911382 19.220610430877944 21.785284802127183 33.81638621198251 25.81335054930208 0.0 13.982678881151717 45.787652936668216 23.45785389403256 31.427142476296243 25.448296782378126 12.228419137881335 35.53954674226613 24.369542223809216 25.47064568373305 55.45014323018082 40.032854286287616 12.168193476592553 41.45494877008742 26.01143139949282 26.488322959211928 39.583535881607666 46.60583828823159 9.850361865462217 41.18262603156534 42.933481394878854 25.496771254011712 27.707925488977303 57.77790475671135 65.08928220291497 24.380356651650555 45.92121284677339 46.73382275851915 30.75320000766771 18.062701095737946 30.109909594018585 23.45561826274799 45.105277305039124 44.55848698663643 42.23769829387477 21.92774395951958
42.453532007050434 38.684321547660055 4.769077205115594 3.997437024797999 6.553162810336583 35.59056005492564 33.0931999582292 12.06827970418796 13.982678881151717 0.0 32.374417593434536 36.61335229424082 45.16785181659904 39.426188246603076 25.878752775951405 21.57003916140283 37.74888311230212 33.43180727013013 42.784670156139036 27.783424220168257 16.0627401093779 27.925474073195538 13.815104678375985 12.651700428174392 27.38888955429094 34.017892891304086 10.913108450622278 32.56535466449272 29.669602108632272 34.4575873554626 14.233947831302471 44.056905640917535 61.24587166018282 28.29502234128643 33.48421350798343 33.02868286047687 44.39844759313563 9.226263309416105 42.8931365253498 36.789203961770156 32.20428778398918 34.15742857273193 32.8341313776332 10.671321098862842
74.62220444759039 68.21780864870743 30.915355264959747 30.79393151100985 26.567070622505547 66.12805335944773 56.337215815165635 20.354633265886864 45.787652936668216 32.374417593434536 0.0 68.94759969123992 77.21249893755298 70.6317252282699 57.9851526415594 13.176586738151093 70.02352918222965 64.23346085810795 11.993722516199435 9.327731303534028 47.20379790095175 19.833833939516385 20.19549771425504 22.59699723212917 9.761680294363947 6.5340756762824554 42.52065539218333 23.012074336322797 22.345091117738704 65.7249426956043 18.15902756378639 12.527886748901793 74.01143391434144 57.047825908126434 7.33027589266797 18.713782082315255 76.53475277025598 35.085295745971386 75.26746260538728 69.07766680156357 4.215926534861659 37.653986207971414 40.07173661550637 31.269821533679448
6.662066040211772 18.786337130800156 38.35349493096538 38.79534398378535 42.47820479965208 14.315914214884463 37.65652673791729 48.68159956355859 23.45785389403256 36.61335229424082 68.94759969123992 0.0 9.821092516559984 11.507681426563215 11.399913457057842 57.86119736531489 1.830809411243366 17.820686418490936 78.88310256200019 63.48629871328259 24.39971109958313 61.838617157147006 49.43234533866747 48.17497212788932 63.038778182396136 70.03953816325601 27.561316266915444 63.8331581033661 62.70925910777077 15.414683943818282 50.78906525128906 80.64376294953426 68.02841840009857 25.413424227663466 69.36895745446981 67.38157085729263 8.60833020733793 36.89051782676842 6.889717735907621 1.170810998717135 68.47887358890274 59.715439726258914 56.25917120025415 41.396647894733576
3.169487822295786 17.16947802444603 46.32802673597968 47.69637711787058 50.646029177587195 14.713341669058021 47.010258867423104 57.172058955156764 31.427142476296243 45.16785181659904 77.21249893755298 9.821092516559984 0.0 9.382074058370067 19.29020678517698 66.66592057880126 8.121993431298273 26.629562316566624 86.63075941131969 71.15117115984697 34.043657140981274 71.21869176259302 57.31009835467099 57.165307197656624 70.6848027523034 77.80427929938074 36.851928423725994 70.01860049223852 72.19828282101287 24.0144066774864 59.12757607927007 89.174368305471 76.64740078596479 34.908208117286954 77.0605507526821 76.72867205714768 1.4541502258846108 46.3053849674827 8.664643244851366 9.100435563774559 76.42586616201093 69.53243761858681 66.07964684579522 50.78680895078293
9.22620145740506 8.088495517241556 39.80235120163044 42.454460681148944 44.26042127601486 5.450688813826395 47.843265439731425 51.10160088405849 25.448296782378126 39.426188246603076 70.6317252282699 11.507681426563215 9.382074058370067 0.0 14.592918858033004 60.95517026381294 9.995840585022707 28.948225111489748 79.41687704266215 63.95661439592984 31.158507252343025 66.65942211801851 50.480764920592335 51.90742990534513 63.47567069947121 70.65985347598746 32.754194483870116 61.70901010208362 67.94813268197166 26.705534356308824 52.822385702181464 82.86811111535637 78.88689597057468 35.538329488966276 69.84850146160885 72.03256308140993 9.85114677170945 42.22806219221522 15.375092117153248 10.337819085805835 69.48151364072528 67.23771624416892 64.16110204899276 46.540891454349044
16.63713659786721 17.444535459268753 27.180446752139982 28.496668495466462 31.42585616708024 12.757698529080127 35.27842192517588 37.885732855714025 12.228419137881335 25.878752775951405 57.9851526415594 11.399913457057842 19.29020678517698 14.592918858033004 0.0 47.39763640648198 12.17129352999229 19.76311583304627 67.65988016583663 52.22197443204596 16.678156606548637 52.38137906929678 38.23364249928209 37.98546725035546 51.76783575486019 58.81659556843836 18.21481167052052 52.484003439589564 53.55441883203465 18.546411353223693 39.86724995837497 69.89190330995118 66.99151533659173 23.404482463992874 58.11877846889799 57.82493166053303 18.554683237417336 27.723030564435398 18.224093383273566 11.282877372037607 57.33305793182778 52.708668357563845 49.722363734141894 32.09746326421392
63.89002895397406 59.699558498378906 21.642272483776654 19.06979216641675 17.189204957855413 56.94276211799415 43.19183559252869 10.114742150414816 35.53954674226613 21.57003916140283 13.176586738151093 57.86119736531489 66.66592057880126 60.95517026381294 47.39763640648198 0.0 59.09825520076516 51.60294407668266 25.121577080257474 14.84556311147859 34.957941144559115 11.003152205043193 13.682216157282877 9.933070535645456 14.837129082579805 17.858582961217706 30.624755042558974 27.920719184456555 13.803589699509493 53.24444436697764 9.267780342006308 23.06412293879815 62.5667919133382 44.08162331364473 17.988899176783654 13.866830034935193 65.85171130841678 22.404044308143675 63.86292812133259 58.12303766850116 15.23519338160126 27.097944543560203 28.683551891420297 18.332592489478014
5.005475661163407 17.5505461495872 39.31234625055384 40.05066713604845 43.501643253873226 13.28491467182573 39.48733253492166 49.81125090419164 24.369542223809216 37.74888311230212 70.02352918222965 1.830809411243366 8.121993431298273 9.995840585022707 12.17129352999229 59.09825520076516 0.0 19.610494677731495 79.81857463851871 64.38903761216345 25.95952754231311 63.28521663107588 50.38021487327584 49.469463801265675 63.936002160135246 70.97445187917195 28.952466124455185 64.35906264046567 64.20236667231691 17.17416889958286 51.87386836942386 81.80411088131304 69.82771283601453 27.242779847847643 70.28343262507262 68.81608358818163 6.988405752512768 38.34281644638665 6.789260190449669 0.9953981257859738 69.4633384742811 61.42175409195459 57.99242922294163 42.84061754007218
23.621556449200963 35.12791223890475 37.062120551872994 33.77190285902753 39.98488158289128 30.232893952081625 20.639058009915267 44.360636346883076 25.47064568373305 33.43180727013013 64.23346085810795 17.820686418490936 26.629562316566624 28.948225111489748 19.76311583304627 51.60294407668266 19.610494677731495 0.0 75.49256617152618 61.00471863963033 17.39722265523295 52.504159381767096 47.229666607449914 41.735075084494646 60.63898156455585 66.9345878188157 22.51878203494255 65.32248151191264 52.647494074035166 2.6962028489568928 46.8712117439826 74.54913250178704 50.22193440616825 9.433741119359512 66.52007582668453 58.03194379593488 25.198653022904328 29.20916595521471 18.885551840365448 18.944930713325462 64.86139470101239 46.105531577134556 42.18087282333631 33.34646755926755
84.21683694938304 76.11662122257943 40.53041806992062 41.763729578611624 36.515519557068764 74.59071462843704 68.31046713652283 31.160706500060254 55.45014323018082 42.784670156139036 11.993722516199435 78.88310256200019 86.63075941131969 79.41687704266215 67.65988016583663 25.121577080257474 79.81857463851871 75.49256617152618 0.0 15.484293043516752 58.24900917976906 31.158169444360784 29.451041820075197 34.22144066973442 15.95662641113266 8.844372951522358 53.37057925489223 23.159236165722927 33.422127365089786 76.84350571937935 28.708758482455814 12.186488673844014 85.38452794382258 68.6499022981041 9.5764055553243 28.89283027321948 86.07171487032818 46.55562922184704 85.41375218576711 78.90555200676219 10.637487271873868 48.91200217911159 51.6157553852465 42.94784962877515
68.7529505584625 60.83601593100305 25.17044646139317 27.302645428511234 21.340800504156366 59.17351494804508 56.13910318939748 16.90987643677783 40.032854286287616 27.783424220168257 9.327731303534028 63.48629871328259 71.15117115984697 63.95661439592984 52.22197443204596 14.84556311147859 64.38903761216345 61.00471863963033 15.484293043516752 0.0 43.62342668227032 24.882210188044073 14.125241215236143 21.311415436486882 0.5013458658169265 6.709919582547311 38.59199806530396 14.327492494920415 27.68156656207865 62.17430242531973 14.318585214346294 21.213003689859253 77.35236368194876 54.81948141564133 5.909573005271252 25.568750545309335 70.60097005459366 32.7647058888042 70.07015599978773 63.483663716849726 6.107938344397756 41.888605889763774 43.522994711460214 29.77977649731728
30.964152717722488 33.71687506283393 19.92848643522646 16.486726522673788 22.61045600522747 29.27921926928277 21.648615618463825 27.088417872732812 12.168193476592553 16.0627401093779 47.20379790095175 24.39971109958313 34.043657140981274 31.158507252343025 16.678156606548637 34.957941144559115 25.95952754231311 17.39722265523295 58.24900917976906 43.62342668227032 0.0 37.63334928946378 29.839141118160764 25.026683944159664 43.253140623280835 49.62282222362244 5.1853638246440354 48.30959933857789 38.37021572699167 18.59657690888442 29.560378842959814 58.02202216559703 53.045883312554736 13.06185720645072 49.17970047805635 43.20608707182203 32.94764116352029 12.840521584321655 29.566078145290973 24.967876535277227 47.61157487452166 36.08102749254007 33.044486172659326 17.322333549219902
68.24614120822179 66.55164159292775 29.568067829930094 24.39289272962187 25.544468392819333 63.240102546662634 39.923683031387526 19.050832468270404 41.45494877008742 27.925474073195538 19.833833939516385 61.838617157147006 71.21869176259302 66.65942211801851 52.38137906929678 11.003152205043193 63.28521663107588 52.504159381767096 31.158169444360784 24.882210188044073 37.63334928946378 0.0 23.991792740181467 15.394730667883705 24.987358202934168 26.008233870066228 34.36742385069388 38.64480567621065 2.830426321399179 54.550341457887164 19.252855180135487 24.56672984231804 54.25627931699037 43.88131307758502 26.499587850661804 5.58096222430135 70.23677512282565 24.948132165437997 67.19892673301293 62.29038364440783 23.33689181567723 17.829163048613342 20.479997207953243 20.444862218087376
54.82806642727363 48.06588249450926 11.079422785645601 14.051516545660057 7.279902989055799 45.934382563682725 44.62162853825514 6.018747537714088 26.01143139949282 13.815104678375985 20.19549771425504 49.43234533866747 57.31009835467099 50.480764920592335 38.23364249928209 13.682216157282877 50.38021487327584 47.229666607449914 29.451041820075197 14.125241215236143 29.839141118160764 23.991792740181467 0.0 11.922330838519851 13.701557695511971 20.608331852004394 24.718586321927035 20.119354718441077 26.592013125757585 48.2717146751645 4.770975919787957 32.60063114010148 69.48023747478621 41.64391561385121 19.960903099861525 27.522491611825885 56.70377753916272 20.19250610286041 55.974872732015555 49.462393005945906 19.116418731187043 36.97497905910542 37.25419611639901 18.352169098334485
54.321786763536345 51.33450802898228 14.255779886057367 9.490801204882343 10.547919514761238 48.20826780545959 34.83160390354935 5.913748098308504 26.488322959211928 12.651700428174392 22.59699723212917 48.17497212788932 57.165307197656624 51.90742990534513 37.98546725035546 9.933070535645456 49.469463801265675 41.735075084494646 34.22144066973442 21.311415436486882 25.026683944159664 15.394730667883705 11.922330838519851 0.0 21.0932286161493 26.139090155304064 20.76981450278974 31.328080750544782 17.37052398858523 43.33501064418998 7.964129425949911 32.99598945060838 57.76094371989477 34.46322269065547 25.970103385133065 20.38507838592849 56.29680241089621 12.528304762383462 54.0580298451746 48.48622467619351 23.766186149056956 25.275414528987863 25.349402249729653 8.729017111349233
68.29226613399749 60.34157281668663 24.733700178986787 26.95705603094643 20.931881960632378 58.68698155997183 55.91115714531997 16.603475369830473 39.583535881607666 27.38888955429094 9.761680294363947 63.038778182396136 70.6848027523034 63.47567069947121 51.76783575486019 14.837129082579805 63.936002160135246 60.63898156455585 15.95662641113266 0.5013458658169265 43.253140623280835 24.987358202934168 13.701557695511971 21.0932286161493 0.0 7.198076438109744 38.21167336106999 14.069971221653821 27.794012435929922 61.795269894965074 14.008963115383436 21.698468866804316 77.29665674030149 54.49894853108319 6.380230498341014 25.777919781651395 70.13819379047192 32.462413492891514 69.62970345320151 63.03203729652017 6.602182175231406 41.909365440179464 43.497303351286305 29.523005288936368
75.37895230360625 67.52992755859955 31.687708941270078 33.163972988423026 27.69957831738721 65.88337574525424 60.74627240547118 22.578449866026546 46.60583828823159 34.017892891304086 6.5340756762824554 70.03953816325601 77.80427929938074 70.65985347598746 58.81659556843836 17.858582961217706 70.97445187917195 66.9345878188157 8.844372951522358 6.709919582547311 49.62282222362244 26.008233870066228 20.608331852004394 26.139090155304064 7.198076438109744 0.0 44.68531693178025 17.609733767166233 28.618824797912428 68.2169222494261 20.0664070572235 15.630528654467179 79.91932393877684 60.35144996227987 1.1345416378003221 25.2241992110438 77.23720562805116 38.21858299029268 76.57706913309133 70.06120094772201 2.696510076380523 43.73674714830966 45.92641774653316 34.839958894305326
33.892888230040796 34.09917612265366 14.755535541503953 11.730285120791947 17.466258684363012 30.06437998395496 25.146319163982795 22.251539462092158 9.850361865462217 10.913108450622278 42.52065539218333 27.561316266915444 36.851928423725994 32.754194483870116 18.21481167052052 30.624755042558974 28.952466124455185 22.51878203494255 53.37057925489223 38.59199806530396 5.1853638246440354 34.36742385069388 24.718586321927035 20.76981450278974 38.21167336106999 44.68531693178025 0.0 43.137095328555766 35.41015668848346 23.583869280408468 24.662551725581395 53.64178723283593 55.74681763589906 17.974327613279105 44.208349483195114 39.87892494341032 35.88230786691931 9.51953665378768 33.29665510757197 27.959555880502858 42.740940388116236 35.16261240715695 32.610786801789224 13.95264699329318
68.09528994393577 56.96507493690159 28.381949300060302 33.81632443287436 26.357015263394903 56.44918548313984 64.68651843888318 25.612282890737426 41.18262603156534 32.56535466449272 23.012074336322797 63.8331581033661 70.01860049223852 61.70901010208362 52.484003439589564 27.920719184456555 64.35906264046567 65.32248151191264 23.159236165722927 14.327492494920415 48.30959933857789 38.64480567621065 20.119354718441077 31.328080750544782 14.069971221653821 17.609733767166233 43.137095328555766 0.0 41.4742029695432 65.94259858740485 23.363962753775443 33.09772829879354 89.03525675457914 60.85433020833771 16.49030332944197 39.8150217921269 69.7517066965562 40.15131758203806 70.6981485483391 63.56851039226572 18.954540207237912 54.791751000333676 55.86274793244993 38.46535067874003
69.18615807143617 68.13328959885769 31.623803428733247 25.991161702161698 27.740231068225217 64.69143660279848 39.08316465531493 21.46096468918899 42.933481394878854 29.669602108632272 22.345091117738704 62.70925910777077 72.19828282101287 67.94813268197166 53.55441883203465 13.803589699509493 64.20236667231691 52.647494074035166 33.422127365089786 27.68156656207865 38.37021572699167 2.830426321399179 26.592013125757585 17.37052398858523 27.794012435929922 28.618824797912428 35.41015668848346 41.4742029695432 0.0 54.7832965921239 21.831340259568186 26.10664942536217 51.97101832661912 43.81417161869138 29.148643585832094 5.817475977865025 71.1769504288383 25.90570764480646 67.88325219423824 63.207005757715216 25.964975894514307 15.495922038725624 18.469098639950616 21.464594919685393
21.037766630358824 33.15979943169252 37.85877672005379 35.07977949566514 40.99809867985794 28.302978172427178 23.334669903632477 45.682938265188525 25.496771254011712 34.4575873554626 65.7249426956043 15.414683943818282 24.0144066774864 26.705534356308824 18.546411353223693 53.24444436697764 17.17416889958286 2.6962028489568928 76.84350571937935 62.17430242531973 18.59657690888442 54.550341457887164 48.2717146751645 43.33501064418998 61.795269894965074 68.2169222494261 23.583869280408468 65.94259858740485 54.7832965921239 0.0 48.1565214168087 76.25596326094508 52.72916541040291 12.004928310289472 67.76533148474716 60.099298966476525 22.57720615288346 30.846689164964324 16.194940409461683 16.559583232844975 66.20602895458752 48.61410206042257 44.72524717140501 35.09298176391342
56.49944153207891 51.01952997887542 13.037259594673216 13.099309261927411 8.561996620680082 48.53967389807061 42.21538368265099 2.5961476962738255 27.707925488977303 14.233947831302471 18.15902756378639 50.78906525128906 59.12757607927007 52.822385702181464 39.86724995837497 9.267780342006308 51.87386836942386 46.8712117439826 28.708758482455814 14.318585214346294 29.560378842959814 19.252855180135487 4.770975919787957 7.964129425949911 14.008963115383436 20.0664070572235 24.662551725581395 23.363962753775443 21.831340259568186 48.1565214168087 0.0 30.084063665349255 65.7072859371367 40.50391738949404 19.656176150335554 22.96305662445262 58.42191917215123 18.45483607833768 57.12050611017147 50.92526016716118 18.078635098510507 32.46303875506893 32.96482415767536 15.70852013140156
86.50080608311016 80.66552399345535 43.068422238874284 41.98625440688551 38.63165101788784 78.46721738436756 64.21002377829748 32.008412210862645 57.77790475671135 44.056905640917535 12.527886748901793 80.64376294953426 89.174368305471 82.86811111535637 69.89190330995118 23.06412293879815 81.80411088131304 74.54913250178704 12.186488673844014 21.213003689859253 58.02202216559703 24.56672984231804 32.60063114010148 32.99598945060838 21.698468866804316 15.630528654467179 53.64178723283593 33.09772829879354 26.10664942536217 76.25596326094508 30.084063665349255 0.0 77.28531694110977 66.70621421078668 16.764669144824015 20.600017501120334 88.43795507508977 45.412602004934946 86.78565297453063 80.84212439009481 15.132496639735137 41.17269869644555 44.5028258348802 41.202880552792834
73.74027520068468 84.16138556502221 65.91770978509415 58.078283447119674 65.19355728518259 79.26927616592499 31.79709363075639 63.60505069731632 65.08928220291497 61.24587166018282 74.01143391434144 68.02841840009857 76.64740078596479 78.88689597057468 66.99151533659173 62.5667919133382 69.82771283601453 50.22193440616825 85.38452794382258 77.35236368194876 53.045883312554736 54.25627931699037 69.48023747478621 57.76094371989477 77.29665674030149 79.91932393877684 55.74681763589906 89.03525675457914 51.97101832661912 52.72916541040291 65.7072859371367 77.28531694110977 0.0 43.6661529327408 80.25567328023811 56.889211469056264 75.19730026624998 52.019921077138896 68.3775399124414 69.13846352012953 77.22284407335975 36.475339149361965 33.99369609887009 51.80037210834795
31.77929859311199 40.496612315666624 32.57506130349294 27.64994928073915 34.66381434942667 35.610144308196595 12.316144893592623 37.91909166077679 24.380356651650555 28.29502234128643 57.047825908126434 25.413424227663466 34.908208117286954 35.538329488966276 23.404482463992874 44.08162331364473 27.242779847847643 9.433741119359512 68.6499022981041 54.81948141564133 13.06185720645072 43.88131307758502 41.64391561385121 34.46322269065547 54.49894853108319 60.35144996227987 17.974327613279105 60.85433020833771 43.81417161869138 12.004928310289472 40.50391738949404 66.70621421078668 43.6661529327408 0.0 60.05269091892807 49.33727923706743 33.53223522190083 22.13288842422325 27.80370878268777 26.415189009577155 58.10618306716834 36.6811352161365 32.747144741518355 25.78254931255575
74.65858464794636 66.63750699436969 31.031597136619993 32.75138676992793 27.11283477978064 65.04223792491774 60.675331552040944 22.198070522894714 45.92121284677339 33.48421350798343 7.33027589266797 69.36895745446981 77.0605507526821 69.84850146160885 58.11877846889799 17.988899176783654 70.28343262507262 66.52007582668453 9.5764055553243 5.909573005271252 49.17970047805635 26.499587850661804 19.960903099861525 25.970103385133065 6.380230498341014 1.1345416378003221 44.208349483195114 16.49030332944197 29.148643585832094 67.76533148474716 19.656176150335554 16.764669144824015 80.25567328023811 60.05269091892807 0.0 25.921700675052616 76.50849433874633 37.92491049555808 75.93354903305229 69.3753458232002 3.2186809359574253 44.162036926746104 46.26403886284958 34.638893246873536
73.76915219034683 71.71206262825989 34.28766562750305 29.64150619755895 30.07554526445509 68.50900839439038 44.890257922206914 23.246288619335388 46.73382275851915 33.02868286047687 18.713782082315255 67.38157085729263 76.72867205714768 72.03256308140993 57.82493166053303 13.866830034935193 68.81608358818163 58.03194379593488 28.89283027321948 25.568750545309335 43.20608707182203 5.58096222430135 27.522491611825885 20.38507838592849 25.777919781651395 25.2241992110438 39.87892494341032 39.8150217921269 5.817475977865025 60.099298966476525 22.96305662445262 20.600017501120334 56.889211469056264 49.33727923706743 25.921700675052616 0.0 75.75918922382445 30.494522336094885 72.7721645977037 67.82169607740396 22.70554095323332 20.590839262191153 23.92345069450678 25.98549891626287
1.9910826022266672 17.822712287926905 45.68772703094692 46.84488051337978 49.97027524370862 15.012834523815394 45.608907916049795 56.42960048094889 30.75320000766771 44.39844759313563 76.53475277025598 8.60833020733793 1.4541502258846108 9.85114677170945 18.554683237417336 65.85171130841678 6.988405752512768 25.198653022904328 86.07171487032818 70.60097005459366 32.94764116352029 70.23677512282565 56.70377753916272 56.29680241089621 70.13819379047192 77.23720562805116 35.88230786691931 69.7517066965562 71.1769504288383 22.57720615288346 58.42191917215123 88.43795507508977 75.19730026624998 33.53223522190083 76.50849433874633 75.75918922382445 0.0 45.30320079235964 7.249413626086786 7.981366058765808 75.81886309954153 68.31192076442314 64.8306110557378 49.79512451880967
43.3121534597143 43.16378597522492 13.921038259307613 6.436384766083821 14.001223669756774 39.33541126921715 24.577658004574804 15.859292030048806 18.062701095737946 9.226263309416105 35.085295745971386 36.89051782676842 46.3053849674827 42.22806219221522 27.723030564435398 22.404044308143675 38.34281644638665 29.20916595521471 46.55562922184704 32.7647058888042 12.840521584321655 24.948132165437997 20.19250610286041 12.528304762383462 32.462413492891514 38.21858299029268 9.51953665378768 40.15131758203806 25.90570764480646 30.846689164964324 18.45483607833768 45.412602004934946 52.019921077138896 22.13288842422325 37.92491049555808 30.494522336094885 45.30320079235964 0.0 42.34351124855808 37.34767875054481 35.98568011701435 26.627091078491215 24.656686168689166 4.512125283413116
6.531468604495885 23.400593612391308 44.90256729007541 44.81383134535791 48.92759019018937 19.596170029589953 39.51772072654643 54.93549025483963 30.109909594018585 42.8931365253498 75.26746260538728 6.889717735907621 8.664643244851366 15.375092117153248 18.224093383273566 63.86292812133259 6.789260190449669 18.885551840365448 85.41375218576711 70.07015599978773 29.566078145290973 67.19892673301293 55.974872732015555 54.0580298451746 69.62970345320151 76.57706913309133 33.29665510757197 70.6981485483391 67.88325219423824 16.194940409461683 57.12050611017147 86.78565297453063 68.3775399124414 27.80370878268777 75.93354903305229 72.7721645977037 7.249413626086786 42.34351124855808 0.0 7.3490167430444435 74.94819059144743 63.67004930738736 59.990026449069525 46.85012833328553
5.9962773555803235 17.663627700676972 38.39056695915709 39.07195930770144 42.56542316950353 13.247436680873662 38.68113767734382 48.8536974225429 23.45561826274799 36.789203961770156 69.07766680156357 1.170810998717135 9.100435563774559 10.337819085805835 11.282877372037607 58.12303766850116 0.9953981257859738 18.944930713325462 78.90555200676219 63.483663716849726 24.967876535277227 62.29038364440783 49.462393005945906 48.48622467619351 63.03203729652017 70.06120094772201 27.959555880502858 63.56851039226572 63.207005757715216 16.559583232844975 50.92526016716118 80.84212439009481 69.13846352012953 26.415189009577155 69.3753458232002 67.82169607740396 7.981366058765808 37.34767875054481 7.3490167430444435 0.0 68.53790099511562 60.4582896473757 57.04065136725572 41.84572305713952
73.93982761697366 66.62410548905103 30.153675286339542 31.126260019399624 26.020695424741305 64.80317326486052 58.24117929457851 20.52322728390929 45.105277305039124 32.20428778398918 4.215926534861659 68.47887358890274 76.42586616201093 69.48151364072528 57.33305793182778 15.23519338160126 69.4633384742811 64.86139470101239 10.637487271873868 6.107938344397756 47.61157487452166 23.33689181567723 19.116418731187043 23.766186149056956 6.602182175231406 2.696510076380523 42.740940388116236 18.954540207237912 25.964975894514307 66.20602895458752 18.078635098510507 15.132496639735137 77.22284407335975 58.10618306716834 3.2186809359574253 22.70554095323332 75.81886309954153 35.98568011701435 74.94819059144743 68.53790099511562 0.0 41.04796923646342 43.23001062850549 32.489739427527745
66.37750450109266 69.24502175071288 37.78529900859668 30.180512747937822 35.188626806365484 65.08579921447304 28.36969293878886 31.006800108336527 44.55848698663643 34.15742857273193 37.653986207971414 59.715439726258914 69.53243761858681 67.23771624416892 52.708668357563845 27.097944543560203 61.42175409195459 46.105531577134556 48.91200217911159 41.888605889763774 36.08102749254007 17.829163048613342 36.97497905910542 25.275414528987863 41.909365440179464 43.73674714830966 35.16261240715695 54.791751000333676 15.495922038725624 48.61410206042257 32.46303875506893 41.17269869644555 36.475339149361965 36.6811352161365 44.162036926746104 20.590839262191153 68.31192076442314 26.627091078491215 63.67004930738736 60.4582896473757 41.04796923646342 0.0 4.271515165573776 23.561737258978564
62.91548276302632 66.53428342734921 36.797037158577034 28.942866170017023 34.64487783666588 62.250209808927664 24.120453909379307 31.235500957390624 42.23769829387477 32.8341313776332 40.07173661550637 56.25917120025415 66.07964684579522 64.16110204899276 49.722363734141894 28.683551891420297 57.99242922294163 42.18087282333631 51.6157553852465 43.522994711460214 33.044486172659326 20.479997207953243 37.25419611639901 25.349402249729653 43.497303351286305 45.92641774653316 32.610786801789224 55.86274793244993 18.469098639950616 44.72524717140501 32.96482415767536 44.5028258348802 33.99369609887009 32.747144741518355 46.26403886284958 23.92345069450678 64.8306110557378 24.656686168689166 59.990026449069525 57.04065136725572 43.23001062850549 4.271515165573776 0.0 22.16681391926685
47.80426904193479 47.168994467173185 14.74934811219883 6.792860102238972 13.39684741684312 43.48247678694488 26.509672093298953 13.16861318677138 21.92774395951958 10.671321098862842 31.269821533679448 41.396647894733576 50.78680895078293 46.540891454349044 32.09746326421392 18.332592489478014 42.84061754007218 33.34646755926755 42.94784962877515 29.77977649731728 17.322333549219902 20.444862218087376 18.352169098334485 8.729017111349233 29.523005288936368 34.839958894305326 13.95264699329318 38.46535067874003 21.464594919685393 35.09298176391342 15.70852013140156 41.202880552792834 51.80037210834795 25.78254931255575 34.638893246873536 25.98549891626287 49.79512451880967 4.512125283413116 46.85012833328553 41.84572305713952 32.489739427527745 23.561737258978564 22.16681391926685 0.0
