0 101 129 64 26 20 40 122 124 50 138 125 90 66 70 123 14 84 77 93 17 90 121 63 28 11 47 57 119 52 111 113 85 50 66 122 3 101 75 94 143 137 132 130 130 132 136 143 151 160 131 123 118 116 116 118 123 130 139 149 118 110 105 102 102 105 110 118 128 139 106 97 91 88 88 91 98 106 117 129 95 85 78 74 74 78 85 95 107 121 84 73 64 60 60 65 74 85 99 113 75 62 52 46 46 53 63 77 91 106 67 53 40 32 33 41 54 69 85 102 62 46 30 19 20 32 48 64 81 98 60 43 25 8 11 28 45 62 80 97
101 0 93 151 102 103 99 164 96 98 178 90 19 152 66 148 111 81 68 58 85 35 110 145 89 100 94 108 106 108 154 90 27 120 60 142 98 34 65 50 176 162 147 134 121 110 100 93 89 88 170 154 139 125 112 99 89 80 75 74 164 148 133 117 103 89 77 68 62 60 159 143 127 111 95 81 67 56 48 47 156 139 122 106 89 74 58 45 35 33 154 136 119 102 85 68 52 36 23 19 152 135 118 101 83 66 49 32 15 7 153 135 118 101 84 66 49 33 17 10 154 137 120 103 86 70 54 39 27 23 157 140 123 107 91 75 61 48 39 37
129 93 0 141 111 117 98 104 11 88 112 5 79 139 60 81 130 47 53 43 115 62 30 130 103 121 88 91 27 95 99 19 73 108 67 72 128 60 56 47 106 89 72 55 38 21 8 18 34 51 106 89 72 54 37 20 7 17 34 51 108 91 74 58 42 28 21 26 39 55 111 95 79 64 50 39 34 38 48 61 117 101 86 73 61 52 48 51 58 70 123 109 95 83 72 65 62 64 70 80 131 117 105 94 85 79 76 78 83 91 140 127 115 105 97 92 90 91 95 103 149 137 127 118 110 106 104 105 108 115 159 148 138 130 124 120 118 118 122 127
64 151 141 0 50 51 54 83 133 58 96 137 136 5 96 96 50 97 100 120 72 129 121 12 63 58 61 52 121 50 75 123 129 35 98 99 66 139 101 125 105 106 110 116 124 134 146 158 171 185 91 92 96 103 113 124 136 149 163 178 77 78 83 91 102 114 127 141 156 172 63 64 70 80 92 105 119 134 150 166 48 51 58 69 83 97 113 129 145 161 34 37 47 61 76 91 108 124 141 158 20 25 38 54 71 87 104 121 138 156 6 17 34 51 68 85 103 120 137 154 10 19 35 51 69 86 103 120 137 155 24 29 41 56 72 88 105 122 139 156
26 102 111 50 0 7 15 98 105 26 113 106 87 52 55 98 20 64 61 79 24 83 99 46 14 15 24 32 98 27 87 93 81 26 54 97 26 94 60 82 118 112 107 106 107 111 117 126 136 147 106 98 93 92 93 98 105 114 126 138 94 85 80 78 79 85 93 104 116 129 82 73 66 64 66 72 82 94 107 122 72 61 52 49 52 60 72 85 100 115 63 50 39 35 39 50 63 78 94 110 56 41 28 21 28 41 56 73 90 106 53 36 19 7 19 36 53 70 87 105 53 36 19 8 19 36 53 70 87 105 57 41 28 22 28 41 57 73 90 107
20 103 117 51 7 0 21 103 110 32 118 112 89 53 60 104 14 70 66 83 22 86 105 48 17 10 30 37 104 32 92 99 83 31 58 103 21 97 65 86 124 117 113 112 113 117 123 131 141 152 111 104 99 98 99 103 110 119 130 142 99 91 86 84 85 90 98 108 120 133 87 78 72 70 72 78 87 98 111 125 76 65 58 55 58 65 76 89 103 118 66 54 45 41 45 54 67 81 96 112 59 44 32 27 33 45 59 75 91 108 54 37 22 13 22 38 54 71 88 105 52 35 17 2 18 36 53 70 87 105 54 38 23 16 24 39 55 72 89 106
40 99 98 54 15 21 0 86 91 11 102 93 83 54 44 84 34 51 49 69 34 76 84 46 17 29 10 18 83 14 75 80 76 21 45 83 40 86 49 73 106 98 93 91 92 96 104 113 124 136 94 85 79 77 78 83 92 102 114 128 83 73 66 63 65 71 80 92 106 120 73 61 52 49 51 59 70 83 98 113 64 50 39 35 38 48 61 76 92 108 57 42 28 21 26 39 55 71 88 105 54 37 20 7 18 34 51 69 86 103 54 37 21 9 18 35 52 69 86 103 58 43 30 23 28 40 56 72 88 105 65 52 41 37 40 50 63 77 93 109
122 164 104 83 98 103 86 0 93 78 16 102 145 79 98 25 112 84 96 110 119 131 74 73 102 112 83 69 77 73 12 90 137 73 106 33 123 137 99 118 23 27 39 54 70 87 103 120 137 155 9 17 33 50 67 84 101 119 136 153 8 16 33 50 67 84 101 119 136 153 22 26 38 53 70 86 103 120 137 154 36 38 48 60 75 91 107 123 140 157 50 52 59 70 83 97 112 128 144 161 64 66 71 80 92 105 119 134 149 165 78 80 84 92 102 114 127 141 156 171 93 94 98 104 113 124 136 149 163 178 107 108 111 117 125 135 146 158 171 185
124 96 11 133 105 110 91 93 0 81 102 9 81 130 56 70 123 41 49 43 110 64 20 121 97 115 81 82 17 86 88 12 75 100 63 62 123 63 52 48 96 79 62 45 29 14 14 28 45 62 96 79 61 44 27 10 10 26 44 61 98 81 64 48 32 20 20 32 47 63 101 85 69 54 42 33 33 41 54 68 106 91 77 64 53 47 47 53 63 76 113 99 86 74 66 61 60 65 74 85 121 108 96 86 79 74 74 78 85 95 131 118 107 98 92 88 88 91 97 106 140 129 119 111 105 102 102 104 110 117 151 141 131 124 119 116 116 118 123 130
50 98 88 58 26 32 11 78 81 0 94 84 81 57 39 75 45 42 43 62 42 72 74 49 25 40 5 11 73 10 67 70 73 24 41 73 50 82 43 67 98 89 83 80 82 86 94 104 116 129 86 76 69 66 68 73 82 94 107 121 76 64 56 52 54 61 72 85 99 114 67 54 43 38 41 50 62 77 92 108 60 45 31 24 28 40 55 71 88 104 56 39 23 10 18 34 51 68 85 102 55 38 21 6 16 33 50 67 85 102 58 42 28 19 24 38 53 70 86 103 64 50 39 33 36 46 60 75 90 107 73 60 51 47 49 57 68 82 96 112
138 178 112 96 113 118 102 16 102 94 0 110 159 92 112 32 128 97 110 123 135 144 83 87 118 128 99 84 86 88 27 100 151 89 120 41 139 150 113 131 12 26 42 59 76 94 111 128 145 163 8 24 42 59 76 93 111 128 145 162 21 31 46 62 78 95 112 129 146 163 35 41 53 67 83 99 115 132 149 166 49 54 63 76 90 105 120 136 153 169 63 67 75 85 98 112 126 142 157 173 77 80 87 96 107 120 134 148 163 179 91 94 100 108 118 129 142 156 170 185 106 108 113 120 129 140 152 164 178 192 120 122 126 132 141 150 162 174 187 200
125 90 5 137 106 112 93 102 9 84 110 0 75 135 55 79 125 42 49 39 110 59 28 126 98 116 84 86 25 90 96 15 69 104 62 70 123 57 51 43 105 88 71 54 37 22 13 22 37 54 104 87 70 52 35 18 2 18 35 52 105 88 71 55 38 24 16 24 38 55 108 92 76 60 46 35 30 35 46 60 113 97 82 68 56 47 44 47 56 68 119 105 91 78 68 60 58 60 67 77 127 113 100 89 80 74 72 73 79 88 135 122 111 101 93 87 85 87 92 100 145 133 122 113 106 101 99 101 105 112 155 144 134 125 119 115 113 114 118 124
90 19 79 136 87 89 83 145 81 81 159 75 0 136 48 130 98 63 49 40 73 17 93 128 74 87 77 91 89 91 136 73 9 103 42 123 87 21 46 33 158 143 129 116 104 94 86 82 80 83 151 136 121 107 94 83 74 68 66 69 146 130 114 99 85 72 61 55 53 56 141 125 108 92 77 63 50 41 39 44 138 121 104 87 71 55 40 29 25 33 136 119 102 84 67 50 34 18 12 24 136 118 101 84 66 49 32 15 5 21 137 119 102 85 68 52 36 22 18 27 139 122 106 89 73 58 44 34 31 37 143 127 111 95 80 66 55 47 45 49
66 152 139 5 52 53 54 79 130 57 92 135 136 0 95 92 53 96 99 119 74 129 118 9 64 60 60 51 118 48 71 121 129 34 98 95 68 139 100 124 101 102 106 112 121 131 143 156 170 184 86 88 92 100 110 121 134 147 162 177 72 74 79 88 99 112 125 140 155 170 58 60 67 77 89 103 118 133 149 165 44 47 55 67 81 96 112 128 144 161 29 34 45 59 75 91 107 124 141 158 15 22 37 54 70 87 104 122 139 156 1 17 34 52 69 86 103 121 138 155 14 22 37 53 70 87 104 122 139 156 29 33 44 59 74 91 107 124 141 158
70 66 60 96 55 60 44 98 56 39 112 55 48 95 0 85 72 20 7 25 55 36 58 87 44 63 36 47 56 48 88 45 40 62 9 79 69 45 5 29 112 99 87 77 69 66 67 73 82 93 105 90 76 65 56 52 54 61 71 84 98 83 68 54 44 38 41 49 62 76 94 77 61 45 32 25 28 40 54 70 91 74 57 40 24 11 17 33 50 67 91 73 56 39 22 6 15 32 49 66 92 75 59 43 28 19 23 36 52 69 96 80 65 50 39 33 35 45 58 73 102 87 73 60 51 47 48 56 67 80 109 95 82 72 64 60 62 68 77 89
123 148 81 96 98 104 84 25 70 75 32 79 130 92 85 0 115 68 82 93 117 115 51 85 99 113 79 67 54 72 25 68 122 77 93 9 123 119 85 100 29 15 15 29 46 63 80 97 114 131 26 9 10 27 44 62 79 96 113 131 31 19 19 32 47 64 80 97 115 132 41 32 33 41 54 69 84 101 117 134 52 46 46 52 63 76 91 106 122 138 65 60 60 65 74 85 98 112 128 143 78 74 74 78 85 95 107 120 134 149 92 88 88 92 98 107 117 129 143 156 106 103 102 105 111 118 128 139 151 165 120 117 117 119 124 131 139 150 161 173
14 111 130 50 20 14 34 112 123 45 128 125 98 53 72 115 0 83 78 96 26 97 118 50 28 12 43 49 117 44 101 112 93 39 69 114 16 108 77 98 134 128 125 124 126 130 136 144 153 164 120 115 111 110 112 117 123 132 142 154 108 101 97 96 98 104 111 121 132 144 95 88 83 82 85 91 99 110 122 136 83 74 69 68 71 78 88 100 114 128 72 62 55 54 58 67 78 92 106 121 62 50 42 40 46 56 69 84 100 116 54 39 29 26 34 47 63 79 95 112 49 32 17 13 25 42 58 76 93 110 47 30 13 6 23 40 58 75 92 109
84 81 47 97 64 70 51 84 41 42 97 42 63 96 20 68 83 0 15 28 70 48 40 87 56 75 42 46 37 49 74 29 55 63 29 61 83 54 18 35 96 81 68 57 50 49 53 62 75 89 89 74 59 46 37 35 41 53 67 82 85 68 52 37 24 21 30 45 61 77 82 65 48 31 14 8 23 40 58 75 83 65 48 31 15 10 24 41 58 75 85 69 52 37 26 23 31 45 61 78 90 74 60 47 38 36 42 54 67 83 96 82 69 59 52 50 55 64 76 89 104 91 80 71 65 64 68 75 85 98 114 102 92 84 79 78 81 87 96 107
77 68 53 100 61 66 49 96 49 43 110 49 49 99 7 82 78 15 0 20 62 35 52 91 51 69 41 49 50 51 87 38 41 65 15 75 75 43 4 26 109 95 82 71 63 59 60 66 76 87 102 87 73 60 51 46 47 54 65 79 97 81 65 51 39 32 34 43 57 72 93 76 60 43 28 18 22 35 51 67 92 75 57 40 23 6 13 31 48 65 92 75 58 41 25 12 17 32 49 66 95 79 62 47 34 26 28 39 54 69 100 84 69 56 45 40 41 49 61 76 106 92 78 66 58 53 55 61 71 83 114 100 88 78 71 67 68 73 82 93
93 58 43 120 79 83 69 110 43 62 123 39 40 119 25 93 96 28 20 0 76 23 53 110 68 86 60 69 50 71 102 34 33 85 27 85 91 27 20 8 121 105 91 77 65 56 51 52 59 69 116 99 84 68 55 43 37 39 47 60 112 95 78 62 46 32 24 26 37 52 110 93 75 58 41 25 11 15 31 48 110 92 75 58 41 24 8 14 30 47 111 94 77 61 45 30 20 23 35 51 115 98 82 67 52 40 34 36 45 57 119 104 89 75 62 53 48 49 56 66 126 111 97 84 73 65 61 62 68 77 133 119 106 95 85 79 75 76 80 88
17 85 115 72 24 22 34 119 110 42 135 110 73 74 55 117 26 70 62 76 0 73 108 69 18 15 38 51 107 47 108 98 68 50 50 114 15 84 60 77 139 131 124 120 118 118 122 127 134 144 127 118 111 106 104 105 108 114 123 133 116 106 98 92 90 91 95 102 111 122 105 94 85 79 76 77 82 90 100 113 95 83 73 65 62 63 69 79 91 104 87 73 61 52 48 50 57 69 82 96 80 65 51 39 34 37 47 60 75 91 75 58 43 28 20 25 38 53 70 86 73 55 38 21 6 16 33 50 67 84 73 56 39 22 10 18 34 50 68 85
90 35 62 129 83 86 76 131 64 72 144 59 17 129 36 115 97 48 35 23 73 0 76 121 70 86 69 81 73 82 122 56 11 95 32 108 88 11 33 16 143 128 113 100 88 77 70 67 68 73 137 121 105 91 77 66 57 53 54 61 132 115 99 84 69 55 45 39 41 50 128 111 95 78 62 47 33 26 29 40 126 109 92 75 58 41 25 12 18 33 126 108 91 74 57 39 22 6 14 31 127 110 93 76 59 43 28 18 22 35 130 113 96 80 64 50 38 31 34 43 134 117 102 86 72 59 50 45 47 54 139 123 109 94 81 71 63 59 60 66
121 110 30 121 99 105 84 74 20 74 83 28 93 118 58 51 118 40 52 53 108 76 0 109 93 111 75 73 4 78 70 21 85 90 67 42 120 77 56 60 77 60 43 27 12 14 30 46 63 81 77 60 42 25 9 12 29 46 63 80 79 62 46 31 20 22 34 49 65 82 83 68 53 41 34 35 43 56 71 86 90 76 63 53 48 48 54 65 78 92 98 85 74 66 61 62 67 76 87 100 108 96 86 79 75 76 80 87 97 109 118 107 99 93 89 89 93 99 108 119 129 119 112 106 103 103 106 112 120 129 141 132 125 120 117 117 120 125 132 141
63 145 130 12 46 48 46 73 121 49 87 126 128 9 87 85 50 87 91 110 69 121 109 0 58 56 52 42 109 40 64 112 121 26 89 88 65 131 91 115 95 95 98 104 112 123 134 147 161 175 81 81 85 92 101 112 125 139 153 168 67 67 71 79 90 103 116 131 146 162 53 53 59 68 80 94 109 125 141 157 39 39 46 58 72 87 103 120 136 153 25 26 36 50 66 82 99 116 133 150 12 14 29 45 62 80 97 114 131 149 10 11 28 45 62 79 97 114 131 148 22 22 34 49 65 81 98 115 132 150 35 36 43 56 70 86 102 119 135 152
28 89 103 63 14 17 17 102 97 25 118 98 74 64 44 99 28 56 51 68 18 70 93 58 0 19 21 34 92 30 91 85 67 36 42 97 27 81 49 70 122 113 107 103 102 104 109 116 125 136 110 101 94 89 88 91 96 104 114 126 99 89 80 75 74 77 84 93 104 117 89 77 68 62 60 64 72 82 95 109 80 67 55 48 46 51 60 73 87 102 73 58 44 35 32 39 51 65 81 97 68 51 35 22 19 28 43 60 76 93 65 48 31 14 6 23 40 57 74 92 66 49 32 17 12 25 41 58 75 92 70 54 39 28 25 33 46 62 78 95
11 100 121 58 15 10 29 112 115 40 128 116 87 60 63 113 12 75 69 86 15 86 111 56 19 0 37 46 110 41 101 104 82 40 59 112 11 97 68 88 133 127 122 120 120 123 128 135 144 154 121 113 108 106 106 109 115 123 132 144 108 100 94 92 92 96 102 111 122 134 97 87 81 78 78 83 90 100 112 125 86 75 67 64 64 70 79 90 103 117 76 64 54 50 51 57 68 81 95 110 67 53 42 36 37 46 59 73 89 105 61 45 31 22 24 37 52 68 84 101 58 41 24 9 14 31 48 65 82 99 58 41 24 10 15 31 48 65 82 100
47 94 88 61 24 30 10 83 81 5 99 84 77 60 36 79 43 42 41 60 38 69 75 52 21 37 0 16 74 14 72 70 70 27 38 76 47 79 41 65 102 93 87 83 84 87 94 104 115 127 91 81 73 69 70 74 82 93 105 119 81 69 60 55 56 62 71 83 97 112 72 58 47 41 42 50 61 75 90 106 65 49 36 28 29 39 53 68 85 101 60 43 27 14 17 31 48 64 81 99 59 42 24 7 11 29 46 63 81 98 61 45 29 18 20 33 49 65 82 99 66 51 39 31 32 42 55 70 86 102 74 61 51 45 46 53 64 77 92 107
57 108 91 52 32 37 18 69 82 11 84 86 91 51 47 67 49 46 49 69 51 81 73 42 34 46 16 0 73 6 57 72 83 18 50 66 57 91 50 75 88 81 76 76 79 86 96 107 120 134 77 68 63 62 66 74 85 98 112 127 66 55 49 48 53 63 76 90 105 121 56 43 35 34 41 53 68 83 100 116 49 34 22 21 31 46 62 79 96 113 46 28 12 9 25 42 60 77 94 111 46 30 14 12 27 43 60 77 95 112 51 37 26 25 34 48 64 80 97 114 59 47 40 39 45 57 70 85 101 117 69 59 53 53 58 67 79 92 107 123
119 106 27 121 98 104 83 77 17 73 86 25 89 118 56 54 117 37 50 50 107 73 4 109 92 110 74 73 0 77 72 17 82 90 64 45 118 74 53 57 80 63 46 30 15 14 28 44 61 78 80 62 45 28 11 8 25 43 60 77 81 64 48 32 20 19 30 46 62 79 85 70 55 41 33 32 40 52 67 83 91 77 64 53 46 46 51 62 75 89 99 86 74 65 60 60 64 72 84 97 108 96 86 78 74 73 77 84 94 106 118 107 98 91 88 87 90 96 105 115 129 119 111 105 102 101 104 109 117 126 141 131 124 119 116 115 117 122 129 137
52 108 95 50 27 32 14 73 86 10 88 90 91 48 48 72 44 49 51 71 47 82 78 40 30 41 14 6 77 0 62 76 83 15 51 71 52 91 52 76 93 86 82 81 84 91 100 111 123 137 81 72 68 67 71 78 89 101 115 129 69 60 54 53 58 67 79 93 107 123 59 47 40 39 45 57 70 86 101 117 51 37 26 25 35 48 64 80 97 114 46 30 15 13 27 43 60 77 95 112 46 28 12 9 25 42 60 77 94 111 49 34 22 20 31 46 62 79 96 113 56 43 35 34 41 53 68 83 99 116 65 55 48 48 53 63 75 90 105 121
111 154 99 75 87 92 75 12 88 67 27 96 136 71 88 25 101 74 87 102 108 122 70 64 91 101 72 57 72 62 0 83 127 63 96 32 112 128 90 109 33 32 40 52 67 83 99 116 132 149 20 18 30 45 62 79 96 113 130 147 11 8 25 42 60 77 94 112 129 146 16 15 28 44 61 78 95 112 129 147 29 28 36 50 65 81 98 115 131 148 42 42 48 59 72 87 103 119 135 152 56 56 60 69 81 94 109 124 140 156 70 70 74 81 91 103 116 131 146 161 84 84 87 93 102 113 125 139 153 168 99 98 101 106 114 124 135 147 161 175
113 90 19 123 93 99 80 90 12 70 100 15 73 121 45 68 112 29 38 34 98 56 21 112 85 104 70 72 17 76 83 0 66 90 52 60 111 57 41 40 95 79 62 46 32 23 25 36 51 67 93 76 59 42 25 10 14 30 47 64 93 76 59 42 25 9 14 30 47 64 95 79 62 46 32 22 24 36 51 67 99 83 68 54 42 36 37 45 58 72 105 90 76 64 54 49 50 57 67 80 112 99 86 75 67 63 64 69 78 89 121 108 97 87 80 77 77 82 89 99 130 119 108 100 94 91 91 95 101 110 141 130 120 113 107 105 105 108 114 122
85 27 73 129 81 83 76 137 75 73 151 69 9 129 40 122 93 55 41 33 68 11 85 121 67 82 70 83 82 83 127 66 0 96 34 115 83 19 38 27 150 135 121 109 97 88 81 77 78 82 143 128 113 99 86 76 68 64 64 69 137 121 106 91 77 65 55 50 51 57 133 116 100 84 69 55 43 36 37 46 130 113 96 79 63 47 32 23 25 36 128 111 94 76 59 42 25 10 14 30 128 111 93 76 59 42 25 9 13 30 129 112 95 79 62 46 31 21 23 35 132 116 99 83 68 54 42 35 36 44 137 121 105 90 76 63 54 48 49 56
50 120 108 35 26 31 21 73 100 24 89 104 103 34 62 77 39 63 65 85 50 95 90 26 36 40 27 18 90 15 63 90 96 0 64 78 51 105 66 90 95 90 89 90 95 103 113 125 137 151 82 76 74 77 83 91 103 115 129 143 69 62 60 63 70 81 93 107 121 137 57 49 46 50 59 71 85 100 115 131 46 36 32 37 49 63 78 94 111 127 38 24 18 26 41 57 74 91 108 125 33 16 4 20 37 54 72 89 106 123 35 19 12 23 39 55 72 90 107 124 42 30 26 32 45 60 76 92 109 126 52 43 40 44 54 67 81 97 113 129
66 60 67 98 54 58 45 106 63 41 120 62 42 98 9 93 69 29 15 27 50 32 67 89 42 59 38 50 64 51 96 52 34 64 0 88 64 42 12 29 121 107 95 85 78 74 74 78 85 95 112 98 85 74 65 60 60 65 74 85 106 90 76 63 52 46 46 53 63 76 100 84 68 54 41 33 33 41 54 69 97 80 63 47 31 20 20 32 48 64 95 78 61 43 26 9 10 27 44 62 96 79 61 45 28 14 14 29 46 62 98 82 65 50 36 26 27 36 51 66 103 87 72 58 47 40 40 47 59 72 109 94 80 68 59 53 54 59 68 81
122 142 72 99 97 103 83 33 62 73 41 70 123 95 79 9 114 61 75 85 114 108 42 88 97 112 76 66 45 71 32 60 115 78 88 0 122 112 79 93 36 21 11 21 37 54 71 88 105 122 35 18 4 19 36 53 70 87 105 122 39 25 18 25 40 56 72 89 106 123 47 36 32 37 48 62 77 93 109 126 58 49 46 50 58 70 84 99 114 130 70 63 60 63 70 80 92 106 120 136 82 77 75 77 82 91 102 114 128 142 95 91 89 90 95 103 112 124 136 150 109 104 103 104 108 115 124 134 146 158 122 118 117 118 122 127 135 145 156 168
3 98 128 66 26 21 40 123 123 50 139 123 87 68 69 123 16 83 75 91 15 88 120 65 27 11 47 57 118 52 112 111 83 51 64 122 0 99 73 92 144 137 132 129 129 131 135 141 149 158 131 124 118 115 115 117 122 128 137 147 119 111 105 101 101 103 109 116 126 137 107 98 91 87 87 90 96 104 115 127 96 86 78 73 73 76 84 93 105 118 86 74 65 60 59 63 72 83 96 110 77 63 52 46 45 51 61 74 89 104 69 54 41 32 31 39 52 67 83 99 64 48 32 19 18 30 45 62 79 96 62 45 28 11 8 25 42 60 77 94
101 34 60 139 94 97 86 137 63 82 150 57 21 139 45 119 108 54 43 27 84 11 77 131 81 97 79 91 74 91 128 57 19 105 42 112 99 0 41 19 147 132 116 102 88 77 67 61 60 63 142 126 110 94 80 66 55 48 46 51 138 121 105 88 73 58 44 35 32 39 136 118 101 84 68 51 35 22 19 29 134 117 100 82 65 48 31 14 7 23 135 117 100 83 66 49 32 16 11 24 136 119 102 86 69 53 39 27 24 33 140 123 107 91 75 61 48 40 38 44 144 128 112 97 83 70 60 53 52 56 150 134 119 105 92 81 72 67 65 69
75 65 56 101 60 65 49 99 52 43 113 51 46 100 5 85 77 18 4 20 60 33 56 91 49 68 41 50 53 52 90 41 38 66 12 79 73 41 0 25 113 99 86 75 67 63 63 68 77 88 106 90 76 64 54 49 49 56 66 79 100 84 68 54 42 35 36 44 57 71 96 79 62 46 32 22 23 35 50 66 94 77 59 42 25 10 13 29 46 63 94 77 60 43 26 11 14 29 46 63 96 80 63 47 33 23 25 36 51 67 100 85 69 55 44 37 38 46 58 72 106 91 78 65 56 51 51 57 67 80 114 100 87 77 69 64 65 70 78 89
94 50 47 125 82 86 73 118 48 67 131 43 33 124 29 100 98 35 26 8 77 16 60 115 70 88 65 75 57 76 109 40 27 90 29 93 92 19 25 0 128 113 98 84 72 62 55 54 58 67 123 107 91 76 62 50 42 40 46 56 119 103 86 70 54 40 29 27 35 48 117 100 83 66 49 32 17 13 26 42 117 99 82 65 47 30 13 6 23 40 118 100 83 67 50 34 21 17 28 43 120 104 87 71 56 42 33 31 38 50 125 109 93 78 65 53 46 44 49 59 130 115 100 87 75 65 59 58 62 70 137 123 109 97 86 78 73 72 75 82
143 176 106 105 118 124 106 23 96 98 12 105 158 101 112 29 134 96 109 121 139 143 77 95 122 133 102 88 80 93 33 95 150 95 121 36 144 147 113 128 0 18 35 52 70 87 104 122 139 156 15 23 38 54 71 88 105 122 140 157 29 34 45 60 75 91 108 125 142 159 43 47 55 68 82 97 113 129 145 162 58 60 67 77 90 104 119 134 150 166 72 74 80 88 99 112 126 140 156 171 86 88 93 100 110 122 134 148 162 177 100 102 106 112 121 132 144 156 170 184 115 116 119 125 133 143 154 166 179 192 129 130 133 138 145 154 164 176 188 201
137 162 89 106 112 117 98 27 79 89 26 88 143 102 99 15 128 81 95 105 131 128 60 95 113 127 93 81 63 86 32 79 135 90 107 21 137 132 99 113 18 0 18 35 52 70 87 104 122 139 23 15 23 38 54 71 88 105 122 140 34 29 34 45 60 75 91 108 125 142 47 43 46 55 67 82 97 112 129 145 60 57 60 67 77 90 104 118 134 150 74 72 73 79 88 99 112 126 140 155 88 86 87 92 100 110 121 134 148 162 102 100 101 105 112 121 131 143 156 170 116 114 115 119 125 133 142 153 165 178 130 128 129 132 138 145 154 164 175 187
132 147 72 110 107 113 93 39 62 83 42 71 129 106 87 15 125 68 82 91 124 113 43 98 107 122 87 76 46 82 40 62 121 89 95 11 132 116 86 98 35 18 0 18 35 52 70 87 104 122 38 23 15 23 38 54 71 88 105 122 45 34 29 34 45 60 75 91 108 125 55 46 43 46 55 67 81 97 112 129 67 60 57 60 67 77 90 104 118 134 80 73 71 73 79 88 99 112 126 140 93 87 85 87 92 99 109 121 134 148 106 101 99 101 105 112 121 131 143 156 119 115 114 115 118 124 132 142 153 165 133 129 128 129 132 137 144 153 163 175
130 134 55 116 106 112 91 54 45 80 59 54 116 112 77 29 124 57 71 77 120 100 27 104 103 120 83 76 30 81 52 46 109 90 85 21 129 102 75 84 52 35 18 0 18 35 52 70 87 104 54 38 23 15 23 38 54 71 88 105 60 45 34 29 33 45 59 75 91 108 68 55 46 43 46 55 67 81 97 112 77 67 60 57 59 66 77 89 103 118 88 79 73 71 73 79 88 99 112 125 100 92 87 85 87 91 99 109 121 134 112 105 101 99 100 105 111 120 131 143 125 119 115 113 114 118 124 132 141 152 138 132 129 127 128 131 137 144 153 163
130 121 38 124 107 113 92 70 29 82 76 37 104 121 69 46 126 50 63 65 118 88 12 112 102 120 84 79 15 84 67 32 97 95 78 37 129 88 67 72 70 52 35 18 0 18 35 52 70 87 71 54 38 23 15 23 38 54 71 88 75 60 45 33 29 33 45 59 75 91 82 67 55 46 43 46 55 67 81 96 90 77 67 59 57 59 66 77 89 103 99 88 79 73 71 73 78 87 99 111 110 100 92 87 85 86 91 99 109 120 121 112 105 100 99 100 104 111 120 130 133 125 118 114 113 114 117 123 131 141 145 138 132 128 127 127 131 136 143 152
132 110 21 134 111 117 96 87 14 86 94 22 94 131 66 63 130 49 59 56 118 77 14 123 104 123 87 86 14 91 83 23 88 103 74 54 131 77 63 62 87 70 52 35 18 0 18 35 52 70 88 71 54 38 23 14 23 38 54 71 91 75 60 45 33 28 33 45 59 75 97 82 67 55 46 42 46 55 67 81 104 90 77 66 59 56 59 66 76 89 112 99 88 79 73 70 72 78 87 98 122 110 99 91 86 84 86 91 98 108 132 121 112 105 100 98 99 104 110 119 143 133 124 118 114 112 113 117 123 131 154 145 137 131 127 126 127 130 135 143
136 100 8 146 117 123 104 103 14 94 111 13 86 143 67 80 136 53 60 51 122 70 30 134 109 128 94 96 28 100 99 25 81 113 74 71 135 67 63 55 104 87 70 52 35 18 0 18 35 52 105 88 71 54 38 23 14 23 38 54 108 91 75 59 45 33 28 33 45 59 113 97 81 67 55 46 42 46 54 67 119 104 90 77 66 59 56 59 66 76 126 112 99 88 78 72 70 72 78 87 134 121 109 99 91 86 84 85 90 98 144 131 121 111 104 99 98 99 103 110 154 142 132 124 117 113 112 113 116 122 164 154 144 137 131 127 125 126 130 135
143 93 18 158 126 131 113 120 28 104 128 22 82 156 73 97 144 62 66 52 127 67 46 147 116 135 104 107 44 111 116 36 77 125 78 88 141 61 68 54 122 104 87 70 52 35 18 0 18 35 122 105 88 71 54 38 23 14 23 38 125 108 91 75 59 45 33 28 33 45 129 112 97 81 67 55 46 42 45 54 134 118 104 89 77 66 59 56 58 65 140 126 112 99 87 78 72 70 72 77 148 134 121 109 99 91 85 83 85 90 156 143 131 120 111 104 99 97 99 103 166 153 142 132 123 117 113 111 112 116 176 164 153 144 136 130 126 125 126 129
151 89 34 171 136 141 124 137 45 116 145 37 80 170 82 114 153 75 76 59 134 68 63 161 125 144 115 120 61 123 132 51 78 137 85 105 149 60 77 58 139 122 104 87 70 52 35 18 0 18 140 122 105 88 71 54 38 23 14 23 142 125 108 91 75 59 45 33 28 33 145 129 112 97 81 67 54 45 42 45 150 134 118 103 89 76 66 58 55 58 156 140 126 112 99 87 78 72 69 71 162 148 134 121 109 98 90 85 83 85 170 156 143 131 120 110 103 99 97 98 179 165 153 141 131 123 116 112 110 112 188 175 163 153 143 135 130 126 124 125
160 88 51 185 147 152 136 155 62 129 163 54 83 184 93 131 164 89 87 69 144 73 81 175 136 154 127 134 78 137 149 67 82 151 95 122 158 63 88 67 156 139 122 104 87 70 52 35 18 0 157 140 122 105 88 71 54 38 23 14 159 142 125 108 91 75 59 45 33 28 162 145 129 112 96 81 67 54 45 42 166 150 134 118 103 89 76 65 58 55 171 155 140 125 111 98 87 77 71 69 177 162 148 134 120 108 98 90 85 83 184 170 156 143 130 119 110 103 98 96 192 178 165 152 141 131 122 116 112 110 201 187 175 163 152 143 135 129 125 124
131 170 106 91 106 111 94 9 96 86 8 104 151 86 105 26 120 89 102 116 127 137 77 81 110 121 91 77 80 81 20 93 143 82 112 35 131 142 106 123 15 23 38 54 71 88 105 122 140 157 0 18 35 52 70 87 104 122 139 156 15 23 38 54 71 88 105 122 140 157 29 34 45 60 75 91 108 125 142 159 43 47 55 68 82 97 113 129 145 162 58 60 67 77 90 104 119 134 150 166 72 74 80 88 99 112 126 140 156 171 86 88 93 100 110 122 134 148 162 177 100 102 106 112 121 132 144 156 170 184 115 116 119 125 133 143 154 166 179 192
123 154 89 92 98 104 85 17 79 76 24 87 136 88 90 9 115 74 87 99 118 121 60 81 101 113 81 68 62 72 18 76 128 76 98 18 124 126 90 107 23 15 23 38 54 71 88 105 122 140 18 0 18 35 52 70 87 104 122 139 23 15 23 38 54 71 88 105 122 140 34 29 34 45 60 75 91 108 125 142 47 43 46 55 67 82 97 112 129 145 60 57 60 67 77 90 104 118 134 150 74 72 73 79 88 99 112 126 140 155 88 86 87 92 100 110 121 134 148 162 102 100 101 105 112 121 131 143 156 170 116 114 115 119 125 133 142 153 165 178
118 139 72 96 93 99 79 33 61 69 42 70 121 92 76 10 111 59 73 84 111 105 42 85 94 108 73 63 45 68 30 59 113 74 85 4 118 110 76 91 38 23 15 23 38 54 71 88 105 122 35 18 0 18 35 52 70 87 104 122 38 23 15 23 38 54 71 88 105 122 45 34 29 34 45 60 75 91 108 125 55 46 43 46 55 67 81 97 112 129 67 60 57 60 67 77 90 104 118 134 80 73 71 73 79 88 99 112 126 140 93 87 85 87 92 99 109 121 134 148 106 101 99 101 105 112 121 131 143 156 119 115 114 115 118 124 132 142 153 165
116 125 54 103 92 98 77 50 44 66 59 52 107 100 65 27 110 46 60 68 106 91 25 92 89 106 69 62 28 67 45 42 99 77 74 19 115 94 64 76 54 38 23 15 23 38 54 71 88 105 52 35 18 0 18 35 52 70 87 104 54 38 23 15 23 38 54 71 88 105 60 45 34 29 33 45 59 75 91 108 68 55 46 43 46 55 67 81 97 112 77 67 60 57 59 66 77 89 103 118 88 79 73 71 73 79 88 99 112 125 100 92 87 85 87 91 99 109 121 134 112 105 101 99 100 105 111 120 131 143 125 119 115 113 114 118 124 132 141 152
116 112 37 113 93 99 78 67 27 68 76 35 94 110 56 44 112 37 51 55 104 77 9 101 88 106 70 66 11 71 62 25 86 83 65 36 115 80 54 62 71 54 38 23 15 23 38 54 71 88 70 52 35 18 0 18 35 52 70 87 71 54 38 23 15 23 38 54 71 88 75 60 45 33 29 33 45 59 75 91 82 67 55 46 43 46 55 67 81 96 90 77 67 59 57 59 66 77 89 103 99 88 79 73 71 73 78 87 99 111 110 100 92 87 85 86 91 99 109 120 121 112 105 100 99 100 104 111 120 130 133 125 118 114 113 114 117 123 131 141
118 99 20 124 98 103 83 84 10 73 93 18 83 121 52 62 117 35 46 43 105 66 12 112 91 109 74 74 8 78 79 10 76 91 60 53 117 66 49 50 88 71 54 38 23 14 23 38 54 71 87 70 52 35 18 0 18 35 52 70 88 71 54 38 23 14 23 38 54 71 91 75 60 45 33 28 33 45 59 75 97 82 67 55 46 42 46 55 67 81 104 90 77 66 59 56 59 66 76 89 112 99 88 79 73 70 72 78 87 98 122 110 99 91 86 84 86 91 98 108 132 121 112 105 100 98 99 104 110 119 143 133 124 118 114 112 113 117 123 131
123 89 7 136 105 110 92 101 10 82 111 2 74 134 54 79 123 41 47 37 108 57 29 125 96 115 82 85 25 89 96 14 68 103 60 70 122 55 49 42 105 88 71 54 38 23 14 23 38 54 104 87 70 52 35 18 0 18 35 52 105 88 71 54 38 23 14 23 38 54 108 91 75 59 45 33 28 33 45 59 113 97 81 67 55 46 42 46 54 67 119 104 90 77 66 59 56 59 66 76 126 112 99 88 78 72 70 72 78 87 134 121 109 99 91 86 84 85 90 98 144 131 121 111 104 99 98 99 103 110 154 142 132 124 117 113 112 113 116 122
130 80 17 149 114 119 102 119 26 94 128 18 68 147 61 96 132 53 54 39 114 53 46 139 104 123 93 98 43 101 113 30 64 115 65 87 128 48 56 40 122 105 88 71 54 38 23 14 23 38 122 104 87 70 52 35 18 0 18 35 122 105 88 71 54 38 23 14 23 38 125 108 91 75 59 45 33 28 33 45 129 112 97 81 67 55 46 42 45 54 134 118 104 89 77 66 59 56 58 65 140 126 112 99 87 78 72 70 72 77 148 134 121 109 99 91 85 83 85 90 156 143 131 120 111 104 99 97 99 103 166 153 142 132 123 117 113 111 112 116
139 75 34 163 126 130 114 136 44 107 145 35 66 162 71 113 142 67 65 47 123 54 63 153 114 132 105 112 60 115 130 47 64 129 74 105 137 46 66 46 140 122 105 88 71 54 38 23 14 23 139 122 104 87 70 52 35 18 0 18 140 122 105 88 71 54 38 23 14 23 142 125 108 91 75 59 45 33 28 33 145 129 112 97 81 67 54 45 42 45 150 134 118 103 89 76 66 58 55 58 156 140 126 112 99 87 78 72 69 71 162 148 134 121 109 98 90 85 83 85 170 156 143 131 120 110 103 99 97 98 179 165 153 141 131 123 116 112 110 112
149 74 51 178 138 142 128 153 61 121 162 52 69 177 84 131 154 82 79 60 133 61 80 168 126 144 119 127 77 129 147 64 69 143 85 122 147 51 79 56 157 140 122 105 88 71 54 38 23 14 156 139 122 104 87 70 52 35 18 0 157 140 122 105 88 71 54 38 23 14 159 142 125 108 91 75 59 45 33 28 162 145 129 112 96 81 67 54 45 42 166 150 134 118 103 89 76 65 58 55 171 155 140 125 111 98 87 77 71 69 177 162 148 134 120 108 98 90 85 83 184 170 156 143 130 119 110 103 98 96 192 178 165 152 141 131 122 116 112 110
118 164 108 77 94 99 83 8 98 76 21 105 146 72 98 31 108 85 97 112 116 132 79 67 99 108 81 66 81 69 11 93 137 69 106 39 119 138 100 119 29 34 45 60 75 91 108 125 142 159 15 23 38 54 71 88 105 122 140 157 0 18 35 52 70 87 104 122 139 156 15 23 38 54 71 88 105 122 140 157 29 34 45 60 75 91 108 125 142 159 43 47 55 68 82 97 113 129 145 162 58 60 67 77 90 104 119 134 150 166 72 74 80 88 99 112 126 140 156 171 86 88 93 100 110 122 134 148 162 177 100 102 106 112 121 132 144 156 170 184
110 148 91 78 85 91 73 16 81 64 31 88 130 74 83 19 101 68 81 95 106 115 62 67 89 100 69 55 64 60 8 76 121 62 90 25 111 121 84 103 34 29 34 45 60 75 91 108 125 142 23 15 23 38 54 71 88 105 122 140 18 0 18 35 52 70 87 104 122 139 23 15 23 38 54 71 88 105 122 140 34 29 34 45 60 75 91 108 125 142 47 43 46 55 67 82 97 112 129 145 60 57 60 67 77 90 104 118 134 150 74 72 73 79 88 99 112 126 140 155 88 86 87 92 100 110 121 134 148 162 102 100 101 105 112 121 131 143 156 170
105 133 74 83 80 86 66 33 64 56 46 71 114 79 68 19 97 52 65 78 98 99 46 71 80 94 60 49 48 54 25 59 106 60 76 18 105 105 68 86 45 34 29 34 45 60 75 91 108 125 38 23 15 23 38 54 71 88 105 122 35 18 0 18 35 52 70 87 104 122 38 23 15 23 38 54 71 88 105 122 45 34 29 34 45 60 75 91 108 125 55 46 43 46 55 67 81 97 112 129 67 60 57 60 67 77 90 104 118 134 80 73 71 73 79 88 99 112 126 140 93 87 85 87 92 99 109 121 134 148 106 101 99 101 105 112 121 131 143 156
102 117 58 91 78 84 63 50 48 52 62 55 99 88 54 32 96 37 51 62 92 84 31 79 75 92 55 48 32 53 42 42 91 63 63 25 101 88 54 70 60 45 34 29 33 45 59 75 91 108 54 38 23 15 23 38 54 71 88 105 52 35 18 0 18 35 52 70 87 104 54 38 23 15 23 38 54 71 88 105 60 45 34 29 33 45 59 75 91 108 68 55 46 43 46 55 67 81 97 112 77 67 60 57 59 66 77 89 103 118 88 79 73 71 73 79 88 99 112 125 100 92 87 85 87 91 99 109 121 134 112 105 101 99 100 105 111 120 131 143
102 103 42 102 79 85 65 67 32 54 78 38 85 99 44 47 98 24 39 46 90 69 20 90 74 92 56 53 20 58 60 25 77 70 52 40 101 73 42 54 75 60 45 33 29 33 45 59 75 91 71 54 38 23 15 23 38 54 71 88 70 52 35 18 0 18 35 52 70 87 71 54 38 23 15 23 38 54 71 88 75 60 45 33 29 33 45 59 75 91 82 67 55 46 43 46 55 67 81 96 90 77 67 59 57 59 66 77 89 103 99 88 79 73 71 73 78 87 99 111 110 100 92 87 85 86 91 99 109 120 121 112 105 100 99 100 104 111 120 130
105 89 28 114 85 90 71 84 20 61 95 24 72 112 38 64 104 21 32 32 91 55 22 103 77 96 62 63 19 67 77 9 65 81 46 56 103 58 35 40 91 75 60 45 33 28 33 45 59 75 88 71 54 38 23 14 23 38 54 71 87 70 52 35 18 0 18 35 52 70 88 71 54 38 23 14 23 38 54 71 91 75 60 45 33 28 33 45 59 75 97 82 67 55 46 42 46 55 67 81 104 90 77 66 59 56 59 66 76 89 112 99 88 79 73 70 72 78 87 98 122 110 99 91 86 84 86 91 98 108 132 121 112 105 100 98 99 104 110 119
110 77 21 127 93 98 80 101 20 72 112 16 61 125 41 80 111 30 34 24 95 45 34 116 84 102 71 76 30 79 94 14 55 93 46 72 109 44 36 29 108 91 75 59 45 33 28 33 45 59 105 88 71 54 38 23 14 23 38 54 104 87 70 52 35 18 0 18 35 52 105 88 71 54 38 23 14 23 38 54 108 91 75 59 45 33 28 33 45 59 113 97 81 67 55 46 42 46 54 67 119 104 90 77 66 59 56 59 66 76 126 112 99 88 78 72 70 72 78 87 134 121 109 99 91 86 84 85 90 98 144 131 121 111 104 99 98 99 103 110
118 68 26 141 104 108 92 119 32 85 129 24 55 140 49 97 121 45 43 26 102 39 49 131 93 111 83 90 46 93 112 30 50 107 53 89 116 35 44 27 125 108 91 75 59 45 33 28 33 45 122 105 88 71 54 38 23 14 23 38 122 104 87 70 52 35 18 0 18 35 122 105 88 71 54 38 23 14 23 38 125 108 91 75 59 45 33 28 33 45 129 112 97 81 67 55 46 42 45 54 134 118 104 89 77 66 59 56 58 65 140 126 112 99 87 78 72 70 72 77 148 134 121 109 99 91 85 83 85 90 156 143 131 120 111 104 99 97 99 103
128 62 39 156 116 120 106 136 47 99 146 38 53 155 62 115 132 61 57 37 111 41 65 146 104 122 97 105 62 107 129 47 51 121 63 106 126 32 57 35 142 125 108 91 75 59 45 33 28 33 140 122 105 88 71 54 38 23 14 23 139 122 104 87 70 52 35 18 0 18 140 122 105 88 71 54 38 23 14 23 142 125 108 91 75 59 45 33 28 33 145 129 112 97 81 67 54 45 42 45 150 134 118 103 89 76 66 58 55 58 156 140 126 112 99 87 78 72 69 71 162 148 134 121 109 98 90 85 83 85 170 156 143 131 120 110 103 99 97 98
139 60 55 172 129 133 120 153 63 114 163 55 56 170 76 132 144 77 72 52 122 50 82 162 117 134 112 121 79 123 146 64 57 137 76 123 137 39 71 48 159 142 125 108 91 75 59 45 33 28 157 140 122 105 88 71 54 38 23 14 156 139 122 104 87 70 52 35 18 0 157 140 122 105 88 71 54 38 23 14 159 142 125 108 91 75 59 45 33 28 162 145 129 112 96 81 67 54 45 42 166 150 134 118 103 89 76 65 58 55 171 155 140 125 111 98 87 77 71 69 177 162 148 134 120 108 98 90 85 83 184 170 156 143 130 119 110 103 98 96
106 159 111 63 82 87 73 22 101 67 35 108 141 58 94 41 95 82 93 110 105 128 83 53 89 97 72 56 85 59 16 95 133 57 100 47 107 136 96 117 43 47 55 68 82 97 113 129 145 162 29 34 45 60 75 91 108 125 142 159 15 23 38 54 71 88 105 122 140 157 0 18 35 52 70 87 104 122 139 156 15 23 38 54 71 88 105 122 140 157 29 34 45 60 75 91 108 125 142 159 43 47 55 68 82 97 113 129 145 162 58 60 67 77 90 104 119 134 150 166 72 74 80 88 99 112 126 140 156 171 86 88 93 100 110 122 134 148 162 177
97 143 95 64 73 78 61 26 85 54 41 92 125 60 77 32 88 65 76 93 94 111 68 53 77 87 58 43 70 47 15 79 116 49 84 36 98 118 79 100 47 43 46 55 67 82 97 112 129 145 34 29 34 45 60 75 91 108 125 142 23 15 23 38 54 71 88 105 122 140 18 0 18 35 52 70 87 104 122 139 23 15 23 38 54 71 88 105 122 140 34 29 34 45 60 75 91 108 125 142 47 43 46 55 67 82 97 112 129 145 60 57 60 67 77 90 104 118 134 150 74 72 73 79 88 99 112 126 140 155 88 86 87 92 100 110 121 134 148 162
91 127 79 70 66 72 52 38 69 43 53 76 108 67 61 33 83 48 60 75 85 95 53 59 68 81 47 35 55 40 28 62 100 46 68 32 91 101 62 83 55 46 43 46 55 67 81 97 112 129 45 34 29 34 45 60 75 91 108 125 38 23 15 23 38 54 71 88 105 122 35 18 0 18 35 52 70 87 104 122 38 23 15 23 38 54 71 88 105 122 45 34 29 34 45 60 75 91 108 125 55 46 43 46 55 67 81 97 112 129 67 60 57 60 67 77 90 104 118 134 80 73 71 73 79 88 99 112 126 140 93 87 85 87 92 99 109 121 134 148
88 111 64 80 64 70 49 53 54 38 67 60 92 77 45 41 82 31 43 58 79 78 41 68 62 78 41 34 41 39 44 46 84 50 54 37 87 84 46 66 68 55 46 43 46 55 67 81 97 112 60 45 34 29 33 45 59 75 91 108 54 38 23 15 23 38 54 71 88 105 52 35 18 0 18 35 52 70 87 104 54 38 23 15 23 38 54 71 88 105 60 45 34 29 33 45 59 75 91 108 68 55 46 43 46 55 67 81 97 112 77 67 60 57 59 66 77 89 103 118 88 79 73 71 73 79 88 99 112 125 100 92 87 85 87 91 99 109 121 134
88 95 50 92 66 72 51 70 42 41 83 46 77 89 32 54 85 14 28 41 76 62 34 80 60 78 42 41 33 45 61 32 69 59 41 48 87 68 32 49 82 67 55 46 43 46 55 67 81 96 75 60 45 33 29 33 45 59 75 91 71 54 38 23 15 23 38 54 71 88 70 52 35 18 0 18 35 52 70 87 71 54 38 23 15 23 38 54 71 88 75 60 45 33 29 33 45 59 75 91 82 67 55 46 43 46 55 67 81 96 90 77 67 59 57 59 66 77 89 103 99 88 79 73 71 73 78 87 99 111 110 100 92 87 85 86 91 99 109 120
91 81 39 105 72 78 59 86 33 50 99 35 63 103 25 69 91 8 18 25 77 47 35 94 64 83 50 53 32 57 78 22 55 71 33 62 90 51 22 32 97 82 67 55 46 42 46 55 67 81 91 75 60 45 33 28 33 45 59 75 88 71 54 38 23 14 23 38 54 71 87 70 52 35 18 0 18 35 52 70 88 71 54 38 23 14 23 38 54 71 91 75 60 45 33 28 33 45 59 75 97 82 67 55 46 42 46 55 67 81 104 90 77 66 59 56 59 66 76 89 112 99 88 79 73 70 72 78 87 98 122 110 99 91 86 84 86 91 98 108
98 67 34 119 82 87 70 103 33 62 115 30 50 118 28 84 99 23 22 11 82 33 43 109 72 90 61 68 40 70 95 24 43 85 33 77 96 35 23 17 113 97 81 67 55 46 42 46 54 67 108 91 75 59 45 33 28 33 45 59 105 88 71 54 38 23 14 23 38 54 104 87 70 52 35 18 0 18 35 52 105 88 71 54 38 23 14 23 38 54 108 91 75 59 45 33 28 33 45 59 113 97 81 67 55 46 42 46 54 67 119 104 90 77 66 59 56 59 66 76 126 112 99 88 78 72 70 72 78 87 134 121 109 99 91 86 84 85 90 98
106 56 38 134 94 98 83 120 41 77 132 35 41 133 40 101 110 40 35 15 90 26 56 125 82 100 75 83 52 86 112 36 36 100 41 93 104 22 35 13 129 112 97 81 67 55 46 42 45 54 125 108 91 75 59 45 33 28 33 45 122 105 88 71 54 38 23 14 23 38 122 104 87 70 52 35 18 0 18 35 122 105 88 71 54 38 23 14 23 38 125 108 91 75 59 45 33 28 33 45 129 112 97 81 67 55 46 42 45 54 134 118 104 89 77 66 59 56 58 65 140 126 112 99 87 78 72 70 72 77 148 134 121 109 99 91 85 83 85 90
117 48 48 150 107 111 98 137 54 92 149 46 39 149 54 117 122 58 51 31 100 29 71 141 95 112 90 100 67 101 129 51 37 115 54 109 115 19 50 26 145 129 112 97 81 67 54 45 42 45 142 125 108 91 75 59 45 33 28 33 140 122 105 88 71 54 38 23 14 23 139 122 104 87 70 52 35 18 0 18 140 122 105 88 71 54 38 23 14 23 142 125 108 91 75 59 45 33 28 33 145 129 112 97 81 67 54 45 42 45 150 134 118 103 89 76 66 58 55 58 156 140 126 112 99 87 78 72 69 71 162 148 134 121 109 98 90 85 83 85
129 47 61 166 122 125 113 154 68 108 166 60 44 165 70 134 136 75 67 48 113 40 86 157 109 125 106 116 83 117 147 67 46 131 69 126 127 29 66 42 162 145 129 112 96 81 67 54 45 42 159 142 125 108 91 75 59 45 33 28 157 140 122 105 88 71 54 38 23 14 156 139 122 104 87 70 52 35 18 0 157 140 122 105 88 71 54 38 23 14 159 142 125 108 91 75 59 45 33 28 162 145 129 112 96 81 67 54 45 42 166 150 134 118 103 89 76 65 58 55 171 155 140 125 111 98 87 77 71 69 177 162 148 134 120 108 98 90 85 83
95 156 117 48 72 76 64 36 106 60 49 113 138 44 91 52 83 83 92 110 95 126 90 39 80 86 65 49 91 51 29 99 130 46 97 58 96 134 94 117 58 60 67 77 90 104 119 134 150 166 43 47 55 68 82 97 113 129 145 162 29 34 45 60 75 91 108 125 142 159 15 23 38 54 71 88 105 122 140 157 0 18 35 52 70 87 104 122 139 156 15 23 38 54 71 88 105 122 140 157 29 34 45 60 75 91 108 125 142 159 43 47 55 68 82 97 113 129 145 162 58 60 67 77 90 104 119 134 150 166 72 74 80 88 99 112 126 140 156 171
85 139 101 51 61 65 50 38 91 45 54 97 121 47 74 46 74 65 75 92 83 109 76 39 67 75 49 34 77 37 28 83 113 36 80 49 86 117 77 99 60 57 60 67 77 90 104 118 134 150 47 43 46 55 67 82 97 112 129 145 34 29 34 45 60 75 91 108 125 142 23 15 23 38 54 71 88 105 122 140 18 0 18 35 52 70 87 104 122 139 23 15 23 38 54 71 88 105 122 140 34 29 34 45 60 75 91 108 125 142 47 43 46 55 67 82 97 112 129 145 60 57 60 67 77 90 104 118 134 150 74 72 73 79 88 99 112 126 140 155
78 122 86 58 52 58 39 48 77 31 63 82 104 55 57 46 69 48 57 75 73 92 63 46 55 67 36 22 64 26 36 68 96 32 63 46 78 100 59 82 67 60 57 60 67 77 90 104 118 134 55 46 43 46 55 67 81 97 112 129 45 34 29 34 45 60 75 91 108 125 38 23 15 23 38 54 71 88 105 122 35 18 0 18 35 52 70 87 104 122 38 23 15 23 38 54 71 88 105 122 45 34 29 34 45 60 75 91 108 125 55 46 43 46 55 67 81 97 112 129 67 60 57 60 67 77 90 104 118 134 80 73 71 73 79 88 99 112 126 140
74 106 73 69 49 55 35 60 64 24 76 68 87 67 40 52 68 31 40 58 65 75 53 58 48 64 28 21 53 25 50 54 79 37 47 50 73 82 42 65 77 67 60 57 59 66 77 89 103 118 68 55 46 43 46 55 67 81 97 112 60 45 34 29 33 45 59 75 91 108 54 38 23 15 23 38 54 71 88 105 52 35 18 0 18 35 52 70 87 104 54 38 23 15 23 38 54 71 88 105 60 45 34 29 33 45 59 75 91 108 68 55 46 43 46 55 67 81 97 112 77 67 60 57 59 66 77 89 103 118 88 79 73 71 73 79 88 99 112 125
74 89 61 83 52 58 38 75 53 28 90 56 71 81 24 63 71 15 23 41 62 58 48 72 46 64 29 31 46 35 65 42 63 49 31 58 73 65 25 47 90 77 67 59 57 59 66 77 89 103 82 67 55 46 43 46 55 67 81 96 75 60 45 33 29 33 45 59 75 91 71 54 38 23 15 23 38 54 71 88 70 52 35 18 0 18 35 52 70 87 71 54 38 23 15 23 38 54 71 88 75 60 45 33 29 33 45 59 75 91 82 67 55 46 43 46 55 67 81 96 90 77 67 59 57 59 66 77 89 103 99 88 79 73 71 73 78 87 99 111
78 74 52 97 60 65 48 91 47 40 105 47 55 96 11 76 78 10 6 24 63 41 48 87 51 70 39 46 46 48 81 36 47 63 20 70 76 48 10 30 104 90 77 66 59 56 59 66 76 89 97 82 67 55 46 42 46 55 67 81 91 75 60 45 33 28 33 45 59 75 88 71 54 38 23 14 23 38 54 71 87 70 52 35 18 0 18 35 52 70 88 71 54 38 23 14 23 38 54 71 91 75 60 45 33 28 33 45 59 75 97 82 67 55 46 42 46 55 67 81 104 90 77 66 59 56 59 66 76 89 112 99 88 79 73 70 72 78 87 98
85 58 48 113 72 76 61 107 47 55 120 44 40 112 17 91 88 24 13 8 69 25 54 103 60 79 53 62 51 64 98 37 32 78 20 84 84 31 13 13 119 104 90 77 66 59 56 59 66 76 113 97 81 67 55 46 42 46 54 67 108 91 75 59 45 33 28 33 45 59 105 88 71 54 38 23 14 23 38 54 104 87 70 52 35 18 0 18 35 52 105 88 71 54 38 23 14 23 38 54 108 91 75 59 45 33 28 33 45 59 113 97 81 67 55 46 42 46 54 67 119 104 90 77 66 59 56 59 66 76 126 112 99 88 78 72 70 72 78 87
95 45 51 129 85 89 76 123 53 71 136 47 29 128 33 106 100 41 31 14 79 12 65 120 73 90 68 79 62 80 115 45 23 94 32 99 93 14 29 6 134 118 104 89 77 66 59 56 58 65 129 112 97 81 67 55 46 42 45 54 125 108 91 75 59 45 33 28 33 45 122 105 88 71 54 38 23 14 23 38 122 104 87 70 52 35 18 0 18 35 122 105 88 71 54 38 23 14 23 38 125 108 91 75 59 45 33 28 33 45 129 112 97 81 67 55 46 42 45 54 134 118 104 89 77 66 59 56 58 65 140 126 112 99 87 78 72 70 72 77
107 35 58 145 100 103 92 140 63 88 153 56 25 144 50 122 114 58 48 30 91 18 78 136 87 103 85 96 75 97 131 58 25 111 48 114 105 7 46 23 150 134 118 103 89 76 66 58 55 58 145 129 112 97 81 67 54 45 42 45 142 125 108 91 75 59 45 33 28 33 140 122 105 88 71 54 38 23 14 23 139 122 104 87 70 52 35 18 0 18 140 122 105 88 71 54 38 23 14 23 142 125 108 91 75 59 45 33 28 33 145 129 112 97 81 67 54 45 42 45 150 134 118 103 89 76 66 58 55 58 156 140 126 112 99 87 78 72 69 71
121 33 70 161 115 118 108 157 76 104 169 68 33 161 67 138 128 75 65 47 104 33 92 153 102 117 101 113 89 114 148 72 36 127 64 130 118 23 63 40 166 150 134 118 103 89 76 65 58 55 162 145 129 112 96 81 67 54 45 42 159 142 125 108 91 75 59 45 33 28 157 140 122 105 88 71 54 38 23 14 156 139 122 104 87 70 52 35 18 0 157 140 122 105 88 71 54 38 23 14 159 142 125 108 91 75 59 45 33 28 162 145 129 112 96 81 67 54 45 42 166 150 134 118 103 89 76 65 58 55 171 155 140 125 111 98 87 77 71 69
84 154 123 34 63 66 57 50 113 56 63 119 136 29 91 65 72 85 92 111 87 126 98 25 73 76 60 46 99 46 42 105 128 38 95 70 86 135 94 118 72 74 80 88 99 112 126 140 156 171 58 60 67 77 90 104 119 134 150 166 43 47 55 68 82 97 113 129 145 162 29 34 45 60 75 91 108 125 142 159 15 23 38 54 71 88 105 122 140 157 0 18 35 52 70 87 104 122 139 156 15 23 38 54 71 88 105 122 140 157 29 34 45 60 75 91 108 125 142 159 43 47 55 68 82 97 113 129 145 162 58 60 67 77 90 104 119 134 150 166
73 136 109 37 50 54 42 52 99 39 67 105 119 34 73 60 62 69 75 94 73 108 85 26 58 64 43 28 86 30 42 90 111 24 78 63 74 117 77 100 74 72 73 79 88 99 112 126 140 155 60 57 60 67 77 90 104 118 134 150 47 43 46 55 67 82 97 112 129 145 34 29 34 45 60 75 91 108 125 142 23 15 23 38 54 71 88 105 122 140 18 0 18 35 52 70 87 104 122 139 23 15 23 38 54 71 88 105 122 140 34 29 34 45 60 75 91 108 125 142 47 43 46 55 67 82 97 112 129 145 60 57 60 67 77 90 104 118 134 150
64 119 95 47 39 45 28 59 86 23 75 91 102 45 56 60 55 52 58 77 61 91 74 36 44 54 27 12 74 15 48 76 94 18 61 60 65 100 60 83 80 73 71 73 79 88 99 112 126 140 67 60 57 60 67 77 90 104 118 134 55 46 43 46 55 67 81 97 112 129 45 34 29 34 45 60 75 91 108 125 38 23 15 23 38 54 71 88 105 122 35 18 0 18 35 52 70 87 104 122 38 23 15 23 38 54 71 88 105 122 45 34 29 34 45 60 75 91 108 125 55 46 43 46 55 67 81 97 112 129 67 60 57 60 67 77 90 104 118 134
60 102 83 61 35 41 21 70 74 10 85 78 84 59 39 65 54 37 41 61 52 74 66 50 35 50 14 9 65 13 59 64 76 26 43 63 60 83 43 67 88 79 73 71 73 79 88 99 112 125 77 67 60 57 59 66 77 89 103 118 68 55 46 43 46 55 67 81 97 112 60 45 34 29 33 45 59 75 91 108 54 38 23 15 23 38 54 71 88 105 52 35 18 0 18 35 52 70 87 104 54 38 23 15 23 38 54 71 88 105 60 45 34 29 33 45 59 75 91 108 68 55 46 43 46 55 67 81 97 112 77 67 60 57 59 66 77 89 103 118
60 85 72 76 39 45 26 83 66 18 98 68 67 75 22 74 58 26 25 45 48 57 61 66 32 51 17 25 60 27 72 54 59 41 26 70 59 66 26 50 99 88 79 73 71 73 78 87 99 111 90 77 67 59 57 59 66 77 89 103 82 67 55 46 43 46 55 67 81 96 75 60 45 33 29 33 45 59 75 91 71 54 38 23 15 23 38 54 71 88 70 52 35 18 0 18 35 52 70 87 71 54 38 23 15 23 38 54 71 88 75 60 45 33 29 33 45 59 75 91 82 67 55 46 43 46 55 67 81 96 90 77 67 59 57 59 66 77 89 103
65 68 65 91 50 54 39 97 61 34 112 60 50 91 6 85 67 23 12 30 50 39 62 82 39 57 31 42 60 43 87 49 42 57 9 80 63 49 11 34 112 99 88 79 73 70 72 78 87 98 104 90 77 66 59 56 59 66 76 89 97 82 67 55 46 42 46 55 67 81 91 75 60 45 33 28 33 45 59 75 88 71 54 38 23 14 23 38 54 71 87 70 52 35 18 0 18 35 52 70 88 71 54 38 23 14 23 38 54 71 91 75 60 45 33 28 33 45 59 75 97 82 67 55 46 42 46 55 67 81 104 90 77 66 59 56 59 66 76 89
74 52 62 108 63 67 55 112 60 51 126 58 34 107 15 98 78 31 17 20 57 22 67 99 51 68 48 60 64 60 103 50 25 74 10 92 72 32 14 21 126 112 99 88 78 72 70 72 78 87 119 104 90 77 66 59 56 59 66 76 113 97 81 67 55 46 42 46 54 67 108 91 75 59 45 33 28 33 45 59 105 88 71 54 38 23 14 23 38 54 104 87 70 52 35 18 0 18 35 52 105 88 71 54 38 23 14 23 38 54 108 91 75 59 45 33 28 33 45 59 113 97 81 67 55 46 42 46 54 67 119 104 90 77 66 59 56 59 66 76
85 36 64 124 78 81 71 128 65 68 142 60 18 124 32 112 92 45 32 23 69 6 76 116 65 81 64 77 72 77 119 57 10 91 27 106 83 16 29 17 140 126 112 99 87 78 72 70 72 77 134 118 104 89 77 66 59 56 58 65 129 112 97 81 67 55 46 42 45 54 125 108 91 75 59 45 33 28 33 45 122 105 88 71 54 38 23 14 23 38 122 104 87 70 52 35 18 0 18 35 122 105 88 71 54 38 23 14 23 38 125 108 91 75 59 45 33 28 33 45 129 112 97 81 67 55 46 42 45 54 134 118 104 89 77 66 59 56 58 65
99 23 70 141 94 96 88 144 74 85 157 67 12 141 49 128 106 61 49 35 82 14 87 133 81 95 81 94 84 95 135 67 14 108 44 120 96 11 46 28 156 140 126 112 99 87 78 72 69 71 150 134 118 103 89 76 66 58 55 58 145 129 112 97 81 67 54 45 42 45 142 125 108 91 75 59 45 33 28 33 140 122 105 88 71 54 38 23 14 23 139 122 104 87 70 52 35 18 0 18 140 122 105 88 71 54 38 23 14 23 142 125 108 91 75 59 45 33 28 33 145 129 112 97 81 67 54 45 42 45 150 134 118 103 89 76 66 58 55 58
113 19 80 158 110 112 105 161 85 102 173 77 24 158 66 143 121 78 66 51 96 31 100 150 97 110 99 111 97 112 152 80 30 125 62 136 110 24 63 43 171 155 140 125 111 98 87 77 71 69 166 150 134 118 103 89 76 65 58 55 162 145 129 112 96 81 67 54 45 42 159 142 125 108 91 75 59 45 33 28 157 140 122 105 88 71 54 38 23 14 156 139 122 104 87 70 52 35 18 0 157 140 122 105 88 71 54 38 23 14 159 142 125 108 91 75 59 45 33 28 162 145 129 112 96 81 67 54 45 42 166 150 134 118 103 89 76 65 58 55
75 152 131 20 56 59 54 64 121 55 77 127 136 15 92 78 62 90 95 115 80 127 108 12 68 67 59 46 108 46 56 112 128 33 96 82 77 136 96 120 86 88 93 100 110 122 134 148 162 177 72 74 80 88 99 112 126 140 156 171 58 60 67 77 90 104 119 134 150 166 43 47 55 68 82 97 113 129 145 162 29 34 45 60 75 91 108 125 142 159 15 23 38 54 71 88 105 122 140 157 0 18 35 52 70 87 104 122 139 156 15 23 38 54 71 88 105 122 140 157 29 34 45 60 75 91 108 125 142 159 43 47 55 68 82 97 113 129 145 162
62 135 117 25 41 44 37 66 108 38 80 113 118 22 75 74 50 74 79 98 65 110 96 14 51 53 42 30 96 28 56 99 111 16 79 77 63 119 80 104 88 86 87 92 100 110 121 134 148 162 74 72 73 79 88 99 112 126 140 155 60 57 60 67 77 90 104 118 134 150 47 43 46 55 67 82 97 112 129 145 34 29 34 45 60 75 91 108 125 142 23 15 23 38 54 71 88 105 122 140 18 0 18 35 52 70 87 104 122 139 23 15 23 38 54 71 88 105 122 140 34 29 34 45 60 75 91 108 125 142 47 43 46 55 67 82 97 112 129 145
52 118 105 38 28 32 20 71 96 21 87 100 101 37 59 74 42 60 62 82 51 93 86 29 35 42 24 14 86 12 60 86 93 4 61 75 52 102 63 87 93 87 85 87 92 99 109 121 134 148 80 73 71 73 79 88 99 112 126 140 67 60 57 60 67 77 90 104 118 134 55 46 43 46 55 67 81 97 112 129 45 34 29 34 45 60 75 91 108 125 38 23 15 23 38 54 71 88 105 122 35 18 0 18 35 52 70 87 104 122 38 23 15 23 38 54 71 88 105 122 45 34 29 34 45 60 75 91 108 125 55 46 43 46 55 67 81 97 112 129
46 101 94 54 21 27 7 80 86 6 96 89 84 54 43 78 40 47 47 67 39 76 79 45 22 36 7 12 78 9 69 75 76 20 45 77 46 86 47 71 100 92 87 85 87 91 99 109 121 134 88 79 73 71 73 79 88 99 112 125 77 67 60 57 59 66 77 89 103 118 68 55 46 43 46 55 67 81 97 112 60 45 34 29 33 45 59 75 91 108 54 38 23 15 23 38 54 71 88 105 52 35 18 0 18 35 52 70 87 104 54 38 23 15 23 38 54 71 88 105 60 45 34 29 33 45 59 75 91 108 68 55 46 43 46 55 67 81 97 112
46 83 85 71 28 33 18 92 79 16 107 80 66 70 28 85 46 38 34 52 34 59 75 62 19 37 11 27 74 25 81 67 59 37 28 82 45 69 33 56 110 100 92 87 85 86 91 99 109 120 99 88 79 73 71 73 78 87 99 111 90 77 67 59 57 59 66 77 89 103 82 67 55 46 43 46 55 67 81 96 75 60 45 33 29 33 45 59 75 91 71 54 38 23 15 23 38 54 71 88 70 52 35 18 0 18 35 52 70 87 71 54 38 23 15 23 38 54 71 88 75 60 45 33 29 33 45 59 75 91 82 67 55 46 43 46 55 67 81 96
53 66 79 87 41 45 34 105 74 33 120 74 49 87 19 95 56 36 26 40 37 43 76 80 28 46 29 43 73 42 94 63 42 54 14 91 51 53 23 42 122 110 99 91 86 84 86 91 98 108 112 99 88 79 73 70 72 78 87 98 104 90 77 66 59 56 59 66 76 89 97 82 67 55 46 42 46 55 67 81 91 75 60 45 33 28 33 45 59 75 88 71 54 38 23 14 23 38 54 71 87 70 52 35 18 0 18 35 52 70 88 71 54 38 23 14 23 38 54 71 91 75 60 45 33 28 33 45 59 75 97 82 67 55 46 42 46 55 67 81
63 49 76 104 56 59 51 119 74 50 134 72 32 104 23 107 69 42 28 34 47 28 80 97 43 59 46 60 77 60 109 64 25 72 14 102 61 39 25 33 134 121 109 99 91 86 84 85 90 98 126 112 99 88 78 72 70 72 78 87 119 104 90 77 66 59 56 59 66 76 113 97 81 67 55 46 42 46 54 67 108 91 75 59 45 33 28 33 45 59 105 88 71 54 38 23 14 23 38 54 104 87 70 52 35 18 0 18 35 52 105 88 71 54 38 23 14 23 38 54 108 91 75 59 45 33 28 33 45 59 113 97 81 67 55 46 42 46 54 67
77 32 78 121 73 75 69 134 78 67 148 73 15 122 36 120 84 54 39 36 60 18 87 114 60 73 63 77 84 77 124 69 9 89 29 114 74 27 36 31 148 134 121 109 99 91 85 83 85 90 140 126 112 99 87 78 72 70 72 77 134 118 104 89 77 66 59 56 58 65 129 112 97 81 67 55 46 42 45 54 125 108 91 75 59 45 33 28 33 45 122 105 88 71 54 38 23 14 23 38 122 104 87 70 52 35 18 0 18 35 122 105 88 71 54 38 23 14 23 38 125 108 91 75 59 45 33 28 33 45 129 112 97 81 67 55 46 42 45 54
91 15 83 138 90 91 86 149 85 85 163 79 5 139 52 134 100 67 54 45 75 22 97 131 76 89 81 95 94 94 140 78 13 106 46 128 89 24 51 38 162 148 134 121 109 98 90 85 83 85 156 140 126 112 99 87 78 72 69 71 150 134 118 103 89 76 66 58 55 58 145 129 112 97 81 67 54 45 42 45 142 125 108 91 75 59 45 33 28 33 140 122 105 88 71 54 38 23 14 23 139 122 104 87 70 52 35 18 0 18 140 122 105 88 71 54 38 23 14 23 142 125 108 91 75 59 45 33 28 33 145 129 112 97 81 67 54 45 42 45
106 7 91 156 106 108 103 165 95 102 179 88 21 156 69 149 116 83 69 57 91 35 109 149 93 105 98 112 106 111 156 89 30 123 62 142 104 33 67 50 177 162 148 134 120 108 98 90 85 83 171 155 140 125 111 98 87 77 71 69 166 150 134 118 103 89 76 65 58 55 162 145 129 112 96 81 67 54 45 42 159 142 125 108 91 75 59 45 33 28 157 140 122 105 88 71 54 38 23 14 156 139 122 104 87 70 52 35 18 0 157 140 122 105 88 71 54 38 23 14 159 142 125 108 91 75 59 45 33 28 162 145 129 112 96 81 67 54 45 42
67 153 140 6 53 54 54 78 131 58 91 135 137 1 96 92 54 96 100 119 75 130 118 10 65 61 61 51 118 49 70 121 129 35 98 95 69 140 100 125 100 102 106 112 121 132 144 156 170 184 86 88 93 100 110 122 134 148 162 177 72 74 80 88 99 112 126 140 156 171 58 60 67 77 90 104 119 134 150 166 43 47 55 68 82 97 113 129 145 162 29 34 45 60 75 91 108 125 142 159 15 23 38 54 71 88 105 122 140 157 0 18 35 52 70 87 104 122 139 156 15 23 38 54 71 88 105 122 140 157 29 34 45 60 75 91 108 125 142 159
53 135 127 17 36 37 37 80 118 42 94 122 119 17 80 88 39 82 84 104 58 113 107 11 48 45 45 37 107 34 70 108 112 19 82 91 54 123 85 109 102 100 101 105 112 121 131 143 156 170 88 86 87 92 100 110 121 134 148 162 74 72 73 79 88 99 112 126 140 155 60 57 60 67 77 90 104 118 134 150 47 43 46 55 67 82 97 112 129 145 34 29 34 45 60 75 91 108 125 142 23 15 23 38 54 71 88 105 122 140 18 0 18 35 52 70 87 104 122 139 23 15 23 38 54 71 88 105 122 140 34 29 34 45 60 75 91 108 125 142
40 118 115 34 19 22 21 84 107 28 100 111 102 34 65 88 29 69 69 89 43 96 99 28 31 31 29 26 98 22 74 97 95 12 65 89 41 107 69 93 106 101 99 101 105 112 121 131 143 156 93 87 85 87 92 99 109 121 134 148 80 73 71 73 79 88 99 112 126 140 67 60 57 60 67 77 90 104 118 134 55 46 43 46 55 67 81 97 112 129 45 34 29 34 45 60 75 91 108 125 38 23 15 23 38 54 71 88 105 122 35 18 0 18 35 52 70 87 104 122 38 23 15 23 38 54 71 88 105 122 45 34 29 34 45 60 75 91 108 125
32 101 105 51 7 13 9 92 98 19 108 101 85 52 50 92 26 59 56 75 28 80 93 45 14 22 18 25 91 20 81 87 79 23 50 90 32 91 55 78 112 105 101 99 100 105 111 120 131 143 100 92 87 85 87 91 99 109 121 134 88 79 73 71 73 79 88 99 112 125 77 67 60 57 59 66 77 89 103 118 68 55 46 43 46 55 67 81 97 112 60 45 34 29 33 45 59 75 91 108 54 38 23 15 23 38 54 71 88 105 52 35 18 0 18 35 52 70 87 104 54 38 23 15 23 38 54 71 88 105 60 45 34 29 33 45 59 75 91 108
33 84 97 68 19 22 18 102 92 24 118 93 68 69 39 98 34 52 45 62 20 64 89 62 6 24 20 34 88 31 91 80 62 39 36 95 31 75 44 65 121 112 105 100 99 100 104 111 120 130 110 100 92 87 85 86 91 99 109 120 99 88 79 73 71 73 78 87 99 111 90 77 67 59 57 59 66 77 89 103 82 67 55 46 43 46 55 67 81 96 75 60 45 33 29 33 45 59 75 91 71 54 38 23 15 23 38 54 71 88 70 52 35 18 0 18 35 52 70 87 71 54 38 23 15 23 38 54 71 88 75 60 45 33 29 33 45 59 75 91
41 66 92 85 36 38 35 114 88 38 129 87 52 86 33 107 47 50 40 53 25 50 89 79 23 37 33 48 87 46 103 77 46 55 26 103 39 61 37 53 132 121 112 105 100 98 99 104 110 119 122 110 99 91 86 84 86 91 98 108 112 99 88 79 73 70 72 78 87 98 104 90 77 66 59 56 59 66 76 89 97 82 67 55 46 42 46 55 67 81 91 75 60 45 33 28 33 45 59 75 88 71 54 38 23 14 23 38 54 71 87 70 52 35 18 0 18 35 52 70 88 71 54 38 23 14 23 38 54 71 91 75 60 45 33 28 33 45 59 75
54 49 90 103 53 54 52 127 88 53 142 85 36 103 35 117 63 55 41 48 38 38 93 97 40 52 49 64 90 62 116 77 31 72 27 112 52 48 38 46 144 131 121 111 104 99 98 99 103 110 134 121 109 99 91 86 84 85 90 98 126 112 99 88 78 72 70 72 78 87 119 104 90 77 66 59 56 59 66 76 113 97 81 67 55 46 42 46 54 67 108 91 75 59 45 33 28 33 45 59 105 88 71 54 38 23 14 23 38 54 104 87 70 52 35 18 0 18 35 52 105 88 71 54 38 23 14 23 38 54 108 91 75 59 45 33 28 33 45 59
69 33 91 120 70 71 69 141 91 70 156 87 22 121 45 129 79 64 49 49 53 31 99 114 57 68 65 80 96 79 131 82 21 90 36 124 67 40 46 44 156 143 131 120 111 104 99 97 99 103 148 134 121 109 99 91 85 83 85 90 140 126 112 99 87 78 72 70 72 77 134 118 104 89 77 66 59 56 58 65 129 112 97 81 67 55 46 42 45 54 125 108 91 75 59 45 33 28 33 45 122 105 88 71 54 38 23 14 23 38 122 104 87 70 52 35 18 0 18 35 122 105 88 71 54 38 23 14 23 38 125 108 91 75 59 45 33 28 33 45
85 17 95 137 87 88 86 156 97 86 170 92 18 138 58 143 95 76 61 56 70 34 108 131 74 84 82 97 105 96 146 89 23 107 51 136 83 38 58 49 170 156 143 131 120 110 103 99 97 98 162 148 134 121 109 98 90 85 83 85 156 140 126 112 99 87 78 72 69 71 150 134 118 103 89 76 66 58 55 58 145 129 112 97 81 67 54 45 42 45 142 125 108 91 75 59 45 33 28 33 140 122 105 88 71 54 38 23 14 23 139 122 104 87 70 52 35 18 0 18 140 122 105 88 71 54 38 23 14 23 142 125 108 91 75 59 45 33 28 33
102 10 103 154 105 105 103 171 106 103 185 100 27 155 73 156 112 89 76 66 86 43 119 148 92 101 99 114 115 113 161 99 35 124 66 150 99 44 72 59 184 170 156 143 130 119 110 103 98 96 177 162 148 134 120 108 98 90 85 83 171 155 140 125 111 98 87 77 71 69 166 150 134 118 103 89 76 65 58 55 162 145 129 112 96 81 67 54 45 42 159 142 125 108 91 75 59 45 33 28 157 140 122 105 88 71 54 38 23 14 156 139 122 104 87 70 52 35 18 0 157 140 122 105 88 71 54 38 23 14 159 142 125 108 91 75 59 45 33 28
62 154 149 10 53 52 58 93 140 64 106 145 139 14 102 106 49 104 106 126 73 134 129 22 66 58 66 59 129 56 84 130 132 42 103 109 64 144 106 130 115 116 119 125 133 143 154 166 179 192 100 102 106 112 121 132 144 156 170 184 86 88 93 100 110 122 134 148 162 177 72 74 80 88 99 112 126 140 156 171 58 60 67 77 90 104 119 134 150 166 43 47 55 68 82 97 113 129 145 162 29 34 45 60 75 91 108 125 142 159 15 23 38 54 71 88 105 122 140 157 0 18 35 52 70 87 104 122 139 156 15 23 38 54 71 88 105 122 140 157
46 137 137 19 36 35 43 94 129 50 108 133 122 22 87 103 32 91 92 111 55 117 119 22 49 41 51 47 119 43 84 119 116 30 87 104 48 128 91 115 116 114 115 119 125 133 142 153 165 178 102 100 101 105 112 121 131 143 156 170 88 86 87 92 100 110 121 134 148 162 74 72 73 79 88 99 112 126 140 155 60 57 60 67 77 90 104 118 134 150 47 43 46 55 67 82 97 112 129 145 34 29 34 45 60 75 91 108 125 142 23 15 23 38 54 71 88 105 122 140 18 0 18 35 52 70 87 104 122 139 23 15 23 38 54 71 88 105 122 140
30 120 127 35 19 17 30 98 119 39 113 122 106 37 73 102 17 80 78 97 38 102 112 34 32 24 39 40 111 35 87 108 99 26 72 103 32 112 78 100 119 115 114 115 118 124 132 142 153 165 106 101 99 101 105 112 121 131 143 156 93 87 85 87 92 99 109 121 134 148 80 73 71 73 79 88 99 112 126 140 67 60 57 60 67 77 90 104 118 134 55 46 43 46 55 67 81 97 112 129 45 34 29 34 45 60 75 91 108 125 38 23 15 23 38 54 71 88 105 122 35 18 0 18 35 52 70 87 104 122 38 23 15 23 38 54 71 88 105 122
19 103 118 51 8 2 23 104 111 33 120 113 89 53 60 105 13 71 66 84 21 86 106 49 17 9 31 39 105 34 93 100 83 32 58 104 19 97 65 87 125 119 115 113 114 118 124 132 141 152 112 105 101 99 100 105 111 120 131 143 100 92 87 85 87 91 99 109 121 134 88 79 73 71 73 79 88 99 112 125 77 67 60 57 59 66 77 89 103 118 68 55 46 43 46 55 67 81 97 112 60 45 34 29 33 45 59 75 91 108 54 38 23 15 23 38 54 71 88 105 52 35 18 0 18 35 52 70 87 104 54 38 23 15 23 38 54 71 88 105
20 86 110 69 19 18 28 113 105 36 129 106 73 70 51 111 25 65 58 73 6 72 103 65 12 14 32 45 102 41 102 94 68 45 47 108 18 83 56 75 133 125 118 114 113 114 117 123 131 141 121 112 105 100 99 100 104 111 120 130 110 100 92 87 85 86 91 99 109 120 99 88 79 73 71 73 78 87 99 111 90 77 67 59 57 59 66 77 89 103 82 67 55 46 43 46 55 67 81 96 75 60 45 33 29 33 45 59 75 91 71 54 38 23 15 23 38 54 71 88 70 52 35 18 0 18 35 52 70 87 71 54 38 23 15 23 38 54 71 88
32 70 106 86 36 36 40 124 102 46 140 101 58 87 47 118 42 64 53 65 16 59 103 81 25 31 42 57 101 53 113 91 54 60 40 115 30 70 51 65 143 133 124 118 114 112 113 117 123 131 132 121 112 105 100 98 99 104 110 119 122 110 99 91 86 84 86 91 98 108 112 99 88 79 73 70 72 78 87 98 104 90 77 66 59 56 59 66 76 89 97 82 67 55 46 42 46 55 67 81 91 75 60 45 33 28 33 45 59 75 88 71 54 38 23 14 23 38 54 71 87 70 52 35 18 0 18 35 52 70 88 71 54 38 23 14 23 38 54 71
48 54 104 103 53 53 56 136 102 60 152 99 44 104 48 128 58 68 55 61 33 50 106 98 41 48 55 70 104 68 125 91 42 76 40 124 45 60 51 59 154 142 132 124 117 113 112 113 116 122 144 131 121 111 104 99 98 99 103 110 134 121 109 99 91 86 84 85 90 98 126 112 99 88 78 72 70 72 78 87 119 104 90 77 66 59 56 59 66 76 113 97 81 67 55 46 42 46 54 67 108 91 75 59 45 33 28 33 45 59 105 88 71 54 38 23 14 23 38 54 104 87 70 52 35 18 0 18 35 52 105 88 71 54 38 23 14 23 38 54
64 39 105 120 70 70 72 149 104 75 164 101 34 122 56 139 76 75 61 62 50 45 112 115 58 65 70 85 109 83 139 95 35 92 47 134 62 53 57 58 166 153 142 132 123 117 113 111 112 116 156 143 131 120 111 104 99 97 99 103 148 134 121 109 99 91 85 83 85 90 140 126 112 99 87 78 72 70 72 77 134 118 104 89 77 66 59 56 58 65 129 112 97 81 67 55 46 42 45 54 125 108 91 75 59 45 33 28 33 45 122 105 88 71 54 38 23 14 23 38 122 104 87 70 52 35 18 0 18 35 122 105 88 71 54 38 23 14 23 38
81 27 108 137 87 87 88 163 110 90 178 105 31 139 67 151 93 85 71 68 67 47 120 132 75 82 86 101 117 99 153 101 36 109 59 146 79 52 67 62 179 165 153 141 131 123 116 112 110 112 170 156 143 131 120 110 103 99 97 98 162 148 134 121 109 98 90 85 83 85 156 140 126 112 99 87 78 72 69 71 150 134 118 103 89 76 66 58 55 58 145 129 112 97 81 67 54 45 42 45 142 125 108 91 75 59 45 33 28 33 140 122 105 88 71 54 38 23 14 23 139 122 104 87 70 52 35 18 0 18 140 122 105 88 71 54 38 23 14 23
98 23 115 155 105 105 105 178 117 107 192 112 37 156 80 165 110 98 83 77 84 54 129 150 92 99 102 117 126 116 168 110 44 126 72 158 96 56 80 70 192 178 165 152 141 131 122 116 112 110 184 170 156 143 130 119 110 103 98 96 177 162 148 134 120 108 98 90 85 83 171 155 140 125 111 98 87 77 71 69 166 150 134 118 103 89 76 65 58 55 162 145 129 112 96 81 67 54 45 42 159 142 125 108 91 75 59 45 33 28 157 140 122 105 88 71 54 38 23 14 156 139 122 104 87 70 52 35 18 0 157 140 122 105 88 71 54 38 23 14
60 157 159 24 57 54 65 107 151 73 120 155 143 29 109 120 47 114 114 133 73 139 141 35 70 58 74 69 141 65 99 141 137 52 109 122 62 150 114 137 129 130 133 138 145 154 164 176 188 201 115 116 119 125 133 143 154 166 179 192 100 102 106 112 121 132 144 156 170 184 86 88 93 100 110 122 134 148 162 177 72 74 80 88 99 112 126 140 156 171 58 60 67 77 90 104 119 134 150 166 43 47 55 68 82 97 113 129 145 162 29 34 45 60 75 91 108 125 142 159 15 23 38 54 71 88 105 122 140 157 0 18 35 52 70 87 104 122 139 156
43 140 148 29 41 38 52 108 141 60 122 144 127 33 95 117 30 102 100 119 56 123 132 36 54 41 61 59 131 55 98 130 121 43 94 118 45 134 100 123 130 128 129 132 138 145 154 164 175 187 116 114 115 119 125 133 142 153 165 178 102 100 101 105 112 121 131 143 156 170 88 86 87 92 100 110 121 134 148 162 74 72 73 79 88 99 112 126 140 155 60 57 60 67 77 90 104 118 134 150 47 43 46 55 67 82 97 112 129 145 34 29 34 45 60 75 91 108 125 142 23 15 23 38 54 71 88 105 122 140 18 0 18 35 52 70 87 104 122 139
25 123 138 41 28 23 41 111 131 51 126 134 111 44 82 117 13 92 88 106 39 109 125 43 39 24 51 53 124 48 101 120 105 40 80 117 28 119 87 109 133 129 128 129 132 137 144 153 163 175 119 115 114 115 118 124 132 142 153 165 106 101 99 101 105 112 121 131 143 156 93 87 85 87 92 99 109 121 134 148 80 73 71 73 79 88 99 112 126 140 67 60 57 60 67 77 90 104 118 134 55 46 43 46 55 67 81 97 112 129 45 34 29 34 45 60 75 91 108 125 38 23 15 23 38 54 71 88 105 122 35 18 0 18 35 52 70 87 104 122
8 107 130 56 22 16 37 117 124 47 132 125 95 59 72 119 6 84 78 95 22 94 120 56 28 10 45 53 119 48 106 113 90 44 68 118 11 105 77 97 138 132 129 127 128 131 137 144 153 163 125 119 115 113 114 118 124 132 141 152 112 105 101 99 100 105 111 120 131 143 100 92 87 85 87 91 99 109 121 134 88 79 73 71 73 79 88 99 112 125 77 67 60 57 59 66 77 89 103 118 68 55 46 43 46 55 67 81 97 112 60 45 34 29 33 45 59 75 91 108 54 38 23 15 23 38 54 71 88 105 52 35 18 0 18 35 52 70 87 104
11 91 124 72 28 24 40 125 119 49 141 119 80 74 64 124 23 79 71 85 10 81 117 70 25 15 46 58 116 53 114 107 76 54 59 122 8 92 69 86 145 138 132 128 127 127 131 136 143 152 133 125 118 114 113 114 117 123 131 141 121 112 105 100 99 100 104 111 120 130 110 100 92 87 85 86 91 99 109 120 99 88 79 73 71 73 78 87 99 111 90 77 67 59 57 59 66 77 89 103 82 67 55 46 43 46 55 67 81 96 75 60 45 33 29 33 45 59 75 91 71 54 38 23 15 23 38 54 71 88 70 52 35 18 0 18 35 52 70 87
28 75 120 88 41 39 50 135 116 57 150 115 66 91 60 131 40 78 67 79 18 71 117 86 33 31 53 67 115 63 124 105 63 67 53 127 25 81 64 78 154 145 137 131 127 126 127 130 135 143 143 133 124 118 114 112 113 117 123 131 132 121 112 105 100 98 99 104 110 119 122 110 99 91 86 84 86 91 98 108 112 99 88 79 73 70 72 78 87 98 104 90 77 66 59 56 59 66 76 89 97 82 67 55 46 42 46 55 67 81 91 75 60 45 33 28 33 45 59 75 88 71 54 38 23 14 23 38 54 71 87 70 52 35 18 0 18 35 52 70
45 61 118 105 57 55 63 146 116 68 162 113 55 107 62 139 58 81 68 75 34 63 120 102 46 48 64 79 117 75 135 105 54 81 54 135 42 72 65 73 164 154 144 137 131 127 125 126 130 135 154 142 132 124 117 113 112 113 116 122 144 131 121 111 104 99 98 99 103 110 134 121 109 99 91 86 84 85 90 98 126 112 99 88 78 72 70 72 78 87 119 104 90 77 66 59 56 59 66 76 113 97 81 67 55 46 42 46 54 67 108 91 75 59 45 33 28 33 45 59 105 88 71 54 38 23 14 23 38 54 104 87 70 52 35 18 0 18 35 52
62 48 118 122 73 72 77 158 118 82 174 114 47 124 68 150 75 87 73 76 50 59 125 119 62 65 77 92 122 90 147 108 48 97 59 145 60 67 70 72 176 164 153 144 136 130 126 125 126 129 166 153 142 132 123 117 113 111 112 116 156 143 131 120 111 104 99 97 99 103 148 134 121 109 99 91 85 83 85 90 140 126 112 99 87 78 72 70 72 77 134 118 104 89 77 66 59 56 58 65 129 112 97 81 67 55 46 42 45 54 125 108 91 75 59 45 33 28 33 45 122 105 88 71 54 38 23 14 23 38 122 104 87 70 52 35 18 0 18 35
80 39 122 139 90 89 93 171 123 96 187 118 45 141 77 161 92 96 82 80 68 60 132 135 78 82 92 107 129 105 161 114 49 113 68 156 77 65 78 75 188 175 163 153 143 135 130 126 124 125 179 165 153 141 131 123 116 112 110 112 170 156 143 131 120 110 103 99 97 98 162 148 134 121 109 98 90 85 83 85 156 140 126 112 99 87 78 72 69 71 150 134 118 103 89 76 66 58 55 58 145 129 112 97 81 67 54 45 42 45 142 125 108 91 75 59 45 33 28 33 140 122 105 88 71 54 38 23 14 23 139 122 104 87 70 52 35 18 0 18
97 37 127 156 107 106 109 185 130 112 200 124 49 158 89 173 109 107 93 88 85 66 141 152 95 100 107 123 137 121 175 122 56 129 81 168 94 69 89 82 201 187 175 163 152 143 135 129 125 124 192 178 165 152 141 131 122 116 112 110 184 170 156 143 130 119 110 103 98 96 177 162 148 134 120 108 98 90 85 83 171 155 140 125 111 98 87 77 71 69 166 150 134 118 103 89 76 65 58 55 162 145 129 112 96 81 67 54 45 42 159 142 125 108 91 75 59 45 33 28 157 140 122 105 88 71 54 38 23 14 156 139 122 104 87 70 52 35 18 0
