0 63 55 21 44 33 23 17 63 14 34 52 45 50 12 36 64 58 10 29 20 30 42 41 10 38 18 41 44 32 38 22 52 14 50 55 17 6 44 32 6725 6805 6746
63 0 13 44 56 78 41 73 6 50 80 17 28 21 52 78 8 9 56 34 45 34 44 51 54 94 48 94 22 82 91 60 30 63 24 11 47 59 66 52 6665 6745 6687
55 13 0 38 57 75 35 63 9 42 77 5 15 9 45 75 10 5 49 27 39 26 32 52 46 89 42 90 12 78 86 57 18 57 11 5 39 51 67 40 6676 6756 6698
21 44 38 0 32 38 5 34 44 8 40 36 31 34 9 39 46 41 12 12 1 13 36 28 13 51 4 52 28 40 49 20 40 19 36 36 10 18 37 31 6705 6784 6726
44 56 57 32 0 32 35 60 59 38 33 57 57 57 36 28 62 57 36 39 32 41 67 6 42 51 32 48 51 37 45 23 66 31 60 53 41 45 11 63 6692 6772 6714
33 78 75 38 32 0 42 45 80 38 3 73 69 72 34 6 82 76 31 50 37 51 71 33 38 20 35 17 66 6 14 19 78 21 73 72 43 37 24 63 6723 6803 6745
23 41 35 5 35 42 0 35 41 10 44 32 27 30 12 43 43 37 15 8 5 9 33 30 14 55 8 56 24 44 53 24 36 23 32 33 9 19 41 29 6703 6783 6725
17 73 63 34 60 45 35 0 71 27 46 59 50 56 26 50 73 67 25 40 34 40 41 57 22 44 32 49 52 43 46 38 56 30 56 63 27 17 60 30 6737 6817 6759
63 6 9 44 59 80 41 71 0 49 82 14 24 17 52 79 3 5 56 34 45 33 40 54 53 95 48 95 20 83 92 62 25 63 20 9 46 58 69 48 6668 6748 6690
14 50 42 8 38 38 10 27 49 0 40 39 33 37 4 40 51 45 8 16 8 16 34 34 6 48 7 50 31 39 47 22 41 18 38 41 5 10 42 27 6712 6792 6734
34 80 77 40 33 3 44 46 82 40 0 75 71 74 36 6 84 78 33 52 39 53 73 35 39 18 37 16 67 4 12 21 79 22 75 74 44 38 25 64 6725 6804 6746
52 17 5 36 57 73 32 59 14 39 75 0 11 4 43 74 14 9 46 24 37 24 27 51 43 87 39 88 8 76 84 55 14 55 7 8 36 47 66 35 6680 6761 6702
45 28 15 31 57 69 27 50 24 33 71 11 0 7 36 70 24 19 40 20 32 19 17 52 35 81 34 82 8 71 79 51 10 49 6 18 29 39 65 25 6691 6771 6713
50 21 9 34 57 72 30 56 17 37 74 4 7 0 41 73 17 13 44 23 35 22 24 52 40 85 38 86 7 74 82 54 11 53 4 11 33 45 66 32 6684 6764 6706
12 52 45 9 36 34 12 26 52 4 36 43 36 41 0 37 54 48 4 19 8 20 38 32 6 45 6 46 35 36 43 19 45 14 41 44 9 10 39 30 6713 6793 6735
36 78 75 39 28 6 43 50 79 40 6 74 70 73 37 0 82 76 34 51 39 52 74 31 41 24 37 20 66 10 18 20 79 24 74 72 45 40 20 66 6719 6799 6741
64 8 10 46 62 82 43 73 3 51 84 14 24 17 54 82 0 7 57 35 47 35 40 56 55 97 50 97 21 85 94 64 24 65 19 10 48 60 72 49 6667 6747 6689
58 9 5 41 57 76 37 67 5 45 78 9 19 13 48 76 7 0 51 29 42 29 36 52 49 91 44 92 15 79 88 58 21 59 15 5 42 54 67 44 6672 6753 6694
10 56 49 12 36 31 15 25 56 8 33 46 40 44 4 34 57 51 0 22 11 23 40 33 8 41 9 43 38 32 40 17 48 11 45 47 12 9 38 32 6716 6796 6738
29 34 27 12 39 50 8 40 34 16 52 24 20 23 19 51 35 29 22 0 13 2 28 34 20 63 16 64 17 52 60 32 29 31 24 26 14 25 47 27 6698 6778 6719
20 45 39 1 32 37 5 34 45 8 39 37 32 35 8 39 47 42 11 13 0 14 37 28 13 50 3 51 29 39 48 20 41 18 37 37 10 17 37 32 6705 6785 6727
30 34 26 13 41 51 9 40 33 16 53 24 19 22 20 52 35 29 23 2 14 0 26 36 20 64 17 65 16 53 61 33 27 32 23 25 13 25 48 25 6698 6778 6720
42 44 32 36 67 71 33 41 40 34 73 27 17 24 38 74 40 36 40 28 37 26 0 62 34 79 38 82 24 72 79 55 17 51 21 34 29 36 73 12 6706 6786 6728
41 51 52 28 6 33 30 57 54 34 35 51 52 52 32 31 56 52 33 34 28 36 62 0 38 53 28 50 46 38 47 22 61 29 54 48 37 41 16 58 6692 6771 6713
10 54 46 13 42 38 14 22 53 6 39 43 35 40 6 41 55 49 8 20 13 20 34 38 0 46 12 49 35 39 45 24 43 18 41 45 7 5 45 25 6717 6797 6738
38 94 89 51 51 20 55 44 95 48 18 87 81 85 45 24 97 91 41 63 50 64 79 53 46 0 48 6 79 15 7 35 89 32 86 87 53 43 43 69 6743 6822 6764
18 48 42 4 32 35 8 32 48 7 37 39 34 38 6 37 50 44 9 16 3 17 38 28 12 48 0 49 32 37 45 18 43 16 39 40 10 16 36 32 6708 6787 6729
41 94 90 52 48 17 56 49 95 50 16 88 82 86 46 20 97 92 43 64 51 65 82 50 49 6 49 0 80 13 4 34 91 33 87 87 55 46 40 72 6739 6819 6761
44 22 12 28 51 66 24 52 20 31 67 8 8 7 35 66 21 15 38 17 29 16 24 46 35 79 32 80 0 68 76 47 16 47 9 12 28 40 60 30 6687 6767 6709
32 82 78 40 37 6 44 43 83 39 4 76 71 74 36 10 85 79 32 52 39 53 72 38 39 15 37 13 68 0 10 22 80 22 76 75 44 37 29 63 6728 6808 6750
38 91 86 49 45 14 53 46 92 47 12 84 79 82 43 18 94 88 40 60 48 61 79 47 45 7 45 4 76 10 0 31 87 30 83 84 51 43 37 69 6737 6816 6758
22 60 57 20 23 19 24 38 62 22 21 55 51 54 19 20 64 58 17 32 20 33 55 22 24 35 18 34 47 22 31 0 60 9 55 54 26 25 22 48 6712 6792 6734
52 30 18 40 66 78 36 56 25 41 79 14 10 11 45 79 24 21 48 29 41 27 17 61 43 89 43 91 16 80 87 60 0 58 8 21 37 47 74 28 6689 6769 6711
14 63 57 19 31 21 23 30 63 18 22 55 49 53 14 24 65 59 11 31 18 32 51 29 18 32 16 33 47 22 30 9 58 0 54 55 22 17 30 43 6718 6798 6740
50 24 11 36 60 73 32 56 20 38 75 7 6 4 41 74 19 15 45 24 37 23 21 54 41 86 39 87 9 76 83 55 8 54 0 14 34 45 68 30 6686 6766 6708
55 11 5 36 53 72 33 63 9 41 74 8 18 11 44 72 10 5 47 26 37 25 34 48 45 87 40 87 12 75 84 54 21 55 14 0 38 50 63 41 6675 6755 6697
17 47 39 10 41 43 9 27 46 5 44 36 29 33 9 45 48 42 12 14 10 13 29 37 7 53 10 55 28 44 51 26 37 22 34 38 0 12 46 22 6711 6790 6732
6 59 51 18 45 37 19 17 58 10 38 47 39 45 10 40 60 54 9 25 17 25 36 41 5 43 16 46 40 37 43 25 47 17 45 50 12 0 46 27 6722 6802 6743
44 66 67 37 11 24 41 60 69 42 25 66 65 66 39 20 72 67 38 47 37 48 73 16 45 43 36 40 60 29 37 22 74 30 68 63 46 46 0 68 6700 6780 6722
32 52 40 31 63 63 29 30 48 27 64 35 25 32 30 66 49 44 32 27 32 25 12 58 25 69 32 72 30 63 69 48 28 43 30 41 22 27 68 0 6715 6795 6737
6725 6665 6676 6705 6692 6723 6703 6737 6668 6712 6725 6680 6691 6684 6713 6719 6667 6672 6716 6698 6705 6698 6706 6692 6717 6743 6708 6739 6687 6728 6737 6712 6689 6718 6686 6675 6711 6722 6700 6715 0 105 52
6805 6745 6756 6784 6772 6803 6783 6817 6748 6792 6804 6761 6771 6764 6793 6799 6747 6753 6796 6778 6785 6778 6786 6771 6797 6822 6787 6819 6767 6808 6816 6792 6769 6798 6766 6755 6790 6802 6780 6795 105 0 62
6746 6687 6698 6726 6714 6745 6725 6759 6690 6734 6746 6702 6713 6706 6735 6741 6689 6694 6738 6719 6727 6720 6728 6713 6738 6764 6729 6761 6709 6750 6758 6734 6711 6740 6708 6697 6732 6743 6722 6737 52 62 0
