0.0 42.41672763525155 4.313529016957377 65.65165106453686 62.1004792767245 36.34168866993935 25.07340916960415 23.889554045024763 8.698810398314246 43.03177295125657 41.020259078646205 54.77413806589028 13.73574752649763 2.13391979423662 12.687516153607971 20.827640680264356 36.964152456797386 39.717908105080845 42.98133098037941 45.16139911421611 45.86376757845929 37.391210239527396 9.401938283975431 63.113508732119605 54.39988576890741 32.4310879735556 24.68019993343538 22.286424125501743 10.68792489427245 35.55328373503247 22.942226058782776 55.48539872592234 18.205868883922328 18.024243597720478 12.818785507799038 24.515268195105126 37.48575140182066 43.09633551457092 2.5060949421846037 12.471549470807112 39.88150175207398 28.312447660740528 65.48703711989134 28.70686276965311 6.3048853639219855 61.72814963757384 40.79146671811676 7.425509537408092
42.41672763525155 0.0 40.580188149970425 41.88917699155873 33.33061292448371 74.57990889082082 27.26647154527082 65.3622564739874 43.13536133683831 12.279482692641597 74.79575707596571 45.7926797731814 56.148581369952964 43.71116639148503 29.8330962309592 62.498630370767664 75.09892038914647 30.80858274946036 85.13913438185274 44.43160533014656 87.58395101486957 6.668870805448364 33.09866983345476 40.756015609783724 25.24990502830123 68.86699720393032 23.560019744322886 63.50878947481624 37.702789094947 11.399471128269953 60.41780748223721 46.25731470269645 38.95506633985631 44.52534967977874 35.76529402461933 18.835776633598407 75.30758680021749 27.20114374263365 40.421176244619986 30.69308965796901 81.84026760078486 66.17828537250179 46.575261616153156 70.67972145856157 37.070731880356874 37.74990866854746 27.74189386183753 49.32328013900419
4.313529016957377 40.580188149970425 0.0 61.721997805847664 58.476625835546564 35.86438597979439 26.15337754627598 27.25002143572082 5.222075092281331 40.13402075416579 39.40909962935558 50.50276846358587 16.11745364419409 6.4323267821977455 10.87906185884741 24.145022593053113 40.93590769123335 35.6463546262238 45.69544224112007 40.84901774467741 48.87005477523626 36.03050006149869 7.804792980196493 59.15036557685272 50.9443211198225 31.31613125124007 25.044423229051485 25.78540870408384 6.401759382708446 32.86497035343719 21.902925137273026 51.21407506166333 21.17448816139743 21.763008628275525 8.626742396098445 22.103307782887665 41.49044124937385 39.231081297375 5.293052037096224 9.922874317126903 42.78011875213982 32.401305808136556 61.37473391037788 30.099771725846576 7.751205161636058 57.85352825790906 41.831132407240204 11.120220141645314
65.65165106453686 41.88917699155873 61.721997805847664 0.0 9.781372094833133 82.28475136739411 64.45010303554902 88.64148781012469 60.4705317389656 30.420805453112113 76.68749783474274 19.810769663230193 76.66562255408543 67.71299179875112 55.36122851631128 85.53774090644734 102.61420801649409 26.366486047310516 105.1786139952641 29.38921203252531 109.12607531401115 47.214802577224255 57.87419640453968 2.8227417495447633 16.671801782695645 75.65380376111233 60.13873763737833 87.342581364942 55.624844383391824 36.701678301999856 71.16078927213653 19.51324418557477 72.57725668368866 77.02497262423294 53.20513691952464 45.527838780475214 103.1362620737728 22.597297864260447 65.03765594660355 54.2632633600354 102.89979453591 93.92396779429049 7.523168632515139 86.45421883444227 63.58538386267498 4.312080827694987 69.36037713277636 72.84195825868012
62.1004792767245 33.33061292448371 58.476625835546564 9.781372094833133 0.0 82.8764183622042 57.61583444437178 85.71630706518044 58.03347026054459 22.79542862825873 78.48340583561702 25.387472817686323 74.11245032013981 64.06434899120116 50.79888605994988 82.607165472083 98.86514433690452 25.254389952335238 103.30633914827982 32.60086641096815 106.94159694937268 39.12470300678791 53.61886150498571 10.184418515597786 8.535679176943654 76.27713830504327 53.351613363787656 84.25877863188501 52.77720772206582 29.93260652328332 70.71233204984325 25.335115945351937 66.80715515261416 71.6236142403577 50.305747036602504 39.9439287987189 99.31407695653817 19.943315416800854 61.14723615378776 50.06115007955944 100.74862840986754 89.99857286224355 16.730365347859514 85.26129109068535 59.20667321766186 7.110912804112366 61.05095853232197 69.47565408371852
36.34168866993935 74.57990889082082 35.86438597979439 82.28475136739411 82.8764183622042 0.0 61.41509615208095 31.075388932921864 31.940964012519654 70.75145025061721 11.118519222081595 64.64151832883095 26.497491379196983 36.45643065535108 46.34385988708419 30.2639720548624 44.88821191811394 57.65409907321791 31.92340234741297 53.62573145130954 37.05472046948327 70.99990640811176 43.56146527723399 79.46200965610866 77.40034126098524 6.632690623221657 60.80355991603253 32.06033736215336 37.02106265564849 64.8731341480672 14.225954431212095 65.23565467786305 53.00499523493975 50.37602917501732 38.82791827714869 55.79608570261786 45.83540689867951 63.28339163646373 38.84706043089333 44.75854465175268 32.19932136034953 41.93916455714279 78.80058286404024 15.716240098567258 42.5951631569715 79.52910518691222 77.12836907053364 33.371124075342834
25.07340916960415 27.26647154527082 26.15337754627598 64.45010303554902 57.61583444437178 61.41509615208095 0.0 42.86729568200427 31.04898437883419 34.87633613221675 65.56246358231301 61.06061873088699 37.06909506408318 25.110895084744545 18.174660699988745 40.50466846895526 49.57689195804623 43.741949712033836 62.91255297392002 54.804924678009094 64.39286449901194 20.617822845740882 19.498846848485236 62.581613065679555 49.080155267428125 57.33311751835996 4.3135465576207705 40.86098600964857 28.063971535648882 27.804105308586546 47.85225890099444 61.706618324969284 12.704954182756985 18.376722430651363 27.887834607413286 20.20043696993414 49.640587973393 43.77808909858754 22.568206397491615 20.513728680228816 59.25979978805632 40.9918295318577 67.11621835714152 52.5531441274221 18.849452382924113 60.13964614166798 15.733569017731858 29.40367732002385
23.889554045024763 65.3622564739874 27.25002143572082 88.64148781012469 85.71630706518044 31.075388932921864 42.86729568200427 0.0 28.234186414903274 66.88987649855902 40.90898827832129 75.72113561329873 12.238503652268726 22.14416906473245 36.32923133620665 3.1114642732134925 15.963847639509144 62.3327416052518 20.09779435094245 65.16110239029561 22.22415417573865 59.73182393289412 33.107020279596476 86.00365323995243 78.17997819077225 31.786111957686664 44.38857721851175 2.0189788662396992 33.059310659191425 59.34485058392168 25.953417733866623 76.42261968744162 30.838397501346197 25.975583809821032 35.50989624585935 48.229857015125226 16.792800901816033 66.31770878902833 25.363875844302154 36.34723048404232 16.571521601484342 10.884719097456017 87.72479345689572 15.730056547973662 28.36713848400346 84.8805489804964 56.89191213583214 16.480311434414624
8.698810398314246 43.13536133683831 5.222075092281331 60.4705317389656 58.03347026054459 31.940964012519654 31.04898437883419 28.234186414903274 0.0 41.242665104925905 34.63620858980971 47.85554032499628 16.198384238787686 10.516408446164686 14.449663291788221 25.14976029287592 42.97395248332907 34.12465045462105 45.31296142692355 37.70438218893676 48.914373216739946 39.1513305151271 11.903405792656233 57.8096932092185 50.91983148127284 26.931296177182347 29.6182484547351 27.0561751015077 5.638292855847289 34.41209059771134 17.74516416916534 48.563908723392345 26.369726664559217 26.686316132403228 8.000300952261586 24.319706138609458 43.612519564319214 38.33322454624542 10.344625892903696 12.821150798369052 42.716082070772075 34.85968530880291 59.50864069657031 28.219047027875728 12.957354515265125 56.78012709516933 46.63106991213868 13.5727787877779
43.03177295125657 12.279482692641597 40.13402075416579 30.420805453112113 22.79542862825873 70.75145025061721 34.87633613221675 66.88987649855902 41.242665104925905 0.0 69.22652162957156 33.672980883329245 56.25139343014665 44.74818366652381 30.636052678341436 63.848632204413455 78.61333835815134 19.863214976387894 85.82506044824403 33.36216639044095 88.88078356440197 16.839758702572077 33.802941900936055 29.00213173335328 14.279984769649868 64.55867100882044 30.643291496887056 65.21741584680984 35.608551185760966 7.76187617943533 57.05937361563511 34.111315708394244 44.66921620052095 49.776709562731384 33.26889819706578 18.834283448705833 78.96087937800094 15.385416429073928 41.56065389444746 30.56051882437249 82.85213147969512 69.63266020664271 34.55113452348388 69.46128421058782 38.933406129069866 26.16229969489524 39.010752628340356 50.412503599204626
41.020259078646205 74.79575707596571 39.40909962935558 76.68749783474274 78.48340583561702 11.118519222081595 65.56246358231301 40.90898827832129 34.63620858980971 69.22652162957156 0.0 58.00440572679655 34.10196420103069 41.673562517011646 48.81949483271962 39.63117106697859 55.468002663824 53.7554154144522 43.01178043441149 47.379924684697336 48.14696356942727 72.10879705914581 46.51789649188954 73.88612821440105 73.9255855424365 9.415117288254025 64.25333978989238 41.61801778455527 38.73467373940719 64.25955288116889 18.31768926335059 58.535909481607234 58.85096938734172 57.10195657984627 39.99112642699215 56.52720698914292 56.40654508023846 59.64960572137249 43.4297620026688 46.87458508106005 43.31291457033626 51.770450799109824 72.42412277056273 26.290771116445708 46.89092521199829 74.36526577583288 81.2250215943085 39.87255344750454
54.77413806589028 45.7926797731814 50.50276846358587 19.810769663230193 25.387472817686323 64.64151832883095 61.06061873088699 75.72113561329873 47.85554032499628 33.672980883329245 58.00440572679655 0.0 63.48325441614179 56.90792746110756 47.29093868258399 72.71270521700826 90.82085227125684 17.319786863624717 90.26113789640328 11.118205719468321 94.61071793218578 48.95665682125075 48.94009293079325 17.263770687632185 26.124010928732883 58.0869868075239 56.929717245223905 74.73131066718626 44.101009080877425 36.38466970507933 54.98799819155336 0.7113065980774589 66.03266995997421 69.41286213834321 41.985449642786605 40.86332378653804 91.46659806948892 18.74219708739896 54.85879024877145 45.5337042072761 88.43165217870232 82.66252550095902 14.455251303963474 70.90882563213995 54.490265679724835 18.990786374414757 70.16783157119016 61.25147099945088
13.73574752649763 56.148581369952964 16.11745364419409 76.66562255408543 74.11245032013981 26.497491379196983 37.06909506408318 12.238503652268726 16.198384238787686 56.25139343014665 34.10196420103069 63.48325441614179 0.0 12.64535123313254 26.36347421608701 9.268329366093557 27.769575441098894 50.31159059435519 29.581397226213724 52.93482762290539 32.87745546572694 51.09258211564802 23.07872459612268 73.99863077776362 66.8099819941484 24.705514313818266 37.50098502026241 11.380905569259147 21.339643383686365 48.94893075323807 16.538564574621404 64.18454647212829 27.040219832579893 23.934637436896782 23.812210815077357 38.0583554589652 28.515020054957425 54.50246810367366 15.862185718342433 25.870728605409763 26.732659808032956 20.706815237262763 75.56925817645708 15.489515299161479 19.524227161901447 72.9770243274514 52.38120405630539 7.665933217821347
2.13391979423662 43.71116639148503 6.4323267821977455 67.71299179875112 64.06434899120116 36.45643065535108 25.110895084744545 22.14416906473245 10.516408446164686 44.74818366652381 41.673562517011646 56.90792746110756 12.64535123313254 0.0 14.212901512864068 19.119851220055498 34.91666761858845 41.82175135213026 41.49624627295882 47.279758355669 44.23501098305814 38.49930792756722 10.968097802100772 65.18498488137989 56.30888650415648 32.88167807189084 25.08365271705989 20.4779679131427 12.818803203792495 37.20559916173567 23.43944863468341 57.61919143177643 17.224541859443573 16.48727066251575 14.95053397663578 26.1076685284044 35.425468756695075 45.14433214074918 3.292075070224983 14.234681954746321 38.314357538267636 26.225423992347626 67.59745129726232 27.9368449775636 6.882124396655814 63.773606727506355 40.747391264964165 5.690194167354745
12.687516153607971 29.8330962309592 10.87906185884741 55.36122851631128 50.79888605994988 46.34385988708419 18.174660699988745 36.32923133620665 14.449663291788221 30.636052678341436 48.81949483271962 47.29093868258399 26.36347421608701 14.212901512864068 0.0 33.324620945160994 48.216944138364646 30.68736001811111 55.65732439476645 39.22785518991225 58.44787821063279 25.15170954588683 3.2876604767574102 53.001250249226736 42.75781774818401 41.368550976340224 15.81610529491352 34.615851373883885 10.223455586177453 23.025686837957885 32.18139224785099 47.9863924271071 18.8542748305955 22.19264920627963 9.731703592471543 11.90077550755796 48.62167332729779 32.86770611343563 10.965594040442017 2.353491079610753 52.517075222866175 39.28440531646128 56.19664448189053 40.90195949093355 8.426713811712833 51.24506678529687 33.06750261212712 19.9030798982218
20.827640680264356 62.498630370767664 24.145022593053113 85.53774090644734 82.607165472083 30.2639720548624 40.50466846895526 3.1114642732134925 25.14976029287592 63.848632204413455 39.63117106697859 72.71270521700826 9.268329366093557 19.119851220055498 33.324620945160994 0.0 18.590596366744474 59.23532556377005 22.738554212600416 62.197623913251874 25.14503807038736 56.945662000768465 30.0879308438862 82.90269684819411 75.08073962230142 30.35273072952374 41.84263286420548 2.2248622337782002 29.949286329652693 56.32494773864026 23.85782751546731 73.41540765202366 28.75041323688377 24.16958848079886 32.399070290097534 45.22406092141528 19.370446936478416 63.20714414366264 22.361593464936778 33.29483981660065 19.344938609972104 12.392385819506494 84.65145111379951 15.544576447455118 25.45201118540047 81.77233697968533 54.83798697531977 13.438772993042285
36.964152456797386 75.09892038914647 40.93590769123335 102.61420801649409 98.86514433690452 44.88821191811394 49.57689195804623 15.963847639509144 42.97395248332907 78.61333835815134 55.468002663824 90.82085227125684 27.769575441098894 34.91666761858845 48.216944138364646 18.590596366744474 0.0 76.57691335793253 20.83200902201935 80.49688965471717 18.976604224120987 68.88942913289554 45.273025025706396 100.06660028062812 90.9476240427368 46.76293940880443 52.23218727564175 16.408680068713448 47.186662835435264 70.87461167974001 41.77347148034456 91.5282963287599 36.885242177575655 31.200669158557655 49.53465902019776 59.79344665588539 0.9519233153649407 80.05846229701314 37.72820486352286 48.8085066821019 17.391180823335038 8.98809508633688 102.26254583185136 29.21674798921612 39.79760552783669 98.68916004456894 60.9862720682011 29.83644999215603
39.717908105080845 30.80858274946036 35.6463546262238 26.366486047310516 25.254389952335238 57.65409907321791 43.741949712033836 62.3327416052518 34.12465045462105 19.863214976387894 53.7554154144522 17.319786863624717 50.31159059435519 41.82175135213026 30.68736001811111 59.23532556377005 76.57691335793253 0.0 78.88160895604003 13.632131400496782 82.77758543775643 32.78824700182624 32.72010351161828 23.6870868219411 20.19472166685977 51.070655391132824 39.611561634722115 61.076759139807045 29.415876208283553 20.169977968595457 45.51594592812526 17.964750315050168 49.151356701386995 52.873125418710664 27.04360661252665 23.543629643030574 77.13656378516018 5.971470889811138 39.36432401699067 29.1702101456181 76.55256464410238 68.02316435623618 25.79260721808172 60.37222826969458 38.41561042498239 22.814043576336612 53.24619965981167 46.74219033020467
42.98133098037941 85.13913438185274 45.69544224112007 105.1786139952641 103.30633914827982 31.92340234741297 62.91255297392002 20.09779435094245 45.31296142692355 85.82506044824403 43.01178043441149 90.26113789640328 29.581397226213724 41.49624627295882 55.65732439476645 22.738554212600416 20.83200902201935 78.88160895604003 0.0 79.24394256857471 5.137145390564447 79.6666045665677 52.377760392193174 102.43890099278323 96.22151550180295 36.325623422101756 64.48620378238924 22.081236708886497 50.73256977672387 78.47369763439282 35.66132168712066 90.93316052070028 50.692653360529036 45.547606321174605 53.1943670801305 67.49126157592939 21.62447962000559 83.49178083341987 44.78511267976711 55.360808419831244 3.8560778175740618 24.791100057557227 103.33249307608135 19.5738298389143 48.06954771763939 101.69343469081738 76.59018675293406 35.83651400629931
45.16139911421611 44.43160533014656 40.84901774467741 29.38921203252531 32.60086641096815 53.62573145130954 54.804924678009094 65.16110239029561 37.70438218893676 33.36216639044095 47.379924684697336 11.118205719468321 52.93482762290539 47.279758355669 39.22785518991225 62.197623913251874 80.49688965471717 13.632131400496782 79.24394256857471 0.0 83.64522154534383 46.13285196859061 40.37578510240893 26.61655205803931 30.51897247674186 47.047469414293765 50.936871189779666 64.2637089959776 34.50318348433672 33.62571340510516 43.88851317647132 11.759355693869505 58.06702189811977 60.88654438324843 32.606808881820015 35.08143228444161 81.17582604566404 18.305620866384235 45.53761730591556 37.220173962592504 77.4846085231797 72.55327300402388 25.19428434551769 59.843535366476814 45.660182105865 27.446558391882043 65.79141018744318 51.248193753114435
45.86376757845929 87.58395101486957 48.87005477523626 109.12607531401115 106.94159694937268 37.05472046948327 64.39286449901194 22.22415417573865 48.914373216739946 88.88078356440197 48.14696356942727 94.61071793218578 32.87745546572694 44.23501098305814 58.44787821063279 25.14503807038736 18.976604224120987 82.77758543775643 5.137145390564447 83.64522154534383 0.0 81.91112392448152 55.196128499964196 106.40871172110651 99.68737821150891 41.3755017105824 66.2651405189369 24.08265739415907 54.202192823329824 81.41426606954369 40.32699842786983 95.28930635808622 51.917647111002886 46.54838508682625 56.67414161396648 70.34027777682758 19.623918093966257 87.2266695151701 47.49386697554711 58.32656180399238 6.226836894348507 24.65446285567041 107.49692335144837 24.315569307474536 50.58241663355743 105.56229911193302 77.4809629860433 38.54490894423086
37.391210239527396 6.668870805448364 36.03050006149869 47.214802577224255 39.12470300678791 70.99990640811176 20.617822845740882 59.73182393289412 39.1513305151271 16.839758702572077 72.10879705914581 48.95665682125075 51.09258211564802 38.49930792756722 25.15170954588683 56.945662000768465 68.88942913289554 32.78824700182624 79.6666045665677 46.13285196859061 81.91112392448152 0.0 28.31281081360113 45.84138744847297 30.789778327650495 65.58133626198803 17.00201526260152 57.83539272444237 33.987191126163715 12.65265580656311 56.774512694426626 49.48389099763642 32.48067984122917 38.09781542782505 32.321824681337425 15.602228631190108 69.06713746196797 30.225071328656103 35.24030740126466 26.383100159309237 76.27859882809217 60.01554909504027 51.33159944132786 65.98559505112867 31.702374574340457 42.9784585346566 22.170999750246576 43.99911027191536
9.401938283975431 33.09866983345476 7.804792980196493 57.87419640453968 53.61886150498571 43.56146527723399 19.498846848485236 33.107020279596476 11.903405792656233 33.802941900936055 46.51789649188954 48.94009293079325 23.07872459612268 10.968097802100772 3.2876604767574102 30.0879308438862 45.273025025706396 32.72010351161828 52.377760392193174 40.37578510240893 55.196128499964196 28.31281081360113 0.0 55.45580262849896 45.677722659980205 38.787134382133345 17.748504543909675 31.41625542717203 8.630043556089843 26.238477805177347 29.481273238214225 49.643105233418275 17.940970518205315 20.53875955263476 8.946032913546937 15.144465021847843 45.70490783599869 35.30137916136969 7.757783510008785 3.611055151790456 49.2504112602176 36.38190665140231 58.40958304136591 37.68712733458779 5.724773184739251 53.81026505820991 34.87330600519181 16.65447039064653
63.113508732119605 40.756015609783724 59.15036557685272 2.8227417495447633 10.184418515597786 79.46200965610866 62.581613065679555 86.00365323995243 57.8096932092185 29.00213173335328 73.88612821440105 17.263770687632185 73.99863077776362 65.18498488137989 53.001250249226736 82.90269684819411 100.06660028062812 23.6870868219411 102.43890099278323 26.61655205803931 106.40871172110651 45.84138744847297 55.45580262849896 0.0 15.799999366040439 72.83106840912076 58.26808213272101 84.72318070171005 53.01618822115609 34.94141232059476 68.35783741753322 17.011347256118654 70.41935320978726 74.78050643467652 50.607450871792445 43.40740564082582 100.59821825026707 20.15471073571124 62.54829463876056 51.845354869391805 100.18198943960714 91.40659536576321 6.585219156254085 83.6786436481548 61.174958147915916 3.2604583760157446 68.01219706730856 70.26992979926248
54.39988576890741 25.24990502830123 50.9443211198225 16.671801782695645 8.535679176943654 77.40034126098524 49.080155267428125 78.17997819077225 50.91983148127284 14.279984769649868 73.9255855424365 26.124010928732883 66.8099819941484 56.30888650415648 42.75781774818401 75.08073962230142 90.9476240427368 20.19472166685977 96.22151550180295 30.51897247674186 99.68737821150891 30.789778327650495 45.677722659980205 15.799999366040439 0.0 70.88229996255333 44.816633521901174 76.65625270061282 45.50303392171961 21.420134587560618 64.65113451156103 26.304961042133684 58.369196219511785 63.25384608228795 43.03537399510835 31.633293301448504 91.3684570041639 14.276173214586054 53.306524465722866 42.169339166930584 93.53006035731948 82.03529604327117 22.06472700604351 78.63055210386729 51.18411116066594 12.647548266319825 52.846765400042145 61.81367933197123
32.4310879735556 68.86699720393032 31.31613125124007 75.65380376111233 76.27713830504327 6.632690623221657 57.33311751835996 31.786111957686664 26.931296177182347 64.55867100882044 9.415117288254025 58.0869868075239 24.705514313818266 32.88167807189084 41.368550976340224 30.35273072952374 46.76293940880443 51.070655391132824 36.325623422101756 47.047469414293765 41.3755017105824 65.58133626198803 38.787134382133345 72.83106840912076 70.88229996255333 0.0 56.35631548871195 32.385571293016596 31.6506993577602 58.89077298951144 9.492374451896067 58.68761780506079 49.925307111335705 47.91965478414837 33.26676496050561 50.19128173762588 47.68817314740184 56.73132837091492 34.89914062502003 39.617602804247994 36.012437081952925 42.59354240277766 72.20762583356614 17.97985624635862 38.50786630841639 72.89772352875109 73.06067873070991 30.67973166392606
24.68019993343538 23.560019744322886 25.044423229051485 60.13873763737833 53.351613363787656 60.80355991603253 4.3135465576207705 44.38857721851175 29.6182484547351 30.643291496887056 64.25333978989238 56.929717245223905 37.50098502026241 25.08365271705989 15.81610529491352 41.84263286420548 52.23218727564175 39.611561634722115 64.48620378238924 50.936871189779666 66.2651405189369 17.00201526260152 17.748504543909675 58.26808213272101 44.816633521901174 56.35631548871195 0.0 42.41257828711008 26.00429662325387 23.50626228229887 46.94451196831935 57.56939363520154 15.52368445882744 21.186482201418233 25.49133506917543 16.080439515725054 52.358636729335664 39.51221818878645 22.20440473167558 18.0579600232971 60.920910550732316 43.47227819957667 62.81608081861821 52.95225642742598 18.380211318952448 55.82857167509245 17.251955278135753 29.91074320328327
22.286424125501743 63.50878947481624 25.78540870408384 87.342581364942 84.25877863188501 32.06033736215336 40.86098600964857 2.0189788662396992 27.0561751015077 65.21741584680984 41.61801778455527 74.73131066718626 11.380905569259147 20.4779679131427 34.615851373883885 2.2248622337782002 16.408680068713448 61.076759139807045 22.081236708886497 64.2637089959776 24.08265739415907 57.83539272444237 31.41625542717203 84.72318070171005 76.65625270061282 32.385571293016596 42.41257828711008 0.0 31.72082074633635 57.64113029008318 26.051514629626666 75.43534831078556 28.819429065714615 23.96932887136914 34.15420945442087 46.51092043527563 17.17606786072685 64.95326862506971 23.660441134230688 34.708380165356445 18.518980687909043 10.249796608841875 86.56245471405994 17.005758600323105 26.569840922180113 83.54474689317553 54.8742233958941 14.8609321301218
10.68792489427245 37.702789094947 6.401759382708446 55.624844383391824 52.77720772206582 37.02106265564849 28.063971535648882 33.059310659191425 5.638292855847289 35.608551185760966 38.73467373940719 44.101009080877425 21.339643383686365 12.818803203792495 10.223455586177453 29.949286329652693 47.186662835435264 29.415876208283553 50.73256977672387 34.50318348433672 54.202192823329824 33.987191126163715 8.630043556089843 53.01618822115609 45.50303392171961 31.6506993577602 26.00429662325387 31.72082074633635 0.0 28.786800409366453 22.80102390078118 44.81231567895489 25.727749252814853 27.24001230984677 2.4726021740667763 18.86715199051392 47.764175516311525 33.25938813466872 11.118689227410753 8.153112537505638 48.032428547166575 38.737687941832036 55.077511688441035 33.85541415525606 12.10443702552848 51.82810210707708 43.24142855770243 17.35607001572017
35.55328373503247 11.399471128269953 32.86497035343719 36.701678301999856 29.93260652328332 64.8731341480672 27.804105308586546 59.34485058392168 34.41209059771134 7.76187617943533 64.25955288116889 36.38466970507933 48.94893075323807 37.20559916173567 23.025686837957885 56.32494773864026 70.87461167974001 20.169977968595457 78.47369763439282 33.62571340510516 81.41426606954369 12.65265580656311 26.238477805177347 34.94141232059476 21.420134587560618 58.89077298951144 23.50626228229887 57.64113029008318 28.786800409366453 0.0 50.91299147447798 36.928388271329446 37.043827712324266 42.07808095896383 26.563461629055272 11.148273837012068 71.21559131819522 17.71244429909802 33.984314519098184 23.115065421904095 75.42949335348571 61.891213261452364 39.875393729256004 62.56730759417751 31.25151785294573 32.389825095595135 34.00262494509314 42.887952279970925
22.942226058782776 60.41780748223721 21.902925137273026 71.16078927213653 70.71233204984325 14.225954431212095 47.85225890099444 25.953417733866623 17.74516416916534 57.05937361563511 18.31768926335059 54.98799819155336 16.538564574621404 23.43944863468341 32.18139224785099 23.85782751546731 41.77347148034456 45.51594592812526 35.66132168712066 43.88851317647132 40.32699842786983 56.774512694426626 29.481273238214225 68.35783741753322 64.65113451156103 9.492374451896067 46.94451196831935 26.051514629626666 22.80102390078118 50.91299147447798 0.0 55.641161719674514 40.56125525473379 38.81486560969945 24.652519744395825 41.608728455180504 42.64339725635217 50.831931957045875 25.40741164079437 30.549697246652844 34.350460286632114 36.22892686544828 68.53517694529828 16.094768133092295 29.019328024088935 68.04241480999328 63.58289086450499 21.617630199816475
55.48539872592234 46.25731470269645 51.21407506166333 19.51324418557477 25.335115945351937 65.23565467786305 61.706618324969284 76.42261968744162 48.563908723392345 34.111315708394244 58.535909481607234 0.7113065980774589 64.18454647212829 57.61919143177643 47.9863924271071 73.41540765202366 91.5282963287599 17.964750315050168 90.93316052070028 11.759355693869505 95.28930635808622 49.48389099763642 49.643105233418275 17.011347256118654 26.304961042133684 58.68761780506079 57.56939363520154 75.43534831078556 44.81231567895489 36.928388271329446 55.641161719674514 0.0 66.72211240074701 70.11251436866009 42.696446819266505 41.50755887546113 92.17458715237855 19.26055875044133 55.56895100617843 46.233775151038905 89.11202093067423 83.37251482566981 13.973970362225376 71.57197441094749 55.19593553391523 18.84189675666348 70.74357014224799 61.96185417177323
18.205868883922328 38.95506633985631 21.17448816139743 72.57725668368866 66.80715515261416 53.00499523493975 12.704954182756985 30.838397501346197 26.369726664559217 44.66921620052095 58.85096938734172 66.03266995997421 27.040219832579893 17.224541859443573 18.8542748305955 28.75041323688377 36.885242177575655 49.151356701386995 50.692653360529036 58.06702189811977 51.917647111002886 32.48067984122917 17.940970518205315 70.41935320978726 58.369196219511785 49.925307111335705 15.52368445882744 28.819429065714615 25.727749252814853 37.043827712324266 40.56125525473379 66.72211240074701 0.0 5.694987326449301 26.68525220473791 27.05861214911765 36.964950667958064 50.598986014800616 16.094936050383364 20.860663951687748 46.970960196127834 28.290400787859202 74.18723794933992 42.148222206244334 13.700054526666202 68.3307818696382 26.087974574485123 19.670254880594754
18.024243597720478 44.52534967977874 21.763008628275525 77.02497262423294 71.6236142403577 50.37602917501732 18.376722430651363 25.975583809821032 26.686316132403228 49.776709562731384 57.10195657984627 69.41286213834321 23.934637436896782 16.48727066251575 22.19264920627963 24.16958848079886 31.200669158557655 52.873125418710664 45.547606321174605 60.88654438324843 46.54838508682625 38.09781542782505 20.53875955263476 74.78050643467652 63.25384608228795 47.91965478414837 21.186482201418233 23.96932887136914 27.24001230984677 42.07808095896383 38.81486560969945 70.11251436866009 5.694987326449301 0.0 28.633166657649074 31.69582596877474 31.272979026408166 54.77416422213698 16.470992251883086 23.879691206118142 41.778638293583214 22.66217248971279 78.26598264315008 38.40598939608553 15.30647575897927 72.81993537321574 31.042586018029656 17.241035051856873
12.818785507799038 35.76529402461933 8.626742396098445 53.20513691952464 50.305747036602504 38.82791827714869 27.887834607413286 35.50989624585935 8.000300952261586 33.26889819706578 39.99112642699215 41.985449642786605 23.812210815077357 14.95053397663578 9.731703592471543 32.399070290097534 49.53465902019776 27.04360661252665 53.1943670801305 32.606808881820015 56.67414161396648 32.321824681337425 8.946032913546937 50.607450871792445 43.03537399510835 33.26676496050561 25.49133506917543 34.15420945442087 2.4726021740667763 26.563461629055272 24.652519744395825 42.696446819266505 26.68525220473791 28.633166657649074 0.0 16.968970271371767 50.09974960031594 30.808463934764006 12.940271047241705 7.43632349132126 50.50315031090605 41.02761831319975 52.751401369490765 36.19925819369535 13.337922468696474 49.390546030980545 42.73484635352327 19.698813713140087
24.515268195105126 18.835776633598407 22.103307782887665 45.527838780475214 39.9439287987189 55.79608570261786 20.20043696993414 48.229857015125226 24.319706138609458 18.834283448705833 56.52720698914292 40.86332378653804 38.0583554589652 26.1076685284044 11.90077550755796 45.22406092141528 59.79344665588539 23.543629643030574 67.49126157592939 35.08143228444161 70.34027777682758 15.602228631190108 15.144465021847843 43.40740564082582 31.633293301448504 50.19128173762588 16.080439515725054 46.51092043527563 18.86715199051392 11.148273837012068 41.608728455180504 41.50755887546113 27.05861214911765 31.69582596877474 16.968970271371767 0.0 60.152011414076505 23.872873956783717 22.86636933963452 12.201517607370638 64.39027342258177 50.81803253161862 47.438221702204366 52.11585875845498 20.10731302602824 41.27441211923653 31.00124664806047 31.79668887182821
37.48575140182066 75.30758680021749 41.49044124937385 103.1362620737728 99.31407695653817 45.83540689867951 49.640587973393 16.792800901816033 43.612519564319214 78.96087937800094 56.40654508023846 91.46659806948892 28.515020054957425 35.425468756695075 48.62167332729779 19.370446936478416 0.9519233153649407 77.13656378516018 21.62447962000559 81.17582604566404 19.623918093966257 69.06713746196797 45.70490783599869 100.59821825026707 91.3684570041639 47.68817314740184 52.358636729335664 17.17606786072685 47.764175516311525 71.21559131819522 42.64339725635217 92.17458715237855 36.964950667958064 31.272979026408166 50.09974960031594 60.152011414076505 0.0 80.56933908927417 38.19803948447582 49.252973617528724 18.22866234523331 9.339961273242496 102.84141435384616 30.160467399728006 40.19704228679495 99.19716936900383 60.86077330878647 30.408408904781567
43.09633551457092 27.20114374263365 39.231081297375 22.597297864260447 19.943315416800854 63.28339163646373 43.77808909858754 66.31770878902833 38.33322454624542 15.385416429073928 59.64960572137249 18.74219708739896 54.50246810367366 45.14433214074918 32.86770611343563 63.20714414366264 80.05846229701314 5.971470889811138 83.49178083341987 18.305620866384235 87.2266695151701 30.225071328656103 35.30137916136969 20.15471073571124 14.276173214586054 56.73132837091492 39.51221818878645 64.95326862506971 33.25938813466872 17.71244429909802 50.831931957045875 19.26055875044133 50.598986014800616 54.77416422213698 30.808463934764006 23.872873956783717 80.56933908927417 0.0 42.44293272938902 31.69079496134437 81.01630225158723 71.34022782063829 23.60271446311608 65.32389792890255 41.02024754324274 18.632165129755816 51.66327942557954 50.33961758642015
2.5060949421846037 40.421176244619986 5.293052037096224 65.03765594660355 61.14723615378776 38.84706043089333 22.568206397491615 25.363875844302154 10.344625892903696 41.56065389444746 43.4297620026688 54.85879024877145 15.862185718342433 3.292075070224983 10.965594040442017 22.361593464936778 37.72820486352286 39.36432401699067 44.78511267976711 45.53761730591556 47.49386697554711 35.24030740126466 7.757783510008785 62.54829463876056 53.306524465722866 34.89914062502003 22.20440473167558 23.660441134230688 11.118689227410753 33.984314519098184 25.40741164079437 55.56895100617843 16.094936050383364 16.470992251883086 12.940271047241705 22.86636933963452 38.19803948447582 42.44293272938902 0.0 11.145483206465423 41.591129947073256 28.920529494583423 65.15643788655267 31.027085987276998 3.825491250190253 61.04864597773558 38.28833993678734 8.96123981836099
12.471549470807112 30.69308965796901 9.922874317126903 54.2632633600354 50.06115007955944 44.75854465175268 20.513728680228816 36.34723048404232 12.821150798369052 30.56051882437249 46.87458508106005 45.5337042072761 25.870728605409763 14.234681954746321 2.353491079610753 33.29483981660065 48.8085066821019 29.1702101456181 55.360808419831244 37.220173962592504 58.32656180399238 26.383100159309237 3.611055151790456 51.845354869391805 42.169339166930584 39.617602804247994 18.0579600232971 34.708380165356445 8.153112537505638 23.115065421904095 30.549697246652844 46.233775151038905 20.860663951687748 23.879691206118142 7.43632349132126 12.201517607370638 49.252973617528724 31.69079496134437 11.145483206465423 0.0 52.32059643041105 39.93957874770183 54.826753589578516 40.00509296035622 9.331255659366791 50.201420551355156 35.305742562773915 19.867266459488434
39.88150175207398 81.84026760078486 42.78011875213982 102.89979453591 100.74862840986754 32.19932136034953 59.25979978805632 16.571521601484342 42.716082070772075 82.85213147969512 43.31291457033626 88.43165217870232 26.732659808032956 38.314357538267636 52.517075222866175 19.344938609972104 17.391180823335038 76.55256464410238 3.8560778175740618 77.4846085231797 6.226836894348507 76.27859882809217 49.2504112602176 100.18198943960714 93.53006035731948 36.012437081952925 60.920910550732316 18.518980687909043 48.032428547166575 75.42949335348571 34.350460286632114 89.11202093067423 46.970960196127834 41.778638293583214 50.50315031090605 64.39027342258177 18.22866234523331 81.01630225158723 41.591129947073256 52.32059643041105 0.0 20.945483325962307 101.28002635432047 18.493971550045053 44.78053045423353 99.3396544602877 72.8183693940536 32.629927301447324
28.312447660740528 66.17828537250179 32.401305808136556 93.92396779429049 89.99857286224355 41.93916455714279 40.9918295318577 10.884719097456017 34.85968530880291 69.63266020664271 51.770450799109824 82.66252550095902 20.706815237262763 26.225423992347626 39.28440531646128 12.392385819506494 8.98809508633688 68.02316435623618 24.791100057557227 72.55327300402388 24.65446285567041 60.01554909504027 36.38190665140231 91.40659536576321 82.03529604327117 42.59354240277766 43.47227819957667 10.249796608841875 38.737687941832036 61.891213261452364 36.22892686544828 83.37251482566981 28.290400787859202 22.66217248971279 41.02761831319975 50.81803253161862 9.339961273242496 71.34022782063829 28.920529494583423 39.93957874770183 20.945483325962307 0.0 93.7737068637035 26.451018838714166 30.858911892196524 89.95882412395473 53.12813871123529 21.422578526873245
65.48703711989134 46.575261616153156 61.37473391037788 7.523168632515139 16.730365347859514 78.80058286404024 67.11621835714152 87.72479345689572 59.50864069657031 34.55113452348388 72.42412277056273 14.455251303963474 75.56925817645708 67.59745129726232 56.19664448189053 84.65145111379951 102.26254583185136 25.79260721808172 103.33249307608135 25.19428434551769 107.49692335144837 51.33159944132786 58.40958304136591 6.585219156254085 22.06472700604351 72.20762583356614 62.81608081861821 86.56245471405994 55.077511688441035 39.875393729256004 68.53517694529828 13.973970362225376 74.18723794933992 78.26598264315008 52.751401369490765 47.438221702204366 102.84141435384616 23.60271446311608 65.15643788655267 54.826753589578516 101.28002635432047 93.7737068637035 0.0 84.2256693658527 64.12591015235306 9.823746757946662 73.46474008867908 72.4330064858227
28.70686276965311 70.67972145856157 30.099771725846576 86.45421883444227 85.26129109068535 15.716240098567258 52.5531441274221 15.730056547973662 28.219047027875728 69.46128421058782 26.290771116445708 70.90882563213995 15.489515299161479 27.9368449775636 40.90195949093355 15.544576447455118 29.21674798921612 60.37222826969458 19.5738298389143 59.843535366476814 24.315569307474536 65.98559505112867 37.68712733458779 83.6786436481548 78.63055210386729 17.97985624635862 52.95225642742598 17.005758600323105 33.85541415525606 62.56730759417751 16.094768133092295 71.57197441094749 42.148222206244334 38.40598939608553 36.19925819369535 52.11585875845498 30.160467399728006 65.32389792890255 31.027085987276998 40.00509296035622 18.493971550045053 26.451018838714166 84.2256693658527 0.0 34.794962019223725 83.1378774343636 67.79342192246892 23.150933802440054
6.3048853639219855 37.070731880356874 7.751205161636058 63.58538386267498 59.20667321766186 42.5951631569715 18.849452382924113 28.36713848400346 12.957354515265125 38.933406129069866 46.89092521199829 54.490265679724835 19.524227161901447 6.882124396655814 8.426713811712833 25.45201118540047 39.79760552783669 38.41561042498239 48.06954771763939 45.660182105865 50.58241663355743 31.702374574340457 5.724773184739251 61.174958147915916 51.18411116066594 38.50786630841639 18.380211318952448 26.569840922180113 12.10443702552848 31.25151785294573 29.019328024088935 55.19593553391523 13.700054526666202 15.30647575897927 13.337922468696474 20.10731302602824 40.19704228679495 41.02024754324274 3.825491250190253 9.331255659366791 44.78053045423353 30.858911892196524 64.12591015235306 34.794962019223725 0.0 59.51017163832393 34.582564006081185 12.297917765663158
61.72814963757384 37.74990866854746 57.85352825790906 4.312080827694987 7.110912804112366 79.52910518691222 60.13964614166798 84.8805489804964 56.78012709516933 26.16229969489524 74.36526577583288 18.990786374414757 72.9770243274514 63.773606727506355 51.24506678529687 81.77233697968533 98.68916004456894 22.814043576336612 101.69343469081738 27.446558391882043 105.56229911193302 42.9784585346566 53.81026505820991 3.2604583760157446 12.647548266319825 72.89772352875109 55.82857167509245 83.54474689317553 51.82810210707708 32.389825095595135 68.04241480999328 18.84189675666348 68.3307818696382 72.81993537321574 49.390546030980545 41.27441211923653 99.19716936900383 18.632165129755816 61.04864597773558 50.201420551355156 99.3396544602877 89.95882412395473 9.823746757946662 83.1378774343636 59.51017163832393 0.0 65.13764261481212 68.96654393674469
