0.0 69.62158823360748 90.96416260548911 96.09881232017372 21.25793190038581 119.26249677650172 75.31203382135051 41.25578268856335 103.51605238690487 59.19776631132155 15.949304729987023 67.21050721419705 76.537401057044 49.887636697048734 73.79452390567936 17.098892286476715 56.03049409809465 51.30761962104823 11.656236504824157 78.16768155829786 24.184424334674624 67.58553042906011 70.48777146973951 95.58648035516856 27.76842316651509 91.54418524032688 69.77362294620087 40.310339825784745 85.97711427094393 60.21131333824929 17.24853058881815 97.45966348267311 84.90078219330432 74.19657769222744 75.97845436028614 40.073265513206906 48.71021892821163 56.411548289650426 14.698750690847117 75.89873684894211 102.6969983551848 96.04746494925011 4.660764031436202 85.3172583955858 66.8628202193943 14.481924287243768 77.62405027142164 74.6407857995987
69.62158823360748 0.0 21.52594162246309 26.62165761799206 56.20208672257839 51.60115089163027 43.96547290713381 31.253279021571387 34.90514390629374 22.925386883662984 55.610524472470416 10.048617451344697 26.502064380426983 26.762592195084018 41.4173168099029 60.590362916829896 39.22046493540554 21.372730373460392 60.919096895089154 12.115779805061427 46.53441184996073 18.16917031612347 14.07931460375886 26.192227953464556 43.74049965696683 21.923244231195635 34.458680842741664 36.09557995952876 19.80801870236277 25.631878510293806 54.060891090065596 29.594498072474323 37.34101837478251 5.134602580675555 44.021440355963975 49.24293168655344 40.823072161133524 16.455747530048875 54.92365254537586 11.300413988786277 33.761300191979196 28.193465781055707 67.89537265035807 19.380757234127767 16.92944510657959 65.5958488729823 51.43367380139517 9.410700761286371
90.96416260548911 21.52594162246309 0.0 5.136256937162612 77.62527725199618 34.51368556815637 54.8837431132307 52.579467896270295 18.030816443462555 40.979165681415154 77.13086738475877 27.519917921092865 35.222890808049215 47.0801830991437 52.7315882492904 82.07210405549559 56.534547473064855 42.39452063724203 81.87291501948023 18.085870664324755 68.05653032085218 33.057978102555474 27.843287397555994 4.6679286725531925 65.25849502725069 3.456454278951628 47.1329129032955 57.01262366613265 10.873659872915873 42.83018476741172 75.58078201883224 16.153049553219752 42.394407908794406 17.664739480408997 54.67146485474048 69.26982000031526 59.79271942170516 37.18073479827335 76.27128256223065 20.336417945303342 12.508264709833904 15.380770830031242 89.36028581691505 11.395725012776785 32.50885601076592 87.0956394966668 62.2890096779507 20.257411569508196
96.09881232017372 26.62165761799206 5.136256937162612 0.0 82.64214012370034 30.70932569089792 57.823386672839156 57.57604457203141 15.113338478197475 45.43439551023721 82.23218207308557 32.177839893411466 38.28605937667446 51.866986373467306 55.788237661338236 87.11674697175604 60.69628544292962 47.335392006676194 87.00080592384434 22.15824974910946 73.15592627996125 37.21371366599593 32.05682424361723 0.9506434377426437 70.33227471257575 5.667852297200452 50.5584013986068 61.89621967932714 14.268054404174213 47.12214308424776 80.6825373036529 15.129898180430803 44.439889728792515 22.60599516944951 57.560669373290025 73.92129702060578 64.255196486093 42.08813722526086 81.40527177511598 24.53380380136815 8.039234125750552 14.788991237354645 94.48315631738845 14.909399042779503 36.77878373690285 92.15116400760523 65.1030316883882 24.69070112837435
21.25793190038581 56.20208672257839 77.62527725199618 82.64214012370034 0.0 102.53227623813895 54.38991733938793 25.08445454207202 87.76190524667648 41.01822703414976 7.9422516267728405 51.41138954726114 57.66971097745215 32.17195930916758 53.013620477655195 4.9791461865507 35.232488771085045 35.457384279121925 22.794730949377694 62.517588079222804 11.957894866822244 49.96002916280939 53.70143317250123 82.2868200900228 13.103669540241944 77.53841451308976 49.55527371900296 21.77604458315107 74.77989376917263 41.3727153995437 8.15959984878918 81.4124855546061 65.02864897047809 60.05438381223055 55.06985878119004 18.81540174668693 27.878034579433283 40.774361858177926 14.836606725619326 60.09252807891698 89.95977809158167 80.04499981264134 17.056425272847274 74.1967521734229 49.51216081655116 10.034536396391339 56.41336186311615 59.167105263814385
119.26249677650172 51.60115089163027 34.51368556815637 30.70932569089792 102.53227623813895 0.0 61.42751095670897 78.26538324213851 16.950980109049905 61.63388306790137 104.05601805534332 52.063130221453186 46.69526347602011 70.37216258114886 60.478230089131905 107.40482711922782 72.72715275279465 67.99497645597576 111.68214616371407 41.260618639733465 95.2026069071869 52.59800003525204 48.958122297638035 31.644762050338265 91.82438720411695 31.971794666582475 58.55572451517927 80.75790236988593 44.94030015440288 61.80229733777375 102.5642212917543 22.08685573510499 45.15115164183685 46.50992618973145 60.87126301441043 89.39800609913733 78.54156324979432 62.85115811010564 104.78876249767767 43.43104444459199 30.770361401309046 23.507256117878754 116.83152578859855 45.559829082734645 53.021101750163915 112.53059007358104 66.88138349710425 44.816763592518384
75.31203382135051 43.96547290713381 54.8837431132307 57.823386672839156 54.38991733938793 61.42751095670897 0.0 39.64437432957875 52.95867178181226 25.247951310365952 59.65798013725234 34.028313294324526 19.66594783097204 31.46467310184016 2.606712041477396 59.15896907892542 19.301870821047878 35.63584433408776 72.85242009165195 37.70585966107613 53.436533914852596 25.8543578721325 30.09624795883527 58.135588612324945 49.74595139125765 52.40050777294068 9.822580052871011 36.879413577783005 60.35212508807558 22.14842710210038 58.61157239493545 47.05979203339468 16.276427036108096 42.7019006372216 0.7113065980774589 36.22159164225521 26.601814898664003 34.94261815590261 63.93127753333781 36.108283223417224 65.6089991156038 46.27293959229517 71.37645040844232 60.241572297456145 27.181925354287443 63.65716158044634 7.556907766187412 37.181547926297625
41.25578268856335 31.253279021571387 52.579467896270295 57.57604457203141 25.08445454207202 78.26538324213851 39.64437432957875 0.0 62.997323233784954 18.310534595113378 25.793916714263617 26.511667450991524 35.788540849766996 9.08592448533811 37.45197811573476 29.67385908848928 22.41730706417949 10.43396165859102 35.3832338161107 37.630233470082025 17.07135835388872 26.34794404035822 29.330267628898557 57.235133210435706 13.571755808990236 52.45398394522944 31.594342639569042 6.379906557305522 50.32542090138708 19.950660116998808 24.311241973325266 56.74545957720513 45.238859200352074 34.97774101868419 40.17225264073239 20.893023429557974 17.942482714058627 15.747784263218017 27.284224242549328 35.245909420086285 64.96177926776697 55.35483896799991 38.58956123933554 49.78260106491077 25.607037530830954 34.77125187262262 44.599736806182115 34.21328795215284
103.51605238690487 34.90514390629374 18.030816443462555 15.113338478197475 87.76190524667648 16.950980109049905 52.95867178181226 62.997323233784954 0.0 47.56646456251823 88.6521662260363 36.49443482814956 35.1618401585731 55.69784436475307 51.4214205227168 92.53044961630192 60.60484028517765 52.586013512838406 95.48054250393461 25.40127807274077 79.67199960401146 38.505305320245746 34.17183947705853 16.056703873536744 76.44043214499641 15.19447257125092 47.81443425590707 66.12666827331446 28.805657068036492 48.31023086442703 87.13309396241895 6.508865415733425 37.46749408269423 29.881516925769997 52.535067041254074 76.14348984882794 65.5983285903745 47.31587971164419 88.91635957375215 27.754452152631806 18.38346219843951 7.783056879487742 101.32673874420676 29.369938663574523 38.64040337053244 97.65603309984155 59.53915079633313 28.89523180674246
59.19776631132155 22.925386883662984 40.979165681415154 45.43439551023721 41.01822703414976 61.63388306790137 25.247951310365952 18.310534595113378 47.56646456251823 0.0 43.40749573545838 13.714308563588562 17.48034161400888 9.330899361103143 22.6956794879796 45.945484613522474 16.298568395125955 10.833480205191277 53.690574708020094 23.446850152412782 35.12501150893622 9.091116913619754 13.636798847134203 45.34394699545061 31.451830108829373 39.84123204876379 15.670469478071782 19.296133988028533 42.34628719062672 3.205584016349368 42.00848553555897 41.086032584250304 27.243347814854868 24.170505528615962 25.57837949990352 28.765901014641898 18.82347015345492 9.794822897710025 45.534262803173434 20.993413294658723 53.38196024632602 39.783426945064754 56.19664448189053 42.00125891273133 8.966975855435374 51.04918251721432 31.88507479458099 20.75223334293812
15.949304729987023 55.610524472470416 77.13086738475877 82.23218207308557 7.9422516267728405 104.05601805534332 59.65798013725234 25.793916714263617 88.6521662260363 43.40749573545838 0.0 52.172155677262545 60.666013067475276 34.142716707776025 58.05201037716444 7.711166891799313 40.356620897785355 36.10291570641531 15.003709918420546 63.25121676737726 9.078471897029685 51.95890918974709 55.12303700609185 81.79359264437103 12.233841040863457 77.39818101796718 53.86062610181241 24.382132923209493 73.21014973797935 44.315027007180575 1.5509713682022532 82.46267196186415 68.95190316131357 59.89068107792884 60.31256784623731 25.464784013568437 33.10594584629429 41.34071906074249 6.940553258403422 60.91006541727205 89.21221284640481 81.06363992412592 12.818357023430435 72.58730645832601 51.308425918625396 11.19059234828969 62.37353772965482 59.77472692103763
67.21050721419705 10.048617451344697 27.519917921092865 32.177839893411466 51.41138954726114 52.063130221453186 34.028313294324526 26.511667450991524 36.49443482814956 13.714308563588562 52.172155677262545 0.0 17.665904800828052 19.784222499141695 31.46105092729673 56.117532154393956 29.864164589662565 16.091891201688565 59.80141576789737 11.121071321681997 43.22468502037749 8.17502586483269 5.175736585315659 32.00475616756014 39.95157328848422 26.713031844114692 24.442377839388307 30.039515112013003 28.736879173126727 16.055042423048647 50.65847968347807 30.29560818858571 28.926788690273575 10.459754466578028 34.1132269644443 41.75845883128387 32.38386612922474 10.83335350832485 52.72845759958579 8.740561521428937 40.00711060191804 28.893550239614903 64.88203199191125 28.424859021269967 6.890431334487644 61.23399697440955 41.456072732097745 7.773296486671147
76.537401057044 26.502064380426983 35.222890808049215 38.28605937667446 57.66971097745215 46.69526347602011 19.66594783097204 35.788540849766996 35.1618401585731 17.48034161400888 60.666013067475276 17.665904800828052 0.0 26.79018442814451 17.524307000522267 62.64450705983169 26.03738576294524 27.32592958049255 71.16138792616988 18.27016424222201 52.55429296974433 10.975611437341495 12.647292191039075 38.55881747158201 48.853221201199005 32.7970981152607 12.703612615789018 36.32504195361435 40.99221168948154 16.37204626799784 59.30404790487662 28.837004131054876 11.315334227118004 24.11515757798523 19.473787315344342 42.92797039335303 31.992330902687197 23.867171653278703 63.00447669188308 16.968537191701525 46.16356150760625 27.83434135949266 73.39372138017444 40.93272045101402 12.328230331198466 67.67717068508468 27.11842712748441 18.330573639935984
49.887636697048734 26.762592195084018 47.0801830991437 51.866986373467306 32.17195930916758 70.37216258114886 31.46467310184016 9.08592448533811 55.69784436475307 9.330899361103143 34.142716707776025 19.784222499141695 26.79018442814451 0.0 29.129176243686597 37.032691241095904 16.46500551441571 6.396427352796776 44.44247827745785 30.696862981813272 25.79479140448829 17.88124498241846 21.554672728315424 51.64458036099815 22.129222121898714 46.46670755582479 22.86636933963452 10.433600408586608 46.538638003764355 10.875121023926836 32.72599049348852 49.30248331392492 36.15978745141426 29.49828697193003 31.93721845379456 22.480493561202568 14.954111318168305 10.334244450892724 36.214292268129554 28.231897841457336 59.58767805194874 47.94892441785332 46.95032260376398 46.082596637454955 17.35498089688737 42.1589445648731 37.06516833638029 27.52193620712082
73.79452390567936 41.4173168099029 52.7315882492904 55.788237661338236 53.013620477655195 60.478230089131905 2.606712041477396 37.45197811573476 51.4214205227168 22.6956794879796 58.05201037716444 31.46105092729673 17.524307000522267 29.129176243686597 0.0 57.83582995135983 17.789492133824872 33.15164256101703 71.02538520377905 35.39087861296672 51.60183534494628 23.286025552130738 27.594751462878552 56.074888413706574 47.886423355340426 50.318932743033066 7.216470403243323 34.93325311127367 57.98445411874039 19.618385460005758 56.96624509636169 45.41219939496974 15.474093602083514 40.23669233919724 2.8834060187039348 35.1265893218969 25.14211557912394 32.366236865650635 62.145447912514825 33.733859190662514 63.62583561232393 44.57440529391958 69.93447780722988 57.861122097448785 24.60415546431058 62.42310008341908 10.030174906168787 34.76151842991242
17.098892286476715 60.590362916829896 82.07210405549559 87.11674697175604 4.9791461865507 107.40482711922782 59.15896907892542 29.67385908848928 92.53044961630192 45.945484613522474 7.711166891799313 56.117532154393956 62.64450705983169 37.032691241095904 57.83582995135983 0.0 40.07517345200141 40.094864323047446 20.749000957406487 67.23527858282182 14.976593812880473 54.85828440424216 58.5274854205534 86.73856319370141 16.984222552772867 82.0780705332357 54.490432914009446 26.673284759999884 78.88890334227543 46.33915580778311 8.781540381946737 86.20478513467633 69.9860918478598 64.56563031410244 59.84390693965444 23.272532893922335 32.72738776433891 45.41397784615155 14.217555940754233 64.82332955178482 94.34650159831001 84.83105332806524 12.641814109400904 78.29113376874545 54.38532464171115 5.129730505667178 60.96307244682879 63.8550210540795
56.03049409809465 39.22046493540554 56.534547473064855 60.69628544292962 35.232488771085045 72.72715275279465 19.301870821047878 22.41730706417949 60.60484028517765 16.298568395125955 40.356620897785355 29.864164589662565 26.03738576294524 16.46500551441571 17.789492133824872 40.07517345200141 0.0 22.50408546782755 53.721879191130014 38.54497325064476 34.362755455217076 23.492733281604824 28.69273717891872 60.70683772086291 30.741224789206477 55.034243738086666 15.054751657475279 18.304019859296602 58.58826289179185 13.83568068175499 39.31894601329252 54.12920567498887 30.688698852900025 40.30272978729811 19.95938089272087 17.793556198551244 7.354803183732857 24.60555689937186 44.75279777314728 36.213711758464925 68.72479738155755 52.973021044402486 52.14624081033478 58.259064649642 24.04172671295191 44.724620264592524 22.73199919570372 36.337946811133605
51.30761962104823 21.372730373460392 42.39452063724203 47.335392006676194 35.457384279121925 67.99497645597576 35.63584433408776 10.43396165859102 52.586013512838406 10.833480205191277 36.10291570641531 16.091891201688565 27.32592958049255 6.396427352796776 33.15164256101703 40.094864323047446 22.50408546782755 0.0 44.534661344585906 27.20420051435648 27.207658102393562 16.935171048993745 19.20527814812534 47.03033484723117 23.87318302924105 42.130489544719154 26.32908793592277 14.723814372350024 40.93424761204193 13.621910184763323 34.59689147278048 46.363782676807894 37.76809438360375 24.736378354624573 36.02658324942979 28.246935413139155 21.340199549767092 5.319600570641974 36.99314885119058 24.83158367303728 54.84439788381578 44.96742887247833 48.84669305561601 40.44101389234802 15.957791153204173 45.19878140673073 41.829107029302705 23.779565743429398
11.656236504824157 60.919096895089154 81.87291501948023 87.00080592384434 22.794730949377694 111.68214616371407 72.85242009165195 35.3832338161107 95.48054250393461 53.690574708020094 15.003709918420546 59.80141576789737 71.16138792616988 44.44247827745785 71.02538520377905 20.749000957406487 53.721879191130014 44.534661344585906 0.0 70.42210190814428 19.423589760838112 61.37685967167187 63.610726369896504 86.42647895613166 23.149092671548292 82.74425252722556 66.10152266201109 36.195161396809155 76.12006087783764 55.24019896173165 15.382795185686126 89.65935990064496 80.4776356851703 65.73493417262436 73.47307172399763 40.18502583136652 46.743604934404765 49.2719129371465 9.023022991070432 68.28826636987952 93.23849659028085 88.23729311935641 13.619098428328693 75.44171493766063 60.47219069754793 21.004062046446407 76.23011923502109 66.86571233186537
78.16768155829786 12.115779805061427 18.085870664324755 22.15824974910946 62.517588079222804 41.260618639733465 37.70585966107613 37.630233470082025 25.40127807274077 23.446850152412782 63.25121676737726 11.121071321681997 18.27016424222201 30.696862981813272 35.39087861296672 67.23527858282182 38.54497325064476 27.20420051435648 70.42210190814428 0.0 54.27321208994192 15.056263431681852 9.912464771078188 22.162794573483843 51.042481749546695 16.505528273791317 29.345473219558396 41.05239150007782 22.722615467338233 24.982868734916703 61.731825596544944 19.298005099323344 27.626310133164804 7.530989067525159 37.58168053374278 52.15578643640009 42.2136940476792 21.919705573978593 63.61191076662868 2.476149483109468 30.180937179559187 17.88273193892004 75.92974804687452 22.664712965224197 14.64855727066767 72.35309502921524 45.237570566916496 3.5565329903929532
24.184424334674624 46.53441184996073 68.05653032085218 73.15592627996125 11.957894866822244 95.2026069071869 53.436533914852596 17.07135835388872 79.67199960401146 35.12501150893622 9.078471897029685 43.22468502037749 52.55429296974433 25.79479140448829 51.60183534494628 14.976593812880473 34.362755455217076 27.207658102393562 19.423589760838112 54.27321208994192 0.0 43.407579035884325 46.33976545717996 72.72006667467454 3.7661342243821494 68.32106786875796 46.76308807628782 16.833947676730464 64.26961601616354 36.340513436723086 7.53107195659389 73.51952123490375 61.39645008632069 50.81649265957667 54.05443538724653 22.52836001840576 27.525625952334853 32.393093995260045 10.62684227781452 51.95260393962644 80.15669491982585 72.11559722163673 21.658260956890963 63.6549905896546 42.67839588471968 19.561959980501047 56.978031970587544 50.78057555164431
67.58553042906011 18.16917031612347 33.057978102555474 37.21371366599593 49.96002916280939 52.59800003525204 25.8543578721325 26.34794404035822 38.505305320245746 9.091116913619754 51.95890918974709 8.17502586483269 10.975611437341495 17.88124498241846 23.286025552130738 54.85828440424216 23.492733281604824 16.935171048993745 61.37685967167187 15.056263431681852 43.407579035884325 0.0 5.229169394382556 37.215144900010316 39.833169492405595 31.5569698858511 16.289604203302304 28.186764365865614 35.98037584103321 10.019517079002048 50.518097971148975 32.015426839187434 22.16428560434557 17.64464218373215 25.944722753964143 37.69279360312116 27.385923572952542 12.986803398887865 53.579536364298725 12.724858380789518 45.23698314411128 30.72405870052097 64.77654395196788 35.744514517123946 1.4407575555094712 59.976338923431435 33.28372487190595 12.976264998719476
70.48777146973951 14.07931460375886 27.843287397555994 32.05682424361723 53.70143317250123 48.958122297638035 30.09624795883527 29.330267628898557 34.17183947705853 13.636798847134203 55.12303700609185 5.175736585315659 12.647292191039075 21.554672728315424 27.594751462878552 58.5274854205534 28.69273717891872 19.20527814812534 63.610726369896504 9.912464771078188 46.33976545717996 5.229169394382556 0.0 32.036361581105226 42.90088923814686 26.412517562365988 20.878007828375722 31.988079603248426 30.921144903899588 15.070788628811508 53.64132663574315 27.753538572742627 23.830595574831825 12.723969060445645 30.107549967832618 42.401738057177745 32.32699735826925 14.34947500625763 56.196665910060396 7.528543704226898 40.06731575031462 26.407791389575774 67.91877509891094 30.713207073962256 4.7400317491554524 63.65716158044634 37.623352530464444 7.763013467848803
95.58648035516856 26.192227953464556 4.6679286725531925 0.9506434377426437 82.2868200900228 31.644762050338265 58.135588612324945 57.235133210435706 16.056703873536744 45.34394699545061 81.79359264437103 32.00475616756014 38.55881747158201 51.64458036099815 56.074888413706574 86.73856319370141 60.70683772086291 47.03033484723117 86.42647895613166 22.162794573483843 72.72006667467454 37.215144900010316 32.036361581105226 0.0 69.92631643121076 5.790336681677088 50.76001245136936 61.62577910090036 13.354016515303506 47.0872454485822 80.24336559641314 15.942627806612865 44.911518618032595 22.294141841803473 57.88314185786554 73.76201631768924 64.16741265100528 41.80191881765995 80.89710679894982 24.507890863632976 8.04011030736766 15.554319853288732 94.00825236307702 14.001146129252358 36.74506393924525 91.76316357508443 65.4439011766297 24.59171533262058
27.76842316651509 43.74049965696683 65.25849502725069 70.33227471257575 13.103669540241944 91.82438720411695 49.74595139125765 13.571755808990236 76.44043214499641 31.451830108829373 12.233841040863457 39.95157328848422 48.853221201199005 22.129222121898714 47.886423355340426 16.984222552772867 30.741224789206477 23.87318302924105 23.149092671548292 51.042481749546695 3.7661342243821494 39.833169492405595 42.90088923814686 69.92631643121076 0.0 65.39648493244626 43.00190637089192 13.072291283963335 61.904772730529366 32.60842591983979 10.741144050612872 70.2363103953837 57.63638575343273 47.87053238406313 50.35877745885245 19.923559506856467 24.023610534340115 29.12456321706067 14.39237940488072 48.69141742200581 77.46370109656995 68.83883918023056 25.01800715936507 61.30757445683852 39.14170423269917 21.891934131635505 53.409391155573154 47.57827805817356
91.54418524032688 21.923244231195635 3.456454278951628 5.667852297200452 77.53841451308976 31.971794666582475 52.40050777294068 52.45398394522944 15.19447257125092 39.84123204876379 77.39818101796718 26.713031844114692 32.7970981152607 46.46670755582479 50.318932743033066 82.0780705332357 55.034243738086666 42.130489544719154 82.74425252722556 16.505528273791317 68.32106786875796 31.5569698858511 26.412517562365988 5.790336681677088 65.39648493244626 0.0 44.97012515026077 56.58901819661806 14.141351170831648 41.48223661125662 75.85202989869366 12.77057581104715 39.451403209148744 17.526683709860656 52.15814556472019 68.40268064276819 58.65364998983707 36.84463399152124 76.84658503247255 18.897792785552735 13.706853158389471 11.950332243978801 89.77591771594047 14.615631498671066 31.14099431178906 87.13984540394874 59.737075943060994 19.128441550505134
69.77362294620087 34.458680842741664 47.1329129032955 50.5584013986068 49.55527371900296 58.55572451517927 9.822580052871011 31.594342639569042 47.81443425590707 15.670469478071782 53.86062610181241 24.442377839388307 12.703612615789018 22.86636933963452 7.216470403243323 54.490432914009446 15.054751657475279 26.32908793592277 66.10152266201109 29.345473219558396 46.76308807628782 16.289604203302304 20.878007828375722 50.76001245136936 43.00190637089192 44.97012515026077 0.0 29.929647600906513 51.639320173023386 12.708097977660147 52.66429278071311 41.52663266084213 15.66133523465201 33.59903051673264 10.05254787370814 32.81508685247371 22.050504540438006 25.232418282540742 57.38642412983193 27.4793122087143 58.52350303726525 40.53608617349691 66.15493743036524 51.4726991690227 17.55537326884532 59.302813046679354 17.055042084515108 28.323831909709604
40.310339825784745 36.09557995952876 57.01262366613265 61.89621967932714 21.77604458315107 80.75790236988593 36.879413577783005 6.379906557305522 66.12666827331446 19.296133988028533 24.382132923209493 30.039515112013003 36.32504195361435 10.433600408586608 34.93325311127367 26.673284759999884 18.304019859296602 14.723814372350024 36.195161396809155 41.05239150007782 16.833947676730464 28.186764365865614 31.988079603248426 61.62577910090036 13.072291283963335 56.58901819661806 29.929647600906513 0.0 55.57981144938304 19.955584437289826 23.063659559094585 59.73566373579429 44.67361573273571 39.35074432987625 37.47254016883634 14.548946844987912 12.563786714895377 19.83644421527898 27.459177758462904 38.597479086191434 69.49269083407353 58.380997330082266 37.07062858220699 55.06964153353788 27.74080506747542 31.78965805964106 41.010438473018276 37.80921237976154
85.97711427094393 19.80801870236277 10.873659872915873 14.268054404174213 74.77989376917263 44.94030015440288 60.35212508807558 50.32542090138708 28.805657068036492 42.34628719062672 73.21014973797935 28.736879173126727 40.99221168948154 46.538638003764355 57.98445411874039 78.88890334227543 58.58826289179185 40.93424761204193 76.12006087783764 22.722615467338233 64.26961601616354 35.98037584103321 30.921144903899588 13.354016515303506 61.904772730529366 14.141351170831648 51.639320173023386 55.57981144938304 0.0 44.791885567124204 71.66735124729709 26.901381587388457 49.80811793623806 18.386842330417572 60.25292516564242 69.00881162846414 60.5892156555887 36.208613151210216 71.43997400139375 24.25059559812495 17.78266495196618 26.018671020943316 84.87045775402474 0.7113065980788735 35.05142443144595 83.74346510210482 67.90048044774291 23.316373277181633
60.21131333824929 25.631878510293806 42.83018476741172 47.12214308424776 41.3727153995437 61.80229733777375 22.14842710210038 19.950660116998808 48.31023086442703 3.205584016349368 44.315027007180575 16.055042423048647 16.37204626799784 10.875121023926836 19.618385460005758 46.33915580778311 13.83568068175499 13.621910184763323 55.24019896173165 24.982868734916703 36.340513436723086 10.019517079002048 15.070788628811508 47.0872454485822 32.60842591983979 41.48223661125662 12.708097977660147 19.955584437289826 44.791885567124204 0.0 42.96708540744561 41.803156909905 25.288204892219127 26.474297650565404 22.501334982718184 27.840358994880425 17.379811931997487 12.994030622619466 46.87720095725126 22.588339978966395 55.12351518355328 40.548042352067114 57.02612116771727 44.47669240346477 10.343573005207164 51.398122149161495 28.702531338463793 22.583343479225107
17.24853058881815 54.060891090065596 75.58078201883224 80.6825373036529 8.15959984878918 102.5642212917543 58.61157239493545 24.311241973325266 87.13309396241895 42.00848553555897 1.5509713682022532 50.65847968347807 59.30404790487662 32.72599049348852 56.96624509636169 8.781540381946737 39.31894601329252 34.59689147278048 15.382795185686126 61.731825596544944 7.53107195659389 50.518097971148975 53.64132663574315 80.24336559641314 10.741144050612872 75.85202989869366 52.66429278071311 23.063659559094585 71.66735124729709 42.96708540744561 0.0 80.9515151139623 67.68821572645847 58.346169008317105 59.26069211341375 24.840477942918305 32.11220309920514 39.82583872128729 6.800639116767467 59.39493488066102 87.66126624104652 79.55139151730386 14.279501546605887 71.04528453642662 49.85361450120864 12.592373543227124 61.46686270791062 58.25164590262879
97.45966348267311 29.594498072474323 16.153049553219752 15.129898180430803 81.4124855546061 22.08685573510499 47.05979203339468 56.74545957720513 6.508865415733425 41.086032584250304 82.46267196186415 30.29560818858571 28.837004131054876 49.30248331392492 45.41219939496974 86.20478513467633 54.12920567498887 46.363782676807894 89.65935990064496 19.298005099323344 73.51952123490375 32.015426839187434 27.753538572742627 15.942627806612865 70.2363103953837 12.77057581104715 41.52663266084213 59.73566373579429 26.901381587388457 41.803156909905 80.9515151139623 0.0 31.989854492089265 24.477507018331792 46.66885555293657 69.6383117699494 59.08981382045223 41.12880307393368 82.90990680733414 21.570190848469657 20.85261026272734 1.4226131961577468 95.17732175639264 27.356777724149726 32.176139387066655 91.33310471646364 53.8359422464802 22.840028684808985
84.90078219330432 37.34101837478251 42.394407908794406 44.439889728792515 65.02864897047809 45.15115164183685 16.276427036108096 45.238859200352074 37.46749408269423 27.243347814854868 68.95190316131357 28.926788690273575 11.315334227118004 36.15978745141426 15.474093602083514 69.9860918478598 30.688698852900025 37.76809438360375 80.4776356851703 27.626310133164804 61.39645008632069 22.16428560434557 23.830595574831825 44.911518618032595 57.63638575343273 39.451403209148744 15.66133523465201 44.67361573273571 49.80811793623806 25.288204892219127 67.68821572645847 31.989854492089265 0.0 34.36827084672276 15.72364538768637 48.46971193304389 37.70444625544741 34.81381247685351 71.99731780922212 26.930774195160726 51.792091117377545 31.410204197277917 81.43311051618586 49.859205226833865 23.557685044900452 74.85319661370033 22.17833429509193 28.559350489871782
74.19657769222744 5.134602580675555 17.664739480408997 22.60599516944951 60.05438381223055 46.50992618973145 42.7019006372216 34.97774101868419 29.881516925769997 24.170505528615962 59.89068107792884 10.459754466578028 24.11515757798523 29.49828697193003 40.23669233919724 64.56563031410244 40.30272978729811 24.736378354624573 65.73493417262436 7.530989067525159 50.81649265957667 17.64464218373215 12.723969060445645 22.294141841803473 47.87053238406313 17.526683709860656 33.59903051673264 39.35074432987625 18.386842330417572 26.474297650565404 58.346169008317105 24.477507018331792 34.36827084672276 0.0 42.676373512163025 51.8357466044645 42.75630922556717 19.51654529536727 59.51382658632108 7.4670345259876525 30.14393741266208 23.072853512178792 72.32083663650786 18.12201931906235 16.67324518428358 69.62052872969204 50.250438154709755 5.82383493356185
75.97845436028614 44.021440355963975 54.67146485474048 57.560669373290025 55.06985878119004 60.87126301441043 0.7113065980774589 40.17225264073239 52.535067041254074 25.57837949990352 60.31256784623731 34.1132269644443 19.473787315344342 31.93721845379456 2.8834060187039348 59.84390693965444 19.95938089272087 36.02658324942979 73.47307172399763 37.58168053374278 54.05443538724653 25.944722753964143 30.107549967832618 57.88314185786554 50.35877745885245 52.15814556472019 10.05254787370814 37.47254016883634 60.25292516564242 22.501334982718184 59.26069211341375 46.66885555293657 15.72364538768637 42.676373512163025 0.0 36.9203798712775 27.268964850011248 35.240985881019526 64.55876987670386 36.02050797637978 65.32443504952744 45.89734981441043 72.05093648110936 60.150601149473815 27.28667232856812 64.3492010353388 7.657390453856319 37.123815949546824
40.073265513206906 49.24293168655344 69.26982000031526 73.92129702060578 18.81540174668693 89.39800609913733 36.22159164225521 20.893023429557974 76.14348984882794 28.765901014641898 25.464784013568437 41.75845883128387 42.92797039335303 22.480493561202568 35.1265893218969 23.272532893922335 17.793556198551244 28.246935413139155 40.18502583136652 52.15578643640009 22.52836001840576 37.69279360312116 42.401738057177745 73.76201631768924 19.923559506856467 68.40268064276819 32.81508685247371 14.548946844987912 69.00881162846414 27.840358994880425 24.840477942918305 69.6383117699494 48.46971193304389 51.8357466044645 36.9203798712775 0.0 10.955721097755502 32.80108528007671 31.29131901165224 49.68723267499238 81.76449666162567 68.37437595675021 35.8180159785907 68.54518217329718 37.720939859731054 27.519974771866732 37.692541506138305 49.27916540196587
48.71021892821163 40.823072161133524 59.79271942170516 64.255196486093 27.878034579433283 78.54156324979432 26.601814898664003 17.942482714058627 65.5983285903745 18.82347015345492 33.10594584629429 32.38386612922474 31.992330902687197 14.954111318168305 25.14211557912394 32.72738776433891 7.354803183732857 21.340199549767092 46.743604934404765 42.2136940476792 27.525625952334853 27.385923572952542 32.32699735826925 64.16741265100528 24.023610534340115 58.65364998983707 22.050504540438006 12.563786714895377 60.5892156555887 17.379811931997487 32.11220309920514 59.08981382045223 37.70444625544741 42.75630922556717 27.268964850011248 10.955721097755502 0.0 24.85871689844522 37.73654630502789 39.77751467242421 72.20528605503617 57.85829459208005 44.79924235663138 60.18725494968372 27.589964568925158 37.40595956272064 29.487196640589385 39.57569731993787
56.411548289650426 16.455747530048875 37.18073479827335 42.08813722526086 40.774361858177926 62.85115811010564 34.94261815590261 15.747784263218017 47.31587971164419 9.794822897710025 41.34071906074249 10.83335350832485 23.867171653278703 10.334244450892724 32.366236865650635 45.41397784615155 24.60555689937186 5.319600570641974 49.2719129371465 21.919705573978593 32.393093995260045 12.986803398887865 14.34947500625763 41.80191881765995 29.12456321706067 36.84463399152124 25.232418282540742 19.83644421527898 36.208613151210216 12.994030622619466 39.82583872128729 41.12880307393368 34.81381247685351 19.51654529536727 35.240985881019526 32.80108528007671 24.85871689844522 0.0 41.98546397764687 19.569367181429026 49.65646543330631 39.726890422355936 54.04959281229818 35.74955150783648 11.784737002585116 50.51671399012129 41.673562517011646 18.4746083874642
14.698750690847117 54.92365254537586 76.27128256223065 81.40527177511598 14.836606725619326 104.78876249767767 63.93127753333781 27.284224242549328 88.91635957375215 45.534262803173434 6.940553258403422 52.72845759958579 63.00447669188308 36.214292268129554 62.145447912514825 14.217555940754233 44.75279777314728 36.99314885119058 9.023022991070432 63.61191076662868 10.62684227781452 53.579536364298725 56.196665910060396 80.89710679894982 14.39237940488072 76.84658503247255 57.38642412983193 27.459177758462904 71.43997400139375 46.87720095725126 6.800639116767467 82.90990680733414 71.99731780922212 59.51382658632108 64.55876987670386 31.29131901165224 37.73654630502789 41.98546397764687 0.0 61.37482613904475 88.04114297005258 81.49409292828112 13.57387068975345 70.78786452034743 52.768785546918586 16.44011583587718 67.219930695781 60.073163584415006
75.89873684894211 11.300413988786277 20.336417945303342 24.53380380136815 60.09252807891698 43.43104444459199 36.108283223417224 35.245909420086285 27.754452152631806 20.993413294658723 60.91006541727205 8.740561521428937 16.968537191701525 28.231897841457336 33.733859190662514 64.82332955178482 36.213711758464925 24.83158367303728 68.28826636987952 2.476149483109468 51.95260393962644 12.724858380789518 7.528543704226898 24.507890863632976 48.69141742200581 18.897792785552735 27.4793122087143 38.597479086191434 24.25059559812495 22.588339978966395 59.39493488066102 21.570190848469657 26.930774195160726 7.4670345259876525 36.02050797637978 49.68723267499238 39.77751467242421 19.569367181429026 61.37482613904475 0.0 32.539754419922026 20.163787527803695 73.61085120083197 24.133305619516364 12.245094311683788 69.94385717943757 43.660629274174944 1.8973705626729434
102.6969983551848 33.761300191979196 12.508264709833904 8.039234125750552 89.95977809158167 30.770361401309046 65.6089991156038 64.96177926776697 18.38346219843951 53.38196024632602 89.21221284640481 40.00711060191804 46.16356150760625 59.58767805194874 63.62583561232393 94.34650159831001 68.72479738155755 54.84439788381578 93.23849659028085 30.180937179559187 80.15669491982585 45.23698314411128 40.06731575031462 8.04011030736766 77.46370109656995 13.706853158389471 58.52350303726525 69.49269083407353 17.78266495196618 55.12351518355328 87.66126624104652 20.85261026272734 51.792091117377545 30.14393741266208 65.32443504952744 81.76449666162567 72.20528605503617 49.65646543330631 88.04114297005258 32.539754419922026 0.0 20.945483325962307 101.28002635432047 18.493971550045053 44.78053045423353 99.3396544602877 72.8183693940536 32.629927301447324
96.04746494925011 28.193465781055707 15.380770830031242 14.788991237354645 80.04499981264134 23.507256117878754 46.27293959229517 55.35483896799991 7.783056879487742 39.783426945064754 81.06363992412592 28.893550239614903 27.83434135949266 47.94892441785332 44.57440529391958 84.83105332806524 52.973021044402486 44.96742887247833 88.23729311935641 17.88273193892004 72.11559722163673 30.72405870052097 26.407791389575774 15.554319853288732 68.83883918023056 11.950332243978801 40.53608617349691 58.380997330082266 26.018671020943316 40.548042352067114 79.55139151730386 1.4226131961577468 31.410204197277917 23.072853512178792 45.89734981441043 68.37437595675021 57.85829459208005 39.726890422355936 81.49409292828112 20.163787527803695 20.945483325962307 0.0 93.7737068637035 26.451018838714166 30.858911892196524 89.95882412395473 53.12813871123529 21.422578526873245
4.660764031436202 67.89537265035807 89.36028581691505 94.48315631738845 17.056425272847274 116.83152578859855 71.37645040844232 38.58956123933554 101.32673874420676 56.19664448189053 12.818357023430435 64.88203199191125 73.39372138017444 46.95032260376398 69.93447780722988 12.641814109400904 52.14624081033478 48.84669305561601 13.619098428328693 75.92974804687452 21.658260956890963 64.77654395196788 67.91877509891094 94.00825236307702 25.01800715936507 89.77591771594047 66.15493743036524 37.07062858220699 84.87045775402474 57.02612116771727 14.279501546605887 95.17732175639264 81.43311051618586 72.32083663650786 72.05093648110936 35.8180159785907 44.79924235663138 54.04959281229818 13.57387068975345 73.61085120083197 101.28002635432047 93.7737068637035 0.0 84.2256693658527 64.12591015235306 9.823746757946662 73.46474008867908 72.4330064858227
85.3172583955858 19.380757234127767 11.395725012776785 14.909399042779503 74.1967521734229 45.559829082734645 60.241572297456145 49.78260106491077 29.369938663574523 42.00125891273133 72.58730645832601 28.424859021269967 40.93272045101402 46.082596637454955 57.861122097448785 78.29113376874545 58.259064649642 40.44101389234802 75.44171493766063 22.664712965224197 63.6549905896546 35.744514517123946 30.713207073962256 14.001146129252358 61.30757445683852 14.615631498671066 51.4726991690227 55.06964153353788 0.7113065980788735 44.47669240346477 71.04528453642662 27.356777724149726 49.859205226833865 18.12201931906235 60.150601149473815 68.54518217329718 60.18725494968372 35.74955150783648 70.78786452034743 24.133305619516364 18.493971550045053 26.451018838714166 84.2256693658527 0.0 34.794962019223725 83.1378774343636 67.79342192246892 23.150933802440054
66.8628202193943 16.92944510657959 32.50885601076592 36.77878373690285 49.51216081655116 53.021101750163915 27.181925354287443 25.607037530830954 38.64040337053244 8.966975855435374 51.308425918625396 6.890431334487644 12.328230331198466 17.35498089688737 24.60415546431058 54.38532464171115 24.04172671295191 15.957791153204173 60.47219069754793 14.64855727066767 42.67839588471968 1.4407575555094712 4.7400317491554524 36.74506393924525 39.14170423269917 31.14099431178906 17.55537326884532 27.74080506747542 35.05142443144595 10.343573005207164 49.85361450120864 32.176139387066655 23.557685044900452 16.67324518428358 27.28667232856812 37.720939859731054 27.589964568925158 11.784737002585116 52.768785546918586 12.245094311683788 44.78053045423353 30.858911892196524 64.12591015235306 34.794962019223725 0.0 59.51017163832393 34.582564006081185 12.297917765663158
14.481924287243768 65.5958488729823 87.0956394966668 92.15116400760523 10.034536396391339 112.53059007358104 63.65716158044634 34.77125187262262 97.65603309984155 51.04918251721432 11.19059234828969 61.23399697440955 67.67717068508468 42.1589445648731 62.42310008341908 5.129730505667178 44.724620264592524 45.19878140673073 21.004062046446407 72.35309502921524 19.561959980501047 59.976338923431435 63.65716158044634 91.76316357508443 21.891934131635505 87.13984540394874 59.302813046679354 31.78965805964106 83.74346510210482 51.398122149161495 12.592373543227124 91.33310471646364 74.85319661370033 69.62052872969204 64.3492010353388 27.519974771866732 37.40595956272064 50.51671399012129 16.44011583587718 69.94385717943757 99.3396544602877 89.95882412395473 9.823746757946662 83.1378774343636 59.51017163832393 0.0 65.13764261481212 68.96654393674469
