0.0 22.273839750872177 89.5839925810733 56.3372236073202 52.31392494790578 62.49211789909587 36.525054421276344 44.00313609232102 55.369560656953 33.29283981631003 34.62796619329761 77.32838207102577 50.55224416458728 67.977645115263 71.17836777814915 13.500463708890063 65.66393415358645 41.682310910604706 45.11790851632033 20.56109158012698 7.4384117921645485 17.725234945210566 87.71290097721202 61.18718533053591 12.344626529089838 80.4282586617672 82.88015649530809 35.39758365653579 49.81606690660121 7.5336249585070485 40.93072427164056 61.10628295976674 50.506625168739596 67.69762636773943 74.22199700913468 11.4942362443311 81.19427550959537 43.233699095598865 42.675149854975096 44.66579758043439 28.548012841090117 44.17149789479533 65.68182938593512 28.547826055935076 13.377841514593134 70.75890274858337
22.273839750872177 0.0 74.96244296025193 48.513913191738304 41.985657864840036 45.11327685775615 19.51284929841332 34.99324504639511 38.00863495281247 33.71001221028288 24.38406205442993 64.92332373602451 46.69199781936026 52.76460286615827 65.16360806630833 8.804025722057853 54.495124109061706 24.196179283605414 30.651428954914934 18.63542721204843 15.11061642816776 4.571169999925495 72.40540257941566 51.92914433508715 20.53240982872062 69.21032131154311 69.97347302473952 31.715321302370995 35.78461825563786 19.365740835583996 44.92305749051463 50.64180065344812 50.23295510191202 54.79394797309533 67.86386797904507 15.504847158453394 61.00768807938024 24.42096100827472 28.302058132398642 40.018979435405285 14.619954469344739 43.643470749103656 66.43651328462225 22.085211608636317 14.803779867812633 53.780478616755055
89.5839925810733 74.96244296025193 0.0 38.078222869241685 38.342318525407876 30.998593629471035 55.48941299285905 46.54596081398904 37.485295656141744 107.93353883871511 54.967024724375065 14.735501008051948 47.948261244347194 22.198140192348102 35.747747860160196 79.87428439327054 26.053642234663055 50.802871956880026 44.91954462260994 93.55309074881544 85.66408026541988 77.97714170895286 4.0307098344281975 32.44268573944258 78.30088403021715 16.504688600435085 9.722665261475946 57.13969438734981 39.94660808537787 82.31736409363378 65.08373426178655 30.718879028999545 54.803676152479596 22.296037144952574 34.214659630807176 78.10320297403553 33.478916786740186 51.16388392590285 47.3906735294139 50.04701283643283 86.05378166109608 56.28273422046799 56.3590774641576 95.43619765844153 76.23161231327556 22.796727597416787
56.3372236073202 48.513913191738304 38.078222869241685 0.0 8.139708700684093 27.955982621263423 31.51120171955479 13.52939856882347 26.565726898649622 81.80262313483783 24.192547652610696 23.603700360620984 10.07795893219659 23.283776935339247 16.791496944463333 50.04163534005407 12.11917416549888 29.711070795547187 21.34886947107282 66.1779357868825 54.39373966371214 49.79538049258174 37.85074453938851 5.661282258246579 44.1192953840527 25.014746917716476 29.25601868219828 21.118032485487742 18.02576136774628 48.80377454300179 27.076715910117713 7.845221019345538 17.831949106362803 17.10413076797525 19.370195735941643 45.51411983228193 49.52323169829222 32.49256413981724 22.671924883944108 12.489021903401769 62.5867611315365 18.224071059606683 26.819304384520443 70.5954640950645 43.83540349515053 30.216668578607564
52.31392494790578 41.985657864840036 38.342318525407876 8.139708700684093 0.0 21.527581546924804 24.00116150207581 8.359083360278582 18.962190161076393 75.60563151099328 18.31518467686065 25.10387856257767 14.723664769671807 19.564076144818596 24.40979144840755 44.52410398809424 13.351253817154593 21.760445106879345 13.343434507462774 60.14116187040116 49.469098060528886 43.751815381460624 37.26054916693482 9.97811836229123 40.4973465812826 28.183102625173806 30.742120610473624 18.816516008553112 9.909690037720564 44.84790352845832 29.55770922947123 8.898288587645206 22.891469969736686 16.05110373338305 26.699766097246698 41.04865910145761 43.950920757052835 24.43042069330501 14.887049234007804 13.045170996919166 55.65310770775051 20.90564370777308 34.355695127734826 64.01759382707881 39.253322209563855 25.61943557079781
62.49211789909587 45.11327685775615 30.998593629471035 27.955982621263423 21.527581546924804 0.0 26.269596633689666 26.059085496445498 7.185928078342612 77.31369496629274 29.699786157938263 25.531125753355443 36.23700655393719 10.441929646750703 39.6084587151358 51.156823855696814 21.682148978211284 21.169325536734682 18.190265486437063 63.42595712429845 57.433530019831046 48.61696522526263 27.902951111153214 25.450908046855787 52.68834234503964 31.289663062054082 28.791764152558503 36.471032159117804 15.03941262817207 55.83207748630883 50.29090604791099 22.019255542280778 44.41735222904531 17.422113515035214 40.605101308642524 51.169767386868514 22.69233113390853 20.739858849161067 20.38551549258507 33.88202414735389 55.25808460864739 42.03350877240888 54.67035141966087 64.72638231822003 49.29201583213526 8.684475343633721
36.525054421276344 19.51284929841332 55.48941299285905 31.51120171955479 24.00116150207581 26.269596633689666 0.0 18.857706275340217 19.08408746294403 52.98236625942226 10.958489670860233 45.54911609689611 32.701120135301 33.29541081650819 48.25365711613528 24.89246951132958 35.57085418217655 5.164682317975661 11.398044798253666 38.145861439704504 31.178804805582057 22.550828414271226 53.01863683240155 33.90386314515059 27.959755086612333 50.04434529195219 50.50982305399637 21.567196936631717 16.46723313075282 30.314771395002488 37.83686797028292 32.1067698674448 38.59598555476272 35.4131756193393 50.66185987615821 25.506050938945737 44.98303300511331 7.188531267873406 9.268059845190281 26.522885256898466 32.01482292362414 32.91565412623402 53.93628507278466 40.847130804643996 23.687231414633448 34.80181732172559
44.00313609232102 34.99324504639511 46.54596081398904 13.52939856882347 8.359083360278582 26.059085496445498 18.857706275340217 0.0 21.349228276359938 68.29672043937938 10.669598971180275 33.46290938870901 14.14092239623104 26.706930097879535 30.19777158298769 36.70815521406469 21.67700400034225 18.343995588182025 11.188526015030138 52.69548479135683 41.38279377419291 36.298066483298776 45.28067295653643 17.482369535450516 32.140580597530814 36.43169717203631 39.096894210561146 10.98174352914138 11.279597466747473 36.519892264472034 24.451796251696983 17.10553445996512 21.095994961582416 24.262792647985314 32.8711001085314 32.80391887041715 48.715578297829865 21.60584450354876 11.287746411018718 8.892488355959758 49.147747367306096 16.851557156019286 35.45604633076176 57.07074147207682 31.033877437853896 31.882537022324513
55.369560656953 38.00863495281247 37.485295656141744 26.565726898649622 18.962190161076393 7.185928078342612 19.08408746294403 21.349228276359938 0.0 70.49767759755835 23.193963010707623 30.112261700173548 33.36909861878263 15.699025574094046 40.55507537177531 43.97098937694464 23.523429720832024 13.986872864999842 11.81767940442464 56.405646941801066 50.252346766269056 41.45498549380386 34.62460357622262 25.51851404830084 45.77253752431839 35.5349011395762 34.142716707776025 30.971351323779334 10.12481880981219 48.78619148718453 45.79009751208168 22.35980026981112 41.33605871967155 20.7032534984059 42.04822433732091 44.09059242032251 28.07611462843295 13.746098955817025 13.751041835034583 29.878523136966233 48.56851266499725 38.04101008402971 53.262404367928106 57.96531269989955 42.21911155115521 15.786250511273124
33.29283981631003 33.71001221028288 107.93353883871511 81.80262313483783 75.60563151099328 77.31369496629274 52.98236625942226 68.29672043937938 70.49767759755835 0.0 57.62917244376964 98.52776507195281 78.72625677398183 85.83021236320084 98.20977395740934 32.299558975439474 88.2051329910519 57.28360013799454 64.28364585989668 15.697221426305932 30.118524604704742 32.0087969135394 105.1195719983363 85.50182387269501 43.17605545833242 102.90469631805023 103.46995289748129 63.11231068802469 69.40504932362856 38.534519704159436 72.72045769612312 84.32292585083495 80.71968877652098 88.3913604975258 101.022858276215 39.13679091055622 89.37344139900313 56.77494584125852 61.972014977424394 72.16610521138993 22.226903795719416 74.06905992181156 96.68027324945999 12.65935626587244 40.2063190005754 85.95898518632762
34.62796619329761 24.38406205442993 54.967024724375065 24.192547652610696 18.31518467686065 29.699786157938263 10.958489670860233 10.669598971180275 23.193963010707623 57.62917244376964 0.0 42.89357265169607 22.93505038640063 33.60353638279665 40.782295335573636 26.213040254345422 31.516122320350565 13.290084585975277 11.51008478386669 42.04059714162851 31.24105649669769 25.637299822181916 53.18786242886109 27.99502857202469 23.53985588271143 46.41015739407777 48.36636152712359 10.618574653968919 15.514562790661918 27.3598311974467 26.929194825389395 27.207230130779752 28.028634674924064 33.112791037750675 43.50335287739754 23.169933219592558 51.155760033618236 16.622678432693316 9.446914886422267 16.389574016743907 38.69068311597647 22.093415267609814 43.768333390379375 46.43875538461866 21.314050469479 37.227118079292104
77.32838207102577 64.92332373602451 14.735501008051948 23.603700360620984 25.10387856257767 25.531125753355443 45.54911609689611 33.46290938870901 30.112261700173548 98.52776507195281 42.89357265169607 0.0 33.319369669262 15.093233253823218 22.15136748077561 68.74755876287364 11.949264146084172 41.48930077807163 34.27191809388453 83.5154977192615 74.10245374032436 67.39781500470515 15.425721341104138 17.942480357797503 65.5963549313222 5.89695442126301 5.70841902784254 43.546062642362145 29.139357848203026 69.8978087119652 50.460080751541014 16.696530836541882 40.06973346017509 10.136409053198456 21.282717173514765 65.97278214374406 37.92047302042638 42.696864171163426 36.63744170758925 35.855563708242414 77.31768825934587 41.71448108667064 42.387721611415515 86.35737217814989 64.14481431946004 20.272383560037092
50.55224416458728 46.69199781936026 47.948261244347194 10.07795893219659 14.723664769671807 36.23700655393719 32.701120135301 14.14092239623104 33.36909861878263 78.72625677398183 22.93505038640063 33.319369669262 0.0 32.96952816996068 20.708003551067208 46.44106175253779 22.153894350920208 32.48479170292983 25.015490243736323 63.03983424214803 49.807104200104156 47.05404228640116 47.86889274878842 15.55789014424147 38.21402266187933 33.989507651683404 38.87374937516249 15.66130137319703 23.54427786503566 43.133170108166304 17.14166182033908 17.906300810275916 8.200045940722147 27.167098777681783 23.794218371416854 40.58779169657201 58.51465616339653 35.73188571336136 25.39913385748152 6.673051969986903 61.251715267144064 8.473549775301258 21.321744713935406 68.37916146477077 39.12685504100674 39.653773290435936
67.977645115263 52.76460286615827 22.198140192348102 23.283776935339247 19.564076144818596 10.441929646750703 33.29541081650819 26.706930097879535 15.699025574094046 85.83021236320084 33.60353638279665 15.093233253823218 32.96952816996068 0.0 31.29924549651848 57.800701317187496 13.538472829134383 28.617974789533637 22.941414852116264 71.36064379836 63.71388649972787 55.804550177850885 19.829278954515743 19.0921795675318 57.14121213730078 20.882160231358206 18.536928876444932 37.688044805442885 18.16872174164338 60.87514283597706 48.99391825494212 15.79367779504974 41.02346890327887 8.133330042625836 31.788934365790144 56.48620058659336 26.926039829883155 29.134155263104866 25.412292871346057 32.5762615001284 64.08134710486613 40.20195477418378 48.602675922418875 73.38917071217288 54.600383036183935 7.239307859952854
71.17836777814915 65.16360806630833 35.747747860160196 16.791496944463333 24.40979144840755 39.6084587151358 48.25365711613528 30.19777158298769 40.55507537177531 98.20977395740934 40.782295335573636 22.15136748077561 20.708003551067208 31.29924549651848 0.0 66.1633631497607 18.009391299242107 46.15975116957719 37.73499870916925 82.53284377433376 70.04708095955606 66.22553838584801 37.305040442436834 15.203270372714455 58.83379420735471 19.29102295033026 26.065729611004016 35.919196401963646 33.76270514539617 63.716320900270745 35.43940330365368 18.19847428087637 23.68526810619427 23.171384381125137 3.113320776390438 60.926768715979996 57.87025968212701 48.727075982673554 39.27270824500355 26.58796549623329 79.33703386859821 28.262886120468576 20.64902263270865 87.21843891535421 59.37012215899673 38.396875886302425
13.500463708890063 8.804025722057853 79.87428439327054 50.04163534005407 44.52410398809424 51.156823855696814 24.89246951132958 36.70815521406469 43.97098937694464 32.299558975439474 26.213040254345422 68.74755876287364 46.44106175253779 57.800701317187496 66.1633631497607 0.0 57.641301140974626 29.99512058054252 34.960203947024645 16.65030712863026 6.618343540083224 4.343316461727993 77.62291537890279 54.16546570472589 13.578656748812374 72.53253516902154 74.06651213780425 30.813803573621136 39.993032429401815 11.136379972491726 41.45010827540876 53.40816932693581 48.57907355061663 58.74986428758765 69.04220738835221 8.422598563472608 68.57178969711852 30.994952281478838 32.49310125159137 39.91125770746293 18.686983950060494 41.908867086493956 64.66803186903732 22.880299402833277 8.67657974378892 59.689783607901695
65.66393415358645 54.495124109061706 26.053642234663055 12.11917416549888 13.351253817154593 21.682148978211284 35.57085418217655 21.67700400034225 23.523429720832024 88.2051329910519 31.516122320350565 11.949264146084172 22.153894350920208 13.538472829134383 18.009391299242107 57.641301140974626 0.0 32.16204277253006 24.184424334674624 72.91710239450909 62.74481193541054 56.6116243281734 25.731637837952714 6.6489562258495 53.80526637347717 14.896286689315655 17.65428796782073 31.599738749479286 19.24634024243812 58.192458140637505 39.19559283054463 4.749619089917443 29.571662353567522 5.713039366920845 18.92790559648873 54.394100478831525 40.438083619318085 34.014403051672964 26.348265582004355 24.024297234519196 67.58565531376752 30.335219585839685 35.26038686964747 76.31632680656983 52.59280020395466 20.76459528938392
41.682310910604706 24.196179283605414 50.802871956880026 29.711070795547187 21.760445106879345 21.169325536734682 5.164682317975661 18.343995588182025 13.986872864999842 57.28360013799454 13.290084585975277 41.48930077807163 32.48479170292983 28.617974789533637 46.15975116957719 29.99512058054252 32.16204277253006 0.0 8.425592316448958 42.75231611196314 36.32303301435956 27.494677810537354 48.20938514616397 31.320322441552094 32.87921021728233 46.252006465325856 46.25061471807996 23.60005804748806 12.940323629980446 35.40362601759119 39.89565314667256 29.134674966038528 39.142191076420104 31.39785661537732 48.366068342745976 30.612688003151227 39.97678621072332 3.4306104869857266 7.17767106971683 26.841245522501584 35.83037225402564 34.01254675253784 53.79483407180585 44.94899844675234 28.779233168847263 29.75225085124855
45.11790851632033 30.651428954914934 44.91954462260994 21.34886947107282 13.343434507462774 18.190265486437063 11.398044798253666 11.188526015030138 11.81767940442464 64.28364585989668 11.51008478386669 34.27191809388453 25.015490243736323 22.941414852116264 37.73499870916925 34.960203947024645 24.184424334674624 8.425592316448958 0.0 49.2530309048727 40.78272628126646 33.24665152831832 42.76132436910172 22.926435485669476 34.70806914341131 38.66212997777443 39.36263139505145 19.410903719022425 5.134248773982244 38.146761965753534 34.91225382637285 20.86516954039205 32.268960842439824 24.14354602066975 39.94627796721738 33.64700158712832 39.89042913861394 11.161129150770064 2.4737021936109764 20.07426406553092 43.40753736937286 27.89377305073095 46.151892378594724 52.22565380466458 31.757859963944327 25.875172852248664
20.56109158012698 18.63542721204843 93.55309074881544 66.1779357868825 60.14116187040116 63.42595712429845 38.145861439704504 52.69548479135683 56.405646941801066 15.697221426305932 42.04059714162851 83.5154977192615 63.03983424214803 71.36064379836 82.53284377433376 16.65030712863026 72.91710239450909 42.75231611196314 49.2530309048727 0.0 15.458819460039846 16.406837689656175 90.93459318574372 69.98641522338716 28.385359910312722 87.70662046516574 88.59837766159929 47.44167452170319 54.38716788030124 24.131886211769068 57.621723671051996 68.92286658402458 65.194375712414 73.39435716190926 85.35907923882435 23.92890310722665 77.64982694294139 42.68945933563511 46.87824151812776 56.47177418353028 11.915413431514738 58.52935475293125 81.23753318735717 8.020325126926771 24.81701582025063 72.11036136496666
7.4384117921645485 15.11061642816776 85.66408026541988 54.39373966371214 49.469098060528886 57.433530019831046 31.178804805582057 41.38279377419291 50.252346766269056 30.118524604704742 31.24105649669769 74.10245374032436 49.807104200104156 63.71388649972787 70.04708095955606 6.618343540083224 62.74481193541054 36.32303301435956 40.78272628126646 15.458819460039846 0.0 10.540847673634195 83.5407007963752 58.846425879962744 13.072659576666345 77.63104728562074 79.52123049764712 34.19379562125725 45.71758005995618 8.673805062347945 42.60503658761108 58.36356776345417 50.967310956971424 64.21743097344788 73.00825891382738 9.267791463171521 75.16212417617058 37.48107921254782 38.309243992964035 43.501570466569724 21.572920544419706 44.3822925990114 66.74512359048666 23.031514320049375 10.687642634952704 65.89967471454608
17.725234945210566 4.571169999925495 77.97714170895286 49.79538049258174 43.751815381460624 48.61696522526263 22.550828414271226 36.298066483298776 41.45498549380386 32.0087969135394 25.637299822181916 67.39781500470515 47.05404228640116 55.804550177850885 66.22553838584801 4.343316461727993 56.6116243281734 27.494677810537354 33.24665152831832 16.406837689656175 10.540847673634195 0.0 75.5623439833135 53.58178922645273 17.179350562526373 71.44525839143905 72.58737025419506 31.64053561830351 38.36041788191351 15.317248772065637 43.59474289739963 52.556963643126366 49.882036264872326 57.31220805001454 69.02231909770961 11.992350164539044 65.20920009519045 28.104820873324776 30.81978630222614 40.4199681283452 15.634929650582254 43.221210618988806 66.07249942059681 21.36626212648927 11.721222751192675 57.23770774629042
87.71290097721202 72.40540257941566 4.0307098344281975 37.85074453938851 37.26054916693482 27.902951111153214 53.01863683240155 45.28067295653643 34.62460357622262 105.1195719983363 53.18786242886109 15.425721341104138 47.86889274878842 19.829278954515743 37.305040442436834 77.62291537890279 25.731637837952714 48.20938514616397 42.76132436910172 90.93459318574372 83.5407007963752 75.5623439833135 0.0 32.31421661998198 76.65978199861725 18.455609788129845 11.465895914235457 56.062842352214226 37.91200592420802 80.53683774364706 64.92647432790146 30.222407169186024 55.05632991515517 21.308829694615735 36.05606470708857 76.21882275958693 29.45730380114799 48.36394879137381 45.23391469883719 49.43986853448075 83.1328068475089 56.05961646557629 57.74426340428822 92.56963690079893 74.33724416176456 19.462152516387235
61.18718533053591 51.92914433508715 32.44268573944258 5.661282258246579 9.97811836229123 25.450908046855787 33.90386314515059 17.482369535450516 25.51851404830084 85.50182387269501 27.99502857202469 17.942480357797503 15.55789014424147 19.0921795675318 15.203270372714455 54.16546570472589 6.6489562258495 31.320322441552094 22.926435485669476 69.98641522338716 58.846425879962744 53.58178922645273 32.31421661998198 0.0 49.082296300158085 19.562536191499806 23.598905989446077 26.302201293359655 18.661166507846843 53.661643918370004 32.659793639301576 3.4537067921242786 22.926812787067632 12.047858756227814 17.11841822351919 50.15733579036216 45.890458819462076 33.715339147285974 24.699912302852745 18.033351201197597 65.63030830372566 23.84036839206118 29.6184284380186 73.97851138787202 48.42218975826554 26.270012453497042
12.344626529089838 20.53240982872062 78.30088403021715 44.1192953840527 40.4973465812826 52.68834234503964 27.959755086612333 32.140580597530814 45.77253752431839 43.17605545833242 23.53985588271143 65.5963549313222 38.21402266187933 57.14121213730078 58.83379420735471 13.578656748812374 53.80526637347717 32.87921021728233 34.70806914341131 28.385359910312722 13.072659576666345 17.179350562526373 76.65978199861725 49.082296300158085 0.0 68.45632370033192 71.21088643083755 23.093486519162834 39.0393655094028 4.9791461865507 29.587297301055933 49.177908485487926 38.45631991057912 56.18210324324264 61.87837971197595 5.19937007773928 72.85210674966329 35.10558642081212 32.37082343829788 32.33358255892598 32.26268703946014 32.0087969135394 53.96600587961227 35.614120973121935 5.774246857266261 60.58323524024833
80.4282586617672 69.21032131154311 16.504688600435085 25.014746917716476 28.183102625173806 31.289663062054082 50.04434529195219 36.43169717203631 35.5349011395762 102.90469631805023 46.41015739407777 5.89695442126301 33.989507651683404 20.882160231358206 19.29102295033026 72.53253516902154 14.896286689315655 46.252006465325856 38.66212997777443 87.70662046516574 77.63104728562074 71.44525839143905 18.455609788129845 19.562536191499806 68.45632370033192 0.0 6.991063188963084 45.845430799673004 33.579236427739175 72.93111586640714 50.93153675946821 19.32674234696623 39.907558147387206 14.990662155862367 17.717354469317325 69.22007742205444 43.45140555228023 47.69479754735257 40.93761050438273 37.50366509921234 81.99363794660229 42.46143804488883 39.93613248853062 90.88703427498967 67.43218212983237 26.15990731996358
82.88015649530809 69.97347302473952 9.722665261475946 29.25601868219828 30.742120610473624 28.791764152558503 50.50982305399637 39.096894210561146 34.142716707776025 103.46995289748129 48.36636152712359 5.70841902784254 38.87374937516249 18.536928876444932 26.065729611004016 74.06651213780425 17.65428796782073 46.25061471807996 39.36263139505145 88.59837766159929 79.52123049764712 72.58737025419506 11.465895914235457 23.598905989446077 71.21088643083755 6.991063188963084 0.0 49.24514789957854 34.23481524214357 75.47148522492955 56.000801575958064 22.40286008274233 45.42154902150824 15.317719205166982 24.65547766295641 71.49317390256255 37.76803904917888 47.21446485839537 41.77129152075393 41.550854803322004 82.04757529402161 47.30063168039722 46.65126215469918 91.19714400099711 69.65527240629959 22.19640397628195
35.39758365653579 31.715321302370995 57.13969438734981 21.118032485487742 18.816516008553112 36.471032159117804 21.567196936631717 10.98174352914138 30.971351323779334 63.11231068802469 10.618574653968919 43.546062642362145 15.66130137319703 37.688044805442885 35.919196401963646 30.813803573621136 31.599738749479286 23.60005804748806 19.410903719022425 47.44167452170319 34.19379562125725 31.64053561830351 56.062842352214226 26.302201293359655 23.093486519162834 45.845430799673004 49.24514789957854 0.0 21.43251655736468 27.88587892754531 16.335927103057966 26.861294682685106 18.566654506987526 34.86188739741089 38.92205002953222 25.02036382775479 58.91058458650818 27.00731909513252 18.196830772104757 9.331482650410774 46.33414356656358 12.110485115834965 34.74097900563368 53.006743888011485 23.506236598057292 42.75855424822075
49.81606690660121 35.78461825563786 39.94660808537787 18.02576136774628 9.909690037720564 15.03941262817207 16.46723313075282 11.279597466747473 10.12481880981219 69.40504932362856 15.514562790661918 29.139357848203026 23.54427786503566 18.16872174164338 33.76270514539617 39.993032429401815 19.24634024243812 12.940323629980446 5.134248773982244 54.38716788030124 45.71758005995618 38.36041788191351 37.91200592420802 18.661166507846843 39.0393655094028 33.579236427739175 34.23481524214357 21.43251655736468 0.0 42.70935269598848 35.729123370859156 16.254423111633532 31.36527888936562 19.009598904025793 35.779527494091845 38.32279077392318 37.553601430108145 15.080372364136004 7.540989830125401 19.75804831292987 48.432901805774506 27.916395368002647 44.04980775096643 57.31409915877243 36.43822695214533 21.852905743867627
7.5336249585070485 19.365740835583996 82.31736409363378 48.80377454300179 44.84790352845832 55.83207748630883 30.314771395002488 36.519892264472034 48.78619148718453 38.534519704159436 27.3598311974467 69.8978087119652 43.133170108166304 60.87514283597706 63.716320900270745 11.136379972491726 58.192458140637505 35.40362601759119 38.146761965753534 24.131886211769068 8.673805062347945 15.317248772065637 80.53683774364706 53.661643918370004 4.9791461865507 72.93111586640714 75.47148522492955 27.88587892754531 42.70935269598848 0.0 34.401254236211635 53.61544980263385 43.430164606319266 60.33452317813072 66.7501217024838 4.844164594119045 75.2767173867442 37.28737333650577 35.738393762631894 37.1730040117559 29.315778906359913 36.987943100090106 58.892158660057284 31.657037533210517 6.62754329151965 63.94492586443139
40.93072427164056 44.92305749051463 65.08373426178655 27.076715910117713 29.55770922947123 50.29090604791099 37.83686797028292 24.451796251696983 45.79009751208168 72.72045769612312 26.929194825389395 50.460080751541014 17.14166182033908 48.99391825494212 35.43940330365368 41.45010827540876 39.19559283054463 39.89565314667256 34.91225382637285 57.621723671051996 42.60503658761108 43.59474289739963 64.92647432790146 32.659793639301576 29.587297301055933 50.93153675946821 56.000801575958064 16.335927103057966 35.729123370859156 34.401254236211635 0.0 34.773278492319456 11.771024298245209 43.96597209958097 38.50471702777817 33.69470251234592 72.98180115097814 43.31416865074226 34.093203190898855 16.548591839647482 59.14078079140189 8.89392738455617 24.895730932753494 64.325891010789 32.88008147077264 55.17096190035157
61.10628295976674 50.64180065344812 30.718879028999545 7.845221019345538 8.898288587645206 22.019255542280778 32.1067698674448 17.10553445996512 22.35980026981112 84.32292585083495 27.207230130779752 16.696530836541882 17.906300810275916 15.79367779504974 18.19847428087637 53.40816932693581 4.749619089917443 29.134674966038528 20.86516954039205 68.92286658402458 58.36356776345417 52.556963643126366 30.222407169186024 3.4537067921242786 49.177908485487926 19.32674234696623 22.40286008274233 26.861294682685106 16.254423111633532 53.61544980263385 34.773278492319456 0.0 25.643110009153943 9.261449679505434 19.831241576544528 49.89627045177058 42.4999585636498 31.319234561633674 22.83949074972339 19.328333688457864 64.04494423203265 25.88454293609084 33.04337157550528 72.59607128310601 48.113068083272374 22.92151028798394
50.506625168739596 50.23295510191202 54.803676152479596 17.831949106362803 22.891469969736686 44.41735222904531 38.59598555476272 21.095994961582416 41.33605871967155 80.71968877652098 28.028634674924064 40.06973346017509 8.200045940722147 41.02346890327887 23.68526810619427 48.57907355061663 29.571662353567522 39.142191076420104 32.268960842439824 65.194375712414 50.967310956971424 49.882036264872326 55.05632991515517 22.926812787067632 38.45631991057912 39.907558147387206 45.42154902150824 18.566654506987526 31.36527888936562 43.430164606319266 11.771024298245209 25.643110009153943 0.0 34.86169629054496 26.740842671132082 41.726428192858855 66.71365744065791 42.50289737831677 32.29530567631376 12.308952121799436 64.83941347789006 6.673154191929655 16.2105490672994 71.19527957219535 40.53323052119264 47.79264355500988
67.69762636773943 54.79394797309533 22.296037144952574 17.10413076797525 16.05110373338305 17.422113515035214 35.4131756193393 24.262792647985314 20.7032534984059 88.3913604975258 33.112791037750675 10.136409053198456 27.167098777681783 8.133330042625836 23.171384381125137 58.74986428758765 5.713039366920845 31.39785661537732 24.14354602066975 73.39435716190926 64.21743097344788 57.31220805001454 21.308829694615735 12.047858756227814 56.18210324324264 14.990662155862367 15.317719205166982 34.86188739741089 19.009598904025793 60.33452317813072 43.96597209958097 9.261449679505434 34.86169629054496 0.0 23.679358716830606 56.27224703696903 34.85970868875929 32.726110414834054 26.521331691974 28.17000451733693 67.21430570212318 35.07204721592653 40.96669975414265 76.22877508656552 54.42332026130951 15.251834535996462
74.22199700913468 67.86386797904507 34.214659630807176 19.370195735941643 26.699766097246698 40.605101308642524 50.66185987615821 32.8711001085314 42.04822433732091 101.022858276215 43.50335287739754 21.282717173514765 23.794218371416854 31.788934365790144 3.113320776390438 69.04220738835221 18.92790559648873 48.366068342745976 39.94627796721738 85.35907923882435 73.00825891382738 69.02231909770961 36.05606470708857 17.11841822351919 61.87837971197595 17.717354469317325 24.65547766295641 38.92205002953222 35.779527494091845 66.7501217024838 38.50471702777817 19.831241576544528 26.740842671132082 23.679358716830606 0.0 63.911580549574026 57.974315443908026 50.82512022341108 41.586299027663614 29.59548306614381 81.95460296047342 31.375793282431378 22.621452376826394 89.93743072554214 62.339278071876414 38.7328097483773
11.4942362443311 15.504847158453394 78.10320297403553 45.51411983228193 41.04865910145761 51.169767386868514 25.506050938945737 32.80391887041715 44.09059242032251 39.13679091055622 23.169933219592558 65.97278214374406 40.58779169657201 56.48620058659336 60.926768715979996 8.422598563472608 54.394100478831525 30.612688003151227 33.64700158712832 23.92890310722665 9.267791463171521 11.992350164539044 76.21882275958693 50.15733579036216 5.19937007773928 69.22007742205444 71.49317390256255 25.02036382775479 38.32279077392318 4.844164594119045 33.69470251234592 49.89627045177058 41.726428192858855 56.27224703696903 63.911580549574026 0.0 70.45001029358117 32.45288237272176 31.213010350986657 34.347604602188966 27.105980508670758 35.12701057928625 57.571948805239735 30.851839650982527 1.8892317561975178 59.35761870790128
81.19427550959537 61.00768807938024 33.478916786740186 49.52323169829222 43.950920757052835 22.69233113390853 44.98303300511331 48.715578297829865 28.07611462843295 89.37344139900313 51.155760033618236 37.92047302042638 58.51465616339653 26.926039829883155 57.87025968212701 68.57178969711852 40.438083619318085 39.97678621072332 39.89042913861394 77.64982694294139 75.16212417617058 65.20920009519045 29.45730380114799 45.890458819462076 72.85210674966329 43.45140555228023 37.76803904917888 58.91058458650818 37.553601430108145 75.2767173867442 72.98180115097814 42.4999585636498 66.71365744065791 34.85970868875929 57.974315443908026 70.45001029358117 0.0 38.00919839577779 41.72397117912929 56.54516789517725 67.38380527303009 64.6720695982089 75.48827913616682 76.84646855429213 68.65201193098953 19.686748535883854
43.233699095598865 24.42096100827472 51.16388392590285 32.49256413981724 24.43042069330501 20.739858849161067 7.188531267873406 21.60584450354876 13.746098955817025 56.77494584125852 16.622678432693316 42.696864171163426 35.73188571336136 29.134155263104866 48.727075982673554 30.994952281478838 34.014403051672964 3.4306104869857266 11.161129150770064 42.68945933563511 37.48107921254782 28.104820873324776 48.36394879137381 33.715339147285974 35.10558642081212 47.69479754735257 47.21446485839537 27.00731909513252 15.080372364136004 37.28737333650577 43.31416865074226 31.319234561633674 42.50289737831677 32.726110414834054 50.82512022341108 32.45288237272176 38.00919839577779 0.0 10.335150923687912 30.195403471049236 34.947298010805945 37.429457520521325 57.015943495140924 44.27725080353344 30.67036320674453 29.423219459728507
42.675149854975096 28.302058132398642 47.3906735294139 22.671924883944108 14.887049234007804 20.38551549258507 9.268059845190281 11.287746411018718 13.751041835034583 61.972014977424394 9.446914886422267 36.63744170758925 25.39913385748152 25.412292871346057 39.27270824500355 32.49310125159137 26.348265582004355 7.17767106971683 2.4737021936109764 46.87824151812776 38.309243992964035 30.81978630222614 45.23391469883719 24.699912302852745 32.37082343829788 40.93761050438273 41.77129152075393 18.196830772104757 7.540989830125401 35.738393762631894 34.093203190898855 22.83949074972339 32.29530567631376 26.521331691974 41.586299027663614 31.213010350986657 41.72397117912929 10.335150923687912 0.0 19.995736984890456 41.255782688561936 27.519628701646315 46.68141232538688 49.98096966403515 29.323795765773013 28.232033974129063
44.66579758043439 40.018979435405285 50.04701283643283 12.489021903401769 13.045170996919166 33.88202414735389 26.522885256898466 8.892488355959758 29.878523136966233 72.16610521138993 16.389574016743907 35.855563708242414 6.673051969986903 32.5762615001284 26.58796549623329 39.91125770746293 24.024297234519196 26.841245522501584 20.07426406553092 56.47177418353028 43.501570466569724 40.4199681283452 49.43986853448075 18.033351201197597 32.33358255892598 37.50366509921234 41.550854803322004 9.331482650410774 19.75804831292987 37.1730040117559 16.548591839647482 19.328333688457864 12.308952121799436 28.17000451733693 29.59548306614381 34.347604602188966 56.54516789517725 30.195403471049236 19.995736984890456 0.0 54.58045162125572 8.18597526685867 27.454988666665034 61.72791848930564 32.81530770272259 38.63292658394267
28.548012841090117 14.619954469344739 86.05378166109608 62.5867611315365 55.65310770775051 55.25808460864739 32.01482292362414 49.147747367306096 48.56851266499725 22.226903795719416 38.69068311597647 77.31768825934587 61.251715267144064 64.08134710486613 79.33703386859821 18.686983950060494 67.58565531376752 35.83037225402564 43.40753736937286 11.915413431514738 21.572920544419706 15.634929650582254 83.1328068475089 65.63030830372566 32.26268703946014 81.99363794660229 82.04757529402161 46.33414356656358 48.432901805774506 29.315778906359913 59.14078079140189 64.04494423203265 64.83941347789006 67.21430570212318 81.95460296047342 27.105980508670758 67.38380527303009 34.947298010805945 41.255782688561936 54.58045162125572 0.0 58.23557551356798 81.0466000884041 9.56833065567166 27.17179601170829 63.86659373945352
44.17149789479533 43.643470749103656 56.28273422046799 18.224071059606683 20.90564370777308 42.03350877240888 32.91565412623402 16.851557156019286 38.04101008402971 74.06905992181156 22.093415267609814 41.71448108667064 8.473549775301258 40.20195477418378 28.262886120468576 41.908867086493956 30.335219585839685 34.01254675253784 27.89377305073095 58.52935475293125 44.3822925990114 43.221210618988806 56.05961646557629 23.84036839206118 32.0087969135394 42.46143804488883 47.30063168039722 12.110485115834965 27.916395368002647 36.987943100090106 8.89392738455617 25.88454293609084 6.673154191929655 35.07204721592653 31.375793282431378 35.12701057928625 64.6720695982089 37.429457520521325 27.519628701646315 8.18597526685867 58.23557551356798 0.0 22.85305737666635 64.5257417277179 33.900611288695345 46.50898604811106
65.68182938593512 66.43651328462225 56.3590774641576 26.819304384520443 34.355695127734826 54.67035141966087 53.93628507278466 35.45604633076176 53.262404367928106 96.68027324945999 43.768333390379375 42.387721611415515 21.321744713935406 48.602675922418875 20.64902263270865 64.66803186903732 35.26038686964747 53.79483407180585 46.151892378594724 81.23753318735717 66.74512359048666 66.07249942059681 57.74426340428822 29.6184284380186 53.96600587961227 39.93613248853062 46.65126215469918 34.74097900563368 44.04980775096643 58.892158660057284 24.895730932753494 33.04337157550528 16.2105490672994 40.96669975414265 22.621452376826394 57.571948805239735 75.48827913616682 57.015943495140924 46.68141232538688 27.454988666665034 81.0466000884041 22.85305737666635 0.0 87.36085465012738 56.47728082232793 55.826483786048385
28.547826055935076 22.085211608636317 95.43619765844153 70.5954640950645 64.01759382707881 64.72638231822003 40.847130804643996 57.07074147207682 57.96531269989955 12.65935626587244 46.43875538461866 86.35737217814989 68.37916146477077 73.38917071217288 87.21843891535421 22.880299402833277 76.31632680656983 44.94899844675234 52.22565380466458 8.020325126926771 23.031514320049375 21.36626212648927 92.56963690079893 73.97851138787202 35.614120973121935 90.88703427498967 91.19714400099711 53.006743888011485 57.31409915877243 31.657037533210517 64.325891010789 72.59607128310601 71.19527957219535 76.22877508656552 89.93743072554214 30.851839650982527 76.84646855429213 44.27725080353344 49.98096966403515 61.72791848930564 9.56833065567166 64.5257417277179 87.36085465012738 0.0 31.472008898138984 73.35642592692092
13.377841514593134 14.803779867812633 76.23161231327556 43.83540349515053 39.253322209563855 49.29201583213526 23.687231414633448 31.033877437853896 42.21911155115521 40.2063190005754 21.314050469479 64.14481431946004 39.12685504100674 54.600383036183935 59.37012215899673 8.67657974378892 52.59280020395466 28.779233168847263 31.757859963944327 24.81701582025063 10.687642634952704 11.721222751192675 74.33724416176456 48.42218975826554 5.774246857266261 67.43218212983237 69.65527240629959 23.506236598057292 36.43822695214533 6.62754329151965 32.88008147077264 48.113068083272374 40.53323052119264 54.42332026130951 62.339278071876414 1.8892317561975178 68.65201193098953 30.67036320674453 29.323795765773013 32.81530770272259 27.17179601170829 33.900611288695345 56.47728082232793 31.472008898138984 0.0 57.47141487511769
70.75890274858337 53.780478616755055 22.796727597416787 30.216668578607564 25.61943557079781 8.684475343633721 34.80181732172559 31.882537022324513 15.786250511273124 85.95898518632762 37.227118079292104 20.272383560037092 39.653773290435936 7.239307859952854 38.396875886302425 59.689783607901695 20.76459528938392 29.75225085124855 25.875172852248664 72.11036136496666 65.89967471454608 57.23770774629042 19.462152516387235 26.270012453497042 60.58323524024833 26.15990731996358 22.19640397628195 42.75855424822075 21.852905743867627 63.94492586443139 55.17096190035157 22.92151028798394 47.79264355500988 15.251834535996462 38.7328097483773 59.35761870790128 19.686748535883854 29.423219459728507 28.232033974129063 38.63292658394267 63.86659373945352 46.50898604811106 55.826483786048385 73.35642592692092 57.47141487511769 0.0
