0 111 100 127 31 153 44 140 9 155 37 21 48 137 78 124 135 128 172 95 13 118 112 98 40 144 93 125 24 154 51 59 70 91 75 74 115 132 124 99 137 120 102 85 68 50 33 16 3 20 138 121 103 86 69 53 36 22 15 25 140 123 106 90 74 58 44 33 29 35 144 127 111 95 80 66 54 46 43 47 148 133 117 102 88 76 66 59 57 60 154 139 124 111 98 87 78 72 70 73 161 147 133 120 108 98 91 86 84 86 169 155 142 130 120 110 104 99 98 100 178 165 152 141 131 123 117 113 112 113 187 175 163 152 143 136 130 127 125 127
111 0 61 120 108 60 74 69 117 77 111 91 67 133 78 70 62 65 101 25 100 13 105 106 72 59 69 62 94 70 86 54 92 88 94 40 83 75 76 91 157 145 134 125 117 111 109 108 111 116 147 135 123 113 104 98 95 95 98 103 139 125 112 101 92 85 81 81 84 91 131 116 103 90 80 72 67 67 71 79 124 109 94 80 68 59 53 53 59 68 119 103 87 72 58 47 40 40 47 58 115 98 82 66 50 36 26 27 36 51 113 96 79 62 45 28 14 14 29 45 113 95 78 61 43 26 9 10 27 44 114 97 80 63 47 31 19 20 32 47
100 61 0 60 113 61 57 41 108 56 81 87 78 73 29 24 37 28 72 39 88 55 45 48 72 49 12 26 95 57 54 66 45 31 44 47 25 32 26 31 97 86 77 72 71 74 80 90 101 114 87 75 65 58 57 60 68 79 92 106 79 65 53 45 43 47 57 70 84 100 72 56 42 32 29 35 48 63 78 95 68 51 35 20 15 26 41 58 75 92 66 49 31 14 4 21 39 56 73 91 68 51 34 20 15 26 41 58 75 92 72 56 42 32 29 35 48 63 78 95 79 65 53 45 43 47 57 70 84 100 87 75 65 58 57 60 68 79 92 106
127 120 60 0 150 101 94 73 135 83 94 123 125 14 56 57 75 65 81 98 118 113 18 30 114 89 53 66 132 90 79 116 58 41 53 101 38 58 50 34 42 39 43 53 66 81 96 112 129 145 30 25 31 44 59 75 92 108 125 142 19 11 22 38 55 72 89 106 123 141 17 5 20 37 54 71 88 106 123 140 25 19 27 41 57 73 90 107 124 141 37 33 38 49 63 78 94 110 127 144 50 47 51 59 71 85 100 115 131 148 64 61 64 71 81 93 107 122 137 152 77 76 78 83 92 103 115 129 143 158 91 90 92 96 104 114 125 138 151 165
31 108 113 150 0 158 58 150 27 164 66 28 42 161 97 137 144 139 184 97 35 117 134 121 43 151 109 136 19 161 72 56 92 111 98 76 132 145 139 120 164 147 130 113 96 78 61 45 29 15 164 147 129 112 95 77 60 43 26 8 165 147 130 113 96 79 62 45 29 17 166 149 132 116 99 83 67 51 38 30 169 153 136 120 104 88 74 60 49 43 174 157 141 125 110 96 82 71 62 57 179 163 147 132 118 104 92 82 74 70 185 169 154 140 127 114 103 94 87 84 191 177 162 149 136 125 115 106 101 97 199 185 171 158 147 136 127 119 114 111
153 60 61 101 158 0 109 29 160 24 139 135 117 111 89 47 27 38 47 61 140 48 93 103 116 13 72 38 141 15 112 103 106 89 104 82 67 44 53 86 143 137 133 131 131 133 138 145 153 163 130 123 119 116 117 120 125 132 141 152 118 110 105 102 103 106 112 120 130 142 105 97 91 88 89 93 100 109 120 132 94 84 78 74 75 80 88 98 110 124 83 72 64 60 61 67 76 88 101 116 73 61 51 46 48 55 66 79 94 109 65 51 39 32 34 44 57 72 88 105 60 43 28 19 22 35 51 67 84 101 57 40 23 6 14 31 48 65 83 100
44 74 57 94 58 109 0 96 52 111 38 31 33 106 40 81 91 84 128 54 32 78 78 67 21 100 51 82 40 110 20 31 39 54 44 35 75 89 82 63 116 99 83 68 54 42 35 36 45 58 112 95 78 62 46 31 22 24 35 51 111 93 76 59 42 25 9 13 30 47 111 93 76 59 42 25 10 14 30 47 112 96 79 62 46 32 23 25 36 51 116 100 84 68 54 43 36 37 46 58 121 106 91 77 64 55 50 51 57 67 128 113 99 86 76 68 64 64 69 78 135 121 109 97 88 81 78 78 82 89 144 131 119 109 100 94 91 92 95 102
140 69 41 73 150 29 96 0 147 16 120 125 111 83 68 20 7 13 35 59 127 57 65 77 108 17 51 15 132 19 94 97 84 65 81 76 40 16 25 60 114 109 106 105 108 113 120 129 140 152 102 95 91 91 94 100 108 119 130 143 89 82 77 77 81 87 97 108 121 135 77 68 63 63 67 75 86 99 113 128 66 56 50 49 55 64 77 91 106 122 56 44 36 35 43 55 69 85 101 117 49 34 23 22 32 47 63 80 97 114 45 28 12 10 26 43 60 78 95 112 45 29 13 12 27 44 61 78 95 112 50 36 25 24 34 48 64 81 97 114
9 117 108 135 27 160 52 147 0 163 44 26 53 145 86 132 143 135 180 102 21 124 120 106 46 151 101 133 26 161 59 64 78 99 83 80 123 140 132 108 144 127 109 92 75 58 40 23 8 14 145 128 111 94 77 60 44 30 20 23 148 131 114 98 82 66 52 40 34 35 151 135 119 103 88 74 62 52 47 48 156 141 125 110 96 84 73 65 61 62 162 147 133 119 106 94 85 78 75 75 169 155 141 128 116 105 97 91 88 89 177 163 150 138 127 117 110 105 102 102 186 172 160 149 138 130 123 118 116 116 195 182 171 160 150 142 136 132 129 130
155 77 56 83 164 24 111 16 163 0 136 140 125 92 83 35 20 29 24 71 143 65 77 90 122 18 66 30 147 10 109 111 99 80 96 90 54 29 38 74 124 120 119 119 123 128 136 145 155 167 111 106 104 105 109 115 124 134 145 158 98 92 90 91 96 103 112 123 136 149 85 79 76 78 83 91 101 114 127 141 72 65 62 64 70 80 92 105 119 135 60 52 48 50 58 69 83 98 113 129 50 39 34 37 47 61 76 92 108 124 41 27 20 25 39 54 71 88 104 122 37 20 6 17 34 51 68 86 103 120 38 21 10 19 35 52 69 86 103 120
37 111 81 94 66 139 38 120 44 136 0 43 64 103 53 102 117 108 149 90 32 114 80 65 51 129 71 106 52 137 28 67 40 62 45 72 89 110 101 70 101 83 66 49 31 14 5 22 39 56 102 85 68 51 35 22 17 27 42 58 105 89 73 57 44 34 31 37 49 64 110 94 80 66 54 47 45 49 59 71 117 102 88 76 66 60 59 62 70 81 124 111 98 87 79 74 72 75 82 91 133 120 109 99 92 87 86 89 94 102 143 131 120 112 105 101 100 102 107 114 153 142 132 124 119 115 114 116 120 126 164 154 145 137 132 129 128 129 133 139
21 91 87 123 28 135 31 125 26 140 43 0 28 134 69 111 120 114 158 76 13 98 107 94 20 128 82 111 10 138 44 38 65 84 71 55 105 119 112 92 139 122 105 88 71 55 39 26 20 28 137 120 103 86 68 51 34 17 7 20 138 120 103 86 69 51 34 18 8 21 139 122 105 88 71 55 40 27 22 29 142 125 109 93 77 62 49 39 36 40 146 130 114 99 84 71 60 52 49 53 151 136 121 106 93 81 72 65 63 66 158 143 129 115 103 92 84 79 77 79 165 151 138 125 114 104 97 92 91 92 173 160 147 136 125 117 110 106 104 106
48 67 78 125 42 117 33 111 53 125 64 28 0 137 69 100 105 101 146 56 39 75 108 99 14 111 76 98 28 121 52 15 71 84 76 36 100 108 103 92 148 132 116 100 85 72 60 51 47 50 144 127 111 94 78 63 49 38 34 37 142 124 107 90 74 57 41 27 20 26 140 123 106 88 71 54 37 20 6 17 140 123 106 89 71 54 37 21 9 19 142 125 108 91 74 58 43 29 23 28 145 128 112 95 80 65 51 41 36 40 149 133 117 102 87 73 62 53 50 52 154 139 124 109 96 83 73 67 64 66 161 146 131 118 105 95 86 80 77 79
137 133 73 14 161 111 106 83 145 92 103 134 137 0 69 68 86 76 87 111 128 126 30 40 126 100 66 78 143 99 90 128 69 53 64 114 50 68 61 46 34 36 45 59 73 89 105 122 139 156 20 23 36 52 68 85 102 119 136 153 7 14 31 48 66 83 100 118 135 152 11 17 32 49 66 83 101 118 135 152 25 28 39 54 70 86 103 120 137 154 39 41 49 61 76 91 107 123 140 157 53 54 61 71 84 98 113 128 144 161 67 68 74 82 93 106 120 135 150 166 82 82 87 94 104 115 128 142 157 172 96 96 100 106 115 126 137 150 164 178
78 78 29 56 97 89 40 68 86 83 53 69 69 69 0 50 65 55 96 54 67 76 39 32 59 78 18 54 79 85 29 61 17 16 16 49 38 57 48 24 84 69 57 47 43 45 54 65 79 95 77 62 47 35 29 32 43 58 73 89 73 57 40 25 15 21 36 52 69 86 72 55 37 20 3 16 33 50 67 85 73 56 40 24 14 21 36 52 69 86 77 61 47 35 28 32 43 57 73 89 84 69 56 47 42 45 53 65 79 94 92 79 68 60 56 58 65 75 87 101 101 89 80 73 70 72 77 86 97 109 111 101 92 87 84 85 90 97 107 119
124 70 24 57 137 47 81 20 132 35 102 111 100 68 50 0 20 9 48 54 112 61 47 57 95 34 32 10 119 38 76 87 65 45 62 67 21 8 7 41 98 91 87 86 88 94 102 113 125 138 86 78 73 72 75 81 91 103 116 130 74 65 59 58 61 70 81 94 108 123 64 53 45 44 49 59 72 86 101 117 56 42 32 30 37 49 64 80 96 113 50 33 20 16 27 43 59 76 93 110 47 30 13 6 23 40 57 75 92 109 49 33 19 15 27 42 59 76 93 110 55 41 31 29 36 49 64 80 96 113 63 52 44 43 48 58 71 86 101 117
135 62 37 75 144 27 91 7 143 20 117 120 105 86 65 20 0 12 41 52 123 51 66 77 102 15 48 12 127 20 90 91 82 64 79 71 41 18 26 60 117 110 106 105 106 110 117 125 136 147 104 97 92 91 92 97 104 114 125 138 92 84 78 76 79 84 93 104 116 129 81 71 65 62 65 72 82 94 107 122 70 59 51 48 52 60 72 85 100 116 62 48 38 34 39 50 63 78 94 111 55 39 26 20 27 41 57 73 90 107 52 34 18 6 20 37 54 71 88 106 52 35 19 9 21 37 54 71 89 106 56 41 28 23 30 43 58 74 91 108
128 65 28 65 139 38 84 13 135 29 108 114 101 76 55 9 12 0 45 51 115 55 55 65 97 26 38 4 121 31 81 88 71 53 68 67 29 10 15 49 106 99 95 93 95 100 108 117 128 141 94 86 81 79 82 87 96 106 119 132 82 73 67 65 68 75 85 97 110 124 71 61 53 51 55 63 75 88 103 118 62 49 40 37 42 52 66 81 97 113 55 40 27 23 30 44 59 76 92 109 51 34 18 9 22 38 56 73 90 107 50 33 16 7 21 38 55 72 90 107 54 38 25 20 28 42 58 75 92 109 61 47 38 34 40 51 64 80 96 112
172 101 72 81 184 47 128 35 180 24 149 158 146 87 96 48 41 45 0 93 160 89 80 95 141 42 80 48 166 33 124 132 110 89 106 111 61 40 49 82 120 119 121 125 131 140 149 160 172 185 106 105 107 112 119 128 139 150 163 177 92 91 93 99 107 117 128 141 155 169 78 77 80 86 95 106 119 133 147 162 64 62 66 74 84 97 111 125 141 156 50 48 53 62 75 89 104 119 135 151 36 34 41 52 66 82 98 114 131 148 23 20 30 45 61 77 94 111 128 145 14 8 23 41 58 75 92 110 127 144 16 11 25 41 58 75 93 110 127 144
95 25 39 98 97 61 54 59 102 71 90 76 56 111 54 54 52 51 93 0 83 25 82 82 57 55 46 48 82 66 63 42 68 64 69 22 63 60 59 68 134 121 110 100 93 89 87 90 95 103 125 111 99 88 80 75 74 76 83 92 117 102 89 77 67 61 60 63 71 81 110 95 80 67 55 48 46 50 60 72 105 89 73 58 44 35 32 38 50 64 102 85 68 52 36 22 18 28 43 59 101 83 66 49 31 14 6 22 39 56 101 84 67 50 33 18 12 24 40 57 103 87 70 54 40 28 25 33 46 61 108 92 76 62 50 41 39 44 55 68
13 100 88 118 35 140 32 127 21 143 32 13 39 128 67 112 123 115 160 83 0 106 102 89 30 132 81 113 21 141 40 48 60 80 65 62 104 120 113 89 130 113 96 79 62 44 28 13 13 28 130 113 96 78 61 44 27 10 10 27 131 114 97 80 64 47 32 21 21 32 134 117 101 85 69 54 42 34 34 42 138 122 106 91 76 64 53 47 47 53 144 128 113 99 86 74 66 61 61 65 150 135 121 108 96 86 79 74 74 78 157 143 130 118 107 98 92 88 88 91 166 152 140 129 119 111 105 102 102 104 175 162 151 140 131 124 119 116 115 118
118 13 55 113 117 48 78 57 124 65 114 98 75 126 76 61 51 55 89 25 106 0 99 102 79 47 65 52 102 57 88 62 91 84 92 45 76 65 67 86 152 140 131 123 117 113 112 114 118 124 141 129 119 110 103 99 98 100 105 112 132 119 107 98 90 85 84 86 92 100 123 109 97 86 77 72 70 73 80 89 116 101 87 75 65 58 56 60 68 79 109 94 79 65 53 45 43 47 57 70 105 88 72 57 42 32 29 35 48 62 102 85 68 51 35 20 15 26 41 58 101 84 66 49 32 14 4 21 39 56 102 85 68 51 35 20 15 25 41 58
112 105 45 18 134 93 78 65 120 77 80 107 108 30 39 47 66 55 80 82 102 99 0 17 97 81 37 56 116 83 63 99 43 24 37 84 26 50 41 17 53 45 42 46 55 68 82 98 114 130 43 32 28 34 46 61 76 93 109 126 36 21 14 24 39 56 73 90 107 124 33 16 3 20 37 54 72 89 106 123 37 22 16 25 40 56 73 90 107 124 45 34 30 36 47 62 77 94 110 127 55 47 44 48 57 70 84 99 115 131 67 60 58 61 69 79 92 106 121 136 80 74 72 75 81 90 101 114 128 142 93 88 87 89 94 102 112 123 136 150
98 106 48 30 121 103 67 77 106 90 65 94 99 40 32 57 77 65 95 82 89 102 17 0 87 91 38 66 104 95 50 91 30 18 24 80 37 62 52 18 53 39 30 30 39 52 67 83 100 116 46 30 17 17 30 46 63 79 97 114 44 27 9 9 26 44 61 78 95 113 46 30 17 17 30 46 62 79 96 114 52 39 30 30 38 52 67 83 99 116 61 50 44 43 50 61 74 89 104 120 72 63 57 57 62 71 83 96 111 126 83 76 71 71 75 83 93 105 118 132 96 89 85 85 88 95 104 115 127 140 109 103 100 99 102 108 115 125 136 149
40 72 72 114 43 116 21 108 46 122 51 20 14 126 59 95 102 97 141 57 30 79 97 87 0 109 68 94 26 119 39 19 59 74 64 35 92 103 97 82 136 119 103 87 72 58 47 40 40 47 132 115 99 82 66 50 36 26 27 36 130 113 96 79 62 45 28 14 14 29 130 113 95 78 61 44 26 9 10 27 131 114 97 80 63 47 31 19 20 32 134 117 100 84 68 53 41 32 32 41 138 121 106 90 76 62 52 46 46 52 143 127 112 98 85 73 64 59 59 64 149 134 120 107 95 85 77 73 73 77 157 143 129 117 106 97 90 87 87 90
144 59 49 89 151 13 100 17 151 18 129 128 111 100 78 34 15 26 42 55 132 47 81 91 109 0 61 26 134 11 101 96 94 77 92 76 55 32 40 74 131 125 120 118 119 122 128 135 144 155 118 111 106 104 105 109 115 123 133 145 106 98 93 90 91 96 103 112 123 135 94 85 79 76 77 83 91 101 113 127 83 73 65 62 64 70 79 91 105 119 73 61 52 48 50 58 69 82 97 112 64 50 39 34 37 47 60 75 91 107 58 42 28 20 25 38 54 70 87 104 55 38 21 6 17 33 50 68 85 102 55 38 22 10 18 34 51 68 85 102
93 69 12 53 109 72 51 51 101 66 71 82 76 66 18 32 48 38 80 46 81 65 37 38 68 61 0 37 91 67 45 65 34 20 32 49 24 40 32 22 88 76 66 60 59 63 71 81 94 108 79 66 54 47 45 50 59 72 86 101 72 57 43 34 31 38 50 64 80 96 67 51 35 21 17 28 43 59 76 93 65 48 31 14 6 22 40 57 74 91 66 49 33 18 13 25 41 58 75 92 70 55 40 29 27 34 47 62 78 95 77 63 51 42 40 46 56 69 84 100 85 72 62 56 54 58 67 78 91 106 95 84 75 70 68 72 78 88 100 113
125 62 26 66 136 38 82 15 133 30 106 111 98 78 54 10 12 4 48 48 113 52 56 66 94 26 37 0 119 31 79 85 70 52 67 64 30 13 17 49 108 100 95 93 94 99 106 115 126 138 96 87 81 79 81 86 94 104 116 129 84 74 68 65 67 73 82 94 107 122 74 62 54 51 53 61 72 85 100 115 65 51 41 37 40 50 63 78 93 110 58 42 29 23 28 41 56 72 89 106 54 37 20 9 19 35 52 69 87 104 54 36 19 6 18 35 52 69 86 104 57 41 27 20 26 40 55 72 88 105 63 50 39 34 38 48 62 77 93 109
24 94 95 132 19 141 40 132 26 147 52 10 28 143 79 119 127 121 166 82 21 102 116 104 26 134 91 119 0 144 54 41 75 93 80 60 114 127 121 102 148 131 114 97 80 64 48 33 22 22 147 130 113 95 78 61 44 27 11 11 147 130 113 95 78 61 44 27 12 12 149 132 115 98 81 64 48 34 24 24 151 135 118 102 86 70 56 44 37 37 155 139 123 107 92 78 66 56 50 50 160 145 129 114 100 88 77 68 64 64 166 151 137 123 110 98 88 81 77 77 173 159 145 132 120 109 101 94 91 91 181 167 154 142 131 121 113 108 105 105
154 70 57 90 161 15 110 19 161 10 137 138 121 99 85 38 20 31 33 66 141 57 83 95 119 11 67 31 144 0 109 107 101 83 98 86 58 34 43 78 131 126 124 123 125 130 136 144 154 165 118 113 110 109 111 116 124 133 143 155 105 99 95 95 98 103 112 122 133 146 93 85 81 81 84 91 100 111 124 137 80 72 67 67 71 79 89 102 115 130 69 59 54 53 58 67 79 93 108 123 59 47 40 39 46 57 71 86 102 118 51 36 26 26 35 49 65 81 98 115 46 29 14 13 27 44 61 78 95 112 45 28 11 9 26 43 60 78 95 112
51 86 54 79 72 112 20 94 59 109 28 44 52 90 29 76 90 81 124 63 40 88 63 50 39 101 45 79 54 109 0 49 21 41 27 48 66 84 76 50 97 80 64 49 35 26 27 37 52 67 94 77 60 43 27 13 15 30 47 64 94 77 59 42 25 8 12 29 46 63 95 78 62 45 30 19 21 33 49 65 99 83 67 52 40 33 34 42 55 70 104 89 75 62 52 46 47 54 64 77 111 97 84 73 65 60 61 66 75 86 120 106 95 85 78 74 74 78 86 96 129 117 106 97 91 88 88 92 98 107 139 128 118 110 105 102 102 105 111 119
59 54 66 116 56 103 31 97 64 111 67 38 15 128 61 87 91 88 132 42 48 62 99 91 19 96 65 85 41 107 49 0 66 76 70 21 88 95 91 83 142 127 111 97 84 72 63 58 58 63 137 121 105 89 75 62 51 44 44 51 133 117 100 84 68 53 39 31 31 40 131 114 97 80 63 46 31 18 18 31 130 113 95 78 61 44 26 9 10 27 131 113 96 79 62 45 29 15 16 29 133 116 99 82 66 51 37 28 28 37 136 120 104 88 73 59 48 41 41 48 141 125 110 95 81 69 60 55 55 60 147 132 117 104 91 81 73 68 68 72
70 92 45 58 92 106 39 84 78 99 40 65 71 69 17 65 82 71 110 68 60 91 43 30 59 94 34 70 75 101 21 66 0 23 6 59 50 72 63 31 78 62 46 34 26 30 41 55 71 87 74 57 40 24 13 19 34 50 67 84 73 56 39 21 5 15 32 49 66 84 75 58 42 27 17 22 36 52 68 85 79 64 49 37 31 34 44 58 73 89 86 72 59 49 45 47 55 66 80 94 94 81 70 62 59 60 66 76 88 102 103 92 82 76 73 74 79 87 98 110 114 104 95 89 87 88 92 99 108 120 125 116 108 103 101 102 105 111 120 130
91 88 31 41 111 89 54 65 99 80 62 84 84 53 16 45 64 53 89 64 80 84 24 18 74 77 20 52 93 83 41 76 23 0 18 63 28 52 42 9 70 57 47 42 43 51 63 77 92 108 63 48 35 28 30 41 55 71 87 103 58 42 26 14 19 33 50 67 84 101 57 39 22 5 14 31 48 65 83 100 59 42 27 16 21 34 50 67 84 101 64 49 37 30 33 43 56 72 88 104 72 59 49 44 46 53 65 78 93 109 81 70 62 58 59 65 75 87 100 115 92 82 75 72 73 78 86 97 109 122 103 95 89 86 87 91 98 107 118 131
75 94 44 53 98 104 44 81 83 96 45 71 76 64 16 62 79 68 106 69 65 92 37 24 64 92 32 67 80 98 27 70 6 18 0 62 46 68 59 26 73 57 43 31 28 34 46 61 77 93 69 52 35 20 14 24 40 56 73 90 67 50 33 16 3 20 37 55 72 89 69 52 36 22 16 25 40 57 74 91 74 58 44 33 30 36 47 62 78 94 80 66 55 46 44 48 57 70 84 99 89 76 66 60 58 61 68 79 92 106 99 88 79 73 72 74 80 90 101 114 109 100 92 87 86 88 93 101 111 123 121 112 105 101 100 101 106 113 122 133
74 40 47 101 76 82 35 76 80 90 72 55 36 114 49 67 71 67 111 22 62 45 84 80 35 76 49 64 60 86 48 21 59 63 62 0 70 74 71 68 132 118 104 92 81 73 69 69 74 81 125 110 95 82 70 61 56 56 61 70 120 103 88 73 59 48 42 42 49 60 115 99 82 66 51 37 28 29 38 52 113 96 79 62 45 29 16 16 30 46 112 95 78 60 43 26 8 10 27 45 113 96 79 62 46 30 17 18 31 47 116 99 83 67 52 39 30 31 40 53 120 104 89 74 61 50 44 44 51 62 126 111 96 83 71 62 58 58 63 72
115 83 25 38 132 67 75 40 123 54 89 105 100 50 38 21 41 29 61 63 104 76 26 37 92 55 24 30 114 58 66 88 50 28 46 70 0 25 16 22 78 70 66 66 71 79 90 103 116 131 67 57 52 52 58 68 80 94 109 125 57 45 38 39 46 58 72 88 104 120 48 34 24 25 36 50 66 83 99 116 43 27 12 14 29 46 63 80 97 115 43 26 10 12 28 45 63 80 97 114 47 32 21 22 34 49 65 82 99 116 54 42 35 36 44 56 71 86 102 119 64 54 49 49 55 66 78 93 108 124 76 67 63 63 68 76 88 101 115 130
132 75 32 58 145 44 89 16 140 29 110 119 108 68 57 8 18 10 40 60 120 65 50 62 103 32 40 13 127 34 84 95 72 52 68 74 25 0 10 46 100 94 91 91 94 101 110 120 133 146 87 80 77 77 81 89 99 110 124 138 75 67 62 63 68 77 88 101 116 131 63 54 48 49 56 66 79 94 109 125 53 41 34 36 44 57 72 88 104 120 45 31 21 23 35 50 67 83 100 117 41 24 8 13 30 47 64 81 98 116 42 25 11 15 30 47 64 82 99 116 47 33 24 26 37 52 68 84 101 118 56 45 38 39 47 59 74 89 105 121
124 76 26 50 139 53 82 25 132 38 101 112 103 61 48 7 26 15 49 59 113 67 41 52 97 40 32 17 121 43 76 91 63 42 59 71 16 10 0 36 92 85 81 81 85 92 101 113 125 139 79 71 67 67 72 80 91 103 117 132 68 58 53 53 59 69 81 95 110 125 57 46 39 40 47 59 73 88 104 120 49 35 25 26 37 51 67 83 100 117 44 27 13 14 29 46 63 80 97 115 43 26 9 11 28 45 62 80 97 114 46 31 20 21 33 49 65 82 99 116 54 41 34 35 43 56 70 86 102 119 64 53 48 48 54 65 78 92 107 123
99 91 31 34 120 86 63 60 108 74 70 92 92 46 24 41 60 49 82 68 89 86 17 18 82 74 22 49 102 78 50 83 31 9 26 68 22 46 36 0 67 55 47 45 50 59 72 86 101 117 58 44 34 31 38 49 64 79 95 112 52 36 22 17 27 42 58 75 92 109 49 32 15 5 21 39 56 73 91 108 50 34 19 13 24 40 57 74 91 108 55 41 30 26 33 46 61 78 94 111 63 51 43 40 45 55 68 83 99 115 73 63 56 54 58 66 77 91 105 120 84 75 70 68 71 78 88 100 113 127 96 89 84 83 85 91 99 109 122 135
137 157 97 42 164 143 116 114 144 124 101 139 148 34 84 98 117 106 120 134 130 152 53 53 136 131 88 108 148 131 97 142 78 70 73 132 78 100 92 67 0 18 35 52 70 87 104 122 139 156 15 23 38 54 71 88 105 122 140 157 29 34 45 60 75 91 108 125 142 159 43 47 55 68 82 97 113 129 145 162 58 60 67 77 90 104 119 134 150 166 72 74 80 88 99 112 126 140 156 171 86 88 93 100 110 122 134 148 162 177 100 102 106 112 121 132 144 156 170 184 115 116 119 125 133 143 154 166 179 192 129 130 133 138 145 154 164 176 188 201
120 145 86 39 147 137 99 109 127 120 83 122 132 36 69 91 110 99 119 121 113 140 45 39 119 125 76 100 131 126 80 127 62 57 57 118 70 94 85 55 18 0 18 35 52 70 87 104 122 139 23 15 23 38 54 71 88 105 122 140 34 29 34 45 60 75 91 108 125 142 47 43 46 55 67 82 97 112 129 145 60 57 60 67 77 90 104 118 134 150 74 72 73 79 88 99 112 126 140 155 88 86 87 92 100 110 121 134 148 162 102 100 101 105 112 121 131 143 156 170 116 114 115 119 125 133 142 153 165 178 130 128 129 132 138 145 154 164 175 187
102 134 77 43 130 133 83 106 109 119 66 105 116 45 57 87 106 95 121 110 96 131 42 30 103 120 66 95 114 124 64 111 46 47 43 104 66 91 81 47 35 18 0 18 35 52 70 87 104 122 38 23 15 23 38 54 71 88 105 122 45 34 29 34 45 60 75 91 108 125 55 46 43 46 55 67 81 97 112 129 67 60 57 60 67 77 90 104 118 134 80 73 71 73 79 88 99 112 126 140 93 87 85 87 92 99 109 121 134 148 106 101 99 101 105 112 121 131 143 156 119 115 114 115 118 124 132 142 153 165 133 129 128 129 132 137 144 153 163 175
85 125 72 53 113 131 68 105 92 119 49 88 100 59 47 86 105 93 125 100 79 123 46 30 87 118 60 93 97 123 49 97 34 42 31 92 66 91 81 45 52 35 18 0 18 35 52 70 87 104 54 38 23 15 23 38 54 71 88 105 60 45 34 29 33 45 59 75 91 108 68 55 46 43 46 55 67 81 97 112 77 67 60 57 59 66 77 89 103 118 88 79 73 71 73 79 88 99 112 125 100 92 87 85 87 91 99 109 121 134 112 105 101 99 100 105 111 120 131 143 125 119 115 113 114 118 124 132 141 152 138 132 129 127 128 131 137 144 153 163
68 117 71 66 96 131 54 108 75 123 31 71 85 73 43 88 106 95 131 93 62 117 55 39 72 119 59 94 80 125 35 84 26 43 28 81 71 94 85 50 70 52 35 18 0 18 35 52 70 87 71 54 38 23 15 23 38 54 71 88 75 60 45 33 29 33 45 59 75 91 82 67 55 46 43 46 55 67 81 96 90 77 67 59 57 59 66 77 89 103 99 88 79 73 71 73 78 87 99 111 110 100 92 87 85 86 91 99 109 120 121 112 105 100 99 100 104 111 120 130 133 125 118 114 113 114 117 123 131 141 145 138 132 128 127 127 131 136 143 152
50 111 74 81 78 133 42 113 58 128 14 55 72 89 45 94 110 100 140 89 44 113 68 52 58 122 63 99 64 130 26 72 30 51 34 73 79 101 92 59 87 70 52 35 18 0 18 35 52 70 88 71 54 38 23 14 23 38 54 71 91 75 60 45 33 28 33 45 59 75 97 82 67 55 46 42 46 55 67 81 104 90 77 66 59 56 59 66 76 89 112 99 88 79 73 70 72 78 87 98 122 110 99 91 86 84 86 91 98 108 132 121 112 105 100 98 99 104 110 119 143 133 124 118 114 112 113 117 123 131 154 145 137 131 127 126 127 130 135 143
33 109 80 96 61 138 35 120 40 136 5 39 60 105 54 102 117 108 149 87 28 112 82 67 47 128 71 106 48 136 27 63 41 63 46 69 90 110 101 72 104 87 70 52 35 18 0 18 35 52 105 88 71 54 38 23 14 23 38 54 108 91 75 59 45 33 28 33 45 59 113 97 81 67 55 46 42 46 54 67 119 104 90 77 66 59 56 59 66 76 126 112 99 88 78 72 70 72 78 87 134 121 109 99 91 86 84 85 90 98 144 131 121 111 104 99 98 99 103 110 154 142 132 124 117 113 112 113 116 122 164 154 144 137 131 127 125 126 130 135
16 108 90 112 45 145 36 129 23 145 22 26 51 122 65 113 125 117 160 90 13 114 98 83 40 135 81 115 33 144 37 58 55 77 61 69 103 120 113 86 122 104 87 70 52 35 18 0 18 35 122 105 88 71 54 38 23 14 23 38 125 108 91 75 59 45 33 28 33 45 129 112 97 81 67 55 46 42 45 54 134 118 104 89 77 66 59 56 58 65 140 126 112 99 87 78 72 70 72 77 148 134 121 109 99 91 85 83 85 90 156 143 131 120 111 104 99 97 99 103 166 153 142 132 123 117 113 111 112 116 176 164 153 144 136 130 126 125 126 129
3 111 101 129 29 153 45 140 8 155 39 20 47 139 79 125 136 128 172 95 13 118 114 100 40 144 94 126 22 154 52 58 71 92 77 74 116 133 125 101 139 122 104 87 70 52 35 18 0 18 140 122 105 88 71 54 38 23 14 23 142 125 108 91 75 59 45 33 28 33 145 129 112 97 81 67 54 45 42 45 150 134 118 103 89 76 66 58 55 58 156 140 126 112 99 87 78 72 69 71 162 148 134 121 109 98 90 85 83 85 170 156 143 131 120 110 103 99 97 98 179 165 153 141 131 123 116 112 110 112 188 175 163 153 143 135 130 126 124 125
20 116 114 145 15 163 58 152 14 167 56 28 50 156 95 138 147 141 185 103 28 124 130 116 47 155 108 138 22 165 67 63 87 108 93 81 131 146 139 117 156 139 122 104 87 70 52 35 18 0 157 140 122 105 88 71 54 38 23 14 159 142 125 108 91 75 59 45 33 28 162 145 129 112 96 81 67 54 45 42 166 150 134 118 103 89 76 65 58 55 171 155 140 125 111 98 87 77 71 69 177 162 148 134 120 108 98 90 85 83 184 170 156 143 130 119 110 103 98 96 192 178 165 152 141 131 122 116 112 110 201 187 175 163 152 143 135 129 125 124
138 147 87 30 164 130 112 102 145 111 102 137 144 20 77 86 104 94 106 125 130 141 43 46 132 118 79 96 147 118 94 137 74 63 69 125 67 87 79 58 15 23 38 54 71 88 105 122 140 157 0 18 35 52 70 87 104 122 139 156 15 23 38 54 71 88 105 122 140 157 29 34 45 60 75 91 108 125 142 159 43 47 55 68 82 97 113 129 145 162 58 60 67 77 90 104 119 134 150 166 72 74 80 88 99 112 126 140 156 171 86 88 93 100 110 122 134 148 162 177 100 102 106 112 121 132 144 156 170 184 115 116 119 125 133 143 154 166 179 192
121 135 75 25 147 123 95 95 128 106 85 120 127 23 62 78 97 86 105 111 113 129 32 30 115 111 66 87 130 113 77 121 57 48 52 110 57 80 71 44 23 15 23 38 54 71 88 105 122 140 18 0 18 35 52 70 87 104 122 139 23 15 23 38 54 71 88 105 122 140 34 29 34 45 60 75 91 108 125 142 47 43 46 55 67 82 97 112 129 145 60 57 60 67 77 90 104 118 134 150 74 72 73 79 88 99 112 126 140 155 88 86 87 92 100 110 121 134 148 162 102 100 101 105 112 121 131 143 156 170 116 114 115 119 125 133 142 153 165 178
103 123 65 31 129 119 78 91 111 104 68 103 111 36 47 73 92 81 107 99 96 119 28 17 99 106 54 81 113 110 60 105 40 35 35 95 52 77 67 34 38 23 15 23 38 54 71 88 105 122 35 18 0 18 35 52 70 87 104 122 38 23 15 23 38 54 71 88 105 122 45 34 29 34 45 60 75 91 108 125 55 46 43 46 55 67 81 97 112 129 67 60 57 60 67 77 90 104 118 134 80 73 71 73 79 88 99 112 126 140 93 87 85 87 92 99 109 121 134 148 106 101 99 101 105 112 121 131 143 156 119 115 114 115 118 124 132 142 153 165
86 113 58 44 112 116 62 91 94 105 51 86 94 52 35 72 91 79 112 88 78 110 34 17 82 104 47 79 95 109 43 89 24 28 20 82 52 77 67 31 54 38 23 15 23 38 54 71 88 105 52 35 18 0 18 35 52 70 87 104 54 38 23 15 23 38 54 71 88 105 60 45 34 29 33 45 59 75 91 108 68 55 46 43 46 55 67 81 97 112 77 67 60 57 59 66 77 89 103 118 88 79 73 71 73 79 88 99 112 125 100 92 87 85 87 91 99 109 121 134 112 105 101 99 100 105 111 120 131 143 125 119 115 113 114 118 124 132 141 152
69 104 57 59 95 117 46 94 77 109 35 68 78 68 29 75 92 82 119 80 61 103 46 30 66 105 45 81 78 111 27 75 13 30 14 70 58 81 72 38 71 54 38 23 15 23 38 54 71 88 70 52 35 18 0 18 35 52 70 87 71 54 38 23 15 23 38 54 71 88 75 60 45 33 29 33 45 59 75 91 82 67 55 46 43 46 55 67 81 96 90 77 67 59 57 59 66 77 89 103 99 88 79 73 71 73 78 87 99 111 110 100 92 87 85 86 91 99 109 120 121 112 105 100 99 100 104 111 120 130 133 125 118 114 113 114 117 123 131 141
53 98 60 75 77 120 31 100 60 115 22 51 63 85 32 81 97 87 128 75 44 99 61 46 50 109 50 86 61 116 13 62 19 41 24 61 68 89 80 49 88 71 54 38 23 14 23 38 54 71 87 70 52 35 18 0 18 35 52 70 88 71 54 38 23 14 23 38 54 71 91 75 60 45 33 28 33 45 59 75 97 82 67 55 46 42 46 55 67 81 104 90 77 66 59 56 59 66 76 89 112 99 88 79 73 70 72 78 87 98 122 110 99 91 86 84 86 91 98 108 132 121 112 105 100 98 99 104 110 119 143 133 124 118 114 112 113 117 123 131
36 95 68 92 60 125 22 108 44 124 17 34 49 102 43 91 104 96 139 74 27 98 76 63 36 115 59 94 44 124 15 51 34 55 40 56 80 99 91 64 105 88 71 54 38 23 14 23 38 54 104 87 70 52 35 18 0 18 35 52 105 88 71 54 38 23 14 23 38 54 108 91 75 59 45 33 28 33 45 59 113 97 81 67 55 46 42 46 54 67 119 104 90 77 66 59 56 59 66 76 126 112 99 88 78 72 70 72 78 87 134 121 109 99 91 86 84 85 90 98 144 131 121 111 104 99 98 99 103 110 154 142 132 124 117 113 112 113 116 122
22 95 79 108 43 132 24 119 30 134 27 17 38 119 58 103 114 106 150 76 10 100 93 79 26 123 72 104 27 133 30 44 50 71 56 56 94 110 103 79 122 105 88 71 54 38 23 14 23 38 122 104 87 70 52 35 18 0 18 35 122 105 88 71 54 38 23 14 23 38 125 108 91 75 59 45 33 28 33 45 129 112 97 81 67 55 46 42 45 54 134 118 104 89 77 66 59 56 58 65 140 126 112 99 87 78 72 70 72 77 148 134 121 109 99 91 85 83 85 90 156 143 131 120 111 104 99 97 99 103 166 153 142 132 123 117 113 111 112 116
15 98 92 125 26 141 35 130 20 145 42 7 34 136 73 116 125 119 163 83 10 105 109 97 27 133 86 116 11 143 47 44 67 87 73 61 109 124 117 95 140 122 105 88 71 54 38 23 14 23 139 122 104 87 70 52 35 18 0 18 140 122 105 88 71 54 38 23 14 23 142 125 108 91 75 59 45 33 28 33 145 129 112 97 81 67 54 45 42 45 150 134 118 103 89 76 66 58 55 58 156 140 126 112 99 87 78 72 69 71 162 148 134 121 109 98 90 85 83 85 170 156 143 131 120 110 103 99 97 98 179 165 153 141 131 123 116 112 110 112
25 103 106 142 8 152 51 143 23 158 58 20 37 153 89 130 138 132 177 92 27 112 126 114 36 145 101 129 11 155 64 51 84 103 90 70 125 138 132 112 157 140 122 105 88 71 54 38 23 14 156 139 122 104 87 70 52 35 18 0 157 140 122 105 88 71 54 38 23 14 159 142 125 108 91 75 59 45 33 28 162 145 129 112 96 81 67 54 45 42 166 150 134 118 103 89 76 65 58 55 171 155 140 125 111 98 87 77 71 69 177 162 148 134 120 108 98 90 85 83 184 170 156 143 130 119 110 103 98 96 192 178 165 152 141 131 122 116 112 110
140 139 79 19 165 118 111 89 148 98 105 138 142 7 73 74 92 82 92 117 131 132 36 44 130 106 72 84 147 105 94 133 73 58 67 120 57 75 68 52 29 34 45 60 75 91 108 125 142 159 15 23 38 54 71 88 105 122 140 157 0 18 35 52 70 87 104 122 139 156 15 23 38 54 71 88 105 122 140 157 29 34 45 60 75 91 108 125 142 159 43 47 55 68 82 97 113 129 145 162 58 60 67 77 90 104 119 134 150 166 72 74 80 88 99 112 126 140 156 171 86 88 93 100 110 122 134 148 162 177 100 102 106 112 121 132 144 156 170 184
123 125 65 11 147 110 93 82 131 92 89 120 124 14 57 65 84 73 91 102 114 119 21 27 113 98 57 74 130 99 77 117 56 42 50 103 45 67 58 36 34 29 34 45 60 75 91 108 125 142 23 15 23 38 54 71 88 105 122 140 18 0 18 35 52 70 87 104 122 139 23 15 23 38 54 71 88 105 122 140 34 29 34 45 60 75 91 108 125 142 47 43 46 55 67 82 97 112 129 145 60 57 60 67 77 90 104 118 134 150 74 72 73 79 88 99 112 126 140 155 88 86 87 92 100 110 121 134 148 162 102 100 101 105 112 121 131 143 156 170
106 112 53 22 130 105 76 77 114 90 73 103 107 31 40 59 78 67 93 89 97 107 14 9 96 93 43 68 113 95 59 100 39 26 33 88 38 62 53 22 45 34 29 34 45 60 75 91 108 125 38 23 15 23 38 54 71 88 105 122 35 18 0 18 35 52 70 87 104 122 38 23 15 23 38 54 71 88 105 122 45 34 29 34 45 60 75 91 108 125 55 46 43 46 55 67 81 97 112 129 67 60 57 60 67 77 90 104 118 134 80 73 71 73 79 88 99 112 126 140 93 87 85 87 92 99 109 121 134 148 106 101 99 101 105 112 121 131 143 156
90 101 45 38 113 102 59 77 98 91 57 86 90 48 25 58 76 65 99 77 80 98 24 9 79 90 34 65 95 95 42 84 21 14 16 73 39 63 53 17 60 45 34 29 33 45 59 75 91 108 54 38 23 15 23 38 54 71 88 105 52 35 18 0 18 35 52 70 87 104 54 38 23 15 23 38 54 71 88 105 60 45 34 29 33 45 59 75 91 108 68 55 46 43 46 55 67 81 97 112 77 67 60 57 59 66 77 89 103 118 88 79 73 71 73 79 88 99 112 125 100 92 87 85 87 91 99 109 121 134 112 105 101 99 100 105 111 120 131 143
74 92 43 55 96 103 42 81 82 96 44 69 74 66 15 61 79 68 107 67 64 90 39 26 62 91 31 67 78 98 25 68 5 19 3 59 46 68 59 27 75 60 45 33 29 33 45 59 75 91 71 54 38 23 15 23 38 54 71 88 70 52 35 18 0 18 35 52 70 87 71 54 38 23 15 23 38 54 71 88 75 60 45 33 29 33 45 59 75 91 82 67 55 46 43 46 55 67 81 96 90 77 67 59 57 59 66 77 89 103 99 88 79 73 71 73 78 87 99 111 110 100 92 87 85 86 91 99 109 120 121 112 105 100 99 100 104 111 120 130
58 85 47 72 79 106 25 87 66 103 34 51 57 83 21 70 84 75 117 61 47 85 56 44 45 96 38 73 61 103 8 53 15 33 20 48 58 77 69 42 91 75 60 45 33 28 33 45 59 75 88 71 54 38 23 14 23 38 54 71 87 70 52 35 18 0 18 35 52 70 88 71 54 38 23 14 23 38 54 71 91 75 60 45 33 28 33 45 59 75 97 82 67 55 46 42 46 55 67 81 104 90 77 66 59 56 59 66 76 89 112 99 88 79 73 70 72 78 87 98 122 110 99 91 86 84 86 91 98 108 132 121 112 105 100 98 99 104 110 119
44 81 57 89 62 112 9 97 52 112 31 34 41 100 36 81 93 85 128 60 32 84 73 61 28 103 50 82 44 112 12 39 32 50 37 42 72 88 81 58 108 91 75 59 45 33 28 33 45 59 105 88 71 54 38 23 14 23 38 54 104 87 70 52 35 18 0 18 35 52 105 88 71 54 38 23 14 23 38 54 108 91 75 59 45 33 28 33 45 59 113 97 81 67 55 46 42 46 54 67 119 104 90 77 66 59 56 59 66 76 126 112 99 88 78 72 70 72 78 87 134 121 109 99 91 86 84 85 90 98 144 131 121 111 104 99 98 99 103 110
33 81 70 106 45 120 13 108 40 123 37 18 27 118 52 94 104 97 141 63 21 86 90 78 14 112 64 94 27 122 29 31 49 67 55 42 88 101 95 75 125 108 91 75 59 45 33 28 33 45 122 105 88 71 54 38 23 14 23 38 122 104 87 70 52 35 18 0 18 35 122 105 88 71 54 38 23 14 23 38 125 108 91 75 59 45 33 28 33 45 129 112 97 81 67 55 46 42 45 54 134 118 104 89 77 66 59 56 58 65 140 126 112 99 87 78 72 70 72 77 148 134 121 109 99 91 85 83 85 90 156 143 131 120 111 104 99 97 99 103
29 84 84 123 29 130 30 121 34 136 49 8 20 135 69 108 116 110 155 71 21 92 107 95 14 123 80 107 12 133 46 31 66 84 72 49 104 116 110 92 142 125 108 91 75 59 45 33 28 33 140 122 105 88 71 54 38 23 14 23 139 122 104 87 70 52 35 18 0 18 140 122 105 88 71 54 38 23 14 23 142 125 108 91 75 59 45 33 28 33 145 129 112 97 81 67 54 45 42 45 150 134 118 103 89 76 66 58 55 58 156 140 126 112 99 87 78 72 69 71 162 148 134 121 109 98 90 85 83 85 170 156 143 131 120 110 103 99 97 98
35 91 100 141 17 142 47 135 35 149 64 21 26 152 86 123 129 124 169 81 32 100 124 113 29 135 96 122 12 146 63 40 84 101 89 60 120 131 125 109 159 142 125 108 91 75 59 45 33 28 157 140 122 105 88 71 54 38 23 14 156 139 122 104 87 70 52 35 18 0 157 140 122 105 88 71 54 38 23 14 159 142 125 108 91 75 59 45 33 28 162 145 129 112 96 81 67 54 45 42 166 150 134 118 103 89 76 65 58 55 171 155 140 125 111 98 87 77 71 69 177 162 148 134 120 108 98 90 85 83 184 170 156 143 130 119 110 103 98 96
144 131 72 17 166 105 111 77 151 85 110 139 140 11 72 64 81 71 78 110 134 123 33 46 130 94 67 74 149 93 95 131 75 57 69 115 48 63 57 49 43 47 55 68 82 97 113 129 145 162 29 34 45 60 75 91 108 125 142 159 15 23 38 54 71 88 105 122 140 157 0 18 35 52 70 87 104 122 139 156 15 23 38 54 71 88 105 122 140 157 29 34 45 60 75 91 108 125 142 159 43 47 55 68 82 97 113 129 145 162 58 60 67 77 90 104 119 134 150 166 72 74 80 88 99 112 126 140 156 171 86 88 93 100 110 122 134 148 162 177
127 116 56 5 149 97 93 68 135 79 94 122 123 17 55 53 71 61 77 95 117 109 16 30 113 85 51 62 132 85 78 114 58 39 52 99 34 54 46 32 47 43 46 55 67 82 97 112 129 145 34 29 34 45 60 75 91 108 125 142 23 15 23 38 54 71 88 105 122 140 18 0 18 35 52 70 87 104 122 139 23 15 23 38 54 71 88 105 122 140 34 29 34 45 60 75 91 108 125 142 47 43 46 55 67 82 97 112 129 145 60 57 60 67 77 90 104 118 134 150 74 72 73 79 88 99 112 126 140 155 88 86 87 92 100 110 121 134 148 162
111 103 42 20 132 91 76 63 119 76 80 105 106 32 37 45 65 53 80 80 101 97 3 17 95 79 35 54 115 81 62 97 42 22 36 82 24 48 39 15 55 46 43 46 55 67 81 97 112 129 45 34 29 34 45 60 75 91 108 125 38 23 15 23 38 54 71 88 105 122 35 18 0 18 35 52 70 87 104 122 38 23 15 23 38 54 71 88 105 122 45 34 29 34 45 60 75 91 108 125 55 46 43 46 55 67 81 97 112 129 67 60 57 60 67 77 90 104 118 134 80 73 71 73 79 88 99 112 126 140 93 87 85 87 92 99 109 121 134 148
95 90 32 37 116 88 59 63 103 78 66 88 88 49 20 44 62 51 86 67 85 86 20 17 78 76 21 51 98 81 45 80 27 5 22 66 25 49 40 5 68 55 46 43 46 55 67 81 97 112 60 45 34 29 33 45 59 75 91 108 54 38 23 15 23 38 54 71 88 105 52 35 18 0 18 35 52 70 87 104 54 38 23 15 23 38 54 71 88 105 60 45 34 29 33 45 59 75 91 108 68 55 46 43 46 55 67 81 97 112 77 67 60 57 59 66 77 89 103 118 88 79 73 71 73 79 88 99 112 125 100 92 87 85 87 91 99 109 121 134
80 80 29 54 99 89 42 67 88 83 54 71 71 66 3 49 65 55 95 55 69 77 37 30 61 77 17 53 81 84 30 63 17 14 16 51 36 56 47 21 82 67 55 46 43 46 55 67 81 96 75 60 45 33 29 33 45 59 75 91 71 54 38 23 15 23 38 54 71 88 70 52 35 18 0 18 35 52 70 87 71 54 38 23 15 23 38 54 71 88 75 60 45 33 29 33 45 59 75 91 82 67 55 46 43 46 55 67 81 96 90 77 67 59 57 59 66 77 89 103 99 88 79 73 71 73 78 87 99 111 110 100 92 87 85 86 91 99 109 120
66 72 35 71 83 93 25 75 74 91 47 55 54 83 16 59 72 63 106 48 54 72 54 46 44 83 28 61 64 91 19 46 22 31 25 37 50 66 59 39 97 82 67 55 46 42 46 55 67 81 91 75 60 45 33 28 33 45 59 75 88 71 54 38 23 14 23 38 54 71 87 70 52 35 18 0 18 35 52 70 88 71 54 38 23 14 23 38 54 71 91 75 60 45 33 28 33 45 59 75 97 82 67 55 46 42 46 55 67 81 104 90 77 66 59 56 59 66 76 89 112 99 88 79 73 70 72 78 87 98 122 110 99 91 86 84 86 91 98 108
54 67 48 88 67 100 10 86 62 101 45 40 37 101 33 72 82 75 119 46 42 70 72 62 26 91 43 72 48 100 21 31 36 48 40 28 66 79 73 56 113 97 81 67 55 46 42 46 54 67 108 91 75 59 45 33 28 33 45 59 105 88 71 54 38 23 14 23 38 54 104 87 70 52 35 18 0 18 35 52 105 88 71 54 38 23 14 23 38 54 108 91 75 59 45 33 28 33 45 59 113 97 81 67 55 46 42 46 54 67 119 104 90 77 66 59 56 59 66 76 126 112 99 88 78 72 70 72 78 87 134 121 109 99 91 86 84 85 90 98
46 67 63 106 51 109 14 99 52 114 49 27 20 118 50 86 94 88 133 50 34 73 89 79 9 101 59 85 34 111 33 18 52 65 57 29 83 94 88 73 129 112 97 81 67 55 46 42 45 54 125 108 91 75 59 45 33 28 33 45 122 105 88 71 54 38 23 14 23 38 122 104 87 70 52 35 18 0 18 35 122 105 88 71 54 38 23 14 23 38 125 108 91 75 59 45 33 28 33 45 129 112 97 81 67 55 46 42 45 54 134 118 104 89 77 66 59 56 58 65 140 126 112 99 87 78 72 70 72 77 148 134 121 109 99 91 85 83 85 90
43 71 78 123 38 120 30 113 47 127 59 22 6 135 67 101 107 103 147 60 34 80 106 96 10 113 76 100 24 124 49 18 68 83 74 38 99 109 104 91 145 129 112 97 81 67 54 45 42 45 142 125 108 91 75 59 45 33 28 33 140 122 105 88 71 54 38 23 14 23 139 122 104 87 70 52 35 18 0 18 140 122 105 88 71 54 38 23 14 23 142 125 108 91 75 59 45 33 28 33 145 129 112 97 81 67 54 45 42 45 150 134 118 103 89 76 66 58 55 58 156 140 126 112 99 87 78 72 69 71 162 148 134 121 109 98 90 85 83 85
47 79 95 140 30 132 47 128 48 141 71 29 17 152 85 117 122 118 162 72 42 89 123 114 27 127 93 115 24 137 65 31 85 100 91 52 116 125 120 108 162 145 129 112 96 81 67 54 45 42 159 142 125 108 91 75 59 45 33 28 157 140 122 105 88 71 54 38 23 14 156 139 122 104 87 70 52 35 18 0 157 140 122 105 88 71 54 38 23 14 159 142 125 108 91 75 59 45 33 28 162 145 129 112 96 81 67 54 45 42 166 150 134 118 103 89 76 65 58 55 171 155 140 125 111 98 87 77 71 69 177 162 148 134 120 108 98 90 85 83
148 124 68 25 169 94 112 66 156 72 117 142 140 25 73 56 70 62 64 105 138 116 37 52 131 83 65 65 151 80 99 130 79 59 74 113 43 53 49 50 58 60 67 77 90 104 119 134 150 166 43 47 55 68 82 97 113 129 145 162 29 34 45 60 75 91 108 125 142 159 15 23 38 54 71 88 105 122 140 157 0 18 35 52 70 87 104 122 139 156 15 23 38 54 71 88 105 122 140 157 29 34 45 60 75 91 108 125 142 159 43 47 55 68 82 97 113 129 145 162 58 60 67 77 90 104 119 134 150 166 72 74 80 88 99 112 126 140 156 171
133 109 51 19 153 84 96 56 141 65 102 125 123 28 56 42 59 49 62 89 122 101 22 39 114 73 48 51 135 72 83 113 64 42 58 96 27 41 35 34 60 57 60 67 77 90 104 118 134 150 47 43 46 55 67 82 97 112 129 145 34 29 34 45 60 75 91 108 125 142 23 15 23 38 54 71 88 105 122 140 18 0 18 35 52 70 87 104 122 139 23 15 23 38 54 71 88 105 122 140 34 29 34 45 60 75 91 108 125 142 47 43 46 55 67 82 97 112 129 145 60 57 60 67 77 90 104 118 134 150 74 72 73 79 88 99 112 126 140 155
117 94 35 27 136 78 79 50 125 62 88 109 106 39 40 32 51 40 66 73 106 87 16 30 97 65 31 41 118 67 67 95 49 27 44 79 12 34 25 19 67 60 57 60 67 77 90 104 118 134 55 46 43 46 55 67 81 97 112 129 45 34 29 34 45 60 75 91 108 125 38 23 15 23 38 54 71 88 105 122 35 18 0 18 35 52 70 87 104 122 38 23 15 23 38 54 71 88 105 122 45 34 29 34 45 60 75 91 108 125 55 46 43 46 55 67 81 97 112 129 67 60 57 60 67 77 90 104 118 134 80 73 71 73 79 88 99 112 126 140
102 80 20 41 120 74 62 49 110 64 76 93 89 54 24 30 48 37 74 58 91 75 25 30 80 62 14 37 102 67 52 78 37 16 33 62 14 36 26 13 77 67 60 57 59 66 77 89 103 118 68 55 46 43 46 55 67 81 97 112 60 45 34 29 33 45 59 75 91 108 54 38 23 15 23 38 54 71 88 105 52 35 18 0 18 35 52 70 87 104 54 38 23 15 23 38 54 71 88 105 60 45 34 29 33 45 59 75 91 108 68 55 46 43 46 55 67 81 97 112 77 67 60 57 59 66 77 89 103 118 88 79 73 71 73 79 88 99 112 125
88 68 15 57 104 75 46 55 96 70 66 77 71 70 14 37 52 42 84 44 76 65 40 38 63 64 6 40 86 71 40 61 31 21 30 45 29 44 37 24 90 77 67 59 57 59 66 77 89 103 82 67 55 46 43 46 55 67 81 96 75 60 45 33 29 33 45 59 75 91 71 54 38 23 15 23 38 54 71 88 70 52 35 18 0 18 35 52 70 87 71 54 38 23 15 23 38 54 71 88 75 60 45 33 29 33 45 59 75 91 82 67 55 46 43 46 55 67 81 96 90 77 67 59 57 59 66 77 89 103 99 88 79 73 71 73 78 87 99 111
76 59 26 73 88 80 32 64 84 80 60 62 54 86 21 49 60 52 97 35 64 58 56 52 47 70 22 50 70 79 33 44 34 34 36 29 46 57 51 40 104 90 77 66 59 56 59 66 76 89 97 82 67 55 46 42 46 55 67 81 91 75 60 45 33 28 33 45 59 75 88 71 54 38 23 14 23 38 54 71 87 70 52 35 18 0 18 35 52 70 88 71 54 38 23 14 23 38 54 71 91 75 60 45 33 28 33 45 59 75 97 82 67 55 46 42 46 55 67 81 104 90 77 66 59 56 59 66 76 89 112 99 88 79 73 70 72 78 87 98
66 53 41 90 74 88 23 77 73 92 59 49 37 103 36 64 72 66 111 32 53 56 73 67 31 79 40 63 56 89 34 26 44 50 47 16 63 72 67 57 119 104 90 77 66 59 56 59 66 76 113 97 81 67 55 46 42 46 54 67 108 91 75 59 45 33 28 33 45 59 105 88 71 54 38 23 14 23 38 54 104 87 70 52 35 18 0 18 35 52 105 88 71 54 38 23 14 23 38 54 108 91 75 59 45 33 28 33 45 59 113 97 81 67 55 46 42 46 54 67 119 104 90 77 66 59 56 59 66 76 126 112 99 88 78 72 70 72 78 87
59 53 58 107 60 98 25 91 65 105 62 39 21 120 52 80 85 81 125 38 47 60 90 83 19 91 57 78 44 102 42 9 58 67 62 16 80 88 83 74 134 118 104 89 77 66 59 56 58 65 129 112 97 81 67 55 46 42 45 54 125 108 91 75 59 45 33 28 33 45 122 105 88 71 54 38 23 14 23 38 122 104 87 70 52 35 18 0 18 35 122 105 88 71 54 38 23 14 23 38 125 108 91 75 59 45 33 28 33 45 129 112 97 81 67 55 46 42 45 54 134 118 104 89 77 66 59 56 58 65 140 126 112 99 87 78 72 70 72 77
57 59 75 124 49 110 36 106 61 119 70 36 9 137 69 96 100 97 141 50 47 68 107 99 20 105 74 93 37 115 55 10 73 84 78 30 97 104 100 91 150 134 118 103 89 76 66 58 55 58 145 129 112 97 81 67 54 45 42 45 142 125 108 91 75 59 45 33 28 33 140 122 105 88 71 54 38 23 14 23 139 122 104 87 70 52 35 18 0 18 140 122 105 88 71 54 38 23 14 23 142 125 108 91 75 59 45 33 28 33 145 129 112 97 81 67 54 45 42 45 150 134 118 103 89 76 66 58 55 58 156 140 126 112 99 87 78 72 69 71
60 68 92 141 43 124 51 122 62 135 81 40 19 154 86 113 116 113 156 64 53 79 124 116 32 119 91 110 37 130 70 27 89 101 94 46 115 120 117 108 166 150 134 118 103 89 76 65 58 55 162 145 129 112 96 81 67 54 45 42 159 142 125 108 91 75 59 45 33 28 157 140 122 105 88 71 54 38 23 14 156 139 122 104 87 70 52 35 18 0 157 140 122 105 88 71 54 38 23 14 159 142 125 108 91 75 59 45 33 28 162 145 129 112 96 81 67 54 45 42 166 150 134 118 103 89 76 65 58 55 171 155 140 125 111 98 87 77 71 69
154 119 66 37 174 83 116 56 162 60 124 146 142 39 77 50 62 55 50 102 144 109 45 61 134 73 66 58 155 69 104 131 86 64 80 112 43 45 44 55 72 74 80 88 99 112 126 140 156 171 58 60 67 77 90 104 119 134 150 166 43 47 55 68 82 97 113 129 145 162 29 34 45 60 75 91 108 125 142 159 15 23 38 54 71 88 105 122 140 157 0 18 35 52 70 87 104 122 139 156 15 23 38 54 71 88 105 122 140 157 29 34 45 60 75 91 108 125 142 159 43 47 55 68 82 97 113 129 145 162 58 60 67 77 90 104 119 134 150 166
139 103 49 33 157 72 100 44 147 52 111 130 125 41 61 33 48 40 48 85 128 94 34 50 117 61 49 42 139 59 89 113 72 49 66 95 26 31 27 41 74 72 73 79 88 99 112 126 140 155 60 57 60 67 77 90 104 118 134 150 47 43 46 55 67 82 97 112 129 145 34 29 34 45 60 75 91 108 125 142 23 15 23 38 54 71 88 105 122 140 18 0 18 35 52 70 87 104 122 139 23 15 23 38 54 71 88 105 122 140 34 29 34 45 60 75 91 108 125 142 47 43 46 55 67 82 97 112 129 145 60 57 60 67 77 90 104 118 134 150
124 87 31 38 141 64 84 36 133 48 98 114 108 49 47 20 38 27 53 68 113 79 30 44 100 52 33 29 123 54 75 96 59 37 55 78 10 21 13 30 80 73 71 73 79 88 99 112 126 140 67 60 57 60 67 77 90 104 118 134 55 46 43 46 55 67 81 97 112 129 45 34 29 34 45 60 75 91 108 125 38 23 15 23 38 54 71 88 105 122 35 18 0 18 35 52 70 87 104 122 38 23 15 23 38 54 71 88 105 122 45 34 29 34 45 60 75 91 108 125 55 46 43 46 55 67 81 97 112 129 67 60 57 60 67 77 90 104 118 134
111 72 14 49 125 60 68 35 119 50 87 99 91 61 35 16 34 23 62 52 99 65 36 43 84 48 18 23 107 53 62 79 49 30 46 60 12 23 14 26 88 79 73 71 73 79 88 99 112 125 77 67 60 57 59 66 77 89 103 118 68 55 46 43 46 55 67 81 97 112 60 45 34 29 33 45 59 75 91 108 54 38 23 15 23 38 54 71 88 105 52 35 18 0 18 35 52 70 87 104 54 38 23 15 23 38 54 71 88 105 60 45 34 29 33 45 59 75 91 108 68 55 46 43 46 55 67 81 97 112 77 67 60 57 59 66 77 89 103 118
98 58 4 63 110 61 54 43 106 58 79 84 74 76 28 27 39 30 75 36 86 53 47 50 68 50 13 28 92 58 52 62 45 33 44 43 28 35 29 33 99 88 79 73 71 73 78 87 99 111 90 77 67 59 57 59 66 77 89 103 82 67 55 46 43 46 55 67 81 96 75 60 45 33 29 33 45 59 75 91 71 54 38 23 15 23 38 54 71 88 70 52 35 18 0 18 35 52 70 87 71 54 38 23 15 23 38 54 71 88 75 60 45 33 29 33 45 59 75 91 82 67 55 46 43 46 55 67 81 96 90 77 67 59 57 59 66 77 89 103
87 47 21 78 96 67 43 55 94 69 74 71 58 91 32 43 50 44 89 22 74 45 62 61 53 58 25 41 78 67 46 45 47 43 48 26 45 50 46 46 112 99 88 79 73 70 72 78 87 98 104 90 77 66 59 56 59 66 76 89 97 82 67 55 46 42 46 55 67 81 91 75 60 45 33 28 33 45 59 75 88 71 54 38 23 14 23 38 54 71 87 70 52 35 18 0 18 35 52 70 88 71 54 38 23 14 23 38 54 71 91 75 60 45 33 28 33 45 59 75 97 82 67 55 46 42 46 55 67 81 104 90 77 66 59 56 59 66 76 89
78 40 39 94 82 76 36 69 85 83 72 60 43 107 43 59 63 59 104 18 66 43 77 74 41 69 41 56 66 79 47 29 55 56 57 8 63 67 63 61 126 112 99 88 78 72 70 72 78 87 119 104 90 77 66 59 56 59 66 76 113 97 81 67 55 46 42 46 54 67 108 91 75 59 45 33 28 33 45 59 105 88 71 54 38 23 14 23 38 54 104 87 70 52 35 18 0 18 35 52 105 88 71 54 38 23 14 23 38 54 108 91 75 59 45 33 28 33 45 59 113 97 81 67 55 46 42 46 54 67 119 104 90 77 66 59 56 59 66 76
72 40 56 110 71 88 37 85 78 98 75 52 29 123 57 76 78 76 119 28 61 47 94 89 32 82 58 72 56 93 54 15 66 72 70 10 80 83 80 78 140 126 112 99 87 78 72 70 72 77 134 118 104 89 77 66 59 56 58 65 129 112 97 81 67 55 46 42 45 54 125 108 91 75 59 45 33 28 33 45 122 105 88 71 54 38 23 14 23 38 122 104 87 70 52 35 18 0 18 35 122 105 88 71 54 38 23 14 23 38 125 108 91 75 59 45 33 28 33 45 129 112 97 81 67 55 46 42 45 54 134 118 104 89 77 66 59 56 58 65
70 47 73 127 62 101 46 101 75 113 82 49 23 140 73 93 94 92 135 43 61 57 110 104 32 97 75 89 50 108 64 16 80 88 84 27 97 100 97 94 156 140 126 112 99 87 78 72 69 71 150 134 118 103 89 76 66 58 55 58 145 129 112 97 81 67 54 45 42 45 142 125 108 91 75 59 45 33 28 33 140 122 105 88 71 54 38 23 14 23 139 122 104 87 70 52 35 18 0 18 140 122 105 88 71 54 38 23 14 23 142 125 108 91 75 59 45 33 28 33 145 129 112 97 81 67 54 45 42 45 150 134 118 103 89 76 66 58 55 58
73 58 91 144 57 116 58 117 75 129 91 53 28 157 89 110 111 109 151 59 65 70 127 120 41 112 92 106 50 123 77 29 94 104 99 45 114 117 115 111 171 155 140 125 111 98 87 77 71 69 166 150 134 118 103 89 76 65 58 55 162 145 129 112 96 81 67 54 45 42 159 142 125 108 91 75 59 45 33 28 157 140 122 105 88 71 54 38 23 14 156 139 122 104 87 70 52 35 18 0 157 140 122 105 88 71 54 38 23 14 159 142 125 108 91 75 59 45 33 28 162 145 129 112 96 81 67 54 45 42 166 150 134 118 103 89 76 65 58 55
161 115 68 50 179 73 121 49 169 50 133 151 145 53 84 47 55 51 36 101 150 105 55 72 138 64 70 54 160 59 111 133 94 72 89 113 47 41 43 63 86 88 93 100 110 122 134 148 162 177 72 74 80 88 99 112 126 140 156 171 58 60 67 77 90 104 119 134 150 166 43 47 55 68 82 97 113 129 145 162 29 34 45 60 75 91 108 125 142 159 15 23 38 54 71 88 105 122 140 157 0 18 35 52 70 87 104 122 139 156 15 23 38 54 71 88 105 122 140 157 29 34 45 60 75 91 108 125 142 159 43 47 55 68 82 97 113 129 145 162
147 98 51 47 163 61 106 34 155 39 120 136 128 54 69 30 39 34 34 83 135 88 47 63 121 50 55 37 145 47 97 116 81 59 76 96 32 24 26 51 88 86 87 92 100 110 121 134 148 162 74 72 73 79 88 99 112 126 140 155 60 57 60 67 77 90 104 118 134 150 47 43 46 55 67 82 97 112 129 145 34 29 34 45 60 75 91 108 125 142 23 15 23 38 54 71 88 105 122 140 18 0 18 35 52 70 87 104 122 139 23 15 23 38 54 71 88 105 122 140 34 29 34 45 60 75 91 108 125 142 47 43 46 55 67 82 97 112 129 145
133 82 34 51 147 51 91 23 141 34 109 121 112 61 56 13 26 18 41 66 121 72 44 57 106 39 40 20 129 40 84 99 70 49 66 79 21 8 9 43 93 87 85 87 92 99 109 121 134 148 80 73 71 73 79 88 99 112 126 140 67 60 57 60 67 77 90 104 118 134 55 46 43 46 55 67 81 97 112 129 45 34 29 34 45 60 75 91 108 125 38 23 15 23 38 54 71 88 105 122 35 18 0 18 35 52 70 87 104 122 38 23 15 23 38 54 71 88 105 122 45 34 29 34 45 60 75 91 108 125 55 46 43 46 55 67 81 97 112 129
120 66 20 59 132 46 77 22 128 37 99 106 95 71 47 6 20 9 52 49 108 57 48 57 90 34 29 9 114 39 73 82 62 44 60 62 22 13 11 40 100 92 87 85 87 91 99 109 121 134 88 79 73 71 73 79 88 99 112 125 77 67 60 57 59 66 77 89 103 118 68 55 46 43 46 55 67 81 97 112 60 45 34 29 33 45 59 75 91 108 54 38 23 15 23 38 54 71 88 105 52 35 18 0 18 35 52 70 87 104 54 38 23 15 23 38 54 71 88 105 60 45 34 29 33 45 59 75 91 108 68 55 46 43 46 55 67 81 97 112
108 50 15 71 118 48 64 32 116 47 92 93 80 84 42 23 27 22 66 31 96 42 57 62 76 37 27 19 100 46 65 66 59 46 58 46 34 30 28 45 110 100 92 87 85 86 91 99 109 120 99 88 79 73 71 73 78 87 99 111 90 77 67 59 57 59 66 77 89 103 82 67 55 46 43 46 55 67 81 96 75 60 45 33 29 33 45 59 75 91 71 54 38 23 15 23 38 54 71 88 70 52 35 18 0 18 35 52 70 87 71 54 38 23 15 23 38 54 71 88 75 60 45 33 29 33 45 59 75 91 82 67 55 46 43 46 55 67 81 96
98 36 26 85 104 55 55 47 105 61 87 81 65 98 45 40 41 38 82 14 86 32 70 71 62 47 34 35 88 57 60 51 60 53 61 30 49 47 45 55 122 110 99 91 86 84 86 91 98 108 112 99 88 79 73 70 72 78 87 98 104 90 77 66 59 56 59 66 76 89 97 82 67 55 46 42 46 55 67 81 91 75 60 45 33 28 33 45 59 75 88 71 54 38 23 14 23 38 54 71 87 70 52 35 18 0 18 35 52 70 88 71 54 38 23 14 23 38 54 71 91 75 60 45 33 28 33 45 59 75 97 82 67 55 46 42 46 55 67 81
91 26 41 100 92 66 50 63 97 76 86 72 51 113 53 57 57 56 98 6 79 29 84 83 52 60 47 52 77 71 61 37 66 65 68 17 65 64 62 68 134 121 109 99 91 86 84 85 90 98 126 112 99 88 78 72 70 72 78 87 119 104 90 77 66 59 56 59 66 76 113 97 81 67 55 46 42 46 54 67 108 91 75 59 45 33 28 33 45 59 105 88 71 54 38 23 14 23 38 54 104 87 70 52 35 18 0 18 35 52 105 88 71 54 38 23 14 23 38 54 108 91 75 59 45 33 28 33 45 59 113 97 81 67 55 46 42 46 54 67
86 27 58 115 82 79 51 80 91 92 89 65 41 128 65 75 73 73 114 22 74 35 99 96 46 75 62 69 68 86 66 28 76 78 79 18 82 81 80 83 148 134 121 109 99 91 85 83 85 90 140 126 112 99 87 78 72 70 72 77 134 118 104 89 77 66 59 56 58 65 129 112 97 81 67 55 46 42 45 54 125 108 91 75 59 45 33 28 33 45 122 105 88 71 54 38 23 14 23 38 122 104 87 70 52 35 18 0 18 35 122 105 88 71 54 38 23 14 23 38 125 108 91 75 59 45 33 28 33 45 129 112 97 81 67 55 46 42 45 54
84 36 75 131 74 94 57 97 88 108 94 63 36 144 79 92 90 90 131 39 74 48 115 111 46 91 78 87 64 102 75 28 88 93 92 31 99 98 97 99 162 148 134 121 109 98 90 85 83 85 156 140 126 112 99 87 78 72 69 71 150 134 118 103 89 76 66 58 55 58 145 129 112 97 81 67 54 45 42 45 142 125 108 91 75 59 45 33 28 33 140 122 105 88 71 54 38 23 14 23 139 122 104 87 70 52 35 18 0 18 140 122 105 88 71 54 38 23 14 23 142 125 108 91 75 59 45 33 28 33 145 129 112 97 81 67 54 45 42 45
86 51 92 148 70 109 67 114 89 124 102 66 40 161 94 109 107 107 148 56 78 62 131 126 52 107 95 104 64 118 86 37 102 109 106 47 116 116 114 115 177 162 148 134 120 108 98 90 85 83 171 155 140 125 111 98 87 77 71 69 166 150 134 118 103 89 76 65 58 55 162 145 129 112 96 81 67 54 45 42 159 142 125 108 91 75 59 45 33 28 157 140 122 105 88 71 54 38 23 14 156 139 122 104 87 70 52 35 18 0 157 140 122 105 88 71 54 38 23 14 159 142 125 108 91 75 59 45 33 28 162 145 129 112 96 81 67 54 45 42
169 113 72 64 185 65 128 45 177 41 143 158 149 67 92 49 52 50 23 101 157 102 67 83 143 58 77 54 166 51 120 136 103 81 99 116 54 42 46 73 100 102 106 112 121 132 144 156 170 184 86 88 93 100 110 122 134 148 162 177 72 74 80 88 99 112 126 140 156 171 58 60 67 77 90 104 119 134 150 166 43 47 55 68 82 97 113 129 145 162 29 34 45 60 75 91 108 125 142 159 15 23 38 54 71 88 105 122 140 157 0 18 35 52 70 87 104 122 139 156 15 23 38 54 71 88 105 122 140 157 29 34 45 60 75 91 108 125 142 159
155 96 56 61 169 51 113 28 163 27 131 143 133 68 79 33 34 33 20 84 143 85 60 76 127 42 63 36 151 36 106 120 92 70 88 99 42 25 31 63 102 100 101 105 112 121 131 143 156 170 88 86 87 92 100 110 121 134 148 162 74 72 73 79 88 99 112 126 140 155 60 57 60 67 77 90 104 118 134 150 47 43 46 55 67 82 97 112 129 145 34 29 34 45 60 75 91 108 125 142 23 15 23 38 54 71 88 105 122 140 18 0 18 35 52 70 87 104 122 139 23 15 23 38 54 71 88 105 122 140 34 29 34 45 60 75 91 108 125 142
142 79 42 64 154 39 99 12 150 20 120 129 117 74 68 19 18 16 30 67 130 68 58 71 112 28 51 19 137 26 95 104 82 62 79 83 35 11 20 56 106 101 99 101 105 112 121 131 143 156 93 87 85 87 92 99 109 121 134 148 80 73 71 73 79 88 99 112 126 140 67 60 57 60 67 77 90 104 118 134 55 46 43 46 55 67 81 97 112 129 45 34 29 34 45 60 75 91 108 125 38 23 15 23 38 54 71 88 105 122 35 18 0 18 35 52 70 87 104 122 38 23 15 23 38 54 71 88 105 122 45 34 29 34 45 60 75 91 108 125
130 62 32 71 140 32 86 10 138 25 112 115 102 82 60 15 6 7 45 50 118 51 61 71 98 20 42 6 123 26 85 88 76 58 73 67 36 15 21 54 112 105 101 99 100 105 111 120 131 143 100 92 87 85 87 91 99 109 121 134 88 79 73 71 73 79 88 99 112 125 77 67 60 57 59 66 77 89 103 118 68 55 46 43 46 55 67 81 97 112 60 45 34 29 33 45 59 75 91 108 54 38 23 15 23 38 54 71 88 105 52 35 18 0 18 35 52 70 87 104 54 38 23 15 23 38 54 71 88 105 60 45 34 29 33 45 59 75 91 108
120 45 29 81 127 34 76 26 127 39 105 103 87 93 56 27 20 21 61 33 107 35 69 75 85 25 40 18 110 35 78 73 73 59 72 52 44 30 33 58 121 112 105 100 99 100 104 111 120 130 110 100 92 87 85 86 91 99 109 120 99 88 79 73 71 73 78 87 99 111 90 77 67 59 57 59 66 77 89 103 82 67 55 46 43 46 55 67 81 96 75 60 45 33 29 33 45 59 75 91 71 54 38 23 15 23 38 54 71 88 70 52 35 18 0 18 35 52 70 87 71 54 38 23 15 23 38 54 71 88 75 60 45 33 29 33 45 59 75 91
110 28 35 93 114 44 68 43 117 54 101 92 73 106 58 42 37 38 77 18 98 20 79 83 73 38 46 35 98 49 74 59 74 65 74 39 56 47 49 66 132 121 112 105 100 98 99 104 110 119 122 110 99 91 86 84 86 91 98 108 112 99 88 79 73 70 72 78 87 98 104 90 77 66 59 56 59 66 76 89 97 82 67 55 46 42 46 55 67 81 91 75 60 45 33 28 33 45 59 75 88 71 54 38 23 14 23 38 54 71 87 70 52 35 18 0 18 35 52 70 88 71 54 38 23 14 23 38 54 71 91 75 60 45 33 28 33 45 59 75
104 14 48 107 103 57 64 60 110 71 100 84 62 120 65 59 54 55 94 12 92 15 92 93 64 54 56 52 88 65 74 48 79 75 80 30 71 64 65 77 144 131 121 111 104 99 98 99 103 110 134 121 109 99 91 86 84 85 90 98 126 112 99 88 78 72 70 72 78 87 119 104 90 77 66 59 56 59 66 76 113 97 81 67 55 46 42 46 54 67 108 91 75 59 45 33 28 33 45 59 105 88 71 54 38 23 14 23 38 54 104 87 70 52 35 18 0 18 35 52 105 88 71 54 38 23 14 23 38 54 108 91 75 59 45 33 28 33 45 59
99 14 63 122 94 72 64 78 105 88 102 79 53 135 75 76 71 72 111 24 88 26 106 105 59 70 69 69 81 81 78 41 87 87 90 31 86 82 82 91 156 143 131 120 111 104 99 97 99 103 148 134 121 109 99 91 85 83 85 90 140 126 112 99 87 78 72 70 72 77 134 118 104 89 77 66 59 56 58 65 129 112 97 81 67 55 46 42 45 54 125 108 91 75 59 45 33 28 33 45 122 105 88 71 54 38 23 14 23 38 122 104 87 70 52 35 18 0 18 35 122 105 88 71 54 38 23 14 23 38 125 108 91 75 59 45 33 28 33 45
98 29 78 137 87 88 69 95 102 104 107 77 50 150 87 93 88 90 128 40 88 41 121 118 59 87 84 86 77 98 86 41 98 100 101 40 102 99 99 105 170 156 143 131 120 110 103 99 97 98 162 148 134 121 109 98 90 85 83 85 156 140 126 112 99 87 78 72 69 71 150 134 118 103 89 76 66 58 55 58 145 129 112 97 81 67 54 45 42 45 142 125 108 91 75 59 45 33 28 33 140 122 105 88 71 54 38 23 14 23 139 122 104 87 70 52 35 18 0 18 140 122 105 88 71 54 38 23 14 23 142 125 108 91 75 59 45 33 28 33
100 45 95 152 84 105 78 112 102 122 114 79 52 166 101 110 106 107 145 57 91 58 136 132 64 104 100 104 77 115 96 48 110 115 114 53 119 116 116 120 184 170 156 143 130 119 110 103 98 96 177 162 148 134 120 108 98 90 85 83 171 155 140 125 111 98 87 77 71 69 166 150 134 118 103 89 76 65 58 55 162 145 129 112 96 81 67 54 45 42 159 142 125 108 91 75 59 45 33 28 157 140 122 105 88 71 54 38 23 14 156 139 122 104 87 70 52 35 18 0 157 140 122 105 88 71 54 38 23 14 159 142 125 108 91 75 59 45 33 28
178 113 79 77 191 60 135 45 186 37 153 165 154 82 101 55 52 54 14 103 166 101 80 96 149 55 85 57 173 46 129 141 114 92 109 120 64 47 54 84 115 116 119 125 133 143 154 166 179 192 100 102 106 112 121 132 144 156 170 184 86 88 93 100 110 122 134 148 162 177 72 74 80 88 99 112 126 140 156 171 58 60 67 77 90 104 119 134 150 166 43 47 55 68 82 97 113 129 145 162 29 34 45 60 75 91 108 125 142 159 15 23 38 54 71 88 105 122 140 157 0 18 35 52 70 87 104 122 139 156 15 23 38 54 71 88 105 122 140 157
165 95 65 76 177 43 121 29 172 20 142 151 139 82 89 41 35 38 8 87 152 84 74 89 134 38 72 41 159 29 117 125 104 82 100 104 54 33 41 75 116 114 115 119 125 133 142 153 165 178 102 100 101 105 112 121 131 143 156 170 88 86 87 92 100 110 121 134 148 162 74 72 73 79 88 99 112 126 140 155 60 57 60 67 77 90 104 118 134 150 47 43 46 55 67 82 97 112 129 145 34 29 34 45 60 75 91 108 125 142 23 15 23 38 54 71 88 105 122 140 18 0 18 35 52 70 87 104 122 139 23 15 23 38 54 71 88 105 122 140
152 78 53 78 162 28 109 13 160 6 132 138 124 87 80 31 19 25 23 70 140 66 72 85 120 21 62 27 145 14 106 110 95 75 92 89 49 24 34 70 119 115 114 115 118 124 132 142 153 165 106 101 99 101 105 112 121 131 143 156 93 87 85 87 92 99 109 121 134 148 80 73 71 73 79 88 99 112 126 140 67 60 57 60 67 77 90 104 118 134 55 46 43 46 55 67 81 97 112 129 45 34 29 34 45 60 75 91 108 125 38 23 15 23 38 54 71 88 105 122 35 18 0 18 35 52 70 87 104 122 38 23 15 23 38 54 71 88 105 122
141 61 45 83 149 19 97 12 149 17 124 125 109 94 73 29 9 20 41 54 129 49 75 85 107 6 56 20 132 13 97 95 89 72 87 74 49 26 35 68 125 119 115 113 114 118 124 132 141 152 112 105 101 99 100 105 111 120 131 143 100 92 87 85 87 91 99 109 121 134 88 79 73 71 73 79 88 99 112 125 77 67 60 57 59 66 77 89 103 118 68 55 46 43 46 55 67 81 97 112 60 45 34 29 33 45 59 75 91 108 54 38 23 15 23 38 54 71 88 105 52 35 18 0 18 35 52 70 87 104 54 38 23 15 23 38 54 71 88 105
131 43 43 92 136 22 88 27 138 34 119 114 96 104 70 36 21 28 58 40 119 32 81 88 95 17 54 26 120 27 91 81 87 73 86 61 55 37 43 71 133 125 118 114 113 114 117 123 131 141 121 112 105 100 99 100 104 111 120 130 110 100 92 87 85 86 91 99 109 120 99 88 79 73 71 73 78 87 99 111 90 77 67 59 57 59 66 77 89 103 82 67 55 46 43 46 55 67 81 96 75 60 45 33 29 33 45 59 75 91 71 54 38 23 15 23 38 54 71 88 70 52 35 18 0 18 35 52 70 87 71 54 38 23 15 23 38 54 71 88
123 26 47 103 125 35 81 44 130 51 115 104 83 115 72 49 37 42 75 28 111 14 90 95 85 33 58 40 109 44 88 69 88 78 88 50 66 52 56 78 143 133 124 118 114 112 113 117 123 131 132 121 112 105 100 98 99 104 110 119 122 110 99 91 86 84 86 91 98 108 112 99 88 79 73 70 72 78 87 98 104 90 77 66 59 56 59 66 76 89 97 82 67 55 46 42 46 55 67 81 91 75 60 45 33 28 33 45 59 75 88 71 54 38 23 14 23 38 54 71 87 70 52 35 18 0 18 35 52 70 88 71 54 38 23 14 23 38 54 71
117 9 57 115 115 51 78 61 123 68 114 97 73 128 77 64 54 58 92 25 105 4 101 104 77 50 67 55 101 61 88 60 92 86 93 44 78 68 70 88 154 142 132 124 117 113 112 113 116 122 144 131 121 111 104 99 98 99 103 110 134 121 109 99 91 86 84 85 90 98 126 112 99 88 78 72 70 72 78 87 119 104 90 77 66 59 56 59 66 76 113 97 81 67 55 46 42 46 54 67 108 91 75 59 45 33 28 33 45 59 105 88 71 54 38 23 14 23 38 54 104 87 70 52 35 18 0 18 35 52 105 88 71 54 38 23 14 23 38 54
113 10 70 129 106 67 78 78 118 86 116 92 67 142 86 80 71 75 110 33 102 21 114 115 73 68 78 72 94 78 92 55 99 97 101 44 93 84 86 100 166 153 142 132 123 117 113 111 112 116 156 143 131 120 111 104 99 97 99 103 148 134 121 109 99 91 85 83 85 90 140 126 112 99 87 78 72 70 72 77 134 118 104 89 77 66 59 56 58 65 129 112 97 81 67 55 46 42 45 54 125 108 91 75 59 45 33 28 33 45 122 105 88 71 54 38 23 14 23 38 122 104 87 70 52 35 18 0 18 35 122 105 88 71 54 38 23 14 23 38
112 27 84 143 101 84 82 95 116 103 120 91 64 157 97 96 89 92 127 46 102 39 128 127 73 85 91 88 91 95 98 55 108 109 111 51 108 101 102 113 179 165 153 141 131 123 116 112 110 112 170 156 143 131 120 110 103 99 97 98 162 148 134 121 109 98 90 85 83 85 156 140 126 112 99 87 78 72 69 71 150 134 118 103 89 76 66 58 55 58 145 129 112 97 81 67 54 45 42 45 142 125 108 91 75 59 45 33 28 33 140 122 105 88 71 54 38 23 14 23 139 122 104 87 70 52 35 18 0 18 140 122 105 88 71 54 38 23 14 23
113 44 100 158 97 101 89 112 116 120 126 92 66 172 109 113 106 109 144 61 104 56 142 140 77 102 106 105 91 112 107 60 120 122 123 62 124 118 119 127 192 178 165 152 141 131 122 116 112 110 184 170 156 143 130 119 110 103 98 96 177 162 148 134 120 108 98 90 85 83 171 155 140 125 111 98 87 77 71 69 166 150 134 118 103 89 76 65 58 55 162 145 129 112 96 81 67 54 45 42 159 142 125 108 91 75 59 45 33 28 157 140 122 105 88 71 54 38 23 14 156 139 122 104 87 70 52 35 18 0 157 140 122 105 88 71 54 38 23 14
187 114 87 91 199 57 144 50 195 38 164 173 161 96 111 63 56 61 16 108 175 102 93 109 157 55 95 63 181 45 139 147 125 103 121 126 76 56 64 96 129 130 133 138 145 154 164 176 188 201 115 116 119 125 133 143 154 166 179 192 100 102 106 112 121 132 144 156 170 184 86 88 93 100 110 122 134 148 162 177 72 74 80 88 99 112 126 140 156 171 58 60 67 77 90 104 119 134 150 166 43 47 55 68 82 97 113 129 145 162 29 34 45 60 75 91 108 125 142 159 15 23 38 54 71 88 105 122 140 157 0 18 35 52 70 87 104 122 139 156
175 97 75 90 185 40 131 36 182 21 154 160 146 96 101 52 41 47 11 92 162 85 88 103 143 38 84 50 167 28 128 132 116 95 112 111 67 45 53 89 130 128 129 132 138 145 154 164 175 187 116 114 115 119 125 133 142 153 165 178 102 100 101 105 112 121 131 143 156 170 88 86 87 92 100 110 121 134 148 162 74 72 73 79 88 99 112 126 140 155 60 57 60 67 77 90 104 118 134 150 47 43 46 55 67 82 97 112 129 145 34 29 34 45 60 75 91 108 125 142 23 15 23 38 54 71 88 105 122 140 18 0 18 35 52 70 87 104 122 139
163 80 65 92 171 23 119 25 171 10 145 147 131 100 92 44 28 38 25 76 151 68 87 100 129 22 75 39 154 11 118 117 108 89 105 96 63 38 48 84 133 129 128 129 132 137 144 153 163 175 119 115 114 115 118 124 132 142 153 165 106 101 99 101 105 112 121 131 143 156 93 87 85 87 92 99 109 121 134 148 80 73 71 73 79 88 99 112 126 140 67 60 57 60 67 77 90 104 118 134 55 46 43 46 55 67 81 97 112 129 45 34 29 34 45 60 75 91 108 125 38 23 15 23 38 54 71 88 105 122 35 18 0 18 35 52 70 87 104 122
152 63 58 96 158 6 109 24 160 19 137 136 118 106 87 43 23 34 41 62 140 51 89 99 117 10 70 34 142 9 110 104 103 86 101 83 63 39 48 83 138 132 129 127 128 131 137 144 153 163 125 119 115 113 114 118 124 132 141 152 112 105 101 99 100 105 111 120 131 143 100 92 87 85 87 91 99 109 121 134 88 79 73 71 73 79 88 99 112 125 77 67 60 57 59 66 77 89 103 118 68 55 46 43 46 55 67 81 97 112 60 45 34 29 33 45 59 75 91 108 54 38 23 15 23 38 54 71 88 105 52 35 18 0 18 35 52 70 87 104
143 47 57 104 147 14 100 34 150 35 132 125 105 115 84 48 30 40 58 50 131 35 94 102 106 18 68 38 131 26 105 91 101 87 100 71 68 47 54 85 145 138 132 128 127 127 131 136 143 152 133 125 118 114 113 114 117 123 131 141 121 112 105 100 99 100 104 111 120 130 110 100 92 87 85 86 91 99 109 120 99 88 79 73 71 73 78 87 99 111 90 77 67 59 57 59 66 77 89 103 82 67 55 46 43 46 55 67 81 96 75 60 45 33 29 33 45 59 75 91 71 54 38 23 15 23 38 54 71 88 70 52 35 18 0 18 35 52 70 87
136 31 60 114 136 31 94 48 142 52 129 117 95 126 85 58 43 51 75 41 124 20 102 108 97 34 72 48 121 43 102 81 102 91 101 62 76 59 65 91 154 145 137 131 127 126 127 130 135 143 143 133 124 118 114 112 113 117 123 131 132 121 112 105 100 98 99 104 110 119 122 110 99 91 86 84 86 91 98 108 112 99 88 79 73 70 72 78 87 98 104 90 77 66 59 56 59 66 76 89 97 82 67 55 46 42 46 55 67 81 91 75 60 45 33 28 33 45 59 75 88 71 54 38 23 14 23 38 54 71 87 70 52 35 18 0 18 35 52 70
130 19 68 125 127 48 91 64 136 69 128 110 86 137 90 71 58 64 93 39 119 15 112 115 90 51 78 62 113 60 102 73 105 98 106 58 88 74 78 99 164 154 144 137 131 127 125 126 130 135 154 142 132 124 117 113 112 113 116 122 144 131 121 111 104 99 98 99 103 110 134 121 109 99 91 86 84 85 90 98 126 112 99 88 78 72 70 72 78 87 119 104 90 77 66 59 56 59 66 76 113 97 81 67 55 46 42 46 54 67 108 91 75 59 45 33 28 33 45 59 105 88 71 54 38 23 14 23 38 54 104 87 70 52 35 18 0 18 35 52
127 20 79 138 119 65 92 81 132 86 129 106 80 150 97 86 74 80 110 44 116 25 123 125 87 68 88 77 108 78 105 68 111 107 113 58 101 89 92 109 176 164 153 144 136 130 126 125 126 129 166 153 142 132 123 117 113 111 112 116 156 143 131 120 111 104 99 97 99 103 148 134 121 109 99 91 85 83 85 90 140 126 112 99 87 78 72 70 72 77 134 118 104 89 77 66 59 56 58 65 129 112 97 81 67 55 46 42 45 54 125 108 91 75 59 45 33 28 33 45 122 105 88 71 54 38 23 14 23 38 122 104 87 70 52 35 18 0 18 35
125 32 92 151 114 83 95 97 129 103 133 104 77 164 107 101 91 96 127 55 115 41 136 136 87 85 100 93 105 95 111 68 120 118 122 63 115 105 107 122 188 175 163 153 143 135 130 126 124 125 179 165 153 141 131 123 116 112 110 112 170 156 143 131 120 110 103 99 97 98 162 148 134 121 109 98 90 85 83 85 156 140 126 112 99 87 78 72 69 71 150 134 118 103 89 76 66 58 55 58 145 129 112 97 81 67 54 45 42 45 142 125 108 91 75 59 45 33 28 33 140 122 105 88 71 54 38 23 14 23 139 122 104 87 70 52 35 18 0 18
127 47 106 165 111 100 102 114 130 120 139 106 79 178 119 117 108 112 144 68 118 58 150 149 90 102 113 109 105 112 119 72 130 131 133 72 130 121 123 135 201 187 175 163 152 143 135 129 125 124 192 178 165 152 141 131 122 116 112 110 184 170 156 143 130 119 110 103 98 96 177 162 148 134 120 108 98 90 85 83 171 155 140 125 111 98 87 77 71 69 166 150 134 118 103 89 76 65 58 55 162 145 129 112 96 81 67 54 45 42 159 142 125 108 91 75 59 45 33 28 157 140 122 105 88 71 54 38 23 14 156 139 122 104 87 70 52 35 18 0
