0.0 60.196590276464676 64.26795691093048 31.50482006388074 20.08660181429632 23.225229047271693 25.328395253483603 35.6665381436502 58.7276341440995 54.809519776593035 54.208225898384 16.90774012696567 22.905377952244553 13.188253961318848 12.04735535660722 28.950353496912577 17.108494277422043 64.41762583787421 16.915749746403062 32.13861219685402 22.368207178758798 29.147327522817413 16.987008561531713 21.166467308759803 52.654927657600474 18.85146569481721 7.564765904220171 18.536306231582284 11.448965696112376 52.01754189674257 54.73448039813494 13.628319302241142 35.40311581638931 8.998400824005424 15.4334458193212 39.28951632719867 23.481469406560162 55.54382984635378 82.7619693852722 39.01887998506665 107.03204730603706 83.67588476650015 70.30084279435026 72.64656613254861 89.48518822078854 91.14962591243014 62.31347129269175 43.0407241605773 47.08354277041494 70.54102986960375 82.14643264151003 48.343415018352246 17.91608245709566 26.45254431459241 58.935040900481766 82.31217823408095 48.621945893327236 18.647865555468904 26.948886575961957 59.15735301859011 91.59709391834605 62.960231059288546 43.96331463151632 47.920503232356886 71.09708492526921
60.196590276464676 0.0 9.615815167282735 29.45569237338302 79.79781367714641 39.31731972764098 34.97056631319903 82.93794425230821 14.028035764285475 36.83982929047335 19.086574975445046 43.400412913804686 39.93565037671019 51.1097702082354 54.79197860944016 53.276180724411326 45.29781960073165 42.84682518218852 44.72699138095597 41.35924460151666 49.621258346724794 31.67690930274405 46.443279300485976 39.20048935806318 30.181935955292396 43.431013724627896 61.69376234164922 41.68068797295542 69.78816125160384 32.200528133223685 5.997388751792195 46.789561522523634 34.71714987659236 52.99090405066785 56.678946499609175 60.87968635741487 45.06380954831135 39.947102400356876 25.802501680520837 21.991371099132884 46.85065470687975 29.647526135930793 44.2470897594489 73.69851616471047 106.3013396128631 36.226946179928774 2.116960416261889 33.0367339678052 67.62561969468008 102.22464216074763 45.12860061333341 26.870724585942245 42.4537555239643 72.64604014061598 105.58131089051618 66.0873624750933 55.05994687952496 63.95663290993839 86.85677237092371 115.72614997874612 91.13235147530175 83.26485003464863 89.19463662826398 106.6444998108739 131.09208083135695
64.26795691093048 9.615815167282735 0.0 35.30486965528071 84.25515555121424 45.2747825019774 39.046766231135074 89.81604076067174 23.58456288134156 46.42054918614587 28.66491402195318 48.00096576468047 45.94543193619807 56.64598350785044 60.40481317024379 60.92909628968627 48.18163360508358 52.41580307341474 50.03809258713245 49.225089353025915 50.57586250610349 37.28286622035723 52.15318533049063 43.124091835216404 39.726039368087704 46.28558412971101 64.69514496212936 45.86455776939503 74.57642157164588 41.71869095826157 14.449050268960388 51.40145738243416 42.7201780456683 57.91576674796776 62.78384694982243 58.80888893412795 46.26130919841468 49.5288123559732 18.693426073672516 28.449377628465744 44.0071494841899 34.7667617027896 53.625159968538206 83.29117235581639 115.73250429610742 28.275657730768888 9.05769518283362 41.94549573292026 76.36531366309136 110.8997357875318 35.67711818237159 23.474324568375298 47.160105739707 79.3218238566925 112.9365858048664 57.93646593433188 51.1439845047568 65.34205418186039 91.20452162684946 121.49793953164985 83.96860225981844 79.2206642330236 88.85849894937321 109.13516273663383 135.35090087145534
31.50482006388074 29.45569237338302 35.30486965528071 0.0 50.57765923317047 9.98255969272363 8.786547271833944 54.64567398229094 27.450158442470887 30.877822446387338 23.707889958513444 14.653515211308479 10.644698663593642 21.656644173094257 25.35433762162513 27.288798050611298 19.76909610110497 40.89844338571291 15.315286971838022 17.359837031095875 28.33103788250386 2.359559405534324 17.012533059837676 12.254873001326938 25.96434200250685 18.32014127304104 34.44728756913122 13.77304046664083 40.44821547231821 26.334334023028653 23.67440331561052 17.87688586723071 13.187547397873422 23.690138648671653 27.49288260652101 46.25871719532355 24.12423214918553 32.99794565287667 53.943201608297144 7.591398291751475 76.15363712152846 52.43596729083529 45.76570020323907 61.921582628331066 89.26858296933781 63.473804379158004 31.548925843509153 18.88370423839083 45.964144004333306 79.14328440647634 62.08484109243177 28.679953100735453 13.616313189062561 44.08083845044375 78.07489167917005 72.6374377221135 47.23510906209356 39.76101419580485 57.66754307527498 86.40010041066893 91.07058940882844 72.2571898461048 67.4026474667816 79.11952008882946 101.84029754291545
20.08660181429632 79.79781367714641 84.25515555121424 50.57765923317047 0.0 41.29827709839135 45.22201117535645 26.750113253075977 77.03753846423322 69.11283394321744 71.91763638790745 36.42807579833555 40.8093614834962 29.52265298137227 26.322697057530327 38.82134040961136 37.03741151300627 77.79457722763259 35.30970374102283 46.66156298619498 40.22784444290862 48.26656274453753 34.21731585809714 41.13429099354681 68.41694083434791 38.83842323379456 22.269492511975756 38.40002974421344 10.310791891556109 67.36232089829478 74.17352827935845 33.02506861366446 51.58540664377404 26.888187907926497 26.557338152403457 52.881351713586184 42.4493053779447 69.12486533712892 102.80108427832661 58.16905356560814 126.6357345942013 101.68070095429407 83.8811948627784 78.28077027774808 87.26074362875082 111.23622449424177 81.9117091003426 58.654606910227145 50.65572142915449 63.92531340020744 101.43987232954723 68.15593121181945 37.353159093462054 23.240703588609275 45.605332873820686 98.92612821336994 64.39093278613531 30.014322018666636 7.097939617883397 39.93439478456375 104.22341357415468 72.19723381884239 44.24019118291897 33.117695755479 51.295246758595745
23.225229047271693 39.31731972764098 45.2747825019774 9.98255969272363 41.29827709839135 0.0 10.519171553828317 44.836825125919994 35.798740630166776 33.18003279388521 31.01732832688967 8.17033178082808 0.7113065980788735 11.908086099362814 15.507439993024775 19.297360317511657 16.664730001700118 43.21163028203302 6.310059845547256 12.95168072404697 26.97190426119121 8.047088513887902 7.1802505801695 10.360170907173393 29.991320033965508 16.072483997562546 27.647651214064528 9.462591854850489 31.039633878081315 29.652078778573937 33.454020967760094 10.23858769521561 13.14684288065086 14.62926632537545 17.511992319793215 46.54590102753941 23.804533393713832 34.53620491844365 63.92330497019342 17.327893319182813 85.83895726613005 60.62396704346911 48.75460884204325 58.93696713348275 83.45614425697327 73.40527815277902 41.39395513772963 20.818984190520595 39.347764906490646 71.1189779389795 70.71354838560804 36.456736365774624 7.254979948305649 34.22030461753228 68.4417794087187 78.76904182182294 50.221407093284725 35.13755367413708 48.39355115256767 76.44641309456492 94.8721988374869 72.75080363679865 63.082493237884265 71.13999355633224 92.39682147795133
25.328395253483603 34.97056631319903 39.046766231135074 8.786547271833944 45.22201117535645 10.519171553828317 0.0 53.43887749012907 35.378346637800746 39.338417525690915 32.20592487713787 9.0929895605319 11.149392759137818 18.662737373488472 22.367841973417843 29.782666463390232 11.241665415206146 49.421355545585435 12.108435143406762 22.58380997011592 19.578161816257406 7.047466886178997 14.95056433389321 4.234986817155888 34.68467823960275 9.650327656401776 26.93251372767758 6.821997540729839 35.556281250327444 34.95813773993324 29.69813388900193 12.436103817721579 20.3946863691867 19.069743909750457 25.63757070760174 37.97866730564271 15.483876252223258 41.28513074360903 57.64986240932767 14.94388264913164 81.75133310771837 60.21061742833651 54.42567194966914 68.51121377903598 93.91600709697342 66.4254616379652 37.0841235458818 27.073303280564076 49.85515568088819 81.44292855289426 61.134587621692575 26.580540943092515 8.394452577395006 42.769882340441185 77.34929321492935 68.25398562737858 40.23972627334799 31.220203209140134 52.20156231124061 82.88631749684684 84.71006789389008 64.13510096833022 58.69935733364079 71.92152479278688 96.40842653261842
35.6665381436502 82.93794425230821 89.81604076067174 54.64567398229094 26.750113253075977 44.836825125919994 53.43887749012907 0.0 75.73977606948799 60.263224497721076 69.51336073240779 44.8123156789563 44.13723505804977 34.85956393375472 31.303654461441415 30.553293890983497 50.349151069205234 66.51415567669522 41.33074519970252 42.34044651619287 57.79982075165486 52.87330939157681 38.59131463003957 50.50276846358446 62.25240153792185 51.59146562276401 42.06106950106607 47.6616084567922 25.932996721990875 60.552498575460874 76.9411258769799 42.00856620410043 48.91355559204007 35.760322137517576 27.80342219620083 74.69847031479415 58.124017568018 59.086275226462746 108.30412146226395 61.391969208743554 127.882788440433 97.98516826916175 72.40836375268393 57.26815348675895 60.918831154768206 118.06635170924635 84.90556152836439 53.601153957643554 30.529516669127016 37.22710606711747 114.44789666845928 79.84578897735642 45.24636317736072 10.675726763023574 23.990900375768792 117.60114284828008 84.26344465149766 52.58771581864818 28.73061174565221 35.78084254978447 127.02261474841072 96.87025810883866 70.90659810222682 55.37545399437225 59.160228694187715
58.7276341440995 14.028035764285475 23.58456288134156 27.450158442470887 77.03753846423322 35.798740630166776 35.378346637800746 75.73977606948799 0.0 23.45297516637774 6.5243314087535085 42.043919343854526 36.253134781382386 47.519682407927554 50.86111994643849 45.22958468606057 46.602428842395064 28.831528048459546 41.98303647073451 33.415988293318236 53.42760249509303 29.78969107829256 42.82096671789066 39.38393412679898 17.175152490225514 44.92767299617701 61.887640669986425 41.19090012035097 66.74198749246199 19.2975449905211 11.580669198145365 45.15094968595877 26.95753460851147 50.40885417833982 51.723499443618316 68.03882395748191 48.83422799546806 26.521677420037673 37.33301787326989 20.434483489232576 52.19445556881421 24.98994728039982 30.324564550408788 60.07916812326169 93.24311849393565 48.070886053736054 14.657461053007074 22.665518942222807 56.634475712132236 91.08268460744877 59.15445829356474 37.314515425153814 40.991787163985485 66.05384618920633 97.16339333951635 79.30644969164184 64.47500124116617 66.47792758561437 84.12122309845644 110.12820593066982 103.35105237490745 92.24229591760634 93.4373226528038 106.52284427183764 127.89992343098176
54.809519776593035 36.83982929047335 46.42054918614587 30.877822446387338 69.11283394321744 33.18003279388521 39.338417525690915 60.263224497721076 23.45297516637774 0.0 17.756261711997283 41.328563429130135 33.184454721447906 41.68001932496082 43.78532977687226 31.1748045931264 49.198673519609954 10.11524890984639 38.90352489241757 22.809145140976756 58.79596642678905 32.29723517356886 37.96216575155682 41.8468912563491 6.8199996006382575 48.15289332287867 60.38727516501747 42.11515724243261 59.186790416139765 5.174157023257664 32.50191818087119 43.23672723627905 20.033270345799778 45.824374196372425 42.61788784846554 77.13651968572614 54.82139307294319 3.1083451250526197 60.70529600535806 28.664621400930148 72.07381841248768 39.006910276923364 15.597834978232017 36.876761254005395 69.79504454493852 71.44695338001792 37.84702409908706 12.449044672238639 35.67087870529892 69.17149598059852 81.28208901633991 54.04360733476744 40.36666195226389 52.27853962678298 78.93951113624144 98.49305555636758 77.37180688698467 68.3130566145914 75.77409585892315 95.97664402140724 119.94499697040969 103.09838254571314 96.26226128196585 101.48025271649507 117.15260438653924
54.208225898384 19.086574975445046 28.66491402195318 23.707889958513444 71.91763638790745 31.01732832688967 32.20592487713787 69.51336073240779 6.5243314087535085 17.756261711997283 0.0 37.89383939436762 31.39618875368385 42.43538360428398 45.61525585061353 38.96554595737586 43.40176861246541 24.55797703723314 37.309122325625786 27.284746652046362 51.14256094231385 25.940152536582623 37.814701461336 35.94530438629233 11.121922980325946 41.85612823647318 57.94261078264675 37.411858331407274 61.60692806519255 13.182610781616066 14.96579221297184 40.81104298051023 21.006134479214044 45.620416803469375 46.155658161311834 67.09577788539036 46.64565175112172 20.8643438001758 43.555338230851035 17.660887919953584 58.56251624908892 29.769893192231955 27.161907074803 54.62724846841036 87.32323733304615 54.269607246786016 20.15726108290558 16.195489861127225 50.131092379417 84.60976757021935 63.71771838704559 38.8695107460829 36.8315394595237 59.975977994864074 90.73315699123168 82.30295736872593 64.80551198545407 63.407504092701586 78.96865432865046 104.14588208709561 105.29255844876543 92.04839918355269 90.85146521121214 102.12622425869237 122.47546137817233
16.90774012696567 43.400412913804686 48.00096576468047 14.653515211308479 36.42807579833555 8.17033178082808 9.0929895605319 44.8123156789563 42.043919343854526 41.328563429130135 37.89383939436762 0.0 8.261925060545748 9.977905864347383 13.52926991745405 24.204239889209905 9.01816814456484 51.374283868113345 4.349266720943464 20.655617797997465 19.48464882683833 12.294765087391944 7.421105798975793 5.6904527846281585 37.92316778684137 8.958704688081227 20.069480762143378 2.9133646871838406 26.583697557477972 37.69155302192075 37.86287062944701 3.4090014684831083 21.29928105953279 9.979285253729298 17.17392288568147 39.29607149841075 16.97721297756574 42.70653282669852 66.64804814511245 22.12034769379772 90.2508897376136 67.03238233135745 56.8880325289825 66.13582229944056 88.91814504879049 75.50621538113339 45.516517091475365 28.93364913017113 44.69224466202506 74.51493387756469 69.63835064906729 35.041219327507065 1.062365343208399 34.19392615092282 68.79080569694815 74.76767838769784 44.292096708058196 26.985441062019195 43.46813001737664 73.79419167061712 89.012716965813 65.37139734240226 54.9396984424175 64.48345838823091 87.70779561772441
22.905377952244553 39.93565037671019 45.94543193619807 10.644698663593642 40.8093614834962 0.7113065980788735 11.149392759137818 44.13723505804977 36.253134781382386 33.184454721447906 31.39618875368385 8.261925060545748 0.0 11.36409778349738 14.925059999846532 18.643641589850045 16.919431157115383 43.18989557810834 6.022377630573313 12.61428914928292 27.277551670115898 8.740249663550166 6.630455528523175 10.813580406841444 30.13159819260817 16.398468019311178 27.489119448786024 9.75147847612801 30.536917210610774 29.74296642254988 34.060157472047045 10.113334580883354 13.164804345571067 14.225019061035788 16.849162338335198 46.905313324128905 24.192943561715605 34.481575796503016 64.58789527671799 17.94427932667979 86.42011835847042 61.042211133460796 48.77165107662537 58.53207739134506 82.87425381021019 74.08661483995398 42.00861745897658 20.867853411029568 38.74347163153831 70.43785775394024 71.42109129293051 37.15416739955851 7.399015858325768 33.52479862785789 67.7342765314864 79.40337760180435 50.7276868890719 35.1643318701903 47.90190425419069 75.81216790704092 95.39669787419301 73.09756310109495 63.09321463719327 70.80275398710883 91.8699213411858
13.188253961318848 51.1097702082354 56.64598350785044 21.656644173094257 29.52265298137227 11.908086099362814 18.662737373488472 34.85956393375472 47.519682407927554 41.68001932496082 42.43538360428398 9.977905864347383 11.36409778349738 0.0 3.769252207315678 17.23232948947639 17.008775275017637 51.23638044164248 6.67070404077485 18.956047316486593 26.671837435838206 19.48281713955189 4.7336457687011615 15.661253052149315 39.8257419844587 17.749554624944597 19.573903508588415 12.864500537205027 19.22238433888782 39.0653906156539 45.29421895742846 7.539706343905902 22.610672874022207 4.429194896174614 7.221670999789637 46.19998305316256 25.36030416980124 42.36214301845088 75.33829872046942 29.15877939484626 97.72582949850651 72.18031569748307 57.135371769711995 60.94010134207929 80.97983518675103 84.54858762348051 53.199539257999575 30.112406612552235 37.123602110130086 65.14910116099384 79.59047352627982 44.987194436689535 10.38779399367126 24.224353003722896 58.826751622596106 84.31443366524144 52.83005112316779 29.460895893420854 36.60210349245602 64.85617226830217 97.32039931727077 71.63551403496024 56.45199421714072 60.30590737687153 80.50820648326736
12.04735535660722 54.79197860944016 60.40481317024379 25.35433762162513 26.322697057530327 15.507439993024775 22.367841973417843 31.303654461441415 50.86111994643849 43.78532977687226 45.61525585061353 13.52926991745405 14.925059999846532 3.769252207315678 0.0 16.956941881325157 19.7321630972862 53.09463262476597 10.436673627301003 20.981525638787108 28.805254644639966 23.208245143108208 8.348880023244043 19.215461270112478 42.397510867862096 20.69703208399851 19.206136242160404 16.36005175580985 16.022291653556582 41.50098348788338 48.952109862560405 10.74251809830875 25.345022631611762 5.287337343845 4.343983463916596 47.94389339137467 27.976826288886024 44.24011159716866 79.09608781196667 32.81773522237943 101.34411123396974 75.38465376479796 59.07497789407591 60.75894874864176 79.29840189230575 88.31763511461358 56.87638368287987 32.629415130552246 35.906431253497956 62.51961485490155 83.16186573001019 48.56889739341912 14.029755604430349 20.726424115611355 55.291858685640435 87.28317815947528 55.271517301289634 29.771948472567413 33.35622974959878 61.10440300437416 99.53560323250633 72.95814938895577 55.97538430947004 57.778824590819085 77.06061464623885
28.950353496912577 53.276180724411326 60.92909628968627 27.288798050611298 38.82134040961136 19.297360317511657 29.782666463390232 30.553293890983497 45.22958468606057 31.1748045931264 38.96554595737586 24.204239889209905 18.643641589850045 17.23232948947639 16.956941881325157 0.0 32.950985764063255 39.17108451116538 19.874586857391886 11.980894852784234 43.221761537611016 26.217937619509204 16.935357742125692 28.79376945542049 32.086073224114266 33.143788668157185 36.15687478884377 26.81937354265782 29.57422080651598 30.555089149780212 47.31054908367614 23.46257640309925 18.649824602527378 21.435021463075103 13.78264769596897 63.001541123870446 41.14901773249885 30.72035865513991 78.990970577251 32.744032065651986 97.41314731032074 67.61623654401274 45.27042013226563 43.83705913326165 64.72083040197528 89.1332059846682 55.150313659779904 23.091919998846 20.488226535581397 51.97257997056264 89.35626994218285 55.50680839784302 23.92318538865188 21.41219372131314 52.340190112161984 98.02429645888063 68.48575928030459 46.54733910005788 45.14232333882185 65.60352857611878 113.21349116213432 88.70932880262309 72.91195278399384 71.81725496042087 85.98860837685181
17.108494277422043 45.29781960073165 48.18163360508358 19.76909610110497 37.03741151300627 16.664730001700118 11.241665415206146 50.349151069205234 46.602428842395064 49.198673519609954 43.40176861246541 9.01816814456484 16.919431157115383 17.008775275017637 19.7321630972862 32.950985764063255 0.0 59.309306510487744 13.16314203218312 29.508452141717573 10.466848313099666 17.69042249830569 16.015892633716316 7.558350605847984 45.144215762990896 1.896571823953256 16.528183442647517 7.217739668445 28.435521658889446 45.18159009500236 40.363576834073626 9.643519209677663 29.376422594251178 14.71330143580203 23.96147193998954 30.283019267836433 8.360415530193682 50.82403926060946 66.38252629673428 26.171813586697052 91.71006750773701 71.37839477659193 64.60484997866982 75.14965523983678 97.54961489106552 74.3965492151563 47.385602887804154 36.752855850296015 53.3945473966213 82.13410495199788 65.21824785970345 31.23677743467791 9.638758752379058 40.06155353017442 74.24152118172118 67.57610256114707 35.86043372577095 20.006466943274717 43.696609423109365 76.24549543061329 80.4621525929577 56.35672906726493 47.67403793605733 61.354355560056305 87.46833752674699
64.41762583787421 42.84682518218852 52.41580307341474 40.89844338571291 77.79457722763259 43.21163028203302 49.421355545585435 66.51415567669522 28.831528048459546 10.11524890984639 24.55797703723314 51.374283868113345 43.18989557810834 51.23638044164248 53.09463262476597 39.17108451116538 59.309306510487744 0.0 48.82325070966783 32.280376168709545 68.90266682292611 42.375523309871696 47.72402578153307 51.96201654963118 15.508304920017128 58.268140393198216 70.21776804784898 52.21390776606127 68.09897120275657 14.649025174080807 39.44819934093607 53.192053977726516 30.077720522603894 55.47448541286955 51.549007668082666 87.14199727545432 64.90504766199399 8.874258925281113 64.61892801835587 38.178067479743 71.98262078636424 37.5755654049034 6.099372845494462 32.51669411413682 66.87542341177476 75.24577022349881 43.45041471220516 22.55649985333373 39.04481242846923 70.24986558269414 87.9420238950404 62.77564452459621 50.42388421742372 59.4908331570822 83.24995456721864 106.75673353549489 87.0076687601882 78.34795852180535 84.26864601513991 102.26798478512528 129.03998721875303 113.03269014138587 106.28307651845597 110.50080653796414 124.57687069652023
16.915749746403062 44.72699138095597 50.03809258713245 15.315286971838022 35.30970374102283 6.310059845547256 12.108435143406762 41.33074519970252 41.98303647073451 38.90352489241757 37.309122325625786 4.349266720943464 6.022377630573313 6.67070404077485 10.436673627301003 19.874586857391886 13.16314203218312 48.82325070966783 0.0 17.252428247685486 23.578208545534192 13.051969261738142 3.1079559091711833 9.580376517001582 36.09539851619117 13.26928788287191 21.55408133566231 7.126189189775265 25.1395086753199 35.64114890123931 38.984619008857116 4.436712753592629 18.988317380945528 8.452982329750727 13.529241999919115 43.414863083327795 21.278431078895554 40.03545492872481 68.73137581059038 22.896101127068825 91.46774047489669 66.8652113893212 54.50102580855394 62.165613554276725 84.57873004965398 77.89218781803953 46.82863512586651 26.71123213894511 40.35962694535121 70.27908481184059 73.20422758831235 38.61468036895002 4.264095824876541 30.66147185679261 65.24510379836406 79.0024435237371 48.63655167986071 29.7402015229729 42.40615951637564 71.46273500264267 93.35268559902522 69.39836294410478 57.55285662632959 64.83301234014786 86.53957088230726
32.13861219685402 41.35924460151666 49.225089353025915 17.359837031095875 46.66156298619498 12.95168072404697 22.58380997011592 42.34044651619287 33.415988293318236 22.809145140976756 27.284746652046362 20.655617797997465 12.61428914928292 18.956047316486593 20.981525638787108 11.980894852784234 29.508452141717573 32.280376168709545 17.252428247685486 0.0 39.8910462176127 17.046992752904508 15.641497283541817 23.250150277282525 21.812075859362345 29.010364998178456 38.121940045627085 22.36490287135536 36.56916022437436 20.700776171874598 35.41510081834248 21.68481673420422 6.671111937664728 23.214781570792624 20.113204563663896 59.49747475525442 36.74709046065934 23.40617213369654 67.1180914775998 21.48596441503449 85.54310525130433 56.485592805306986 38.18963785010916 46.05541868414721 71.96236271507608 77.34232773460754 43.210025873453475 12.133822716380273 28.674127931320736 62.38617004353108 78.96436417101403 46.02512754476921 19.90230334851361 32.69156998734744 64.31347894844693 89.8788840928421 62.80307215650689 46.9579619647776 53.48538833426929 76.88390983924606 107.28587634203527 85.70147086489288 74.65903222541552 78.72703612899942 96.00347640686644
22.368207178758798 49.621258346724794 50.57586250610349 28.33103788250386 40.22784444290862 26.97190426119121 19.578161816257406 57.79982075165486 53.42760249509303 58.79596642678905 51.14256094231385 19.48464882683833 27.277551670115898 26.671837435838206 28.805254644639966 43.221761537611016 10.466848313099666 68.90266682292611 23.578208545534192 39.8910462176127 0.0 26.60094956676317 26.332122374613174 17.059109882917085 54.262835991930054 10.911072984684267 17.958352740263063 17.52620448845229 33.524792589852254 54.512497116005925 45.495177727286396 19.761050587863537 39.3040021972396 23.527869525152365 33.146944750955676 19.836708563760308 4.621081955132389 60.60844010558258 67.72507146340645 33.487830595471465 94.5829283689318 77.5404830985495 73.98561508623261 85.6152118551356 107.61415474348478 74.59809689966802 51.599574369846124 46.42165525613691 63.57859754638775 91.23771173223969 61.487356963334314 29.911815841402404 20.089472725777416 48.03442129113651 81.27652102510014 59.94571893812274 26.63136727603935 14.826408129641145 46.100620214109284 80.1596166485686 70.73379112622744 45.89189129618893 40.04606129973097 59.12810857685974 88.22360387648793
29.147327522817413 31.67690930274405 37.28286622035723 2.359559405534324 48.26656274453753 8.047088513887902 7.047466886178997 52.87330939157681 29.78969107829256 32.29723517356886 25.940152536582623 12.294765087391944 8.740249663550166 19.48281713955189 23.208245143108208 26.217937619509204 17.69042249830569 42.375523309871696 13.051969261738142 17.046992752904508 26.60094956676317 0.0 14.895157338205717 10.136298847221848 27.678590189325202 16.325518954767176 32.12494620778126 11.481773194545921 38.160906535907216 27.916395368002558 25.939868496156045 15.52002678177747 13.72860126271294 21.384712513269285 25.514070884200496 44.93525152541244 22.529764467556497 34.2787524833999 55.9542551938896 9.915239789637576 78.42554628872945 54.778224188671544 47.38726025866658 62.33187049722716 88.99316141786012 65.3726771397995 33.777359621309245 20.07686442979132 45.388305801282804 78.17904756012143 63.18264700804753 29.359074420175375 11.256838794127894 42.26500194532186 76.42510817909485 72.84203655401515 46.51672291281032 37.636101300653095 55.353176252435006 84.29887016128298 90.63806096679134 71.03792097469886 65.36272227642803 76.76559019110665 99.54093297276174
16.987008561531713 46.443279300485976 52.15318533049063 17.012533059837676 34.21731585809714 7.1802505801695 14.95056433389321 38.59131463003957 42.82096671789066 37.96216575155682 37.814701461336 7.421105798975793 6.630455528523175 4.7336457687011615 8.348880023244043 16.935357742125692 16.015892633716316 47.72402578153307 3.1079559091711833 15.641497283541817 26.332122374613174 14.895157338205717 0.0 12.662291860362062 35.67032569470888 16.25735697692925 22.511676413739675 10.232301681105016 23.929259049680574 35.03845314832554 40.60530566375888 6.657897144999787 18.416748853305894 8.019663291455034 10.83266307309976 46.151932630669734 24.23740950820784 38.87363039551068 70.8356031759228 24.470017246457513 93.01433674218907 67.53251765124028 53.52022180861236 59.690756796157935 81.58650533819527 80.15917960774368 48.5275052349333 26.06118667192664 37.39377133774164 67.17324479708746 76.08494484187082 41.523383082796016 7.370082625492879 27.91593017241308 62.44304974208866 82.10954578779766 51.6574762805689 31.461851516631526 41.30420372451193 69.40505953409416 96.35671024997316 72.02621144587428 59.03999971199142 64.6409692344435 85.24068950632643
21.166467308759803 39.20048935806318 43.124091835216404 12.254873001326938 41.13429099354681 10.360170907173393 4.234986817155888 50.50276846358446 39.38393412679898 41.8468912563491 35.94530438629233 5.6904527846281585 10.813580406841444 15.661253052149315 19.215461270112478 28.79376945542049 7.558350605847984 51.96201654963118 9.580376517001582 23.250150277282525 17.059109882917085 10.136298847221848 12.662291860362062 0.0 37.63059759002228 6.312086216590717 22.730203437153307 2.913468615018503 31.597714124886856 37.72046141390833 33.93059180003043 8.740093790333688 22.244895553207154 15.402213996533813 22.838954037134254 36.31934865912661 13.535353174250526 43.58327183913934 61.67581483865391 18.97965855991488 85.96635074299951 64.2815103529545 57.17344026310348 69.28407144067494 93.41602337890116 70.30230859995567 41.31333857587401 29.428000275176387 49.19410902082899 79.80571051312282 63.94852729517439 29.353442357913373 5.3562496737402725 39.882435233397985 74.48075098302519 69.50727176874642 39.95821445928681 27.511761700171796 48.083003401111846 79.13212656833686 84.66352389063825 62.54480634571724 55.23213020087243 67.70611859495861 92.26290514572533
52.654927657600474 30.181935955292396 39.726039368087704 25.96434200250685 68.41694083434791 29.991320033965508 34.68467823960275 62.25240153792185 17.175152490225514 6.8199996006382575 11.121922980325946 37.92316778684137 30.13159819260817 39.8257419844587 42.397510867862096 32.086073224114266 45.144215762990896 15.508304920017128 36.09539851619117 21.812075859362345 54.262835991930054 27.678590189325202 35.67032569470888 37.63059759002228 0.0 43.9217227213098 57.62068688525512 38.295696567330275 58.250332133205575 2.13391979423662 25.707913006458757 40.22763254869885 17.254920530366448 43.68377888981555 41.903305083688416 71.99472962624694 50.08848142500456 9.897497304190116 54.503880086433185 22.68709484011839 67.53141032449457 35.77691854320551 19.857781348914703 43.62937221003712 76.20734753525961 65.23869145021615 31.279046999079974 9.773619791132429 40.093907892624685 74.25881900482129 74.4729390866923 47.50434769054441 36.90440961704981 53.497998611908066 82.2007558846267 91.81945908459397 71.51760241689728 64.7571934042048 75.27943274041084 97.64867711676268 113.62088413966549 97.73703605020118 92.68245149549068 100.11109385221346 117.68224634461743
18.85146569481721 43.431013724627896 46.28558412971101 18.32014127304104 38.83842323379456 16.072483997562546 9.650327656401776 51.59146562276401 44.92767299617701 48.15289332287867 41.85612823647318 8.958704688081227 16.398468019311178 17.749554624944597 20.69703208399851 33.143788668157185 1.896571823953256 58.268140393198216 13.26928788287191 29.010364998178456 10.911072984684267 16.325518954767176 16.25735697692925 6.312086216590717 43.9217227213098 0.0 18.42418778632173 6.669852241409099 30.111819591843332 44.0298673480806 38.53051348822571 10.234113046745271 28.47501407512289 15.847763232687893 24.84061111778806 30.527844962714035 8.01866627986035 49.86353042216463 64.49539767754868 24.514884761827407 89.81885574284647 69.65274644638352 63.48510894793581 74.8597940112871 97.83861298151791 72.53885043547946 45.51621655536425 35.72670000040973 53.62740151178183 82.88684617651622 63.65079981804619 29.53609429025746 9.390995531219765 41.21715796750508 75.52728518528482 66.60416254026806 35.405345559995894 21.5825963386274 45.52937929772946 77.94155655136626 80.09952123178951 56.70253094687344 49.083891367412996 63.23043120123323 89.34066335900391
7.564765904220171 61.69376234164922 64.69514496212936 34.44728756913122 22.269492511975756 27.647651214064528 26.93251372767758 42.06106950106607 61.887640669986425 60.38727516501747 57.94261078264675 20.069480762143378 27.489119448786024 19.573903508588415 19.206136242160404 36.15687478884377 16.528183442647517 70.21776804784898 21.55408133566231 38.121940045627085 17.958352740263063 32.12494620778126 22.511676413739675 22.730203437153307 57.62068688525512 18.42418778632173 0.0 20.700776171874598 16.424767677587923 57.19488337034424 56.58856310509902 17.414559384348735 40.54021640415609 15.145581034981769 22.876631986171667 32.65188935333068 20.40460409532203 61.377390498670636 82.80866698825513 41.613216441575936 108.22172047441977 86.8594889703488 75.97330530850331 79.96285181463755 97.0098679310225 90.57999362886449 63.793299051254444 48.26224795346058 54.623382974746065 77.67234497431235 79.28887017422417 46.57461455780292 21.130813424939742 33.44659321978975 64.69686767679491 77.18820850197098 42.936103652653266 11.128861666813933 28.267423426079652 62.20205778198397 84.96256727582511 55.61066906937599 36.895582440287065 44.998336706251386 71.29688227643432
18.536306231582284 41.68068797295542 45.86455776939503 13.77304046664083 38.40002974421344 9.462591854850489 6.821997540729839 47.6616084567922 41.19090012035097 42.11515724243261 37.411858331407274 2.9133646871838406 9.75147847612801 12.864500537205027 16.36005175580985 26.81937354265782 7.217739668445 52.21390776606127 7.126189189775265 22.36490287135536 17.52620448845229 11.481773194545921 10.232301681105016 2.913468615018503 38.295696567330275 6.669852241409099 20.700776171874598 0.0 28.769617246235008 38.22514648860808 36.29267046349582 5.826625415900176 22.20857883082526 12.490256063677451 20.07285105663075 37.197694045772316 14.596397093921366 43.672447067904415 64.4538996927961 20.93650911569981 88.50229133690098 66.15884668281355 57.58575943295704 68.191169939912 91.53546251838388 73.15084026197543 43.796958496802006 29.667135458316746 47.29631581216123 77.3859241893859 66.80572879957666 32.22249382049526 2.9029607518003298 37.05967646630359 71.64681726352607 71.89288015790427 41.6820108413205 26.477057485554283 45.38193311760479 76.24202167299303 86.41613026099411 63.36747008013037 54.38677486961909 65.53779534724882 89.59509070461635
11.448965696112376 69.78816125160384 74.57642157164588 40.44821547231821 10.310791891556109 31.039633878081315 35.556281250327444 25.932996721990875 66.74198749246199 59.186790416139765 61.60692806519255 26.583697557477972 30.536917210610774 19.22238433888782 16.022291653556582 29.57422080651598 28.435521658889446 68.09897120275657 25.1395086753199 36.56916022437436 33.524792589852254 38.160906535907216 23.929259049680574 31.597714124886856 58.250332133205575 30.111819591843332 16.424767677587923 28.769617246235008 0.0 57.25158030993695 64.09909164105814 23.17816038469951 41.32721226740355 16.797372337611623 16.576677101784803 49.01145905878051 34.904460255690324 59.345945079332026 93.2037334525997 48.034116727376144 116.58402891266674 91.36998887750877 74.16111769727357 71.03538084736665 83.58789822680345 101.89740163323314 71.8972289595773 48.478465283074364 43.88542643062587 62.42210107486632 93.57774788478513 59.64791013475764 27.45544859615753 18.562874826432363 48.27224022228277 93.34383886585566 59.28366041755729 26.66239973252909 17.38003898981238 47.83407760047804 101.25174086735191 70.98768659413436 47.13183398894084 42.40742165123394 61.40187746280717
52.01754189674257 32.200528133223685 41.71869095826157 26.334334023028653 67.36232089829478 29.652078778573937 34.95813773993324 60.552498575460874 19.2975449905211 5.174157023257664 13.182610781616066 37.69155302192075 29.74296642254988 39.0653906156539 41.50098348788338 30.555089149780212 45.18159009500236 14.649025174080807 35.64114890123931 20.700776171874598 54.512497116005925 27.916395368002558 35.03845314832554 37.72046141390833 2.13391979423662 44.0298673480806 57.19488337034424 38.22514648860808 57.25158030993695 0.0 27.61361438599638 39.85627742823046 16.668730785806645 43.02470285432709 40.811742865232 72.53190436444234 50.42168880745209 8.1283852472448 56.62080129150981 23.632066727557117 69.57550557455929 37.58411306048809 19.473756731673078 41.72212741619164 74.14237451761791 67.35370832998656 33.33362527408364 8.977308468652675 38.01192584046314 72.13926732489003 76.3276471726619 48.87409133437702 36.69157834536702 51.94896607561082 80.28665062114521 93.321168012176 72.42327679720127 64.6234786514772 74.17566523424695 96.0345613867595 114.82660552479648 98.38866554679737 92.57535077270614 99.2710810156771 116.33565821338226
54.73448039813494 5.997388751792195 14.449050268960388 23.67440331561052 74.17352827935845 33.454020967760094 29.69813388900193 76.9411258769799 11.580669198145365 32.50191818087119 14.96579221297184 37.86287062944701 34.060157472047045 45.29421895742846 48.952109862560405 47.31054908367614 40.363576834073626 39.44819934093607 38.984619008857116 35.41510081834248 45.495177727286396 25.939868496156045 40.60530566375888 33.93059180003043 25.707913006458757 38.53051348822571 56.58856310509902 36.29267046349582 64.09909164105814 27.61361438599638 0.0 41.22731902406595 28.790343324736916 47.31308787914483 50.75350777554365 58.21373592996611 40.885503870471155 35.59815738042717 31.70517961002843 16.13610912421413 52.48569808333466 32.308773063151 41.56681487892593 69.32949120080102 101.39127955206762 42.020168889328026 7.992448335787425 27.51214407514145 62.006540922063024 96.5792853924611 48.795316938922575 25.952287657568178 36.89040189539344 66.65676640157997 99.60014809037662 67.8275645716129 53.59802205549198 59.49551657725897 81.24951746905434 109.80915606209308 91.78428379457105 81.61760637195188 85.40045259834045 101.58624736261446 125.46321657629082
13.628319302241142 46.789561522523634 51.40145738243416 17.87688586723071 33.02506861366446 10.23858769521561 12.436103817721579 42.00856620410043 45.15094968595877 43.23672723627905 40.81104298051023 3.4090014684831083 10.113334580883354 7.539706343905902 10.74251809830875 23.46257640309925 9.643519209677663 53.192053977726516 4.436712753592629 21.68481673420422 19.761050587863537 15.52002678177747 6.657897144999787 8.740093790333688 40.22763254869885 10.234113046745271 17.414559384348735 5.826625415900176 23.17816038469951 39.85627742823046 41.22731902406595 0.0 23.254865135110073 6.670805997622345 14.711267243000941 39.54663185766636 17.99306548071635 44.42426773416662 70.04199181700308 25.404499835338346 93.63849503132639 70.12390867173694 58.83318788963736 66.33334035212256 87.9412684796757 78.86127755704686 48.9051146450487 30.970230185604034 43.83418592953042 72.65364638705152 72.53376571464206 37.98098846226747 4.337978398738195 31.46323067963647 65.99928764165368 76.77474014858349 45.49673322864226 25.3058646665409 40.070723492171666 70.46829796692268 90.10385990202488 65.3748117437188 53.13968001384069 61.388796326152594 84.30979882085778
35.40311581638931 34.71714987659236 42.7201780456683 13.187547397873422 51.58540664377404 13.14684288065086 20.3946863691867 48.91355559204007 26.95753460851147 20.033270345799778 21.006134479214044 21.29928105953279 13.164804345571067 22.610672874022207 25.345022631611762 18.649824602527378 29.376422594251178 30.077720522603894 18.988317380945528 6.671111937664728 39.3040021972396 13.72860126271294 18.416748853305894 22.244895553207154 17.254920530366448 28.47501407512289 40.54021640415609 22.20857883082526 41.32721226740355 16.668730785806645 28.790343324736916 23.254865135110073 0.0 26.428871872657854 25.349932635827642 58.31493402834128 35.618367041937326 21.466519476520794 60.49498938563994 15.56949843669082 78.98526940811725 50.556772669313276 35.610830523378404 48.735046396546636 76.66099237937973 70.76402844468758 36.55365682307949 7.723030568995222 34.32162356045525 68.49201234519833 73.27009766230337 41.15597144194468 20.346180511488512 39.10200045744003 70.98459072463403 85.56594312470311 60.24034555431369 48.28122257124313 58.54965657301718 83.18567621616742 104.24253610514063 84.50629930890742 76.22901753667183 82.91653520431178 101.65717244117003
8.998400824005424 52.99090405066785 57.91576674796776 23.690138648671653 26.888187907926497 14.62926632537545 19.069743909750457 35.760322137517576 50.40885417833982 45.824374196372425 45.620416803469375 9.979285253729298 14.225019061035788 4.429194896174614 5.287337343845 21.435021463075103 14.71330143580203 55.47448541286955 8.452982329750727 23.214781570792624 23.527869525152365 21.384712513269285 8.019663291455034 15.402213996533813 43.68377888981555 15.847763232687893 15.145581034981769 12.490256063677451 16.797372337611623 43.02470285432709 47.31308787914483 6.670805997622345 26.428871872657854 0.0 9.630815161760857 42.67801742286782 22.84016316791243 46.60383589894257 76.58244627608049 31.281481859217113 99.79453624169817 75.25322993407018 61.33457612325124 65.23491628852172 84.52242802957467 85.48436636572346 55.100225877336555 34.048882508201636 40.95670175084256 67.75256413138365 79.02246185515803 44.52834727402728 10.763453081116069 25.372901124569108 59.72076924067084 82.2795723196853 50.03324402190971 25.130993919795305 33.98017165094413 63.81677786753353 94.25328892242607 67.80604997145579 52.02347081807505 56.65708943576555 78.15633828805535
