0.0 53.2754837677298 40.53576577178863 10.411038995243334 31.755272362292512 25.06774853332137 12.714192491032126 58.05474573293363 52.096361633629996 27.74095732506758 34.12704281173228 45.680052459030435 26.318344128909832 24.7088511457143 50.70925951738203 19.308502188487605 30.689251824224087 44.76471880157452 39.664469171498126 19.431753434334517 33.807229846207726 54.302460594207986 24.955495275231463 4.7092935047059825 15.076591909089661 32.41268205078297 15.31639900106751 45.5050845523573 38.90737945796285 9.246985775022527 35.56700629963627 52.454550733089704 23.769526283575836 3.7861277173195442 48.86327641217111 5.172577586828463 6.217274007597585 42.7725481318449 46.63371183708541 43.071465863644995 95.25867723365928 72.25371409465292 61.33321713609585 68.53983192816516 89.60153073036777 79.89115674701969 50.53418933150849 33.461086080414056 45.61158731670427 73.72938450029189 72.67793092052453 38.253073966445605 6.274356163786355 31.785079440825992 66.1518620844929 75.97850122253611 44.15248417374438 22.82532492330507 38.56674014729933 69.6321464685809 88.62574058458458 63.34121080556207 50.640895666775975 59.25956359726231 82.78705017851757
53.2754837677298 0.0 75.0844751594161 56.472442620237366 71.2661886072883 28.20778877373912 41.94476441909447 51.58255984388581 9.934745156946498 31.748049838328072 80.04508250693237 21.586482702676115 77.44350168427755 56.90421016733108 52.33639414990441 35.30696239552454 32.27302164489065 61.78886554813493 18.66599016748962 42.4374334443477 74.90025343795588 29.763822155346908 37.746661865283095 54.19537441652201 39.06822554966663 33.721754402374174 38.25441372914547 39.658324662302554 17.793896761896857 61.5663478213042 82.47217914974456 14.586293527656165 76.10807770267992 56.667607884900384 50.80311268435642 48.38812681248249 47.0811905603924 60.57418758989742 20.17261832037446 34.76866673627094 44.77025284572497 37.715990475141226 56.88096632683993 86.2741022419846 118.5150838441318 26.874518075076946 12.333697444633108 44.46182074070752 78.71746918258951 113.1851555876398 32.4265263472014 21.870988592848885 47.958808176965896 80.72546704717716 114.57749074924826 54.699876312850876 49.00140262638479 64.8460264963262 91.67161800064343 122.46294395017124 80.8944982294696 76.94415024263071 87.70190418902101 108.89253907980891 135.71398401947465
40.53576577178863 75.0844751594161 0.0 30.142694252414227 68.63443501713614 53.08997832267753 49.56313441858117 97.21604299861046 78.90914110552092 43.71944395712712 65.71084345491774 56.63492624525396 53.022597642409046 19.30593670142888 90.56444147116197 53.516880423703185 42.811464366440866 85.26878438992885 69.97585703712214 58.45579796135953 69.35152564457529 88.56977274450226 62.72408983787163 44.86912181228865 50.209305969697034 69.1679516892778 49.026483216795754 83.50286872479157 68.37351932382356 43.54029260340529 65.64463772741202 66.11991155563517 48.34823843387531 38.06534129019158 88.64058373791444 43.61931981933433 42.1554794872936 83.28215703587476 78.2462074498221 79.98457851983112 119.79140422311114 105.24431515762274 100.98220384048709 108.22707325772303 124.9937900471866 96.95878972438268 78.56741665607538 73.0713415891903 83.07077049467817 104.19613622974758 77.7616768617679 53.38081188116405 45.24332617672527 60.32595501101826 87.32867759129428 65.48119238095009 33.265186670242215 17.894343937171495 43.91686757820579 77.01963245132372 64.217068434549 30.726593125153894 12.620109127074238 42.062605319309014 75.98756714520066
10.411038995243334 56.472442620237366 30.142694252414227 0.0 40.805236713751874 29.18283267517684 20.659646264080493 67.79806568529553 57.03246487429779 26.848588378258672 41.11630969547879 44.870984457149994 30.82354528257545 15.082395929896466 60.74189873938877 26.10818221378786 28.747947011827044 55.175692437990634 45.57396634978385 28.89059754887497 42.360561563184085 62.07177471621495 33.82653441612904 14.894756649962266 22.115575653746244 40.92048085525071 21.52295823056618 54.70407720795744 44.44765843386801 15.692804500145863 42.01858730971601 52.902976872207454 27.047788636454317 8.4952472779098 58.8571560287936 13.795219937751531 12.84707723503325 53.183585981762086 53.24722424044035 51.78709089214744 100.12880669583267 79.72843116702545 71.28970491832152 78.75643341686622 98.57831438436986 82.2280346757177 55.87733316147232 43.334980406132026 55.03073853555804 81.07811869873984 71.34007784160428 38.28303065716085 15.382585362249303 37.45006268208212 70.4502677329105 70.77954892678572 37.23788311706407 12.586764311643389 36.40116257356657 69.90360463964313 80.7617964060839 53.71675152585222 40.538045514547335 52.87720660248118 79.64601010690428
31.755272362292512 71.2661886072883 68.63443501713614 40.805236713751874 0.0 47.05687488449605 33.72230744408848 48.33113503173655 65.8161707826665 55.88332810800499 11.695360968372679 71.73717287350583 20.616330435669887 55.87023532315246 39.396539117379966 38.320530654985866 59.46968248495592 25.46718435573244 53.08522746928929 29.223598007545235 3.7673318708965855 57.5667718577814 33.52457625963774 27.178110802309725 36.25810052520407 38.70061533454181 37.97909643019759 43.01331869844552 53.582602018693194 25.408137388332953 14.509158468715752 75.98455198997249 24.253755159901083 32.364620344840176 38.478961452883176 32.455234913909955 34.92961759075818 24.210136601119462 56.109100653373645 44.29449196598148 104.93220719854587 74.1833973205558 48.89179107413006 40.89572713364703 57.87345011579508 97.4944791317478 63.33578399498724 30.207961246670642 14.43854655177493 43.58065678513101 97.879019537702 63.92073168505473 31.40489274556939 16.778692244172813 44.40305861510079 106.00071139717745 75.67355796184093 51.104227612997214 43.492699775618036 59.71939330246447 120.30221795837568 94.51565769821623 76.08253144970122 70.98344718140709 81.75270085284704
25.06774853332137 28.20778877373912 53.08997832267753 29.18283267517684 47.05687488449605 0.0 14.350424874507015 48.226477578512906 27.84966610952775 13.252090593579517 54.059301453978826 24.866908580487053 49.80659163972924 33.78804476650269 44.04437604074762 8.741576082871491 16.82003473006187 46.336010398722465 17.00046150880892 18.41595273357525 50.35346853826687 35.62077548853839 17.083510101040417 26.19734364496829 11.450101887414592 19.563754962853054 10.270798624994457 33.568369064905944 15.579133074112834 33.486464464362015 56.22445712134819 29.170415251768638 48.134867340141014 28.488461052699645 42.051449563877476 20.214994521415857 18.878467683888523 44.55227473805317 25.18917765361277 29.014480541744096 70.98580190243425 52.18831906995142 52.943962872395566 72.64510818736073 100.72917284940586 54.88596329577015 26.75270746005363 28.527023126140367 57.504087184166515 90.52344635261156 50.858585731675795 17.138940857550296 19.893325787368067 53.782888488037 88.22872175998403 61.33016137055821 38.18052654706351 39.35666769218914 63.52143533473251 94.42366743717129 80.85036055191516 64.866545176036 65.37073876078132 82.05958329464823 107.65218926839735
12.714192491032126 41.94476441909447 49.56313441858117 20.659646264080493 33.72230744408848 14.350424874507015 0.0 47.652913259243455 39.807285015253164 22.312686899595217 39.877078866722314 38.222350387830645 35.57297858737605 31.26905165390255 41.22004677563512 6.823196637114162 26.00622178446963 38.66557959355326 27.11917870760539 9.224471982281495 36.77629381601722 41.766690689797215 13.246287663621235 12.370952809261977 2.9135465933850266 20.267405883568387 4.313704521551193 34.1455785711716 26.50454609301814 19.789112066432835 41.96708928664222 43.408032491895305 34.17889885600503 16.494648816552694 39.25887601211204 7.581739221892713 7.818740360337182 36.69559269785024 33.92683233201382 31.127538742203306 82.82133731195466 59.646955403834994 51.4873507665936 64.33457790837656 89.56411762110943 68.80024276726486 38.09699987750132 23.7514864900319 45.51624476368527 77.29274015204861 64.82346749689819 30.411671994313856 6.520094797660373 39.43358297653725 73.90776200152717 72.56190370333555 44.477574587008 32.95622628306922 50.8802957761712 80.53775253371383 89.01042897928365 67.90784623484852 60.78549797475183 71.92398778625841 95.11059533153994
58.05474573293363 51.58255984388581 97.21604299861046 67.79806568529553 48.33113503173655 48.226477578512906 47.652913259243455 0.0 41.8583651999828 61.4023660245106 60.02082020415708 66.4232584856224 66.4355057933358 78.68803441207918 8.936401146777733 44.383901161751076 64.77405749087544 23.99270880225247 36.95979778555416 38.914077917486445 51.60689779072117 22.602115066812658 34.55452704896547 54.75216700733704 47.17304053437758 28.950913252835903 48.558376043942964 14.671519634105177 38.916274552604584 59.82534685749055 62.821171804666655 64.20696979034321 68.39861234341225 61.43099106384407 10.085299236566273 54.00299134715109 55.17317932442239 24.624250426277555 31.661849914418976 19.536391102260975 65.46800939718355 30.978997400568716 5.309468653143505 38.620419297762986 73.14189817067701 69.81725794482202 39.277017876073444 24.612223393995034 45.42776385116143 76.91842885442513 84.00618124695086 60.87059608422269 52.423478043683865 64.69940676580589 89.54666952957002 104.08507343134958 86.29722100098547 80.3457890615816 88.64766728320853 107.96341804157026 127.29582011512343 112.99739968393978 108.29230221489011 114.37069979743409 129.72553754646046
52.096361633629996 9.934745156946498 78.90914110552092 57.03246487429779 65.8161707826665 27.84966610952775 39.807285015253164 41.8583651999828 0.0 35.24417421324546 75.44026024013658 29.53945858041497 74.38526503451578 60.00437309399369 43.168241542839056 32.98645876990595 36.75056998009706 53.70870870472792 13.105215578899147 38.1668390273644 69.54224538619602 19.838103837188296 32.69260078552777 52.14864923638357 37.13135206629693 27.212730811488246 36.784858215452715 30.629783862017337 13.33388850686761 59.55401917632596 78.01505192298555 24.03546512825296 73.62849807245246 55.7366431155238 41.75010256938923 46.972091344644134 46.13108722296407 52.66477137953316 11.127213874976393 26.01982301468082 43.21820612584922 29.1119853805574 47.13851844823172 77.40419902435345 110.25251927963373 31.94126346487029 2.777450878887905 37.28322088672684 71.88335892710828 106.48591656294067 42.20547684000777 27.600548512116063 46.22897191880812 76.85886399493455 109.87398084798706 64.42781922240158 55.76461912360933 66.80744688248635 90.61771641243743 119.81109902797841 90.16115684294871 83.97194469700757 91.47817544571413 109.90878700767387 134.85674668696012
27.74095732506758 31.748049838328072 43.71944395712712 26.848588378258672 55.88332810800499 13.252090593579517 22.312686899595217 61.4023660245106 35.24417421324546 0.0 60.91946008329835 18.182338138035636 54.05930145397741 25.16900857345403 57.28350382578927 19.848964774806745 3.8024136632705514 58.80754894489523 27.74866661941683 29.55598678398799 58.77434545299597 47.27942181894353 29.721035049947655 30.817247980929537 20.143195569873733 32.8153104313528 18.273440711687968 46.731733100019305 25.889809183603486 36.987943100090106 62.686713613246454 26.08739397573642 51.3516317761298 30.039358525991418 55.287638826435874 24.476502665103233 22.193359473820923 56.94985772935134 36.005427865005785 42.05477886430704 76.4940139309496 62.58891832973498 66.16789876843599 85.0516816774353 111.73256410630849 56.031241526229316 35.07744030121537 41.42687419568002 67.79953753148196 99.35895012041955 45.063503603175405 11.481379199122674 25.055510841396007 59.317695695453004 93.8309824396139 50.24992912332965 24.932334164760224 33.36212574210306 63.23990684873118 96.33475198092786 67.98882188377065 51.95956560810717 56.31977000489899 77.70997366214094 106.30412501987868
34.12704281173228 80.04508250693237 65.71084345491774 41.11630969547879 11.695360968372679 54.059301453978826 39.877078866722314 60.02082020415708 75.44026024013658 60.91946008329835 0.0 77.95941078682975 13.094663661135826 55.90687912177679 51.08767682284664 45.56210718668912 64.22712712639401 36.92751405112848 62.449623329036235 37.61818098030226 8.583374018226243 68.63993488638864 42.75615842107855 30.266257964379378 42.69663034470056 48.76229254997017 44.17157990375066 54.383552534510464 62.70064016874268 25.648387657727042 2.8308597265862394 83.22523584012336 17.715826822072728 33.40516051640829 50.173275740039706 36.47655877162057 38.84177433704025 35.778371875262714 66.29104059673497 55.32100665266571 115.6591352572317 85.56078147922797 60.49021796699345 48.91107233768796 59.33234287054344 106.67726349817298 73.08906596415424 41.21686724859192 21.22485087352385 39.96253257824242 104.69177872883368 70.18689449383061 35.87318461802294 6.513384779737635 34.537176761406094 110.08201300703124 77.93097604535683 49.22657739654139 34.17756973357638 48.03944295902344 121.8729475126677 93.71796092469422 71.46940764121085 61.86659376642919 70.29831995045353
45.680052459030435 21.586482702676115 56.63492624525396 44.870984457149994 71.73717287350583 24.866908580487053 38.222350387830645 66.4232584856224 29.53945858041497 18.182338138035636 77.95941078682975 0.0 71.94048398019929 40.367688973848914 64.61384560733389 33.561719029396144 16.219927667876966 69.9095641281815 29.46364824945409 43.27163679632642 74.92345696783927 47.35648196594751 41.20434596243198 48.368848669349255 35.537228837895015 41.14840282044891 33.909661946364125 52.4045124504929 27.512916354885572 54.90037091511153 79.91238207574465 9.499506464263703 69.40644502685873 48.15772577431975 62.75570751037434 41.96708928664222 39.85309349159334 68.2671883665 35.833108844910555 47.23690466821369 64.30405553086075 58.61584176111897 71.6338615093189 96.03015768350585 125.32741165694794 40.33236293657184 30.830385385006444 51.66393968230421 82.35684246785893 115.28648305682951 27.0019314132089 7.819892164873008 42.28535788366702 76.87526672266767 111.47383612517767 37.97732285768217 27.708876624000037 49.88112944532745 81.26077001931432 114.51348763952946 61.36918736958572 55.41088071663236 69.06047573180766 94.14418716491011 123.90198426705146
26.318344128909832 77.44350168427755 53.022597642409046 30.82354528257545 20.616330435669887 49.80659163972924 35.57297858737605 66.4355057933358 74.38526503451578 54.05930145397741 13.094663661135826 71.94048398019929 0.0 44.849737427397244 57.62454527557198 42.13655739838885 56.95959708768444 45.24101034135859 61.30334499725556 36.46657257951385 19.30593342703452 71.05146452303937 42.40661251067236 23.769069261541283 38.480643177808645 49.481382760351956 39.53617905150001 58.19021793898096 61.12915106984677 17.071358353887305 12.641073374342856 78.35149017335029 4.690224416904664 24.384371286610456 56.352045060906256 30.108371330731874 32.10594118941887 43.71417710355988 66.56357762936587 57.9654382236762 116.42390997923589 88.76767532983524 67.82075871602895 60.94581368122284 72.27662735243207 104.31739550218256 72.33159384205871 44.457090171836114 33.40417940154848 51.478912893988436 98.9416916786433 64.41462120334386 30.064636331158685 7.305829940082219 39.97151241747784 101.37360342981513 68.0581684055806 37.17614332179074 22.95782022192302 45.46319300252696 111.10147815933738 81.73031449997646 58.403382753767794 50.36735924423292 63.69922753970107
24.7088511457143 56.90421016733108 19.30593670142888 15.082395929896466 55.87023532315246 33.78804476650269 31.26905165390255 78.68803441207918 60.00437309399369 25.16900857345403 55.90687912177679 40.367688973848914 44.849737427397244 0.0 72.48641062324293 34.538380435038796 24.99215998640776 68.77514810683314 50.70136072468641 40.42779160595731 57.43909882249692 69.27489167327502 44.13929390354707 29.407518621961394 31.515171037101595 50.2374408134118 30.17037640413641 64.68358949234839 49.12679985016808 30.739267176194357 56.62029805280158 49.571853667420946 40.653557504710015 23.51052706793547 70.52104565302692 26.407516651486926 24.49371826903871 66.7735533114483 58.95708659821258 60.96759262970294 101.66145640613318 85.9586719078106 82.68891392868392 93.17049614008532 113.6606698317238 80.33227408464401 59.52106608018541 55.018516383427055 70.0436561941064 95.81224968796566 64.56252288667238 35.760061783235784 28.001530293844368 51.809558980232204 83.54170292301578 58.994215651225204 24.435569929297582 10.427416613237828 44.891193999190634 79.4768011567475 66.25185201751611 38.7006657133268 31.63877213582881 53.843467780800346 84.80603096196539
50.70925951738203 52.33639414990441 90.56444147116197 60.74189873938877 39.396539117379966 44.04437604074762 41.22004677563512 8.936401146777733 43.168241542839056 57.28350382578927 51.08767682284664 64.61384560733389 57.62454527557198 72.48641062324293 0.0 38.91599484537615 60.85579385634234 15.45506745540821 35.64929686106587 32.134621305979785 42.687078925704576 25.88285599780558 28.65841617081773 47.110169612705256 41.1610170776814 24.507112656171657 42.72395803763625 12.703636819747379 37.43146742043453 51.73772152336887 53.88999208809996 63.679777382597905 59.7079459914744 53.92004038733004 2.008137489544136 47.0057084562963 48.41185755193335 15.867358121450378 32.20147246128512 17.777593679460733 71.84694682985607 37.958968029136386 10.706772083756844 34.39823996442841 68.16667137542154 73.19336679951799 40.4274008478397 17.50225689728082 37.0557919236161 69.53260310827686 84.52406627219297 58.35245934990773 45.392898394775116 55.7748591859198 80.96893595297266 102.58181190299769 82.17472877263887 73.32866258062467 79.9765481610266 99.04621420057258 124.47171117196534 108.06115118865766 101.27127342676111 105.9678355005868 120.81865092728877
19.308502188487605 35.30696239552454 53.516880423703185 26.10818221378786 38.320530654985866 8.741576082871491 6.823196637114162 44.383901161751076 32.98645876990595 19.848964774806745 45.56210718668912 33.561719029396144 42.13655739838885 34.538380435038796 38.91599484537615 0.0 23.648267281274556 38.997459287917266 20.36571380369572 9.901412818414562 41.63682710846436 35.977990955621905 10.336381507524505 19.18745038634624 4.2363284427540115 15.699309046334516 4.619474115787357 30.17037640413632 19.69378446043331 26.604329016079436 47.804338817365334 37.78369003517916 40.916791949762604 23.046637132323898 36.91059672848963 14.136807804973492 13.73753408255935 37.122970990282845 27.43835181023583 26.46856580342879 76.03314865479523 53.63482983210003 48.65346905247481 65.21069646731002 92.37163860744354 62.18108894071565 31.30050750245759 22.08625328037111 48.89509447838024 81.7832795259829 59.57269675458778 25.78868054938558 13.268719022375711 45.62800432487006 79.89132410330237 69.48606303517953 43.9626638943977 37.84107455370868 57.671537835580665 87.26335929259125 87.77605054691686 69.15655054552535 65.23338473739493 78.24917285737773 101.90801826917223
30.689251824224087 32.27302164489065 42.811464366440866 28.747947011827044 59.46968248495592 16.82003473006187 26.00622178446963 64.77405749087544 36.75056998009706 3.8024136632705514 64.22712712639401 16.219927667876966 56.95959708768444 24.99215998640776 60.85579385634234 23.648267281274556 0.0 62.59381589430416 30.347999134771793 33.35616034014248 62.30525972534972 49.94115781470569 33.47461216384513 34.01618505518662 23.900754487902088 36.35736984427568 22.022457274753705 50.10570791084611 28.41917892385456 39.912167141855974 65.92613206667788 24.883835747382662 54.07380971546231 32.72613125210063 58.865372751057826 27.7508961786247 25.398790983555568 60.740224019797644 38.485651185509376 45.34362457269373 77.00170885435374 64.72433415887045 69.59877105123816 88.84543693723047 115.48942647724844 55.42225610607807 36.84870229028628 45.1536937050641 71.51722908442107 102.88537729828546 42.64103197411442 10.768467244262121 28.434404297970975 62.41733726119805 96.84103373955934 46.574972024186486 21.53391570695879 33.956404233063395 65.09386766273259 98.57094999030947 64.22240808023867 49.00057031975741 55.42925593653552 78.34894552812528 107.70106984307404
44.76471880157452 61.78886554813493 85.26878438992885 55.175692437990634 25.46718435573244 46.336010398722465 38.66557959355326 23.99270880225247 53.70870870472792 58.80754894489523 36.92751405112848 69.9095641281815 45.24101034135859 68.77514810683314 15.45506745540821 38.997459287917266 62.59381589430416 0.0 43.4695790457884 29.76081299425212 28.355978002904216 39.302289284742464 29.256027859544925 40.40973368054893 39.701582407005205 29.073418745564933 41.54996487353409 24.19251637546722 44.83711628533271 43.14030495215663 39.649411778135715 70.96938612886764 48.06548684667443 47.27117602092108 15.297263889625132 42.367632252034085 44.35418776710357 2.001693773245061 42.63659308532398 27.91696319490338 86.50387664809584 53.1459204196825 23.68343495337984 26.309112054540662 56.72990141864529 85.15399883880148 50.9401697892432 18.26063483907723 21.606785461723177 54.72758059646762 92.76547345999771 62.74302113634509 40.777037755321395 42.233557596218404 65.56985922422845 107.45013642855713 82.76333268492162 67.44461882419469 68.13628940666419 84.44584782178643 126.77275540416207 106.46117257530912 94.82253941398058 95.09642296711512 107.19154960488042
39.664469171498126 18.66599016748962 69.97585703712214 45.57396634978385 53.08522746928929 17.00046150880892 27.11917870760539 36.95979778555416 13.105215578899147 27.74866661941683 62.449623329036235 29.46364824945409 61.30334499725556 50.70136072468641 35.64929686106587 20.36571380369572 30.347999134771793 43.4695790457884 0.0 25.06816079684456 56.778917760188705 19.593639929206972 19.70333594687155 39.354058471699794 24.589465552611863 15.056245872185503 24.505286212868523 23.134479207454564 2.0210100384379963 46.72317920599224 64.99651488472371 28.079853590418953 60.63160161249423 43.38367493304721 33.89622736398586 34.496317001477784 33.91554243873381 42.15479744607301 8.320660089947578 17.955434524542024 55.71661511270364 35.27377743009124 42.17782945067066 68.61873627839849 100.16448665748274 44.40939136044928 11.06717477383831 25.83842928875946 60.063468538776256 94.5646330921385 49.431462254876585 24.278235324919855 33.61905046442246 63.764355179947415 96.93497832239699 67.21711530290814 51.43018302742757 56.274249280560745 77.99565889813707 106.74576689211226 90.53225470774834 79.30484116387946 82.32350399943289 98.28424888064848 122.21767724203792
19.431753434334517 42.4374334443477 58.45579796135953 28.89059754887497 29.223598007545235 18.41595273357525 9.224471982281495 38.914077917486445 38.1668390273644 29.55598678398799 37.61818098030226 43.27163679632642 36.46657257951385 40.42779160595731 32.134621305979785 9.901412818414562 33.35616034014248 29.76081299425212 25.06816079684456 0.0 32.72604804712687 35.85869810249065 6.1213372533855805 16.936329752789078 9.940897624896124 13.65876652799965 11.793456631913903 26.07403350974796 25.153407039796836 23.543532626250133 40.08290814424207 46.84976703554897 36.253610192819515 23.032990275447368 30.195802063007644 15.100819722576148 16.306695715007393 27.822904414281975 30.13108750090751 23.852003252887016 79.9730929961412 53.89692758360363 42.530940320725264 55.746765364386626 82.47024732943477 69.07281612776892 35.988301449073305 14.632566935636271 39.08857185514003 72.3641564918806 68.84558354555912 35.55426990786664 13.540631798944707 38.696798010506555 72.15529439264745 79.3831136436498 53.025704948173676 41.4317841346402 54.920677218244165 81.91940877113575 97.24637656059411 77.05794549342629 69.38123619582316 78.0022094071175 98.74053459180986
33.807229846207726 74.90025343795588 69.35152564457529 42.360561563184085 3.7673318708965855 50.35346853826687 36.77629381601722 51.60689779072117 69.54224538619602 58.77434545299597 8.583374018226243 74.92345696783927 19.30593342703452 57.43909882249692 42.687078925704576 41.63682710846436 62.30525972534972 28.355978002904216 56.778917760188705 32.72604804712687 0.0 61.29856829120361 37.17700689563714 29.367244559965073 39.39215308887415 42.448394350565735 41.066647562477094 46.68577432390084 57.247577193475934 26.729317890680537 11.295473809030497 79.37549847914902 23.381672971703733 34.04335932256905 41.8478784259211 34.96559775767697 37.43432469347828 27.241801741770352 59.86948287603784 48.03710551306358 108.69080756189378 77.83967143337841 51.95341932959447 41.64278620745704 56.248609213280616 101.18703745787333 67.07173409239313 33.95981679959726 14.2397850520687 40.58478135947457 101.20833613452393 67.10356650896732 34.022060035336295 14.386212000345393 40.6358981477175 108.75028120540523 77.92193257033605 52.07544307992026 41.79349534086894 56.35921413870332 122.43044912818695 95.94448460568098 76.26423228521608 69.43977157438377 78.88149578909442
54.302460594207986 29.763822155346908 88.56977274450226 62.07177471621495 57.5667718577814 35.62077548853839 41.766690689797215 22.602115066812658 19.838103837188296 47.27942181894353 68.63993488638864 47.35648196594751 71.05146452303937 69.27489167327502 25.88285599780558 35.977990955621905 49.94115781470569 39.302289284742464 19.593639929206972 35.85869810249065 61.29856829120361 0.0 29.783927253780337 52.61662449278323 39.97565731672387 22.20245301363608 40.5882932308225 15.264927317971335 21.541081295166354 59.4018723114636 71.42848339690634 43.4036486723316 71.56318482376203 58.07594549529093 24.966949547441256 49.2975590434931 49.46002834729404 38.82285436458227 11.700318463320194 13.320778339139922 47.699853138804016 18.04148092034999 27.759042072360273 60.0873043027618 94.04921157818579 47.502683961645324 17.5184560890084 27.425140424172074 59.93522381849221 93.95304403956494 61.97205246017439 43.317302605646105 48.03188576732247 71.64185454040249 101.74904677164399 83.82885287169691 70.94985876489528 73.72412331219572 90.72688836052421 115.85442674492815 108.70394256530456 98.88982224229544 100.68024502105786 113.52749231677898 134.2949599228634
24.955495275231463 37.746661865283095 62.72408983787163 33.82653441612904 33.52457625963774 17.083510101040417 13.246287663621235 34.55452704896547 32.69260078552777 29.721035049947655 42.75615842107855 41.20434596243198 42.40661251067236 44.13929390354707 28.65841617081773 10.336381507524505 33.47461216384513 29.256027859544925 19.70333594687155 6.1213372533855805 37.17700689563714 29.783927253780337 0.0 22.870925646843755 12.627767335246839 7.589726322320572 14.094927044805102 20.901696449621163 20.074842722634504 29.630184304528655 45.322545275219184 43.64492806520554 42.32758951792696 28.660298818070533 26.658828485476185 20.245848122275245 20.99266870938096 27.46896942321794 24.16121014946329 18.118970115383007 74.0231459504682 47.82540791235643 38.59972690992158 55.56468269720603 84.14127868468859 64.05476528108487 30.389073320643448 11.782656087897717 41.82126943106026 75.85551103429691 65.73999910848482 33.767169200757536 18.80276852866462 44.291247988310744 77.23168616437168 78.33018081232753 54.19810919389493 46.19595151268557 61.03695531664688 87.81666683515769 97.69605204257705 79.46718050126347 74.02900877880617 83.90651153185148 104.85732394634275
4.7092935047059825 54.19537441652201 44.86912181228865 14.894756649962266 27.178110802309725 26.19734364496829 12.370952809261977 54.75216700733704 52.14864923638357 30.817247980929537 30.266257964379378 48.368848669349255 23.769069261541283 29.407518621961394 47.110169612705256 19.18745038634624 34.01618505518662 40.40973368054893 39.354058471699794 16.936329752789078 29.367244559965073 52.61662449278323 22.870925646843755 0.0 15.169680773761298 30.456831023827995 15.966085360311714 42.785570136954924 38.82701833961563 7.418172296157272 31.910606913386633 54.584969083342536 21.94263128564365 6.914486645825672 45.31852737377459 6.401759382707031 8.626987782092618 38.42791745785954 45.785155921984504 40.78606768031085 95.06764536605853 70.65071218691298 57.792548333641626 63.90010741490988 84.97798765718859 81.00603347427112 50.38241200377006 30.160151011383032 40.93555018129292 69.54596406719489 75.3391533679518 40.74968554962095 6.319816481865339 28.53414891170065 63.11346602464975 79.8745239021677 48.55946647848644 27.035990805863502 38.71315811652295 68.27381066025823 93.13319399128098 68.04999756747246 54.61326857414299 61.067279538328506 82.88915940031153
15.076591909089661 39.06822554966663 50.209305969697034 22.115575653746244 36.25810052520407 11.450101887414592 2.9135465933850266 47.17304053437758 37.13135206629693 20.143195569873733 42.69663034470056 35.537228837895015 38.480643177808645 31.515171037101595 41.1610170776814 4.2363284427540115 23.900754487902088 39.701582407005205 24.589465552611863 9.940897624896124 39.39215308887415 39.97565731672387 12.627767335246839 15.169680773761298 0.0 19.045643191106784 1.8972108010545519 33.293659992368354 23.87377211034288 22.57982992870074 44.81665539163053 40.54938468458335 37.04172534946396 18.810674279144855 39.17372632817404 9.90691559104983 9.552219517528297 37.76181621776858 31.65598138969567 29.928887046987246 80.22782267621265 57.726785666113315 51.215855362294405 65.63954374589976 91.5906074362221 65.91441731398936 35.49361050468578 23.86894701036556 47.69173035325626 79.8380856772016 62.03752112011447 27.718134461816284 9.098889666995825 42.333656493609716 76.78763582032272 70.34459972559044 43.10343042806062 34.09224706026698 53.492892009668665 83.39982177511352 87.42867755772235 67.29462218182883 61.71012188631617 74.04385569312342 97.73242267239192
32.41268205078297 33.721754402374174 69.1679516892778 40.92048085525071 38.70061533454181 19.563754962853054 20.267405883568387 28.950913252835903 27.212730811488246 32.8153104313528 48.76229254997017 41.14840282044891 49.481382760351956 50.2374408134118 24.507112656171657 15.699309046334516 36.35736984427568 29.073418745564933 15.056245872185503 13.65876652799965 42.448394350565735 22.20245301363608 7.589726322320572 30.456831023827995 19.045643191106784 0.0 20.141545654959504 14.510494363019248 16.097820554702487 37.20016506667998 51.43270268701705 41.90770675207571 49.646193517604694 36.14812444603748 22.523952301356964 27.573222206601695 28.086088784002015 27.589837083582317 17.528848547054263 10.889736739653957 67.17284133302458 40.24296191898819 33.49083040346383 54.941876780388924 85.50098416247646 59.09227764089121 24.669222801741814 10.958920946313272 45.01643545180297 79.54693640281145 63.78554363133522 34.35074753200737 26.195325709647456 50.865108625473404 82.96485047978564 79.00792736381705 57.73796987302722 53.102679957517395 68.56323320434275 94.74566032464995 100.0637007376394 84.08058711521012 80.75316678191065 91.47311437248484 112.28675456357419
15.31639900106751 38.25441372914547 49.026483216795754 21.52295823056618 37.97909643019759 10.270798624994457 4.313704521551193 48.558376043942964 36.784858215452715 18.273440711687968 44.17157990375066 33.909661946364125 39.53617905150001 30.17037640413641 42.72395803763625 4.619474115787357 22.022457274753705 41.54996487353409 24.505286212868523 11.793456631913903 41.066647562477094 40.5882932308225 14.094927044805102 15.966085360311714 1.8972108010545519 20.141545654959504 0.0 34.52510147098028 23.643927091138192 23.313300080885345 46.239136691276606 39.167640276215536 37.90770735776511 18.95771170694161 40.7297414355699 10.232395393719536 9.41167448942222 39.61548957698176 31.8537101884664 30.97836816486286 79.96736063844018 58.205677363036465 52.68609130027515 67.51702589297253 93.46697054655085 65.04360696445957 35.265617927008314 25.524496381701226 49.53967228707092 81.55796375514582 60.521972130470026 26.098185451619933 9.704408860360877 43.61295579239057 78.13359308723392 68.49471583623755 41.234542906293576 33.22473699819851 53.873119060727795 84.23524769672308 85.53632581293319 65.58294109962081 60.66765767532946 73.85655426307493 98.10096799443616
45.5050845523573 39.658324662302554 83.50286872479157 54.70407720795744 43.01331869844552 33.568369064905944 34.1455785711716 14.671519634105177 30.629783862017337 46.731733100019305 54.383552534510464 52.4045124504929 58.19021793898096 64.68358949234839 12.703636819747379 30.17037640413632 50.10570791084611 24.19251637546722 23.134479207454564 26.07403350974796 46.68577432390084 15.264927317971335 20.901696449621163 42.785570136954924 33.293659992368354 14.510494363019248 34.52510147098028 0.0 24.9870507262792 48.73417925736089 57.204166920433835 51.061459045192706 59.32086671062899 49.09517681783211 11.149827347739857 41.02598460259555 41.886280084385646 23.606184807839284 19.573886966628244 5.181529374374139 62.902965982331956 31.18158047507388 19.561370085166523 46.77447856967936 79.92436986543211 61.31313052138022 27.86792224391596 13.740248718931442 44.67460137863547 78.72545846547852 71.8205402284243 46.50447846797102 39.52174331497302 57.93181362693442 86.86223013148224 90.2960316150712 71.626446575684 67.09761228089683 79.17448136984989 102.12675764314953 112.8923333268542 98.3844250297205 94.91569745189102 103.60097744807018 121.86883851784017
38.90737945796285 17.793896761896857 68.37351932382356 44.44765843386801 53.582602018693194 15.579133074112834 26.50454609301814 38.916274552604584 13.33388850686761 25.889809183603486 62.70064016874268 27.512916354885572 61.12915106984677 49.12679985016808 37.43146742043453 19.69378446043331 28.41917892385456 44.83711628533271 2.0210100384379963 25.153407039796836 57.247577193475934 21.541081295166354 20.074842722634504 38.82701833961563 23.87377211034288 16.097820554702487 23.643927091138192 24.9870507262792 0.0 46.227444242156224 65.20740238065244 26.416815379622964 60.30478852200579 42.59056709172826 35.652208637503 33.75698705573069 33.04521656437231 43.47066794688145 10.11602478600681 19.80565169944791 56.356318042161476 36.93146131350366 44.12097266420968 70.1727637005942 101.47217571157087 43.998937174226455 11.626934382173305 27.005887979223054 60.977894516878834 95.40514926139517 47.95316052958627 22.258659587318835 32.95810115050597 63.811214682035434 97.2232070528001 65.3208332129906 49.44389953838319 54.930820941066784 77.36212842515651 106.52328701197371 88.53084917979042 77.34874237616593 80.7631299675726 97.24853161272819 121.60020213733758
9.246985775022527 61.5663478213042 43.54029260340529 15.692804500145863 25.408137388332953 33.486464464362015 19.789112066432835 59.82534685749055 59.55401917632596 36.987943100090106 25.648387657727042 54.90037091511153 17.071358353887305 30.739267176194357 51.73772152336887 26.604329016079436 39.912167141855974 43.14030495215663 46.72317920599224 23.543532626250133 26.729317890680537 59.4018723114636 29.630184304528655 7.418172296157272 22.57982992870074 37.20016506667998 23.313300080885345 48.73417925736089 46.227444242156224 0.0 26.811091032445013 61.51272848878213 14.708866563496345 7.768673426508277 50.06601302063975 13.341712595591058 15.145446815755843 41.23406306448537 53.00469017757635 47.18074319821536 102.42326608442238 77.44045631941805 62.43640120504568 64.76391895454219 82.97714916460433 88.34960653218015 57.7652195519017 35.536191971283564 39.795150768101095 65.56919889947427 81.9017458393356 47.42520183699558 13.610930249107913 22.720451809804224 56.93886452911256 84.83700391458966 52.28837574469825 25.800691493193586 31.497961266282825 60.93777059593321 96.30103196784825 69.22113958073336 52.00046209923386 54.87562701359584 75.58720334493466
35.56700629963627 82.47217914974456 65.64463772741202 42.01858730971601 14.509158468715752 56.22445712134819 41.96708928664222 62.821171804666655 78.01505192298555 62.686713613246454 2.8308597265862394 79.91238207574465 12.641073374342856 56.62029805280158 53.88999208809996 47.804338817365334 65.92613206667788 39.649411778135715 64.99651488472371 40.08290814424207 11.295473809030497 71.42848339690634 45.322545275219184 31.910606913386633 44.81665539163053 51.43270268701705 46.239136691276606 57.204166920433835 65.20740238065244 26.811091032445013 0.0 85.366005084385 17.33077498213385 34.57601572410711 52.98773507822852 38.21066414707407 40.52920710885139 38.531701243370165 68.96011703113575 58.108228848868904 118.39220627295312 88.37930394646253 63.2446995542265 50.82997614605389 59.68487854289084 109.15565845836872 75.68665913102345 44.00939587376071 23.238490444606548 39.218259898568014 106.72207488832241 72.1660897762533 37.698033846824146 5.403054270574552 32.12628568949899 111.5377743992297 79.052854081412 49.52641992541096 32.422410695910436 45.214965142290495 122.75226697461288 94.08845911420677 70.93617508219988 60.0502076640006 67.63798973262347
52.454550733089704 14.586293527656165 66.11991155563517 52.902976872207454 75.98455198997249 29.170415251768638 43.408032491895305 64.20696979034321 24.03546512825296 26.08739397573642 83.22523584012336 9.499506464263703 78.35149017335029 49.571853667420946 63.679777382597905 37.78369003517916 24.883835747382662 70.96938612886764 28.079853590418953 46.84976703554897 79.37549847914902 43.4036486723316 43.64492806520554 54.584969083342536 40.54938468458335 41.90770675207571 39.167640276215536 51.061459045192706 26.416815379622964 61.51272848878213 85.366005084385 0.0 76.19278124944891 55.27975799968886 61.956019190090835 48.25402883581065 46.37148172176635 69.49663245320743 32.61814500787203 45.916333188414455 55.06422711846809 52.29055453679712 69.50783439467513 96.55661527066323 127.31781031105 30.879407494279672 25.977548205844602 52.82965856421521 85.45149060529505 119.19641889887968 22.095072178994386 14.62036532336307 48.3132658787233 82.76135539984156 117.30117623199514 40.44822375697481 36.75723906869172 58.82993884995544 89.25054648584695 121.92288403627882 66.31042356400552 63.927980745953676 78.55748495372376 103.20148948368634 132.3804883169741
23.769526283575836 76.10807770267992 48.34823843387531 27.047788636454317 24.253755159901083 48.134867340141014 34.17889885600503 68.39861234341225 73.62849807245246 51.3516317761298 17.715826822072728 69.40644502685873 4.690224416904664 40.653557504710015 59.7079459914744 40.916791949762604 54.07380971546231 48.06548684667443 60.63160161249423 36.253610192819515 23.381672971703733 71.56318482376203 42.32758951792696 21.94263128564365 37.04172534946396 49.646193517604694 37.90770735776511 59.32086671062899 60.30478852200579 14.708866563496345 17.33077498213385 76.19278124944891 0.0 21.348304825557317 58.32561711186038 28.04761359535474 29.824009557491973 46.43713758487872 66.35028938815704 58.690544895966696 116.11773435515897 89.44818306053973 70.09564269091055 64.96609306807244 76.95816932739702 102.93870723711949 71.69772490546444 45.60238854885026 37.59547449727441 56.054342746474056 96.38665409368379 62.02078735508268 28.242199743792483 11.979917950293263 43.40815392685076 97.80302638409498 64.18017402964843 32.674225945136115 20.272219365642414 46.35912261039027 106.87140093696561 77.18871756067367 53.75417994703998 47.07162169360219 62.74372669999616
3.7861277173195442 56.667607884900384 38.06534129019158 8.4952472779098 32.364620344840176 28.488461052699645 16.494648816552694 61.43099106384407 55.7366431155238 30.039358525991418 33.40516051640829 48.15772577431975 24.384371286610456 23.51052706793547 53.92004038733004 23.046637132323898 32.72613125210063 47.27117602092108 43.38367493304721 23.032990275447368 34.04335932256905 58.07594549529093 28.660298818070533 6.914486645825672 18.810674279144855 36.14812444603748 18.95771170694161 49.09517681783211 42.59056709172826 7.768673426508277 34.57601572410711 55.27975799968886 21.348304825557317 0.0 52.10590516858856 8.931277950211665 9.641612584064466 45.29520845236801 50.40525647042422 46.763624697767895 98.9250526453983 76.03424777877981 64.583439913332 70.39607708848432 90.19405584561912 83.17462731756959 54.21629303843036 36.818780525437816 46.5474718483991 73.29761277771783 75.10021174807973 40.90438965865102 10.05730505167695 30.397083401136094 64.35579986694887 77.15120631397444 44.52603113766751 20.19091986926827 35.03749455513287 66.65152501941573 88.62731671854307 62.189900721305754 47.698810719702585 55.47593754472 79.21359137516832
