0.0 60.196590276464676 64.26795691093048 31.50482006388074 20.08660181429632 23.225229047271693 25.328395253483603 35.6665381436502 58.7276341440995 54.809519776593035 54.208225898384 16.90774012696567 22.905377952244553 13.188253961318848 12.04735535660722 28.950353496912577 17.108494277422043 64.41762583787421 16.915749746403062 32.13861219685402 22.368207178758798 29.147327522817413 16.987008561531713 21.166467308759803 52.654927657600474 18.85146569481721 7.564765904220171 18.536306231582284 11.448965696112376 52.01754189674257 54.73448039813494 13.628319302241142 35.40311581638931 8.998400824005424 15.4334458193212 39.28951632719867 23.481469406560162 55.54382984635378 82.7619693852722 39.01887998506665 29.499701272866435 36.95300779349782 54.096724776174 30.295333067492262 37.782162691094136 24.897914108350825
60.196590276464676 0.0 9.615815167282735 29.45569237338302 79.79781367714641 39.31731972764098 34.97056631319903 82.93794425230821 14.028035764285475 36.83982929047335 19.086574975445046 43.400412913804686 39.93565037671019 51.1097702082354 54.79197860944016 53.276180724411326 45.29781960073165 42.84682518218852 44.72699138095597 41.35924460151666 49.621258346724794 31.67690930274405 46.443279300485976 39.20048935806318 30.181935955292396 43.431013724627896 61.69376234164922 41.68068797295542 69.78816125160384 32.200528133223685 5.997388751792195 46.789561522523634 34.71714987659236 52.99090405066785 56.678946499609175 60.87968635741487 45.06380954831135 39.947102400356876 25.802501680520837 21.991371099132884 77.16259546070803 65.32010183375738 86.96118158508496 76.49760596506236 86.24417001254085 35.6019058538341
64.26795691093048 9.615815167282735 0.0 35.30486965528071 84.25515555121424 45.2747825019774 39.046766231135074 89.81604076067174 23.58456288134156 46.42054918614587 28.66491402195318 48.00096576468047 45.94543193619807 56.64598350785044 60.40481317024379 60.92909628968627 48.18163360508358 52.41580307341474 50.03809258713245 49.225089353025915 50.57586250610349 37.28286622035723 52.15318533049063 43.124091835216404 39.726039368087704 46.28558412971101 64.69514496212936 45.86455776939503 74.57642157164588 41.71869095826157 14.449050268960388 51.40145738243416 42.7201780456683 57.91576674796776 62.78384694982243 58.80888893412795 46.26130919841468 49.5288123559732 18.693426073672516 28.449377628465744 83.8283727556957 73.3959397369739 95.32328385977375 83.31422470936639 93.05281101188537 40.713292125028936
31.50482006388074 29.45569237338302 35.30486965528071 0.0 50.57765923317047 9.98255969272363 8.786547271833944 54.64567398229094 27.450158442470887 30.877822446387338 23.707889958513444 14.653515211308479 10.644698663593642 21.656644173094257 25.35433762162513 27.288798050611298 19.76909610110497 40.89844338571291 15.315286971838022 17.359837031095875 28.33103788250386 2.359559405534324 17.012533059837676 12.254873001326938 25.96434200250685 18.32014127304104 34.44728756913122 13.77304046664083 40.44821547231821 26.334334023028653 23.67440331561052 17.87688586723071 13.187547397873422 23.690138648671653 27.49288260652101 46.25871719532355 24.12423214918553 32.99794565287667 53.943201608297144 7.591398291751475 48.57472240568156 40.42064605302299 62.67962511901075 48.128341718528205 57.83961375529937 6.672610893980529
20.08660181429632 79.79781367714641 84.25515555121424 50.57765923317047 0.0 41.29827709839135 45.22201117535645 26.750113253075977 77.03753846423322 69.11283394321744 71.91763638790745 36.42807579833555 40.8093614834962 29.52265298137227 26.322697057530327 38.82134040961136 37.03741151300627 77.79457722763259 35.30970374102283 46.66156298619498 40.22784444290862 48.26656274453753 34.21731585809714 41.13429099354681 68.41694083434791 38.83842323379456 22.269492511975756 38.40002974421344 10.310791891556109 67.36232089829478 74.17352827935845 33.02506861366446 51.58540664377404 26.888187907926497 26.557338152403457 52.881351713586184 42.4493053779447 69.12486533712892 102.80108427832661 58.16905356560814 23.03179604617974 40.42239843793274 49.630440910092084 24.74771419098549 27.114076185460142 44.209239755192755
23.225229047271693 39.31731972764098 45.2747825019774 9.98255969272363 41.29827709839135 0.0 10.519171553828317 44.836825125919994 35.798740630166776 33.18003279388521 31.01732832688967 8.17033178082808 0.7113065980788735 11.908086099362814 15.507439993024775 19.297360317511657 16.664730001700118 43.21163028203302 6.310059845547256 12.95168072404697 26.97190426119121 8.047088513887902 7.1802505801695 10.360170907173393 29.991320033965508 16.072483997562546 27.647651214064528 9.462591854850489 31.039633878081315 29.652078778573937 33.454020967760094 10.23858769521561 13.14684288065086 14.62926632537545 17.511992319793215 46.54590102753941 23.804533393713832 34.53620491844365 63.92330497019342 17.327893319182813 38.69449952728248 32.37036327870007 54.383816750175555 38.31671774294052 47.98960544677685 5.992832263464513
25.328395253483603 34.97056631319903 39.046766231135074 8.786547271833944 45.22201117535645 10.519171553828317 0.0 53.43887749012907 35.378346637800746 39.338417525690915 32.20592487713787 9.0929895605319 11.149392759137818 18.662737373488472 22.367841973417843 29.782666463390232 11.241665415206146 49.421355545585435 12.108435143406762 22.58380997011592 19.578161816257406 7.047466886178997 14.95056433389321 4.234986817155888 34.68467823960275 9.650327656401776 26.93251372767758 6.821997540729839 35.556281250327444 34.95813773993324 29.69813388900193 12.436103817721579 20.3946863691867 19.069743909750457 25.63757070760174 37.97866730564271 15.483876252223258 41.28513074360903 57.64986240932767 14.94388264913164 47.09510541704994 42.78095610460027 64.63860887323568 46.983497183766225 56.41368304146402 4.74202829160773
35.6665381436502 82.93794425230821 89.81604076067174 54.64567398229094 26.750113253075977 44.836825125919994 53.43887749012907 0.0 75.73977606948799 60.263224497721076 69.51336073240779 44.8123156789563 44.13723505804977 34.85956393375472 31.303654461441415 30.553293890983497 50.349151069205234 66.51415567669522 41.33074519970252 42.34044651619287 57.79982075165486 52.87330939157681 38.59131463003957 50.50276846358446 62.25240153792185 51.59146562276401 42.06106950106607 47.6616084567922 25.932996721990875 60.552498575460874 76.9411258769799 42.00856620410043 48.91355559204007 35.760322137517576 27.80342219620083 74.69847031479415 58.124017568018 59.086275226462746 108.30412146226395 61.391969208743554 6.431623621073256 22.983863538170173 23.246902655642984 6.520395694987766 3.3964492498146983 50.17940367231827
58.7276341440995 14.028035764285475 23.58456288134156 27.450158442470887 77.03753846423322 35.798740630166776 35.378346637800746 75.73977606948799 0.0 23.45297516637774 6.5243314087535085 42.043919343854526 36.253134781382386 47.519682407927554 50.86111994643849 45.22958468606057 46.602428842395064 28.831528048459546 41.98303647073451 33.415988293318236 53.42760249509303 29.78969107829256 42.82096671789066 39.38393412679898 17.175152490225514 44.92767299617701 61.887640669986425 41.19090012035097 66.74198749246199 19.2975449905211 11.580669198145365 45.15094968595877 26.95753460851147 50.40885417833982 51.723499443618316 68.03882395748191 48.83422799546806 26.521677420037673 37.33301787326989 20.434483489232576 70.48781035646775 55.95622884701646 76.63594594185638 69.54292503439008 79.12487591634525 34.11569004662431
54.809519776593035 36.83982929047335 46.42054918614587 30.877822446387338 69.11283394321744 33.18003279388521 39.338417525690915 60.263224497721076 23.45297516637774 0.0 17.756261711997283 41.328563429130135 33.184454721447906 41.68001932496082 43.78532977687226 31.1748045931264 49.198673519609954 10.11524890984639 38.90352489241757 22.809145140976756 58.79596642678905 32.29723517356886 37.96216575155682 41.8468912563491 6.8199996006382575 48.15289332287867 60.38727516501747 42.11515724243261 59.186790416139765 5.174157023257664 32.50191818087119 43.23672723627905 20.033270345799778 45.824374196372425 42.61788784846554 77.13651968572614 54.82139307294319 3.1083451250526197 60.70529600535806 28.664621400930148 56.23659808516127 37.937190506810886 56.052416847113356 54.864454850274676 63.6088551588509 35.54365670130648
54.208225898384 19.086574975445046 28.66491402195318 23.707889958513444 71.91763638790745 31.01732832688967 32.20592487713787 69.51336073240779 6.5243314087535085 17.756261711997283 0.0 37.89383939436762 31.39618875368385 42.43538360428398 45.61525585061353 38.96554595737586 43.40176861246541 24.55797703723314 37.309122325625786 27.284746652046362 51.14256094231385 25.940152536582623 37.814701461336 35.94530438629233 11.121922980325946 41.85612823647318 57.94261078264675 37.411858331407274 61.60692806519255 13.182610781616066 14.96579221297184 40.81104298051023 21.006134479214044 45.620416803469375 46.155658161311834 67.09577788539036 46.64565175112172 20.8643438001758 43.555338230851035 17.660887919953584 64.37621629273866 49.4767297059814 70.11251436866009 63.37892464403592 72.90460183448842 30.20330485755118
16.90774012696567 43.400412913804686 48.00096576468047 14.653515211308479 36.42807579833555 8.17033178082808 9.0929895605319 44.8123156789563 42.043919343854526 41.328563429130135 37.89383939436762 0.0 8.261925060545748 9.977905864347383 13.52926991745405 24.204239889209905 9.01816814456484 51.374283868113345 4.349266720943464 20.655617797997465 19.48464882683833 12.294765087391944 7.421105798975793 5.6904527846281585 37.92316778684137 8.958704688081227 20.069480762143378 2.9133646871838406 26.583697557477972 37.69155302192075 37.86287062944701 3.4090014684831083 21.29928105953279 9.979285253729298 17.17392288568147 39.29607149841075 16.97721297756574 42.70653282669852 66.64804814511245 22.12034769379772 38.41560649928129 36.46098522800406 57.61371727612649 38.43075312633432 47.69407018388017 8.003289134228853
22.905377952244553 39.93565037671019 45.94543193619807 10.644698663593642 40.8093614834962 0.7113065980788735 11.149392759137818 44.13723505804977 36.253134781382386 33.184454721447906 31.39618875368385 8.261925060545748 0.0 11.36409778349738 14.925059999846532 18.643641589850045 16.919431157115383 43.18989557810834 6.022377630573313 12.61428914928292 27.277551670115898 8.740249663550166 6.630455528523175 10.813580406841444 30.13159819260817 16.398468019311178 27.489119448786024 9.75147847612801 30.536917210610774 29.74296642254988 34.060157472047045 10.113334580883354 13.164804345571067 14.225019061035788 16.849162338335198 46.905313324128905 24.192943561715605 34.481575796503016 64.58789527671799 17.94427932667979 38.00163297121395 31.698775468351762 53.69532275839824 37.61696818461762 47.2937914274976 6.671928286485014
13.188253961318848 51.1097702082354 56.64598350785044 21.656644173094257 29.52265298137227 11.908086099362814 18.662737373488472 34.85956393375472 47.519682407927554 41.68001932496082 42.43538360428398 9.977905864347383 11.36409778349738 0.0 3.769252207315678 17.23232948947639 17.008775275017637 51.23638044164248 6.67070404077485 18.956047316486593 26.671837435838206 19.48281713955189 4.7336457687011615 15.661253052149315 39.8257419844587 17.749554624944597 19.573903508588415 12.864500537205027 19.22238433888782 39.0653906156539 45.29421895742846 7.539706343905902 22.610672874022207 4.429194896174614 7.221670999789637 46.19998305316256 25.36030416980124 42.36214301845088 75.33829872046942 29.15877939484626 28.47945003820782 27.953741809947328 48.2506795968622 28.45906288665956 37.7810626689547 15.963782363714508
12.04735535660722 54.79197860944016 60.40481317024379 25.35433762162513 26.322697057530327 15.507439993024775 22.367841973417843 31.303654461441415 50.86111994643849 43.78532977687226 45.61525585061353 13.52926991745405 14.925059999846532 3.769252207315678 0.0 16.956941881325157 19.7321630972862 53.09463262476597 10.436673627301003 20.981525638787108 28.805254644639966 23.208245143108208 8.348880023244043 19.215461270112478 42.397510867862096 20.69703208399851 19.206136242160404 16.36005175580985 16.022291653556582 41.50098348788338 48.952109862560405 10.74251809830875 25.345022631611762 5.287337343845 4.343983463916596 47.94389339137467 27.976826288886024 44.24011159716866 79.09608781196667 32.81773522237943 24.895730932753494 26.238055740536375 45.668450953013256 24.965505914438566 34.16529561733267 19.732163097286232
28.950353496912577 53.276180724411326 60.92909628968627 27.288798050611298 38.82134040961136 19.297360317511657 29.782666463390232 30.553293890983497 45.22958468606057 31.1748045931264 38.96554595737586 24.204239889209905 18.643641589850045 17.23232948947639 16.956941881325157 0.0 32.950985764063255 39.17108451116538 19.874586857391886 11.980894852784234 43.221761537611016 26.217937619509204 16.935357742125692 28.79376945542049 32.086073224114266 33.143788668157185 36.15687478884377 26.81937354265782 29.57422080651598 30.555089149780212 47.31054908367614 23.46257640309925 18.649824602527378 21.435021463075103 13.78264769596897 63.001541123870446 41.14901773249885 30.72035865513991 78.990970577251 32.744032065651986 25.644326448125874 13.175731737821497 35.40124437766261 24.512937128202854 33.94697726126165 25.276085928821413
17.108494277422043 45.29781960073165 48.18163360508358 19.76909610110497 37.03741151300627 16.664730001700118 11.241665415206146 50.349151069205234 46.602428842395064 49.198673519609954 43.40176861246541 9.01816814456484 16.919431157115383 17.008775275017637 19.7321630972862 32.950985764063255 0.0 59.309306510487744 13.16314203218312 29.508452141717573 10.466848313099666 17.69042249830569 16.015892633716316 7.558350605847984 45.144215762990896 1.896571823953256 16.528183442647517 7.217739668445 28.435521658889446 45.18159009500236 40.363576834073626 9.643519209677663 29.376422594251178 14.71330143580203 23.96147193998954 30.283019267836433 8.360415530193682 50.82403926060946 66.38252629673428 26.171813586697052 43.928080537587796 44.751158736049696 65.24378054140179 44.258498191464504 52.93401999013183 13.79414380424043
64.41762583787421 42.84682518218852 52.41580307341474 40.89844338571291 77.79457722763259 43.21163028203302 49.421355545585435 66.51415567669522 28.831528048459546 10.11524890984639 24.55797703723314 51.374283868113345 43.18989557810834 51.23638044164248 53.09463262476597 39.17108451116538 59.309306510487744 0.0 48.82325070966783 32.280376168709545 68.90266682292611 42.375523309871696 47.72402578153307 51.96201654963118 15.508304920017128 58.268140393198216 70.21776804784898 52.21390776606127 68.09897120275657 14.649025174080807 39.44819934093607 53.192053977726516 30.077720522603894 55.47448541286955 51.549007668082666 87.14199727545432 64.90504766199399 8.874258925281113 64.61892801835587 38.178067479743 63.1446605471666 43.60122422522839 58.956996536627585 61.62498038649169 69.76257578691481 45.65818117627457
16.915749746403062 44.72699138095597 50.03809258713245 15.315286971838022 35.30970374102283 6.310059845547256 12.108435143406762 41.33074519970252 41.98303647073451 38.90352489241757 37.309122325625786 4.349266720943464 6.022377630573313 6.67070404077485 10.436673627301003 19.874586857391886 13.16314203218312 48.82325070966783 0.0 17.252428247685486 23.578208545534192 13.051969261738142 3.1079559091711833 9.580376517001582 36.09539851619117 13.26928788287191 21.55408133566231 7.126189189775265 25.1395086753199 35.64114890123931 38.984619008857116 4.436712753592629 18.988317380945528 8.452982329750727 13.529241999919115 43.414863083327795 21.278431078895554 40.03545492872481 68.73137581059038 22.896101127068825 34.992760146208084 32.12629284832645 53.38684339759766 34.87625828856734 44.315276759378925 9.326202416676466
32.13861219685402 41.35924460151666 49.225089353025915 17.359837031095875 46.66156298619498 12.95168072404697 22.58380997011592 42.34044651619287 33.415988293318236 22.809145140976756 27.284746652046362 20.655617797997465 12.61428914928292 18.956047316486593 20.981525638787108 11.980894852784234 29.508452141717573 32.280376168709545 17.252428247685486 0.0 39.8910462176127 17.046992752904508 15.641497283541817 23.250150277282525 21.812075859362345 29.010364998178456 38.121940045627085 22.36490287135536 36.56916022437436 20.700776171874598 35.41510081834248 21.68481673420422 6.671111937664728 23.214781570792624 20.113204563663896 59.49747475525442 36.74709046065934 23.40617213369654 67.1180914775998 21.48596441503449 37.09533179870567 24.192444590725326 46.301609133535635 36.127543573345484 45.72048175530261 17.861332428956416
22.368207178758798 49.621258346724794 50.57586250610349 28.33103788250386 40.22784444290862 26.97190426119121 19.578161816257406 57.79982075165486 53.42760249509303 58.79596642678905 51.14256094231385 19.48464882683833 27.277551670115898 26.671837435838206 28.805254644639966 43.221761537611016 10.466848313099666 68.90266682292611 23.578208545534192 39.8910462176127 0.0 26.60094956676317 26.332122374613174 17.059109882917085 54.262835991930054 10.911072984684267 17.958352740263063 17.52620448845229 33.524792589852254 54.512497116005925 45.495177727286396 19.761050587863537 39.3040021972396 23.527869525152365 33.146944750955676 19.836708563760308 4.621081955132389 60.60844010558258 67.72507146340645 33.487830595471465 51.49811726052665 54.62476872884565 74.43238751521214 52.09534173094092 60.061403644862224 23.295301015547313
29.147327522817413 31.67690930274405 37.28286622035723 2.359559405534324 48.26656274453753 8.047088513887902 7.047466886178997 52.87330939157681 29.78969107829256 32.29723517356886 25.940152536582623 12.294765087391944 8.740249663550166 19.48281713955189 23.208245143108208 26.217937619509204 17.69042249830569 42.375523309871696 13.051969261738142 17.046992752904508 26.60094956676317 0.0 14.895157338205717 10.136298847221848 27.678590189325202 16.325518954767176 32.12494620778126 11.481773194545921 38.160906535907216 27.916395368002558 25.939868496156045 15.52002678177747 13.72860126271294 21.384712513269285 25.514070884200496 44.93525152541244 22.529764467556497 34.2787524833999 55.9542551938896 9.915239789637576 46.74125728813646 39.39177744280688 61.605987635334245 46.352913862617996 56.03389050469759 4.326054301087806
16.987008561531713 46.443279300485976 52.15318533049063 17.012533059837676 34.21731585809714 7.1802505801695 14.95056433389321 38.59131463003957 42.82096671789066 37.96216575155682 37.814701461336 7.421105798975793 6.630455528523175 4.7336457687011615 8.348880023244043 16.935357742125692 16.015892633716316 47.72402578153307 3.1079559091711833 15.641497283541817 26.332122374613174 14.895157338205717 0.0 12.662291860362062 35.67032569470888 16.25735697692925 22.511676413739675 10.232301681105016 23.929259049680574 35.03845314832554 40.60530566375888 6.657897144999787 18.416748853305894 8.019663291455034 10.83266307309976 46.151932630669734 24.23740950820784 38.87363039551068 70.8356031759228 24.470017246457513 32.30389162869743 29.040065836306606 50.28260903942039 32.10545261371931 41.63330638484069 11.653146417175176
21.166467308759803 39.20048935806318 43.124091835216404 12.254873001326938 41.13429099354681 10.360170907173393 4.234986817155888 50.50276846358446 39.38393412679898 41.8468912563491 35.94530438629233 5.6904527846281585 10.813580406841444 15.661253052149315 19.215461270112478 28.79376945542049 7.558350605847984 51.96201654963118 9.580376517001582 23.250150277282525 17.059109882917085 10.136298847221848 12.662291860362062 0.0 37.63059759002228 6.312086216590717 22.730203437153307 2.913468615018503 31.597714124886856 37.72046141390833 33.93059180003043 8.740093790333688 22.244895553207154 15.402213996533813 22.838954037134254 36.31934865912661 13.535353174250526 43.58327183913934 61.67581483865391 18.97965855991488 44.105414511278184 41.45502383843585 62.925367800509356 44.118628162948674 53.380679587524476 6.310886261249075
52.654927657600474 30.181935955292396 39.726039368087704 25.96434200250685 68.41694083434791 29.991320033965508 34.68467823960275 62.25240153792185 17.175152490225514 6.8199996006382575 11.121922980325946 37.92316778684137 30.13159819260817 39.8257419844587 42.397510867862096 32.086073224114266 45.144215762990896 15.508304920017128 36.09539851619117 21.812075859362345 54.262835991930054 27.678590189325202 35.67032569470888 37.63059759002228 0.0 43.9217227213098 57.62068688525512 38.295696567330275 58.250332133205575 2.13391979423662 25.707913006458757 40.22763254869885 17.254920530366448 43.68377888981555 41.903305083688416 71.99472962624694 50.08848142500456 9.897497304190116 54.503880086433185 22.68709484011839 57.69148711960076 40.82080189429925 60.36454474387239 56.4766425568073 65.64063582914319 31.350250909497163
18.85146569481721 43.431013724627896 46.28558412971101 18.32014127304104 38.83842323379456 16.072483997562546 9.650327656401776 51.59146562276401 44.92767299617701 48.15289332287867 41.85612823647318 8.958704688081227 16.398468019311178 17.749554624944597 20.69703208399851 33.143788668157185 1.896571823953256 58.268140393198216 13.26928788287191 29.010364998178456 10.911072984684267 16.325518954767176 16.25735697692925 6.312086216590717 43.9217227213098 0.0 18.42418778632173 6.669852241409099 30.111819591843332 44.0298673480806 38.53051348822571 10.234113046745271 28.47501407512289 15.847763232687893 24.84061111778806 30.527844962714035 8.01866627986035 49.86353042216463 64.49539767754868 24.514884761827407 45.16221061547591 45.21399647484432 65.98362651863573 45.43248807079337 54.234713280176855 12.622967813366637
7.564765904220171 61.69376234164922 64.69514496212936 34.44728756913122 22.269492511975756 27.647651214064528 26.93251372767758 42.06106950106607 61.887640669986425 60.38727516501747 57.94261078264675 20.069480762143378 27.489119448786024 19.573903508588415 19.206136242160404 36.15687478884377 16.528183442647517 70.21776804784898 21.55408133566231 38.121940045627085 17.958352740263063 32.12494620778126 22.511676413739675 22.730203437153307 57.62068688525512 18.42418778632173 0.0 20.700776171874598 16.424767677587923 57.19488337034424 56.58856310509902 17.414559384348735 40.54021640415609 15.145581034981769 22.876631986171667 32.65188935333068 20.40460409532203 61.377390498670636 82.80866698825513 41.613216441575936 36.127543573345484 44.51579273756018 61.37599551446126 37.09533179870567 43.87975521146754 27.806095450976038
18.536306231582284 41.68068797295542 45.86455776939503 13.77304046664083 38.40002974421344 9.462591854850489 6.821997540729839 47.6616084567922 41.19090012035097 42.11515724243261 37.411858331407274 2.9133646871838406 9.75147847612801 12.864500537205027 16.36005175580985 26.81937354265782 7.217739668445 52.21390776606127 7.126189189775265 22.36490287135536 17.52620448845229 11.481773194545921 10.232301681105016 2.913468615018503 38.295696567330275 6.669852241409099 20.700776171874598 0.0 28.769617246235008 38.22514648860808 36.29267046349582 5.826625415900176 22.20857883082526 12.490256063677451 20.07285105663075 37.197694045772316 14.596397093921366 43.672447067904415 64.4538996927961 20.93650911569981 41.25578268856335 39.23770692494644 60.48827104029529 41.29811367144634 50.51810393697488 7.217739668445084
11.448965696112376 69.78816125160384 74.57642157164588 40.44821547231821 10.310791891556109 31.039633878081315 35.556281250327444 25.932996721990875 66.74198749246199 59.186790416139765 61.60692806519255 26.583697557477972 30.536917210610774 19.22238433888782 16.022291653556582 29.57422080651598 28.435521658889446 68.09897120275657 25.1395086753199 36.56916022437436 33.524792589852254 38.160906535907216 23.929259049680574 31.597714124886856 58.250332133205575 30.111819591843332 16.424767677587923 28.769617246235008 0.0 57.25158030993695 64.09909164105814 23.17816038469951 41.32721226740355 16.797372337611623 16.576677101784803 49.01145905878051 34.904460255690324 59.345945079332026 93.2037334525997 48.034116727376144 20.369760433823128 33.429305246874335 46.72398571647548 21.609750747421117 27.543426963711237 34.192191711903014
52.01754189674257 32.200528133223685 41.71869095826157 26.334334023028653 67.36232089829478 29.652078778573937 34.95813773993324 60.552498575460874 19.2975449905211 5.174157023257664 13.182610781616066 37.69155302192075 29.74296642254988 39.0653906156539 41.50098348788338 30.555089149780212 45.18159009500236 14.649025174080807 35.64114890123931 20.700776171874598 54.512497116005925 27.916395368002558 35.03845314832554 37.72046141390833 2.13391979423662 44.0298673480806 57.19488337034424 38.22514648860808 57.25158030993695 0.0 27.61361438599638 39.85627742823046 16.668730785806645 43.02470285432709 40.811742865232 72.53190436444234 50.42168880745209 8.1283852472448 56.62080129150981 23.632066727557117 56.09674219993822 38.93412298305277 58.30403930958401 54.84731726533812 63.93521318421161 31.413752899062413
54.73448039813494 5.997388751792195 14.449050268960388 23.67440331561052 74.17352827935845 33.454020967760094 29.69813388900193 76.9411258769799 11.580669198145365 32.50191818087119 14.96579221297184 37.86287062944701 34.060157472047045 45.29421895742846 48.952109862560405 47.31054908367614 40.363576834073626 39.44819934093607 38.984619008857116 35.41510081834248 45.495177727286396 25.939868496156045 40.60530566375888 33.93059180003043 25.707913006458757 38.53051348822571 56.58856310509902 36.29267046349582 64.09909164105814 27.61361438599638 0.0 41.22731902406595 28.790343324736916 47.31308787914483 50.75350777554365 58.21373592996611 40.885503870471155 35.59815738042717 31.70517961002843 16.13610912421413 71.17290570578592 59.43846038493902 81.1753234200114 70.50242889670453 80.24840964930587 29.97051141261385
13.628319302241142 46.789561522523634 51.40145738243416 17.87688586723071 33.02506861366446 10.23858769521561 12.436103817721579 42.00856620410043 45.15094968595877 43.23672723627905 40.81104298051023 3.4090014684831083 10.113334580883354 7.539706343905902 10.74251809830875 23.46257640309925 9.643519209677663 53.192053977726516 4.436712753592629 21.68481673420422 19.761050587863537 15.52002678177747 6.657897144999787 8.740093790333688 40.22763254869885 10.234113046745271 17.414559384348735 5.826625415900176 23.17816038469951 39.85627742823046 41.22731902406595 0.0 23.254865135110073 6.670805997622345 14.711267243000941 39.54663185766636 17.99306548071635 44.42426773416662 70.04199181700308 25.404499835338346 35.58712467536233 35.10765425612327 55.74988737147837 35.701328931291236 44.8123156789563 11.292485821277161
35.40311581638931 34.71714987659236 42.7201780456683 13.187547397873422 51.58540664377404 13.14684288065086 20.3946863691867 48.91355559204007 26.95753460851147 20.033270345799778 21.006134479214044 21.29928105953279 13.164804345571067 22.610672874022207 25.345022631611762 18.649824602527378 29.376422594251178 30.077720522603894 18.988317380945528 6.671111937664728 39.3040021972396 13.72860126271294 18.416748853305894 22.244895553207154 17.254920530366448 28.47501407512289 40.54021640415609 22.20857883082526 41.32721226740355 16.668730785806645 28.790343324736916 23.254865135110073 0.0 26.428871872657854 25.349932635827642 58.31493402834128 35.618367041937326 21.466519476520794 60.49498938563994 15.56949843669082 43.54796389606759 30.687674513325753 52.64035781193731 42.64334786343206 52.284319795648834 16.077289136080413
8.998400824005424 52.99090405066785 57.91576674796776 23.690138648671653 26.888187907926497 14.62926632537545 19.069743909750457 35.760322137517576 50.40885417833982 45.824374196372425 45.620416803469375 9.979285253729298 14.225019061035788 4.429194896174614 5.287337343845 21.435021463075103 14.71330143580203 55.47448541286955 8.452982329750727 23.214781570792624 23.527869525152365 21.384712513269285 8.019663291455034 15.402213996533813 43.68377888981555 15.847763232687893 15.145581034981769 12.490256063677451 16.797372337611623 43.02470285432709 47.31308787914483 6.670805997622345 26.428871872657854 0.0 9.630815161760857 42.67801742286782 22.84016316791243 46.60383589894257 76.58244627608049 31.281481859217113 29.328981755302095 31.444752550049785 50.91947631692955 29.58517662394382 38.45575505804669 17.396497556683855
15.4334458193212 56.678946499609175 62.78384694982243 27.49288260652101 26.557338152403457 17.511992319793215 25.63757070760174 27.80342219620083 51.723499443618316 42.61788784846554 46.155658161311834 17.17392288568147 16.849162338335198 7.221670999789637 4.343983463916596 13.78264769596897 23.96147193998954 51.549007668082666 13.529241999919115 20.113204563663896 33.146944750955676 25.514070884200496 10.83266307309976 22.838954037134254 41.903305083688416 24.84061111778806 22.876631986171667 20.07285105663075 16.576677101784803 40.811742865232 50.75350777554365 14.711267243000941 25.349932635827642 9.630815161760857 0.0 52.26567746638784 32.24933786606603 42.77728016405814 81.4352530574161 34.71585636638852 21.48349074552575 22.010536571818605 41.35003086091707 21.348244815420053 30.812043806160645 22.48051132773998
39.28951632719867 60.87968635741487 58.80888893412795 46.25871719532355 52.881351713586184 46.54590102753941 37.97866730564271 74.69847031479415 68.03882395748191 77.13651968572614 67.09577788539036 39.29607149841075 46.905313324128905 46.19998305316256 47.94389339137467 63.001541123870446 30.283019267836433 87.14199727545432 43.414863083327795 59.49747475525442 19.836708563760308 44.93525152541244 46.151932630669734 36.31934865912661 71.99472962624694 30.527844962714035 32.65188935333068 37.197694045772316 49.01145905878051 72.53190436444234 58.21373592996611 39.54663185766636 58.31493402834128 42.67801742286782 52.26567746638784 0.0 22.78438937050514 79.20577990814067 72.96504755868142 49.82165135388766 68.68780313664702 74.08564607996287 93.10256696137351 69.5603451399467 76.52478087714601 42.262463439295445
23.481469406560162 45.06380954831135 46.26130919841468 24.12423214918553 42.4493053779447 23.804533393713832 15.483876252223258 58.124017568018 48.83422799546806 54.82139307294319 46.64565175112172 16.97721297756574 24.192943561715605 25.36030416980124 27.976826288886024 41.14901773249885 8.360415530193682 64.90504766199399 21.278431078895554 36.74709046065934 4.621081955132389 22.529764467556497 24.23740950820784 13.535353174250526 50.08848142500456 8.01866627986035 20.40460409532203 14.596397093921366 34.904460255690324 50.42168880745209 40.885503870471155 17.99306548071635 35.618367041937326 22.84016316791243 32.24933786606603 22.78438937050514 0.0 56.73911279751245 63.65462521186491 28.98476631969653 51.73635327023778 53.095229621841646 73.57200463508254 52.17464672731283 60.57582712948305 19.541251714760055
55.54382984635378 39.947102400356876 49.5288123559732 32.99794565287667 69.12486533712892 34.53620491844365 41.28513074360903 59.086275226462746 26.521677420037673 3.1083451250526197 20.8643438001758 42.70653282669852 34.481575796503016 42.36214301845088 44.24011159716866 30.72035865513991 50.82403926060946 8.874258925281113 40.03545492872481 23.40617213369654 60.60844010558258 34.2787524833999 38.87363039551068 43.58327183913934 9.897497304190116 49.86353042216463 61.377390498670636 43.672447067904415 59.345945079332026 8.1283852472448 35.59815738042717 44.42426773416662 21.466519476520794 46.60383589894257 42.77728016405814 79.20577990814067 56.73911279751245 0.0 63.73222093559585 31.26032530820162 55.319135703925035 36.47417789219709 53.84761367338569 53.88160171147451 62.40084310702149 37.31359729951753
82.7619693852722 25.802501680520837 18.693426073672516 53.943201608297144 102.80108427832661 63.92330497019342 57.64986240932767 108.30412146226395 37.33301787326989 60.70529600535806 43.555338230851035 66.64804814511245 64.58789527671799 75.33829872046942 79.09608781196667 78.990970577251 66.38252629673428 64.61892801835587 68.73137581059038 67.1180914775998 67.72507146340645 55.9542551938896 70.8356031759228 61.67581483865391 54.503880086433185 64.49539767754868 82.80866698825513 64.4538996927961 93.2037334525997 56.62080129150981 31.70517961002843 70.04199181700308 60.49498938563994 76.58244627608049 81.4352530574161 72.96504755868142 63.65462521186491 63.73222093559585 0.0 46.92212110524874 102.38064999150333 91.12170232916043 112.72825076074922 101.81889395788113 111.5671743563319 59.40629121082617
39.01887998506665 21.991371099132884 28.449377628465744 7.591398291751475 58.16905356560814 17.327893319182813 14.94388264913164 61.391969208743554 20.434483489232576 28.664621400930148 17.660887919953584 22.12034769379772 17.94427932667979 29.15877939484626 32.81773522237943 32.744032065651986 26.171813586697052 38.178067479743 22.896101127068825 21.48596441503449 33.487830595471465 9.915239789637576 24.470017246457513 18.97965855991488 22.68709484011839 24.514884761827407 41.613216441575936 20.93650911569981 48.034116727376144 23.632066727557117 16.13610912421413 25.404499835338346 15.56949843669082 31.281481859217113 34.71585636638852 49.82165135388766 28.98476631969653 31.26032530820162 46.92212110524874 0.0 55.461496058056696 45.562181771837096 67.75756349494215 54.900359301459126 64.64700591132969 14.121185122197467
29.499701272866435 77.16259546070803 83.8283727556957 48.57472240568156 23.03179604617974 38.69449952728248 47.09510541704994 6.431623621073256 70.48781035646775 56.23659808516127 64.37621629273866 38.41560649928129 38.00163297121395 28.47945003820782 24.895730932753494 25.644326448125874 43.928080537587796 63.1446605471666 34.992760146208084 37.09533179870567 51.49811726052665 46.74125728813646 32.30389162869743 44.105414511278184 57.69148711960076 45.16221061547591 36.127543573345484 41.25578268856335 20.369760433823128 56.09674219993822 71.17290570578592 35.58712467536233 43.54796389606759 29.328981755302095 21.48349074552575 68.68780313664702 51.73635327023778 55.319135703925035 102.38064999150333 55.461496058056696 0.0 20.500699331678774 26.807840687382132 1.8588758180328115 9.329446936809093 43.9280805375878
36.95300779349782 65.32010183375738 73.3959397369739 40.42064605302299 40.42239843793274 32.37036327870007 42.78095610460027 22.983863538170173 55.95622884701646 37.937190506810886 49.4767297059814 36.46098522800406 31.698775468351762 27.953741809947328 26.238055740536375 13.175731737821497 44.751158736049696 43.60122422522839 32.12629284832645 24.192444590725326 54.62476872884565 39.39177744280688 29.040065836306606 41.45502383843585 40.82080189429925 45.21399647484432 44.51579273756018 39.23770692494644 33.429305246874335 38.93412298305277 59.43846038493902 35.10765425612327 30.687674513325753 31.444752550049785 22.010536571818605 74.08564607996287 53.095229621841646 36.47417789219709 91.12170232916043 45.562181771837096 20.500699331678774 0.0 22.266620457447296 18.76671073824708 26.182210986506764 38.36277845567947
54.096724776174 86.96118158508496 95.32328385977375 62.67962511901075 49.630440910092084 54.383816750175555 64.63860887323568 23.246902655642984 76.63594594185638 56.052416847113356 70.11251436866009 57.61371727612649 53.69532275839824 48.2506795968622 45.668450953013256 35.40124437766261 65.24378054140179 58.956996536627585 53.38684339759766 46.301609133535635 74.43238751521214 61.605987635334245 50.28260903942039 62.925367800509356 60.36454474387239 65.98362651863573 61.37599551446126 60.48827104029529 46.72398571647548 58.30403930958401 81.1753234200114 55.74988737147837 52.64035781193731 50.91947631692955 41.35003086091707 93.10256696137351 73.57200463508254 53.84761367338569 112.72825076074922 67.75756349494215 26.807840687382132 22.266620457447296 0.0 25.288591482414283 24.14741135335025 60.36454474387239
30.295333067492262 76.49760596506236 83.31422470936639 48.128341718528205 24.74771419098549 38.31671774294052 46.983497183766225 6.520395694987766 69.54292503439008 54.864454850274676 63.37892464403592 38.43075312633432 37.61696818461762 28.45906288665956 24.965505914438566 24.512937128202854 44.258498191464504 61.62498038649169 34.87625828856734 36.127543573345484 52.09534173094092 46.352913862617996 32.10545261371931 44.118628162948674 56.4766425568073 45.43248807079337 37.09533179870567 41.29811367144634 21.609750747421117 54.84731726533812 70.50242889670453 35.701328931291236 42.64334786343206 29.58517662394382 21.348244815420053 69.5603451399467 52.17464672731283 53.88160171147451 101.81889395788113 54.900359301459126 1.8588758180328115 18.76671073824708 25.288591482414283 0.0 9.750933767167291 43.675291261841636
37.782162691094136 86.24417001254085 93.05281101188537 57.83961375529937 27.114076185460142 47.98960544677685 56.41368304146402 3.3964492498146983 79.12487591634525 63.6088551588509 72.90460183448842 47.69407018388017 47.2937914274976 37.7810626689547 34.16529561733267 33.94697726126165 52.93401999013183 69.76257578691481 44.315276759378925 45.72048175530261 60.061403644862224 56.03389050469759 41.63330638484069 53.380679587524476 65.64063582914319 54.234713280176855 43.87975521146754 50.51810393697488 27.543426963711237 63.93521318421161 80.24840964930587 44.8123156789563 52.284319795648834 38.45575505804669 30.812043806160645 76.52478087714601 60.57582712948305 62.40084310702149 111.5671743563319 64.64700591132969 9.329446936809093 26.182210986506764 24.14741135335025 9.750933767167291 0.0 53.255165521020274
24.897914108350825 35.6019058538341 40.713292125028936 6.672610893980529 44.209239755192755 5.992832263464513 4.74202829160773 50.17940367231827 34.11569004662431 35.54365670130648 30.20330485755118 8.003289134228853 6.671928286485014 15.963782363714508 19.732163097286232 25.276085928821413 13.79414380424043 45.65818117627457 9.326202416676466 17.861332428956416 23.295301015547313 4.326054301087806 11.653146417175176 6.310886261249075 31.350250909497163 12.622967813366637 27.806095450976038 7.217739668445084 34.192191711903014 31.413752899062413 29.97051141261385 11.292485821277161 16.077289136080413 17.396497556683855 22.48051132773998 42.262463439295445 19.541251714760055 37.31359729951753 59.40629121082617 14.121185122197467 43.9280805375878 38.36277845567947 60.36454474387239 43.675291261841636 53.255165521020274 0.0
