0.0 55.461540570805354 80.1034594791741 60.75934486329854 76.40578260727996 84.46918521253889 24.30024235357899 65.75942417500569 54.63563980546634 40.653732128232924 92.15049420730904 37.472556032157065 27.210779605974444 86.97722290936692 77.86404379692908 40.27436273077392 77.81799161957736 50.6696079702816 32.06060326224447 66.27861004197592 5.725183567156296 94.29346798912964 74.41473301942372 55.13517002207897 44.348906966345055 71.32270543714822 43.98248507073126 68.18056635156579 65.72498394319517 40.03819721788403 99.48332545921211 33.804823953512596 18.431911326417765 77.9387113650251 57.217994867950175 35.361108041733 33.069524393159426 41.40776159597155 20.30332121849324 65.77854000362315 52.69488208153353 19.62224191888041 19.701950625687005 52.784032047471456 87.05741737541477 55.179077695673094 25.505929806186327 25.51904773950998 55.19727024142533 88.52741377017477 70.09098667000909 50.01420400715056 49.84883211424296 69.73666750309864 98.1647125769188 91.5461162928624 77.05537542886262 76.74056534454411 90.74933536456788 113.91450030203346 115.96709762548157 104.68374572189089 104.22884076957212 114.73125825721324 133.63202360579658
55.461540570805354 0.0 71.40933151032347 47.89865379559779 40.40195799386492 58.97916292249841 31.52115433687085 46.57663234779429 34.04445759956735 42.794933469906894 80.53191746657484 60.17492132310461 65.52811079752496 75.70951635514893 71.29715970292725 24.51197496824799 78.73846961406235 29.05767304239795 41.676563890970044 44.969370091171285 56.133002512189314 68.38558013905285 47.85832097700586 37.98941605274205 42.56961966731068 18.239671364036308 31.054961967035965 45.56231614615344 35.61497929726868 32.25248041338023 84.66607873864027 61.875499496007414 38.66752015482355 53.527154477012125 19.926482244827362 24.913296194137196 28.70079404363621 40.106585097662986 36.85147491440862 48.15182411649283 81.54784494546254 66.46095291504552 67.66710764691577 84.47122942095649 109.93958198967319 61.335176325360784 39.440082250936506 41.759601592417255 65.78021409515479 96.46261872367674 49.75098251502363 16.747780556072588 21.92416541213908 55.45901989397903 89.80862836756671 52.81660378828398 24.33177794143817 28.094911983977735 58.150319177988194 91.47918911393172 68.59508760308884 49.9013432056079 51.67022119956107 72.41746445754185 101.06223949395117
80.1034594791741 71.40933151032347 0.0 24.192363700997408 40.124810186023026 23.729693572203473 74.39880619670261 24.965866205031315 37.780967069615805 40.76974769745968 12.050151338706879 45.84416840114693 61.29011596346658 7.01259402181906 3.1695708553898863 53.64109907217885 13.648163065527038 43.407495735458376 95.3220764224578 26.845024540188763 85.29329746657797 26.197959519560705 27.886146928474734 34.14835622642619 37.669668231549615 67.03106738579729 45.16004798940406 26.798157932212867 37.43315725848913 47.16575712677336 19.655000505016492 50.97819531680083 79.15209757973491 23.4640889805116 51.72879766586379 58.36774305119585 56.86115932355941 41.23824305824592 66.25649391880856 23.295313834876058 130.50722442994822 99.69500940770993 72.39375551446649 54.19795605838448 55.034377549448685 121.93189703322227 88.28510374607671 55.82091415695819 28.85363506113633 30.72349167140735 119.47176278969253 84.88720189662605 50.32917822863879 15.970895719457756 19.286446862459474 123.49296941659664 90.40940933459039 59.09352490852658 34.714026932248764 36.234213609078765 133.410515305512 103.43247335481497 77.41430468123237 60.68327341333607 61.37370654005387
60.75934486329854 47.89865379559779 24.192363700997408 0.0 26.099285966497746 24.32487505749839 51.22259200513624 6.839870141101529 13.869114667101064 20.153921030800195 34.94110292842663 33.745876585635706 48.3453427901803 29.691440474275563 23.60368105463571 29.588113158652792 31.031960500773103 19.296133988028537 71.9259239019861 8.822436981917471 65.37852116808183 33.71008309211116 16.845666662576843 10.035854519991473 16.41761036579428 46.46479943622544 21.22250569308819 10.595638281122131 17.85977978387625 23.716324563539132 40.960361574833286 38.66349099409808 56.65199446110083 18.21837181923242 28.86586912805754 34.55624758092593 33.47097295617657 19.452930777300725 44.22673483488 5.773190460730509 108.5954889789756 79.83824707349171 57.880164064178985 52.16208697055209 66.98100828722244 98.23060058206266 65.19295338570748 35.2963846686341 25.226804982339587 49.21170519337893 95.3248948171919 60.769033676390876 26.339503340218027 9.46136980882594 43.360347107860875 100.52744146801386 68.57434334987666 41.15761426248913 32.86780227567506 53.492711746048265 112.72082890810056 85.3156403766464 65.16376633662037 60.072116016512076 73.25152921201035
76.40578260727996 40.40195799386492 40.124810186023026 26.099285966497746 0.0 20.262604158927445 59.245280327595324 19.674441088915437 22.556323514764852 40.31523193503528 45.41113758466644 57.94998388842849 71.01038834449197 41.683231225946905 41.531318862949476 36.8131981142502 51.96157776085696 25.744103682336625 77.04085692063073 17.40732021027258 79.79483463770431 28.513134883978854 12.286736386239602 23.78203628723043 36.95438332062094 29.330847341092667 32.58369832317374 15.98773759227084 10.972759438830266 36.59313255919366 47.41802402625937 62.36773265865215 66.32268176875434 16.98476325021763 22.674475432532176 42.37816832190145 43.718521931788686 38.094384685672985 56.68752399836619 21.39441339193973 116.79180644948367 93.44995706474714 78.86825773870491 78.11689232550422 91.5370681150752 100.36082601543913 72.0947505640147 52.13270024661608 51.3107350170585 70.30343048449643 89.93803537910576 56.85450719331841 27.764466236578865 26.535674095134098 55.06599886539673 87.69323818013432 53.266810618736194 19.479622208280244 17.78796576890594 51.46087103759728 94.21294851592943 63.34374571753049 39.288818628380994 38.335663704995085 61.56675766199184
84.46918521253889 58.97916292249841 23.729693572203473 24.32487505749839 20.262604158927445 0.0 71.89602605050074 18.710375838150174 31.321062388962236 44.23648668222886 25.903550588708214 57.36968545877215 72.39604460684875 23.02947834512665 26.122908284714967 48.85941001531135 37.18327156207955 36.76700403880267 91.56455200152921 18.35362281008191 88.79834833560282 10.192924340970574 11.520232212485459 29.696989302666584 40.45784098654534 49.557667483267316 41.88341586196068 16.592815093225646 23.766891740762752 45.375707561942434 27.1807458592081 62.453993895247486 78.20299039846907 6.605896204296261 39.531025214440895 54.482962334563254 54.53818667926141 43.115046488517415 66.64695364609298 18.83076637315038 130.06857634185405 103.13833232565497 82.1702374919698 72.53365811300452 78.51793735023016 116.53738384953873 85.6231656174051 58.96190451579858 44.905466452812156 54.325967000647864 108.72026116586521 74.74390549118145 41.8097633103571 17.44448016340665 35.43179572737422 107.86721280095433 73.50911995624577 39.58153667986117 11.165016127282708 32.82482801665268 114.13454191749804 82.35383990706741 54.15202547795077 38.43896990798307 49.168003625509485
24.30024235357899 31.52115433687085 74.39880619670261 51.22259200513624 59.245280327595324 71.89602605050074 0.0 54.12629036705657 40.58701600912738 34.349348206014575 85.88217994562966 43.02855679891963 41.31569695757059 80.57589002540603 72.9564696737819 23.08919554000015 76.36468907820046 35.189628176264655 20.973153270727163 53.81687010996642 24.612030927183127 82.08754284026296 60.67066813091945 42.70135920797744 36.92607799696169 48.366060713776946 30.352005145789374 55.401599287012395 49.714611649645356 27.50627058146155 92.1757832270504 42.127254707102075 7.492809955656323 65.34452788076901 37.45057065291208 17.42322810198395 17.76091012321633 33.31566024937745 10.88841522642727 54.81218230909499 58.19065055754583 35.781461647083695 39.614477241690196 65.21605048483333 96.60120236389082 47.864037685617774 13.970659156690635 22.231653609089253 56.463859399929355 90.97770224445156 52.89302867786384 26.405207049142916 31.490339589988793 60.67035575337728 93.6215076693346 70.04457188992797 52.786846841610696 55.33049299595417 75.70520998049743 103.90330739287141 92.82539820084726 80.3909727833462 81.87547573300283 96.63958617053108 119.87308608677318
65.75942417500569 46.57663234779429 24.965866205031315 6.839870141101529 19.674441088915437 18.710375838150174 54.12629036705657 0.0 14.022166365348946 25.65227364813139 34.148325421746925 40.46424043279188 54.84500723622916 29.189862243214584 25.24722582235812 31.483417354855675 34.32488091719107 19.84232667194184 74.38365189208251 2.3462679332745844 70.11808580287894 28.621565210446718 10.048178417633686 11.426769340319394 21.876636746842077 42.65662959692623 23.788145966840872 3.79839768633631 13.02611082030078 27.00619397105271 39.1211093814931 45.315842837342906 60.08695114058021 12.222254457004864 26.78765735060903 36.8987905522129 36.475887756845175 24.41740071451659 48.179247116082784 1.8893911594703694 112.08911607881316 84.48697271428884 64.0852137603378 58.91152805843573 72.31188771744169 100.15306482469633 68.02941314834499 40.251729418070774 31.73701935969733 52.81203540383585 95.281661475433 60.701817443460165 26.18550222012038 9.027993701050598 43.26873088246172 98.52867775585345 65.6371200377185 36.10269945869156 26.33287839859445 49.7823086705603 109.17195759185103 80.6134472709391 58.9350427019002 53.31932537247386 67.87754769396425
54.63563980546634 34.04445759956735 37.780967069615805 13.869114667101064 22.556323514764852 31.321062388962236 40.58701600912738 14.022166365348946 0.0 18.09905878379243 47.854770208427034 36.72862988766844 48.781829329207014 42.750497595213595 37.40775034437809 17.634927546669697 44.74250450047609 5.825950732487481 60.5337575845428 13.329207852796504 58.46759825844489 41.50825779227692 20.27020693518137 4.018843769513056 15.125465347339153 34.324648351057384 10.795839934937709 14.82644723263217 11.584390423772781 14.621805204394471 53.10986319749786 40.70270727260562 46.91056175153597 24.758261296218606 15.509350146100227 23.195805286123107 23.273723757735794 15.670373107548704 35.7281502476548 15.143771946140257 98.74821608434742 72.55688748194925 56.32573981976568 58.95312813232926 78.56938953511423 86.15002421200597 54.37389893355696 29.766679658634953 34.79122978583068 62.68687455538864 81.72870109001965 47.12848969126875 12.548422184167121 22.106235727922844 56.69887844410314 86.74395873220813 55.30158311865015 31.414231771422475 36.197803302775135 63.47082884168429 99.78266239345749 73.94582139658998 58.08769786019697 60.62316502519117 79.81821212449857
40.653732128232924 42.794933469906894 40.76974769745968 20.153921030800195 40.31523193503528 44.23648668222886 34.349348206014575 25.65227364813139 18.09905878379243 0.0 52.625831712633484 19.182985823398823 30.724983478359896 47.33582232984379 39.0171651844913 18.5747756829295 42.04042534857085 17.79810648400369 55.287832047827436 26.586010837118295 45.4013077743225 53.83239319581096 35.10138002434761 16.604246739343044 3.779637772984588 49.16571869720309 12.267967340708573 28.57281944617327 29.45925597399511 10.578242757809896 59.535470267246694 22.736777302584375 38.49427255213624 37.85389279199805 29.77649272318562 20.876600108120986 18.055692734944024 2.8737394869906767 25.51757705000361 25.40813738833289 89.7634227994224 59.88594133857825 38.85881826466144 42.761167359718556 67.39328602349066 82.21338507675716 47.95648618610091 15.344748940152511 23.789723494959443 57.36979552956089 83.95108478918233 50.85189815138169 22.779239882382942 29.098441702043566 59.744390240254624 94.46527090538434 66.66770196472609 48.58280341461274 51.67984438067787 73.32213218319502 111.29529041216223 88.74524612952183 75.89163562643957 77.70525472976946 93.33497454852726
92.15049420730904 80.53191746657484 12.050151338706879 34.94110292842663 45.41113758466644 25.903550588708214 85.88217994562966 34.148325421746925 47.854770208427034 52.625831712633484 0.0 57.649438455595686 73.00848941714105 5.31145378407251 14.534901127831972 64.5144903562119 20.53135288915702 53.63950776602064 106.72625853025508 35.58687100945929 97.32826077142148 23.423367674200303 34.01105891365342 44.53432386266473 49.41289430442668 74.03315450764065 56.15954994291213 34.99114788038003 45.32797298003028 58.46508739510597 8.004496293096995 62.73669877610345 90.86054680509204 28.57646794773689 60.61718716827235 69.48062550702845 68.21775058390644 52.940375228910845 78.04100097583988 32.77271813260987 142.3890532733401 111.73793245355937 84.20733870546735 63.96228204364304 59.04454630277057 133.15352961328665 99.8198438839982 67.7714956764592 40.209272923891206 32.17811744195177 129.42803255950724 94.84068560007277 60.27229764650711 25.79919122238835 9.65923690148371 131.6812750541201 97.8656459480095 64.88647106023379 35.180486209981055 25.688949124385264 139.62398218590482 108.2254806673207 79.53272925481792 57.7317718017631 52.29973255349714
37.472556032157065 60.17492132310461 45.84416840114693 33.745876585635706 57.94998388842849 57.36968545877215 43.02855679891963 40.46424043279188 36.72862988766844 19.182985823398823 57.649438455595686 0.0 15.529286380365498 52.85103675731884 43.12384784795432 35.73451733407039 41.03019893337318 36.97932390781039 62.09754062848875 42.095855742079706 43.14789075836835 65.72329063182664 50.50930039908845 34.397004625043984 21.620313767356425 68.19534979014571 31.169715102156527 44.04056034671825 47.50528022623782 28.564120921120942 65.4707078527192 5.2085945468551085 44.03659157434477 51.738294987290296 48.90334343205907 35.87854391898198 32.19547276199612 22.01859440101286 32.1824540488422 39.51474316683091 90.11171113600498 56.70394480531985 26.55940219999544 24.296377306839332 53.573068528300546 88.61793284036294 54.321343907035164 21.055439458123764 18.18536229129322 51.116885825927 95.76308385746106 65.23903503256838 41.67160418161657 40.1464934935422 62.30398643976927 109.87418118588084 84.44662373374004 67.71189364870351 66.58333528548792 81.71017224856692 128.67895819371796 107.59156563298912 94.80665208673182 93.78349076323028 104.86691840235287
27.210779605974444 65.52811079752496 61.29011596346658 48.3453427901803 71.01038834449197 72.39604460684875 41.31569695757059 54.84500723622916 48.781829329207014 30.724983478359896 73.00848941714105 15.529286380365498 0.0 68.28562346199504 58.5134517439426 42.636611045419215 55.592965558227974 47.57203807101618 56.902056492921986 56.24788098977478 32.81619279882721 81.02088768821677 64.79476760500206 47.23887475859454 34.070662861179535 76.73157059166583 40.845287930339005 58.234588028926034 60.183127683617336 37.31560767217565 80.87848803253445 10.334244450892655 39.60944341234287 66.53627656204247 58.39486258877963 40.690397571917536 36.950105619962116 33.12730213493496 31.04642276005555 54.09800264160148 79.12283967068792 44.704609954118865 11.464476309492637 25.67527906898514 59.848637125703405 81.8800780982009 49.37962311581195 23.815799237003695 33.02851089970402 63.319964433624925 93.47005017872011 66.72315223578552 50.617327094878206 55.38099453029592 77.24507300043953 111.16301896380101 89.66204440569433 78.205395710024 81.16416648277482 97.23114837595128 132.5361822441888 114.89147411777827 105.96649504033927 107.94619653624552 120.2933940437596
86.97722290936692 75.70951635514893 7.01259402181906 29.691440474275563 41.683231225946905 23.02947834512665 80.57589002540603 29.189862243214584 42.750497595213595 47.33582232984379 5.31145378407251 52.85103675731884 68.28562346199504 0.0 9.837907147398326 59.2772073147497 17.904079892749365 48.51212286056394 101.42733862501761 30.742595834380797 92.12450610862933 22.6657414072476 29.896209717877927 39.36198077272358 44.10779015845909 69.84367711748665 50.89855287821503 30.283006127740286 40.768584802742424 53.16959773810425 12.644795509380671 57.979111357898574 85.55030045516064 24.70331035994804 55.82897615378383 64.20971919159831 62.919168224888395 47.63177903646961 72.73655613012765 27.74095732506758 137.09661157381353 106.54945921995291 79.40330539069369 60.42990856249695 58.253361168489306 127.8773227133549 94.5113252247062 62.50607387010907 35.72766001206407 32.26080987837227 124.41234741759334 89.81233521831412 55.2171467198971 20.651038557860016 14.1014843992613 127.173105233468 93.56512197418313 61.07951018453746 33.19370781333702 29.458090101524036 135.78022419598315 104.8660117596317 77.1510834929182 57.46735656692804 55.20418991180436
77.86404379692908 71.29715970292725 3.1695708553898863 23.60368105463571 41.531318862949476 26.122908284714967 72.9564696737819 25.24722582235812 37.40775034437809 39.0171651844913 14.534901127831972 43.12384784795432 58.5134517439426 9.837907147398326 0.0 52.69550766714282 11.062031117374067 42.899512125915 93.91673094079114 27.282091722827712 83.11929591974236 29.187205629971526 29.244731703623746 33.63817085212957 36.076412653483686 67.7291072250725 44.171033778512694 27.46510904902534 38.034105077108315 45.946139963341004 22.365727947978364 48.225003314320084 77.49585067819949 25.221124101214016 51.806105168718275 57.24414801271649 55.5607345201393 39.67514547574845 64.53464528108185 23.47598467711423 128.61833869592826 97.47722278737407 69.68320188835801 51.034263394904116 52.4218581120014 120.63774007830682 86.78072307511042 53.88106438069057 25.88995820145899 28.84885453988675 118.89251525920965 84.36056539547414 49.92828256731484 16.24239525229548 20.72802460661263 123.64707278578895 90.88050453119185 60.20602322894568 37.21687785314831 39.24612588042352 134.2121581651689 104.68290896508692 79.3656047009134 63.51430345385351 64.52917194663615
40.27436273077392 24.51197496824799 53.64109907217885 29.588113158652792 36.8131981142502 48.85941001531135 23.08919554000015 31.483417354855675 17.634927546669697 18.5747756829295 64.5144903562119 35.73451733407039 42.636611045419215 59.2772073147497 52.69550766714282 0.0 58.09705666200617 12.106704685095648 42.915761890936764 30.95581213427051 43.20044422447162 59.05202833384379 37.586491406433105 20.197070415733474 19.06638494282443 34.1617470297888 8.535679176943654 32.45240235656673 26.788947342007255 8.04428361577367 70.26272308810604 37.75620144856419 29.75952027505039 42.33769758873833 17.153734202466357 5.689714965757643 7.219008872917885 16.085176213601535 20.099627777974725 32.37440563844593 81.27581789352882 56.654426969684934 46.994688578444496 60.017402081846335 85.9679445425806 68.7792284402961 36.76640693014715 19.178176702070267 42.17444266494603 74.72892435934214 66.7031684876086 32.75793277198295 9.576243353581804 38.79664312955136 72.89380908922 75.90761429229165 48.72043215889507 37.151346587336306 52.740800508905394 81.10356937016024 93.10460212129613 72.48095743646378 65.06368212854403 74.88556309899762 96.83585944973953
77.81799161957736 78.73846961406235 13.648163065527038 31.031960500773103 51.96157776085696 37.18327156207955 76.36468907820046 34.32488091719107 44.74250450047609 42.04042534857085 20.53135288915702 41.03019893337318 55.592965558227974 17.904079892749365 11.062031117374067 58.09705666200617 0.0 49.75186459962957 97.25340626433112 36.55344678895742 83.33506834484368 39.68897797991796 39.720302556514056 40.76215624886747 39.83799965376328 76.93923528162598 49.642886935095405 37.09180355330255 47.34891217790979 50.64013871549915 28.302266998435687 45.725798706625454 80.03383725666731 36.071316972537076 59.8959222467834 61.996178445060124 59.752991953662395 43.38970248279856 66.99280157809706 32.451612269743855 129.82279684675905 97.34850680524738 67.03976299029927 43.666379702462564 41.40048866302695 124.21666096994336 89.80898759912925 55.64513977552079 22.846462391665316 18.503838606431202 124.79841121977405 90.60455898937994 56.90850513758314 25.74527112383092 21.95243026474317 131.4859079978744 99.53551665600268 70.14920336666788 48.26301870881271 46.17947382409841 143.42727111218372 114.7168484350013 90.24013896944939 74.30588269272248 72.76125261433249
50.6696079702816 29.05767304239795 43.407495735458376 19.296133988028537 25.744103682336625 36.76700403880267 35.189628176264655 19.84232667194184 5.825950732487481 17.79810648400369 53.63950776602064 36.97932390781039 47.57203807101618 48.51212286056394 42.899512125915 12.106704685095648 49.75186459962957 0.0 54.87311838476454 19.05967433113109 54.170086376028955 46.95792667162964 25.481354650070134 9.268035399542745 15.809021159074788 31.761230129006055 7.022738063037664 20.45048034199872 15.125528446987364 11.004534428898104 58.935713075426655 40.40231640207003 41.74192841156403 30.26707867794567 12.280578030495944 17.76897718559519 18.32893693720681 14.988781027637064 31.149857199609123 20.96417814681109 93.37950386743294 68.02999754978732 54.14080882874404 60.24260606493208 81.9872781645213 80.36139989179354 48.85776382987295 26.66550116389062 37.81346572825305 67.40555467128989 76.06426958052839 41.485835120616784 7.157530951729238 27.86108949468442 62.41878476205676 81.87322958473654 51.28449140205039 30.851402558139494 40.84550975616793 69.13565607233402 95.97009939164128 71.51295386239575 58.418605780891525 64.07926944124563 84.81957546401237
32.06060326224447 41.676563890970044 95.3220764224578 71.9259239019861 77.04085692063073 91.56455200152921 20.973153270727163 74.38365189208251 60.5337575845428 55.287832047827436 106.72625853025508 62.09754062848875 56.902056492921986 101.42733862501761 93.91673094079114 42.915761890936764 97.25340626433112 54.87311838476454 0.0 73.86242651622553 28.346011585037054 101.73369667399275 80.13620121883469 63.02643249703207 57.89908438279896 59.913948450438944 50.811068309206014 75.31810359608039 68.517062179602 48.26430803491139 112.87442069312557 60.24561640241025 18.06115415157202 85.11816110786211 54.41699232666717 37.51225859575015 38.508509168780456 54.28855727701833 30.592687767426067 75.20943998749406 40.164637522116145 30.61266262270696 51.53551415887432 82.27709539898163 115.23006871112605 26.989284420658038 7.776512729042362 42.27743138717268 76.87094793844285 111.47088609586287 38.1367648085196 27.925012194173135 50.000399835521485 81.33335024958167 114.56451432619056 61.57215970996189 55.63353757349169 69.23759622081884 94.27297350160987 123.9989391395006 87.96841775458802 83.703013831271 93.10566060548737 112.8089139077287 138.48377370557003
66.27861004197592 44.969370091171285 26.845024540188763 8.822436981917471 17.40732021027258 18.35362281008191 53.81687010996642 2.3462679332745844 13.329207852796504 26.586010837118295 35.58687100945929 42.095855742079706 56.24788098977478 30.742595834380797 27.282091722827712 30.95581213427051 36.55344678895742 19.05967433113109 73.86242651622553 0.0 70.50939715982454 28.454865211121163 8.569596860056823 11.344952282149155 22.840690613265515 40.5013707915672 23.60312328840628 1.9969426517386812 10.813350226210192 27.029342902653767 40.22041534900621 46.868822975448154 59.95881359752071 11.751537000990668 25.090573765479075 36.477142710857834 36.29506724394863 25.131870486423033 48.29504963324262 4.214426779895802 111.9079672462746 84.81644806377831 65.2613946775603 60.98403442354209 74.6581430285389 99.41217291341724 67.65713527728518 40.82927214009283 33.9323540687182 55.05100836042407 93.9365027945595 59.40122425539348 25.05590370199729 11.042878208944915 44.843572443363136 96.68150327468395 63.61558457424055 33.78484976043525 25.114408087613647 50.148727416984684 107.0163058029776 78.31200188544972 56.63791265156203 51.74688628159066 67.39755863912227
5.725183567156296 56.133002512189314 85.29329746657797 65.37852116808183 79.79483463770431 88.79834833560282 24.612030927183127 70.11808580287894 58.46759825844489 45.4013077743225 97.32826077142148 43.14789075836835 32.81619279882721 92.12450610862933 83.11929591974236 43.20044422447162 83.33506834484368 54.170086376028955 28.346011585037054 70.50939715982454 0.0 98.72417389339047 78.48672470914904 59.254503240972255 49.02911254348579 72.73064003414993 47.70473656316141 72.37433833631094 69.29241237376552 43.85231423824882 104.5760541601191 39.52650891416304 17.704648435379255 82.22952470465543 59.784654867535345 37.96035665493701 36.11330670846589 45.93852517720248 23.127703256415113 70.23867567441431 46.98561441981676 14.486468630173235 24.635756601531945 58.29953818232694 92.65853830144336 50.11918784356255 22.61305118450647 30.093424290341815 60.78425203130962 94.22676590083847 66.47332019304069 48.99611261574038 52.70052915503418 74.4908213313583 103.51439087605027 89.03845882850439 76.66522417409419 78.87970494014536 94.66361978877529 118.72293702074886 114.18917388583228 104.60384224551228 106.01604940451278 118.0317084031065 137.90651971009405
94.29346798912964 68.38558013905285 26.197959519560705 33.71008309211116 28.513134883978854 10.192924340970574 82.08754284026296 28.621565210446718 41.50825779227692 53.83239319581096 23.423367674200303 65.72329063182664 81.02088768821677 22.6657414072476 29.187205629971526 59.05202833384379 39.68897797991796 46.95792667162964 101.73369667399275 28.454865211121163 98.72417389339047 0.0 21.615400790994936 39.79382883034673 50.070079256508734 57.629313534499516 52.03515030897414 26.745191187705007 33.671432918567234 55.4804598373612 21.642227212021147 70.88900205979529 88.37273262882641 16.759470742948277 49.26451196369233 64.6755944659757 64.70509373707209 52.88699585795325 76.73288127310929 28.51493932303925 140.25642694694827 113.10610287233943 91.15289940025308 78.86347057731858 80.77609966258777 126.59327510572703 95.81501749411147 68.77486964961626 51.71317683089433 54.893783493815405 118.11915678059484 84.41486141832083 51.908061284645854 25.64896085939157 31.87688706545774 115.97766169359913 81.41966932905301 46.9293194006699 13.054248703392817 23.09371609468347 120.50698948588936 87.69508167723694 57.0416838225318 34.812548666595255 39.558904242419516
74.41473301942372 47.85832097700586 27.886146928474734 16.845666662576843 12.286736386239602 11.520232212485459 60.67066813091945 10.048178417633686 20.27020693518137 35.10138002434761 34.01105891365342 50.50930039908845 64.79476760500206 29.896209717877927 29.244731703623746 37.586491406433105 39.720302556514056 25.481354650070134 80.13620121883469 8.569596860056823 78.48672470914904 21.615400790994936 0.0 19.280587621974465 31.373430934711212 40.023258969638036 31.02175851301193 6.573461696718986 12.345992821715187 34.70733441472224 37.070563807586915 55.34265140570388 67.14197093192672 5.690452784629573 28.186421566191875 43.248538522105406 43.53644075297257 33.53952278395051 55.945527924220464 11.188151886119579 118.86084193764076 92.69117799065152 73.82527988592821 68.58171890370025 79.69626798427096 105.01947168714068 74.30564816959584 49.07536430087031 41.11296059049299 58.02569940887543 97.52392251136477 63.38068123311326 30.301109723050686 14.630616963255838 43.6440587070817 97.84408419758911 63.86771593636079 31.297850918710072 16.579379126077548 44.32884116675599 105.90908318566422 75.54633640487738 50.917408679494876 43.27510357743135 59.562615737235824
55.13517002207897 37.98941605274205 34.14835622642619 10.035854519991473 23.78203628723043 29.696989302666584 42.70135920797744 11.426769340319394 4.018843769513056 16.604246739343044 44.53432386266473 34.397004625043984 47.23887475859454 39.36198077272358 33.63817085212957 20.197070415733474 40.76215624886747 9.268035399542745 63.02643249703207 11.344952282149155 59.254503240972255 39.79382883034673 19.280587621974465 0.0 13.173101076317344 38.14054214581557 12.362396078757497 13.143651043416975 13.114093662493069 15.686640942040142 50.087124834793435 38.65689592266236 48.68879196676815 23.092634896183316 19.50646747853911 25.517543931819905 25.055918706543594 14.60150879373694 36.95029718670648 12.186663862655028 100.6783267265952 73.52003446025735 55.39914115292366 55.92614410154436 74.70744091294416 88.96931449572777 56.612842788934266 29.821654468281967 31.12057586011104 58.67274894320979 85.32620376721962 50.753038307540585 16.310579712120695 18.736418778010908 53.20644727554389 90.72611639449691 59.311064512661765 34.62964832459856 35.71356471748096 61.20899328402876 103.7664972579469 77.65793146341323 60.73557383869619 61.169050881573746 78.67199557562863
44.348906966345055 42.56961966731068 37.669668231549615 16.41761036579428 36.95438332062094 40.45784098654534 36.92607799696169 21.876636746842077 15.125465347339153 3.779637772984588 49.41289430442668 21.620313767356425 34.070662861179535 44.10779015845909 36.076412653483686 19.06638494282443 39.83799965376328 15.809021159074788 57.89908438279896 22.840690613265515 49.02911254348579 50.070079256508734 31.373430934711212 13.173101076317344 0.0 47.54361147304969 11.519597459998828 24.831176536345286 26.204273455829963 11.117329725276896 56.17961135879026 25.608004171677806 41.48287930310794 34.0750705254942 28.057238786470023 22.27127261162353 19.9165847462028 3.6108668977973277 28.62888525034137 21.63062061820494 93.02749887191605 63.50629286488038 42.50654240426421 44.4453179561746 67.37053997533334 84.727723445993 50.707760906527405 18.937225431733154 23.25535622385868 55.837767454361426 85.37979617031918 51.780114619792094 21.62175774887872 25.469000933108298 56.78634581629988 94.79913828786435 66.05113690312136 46.18923663142441 47.94742228883735 69.70854938086663 110.77089454335793 87.26911099783521 73.1871443037865 74.10514254187039 89.56304993489933
71.32270543714822 18.239671364036308 67.03106738579729 46.46479943622544 29.330847341092667 49.557667483267316 48.366060713776946 42.65662959692623 34.324648351057384 49.16571869720309 74.03315450764065 68.19534979014571 76.73157059166583 69.84367711748665 67.7291072250725 34.1617470297888 76.93923528162598 31.761230129006055 59.913948450438944 40.5013707915672 72.73064003414993 57.629313534499516 40.023258969638036 38.14054214581557 47.54361147304969 0.0 37.02564107601713 40.27714395221393 29.702441079956003 39.88522100860514 76.62880544428167 71.04983319862166 55.776166286990126 45.510355163627246 19.48727619758113 37.20991140306442 40.56795356711174 46.292985983033525 51.51311432728345 44.51214828559261 99.70981767686591 83.9521380610162 80.92343820224642 91.89108682646244 112.84532974684736 78.5292437989086 57.51015612773434 53.31786468387521 69.08669945589604 95.38317513376667 63.15676612730665 33.90207621606922 26.54745408092473 51.526951656058614 83.66677391832216 58.37788120622476 23.95585982691394 11.603600919513646 45.719339637478775 80.25413763666498 66.51672728060122 39.76239881303551 33.651985924507166 55.486019861756326 86.13811635560644
43.98248507073126 31.054961967035965 45.16004798940406 21.22250569308819 32.58369832317374 41.88341586196068 30.352005145789374 23.788145966840872 10.795839934937709 12.267967340708573 56.15954994291213 31.169715102156527 40.845287930339005 50.89855287821503 44.171033778512694 8.535679176943654 49.642886935095405 7.022738063037664 50.811068309206014 23.60312328840628 47.70473656316141 52.03515030897414 31.02175851301193 12.362396078757497 11.519597459998828 37.02564107601713 0.0 25.292951593601373 21.769679132050126 4.013223411336926 62.09079596823481 34.17722374229581 36.35631039869005 35.28375795006643 17.829036545942387 13.343753122044836 12.700031798191398 9.412805687592513 24.93597207605088 24.46531377040175 88.32572285575867 61.76330659664728 47.14647498581807 55.00623150315757 78.8884797874979 77.01029820742157 44.283680816035584 19.65579164302295 34.734756449372334 66.49438974838208 75.16625430292835 41.02440631229348 10.530472549971343 30.555402182038872 64.4300175725922 83.42414896400159 54.59482181470165 37.368811506359485 46.97966734709418 73.57022346508127 99.29440913091533 76.50978976091021 65.13745346605111 70.89992546061794 90.58411939990987
68.18056635156579 45.56231614615344 26.798157932212867 10.595638281122131 15.98773759227084 16.592815093225646 55.401599287012395 3.79839768633631 14.82644723263217 28.57281944617327 34.99114788038003 44.04056034671825 58.234588028926034 30.283006127740286 27.46510904902534 32.45240235656673 37.09180355330255 20.45048034199872 75.31810359608039 1.9969426517386812 72.37433833631094 26.745191187705007 6.573461696718986 13.143651043416975 24.831176536345286 40.27714395221393 25.292951593601373 0.0 10.636264091965687 28.79651700904547 39.297524559095905 48.83214477058871 61.62842230308577 9.990861878229193 25.637441053380037 38.02156445914479 37.96039081844007 27.091754829527652 50.07393020270959 5.412389327601812 113.53745843756026 86.65920188403362 67.25814937694231 62.70788331615657 75.73425373478274 100.71931240182154 69.20033574603889 42.753061645639 35.5217303844593 55.5931076284191 94.760700434375 60.28767039374424 26.162370392127603 11.36616100223061 44.37074684621162 96.93530088463638 63.621016873194314 33.07053967174787 23.119969214008247 48.685222961963056 106.74709665699372 77.63861470871447 55.275433994406335 49.77750470066143 65.53650591097878
65.72498394319517 35.61497929726868 37.43315725848913 17.85977978387625 10.972759438830266 23.766891740762752 49.714611649645356 13.02611082030078 11.584390423772781 29.45925597399511 45.32797298003028 47.50528022623782 60.183127683617336 40.768584802742424 38.034105077108315 26.788947342007255 47.34891217790979 15.125528446987364 68.517062179602 10.813350226210192 69.29241237376552 33.671432918567234 12.345992821715187 13.114093662493069 26.204273455829963 29.702441079956003 21.769679132050126 10.636264091965687 0.0 25.760160583850794 49.080155267428125 51.76007951222763 56.54118226529163 17.955930770053 15.84715261773288 32.46246941867345 33.39748860271541 27.1686017195831 46.27050996530919 14.906219234007745 107.7450454212884 83.14234224503228 67.90487514051017 68.58763588544001 84.80698237425776 92.96253639506125 63.03134534529402 41.21521062884286 42.65281288580892 65.8381126375865 85.21114154157407 51.034758438399734 18.520443148137655 21.824742369105707 54.81317600802187 86.40480461432341 52.98599673700864 23.32573302501138 25.99061702602771 56.58429912020729 96.21110280301694 67.68933954505603 47.97844336256578 49.161258342612804 70.18932661738988
40.03819721788403 32.25248041338023 47.16575712677336 23.716324563539132 36.59313255919366 45.375707561942434 27.50627058146155 27.00619397105271 14.621805204394471 10.578242757809896 58.46508739510597 28.564120921120942 37.31560767217565 53.16959773810425 45.946139963341004 8.04428361577367 50.64013871549915 11.004534428898104 48.26430803491139 27.029342902653767 43.85231423824882 55.4804598373612 34.70733441472224 15.686640942040142 11.117329725276896 39.88522100860514 4.013223411336926 28.79651700904547 25.760160583850794 0.0 64.67181113214912 31.169427145373227 33.12109832594834 38.7699271130851 21.091623231685762 11.380905569259147 9.762906964889323 8.040899236063048 21.278431078895494 27.50773168647104 85.13504860941732 57.990157980652164 43.27306648534006 52.69797039293527 77.95134266814132 74.7676627820352 41.476655724428575 15.661176546853316 34.13329518520848 66.93086835047485 74.31876075935503 40.669429789020114 13.400673009944034 33.16631957452209 66.44759341266311 83.94763091623685 56.2488299721168 40.93261317336062 50.81189408820254 76.70097881926385 100.80622939333091 79.05701385485048 68.79599367398527 74.90345655389612 94.24928972271245
99.48332545921211 84.66607873864027 19.655000505016492 40.960361574833286 47.41802402625937 27.1807458592081 92.1757832270504 39.1211093814931 53.10986319749786 59.535470267246694 8.004496293096995 65.4707078527192 80.87848803253445 12.644795509380671 22.365727947978364 70.26272308810604 28.302266998435687 58.935713075426655 112.87442069312557 40.22041534900621 104.5760541601191 21.642227212021147 37.070563807586915 50.087124834793435 56.17961135879026 76.62880544428167 62.09079596823481 39.297524559095905 49.080155267428125 64.67181113214912 0.0 70.58493649571683 97.43839524722019 31.394937733435214 64.77650678654565 75.4307810161848 74.43017336445492 59.634524372571455 84.75946850605467 37.98766626771985 149.19636387483772 119.02508322294452 92.02802230535558 71.87568683341517 65.25214819424556 139.0405380182544 106.14436194423809 74.80512323595113 48.16444625814538 37.929511418856904 134.0509090375592 99.58182713122818 65.25554958018756 31.54180690077422 11.239963946535207 134.80266441858134 100.58226711793559 66.75833374498079 34.516754368628746 17.916084449079204 141.20409326507112 108.93746149062683 78.68265442148792 53.9385273193761 44.973151824289054
33.804823953512596 61.875499496007414 50.97819531680083 38.66349099409808 62.36773265865215 62.453993895247486 42.127254707102075 45.315842837342906 40.70270727260562 22.736777302584375 62.73669877610345 5.2085945468551085 10.334244450892655 57.979111357898574 48.225003314320084 37.75620144856419 45.725798706625454 40.40231640207003 60.24561640241025 46.868822975448154 39.52650891416304 70.88900205979529 55.34265140570388 38.65689592266236 25.608004171677806 71.04983319862166 34.17722374229581 48.83214477058871 51.76007951222763 31.169427145373227 70.58493649571683 0.0 42.25807638038737 56.746306096198005 52.00625782769799 37.132873586728834 33.356497434189215 25.44877884435567 31.253261448292744 44.43660150940762 86.48875445777107 52.66667880867854 21.496601857099606 23.35121306797909 54.984587274651275 86.38133297350545 52.49171110131148 21.06835458541962 22.961319172531297 54.8217071419544 95.01999460747614 65.63569648785372 44.52090063767571 45.2879365439749 67.19155052450165 110.36942070766177 86.20721937393637 71.2511079716348 71.52982716694687 86.89690462952169 130.0745294268137 110.11866531364433 98.62822474110605 98.60832624763853 110.06519122684229
18.431911326417765 38.66752015482355 79.15209757973491 56.65199446110083 66.32268176875434 78.20299039846907 7.492809955656323 60.08695114058021 46.91056175153597 38.49427255213624 90.86054680509204 44.03659157434477 39.60944341234287 85.55030045516064 77.49585067819949 29.75952027505039 80.03383725666731 41.74192841156403 18.06115415157202 59.95881359752071 17.704648435379255 88.37273262882641 67.14197093192672 48.68879196676815 41.48287930310794 55.776166286990126 36.35631039869005 61.62842230308577 56.54118226529163 33.12109832594834 97.43839524722019 42.25807638038737 0.0 71.61398455739976 44.79011565131083 24.078927424683002 23.668196948824793 37.927063569107275 13.048615666917845 60.62848235544217 52.014097941620726 28.29092714153764 35.918344386821246 64.61206620672282 97.23246096944123 44.77089045525034 10.28477473580216 24.53517689597663 59.10184069898075 93.69596894977491 53.912123574385944 31.616168052385724 38.567913093177374 66.1076590294483 98.22320534267804 73.56404188780297 59.00628701365046 62.822000112400254 82.50002200922226 109.82118058675675 97.56917220313828 86.90290033888888 89.3263294409862 103.92776576092146 126.5601682095137
77.9387113650251 53.527154477012125 23.4640889805116 18.21837181923242 16.98476325021763 6.605896204296261 65.34452788076901 12.222254457004864 24.758261296218606 37.85389279199805 28.57646794773689 51.738294987290296 66.53627656204247 24.70331035994804 25.221124101214016 42.33769758873833 36.071316972537076 30.26707867794567 85.11816110786211 11.751537000990668 82.22952470465543 16.759470742948277 5.690452784629573 23.092634896183316 34.0750705254942 45.510355163627246 35.28375795006643 9.990861878229193 17.955930770053 38.7699271130851 31.394937733435214 56.746306096198005 71.61398455739976 0.0 33.80139074023608 47.942324523596824 47.946871953749984 36.63518893295848 60.04194130021498 12.54435418237535 123.50276429890756 96.55529487361333 76.07680443855335 68.17036312804947 76.82108874158277 110.26758480264728 79.10359216009924 52.446530317840285 40.481119161512396 54.0520646372489 103.16553009325801 68.960138784355 35.53485750890372 12.837549244117852 38.23258372701509 103.46776649946275 69.40733876793658 36.38720469828064 15.017612235683545 39.01126387871751 111.1138739905169 80.26835326340976 54.171419670584825 42.67195232162747 55.69620232520385
