0.0 28.200314494705214 36.04539886158191 28.930006428401683 10.589375305850048 16.52938590020527 25.788894001238504 50.03576940269338 11.624998086890422 19.37651132932793 41.76125309729315 47.59533356924168 5.095655939390172 22.11502042318568 27.366462065882388 36.156970923359246 44.759389890278094 2.23345682892284 29.395331729966838 54.40734826540941 27.591557921247304 30.098056942293713 39.765771577610806 10.348794985858733 31.496341310978895 10.908537166062848 28.351090173672233 60.9161183710763 25.883305791691317 51.59865186799646 37.94762245275247 24.76582273779983 4.375790823615926 65.18334213759697 31.383537323609154 26.24537488683884 33.15602559262189 23.278993265892233 6.700796609539952 14.37278460681239 40.07542209639406 32.626355887955235 20.383059291760322 29.248441429722547 45.51139822824263 10.284928870529635 28.13744444257552 36.2871802940066 66.11977253583957 51.91632967960911
28.200314494705214 0.0 20.467835343346668 12.340384031898962 19.072115943398398 44.696001658547246 53.95120372910403 71.34164512271578 19.47284191375784 8.867550039947597 30.57126789798401 72.14912343809578 31.10030626701207 27.288879644664025 45.1298084481242 62.10736080366919 31.54520927310094 26.533839422699945 8.000459685692082 37.499641068979095 55.54551050342229 4.215999649005212 37.33880429308289 36.549990581775425 14.524437250232666 19.881866898356304 55.796898268083886 84.34162008961577 11.871378171164526 34.71198061467147 60.90074772075639 5.816326275282265 25.407511825931923 53.08089677442079 44.8553724007926 13.893113701105408 59.98189035621278 38.65479437370385 33.599324746622536 40.633060620188324 26.39858763573178 33.71267519475226 44.53859207581432 8.005262294166323 69.59860794646924 27.818192147228604 27.6933571218333 61.23349707057081 92.51414726891767 76.19283183197979
36.04539886158191 20.467835343346668 0.0 8.930095620967876 31.90100408285331 51.04571543832965 58.423544142477844 85.25346252868138 24.4280006320501 23.537084965535325 50.99791607137222 83.62167164750021 40.72143079681328 20.14623237081716 60.215237841818954 72.16137119409808 11.139567939112696 33.82378230675229 12.493476672130482 18.856253118260426 62.30284811080907 24.293776518045547 19.653333687809294 46.32464197039326 6.147320008790362 33.32776704388585 57.67545827305167 96.83163771021094 31.918373588852905 15.964655878331124 73.58831125847695 25.360913525293814 31.784346069987656 32.93883933439945 61.632774992117085 10.19041104310306 68.93269880460869 54.31516717625084 42.71839066746224 50.40994233545119 5.9311105194826625 53.16623821132687 56.08034735173048 28.46086839146997 81.47645904158264 29.34964311538144 47.01610873978793 72.31714851808005 101.81497749426941 87.92704229987656
28.930006428401683 12.340384031898962 8.930095620967876 0.0 23.453678423547668 44.801360674399014 52.95658741619751 77.13038695275294 17.48755337273433 14.629607034353064 42.811001937604075 76.12747366440193 33.25228262648615 18.386442441665857 51.73127284327444 65.00680665058384 19.97655891238323 26.78221963307849 4.6572637538229 27.53754412117685 56.09245174876394 16.46484675457841 25.16154716025679 38.93943102576368 2.896677494368694 24.816033140360737 53.176492057713816 89.10919946910344 23.240496758831647 24.64312988718766 65.71690842053913 16.669694498071735 24.92411653299948 41.83526816191262 52.8745342206473 3.4119777994288536 62.085382643974945 45.69612609999979 35.438181109484304 43.09662112163155 14.687285411265655 44.26695378675044 48.36608658899021 20.27704894157768 73.85966570910286 24.08041073208525 38.113391179340645 64.86726427090393 95.04941159448397 80.37918654947705
10.589375305850048 19.072115943398398 31.90100408285331 23.453678423547668 0.0 26.293241524790417 35.915617856068955 53.74673800702583 10.680444980815162 10.388155637172078 32.24259439546957 53.47559729538129 12.227746560133586 24.32267608557429 28.319106547898492 43.10103095368902 42.11536928671364 9.84301114672311 22.384782226261358 50.757079432071336 36.75238051817906 20.214003103062268 40.87964818230553 17.511753436256413 26.319332132183376 1.538236048980774 38.902060292810766 66.07815370975786 15.294429472784824 47.864404698661524 42.59722094566384 14.736130221429516 10.077073329824273 63.67736351135058 30.057716002660595 21.73122053373622 40.90981723169005 22.473293467307005 14.758884343824656 21.567111943359635 36.964995287146955 25.8136121064151 25.680701697436106 18.843728930033297 51.03776082374155 16.199898067680518 20.305406338167845 42.399695736881284 73.5002707632546 57.61806951000614
16.52938590020527 44.696001658547246 51.04571543832965 44.801360674399014 26.293241524790417 0.0 9.799569261805743 40.346211946726015 27.333519170099585 35.84374730079076 53.605417633961466 34.775823984992755 14.220607019688948 33.623427978791646 25.79735389896168 22.50369271613565 58.42535983516687 18.391406783944387 45.72334113735802 68.54817343365592 11.29811166363118 46.393027453797444 50.23377363955331 10.421947119779189 47.16745322069738 26.074104187488423 14.713870528659308 48.530634150273166 41.0845312409411 65.86775418919959 27.913930079492875 40.96507345658672 19.987538591554014 77.20548651778118 32.250057941239426 41.838204518947514 18.468137870480152 25.729447577583194 11.744545676686737 8.811232247935427 54.26750112069527 40.99434396633802 14.036253147024144 45.10458445978966 33.348611773597575 21.90796806982478 38.471611765069376 23.9884823445969 50.896040157026775 39.13656524508076
25.788894001238504 53.95120372910403 58.423544142477844 52.95658741619751 35.915617856068955 9.799569261805743 0.0 41.05212790130685 35.755979784642 45.15763249160392 63.171995148530854 32.94203297367599 23.97662819503736 39.61146112393476 32.6381209116289 21.06025612192385 64.74496422855306 27.426282592798845 54.34139290367029 75.04642021322158 7.227780074863305 55.86655905669788 54.807274074840365 20.090544331851792 55.12103778314508 35.77699969331883 7.261568681514302 46.38516201268045 50.84088095176892 72.49370693778084 29.45843943267179 50.48806383358048 28.737606127704364 82.11897075195415 39.48445388788315 49.8148222413697 16.253004694921163 33.95948817773044 21.52631667700303 17.690068068752826 61.020316459728946 50.0515443228778 20.834327370064553 54.75767575689996 32.333304025910635 29.120155078528306 47.93580174132163 23.933340112319918 45.279831903661226 37.04805474211284
50.03576940269338 71.34164512271578 85.25346252868138 77.13038695275294 53.74673800702583 40.346211946726015 41.05212790130685 0.0 61.20626015544819 63.65710958115193 60.744664205277445 11.851827510411665 45.00770076253537 71.7097593149653 26.30675918060803 20.258864709588735 94.65650627601197 52.23407298206466 76.04355409260671 104.00006927584121 33.83355748407721 70.74345470544684 89.19526180809392 39.832743640613174 79.959904110535 52.47599149673472 48.02977971653199 14.514159811070504 61.82316826083819 101.13780623007183 12.488381209291498 65.7718415828346 54.40277919666209 115.19983761667109 28.655578659765585 75.09318095747403 25.03169473705945 32.88129384138905 43.46271850574082 36.2424255705548 89.80190167324818 45.40889712350797 29.69555542445543 67.27825310812915 10.203752707251715 59.40247043322498 48.533124955028 17.120853700094777 30.5108414679321 11.55841641747158
11.624998086890422 19.47284191375784 24.4280006320501 17.48755337273433 10.680444980815162 27.333519170099585 35.755979784642 61.20626015544819 0.0 11.887048441301815 41.32699687388465 59.19552625536251 16.33907084592505 13.644507982598565 37.165669265297005 47.77573925783467 33.45450584131849 9.414677804185676 18.591061284333296 42.900613325292284 38.615682526831016 22.50578610335458 30.42909131686031 21.902571174358048 19.950849195907143 12.167713706251583 36.72909204438247 72.44974733640156 21.983766143613536 40.069727352724534 49.31878755917855 18.088976326921642 7.45586095344347 54.399843681287635 39.90147462869281 14.659254111812533 44.68847711320601 31.975822236899617 18.29044409344999 25.982120538825022 28.620166649151425 36.424041483567144 31.756031080224908 23.27080790815591 57.070707579611465 8.39674049489879 30.756362926004527 47.88994199419079 77.64297928794794 63.505500252185854
19.37651132932793 8.867550039947597 23.537084965535325 14.629607034353064 10.388155637172078 35.84374730079076 45.15763249160392 63.65710958115193 11.887048441301815 0.0 31.194413422983242 63.81044141597553 22.25453893938624 22.87063626482039 37.745526913883516 53.48594140915495 34.44079433048119 17.790070702556246 12.48267499845804 42.114829557815575 46.6785615232284 10.947581437752302 36.52906071703346 27.751092287885697 17.502004642337866 11.382951961080764 47.246429411140475 76.280527084214 10.965575968889219 39.22659497242529 52.79350475219027 6.201940295603339 16.831685562286598 56.31319415370123 38.395038776836145 14.018866366253494 51.22782296794146 31.48769032736803 24.744910725611472 31.862738320184928 29.147810362974347 29.99377136986342 36.05056866253162 11.394379471139807 61.336384332560385 20.21222333885919 23.853251428975167 52.77138325631587 83.88118239898922 67.92467550804886
41.76125309729315 30.57126789798401 50.99791607137222 42.811001937604075 32.24259439546957 53.605417633961466 63.171995148530854 60.744664205277445 41.32699687388465 31.194413422983242 0.0 66.50956619416243 40.60687577921605 53.922663549954905 37.47113115842162 60.789192425793566 61.9888567000155 41.71439713855049 38.57059631149043 66.88969295901266 61.09247535930829 26.7254831577075 67.2298870319833 43.18407134743321 45.095295231081394 31.323871290541557 68.06161119469733 75.23402415937788 20.2960235542496 64.27153799034875 54.66376064903088 26.504001640874694 42.28350568825241 83.1734759484555 32.56570104087914 43.76345460532117 61.031628881498854 32.11315480428917 42.61348670266164 45.599560229255594 56.918951997716974 15.638943953378577 44.9088783868968 22.567531889236676 63.530044409941716 48.32175653845138 15.346709233968287 58.154832146617075 88.64187152524929 69.50338816485839
47.59533356924168 72.14912343809578 83.62167164750021 76.12747366440193 53.47559729538129 34.775823984992755 32.94203297367599 11.851827510411665 59.19552625536251 63.81044141597553 66.50956619416243 0.0 42.93207247131128 67.99511183889668 29.42012384354257 12.322022186173417 92.16025741991037 49.82536598340669 75.75437251627437 101.96596747044588 25.879876835809803 72.2440832259811 84.95621268854183 37.29821636711668 78.8310064015469 52.42908818214354 39.34896498517854 13.759218098246343 64.0131009433774 99.17377120207064 11.952918722593603 66.94664784377358 51.91185573888191 111.73926813330206 34.011334332372094 73.68896913192553 16.860393307421734 35.673559259545456 40.9068120951778 33.222645372879825 87.61522933814787 50.87113280666942 27.835219573972903 69.2986472720574 2.996613943743528 55.82980969197257 52.76447849556865 11.308400511155781 22.136306119405138 4.37662804288237
5.095655939390172 31.10030626701207 40.72143079681328 33.25228262648615 12.227746560133586 14.220607019688948 23.97662819503736 45.00770076253537 16.33907084592505 22.25453893938624 40.60687577921605 42.93207247131128 0.0 27.195558163347464 22.40550841444403 31.788367661120393 49.69758237456755 7.241693735918904 33.26747999177276 59.23722271904035 24.528545178030296 32.43945812953836 44.84715700688401 5.695773408617554 35.918897383591926 11.881429728025736 27.761475530871486 56.117541460485576 26.867447087639164 56.408616770965864 33.002041885714675 26.963876683221503 9.414201856696131 70.24631044418337 26.767385501507572 30.75713299398307 29.133921496843957 18.72382132299914 2.531871712083362 9.868764488761993 44.93906777461696 29.891062216359394 15.428334052920004 30.932471229687266 40.75538909400754 15.215358659020001 26.105472559317068 31.643800212581304 62.00951868289403 47.21952239959225
22.11502042318568 27.288879644664025 20.14623237081716 18.386442441665857 24.32267608557429 33.623427978791646 39.61146112393476 71.7097593149653 13.644507982598565 22.87063626482039 53.922663549954905 67.99511183889668 27.195558163347464 0.0 49.38951004569715 55.91382921554063 25.133530372885545 20.097914256508073 22.20058687969371 35.44499385848237 44.437826880129 31.282252338614487 17.65163444100502 31.93062989022715 19.161698257110437 25.799853116446194 37.992398139118166 81.6472837248455 33.82387903434934 32.93276882368582 59.38416067577678 28.472606017561525 17.991023204016543 43.75103589607609 52.85196068839523 15.09626350260927 52.07760525862728 44.787004502273625 28.360788566351157 35.48429930600305 21.6155528517155 50.04506385419846 42.05294862521537 33.54723735391482 66.24511775239462 12.310879351061995 44.307520287873324 56.827862796835376 84.30660684664558 72.37117962906368
27.366462065882388 45.1298084481242 60.215237841818954 51.73127284327444 28.319106547898492 25.79735389896168 32.6381209116289 26.30675918060803 37.165669265297005 37.745526913883516 37.47113115842162 29.42012384354257 22.40550841444403 49.38951004569715 0.0 23.60718845970187 70.25204076965198 29.300060674287298 50.21946776806382 79.07118678957248 27.73599443760239 44.43831301532229 66.99822098284542 19.035683948512798 54.6109954161489 26.920185252577436 39.44943587174825 39.93361809120839 35.55180444112457 76.17982186182377 17.467210205631265 39.505745743978714 31.398917173444087 91.53037222303793 6.940484942253038 50.034895397186816 24.715162302541337 6.584688763602722 21.912601085925644 17.550061413946437 65.17729745181286 21.934844895231915 11.933065545575607 40.993681206789304 26.507549514616368 37.61119079116513 23.345317534152922 20.724836807218765 51.42801279641103 32.83609793337841
36.156970923359246 62.10736080366919 72.16137119409808 65.00680665058384 43.10103095368902 22.50369271613565 21.06025612192385 20.258864709588735 47.77573925783467 53.48594140915495 60.789192425793566 12.322022186173417 31.788367661120393 55.91382921554063 23.60718845970187 0.0 80.3392084283229 38.36108907789256 65.00939638882924 90.27133370937825 13.856210865735566 62.669035817661 72.72926612493833 26.092680073394227 67.62749331243602 42.225552614791795 27.858296817906176 26.075380552688088 55.10858871511081 87.51362036088423 10.374066307128974 57.23602226638401 40.37756060247196 99.6176209555523 29.83553249618774 62.39816282673307 4.821958046421515 28.71352631752889 29.569880708385078 21.921342775283495 75.91793471472793 45.434588712536126 17.723641913912992 60.152566897118376 11.308061423940506 43.85358495337089 46.00220118623085 3.938037207046616 30.406808068548546 16.65589559261362
44.759389890278094 31.54520927310094 11.139567939112696 19.97655891238323 42.11536928671364 58.42535983516687 64.74496422855306 94.65650627601197 33.45450584131849 34.44079433048119 61.9888567000155 92.16025741991037 49.69758237456755 25.133530372885545 70.25204076965198 80.3392084283229 0.0 42.532228621667805 23.60868664953034 10.35254796642692 69.43532327186061 35.2638877893458 15.21855969601599 55.100980099267574 17.27248092648753 43.59956309555169 62.87875784625023 105.61954200563713 43.05762921755439 8.077558154975971 82.693436552103 36.50030358224587 40.38793294240068 21.876610956989822 72.11123238248453 20.592947343486273 76.75560626405341 64.58346935130795 51.44433960454946 59.036113823559795 5.297205366016255 64.24162157255986 65.11855621540303 39.510828845448856 90.19194100390247 36.557119566456 58.08715624653923 80.87291098883702 109.28291559881501 96.5143849870916
2.23345682892284 26.533839422699945 33.82378230675229 26.78221963307849 9.84301114672311 18.391406783944387 27.426282592798845 52.23407298206466 9.414677804185676 17.790070702556246 41.71439713855049 49.82536598340669 7.241693735918904 20.097914256508073 29.300060674287298 38.36108907789256 42.532228621667805 0.0 27.37719692154992 52.17390112744545 29.557083005881573 28.640107582835682 37.733245386616645 12.58132308099404 29.32212008580751 10.463824375253173 29.565103173402996 63.1495172061531 25.02492893816588 49.36550351561151 40.16842905273531 23.40549279363512 2.1725081207772274 63.0048288019916 33.07051459984195 24.056102007027068 35.31005954104636 24.960893794622276 8.934253186704671 16.602794189770723 37.842223657235934 33.35028083079741 22.599098963275043 28.063796125103476 47.74474003173614 8.610343831792742 28.575729294500682 38.517042019642666 68.2731034488359 54.14783710883932
29.395331729966838 8.000459685692082 12.493476672130482 4.6572637538229 22.384782226261358 45.72334113735802 54.34139290367029 76.04355409260671 18.591061284333296 12.48267499845804 38.57059631149043 75.75437251627437 33.26747999177276 22.20058687969371 50.21946776806382 65.00939638882924 23.60868664953034 27.37719692154992 0.0 30.130847854655336 56.93229201769365 11.983324727262556 29.800433051312584 38.94747170478851 6.5309626580274065 23.585824883269346 55.14504268249563 88.45850961568227 19.49419741228777 27.281305905758202 64.98092695612077 12.984430981851922 25.744882901928516 45.274220073176934 50.7872845266804 7.246836630911289 62.37637083523027 43.96918024719962 35.60599675438161 43.12254181285353 18.423021801971874 41.02680639859221 47.9193643497289 16.005713055545066 73.36949767576334 26.110130919122835 34.909879789341694 64.58795594744824 95.27699867131504 79.93686035841536
54.40734826540941 37.499641068979095 18.856253118260426 27.53754412117685 50.757079432071336 68.54817343365592 75.04642021322158 104.00006927584121 42.900613325292284 42.114829557815575 66.88969295901266 101.96596747044588 59.23722271904035 35.44499385848237 79.07118678957248 90.27133370937825 10.35254796642692 52.17390112744545 30.130847854655336 0.0 79.62715239482976 40.6376438679909 24.245177145870233 64.75091363580961 24.643095797840882 52.18080458907504 73.23126548044782 115.32196512151329 49.363047674604445 2.896677494367279 92.21366472333648 43.008188120926576 50.06484379887285 17.004774932589186 80.40935023112611 29.039348230588768 86.79504941128917 73.1574884147124 61.10812859008002 68.76176793743862 14.35564580871748 71.11116291591246 74.65635762614015 45.08396282599457 99.91804757365563 46.64307683690458 65.01635335035323 90.66090586166833 119.43898448273622 106.30264964153689
27.591557921247304 55.54551050342229 62.30284811080907 56.09245174876394 36.75238051817906 11.29811166363118 7.227780074863305 33.83355748407721 38.615682526831016 46.6785615232284 61.09247535930829 25.879876835809803 24.528545178030296 44.437826880129 27.73599443760239 13.856210865735566 69.43532327186061 29.557083005881573 56.93229201769365 79.62715239482976 0.0 56.96628626860827 60.461420666648 19.49892998702131 58.4655211864127 36.31341142887252 14.268152229701904 39.4545948962754 50.909024829026876 76.98009592122841 22.383858990973092 51.48622792315956 31.235636883455268 87.66559022693343 34.67641631669952 53.13631555170893 9.073266622428262 30.230291621475736 22.00132538805491 15.971454500962563 65.39923669458663 47.025575188824526 16.67881373954156 55.310244137905165 25.151795434207433 33.057954835762274 45.74626202086589 16.720823416104157 39.869130479092995 30.06215245651677
30.098056942293713 4.215999649005212 24.293776518045547 16.46484675457841 20.214003103062268 46.393027453797444 55.86655905669788 70.74345470544684 22.50578610335458 10.947581437752302 26.7254831577075 72.2440832259811 32.43945812953836 31.282252338614487 44.43831301532229 62.669035817661 35.2638877893458 28.640107582835682 11.983324727262556 40.6376438679909 56.96628626860827 0.0 41.5326183278764 37.65719319862503 18.501104356090064 20.739885933272653 58.163909989340574 84.07416959450109 9.47081171275382 37.91565838571054 60.76138756641223 5.49443197433679 27.76849430538824 56.576071556261994 43.527674976358554 18.108980467816203 60.84125511083847 37.875986951812145 34.96928456914485 41.62658550822933 30.204750726294947 31.178110885214235 44.97031818656751 4.466180452679482 69.60456604313883 30.902349612722897 25.35122282331237 61.537108166745895 93.02789573730665 76.18612375290363
39.765771577610806 37.33880429308289 19.653333687809294 25.16154716025679 40.87964818230553 50.23377363955331 54.807274074840365 89.19526180809392 30.42909131686031 36.52906071703346 67.2298870319833 84.95621268854183 44.84715700688401 17.65163444100502 66.99822098284542 72.72926612493833 15.21855969601599 37.733245386616645 29.800433051312584 24.245177145870233 60.461420666648 41.5326183278764 0.0 49.51344326133074 23.694501118853143 42.41091226606484 51.66386511320378 98.68431507779148 47.032894211436364 22.733829180327014 76.80567347141803 40.72827624380926 35.60911852592435 27.322062995043325 70.24180494247696 23.554214320776364 68.63831621482126 62.23048308347052 45.97446497579521 52.955141143447456 15.89804874088735 65.90967321567919 59.606535068853155 45.04571794983173 83.35858593155321 29.85126131518196 59.90701104203358 73.93064036796915 100.0648903135197 89.32808072602509
10.348794985858733 36.549990581775425 46.32464197039326 38.93943102576368 17.511753436256413 10.421947119779189 20.090544331851792 39.832743640613174 21.902571174358048 27.751092287885697 43.18407134743321 37.29821636711668 5.695773408617554 31.93062989022715 19.035683948512798 26.092680073394227 55.100980099267574 12.58132308099404 38.94747170478851 64.75091363580961 19.49892998702131 37.65719319862503 49.51344326133074 0.0 41.593738259692515 16.922156899265733 24.986850050042683 50.57105298809424 31.41769118034775 61.937494568056856 27.64179957869647 32.163093450260526 14.713819220107755 75.37684129203573 24.447383625946916 36.41085257623416 23.50473034241406 16.909415870670482 3.657929156728837 4.1758385314571305 50.42302611250569 30.870010931628833 10.138371230287598 35.83474929455239 35.17452297948691 19.662224470406294 28.080525538288956 25.9972591471778 56.33408171855805 41.603344903962586
31.496341310978895 14.524437250232666 6.147320008790362 2.896677494368694 26.319332132183376 47.16745322069738 55.12103778314508 79.959904110535 19.950849195907143 17.502004642337866 45.095295231081394 78.8310064015469 35.918897383591926 19.161698257110437 54.6109954161489 67.62749331243602 17.27248092648753 29.32212008580751 6.5309626580274065 24.643095797840882 58.4655211864127 18.501104356090064 23.694501118853143 41.593738259692515 0.0 27.692258915541277 55.06348499369309 91.86454604750058 25.804638663456906 21.749279650761647 68.49688256662671 19.23857488105932 27.40665954456281 39.08586338264776 55.77067585131883 5.3306181890427125 64.62909965103935 48.588369845231576 38.06127593427673 45.73837643106113 12.01557623322579 47.02265768138376 51.10550646119278 22.52796828903826 76.58918425736255 26.08248674395252 40.87392157718595 67.55661692597174 97.58885856114244 83.09571354887517
10.908537166062848 19.881866898356304 33.32776704388585 24.816033140360737 1.538236048980774 26.074104187488423 35.77699969331883 52.47599149673472 12.167713706251583 11.382951961080764 31.323871290541557 52.42908818214354 11.881429728025736 25.799853116446194 26.920185252577436 42.225552614791795 43.59956309555169 10.463824375253173 23.585824883269346 52.18080458907504 36.31341142887252 20.739885933272653 42.41091226606484 16.922156899265733 27.692258915541277 0.0 39.033278259151416 64.92865338912948 15.139527694329404 49.2865483093411 41.44092131154061 15.24552411846772 10.9745618111894 65.18588829336485 28.547617100502226 23.17341995494106 40.17057517772618 21.00734207510796 14.403289998078126 20.89358794337341 38.43633621738032 24.411937946077618 24.695447359637903 19.051498652075566 49.95441122379615 17.34553051043546 18.995989550440004 41.41238910549835 72.63235837219487 56.542106190748235
28.351090173672233 55.796898268083886 57.67545827305167 53.176492057713816 38.902060292810766 14.713870528659308 7.261568681514302 48.02977971653199 36.72909204438247 47.246429411140475 68.06161119469733 39.34896498517854 27.761475530871486 37.992398139118166 39.44943587174825 27.858296817906176 62.87875784625023 29.565103173402996 55.14504268249563 73.23126548044782 14.268152229701904 58.163909989340574 51.66386511320378 24.986850050042683 55.06348499369309 39.033278259151416 0.0 52.48489359405583 54.15653416816458 70.82275916466276 36.63543187800688 52.9698257535491 30.423122273531895 78.91456928210349 46.20358393600543 49.87864406636448 23.040293737427085 40.21461392041474 25.544583750922328 23.432204409607532 59.60715807003619 55.70717498385856 27.535515607447028 57.581650713559824 39.00082704376571 29.11790244576169 53.05712239272235 30.95232474412727 49.46799577949041 43.2950147730051
60.9161183710763 84.34162008961577 96.83163771021094 89.10919946910344 66.07815370975786 48.530634150273166 46.38516201268045 14.514159811070504 72.44974733640156 76.280527084214 75.23402415937788 13.759218098246343 56.117541460485576 81.6472837248455 39.93361809120839 26.075380552688088 105.61954200563713 63.1495172061531 88.45850961568227 115.32196512151329 39.4545948962754 84.07416959450109 98.68431507779148 50.57105298809424 91.86454604750058 64.92865338912948 52.48489359405583 0.0 75.41605117245844 112.50699447359548 23.488050519003345 78.93231565016474 65.26805373631271 125.39831867949695 42.98065798050317 86.80247022236341 30.527993039581254 46.49428027950577 54.21555584345164 46.58560096056391 100.99087069025086 59.83932086784024 40.76865171968983 80.82271239334841 15.432987399403013 69.43440192897188 62.735563283246144 24.822419163159022 18.487832566471997 9.42888737161061
25.883305791691317 11.871378171164526 31.918373588852905 23.240496758831647 15.294429472784824 41.0845312409411 50.84088095176892 61.82316826083819 21.983766143613536 10.965575968889219 20.2960235542496 64.0131009433774 26.867447087639164 33.82387903434934 35.55180444112457 55.10858871511081 43.05762921755439 25.02492893816588 19.49419741228777 49.363047674604445 50.909024829026876 9.47081171275382 47.032894211436364 31.41769118034775 25.804638663456906 15.139527694329404 54.15653416816458 75.41605117245844 0.0 46.56531809553679 52.320014388337555 6.572227711958771 24.859919574639676 64.76841428345381 34.206515563261306 23.738341169725565 53.751522541279975 28.967277419554676 29.34430138069246 35.06501629116808 37.819151411348734 21.879617583424263 37.420486453788186 5.475219502070708 61.281957584512774 29.80662879252735 15.940169968386998 53.62763693260493 85.24708495670889 67.82266261890932
51.59865186799646 34.71198061467147 15.964655878331124 24.64312988718766 47.864404698661524 65.86775418919959 72.49370693778084 101.13780623007183 40.069727352724534 39.22659497242529 64.27153799034875 99.17377120207064 56.408616770965864 32.93276882368582 76.17982186182377 87.51362036088423 8.077558154975971 49.36550351561151 27.281305905758202 2.896677494367279 76.98009592122841 37.91565838571054 22.733829180327014 61.937494568056856 21.749279650761647 49.2865483093411 70.82275916466276 112.50699447359548 46.56531809553679 0.0 89.37324512196898 40.184973296899464 47.26427413429666 19.208978912150737 77.51368695019744 26.15077534865309 84.07356652351578 70.26149994948084 58.298716773533 65.96081601702762 11.60933775835183 68.28332049045058 71.82206767410946 42.35083878164613 97.10963464725437 43.95993274038959 62.18084373485313 87.86685429873083 116.76369896555286 103.50595233368765
37.94762245275247 60.90074772075639 73.58831125847695 65.71690842053913 42.59722094566384 27.913930079492875 29.45843943267179 12.488381209291498 49.31878755917855 52.79350475219027 54.66376064903088 11.952918722593603 33.002041885714675 59.38416067577678 17.467210205631265 10.374066307128974 82.693436552103 40.16842905273531 64.98092695612077 92.21366472333648 22.383858990973092 60.76138756641223 76.80567347141803 27.64179957869647 68.49688256662671 41.44092131154061 36.63543187800688 23.488050519003345 52.320014388337555 89.37324512196898 0.0 55.551250646791736 42.323344564491784 102.98880075681546 22.308639537369 63.495325384884055 14.419684391649835 23.75622529191142 31.296073138953044 23.903289155957 77.93550357091627 39.02894436144851 17.575268731121596 57.6621877867997 9.057265167972076 47.07388516313146 40.811846557438656 6.445538987901899 34.00953667109553 15.514395918095365
24.76582273779983 5.816326275282265 25.360913525293814 16.669694498071735 14.736130221429516 40.96507345658672 50.48806383358048 65.7718415828346 18.088976326921642 6.201940295603339 26.504001640874694 66.94664784377358 26.963876683221503 28.472606017561525 39.505745743978714 57.23602226638401 36.50030358224587 23.40549279363512 12.984430981851922 43.008188120926576 51.48622792315956 5.49443197433679 40.72827624380926 32.163093450260526 19.23857488105932 15.24552411846772 52.9698257535491 78.93231565016474 6.572227711958771 40.184973296899464 55.551250646791736 0.0 22.68257873114839 58.242752314241145 39.06406106720489 17.2839355719859 55.36190856843738 32.991680497931874 29.49494428281972 36.13376870386187 31.254109981412206 28.103866338659735 39.55642663137266 5.219277354346341 64.33926834100419 26.403154015052245 22.026010871461217 56.16730335937041 87.61305450027376 70.92838994906089
4.375790823615926 25.407511825931923 31.784346069987656 24.92411653299948 10.077073329824273 19.987538591554014 28.737606127704364 54.40277919666209 7.45586095344347 16.831685562286598 42.28350568825241 51.91185573888191 9.414201856696131 17.991023204016543 31.398917173444087 40.37756060247196 40.38793294240068 2.1725081207772274 25.744882901928516 50.06484379887285 31.235636883455268 27.76849430538824 35.60911852592435 14.713819220107755 27.40665954456281 10.9745618111894 30.423122273531895 65.26805373631271 24.859919574639676 47.26427413429666 42.323344564491784 22.68257873114839 0.0 60.83239415568922 35.03228700446723 22.112369842857483 37.237845865942845 26.930244133978235 11.05877303117876 18.69714630421576 35.72450886522274 34.61680549789898 24.758381156419787 27.518296178165496 49.85559293058936 6.883292219774194 29.623430048692132 40.60399815119321 70.18888644023666 56.24172959269141
65.18334213759697 53.08089677442079 32.93883933439945 41.83526816191262 63.67736351135058 77.20548651778118 82.11897075195415 115.19983761667109 54.399843681287635 56.31319415370123 83.1734759484555 111.73926813330206 70.24631044418337 43.75103589607609 91.53037222303793 99.6176209555523 21.876610956989822 63.0048288019916 45.274220073176934 17.004774932589186 87.66559022693343 56.576071556261994 27.322062995043325 75.37684129203573 39.08586338264776 65.18588829336485 78.91456928210349 125.39831867949695 64.76841428345381 19.208978912150737 102.98880075681546 58.242752314241145 60.83239415568922 0.0 93.73346235707078 42.40875059154811 95.66818498565328 86.07087493764483 71.73885197257003 79.10209139268997 27.173527559617995 86.10010424993244 85.50786954582757 60.9395977371518 109.99374786660708 55.996596926788456 79.94766979785044 100.57846537473652 127.35695730943402 116.11577433437623
31.383537323609154 44.8553724007926 61.632774992117085 52.8745342206473 30.057716002660595 32.250057941239426 39.48445388788315 28.655578659765585 39.90147462869281 38.395038776836145 32.56570104087914 34.011334332372094 26.767385501507572 52.85196068839523 6.940484942253038 29.83553249618774 72.11123238248453 33.07051459984195 50.7872845266804 80.40935023112611 34.67641631669952 43.527674976358554 70.24180494247696 24.447383625946916 55.77067585131883 28.547617100502226 46.20358393600543 42.98065798050317 34.206515563261306 77.51368695019744 22.308639537369 39.06406106720489 35.03228700446723 93.73346235707078 0.0 51.583139198049196 31.37334163035379 8.1104644698623 26.809133458969963 23.691636560741756 66.91239582694162 16.96908089608829 18.67781788696105 39.66776177586012 31.02070642178076 41.63730986411055 19.92865861758645 26.618214787867217 56.1443638834093 36.93771459597457
26.24537488683884 13.893113701105408 10.19041104310306 3.4119777994288536 21.73122053373622 41.838204518947514 49.8148222413697 75.09318095747403 14.659254111812533 14.018866366253494 43.76345460532117 73.68896913192553 30.75713299398307 15.09626350260927 50.034895397186816 62.39816282673307 20.592947343486273 24.056102007027068 7.246836630911289 29.039348230588768 53.13631555170893 18.108980467816203 23.554214320776364 36.41085257623416 5.3306181890427125 23.17341995494106 49.87864406636448 86.80247022236341 23.738341169725565 26.15077534865309 63.495325384884055 17.2839355719859 22.112369842857483 42.40875059154811 51.583139198049196 0.0 59.34772714873077 44.17736989018139 32.84988252158296 40.53861962940864 15.345862885179521 44.00692620373426 46.034061200954525 21.492291533907036 71.48660779091944 20.825424023505064 37.86072412192914 62.39958221084624 92.30125074566212 77.97099271509599
33.15602559262189 59.98189035621278 68.93269880460869 62.085382643974945 40.90981723169005 18.468137870480152 16.253004694921163 25.03169473705945 44.68847711320601 51.22782296794146 61.031628881498854 16.860393307421734 29.133921496843957 52.07760525862728 24.715162302541337 4.821958046421515 76.75560626405341 35.31005954104636 62.37637083523027 86.79504941128917 9.073266622428262 60.84125511083847 68.63831621482126 23.50473034241406 64.62909965103935 40.17057517772618 23.040293737427085 30.527993039581254 53.751522541279975 84.07356652351578 14.419684391649835 55.36190856843738 37.237845865942845 95.66818498565328 31.37334163035379 59.34772714873077 0.0 28.989724999944006 26.770492627820424 19.366547248964668 72.46445338336366 46.01066340344986 16.553646473581875 58.606854912691816 16.083382061950587 40.199395747506905 45.932204339951056 8.16332794194349 32.964071950963486 21.105211633485034
23.278993265892233 38.65479437370385 54.31516717625084 45.69612609999979 22.473293467307005 25.729447577583194 33.95948817773044 32.88129384138905 31.975822236899617 31.48769032736803 32.11315480428917 35.673559259545456 18.72382132299914 44.787004502273625 6.584688763602722 28.71352631752889 64.58346935130795 24.960893794622276 43.96918024719962 73.1574884147124 30.230291621475736 37.875986951812145 62.23048308347052 16.909415870670482 48.588369845231576 21.00734207510796 40.21461392041474 46.49428027950577 28.967277419554676 70.26149994948084 23.75622529191142 32.991680497931874 26.930244133978235 86.07087493764483 8.1104644698623 44.17736989018139 28.989724999944006 0.0 18.93343549066111 16.927634242805524 59.43812984871318 17.059354682040055 13.55154004880282 34.40934475148873 32.812116515156134 33.52743035238007 17.35136609737386 26.284082626862876 57.519511413164345 39.230516908554165
6.700796609539952 33.599324746622536 42.71839066746224 35.438181109484304 14.758884343824656 11.744545676686737 21.52631667700303 43.46271850574082 18.29044409344999 24.744910725611472 42.61348670266164 40.9068120951778 2.531871712083362 28.360788566351157 21.912601085925644 29.569880708385078 51.44433960454946 8.934253186704671 35.60599675438161 61.10812859008002 22.00132538805491 34.96928456914485 45.97446497579521 3.657929156728837 38.06127593427673 14.403289998078126 25.544583750922328 54.21555584345164 29.34430138069246 58.298716773533 31.296073138953044 29.49494428281972 11.05877303117876 71.73885197257003 26.809133458969963 32.84988252158296 26.770492627820424 18.93343549066111 0.0 7.693931745164039 46.77554415974996 31.32537163908797 13.769049974078683 33.45464017627027 38.81098255457225 16.141003399583504 27.87851947059968 29.60016079397355 59.693614816480284 45.22235781539114
14.37278460681239 40.633060620188324 50.40994233545119 43.09662112163155 21.567111943359635 8.811232247935427 17.690068068752826 36.2424255705548 25.982120538825022 31.862738320184928 45.599560229255594 33.222645372879825 9.868764488761993 35.48429930600305 17.550061413946437 21.921342775283495 59.036113823559795 16.602794189770723 43.12254181285353 68.76176793743862 15.971454500962563 41.62658550822933 52.955141143447456 4.1758385314571305 45.73837643106113 20.89358794337341 23.432204409607532 46.58560096056391 35.06501629116808 65.96081601702762 23.903289155957 36.13376870386187 18.69714630421576 79.10209139268997 23.691636560741756 40.53861962940864 19.366547248964668 16.927634242805524 7.693931745164039 0.0 54.418848285929016 32.40066273135895 6.84230175369712 39.64695118252174 31.16415924389121 23.17341995494106 30.30405740381998 21.914414603264195 52.161864461062585 37.54643509027131
40.07542209639406 26.39858763573178 5.9311105194826625 14.687285411265655 36.964995287146955 54.26750112069527 61.020316459728946 89.80190167324818 28.620166649151425 29.147810362974347 56.918951997716974 87.61522933814787 44.93906777461696 21.6155528517155 65.17729745181286 75.91793471472793 5.297205366016255 37.842223657235934 18.423021801971874 14.35564580871748 65.39923669458663 30.204750726294947 15.89804874088735 50.42302611250569 12.01557623322579 38.43633621738032 59.60715807003619 100.99087069025086 37.819151411348734 11.60933775835183 77.93550357091627 31.254109981412206 35.72450886522274 27.173527559617995 66.91239582694162 15.345862885179521 72.46445338336366 59.43812984871318 46.77554415974996 54.418848285929016 0.0 58.948053429153674 60.366293284765284 34.38964961579328 85.58006644611861 32.36162410432297 52.79319659957728 76.31152107766061 105.16319931861504 91.95442466144935
32.626355887955235 33.71267519475226 53.16623821132687 44.26695378675044 25.8136121064151 40.99434396633802 50.0515443228778 45.40889712350797 36.424041483567144 29.99377136986342 15.638943953378577 50.87113280666942 29.891062216359394 50.04506385419846 21.934844895231915 45.434588712536126 64.24162157255986 33.35028083079741 41.02680639859221 71.11116291591246 47.025575188824526 31.178110885214235 65.90967321567919 30.870010931628833 47.02265768138376 24.411937946077618 55.70717498385856 59.83932086784024 21.879617583424263 68.28332049045058 39.02894436144851 28.103866338659735 34.61680549789898 86.10010424993244 16.96908089608829 44.00692620373426 46.01066340344986 17.059354682040055 31.32537163908797 32.40066273135895 58.948053429153674 0.0 30.4316978470339 26.79928923002021 47.892590072680946 41.406906983647076 6.155834309786324 42.65829798575479 73.00295144898347 53.893880204569385
20.383059291760322 44.53859207581432 56.08034735173048 48.36608658899021 25.680701697436106 14.036253147024144 20.834327370064553 29.69555542445543 31.756031080224908 36.05056866253162 44.9088783868968 27.835219573972903 15.428334052920004 42.05294862521537 11.933065545575607 17.723641913912992 65.11855621540303 22.599098963275043 47.9193643497289 74.65635762614015 16.67881373954156 44.97031818656751 59.606535068853155 10.138371230287598 51.10550646119278 24.695447359637903 27.535515607447028 40.76865171968983 37.420486453788186 71.82206767410946 17.575268731121596 39.55642663137266 24.758381156419787 85.50786954582757 18.67781788696105 46.034061200954525 16.553646473581875 13.55154004880282 13.769049974078683 6.84230175369712 60.366293284765284 30.4316978470339 0.0 42.431820964747736 25.49727964604726 29.763466518150864 29.644244437545783 16.720823416104068 48.05852126030507 32.03766681024757
29.248441429722547 8.005262294166323 28.46086839146997 20.27704894157768 18.843728930033297 45.10458445978966 54.75767575689996 67.27825310812915 23.27080790815591 11.394379471139807 22.567531889236676 69.2986472720574 30.932471229687266 33.54723735391482 40.993681206789304 60.152566897118376 39.510828845448856 28.063796125103476 16.005713055545066 45.08396282599457 55.310244137905165 4.466180452679482 45.04571794983173 35.83474929455239 22.52796828903826 19.051498652075566 57.581650713559824 80.82271239334841 5.475219502070708 42.35083878164613 57.6621877867997 5.219277354346341 27.518296178165496 60.9395977371518 39.66776177586012 21.492291533907036 58.606854912691816 34.40934475148873 33.45464017627027 39.64695118252174 34.38964961579328 26.79928923002021 42.431820964747736 0.0 66.59415162213041 31.544093304626234 21.058419235110954 58.79863643094762 90.39257041921489 73.1498367101277
