0.0 5.827717501413034 18.759105197400473 35.88533414965567 84.92489531539908 75.21588693886913 61.86753574973187 19.29733288510326 38.021719950315834 54.834090929115845 79.18207267931876 80.01952822881931 49.809561826943686 22.728238816966243 68.95428041073774 61.80141889471772 56.30913884371261 68.60219113093171 54.63563980546634 19.5109216894651 40.78097930497892 12.741620269794115 23.664907748079294 70.19066244357617 78.32737509882449 77.98761356965974 67.30737917554768 17.255027839938315 37.72098784691856 59.31388084685254 77.80560506663538 80.42967014719746 36.41097989337562 36.36774579349525 58.73812207337413 69.50727046079678 62.64508601839938 64.85503834139976 52.88744078603889 17.437084006705085 96.59652279488314 100.06586066601055 74.94760008234461 43.98248507073126 48.42605590766023 64.47440368802559 75.13683627802995 51.63894036693138 45.30188724403726
5.827717501413034 0.0 22.958736668475712 32.135622518366695 79.62037428696536 70.74636193632168 56.88684261409871 13.52936497115882 35.24370376448564 49.849145324864615 75.36018005405755 74.92731601186362 50.700638034977125 20.731042754218137 63.337002310280596 61.637309019688246 51.01088621072794 64.62622205041441 50.609325709030585 15.868397023141938 37.520663038683644 9.047707124887836 26.603406797882318 69.64388081115803 73.32649781929383 73.18262822810479 62.90841206218457 11.449837107408184 34.195820432999746 54.47046229266073 73.7082819163078 75.35418649442796 39.8103954874989 30.600904131337426 53.22691046769673 67.84806757575276 57.75872338632908 62.0120080243323 49.34161887431231 12.985718979859449 91.26100644930214 94.6702560352858 69.27982219690264 40.16103800260944 53.31181567494213 58.6600854117102 69.87656469896496 47.53074110959407 44.285096491958626
18.759105197400473 22.958736668475712 0.0 38.7002992185592 92.05687032594909 78.07821732015812 67.80940313618689 35.421611541287206 37.04064067916881 61.14787903484515 79.06289420899176 85.95345840640331 36.017849155330175 23.242195285849245 78.85675927897846 50.190342333795066 64.31521585105432 69.5463075197938 56.57530741644141 26.09759880978469 41.10494065249801 22.796634274031238 7.613110959327623 59.29879039086391 83.78789739110707 82.40690733420345 70.15697034329767 33.1979927635086 39.43549598826693 64.66542684850845 78.90058305027007 86.25540793802833 18.042890128881346 49.09619986697034 68.08273792132299 61.998468917197954 68.05706967207726 61.59912462915049 53.041846326135634 27.058948190033497 103.71118769214523 107.55064860685539 85.2011661542005 46.02224876449424 30.678669814776672 77.12828685991735 82.22587588436403 54.1362063737899 37.4652710294055
35.88533414965567 32.135622518366695 38.7002992185592 0.0 53.61987507765846 39.96306092978853 29.26865258016538 28.803793066654528 7.583091771740987 22.916865918167876 43.30921226777963 47.284997245728796 37.856560601490806 15.52464058911433 42.69654556338539 40.97982951260914 27.14455402906779 32.73112221732366 18.830216439590515 16.400909730485154 6.421184834256101 23.278373475129104 34.833109826396104 46.22250018509628 45.08943326692362 43.787598008974015 31.98274548183587 28.213079010199035 2.603458061327725 26.02233652640861 41.98416252037356 47.5749965816902 44.387859539239535 23.939352362975345 32.01486528277781 39.90455215390211 29.39828887812522 30.741164400464225 17.231194893033543 19.26563394320973 65.1932467811992 69.12000406011379 49.115597665049066 8.09831096966987 64.5534229738628 45.139656299653986 43.87776955464317 15.966088510961916 22.903100642443473
84.92489531539908 79.62037428696536 92.05687032594909 53.61987507765846 0.0 22.80778464300146 24.35818343511595 68.99702032782443 57.456783054698946 30.912200036251807 34.26134194364829 8.04118657543255 84.01781826147923 68.84088822943897 19.862403196086127 78.1728667370458 28.617893592816067 32.86286092739606 38.730326221289076 67.01938321073933 53.010181170875406 72.75810429322054 88.4459869179648 76.99668483660646 10.95264674175427 15.27731362671098 27.143133582170602 70.11436842958165 53.42003692548069 27.711904368333958 29.306973244701826 8.205860100834629 97.16890020762622 50.97270590070659 27.084846999853646 63.782547966488565 24.442459156228374 48.815065144288766 44.258286382038385 67.81440126773367 11.713283364096572 15.503910583841247 17.925186310550227 47.35718659202399 117.70503530646157 32.772884940466014 9.865289967207167 39.94583780555706 67.80656576972989
75.21588693886913 70.74636193632168 78.07821732015812 39.96306092978853 22.80778464300146 0.0 16.835890463176334 63.16122138064156 41.21829177839164 22.68317644084108 12.657826757684187 14.86931398433781 63.71674969830736 55.32167966842596 30.217660108155645 56.22459022062318 25.513840969498265 10.68772011052426 21.50360195297398 55.83958942255099 37.00123199610525 62.477161586640705 73.13761644195631 54.398156156772956 12.041843680203089 7.533784671250357 7.980421850391345 63.590398737785655 38.78627694669001 17.50684242475612 7.5398037665946385 14.621619642932917 79.8088446152609 47.79595481588761 28.781812044378224 41.067589119835326 15.06506727861344 26.43622517574794 25.656873378618428 57.862621523629926 31.352449424193633 35.61364631791695 33.201891943487006 32.154785660185425 100.45350049207951 42.9746162179547 18.262256142297666 24.049030273547153 48.236953633686014
61.86753574973187 56.88684261409871 67.80940313618689 29.26865258016538 24.35818343511595 16.835890463176334 0.0 47.810869604693366 33.31021236176808 7.038598579678447 27.50090742735146 18.283306438673513 61.37742541680084 44.56963098408427 18.529005526355483 57.90163365673843 8.700201482048135 18.634192760031706 16.08868265901271 43.245603033414035 28.886677185344652 49.35662607997403 64.08875485374654 58.775254790074385 16.460036043511 16.6335477069051 11.978594779254948 48.52062821395145 29.083142006692114 3.5565329903943677 23.17761755635962 18.6478048503157 72.97748701723822 31.389125493539474 12.806899331548285 46.8715597768291 1.9955847066850845 31.519147121826773 21.913969531953686 44.48099865808795 35.931250028612574 39.85344142110236 23.928903107226617 23.17631078175235 93.44521175857851 28.684641351760014 14.704812242684675 16.37190323347036 44.92122910832512
19.29733288510326 13.52936497115882 35.421611541287206 28.803793066654528 68.99702032782443 63.16122138064156 47.810869604693366 0.0 34.42929245407985 40.949226122239985 69.69735717946305 65.14306230317098 57.13960143479223 24.192943561715605 51.51298007668872 65.5583339604913 40.80546221086263 58.7370293887103 45.032831912413684 16.75072412802029 35.126393233356595 13.997838374608236 37.49469157962383 72.50514294589372 63.89155206702985 64.43613028522094 55.71986346052488 2.223874090399331 31.33423956984066 45.9660246027119 67.24514826420656 65.62590916751329 50.80095394628281 18.327324501128217 42.02533140260119 68.16340985003113 49.011715835525344 59.46725659154277 45.30987770056568 12.80770320715024 80.44058449521653 83.60208087507765 57.1648973679772 35.83696882764822 66.0884630378382 45.64223227871003 59.517895179673445 41.83212227455494 47.08084368643843
38.021719950315834 35.24370376448564 37.04064067916881 7.583091771740987 57.456783054698946 41.21829177839164 33.31021236176808 34.42929245407985 0.0 27.76907345988037 42.2976931634902 50.53844249471376 30.624963285754035 15.531920108693644 48.513017102257045 33.451398101097325 32.81523406707562 32.51539864831172 19.789112066432786 19.559558498556807 4.4480543735852365 26.201995105014678 31.926397976849092 39.00234075920181 48.08968363603043 46.10180528275858 33.397213501545984 33.48513458421923 5.574371395082595 29.824769119737066 41.87974170734955 50.74915971368126 39.71220995921651 31.4714632855481 38.11498538696616 33.740167002395715 33.021612109122245 26.845520444755536 16.015892633716376 23.212352333621524 68.76639478193346 72.83598517040586 54.85892756645098 10.13391738287455 60.271089028974835 52.08625971318696 47.99282161056822 17.748523533150955 15.328635378221477
54.834090929115845 49.849145324864615 61.14787903484515 22.916865918167876 30.912200036251807 22.68317644084108 7.038598579678447 40.949226122239985 27.76907345988037 0.0 31.77476940051837 25.24637280371135 57.081820221605724 37.94707580307075 21.216826048804066 55.190354453572766 6.222038060333618 21.596110058319827 13.782668172093492 36.29960002386388 23.473117736595754 42.344086634653074 57.70930343352575 57.13564886196869 23.494383321415757 23.524809442758166 16.193604073348784 41.59222823270852 23.067891856825355 5.176670404208656 28.076056459171536 25.6324240242181 67.11002980239229 25.119963020353122 12.078768689645713 46.19611222175189 8.063280081332397 31.446399297868748 19.163235376072254 37.458112539922055 42.58730445408142 46.40277611854888 27.37584078553716 17.793602819251866 87.42092887911875 28.316890685920885 21.07946659222997 12.68816517087962 40.65511196741731
79.18207267931876 75.36018005405755 79.06289420899176 43.30921226777963 34.26134194364829 12.657826757684187 27.50090742735146 69.69735717946305 42.2976931634902 31.77476940051837 0.0 26.754692096946503 59.00559790891759 57.597633878889276 42.74491295320253 49.050033822000145 36.026513690531885 10.962824409332761 24.847497526788285 59.7098897562262 38.73372703201891 66.58153144259288 73.22833835639443 45.52793152833481 24.14577253281934 19.42968082875667 15.704425956915632 69.7626038230344 41.494984008430464 26.90928528738243 5.156264298759296 26.384921453141008 77.89422324069305 56.28619839093898 40.18216331046614 32.0087969135394 25.524296542554374 19.952838976715455 26.45390305568352 62.392722409436246 40.85249677260822 44.954521174077094 45.85935251759775 35.225629969103586 98.21304982830544 55.18083060618933 30.87177537294047 28.011760982397984 45.17584540802205
80.01952822881931 74.92731601186362 85.95345840640331 47.284997245728796 8.04118657543255 14.86931398433781 18.283306438673513 65.14306230317098 50.53844249471376 25.24637280371135 26.754692096946503 0.0 76.31760923831548 62.71630707407054 20.43397840768556 70.17966391372036 24.34617955451933 24.821739299538418 31.34089971986429 61.52525722539235 46.09686135811086 67.58252538007709 81.96358929297263 68.95652324952336 2.9118117698182036 7.402437076276978 19.21530038106464 66.05540250844994 46.8386966058766 21.290551246255504 21.683796510405767 0.6188976594972188 90.18146469807613 47.67510792231572 24.43235815087594 55.756068880141626 17.89640904907537 40.77473542695936 36.70599269391547 62.68426235409577 18.300268985866495 22.46951994294406 21.025056817397875 40.54811934284925 110.79104845317494 34.06229523183299 6.8455955543556035 32.83952496574009 60.21707779609984
49.809561826943686 50.700638034977125 36.017849155330175 37.856560601490806 84.01781826147923 63.71674969830736 61.37742541680084 57.13960143479223 30.624963285754035 57.081820221605724 59.00559790891759 76.31760923831548 0.0 33.02182665913878 78.27312975106189 15.292771894317145 62.70647939585747 53.139312616834935 45.540943318377764 40.55106405177862 34.23311241825093 43.953160665602155 28.462503966796184 24.527536944298287 73.53117729598138 70.33741826040752 57.24889911797177 55.365492291885275 36.182095202486266 57.83371538904335 61.094461186373266 76.36627132144066 23.704128817709694 60.585920542113676 68.27793694081161 31.688272792606526 60.54220116201399 39.05279905908189 39.833169492405595 44.36416254104409 94.42147414980295 98.6658383233819 84.45416600411843 39.5508212603444 41.25333091020002 82.69465846842668 75.40887355288298 45.027432801190784 16.469014258363913
22.728238816966243 20.731042754218137 23.242195285849245 15.52464058911433 68.84088822943897 55.32167966842596 44.56963098408427 24.192943561715605 15.531920108693644 37.94707580307075 57.597633878889276 62.71630707407054 33.02182665913878 0.0 56.37160122520406 41.7884857704258 41.39047627095849 47.45670759727144 33.92695443129797 7.530989067525159 18.871827745378173 12.121928437725982 20.164069996683633 49.32695797398659 60.57237699643695 59.310565000582635 47.35009642368872 22.53041394269111 16.543014485532748 41.42649003426155 56.817582142440436 63.02242794516562 31.525551528955358 29.96072829679607 45.541537210284105 47.12817297094353 44.820243673319304 42.22757276109676 31.149857199609198 11.385335291463996 80.4816351920892 84.3407753123579 62.78322871454949 23.172207316712868 50.64514426217839 56.317578245378456 59.024999347445664 31.273577256078653 23.786482408921547
68.95428041073774 63.337002310280596 78.85675927897846 42.69654556338539 19.862403196086127 30.217660108155645 18.529005526355483 51.51298007668872 48.513017102257045 21.216826048804066 42.74491295320253 20.43397840768556 78.27312975106189 56.37160122520406 0.0 76.05757359341756 15.697813980753946 36.05319500524644 34.15326592479411 52.850331707123814 44.38131391697324 57.63614554083768 76.53290948611172 77.26740368303584 21.34702781874642 25.181378010481513 29.012260526749436 52.92402002996564 43.407558198558654 21.618961676758044 37.72293848025326 21.052448868151288 87.00498190054157 33.18571414055041 10.830347613677162 65.38380257658241 20.161727776886902 49.99080429170392 39.88601982076782 52.742603505699265 30.019325682913458 32.62466286977015 6.431541940308709 38.81639313625177 106.88060895006555 13.630310261132296 13.689857957628591 33.70744325461701 61.86436860526622
61.80141889471772 61.637309019688246 50.190342333795066 40.97982951260914 78.1728667370458 56.22459022062318 57.90163365673843 65.5583339604913 33.451398101097325 55.190354453572766 49.050033822000145 70.17966391372036 15.292771894317145 41.7884857704258 76.05757359341756 0.0 61.3081225590986 45.592627678447116 41.9197502492627 48.9022504776805 35.53972274884759 53.755500598246236 42.58020078125769 9.274302151132018 67.28220254974013 63.45745087885374 51.05918496031328 64.1028138719391 38.668111396076384 54.552766868843 52.110144333164655 70.11009800427573 38.996856158459344 64.91460361639072 67.15567964570279 18.291825892758336 56.64110991643368 29.881481370131013 36.17296340406108 52.920709190213564 87.57059656821635 91.83463383614784 81.79513361699621 39.55399895704297 55.875314085805044 82.8489092407589 70.60772049090119 42.5029246374292 18.632042024477407
56.30913884371261 51.01088621072794 64.31521585105432 27.14455402906779 28.617893592816067 25.513840969498265 8.700201482048135 40.80546221086263 32.81523406707562 6.222038060333618 36.026513690531885 24.34617955451933 62.70647939585747 41.39047627095849 15.697813980753946 61.3081225590986 0.0 26.551386377807187 20.00054518059414 38.71720796431362 28.697430569750114 44.21971846329468 61.46272983446816 63.35487199092023 23.245857230448955 24.501333478365133 20.35033284737006 41.76116767229257 27.740957325068994 9.402988629205149 31.833257646008036 24.8388158933269 71.52806433764773 23.481857831846646 5.8680072775355825 52.376415153577284 10.589475350203726 37.51216648592746 25.364742464327193 39.269194502203426 40.28968599809798 43.819037051636954 22.05920685186881 23.17631078175235 91.58886049857287 22.115595589176323 18.87476712431318 18.839684280137313 46.36020231222635
68.60219113093171 64.62622205041441 69.5463075197938 32.73112221732366 32.86286092739606 10.68772011052426 18.634192760031706 58.7370293887103 32.51539864831172 21.596110058319827 10.962824409332761 24.821739299538418 53.139312616834935 47.45670759727144 36.05319500524644 45.592627678447116 26.551386377807187 0.0 14.018342403113914 49.0946493308429 28.633816117434698 55.93486599917308 64.1272171539658 44.143743198383476 21.91022868422652 17.880144048259858 7.042707643207655 58.81700352142458 31.083761433968956 17.156999311877065 9.373717210779759 24.68934593727043 69.97747032619245 45.54322950207679 31.389940313088356 31.041615608192906 16.664642805820847 15.957081070091581 16.504465763579375 51.64266807816566 41.985370868332524 46.25150394698023 40.329004971838465 24.635435694273486 90.55600253601867 47.2698781547403 26.556566527166478 17.136525238096368 37.91737986207782
54.63563980546634 50.609325709030585 56.57530741644141 18.830216439590515 38.730326221289076 21.50360195297398 16.08868265901271 45.032831912413684 19.789112066432786 13.782668172093492 24.847497526788285 31.34089971986429 45.540943318377764 33.92695443129797 34.15326592479411 41.9197502492627 20.00054518059414 14.018342403113914 0.0 35.1249511606674 15.509350146100227 41.94432154110965 51.708215863163325 43.40502279772575 28.726740015940155 26.39530103096409 13.617643475460822 44.99806017905022 17.393618808584183 12.65692220392983 23.171975995884484 31.48231175301181 59.01794721844774 33.33262278652327 25.837630840168572 32.475224430733554 15.053849081749817 18.153852199743667 5.825950732487481 37.62503825200006 49.63950539933816 53.80528526718069 39.89034959659791 10.795839934937709 79.67165719304383 42.09589907511408 29.8748771193042 3.200867786580492 29.17030075989448
19.5109216894651 15.868397023141938 26.09759880978469 16.400909730485154 67.01938321073933 55.83958942255099 43.245603033414035 16.75072412802029 19.559558498556807 36.29960002386388 59.7098897562262 61.52525722539235 40.55106405177862 7.530989067525159 52.850331707123814 48.9022504776805 38.71720796431362 49.0946493308429 35.1249511606674 0.0 21.6531886817883 6.89092245094623 25.0227353086297 56.1089445934122 59.637259166078096 58.956349523188294 47.89830530708173 15.203645119964666 18.356782758529903 40.441935331760675 58.29564655350661 61.89333918463058 37.488943079166326 23.771127657079454 42.13222063951975 52.84373164627384 43.82543642235082 46.195497949846086 33.52912805382807 4.023392584084152 78.73185040701462 82.41226428309513 59.161552079188034 24.48925321408782 55.51430691304769 51.24816726520326 57.15538684219029 32.13789282957945 30.56546558175
40.78097930497892 37.520663038683644 41.10494065249801 6.421184834256101 53.010181170875406 37.00123199610525 28.886677185344652 35.126393233356595 4.4480543735852365 23.473117736595754 38.73372703201891 46.09686135811086 34.23311241825093 18.871827745378173 44.38131391697324 35.53972274884759 28.697430569750114 28.633816117434698 15.509350146100227 21.6531886817883 0.0 28.505329193585894 36.22422399240474 40.22829215307804 43.658698252542365 41.728335114692214 29.125462222905917 34.4453915601412 3.8240667535357518 25.391543232689152 38.00605792351227 46.31078221546705 44.158767386454294 29.753088625044626 34.12752787100988 33.49782254623597 28.577317429173288 24.670873504065582 12.280578030495944 24.943455725076813 64.3197051126905 68.38801022711021 50.69008983284636 5.724759973164827 64.71868621485581 48.547431425894 43.55951544871541 13.337463413110514 18.282012758601137
12.741620269794115 9.047707124887836 22.796634274031238 23.278373475129104 72.75810429322054 62.477161586640705 49.35662607997403 13.997838374608236 26.201995105014678 42.344086634653074 66.58153144259288 67.58252538007709 43.953160665602155 12.121928437725982 57.63614554083768 53.755500598246236 44.21971846329468 55.93486599917308 41.94432154110965 6.89092245094623 28.505329193585894 0.0 23.747584877809864 61.429795752802335 65.80766433541336 65.33953349176541 54.565911337219454 11.921801652258841 25.246191340777933 46.70713061513806 65.10474235824447 67.97523135551745 36.962912446306234 26.437047955689966 47.12155313144853 59.02743258754697 50.06072881737882 52.96508014927206 40.419956087708755 4.951196821218744 84.46255701918665 88.03775173503688 63.81728936191961 31.356156797803887 53.274635478689696 54.66308143494051 62.92043277610721 38.92446937736772 35.90499356214449
23.664907748079294 26.603406797882318 7.613110959327623 34.833109826396104 88.4459869179648 73.13761644195631 64.08875485374654 37.49469157962383 31.926397976849092 57.70930343352575 73.22833835639443 81.96358929297263 28.462503966796184 20.164069996683633 76.53290948611172 42.58020078125769 61.46272983446816 64.1272171539658 51.708215863163325 25.0227353086297 36.22422399240474 23.747584877809864 0.0 51.70023014474425 79.65333347706202 77.92689133054232 65.32184071837858 35.31186746562542 35.12508140063374 60.790921774252624 73.41061346386053 82.22309493665385 13.339414083924662 48.77415297984813 65.70257465919217 54.714772800571964 64.13784756020007 55.154950130857394 47.69510154305286 27.06037944163318 99.9904088301651 103.94171789308562 82.9464112645752 41.51575746568795 30.592757474987152 76.11237293979237 78.71049438544968 49.51741413829245 30.396965847091764
70.19066244357617 69.64388081115803 59.29879039086391 46.22250018509628 76.99668483660646 54.398156156772956 58.775254790074385 72.50514294589372 39.00234075920181 57.13564886196869 45.52793152833481 68.95652324952336 24.527536944298287 49.32695797398659 77.26740368303584 9.274302151132018 63.35487199092023 44.143743198383476 43.40502279772575 56.1089445934122 40.22829215307804 61.429795752802335 51.70023014474425 0.0 66.0465743559543 61.86975231585687 50.36193434494869 71.20438461229152 43.73183087844346 55.66478803195229 49.27543816076332 68.80645396128227 48.22149612075288 69.98122991006386 69.21389175210872 13.529460231048693 57.283661550857296 28.235547311428917 38.027485490956444 60.125586898732664 85.55773077550809 89.7811958252308 82.62941801097845 43.308224714212656 64.60561642663473 85.35049620808597 70.28087671175011 44.635662628480446 25.566192895517396
78.32737509882449 73.32649781929383 83.78789739110707 45.08943326692362 10.95264674175427 12.041843680203089 16.460036043511 63.89155206702985 48.08968363603043 23.494383321415757 24.14577253281934 2.9118117698182036 73.53117729598138 60.57237699643695 21.34702781874642 67.28220254974013 23.245857230448955 21.91022868422652 28.726740015940155 59.637259166078096 43.658698252542365 65.80766433541336 79.65333347706202 66.0465743559543 0.0 4.7169046213792 16.36005175580843 64.72169772650543 44.540145076722816 19.228000159626486 19.03124609264029 2.845226392315494 87.66829998742632 46.71502004870224 24.017042023715426 52.854791861790524 15.828834267053548 37.86293099771493 34.005519084653834 60.93868178206145 20.958108216699646 25.169695510530904 22.711221634615395 38.168995813583265 108.29778303873127 34.92665644047547 7.730755992726047 30.352417891438158 57.48019930515984
77.98761356965974 73.18262822810479 82.40690733420345 43.787598008974015 15.27731362671098 7.533784671250357 16.6335477069051 64.43613028522094 46.10180528275858 23.524809442758166 19.42968082875667 7.402437076276978 70.33741826040752 59.310565000582635 25.181378010481513 63.45745087885374 24.501333478365133 17.880144048259858 26.39530103096409 58.956349523188294 41.728335114692214 65.33953349176541 77.92689133054232 61.86975231585687 4.7169046213792 0.0 13.174731820786974 65.11413834747707 42.982080204127755 18.714629401891372 14.321323669206615 7.11162903482072 85.38029230288178 47.85860882981524 26.293846285399603 48.57658674667757 15.4806925890258 33.800676785156334 31.30023585230069 60.55087004615948 24.192317159526752 28.458965192840058 27.122676848927778 36.44795321308116 106.04076134972478 38.58020915865616 11.970590411014568 28.40972378861154 54.51947396504591
67.30737917554768 62.90841206218457 70.15697034329767 31.98274548183587 27.143133582170602 7.980421850391345 11.978594779254948 55.71986346052488 33.397213501545984 16.193604073348784 15.704425956915632 19.21530038106464 57.24889911797177 47.35009642368872 29.012260526749436 51.05918496031328 20.35033284737006 7.042707643207655 13.617643475460822 47.89830530708173 29.125462222905917 54.565911337219454 65.32184071837858 50.36193434494869 16.36005175580843 13.174731820786974 0.0 56.04793177561049 30.82070220072234 11.220530109389536 11.904229539766012 19.205278148123927 72.3445348980582 41.100346178181006 24.780985118163308 37.54886110443393 9.98301255324225 22.165241973099906 18.174748916496764 49.99012675158328 37.17394487257335 41.422427950379515 33.33411081812326 24.19058974791702 93.00618911128818 40.405145741524926 19.937062553122498 16.076753926047505 41.352127176368455
17.255027839938315 11.449837107408184 33.1979927635086 28.213079010199035 70.11436842958165 63.590398737785655 48.52062821395145 2.223874090399331 33.48513458421923 41.59222823270852 69.7626038230344 66.05540250844994 55.365492291885275 22.53041394269111 52.92402002996564 64.1028138719391 41.76116767229257 58.81700352142458 44.99806017905022 15.203645119964666 34.4453915601412 11.921801652258841 35.31186746562542 71.20438461229152 64.72169772650543 65.11413834747707 56.04793177561049 0.0 30.693018541046357 46.54053598218614 67.45856650339739 66.52607805817523 48.62728527594787 19.78324481895879 43.24487848317247 67.21633640423998 49.651065418664565 58.94887698021871 44.98871488329462 11.19545043765873 81.61766422921589 84.84312459690824 58.66706146685006 35.50358298151867 63.86578695541345 47.43736022971974 60.55728644984435 41.80318446374384 45.70932855049091
37.72098784691856 34.195820432999746 39.43549598826693 2.603458061327725 53.42003692548069 38.78627694669001 29.083142006692114 31.33423956984066 5.574371395082595 23.067891856825355 41.494984008430464 46.8386966058766 36.182095202486266 16.543014485532748 43.407558198558654 38.668111396076384 27.740957325068994 31.083761433968956 17.393618808584183 18.356782758529903 3.8240667535357518 25.246191340777933 35.12508140063374 43.73183087844346 44.540145076722816 42.982080204127755 30.82070220072234 30.693018541046357 0.0 25.71437490776945 40.40659863560298 47.09859807330827 44.04303795475769 26.31971052037701 32.86822219605107 37.301175375606654 29.03585584418461 28.309653280198294 15.179539333530482 21.447891779618548 64.90296862117387 68.89142203325257 49.79534565271239 6.631573026320329 64.40338388077532 46.56211033384054 43.77533368122071 14.746865683024113 20.823699453286007
59.31388084685254 54.47046229266073 64.66542684850845 26.02233652640861 27.711904368333958 17.50684242475612 3.5565329903943677 45.9660246027119 29.824769119737066 5.176670404208656 26.90928528738243 21.290551246255504 57.83371538904335 41.42649003426155 21.618961676758044 54.552766868843 9.402988629205149 17.156999311877065 12.65692220392983 40.441935331760675 25.391543232689152 46.70713061513806 60.790921774252624 55.66478803195229 19.228000159626486 18.714629401891372 11.220530109389536 46.54053598218614 25.71437490776945 0.0 23.024512243228827 21.60467605785233 69.51736661777012 30.295323580633095 14.56771381938075 44.01224347574878 3.4022201732801576 28.799035403167856 18.46911139048626 41.88372523276278 39.200241671716235 43.17705651586805 27.242838406878555 19.69524274475491 90.01470090795287 30.86047576241009 18.168251055705973 12.818673591658875 41.374174365033824
77.80560506663538 73.7082819163078 78.90058305027007 41.98416252037356 29.306973244701826 7.5398037665946385 23.17761755635962 67.24514826420656 41.87974170734955 28.076056459171536 5.156264298759296 21.683796510405767 61.094461186373266 56.817582142440436 37.72293848025326 52.110144333164655 31.833257646008036 9.373717210779759 23.171975995884484 58.29564655350661 38.00605792351227 65.10474235824447 73.41061346386053 49.27543816076332 19.03124609264029 14.321323669206615 11.904229539766012 67.45856650339739 40.40659863560298 23.024512243228827 0.0 21.334843988879182 78.90949652448232 52.99438151772174 35.65948160960327 35.76244808801443 21.24676229752402 22.365896494213526 25.864375549240744 60.724920070443076 36.46400611076106 40.63663248740432 40.72527688311799 33.905457953663756 99.40966874526096 50.32975132894216 25.71772534861702 26.187547434534096 46.49577474594959
80.42967014719746 75.35418649442796 86.25540793802833 47.5749965816902 8.205860100834629 14.621619642932917 18.6478048503157 65.62590916751329 50.74915971368126 25.6324240242181 26.384921453141008 0.6188976594972188 76.36627132144066 63.02242794516562 21.052448868151288 70.11009800427573 24.8388158933269 24.68934593727043 31.48231175301181 61.89333918463058 46.31078221546705 67.97523135551745 82.22309493665385 68.80645396128227 2.845226392315494 7.11162903482072 19.205278148123927 66.52607805817523 47.09859807330827 21.60467605785233 21.334843988879182 0.0 90.37039594432309 48.194235745421004 24.999562906435138 55.57803388712632 18.205419841673844 40.64632534282751 36.80598063631998 63.08236453264728 18.164383004018102 22.359117909259314 21.607899313613526 40.781286652861205 110.98829634754833 34.6805343808756 7.461480321047247 33.03306544279101 60.29784134430271
36.41097989337562 39.8103954874989 18.042890128881346 44.387859539239535 97.16890020762622 79.8088446152609 72.97748701723822 50.80095394628281 39.71220995921651 67.11002980239229 77.89422324069305 90.18146469807613 23.704128817709694 31.525551528955358 87.00498190054157 38.996856158459344 71.52806433764773 69.97747032619245 59.01794721844774 37.488943079166326 44.158767386454294 36.962912446306234 13.339414083924662 48.22149612075288 87.66829998742632 85.38029230288178 72.3445348980582 48.62728527594787 44.04303795475769 69.51736661777012 78.90949652448232 90.37039594432309 0.0 61.189836884877096 76.23626267867722 54.448765918720035 72.73275275354888 58.52778108900364 54.19375512624994 39.955498655040564 108.445459799072 112.53407444514973 93.43489720490568 49.825256664873976 20.662344665913395 87.812664719729 87.677613414043 57.34206010462808 32.796841541673714
36.36774579349525 30.600904131337426 49.09619986697034 23.939352362975345 50.97270590070659 47.79595481588761 31.389125493539474 18.327324501128217 31.4714632855481 25.119963020353122 56.28619839093898 47.67510792231572 60.585920542113676 29.96072829679607 33.18571414055041 64.91460361639072 23.481857831846646 45.54322950207679 33.33262278652327 23.771127657079454 29.753088625044626 26.437047955689966 48.77415297984813 69.98122991006386 46.71502004870224 47.85860882981524 41.100346178181006 19.78324481895879 26.31971052037701 30.295323580633095 52.99438151772174 48.194235745421004 61.189836884877096 0.0 23.894654242762293 62.46137211360593 32.90155099654433 50.55286236139043 35.74739646544819 22.050504540438006 62.29137359389916 65.36492840068186 38.88384578362167 27.444810943324207 79.15838915719185 28.2983930424068 41.70928601226505 30.353654886744046 46.66917057133896
58.73812207337413 53.22691046769673 68.08273792132299 32.01486528277781 27.084846999853646 28.781812044378224 12.806899331548285 42.02533140260119 38.11498538696616 12.078768689645713 40.18216331046614 24.43235815087594 68.27793694081161 45.541537210284105 10.830347613677162 67.15567964570279 5.8680072775355825 31.389940313088356 25.837630840168572 42.13222063951975 34.12752787100988 47.12155313144853 65.70257465919217 69.21389175210872 24.017042023715426 26.293846285399603 24.780985118163308 43.24487848317247 32.86822219605107 14.56771381938075 35.65948160960327 24.999562906435138 76.23626267867722 23.894654242762293 0.0 58.14409154293383 14.801319376815352 43.1652346218158 31.23215352020768 42.19595798151993 38.4220024528319 41.5982788936052 17.250060645076232 28.730516868817848 96.06054181809446 16.37452975501949 18.04457009022842 24.704622810390703 52.00054578560701
69.50727046079678 67.84806757575276 61.998468917197954 39.90455215390211 63.782547966488565 41.067589119835326 46.8715597768291 68.16340985003113 33.740167002395715 46.19611222175189 32.0087969135394 55.756068880141626 31.688272792606526 47.12817297094353 65.38380257658241 18.291825892758336 52.376415153577284 31.041615608192906 32.475224430733554 52.84373164627384 33.49782254623597 59.02743258754697 54.714772800571964 13.529460231048693 52.854791861790524 48.57658674667757 37.54886110443393 67.21633640423998 37.301175375606654 44.01224347574878 35.76244808801443 55.57803388712632 54.448765918720035 62.46137211360593 58.14409154293383 0.0 45.230027565122974 15.467041933789266 27.78990294882793 56.69801771562081 72.10539893948396 76.31766887847348 70.43015991428473 35.02257688874635 72.93683805084403 74.4899300848164 57.46992800697021 34.317736382375784 24.726639739805982
62.64508601839938 57.75872338632908 68.05706967207726 29.39828887812522 24.442459156228374 15.06506727861344 1.9955847066850845 49.011715835525344 33.021612109122245 8.063280081332397 25.524296542554374 17.89640904907537 60.54220116201399 44.820243673319304 20.161727776886902 56.64110991643368 10.589475350203726 16.664642805820847 15.053849081749817 43.82543642235082 28.577317429173288 50.06072881737882 64.13784756020007 57.283661550857296 15.828834267053548 15.4806925890258 9.98301255324225 49.651065418664565 29.03585584418461 3.4022201732801576 21.24676229752402 18.205419841673844 72.73275275354888 32.90155099654433 14.801319376815352 45.230027565122974 0.0 29.829236852982778 20.861998984054015 45.22282518118408 35.86744844266687 39.87290399689797 25.347459336531163 22.91488997414175 93.26261873837845 30.624023868106725 15.052903845746396 15.698255171562357 44.118737702991325
64.85503834139976 62.0120080243323 61.59912462915049 30.741164400464225 48.815065144288766 26.43622517574794 31.519147121826773 59.46725659154277 26.845520444755536 31.446399297868748 19.952838976715455 40.77473542695936 39.05279905908189 42.22757276109676 49.99080429170392 29.881481370131013 37.51216648592746 15.957081070091581 18.153852199743667 46.195497949846086 24.670873504065582 52.96508014927206 55.154950130857394 28.235547311428917 37.86293099771493 33.800676785156334 22.165241973099906 58.94887698021871 28.309653280198294 28.799035403167856 22.365896494213526 40.64632534282751 58.52778108900364 50.55286236139043 43.1652346218158 15.467041933789266 29.829236852982778 0.0 14.816807319255432 49.59902399754045 57.779459101440125 62.03586313525358 54.97022700221026 23.86442696126538 78.60825483191162 59.53917649792778 42.10211242928091 20.60013953707 25.743659850656922
52.88744078603889 49.34161887431231 53.041846326135634 17.231194893033543 44.258286382038385 25.656873378618428 21.913969531953686 45.30987770056568 16.015892633716376 19.163235376072254 26.45390305568352 36.70599269391547 39.833169492405595 31.149857199609198 39.88601982076782 36.17296340406108 25.364742464327193 16.504465763579375 5.825950732487481 33.52912805382807 12.280578030495944 40.419956087708755 47.69510154305286 38.027485490956444 34.005519084653834 31.30023585230069 18.174748916496764 44.98871488329462 15.179539333530482 18.46911139048626 25.864375549240744 36.80598063631998 54.19375512624994 35.74739646544819 31.23215352020768 27.78990294882793 20.861998984054015 14.816807319255432 0.0 36.49680037756968 54.9632500653652 59.16493638074589 45.68274854485993 9.485203971571238 74.85172968798592 47.32337268401988 35.58708232853564 6.6265450706217734 23.548378646841968
17.437084006705085 12.985718979859449 27.058948190033497 19.26563394320973 67.81440126773367 57.862621523629926 44.48099865808795 12.80770320715024 23.212352333621524 37.458112539922055 62.392722409436246 62.68426235409577 44.36416254104409 11.385335291463996 52.742603505699265 52.920709190213564 39.269194502203426 51.64266807816566 37.62503825200006 4.023392584084152 24.943455725076813 4.951196821218744 27.06037944163318 60.125586898732664 60.93868178206145 60.55087004615948 49.99012675158328 11.19545043765873 21.447891779618548 41.88372523276278 60.724920070443076 63.08236453264728 39.955498655040564 22.050504540438006 42.19595798151993 56.69801771562081 45.22282518118408 49.59902399754045 36.49680037756968 0.0 79.5172474860444 83.08763474221156 58.94837263904865 27.226499636064545 57.18803736145045 50.10604774499192 57.98024562950186 34.54525124088107 34.58680853269061
96.59652279488314 91.26100644930214 103.71118769214523 65.1932467811992 11.713283364096572 31.352449424193633 35.931250028612574 80.44058449521653 68.76639478193346 42.58730445408142 40.85249677260822 18.300268985866495 94.42147414980295 80.4816351920892 30.019325682913458 87.57059656821635 40.28968599809798 41.985370868332524 49.63950539933816 78.73185040701462 64.3197051126905 84.46255701918665 99.9904088301651 85.55773077550809 20.958108216699646 24.192317159526752 37.17394487257335 81.61766422921589 64.90296862117387 39.200241671716235 36.46400611076106 18.164383004018102 108.445459799072 62.29137359389916 38.4220024528319 72.10539893948396 35.86744844266687 57.779459101440125 54.9632500653652 79.5172474860444 0.0 4.267839588471826 26.314262209225035 58.72253367059906 129.03615381480282 41.62005590505009 21.57651145515264 51.10999175053395 78.42917717032387
100.06586066601055 94.6702560352858 107.55064860685539 69.12000406011379 15.503910583841247 35.61364631791695 39.85344142110236 83.60208087507765 72.83598517040586 46.40277611854888 44.954521174077094 22.46951994294406 98.6658383233819 84.3407753123579 32.62466286977015 91.83463383614784 43.819037051636954 46.25150394698023 53.80528526718069 82.41226428309513 68.38801022711021 88.03775173503688 103.94171789308562 89.7811958252308 25.169695510530904 28.458965192840058 41.422427950379515 84.84312459690824 68.89142203325257 43.17705651586805 40.63663248740432 22.359117909259314 112.53407444514973 65.36492840068186 41.5982788936052 76.31766887847348 39.87290399689797 62.03586313525358 59.16493638074589 83.08763474221156 4.267839588471826 0.0 28.30269321771458 62.76694093003411 133.10571863141524 43.45520516725406 25.32731289157747 55.21899844253169 82.64972454985266
74.94760008234461 69.27982219690264 85.2011661542005 49.115597665049066 17.925186310550227 33.201891943487006 23.928903107226617 57.1648973679772 54.85892756645098 27.37584078553716 45.85935251759775 21.025056817397875 84.45416600411843 62.78322871454949 6.431541940308709 81.79513361699621 22.05920685186881 40.329004971838465 39.89034959659791 59.161552079188034 50.69008983284636 63.81728936191961 82.9464112645752 82.62941801097845 22.711221634615395 27.122676848927778 33.33411081812326 58.66706146685006 49.79534565271239 27.242838406878555 40.72527688311799 21.607899313613526 93.43489720490568 38.88384578362167 17.250060645076232 70.43015991428473 25.347459336531163 54.97022700221026 45.68274854485993 58.94837263904865 26.314262209225035 28.30269321771458 0.0 45.08728951011354 113.30837888354974 15.314361413507127 15.160497513264485 39.67465998293327 68.01517011976703
43.98248507073126 40.16103800260944 46.02224876449424 8.09831096966987 47.35718659202399 32.154785660185425 23.17631078175235 35.83696882764822 10.13391738287455 17.793602819251866 35.225629969103586 40.54811934284925 39.5508212603444 23.172207316712868 38.81639313625177 39.55399895704297 23.17631078175235 24.635435694273486 10.795839934937709 24.48925321408782 5.724759973164827 31.356156797803887 41.51575746568795 43.308224714212656 38.168995813583265 36.44795321308116 24.19058974791702 35.50358298151867 6.631573026320329 19.69524274475491 33.905457953663756 40.781286652861205 49.825256664873976 27.444810943324207 28.730516868817848 35.02257688874635 22.91488997414175 23.86442696126538 9.485203971571238 27.226499636064545 58.72253367059906 62.76694093003411 45.08728951011354 0.0 70.34854705019684 43.61523574802777 37.8619220164196 8.121834964766146 23.299543096209955
48.42605590766023 53.31181567494213 30.678669814776672 64.5534229738628 117.70503530646157 100.45350049207951 93.44521175857851 66.0884630378382 60.271089028974835 87.42092887911875 98.21304982830544 110.79104845317494 41.25333091020002 50.64514426217839 106.88060895006555 55.875314085805044 91.58886049857287 90.55600253601867 79.67165719304383 55.51430691304769 64.71868621485581 53.274635478689696 30.592757474987152 64.60561642663473 108.29778303873127 106.04076134972478 93.00618911128818 63.86578695541345 64.40338388077532 90.01470090795287 99.40966874526096 110.98829634754833 20.662344665913395 79.15838915719185 96.06054181809446 72.93683805084403 93.26261873837845 78.60825483191162 74.85172968798592 57.18803736145045 129.03615381480282 133.10571863141524 113.30837888354974 70.34854705019684 0.0 106.69598971179991 108.14974800676043 77.95523095403325 53.038119817543794
