0.0 57.887263723974485 54.90731797429503 29.161581666667807 69.10963178430379 56.43689297867081 54.966465370474054 71.65856601310004 42.7434619485715 57.12804353003231 43.913848300963366 62.77550894838288 45.83612788943792 43.474343679269936 27.593897705759552 33.24725975096426 20.153662132780966 49.42923153046253 31.798433481920124 24.754646485050408 35.73278844220689 27.258221928994953 38.874159231892456 33.7278831645946 50.35084934891095 26.71562753609567 9.116865447123354 53.074398209661084 24.5927069342892 49.503629414446536 55.204969495778336 27.44467623794602 11.257595994990536 31.701345972126816 57.265714979291985 31.299646327891775 69.77291376508414 20.681556421493656 59.42397936560734 74.7954501075541 6702.15483003357 6781.6135709122445 6723.607786523638
57.887263723974485 0.0 18.465331308721343 34.45758735546266 27.54616728418569 19.19672320867335 22.840418102457274 13.782658879317381 15.199589753358177 17.857202053335154 14.032108170207348 7.947536991602216 17.53200703679836 14.998801562616377 61.20125684011316 68.76392357016613 37.74778052317718 12.369618814266714 70.32538239461215 65.74904560404963 23.38833044101004 64.73160340222985 45.93593056893546 24.304255933208196 7.986235674017089 32.01451260036454 55.714723459945525 27.278060903355403 34.03062624353386 22.50099638763653 39.67312936911224 30.442622966352385 65.49929098059302 75.9603373002941 34.458793026688646 68.5463920362452 31.755910359602392 62.17087343692396 28.106492539231176 34.24809655292447 6709.317003266048 6789.4803154336705 6731.254277316061
54.90731797429503 18.465331308721343 0.0 26.370870077816114 45.94249819336497 1.665129392836074 39.168113192119314 26.716594580097368 18.855608186435553 2.3397980494215163 18.307045876824485 15.134680786987369 9.85562726024597 16.422595570427667 49.862911881880045 56.59619045398418 36.68485693745568 9.782115810888358 58.743241332939675 55.589667284864454 20.434411746411385 53.758069472190996 31.217393118401844 26.81775013982511 15.152264423274348 34.18819331876319 55.719848492962676 9.063617520518854 30.73405309962848 36.99425363359067 21.3755079495354 30.174901101625093 64.65522377593798 65.3163313345937 50.463650546451234 56.87314062587804 50.02504778455141 52.88055735930458 10.110784987627177 52.699094192392785 6725.955906865676 6806.020306873158 6747.825257529491
29.161581666667807 34.45758735546266 26.370870077816114 0.0 54.96149906413061 27.787072143737856 42.530622506620276 47.652987369414475 20.573454359363573 28.68001720221323 21.53518704603387 37.00047708189649 18.499618388410777 19.751840057572778 26.953806083328423 34.73657988767268 14.95835926014993 23.200254415884235 36.04023657478261 31.294027496458376 11.736988534357478 30.34267100960652 17.76453821430066 16.975038509011732 26.50264842207112 18.07773994271196 31.823386752397397 23.928260865694067 8.772955991070582 37.64721031997178 27.869506208427914 13.183748199517241 39.67187680805295 41.503280330791455 50.41093814504974 34.31135478538772 57.46574778048168 27.818987717769787 30.269512479803808 61.77336691908552 6718.378875769321 6798.134759561305 6740.0358710050605
69.10963178430379 27.54616728418569 45.94249819336497 54.96149906413061 0.0 46.7370000511099 14.14524826746233 27.50832585537578 34.99371100776973 45.40248732628847 34.305703598401124 33.47662215386964 42.74111335111022 36.67488561142174 81.30910789011679 89.26096135093113 50.845979861180666 38.27571811845644 90.11343778039137 84.3032993648027 43.389811609970835 84.21911322260738 70.13480911669527 38.97948018904592 32.29183915498689 43.381150266132984 63.4819204565611 54.5332769556559 50.50972138340215 19.61133723211653 66.85939348118498 45.14130814921829 72.95136418592412 94.40286254751679 17.599687215610945 88.53255932243954 4.712864843948848 80.07845415110556 55.64927938563939 6.974409451122416 6683.325240759539 6763.601768071485 6705.3402388821005
56.43689297867081 19.19672320867335 1.665129392836074 27.787072143737856 46.7370000511099 0.0 40.351145623943644 26.62250995330105 20.444126941931444 1.5777573304432633 19.866851473897608 15.192136293003701 11.519166925744326 18.03098614421322 50.867087748814875 57.489263164216744 38.31153030540656 11.27969742992691 59.69292139368007 56.68517414145821 22.08643749001161 54.78425527460641 31.8962795862082 28.477962936502408 16.442589770964645 35.85298984722432 57.3355354685623 9.005474192261271 32.327575155034104 38.320596317019174 21.05747352328209 31.82888089051924 66.23906946975843 66.3414259122452 51.711890456281616 57.818829200169816 50.88804295325232 54.0578586582405 8.998631745930357 53.43906440764558 6727.22089751159 6807.29841122064 6749.099304566096
54.966465370474054 22.840418102457274 39.168113192119314 42.530622506620276 14.14524826746233 40.351145623943644 0.0 29.786081869893547 24.044522760960287 39.322001439194985 23.68906629078214 30.554764494774698 33.42935961963944 26.228856953241795 68.1768987281432 76.14860791776547 36.947635030984394 29.98992040511901 76.81004267530061 70.78041654015033 31.458001055712266 70.89914169365709 58.8251902933333 25.860426319688553 24.089378949439137 29.46080435691219 49.41533336289617 46.714431615974476 37.16739461782923 5.497156647114816 58.50768052768695 31.656390801941114 58.962910132403735 80.78332962020005 11.61990019928009 75.29231937956605 15.31593637745807 66.47165402983651 49.27741972585013 20.109936658542026 6686.938062725531 6767.047247016283 6708.837654910142
71.65856601310004 13.782658879317381 26.716594580097368 47.652987369414475 27.50832585537578 26.62250995330105 29.786081869893547 0.0 28.979324654160123 25.044945232182336 27.81063262521938 11.660532788854917 29.69424235981289 28.64244694803786 74.0032969764585 81.35415866257512 51.5114465958932 24.608976133275142 83.11169779517132 78.88571846179616 36.98269129638752 77.65947124843731 57.25234301839476 38.0143876311954 21.587051791807514 45.60474747073084 69.27403648183923 35.62451325934129 47.774024679561784 31.737152400416452 47.49209438887735 44.216048198943376 79.09782609434583 89.03220215671416 40.44887751632119 81.29517294884656 32.22117613217643 75.46882353647953 34.048716202463616 32.668320506938194 6710.446679489213 6790.777190815637 6732.499398334933
42.7434619485715 15.199589753358177 18.855608186435553 20.573454359363573 34.99371100776973 20.444126941931444 24.044522760960287 28.979324654160123 0.0 20.109521200227757 1.17081099871721 20.433643812970722 10.268835562642115 2.5472889796121048 47.50178490185574 55.30942797830274 22.650453690356585 9.364782968853305 56.55720419484512 51.47848336938956 8.86282708079484 50.795035063065164 35.18604204494828 9.590087161364437 7.680519909831508 17.550546149587188 41.060387294391916 24.179702837967675 18.88211395952369 20.281254032068702 35.10617196931514 15.322710546207611 50.72620292273991 61.72803317712337 34.086223976120436 54.85157749740354 37.98744192656896 47.66982107813986 28.277569342716042 41.92869197702636 6708.52213245149 6788.500067196267 6730.331654083127
57.12804353003231 17.857202053335154 2.3397980494215163 28.68001720221323 45.40248732628847 1.5777573304432633 39.322001439194985 25.044945232182336 20.109521200227757 0.0 19.45579315154158 13.62919266145858 11.752371641328875 17.77065144579019 52.1592764852934 58.849791070437774 38.73375936832475 10.796616519906971 61.02053359563421 57.91203017633702 22.393907151721333 56.061775008646855 33.353132635406574 28.46787838820488 15.59100414672813 35.982103195493835 57.79333249617697 10.583038364120943 32.868709767384445 37.45836849212074 22.60768216107565 32.10755508052293 66.79700781129202 67.62029411599637 50.74458148743901 59.14875098889709 49.59329267905766 55.21667936311512 10.251401028334591 52.07174392814112 6726.24439951416 6806.337098230644 6748.133256058356
43.913848300963366 14.032108170207348 18.307045876824485 21.53518704603387 34.305703598401124 19.866851473897608 23.68906629078214 27.81063262521938 1.17081099871721 19.45579315154158 0.0 19.307293620081523 10.141508590621264 2.5434123784719986 48.48192651644426 56.26853899138129 23.817921193684246 8.662978611986135 57.5502131283949 52.524162152274926 9.871770919439156 51.80325524337868 35.831557844400095 10.702849965825871 6.53132139689331 18.65342602631148 42.19812592117879 24.00933935964656 20.03458270947395 20.139535009467654 35.162227011166074 16.490697534145838 51.874654285615186 62.773012254130535 33.95760775574854 55.83586944083135 37.39707469189765 48.74053983179464 27.890837307039753 41.257092488096326 6708.66713275601 6788.659271698547 6730.486435778459
62.77550894838288 7.947536991602216 15.134680786987369 37.00047708189649 33.47662215386964 15.192136293003701 30.554764494774698 11.660532788854917 20.433643812970722 13.62919266145858 19.307293620081523 0.0 18.611001107349782 19.332997361729934 62.84362784152287 70.05308388387263 42.88826230503668 13.82765119580619 71.91751916850143 67.97711181985804 27.196609163047878 66.57668401271142 45.63718792306682 30.009458337451694 12.804236813705808 37.95024338966653 61.48907804357536 24.136710583109085 38.32122571656907 30.444060435041127 36.23145687015963 35.5875064325775 71.12359555526305 78.03607588566561 42.138847018132225 70.08214354954757 37.96735573469642 64.74922810654279 23.263833420248 39.771473069335066 6716.356726285322 6796.564472540489 6738.324767589813
45.83612788943792 17.53200703679836 9.85562726024597 18.499618388410777 42.74111335111022 11.519166925744326 33.42935961963944 29.69424235981289 10.268835562642115 11.752371641328875 10.141508590621264 18.611001107349782 0.0 7.729707480253215 44.32168580386275 51.66681958677942 27.029372413492435 5.1967252760538525 53.42308504850945 49.36790769538933 10.6445789216185 48.011859612533456 28.423816222849744 17.086100413080306 10.553295950201566 24.33752726646221 46.103791147049726 13.911023272771672 21.34185358518471 30.210892127914498 25.11675292466208 20.356829047566634 55.22064097365046 59.443521180252596 44.017440918301844 51.60314152546872 46.274338670453375 46.155588695549746 18.297794682474557 49.70543501770453 6718.782035995511 6798.764440706054 6740.59479948249
43.474343679269936 14.998801562616377 16.422595570427667 19.751840057572778 36.67488561142174 18.03098614421322 26.228856953241795 28.64244694803786 2.5472889796121048 17.77065144579019 2.5434123784719986 19.332997361729934 7.729707480253215 0.0 46.68927539274578 54.41227050968399 23.559334005276398 7.169809800853314 55.78749605941216 50.94223732293441 8.392378727147594 50.09189912787884 33.47174193291212 11.172373440255209 7.056207531306241 19.08282815678099 42.29021192947664 21.63847455647362 19.18557714837076 22.661990793716154 32.65572164784036 16.275489874689487 51.847225736952524 61.18045709309489 36.479200395748 54.04888018082388 39.84350731545819 47.264706980269615 25.75072497301137 43.637645970011356 6711.053698920953 6791.034901630876 6732.865510942297
27.593897705759552 61.20125684011316 49.862911881880045 26.953806083328423 81.30910789011679 50.867087748814875 68.1768987281432 74.0032969764585 47.50178490185574 52.1592764852934 48.48192651644426 62.84362784152287 44.32168580386275 46.68927539274578 0.0 7.97175116899936 32.76320033692907 49.3996684378053 9.124741186845167 6.888667074054757 38.64130347426392 4.002571819105967 20.872863115906103 42.38541435607292 53.31916021961549 39.74202657349804 36.072925510178045 43.748973356851565 31.026970031750302 62.932856818811516 39.496062835126985 36.59233588644452 37.619061067883955 15.491779024214642 74.40120232761642 7.359666394695741 83.42233342604783 7.797736571179684 49.45330315746806 87.96769913121693 6729.7481605275725 6809.20261780643 6751.198637467066
33.24725975096426 68.76392357016613 56.59619045398418 34.73657988767268 89.26096135093113 57.489263164216744 76.14860791776547 81.35415866257512 55.30942797830274 58.849791070437774 56.26853899138129 70.05308388387263 51.66681958677942 54.41227050968399 7.97175116899936 0.0 40.58018271424112 56.80202695474872 3.218714315949492 8.637384595388992 46.4609451937268 6.110470338368345 26.231676037069363 50.35218374974813 60.93950571684875 47.64427007744304 42.14619395216662 49.87997135951835 38.99727676425104 70.90293539091795 44.12777476286375 44.559046671411 42.22515067096528 10.609838148525537 82.30794279707023 2.188803850653459 91.3921776835562 12.598433353343474 55.25156699687431 95.93049188794637 6734.791397001465 6814.169352127125 6756.189597180666
20.153662132780966 37.74778052317718 36.68485693745568 14.95835926014993 50.845979861180666 38.31153030540656 36.947635030984394 51.5114465958932 22.650453690356585 38.73375936832475 23.817921193684246 42.88826230503668 27.029372413492435 23.559334005276398 32.76320033692907 40.58018271424112 0.0 29.941094701606296 40.727457672038796 34.262935365930986 16.434412526487094 34.870232237014314 31.579050074169906 13.596269143412337 30.302447667366483 7.4873993716354414 19.07630882045955 36.96063396480392 6.55604734819343 31.479325992756714 42.650278529698184 7.328445687280289 28.370758141575106 44.03346697658138 41.85130651879783 39.394382831355834 52.218238270846626 29.82029187659582 43.02380819025177 57.057397682103236 6704.007992090306 6783.713960865789 6725.630479874922
49.42923153046253 12.369618814266714 9.782115810888358 23.200254415884235 38.27571811845644 11.27969742992691 29.98992040511901 24.608976133275142 9.364782968853305 10.796616519906971 8.662978611986135 13.82765119580619 5.1967252760538525 7.169809800853314 49.3996684378053 56.80202695474872 29.941094701606296 0.0 58.51278270187682 54.31552616409358 13.69743873337358 53.05085239444776 33.56638967282709 18.262383070282137 6.052996267940534 26.0842413411594 48.91428331684821 16.73908388599952 24.844370159534964 27.413102019944432 28.77514144177277 22.8345353663088 58.31117716912299 64.4377994538092 41.04462395137266 56.701950030210895 42.00889219099278 50.993052668090435 19.68713790463595 45.20499307413313 6716.409039891004 6796.448119617455 6738.260794111365
31.798433481920124 70.32538239461215 58.743241332939675 36.04023657478261 90.11343778039137 59.69292139368007 76.81004267530061 83.11169779517132 56.55720419484512 61.02053359563421 57.5502131283949 71.91751916850143 53.42308504850945 55.78749605941216 9.124741186845167 3.218714315949492 40.727457672038796 58.51278270187682 0.0 7.1063085254037235 47.69438145372329 5.911772665102262 28.81817831524819 51.137827893281454 62.43914134579065 47.95345508306404 40.826162644748116 52.28754429509931 39.65726996309588 71.49887110389678 46.95971857418014 45.15559731727582 40.24734579536708 7.486287613565483 82.56921790442469 1.8799171285050078 92.098696000785 11.555423736612289 57.785743811913356 96.71091259904789 6732.712439846346 6812.060233193102 6754.0899737502505
24.754646485050408 65.74904560404963 55.589667284864454 31.294027496458376 84.3032993648027 56.68517414145821 70.78041654015033 78.88571846179616 51.47848336938956 57.91203017633702 52.524162152274926 67.97711181985804 49.36790769538933 50.94223732293441 6.888667074054757 8.637384595388992 34.262935365930986 54.31552616409358 7.1063085254037235 0.0 42.66195637588391 3.5177385292402032 27.579122468783545 45.371646854064515 57.78457101146805 41.6162907217393 33.74856516165754 49.95140732928652 33.81053956286848 65.40250023655231 46.26502607326644 39.17573143228354 33.590790957408856 10.249588017973611 76.0919845167387 6.578820793770328 86.09505391784224 4.548546326680916 55.8068572731427 90.79383062645344 6726.158938523937 6805.5411497760915 6747.5599086034135
35.73278844220689 23.38833044101004 20.434411746411385 11.736988534357478 43.389811609970835 22.08643749001161 31.458001055712266 36.98269129638752 8.86282708079484 22.393907151721333 9.871770919439156 27.196609163047878 10.6445789216185 8.392378727147594 38.64130347426392 46.4609451937268 16.434412526487094 13.69743873337358 47.69438145372329 42.66195637588391 0.0 41.93571624083656 27.40881685588409 8.047906471103069 15.423853450202422 14.057767441915107 35.50666126649846 22.324984258074824 11.158871921404579 26.93519842655559 31.01144631968817 9.74475210784405 44.73948974349605 52.90949025039123 40.32226425085405 45.989683163508694 46.08344257430939 38.918367135328516 27.828685971832268 50.256725338831814 6712.30477533591 6792.184278936038 6734.046631525303
27.258221928994953 64.73160340222985 53.758069472190996 30.34267100960652 84.21911322260738 54.78425527460641 70.89914169365709 77.65947124843731 50.795035063065164 56.061775008646855 51.80325524337868 66.57668401271142 48.011859612533456 50.09189912787884 4.002571819105967 6.110470338368345 34.870232237014314 53.05085239444776 5.911772665102262 3.5177385292402032 41.93571624083656 0.0 24.851409589306616 45.240693180085344 56.81175943490568 42.063976484119024 36.09379605761985 47.73399124248732 33.74984654268569 65.58712079381299 43.43780419274734 39.244202453513935 36.57497841728631 11.558519157733233 76.69614289024808 4.545355359501598 86.18928820863151 6.578036591869699 53.45327721345476 90.80702717002727 6729.099622249748 6808.505430477368 6750.516787356743
38.874159231892456 45.93593056893546 31.217393118401844 17.76453821430066 70.13480911669527 31.8962795862082 58.8251902933333 57.25234301839476 35.18604204494828 33.353132635406574 35.831557844400095 45.63718792306682 28.423816222849744 33.47174193291212 20.872863115906103 26.231676037069363 31.579050074169906 33.56638967282709 28.81817831524819 27.579122468783545 27.40881685588409 24.851409589306616 0.0 34.242837588020535 38.78113930650734 35.78259547525322 44.62741362868389 23.79824510658741 26.194399402360485 54.33706168789568 18.71220996161448 30.946699441055657 50.13075278954876 36.01584440531563 67.58035681139334 26.951745049128334 73.16617265081497 26.513747855827894 29.021879136196826 77.08862331894962 6735.585985886053 6815.286399989553 6757.205173450314
33.7278831645946 24.304255933208196 26.81775013982511 16.975038509011732 38.97948018904592 28.477962936502408 25.860426319688553 38.0143876311954 9.590087161364437 28.46787838820488 10.702849965825871 30.009458337451694 17.086100413080306 11.172373440255209 42.38541435607292 50.35218374974813 13.596269143412337 18.262383070282137 51.137827893281454 45.371646854064515 8.047906471103069 45.240693180085344 34.242837588020535 0.0 17.217803375053304 7.964142878951932 31.5244204068353 30.014676218230573 11.564082431371201 20.781887712944716 39.058962494226236 6.552721398471986 41.24627896690088 55.527068832625716 33.45361149215394 49.56993692006959 41.047457898806194 41.221468784868364 35.174008708937485 45.58721275216435 6704.278372334255 6784.1512718250515 6726.01555744453
50.35084934891095 7.986235674017089 15.152264423274348 26.50264842207112 32.29183915498689 16.442589770964645 24.089378949439137 21.587051791807514 7.680519909831508 15.59100414672813 6.53132139689331 12.804236813705808 10.553295950201566 7.056207531306241 53.31916021961549 60.93950571684875 30.302447667366483 6.052996267940534 62.43914134579065 57.78457101146805 15.423853450202422 56.81175943490568 38.78113930650734 17.217803375053304 0.0 25.148331672913606 48.7275261271915 22.742714711226203 26.210509275831342 21.881494994500077 34.827656040460354 22.974929781569845 58.40529251572172 68.00389249362827 35.3141187826625 60.672562790538564 35.97180267278176 54.187567118396345 25.252836574332857 39.23883005048669 6710.804439534992 6790.871865880748 6732.675633535549
26.71562753609567 32.01451260036454 34.18819331876319 18.07773994271196 43.381150266132984 35.85298984722432 29.46080435691219 45.60474747073084 17.550546149587188 35.982103195493835 18.65342602631148 37.95024338966653 24.33752726646221 19.08282815678099 39.74202657349804 47.64427007744304 7.4873993716354414 26.0842413411594 47.95345508306404 41.6162907217393 14.057767441915107 42.063976484119024 35.78259547525322 7.964142878951932 25.148331672913606 0.0 23.700270643917477 36.28878477691521 9.732038732628373 23.992074458843692 43.93796180404584 5.108677480009332 33.49731249787515 51.46738845117605 34.66371292412528 46.55888468262271 44.731930360308745 37.212414156752985 41.88462642670713 49.570707377530304 6700.468164308181 6780.255505285975 6722.14647825387
9.116865447123354 55.714723459945525 55.719848492962676 31.823386752397397 63.4819204565611 57.3355354685623 49.41533336289617 69.27403648183923 41.060387294391916 57.79333249617697 42.19812592117879 61.48907804357536 46.103791147049726 42.29021192947664 36.072925510178045 42.14619395216662 19.07630882045955 48.91428331684821 40.826162644748116 33.74856516165754 35.50666126649846 36.09379605761985 44.62741362868389 31.5244204068353 48.7275261271915 23.700270643917477 0.0 55.36288873831955 25.086257370196268 44.1024303741984 59.33242088144995 26.08571399855716 9.868570771804956 40.796886777240154 50.28119747303693 40.25186654232018 63.65277007778906 29.54789705886826 61.584183292777894 68.72914432716833 6693.904567390705 6773.411859940838 6715.390641651363
53.074398209661084 27.278060903355403 9.063617520518854 23.928260865694067 54.5332769556559 9.005474192261271 46.714431615974476 35.62451325934129 24.179702837967675 10.583038364120943 24.00933935964656 24.136710583109085 13.911023272771672 21.63847455647362 43.748973356851565 49.87997135951835 36.96063396480392 16.73908388599952 52.28754429509931 49.95140732928652 22.324984258074824 47.73399124248732 23.79824510658741 30.014676218230573 22.742714711226203 36.28878477691521 55.36288873831955 0.0 30.49070636116196 43.897208178304005 12.39590559248526 31.576708762126792 63.563395467663284 59.218191534210945 57.64251261709578 50.40782552297324 58.46871542073351 47.78661635729209 6.358769606818905 61.37036466928447 6732.676410287575 6812.666090280754 6754.4944049036585
24.5927069342892 34.03062624353386 30.73405309962848 8.772955991070582 50.50972138340215 32.327575155034104 37.16739461782923 47.774024679561784 18.88211395952369 32.868709767384445 20.03458270947395 38.32122571656907 21.34185358518471 19.18557714837076 31.026970031750302 38.99727676425104 6.55604734819343 24.844370159534964 39.65726996309588 33.81053956286848 11.158871921404579 33.74984654268569 26.194399402360485 11.564082431371201 26.210509275831342 9.732038732628373 25.086257370196268 30.49070636116196 0.0 31.905891715548822 36.16057980773015 5.597959742984504 33.92829945039752 43.96345803895273 43.71300277198669 38.126061797142 52.44366786136567 29.66181137853821 36.61451189034581 57.06087647091453 6709.642260623587 6789.389008208142 6731.292839510542
49.503629414446536 22.50099638763653 36.99425363359067 37.64721031997178 19.61133723211653 38.320596317019174 5.497156647114816 31.737152400416452 20.281254032068702 37.45836849212074 20.139535009467654 30.444060435041127 30.210892127914498 22.661990793716154 62.932856818811516 70.90293539091795 31.479325992756714 27.413102019944432 71.49887110389678 65.40250023655231 26.93519842655559 65.58712079381299 54.33706168789568 20.781887712944716 21.881494994500077 23.992074458843692 44.1024303741984 43.897208178304005 31.905891715548822 0.0 55.2967418359587 26.353905551587204 53.7203885933148 75.37205284089006 13.818077131970878 70.00350503897624 20.74313041200988 61.07039988759563 47.053867906522015 25.589844559600458 6688.999676663759 6769.046342863507 6710.856217750972
55.204969495778336 39.67312936911224 21.3755079495354 27.869506208427914 66.85939348118498 21.05747352328209 58.50768052768695 47.49209438887735 35.10617196931514 22.60768216107565 35.162227011166074 36.23145687015963 25.11675292466208 32.65572164784036 39.496062835126985 44.12777476286375 42.650278529698184 28.77514144177277 46.95971857418014 46.26502607326644 31.01144631968817 43.43780419274734 18.71220996161448 39.058962494226236 34.827656040460354 43.93796180404584 59.33242088144995 12.39590559248526 36.16057980773015 55.2967418359587 0.0 38.873355661292315 66.30732726982119 54.33263325286442 69.11285713463982 45.13618559061842 70.72806007624595 45.17645404939719 13.922133516284037 73.72093360067586 6743.206802657009 6823.115836270575 6764.969466160616
27.44467623794602 30.442622966352385 30.174901101625093 13.183748199517241 45.14130814921829 31.82888089051924 31.656390801941114 44.216048198943376 15.322710546207611 32.10755508052293 16.490697534145838 35.5875064325775 20.356829047566634 16.275489874689487 36.59233588644452 44.559046671411 7.328445687280289 22.8345353663088 45.15559731727582 39.17573143228354 9.74475210784405 39.244202453513935 30.946699441055657 6.552721398471986 22.974929781569845 5.108677480009332 26.08571399855716 31.576708762126792 5.597959742984504 26.353905551587204 38.873355661292315 0.0 35.576855982315344 49.26188585363933 38.133582746378195 43.65048378374214 46.95563403976411 34.93785152758363 37.34069953511097 51.62140647211503 6705.545391556568 6785.339301420334 6727.228301187983
11.257595994990536 65.49929098059302 64.65522377593798 39.67187680805295 72.95136418592412 66.23906946975843 58.962910132403735 79.09782609434583 50.72620292273991 66.79700781129202 51.874654285615186 71.12359555526305 55.22064097365046 51.847225736952524 37.619061067883955 42.22515067096528 28.370758141575106 58.31117716912299 40.24734579536708 33.590790957408856 44.73948974349605 36.57497841728631 50.13075278954876 41.24627896690088 58.40529251572172 33.49731249787515 9.868570771804956 63.563395467663284 33.92829945039752 53.7203885933148 66.30732726982119 35.576855982315344 0.0 38.4094384622833 59.07874947242824 40.124313155908055 72.9073613224276 30.130110800296176 69.87537725392289 77.99230800505308 6692.568432684219 6771.954921020192 6713.971774690564
31.701345972126816 75.9603373002941 65.3163313345937 41.503280330791455 94.40286254751679 66.3414259122452 80.78332962020005 89.03220215671416 61.72803317712337 67.62029411599637 62.773012254130535 78.03607588566561 59.443521180252596 61.18045709309489 15.491779024214642 10.609838148525537 44.03346697658138 64.4377994538092 7.486287613565483 10.249588017973611 52.90949025039123 11.558519157733233 36.01584440531563 55.527068832625716 68.00389249362827 51.46738845117605 40.796886777240154 59.218191534210945 43.96345803895273 75.37205284089006 54.33263325286442 49.26188585363933 38.4094384622833 0.0 85.70805765683903 9.229549269206336 96.09777944343293 14.324634017878699 64.85557744782557 100.83981464210846 6729.7240773978065 6808.9873033427175 6751.043747451169
57.265714979291985 34.458793026688646 50.463650546451234 50.41093814504974 17.599687215610945 51.711890456281616 11.61990019928009 40.44887751632119 34.086223976120436 50.74458148743901 33.95760775574854 42.138847018132225 44.017440918301844 36.479200395748 74.40120232761642 82.30794279707023 41.85130651879783 41.04462395137266 82.56921790442469 76.0919845167387 40.32226425085405 76.69614289024808 67.58035681139334 33.45361149215394 35.3141187826625 34.66371292412528 50.28119747303693 57.64251261709578 43.71300277198669 13.818077131970878 69.11285713463982 38.133582746378195 59.07874947242824 85.70805765683903 0.0 81.2047695401641 15.320738876623924 71.61707671461512 60.566953343973 20.122616403219176 6675.509571204716 6755.5939002819205 6697.391847577868
31.299646327891775 68.5463920362452 56.87314062587804 34.31135478538772 88.53255932243954 57.818829200169816 75.29231937956605 81.29517294884656 54.85157749740354 59.14875098889709 55.83586944083135 70.08214354954757 51.60314152546872 54.04888018082388 7.359666394695741 2.188803850653459 39.394382831355834 56.701950030210895 1.8799171285050078 6.578820793770328 45.989683163508694 4.545355359501598 26.951745049128334 49.56993692006959 60.672562790538564 46.55888468262271 40.25186654232018 50.40782552297324 38.126061797142 70.00350503897624 45.13618559061842 43.65048378374214 40.124313155908055 9.229549269206336 81.2047695401641 0.0 90.56757889054471 10.748322479900116 55.91091481592708 95.15494100221039 6732.680132735657 6812.051124980052 6754.07353469547
69.77291376508414 31.755910359602392 50.02504778455141 57.46574778048168 4.712864843948848 50.88804295325232 15.31593637745807 32.22117613217643 37.98744192656896 49.59329267905766 37.39707469189765 37.96735573469642 46.274338670453375 39.84350731545819 83.42233342604783 91.3921776835562 52.218238270846626 42.00889219099278 92.098696000785 86.09505391784224 46.08344257430939 86.18928820863151 73.16617265081497 41.047457898806194 35.97180267278176 44.731930360308745 63.65277007778906 58.46871542073351 52.44366786136567 20.74313041200988 70.72806007624595 46.95563403976411 72.9073613224276 96.09777944343293 15.320738876623924 90.56757889054471 0.0 81.78729554671257 59.84405741605615 5.08523717260769 6678.676744319102 6758.944144365165 6700.68536554122
20.681556421493656 62.17087343692396 52.88055735930458 27.818987717769787 80.07845415110556 54.0578586582405 66.47165402983651 75.46882353647953 47.66982107813986 55.21667936311512 48.74053983179464 64.74922810654279 46.155588695549746 47.264706980269615 7.797736571179684 12.598433353343474 29.82029187659582 50.993052668090435 11.555423736612289 4.548546326680916 38.918367135328516 6.578036591869699 26.513747855827894 41.221468784868364 54.187567118396345 37.212414156752985 29.54789705886826 47.78661635729209 29.66181137853821 61.07039988759563 45.17645404939719 34.93785152758363 30.130110800296176 14.324634017878699 71.61707671461512 10.748322479900116 81.78729554671257 0.0 53.817909269892176 86.51935025807394 6722.580436044585 6801.997571971505 6744.005246551665
59.42397936560734 28.106492539231176 10.110784987627177 30.269512479803808 55.64927938563939 8.998631745930357 49.27741972585013 34.048716202463616 28.277569342716042 10.251401028334591 27.890837307039753 23.263833420248 18.297794682474557 25.75072497301137 49.45330315746806 55.25156699687431 43.02380819025177 19.68713790463595 57.785743811913356 55.8068572731427 27.828685971832268 53.45327721345476 29.021879136196826 35.174008708937485 25.252836574332857 41.88462642670713 61.584183292777894 6.358769606818905 36.61451189034581 47.053867906522015 13.922133516284037 37.34069953511097 69.87537725392289 64.85557744782557 60.566953343973 55.91091481592708 59.84405741605615 53.817909269892176 0.0 62.29895363241183 6736.043146911251 6816.098386617525 6757.9063470314795
74.7954501075541 34.24809655292447 52.699094192392785 61.77336691908552 6.974409451122416 53.43906440764558 20.109936658542026 32.668320506938194 41.92869197702636 52.07174392814112 41.257092488096326 39.771473069335066 49.70543501770453 43.637645970011356 87.96769913121693 95.93049188794637 57.057397682103236 45.20499307413313 96.71091259904789 90.79383062645344 50.256725338831814 90.80702717002727 77.08862331894962 45.58721275216435 39.23883005048669 49.570707377530304 68.72914432716833 61.37036466928447 57.06087647091453 25.589844559600458 73.72093360067586 51.62140647211503 77.99230800505308 100.83981464210846 20.122616403219176 95.15494100221039 5.08523717260769 86.51935025807394 62.29895363241183 0.0 6677.780349201536 6758.108891514898 6699.83119029367
6702.15483003357 6709.317003266048 6725.955906865676 6718.378875769321 6683.325240759539 6727.22089751159 6686.938062725531 6710.446679489213 6708.52213245149 6726.24439951416 6708.66713275601 6716.356726285322 6718.782035995511 6711.053698920953 6729.7481605275725 6734.791397001465 6704.007992090306 6716.409039891004 6732.712439846346 6726.158938523937 6712.30477533591 6729.099622249748 6735.585985886053 6704.278372334255 6710.804439534992 6700.468164308181 6693.904567390705 6732.676410287575 6709.642260623587 6688.999676663759 6743.206802657009 6705.545391556568 6692.568432684219 6729.7240773978065 6675.509571204716 6732.680132735657 6678.676744319102 6722.580436044585 6736.043146911251 6677.780349201536 0.0 104.96722984240014 51.52325604237855
6781.6135709122445 6789.4803154336705 6806.020306873158 6798.134759561305 6763.601768071485 6807.29841122064 6767.047247016283 6790.777190815637 6788.500067196267 6806.337098230644 6788.659271698547 6796.564472540489 6798.764440706054 6791.034901630876 6809.20261780643 6814.169352127125 6783.713960865789 6796.448119617455 6812.060233193102 6805.5411497760915 6792.184278936038 6808.505430477368 6815.286399989553 6784.1512718250515 6790.871865880748 6780.255505285975 6773.411859940838 6812.666090280754 6789.389008208142 6769.046342863507 6823.115836270575 6785.339301420334 6771.954921020192 6808.9873033427175 6755.5939002819205 6812.051124980052 6758.944144365165 6801.997571971505 6816.098386617525 6758.108891514898 104.96722984240014 0.0 61.91252748945743
6723.607786523638 6731.254277316061 6747.825257529491 6740.0358710050605 6705.3402388821005 6749.099304566096 6708.837654910142 6732.499398334933 6730.331654083127 6748.133256058356 6730.486435778459 6738.324767589813 6740.59479948249 6732.865510942297 6751.198637467066 6756.189597180666 6725.630479874922 6738.260794111365 6754.0899737502505 6747.5599086034135 6734.046631525303 6750.516787356743 6757.205173450314 6726.01555744453 6732.675633535549 6722.14647825387 6715.390641651363 6754.4944049036585 6731.292839510542 6710.856217750972 6764.969466160616 6727.228301187983 6713.971774690564 6751.043747451169 6697.391847577868 6754.07353469547 6700.68536554122 6744.005246551665 6757.9063470314795 6699.83119029367 51.52325604237855 61.91252748945743 0.0
