0.0 14.13393479328474 61.28695318508229 19.970301753733516 24.669925362910796 16.404406048244137 2.477497122383915 46.895969020580644 42.19521997803126 45.13739831675616 32.342168218471855 46.13261488899416 29.57558102907704 8.049547977909373 15.72734884597896 24.18070425418074 29.292769920503886 38.118357795909446 80.1350608648607 40.94418528880304 6.295413276225118 19.915245038415513 63.456867526204825 15.333086802374218 23.07776901379372 25.06883972658031 0.6295414022826105 41.74049436315465 32.04813985300152 41.52482675265831 33.097193348284264 42.57359115312523 39.409838564298084 17.814561215633912 32.63607445680906 29.21383996879847 25.15012478221599 62.13819392854793 76.05001002035358 41.40269268928338 30.40315521934116 20.074298727510268 18.268786189472927 72.59610453003661 43.975553918743294 60.916325850852296 63.20625731847337 48.3427779281429
14.13393479328474 0.0 60.88848825170979 16.860833017442985 33.952279687049085 24.7545278733414 15.115596458257786 42.75165456691155 40.232024023282875 58.84306945973972 44.503835501951855 35.040011658872174 39.53549996487532 16.034468510442586 25.602585614435625 37.524672042868694 34.027792053839526 39.89369545713432 76.10980599441683 50.88572641024007 20.337586031747378 8.898015843128626 63.110226366646714 10.239552176574614 33.32799939130182 32.102814918417025 13.518111885996444 52.52251756746671 29.275334556765767 54.936939011526434 46.16815118294315 46.87299019434519 50.24657930992624 29.934605113265103 46.41936619988138 41.13477074937845 22.42693080577577 62.126931332275134 71.84466695985935 51.21388774221913 28.231012760987266 20.47077059477982 32.16200115865002 70.60459334241449 29.855293249871963 62.39468271602585 50.7869833843185 42.75165456691155
61.28695318508229 60.88848825170979 0.0 44.12599738603445 44.45873356354058 47.14843490064013 59.091210807086114 21.601729774313913 20.831914539361954 89.89901242897663 87.13989872016647 46.857204927493214 88.57736129620885 69.22563818543934 49.47436146089529 77.00312245496539 33.89682661893847 23.546964842730578 24.804927903410878 44.31761501625981 61.223320913789564 53.63858361571867 2.2218737666498174 50.795605440630865 47.36630632407371 39.949978828964355 61.32827875341067 48.488750059276775 31.68915454485753 89.3674874737757 84.68422540269846 24.08923159567103 96.10715330736254 75.71180950256219 80.11779713685435 85.16105615936199 38.47101166704582 1.9887918004519876 22.446245954136966 43.75874876909817 32.65770688837789 41.72299164783847 62.14252866012905 12.951381530542822 71.48904786792004 8.175128872903208 58.91634483324409 25.280579387614875
19.970301753733516 16.860833017442985 44.12599738603445 0.0 23.80327039418155 16.239942714567867 18.57145243098289 27.287801480484912 23.67982884135947 61.78674537442535 51.58792664768133 28.97967690311335 49.53912713645765 26.919596697024566 18.685348249455657 42.45637738219914 19.257059577124394 23.258993546648462 60.77938384941647 39.57672801108588 23.08442716288104 11.29825526680554 46.34727037911417 6.672336737697666 24.60415546431067 19.7322626073503 19.741909069249232 42.23495304790539 12.818779610648006 59.01775939401972 51.42361064321771 30.99904652416204 59.17754217629045 37.463600433581384 49.49313012204432 48.67235256984766 5.724773184739261 45.31740840112977 56.60769852214299 39.71981078231555 11.534536664304893 5.208310525432643 31.288831346693886 54.28767572869738 37.52722176139583 45.55099549292843 47.19334645319091 28.406768306234692
24.669925362910796 33.952279687049085 44.45873356354058 23.80327039418155 0.0 9.198015158789405 22.241049891125137 38.53148674888983 31.234070008704023 46.14805958573108 42.97497011151592 51.210195133105 45.73689790400075 32.01561569140945 8.960394746501985 32.87098464365523 11.526739212204204 21.946521043688204 67.41462918757304 16.93375746110148 21.04708505573554 33.371124075342834 46.34727037911419 26.489930326577376 2.913416644909264 5.644203514939812 25.089949089697075 18.823861822687984 26.442992957087622 45.11892959338093 40.24600780789173 21.37572932757783 52.1127832701668 33.20647063805592 35.721598113743255 41.29903733647687 23.847843320373542 44.66238180372475 63.917133165506485 17.272681988456355 24.67197009914347 18.842224359041982 17.88215917130552 57.18710626101056 60.676249885071385 41.48555064224444 69.55342124980184 42.235176075022046
16.404406048244137 24.7545278733414 47.14843490064013 16.239942714567867 9.198015158789405 0.0 13.927142344628523 36.80050884413858 30.425215660919473 47.51385272027608 40.62773193237562 44.95687592948244 41.42892647617218 24.238550550156965 2.8452171014725764 30.625766513891456 13.572689594415111 23.60592860484692 68.28725484970865 26.131769900962603 14.35047242995861 24.632226892675302 49.22226774623983 17.69377901197366 8.892624417435242 8.680392557854436 16.726153587022694 27.88419921927732 22.735830538213413 45.48413131548735 39.0646564397553 26.513735725751896 49.30094901801512 28.563479769166474 35.80758392739798 38.337930815832756 18.030277098398024 47.722663762032404 64.4738918335419 26.46647193161575 20.842939483267955 12.077524519422967 16.84341651749566 59.2783089665724 51.96268151572854 45.676951054725 63.27651440609731 39.656653500072274
2.477497122383915 15.115596458257786 59.091210807086114 18.57145243098289 22.241049891125137 13.927142344628523 0.0 45.15704268695762 40.229366242730855 45.09221660635936 33.17974229943154 45.610801976459314 31.077609756820067 10.444654874102133 13.287179242001786 24.536545497137112 26.873029593596335 35.83439705998958 78.26090838887919 38.61358162602655 5.468424169218113 19.87692204060609 61.25187117368266 14.603624904557979 20.71630452111397 22.593389615118333 2.849291987090369 39.50878195892836 30.28017424418753 41.70415291720238 33.52466242654722 40.13581425625973 40.60742415193873 18.897456947035497 32.578378753961246 30.171492773617096 23.510174961975647 59.909245012782115 74.20609548402938 39.060780739198215 28.584998226458573 18.177074398613627 17.050540989641288 70.518546701628 44.91830561374811 58.585066299704636 62.9746237801267 46.79092598560624
46.895969020580644 42.75165456691155 21.601729774313913 27.287801480484912 38.53148674888983 36.80050884413858 45.15704268695762 0.0 7.712217926566109 83.98638499914159 76.97143552608485 25.652273648131548 76.18256306531875 54.168920896619724 39.60688009298419 67.18272757510634 27.190544167284397 18.5387970078647 33.52295911433391 46.54092305260344 48.778082208956896 34.5065409985218 23.594439742200166 33.48388856793145 41.010438473018276 32.919596422809114 46.74966269333766 50.587076606724956 14.879587258573899 82.22981056621322 75.80400409696541 26.748450844202775 85.2129093279264 63.65064629545479 72.56297747599876 74.38365189208251 21.78112750744033 23.414749344301637 29.32750707961339 46.24817810200797 16.623340698697383 27.05611511632769 53.59757449925896 28.3870170496567 49.91581320521191 27.011719636923626 39.988501437605855 4.974451354191405
42.19521997803126 40.232024023282875 20.831914539361954 23.67982884135947 31.234070008704023 30.425215660919473 40.229366242730855 7.712217926566109 0.0 77.06300148771415 70.98584886427952 30.35006090769006 70.90388354295501 49.85451123729886 33.15288129003701 61.03817208613114 19.763898339894656 10.839909979799687 38.13645881612983 38.84467124903289 43.295234938416684 32.81056739512676 23.04013225676335 30.290329012777093 33.818707099521525 25.689987683458682 42.134815893098136 42.87997943152069 10.957041872315408 75.53328487684357 69.46897059914649 19.41798390429503 79.4828095514334 58.174232959853356 65.90310748479995 68.56212273422925 17.956938592347193 22.255411643200368 34.189039042622454 38.56044254557633 12.156327721226969 22.12989673857562 47.00809747905198 30.642650253466094 52.135593665874644 24.01725763568056 46.28223857395998 12.343538468668974
45.13739831675616 58.84306945973972 89.89901242897663 61.78674537442535 46.14805958573108 47.51385272027608 45.09221660635936 83.98638499914159 77.06300148771415 0.0 18.587541080650343 90.35002090761245 28.454778983579963 43.84728356470727 44.66869426637219 21.45511696012059 57.622607979769484 68.08844457960959 113.4786718723235 48.3541817863677 39.68649253925971 64.94744729181983 91.61612035336121 59.45420678199902 43.38794046418838 51.475884558008055 45.6947019871704 45.094264154081934 70.24894343685297 5.2621598129329 13.946253611447903 65.89246487332574 22.542947078264653 29.95420774326193 12.515606923512236 21.5783162698293 65.12203420905901 89.82736338101643 110.04386627440098 49.055256429066695 68.35613243614576 59.0062049085014 30.7719903704038 102.81082826905126 87.98367315697624 85.64267909912373 108.01160808734296 87.11565212210608
32.342168218471855 44.503835501951855 87.13989872016647 51.58792664768133 42.97497011151592 40.62773193237562 33.17974229943154 76.97143552608485 70.98584886427952 18.587541080650343 0.0 78.42752755014645 9.92474711271381 28.546384875742856 38.01075811835935 10.137625212687777 53.28388778666634 63.84645613957949 108.91302931641383 51.49684026296924 28.542137787332607 51.928098713977896 89.10925520599787 47.6511746911739 40.0767417190133 47.189919933428975 32.764919166969065 49.4575047058686 62.28326285641428 13.379699351209847 5.683623031452354 64.325067748295 9.268723399244218 14.659174368467884 11.965761220828831 3.4723807677636462 56.054050140884435 87.48068742495276 105.09761110331517 52.19441385192855 60.448646123718845 50.177903833109056 25.09518000489482 99.61386360090366 72.13372206615828 84.4585891354337 95.13839423563961 79.23148058896678
46.13261488899416 35.040011658872174 46.857204927493214 28.97967690311335 51.210195133105 44.95687592948244 45.610801976459314 25.652273648131548 30.35006090769006 90.35002090761245 78.42752755014645 0.0 74.41202011850336 50.70505627185773 47.5516168816891 70.14676291077345 42.677576573872955 39.08088912046548 50.729388447580895 64.58309772932094 50.832837686404645 26.66563385341574 48.6804065747347 31.018849340538985 52.6457369808351 46.085044052795766 45.683300699445255 68.01852694508325 26.224589179866733 87.23878892427389 79.12980825347185 48.63803757499632 84.93785285296399 63.79849435891791 77.9114512703817 75.21869825183838 27.38202432102077 48.760290531275174 46.56093330282526 64.51811013045814 27.551349332370005 32.93184093596296 60.17357031736431 50.682489211064485 26.83630777421085 52.66376310145308 18.36523135602863 21.576737293884563
29.57558102907704 39.53549996487532 88.57736129620885 49.53912713645765 45.73689790400075 41.42892647617218 31.077609756820067 76.18256306531875 70.90388354295501 28.454778983579963 9.92474711271381 74.41202011850336 0.0 23.716335685733174 39.1676053316678 14.887431468646383 54.828451239648246 65.03341899709802 109.03908049966302 56.80602582344681 27.621325787908173 47.76275537182591 90.64814369854531 44.61499587404614 42.975422754583484 49.080155267428125 29.837626749788402 55.35907763389804 61.30505947086683 23.210984895378562 15.338499162459629 66.93660989003762 10.951253312749483 12.86596380008999 20.938267724332853 7.640637089932724 54.587776521162255 89.1337968582016 105.053914361842 57.473911744180626 59.569984512819595 49.13243081450221 28.451249321575656 100.6171233149043 65.20118449510421 86.77940496559711 90.2288221755402 77.86171505222951
8.049547977909373 16.034468510442586 69.22563818543934 26.919596697024566 32.01561569140945 24.238550550156965 10.444654874102133 54.168920896619724 49.85451123729886 43.84728356470727 28.546384875742856 50.70505627185773 23.716335685733174 0.0 23.228797389423715 22.4020792520907 37.31768418401263 46.14119196697878 87.58414967779078 47.68039659458835 11.328741205741121 24.047757113783987 71.40453881525326 21.299640943717886 30.115132982812234 32.91793001437298 7.925240424186083 48.03237366824218 39.442664817360175 39.589604325039645 30.611948340124286 50.57330617756438 34.27920013087246 14.158164367072702 31.74899771421941 25.145698470874933 32.400856448514 70.11025319107101 83.44949972195148 48.19008226322066 37.886883878553974 27.748076319761154 21.896759763299592 80.38006774391447 44.156679071462115 68.95932301843476 66.81402296753019 55.25871468345709
15.72734884597896 25.602585614435625 49.47436146089529 18.685348249455657 8.960394746501985 2.8452171014725764 13.287179242001786 39.60688009298419 33.15288129003701 44.66869426637219 38.01075811835935 47.5516168816891 39.1676053316678 23.228797389423715 0.0 27.962076712128173 15.661267541972327 25.978453651568323 70.91470771963549 25.608529125772385 12.666598378129459 26.366653004522814 51.520211256015095 19.452165372252534 7.761832765864182 10.134186215948356 16.136465285189658 26.954822037199953 25.581031401363195 42.653551057787965 36.31625824067153 28.188136409860864 46.77169448215149 26.32587666781238 32.97816708007969 35.8046410693603 20.79232786417043 49.982225299597175 67.13310162210986 26.008716682916884 23.688142803744498 14.777843510619926 14.009726982206477 61.728894907281756 53.60383645377457 47.69422666193812 65.83834480467482 42.49626062651311
24.18070425418074 37.524672042868694 77.00312245496539 42.45637738219914 32.87098464365523 30.625766513891456 24.536545497137112 67.18272757510634 61.03817208613114 21.45511696012059 10.137625212687777 70.14676291077345 14.887431468646383 22.4020792520907 27.962076712128173 0.0 43.15463299055382 53.7293510393274 98.87589839872457 42.266491768430825 19.4378550224416 44.09457551573165 78.97163136942798 39.137443032993694 29.980775455177554 37.05324565875247 24.693527019712093 40.607141435112005 52.614338322577346 17.418862675789114 8.999296651550987 54.23737582718622 19.247035566062454 8.847325889137366 9.506828269583924 8.628958516114233 46.6110012886058 77.34366773081653 95.09097598590044 42.9489678836871 50.757429635275315 40.62589395243334 14.990601291118411 89.4900972775123 66.5285566376053 74.35588404355946 87.38361285988334 69.6185492872736
29.292769920503886 34.027792053839526 33.89682661893847 19.257059577124394 11.526739212204204 13.572689594415111 26.873029593596335 27.190544167284397 19.763898339894656 57.622607979769484 53.28388778666634 42.677576573872955 54.828451239648246 37.31768418401263 15.661267541972327 43.15463299055382 0.0 10.63881692956411 56.123961743104914 21.919523246084502 27.91764101508076 30.44429799372473 35.91151913394737 24.448944166951698 14.23468195474637 6.21591155303882 29.500177537836212 25.369287254957662 16.622678432693316 56.42481842175377 51.058135948018396 13.33195813560037 62.21458064861983 41.985902982209296 46.914643110744926 51.26500386416018 16.638033489141826 34.346023730232154 52.54041712117726 21.88275771051634 15.142707886981936 14.228855377075597 28.419808250689822 46.33964447538402 56.53033478282025 32.105377520949816 60.72395651785808 31.134079465429945
38.118357795909446 39.89369545713432 23.546964842730578 23.258993546648462 21.946521043688204 23.60592860484692 35.83439705998958 18.5387970078647 10.839909979799687 68.08844457960959 63.84645613957949 39.08088912046548 65.03341899709802 46.14119196697878 25.978453651568323 53.7293510393274 10.63881692956411 0.0 45.508104543587386 28.005076111841124 37.704452275258994 34.2306616144021 25.637135330420108 29.680702727960707 24.754619534392617 16.848714084199283 38.21600156618804 32.050180636541995 14.020495206638497 67.01283578405136 61.69275499731673 9.584906203217733 72.71565484111365 52.16750247393689 57.53113289000842 61.75289141302577 18.399558154035656 24.184424334674624 41.97269701523878 27.721344358157978 13.685722636600019 19.549028077598614 39.05118584116473 35.77430169328759 57.598742494252676 22.908970370622107 56.08188826052977 23.148907663071643
80.1350608648607 76.10980599441683 24.804927903410878 60.77938384941647 67.41462918757304 68.28725484970865 78.26090838887919 33.52295911433391 38.13645881612983 113.4786718723235 108.91302931641383 50.729388447580895 109.03908049966302 87.58414967779078 70.91470771963549 98.87589839872457 56.123961743104914 45.508104543587386 0.0 69.04372935495579 81.43143880941581 67.61989000951183 23.780218701610096 67.00433183629657 70.24976769771264 62.33983313518569 80.03092796628903 73.23476796092415 48.143297795161914 112.51716151615011 107.07373428710717 48.39855931078467 117.53553843083782 96.30653500028554 103.03657467612402 106.58970876601641 55.19461561022554 25.650306220212585 4.312132904407493 68.50017602777456 49.73814580250157 60.08771296242437 84.44371531131598 12.81353294618138 77.56566023417432 31.78552641583891 55.12222840039218 33.52295911433391
40.94418528880304 50.88572641024007 44.31761501625981 39.57672801108588 16.93375746110148 26.131769900962603 38.61358162602655 46.54092305260344 38.84467124903289 48.3541817863677 51.49684026296924 64.58309772932094 56.80602582344681 47.68039659458835 25.608529125772385 42.266491768430825 21.919523246084502 28.005076111841124 69.04372935495579 0.0 36.36303183448428 49.890267288381175 45.6428124578005 43.12224401325031 17.92006660327425 19.85266311376767 41.42668719526444 4.227385973140138 38.427436915048155 49.1808878377185 47.286367103573184 21.1140641046506 60.70240084584182 45.54151137103167 41.33232533169813 50.8277850125701 38.20002363039294 43.764446000747974 66.28895184218263 0.7113065980788735 37.0325225514177 34.38441434382864 28.79627010879025 57.11959173467193 77.00956438936048 38.5968985060201 82.54444234992991 51.12533912011814
6.295413276225118 20.337586031747378 61.223320913789564 23.08442716288104 21.04708505573554 14.35047242995861 5.468424169218113 48.778082208956896 43.295234938416684 39.68649253925971 28.542137787332607 50.832837686404645 27.621325787908173 11.328741205741121 12.666598378129459 19.4378550224416 27.91764101508076 37.704452275258994 81.43143880941581 36.36303183448428 0.0 25.329473634401456 63.33397167712254 19.827145025601755 18.94564153660997 22.76260252589555 6.924954429640544 36.721365454059196 33.95344127044596 36.408318642652716 28.433950315395368 40.786347529702226 36.45818596569397 14.895536308049305 27.181331580253655 25.73030919004469 27.54133371394488 61.88682263606864 77.46656684686424 36.87946831205481 32.162528985327164 21.76999201467238 11.981268767840614 73.07622913741969 50.19230064269209 60.01347918076032 68.33558248924149 50.791002150772854
19.915245038415513 8.898015843128626 53.63858361571867 11.29825526680554 33.371124075342834 24.632226892675302 19.87692204060609 34.5065409985218 32.81056739512676 64.94744729181983 51.928098713977896 26.66563385341574 47.76275537182591 24.047757113783987 26.366653004522814 44.09457551573165 30.44429799372473 34.2306616144021 67.61989000951183 49.890267288381175 25.329473634401456 0.0 55.849464504445656 6.939602834129434 33.51687959110602 30.15247546687916 19.40274684682147 52.173483432361394 22.018606806460472 61.43182197035716 52.990858024397824 42.26913054017094 58.27414430223298 37.270217799928666 52.43190393682354 48.66456783981183 15.882362882629147 55.01317340320662 63.333800198312325 50.10346148631236 21.337594045368682 16.219205969580027 36.177363337004024 62.686072668271144 27.3379566769575 55.917170781847794 43.30925651952725 34.142716707776025
63.456867526204825 63.110226366646714 2.2218737666498174 46.34727037911417 46.34727037911419 49.22226774623983 61.25187117368266 23.594439742200166 23.04013225676335 91.61612035336121 89.10925520599787 48.6804065747347 90.64814369854531 71.40453881525326 51.520211256015095 78.97163136942798 35.91151913394737 25.637135330420108 23.780218701610096 45.6428124578005 63.33397167712254 55.849464504445656 0.0 53.01706180366606 49.258537737932265 41.926137705175066 63.50289214597842 49.78468027865486 33.9073850502552 91.1633096806142 86.58967664895974 25.73627860484493 98.10143734194246 77.78419297785604 81.957147194113 87.16316714769209 40.69288033346893 1.885726777995919 21.74945582202332 45.06677569222257 34.87950216561555 43.926626794832565 64.08305732198752 11.476829714169755 73.50767193669651 8.236398895274345 60.34590807998902 27.11503865492344
15.333086802374218 10.239552176574614 50.795605440630865 6.672336737697666 26.489930326577376 17.69377901197366 14.603624904557979 33.48388856793145 30.290329012777093 59.45420678199902 47.6511746911739 31.018849340538985 44.61499587404614 21.299640943717886 19.452165372252534 39.137443032993694 24.448944166951698 29.680702727960707 67.00433183629657 43.12224401325031 19.827145025601755 6.939602834129434 53.01706180366606 0.0 26.58084661391667 23.5182355784898 14.954854053138776 45.30898477086094 19.367753022407367 56.23429113030247 48.12789576955242 36.93161975104313 54.68762960859739 33.14688454586191 46.97247001516363 44.545108416012404 12.349124554253647 51.98967455047728 62.79254472856839 43.358410769979166 18.174975024204286 10.428945465761114 29.9024271507876 60.84736787429758 34.27078178603869 52.15871078989343 48.569120175102285 34.130204184728754
23.07776901379372 33.32799939130182 47.36630632407371 24.60415546431067 2.913416644909264 8.892624417435242 20.71630452111397 41.010438473018276 33.818707099521525 43.38794046418838 40.0767417190133 52.6457369808351 42.975422754583484 30.115132982812234 7.761832765864182 29.980775455177554 14.23468195474637 24.754619534392617 70.24976769771264 17.92006660327425 18.94564153660997 33.51687959110602 49.258537737932265 26.58084661391667 0.0 8.129576635954368 23.543346364796754 19.200736729662513 28.459565651839362 42.26905731951085 37.33330468109457 24.25695921299411 49.225978317661635 30.530715884518287 32.84138818287176 38.43122578529125 25.278757966567596 47.57519601440801 66.72524914057077 18.351386217667148 26.64072041911967 19.885590288847375 14.990175876054963 60.08288537055909 60.85153914602979 44.38185749045545 71.01050708224604 44.580918251984805
25.06883972658031 32.102814918417025 39.949978828964355 19.7322626073503 5.644203514939812 8.680392557854436 22.593389615118333 32.919596422809114 25.689987683458682 51.475884558008055 47.189919933428975 46.085044052795766 49.080155267428125 32.91793001437298 10.134186215948356 37.05324565875247 6.21591155303882 16.848714084199283 62.33983313518569 19.85266311376767 22.76260252589555 30.15247546687916 41.926137705175066 23.5182355784898 8.129576635954368 0.0 25.3734390920075 22.569250430043958 20.90652029280543 50.21805876747976 44.868527233324976 18.054541866710558 56.17967077744195 36.298433349049425 40.699694372999055 45.25242370475806 18.889424198789374 40.31649495391278 58.74993664187505 20.015818136888992 19.172927863911937 14.554810963439664 22.242987872835943 52.48669980560582 57.16730713797697 37.69924969816898 64.37689301717383 36.591867906974855
0.6295414022826105 13.518111885996444 61.32827875341067 19.741909069249232 25.089949089697075 16.726153587022694 2.849291987090369 46.74966269333766 42.134815893098136 45.6947019871704 32.764919166969065 45.683300699445255 29.837626749788402 7.925240424186083 16.136465285189658 24.693527019712093 29.500177537836212 38.21600156618804 80.03092796628903 41.42668719526444 6.924954429640544 19.40274684682147 63.50289214597842 14.954854053138776 23.543346364796754 25.3734390920075 0.0 42.260876517639495 31.91912791439188 42.05439189418366 33.59317394871503 42.798619200837095 39.74830417248912 18.20118074734775 33.19818027914059 29.61375728448312 24.98520088992982 62.197745304834946 75.93503233779496 41.87982072315251 30.29304591980817 20.005451852610644 18.89780388777566 72.5773688480712 43.35502784861325 61.04101987230713 62.704654268492064 48.13584913244794
41.74049436315465 52.52251756746671 48.488750059276775 42.23495304790539 18.823861822687984 27.88419921927732 39.50878195892836 50.587076606724956 42.87997943152069 45.094264154081934 49.4575047058686 68.01852694508325 55.35907763389804 48.03237366824218 26.954822037199953 40.607141435112005 25.369287254957662 32.050180636541995 73.23476796092415 4.227385973140138 36.721365454059196 52.173483432361394 49.78468027865486 45.30898477086094 19.200736729662513 22.569250430043958 42.260876517639495 0.0 41.978283795308734 46.23492887511405 44.972386873597394 25.338478962093156 58.57002031374156 44.63272122741808 38.8252264754197 49.046093151709556 41.28868863843521 47.903589036274425 70.5016045597785 4.735241838301587 40.509658217289086 37.09641463461771 28.004776194792868 61.260538778005916 79.44252827788821 42.639684689473285 86.09277204452803 55.12038885864486
32.04813985300152 29.275334556765767 31.68915454485753 12.818779610648006 26.442992957087622 22.735830538213413 30.28017424418753 14.879587258573899 10.957041872315408 70.24894343685297 62.28326285641428 26.224589179866733 61.30505947086683 39.442664817360175 25.581031401363195 52.614338322577346 16.622678432693316 14.020495206638497 48.143297795161914 38.427436915048155 33.95344127044596 22.018606806460472 33.9073850502552 19.367753022407367 28.459565651839362 20.90652029280543 31.91912791439188 41.978283795308734 0.0 68.15204372659247 61.35761973867053 23.43243588788419 70.40939745830752 48.802415537117945 58.477215299945065 59.62404514459774 7.1130659807859065 33.01633582361283 44.024006477407404 38.33809599452881 1.892899887996009 12.193338106291698 39.549425024097225 41.4839495777167 43.63850701056402 34.02210548844241 44.124380302735354 17.021053182798404
41.52482675265831 54.936939011526434 89.3674874737757 59.01775939401972 45.11892959338093 45.48413131548735 41.70415291720238 82.22981056621322 75.53328487684357 5.2621598129329 13.379699351209847 87.23878892427389 23.210984895378562 39.589604325039645 42.653551057787965 17.418862675789114 56.42481842175377 67.01283578405136 112.51716151615011 49.1808878377185 36.408318642652716 61.43182197035716 91.1633096806142 56.23429113030247 42.26905731951085 50.21805876747976 42.05439189418366 46.23492887511405 68.15204372659247 0.0 9.118239656553419 65.55315786427707 17.56616364028967 25.511862333419714 9.677260771341206 16.468304612487422 62.686306550902174 89.41213263229045 108.96509315776014 49.89073912570208 66.2626715560136 56.586560176007126 28.644204891530094 102.20488309916699 83.73606440546122 85.5371931294836 104.66891228336425 85.12908255008874
33.097193348284264 46.16815118294315 84.68422540269846 51.42361064321771 40.24600780789173 39.0646564397553 33.52466242654722 75.80400409696541 69.46897059914649 13.946253611447903 5.683623031452354 79.12980825347185 15.338499162459629 30.611948340124286 36.31625824067153 8.999296651550987 51.058135948018396 61.69275499731673 107.07373428710717 47.286367103573184 28.433950315395368 52.990858024397824 86.58967664895974 48.12789576955242 37.33330468109457 44.868527233324976 33.59317394871503 44.972386873597394 61.35761973867053 9.118239656553419 0.0 61.396062946234096 13.771885637763159 16.47452601236612 6.510327547248559 7.892543534370091 55.48623766893091 84.90838848028339 103.36541187070216 47.99256832563841 59.48791438026219 49.46241591788667 22.64371125454889 97.33416286896178 74.71488465624208 81.54963503610519 96.29745781155891 78.37742847258993
42.57359115312523 46.87299019434519 24.08923159567103 30.99904652416204 21.37572932757783 26.513735725751896 40.13581425625973 26.748450844202775 19.41798390429503 65.89246487332574 64.325067748295 48.63803757499632 66.93660989003762 50.57330617756438 28.188136409860864 54.23737582718622 13.33195813560037 9.584906203217733 48.39855931078467 21.1140641046506 40.786347529702226 42.26913054017094 25.73627860484493 36.93161975104313 24.25695921299411 18.054541866710558 42.798619200837095 25.338478962093156 23.43243588788419 65.55315786427707 61.396062946234096 0.0 73.4829362161435 54.23737582718622 56.483120411277135 62.67370543102767 26.870564548024046 23.93667752260836 45.42453309902085 20.664761598832733 22.862256619355918 26.50277473349534 39.246909520144136 37.039934347809044 66.7457964898229 20.157226171225687 65.44437311404924 31.63051480513607
39.409838564298084 50.24657930992624 96.10715330736254 59.17754217629045 52.1127832701668 49.30094901801512 40.60742415193873 85.2129093279264 79.4828095514334 22.542947078264653 9.268723399244218 84.93785285296399 10.951253312749483 34.27920013087246 46.77169448215149 19.247035566062454 62.21458064861983 72.71565484111365 117.53553843083782 60.70240084584182 36.45818596569397 58.27414430223298 98.10143734194246 54.68762960859739 49.225978317661635 56.17967077744195 39.74830417248912 58.57002031374156 70.40939745830752 17.56616364028967 13.771885637763159 73.4829362161435 0.0 21.71647955770302 20.245478724815246 10.967118897786092 63.943109722550254 96.49589393221945 113.6591882713569 61.4024922952331 68.61056009763128 58.2281469900835 34.236268444814534 108.48726334075434 76.13287777948545 93.59404318361588 101.01272434757442 87.228546619051
17.814561215633912 29.934605113265103 75.71180950256219 37.463600433581384 33.20647063805592 28.563479769166474 18.897456947035497 63.65064629545479 58.174232959853356 29.95420774326193 14.659174368467884 63.79849435891791 12.86596380008999 14.158164367072702 26.32587666781238 8.847325889137366 41.985902982209296 52.16750247393689 96.30653500028554 45.54151137103167 14.895536308049305 37.270217799928666 77.78419297785604 33.14688454586191 30.530715884518287 36.298433349049425 18.20118074734775 44.63272122741808 48.802415537117945 25.511862333419714 16.47452601236612 54.23737582718622 21.71647955770302 0.0 18.342133320781446 11.423555398549297 42.25215641247953 76.2741065951775 92.35417098882088 46.17500644498931 47.02843347645633 36.609167813982054 16.74530023580849 87.76490135274871 58.241738802898155 73.9864680531857 80.48721575227863 65.54852023253733
32.63607445680906 46.41936619988138 80.11779713685435 49.49313012204432 35.721598113743255 35.80758392739798 32.578378753961246 72.56297747599876 65.90310748479995 12.515606923512236 11.965761220828831 77.9114512703817 20.938267724332853 31.74899771421941 32.97816708007969 9.506828269583924 46.914643110744926 57.53113289000842 103.03657467612402 41.33232533169813 27.181331580253655 52.43190393682354 81.957147194113 46.97247001516363 32.84138818287176 40.699694372999055 33.19818027914059 38.8252264754197 58.477215299945065 9.677260771341206 6.510327547248559 56.483120411277135 20.245478724815246 18.342133320781446 0.0 13.30122862595107 53.05578292228649 80.23176487318085 99.44271130148208 42.042322415680516 56.58746688382731 46.94944308768423 18.969946956427417 92.89744496783375 75.75235918766752 76.57403280857538 95.51519152645682 75.45194279011817
29.21383996879847 41.13477074937845 85.16105615936199 48.67235256984766 41.29903733647687 38.337930815832756 30.171492773617096 74.38365189208251 68.56212273422925 21.5783162698293 3.4723807677636462 75.21869825183838 7.640637089932724 25.145698470874933 35.8046410693603 8.628958516114233 51.26500386416018 61.75289141302577 106.58970876601641 50.8277850125701 25.73030919004469 48.66456783981183 87.16316714769209 44.545108416012404 38.43122578529125 45.25242370475806 29.61375728448312 49.046093151709556 59.62404514459774 16.468304612487422 7.892543534370091 62.67370543102767 10.967118897786092 11.423555398549297 13.30122862595107 0.0 53.270922921560164 85.5669123099735 102.72681426302455 51.514639102291895 57.80813447736617 47.46950951755503 23.473117736595754 97.52284209951537 68.66357008227321 82.7489638448062 91.82193288360774 76.51347325681067
25.15012478221599 22.42693080577577 38.47101166704582 5.724773184739261 23.847843320373542 18.030277098398024 23.510174961975647 21.78112750744033 17.956938592347193 65.12203420905901 56.054050140884435 27.38202432102077 54.587776521162255 32.400856448514 20.79232786417043 46.6110012886058 16.638033489141826 18.399558154035656 55.19461561022554 38.20002363039294 27.54133371394488 15.882362882629147 40.69288033346893 12.349124554253647 25.278757966567596 18.889424198789374 24.98520088992982 41.28868863843521 7.1130659807859065 62.686306550902174 55.48623766893091 26.870564548024046 63.943109722550254 42.25215641247953 53.05578292228649 53.270922921560164 0.0 39.70008721204844 51.04981920197305 38.24267459186482 5.826106335277043 6.115883179230062 34.363444719383644 48.563984660912176 40.16737922325246 40.168889799145006 45.74190568997045 23.299443040605105
62.13819392854793 62.126931332275134 1.9887918004519876 45.31740840112977 44.66238180372475 47.722663762032404 59.909245012782115 23.414749344301637 22.255411643200368 89.82736338101643 87.48068742495276 48.760290531275174 89.1337968582016 70.11025319107101 49.982225299597175 77.34366773081653 34.346023730232154 24.184424334674624 25.650306220212585 43.764446000747974 61.88682263606864 55.01317340320662 1.885726777995919 51.98967455047728 47.57519601440801 40.31649495391278 62.197745304834946 47.903589036274425 33.01633582361283 89.41213263229045 84.90838848028339 23.93667752260836 96.49589393221945 76.2741065951775 80.23176487318085 85.5669123099735 39.70008721204844 0.0 23.556859813747455 43.18693138602375 33.908823894851785 42.740407055319885 62.43324547661661 13.356949742308645 73.25430505525352 6.549394804870293 60.90386576428961 27.18759178918283
76.05001002035358 71.84466695985935 22.446245954136966 56.60769852214299 63.917133165506485 64.4738918335419 74.20609548402938 29.32750707961339 34.189039042622454 110.04386627440098 105.09761110331517 46.56093330282526 105.053914361842 83.44949972195148 67.13310162210986 95.09097598590044 52.54041712117726 41.97269701523878 4.312132904407493 66.28895184218263 77.46656684686424 63.333800198312325 21.74945582202332 62.79254472856839 66.72524914057077 58.74993664187505 75.93503233779496 70.5016045597785 44.024006477407404 108.96509315776014 103.36541187070216 45.42453309902085 113.6591882713569 92.35417098882088 99.44271130148208 102.72681426302455 51.04981920197305 23.556859813747455 0.0 65.76870789195124 45.64693039069384 56.02903708166334 80.76058707857317 11.915940803653294 73.39203183943162 29.951174060936875 51.58619979009502 29.222693630554357
41.40269268928338 51.21388774221913 43.75874876909817 39.71981078231555 17.272681988456355 26.46647193161575 39.060780739198215 46.24817810200797 38.56044254557633 49.055256429066695 52.19441385192855 64.51811013045814 57.473911744180626 48.19008226322066 26.008716682916884 42.9489678836871 21.88275771051634 27.721344358157978 68.50017602777456 0.7113065980788735 36.87946831205481 50.10346148631236 45.06677569222257 43.358410769979166 18.351386217667148 20.015818136888992 41.87982072315251 4.735241838301587 38.33809599452881 49.89073912570208 47.99256832563841 20.664761598832733 61.4024922952331 46.17500644498931 42.042322415680516 51.514639102291895 38.24267459186482 43.18693138602375 65.76870789195124 0.0 36.96743534596665 34.520724613757345 29.430027282027513 56.54344703032888 77.18306511926099 37.98150247506743 82.44153696327217 50.85813707810187
30.40315521934116 28.231012760987266 32.65770688837789 11.534536664304893 24.67197009914347 20.842939483267955 28.584998226458573 16.623340698697383 12.156327721226969 68.35613243614576 60.448646123718845 27.551349332370005 59.569984512819595 37.886883878553974 23.688142803744498 50.757429635275315 15.142707886981936 13.685722636600019 49.73814580250157 37.0325225514177 32.162528985327164 21.337594045368682 34.87950216561555 18.174975024204286 26.64072041911967 19.172927863911937 30.29304591980817 40.509658217289086 1.892899887996009 66.2626715560136 59.48791438026219 22.862256619355918 68.61056009763128 47.02843347645633 56.58746688382731 57.80813447736617 5.826106335277043 33.908823894851785 45.64693039069384 36.96743534596665 0.0 10.437578630301699 37.65744895590054 42.79113324064847 43.939084904698035 34.57959662707696 45.59000261341194 18.897132650863718
20.074298727510268 20.47077059477982 41.72299164783847 5.208310525432643 18.842224359041982 12.077524519422967 18.177074398613627 27.05611511632769 22.12989673857562 59.0062049085014 50.177903833109056 32.93184093596296 49.13243081450221 27.748076319761154 14.777843510619926 40.62589395243334 14.228855377075597 19.549028077598614 60.08771296242437 34.38441434382864 21.76999201467238 16.219205969580027 43.926626794832565 10.428945465761114 19.885590288847375 14.554810963439664 20.005451852610644 37.09641463461771 12.193338106291698 56.586560176007126 49.46241591788667 26.50277473349534 58.2281469900835 36.609167813982054 46.94944308768423 47.46950951755503 6.115883179230062 42.740407055319885 56.02903708166334 34.520724613757345 10.437578630301699 0.0 28.249562182853293 52.63668825782249 42.73399332032479 42.33020669969019 51.27962640436297 29.05454548676531
18.268786189472927 32.16200115865002 62.14252866012905 31.288831346693886 17.88215917130552 16.84341651749566 17.050540989641288 53.59757449925896 47.00809747905198 30.7719903704038 25.09518000489482 60.17357031736431 28.451249321575656 21.896759763299592 14.009726982206477 14.990601291118411 28.419808250689822 39.05118584116473 84.44371531131598 28.79627010879025 11.981268767840614 36.177363337004024 64.08305732198752 29.9024271507876 14.990175876054963 22.242987872835943 18.89780388777566 28.004776194792868 39.549425024097225 28.644204891530094 22.64371125454889 39.246909520144136 34.236268444814534 16.74530023580849 18.969946956427417 23.473117736595754 34.363444719383644 62.43324547661661 80.76058707857317 29.430027282027513 37.65744895590054 28.249562182853293 0.0 74.72836322756771 61.96090297689159 59.36770239537881 78.1908668212934 56.498344978070676
72.59610453003661 70.60459334241449 12.951381530542822 54.28767572869738 57.18710626101056 59.2783089665724 70.518546701628 28.3870170496567 30.642650253466094 102.81082826905126 99.61386360090366 50.682489211064485 100.6171233149043 80.38006774391447 61.728894907281756 89.4900972775123 46.33964447538402 35.77430169328759 12.81353294618138 57.11959173467193 73.07622913741969 62.686072668271144 11.476829714169755 60.84736787429758 60.08288537055909 52.48669980560582 72.5773688480712 61.260538778005916 41.4839495777167 102.20488309916699 97.33416286896178 37.039934347809044 108.48726334075434 87.76490135274871 92.89744496783375 97.52284209951537 48.563984660912176 13.356949742308645 11.915940803653294 56.54344703032888 42.79113324064847 52.63668825782249 74.72836322756771 0.0 76.94751304474059 19.135237352512505 59.11916625817182 30.27129019724841
43.975553918743294 29.855293249871963 71.48904786792004 37.52722176139583 60.676249885071385 51.96268151572854 44.91830561374811 49.91581320521191 52.135593665874644 87.98367315697624 72.13372206615828 26.83630777421085 65.20118449510421 44.156679071462115 53.60383645377457 66.5285566376053 56.53033478282025 57.598742494252676 77.56566023417432 77.00956438936048 50.19230064269209 27.3379566769575 73.50767193669651 34.27078178603869 60.85153914602979 57.16730713797697 43.35502784861325 79.44252827788821 43.63850701056402 83.73606440546122 74.71488465624208 66.7457964898229 76.13287777948545 58.241738802898155 75.75235918766752 68.66357008227321 40.16737922325246 73.25430505525352 73.39203183943162 77.18306511926099 43.939084904698035 42.73399332032479 61.96090297689159 76.94751304474059 0.0 76.05529285617031 31.494388659785365 46.88050051625093
60.916325850852296 62.39468271602585 8.175128872903208 45.55099549292843 41.48555064224444 45.676951054725 58.585066299704636 27.011719636923626 24.01725763568056 85.64267909912373 84.4585891354337 52.66376310145308 86.77940496559711 68.95932301843476 47.69422666193812 74.35588404355946 32.105377520949816 22.908970370622107 31.78552641583891 38.5968985060201 60.01347918076032 55.917170781847794 8.236398895274345 52.15871078989343 44.38185749045545 37.69924969816898 61.04101987230713 42.639684689473285 34.02210548844241 85.5371931294836 81.54963503610519 20.157226171225687 93.59404318361588 73.9864680531857 76.57403280857538 82.7489638448062 40.168889799145006 6.549394804870293 29.951174060936875 37.98150247506743 34.57959662707696 42.33020669969019 59.36770239537881 19.135237352512505 76.05529285617031 0.0 65.92230037914521 31.341354294099805
