0.0 47.57006418006242 47.716304725218684 18.587083525312885 58.0702678281583 58.181728669527466 49.49126159992414 62.944957049963904 58.989064354509544 22.624713583628186 9.26708313342432 64.18658316870882 14.8551798655514 31.322081979485723 78.84081532606318 14.483695254649724 82.02645344440185 68.05976470300902 35.123856362691086 62.723804297798665 46.468884661193535 44.11991261943469 54.0968878677432 16.37176536027321 13.036581021990811 63.38292050999973 81.65137902915637 54.887478925580076 60.883780691669756 48.33832480632726 6.431448682502921 66.88897658260882 10.527782010798239 72.11143822715344 53.00991581752799 11.218944273916714 71.49498080457846 33.06075315189991 34.142716707776025 44.919969578287855 130.63352862668546 100.09717798954371 73.27051986568833 55.789702668214936 57.01938766759693 121.6321176602831 88.14525310879597 56.032493175726174 30.07550472988961 32.62319306440457 118.7214809217606 84.12157074876191 49.52718111668153 14.976616595054251 19.761345881588923 122.33729162234891 89.10692463163474 57.51967387979118 32.73865482943475 35.07084156510304 131.9438921455369 101.78581418079055 75.54008544903242 58.711568715311415 59.85468522972476
47.57006418006242 0.0 25.660126131529765 29.274185761023798 31.858388256623627 22.514259463206276 17.002036522856837 17.416216879121972 19.87095802551854 25.67526255890796 46.27253618641812 27.806584878449403 62.22506210522843 17.970457835071663 51.960345936899046 36.28197855671646 51.6144845048385 35.71403831577018 13.294614215683618 20.385319941062175 20.657600184735195 3.5565329903929532 32.744571002595315 32.13537462430333 56.78556956602768 18.91815833284411 42.77713796946813 7.758739130709518 18.633579075758764 3.437212567532466 53.68553603376633 24.47684080612086 50.458065673475495 34.049119532940225 19.596151897573844 42.98426096689271 56.64228203649459 19.727066637977025 16.511875935902875 14.45796338277152 98.1862026221578 76.03757032993279 65.70893095776914 72.44573765502514 92.59522661134811 81.85016017516473 53.55040308551332 37.82418716124082 48.872478067499564 75.77067773556341 73.13995024413265 39.115847455712256 10.271284026140266 32.79941435211538 66.64050150658485 74.77043774231949 42.059485972280314 18.499466518789056 36.19817763302253 68.3610544652914 86.15644520328394 59.870564406876724 46.26930380221556 55.60598013247586 80.23723660782724
47.716304725218684 25.660126131529765 0.0 31.514936037497968 10.517329326513137 13.619186391818875 42.104651027252594 40.31236816597856 45.34447316553202 34.36625916408422 51.28810394234445 18.176324218114505 59.586988281733376 21.119019231578893 77.61945605668043 43.416007565954224 34.67338168950337 20.39482235879971 21.564044395407468 44.96449925788428 5.004456141411339 25.795268899370164 8.100570637576695 32.22439442926019 51.27431515104745 24.989995932135383 34.8540233058549 30.885877368386502 43.43389497305413 22.62739111523949 54.02279172277078 24.75472874938117 44.96731592217998 25.72984714538626 45.07730882272512 38.20948048710469 31.906936515480222 37.00319075956794 18.327403637909693 11.281381682428256 83.56559696718955 55.682339878762896 40.157938163455505 50.19581722056524 76.29812042766972 74.18625489191732 40.42901786065228 12.659468162088741 32.87659291714794 66.3048276389438 74.93226735495102 41.76994037200264 16.41525448351242 34.48249808612875 67.10792950270313 85.53908735243567 58.576308810441574 44.04825822171002 53.33039247159082 78.37620225516115 103.00376416135963 81.81550510057156 71.92031307765173 77.75628018305115 96.51062064945404
18.587083525312885 29.274185761023798 31.514936037497968 0.0 42.025770310075714 40.37683855330156 34.20990632203759 45.43327159371943 42.98398985346692 7.753127175500443 19.93163340424205 46.521744324042665 33.00234774161924 12.81862067467466 67.69954476756077 12.176055282394874 66.17145620933049 51.27625964298727 16.548365432258358 46.06703243853066 29.265311811746415 25.92718862049831 38.88355495703712 3.2740546300352267 27.753783353121424 44.829732640109995 63.98955992613385 36.79804753323215 44.17803089383995 29.822491260215813 24.926476599834995 48.514025332271565 21.67270301917984 54.405298112575544 37.96404139104999 14.569220667981078 59.61966438062622 18.623259885551448 15.759708759040084 26.786395438009215 115.07108253543488 86.44970763266402 64.03548287011365 55.877789754234904 67.37139537364999 104.17747226158905 71.46398310612237 41.90578668746286 28.28299766352706 47.313844468166735 100.21820230691102 65.61465453475493 31.011806130107313 3.610507282594545 38.19939554330802 103.98859291324645 71.19089879794394 41.442735935643505 27.598846480986506 46.911959749584305 114.72889674271865 85.9979102650986 63.42993063242841 55.18936799781399 66.80697037307847
58.0702678281583 31.858388256623627 10.517329326513137 42.025770310075714 0.0 11.645558431680916 48.854625728430825 43.43822798851231 50.32213747012951 44.6118868037579 61.80335689332997 12.252368413800031 69.52070033431157 31.24986973661257 83.00469790898109 53.88198908199642 24.1562126644827 10.688066568701235 31.008287564372196 48.92548127472267 13.635856427882128 32.97591414894324 5.322285850325775 42.72757033823596 60.91998681613554 24.160638407523734 26.097226452280847 35.173660997011645 47.662090944632226 28.46986740815061 64.32809421497673 21.344055496649382 54.75730732222741 18.014872084148653 51.36904499115896 48.267512631667486 25.130187700670266 46.21754644832415 28.308088787463987 19.08700145514272 73.049112248797 45.79229484995276 35.39104446894009 52.94287566302572 82.14743107280282 64.33223656481651 30.172754064840127 8.775360956459492 40.47804686019366 74.79833581666215 67.34942351481376 36.11169899246324 21.610426299537277 44.99791117402636 77.31403015962292 80.79650156793721 57.252867701089414 49.219044138968194 62.94398306336419 88.86046901218332 100.57292043713635 82.65464387701613 77.09348804574405 86.31198966622965 106.54037326741071
58.181728669527466 22.514259463206276 13.619186391818875 40.37683855330156 11.645558431680916 0.0 39.26501654994413 32.019024430090006 39.51963227526918 40.91244971527686 60.19615641645558 6.220391659983743 71.15509452821264 27.940119510646912 72.14068734295397 51.19736734891893 29.241500325882868 13.239986887642884 25.974745067749076 37.706040512450976 12.156974178523024 24.497541818734422 15.315375209963545 41.930023042250966 63.41626748057532 12.656996227158125 23.61634730605615 24.34765873372147 36.55717252473885 19.097720734241474 64.60740271752739 11.18010418456277 56.95902433853752 14.031483767400267 41.36029311571161 49.791461865507 36.422061780633264 39.77081069268842 24.84215406034647 13.749620111355028 76.91579731006304 53.52684245284731 47.00019173897479 62.83092676143857 89.89574442013843 63.828587721113486 32.25034541266975 20.02320550056495 46.43942881170669 79.4176312202871 61.87237688667462 28.221358292081078 12.631376578635265 43.78939201316004 77.91227502551104 71.96083067128355 46.19759380683365 38.534408540267584 56.83669637744028 85.85304836591098 90.13612981577195 71.08674964039336 66.1581400764007 78.07203385675449 101.03640378339846
49.49126159992414 17.002036522856837 42.104651027252594 34.20990632203759 48.854625728430825 39.26501654994413 0.0 17.480029904462793 9.761744697302284 27.422695797144005 45.01875065586361 44.13223023130388 64.19711280817695 28.0355100096141 36.21655213082419 35.52068504719888 67.99568697387782 52.314671922757945 23.96930190059083 14.34956988645197 37.1323891250069 16.310912505919678 49.53403158347638 37.483658628181026 61.10377616439207 32.91812891731036 57.46045244243644 16.459064979210467 12.818809103968498 20.416255222486704 54.62363968642881 39.040302656696355 55.5025319081211 49.544243141129776 3.7841308369437106 48.72943897148333 73.53345638974639 16.436868680416993 28.37202941300137 30.837251054072585 113.24185893149041 92.72493373549305 82.2607502672005 85.61817395532923 101.43389653507545 94.66423873153518 69.07240044021133 54.54788973810383 59.78917471041907 81.04823203040317 81.77878099920096 50.18300662236185 27.271605048107155 36.932206631436166 66.17459095363172 77.48032926781016 42.89586842850438 8.471362095345848 26.42587304129064 60.989703220847076 83.11230023662047 52.30869468349189 30.97711331274862 39.72153672793746 67.75585828471431
62.944957049963904 17.416216879121972 40.31236816597856 45.43327159371943 43.43822798851231 32.019024430090006 17.480029904462793 0.0 10.430702385380325 40.34298824841571 60.0600755269044 34.9052860066042 77.79121552906321 35.178824946579276 40.905789587842776 50.11031835654528 57.55901925526357 43.31455753938357 30.450948084984194 6.323648813058198 35.59447422034208 20.04581118091829 45.94404214838454 48.515668166915596 73.18672892050166 21.318659592262662 44.285383954790206 9.943472354283472 6.123761744198064 18.958071249087432 68.70094001572149 27.143617332907308 67.02958883970935 38.06058427114733 16.450351225522336 59.677653299497024 68.43528138993723 31.09932817103919 33.91407475521708 30.142597761752437 99.43779762907324 82.75822399767584 78.76995189849036 89.19204362839959 110.00213457349662 78.88028061945236 56.71689642089163 51.05211630723106 66.26186980753089 92.57298078581667 64.44031576431033 34.1506158221136 23.97539248642555 48.766986244864874 81.09539486581028 60.65773360102183 26.408630436652246 10.50355431523558 43.7959737961901 78.23492675294592 69.30039494370588 42.54746522511125 34.82615245988758 54.8659004639243 84.86757456390278
58.989064354509544 19.87095802551854 45.34447316553202 42.98398985346692 50.32213747012951 39.51963227526918 9.761744697302284 10.430702385380325 0.0 36.63907018936448 54.75307882756721 43.348051913910815 73.75881821124845 35.08690269842388 32.68435538188935 45.17996022791219 66.70982830711544 51.78659694423339 30.56307399854497 5.134543595702043 40.37074515527077 20.91644244070794 51.99086551239361 46.23397275971989 70.31596360071343 30.433725349775923 54.249848986870376 15.188657349521264 4.351214824996794 22.72062279433633 64.25101192750756 36.51500785274338 64.53891716195241 47.43415832860525 7.1130659807859065 57.552290671597646 75.43993099159262 25.963105003361033 34.7213280386351 34.27520241836322 109.66638238501163 91.84682746944623 85.08628582292326 91.85980831630373 109.68812497633513 89.30982763415479 66.50241046488931 57.12868033249644 67.07899723051456 90.16810886125668 74.28723367154927 44.58127462899504 29.175755318658872 45.932527030023905 75.9157893338889 68.21949271235033 33.6264427519205 1.5590080738048404 35.62271393379279 70.21666025703499 73.36356738919025 43.03908133437955 26.783434201282443 44.46552031346585 75.04567255565729
22.624713583628186 25.67526255890796 34.36625916408422 7.753127175500443 44.6118868037579 40.91244971527686 27.422695797144005 40.34298824841571 36.63907018936448 0.0 20.627891344280258 47.13140034322946 37.47986228241274 13.389248757475599 60.05702424890483 10.741507751665438 68.43579155430736 52.909941997174066 15.072682241723454 40.17313204867644 31.138443546881067 22.12962052813357 42.24684195816816 10.813198679686264 33.700082724688514 43.133520421577714 64.31630805706001 32.61143269202167 38.31808816299242 27.05841114254925 28.38494289898652 47.58496335922337 28.103665972554897 54.79926951148672 31.09894736141317 21.575984377913787 64.40344891370908 11.243095529979778 16.426542952623645 27.20892325706454 117.18288575453006 90.01840647984707 69.78233275986217 63.48708606465148 74.74237018277482 104.48607770088933 72.90197465690504 45.90081653685394 35.97084352254673 53.62599914216825 98.40170958165037 63.96562886816701 29.919226651738374 9.673251234380992 41.071117278758756 100.14273560095025 66.58900142614708 35.13501566984964 20.72896860570004 44.94171281782556 109.33587591229264 79.63767026944909 55.89984796694546 47.98163391624196 62.2454102560319
9.26708313342432 46.27253618641812 51.28810394234445 19.93163340424205 61.80335689332997 60.19615641645558 45.01875065586361 60.0600755269044 54.75307882756721 20.627891344280258 0.0 66.3728084078055 20.501508554389513 32.320186760676904 71.63257532560752 10.03486522602041 85.95842370256872 71.19879234755328 35.206044859397224 58.949681718530556 49.19581124142795 42.719094878326786 58.379707777261636 19.12599194698777 21.746564870744876 63.612266382510846 83.80883381751298 53.003238604497504 57.19303366256393 47.67376760413682 10.754545286333368 67.79809151312028 19.784490696724067 74.22563749915734 48.26149574716114 19.002812268053976 77.61634168744068 29.067909851903345 35.38944585623344 46.50488128067926 134.83569358576375 105.47383154415702 80.39633431788693 64.78571263616325 65.76916536197024 124.02440437541617 91.38851537969411 60.96309096404273 38.418303340410596 40.376521133496304 118.97299062551176 84.4729023365061 50.11609713885533 16.80560585838191 21.168061240628553 120.40886008720575 86.46519898995271 53.37615920194738 24.832333603423006 27.912755142804585 128.1139977329753 96.81693732425549 68.76519836480276 49.785498662300824 51.2186437397412
64.18658316870882 27.806584878449403 18.176324218114505 46.521744324042665 12.252368413800031 6.220391659983743 44.13223023130388 34.9052860066042 43.348051913910815 47.13140034322946 66.3728084078055 0.0 76.94440392551448 34.146209153528474 75.65011256039196 57.41224057244964 23.872942408936627 8.447799559304363 32.177075437093535 40.940805404889886 17.82683416002613 30.113446645119552 17.21685253983498 47.998054554475 69.0079783295435 13.828670261219209 17.484869724325026 28.439418123379138 40.00621195150341 24.47401128283083 70.6032093914885 9.495494362214558 62.59498063092248 7.92493378348329 45.91825918389371 55.53800285910371 34.64838704948949 45.748263364229736 31.045135947628108 19.96593077136535 70.89409210628634 48.6925785040238 45.94321077691049 65.15678430551299 93.674174531745 57.65769009585943 26.172991890505294 20.987883717051616 50.899965643035095 84.47467799891915 56.75699171072636 24.143704592502345 18.420974808991485 49.90588775334001 83.88512639314749 68.67910031267705 45.43844130568329 42.51244025677521 62.8075290449106 92.07109390054033 88.37823267251329 71.6250033062951 69.60124093239786 83.38637138456377 107.03739382469
14.8551798655514 62.22506210522843 59.586988281733376 33.00234774161924 69.52070033431157 71.15509452821264 64.19711280817695 77.79121552906321 73.75881821124845 37.47986228241274 20.501508554389513 76.94440392551448 0.0 45.42437578630011 92.13406939198644 28.791627873653248 92.86054238365325 79.92962630087074 49.502498476394905 77.55583553759782 59.11991349703439 58.815909181944534 65.03632317709463 30.38829356761654 9.590272442545148 77.38562618110568 94.24162292661977 69.63190273332361 75.72112859135498 62.8160808186182 9.8247445942859 80.49560300315369 14.8667134224692 84.83079120553167 67.65827506461417 21.419409276667505 79.34779224329982 47.80000175171727 48.05856338121448 58.40958304136591 140.72196482440668 108.75510453930599 79.04103085784674 55.336306107371385 47.660669407270234 133.75717661336546 99.66732413183581 66.11365512158498 34.6886433549856 20.74693357250304 132.45613902933962 97.93063455705 63.49049428861081 29.436878357264124 9.84225644895149 136.98040263459285 103.91435707118471 72.30205139953692 45.296907184261286 35.649166861404964 146.79209121461264 116.43392599048488 89.22206847556346 68.98603620961018 62.867687968914254
31.322081979485723 17.970457835071663 21.119019231578893 12.81862067467466 31.24986973661257 27.940119510646912 28.0355100096141 35.178824946579276 35.08690269842388 13.389248757475599 32.320186760676904 34.146209153528474 45.42437578630011 0.0 63.95539529183502 23.28561190740209 55.049518334068296 39.58595018823651 4.729258058121848 37.09960748451951 17.7492957543013 15.140635483861695 29.117064890002528 15.053488692557792 39.212463239682435 32.063816110218404 51.52472146112418 25.72874811409798 35.22108378280222 17.743886165604604 37.704346268682286 35.702862439482345 32.77986459178469 41.94975820579612 31.730195676908703 25.25459634731684 51.991181532455535 17.1885161148865 3.1064005674426225 14.203782669555384 103.82276691053781 76.79862413224272 58.40962716781958 57.62060883287849 74.98919067321364 91.74907457918147 59.652776123772604 33.07346683274497 32.00147205504807 57.87204606148989 87.41452175150516 52.81094777511719 18.20846537337252 16.399836343270458 51.002112381786674 91.92077656663507 59.91410827228833 33.53819413184787 32.47706039155424 58.13387418904436 104.1260682089165 77.20440541769715 58.93721470585652 58.15035052609216 75.39313087427416
78.84081532606318 51.960345936899046 77.61945605668043 67.69954476756077 83.00469790898109 72.14068734295397 36.21655213082419 40.905789587842776 32.68435538188935 60.05702424890483 71.63257532560752 75.65011256039196 92.13406939198644 63.95539529183502 0.0 64.47662735552927 98.44802480064594 84.09301560608598 60.11280432572 34.72830820765097 72.61583207940105 52.15400071686077 84.54869668887636 70.85763551501704 91.6818393150298 62.21521837373851 84.54445508965668 47.86139134015764 35.661116659803874 55.080414477990736 82.35587218799677 68.03124668418434 87.11624112325339 78.9194159691101 32.80763473587575 81.38133935411305 108.11641849915152 49.159160661347556 64.53206407160815 66.38196178546173 138.3388440688125 123.64532205349923 117.61495725060132 121.54412076375426 134.56318602320795 115.05117831217287 97.1674080832588 89.6712506577847 95.05292018627361 111.46245339257284 94.48399207057089 71.91342261165187 61.73034525628909 69.60251633246683 90.95693824009041 78.79870236467588 49.784696274444485 33.80278825711647 46.92092312712944 75.20205836507866 71.29488899249847 36.913229354312165 6.088149197891264 33.262567163955076 67.60610136962258
14.483695254649724 36.28197855671646 43.416007565954224 12.176055282394874 53.88198908199642 51.19736734891893 35.52068504719888 50.11031835654528 45.17996022791219 10.741507751665438 10.03486522602041 57.41224057244964 28.791627873653248 23.28561190740209 64.47662735552927 0.0 77.96245302976372 62.760985914957594 25.660059426829672 49.215109866794585 40.76431940906685 32.72602039795522 50.94927668521932 12.866539742231513 27.205230903550547 53.870990235530044 74.73160579758047 42.96854443802885 47.428183249357005 37.78144543942546 19.116949186984954 58.25838065792336 22.978948337763637 65.17514599104207 38.91357015122687 18.701784630112144 71.74541361419315 19.281040120621803 26.392002768628092 37.44775580061565 126.8435501522976 98.59490464982866 75.8115904973947 64.56479157353142 70.60170249888905 114.94535276994938 82.88882772445393 54.06948641885231 37.03091849563242 47.052061071050574 109.13758353979354 74.70678112451435 40.5715043814796 10.288032189817693 30.99182249718726 110.38611739479957 76.50271606941659 43.76167045074043 19.296362809822142 34.99232797698338 118.46799871990137 87.66544015243844 61.07867330666888 46.591753880787344 54.825094510852004
82.02645344440185 51.6144845048385 34.67338168950337 66.17145620933049 24.1562126644827 29.241500325882868 67.99568697387782 57.55901925526357 66.70982830711544 68.43579155430736 85.95842370256872 23.872942408936627 92.86054238365325 55.049518334068296 98.44802480064594 77.96245302976372 0.0 16.032758330193747 54.183182306921736 63.809160975041316 37.304638816503434 53.735428406599006 27.955969113835252 66.8723832966202 83.91335499051152 36.33231463343699 16.95474721390014 52.11327170557543 63.09234140076385 48.24025280873681 88.20802000483575 30.4178251786465 78.00033258183093 19.55427855301272 69.69771707170263 71.89592210607992 24.252725655360727 68.76396024533236 52.01601925694346 41.75247365729022 48.9002399283228 25.199229670232526 35.68770231298391 65.62824259568472 98.66794598597878 42.81954606026464 9.07741221244504 26.9469730096719 61.35742294566158 95.90714989462722 53.6640410826319 33.453149021392136 41.871598519331215 69.15332280186341 101.02458638744126 74.36478441072046 61.19708481695694 65.99111605200017 85.78667602316226 112.95424889705767 98.91530723103784 89.219724663618 92.36222174631119 107.21986856141969 129.8311206520381
68.05976470300902 35.71403831577018 20.39482235879971 51.27625964298727 10.688066568701235 13.239986887642884 52.314671922757945 43.31455753938357 51.78659694423339 52.909941997174066 71.19879234755328 8.447799559304363 79.92962630087074 39.58595018823651 84.09301560608598 62.760985914957594 16.032758330193747 0.0 38.37405503868319 49.37741343743238 22.027113261136808 37.73426322115013 15.848833262154306 52.317491655205856 71.45987531730333 22.109690305097253 15.575227667611637 36.82889176807953 48.453145403718096 32.31264630109314 74.3910112657291 17.044049595123568 65.23428141504314 8.962022205218453 54.22368814314315 58.58432143513335 27.363979521531373 52.765164929774805 36.50385509240984 25.910623950930933 64.2991075455783 40.41176817064744 39.07270223412511 61.76625608517627 92.1861920182211 53.82900966676381 20.190393271802286 17.68035455557742 51.1115559529184 85.48122966240088 57.09806851060709 27.693866123851766 25.856473872245395 54.451909868348785 87.50034264112743 72.26503979566687 52.067121685048996 50.93665213422879 69.80621811096474 97.70405226224919 93.7208086206115 78.99142684662009 78.0412724507685 91.30155551840967 113.91333115905552
35.123856362691086 13.294614215683618 21.564044395407468 16.548365432258358 31.008287564372196 25.974745067749076 23.96930190059083 30.450948084984194 30.56307399854497 15.072682241723454 35.206044859397224 32.177075437093535 49.502498476394905 4.729258058121848 60.11280432572 25.660059426829672 54.183182306921736 38.37405503868319 0.0 32.42677424000542 17.398008501001094 10.411384799668898 29.661246261700015 19.152046807822963 43.634211485273916 28.479810537796027 49.26347644583302 21.04490431356612 30.55449916647277 13.34110088895779 41.42327658699066 32.61606783826078 37.25227875365348 39.76926315449845 27.581622536448673 29.750229147537578 53.25509522151022 15.444515789726669 4.423344894847989 12.46369352994261 102.6476870099009 76.79963733048746 60.453353686193445 61.6913177312124 79.69828372374282 89.41669185480538 58.14061973440774 34.061039878944165 36.53509417347548 62.484459419588696 83.90677021875024 49.33668067472617 14.923950168622241 20.1542743469632 54.63075614936189 87.58770585415317 55.313360069003856 29.023637025456186 31.93771014410733 59.937511387214855 99.44389897550424 72.50293087485821 54.945977181155605 56.358187635024905 75.68506920586903
62.723804297798665 20.385319941062175 44.96449925788428 46.06703243853066 48.92548127472267 37.706040512450976 14.34956988645197 6.323648813058198 5.134543595702043 40.17313204867644 58.949681718530556 40.940805404889886 77.55583553759782 37.09960748451951 34.72830820765097 49.215109866794585 63.809160975041316 49.37741343743238 32.42677424000542 0.0 40.093163806078614 22.21859349244685 51.08549677504268 49.26857559665919 73.67116252093984 27.508479985874022 50.60250927841389 14.084519342687285 1.8965718239533145 22.69523019674261 68.17723262245306 33.40882100504921 67.730403127462 44.33900983101234 12.156899478539714 60.574906289514715 74.02461892872533 29.9345528002425 36.324154443118196 34.27278239192527 105.67108248141467 89.00560843149164 84.09717479208858 92.82988258749336 112.05871322543325 84.74608140350381 63.040528807252535 56.223759060727815 68.86876465862312 93.3782376113225 69.22709591543207 40.081706876040805 28.5575681396935 49.18704326215782 80.11263824337982 63.229673724922534 28.62584230141437 5.978333505417976 40.58197273999749 75.18581626456725 69.27298302276718 40.16018219653824 28.66658722447433 49.24982379776714 80.15083278951442
46.468884661193535 20.657600184735195 5.004456141411339 29.265311811746415 13.635856427882128 12.156974178523024 37.1323891250069 35.59447422034208 40.37074515527077 31.138443546881067 49.19581124142795 17.82683416002613 59.11991349703439 17.7492957543013 72.61583207940105 40.76431940906685 37.304638816503434 22.027113261136808 17.398008501001094 40.093163806078614 0.0 20.83060454062618 12.635077861683682 30.4401827049804 51.27431515104745 21.760224279299468 35.21483183748943 26.036847039025425 38.53399758959072 17.650128132066644 52.86783846142976 22.628258555492444 44.829564394745134 25.72984714538626 40.080695224659955 37.71979144978872 36.66839550186943 32.71325296619894 14.741100640551144 6.29528004755992 86.11860647885624 59.411691550777704 45.143089121233736 54.229720540428296 78.98507058949325 75.17807610656328 42.205300868288134 17.483719211103455 34.998888202014385 67.37219482178384 74.01294657674593 40.113055915732154 11.621115386361812 32.49454515422288 66.1180208471757 83.03579782735457 54.8914243804774 39.06427994461385 49.33347963078092 75.7389675459131 99.51253437465805 77.41602256948453 66.92162095358327 73.20200066053317 92.91571018222687
44.11991261943469 3.5565329903929532 25.795268899370164 25.92718862049831 32.97591414894324 24.497541818734422 16.310912505919678 20.04581118091829 20.91644244070794 22.12962052813357 42.719094878326786 30.113446645119552 58.815909181944534 15.140635483861695 52.15400071686077 32.72602039795522 53.735428406599006 37.73426322115013 10.411384799668898 22.21859349244685 20.83060454062618 0.0 33.30360888474736 28.856433202628782 53.548016012363256 22.17907059420961 45.65907346690104 10.87954684417045 20.377396673145608 5.879884530485944 50.20228662419168 27.537694694827874 47.26938419361949 36.722686118226065 19.39218081751886 39.83363890370178 57.348310176846816 16.438117152036057 14.112268190693149 14.538312377095576 100.81905314535433 77.84316348209109 65.9500165084948 70.95083655787954 90.07445638307433 85.00726140537405 56.109742944392465 38.27791246397013 46.65748042966225 72.68747447411698 76.66511095293676 42.56756568864944 11.887330078032612 29.418907876341972 63.12280270553633 78.22066758428781 45.28485333900538 19.43735990956634 33.16250732974447 64.93489615232353 89.15728525517514 62.16470412882211 46.633593096584804 53.663266875862234 77.32795781093861
54.0968878677432 32.744571002595315 8.100570637576695 38.88355495703712 5.322285850325775 15.315375209963545 49.53403158347638 45.94404214838454 51.99086551239361 42.24684195816816 58.379707777261636 17.21685253983498 65.03632317709463 29.117064890002528 84.54869668887636 50.94927668521932 27.955969113835252 15.848833262154306 29.661246261700015 51.08549677504268 12.635077861683682 33.30360888474736 0.0 39.25454093275286 56.259792112519506 27.95379923542582 31.358694126204618 37.074082166477055 49.68816575665071 29.503932894382903 60.25630635172011 25.886425863507757 50.20662017161154 23.326451433238603 52.328893655814696 43.9572318986737 24.059816671739483 45.096028796247246 26.38889460887757 18.820482218186275 76.58818478189295 47.7820714278158 33.09585360028205 47.98309676576604 76.8391339018175 69.11475266208942 34.701962839371895 5.143667125630095 35.263895067481336 69.68128282682633 72.66806517417169 41.272240180070156 22.825251216946082 41.63448747352429 73.080183165877 85.89014635190128 61.48668545621784 50.78298368159437 61.41672468140421 85.78997846342297 105.195712189251 86.23080181895033 78.74069457491079 85.78563553351789 104.46523836280136
16.37176536027321 32.13537462430333 32.22439442926019 3.2740546300352267 42.72757033823596 41.930023042250966 37.483658628181026 48.515668166915596 46.23397275971989 10.813198679686264 19.12599194698777 47.998054554475 30.38829356761654 15.053488692557792 70.85763551501704 12.866539742231513 66.8723832966202 52.317491655205856 19.152046807822963 49.26857559665919 30.4401827049804 28.856433202628782 39.25454093275286 0.0 24.70331035994804 47.09556707279778 65.48227775242268 39.735844491917575 47.37727670950976 32.491043676198366 22.79541545838405 50.51822939847452 18.521737792731585 55.914911740764325 41.238094421664634 11.322000906898925 59.113856113097356 21.845622182536246 17.793543495381087 28.56119087197944 115.73038533104496 86.49051708277501 62.948356598753286 53.28395866038587 64.11445626360185 105.58364914849149 72.49579479179388 41.93107577128789 25.605302702487418 44.13490111101499 102.37445323156167 67.78198658937164 33.213266380702805 2.5881938655915024 36.12659349334953 106.73062103115743 74.14121592166997 44.69061679961949 29.873390518339157 46.71642743111468 117.81572529169104 89.23651126572506 66.63748224362138 57.5564281287667 67.67362914105092
13.036581021990811 56.78556956602768 51.27431515104745 27.753783353121424 60.91998681613554 63.41626748057532 61.10377616439207 73.18672892050166 70.31596360071343 33.700082724688514 21.746564870744876 69.0079783295435 9.590272442545148 39.212463239682435 91.6818393150298 27.205230903550547 83.91335499051152 71.45987531730333 43.634211485273916 73.67116252093984 51.27431515104745 53.548016012363256 56.259792112519506 24.70331035994804 0.0 70.59663783626283 86.1042969170665 64.42468716194855 71.7928110109068 56.93300617900197 12.355962191595115 73.2347801960759 6.519751416816414 76.82111259249572 64.7461643886309 14.0142487898972 69.82836644189085 44.74811698671057 41.53972400775917 51.24593006946213 131.48108291336123 99.28976350917571 69.4583262221425 46.74698918005279 44.055906369735105 125.25049673777106 90.95924998955138 57.04676828786084 25.098461577148676 20.009551797025118 125.12725786825641 90.79103901136418 56.7806819481435 24.49346637369444 19.25266013726515 131.1285938388891 98.82682691218311 68.80114129382174 45.77416412335062 43.03223085034293 142.48238830913706 113.33439117066548 88.22074658151548 71.52537101600207 69.5961201444948
63.38292050999973 18.91815833284411 24.989995932135383 44.829732640109995 24.160638407523734 12.656996227158125 32.91812891731036 21.318659592262662 30.433725349775923 43.133520421577714 63.612266382510846 13.828670261219209 77.38562618110568 32.063816110218404 62.21521837373851 53.870990235530044 36.33231463343699 22.109690305097253 28.479810537796027 27.508479985874022 21.760224279299468 22.17907059420961 27.95379923542582 47.09556707279778 70.59663783626283 0.0 24.548359395067667 16.47507803698446 26.760030193359785 16.433602574596197 69.75252186116394 6.161177980934899 64.07906777947063 17.00832917265661 34.02178658156825 56.60686931253483 48.25273767089874 38.60424588634758 29.33110520301922 19.527940637434686 80.32672316002328 61.516517892448284 59.25344179270325 75.0496344149102 100.74082467814587 62.953446894027806 36.302739095702634 32.672287338285 56.67367076585322 88.04072160067508 55.42890935913156 20.863705029805146 13.895277889729737 48.432609602717555 83.02536337444796 61.48264668976097 33.71273455682899 29.79633784819643 55.08117353148615 87.03384546447282 78.01507313081402 58.49454305411361 56.13971376414957 72.63965390194983 98.97558859794133
81.65137902915637 42.77713796946813 34.8540233058549 63.98955992613385 26.097226452280847 23.61634730605615 57.46045244243644 44.285383954790206 54.249848986870376 64.31630805706001 83.80883381751298 17.484869724325026 94.24162292661977 51.52472146112418 84.54445508965668 74.73160579758047 16.95474721390014 15.575227667611637 49.26347644583302 50.60250927841389 35.21483183748943 45.65907346690104 31.358694126204618 65.48227775242268 86.1042969170665 24.548359395067667 0.0 41.0054136904537 50.233940895161425 39.78503802580532 88.06240312496718 18.481712765207618 79.75445581055992 9.584935509922424 58.435380382270125 72.82221580996699 38.69945043105747 61.91605785536178 48.43541859903239 37.32097535809212 55.78148476006184 40.50840281446762 50.646913084518644 76.70796152278231 107.69371089113541 40.2244114990901 12.691123792274718 33.15082941050597 66.57132928597873 100.79363967983984 41.596842417948494 16.50237130793281 34.773676210736035 67.38648376617792 101.32875786320093 58.723502103266334 44.43776823000606 53.81260710508622 78.81430081825559 109.18977623421264 82.29436538569848 72.5818728419529 78.47703580306245 97.17979843001356 122.97939862144547
54.887478925580076 7.758739130709518 30.885877368386502 36.79804753323215 35.173660997011645 24.34765873372147 16.459064979210467 9.943472354283472 15.188657349521264 32.61143269202167 53.003238604497504 28.439418123379138 69.63190273332361 25.72874811409798 47.86139134015764 42.96854443802885 52.11327170557543 36.82889176807953 21.04490431356612 14.084519342687285 26.036847039025425 10.87954684417045 37.074082166477055 39.735844491917575 64.42468716194855 16.47507803698446 41.0054136904537 0.0 12.618167693571916 9.015750884865659 60.89486843787017 22.61749948592925 58.1329404926905 33.26199316395257 17.641208233144244 50.68035758483319 60.3027552500121 25.02079830389911 24.213992839228304 20.34752289909457 96.78658529698212 77.111894657614 70.13988366699431 79.29514514663175 100.25265375740368 78.55933456866032 52.7211723025566 42.217229863089884 56.39048247075897 83.50028776232732 67.59674110924782 34.52516171946161 14.474275809145961 40.272484576464436 73.68237138547723 67.53507024606469 34.40537210075995 14.188875640692515 40.171748789955934 73.62788368565448 78.4000538113713 52.485721821159814 41.925571705838536 56.174515051611685 83.35597596982088
60.883780691669756 18.633579075758764 43.43389497305413 44.17803089383995 47.662090944632226 36.55717252473885 12.818809103968498 6.123761744198064 4.351214824996794 38.31808816299242 57.19303366256393 40.00621195150341 75.72112859135498 35.22108378280222 35.661116659803874 47.428183249357005 63.09234140076385 48.453145403718096 30.55449916647277 1.8965718239533145 38.53399758959072 20.377396673145608 49.68816575665071 47.37727670950976 71.7928110109068 26.760030193359785 50.233940895161425 12.618167693571916 0.0 21.044155279436144 66.36389577799548 32.75444221085599 65.84336670343009 43.69379204363774 10.959578662760961 58.68212501930338 72.78392332140517 28.15280754310522 34.474251520750855 32.64786706634758 105.51308483831328 88.27315656238605 82.74061455605688 91.07463124399432 110.1720819668755 84.97931019608542 62.582291338150775 54.83063781569384 67.01529768909278 91.49042043579723 70.03086583302816 40.25743692746423 27.052554412125385 47.306031182112996 78.34998969819456 64.66575956928993 30.07716491983439 4.739791220011261 39.18098740788337 73.77457766708528 71.0882501950233 42.05363342867984 29.63636925606397 48.81555295520509 79.26184181070663
48.33832480632726 3.437212567532466 22.62739111523949 29.822491260215813 28.46986740815061 19.097720734241474 20.416255222486704 18.958071249087432 22.72062279433633 27.05841114254925 47.67376760413682 24.47401128283083 62.8160808186182 17.743886165604604 55.080414477990736 37.78144543942546 48.24025280873681 32.31264630109314 13.34110088895779 22.69523019674261 17.650128132066644 5.879884530485944 29.503932894382903 32.491043676198366 56.93300617900197 16.433602574596197 39.78503802580532 9.015750884865659 21.044155279436144 0.0 54.57100487491733 21.67163240513647 50.517787292566176 30.898517784049396 22.92085366573051 42.99598027129597 53.32523516654093 22.280536000607146 15.767610615599684 11.61604077184656 95.02301839761044 72.61371335344289 62.53723944445313 70.31243757326446 91.49616957380373 79.15437327453972 50.34063259125823 34.608881936908915 47.4994849077233 75.56095792253862 71.36643010447992 37.049951519808644 6.861780149773209 33.41141576587101 67.67876282541982 74.24754971986665 42.289204492067014 21.42196199941607 39.04189490174861 70.60087904071887 86.74090563382708 61.49137486614479 49.327480268251975 58.99167814928828 83.1964093347747
6.431448682502921 53.68553603376633 54.02279172277078 24.926476599834995 64.32809421497673 64.60740271752739 54.62363968642881 68.70094001572149 64.25101192750756 28.38494289898652 10.754545286333368 70.6032093914885 9.8247445942859 37.704346268682286 82.35587218799677 19.116949186984954 88.20802000483575 74.3910112657291 41.42327658699066 68.17723262245306 52.86783846142976 50.20228662419168 60.25630635172011 22.79541545838405 12.355962191595115 69.75252186116394 88.06240312496718 60.89486843787017 66.36389577799548 54.57100487491733 0.0 73.30693782658953 13.193436570519932 78.52813216209233 58.030482992674074 16.649982355066555 76.96664018603678 38.29781450021789 40.54921873543641 51.349463119194205 136.70961866492618 105.83102275997177 78.13889949351322 58.360659226186286 55.68700183822209 128.01423701510794 94.44314832425323 62.01783700899686 34.17245096406521 29.734511238895312 125.11660238618953 90.51395334126826 55.91280449642842 21.320461163789496 13.331797411001018 128.40996811681623 94.9739422487957 62.81574664493623 35.586863775928315 31.334808875017853 137.4498602137079 106.77678805233191 79.40336073094801 60.02747505643071 57.415108353602285
66.88897658260882 24.47684080612086 24.75472874938117 48.514025332271565 21.344055496649382 11.18010418456277 39.040302656696355 27.143617332907308 36.51500785274338 47.58496335922337 67.79809151312028 9.495494362214558 80.49560300315369 35.702862439482345 68.03124668418434 58.25838065792336 30.4178251786465 17.044049595123568 32.61606783826078 33.40882100504921 22.628258555492444 27.537694694827874 25.886425863507757 50.51822939847452 73.2347801960759 6.161177980934899 18.481712765207618 22.61749948592925 32.75444221085599 21.67163240513647 73.30693782658953 0.0 66.72500545943954 10.93951022756315 40.182421138494234 59.36744802240441 44.03456092278386 43.950052790456006 32.77402206426383 22.08616762260506 74.22956336727167 55.61671897604193 55.418502938128334 73.78347506344237 101.05242006989872 57.48998330773611 30.141830679250745 30.113189548949048 57.444937680068165 89.9326414444867 51.9633448480517 17.58333836371148 17.69216079108875 52.074038676988 86.63286120192281 60.78927267059479 35.988681945628485 35.91475556910182 60.65796724285374 91.99860431041435 79.3125513072602 62.18124992319668 61.94610107866512 78.75859054984625 104.7057604911633
10.527782010798239 50.458065673475495 44.96731592217998 21.67270301917984 54.75730732222741 56.95902433853752 55.5025319081211 67.02958883970935 64.53891716195241 28.103665972554897 19.784490696724067 62.59498063092248 14.8667134224692 32.77986459178469 87.11624112325339 22.978948337763637 78.00033258183093 65.23428141504314 37.25227875365348 67.730403127462 44.829564394745134 47.26938419361949 50.20662017161154 18.521737792731585 6.519751416816414 64.07906777947063 79.75445581055992 58.1329404926905 65.84336670343009 50.517787292566176 13.193436570519932 66.72500545943954 0.0 70.43040731890905 59.196876134182396 7.53107195659389 64.8744190261544 39.301184716048155 35.05747629756736 44.72752705667958 125.88578880670444 94.12991167855522 65.33350214289523 45.51165250871115 47.633730788796846 119.0563810821914 84.8705909512275 51.249021327549194 21.089258224662515 25.64958254665459 118.63014013771867 84.27714616579287 50.26943563630603 18.60770080504479 23.67125843894462 124.67278154230321 92.51652028270877 63.00900065080624 42.140068489117986 44.455147662002474 136.32649926995575 107.57760363920391 83.40103620078762 68.79891358935586 70.04008724887186
72.11143822715344 34.049119532940225 25.72984714538626 54.405298112575544 18.014872084148653 14.031483767400267 49.544243141129776 38.06058427114733 47.43415832860525 54.79926951148672 74.22563749915734 7.92493378348329 84.83079120553167 41.94975820579612 78.9194159691101 65.17514599104207 19.55427855301272 8.962022205218453 39.76926315449845 44.33900983101234 25.72984714538626 36.722686118226065 23.326451433238603 55.914911740764325 76.82111259249572 17.00832917265661 9.584935509922424 33.26199316395257 43.69379204363774 30.898517784049396 78.52813216209233 10.93951022756315 70.43040731890905 0.0 50.89727686388022 63.417081099959795 35.94012866131158 52.78397927724599 38.85765320580642 27.74657483737069 64.1376131268802 44.73385157774476 47.78514449412715 70.43110881952765 100.16227154823765 49.80204636916269 19.56322511780633 26.077690601737263 58.07083892001045 91.9741753654815 49.484699862779124 18.748351117604695 25.477767685957883 57.80643087400168 91.80904684140488 63.39645343750899 43.674499893888225 46.80420821807212 69.7755416043282 99.7067642532442 84.8014069689988 71.06697241851808 72.83206198789993 89.18106681189077 114.00339836658384
