0.0 31.399637072273332 11.99409146674708 81.86092191601294 45.15699243497315 14.154725241713685 35.58657983096208 43.771647422756914 29.75119378093581 10.8935416436111 23.99182672416522 8.142365119165955 30.70422437507933 65.6563952375887 23.342121251095374 29.674948499011908 40.8386994682465 23.67396272350974 44.16564496618058 33.990501568111405 44.56731675279857 39.53908155418172 59.36987034495531 98.31103534246108 31.815677445917764 28.195535433650814 47.84404426533087 73.79069882114483 73.54605704367624 46.15105594389478 46.80518018997951 49.97096138761417 24.132362824344973 59.98687765669615 23.574103673205727 8.548593630910139 35.19197289284973 80.81279441942485 13.048336482830221 87.89161275356366 21.579452162663074 35.89014303361307 31.99491213573666 43.35351295151751 42.56115730623804 56.73968419811669 85.54129038127337 28.804650086932654
31.399637072273332 0.0 19.95686151174859 112.7273298340755 66.36645686713588 30.648289438836787 65.87510838420482 67.25858749691419 55.7253493834666 22.44824143233834 13.264735350264699 27.39046747184295 54.47090207002668 83.61613166873204 45.791883572153786 54.39013836132816 58.769902631614436 46.44395639854609 50.94181722037944 57.46020123854817 63.119278754597346 59.885271694584695 87.01948853412433 128.23575785256548 48.36689329566146 13.639325983441758 46.1075277670136 102.30913062174353 103.43947036220605 70.43046206024546 74.16928429070079 75.72490965956992 48.61151771325719 90.7036476527946 51.51899425796416 38.58448496841198 62.48265457139369 107.42290699477164 44.389503624481506 117.87674944578173 49.54484995516618 65.76134719611186 52.988826236056 47.56159229062707 54.35375963691282 87.28906134110149 97.71788547755658 54.84810523467803
11.99409146674708 19.95686151174859 0.0 92.77259240124313 49.69101543546713 13.223496838762811 45.9548546446259 49.59276764889669 36.86713158673257 8.336094640010193 16.103201350823724 7.782079172974703 36.38583637982118 68.85682219519083 27.850291355426354 35.94429415739601 43.43611161232699 28.415813507692015 41.439457043024774 39.58024466650656 47.62290413455319 43.4340230873533 67.90262702830874 108.46152485816111 33.21836704695459 20.42527891716048 41.879770249058886 82.93970862295683 83.65107583071715 52.48413678474562 55.07374653848036 57.24587461679834 30.06007404397754 70.75517263465363 34.65877435552709 20.14079116875234 43.29786907800169 88.7998084575761 24.991272601167914 98.07885136550588 29.97836473163244 47.726530116952716 35.99718656661725 39.47001274361895 42.079065215793044 67.35664328250363 86.29926996192204 35.94738426284095
81.86092191601294 112.7273298340755 92.77259240124313 0.0 61.95113383417067 83.97120383324095 46.96262026516591 56.94357521570029 60.472190697547894 92.37373643859829 105.52984234996012 85.46828631471318 63.94133552604826 67.72920678443177 71.03512977065678 62.88663994498763 70.45846859292499 70.32993208098219 89.3110707304941 62.424705067601195 68.16788353957658 66.01775875340799 35.17238730900053 20.471835663027537 75.76289879302979 109.4912082447875 101.77303826723512 24.346743603321638 14.537539757727771 53.66893314477509 44.32211562480314 47.3271745072585 67.34982402244259 22.05916601820203 70.51637153333584 76.5553428164491 53.453772728780955 35.40219169191561 69.64311317313572 12.821603850091915 64.0447535467201 57.3914399668765 68.24891544707698 92.88118933054727 81.33684045155044 25.614503699070884 88.96415046664492 61.083654662481656
45.15699243497315 66.36645686713588 49.69101543546713 61.95113383417067 0.0 36.596713971605006 29.0135066104296 5.640919734724876 17.27478053939182 54.675426267403566 65.78468792091726 42.40561577213172 14.628352126428627 21.0073203162692 22.112858160459727 16.071865684970206 9.246985775022527 21.66081908281992 27.749803120397893 11.46842920134695 6.217468719639222 6.495150366574236 27.361392923484534 70.49996165474266 18.41296531072967 70.11614390048881 40.542377542046225 42.42584368194772 48.310052503734546 8.351540054183257 18.52600180943555 14.637472882111087 21.074849941704908 43.394882193778756 55.17131592413319 47.073182040152176 17.25881551600455 43.22363022089016 41.899431525989996 61.29028213782998 25.654316269674066 55.39306134412001 13.69383521538035 31.698731951365744 19.7010732276763 39.85423979428746 43.80720177842447 18.0444698602834
14.154725241713685 30.648289438836787 13.223496838762811 83.97120383324095 36.596713971605006 0.0 37.17898404041835 36.85578701089647 25.153042179992383 19.635768799784458 29.303266621496867 7.081262965713402 23.866091746514172 55.63940034428621 15.184787202842438 23.741946322832295 30.219439358283 15.820900227990501 30.269670780241295 26.929433157640187 34.39941149962051 30.27498577855322 56.455575087058335 98.32098824270757 20.070215255179633 33.595372877810725 33.812560335202974 71.86813497692916 73.64654933790067 39.915575116831356 43.6248406471743 45.08498899245022 17.985661085688015 61.96258495689931 36.30971701688475 21.60069298881061 32.05042790771452 76.78061698983046 22.638186523769676 88.05676921059327 19.926508885545854 46.3727691672028 22.924107761946722 29.234205525866958 29.597646066209066 58.35732200227815 73.55808818256803 24.300000730549396
35.58657983096208 65.87510838420482 45.9548546446259 46.96262026516591 29.0135066104296 37.17898404041835 0.0 23.8044113259595 16.641339976814766 46.40583565181484 59.56798664132053 38.538475958151416 21.257729683756494 47.54451664712155 25.77437295011114 19.48395798087931 33.16929954465103 25.12785907052925 49.63314641059673 21.627692273207483 33.53429314252589 28.60432469630352 26.240904446490056 62.7288938477295 33.466894185595585 63.7268374754698 60.391534585056036 38.94908717768137 37.96043940529486 23.20141534689962 16.37065372130989 22.248389539430697 22.018606806460507 24.903502435673104 32.2519522316068 31.85806489005787 12.048538439702087 47.80821220163331 24.741269671438705 52.311815880738266 17.355634208207963 27.623487782574962 26.424591620432075 52.04910566709571 42.78875499684817 21.42073539938351 71.75294073686537 16.815776708726755
43.771647422756914 67.25858749691419 49.59276764889669 56.94357521570029 5.640919734724876 36.85578701089647 23.8044113259595 0.0 14.396007827429795 53.82526607161479 65.55332116386818 42.026423700444646 13.265934646169008 24.53861481604734 21.756048423170594 14.097922360614392 13.53326500697421 21.17790230973451 32.39465681227263 10.019517079001993 11.529120652508897 9.331352916928738 22.97414290811605 66.440990792647 20.77976990734609 69.91696725068452 45.00479631574561 38.45584316173236 43.59733966410995 3.5565329903943677 13.036948308863439 10.03627548191044 19.806414502248167 37.919154752204214 51.53599449464936 44.69572746923555 12.503882610139925 40.691680898662966 38.989785528271064 56.958561040740996 23.043671691982944 50.70065685832453 14.413810217871957 36.105132573736846 24.396390361319014 34.33833850372919 48.242215381771786 15.295750887170376
29.75119378093581 55.7253493834666 36.86713158673257 60.472190697547894 17.27478053939182 25.153042179992383 16.641339976814766 14.396007827429795 0.0 40.15796436239181 52.43047248792474 29.102404563510717 4.71507281740378 38.22752995639167 10.669598971180275 2.843779622427039 17.85686173923201 9.9582923731014 33.038931647483935 6.3048853639219855 19.540949371311033 13.949032206371049 31.30619885148921 73.52656307636722 16.836502868242505 56.79346876594507 43.80259122314637 46.73752735811564 49.08409917937331 16.441965842479476 18.471989115389366 20.444406032276852 7.2227596267627945 38.99557481056377 37.93753741268825 30.299928834340534 7.1130659807859065 51.93410602228852 24.723835599651775 63.38238567866385 8.647694728276 39.436777535735075 9.878429753262138 35.40957501866765 26.465027603476727 35.24087073179942 60.87501677449964 0.9478467142014338
10.8935416436111 22.44824143233834 8.336094640010193 92.37373643859829 54.675426267403566 19.635768799784458 46.40583565181484 53.82526607161479 40.15796436239181 0.0 13.188661646869436 12.707436657667301 40.589271300942706 74.6311621984018 32.56483392067214 39.78185831399976 49.34337686882501 33.01814590870433 49.216288962572555 43.87445142876488 53.3516922742111 48.70808739774353 70.20946143489121 109.10000656890855 39.51826145017901 17.32387833950825 50.185708258440975 84.68323296878306 84.36166303452438 56.40613306590817 57.5862136702963 60.535403300235394 34.02038286960965 70.61265384034756 29.174499994205526 16.408550340037113 45.90511776015356 91.58891482197885 22.840088530457486 98.67831598762258 32.26754636747213 43.31368651773115 41.129528228627514 47.48878244674013 49.20293520658195 67.43472222449819 93.18262188180297 39.21095718376282
23.99182672416522 13.264735350264699 16.103201350823724 105.52984234996012 65.78468792091726 29.303266621496867 59.56798664132053 65.55332116386818 52.43047248792474 13.188661646869436 0.0 23.527220812276628 52.302947675702534 84.88452400823773 43.86384485299201 51.735877000643406 59.471912100307726 44.40662155071559 55.787978236490495 55.53390501461118 63.686616898438814 59.5371992245654 83.00773574764413 122.27802828610886 49.17712875668177 4.368506947386178 53.7621038199922 97.67314093322425 97.52812206188602 68.35612235021756 70.28205580906315 72.8746257897805 45.866045404018095 83.79619114714492 40.24898097993768 29.22502164780755 58.52681359213357 104.21915632210788 35.921632104937814 111.85677359439569 44.93979476199479 54.98893355022346 52.091532777203774 53.17809207604043 57.42891960227734 80.62337762534506 101.66784705235415 51.49302102161836
8.142365119165955 27.39046747184295 7.782079172974703 85.46828631471318 42.40561577213172 7.081262965713402 38.538475958151416 42.026423700444646 29.102404563510717 12.707436657667301 23.527220812276628 0.0 28.776707561230676 62.04938303802326 20.369321718682862 28.250114250939554 36.698354633144675 20.895659637422302 37.2644033064687 32.007182947068394 40.761077369148076 36.2814707643835 60.12283178967973 100.85698869581888 26.81112437354319 27.892075717949357 39.9804791624085 75.18708501968027 76.05525942460122 44.84347811029252 47.292113307577466 49.50436632725248 22.3690074846452 63.41738135695023 31.572235298098775 16.508199689515195 35.517124647249624 81.02952443574723 19.50730406476173 90.49120989062534 22.24673748643732 43.176615568773784 28.746694159020382 36.02600221657424 36.65312622995116 59.95903233626535 80.50403802907397 28.17926880317008
30.70422437507933 54.47090207002668 36.38583637982118 63.94133552604826 14.628352126428627 23.866091746514172 21.257729683756494 13.265934646169008 4.71507281740378 40.589271300942706 52.302947675702534 28.776707561230676 0.0 35.552652653842046 8.683218584319674 2.010510249023643 13.473514772628592 8.04800980666336 28.377413143665976 3.292075070224983 15.686766655577975 10.054401131168861 33.19871465128304 76.15024900387337 12.379519004871591 56.668581489548714 39.36358047521289 48.85153976727682 52.01856895988697 16.105703509186494 20.66574599764545 21.282736507326007 6.5874607828012195 42.80149807762032 41.44119957715715 32.4749341836254 10.643162933167002 52.970943126167036 27.570442906985246 66.1544305766766 11.375426313002864 43.83954685192825 5.177842862055525 30.863006352850007 21.75083415965275 39.03492818122566 57.4332526015326 4.878401883560574
65.6563952375887 83.61613166873204 68.85682219519083 67.72920678443177 21.0073203162692 55.63940034428621 47.54451664712155 24.53861481604734 38.22752995639167 74.6311621984018 84.88452400823773 62.04938303802326 35.552652653842046 0.0 42.32761572034631 37.06891853988295 25.420722547677126 41.98243520158343 36.16992128317452 32.45885900176013 21.28835629249987 26.119879564108142 33.8839164161949 70.20349349062145 35.737758973738394 89.122024558896 47.91383152083668 44.12079932969966 53.19175972929205 24.37170106466597 32.773896115323055 26.55854004672985 41.83696534203732 54.297129318497994 75.9731208564438 68.0274099669288 36.98166077785639 38.553852928725064 62.902359520897015 62.98779208622816 46.661444581114445 74.96399730370769 33.66860667644767 40.59961115703957 30.022210123124353 51.48667415070915 24.429335221417734 39.02377435146449
23.342121251095374 45.791883572153786 27.850291355426354 71.03512977065678 22.112858160459727 15.184787202842438 25.77437295011114 21.756048423170594 10.669598971180275 32.56483392067214 43.86384485299201 20.369321718682862 8.683218584319674 42.32761572034631 0.0 8.740795512222846 17.666537468892145 0.7113065980788735 26.572092978559173 11.769736929939695 21.24250445978745 16.230502859002158 41.61343330794268 84.16361834689685 10.450075931669279 48.21950315665731 35.498366950686126 57.18390280516419 59.75300330595846 24.744939173830492 28.889355244335636 29.941097723790552 3.7717400235420815 49.38881260178963 38.09115650098048 26.742887283607292 17.78266495196618 61.637880716313056 23.33496413222574 74.04120802692644 9.88505283693686 43.425961365924195 8.659039604661464 27.876655877667105 21.945913179688713 45.65696099953147 62.62065435784882 9.978034790772261
29.674948499011908 54.39013836132816 35.94429415739601 62.88663994498763 16.071865684970206 23.741946322832295 19.48395798087931 14.097922360614392 2.843779622427039 39.78185831399976 51.735877000643406 28.250114250939554 2.010510249023643 37.06891853988295 8.740795512222846 0.0 15.464134732757332 8.04759668546255 30.201008361603414 4.611432674669691 17.54941298779466 11.90853629407567 32.873092640096395 75.52343012805206 14.004238737537973 56.10438304090253 40.98221616076314 48.44833632392366 51.22920052477531 16.645278416167763 20.160312273893716 21.372185375148256 5.88438718012317 41.55673603262276 39.60357971570791 31.01894706519774 9.435751103588549 53.05140134029367 25.896056155149587 65.45199858932818 9.64326148992539 41.83280540068088 7.076076242975066 32.569477454511514 23.696953690053984 37.79426510862512 59.21127860307983 2.882145386859647
40.8386994682465 58.769902631614436 43.43611161232699 70.45846859292499 9.246985775022527 30.219439358283 33.16929954465103 13.53326500697421 17.85686173923201 49.34337686882501 59.471912100307726 36.698354633144675 13.473514772628592 25.420722547677126 17.666537468892145 15.464134732757332 0.0 17.477811498074878 18.86191019969128 11.763785892898522 4.352049994705536 4.74122962231387 36.34589265395765 79.65682160424126 10.437731593361443 63.72107770771987 31.506515386844015 51.59161176991446 57.11337506953512 16.93670234063124 26.309138609331225 23.447484058401805 18.25271276773435 51.00842423355515 54.58000522439084 44.317768351160815 21.209992745518086 52.37556393089668 40.267526790977925 70.33835740587905 24.50397439606699 57.270338039325935 9.43828239463983 22.617799112235687 10.886025403392267 47.34096759579735 44.9727458454198 18.246964528088732
23.67396272350974 46.44395639854609 28.415813507692015 70.32993208098219 21.66081908281992 15.820900227990501 25.12785907052925 21.17790230973451 9.9582923731014 33.01814590870433 44.40662155071559 20.895659637422302 8.04800980666336 41.98243520158343 0.7113065980788735 8.04759668546255 17.477811498074878 0.0 26.920111746540133 11.174001167126146 20.965072518854754 15.866807706912473 40.920505715110004 83.45422284903337 10.664814887445383 48.76538030012392 36.01323213223279 56.484881714452094 59.041735218217255 24.133594285279766 28.188994622712038 29.282865891776737 3.1100009776489674 48.692211079813795 37.98781720927253 26.86308941508337 17.071358353887305 60.98092467491165 23.278466797035954 73.33052235903762 9.439390734990804 43.08937022142202 8.330818183332386 28.316189295859072 22.11616388256504 44.95885621152069 62.44910932154316 9.268239400157164
44.16564496618058 50.94181722037944 41.439457043024774 89.3110707304941 27.749803120397893 30.269670780241295 49.63314641059673 32.39465681227263 33.038931647483935 49.216288962572555 55.787978236490495 37.2644033064687 28.377413143665976 36.16992128317452 26.572092978559173 30.201008361603414 18.86191019969128 26.920111746540133 0.0 28.39048739036615 21.669913004974923 23.329377052367953 55.09609754488691 98.18512692103054 16.551290619316486 59.523068608359246 12.86565605096774 70.11811103593666 75.95340474132088 35.77029815155528 45.083576497955114 42.25807638038737 29.48581179028163 69.56949908282499 63.73652746907143 50.469921157102824 38.40646162452234 69.71084338096014 48.89212986602958 89.0396999490264 36.30469972290037 69.9980519742146 23.208975306326693 4.450373213311287 8.049208247965606 65.85696383278786 46.7916522484712 32.99104729301351
33.990501568111405 57.46020123854817 39.58024466650656 62.424705067601195 11.46842920134695 26.929433157640187 21.627692273207483 10.019517079001993 6.3048853639219855 43.87445142876488 55.53390501461118 32.007182947068394 3.292075070224983 32.45885900176013 11.769736929939695 4.611432674669691 11.763785892898522 11.174001167126146 28.39048739036615 0.0 13.236200822864172 7.653117955240744 30.74486128617983 73.97588620018163 13.345795954250892 59.89745709431026 39.977376453424924 46.43986772976773 50.10543853585808 12.986803398887865 18.536160225092125 18.472250907489286 9.879533556196822 41.688799040077214 44.08881391293467 35.60721591485606 10.019517079002048 50.07765616543447 30.49849290984905 64.09286226965803 14.241395246532985 45.682002649646314 5.826989141654885 31.268678196211766 21.21650967903886 37.93102465964678 54.69736685976787 6.8917602213321905
44.56731675279857 63.119278754597346 47.62290413455319 68.16788353957658 6.217468719639222 34.39941149962051 33.53429314252589 11.529120652508897 19.540949371311033 53.3516922742111 63.686616898438814 40.761077369148076 15.686766655577975 21.28835629249987 21.24250445978745 17.54941298779466 4.352049994705536 20.965072518854754 21.669913004974923 13.236200822864172 0.0 5.6408875106980645 33.52992314409662 76.51553197918157 14.7710947194258 67.95197013395902 34.512300053570314 48.44833632392364 54.51163799664556 14.536097728053536 24.563339668167554 20.85392323290875 21.287669753801186 49.44767370378646 57.127952194141734 47.587591621227006 21.495907758840005 48.56482062172103 43.13444516546026 67.4037012579578 27.042962638091623 58.823554956315924 12.656683974707134 25.730318698275724 13.645473904139132 45.865606200837945 41.82325227220899 20.10300008925405
39.53908155418172 59.885271694584695 43.4340230873533 66.01775875340799 6.495150366574236 30.27498577855322 28.60432469630352 9.331352916928738 13.949032206371049 48.70808739774353 59.5371992245654 36.2814707643835 10.054401131168861 26.119879564108142 16.230502859002158 11.90853629407567 4.74122962231387 15.866807706912473 23.329377052367953 7.653117955240744 5.6408875106980645 0.0 32.305493166966116 75.76505583067232 11.987937872453013 63.85175834795062 35.781327335455195 47.759137291215765 52.855594766559314 12.864524048012017 21.754314647195994 19.36737827255226 15.854640440475519 46.344402010505796 51.492812712476336 42.17279938186202 16.588010391117532 49.384120375243576 37.5606218291365 66.28674836760904 21.422695952346903 53.32491320366632 7.5857328022707415 26.880655895250836 15.47338817501842 42.66259845245373 47.40058050961318 14.482854293341282
59.36987034495531 87.01948853412433 67.90262702830874 35.17238730900053 27.361392923484534 56.455575087058335 26.240904446490056 22.97414290811605 31.30619885148921 70.20946143489121 83.00773574764413 60.12283178967973 33.19871465128304 33.8839164161949 41.61343330794268 32.873092640096395 36.34589265395765 40.920505715110004 55.09609754488691 30.74486128617983 33.52992314409662 32.305493166966116 0.0 43.49945259533675 43.39420361980848 87.32702651181067 67.84103412903183 15.697794828451217 21.073874153917394 19.456220300676307 12.853025930113608 12.93895861674935 38.48121032381942 20.770400123779254 58.369318636960045 57.25177889768582 24.606925217423356 21.70139421602791 50.30105574712187 33.998664209560935 38.0759701750151 51.36708339763291 36.32496709328337 58.96130115940349 47.047820732556424 18.50660513305435 57.18061609204524 32.174039794593455
98.31103534246108 128.23575785256548 108.46152485816111 20.471835663027537 70.49996165474266 98.32098824270757 62.7288938477295 66.440990792647 73.52656307636722 109.10000656890855 122.27802828610886 100.85698869581888 76.15024900387337 70.20349349062145 84.16361834689685 75.52343012805206 79.65682160424126 83.45422284903337 98.18512692103054 73.97588620018163 76.51553197918157 75.76505583067232 43.49945259533675 0.0 86.8594290807932 126.4046832090351 111.02199983339729 28.074385936204344 24.81169829359761 62.900531924148275 55.495708756180726 56.41078147587147 80.72205889455564 39.015310088608416 89.49298211137452 93.93445542080258 66.44099079264701 32.06727253769702 86.84906364931382 10.42190467776738 78.72498246753794 77.0780461793234 79.67600967221568 102.19727950873556 90.15559923835663 41.8326916787461 87.56666340980127 74.28979421058267
31.815677445917764 48.36689329566146 33.21836704695459 75.76289879302979 18.41296531072967 20.070215255179633 33.466894185595585 20.77976990734609 16.836502868242505 39.51826145017901 49.17712875668177 26.81112437354319 12.379519004871591 35.737758973738394 10.450075931669279 14.004238737537973 10.437731593361443 10.664814887445383 16.551290619316486 13.345795954250892 14.7710947194258 11.987937872453013 43.39420361980848 86.8594290807932 0.0 53.39522002329714 26.99028572068153 59.04174160642186 63.28949454678659 24.31397210180762 31.695673210589664 30.611805135397994 12.993281550626776 54.97294633214253 48.48286062336395 36.49900863508712 22.93758532941212 61.30455845459623 33.66864260236564 77.125327262101 19.864956704068415 53.66187214744439 7.543720887103712 18.590830854746653 11.519177054447159 51.20930970186285 53.824090036730944 16.66629330243701
28.195535433650814 13.639325983441758 20.42527891716048 109.4912082447875 70.11614390048881 33.595372877810725 63.7268374754698 69.91696725068452 56.79346876594507 17.32387833950825 4.368506947386178 27.892075717949357 56.668581489548714 89.122024558896 48.21950315665731 56.10438304090253 63.72107770771987 48.76538030012392 59.523068608359246 59.89745709431026 67.95197013395902 63.85175834795062 87.32702651181067 126.4046832090351 53.39522002329714 0.0 56.898750453304736 101.94413864148748 101.6787187744067 72.72410263674892 74.615578835664 77.23784928887585 50.23438492996506 87.83037065531832 43.23888259095962 33.01755045232238 62.866828291415786 108.56464372316469 39.84826541772297 115.98278261621314 49.26858559931716 58.10905171163953 56.4223108872435 56.76293417878149 61.43372333715746 84.6973670551328 105.63111246124944 55.855443342189716
47.84404426533087 46.1075277670136 41.879770249058886 101.77303826723512 40.542377542046225 33.812560335202974 60.391534585056036 45.00479631574561 43.80259122314637 50.185708258440975 53.7621038199922 39.9804791624085 39.36358047521289 47.91383152083668 35.498366950686126 40.98221616076314 31.506515386844015 36.01323213223279 12.86565605096774 39.977376453424924 34.512300053570314 35.781327335455195 67.84103412903183 111.02199983339729 26.99028572068153 56.898750453304736 0.0 82.94993916939362 88.60207289955225 48.44147574891006 57.45741848891966 54.95398116223224 38.95980854269328 81.6013725792811 69.77238934760116 55.36729344061291 49.84152481545653 82.51393632600018 55.34868860252005 101.81815725763035 45.34707750184311 78.03360008505541 34.378256364846415 8.9019765793004 20.86762477418799 77.8562856219249 54.54576494319187 43.57740093564976
73.79069882114483 102.30913062174353 82.93970862295683 24.346743603321638 42.42584368194772 71.86813497692916 38.94908717768137 38.45584316173236 46.73752735811564 84.68323296878306 97.67314093322425 75.18708501968027 48.85153976727682 44.12079932969966 57.18390280516419 48.44833632392366 51.59161176991446 56.484881714452094 70.11811103593666 46.43986772976773 48.44833632392364 47.759137291215765 15.697794828451217 28.074385936204344 59.04174160642186 101.94413864148748 82.94993916939362 0.0 10.513454207152224 34.903876705960116 28.2983930424068 28.459041723361537 53.95173327075313 21.884147481541707 69.65107116254894 70.78129311906434 39.839060817011784 13.009935043709145 63.67933542585268 19.263087633482385 52.96678112253234 60.13499579860309 52.018750108511966 74.12289394180539 62.08486494080881 22.326781086961375 64.64768403968857 47.573655819418484
73.54605704367624 103.43947036220605 83.65107583071715 14.537539757727771 48.310052503734546 73.64654933790067 37.96043940529486 43.59733966410995 49.08409917937331 84.36166303452438 97.52812206188602 76.05525942460122 52.01856895988697 53.19175972929205 59.75300330595846 51.22920052477531 57.11337506953512 59.041735218217255 75.95340474132088 50.10543853585808 54.51163799664556 52.855594766559314 21.073874153917394 24.81169829359761 63.28949454678659 101.6787187744067 88.60207289955225 10.513454207152224 0.0 40.18366869062823 31.59765263810456 33.703571899229544 56.22427592660961 15.500481972179923 66.06763302137263 69.40456721813058 41.97169267991442 23.05298510588601 62.28903732448874 14.43850969905789 53.95843672503389 54.9061924855726 55.90321592712721 79.70192847661376 67.92074642713045 17.590554266754314 74.6452545030897 49.80701334658201
46.15105594389478 70.43046206024546 52.48413678474562 53.66893314477509 8.351540054183257 39.915575116831356 23.20141534689962 3.5565329903943677 16.441965842479476 56.40613306590817 68.35612235021756 44.84347811029252 16.105703509186494 24.37170106466597 24.744939173830492 16.645278416167763 16.93670234063124 24.133594285279766 35.77029815155528 12.986803398887865 14.536097728053536 12.864524048012017 19.456220300676307 62.900531924148275 24.31397210180762 72.72410263674892 48.44147574891006 34.903876705960116 40.18366869062823 0.0 10.327783107072399 6.522288987784544 22.493351176199827 35.10645954107348 52.461362091101705 46.53754566734392 12.994030622619466 37.28356391090642 40.53307666308551 53.452190182774146 24.98449102772213 50.6012778966194 17.790852408768433 39.548233105743215 27.742829185602194 31.608111170001216 48.55879154901905 17.38094400918701
46.80518018997951 74.16928429070079 55.07374653848036 44.32211562480314 18.52600180943555 43.6248406471743 16.37065372130989 13.036948308863439 18.471989115389366 57.5862136702963 70.28205580906315 47.292113307577466 20.66574599764545 32.773896115323055 28.889355244335636 20.160312273893716 26.309138609331225 28.188994622712038 45.083576497955114 18.536160225092125 24.563339668167554 21.754314647195994 12.853025930113608 55.495708756180726 31.695673210589664 74.615578835664 57.45741848891966 28.2983930424068 31.59765263810456 10.327783107072399 0.0 6.2748529285408265 25.66946660288351 24.88549749493147 48.23000827791262 45.28545853797362 11.780633066986569 34.008164415832056 38.53854647322017 45.56154191998499 25.349566133819227 43.76399707689283 24.313474289749 48.57165603676092 37.18532707291612 21.328261440183542 57.20194918601876 19.33035397519301
49.97096138761417 75.72490965956992 57.24587461679834 47.3271745072585 14.637472882111087 45.08498899245022 22.248389539430697 10.03627548191044 20.444406032276852 60.535403300235394 72.8746257897805 49.50436632725248 21.282736507326007 26.55854004672985 29.941097723790552 21.372185375148256 23.447484058401805 29.282865891776737 42.25807638038737 18.472250907489286 20.85392323290875 19.36737827255226 12.93895861674935 56.41078147587147 30.611805135397994 77.23784928887585 54.95398116223224 28.459041723361537 33.703571899229544 6.522288987784544 6.2748529285408265 0.0 27.228900272903584 29.536033631239725 53.53117945391369 49.358630123529316 15.015519072920856 31.698215266882467 42.89407038947338 46.93120618125971 28.412578905780325 49.81444315170876 23.77124214754802 46.063707297146436 34.22007619751106 26.22325513112049 50.97624493564094 21.383256655520267
24.132362824344973 48.61151771325719 30.06007404397754 67.34982402244259 21.074849941704908 17.985661085688015 22.018606806460507 19.806414502248167 7.2227596267627945 34.02038286960965 45.866045404018095 22.3690074846452 6.5874607828012195 41.83696534203732 3.7717400235420815 5.88438718012317 18.25271276773435 3.1100009776489674 29.48581179028163 9.879533556196822 21.287669753801186 15.854640440475519 38.48121032381942 80.72205889455564 12.993281550626776 50.23438492996506 38.95980854269328 53.95173327075313 56.22427592660961 22.493351176199827 25.66946660288351 27.228900272903584 0.0 45.655340570492925 36.45327750368752 26.320788774856545 14.281188558872858 58.88234726711047 22.01657567615013 70.55365194102737 6.888723147753927 40.696868990593195 8.814449391219602 31.108792813816198 24.17689949956772 41.93002304225098 63.072292464800086 6.432397394944651
59.98687765669615 90.7036476527946 70.75517263465363 22.05916601820203 43.394882193778756 61.96258495689931 24.903502435673104 37.919154752204214 38.99557481056377 70.61265384034756 83.79619114714492 63.41738135695023 42.80149807762032 54.297129318497994 49.38881260178963 41.55673603262276 51.00842423355515 48.692211079813795 69.56949908282499 41.688799040077214 49.44767370378646 46.344402010505796 20.770400123779254 39.015310088608416 54.97294633214253 87.83037065531832 81.6013725792811 21.884147481541707 15.500481972179923 35.10645954107348 24.88549749493147 29.536033631239725 45.655340570492925 0.0 50.73788576658042 55.08374934673895 32.167437750508654 34.512170587219835 48.05553296751093 28.70610489424093 42.041142038495195 39.419155803683275 47.43317138073952 72.80214671666337 61.81454570582688 3.766692879313534 77.91531168054911 39.53188367660118
23.574103673205727 51.51899425796416 34.65877435552709 70.51637153333584 55.17131592413319 36.30971701688475 32.2519522316068 51.53599449464936 37.93753741268825 29.174499994205526 40.24898097993768 31.572235298098775 41.44119957715715 75.9731208564438 38.09115650098048 39.60357971570791 54.58000522439084 37.98781720927253 63.73652746907143 44.08881391293467 57.127952194141734 51.492812712476336 58.369318636960045 89.49298211137452 48.48286062336395 43.23888259095962 69.77238934760116 69.65107116254894 66.06763302137263 52.461362091101705 48.23000827791262 53.53117945391369 36.45327750368752 50.73788576658042 0.0 15.066045077922473 39.47097968190883 79.68024003630082 14.865364433086446 79.33715749968778 30.11334506151523 14.950549152347271 45.19269580874275 63.95845598239748 60.0020288590859 48.52020835971201 98.78548760325086 37.23153921746743
8.548593630910139 38.58448496841198 20.14079116875234 76.5553428164491 47.073182040152176 21.60069298881061 31.85806489005787 44.69572746923555 30.299928834340534 16.408550340037113 29.22502164780755 16.508199689515195 32.4749341836254 68.0274099669288 26.742887283607292 31.01894706519774 44.317768351160815 26.86308941508337 50.469921157102824 35.60721591485606 47.587591621227006 42.17279938186202 57.25177889768582 93.93445542080258 36.49900863508712 33.01755045232238 55.36729344061291 70.78129311906434 69.40456721813058 46.53754566734392 45.28545853797362 49.358630123529316 26.320788774856545 55.08374934673895 15.066045077922473 0.0 34.34884776921105 78.94164577330926 7.131236203949717 83.5307937729716 21.652294807658162 27.59775702248269 34.98080313693034 50.172568294387155 47.808853107562086 52.1044315890213 89.28360454758128 29.406971046521825
35.19197289284973 62.48265457139369 43.29786907800169 53.453772728780955 17.25881551600455 32.05042790771452 12.048538439702087 12.503882610139925 7.1130659807859065 45.90511776015356 58.52681359213357 35.517124647249624 10.643162933167002 36.98166077785639 17.78266495196618 9.435751103588549 21.209992745518086 17.071358353887305 38.40646162452234 10.019517079002048 21.495907758840005 16.588010391117532 24.606925217423356 66.44099079264701 22.93758532941212 62.866828291415786 49.84152481545653 39.839060817011784 41.97169267991442 12.994030622619466 11.780633066986569 15.015519072920856 14.281188558872858 32.167437750508654 39.47097968190883 34.34884776921105 0.0 45.70472714067544 27.968823460710592 56.278773018036865 13.637597689903137 38.22796599790886 15.464222890942434 41.20857684204638 31.18871912251179 28.401562435670655 60.73330212748507 7.849363382377011
80.81279441942485 107.42290699477164 88.7998084575761 35.40219169191561 43.22363022089016 76.78061698983046 47.80821220163331 40.691680898662966 51.93410602228852 91.58891482197885 104.21915632210788 81.02952443574723 52.970943126167036 38.553852928725064 61.637880716313056 53.05140134029367 52.37556393089668 60.98092467491165 69.71084338096014 50.07765616543447 48.56482062172103 49.384120375243576 21.70139421602791 32.06727253769702 61.30455845459623 108.56464372316469 82.51393632600018 13.009935043709145 23.05298510588601 37.28356391090642 34.008164415832056 31.698215266882467 58.88234726711047 34.512170587219835 79.68024003630082 78.94164577330926 45.70472714067544 0.0 72.00189384128493 26.57257904377274 59.331972798779695 71.43582976331896 55.07263500960954 73.99962889052452 61.93395446813261 34.4117717318321 55.75295634610365 52.85243006859847
13.048336482830221 44.389503624481506 24.991272601167914 69.64311317313572 41.899431525989996 22.638186523769676 24.741269671438705 38.989785528271064 24.723835599651775 22.840088530457486 35.921632104937814 19.50730406476173 27.570442906985246 62.902359520897015 23.33496413222574 25.896056155149587 40.267526790977925 23.278466797035954 48.89212986602958 30.49849290984905 43.13444516546026 37.5606218291365 50.30105574712187 86.84906364931382 33.66864260236564 39.84826541772297 55.34868860252005 63.67933542585268 62.28903732448874 40.53307666308551 38.53854647322017 42.89407038947338 22.01657567615013 48.05553296751093 14.865364433086446 7.131236203949717 27.968823460710592 72.00189384128493 0.0 76.44015918031221 16.257421428959738 23.831684106094787 30.829730230476045 49.22340404187222 45.183460249814665 45.02851667075793 84.95495074245923 23.89601287817742
87.89161275356366 117.87674944578173 98.07885136550588 12.821603850091915 61.29028213782998 88.05676921059327 52.311815880738266 56.958561040740996 63.38238567866385 98.67831598762258 111.85677359439569 90.49120989062534 66.1544305766766 62.98779208622816 74.04120802692644 65.45199858932818 70.33835740587905 73.33052235903762 89.0396999490264 64.09286226965803 67.4037012579578 66.28674836760904 33.998664209560935 10.42190467776738 77.125327262101 115.98278261621314 101.81815725763035 19.263087633482385 14.43850969905789 53.452190182774146 45.56154191998499 46.93120618125971 70.55365194102737 28.70610489424093 79.33715749968778 83.5307937729716 56.278773018036865 26.57257904377274 76.44015918031221 0.0 68.39473315854023 67.2403172257763 69.84368696049741 92.94774147879171 80.99130502979523 31.439378098056235 82.13208951166358 64.12595239317506
21.579452162663074 49.54484995516618 29.97836473163244 64.0447535467201 25.654316269674066 19.926508885545854 17.355634208207963 23.043671691982944 8.647694728276 32.26754636747213 44.93979476199479 22.24673748643732 11.375426313002864 46.661444581114445 9.88505283693686 9.64326148992539 24.50397439606699 9.439390734990804 36.30469972290037 14.241395246532985 27.042962638091623 21.422695952346903 38.0759701750151 78.72498246753794 19.864956704068415 49.26858559931716 45.34707750184311 52.96678112253234 53.95843672503389 24.98449102772213 25.349566133819227 28.412578905780325 6.888723147753927 42.041142038495195 30.11334506151523 21.652294807658162 13.637597689903137 59.331972798779695 16.257421428959738 68.39473315854023 0.0 33.80867043554433 15.205876879577252 37.75281719233195 31.05291836501801 38.43081593725236 68.80837265921762 7.758290487844648
35.89014303361307 65.76134719611186 47.726530116952716 57.3914399668765 55.39306134412001 46.3727691672028 27.623487782574962 50.70065685832453 39.436777535735075 43.31368651773115 54.98893355022346 43.176615568773784 43.83954685192825 74.96399730370769 43.425961365924195 41.83280540068088 57.270338039325935 43.08937022142202 69.9980519742146 45.682002649646314 58.823554956315924 53.32491320366632 51.36708339763291 77.0780461793234 53.66187214744439 58.10905171163953 78.03360008505541 60.13499579860309 54.9061924855726 50.6012778966194 43.76399707689283 49.81444315170876 40.696868990593195 39.419155803683275 14.950549152347271 27.59775702248269 38.22796599790886 71.43582976331896 23.831684106094787 67.2403172257763 33.80867043554433 0.0 48.54475713352342 71.09625906772443 64.82512325416243 37.964409674056014 98.94149338883786 39.023774351464404
31.99491213573666 52.988826236056 35.99718656661725 68.24891544707698 13.69383521538035 22.924107761946722 26.424591620432075 14.413810217871957 9.878429753262138 41.129528228627514 52.091532777203774 28.746694159020382 5.177842862055525 33.66860667644767 8.659039604661464 7.076076242975066 9.43828239463983 8.330818183332386 23.208975306326693 5.826989141654885 12.656683974707134 7.5857328022707415 36.32496709328337 79.67600967221568 7.543720887103712 56.4223108872435 34.378256364846415 52.018750108511966 55.90321592712721 17.790852408768433 24.313474289749 23.77124214754802 8.814449391219602 47.43317138073952 45.19269580874275 34.98080313693034 15.464222890942434 55.07263500960954 30.829730230476045 69.84368696049741 15.205876879577252 48.54475713352342 0.0 25.78474491770601 16.62994304699084 43.67037737606322 54.317355325668125 9.940897624896124
43.35351295151751 47.56159229062707 39.47001274361895 92.88118933054727 31.698731951365744 29.234205525866958 52.04910566709571 36.105132573736846 35.40957501866765 47.48878244674013 53.17809207604043 36.02600221657424 30.863006352850007 40.59961115703957 27.876655877667105 32.569477454511514 22.617799112235687 28.316189295859072 4.450373213311287 31.268678196211766 25.730318698275724 26.880655895250836 58.96130115940349 102.19727950873556 18.590830854746653 56.76293417878149 8.9019765793004 74.12289394180539 79.70192847661376 39.548233105743215 48.57165603676092 46.063707297146436 31.108792813816198 72.80214671666337 63.95845598239748 50.172568294387155 41.20857684204638 73.99962889052452 49.22340404187222 92.94774147879171 37.75281719233195 71.09625906772443 25.78474491770601 0.0 12.108616760519721 69.0650492632969 50.42260044221294 35.256861264372326
42.56115730623804 54.35375963691282 42.079065215793044 81.33684045155044 19.7010732276763 29.597646066209066 42.78875499684817 24.396390361319014 26.465027603476727 49.20293520658195 57.42891960227734 36.65312622995116 21.75083415965275 30.022210123124353 21.945913179688713 23.696953690053984 10.886025403392267 22.11616388256504 8.049208247965606 21.21650967903886 13.645473904139132 15.47338817501842 47.047820732556424 90.15559923835663 11.519177054447159 61.43372333715746 20.86762477418799 62.08486494080881 67.92074642713045 27.742829185602194 37.18532707291612 34.22007619751106 24.17689949956772 61.81454570582688 60.0020288590859 47.808853107562086 31.18871912251179 61.93395446813261 45.183460249814665 80.99130502979523 31.05291836501801 64.82512325416243 16.62994304699084 12.108616760519721 0.0 58.12619272886818 44.25844395972504 26.56922119232209
56.73968419811669 87.28906134110149 67.35664328250363 25.614503699070884 39.85423979428746 58.35732200227815 21.42073539938351 34.33833850372919 35.24087073179942 67.43472222449819 80.62337762534506 59.95903233626535 39.03492818122566 51.48667415070915 45.65696099953147 37.79426510862512 47.34096759579735 44.95885621152069 65.85696383278786 37.93102465964678 45.865606200837945 42.66259845245373 18.50660513305435 41.8326916787461 51.20930970186285 84.6973670551328 77.8562856219249 22.326781086961375 17.590554266754314 31.608111170001216 21.328261440183542 26.22325513112049 41.93002304225098 3.766692879313534 48.52020835971201 52.1044315890213 28.401562435670655 34.4117717318321 45.02851667075793 31.439378098056235 38.43081593725236 37.964409674056014 43.67037737606322 69.0650492632969 58.12619272886818 0.0 75.34279470237584 35.784261911886574
