0.0 22.544032524229348 30.557947055748347 16.36005175580985 13.680362719413013 10.958585178363464 43.53274518630544 44.72956398802704 12.692825630291543 49.91520052620035 32.05344572577238 16.053425062436027 37.69727464611858 32.48422481364554 22.146499754605156 57.550383759137155 5.319089760191775 54.65514872478032 3.769011890884048 22.587397443567657 17.108211434822326 16.976478656249473 29.0281055137538 36.34138706665662 8.862257563429235 45.79374169708313 41.68225394003783 42.0820560118434 17.19397336320457 45.997792902998064 26.395301030964056 18.78074912147354 40.74349195928643 33.454491609987244 18.31809337383451 56.96977122844028 14.19624527877346 53.61956227888977 23.013003455834955 12.818773714253947 48.384739242994605 6.522103854168087 16.334966023065757 36.70466367219506 12.156253267600102
22.544032524229348 0.0 53.05286803561772 16.982340172190167 36.171419015594445 19.878274564850592 65.1090286366131 57.27936356797559 24.17832469472653 32.0087969135394 40.621033413990844 30.589594678131462 47.69399924279582 46.938251198377706 21.78282596819996 59.66135493950438 27.35280496025969 68.98283839239502 25.896272828974528 29.156289080242694 21.982834469356106 5.881813669279164 50.96082440120804 48.405364563779145 27.4932269900979 50.296954651181395 63.555486049852625 52.27314820454299 27.603663248814822 27.095424627944173 47.777421352986245 13.644475280063832 57.41143143658332 51.62805755432065 23.48142755265326 59.27869407764139 23.30400494480737 68.31356671482305 33.57658756991191 17.670279052101343 65.18354143376186 27.99457772995195 22.898563209682994 52.4246337252923 31.21264985241944
30.557947055748347 53.05286803561772 0.0 43.87402039610158 17.357589997452294 37.68378624576326 16.37175618802382 45.951897422796925 35.72130585007855 78.86443249278302 40.45963085272506 32.32845428433473 45.65631270891959 31.143450341147005 45.077669804165666 70.01502475491345 25.748637949623543 49.64299026880464 27.167998548910134 42.30375806206323 41.69246866483733 47.349805707227254 6.822680115968202 41.75486373558115 28.751108240331106 58.10229264678114 13.529002655388805 48.05761127768843 37.1105902671506 75.51287480518542 10.756688419385938 46.23225267228179 35.237773608258586 22.855310675366347 39.6635054207985 69.31397366052494 35.88322523822045 48.135897618275756 34.93806769659064 40.470947591721355 34.464397812978845 25.31103979773471 38.17843859186451 30.185466108573173 24.480176520094304
16.36005175580985 16.982340172190167 43.87402039610158 0.0 26.67169134978273 6.217663450565477 58.49291286694062 40.29708541817997 8.936401146777802 34.991032234512886 46.2016991468917 14.952206062133772 30.789405239049305 48.44864129536247 31.138208770139983 45.26082634786512 21.421432916830955 52.04099110518454 19.955796338791153 12.250409665812345 5.015088609859996 15.194003683492049 43.884697564692345 31.42580266604723 15.169519419838972 34.70908470812909 56.310482467095134 35.39087861296664 11.026364546360233 31.809722997519422 41.90678562582264 23.987126248281914 40.97305201274969 49.80703150311861 29.72646774303419 44.78084139149279 26.94112591139917 51.40421621968312 37.45945111486697 3.611306481692758 64.74082854350941 22.796102580268652 28.132063622162615 52.93390467310511 28.479661905186905
13.680362719413013 36.171419015594445 17.357589997452294 26.67169134978273 0.0 20.455543397531557 31.969525425042928 39.955730066349425 19.003356505024602 61.619350495313746 35.25500552521606 17.17376457730292 35.88164532732057 30.750516648505634 32.421717933872294 59.008743091272606 9.7687811586156 47.640118424515215 10.84525061168306 27.0368772140414 24.97853819387941 30.656036872841863 17.47365635338522 33.05548838996436 11.800481950195937 46.8010643566236 29.678250898539037 39.49893526469841 21.348336649295998 58.18013439105381 16.371848019234747 31.326708671296533 32.69670789951092 27.46478342316196 27.40860771319863 58.34833575419953 23.042639845429402 46.36574691241476 27.066330215124985 23.199774300608013 42.394257414391376 10.067355877172021 25.533726432311667 33.016246354139895 13.159516694250067
10.958585178363464 19.878274564850592 37.68378624576326 6.217663450565477 20.455543397531557 0.0 52.28717205162798 38.72240646183261 4.381437151973524 41.18485946908516 42.322418687224506 10.733271389700757 30.11949012454568 43.43643605092181 29.23235032422072 47.601400914991835 15.661204793040374 49.90254136265142 14.280892075067277 12.69690522855077 6.217663450565477 16.287865213070077 37.684059048717224 29.865924161047445 9.070183434318345 36.27054760171171 50.09423709346775 34.718702640470745 8.623018785030615 37.89812114045621 35.78248083403684 23.178887497606055 37.64817665984734 44.11855981568627 26.825374575204602 47.059648244560286 23.41441844551782 49.107425150293 33.36548131013327 2.8428215131879075 59.15586025295183 17.116983161882153 25.023914436093545 47.63731912401351 23.067656228487664
43.53274518630544 65.1090286366131 16.37175618802382 58.49291286694062 31.969525425042928 52.28717205162798 0.0 61.436643773993325 50.95047545713509 93.22581236030798 41.61235295408132 48.23777327701998 61.881481105323395 29.911936975308304 52.45669423524798 86.26658818166801 38.26318908636817 63.61045398951068 39.81002621415297 58.271121607472075 56.936681124464656 59.23360894344833 14.617042075631826 57.87983501758512 43.76707501558777 74.41908481564388 3.1019427030550566 64.07735900955747 52.87039029844997 89.4863264301438 17.33207155737226 55.830285036736626 50.08845850982417 19.794071280354355 47.233929870290666 85.56267096915714 44.44634822075389 62.06256408672913 39.45495833799038 54.944843860113686 23.771321191762553 37.34047079616231 46.27768989332798 26.03284087069769 34.10636455461123
44.72956398802704 57.27936356797559 45.951897422796925 40.29708541817997 39.955730066349425 38.72240646183261 61.436643773993325 0.0 34.47836496715331 63.36362867522735 74.7130384253517 28.97873457141232 10.43892674118135 70.6055454883908 66.68686510479884 27.903280430847182 45.552494736573266 12.252641394233523 45.33107232101572 28.24321987251908 35.302004085414424 54.803252003919646 51.28824044636055 8.897631094085563 35.87809033266627 19.313100354449062 58.34725552310734 7.0812779672804815 30.153789070014955 63.13484214366635 52.955487700425195 61.6737907360354 12.09221216733802 65.8609672760733 63.04144753830661 27.214649096859375 58.83572946952689 12.06813910045321 66.00873422263916 40.129060581932 79.66355178701103 46.85517471262791 61.052178624077904 72.27697314968592 52.19987274703487
12.692825630291543 24.17832469472653 35.72130585007855 8.936401146777802 19.003356505024602 4.381437151973524 50.95047545713509 34.47836496715331 0.0 43.44283835387953 44.72438989273834 6.417649799934021 26.15951078582321 44.75827452867492 32.88000408287654 44.876278933161274 16.427120774236503 45.557096502079524 15.296863865725756 9.89896533344265 5.992718604012173 20.665571865167024 36.47551062220897 25.6588031933594 7.222173010454881 33.21086238263126 48.58492677510692 30.723040824061417 4.712761052306823 40.54249418297925 35.05386265466919 27.247479273780186 33.28265301137815 44.45506091391019 30.039707317909567 44.30175629803143 26.322103787821064 44.747919211416956 35.68999837946865 6.614667983203285 59.58762827293132 17.97270039984875 28.1539237628413 48.56603081132043 24.164037889800174
49.91520052620035 32.0087969135394 78.86443249278302 34.991032234512886 61.619350495313746 41.18485946908516 93.22581236030798 63.36362867522735 43.44283835387953 0.0 72.59645414216781 48.29498209228346 53.080702593334706 78.66498650329731 53.52853991244329 50.565408930640544 55.23403740449434 75.41739607977085 53.68397141999589 40.10789973163108 37.694906079763484 37.121378529042474 78.61525688418804 56.21525882620648 50.14427905980497 47.45548594078307 91.15838081067754 56.4624465981567 43.407183358856685 5.327545400745893 76.27751117658275 45.56261531052689 69.31182294608128 82.39724065487069 55.485461345047746 50.56559410651297 55.00011551512735 75.40694840428522 65.5151366977406 38.41974562808889 96.58295768956842 56.36657527142115 54.82807499073159 83.97973633049577 61.08419465106814
32.05344572577238 40.621033413990844 40.45963085272506 46.2016991468917 35.25500552521606 42.322418687224506 41.61235295408132 74.7130384253517 44.72438989273834 72.59645414216781 0.0 47.57424744115035 69.05381617853567 11.96696328797845 19.29553648810632 89.59910565646773 29.53013950093001 82.8937882057549 30.116904248679617 54.59093759182944 48.499104656929 36.00427216837912 34.096687998231026 67.04751728338654 40.00074089880677 77.83002024175369 42.04335817997362 73.202997765347 49.24387322121494 67.57702142406129 29.787559178309277 27.036807450067613 67.93965331665727 21.87667267381323 17.35161314518446 89.02113552462635 19.282164112205344 81.62019474221509 9.042538130092748 43.276133112779675 28.967085385646087 28.09482131813727 18.464149402313595 17.29716615943855 22.51368692934967
16.053425062436027 30.589594678131462 32.32845428433473 14.952206062133772 17.17376457730292 10.733271389700757 48.23777327701998 28.97873457141232 6.417649799934021 48.29498209228346 47.57424744115035 0.0 21.658270705580563 46.02304709007654 37.736524290551074 42.73406071335167 18.130905181344055 39.61344824513978 17.457380005427684 10.03681781334336 10.811214716895792 26.916089784115908 34.19379562125725 20.385319941062175 7.576066878679803 30.6442931006085 45.65016187937839 26.02889421097072 4.948260187049005 45.80238211675511 33.524108115573085 32.82181201226165 26.93648634245361 44.284614115097334 34.30457520914319 42.106973218449696 30.24698682826523 38.73205284601192 38.573739004423715 13.014958510493791 59.35846561602197 19.636801210416287 32.33889110705689 49.19718879654674 25.714770333926406
37.69727464611858 47.69399924279582 45.65631270891959 30.789405239049305 35.88164532732057 30.11949012454568 61.881481105323395 10.43892674118135 26.15951078582321 53.080702593334706 69.05381617853567 21.658270705580563 0.0 66.45369420014353 59.001387710001175 24.388716893721707 39.52371175236804 22.68734097732799 39.00199830203321 18.54663638399524 25.90073624132355 45.711414631473176 49.95454854453561 4.448599189841538 29.144660867717814 12.865183556701853 58.88674001028488 4.621081955132305 21.529719865503356 52.73022768630899 50.77502998757331 53.29828001127172 17.990910968680588 63.082684951572205 55.86307401032833 23.683506819632992 51.87568509956768 22.485249290765594 60.10625024305762 31.111683903171695 77.63020019181118 40.96793631257131 53.916249507728004 68.89334517012874 46.81213616672852
32.48422481364554 46.938251198377706 31.143450341147005 48.44864129536247 30.750516648505634 43.43643605092181 29.911936975308304 70.6055454883908 44.75827452867492 78.66498650329731 11.96696328797845 46.02304709007654 66.45369420014353 0.0 27.820873053872678 88.75700122107784 28.356844960918618 77.39492085565797 29.467401720245185 54.52782840239939 49.58817973087478 41.555053390794605 24.389354673667 63.788371230346925 38.68595843911309 76.64435177885434 30.601186603230843 70.20655624220369 48.791727238951125 73.94384169051781 20.476027663056175 34.198047988729456 62.330085814606655 10.12493243274913 23.94955078549074 88.12868600511204 23.67744158367833 76.01395157090589 13.730299007888018 45.07874865536413 18.60932689352376 26.80462144247218 24.128849105322956 5.860960992972774 20.597807433913193
22.146499754605156 21.78282596819996 45.077669804165666 31.138208770139983 32.421717933872294 29.23235032422072 52.45669423524798 66.68686510479884 32.88000408287654 53.52853991244329 19.29553648810632 37.736524290551074 59.001387710001175 27.820873053872678 0.0 76.33217329239528 23.0999216699546 76.80000050699957 22.616973346624654 41.876563820025076 34.74259421834323 17.994291926223585 40.51117754546389 58.113228891325335 30.966407940836405 65.37428257300141 51.80487316579657 63.526795599437015 37.5730132139074 48.43385022080658 36.34405364610578 8.212458823026813 62.80580994562148 35.070312799984684 5.420401770623702 75.83300185616483 9.451120671740153 75.76568267797971 14.210227805233112 29.100138191657205 46.41271652063912 22.428582473648618 6.9979826651165284 33.661859402146966 20.717829093859343
57.550383759137155 59.66135493950438 70.01502475491345 45.26082634786512 59.008743091272606 47.601400914991835 86.26658818166801 27.903280430847182 44.876278933161274 50.565408930640544 89.59910565646773 42.73406071335167 24.388716893721707 88.75700122107784 76.33217329239528 0.0 60.672173728506074 35.343899431956736 59.796176177795815 35.042322110294265 41.688063634398766 59.94213972890691 74.09979332731149 28.51490017827098 50.14427905980502 12.208258133502579 83.27504371875823 22.79667425972132 40.38301453868481 52.66248864560574 74.61537080424897 69.21709557159689 39.72850717339195 86.47120432338922 74.3939538063745 0.7113065980774589 70.99608186347476 36.2312717712881 80.56171711575087 47.2875991164258 101.30420680213145 62.21147045233433 72.61869349677171 91.80111255710821 68.37335474022106
5.319089760191775 27.35280496025969 25.748637949623543 21.421432916830955 9.7687811586156 15.661204793040374 38.26318908636817 45.552494736573266 16.427120774236503 55.23403740449434 29.53013950093001 18.130905181344055 39.52371175236804 28.356844960918618 23.0999216699546 60.672173728506074 0.0 54.65558754165415 1.5532003003268096 26.172238048227783 21.566854199852322 21.607839014089055 23.81271983561407 37.61073573517876 10.573244398558675 48.6830412350576 36.468677520259746 43.69480097430024 20.45843806923476 51.306778102672226 21.085063426936035 21.557939380261626 40.1795574895931 28.459036436000435 18.4124748817766 60.06297458911752 13.998565761356051 53.51116415048665 20.604286964272262 17.826511694199517 43.50014265506374 1.5531031774513486 16.44641280405189 32.17128596843798 7.764544281782917
54.65514872478032 68.98283839239502 49.64299026880464 52.04099110518454 47.640118424515215 49.90254136265142 63.61045398951068 12.252641394233523 45.557096502079524 75.41739607977085 82.8937882057549 39.61344824513978 22.68734097732799 77.39492085565797 76.80000050699957 35.343899431956736 54.65558754165415 0.0 54.68480909085684 40.19651783034465 47.02605040671426 66.1549179511093 55.80470598299559 20.744024099803102 45.84702246246441 29.714045706892964 60.52663597007562 18.95807494865733 41.51492698166401 75.32220578333282 58.26983477930315 72.4114746608886 15.06896935558408 71.37602010864812 72.76016795931731 34.743758562071534 68.42736552192372 1.5546107235323472 74.54751937181497 51.56136065778512 84.09730673351922 55.80247062043665 70.76136774589956 78.26436246445269 60.567588478577036
3.769011890884048 25.896272828974528 27.167998548910134 19.955796338791153 10.84525061168306 14.280892075067277 39.81002621415297 45.33107232101572 15.296863865725756 53.68397141999589 30.116904248679617 17.457380005427684 39.00199830203321 29.467401720245185 22.616973346624654 59.796176177795815 1.5532003003268096 54.68480909085684 0.0 25.122639632500384 20.266758076528472 20.18409447284368 25.346041817226567 37.24638604519337 9.885654516909527 47.8661424751692 38.002818042325316 43.241421497321156 19.47583134789233 49.753597799935484 22.63817306325731 20.577061423860137 40.35491338724503 29.8748771193042 18.142772018152936 59.19499222050395 13.764266538110911 53.5710484839035 21.121930760776646 16.371981601007214 44.88081491501668 2.845226392315494 16.15246859906173 33.42490144362914 8.891759678549931
22.587397443567657 29.156289080242694 42.30375806206323 12.250409665812345 27.0368772140414 12.69690522855077 58.271121607472075 28.24321987251908 9.89896533344265 40.10789973163108 54.59093759182944 10.03681781334336 18.54663638399524 54.52782840239939 41.876563820025076 35.042322110294265 26.172238048227783 40.19651783034465 25.122639632500384 0.0 7.462122645899945 27.30341485975655 44.21109846224097 19.459555090576224 16.09324433351317 23.576449450715593 55.66941052537575 23.142445862285154 5.8269371622557316 38.32656430066352 43.40762768791341 35.44972138331491 30.39884607249998 53.691212652554306 39.504342875227934 34.48069340450532 35.98314654342583 39.664815097999686 45.56426424496801 12.972483169468301 68.82337036050535 27.725072521478044 37.68041149493244 58.15649702685111 33.935755421533734
17.108211434822326 21.982834469356106 41.69246866483733 5.015088609859996 24.97853819387941 6.217663450565477 56.936681124464656 35.302004085414424 5.992718604012173 37.694906079763484 48.499104656929 10.811214716895792 25.90073624132355 49.58817973087478 34.74259421834323 41.688063634398766 21.566854199852322 47.02605040671426 20.266758076528472 7.462122645899945 0.0 19.850842175968747 42.4442974033343 26.42307732812097 13.180313434839343 30.647399691546994 54.57743131619903 30.514949042737147 6.316854937058231 35.030321604624675 40.930873550917745 28.076683517607478 36.088824340500324 49.93141381597393 32.72647944649453 41.16716234367717 29.487196640589435 46.39025243619221 39.56194109651689 5.64683068163416 65.0264469084717 23.068599093211102 30.98498855110492 53.689589763782145 29.129483523892766
16.976478656249473 5.881813669279164 47.349805707227254 15.194003683492049 30.656036872841863 16.287865213070077 59.23360894344833 54.803252003919646 20.665571865167024 37.121378529042474 36.00427216837912 26.916089784115908 45.711414631473176 41.555053390794605 17.994291926223585 59.94213972890691 21.607839014089055 66.1549179511093 20.18409447284368 27.30341485975655 19.850842175968747 0.0 45.11790851632033 45.90986120929687 22.801023900781264 49.79106034831822 57.6977432658286 50.33143315818796 24.675536859998893 32.401305808136556 41.90293601624051 9.892606386122415 53.84492475999373 45.886606969916656 18.66176546715682 59.50228629029382 17.881016868437726 65.38057984620379 28.452263923146457 14.677337055078073 59.63404979514176 22.18612299680355 17.7936197887147 46.936352205974664 25.33645260684986
29.0281055137538 50.96082440120804 6.822680115968202 43.884697564692345 17.47365635338522 37.684059048717224 14.617042075631826 51.28824044636055 36.47551062220897 78.61525688418804 34.096687998231026 34.19379562125725 49.95454854453561 24.389354673667 40.51117754546389 74.09979332731149 23.81271983561407 55.80470598299559 25.346041817226567 44.21109846224097 42.4442974033343 45.11790851632033 0.0 46.3195873669988 29.264095290184454 62.00480527938848 12.656873751234368 52.75497366259456 38.65743150141871 74.91073391972861 4.397408643743918 42.67529727199086 41.120625923022516 16.074553684799458 35.107754345389196 73.40993849494107 31.70510299786612 54.321320565676 29.248121985191027 40.33111159882828 28.443854021909527 22.99874210944862 33.82582014128453 23.38048635887286 20.605515540865532
36.34138706665662 48.405364563779145 41.75486373558115 31.42580266604723 33.05548838996436 29.865924161047445 57.87983501758512 8.897631094085563 25.6588031933594 56.21525882620648 67.04751728338654 20.385319941062175 4.448599189841538 63.788371230346925 58.113228891325335 28.51490017827098 37.61073573517876 20.744024099803102 37.24638604519337 19.459555090576224 26.42307732812097 45.90986120929687 46.3195873669988 0.0 27.560241404416352 17.255590288716164 54.86013854278382 6.498647050106679 21.276045096848783 55.542362927127705 47.380856916086046 52.89397015367139 13.810572069468776 59.916339128785275 54.648374438615235 27.805183736052452 50.52178711187604 20.264925712780173 58.19997839340754 31.234140326346168 74.26440414470586 38.98931759609973 52.67187787187831 65.94724219888022 44.615647119044304
8.862257563429235 27.4932269900979 28.751108240331106 15.169519419838972 11.800481950195937 9.070183434318345 43.76707501558777 35.87809033266627 7.222173010454881 50.14427905980497 40.00074089880677 7.576066878679803 29.144660867717814 38.68595843911309 30.966407940836405 50.14427905980502 10.573244398558675 45.84702246246441 9.885654516909527 16.09324433351317 13.180313434839343 22.801023900781264 29.264095290184454 27.560241404416352 0.0 38.12161208460885 41.44145572068255 33.433424898690255 10.267848864350574 46.95208915626269 27.852428148850795 26.939352995802405 32.163060178342086 37.61454484602823 27.16351207047259 49.528853867181525 22.976419814685574 44.83700510137413 31.006865145856512 11.909914224734765 52.752363199986135 12.093860594147971 25.174155556387866 42.11316704997947 18.229601858466413
45.79374169708313 50.296954651181395 58.10229264678114 34.70908470812909 46.8010643566236 36.27054760171171 74.41908481564388 19.313100354449062 33.21086238263126 47.45548594078307 77.83002024175369 30.6442931006085 12.865183556701853 76.64435177885434 65.37428257300141 12.208258133502579 48.6830412350576 29.714045706892964 47.8661424751692 23.576449450715593 30.647399691546994 49.79106034831822 62.00480527938848 17.255590288716164 38.12161208460885 0.0 71.4611527744322 12.711811045573292 28.60398320774137 48.357466495700415 62.43878050020954 58.635761245413335 29.954203448983165 74.2630422703048 63.078475500913704 11.547864606563369 59.50389594642596 30.14180163839287 68.78772287081654 36.29408142409432 89.10168014746712 50.21249058037977 61.24587812785487 79.61889751528226 56.34152725028913
41.68225394003783 63.555486049852625 13.529002655388805 56.310482467095134 29.678250898539037 50.09423709346775 3.1019427030550566 58.34725552310734 48.58492677510692 91.15838081067754 42.04335817997362 45.65016187937839 58.88674001028488 30.601186603230843 51.80487316579657 83.27504371875823 36.468677520259746 60.52663597007562 38.002818042325316 55.66941052537575 54.57743131619903 57.6977432658286 12.656873751234368 54.86013854278382 41.44145572068255 71.4611527744322 0.0 61.0355796662565 50.341816854072924 87.51914043208625 15.927220128590575 54.75794047927836 46.986770054551954 20.512872321061813 46.503194672985465 82.57016798486609 43.49643398594198 58.97956765554129 39.22157686045381 52.79208828985727 26.172799593724903 35.63479826473072 45.43539592954407 27.20069886018081 32.82235876915427
42.0820560118434 52.27314820454299 48.05761127768843 35.39087861296664 39.49893526469841 34.718702640470745 64.07735900955747 7.0812779672804815 30.723040824061417 56.4624465981567 73.202997765347 26.02889421097072 4.621081955132305 70.20655624220369 63.526795599437015 22.79667425972132 43.69480097430024 18.95807494865733 43.241421497321156 23.142445862285154 30.514949042737147 50.33143315818796 52.75497366259456 6.498647050106679 33.433424898690255 12.711811045573292 61.0355796662565 0.0 26.116558946076193 56.402396982944175 53.869904562028154 57.895401292514485 17.3053998500909 66.41442384237287 60.30735878961217 22.08648361807417 56.275688675691846 18.97092469886723 64.29854523664557 35.73215250400713 80.75278868322239 45.11009877036161 58.350827859474435 72.42635334381097 50.8491391324287
17.19397336320457 27.603663248814822 37.1105902671506 11.026364546360233 21.348336649295998 8.623018785030615 52.87039029844997 30.153789070014955 4.712761052306823 43.407183358856685 49.24387322121494 4.948260187049005 21.529719865503356 48.791727238951125 37.5730132139074 40.38301453868481 20.45843806923476 41.51492698166401 19.47583134789233 5.8269371622557316 6.316854937058231 24.675536859998893 38.65743150141871 21.276045096848783 10.267848864350574 28.60398320774137 50.341816854072924 26.116558946076193 0.0 41.02409757655823 37.69924969816898 31.782745446140506 29.96344277185881 47.86553272405708 34.747557147141016 39.79492398036226 30.99904652416204 40.78362573177806 40.201830097511895 10.04668931250222 62.99886637099004 22.010881244011717 32.856249854316104 52.35314825494927 28.220301228761382
45.997792902998064 27.095424627944173 75.51287480518542 31.809722997519422 58.18013439105381 37.89812114045621 89.4863264301438 63.13484214366635 40.54249418297925 5.327545400745893 67.57702142406129 45.80238211675511 52.73022768630899 73.94384169051781 48.43385022080658 52.66248864560574 51.306778102672226 75.32220578333282 49.753597799935484 38.32656430066352 35.030321604624675 32.401305808136556 74.91073391972861 55.542362927127705 46.95208915626269 48.357466495700415 87.51914043208625 56.402396982944175 41.02409757655823 0.0 72.3915544272785 40.54447609048306 68.22069870426722 78.00429888952952 50.56499071567626 52.59502287312665 50.26685700195557 75.2019604175846 60.668164188299656 35.07740092175415 92.00745523427823 52.36652925053892 49.98452204331706 79.33535400295352 56.83531388358171
26.395301030964056 47.777421352986245 10.756688419385938 41.90678562582264 16.371848019234747 35.78248083403684 17.33207155737226 52.955487700425195 35.05386265466919 76.27751117658275 29.787559178309277 33.524108115573085 50.77502998757331 20.476027663056175 36.34405364610578 74.61537080424897 21.085063426936035 58.26983477930315 22.63817306325731 43.40762768791341 40.930873550917745 41.90293601624051 4.397408643743918 47.380856916086046 27.852428148850795 62.43878050020954 15.927220128590575 53.869904562028154 37.69924969816898 72.3915544272785 0.0 38.868978251321074 43.372016358432845 13.106247746692905 30.96233514039341 73.93694009331101 27.71378026623103 56.819521275605496 24.858501187138884 38.3080952862518 26.88357458176805 20.0781619488989 29.756200790398847 20.129637812137247 16.895147711117517
18.78074912147354 13.644475280063832 46.23225267228179 23.987126248281914 31.326708671296533 23.178887497606055 55.830285036736626 61.6737907360354 27.247479273780186 45.56261531052689 27.036807450067613 32.82181201226165 53.29828001127172 34.198047988729456 8.212458823026813 69.21709557159689 21.557939380261626 72.4114746608886 20.577061423860137 35.44972138331491 28.076683517607478 9.892606386122415 42.67529727199086 52.89397015367139 26.939352995802405 58.635761245413335 54.75794047927836 57.895401292514485 31.782745446140506 40.54447609048306 38.868978251321074 0.0 59.08703722692634 40.12698609411706 10.265847951670867 68.74758901750195 11.513252492890782 71.49092945439617 20.53004663103841 22.47871525220611 52.73187084295564 21.436766382805438 10.22542620583534 39.89201320141581 22.071158516907808
40.74349195928643 57.41143143658332 35.237773608258586 40.97305201274969 32.69670789951092 37.64817665984734 50.08845850982417 12.09221216733802 33.28265301137815 69.31182294608128 67.93965331665727 26.93648634245361 17.990910968680588 62.330085814606655 62.80580994562148 39.72850717339195 40.1795574895931 15.06896935558408 40.35491338724503 30.39884607249998 36.088824340500324 53.84492475999373 41.120625923022516 13.810572069468776 32.163060178342086 29.954203448983165 46.986770054551954 17.3053998500909 29.96344277185881 68.22069870426722 43.372016358432845 59.08703722692634 0.0 56.469540108840626 58.49768506636278 39.02814157549288 54.11237134764272 13.719668350592851 59.70758931884198 39.742075487303815 69.538041343794 41.23364583734677 56.5066713095879 63.28039697030347 45.73144149468344
33.454491609987244 51.62805755432065 22.855310675366347 49.80703150311861 27.46478342316196 44.11855981568627 19.794071280354355 65.8609672760733 44.45506091391019 82.39724065487069 21.87667267381323 44.284614115097334 63.082684951572205 10.12493243274913 35.070312799984684 86.47120432338922 28.459036436000435 71.37602010864812 29.8748771193042 53.691212652554306 49.93141381597393 45.886606969916656 16.074553684799458 59.916339128785275 37.61454484602823 74.2630422703048 20.512872321061813 66.41442384237287 47.86553272405708 78.00429888952952 13.106247746692905 40.12698609411706 56.469540108840626 0.0 30.35922090478503 85.80929213900109 28.732625915308933 69.92484890605397 21.07880079069708 46.23911712104069 15.140039388058778 27.029650726988706 29.94040848104958 7.371125312628948 21.482930482107207
18.31809337383451 23.48142755265326 39.6635054207985 29.72646774303419 27.40860771319863 26.825374575204602 47.233929870290666 63.04144753830661 30.039707317909567 55.485461345047746 17.35161314518446 34.30457520914319 55.86307401032833 23.94955078549074 5.420401770623702 74.3939538063745 18.4124748817766 72.76016795931731 18.142772018152936 39.504342875227934 32.72647944649453 18.66176546715682 35.107754345389196 54.648374438615235 27.16351207047259 63.078475500913704 46.503194672985465 60.30735878961217 34.747557147141016 50.56499071567626 30.96233514039341 10.265847951670867 58.49768506636278 30.35922090478503 0.0 73.86181806972107 4.416656208188123 71.67104256558893 10.264203160296907 27.19632545590406 42.51542042669508 17.569449925891398 1.998979168655399 29.67751873432908 15.354008821968055
56.96977122844028 59.27869407764139 69.31397366052494 44.78084139149279 58.34833575419953 47.059648244560286 85.56267096915714 27.214649096859375 44.30175629803143 50.56559410651297 89.02113552462635 42.106973218449696 23.683506819632992 88.12868600511204 75.83300185616483 0.7113065980774589 60.06297458911752 34.743758562071534 59.19499222050395 34.48069340450532 41.16716234367717 59.50228629029382 73.40993849494107 27.805183736052452 49.528853867181525 11.547864606563369 82.57016798486609 22.08648361807417 39.79492398036226 52.59502287312665 73.93694009331101 68.74758901750195 39.02814157549288 85.80929213900109 73.86181806972107 0.0 70.44602684191337 35.61773770618439 79.98236410701195 46.774425955253406 100.63412306394042 61.60100609854796 72.08071324852304 91.15519423213237 67.75843612468849
14.19624527877346 23.30400494480737 35.88322523822045 26.94112591139917 23.042639845429402 23.41441844551782 44.44634822075389 58.83572946952689 26.322103787821064 55.00011551512735 19.282164112205344 30.24698682826523 51.87568509956768 23.67744158367833 9.451120671740153 70.99608186347476 13.998565761356051 68.42736552192372 13.764266538110911 35.98314654342583 29.487196640589435 17.881016868437726 31.70510299786612 50.52178711187604 22.976419814685574 59.50389594642596 43.49643398594198 56.275688675691846 30.99904652416204 50.26685700195557 27.71378026623103 11.513252492890782 54.11237134764272 28.732625915308933 4.416656208188123 70.44602684191337 0.0 67.3252841758086 10.831472716488442 24.114791792163288 41.8891328645585 13.157942554650884 2.4911002663810655 29.12068678589192 11.40929212201794
53.61956227888977 68.31356671482305 48.135897618275756 51.40421621968312 46.36574691241476 49.107425150293 62.06256408672913 12.06813910045321 44.747919211416956 75.40694840428522 81.62019474221509 38.73205284601192 22.485249290765594 76.01395157090589 75.76568267797971 36.2312717712881 53.51116415048665 1.5546107235323472 53.5710484839035 39.664815097999686 46.39025243619221 65.38057984620379 54.321320565676 20.264925712780173 44.83700510137413 30.14180163839287 58.97956765554129 18.97092469886723 40.78362573177806 75.2019604175846 56.819521275605496 71.49092945439617 13.719668350592851 69.92484890605397 71.67104256558893 35.61773770618439 67.3252841758086 0.0 73.31556223998291 50.82771651464863 82.59466417484903 54.63788796288691 69.67290187486353 76.83364349819236 59.3338491128518
23.013003455834955 33.57658756991191 34.93806769659064 37.45945111486697 27.066330215124985 33.36548131013327 39.45495833799038 66.00873422263916 35.68999837946865 65.5151366977406 9.042538130092748 38.573739004423715 60.10625024305762 13.730299007888018 14.210227805233112 80.56171711575087 20.604286964272262 74.54751937181497 21.121930760776646 45.56426424496801 39.56194109651689 28.452263923146457 29.248121985191027 58.19997839340754 31.006865145856512 68.78772287081654 39.22157686045381 64.29854523664557 40.201830097511895 60.668164188299656 24.858501187138884 20.53004663103841 59.70758931884198 21.07880079069708 10.264203160296907 79.98236410701195 10.831472716488442 73.31556223998291 0.0 34.42759124218369 32.33386505527234 19.21086357511279 10.687706015801425 19.521007332915694 13.981736980759623
12.818773714253947 17.670279052101343 40.470947591721355 3.611306481692758 23.199774300608013 2.8428215131879075 54.944843860113686 40.129060581932 6.614667983203285 38.41974562808889 43.276133112779675 13.014958510493791 31.111683903171695 45.07874865536413 29.100138191657205 47.2875991164258 17.826511694199517 51.56136065778512 16.371981601007214 12.972483169468301 5.64683068163416 14.677337055078073 40.33111159882828 31.234140326346168 11.909914224734765 36.29408142409432 52.79208828985727 35.73215250400713 10.04668931250222 35.07740092175415 38.3080952862518 22.47871525220611 39.742075487303815 46.23911712104069 27.19632545590406 46.774425955253406 24.114791792163288 50.82771651464863 34.42759124218369 0.0 61.20073468775271 19.215433740698987 25.498410381018626 49.47283782300902 24.966049530611688
48.384739242994605 65.18354143376186 34.464397812978845 64.74082854350941 42.394257414391376 59.15586025295183 23.771321191762553 79.66355178701103 59.58762827293132 96.58295768956842 28.967085385646087 59.35846561602197 77.63020019181118 18.60932689352376 46.41271652063912 101.30420680213145 43.50014265506374 84.09730673351922 44.88081491501668 68.82337036050535 65.0264469084717 59.63404979514176 28.443854021909527 74.26440414470586 52.752363199986135 89.10168014746712 26.172799593724903 80.75278868322239 62.99886637099004 92.00745523427823 26.88357458176805 52.73187084295564 69.538041343794 15.140039388058778 42.51542042669508 100.63412306394042 41.8891328645585 82.59466417484903 32.33386505527234 61.20073468775271 0.0 42.04016791175607 42.579319431480485 12.84013101228649 36.27663650201265
6.522103854168087 27.99457772995195 25.31103979773471 22.796102580268652 10.067355877172021 17.116983161882153 37.34047079616231 46.85517471262791 17.97270039984875 56.36657527142115 28.09482131813727 19.636801210416287 40.96793631257131 26.80462144247218 22.428582473648618 62.21147045233433 1.5531031774513486 55.80247062043665 2.845226392315494 27.725072521478044 23.068599093211102 22.18612299680355 22.99874210944862 38.98931759609973 12.093860594147971 50.21249058037977 35.63479826473072 45.11009877036161 22.010881244011717 52.36652925053892 20.0781619488989 21.436766382805438 41.23364583734677 27.029650726988706 17.569449925891398 61.60100609854796 13.157942554650884 54.63788796288691 19.21086357511279 19.215433740698987 42.04016791175607 0.0 15.637237214810535 30.644590367975134 6.21144148463502
16.334966023065757 22.898563209682994 38.17843859186451 28.132063622162615 25.533726432311667 25.023914436093545 46.27768989332798 61.052178624077904 28.1539237628413 54.82807499073159 18.464149402313595 32.33889110705689 53.916249507728004 24.128849105322956 6.9979826651165284 72.61869349677171 16.44641280405189 70.76136774589956 16.15246859906173 37.68041149493244 30.98498855110492 17.7936197887147 33.82582014128453 52.67187787187831 25.174155556387866 61.24587812785487 45.43539592954407 58.350827859474435 32.856249854316104 49.98452204331706 29.756200790398847 10.22542620583534 56.5066713095879 29.94040848104958 1.998979168655399 72.08071324852304 2.4911002663810655 69.67290187486353 10.687706015801425 25.498410381018626 42.579319431480485 15.637237214810535 0.0 29.748245911840925 13.749767316781849
36.70466367219506 52.4246337252923 30.185466108573173 52.93390467310511 33.016246354139895 47.63731912401351 26.03284087069769 72.27697314968592 48.56603081132043 83.97973633049577 17.29716615943855 49.19718879654674 68.89334517012874 5.860960992972774 33.661859402146966 91.80111255710821 32.17128596843798 78.26436246445269 33.42490144362914 58.15649702685111 53.689589763782145 46.936352205974664 23.38048635887286 65.94724219888022 42.11316704997947 79.61889751528226 27.20069886018081 72.42635334381097 52.35314825494927 79.33535400295352 20.129637812137247 39.89201320141581 63.28039697030347 7.371125312628948 29.67751873432908 91.15519423213237 29.12068678589192 76.83364349819236 19.521007332915694 49.47283782300902 12.84013101228649 30.644590367975134 29.748245911840925 0.0 24.570736215486505
12.156253267600102 31.21264985241944 24.480176520094304 28.479661905186905 13.159516694250067 23.067656228487664 34.10636455461123 52.19987274703487 24.164037889800174 61.08419465106814 22.51368692934967 25.714770333926406 46.81213616672852 20.597807433913193 20.717829093859343 68.37335474022106 7.764544281782917 60.567588478577036 8.891759678549931 33.935755421533734 29.129483523892766 25.33645260684986 20.605515540865532 44.615647119044304 18.229601858466413 56.34152725028913 32.82235876915427 50.8491391324287 28.220301228761382 56.83531388358171 16.895147711117517 22.071158516907808 45.73144149468344 21.482930482107207 15.354008821968055 67.75843612468849 11.40929212201794 59.3338491128518 13.981736980759623 24.966049530611688 36.27663650201265 6.21144148463502 13.749767316781849 24.570736215486505 0.0
