0.0 8.5591566444967 68.99146873331362 33.27240772603293 89.26824123331471 4.451741323575105 24.907553164632965 57.882854019278206 54.17590969617684 25.40185256195626 7.567685761248513 33.77275797601738 31.95637089200485 69.4425287525982 28.068605348739407 12.830971007146013 3.3101099213718017 43.34411933329022 36.79852232247674 74.58827044559885 11.999347430091984 13.346325596968361 69.86264709402155 17.386879394273627 98.35870560003033 6.227228160434236 25.853366594354807 58.343936695896566 65.09323541514775 22.770551950171072 8.053905447853023 37.37226763228135 74.6716514956605 36.38990958075185 31.069830157880407 17.771901284281842 3.8624699039558847 49.995098410947314 42.65412509964272 48.25108312064191 80.39002112088431 50.676271506451904 71.59469083631413 61.68789826465404 37.53747422142789 59.1584795542759 52.3613898715627 12.437994434396055
8.5591566444967 0.0 77.19974576699924 40.42688798033514 97.8032276085085 4.672329993698471 18.005264815147203 65.75172993235 62.011867696109704 33.72230694731756 6.194279541435747 38.54801899711442 40.23800653363169 74.58611175480011 36.49971295502646 17.050853798090703 10.837452279352405 48.415491558714564 45.24007786289783 83.00128135590559 4.261387590199476 6.953542256298549 78.1237415452889 25.542698152210825 106.91734280100195 14.573988668759656 18.954889211175445 65.35025043622556 72.7496428085692 31.322970732526105 5.815528307030122 41.091837972158025 81.5040268135468 43.23008546649162 39.3732599498028 20.894218001487243 9.774375844285437 56.41228132484613 50.81927060556354 56.78590905854875 87.78359951248717 59.18977224869547 78.58192527476018 69.35108546631832 42.094104090740885 67.7171869177089 60.786322628817594 11.348635021724446
68.99146873331362 77.19974576699924 0.0 39.301319122389664 26.8996982980404 72.54092951994652 93.46395080099407 13.742710553873682 17.11682441940244 49.690451535854336 75.8007593440964 50.75062701420283 37.04388291586881 45.52045110519357 41.19090886484634 63.26965539858678 68.01534326252597 45.84192141635609 32.757264192818745 9.616859398493883 80.97501030708129 82.17271946663101 1.889550570149985 51.66371458936123 39.165743816421454 62.769534084581736 94.37689314242014 24.434574699366443 13.143651043417037 48.24819213051483 76.45001145114423 54.98081672538637 27.40688659629519 38.41055629624785 37.94363439888414 63.123828524623974 69.83471953082301 33.47178753206582 26.384185874979817 24.380328359864322 21.776933298018456 21.560911589658275 24.27024811458307 14.216335764719418 50.557225250019926 22.344098925893682 17.966617917610048 78.3092990821622
33.27240772603293 40.42688798033514 39.301319122389664 0.0 63.82253662460394 35.83530593244263 58.067605119094694 26.362054173377867 22.61329429346556 27.028720358865556 40.78720473219526 14.394580858364652 11.782385262663304 39.39569637254567 14.60976300801205 24.648429559053408 33.507411071910624 17.0951292184639 16.475078036984527 46.983612872296 44.57200976939148 46.47811763816172 40.62150920592317 17.17673339803269 74.8982447141715 27.395395855705306 59.02002944725027 25.07233202696127 32.63961709739328 21.483956778399378 41.312818811785945 20.37473410482224 41.42978762777613 3.837592793631518 12.086435439312515 23.884516251330446 35.40328347260463 17.539710065340394 15.085510163763715 26.94117848265021 47.36777987445882 27.87073391578214 38.3223279692927 29.28621372347783 16.502678782378997 38.66452195552706 26.87064912397483 44.847521206434536
89.26824123331471 97.8032276085085 26.8996982980404 63.82253662460394 0.0 93.31257232980413 112.27209362274077 40.31431210070048 43.269821656961334 66.00905402013024 95.17846233124396 76.56468051879664 58.38030939706243 71.01855451422051 61.48878400916037 86.07717751428792 87.58911276753494 72.4870006668597 52.81661580863066 17.492628166436283 101.11480381374133 101.70451659546578 25.08185689650954 72.8210747879942 12.408821367478167 83.27445573359587 113.11715114818601 51.24825099086817 39.53421551471384 66.73664071758887 95.87532558546764 81.2386719329306 50.524431356880946 63.704763119816334 59.12051846542588 86.86042942834143 89.22486038134109 60.31437209029904 49.17858158622901 41.01767647288235 40.880063275617324 38.655808229152754 48.35790902070744 41.06656207286279 76.7890451821464 30.80602461459996 37.69924969816898 96.48364179426281
4.451741323575105 4.672329993698471 72.54092951994652 35.83530593244263 93.31257232980413 0.0 22.356983171995775 61.082142910752204 57.34366374115701 29.83848795767223 7.00555469323858 34.62043727106906 35.60240524567085 70.60559967606223 31.926971399209435 13.068876098074087 7.443534086398761 44.41759854234527 40.66676850444797 78.39994940180165 8.73673318546874 10.888142381900437 73.47379911750726 20.894763250024806 102.55002235460843 10.038361032008543 23.31124118530448 60.808312073521535 68.09818682430883 27.03702022822917 7.113711588656264 37.574260997056875 77.00996292552743 38.704978209074405 34.744128206602184 17.41484971201555 7.102376298789435 52.008329421806806 46.158371895040226 52.30508764116426 83.17269820094826 54.67407335933287 74.05023980224192 64.69833200652171 38.259944634094644 63.3561261906884 56.19612739689884 12.691489850413266
24.907553164632965 18.005264815147203 93.46395080099407 58.067605119094694 112.27209362274077 22.356983171995775 0.0 82.71972407047832 79.03170165496492 46.37662667249622 17.692356569722303 56.46291288259822 56.47652341472434 92.49182246957312 52.28119273086631 35.04203708778846 25.465271688999554 66.35361470116452 60.85754584904659 98.49954272174874 13.743920127770624 11.591981151733155 94.23193377239818 42.184049405116745 120.46611712865712 31.055170640591566 0.9544054381179099 83.10366460198964 89.99232972618645 45.76422567473212 17.066817531289573 58.66554776282805 99.34765094943664 61.030927974965806 55.559162464280355 38.631976239428084 23.63084626548126 74.36125473638192 67.28029542860446 71.5710121799511 105.2880917857179 74.18049887204627 96.353717978447 86.58692852116604 59.94100927090475 81.5929035817325 76.3448335654473 15.853516870371134
57.882854019278206 65.75172993235 13.742710553873682 26.362054173377867 40.31431210070048 61.082142910752204 82.71972407047832 0.0 3.769492601769977 41.927263048656144 65.05094648748434 37.07297172650829 26.667701608957728 35.85615143825813 31.273577256078593 50.85554474810622 57.336038954549565 32.188472173700994 23.984289228553415 22.82171654416409 69.71470440698592 71.21876546914402 15.397977269328821 40.535978373552624 52.367614251652554 51.683106529131074 83.65535053424593 12.783792721025534 8.0813619208807 39.11053222770102 65.66034054347219 41.23814300889434 23.35752684635733 25.021475144749946 27.615728038340634 50.22923935001434 59.214975922801905 20.107733957671194 16.00518144506561 20.802936618928186 23.987349008510048 18.742108494624137 19.551647067570446 5.191566543791601 36.815009521902695 25.771092904175056 14.35721331570021 68.17712970611115
54.17590969617684 62.011867696109704 17.11682441940244 22.61329429346556 43.269821656961334 57.34366374115701 79.03170165496492 3.769492601769977 0.0 38.83007359175443 61.37433750679324 33.64285677069619 23.16404021332316 35.55862787288439 27.81887270656345 47.08701734829308 53.67555267278623 29.292075640877332 20.89394471480575 25.820871126624155 65.98699790640059 67.51688478413617 18.6612478665583 36.849858832112794 55.15531761242934 47.984526231052364 79.96910012517043 12.398582990029087 11.27210628925676 35.750564368911455 61.97893704496191 38.01839458678185 25.362667571353594 21.375969867205953 24.112635412310187 46.49010510288208 55.55918612864428 17.7665159830056 12.703527230590021 19.380944191127735 27.190544167284397 17.718434014785032 21.57318685966779 7.986267140179119 33.575658156702794 26.056450592772624 13.588782678348986 64.57131705308743
25.40185256195626 33.72230694731756 49.690451535854336 27.028720358865556 66.00905402013024 29.83848795767223 46.37662667249622 41.927263048656144 38.83007359175443 0.0 29.881542361179285 37.64522583025548 17.074120489665624 65.94101562841624 12.74777211583382 28.805657068036492 22.9011044536535 43.685326913453046 17.951329052080748 53.17986793925959 36.2986259379466 36.32609401373822 50.070764387821484 15.618712071572011 74.11596741052938 20.6405668117794 47.198259418357814 47.62735957736748 49.977943035400415 6.047792817317469 30.592695224421245 43.57945441666914 63.44773865181967 30.805405922693726 16.274894741129984 32.65405782576645 24.217289714351963 43.40877382398653 26.163519257931913 25.984064148879472 65.91289611281722 28.7646296779309 59.79917029296848 46.79799552321736 41.067309887314345 35.2484314239201 31.762516496280004 30.53420004541652
7.567685761248513 6.194279541435747 75.8007593440964 40.78720473219526 95.17846233124396 7.00555469323858 17.692356569722303 65.05094648748434 61.37433750679324 29.881542361179285 0.0 41.060654942892306 38.791322180754214 76.88049600457855 34.642577092439005 19.68786913999765 7.7855027499440554 50.73480304217912 43.27365930286704 81.00938323551738 6.678485390899316 6.526197502790572 76.59306607889837 24.527410710410564 103.8204390656081 13.47218859523771 18.619563612470568 65.85809090334284 72.38250739527619 28.45017959632984 0.7113065980788735 44.328877417585076 82.20560162453032 43.94365906505027 37.87689916472716 24.28352921806028 5.99910247172026 57.562779289385205 49.589329217736214 54.26958899153101 87.78307699747509 56.81279392156759 79.10475085114028 68.97806744923975 44.77631749069714 64.70735538530843 58.80777727577165 5.702737300431027
33.77275797601738 38.54801899711442 50.75062701420283 14.394580858364652 76.56468051879664 34.62043727106906 56.46291288259822 37.07297172650829 33.64285677069619 37.64522583025548 41.060654942892306 0.0 25.455913070214578 36.03878965631479 26.92397173779862 21.560983800878848 35.349908667479184 9.9060300323063 30.709146659566468 59.28861080573865 42.78295812944531 45.3926266378272 52.30146576227002 23.419414192645096 88.06655837434452 29.46054346774662 57.40121257294169 30.970182067489354 41.48858493164523 31.60936174808379 41.388989998980264 6.173788426562293 45.51975887099077 13.09890412590745 25.499959332773702 17.94728928860593 37.02175255944561 20.413140878187246 29.099881826942717 41.29107659698395 53.93227692414623 42.083974841898154 43.28255289113007 38.492410876626444 3.8489715267981133 52.90026302736862 40.682036296072816 46.210614573345964
31.95637089200485 40.23800653363169 37.04388291586881 11.782385262663304 58.38030939706243 35.60240524567085 56.47652341472434 26.667701608957728 23.16404021332316 17.074120489665624 38.791322180754214 25.455913070214578 0.0 49.120188065223665 4.721430429210208 27.769564497301054 31.01142335578542 28.804823262863522 5.993514480616976 42.867146224217194 43.94927520504348 45.134511646870486 37.907707357765084 14.718119827567836 68.46643574246026 25.741486902040947 57.397118814738256 30.70395139394103 34.42333381130391 12.833319656841317 39.43236684456533 31.61073714904806 46.77952799171188 15.06337953144418 0.948725230941941 29.141703023217122 32.852283760402095 26.507659041570914 10.832575900304285 18.17527471918675 50.27783178561294 20.004940871403154 43.22187934545547 31.081356960243706 28.04661740377697 30.113265022505498 20.779303714292112 41.59679467565466
69.4425287525982 74.58611175480011 45.52045110519357 39.39569637254567 71.01855451422051 70.60559967606223 92.49182246957312 35.85615143825813 35.55862787288439 65.94101562841624 76.88049600457855 36.03878965631479 49.120188065223665 0.0 53.196521874750744 57.57567111952089 70.63913900142897 26.188346766482006 50.797299332962616 54.909486091908946 78.82165843200312 81.41694210693873 47.39189337043329 55.945004864715514 83.39870303356902 64.51818248615633 93.42791981250244 23.212804533728953 32.41931345411964 60.73257955990827 77.25027352558462 34.44937947220538 21.75567650711521 35.56457064430445 49.81601036767968 53.89382594086378 72.42065819589368 22.621337554930825 43.51982075593658 54.28099741075283 33.037340414176846 53.040393064347796 22.91897270175594 32.24328123306221 32.57444018986711 61.50338514568174 49.10094358854915 81.81466384308706
28.068605348739407 36.49971295502646 41.19090886484634 14.60976300801205 61.48878400916037 31.926971399209435 52.28119273086631 31.273577256078593 27.81887270656345 12.74777211583382 34.642577092439005 26.92397173779862 4.721430429210208 53.196521874750744 0.0 25.40127807274077 26.860889935724686 31.622341717358363 8.740795512222846 46.519795995528376 40.05700164868215 41.06464994459515 41.95335708343752 11.380905569259147 71.14154189222317 21.926346000709668 53.191172721549385 35.35415504597124 39.08805372988184 8.125423621427837 35.30132594168062 33.07994865592121 51.48057945759169 18.27714327629379 3.7966108941711707 27.521804831629876 28.660617199894144 30.663646975320486 15.320847734079809 20.627891344281675 54.965788876574855 22.839222240067944 47.933688230064654 35.759506410464944 29.93598182812309 32.22805672154375 24.294076818330613 37.18625991923556
12.830971007146013 17.050853798090703 63.26965539858678 24.648429559053408 86.07717751428792 13.068876098074087 35.04203708778846 50.85554474810622 47.08701734829308 28.805657068036492 19.68786913999765 21.560983800878848 27.769564497301054 57.57567111952089 25.40127807274077 0.0 15.178399279284672 31.390633684741527 33.5792929568602 70.11227240758161 21.307491443044864 23.84141584524249 64.41757769370778 14.42761555792896 96.2290694090959 10.72120866445163 35.98856142898775 48.987614279330984 57.28584506373179 23.85585944217619 19.957487536930824 24.65023631995303 64.90239282954504 26.949319066359507 27.09567682915459 5.109702815575393 16.507807754981286 39.626046387442656 37.24932633718117 45.80050262667483 71.77310433423331 47.76099743959915 62.12860037794398 53.93462883725918 25.191264955723344 57.57884696534306 48.38516989507389 25.08492334861072
3.3101099213718017 10.837452279352405 68.01534326252597 33.507411071910624 87.58911276753494 7.443534086398761 25.465271688999554 57.336038954549565 53.67555267278623 22.9011044536535 7.7855027499440554 35.349908667479184 31.01142335578542 70.63913900142897 26.860889935724686 15.178399279284672 0.0 44.69945407898512 35.507120685021285 73.265825399622 13.57409959753111 14.223924375825161 68.80897420133019 16.872249467404245 96.42324003640415 6.182457902937022 26.387189866280874 58.52380859707045 64.73166429278305 20.867533695213087 8.440441619771134 39.324128434352176 74.92133296350221 36.82166009503337 30.0950556277626 20.252276673920775 1.9037665971367619 50.599997535635175 41.81710789244761 46.621277987442376 80.21809201307079 49.130301545531424 71.74620431543816 61.329790386197224 39.16638416662783 57.24956070361967 51.053114079681876 11.363956340176253
43.34411933329022 48.415491558714564 45.84192141635609 17.0951292184639 72.4870006668597 44.41759854234527 66.35361470116452 32.188472173700994 29.292075640877332 43.685326913453046 50.73480304217912 9.9060300323063 28.804823262863522 26.188346766482006 31.622341717358363 31.390633684741527 44.69945407898512 0.0 32.8578757304518 54.99777980208955 52.65837023324215 55.231833437446795 47.558296789352475 31.152976776621234 84.44371531131598 38.658270455925475 67.29339946095132 23.48150164939711 34.99448677418883 37.85767575145644 51.09123815569111 10.272454224403386 36.58999062801427 13.80602525115063 29.164672006390404 27.84966610952775 46.437368260568526 12.818927265751828 28.713126445232906 41.396205019861334 45.78432424536842 41.52165393314501 34.72742215685442 32.39906066525747 6.831196929501519 52.117956787077595 39.15504967946975 55.756893737987404
36.79852232247674 45.24007786289783 32.757264192818745 16.475078036984527 52.81661580863066 40.66676850444797 60.85754584904659 23.984289228553415 20.89394471480575 17.951329052080748 43.27365930286704 30.709146659566468 5.993514480616976 50.797299332962616 8.740795512222846 33.5792929568602 35.507120685021285 32.8578757304518 0.0 37.79426510862512 48.77898466825116 49.728038368996515 33.420767107048 20.005622394333223 62.672047997934676 30.666360528770937 61.75845859769243 30.449109100404378 32.02744554139045 15.530378698964386 43.94130348238064 36.78969818208348 45.788672224247364 19.116478200942446 6.523541003964688 35.110221418283764 37.278373097473505 28.358333136805175 8.316405662120106 12.237055237586727 47.965394977127474 14.226131961573223 42.08208715961902 28.85112088458325 32.977661304417246 24.13719872279975 15.565925495459314 45.56691807558647
74.58827044559885 83.00128135590559 9.616859398493883 46.983612872296 17.492628166436283 78.39994940180165 98.49954272174874 22.82171654416409 25.820871126624155 53.17986793925959 81.00938323551738 59.28861080573865 42.867146224217194 54.909486091908946 46.519795995528376 70.11227240758161 73.265825399622 54.99777980208955 37.79426510862512 0.0 86.57284992930877 87.48938699802706 7.738698253856363 57.56827047577644 29.62623884730134 68.43568597179227 99.38552775226665 34.042033523763045 22.678396627814234 52.763226839857566 81.68499676317477 63.83088507635485 35.82960582966024 46.57531802046924 43.69342637665933 70.46393682812277 75.0102995868599 42.84515161082815 32.86822219605107 27.202271349789413 28.24314755378318 24.45818745354409 33.036865337746384 23.82108718116546 59.384671263841746 20.620325601029453 22.22837492317976 82.97338120851354
11.999347430091984 4.261387590199476 80.97501030708129 44.57200976939148 101.11480381374133 8.73673318546874 13.743920127770624 69.71470440698592 65.98699790640059 36.2986259379466 6.678485390899316 42.78295812944531 43.94927520504348 78.82165843200312 40.05700164868215 21.307491443044864 13.57409959753111 52.65837023324215 48.77898466825116 86.57284992930877 0.0 3.173601327535498 81.85692603830344 29.32901457753091 109.99724065331604 18.208101056584553 14.693728486922083 69.5373541715756 76.79384554293827 34.4279826497285 6.000132007693243 45.224343187734995 85.71867732084472 47.426406423763915 43.06585351763313 25.06107121582642 12.092212167336607 60.65589262517476 54.61998007707185 60.11664848141441 91.90487107014633 62.584529378941696 82.77609297586194 73.39188118161422 46.309306623782916 70.82236874234327 64.34455472823643 9.944687391474147
13.346325596968361 6.953542256298549 82.17271946663101 46.47811763816172 101.70451659546578 10.888142381900437 11.591981151733155 71.21876546914402 67.51688478413617 36.32609401373822 6.526197502790572 45.3926266378272 45.134511646870486 81.41694210693873 41.06464994459515 23.84141584524249 14.223924375825161 55.231833437446795 49.728038368996515 87.48938699802706 3.173601327535498 0.0 82.9939280475966 30.6950172138596 110.32561602542101 19.536235620578495 12.543311883790647 71.52138991697244 78.4382063783503 34.97442124397035 5.830119124779357 48.03763692765081 87.78329050150187 49.46428116171332 44.22994774217942 27.831674600071505 12.500435391238153 62.86374598978213 55.8966285188172 60.78896552524414 93.70165771052879 63.32418014485156 84.77271636442568 75.03294120728106 48.97573761866661 71.2258785711613 65.27684890400101 7.790344765088675
69.86264709402155 78.1237415452889 1.889550570149985 40.62150920592317 25.08185689650954 73.47379911750726 94.23193377239818 15.397977269328821 18.6612478665583 50.070764387821484 76.59306607889837 52.30146576227002 37.907707357765084 47.39189337043329 41.95335708343752 64.41757769370778 68.80897420133019 47.558296789352475 33.420767107048 7.738698253856363 81.85692603830344 82.9939280475966 0.0 52.58116519896978 37.3192861942155 63.64918915416968 95.13962526260464 26.30424056911481 15.028737500185402 48.847253788060094 77.24866324765325 56.615952577884435 29.092500138017304 39.85278169185135 38.79321032158038 64.3881690568762 70.61389744119235 35.250166105717035 27.362584352516173 24.481572037989576 23.015554864490397 21.643853547823028 26.020761716248497 16.083635199766025 52.18437759801687 21.508365232513924 18.310656501462017 78.9858075399216
17.386879394273627 25.542698152210825 51.66371458936123 17.17673339803269 72.8210747879942 20.894763250024806 42.184049405116745 40.535978373552624 36.849858832112794 15.618712071572011 24.527410710410564 23.419414192645096 14.718119827567836 55.945004864715514 11.380905569259147 14.42761555792896 16.872249467404245 31.152976776621234 20.005622394333223 57.56827047577644 29.32901457753091 30.6950172138596 52.58116519896978 0.0 82.52097555736366 11.164626201094256 43.120366672473814 41.89087753391127 47.8661424751692 9.92726812952624 25.129242051538135 28.94302658374997 58.31743020503059 20.789852794010862 13.87593052752675 17.447766659956063 18.769608668468923 34.67130778085203 25.293598201179798 32.00879691354081 63.35446706010281 34.19453151292771 55.055904298795916 44.46308191121768 27.13864314424243 43.552200455913244 35.413817118061736 28.015434278960896
98.35870560003033 106.91734280100195 39.165743816421454 74.8982447141715 12.408821367478167 102.55002235460843 120.46611712865712 52.367614251652554 55.15531761242934 74.11596741052938 103.8204390656081 88.06655837434452 68.46643574246026 83.39870303356902 71.14154189222317 96.2290694090959 96.42324003640415 84.44371531131598 62.672047997934676 29.62623884730134 109.99724065331604 110.32561602542101 37.3192861942155 82.52097555736366 0.0 92.54560490845931 121.273016051973 63.5749254827356 51.918344455556834 75.60635777158632 104.52724012422817 92.94376681535735 62.74290756130036 75.0738249292507 69.13396304717513 97.38817294091501 97.95968351770533 72.44694934884404 59.97525087629136 50.51800857730561 52.78661599610412 48.46815681956062 60.68043417981397 53.37136839640403 88.49544191323734 39.20024643935079 48.235078196745675 104.6127352276127
6.227228160434236 14.573988668759656 62.769534084581736 27.395395855705306 83.27445573359587 10.038361032008543 31.055170640591566 51.683106529131074 47.984526231052364 20.6405668117794 13.47218859523771 29.46054346774662 25.741486902040947 64.51818248615633 21.926346000709668 10.72120866445163 6.182457902937022 38.658270455925475 30.666360528770937 68.43568597179227 18.208101056584553 19.536235620578495 63.64918915416968 11.164626201094256 92.54560490845931 0.0 31.995828558606558 52.44600465165695 58.941495817288775 17.175788993435006 14.042698770846034 33.738820142313415 68.82424464497632 30.663811571835843 24.86019178054923 15.76143176097903 8.0477491055069 44.42343217327915 36.42728829352008 42.266988651313426 74.31161505210238 44.63890437867231 65.68297024113551 55.53624173067839 33.29899819814639 53.36274476895974 46.21614704554553 17.538833076453983
25.853366594354807 18.954889211175445 94.37689314242014 59.02002944725027 113.11715114818601 23.31124118530448 0.9544054381179099 83.65535053424593 79.96910012517043 47.198259418357814 18.619563612470568 57.40121257294169 57.397118814738256 93.42791981250244 53.191172721549385 35.98856142898775 26.387189866280874 67.29339946095132 61.75845859769243 99.38552775226665 14.693728486922083 12.543311883790647 95.13962526260464 43.120366672473814 121.273016051973 31.995828558606558 0.0 84.05709081413569 90.93482350867886 46.64171255066933 17.998196673471828 59.58185571416073 100.30189233018618 61.98506264208319 56.47868014671783 39.56201643313507 24.547642551452412 75.31511934851417 68.20393419718715 72.44017556428507 106.23649538607945 75.05554947748614 97.30726194200936 87.52943978130078 60.87401160594765 82.42507350969076 77.23815826772288 16.665309152503028
58.343936695896566 65.35025043622556 24.434574699366443 25.07233202696127 51.24825099086817 60.808312073521535 83.10366460198964 12.783792721025534 12.398582990029087 47.62735957736748 65.85809090334284 30.970182067489354 30.70395139394103 23.212804533728953 35.35415504597124 48.987614279330984 58.52380859707045 23.48150164939711 30.449109100404378 34.042033523763045 69.5373541715756 71.52138991697244 26.30424056911481 41.89087753391127 63.5749254827356 52.44600465165695 84.05709081413569 0.0 11.98180228254647 43.464867943129065 66.38512052048948 33.57867152519797 16.427252502673678 22.12605213479411 31.584165945085562 47.10178297889823 60.424700629220695 10.742884082657202 22.314847195598343 31.543628987528916 23.056147303825597 30.059443583251973 13.252526162127333 10.22101348968073 29.492930327715445 38.29316226075222 25.985691265600824 69.8272872643009
65.09323541514775 72.7496428085692 13.143651043417037 32.63961709739328 39.53421551471384 68.09818682430883 89.99232972618645 8.0813619208807 11.27210628925676 49.977943035400415 72.38250739527619 41.48858493164523 34.42333381130391 32.41931345411964 39.08805372988184 57.28584506373179 64.73166429278305 34.99448677418883 32.02744554139045 22.678396627814234 76.79384554293827 78.4382063783503 15.028737500185402 47.8661424751692 51.918344455556834 58.941495817288775 90.93482350867886 11.98180228254647 0.0 47.01908488765465 72.972951930218 44.81670600077531 16.22818747828797 30.637864538752943 35.371463466432246 56.171343576362204 66.62407868420004 22.191940096380307 23.94200616226342 28.366877351351654 15.945103781256169 26.06092706691098 12.553307694758272 3.4054093293554595 40.54932293154841 31.44775369260476 21.636445004545475 75.71961709114377
22.770551950171072 31.322970732526105 48.24819213051483 21.483956778399378 66.73664071758887 27.03702022822917 45.76422567473212 39.11053222770102 35.750564368911455 6.047792817317469 28.45017959632984 31.60936174808379 12.833319656841317 60.73257955990827 8.125423621427837 23.85585944217619 20.867533695213087 37.85767575145644 15.530378698964386 52.763226839857566 34.4279826497285 34.97442124397035 48.847253788060094 9.92726812952624 75.60635777158632 17.175788993435006 46.64171255066933 43.464867943129065 47.01908488765465 0.0 29.144311676585406 37.532505540094476 59.605848762148995 25.308270520815462 11.919388188444154 27.301738971130813 22.48827552075452 38.37203475954753 23.10565539932223 25.83290487379861 62.936760217827945 28.417719446504005 56.05495561612447 43.72288194325093 35.05662473117235 36.41135242115254 30.70338422416226 30.222944335132183
8.053905447853023 5.815528307030122 76.45001145114423 41.312818811785945 95.87532558546764 7.113711588656264 17.066817531289573 65.66034054347219 61.97893704496191 30.592695224421245 0.7113065980788735 41.388989998980264 39.43236684456533 77.25027352558462 35.30132594168062 19.957487536930824 8.440441619771134 51.09123815569111 43.94130348238064 81.68499676317477 6.000132007693243 5.830119124779357 77.24866324765325 25.129242051538135 104.52724012422817 14.042698770846034 17.998196673471828 66.38512052048948 72.972951930218 29.144311676585406 0.0 44.5773092468847 82.72169214232578 44.44381490430209 38.519974758539554 24.482794054673516 6.677663221456432 58.03422052337528 50.22393846330972 54.96006823639935 88.35204547563244 57.49921955921358 79.63408697123909 69.56811071355514 45.08943500441153 65.41129082638977 59.47993142018302 5.7474643188603824
37.37226763228135 41.091837972158025 54.98081672538637 20.37473410482224 81.2386719329306 37.574260997056875 58.66554776282805 41.23814300889434 38.01839458678185 43.57945441666914 44.328877417585076 6.173788426562293 31.61073714904806 34.44937947220538 33.07994865592121 24.65023631995303 39.324128434352176 10.272454224403386 36.78969818208348 63.83088507635485 45.224343187734995 48.03763692765081 56.615952577884435 28.94302658374997 92.94376681535735 33.738820142313415 59.58185571416073 33.57867152519797 44.81670600077531 37.532505540094476 44.5773092468847 0.0 46.8068793165934 18.612333277884062 31.66748932879955 20.213688132030295 40.86881377315888 22.83993894443899 34.72999496167585 47.11275309993585 56.04897352948353 47.767713132765515 44.99749778389242 42.042091613499245 4.450373213311287 58.5760968311782 46.113461963944516 49.72427366104325
74.6716514956605 81.5040268135468 27.40688659629519 41.42978762777613 50.524431356880946 77.00996292552743 99.34765094943664 23.35752684635733 25.362667571353594 63.44773865181967 82.20560162453032 45.51975887099077 46.77952799171188 21.75567650711521 51.48057945759169 64.90239282954504 74.92133296350221 36.58999062801427 45.788672224247364 35.82960582966024 85.71867732084472 87.78329050150187 29.092500138017304 58.31743020503059 62.74290756130036 68.82424464497632 100.30189233018618 16.427252502673678 16.22818747828797 59.605848762148995 82.72169214232578 46.8068793165934 0.0 38.31900933993036 47.68702104144074 62.61720653335866 76.82045272323954 25.390665028677716 37.47460508143372 44.15789417459599 11.304872890423646 42.02404699204012 3.8090995926128564 18.215710817347333 43.28127735603451 47.62376270382828 37.603876530237045 86.23806865610233
36.38990958075185 43.23008546649162 38.41055629624785 3.837592793631518 63.704763119816334 38.704978209074405 61.030927974965806 25.021475144749946 21.375969867205953 30.805405922693726 43.94365906505027 13.09890412590745 15.06337953144418 35.56457064430445 18.27714327629379 26.949319066359507 36.82166009503337 13.80602525115063 19.116478200942446 46.57531802046924 47.426406423763915 49.46428116171332 39.85278169185135 20.789852794010862 75.0738249292507 30.663811571835843 61.98506264208319 22.12605213479411 30.637864538752943 25.308270520815462 44.44381490430209 18.612333277884062 38.31900933993036 0.0 15.489515299161479 25.535650717934285 38.70543648276885 13.888881099672812 16.11767304333168 28.57278209712626 44.82437409634352 29.157024779197087 35.35186812840038 27.370139599118065 14.393547034165586 39.96383893489131 27.59379632130378 48.18389878670737
31.069830157880407 39.3732599498028 37.94363439888414 12.086435439312515 59.12051846542588 34.744128206602184 55.559162464280355 27.615728038340634 24.112635412310187 16.274894741129984 37.87689916472716 25.499959332773702 0.948725230941941 49.81601036767968 3.7966108941711707 27.09567682915459 30.0950556277626 29.164672006390404 6.523541003964688 43.69342637665933 43.06585351763313 44.22994774217942 38.79321032158038 13.87593052752675 69.13396304717513 24.86019178054923 56.47868014671783 31.584165945085562 35.371463466432246 11.919388188444154 38.519974758539554 31.66748932879955 47.68702104144074 15.489515299161479 0.0 28.59398638865681 31.9321834918762 27.21796349896853 11.767806230063023 18.75720253703712 51.22381758835737 20.665863082011924 44.137310596043314 32.028643044840095 28.18944339055412 30.65649574672279 21.567555347503177 40.657946098047425
17.771901284281842 20.894218001487243 63.123828524623974 23.884516251330446 86.86042942834143 17.41484971201555 38.631976239428084 50.22923935001434 46.49010510288208 32.65405782576645 24.28352921806028 17.94728928860593 29.141703023217122 53.89382594086378 27.521804831629876 5.109702815575393 20.252276673920775 27.84966610952775 35.110221418283764 70.46393682812277 25.06107121582642 27.831674600071505 64.3881690568762 17.447766659956063 97.38817294091501 15.76143176097903 39.56201643313507 47.10178297889823 56.171343576362204 27.301738971130813 24.482794054673516 20.213688132030295 62.61720653335866 25.535650717934285 28.59398638865681 0.0 21.520616785040936 37.22666496914721 37.70450253016229 47.31629010067995 70.09935529240697 49.05394958232953 60.044122146539074 52.88877085804511 21.3218357553582 59.247389935450975 49.22475645085584 29.81765356716284
3.8624699039558847 9.774375844285437 69.83471953082301 35.40328347260463 89.22486038134109 7.102376298789435 23.63084626548126 59.214975922801905 55.55918612864428 24.217289714351963 5.99910247172026 37.02175255944561 32.852283760402095 72.42065819589368 28.660617199894144 16.507807754981286 1.9037665971367619 46.437368260568526 37.278373097473505 75.0102995868599 12.092212167336607 12.500435391238153 70.61389744119235 18.769608668468923 97.95968351770533 8.0477491055069 24.547642551452412 60.424700629220695 66.62407868420004 22.48827552075452 6.677663221456432 40.86881377315888 76.82045272323954 38.70543648276885 31.9321834918762 21.520616785040936 0.0 52.470995155687945 43.6667672500372 48.29086252215878 82.11871491156245 50.823834910758706 73.64833051279308 63.2227201523325 40.82499928689786 58.811513872251105 52.8092737137367 9.492569486160562
49.995098410947314 56.41228132484613 33.47178753206582 17.539710065340394 60.31437209029904 52.008329421806806 74.36125473638192 20.107733957671194 17.7665159830056 43.40877382398653 57.562779289385205 20.413140878187246 26.507659041570914 22.621337554930825 30.663646975320486 39.626046387442656 50.599997535635175 12.818927265751828 28.358333136805175 42.84515161082815 60.65589262517476 62.86374598978213 35.250166105717035 34.67130778085203 72.44694934884404 44.42343217327915 75.31511934851417 10.742884082657202 22.191940096380307 38.37203475954753 58.03422052337528 22.83993894443899 25.390665028677716 13.888881099672812 27.21796349896853 37.22666496914721 52.470995155687945 0.0 21.649380886164742 33.55506971943663 33.53222903226261 32.931163303874804 22.927449728100644 19.698249337265143 18.759323132431792 42.798846237329016 29.69197816439535 61.96197934280985
42.65412509964272 50.81927060556354 26.384185874979817 15.085510163763715 49.17858158622901 46.158371895040226 67.28029542860446 16.00518144506561 12.703527230590021 26.163519257931913 49.589329217736214 29.099881826942717 10.832575900304285 43.51982075593658 15.320847734079809 37.24932633718117 41.81710789244761 28.713126445232906 8.316405662120106 32.86822219605107 54.61998007707185 55.8966285188172 27.362584352516173 25.293598201179798 59.97525087629136 36.42728829352008 68.20393419718715 22.314847195598343 23.94200616226342 23.10565539932223 50.22393846330972 34.72999496167585 37.47460508143372 16.11767304333168 11.767806230063023 37.70450253016229 43.6667672500372 21.649380886164742 0.0 12.683492722653279 39.88169480517401 13.043622123351081 33.76569250302898 20.68945182458022 30.483773459093587 23.846210818392414 11.802401744381033 52.4246041026824
48.25108312064191 56.78590905854875 24.380328359864322 26.94117848265021 41.01767647288235 52.30508764116426 71.5710121799511 20.802936618928186 19.380944191127735 25.984064148879472 54.26958899153101 41.29107659698395 18.17527471918675 54.28099741075283 20.627891344281675 45.80050262667483 46.621277987442376 41.396205019861334 12.237055237586727 27.202271349789413 60.11664848141441 60.78896552524414 24.481572037989576 32.00879691354081 50.51800857730561 42.266988651313426 72.44017556428507 31.543628987528916 28.366877351351654 25.83290487379861 54.96006823639935 47.11275309993585 44.15789417459599 28.57278209712626 18.75720253703712 47.31629010067995 48.29086252215878 33.55506971943663 12.683492722653279 0.0 43.38784937360908 2.839708831488795 40.35355559772943 25.951549180243642 42.962907527876396 11.980441288405032 6.862320641066454 55.91851601592599
80.39002112088431 87.78359951248717 21.776933298018456 47.36777987445882 40.880063275617324 83.17269820094826 105.2880917857179 23.987349008510048 27.190544167284397 65.91289611281722 87.78307699747509 53.93227692414623 50.27783178561294 33.037340414176846 54.965788876574855 71.77310433423331 80.21809201307079 45.78432424536842 47.965394977127474 28.24314755378318 91.90487107014633 93.70165771052879 23.015554864490397 63.35446706010281 52.78661599610412 74.31161505210238 106.23649538607945 23.056147303825597 15.945103781256169 62.936760217827945 88.35204547563244 56.04897352948353 11.304872890423646 44.82437409634352 51.22381758835737 70.09935529240697 82.11871491156245 33.53222903226261 39.88169480517401 43.38784937360908 0.0 40.83742842119415 11.380905569257733 19.2140810319977 52.1861422437314 43.93019868662036 36.52693001919689 91.32683433323142
50.676271506451904 59.18977224869547 21.560911589658275 27.87073391578214 38.655808229152754 54.67407335933287 74.18049887204627 18.742108494624137 17.718434014785032 28.7646296779309 56.81279392156759 42.083974841898154 20.004940871403154 53.040393064347796 22.839222240067944 47.76099743959915 49.130301545531424 41.52165393314501 14.226131961573223 24.45818745354409 62.584529378941696 63.32418014485156 21.643853547823028 34.19453151292771 48.46815681956062 44.63890437867231 75.05554947748614 30.059443583251973 26.06092706691098 28.417719446504005 57.49921955921358 47.767713132765515 42.02404699204012 29.157024779197087 20.665863082011924 49.05394958232953 50.823834910758706 32.931163303874804 13.043622123351081 2.839708831488795 40.83742842119415 0.0 38.23238862752243 23.814088170612393 43.52724899224876 10.816739332656805 4.427523715090593 58.57169407022503
71.59469083631413 78.58192527476018 24.27024811458307 38.3223279692927 48.35790902070744 74.05023980224192 96.353717978447 19.551647067570446 21.57318685966779 59.79917029296848 79.10475085114028 43.28255289113007 43.22187934545547 22.91897270175594 47.933688230064654 62.12860037794398 71.74620431543816 34.72742215685442 42.08208715961902 33.036865337746384 82.77609297586194 84.77271636442568 26.020761716248497 55.055904298795916 60.68043417981397 65.68297024113551 97.30726194200936 13.252526162127333 12.553307694758272 56.05495561612447 79.63408697123909 44.99749778389242 3.8090995926128564 35.35186812840038 44.137310596043314 60.044122146539074 73.64833051279308 22.927449728100644 33.76569250302898 40.35355559772943 11.380905569257733 38.23238862752243 0.0 14.419216297497348 41.278586032606405 43.99741377311252 33.81498924035738 83.03166166680661
61.68789826465404 69.35108546631832 14.216335764719418 29.28621372347783 41.06656207286279 64.69833200652171 86.58692852116604 5.191566543791601 7.986267140179119 46.79799552321736 68.97806744923975 38.492410876626444 31.081356960243706 32.24328123306221 35.759506410464944 53.93462883725918 61.329790386197224 32.39906066525747 28.85112088458325 23.82108718116546 73.39188118161422 75.03294120728106 16.083635199766025 44.46308191121768 53.37136839640403 55.53624173067839 87.52943978130078 10.22101348968073 3.4054093293554595 43.72288194325093 69.56811071355514 42.042091613499245 18.215710817347333 27.370139599118065 32.028643044840095 52.88877085804511 63.2227201523325 19.698249337265143 20.68945182458022 25.951549180243642 19.2140810319977 23.814088170612393 14.419216297497348 0.0 37.72011189858157 30.149859169591736 19.399498720846704 72.32731400375947
37.53747422142789 42.094104090740885 50.557225250019926 16.502678782378997 76.7890451821464 38.259944634094644 59.94100927090475 36.815009521902695 33.575658156702794 41.067309887314345 44.77631749069714 3.8489715267981133 28.04661740377697 32.57444018986711 29.93598182812309 25.191264955723344 39.16638416662783 6.831196929501519 32.977661304417246 59.384671263841746 46.309306623782916 48.97573761866661 52.18437759801687 27.13864314424243 88.49544191323734 33.29899819814639 60.87401160594765 29.492930327715445 40.54932293154841 35.05662473117235 45.08943500441153 4.450373213311287 43.28127735603451 14.393547034165586 28.18944339055412 21.3218357553582 40.82499928689786 18.759323132431792 30.483773459093587 42.962907527876396 52.1861422437314 43.52724899224876 41.278586032606405 37.72011189858157 0.0 54.32081204534417 41.76746398237598 49.97412053685416
59.1584795542759 67.7171869177089 22.344098925893682 38.66452195552706 30.80602461459996 63.3561261906884 81.5929035817325 25.771092904175056 26.056450592772624 35.2484314239201 64.70735538530843 52.90026302736862 30.113265022505498 61.50338514568174 32.22805672154375 57.57884696534306 57.24956070361967 52.117956787077595 24.13719872279975 20.620325601029453 70.82236874234327 71.2258785711613 21.508365232513924 43.552200455913244 39.20024643935079 53.36274476895974 82.42507350969076 38.29316226075222 31.44775369260476 36.41135242115254 65.41129082638977 58.5760968311782 47.62376270382828 39.96383893489131 30.65649574672279 59.247389935450975 58.811513872251105 42.798846237329016 23.846210818392414 11.980441288405032 43.93019868662036 10.816739332656805 43.99741377311252 30.149859169591736 54.32081204534417 0.0 13.129301975892353 65.76893874129033
