0.0 54.227542654075464 16.909602528818112 38.789547359780926 42.09924004967954 31.79675350973358 43.671548201056304 38.49131137103745 10.855514480965585 32.02071252313787 7.7559288262360715 37.772215864589924 32.06341323942949 45.97333968876744 10.958916221947742 59.75298313331809 12.198505956168527 22.838745647606473 25.72183889700971 24.613875952090403 5.207380699997535 61.535253804731575 30.747384167399257 36.38876589650213 23.270006888913034 40.00811063224457 49.103052501267086 29.482456762903723 15.058093992303805 5.636538567012578 4.876881116018478 46.53421093988287 24.312977108116073 9.293908465869055 7.9976147823767665 22.570154383324915 30.427153337229996 50.57705335438407 28.637820740432385 43.94826295109426 18.173477631343392 30.592648044359137 47.579102726547774 32.087458374120764 52.00385735567645 77.70151801006986 57.17438726693514
54.227542654075464 0.0 70.93960542105002 47.81105448579385 85.03157907331722 62.883597340196765 64.16958896199293 69.94973735018142 44.31381674044905 22.718359683907668 46.86872651430215 75.92936527447114 69.14005781299373 45.57168619606158 54.75734581570831 87.11584403666852 49.01158820267591 60.81695345707295 79.49134072453076 46.601372790985 59.41121907450267 17.014788489564793 60.311495517205664 38.352463138912746 76.05937474895835 70.05087222601915 59.94307816177735 57.2674642010033 45.58171095430847 48.69054737761472 49.55134972954109 88.02295313670275 61.06649658662154 48.38669650323955 49.318931606639325 51.97333102838607 84.58162656007106 101.91850254108532 81.73167054697021 24.510495567538516 56.676236386049624 56.7758459544455 60.24754585489602 84.14146504377214 52.526768441955696 27.933187499879413 62.49048942010321
16.909602528818112 70.93960542105002 0.0 51.476248070932364 32.837216405270894 38.516769892584975 51.68773121124767 42.99268644272869 27.630897556238132 48.91035408025146 24.07430839954841 32.7744798981258 35.334454164617966 59.42259137412474 22.128730975876714 62.22980135118365 24.173123004767824 29.477532771100638 8.884277961043585 37.92442877369285 11.98181322970637 78.38920413539044 33.5697292129812 51.180260503207485 8.012542903387839 44.82407763619338 59.246743533878586 38.59181857410459 30.222139100762874 22.546121337490074 21.40634997424675 37.50245761952843 30.973274125935657 23.29634421235217 23.686004587139944 33.93992500628202 14.757349379644555 34.75147676544732 12.330680343579346 58.42901310065219 27.22679960435044 35.29263876194293 57.44770105180801 16.607873727997585 64.34136499217728 94.58727112324246 67.64072441343473
38.789547359780926 47.81105448579385 51.476248070932364 0.0 80.8683593035132 19.990682460211737 16.45855599409838 24.75187359015722 30.8967216560868 31.913443093798985 37.698199789160704 76.21381611753537 27.475157498845924 8.352026899396051 29.54983733933928 39.34456520996773 45.77193549221978 24.482682542405584 59.606658483784614 14.175805469722071 41.273256639716045 42.98176349869218 66.3343484420671 9.582174633614128 59.375504327918804 24.194125577324186 13.571622823047619 15.60106296253725 24.17712487044314 35.34085523024166 37.810313105622996 85.32224864307882 23.537235140084473 42.34103098166147 30.956879227998495 17.56216062247145 58.84115301762964 85.93510250971299 63.62016700161865 56.2709583341295 24.574347197258636 64.7903846982885 13.17373274564476 68.0817502147563 13.214575107750655 57.73875866743834 19.834797562638535
42.09924004967954 85.03157907331722 32.837216405270894 80.8683593035132 0.0 70.82197637805369 83.80365258238534 75.75580449728628 51.374532636913244 67.3251055792893 44.90817915127605 10.32923695693669 68.13972746463148 88.03819680322891 51.844713392021575 94.97380058350393 38.51185609343425 61.56045842628974 29.33265510152928 66.69876233705122 39.94263438455913 97.23215716154482 25.8902233060271 78.08792876940161 25.67890914380002 77.56739094428762 90.50915029561037 70.07731183031622 57.038404756310975 46.17177576805469 43.830005449912065 4.669834391699096 63.103325937994924 40.91156241238763 50.03433876861264 64.12252892647506 38.415693099299375 25.029505947897857 25.614768875827526 64.51359165878434 58.34175985561107 29.679017739694864 88.84179372932218 21.42264232418185 94.07756498403111 112.1752619465827 98.77337581527426
31.79675350973358 62.883597340196765 38.516769892584975 19.990682460211737 70.82197637805369 0.0 13.211229361571748 7.759937579036127 29.58697039127686 42.47431667662082 34.87635344314307 68.52015118715721 7.484650299167428 27.943065240703348 20.861547178052973 28.879339964789487 42.696672784827754 9.315123899239898 45.201955088636836 16.605920840986872 31.699463236548414 61.391232974713795 62.50156133456463 26.495957527236165 46.44175297882467 8.736131680953351 21.805298133013114 5.617939181561583 22.91324439958555 31.29749031546054 33.454680840628384 75.47599851931913 7.762361071763464 39.126843457723645 26.325721428465034 12.420940017506368 42.047202982863716 70.8911570813934 49.513049073439106 64.6899197077823 13.64308140252136 62.08610935840599 19.852244554583777 54.363368813553656 29.586692750984174 76.86085243552802 30.091220128524206
43.671548201056304 64.16958896199293 51.68773121124767 16.45855599409838 83.80365258238534 13.211229361571748 0.0 12.1095681531906 39.29979807008973 46.76435207252689 45.4317708885151 81.0649338013129 18.584989374844465 21.649611915973686 32.78897998394338 22.949681127469976 53.57437278346715 22.275577317481517 58.400480171743695 22.83797326820727 44.26337187868309 59.11503352006756 73.94493524227916 25.817588062163985 59.63285627937504 10.625171328518585 10.007868274044181 14.195462160133223 32.105339981853305 42.166992458368064 44.519765729220886 88.44333650429706 20.74896351780728 49.963084992121736 37.167860167585346 21.662129968368934 54.89981860407435 83.97416365332994 62.7170043729567 70.65146875621406 25.739658012625135 73.14737026640371 8.08097592043635 67.57284092050355 19.936694095255447 73.3049849840214 17.587587879884193
38.49131137103745 69.94973735018142 42.99268644272869 24.75187359015722 75.75580449728628 7.759937579036127 12.1095681531906 0.0 37.169230948006806 50.01744417618757 42.193290140678954 74.24446156932235 7.7353637325337505 31.822669669677442 27.740957325068994 21.41956676688089 49.82663657722862 15.661065194094565 48.713054192667286 24.15751001581053 37.73563662286949 67.39837286208079 69.2260804232255 32.610495435065644 50.66436245729768 1.8866823191648292 22.094473879171517 13.01195282444483 30.620673271671695 38.5366617313125 40.58755735420371 80.42561653420388 14.226131961573223 46.30218196721603 33.63946006409365 20.180867688851098 44.07846718955692 73.50421150016767 53.06450050892433 72.43510492904555 20.665308003458073 69.02225991689852 20.138694543470184 58.00217029314199 31.61188496741369 82.45244392279739 29.577130504487613
10.855514480965585 44.31381674044905 27.630897556238132 30.8967216560868 51.374532636913244 29.58697039127686 39.29979807008973 37.169230948006806 0.0 21.717046189004453 6.819600095925671 45.699109801650586 32.37200053842536 37.18337472386537 11.78619524635252 58.46629500424766 14.89871427208556 22.402402672888243 36.49442067628969 17.298673646983307 15.66564637104558 50.759312897843394 35.523324380417144 26.76997031291631 34.11813298117423 38.31647968630487 42.79467661115639 25.614632954802925 7.222173010454911 5.444424296247304 7.5787439988773775 55.60375213533264 23.495493854697354 11.444961096966127 5.222784545893043 17.78266495196618 40.430168147950965 61.393131402199714 39.49016636055817 37.55019766803929 17.09054091827723 34.23141015722777 41.55215087225166 42.91096033520026 43.910633936535895 66.97465695055837 50.33690645321649
32.02071252313787 22.718359683907668 48.91035408025146 31.913443093798985 67.3251055792893 42.47431667662082 46.76435207252689 50.01744417618757 21.717046189004453 0.0 25.110895084744453 59.440771935190675 47.96014881291316 33.48374651062855 32.06792949280496 69.24447226420949 29.114306347421657 38.96698869086584 57.64954340894063 25.87593089559892 37.12479953580042 30.271376314058866 45.28205224525276 22.838834934570027 54.659672652782845 50.4713908303648 45.43129291612594 37.00872771547938 23.030223166040653 26.39779471947194 27.572295953342262 70.93750698572457 39.41949319186746 27.560281489978685 26.634959974234448 30.617822065525868 62.130757886978444 81.36163654135125 60.24761785090131 24.387860898657994 34.460931299333794 42.41222662566493 45.07987736159981 63.126088897072556 41.331007794053946 46.062312366648555 50.51810393697488
7.7559288262360715 46.86872651430215 24.07430839954841 37.698199789160704 44.90817915127605 34.87635344314307 45.4317708885151 42.193290140678954 6.819600095925671 25.110895084744453 0.0 38.94014345370175 36.622058097955076 43.98367967004725 14.885056916768734 63.6106080141075 8.21717154581356 26.78855938134499 32.65834024148334 23.960762321415597 12.902264698473461 55.14016297066506 28.843411467227156 33.45677657778823 29.549234915944144 43.50144041303488 49.41563907210573 31.452729428941144 13.747506983211393 3.7708563049062183 2.8825656049360835 49.053572150351116 28.083308586678562 4.664270437042477 8.558615331978272 23.770669837203933 38.045278852361186 56.41038681105424 35.14106105447113 36.31523411147333 21.566854199852333 27.752263222030344 48.11427434842082 38.06966777797182 50.72924955759831 71.12533084424413 57.058930043760675
37.772215864589924 75.92936527447114 32.7744798981258 76.21381611753537 10.32923695693669 68.52015118715721 81.0649338013129 74.24446156932235 45.699109801650586 59.440771935190675 38.94014345370175 0.0 66.90138923538596 82.86501875084171 48.36092385293718 94.47105514945714 31.603033233392004 59.2157640738066 32.05357752510638 62.10946991163389 36.83982929047331 88.85655446163443 15.934787797601517 72.38776314005618 27.29229584259313 75.9688749408047 86.87380318343787 66.98172793702564 52.04749250925453 40.89587542107666 38.43889043664964 12.196356712535074 60.766447612799666 34.531242995446206 45.31563965207693 60.33251390275198 41.92816662276446 34.55242967265738 29.303834759519237 54.66652092198509 55.32532391584611 19.697085041618426 85.335993068801 26.347580369300065 89.38600404152993 103.39725968170819 94.93457412035863
32.06341323942949 69.14005781299373 35.334454164617966 27.475157498845924 68.13972746463148 7.484650299167428 18.584989374844465 7.7353637325337505 32.37200053842536 47.96014881291316 36.622058097955076 66.90138923538596 0.0 35.39819095856593 21.779770229072177 27.851045890860522 43.83683908003393 9.970844796544904 40.97964793364376 22.53898009401411 30.744615852799846 68.4945626932531 62.607505831120974 33.692360594325415 42.95709910718991 9.611155959983625 28.138243795197805 12.550726747669573 26.56720968468727 32.87177027465593 34.70777601193531 72.80902684710472 8.952533381237522 40.42064605302299 28.217439660199823 17.346711838814205 36.55189396716573 65.89184170330786 45.33113935531304 69.03037400018029 15.288073806213522 62.64506640460769 26.14987276165065 50.267736954948134 36.66975463397835 84.11019823527289 36.127425225998934
45.97333968876744 45.57168619606158 59.42259137412474 8.352026899396051 88.03819680322891 27.943065240703348 21.649611915973686 31.822669669677442 37.18337472386537 33.48374651062855 43.98367967004725 82.86501875084171 35.39819095856593 0.0 37.34874891913328 43.40718978904491 51.79929691355861 32.8346987738275 67.68809134512637 21.61696110443418 48.8552589612348 38.007079135456536 72.07327934534511 11.303193234954211 67.25307195092532 30.97047621929173 14.69733501851542 23.8742822820681 31.006865145856512 42.036234984120846 44.46600089378494 92.41601281709893 31.88172058649557 48.530084133205705 38.0070791354566 25.671826750552082 67.1535364373657 94.01223518391669 71.64239614149983 57.629428864089626 32.777064288921366 70.22147089032998 15.440384513483155 76.0257121874129 7.84892145129479 51.70389197227208 17.350096479279138
10.958916221947742 54.75734581570831 22.128730975876714 29.54983733933928 51.844713392021575 20.861547178052973 32.78897998394338 27.740957325068994 11.78619524635252 32.06792949280496 14.885056916768734 48.36092385293718 21.779770229072177 37.34874891913328 0.0 49.11541841631064 22.130419337225447 12.108272884446324 30.63476101754035 15.797460868124546 11.908086099362869 59.01986891199803 41.64109550678454 29.190442683218457 29.905936587297703 29.19008898690354 38.70526270784511 18.63664597755139 9.476238446400803 11.118349236035925 12.940323629980432 56.40348154048707 13.51482536349577 18.662737373488472 6.814808216938502 12.29813977067617 31.986941070743352 56.851041991668396 34.42619036803481 49.32711088418638 7.221670999789637 41.29877275885945 37.08701358755467 38.70401792854255 42.6139745873725 75.34400160262932 46.93385839166754
59.75298313331809 87.11584403666852 62.22980135118365 39.34456520996773 94.97380058350393 28.879339964789487 22.949681127469976 21.41956676688089 58.46629500424766 69.24447226420949 63.6106080141075 94.47105514945714 27.851045890860522 43.40718978904491 49.11541841631064 0.0 71.22853870837659 37.0086723610846 66.5054799152131 44.06801964927504 58.5943520915151 81.39654737881037 90.41342844480411 48.76580836123722 69.36483461805227 20.154710735711227 29.019725744363818 33.3275712677831 51.72266954147579 59.95605290743807 61.99587234072948 99.61751368119972 35.61379804283607 67.71417890484081 55.054809174508485 41.047863304447304 59.86130116065089 89.08001263367045 70.76308548568481 92.64599774308081 42.08130812494106 90.33593795599006 27.99117567653256 75.68105216914061 39.22627832238835 94.81310871825443 31.730824447303373
12.198505956168527 49.01158820267591 24.173123004767824 45.77193549221978 38.51185609343425 42.696672784827754 53.57437278346715 49.82663657722862 14.89871427208556 29.114306347421657 8.21717154581356 31.603033233392004 43.83683908003393 51.79929691355861 22.130419337225447 71.22853870837659 0.0 34.23421186829309 31.71745452548804 32.153184630249065 15.887724824765403 59.34021094589721 20.638976799823375 41.015011765319464 27.585682876967784 51.21787451528372 57.62483338542293 39.52402895307427 21.955024502470962 11.449837107408193 9.246985775022527 42.384563031980356 35.61474992825964 3.6115371918272325 16.46777060098417 31.91652031682636 38.90591346448211 52.91454373081504 33.26066900884541 34.27105256205339 29.17028260430059 19.573550421170363 56.33046193666234 35.23440272513402 58.714420169057824 74.85686612456148 65.22992351949556
22.838745647606473 60.81695345707295 29.477532771100638 24.482682542405584 61.56045842628974 9.315123899239898 22.275577317481517 15.661065194094565 22.402402672888243 38.96698869086584 26.78855938134499 59.2157640738066 9.970844796544904 32.8346987738275 12.108272884446324 37.0086723610846 34.23421186829309 0.0 36.60381374389692 14.946107514348785 22.416728204415133 61.88209517998868 53.5832348318127 28.097786509669188 37.461179969637215 17.17269810726451 29.933236573387095 9.495932536847064 16.798522084255165 23.068009692968406 25.02075000414989 66.20856237426662 1.5527633986052574 30.74541396911882 18.311140410934872 9.169737205631206 34.57697220176654 62.658314050762186 40.85196286208832 59.25904967268639 5.318196361891552 53.36272773776905 28.080234217288822 45.6205753140605 36.20049835820531 77.91203953458387 38.33670236374759
25.72183889700971 79.49134072453076 8.884277961043585 59.606658483784614 29.33265510152928 45.201955088636836 58.400480171743695 48.713054192667286 36.49442067628969 57.64954340894063 32.65834024148334 32.05357752510638 40.97964793364376 67.68809134512637 30.63476101754035 66.5054799152131 31.71745452548804 36.60381374389692 0.0 46.35955827366796 20.862210587815017 87.2443579750375 36.92224073866929 59.8064752534824 5.295196487215322 50.59079958389404 66.53565171190506 45.997275860458 39.02377435146449 31.35234440207255 30.084365849249714 33.808411099371476 38.01410266376092 31.38600992313357 32.56040241421837 42.049793997056675 9.980103490978474 26.329324702428657 4.351493197080236 65.86313908379674 35.09165886546083 39.34979634903077 64.67260758178021 9.294951398610435 72.26023846936039 103.42316436673349 74.93769786776299
24.613875952090403 46.601372790985 37.92442877369285 14.175805469722071 66.69876233705122 16.605920840986872 22.83797326820727 24.15751001581053 17.298673646983307 25.87593089559892 23.960762321415597 62.10946991163389 22.53898009401411 21.61696110443418 15.797460868124546 44.06801964927504 32.153184630249065 14.946107514348785 46.35955827366796 0.0 27.246970373807805 46.93616463812902 52.79215304694339 13.870171716735664 45.687540176943415 24.69364601326953 25.496580437790968 11.146245596494639 10.2265109915403 21.326328589233754 23.800746262163944 71.14728977195453 14.833299000429944 28.624605952491006 16.80542204298032 5.78480778735966 46.78778664263284 72.62647956676766 50.20882449177511 48.599219381498656 12.484248010160364 51.52472146112418 24.281028106023346 54.500047281133575 27.390329362791125 62.98799833769946 33.10955013434521
5.207380699997535 59.41121907450267 11.98181322970637 41.273256639716045 39.94263438455913 31.699463236548414 44.26337187868309 37.73563662286949 15.66564637104558 37.12479953580042 12.902264698473461 36.83982929047331 30.744615852799846 48.8552589612348 11.908086099362869 58.5943520915151 15.887724824765403 22.416728204415133 20.862210587815017 27.246970373807805 0.0 66.42264460387571 32.06432639947434 39.89369044485366 18.933002579628415 39.38764831446786 50.57763153052599 30.278560055972573 18.609892124822814 10.739379843326066 10.04576897204011 44.511780934748025 23.96223366603358 13.64153937576042 11.811456568187344 24.202289583393256 25.22033041508385 46.2803661410215 24.05120038146736 48.85642828449886 18.550679114787158 32.505147326571404 48.93120623236819 27.83115603311709 54.4136420736624 82.63923608951997 58.83081177040167
61.535253804731575 17.014788489564793 78.38920413539044 42.98176349869218 97.23215716154482 61.391232974713795 59.11503352006756 67.39837286208079 50.759312897843394 30.271376314058866 55.14016297066506 88.85655446163443 68.4945626932531 38.007079135456536 59.01986891199803 81.39654737881037 59.34021094589721 61.88209517998868 87.2443579750375 46.93616463812902 66.42264460387571 0.0 73.85642592045828 34.90907514080648 84.603474404958 67.03891248758701 52.620556655556506 55.96436334454775 49.56451605376744 55.92302664435312 57.41143143658332 100.6499541195481 61.701743336568704 57.821853963857066 55.03787237303261 52.71750238080401 90.69553115750921 111.53549253566945 90.10801254938191 40.93185497023907 58.849020716438226 70.57519971006276 53.44740424261593 93.20623611484045 43.38524568357572 16.326567841182595 53.016735742047416
30.747384167399257 60.311495517205664 33.5697292129812 66.3343484420671 25.8902233060271 62.50156133456463 73.94493524227916 69.2260804232255 35.523324380417144 45.28205224525276 28.843411467227156 15.934787797601517 62.607505831120974 72.07327934534511 41.64109550678454 90.41342844480411 20.638976799823375 53.5832348318127 36.92224073866929 52.79215304694339 32.06432639947434 73.85642592045828 0.0 61.05378047522531 31.629712325940297 70.75465532102383 78.25904832046423 59.79255627388717 42.58998261077217 31.828111360365007 29.436598738900006 28.126202771076482 55.060360542628075 24.188381519078042 36.79341743837112 52.35368274771818 46.59951893812093 47.99291694690925 35.90737352760939 38.733293736668315 48.858652077488 3.788820617377557 76.94938026497525 34.97034302630785 79.16954684002481 87.97898646184422 85.86018973783753
36.38876589650213 38.352463138912746 51.180260503207485 9.582174633614128 78.08792876940161 26.495957527236165 25.817588062163985 32.610495435065644 26.76997031291631 22.838834934570027 33.45677657778823 72.38776314005618 33.692360594325415 11.303193234954211 29.190442683218457 48.76580836123722 41.015011765319464 28.097786509669188 59.8064752534824 13.870171716735664 39.89369044485366 34.90907514080648 61.05378047522531 0.0 58.72763091560493 32.39463881060823 22.74755112711987 21.14189678310284 21.370989881047787 31.917844597238098 34.26548562667951 82.35691076836484 27.61866940204454 37.88017218381601 28.413528588679704 19.320979025214047 60.63357577297234 85.9280571888455 63.510692801855704 47.213232438239864 26.32089558119676 59.08981382045223 22.602780991834944 67.61255566755182 18.998302027627805 50.41883863121902 27.74789396837399
23.270006888913034 76.05937474895835 8.012542903387839 59.375504327918804 25.67890914380002 46.44175297882467 59.63285627937504 50.66436245729768 34.11813298117423 54.659672652782845 29.549234915944144 27.29229584259313 42.95709910718991 67.25307195092532 29.905936587297703 69.36483461805227 27.585682876967784 37.461179969637215 5.295196487215322 45.687540176943415 18.933002579628415 84.603474404958 31.629712325940297 58.72763091560493 0.0 52.5153633776959 67.25774568912526 46.60342983978327 37.52948681876649 28.77268338052612 27.19222354837036 30.290751880491715 38.947608002094384 27.689184848140158 30.723793729804417 41.87149411127048 15.168473693822152 27.35932189744014 5.689332434233413 61.43373259629139 35.222168374544566 34.0887427061677 65.45583152043962 8.899683010266866 72.29516546686048 100.65660827955566 75.65254709146632
40.00811063224457 70.05087222601915 44.82407763619338 24.194125577324186 77.56739094428762 8.736131680953351 10.625171328518585 1.8866823191648292 38.31647968630487 50.4713908303648 43.50144041303488 75.9688749408047 9.611155959983625 30.97047621929173 29.19008898690354 20.154710735711227 51.21787451528372 17.17269810726451 50.59079958389404 24.69364601326953 39.38764831446786 67.03891248758701 70.75465532102383 32.39463881060823 52.5153633776959 0.0 20.632719158558313 13.591459222823435 31.637314912833364 39.87697673063902 41.97171422305022 82.23700231497155 15.697928947021163 47.67385614895634 34.94284383354805 21.056179513864837 45.95753058582857 75.38867760701037 54.942290131544354 73.1635861764518 22.050504540438006 70.48876124801485 18.70178463011223 59.878705497064445 30.36691156165299 81.93243395318235 27.942913677399115
49.103052501267086 59.94307816177735 59.246743533878586 13.571622823047619 90.50915029561037 21.805298133013114 10.007868274044181 22.094473879171517 42.79467661115639 45.43129291612594 49.41563907210573 86.87380318343787 28.138243795197805 14.69733501851542 38.70526270784511 29.019725744363818 57.62483338542293 29.933236573387095 66.53565171190506 25.496580437790968 50.57763153052599 52.620556655556506 78.25904832046423 22.74755112711987 67.25774568912526 20.632719158558313 0.0 20.655872248658536 35.66991553168779 46.587120313628006 49.04447467611493 95.08851917537739 28.527468544559046 54.072950261879704 41.79513827215791 26.54662170274096 63.84327961352872 92.5053194622996 70.78408742361069 69.8096747749835 32.24815745772663 77.02049803379514 1.988791800451906 75.53771403233853 10.528066168104038 65.793452165445 8.404737775970831
29.482456762903723 57.2674642010033 38.59181857410459 15.60106296253725 70.07731183031622 5.617939181561583 14.195462160133223 13.01195282444483 25.614632954802925 37.00872771547938 31.452729428941144 66.98172793702564 12.550726747669573 23.8742822820681 18.63664597755139 33.3275712677831 39.52402895307427 9.495932536847064 45.997275860458 11.146245596494639 30.278560055972573 55.96436334454775 59.79255627388717 21.14189678310284 46.60342983978327 13.591459222823435 20.655872248658536 0.0 18.5882131902722 28.082649897905185 30.398320338600787 74.6883445738212 8.266581515507376 35.91461038497751 23.067185147796234 7.849074869111741 44.02736693348484 72.12396754833942 50.21000733878665 59.579299465281274 11.743387764809087 59.07934409971237 18.876360337870572 54.926391270497525 26.745399870190777 71.56037956106577 29.04920444390834
15.058093992303805 45.58171095430847 30.222139100762874 24.17712487044314 57.038404756310975 22.91324439958555 32.105339981853305 30.620673271671695 7.222173010454911 23.030223166040653 13.747506983211393 52.04749250925453 26.56720968468727 31.006865145856512 9.476238446400803 51.72266954147579 21.955024502470962 16.798522084255165 39.02377435146449 10.2265109915403 18.609892124822814 49.56451605376744 42.58998261077217 21.370989881047787 37.52948681876649 31.637314912833364 35.66991553168779 18.5882131902722 0.0 11.163837670622309 13.63440265383352 61.40916369933615 17.62325855102412 18.408487563054404 7.061338958052946 10.742293175904306 41.26320753391814 64.84696164825573 42.5096735250821 42.477370307470096 11.775360039414437 41.40646880952103 34.38584077999849 46.42911174829499 37.338623409589154 65.89070176984765 43.33604689557589
5.636538567012578 48.69054737761472 22.546121337490074 35.34085523024166 46.17177576805469 31.29749031546054 42.166992458368064 38.5366617313125 5.444424296247304 26.39779471947194 3.7708563049062183 40.89587542107666 32.87177027465593 42.036234984120846 11.118349236035925 59.95605290743807 11.449837107408193 23.068009692968406 31.35234440207255 21.326328589233754 10.739379843326066 55.92302664435312 31.828111360365007 31.917844597238098 28.77268338052612 39.87697673063902 46.587120313628006 28.082649897905185 11.163837670622309 0.0 2.474558307197538 50.46494895193321 24.38499022134053 7.849450152233087 5.01832604509907 20.533809726830835 35.8975179290791 55.997770026070846 34.206268309489126 39.563426433620414 17.8811689251029 30.99718291735201 45.209651498471395 37.52683796425777 48.49388192338548 72.0743542824228 54.39545350430474
4.876881116018478 49.55134972954109 21.40634997424675 37.810313105622996 43.830005449912065 33.454680840628384 44.519765729220886 40.58755735420371 7.5787439988773775 27.572295953342262 2.8825656049360835 38.43889043664964 34.70777601193531 44.46600089378494 12.940323629980432 61.99587234072948 9.246985775022527 25.02075000414989 30.084365849249714 23.800746262163944 10.04576897204011 57.41143143658332 29.436598738900006 34.26548562667951 27.19222354837036 41.97171422305022 49.04447467611493 30.398320338600787 13.63440265383352 2.474558307197538 0.0 48.093240280911424 26.384922989322376 5.724905392060365 7.3568365443383685 22.918513581006717 35.22972015693414 54.26110295636597 32.72190327469238 39.164889816914574 19.926387293388032 28.70151270893269 47.657033482664765 35.83873388201621 50.9573259821052 73.4803131583632 56.86585265756019
46.53421093988287 88.02295313670275 37.50245761952843 85.32224864307882 4.669834391699096 75.47599851931913 88.44333650429706 80.42561653420388 55.60375213533264 70.93750698572457 49.053572150351116 12.196356712535074 72.80902684710472 92.41601281709893 56.40348154048707 99.61751368119972 42.384563031980356 66.20856237426662 33.808411099371476 71.14728977195453 44.511780934748025 100.6499541195481 28.126202771076482 82.35691076836484 30.290751880491715 82.23700231497155 95.08851917537739 74.6883445738212 61.40916369933615 50.46494895193321 48.093240280911424 0.0 67.75259593095349 44.94112621396834 54.43393640755692 68.66712523490004 42.696906791174406 26.61460016639636 29.98085649706321 66.85061075323101 62.948681040425534 31.878454673466535 93.43170584178152 25.60703753083237 98.53572629809285 115.38190124136786 103.33729766423055
24.312977108116073 61.06649658662154 30.973274125935657 23.537235140084473 63.103325937994924 7.762361071763464 20.74896351780728 14.226131961573223 23.495493854697354 39.41949319186746 28.083308586678562 60.766447612799666 8.952533381237522 31.88172058649557 13.51482536349577 35.61379804283607 35.61474992825964 1.5527633986052574 38.01410266376092 14.833299000429944 23.96223366603358 61.701743336568704 55.060360542628075 27.61866940204454 38.947608002094384 15.697928947021163 28.527468544559046 8.266581515507376 17.62325855102412 24.38499022134053 26.384922989322376 67.75259593095349 0.0 32.106242257428505 19.56658677911987 9.149311300546945 35.762887505761285 64.01065785436305 42.27686795805113 60.09716573149219 6.521780089022383 54.8028784318316 26.658546123491476 47.06312939868227 35.011979039235506 77.65904101925705 36.926410310043885
9.293908465869055 48.38669650323955 23.29634421235217 42.34103098166147 40.91156241238763 39.126843457723645 49.963084992121736 46.30218196721603 11.444961096966127 27.560281489978685 4.664270437042477 34.531242995446206 40.42064605302299 48.530084133205705 18.662737373488472 67.71417890484081 3.6115371918272325 30.74541396911882 31.38600992313357 28.624605952491006 13.64153937576042 57.821853963857066 24.188381519078042 37.88017218381601 27.689184848140158 47.67385614895634 54.072950261879704 35.91461038497751 18.408487563054404 7.849450152233087 5.724905392060365 44.94112621396834 32.106242257428505 0.0 12.864688707065923 28.305947138475226 37.83334885045903 53.86939951111432 33.371962226159674 35.413175111516246 25.63757070760174 23.184469746534973 52.7620900494586 35.808819306320686 55.34433784641932 73.57504907883218 61.72303759540817
7.9976147823767665 49.318931606639325 23.686004587139944 30.956879227998495 50.03433876861264 26.325721428465034 37.167860167585346 33.63946006409365 5.222784545893043 26.634959974234448 8.558615331978272 45.31563965207693 28.217439660199823 38.0070791354566 6.814808216938502 55.054809174508485 16.46777060098417 18.311140410934872 32.56040241421837 16.80542204298032 11.811456568187344 55.03787237303261 36.79341743837112 28.413528588679704 30.723793729804417 34.94284383354805 41.79513827215791 23.067185147796234 7.061338958052946 5.01832604509907 7.3568365443383685 54.43393640755692 19.56658677911987 12.864688707065923 0.0 15.563309196878476 35.74934339795626 58.0809561948292 35.85596437787135 42.594333225141895 13.044808872496459 36.01226648585435 40.371751142648364 39.61434872867291 44.164302114964556 71.32657750299408 49.70524109147545
22.570154383324915 51.97333102838607 33.93992500628202 17.56216062247145 64.12252892647506 12.420940017506368 21.662129968368934 20.180867688851098 17.78266495196618 30.617822065525868 23.770669837203933 60.33251390275198 17.346711838814205 25.671826750552082 12.29813977067617 41.047863304447304 31.91652031682636 9.169737205631206 42.049793997056675 5.78480778735966 24.202289583393256 52.71750238080401 52.35368274771818 19.320979025214047 41.87149411127048 21.056179513864837 26.54662170274096 7.849074869111741 10.742293175904306 20.533809726830835 22.918513581006717 68.66712523490004 9.149311300546945 28.305947138475226 15.563309196878476 0.0 41.72169741422038 68.37910692032465 46.058547436976376 52.29968712511733 7.178364363884337 51.49005467465714 25.008962075971475 50.53786083877851 30.43305766882106 68.77193346853302 34.69511692297242
30.427153337229996 84.58162656007106 14.757349379644555 58.84115301762964 38.415693099299375 42.047202982863716 54.89981860407435 44.07846718955692 40.430168147950965 62.130757886978444 38.045278852361186 41.92816662276446 36.55189396716573 67.1535364373657 31.986941070743352 59.86130116065089 38.90591346448211 34.57697220176654 9.980103490978474 46.78778664263284 25.22033041508385 90.69553115750921 46.59951893812093 60.63357577297234 15.168473693822152 45.95753058582857 63.84327961352872 44.02736693348484 41.26320753391814 35.8975179290791 35.22972015693414 42.696906791174406 35.762887505761285 37.83334885045903 35.74934339795626 41.72169741422038 0.0 29.525973919749163 12.864594598311472 73.12707527715382 34.54398839514101 48.83256489724877 61.89731134566601 17.11726582305336 70.76903237928076 107.01027661687243 72.1352092376254
50.57705335438407 101.91850254108532 34.75147676544732 85.93510250971299 25.029505947897857 70.8911570813934 83.97416365332994 73.50421150016767 61.393131402199714 81.36163654135125 56.41038681105424 34.55242967265738 65.89184170330786 94.01223518391669 56.851041991668396 89.08001263367045 52.91454373081504 62.658314050762186 26.329324702428657 72.62647956676766 46.2803661410215 111.53549253566945 47.99291694690925 85.9280571888455 27.35932189744014 75.38867760701037 92.5053194622996 72.12396754833942 64.84696164825573 55.997770026070846 54.26110295636597 26.61460016639636 64.01065785436305 53.86939951111432 58.0809561948292 68.37910692032465 29.525973919749163 0.0 22.427216883320863 84.52886492613017 61.40426793612048 51.58180280212015 90.60543957452315 18.49073866659168 98.5451169808765 127.41965044008946 100.88407052987685
28.637820740432385 81.73167054697021 12.330680343579346 63.62016700161865 25.614768875827526 49.513049073439106 62.7170043729567 53.06450050892433 39.49016636055817 60.24761785090131 35.14106105447113 29.303834759519237 45.33113935531304 71.64239614149983 34.42619036803481 70.76308548568481 33.26066900884541 40.85196286208832 4.351493197080236 50.20882449177511 24.05120038146736 90.10801254938191 35.90737352760939 63.510692801855704 5.689332434233413 54.942290131544354 70.78408742361069 50.21000733878665 42.5096735250821 34.206268309489126 32.72190327469238 29.98085649706321 42.27686795805113 33.371962226159674 35.85596437787135 46.058547436976376 12.864594598311472 22.427216883320863 0.0 67.01020168497197 39.175639594186656 38.64816422559076 68.93066548318646 4.951196821218744 76.35887567961888 106.20195492930216 79.18817652157269
43.94826295109426 24.510495567538516 58.42901310065219 56.2709583341295 64.51359165878434 64.6899197077823 70.65146875621406 72.43510492904555 37.55019766803929 24.387860898657994 36.31523411147333 54.66652092198509 69.03037400018029 57.629428864089626 49.32711088418638 92.64599774308081 34.27105256205339 59.25904967268639 65.86313908379674 48.599219381498656 48.85642828449886 40.93185497023907 38.733293736668315 47.213232438239864 61.43373259629139 73.1635861764518 69.8096747749835 59.579299465281274 42.477370307470096 39.563426433620414 39.164889816914574 66.85061075323101 60.09716573149219 35.413175111516246 42.594333225141895 52.29968712511733 73.12707527715382 84.52886492613017 67.01020168497197 0.0 54.108208864746224 34.97223360501736 69.41982150334593 68.2451201841822 65.44319314458663 52.128025602658276 74.81496496918444
18.173477631343392 56.676236386049624 27.22679960435044 24.574347197258636 58.34175985561107 13.64308140252136 25.739658012625135 20.665308003458073 17.09054091827723 34.460931299333794 21.566854199852333 55.32532391584611 15.288073806213522 32.777064288921366 7.221670999789637 42.08130812494106 29.17028260430059 5.318196361891552 35.09165886546083 12.484248010160364 18.550679114787158 58.849020716438226 48.858652077488 26.32089558119676 35.222168374544566 22.050504540438006 32.24815745772663 11.743387764809087 11.775360039414437 17.8811689251029 19.926387293388032 62.948681040425534 6.521780089022383 25.63757070760174 13.044808872496459 7.178364363884337 34.54398839514101 61.40426793612048 39.175639594186656 54.108208864746224 0.0 48.47045341957892 30.531669103847825 43.752984388114676 37.18323655662387 75.04666300447985 40.592573849890876
30.592648044359137 56.7758459544455 35.29263876194293 64.7903846982885 29.679017739694864 62.08610935840599 73.14737026640371 69.02225991689852 34.23141015722777 42.41222662566493 27.752263222030344 19.697085041618426 62.64506640460769 70.22147089032998 41.29877275885945 90.33593795599006 19.573550421170363 53.36272773776905 39.34979634903077 51.52472146112418 32.505147326571404 70.57519971006276 3.788820617377557 59.08981382045223 34.0887427061677 70.48876124801485 77.02049803379514 59.07934409971237 41.40646880952103 30.99718291735201 28.70151270893269 31.878454673466535 54.8028784318316 23.184469746534973 36.01226648585435 51.49005467465714 48.83256489724877 51.58180280212015 38.64816422559076 34.97223360501736 48.47045341957892 0.0 75.78207474238549 38.03330032725108 77.46085464075088 84.51602315955056 84.45778976073301
47.579102726547774 60.24754585489602 57.44770105180801 13.17373274564476 88.84179372932218 19.852244554583777 8.08097592043635 20.138694543470184 41.55215087225166 45.07987736159981 48.11427434842082 85.335993068801 26.14987276165065 15.440384513483155 37.08701358755467 27.99117567653256 56.33046193666234 28.080234217288822 64.67260758178021 24.281028106023346 48.93120623236819 53.44740424261593 76.94938026497525 22.602780991834944 65.45583152043962 18.70178463011223 1.988791800451906 18.876360337870572 34.38584077999849 45.209651498471395 47.657033482664765 93.43170584178152 26.658546123491476 52.7620900494586 40.371751142648364 25.008962075971475 61.89731134566601 90.60543957452315 68.93066548318646 69.41982150334593 30.531669103847825 75.78207474238549 0.0 73.6982106541996 12.107328754007264 66.89710047003095 10.278707020324898
32.087458374120764 84.14146504377214 16.607873727997585 68.0817502147563 21.42264232418185 54.363368813553656 67.57284092050355 58.00217029314199 42.91096033520026 63.126088897072556 38.06966777797182 26.347580369300065 50.267736954948134 76.0257121874129 38.70401792854255 75.68105216914061 35.23440272513402 45.6205753140605 9.294951398610435 54.500047281133575 27.83115603311709 93.20623611484045 34.97034302630785 67.61255566755182 8.899683010266866 59.878705497064445 75.53771403233853 54.926391270497525 46.42911174829499 37.52683796425777 35.83873388201621 25.60703753083237 47.06312939868227 35.808819306320686 39.61434872867291 50.53786083877851 17.11726582305336 18.49073866659168 4.951196821218744 68.2451201841822 43.752984388114676 38.03330032725108 73.6982106541996 0.0 80.9151261094533 109.17965776256497 83.94232475742412
52.00385735567645 52.526768441955696 64.34136499217728 13.214575107750655 94.07756498403111 29.586692750984174 19.936694095255447 31.61188496741369 43.910633936535895 41.331007794053946 50.72924955759831 89.38600404152993 36.66975463397835 7.84892145129479 42.6139745873725 39.22627832238835 58.714420169057824 36.20049835820531 72.26023846936039 27.390329362791125 54.4136420736624 43.38524568357572 79.16954684002481 18.998302027627805 72.29516546686048 30.36691156165299 10.528066168104038 26.745399870190777 37.338623409589154 48.49388192338548 50.9573259821052 98.53572629809285 35.011979039235506 55.34433784641932 44.164302114964556 30.43305766882106 70.76903237928076 98.5451169808765 76.35887567961888 65.44319314458663 37.18323655662387 77.46085464075088 12.107328754007264 80.9151261094533 0.0 55.773232406432165 9.964599985137534
77.70151801006986 27.933187499879413 94.58727112324246 57.73875866743834 112.1752619465827 76.86085243552802 73.3049849840214 82.45244392279739 66.97465695055837 46.062312366648555 71.12533084424413 103.39725968170819 84.11019823527289 51.70389197227208 75.34400160262932 94.81310871825443 74.85686612456148 77.91203953458387 103.42316436673349 62.98799833769946 82.63923608951997 16.326567841182595 87.97898646184422 50.41883863121902 100.65660827955566 81.93243395318235 65.793452165445 71.56037956106577 65.89070176984765 72.0743542824228 73.4803131583632 115.38190124136786 77.65904101925705 73.57504907883218 71.32657750299408 68.77193346853302 107.01027661687243 127.41965044008946 106.20195492930216 52.128025602658276 75.04666300447985 84.51602315955056 66.89710047003095 109.17965776256497 55.773232406432165 0.0 64.67855384079432
57.17438726693514 62.49048942010321 67.64072441343473 19.834797562638535 98.77337581527426 30.091220128524206 17.587587879884193 29.577130504487613 50.33690645321649 50.51810393697488 57.058930043760675 94.93457412035863 36.127425225998934 17.350096479279138 46.93385839166754 31.730824447303373 65.22992351949556 38.33670236374759 74.93769786776299 33.10955013434521 58.83081177040167 53.016735742047416 85.86018973783753 27.74789396837399 75.65254709146632 27.942913677399115 8.404737775970831 29.04920444390834 43.33604689557589 54.39545350430474 56.86585265756019 103.33729766423055 36.926410310043885 61.72303759540817 49.70524109147545 34.69511692297242 72.1352092376254 100.88407052987685 79.18817652157269 74.81496496918444 40.592573849890876 84.45778976073301 10.278707020324898 83.94232475742412 9.964599985137534 64.67855384079432 0.0
