0.0 9.486306541234175 32.14929591744909 25.74019831339874 31.734293956263432 27.801154273481533 32.97938194485559 16.72960678255677 44.48208083174502 24.200700641009437 16.295598118823737 7.931307190428735 34.40037367366446 6.674716505419185 47.35034529228625 41.074005793939584 36.02911282333536 19.80729424362708 34.214217935045504 16.237416753864814 12.440784385783905 14.524753987781379 7.623104252744586 7.9073044051505095 43.171593524701 50.08448862213699 25.797551663659853 29.958791685133882 35.30184209203295 16.87341392120153 3.2726485655383124 46.57936745700164 35.5349235167087 39.228958755617434 23.439570349063914 29.915002026275562 20.66900931206557 19.99707518825987 12.463942669461503 27.666871102875525 31.374527297364203 29.063321367504116 27.787342211386626 5.628560914746576
9.486306541234175 0.0 30.622778024860736 23.67275442983305 41.22004562083665 31.890888764941398 28.302943655187637 18.762721327535697 36.810698476463664 33.33068713604586 18.54334115556218 8.47835947575807 27.566603184662824 4.355098498522676 51.8958204217285 45.51558992338761 30.675560635953293 16.352088055538736 36.58650817916665 14.973015059645826 11.846660468902515 15.757939354807752 11.305153501079756 2.1775820543637616 48.225555434281844 41.55905292095289 34.13991638151636 25.47813839055711 38.26476539241554 9.232236798152075 6.218383655316119 50.85131671851317 31.016072646394342 38.3119838013925 24.19537137100844 31.004814740912288 29.296319123237712 13.332168517573479 20.79179057004782 28.666992080383935 34.85581890574204 38.4589443005404 36.950315949795076 14.898410691785982
32.14929591744909 30.622778024860736 0.0 6.965179945964187 51.363633827767444 59.94918976347801 57.83976189253881 16.49558099238047 28.655984658028515 50.402106572742966 17.023328777953118 37.711735229069326 54.65723575622844 33.554338024816325 31.515489401409422 26.38194334020826 59.49096018480859 46.89435493167759 14.300068134574964 45.45268261389646 19.931242848754582 45.424029657859116 39.15321985999949 32.04793646977046 30.42525126870329 62.18150215130478 54.63642201751718 55.280577015989735 17.02322218283149 38.22008604395928 31.169353958083395 29.81366987969938 10.92752309355875 68.93259843288735 10.11797869983212 61.111422046018355 49.37143786138726 20.37171405865272 30.241467245913245 58.780917335322 17.20366695481593 52.17941377970606 53.224221860678924 35.87750858947195
25.74019831339874 23.67275442983305 6.965179945964187 0.0 47.89409102228301 53.46365399590905 50.93807896590506 11.526969414564064 27.485441892281095 45.57955687249062 12.039259115408186 30.907982361515526 47.987849177639966 26.699133563466752 35.18796597018172 29.401758140183237 52.66116555516299 39.930123759892936 17.573823446848195 38.54026628334033 13.334304346254202 38.62757581039912 32.499534438271056 25.137036989867664 33.21107332269944 56.45129377061498 49.32080200884951 48.35364137129568 20.13522735792786 31.293673521823838 24.501140680145586 33.64024561612622 11.729460520810328 61.984729177280016 7.292974610514039 54.28506228296068 44.00695317603487 13.826774622760688 25.618390413134243 51.95014561420928 18.817634226549185 48.027948316023135 48.62290832079996 29.879881237559253
31.734293956263432 41.22004562083665 51.363633827767444 47.89409102228301 0.0 35.84940407682238 58.09429961994685 36.5173399209811 73.17241574330961 11.948881591326467 36.04084419182988 36.69046176251565 62.64653390711313 37.951972344402456 44.8016783749095 40.97456241465846 61.822528100227586 46.16321208979986 43.47736238521839 41.41576485827472 38.76073330161458 37.48716258114507 33.748621808834606 39.55962064413715 39.957951572949014 80.28474535073336 17.664624600486327 55.2749580012238 42.40353558869418 47.599273386046605 35.00231948524693 45.29429121862459 59.616360972052135 55.810251632459504 41.4591327532675 44.76924971722966 17.359277477645332 49.41782807230219 23.044811106834096 43.665450623219016 38.69536571138324 5.851577750002172 10.122916102914381 26.547694043508326
27.801154273481533 31.890888764941398 59.94918976347801 53.46365399590905 35.84940407682238 0.0 27.973334032087138 44.22952270234638 68.01063038979737 24.004190067513193 43.753387246223795 23.447341885652573 35.59171549875583 27.773344729652106 70.78947910187455 65.03616703482898 31.69635058546445 22.02959202253395 60.68707414199766 19.076709000034572 40.1296418745637 16.456766195160725 21.14347532628241 29.823744122405888 66.05685369589152 54.44911950115323 18.389566601664917 26.081038336934068 61.25450037074062 30.369631572124437 29.05696332277595 70.46333850349889 62.531159634457644 20.327516927122396 51.04644922037534 9.93259394498177 19.122364533647605 45.21719628114804 34.263246019382755 9.950255216094728 57.07916203580413 30.102318728328044 25.94912577887794 24.817216819392367
32.97938194485559 28.302943655187637 57.83976189253881 50.93807896590506 58.09429961994685 27.973334032087138 0.0 47.01136853761814 53.1419200062067 46.67189271130968 46.76021859769026 25.079234567593566 8.83641934439154 27.325090282978373 79.80671000159607 73.4449284237682 3.828303165249968 13.205887946109614 64.88917249525578 17.444155850960126 40.14533698117418 20.915163652678356 26.565141490244134 27.733228357303016 75.86664106253912 26.8375837614574 43.231935537302874 3.0313643600088223 66.53516524743034 19.674736358556714 31.24192225723313 78.86798596836461 55.301741898964906 16.494159442922978 52.437221973255745 18.940235045410308 41.124498472569385 37.85872423257648 45.12405825055784 18.11931801044125 63.024309110214084 53.18392651977319 49.759570795025176 35.03321496267998
16.72960678255677 18.762721327535697 16.49558099238047 11.526969414564064 36.5173399209811 44.22952270234638 47.01136853761814 0.0 37.343532731889894 34.146761896317656 0.5298974672344372 23.622874467227494 46.06322410504264 20.10281042739256 33.30677237317836 26.941347307023747 49.43819370187781 34.550016925721785 17.98662097249669 31.98324146001421 7.182469836976205 31.01476309801983 24.251216499268196 19.32173688650236 29.92594819221748 58.04918124345312 38.16560743554284 44.136405590147305 19.52440018678908 27.86850363002083 16.723932676081482 32.182149490107435 23.162299707537283 55.51815064279596 6.834113686722153 46.59331604848563 32.88762134019997 16.403457962161916 14.099520298415802 44.32100110943009 16.11536537126263 36.503684807819255 37.13153029677809 19.648873835094395
44.48208083174502 36.810698476463664 28.655984658028515 27.485441892281095 73.17241574330961 68.01063038979737 53.1419200062067 37.343532731889894 0.0 68.23498632752941 37.74251806235525 45.1418024316475 46.20344773778748 41.16465922422562 59.94510440969269 55.0256707165536 52.89980990671076 47.85887945292619 42.955873992116835 49.28300971691231 34.48926988724449 51.55591176885812 48.111996281936115 38.987673328968036 59.07871594713174 44.516144247344144 70.27791355993061 51.74674669078723 45.679151049885576 38.18228482065284 41.673136063944945 58.18742478479736 17.799060159411958 68.5403901423069 34.770755683889476 64.80381045967502 65.13544318722893 24.51629093178257 50.12807009727065 62.625768468652254 45.52411734422359 72.1175830447174 71.6911200339811 49.99808563606951
24.200700641009437 33.33068713604586 50.402106572742966 45.57955687249062 11.948881591326467 24.004190067513193 46.67189271130968 34.146761896317656 68.23498632752941 0.0 33.62050831670949 27.231133443210194 51.80404666790771 29.456840209654704 51.2082273310224 46.32575188861017 50.44968063410212 35.319616262935256 45.727452830966115 30.584370310143555 34.130133718239314 26.538944324760884 24.01226636029897 31.37783189471206 46.28758985503761 69.95263307557997 6.52131753829176 43.939923616034754 45.34540241461355 38.20242243068014 27.360508168722564 51.31517891920559 56.91644822508513 43.86497291006193 40.299971016221704 32.820384084567145 5.556983911366512 43.7670178814543 20.160642075409932 31.735564577691925 41.22781864181046 6.5314953864598975 3.627903600523372 18.574749177063136
16.295598118823737 18.54334115556218 17.023328777953118 12.039259115408186 36.04084419182988 43.753387246223795 46.76021859769026 0.5298974672344372 37.74251806235525 33.62050831670949 0.0 23.256628070010155 45.90451212380167 19.785117239735737 33.45178601443029 27.079894789972442 49.216113514688644 34.250405230787976 18.303027799260068 31.63326165156573 7.083566170441637 30.61742812254947 23.8359660799603 19.049970775170046 30.01287694125261 58.03778068862965 37.63589097654131 43.87558858393379 19.78762358077296 27.679735346844527 16.358342086878736 32.349779264935805 23.65985218259476 55.14819631376896 7.329665587556051 46.17736935625811 32.358275371574784 16.581183324150622 13.582151223246901 43.909199893749154 16.313521114864066 35.996106763097764 36.60978202291785 19.149350500727266
7.931307190428735 8.47835947575807 37.711735229069326 30.907982361515526 36.69046176251565 23.447341885652573 25.079234567593566 23.622874467227494 45.1418024316475 27.231133443210194 23.256628070010155 0.0 27.042511806424702 4.354836300084729 55.200344156522746 48.89681595251189 28.203511704319844 11.886748306989006 41.504975979936255 8.445652039426557 17.88353596004371 7.719649017717679 3.3148430376386973 6.378289902468967 51.07128799932321 43.72639322607863 26.91973462122058 22.053265087355108 42.77775992127375 10.999564063947476 6.89902291352443 54.38804842553953 39.20294518431036 31.895792784418557 29.983829427233854 23.40185416355014 22.523339068166162 21.777446990890343 20.110431269495958 21.07458284551666 38.962551621082916 33.030348755625205 30.834189311753075 10.671802834816338
34.40037367366446 27.566603184662824 54.65723575622844 47.987849177639966 62.64653390711313 35.59171549875583 8.83641934439154 46.06322410504264 46.20344773778748 51.80404666790771 45.90451212380167 27.042511806424702 0.0 27.970399269109173 79.35444068461986 72.97921531658304 6.960324615585466 16.506496208643863 63.39612021313436 21.258666793764593 38.91186507349866 25.27102681794401 29.37738150547692 27.68401487207642 75.77526577634028 18.90178815247723 49.196933607448265 9.653447222402027 65.317999286319 18.336180629033016 31.98706937854413 78.24519046695441 50.61002012589747 25.2203983484368 50.66504905319568 27.230596292787176 46.372924601383616 34.28765271021751 46.864132091447416 26.080320966468303 62.15824189933648 58.18410835367561 55.127545277637594 37.67062615974585
6.674716505419185 4.355098498522676 33.554338024816325 26.699133563466752 37.951972344402456 27.773344729652106 27.325090282978373 20.10281042739256 41.16465922422562 29.456840209654704 19.785117239735737 4.354836300084729 27.970399269109173 0.0 52.48887283297339 46.133453790448826 30.11367204172889 14.498498575222262 38.08637280769036 12.028279173404057 13.897857745376951 11.996622686430252 6.96038608847961 2.177516481779481 48.54949544718028 43.41020320108111 29.941634530389663 24.36065160720124 39.52254623242296 10.20094736987999 4.025495668498235 51.57410333284091 34.84811970250752 35.65161715793283 26.19635850992996 27.590127423986925 25.201810280395907 17.49376188224668 19.015823303535306 25.253629791349773 35.85439857381229 34.83781793660787 33.08465024415598 11.40555737977866
47.35034529228625 51.8958204217285 31.515489401409422 35.18796597018172 44.8016783749095 70.78947910187455 79.80671000159607 33.30677237317836 59.94510440969269 51.2082273310224 33.45178601443029 55.200344156522746 79.35444068461986 52.48887283297339 0.0 6.380230498341014 82.4650904187939 66.8919942630693 17.63264121323939 63.58534716640987 40.483144198247054 61.60302482469224 54.72992182714031 52.14746638999834 4.924868960594579 90.72958295885263 57.50089680619933 76.84940054688502 15.059331753373971 61.09390418803566 48.63014817379215 1.8407926341635232 42.1625240616375 86.16954441985584 29.70404435607566 76.00039269809982 53.565644492671886 47.775130473966726 36.88483981823971 73.95366144221208 17.342105417687936 48.929923359153555 52.184359070356074 47.330043553283446
41.074005793939584 45.51558992338761 26.38194334020826 29.401758140183237 40.97456241465846 65.03616703482898 73.4449284237682 26.941347307023747 55.0256707165536 46.32575188861017 27.079894789972442 48.89681595251189 72.97921531658304 46.133453790448826 6.380230498341014 0.0 76.09011939719106 60.55492930771234 12.118339845380525 57.299117276757315 34.12110410275609 55.39405102181349 48.50173606097225 45.77351953937849 4.098985029479653 84.50887631092458 52.46672391012895 70.49224366103579 9.408208653120928 54.714380880161265 42.29064288332133 5.521326528562712 37.24241591713798 80.01482905068931 23.567495840416754 69.95512603266565 48.28707240793379 41.632958146360345 30.91887709212759 67.87772945152909 11.078839821907303 44.62333112054543 47.60113679636385 41.25061820765076
36.02911282333536 30.675560635953293 59.49096018480859 52.66116555516299 61.822528100227586 31.69635058546445 3.828303165249968 49.43819370187781 52.89980990671076 50.44968063410212 49.216113514688644 28.203511704319844 6.960324615585466 30.11367204172889 82.4650904187939 76.09011939719106 0.0 16.45821250533745 67.18504760391328 20.905538815850313 42.44556464239396 24.51850161854785 29.90628967865223 30.318095235284353 78.62822424842327 23.509439504197278 47.056562874715674 6.55447214682193 68.92753937778417 21.700842535243556 34.094999235552756 81.47233367162453 56.2910313027113 18.68788042079223 54.60386213633887 22.476499899909193 44.90709511352729 39.271600414762 48.31020650352258 21.794655054325386 65.52441240090045 56.954978436353066 53.55804710947621 38.38672905610408
19.80729424362708 16.352088055538736 46.89435493167759 39.930123759892936 46.16321208979986 22.02959202253395 13.205887946109614 34.550016925721785 47.85887945292619 35.319616262935256 34.250405230787976 11.886748306989006 16.506496208643863 14.498498575222262 66.8919942630693 60.55492930771234 16.45821250533745 0.0 52.53406593627746 4.752713470827341 28.01731005241197 8.782109339320604 13.451208152599841 15.299163013918117 62.850585337936025 34.7967093316717 33.01078863798356 10.175747190450686 54.01308974148487 9.858337151533586 18.26437040491385 66.01725299957813 46.146622978256374 22.232852329020716 40.41448750997358 16.96398986976174 29.92333920433055 28.087284519352647 31.92094627721229 14.84544296386631 50.35148592435936 41.68102892218504 38.67856423332564 21.930648469672864
34.214217935045504 36.58650817916665 14.300068134574964 17.573823446848195 43.47736238521839 60.68707414199766 64.88917249525578 17.98662097249669 42.955873992116835 45.727452830966115 18.303027799260068 41.504975979936255 63.39612021313436 38.08637280769036 17.63264121323939 12.118339845380525 67.18504760391328 52.53406593627746 0.0 49.91283224517213 24.752415511866335 48.71268172431004 41.836027112231804 37.28017336726599 16.133346755498465 73.58181938520055 51.14168591549653 62.04814541278736 2.7235273773388378 45.50028285157242 34.61975173226841 16.066648477072427 25.20604982316258 73.35586158458334 12.762072240029175 64.07965378368883 46.29170038638777 30.55226616400916 26.95384980219628 61.85688285885529 4.7953752716899825 45.74552997043522 47.830993569035705 35.919009407441195
16.237416753864814 14.973015059645826 45.45268261389646 38.54026628334033 41.41576485827472 19.076709000034572 17.444155850960126 31.98324146001421 49.28300971691231 30.584370310143555 31.63326165156573 8.445652039426557 21.258666793764593 12.028279173404057 63.58534716640987 57.299117276757315 20.905538815850313 4.752713470827341 49.91283224517213 0.0 25.925029937724915 4.0762982729529025 9.205912583556769 13.405172275311601 59.40064065438441 39.451699014294114 28.442151688248806 14.437800172810922 51.21573431540239 11.304951577795814 15.295134646401683 62.79818826764578 45.811853230211575 23.6237210760672 38.20807993026361 16.149251496179623 25.21163465658485 27.82153896267083 27.89939557569181 13.830455942322414 47.40817907562291 36.932866022238194 33.96280076006745 17.621029027162415
12.440784385783905 11.846660468902515 19.931242848754582 13.334304346254202 38.76073330161458 40.1296418745637 40.14533698117418 7.182469836976205 34.48926988724449 34.130133718239314 7.083566170441637 17.88353596004371 38.91186507349866 13.897857745376951 40.483144198247054 34.12110410275609 42.44556464239396 28.01731005241197 24.752415511866335 25.925029937724915 0.0 25.560488546474645 19.223200959130317 12.72788994530844 37.0950070756285 51.02667347146674 37.047551560878794 37.32447193404075 26.495723357673903 20.7929891869134 11.239127860274303 39.34087235273628 23.337075771130152 49.54634329560903 12.397368578870166 41.266756520928205 31.74041061828456 10.949730337174312 15.757240598575128 38.94617381495336 23.246398367743147 37.6589527202874 37.46735490639946 16.964061299011917
14.524753987781379 15.757939354807752 45.424029657859116 38.62757581039912 37.48716258114507 16.456766195160725 20.915163652678356 31.01476309801983 51.55591176885812 26.538944324760884 30.61742812254947 7.719649017717679 25.27102681794401 11.996622686430252 61.60302482469224 55.39405102181349 24.51850161854785 8.782109339320604 48.71268172431004 4.0762982729529025 25.560488546474645 0.0 6.922832611074073 13.833916810339787 57.27418406156564 43.52750959406038 24.38709444235201 17.975978335017693 49.8265960692261 14.336065002645165 14.40806484148294 60.91310894847383 46.74563657415085 24.711966050908053 37.523511002942634 15.70669195106378 21.145154412769784 29.046640576997376 25.27102681794401 13.390217882539273 45.888689356920146 32.9153028428936 29.89905811645972 14.72617369305701
7.623104252744586 11.305153501079756 39.15321985999949 32.499534438271056 33.748621808834606 21.14347532628241 26.565141490244134 24.251216499268196 48.111996281936115 24.01226636029897 23.8359660799603 3.3148430376386973 29.37738150547692 6.96038608847961 54.72992182714031 48.50173606097225 29.90628967865223 13.451208152599841 41.836027112231804 9.205912583556769 19.223200959130317 6.922832611074073 0.0 9.131525968895636 50.44272180031867 46.546823957223644 23.605313820861312 23.5397129260183 42.916640351526254 14.191534910412642 7.998471470255779 54.01856748874382 41.39960083218086 31.634153412947487 30.86501358655989 22.34213400464927 19.23068753764721 24.380400539016083 18.70160129400524 20.074631890788787 38.96841745499679 29.909483235484217 27.60205881260484 8.480496084013863
7.9073044051505095 2.1775820543637616 32.04793646977046 25.137036989867664 39.55962064413715 29.823744122405888 27.733228357303016 19.32173688650236 38.987673328968036 31.37783189471206 19.049970775170046 6.378289902468967 27.68401487207642 2.177516481779481 52.14746638999834 45.77351953937849 30.318095235284353 15.299163013918117 37.28017336726599 13.405172275311601 12.72788994530844 13.833916810339787 9.131525968895636 0.0 48.33849257446005 42.43915428271995 32.03543467860926 24.830627422506325 38.83747872090693 9.48211321451204 4.763640765651809 51.16739514412101 32.91573112734408 36.94179905494459 25.121283659679023 29.266431292466883 27.23883409608288 15.399541627436022 19.803975977729976 26.926521952296522 35.29124819646971 36.62822191003761 35.00295704678982 13.087316200275778
43.171593524701 48.225555434281844 30.42525126870329 33.21107332269944 39.957951572949014 66.05685369589152 75.86664106253912 29.92594819221748 59.07871594713174 46.28758985503761 30.01287694125261 51.07128799932321 75.77526577634028 48.54949544718028 4.924868960594579 4.098985029479653 78.62822424842327 62.850585337936025 16.133346755498465 59.40064065438441 37.0950070756285 57.27418406156564 50.44272180031867 48.33849257446005 0.0 87.80838339104957 52.58958072075681 72.88588175086365 13.411135446518891 57.45481509467077 44.628872719264116 5.393033392026783 41.30589733754399 81.74273534061906 27.109623819781405 71.46171994120164 48.690486934721385 45.10146576195658 32.33692499205395 69.44611987384633 14.571398079744322 44.023879913411875 47.26165104295585 42.859466368962444
50.08448862213699 41.55905292095289 62.18150215130478 56.45129377061498 80.28474535073336 54.44911950115323 26.8375837614574 58.04918124345312 44.516144247344144 69.95263307557997 58.03778068862965 43.72639322607863 18.90178815247723 43.41020320108111 90.72958295885263 84.50887631092458 23.509439504197278 34.7967093316717 73.58181938520055 39.451699014294114 51.02667347146674 43.52750959406038 46.546823957223644 42.43915428271995 87.80838339104957 0.0 67.79244203494456 28.383580978995518 75.89057803105288 33.2231166294883 47.1652042947043 89.37457217767756 55.11126620054521 41.6716950136637 61.04544667730372 45.76377781365233 64.64611510636591 43.03190850138145 62.2411232089909 44.80319145054285 73.43046763158259 76.1865693427273 73.38443198687526 54.29894015167511
25.797551663659853 34.13991638151636 54.63642201751718 49.32080200884951 17.664624600486327 18.389566601664917 43.231935537302874 38.16560743554284 70.27791355993061 6.52131753829176 37.63589097654131 26.91973462122058 49.196933607448265 29.941634530389663 57.50089680619933 52.46672391012895 47.056562874715674 33.01078863798356 51.14168591549653 28.442151688248806 37.047551560878794 24.38709444235201 23.605313820861312 32.03543467860926 52.58958072075681 67.79244203494456 0.0 40.690889854935385 50.95523027848808 37.50540820790073 28.6627827965051 57.54627172054005 60.285035730026095 38.631163180503705 44.647828184137275 27.786189585326483 5.32210231037374 45.79051863873 24.697311312088335 27.013560669436682 46.78202406708906 11.831189093827676 7.598702051319407 20.352929853174132
29.958791685133882 25.47813839055711 55.280577015989735 48.35364137129568 55.2749580012238 26.081038336934068 3.0313643600088223 44.136405590147305 51.74674669078723 43.939923616034754 43.87558858393379 22.053265087355108 9.653447222402027 24.36065160720124 76.84940054688502 70.49224366103579 6.55447214682193 10.175747190450686 62.04814541278736 14.437800172810922 37.32447193404075 17.975978335017693 23.5397129260183 24.830627422506325 72.88588175086365 28.383580978995518 40.690889854935385 0.0 63.65987185773918 17.06089407152378 28.257111998974608 75.92487278234216 53.10181636748767 17.02197017216387 49.654167901464625 17.581928990876207 38.4054481042608 35.46643042294975 42.092790120249695 16.446942430832884 60.11588628170462 50.43613134753281 47.081916848049715 32.010920155459324
35.30184209203295 38.26476539241554 17.02322218283149 20.13522735792786 42.40353558869418 61.25450037074062 66.53516524743034 19.52440018678908 45.679151049885576 45.34540241461355 19.78762358077296 42.77775992127375 65.317999286319 39.52254623242296 15.059331753373971 9.408208653120928 68.92753937778417 54.01308974148487 2.7235273773388378 51.21573431540239 26.495723357673903 49.8265960692261 42.916640351526254 38.83747872090693 13.411135446518891 75.89057803105288 50.95523027848808 63.65987185773918 0.0 47.28837248386653 35.93294973294203 13.55729467577441 27.925968876687048 74.5245688018622 14.88663936451831 65.03310918534737 46.23549229255649 32.86654791413418 27.197656905479814 62.841454199548295 4.216877441049902 44.98102542375758 47.27510362999618 36.61368072414957
16.87341392120153 9.232236798152075 38.22008604395928 31.293673521823838 47.599273386046605 30.369631572124437 19.674736358556714 27.86850363002083 38.18228482065284 38.20242243068014 27.679735346844527 10.999564063947476 18.336180629033016 10.20094736987999 61.09390418803566 54.714380880161265 21.700842535243556 9.858337151533586 45.50028285157242 11.304951577795814 20.7929891869134 14.336065002645165 14.191534910412642 9.48211321451204 57.45481509467077 33.2231166294883 37.50540820790073 17.06089407152378 47.28837248386653 0.0 14.060784580841485 60.02460590254208 36.55683934085871 31.820393384004287 32.90326281971948 26.662335868363943 33.368924436918775 18.61281910424893 29.167625057007783 24.456351050729534 43.9837377220201 44.0289508826105 41.79355725654796 21.20925350541828
3.2726485655383124 6.218383655316119 31.169353958083395 24.501140680145586 35.00231948524693 29.05696332277595 31.24192225723313 16.723932676081482 41.673136063944945 27.360508168722564 16.358342086878736 6.89902291352443 31.98706937854413 4.025495668498235 48.63014817379215 42.29064288332133 34.094999235552756 18.26437040491385 34.61975173226841 15.295134646401683 11.239127860274303 14.40806484148294 7.998471470255779 4.763640765651809 44.628872719264116 47.1652042947043 28.6627827965051 28.257111998974608 35.93294973294203 14.060784580841485 0.0 47.7541956278528 33.62336424371176 38.79435062882696 23.12776266251768 30.099709220909812 23.63000166375754 17.314146594413803 15.11041994244958 27.792590322875768 32.16899338331037 32.316258910395796 30.961893461916855 8.80385611836077
46.57936745700164 50.85131671851317 29.81366987969938 33.64024561612622 45.29429121862459 70.46333850349889 78.86798596836461 32.182149490107435 58.18742478479736 51.31517891920559 32.349779264935805 54.38804842553953 78.24519046695441 51.57410333284091 1.8407926341635232 5.521326528562712 81.47233367162453 66.01725299957813 16.066648477072427 62.79818826764578 39.34087235273628 60.91310894847383 54.01856748874382 51.16739514412101 5.393033392026783 89.37457217767756 57.54627172054005 75.92487278234216 13.55729467577441 60.02460590254208 47.7541956278528 0.0 40.41471791195769 85.53614722933055 28.32918314773476 75.46578747328049 53.49434080845063 46.37921760943163 36.405295276476565 73.39294167113734 16.113751001882786 49.261357745436925 52.41438077510875 46.76437320638733
35.5349235167087 31.016072646394342 10.92752309355875 11.729460520810328 59.616360972052135 62.531159634457644 55.301741898964906 23.162299707537283 17.799060159411958 56.91644822508513 23.65985218259476 39.20294518431036 50.61002012589747 34.84811970250752 42.1625240616375 37.24241591713798 56.2910313027113 46.146622978256374 25.20604982316258 45.811853230211575 23.337075771130152 46.74563657415085 41.39960083218086 32.91573112734408 41.30589733754399 55.11126620054521 60.285035730026095 53.10181636748767 27.925968876687048 36.55683934085871 33.62336424371176 40.41471791195769 0.0 68.33818545016143 18.639094127735532 61.947675556826354 54.96459122085617 18.07193643098979 37.17432966058114 59.61744759892717 28.045151373142318 59.63518251028392 60.06096667450049 40.30020236993504
39.228958755617434 38.3119838013925 68.93259843288735 61.984729177280016 55.810251632459504 20.327516927122396 16.494159442922978 55.51815064279596 68.5403901423069 43.86497291006193 55.14819631376896 31.895792784418557 25.2203983484368 35.65161715793283 86.16954441985584 80.01482905068931 18.68788042079223 22.232852329020716 73.35586158458334 23.6237210760672 49.54634329560903 24.711966050908053 31.634153412947487 36.94179905494459 81.74273534061906 41.6716950136637 38.631163180503705 17.02197017216387 74.5245688018622 31.820393384004287 38.79435062882696 85.53614722933055 68.33818545016143 0.0 61.82354194476902 11.10157827690172 38.602510384455094 50.30105784081029 49.45894902979999 12.624483147085261 70.59991266259435 50.17655206241127 46.114548731672414 38.887995048558615
23.439570349063914 24.19537137100844 10.11797869983212 7.292974610514039 41.4591327532675 51.04644922037534 52.437221973255745 6.834113686722153 34.770755683889476 40.299971016221704 7.329665587556051 29.983829427233854 50.66504905319568 26.19635850992996 29.70404435607566 23.567495840416754 54.60386213633887 40.41448750997358 12.762072240029175 38.20807993026361 12.397368578870166 37.523511002942634 30.86501358655989 25.121283659679023 27.109623819781405 61.04544667730372 44.647828184137275 49.654167901464625 14.88663936451831 32.90326281971948 23.12776266251768 28.32918314773476 18.639094127735532 61.82354194476902 0.0 53.179467443968015 39.414784123725134 18.074388336438147 20.142308437771334 50.88746654240162 12.542161326812007 42.094480476922456 43.10646954507847 26.4789698513048
29.915002026275562 31.004814740912288 61.111422046018355 54.28506228296068 44.76924971722966 9.93259394498177 18.940235045410308 46.59331604848563 64.80381045967502 32.820384084567145 46.17736935625811 23.40185416355014 27.230596292787176 27.590127423986925 76.00039269809982 69.95512603266565 22.476499899909193 16.96398986976174 64.07965378368883 16.149251496179623 41.266756520928205 15.70669195106378 22.34213400464927 29.266431292466883 71.46171994120164 45.76377781365233 27.786189585326483 17.581928990876207 65.03310918534737 26.662335868363943 30.099709220909812 75.46578747328049 61.947675556826354 11.10157827690172 53.179467443968015 0.0 27.5161831069583 43.970788420746146 39.12788432684211 2.339919524869092 60.99313764403477 39.18333154646041 35.178802767781974 28.70839998926987
20.66900931206557 29.296319123237712 49.37143786138726 44.00695317603487 17.359277477645332 19.122364533647605 41.124498472569385 32.88762134019997 65.13544318722893 5.556983911366512 32.358275371574784 22.523339068166162 46.372924601383616 25.201810280395907 53.565644492671886 48.28707240793379 44.90709511352729 29.92333920433055 46.29170038638777 25.21163465658485 31.74041061828456 21.145154412769784 19.23068753764721 27.23883409608288 48.690486934721385 64.64611510636591 5.32210231037374 38.4054481042608 46.23549229255649 33.368924436918775 23.63000166375754 53.49434080845063 54.96459122085617 38.602510384455094 39.414784123725134 27.5161831069583 0.0 40.626189513372694 19.594255144453104 26.329209649581763 42.036281733526664 12.087361566161674 8.756141208164728 15.145706146914875
19.99707518825987 13.332168517573479 20.37171405865272 13.826774622760688 49.41782807230219 45.21719628114804 37.85872423257648 16.403457962161916 24.51629093178257 43.7670178814543 16.581183324150622 21.777446990890343 34.28765271021751 17.49376188224668 47.775130473966726 41.632958146360345 39.271600414762 28.087284519352647 30.55226616400916 27.82153896267083 10.949730337174312 29.046640576997376 24.380400539016083 15.399541627436022 45.10146576195658 43.03190850138145 45.79051863873 35.46643042294975 32.86654791413418 18.61281910424893 17.314146594413803 46.37921760943163 18.07193643098979 50.30105784081029 18.074388336438147 43.970788420746146 40.626189513372694 0.0 26.56954301289862 41.650080289744295 30.575711857207747 47.890982502494865 47.25599319770077 25.484253534593485
12.463942669461503 20.79179057004782 30.241467245913245 25.618390413134243 23.044811106834096 34.263246019382755 45.12405825055784 14.099520298415802 50.12807009727065 20.160642075409932 13.582151223246901 20.110431269495958 46.864132091447416 19.015823303535306 36.88483981823971 30.91887709212759 48.31020650352258 31.92094627721229 26.95384980219628 27.89939557569181 15.757240598575128 25.27102681794401 18.70160129400524 19.803975977729976 32.33692499205395 62.2411232089909 24.697311312088335 42.092790120249695 27.197656905479814 29.167625057007783 15.11041994244958 36.405295276476565 37.17432966058114 49.45894902979999 20.142308437771334 39.12788432684211 19.594255144453104 26.56954301289862 0.0 37.110530241834226 22.985508168819905 22.469331167151534 23.049672154591004 10.599919709488335
27.666871102875525 28.666992080383935 58.780917335322 51.95014561420928 43.665450623219016 9.950255216094728 18.11931801044125 44.32100110943009 62.625768468652254 31.735564577691925 43.909199893749154 21.07458284551666 26.080320966468303 25.253629791349773 73.95366144221208 67.87772945152909 21.794655054325386 14.84544296386631 61.85688285885529 13.830455942322414 38.94617381495336 13.390217882539273 20.074631890788787 26.926521952296522 69.44611987384633 44.80319145054285 27.013560669436682 16.446942430832884 62.841454199548295 24.456351050729534 27.792590322875768 73.39294167113734 59.61744759892717 12.624483147085261 50.88746654240162 2.339919524869092 26.329209649581763 41.650080289744295 37.110530241834226 0.0 58.81829238218846 38.1746328998134 34.26337400215421 26.62956231656669
31.374527297364203 34.85581890574204 17.20366695481593 18.817634226549185 38.69536571138324 57.07916203580413 63.024309110214084 16.11536537126263 45.52411734422359 41.22781864181046 16.313521114864066 38.962551621082916 62.15824189933648 35.85439857381229 17.342105417687936 11.078839821907303 65.52441240090045 50.35148592435936 4.7953752716899825 47.40817907562291 23.246398367743147 45.888689356920146 38.96841745499679 35.29124819646971 14.571398079744322 73.43046763158259 46.78202406708906 60.11588628170462 4.216877441049902 43.9837377220201 32.16899338331037 16.113751001882786 28.045151373142318 70.59991266259435 12.542161326812007 60.99313764403477 42.036281733526664 30.575711857207747 22.985508168819905 58.81829238218846 0.0 41.04796923646342 43.23001062850549 32.489739427527745
29.063321367504116 38.4589443005404 52.17941377970606 48.027948316023135 5.851577750002172 30.102318728328044 53.18392651977319 36.503684807819255 72.1175830447174 6.5314953864598975 35.996106763097764 33.030348755625205 58.18410835367561 34.83781793660787 48.929923359153555 44.62333112054543 56.954978436353066 41.68102892218504 45.74552997043522 36.932866022238194 37.6589527202874 32.9153028428936 29.909483235484217 36.62822191003761 44.023879913411875 76.1865693427273 11.831189093827676 50.43613134753281 44.98102542375758 44.0289508826105 32.316258910395796 49.261357745436925 59.63518251028392 50.17655206241127 42.094480476922456 39.18333154646041 12.087361566161674 47.890982502494865 22.469331167151534 38.1746328998134 41.04796923646342 0.0 4.271515165573776 23.561737258978564
27.787342211386626 36.950315949795076 53.224221860678924 48.62290832079996 10.122916102914381 25.94912577887794 49.759570795025176 37.13153029677809 71.6911200339811 3.627903600523372 36.60978202291785 30.834189311753075 55.127545277637594 33.08465024415598 52.184359070356074 47.60113679636385 53.55804710947621 38.67856423332564 47.830993569035705 33.96280076006745 37.46735490639946 29.89905811645972 27.60205881260484 35.00295704678982 47.26165104295585 73.38443198687526 7.598702051319407 47.081916848049715 47.27510362999618 41.79355725654796 30.961893461916855 52.41438077510875 60.06096667450049 46.114548731672414 43.10646954507847 35.178802767781974 8.756141208164728 47.25599319770077 23.049672154591004 34.26337400215421 43.23001062850549 4.271515165573776 0.0 22.16681391926685
5.628560914746576 14.898410691785982 35.87750858947195 29.879881237559253 26.547694043508326 24.817216819392367 35.03321496267998 19.648873835094395 49.99808563606951 18.574749177063136 19.149350500727266 10.671802834816338 37.67062615974585 11.40555737977866 47.330043553283446 41.25061820765076 38.38672905610408 21.930648469672864 35.919009407441195 17.621029027162415 16.964061299011917 14.72617369305701 8.480496084013863 13.087316200275778 42.859466368962444 54.29894015167511 20.352929853174132 32.010920155459324 36.61368072414957 21.20925350541828 8.80385611836077 46.76437320638733 40.30020236993504 38.887995048558615 26.4789698513048 28.70839998926987 15.145706146914875 25.484253534593485 10.599919709488335 26.62956231656669 32.489739427527745 23.561737258978564 22.16681391926685 0.0
