0.0 76.487779602492 76.31760923831548 77.13126122903041 70.25471771622463 47.96937203294026 78.18769470554223 26.683266543882798 72.96836341674566 60.7097093117044 43.60801587599103 11.427672093044938 34.16535730545646 25.769950318841598 67.09868053350354 29.673270443885993 44.979524424899175 37.41991130265196 42.54089049138219 19.06173917238486 64.74094500014152 8.330735999820542 51.384769701829136 62.78991271879149 7.563224769075048 89.61394849227979 57.94752267604812 40.52706432707702 60.066054546208704 34.5459796296646 62.42962424012322 48.729003293483416 68.12120503914265 96.76254930981106 28.72523051718929 2.845226392315494 83.99251803884489 38.903658066763604 97.87061166988401 43.95571958075856 49.514800503469154 53.38431127553216 50.690818398800076 74.2482816229821 62.42962424012322 15.421482872674297 69.74349871436215 44.967798448829015
76.487779602492 0.0 34.457648836474064 12.732232108144466 19.608547167392548 71.43118431582903 6.176940986367653 70.97694026182546 25.017837898943462 16.468723656640055 36.60868117330419 75.748432414834 47.316626229292545 86.34105012911488 23.100188809838386 64.1852548778057 31.513773553004565 40.53887570346882 53.47092345348896 67.51746396372404 30.314523813683834 71.80731342924584 56.696713210301475 37.542850752716355 78.28482897446098 13.573830173489458 70.48713024937804 37.542850752716355 18.86716202768399 52.85000218628181 47.99040810458372 34.35006289140603 9.437973926414063 29.84529280176494 56.224032992466206 73.85342681658508 34.09853061653162 38.57250546720924 23.685514492284234 32.83364452482046 28.78084184693681 39.2675993774977 38.679750295128244 47.33365571990121 47.99040810458372 63.299097316265524 91.5922649095271 35.97151989175535
76.31760923831548 34.457648836474064 0.0 22.123401272044983 15.868285908622656 49.66237738243366 29.093437918939145 59.243676921436055 57.39166741284831 38.571495666444505 34.233112418250904 70.55548627178189 42.196890981686884 94.91931076891562 14.646855517756629 52.31316503657093 40.62360571803134 51.9988387054276 37.48256227767644 75.87323801331611 12.207647694686761 69.00809650958666 34.368593333392525 65.63654763733592 74.710759463369 36.43676491264668 44.37538298165827 38.60482584914578 26.889865538637306 42.79382476769197 20.655145115702904 54.33764842967048 29.41786294729394 26.67060182256243 48.40549321316984 73.48059817416265 8.22323389400824 49.84807106180192 36.128601493187894 39.00926740789406 32.208985063948774 63.09895122602067 25.637984458218277 13.930719678207344 20.655145115702904 68.43568597179227 63.5558382726382 32.689465276072994
77.13126122903041 12.732232108144466 22.123401272044983 0.0 9.474071472498519 64.08774372283399 6.984472794333155 67.1925829671977 37.26904027224083 22.958736668475673 34.167027304391915 74.4980873837452 44.84904000927624 90.47375971676848 13.708456278384327 60.12441534411836 33.431410109697154 44.31953723186444 47.46589405129475 71.17467022080271 20.635084060679436 71.34074549045745 48.70808739774353 48.30777408715476 77.6995269554927 16.184180193668546 61.603579407707535 36.63825326488301 17.175749174943654 48.91354910202998 38.03893742396291 41.499528503581594 11.802839787716437 21.09909606066528 53.29265509981039 74.35376169688874 21.382934459353468 42.13598055469704 21.15326687195218 33.578953888062976 27.616867160146697 48.305904175640144 32.426357335962784 35.537231789533486 38.03893742396291 65.58681903462478 82.26886532191396 33.07306892148562
70.25471771622463 19.608547167392548 15.868285908622656 9.474071472498519 0.0 54.625598974863806 15.34703444063547 58.45858221888968 41.54305955279249 23.103729272718546 26.68354448528773 66.70936430712143 36.9562713505297 85.55914137352562 4.246617121972086 51.35187004874138 28.747567115092075 40.21825317455649 38.24101338840433 66.20025728786226 11.247359883589755 63.957983996343394 39.23403635088906 50.089543168733016 70.19185971804312 25.65372403990487 52.208041532239044 29.901285370398494 12.714229736564695 40.309536279422005 28.858368850065176 40.13049520238741 13.554172931075964 26.50795257844293 45.023785386858215 67.43300510963775 18.61591479167132 37.99522892150858 29.841840709519108 28.087533876792396 21.422450980150888 48.273809371771044 23.310621047955134 27.842655614815328 28.858368850065176 59.83159062601364 72.98377206084446 25.398599828522947
47.96937203294026 71.43118431582903 49.66237738243366 64.08774372283399 54.625598974863806 0.0 69.16073080580585 21.348778421361843 83.41808248547773 62.76277684022051 38.49157603655285 37.158383957742544 31.871173308724835 73.44450996102827 50.382132199928805 19.570592633534982 49.91844541454385 53.82667003654176 18.80358160962735 60.02196528454406 43.774608196835224 39.86770699991944 15.578960249545158 82.05787900613517 42.04721865698603 80.22498039651923 10.642395428359452 40.94522218622793 53.107262189161304 24.405174836613693 29.089481198974028 65.03552988879183 62.22136739048625 76.15486008995605 26.563318103392625 45.95292576299271 57.622607979769484 53.11900912560199 83.67465716060256 46.82536233862323 45.85510567025369 74.3499155928653 32.779747438843074 39.70784505868451 29.089481198974028 51.28317308318027 24.88804377676447 38.234414687606765
78.18769470554223 6.176940986367653 29.093437918939145 6.984472794333155 15.34703444063547 69.16073080580585 0.0 70.52913616272313 31.184145700536824 20.164069996683647 36.544932355581516 76.55256464410238 47.37071262017712 89.64417539692437 19.321146658946077 63.5709285887905 33.4432194211304 43.462333408211464 51.81923673009927 70.55538123030095 26.53830631579959 72.96930103813531 54.02818290433994 43.34845116651066 79.41415811206255 11.796810652650324 67.37412207622664 38.23331652044409 18.587463004952117 52.23117969133048 44.20161696655983 38.71211388763417 10.136476549383625 24.1939280831192 56.121684174604944 75.47731787548804 28.123292911634064 41.37513505984824 20.00699056080081 34.23197751497469 29.17345908764009 44.44864808839573 36.77164512861214 42.39577651510323 44.20161696655983 65.70257465919217 88.26457729582245 35.67608108382656
26.683266543882798 70.97694026182546 59.243676921436055 67.1925829671977 58.45858221888968 21.348778421361843 70.52913616272313 0.0 76.43891384555867 58.29617999954647 34.385279807356625 15.83311037598394 23.91016381066435 52.321225323416904 54.468686883091245 7.1185027279510384 42.61725720063992 41.885446896854944 21.781467034248713 40.45469673475132 49.67091981219448 18.753941624293823 27.916083305602125 71.26954459692469 20.747654908682374 82.29637645656108 31.594342639569092 34.27818882257297 52.22345505231474 18.314226943569054 41.274748178368284 54.37794611353149 61.5885538936583 83.66068245157811 15.01822248756606 24.80207250494422 67.4438299047938 42.013934097752255 88.22586077297115 40.04990777436636 42.323823619595245 62.45915693883764 35.34675905497275 53.35167420076337 41.274748178368284 32.21727822040313 43.62994590604749 35.017038506418885
72.96836341674566 25.017837898943462 57.39166741284831 37.26904027224083 41.54305955279249 83.41808248547773 31.184145700536824 76.43891384555867 0.0 21.37314567642629 44.9413606333568 75.99837716154624 53.32418739860512 75.11355891687246 43.67183532646029 70.77432522975154 34.14751923471931 36.19539278430199 64.62310494585769 58.708714022049094 49.93455630956103 70.87831374761728 70.89019429536731 15.698909763491619 77.03905773884404 34.42610094064018 85.37040646180068 43.071465863644995 33.43570605198256 60.539470516256884 66.1501139581524 24.239361503671514 27.99424783101348 54.22721994962486 61.67617637950565 70.84149854717211 58.4781032405206 35.29885419621513 45.25024200026231 37.048159307693 37.71285484137263 22.23992344780813 52.35360299409977 68.72514223020465 66.1501139581524 57.786858743224876 106.48940146467613 45.19718620684225
60.7097093117044 16.468723656640055 38.571495666444505 22.958736668475673 23.103729272718546 62.76277684022051 20.164069996683647 58.29617999954647 21.37314567642629 0.0 24.72826419177801 60.982279218031366 34.42811642755146 69.88557072254966 24.02916775842172 51.98678287953193 16.26688992532223 24.140243093060842 43.991807579284426 51.05470848905329 29.415420197780012 56.626699814608116 49.68254628792453 27.065317837855066 63.088825731887255 30.04087467600566 64.1412041306074 24.018335378000657 12.460153556186773 41.05905916381715 44.90979134850004 18.65573497338765 11.157656530808216 43.73939066733899 43.2780999791777 58.16039282020473 41.583157598158486 22.239583147941275 39.85319269354616 18.36762992757162 16.94738260135277 25.525721634068937 31.059277639775786 48.442916341347136 44.90979134850004 47.057247214158465 85.32649366500173 24.683199194241887
43.60801587599103 36.60868117330419 34.233112418250904 34.167027304391915 26.68354448528773 38.49157603655285 36.544932355581516 34.385279807356625 44.9413606333568 24.72826419177801 0.0 40.33111159882828 10.825784642163477 60.69150537604497 23.50672572739015 27.695124763839992 11.981813229706457 20.26075728280716 19.728578075118797 41.66299376308932 22.075227931249714 37.31104478137426 27.09028695359325 44.58638220056754 43.602953514562905 48.3385683720761 41.36684590100439 4.737636476055883 17.998453042824757 16.48251239233733 27.89683217943544 28.26687522612948 27.257105425578455 53.17806854535057 19.643743176177583 40.77820713325071 41.24264606424678 18.537751851937465 55.280573194422075 8.880938680759819 8.004234892816585 38.04497867539545 11.296941605607515 36.75093767709077 27.89683217943544 34.25824787902366 62.073257431804514 1.5544159454820405
11.427672093044938 75.748432414834 70.55548627178189 74.4980873837452 66.70936430712143 37.158383957742544 76.55256464410238 15.83311037598394 75.99837716154624 60.982279218031366 40.33111159882828 0.0 29.756179259437896 37.15700018769804 63.13665720342514 20.185863482107333 44.72736345332418 39.80899616625925 34.50430152779847 28.54373979282137 59.68307019704772 5.758395134260506 42.41768606099824 67.76873349385629 4.935080144910933 88.27198802335391 47.41943235317228 38.337848695466334 57.99557419796319 27.768856129037516 54.6654147619324 52.14574331138275 66.79586883024842 92.96735403319781 22.190308140479697 10.314199933169728 78.54661702175319 40.76251248330552 95.60289620697294 42.97967848610326 47.379122785327915 58.423339628993446 45.162481253293585 66.72855506255983 54.6654147619324 22.12361781820013 58.359698684449256 41.45465309730234
34.16535730545646 47.316626229292545 42.196890981686884 44.84904000927624 36.9562713505297 31.871173308724835 47.37071262017712 23.91016381066435 53.32418739860512 34.42811642755146 10.825784642163477 29.756179259437896 0.0 53.924730369889716 33.44020184001879 17.599217589769644 19.17910831219855 22.040794626456492 14.884927144268927 35.901050739047086 30.58618371738307 27.208211730895933 24.471392200910977 50.337826206360546 33.30591079683782 59.16421985191944 37.22199770086925 10.439890274790036 28.816745585758085 7.529476564145214 30.69532516998118 33.24435345022646 38.01973843183285 63.28181435292547 8.940966038291164 31.322206925846935 49.82719705223727 21.24999038579771 65.99445280492834 16.374048135330312 18.54219607288227 42.4800985439798 16.65686936929996 41.59729316863508 30.69532516998118 27.49288928528684 56.553946325817975 11.785147608578486
25.769950318841598 86.34105012911488 94.91931076891562 90.47375971676848 85.55914137352562 73.44450996102827 89.64417539692437 52.321225323416904 75.11355891687246 69.88557072254966 60.69150537604497 37.15700018769804 53.924730369889716 0.0 83.2711116355258 54.49157785621233 57.121104759538184 46.239089448969274 65.55229911004196 19.363708389760948 82.76410002632092 33.596259464972604 75.06640363366436 61.20797500977984 32.7891301836137 99.91358918419293 83.12572165819107 56.44882050361129 73.5839366539019 56.80236783133691 84.36265047017173 52.98687622553327 79.6663389848112 111.36006721849074 51.330028060662606 27.523303773333318 101.82917556179805 48.38476410298152 109.60550890657518 57.47465833756156 64.18251130387004 52.94473799867593 70.2321915232674 95.51949164475971 84.36265047017173 26.56804027384233 95.50923827230218 62.23169781892306
67.09868053350354 23.100188809838386 14.646855517756629 13.708456278384327 4.246617121972086 50.382132199928805 19.321146658946077 54.468686883091245 43.67183532646029 24.02916775842172 23.50672572739015 63.13665720342514 33.44020184001879 83.2711116355258 0.0 47.35343445899069 27.08927365786454 38.62005077326333 34.05938257821817 63.955899398131194 7.251986771408574 60.58125093300068 35.006278318262225 51.069095151477484 66.74212762951612 29.8758842802108 48.08445136247348 27.09522309541793 12.269346127284543 36.41297121817711 24.96201014387599 39.84458706203903 15.895971876990146 29.842058991340068 41.27777700803008 64.26408980718055 19.22618852049971 36.41297121817704 33.97273930621146 26.011839933496923 19.165683799949317 48.47515157171487 19.206651793117633 25.095642809848503 24.96201014387599 57.247180941082796 68.94350554853013 22.13094306429626
29.673270443885993 64.1852548778057 52.31316503657093 60.12441534411836 51.35187004874138 19.570592633534982 63.5709285887905 7.1185027279510384 70.77432522975154 51.98678287953193 27.695124763839992 20.185863482107333 17.599217589769644 54.49157785621233 47.35343445899069 0.0 36.69172041250009 37.349829715034275 14.989549938503226 40.45183062656848 42.57666247632832 21.34757153531129 22.235502552378158 66.63335721691907 25.032102092341464 75.31905742212018 28.66753146772479 28.037793120823956 45.37032660777059 11.353565612301894 34.90459674209128 49.55829640592523 54.7698694039901 76.55792149444963 9.179402474408482 27.33376147556538 60.494085651595704 37.177088628655305 81.13420588210413 33.95850541799616 35.686849090436326 58.14048845092056 28.228997452354722 47.013204188863455 34.90459674209128 31.72104590397382 43.8342863635288 28.221458889282314
44.979524424899175 31.513773553004565 40.62360571803134 33.431410109697154 28.747567115092075 49.91844541454385 33.4432194211304 42.61725720063992 34.14751923471931 16.26688992532223 11.981813229706457 44.72736345332418 19.17910831219855 57.121104759538184 27.08927365786454 36.69172041250009 0.0 11.532091210443474 31.365538461159097 37.78147736385845 28.762241154463993 40.466888630715026 39.07059183859634 32.61445605565856 46.94209887083671 44.67979415162376 53.309495421747364 9.018132893022168 16.467977554216585 26.428871872657936 38.82667221945475 16.41385659432191 23.309615378478348 54.239226851704835 27.679185917500188 42.33965332728192 46.28348451270203 9.323866666296341 53.37165903639186 3.130202251639654 8.531337158417207 26.210100184915994 22.375279916990685 46.168557528987236 38.82667221945475 32.304806446283216 73.88096998262027 12.844720935309168
37.41991130265196 40.53887570346882 51.9988387054276 44.31953723186444 40.21825317455649 53.82667003654176 43.462333408211464 41.885446896854944 36.19539278430199 24.140243093060842 20.26075728280716 39.80899616625925 22.040794626456492 46.239089448969274 38.62005077326333 37.349829715034275 11.532091210443474 0.0 36.63051008937843 27.093968159161125 39.99166394271756 34.70199980177699 45.67077388723991 29.389598825560935 40.9284448876821 54.0693060307356 59.09989326346671 15.655570734562296 27.74625423204211 29.42459892059097 48.15565782185474 12.60263762599707 33.437290355928404 65.32647074333116 28.300898992008946 35.079590375681775 57.804343967258745 2.223398210972132 63.459498472262304 13.042787706473206 19.790090212742726 20.802936618928186 31.552419240657514 56.63442397965321 48.15565782185474 23.049736348039886 78.58250245922729 21.627692273207415
42.54089049138219 53.47092345348896 37.48256227767644 47.46589405129475 38.24101338840433 18.80358160962735 51.81923673009927 21.781467034248713 64.62310494585769 43.991807579284426 19.728578075118797 34.50430152779847 14.884927144268927 65.55229911004196 34.05938257821817 14.989549938503226 31.365538461159097 36.63051008937843 0.0 48.9426457969183 28.47016122940562 34.3909070397364 9.871807313272514 63.81834999211196 39.12996570178605 63.28915292989682 22.472051077577163 22.524370306550182 34.80124409975327 8.947722106672254 20.162094887059393 46.99360444637976 44.108934195132186 62.390184398815066 14.22703366604649 39.89145944372277 45.693662821932776 35.58788446000051 68.0226904615973 28.24432093797788 27.063740175810594 56.55394632581789 15.076591909089661 32.23008664989935 20.162094887059393 40.13054602840624 42.54586247758775 19.431753434334517
19.06173917238486 67.51746396372404 75.87323801331611 71.17467022080271 66.20025728786226 60.02196528454406 70.55538123030095 40.45469673475132 58.708714022049094 51.05470848905329 41.66299376308932 28.54373979282137 35.901050739047086 19.363708389760948 63.955899398131194 40.45183062656848 37.78147736385845 27.093968159161125 48.9426457969183 0.0 63.68057888709458 23.110876551866742 58.761600322412576 46.45557649525302 26.16915123118888 81.08002675648603 68.69372290639701 37.28945513648577 54.235599320764805 39.99709458930064 66.5963632083432 35.23411826493421 60.512683249560126 92.01770124748447 35.10864293450168 18.63946829852389 82.6276473426991 29.190099308943918 90.55344704701912 38.113702989603574 44.83938249228611 37.338623409589154 51.671564403688734 77.29204326612668 66.5963632083432 8.883138199523717 83.87509599141258 43.21417212579337
64.74094500014152 30.314523813683834 12.207647694686761 20.635084060679436 11.247359883589755 43.774608196835224 26.53830631579959 49.67091981219448 49.93455630956103 29.415420197780012 22.075227931249714 59.68307019704772 30.58618371738307 82.76410002632092 7.251986771408574 42.57666247632832 28.762241154463993 39.99166394271756 28.47016122940562 63.68057888709458 0.0 57.7005177288667 28.25627151350974 56.05453457155213 63.61357147594508 36.80261158854489 40.9741143352309 26.401598772533102 16.98649706321167 32.18986169183824 17.71030523585801 43.31021319746343 22.676479740536408 33.99976886306466 37.515201023828475 61.89628212636959 19.298501434596655 37.872680002487286 39.97554389164506 26.95753460851142 20.25480328558642 52.48884955757064 14.569292568790576 19.03324647211461 17.71030523585801 56.322418830004736 61.742103327837995 20.540884620150084
8.330735999820542 71.80731342924584 69.00809650958666 71.34074549045745 63.957983996343394 39.86770699991944 72.96930103813531 18.753941624293823 70.87831374761728 56.626699814608116 37.31104478137426 5.758395134260506 27.208211730895933 33.596259464972604 60.58125093300068 21.34757153531129 40.466888630715026 34.70199980177699 34.3909070397364 23.110876551866742 57.7005177288667 0.0 43.09742011979966 62.23978702033845 6.479169157180344 84.59558493256424 49.71693815102912 34.794680531762296 54.53280755118291 26.676463463572517 54.40059217295472 46.868857166925885 63.05715715674607 90.3983430226108 20.86091512757559 6.085609844185424 76.83133400025811 35.8016786979807 92.32784809442 38.976450895968824 43.886677953438586 52.8675756401606 43.38970248279856 66.30883542200023 54.40059217295472 16.378183916568364 62.23978702033851 38.56024651384636
51.384769701829136 56.696713210301475 34.368593333392525 48.70808739774353 39.23403635088906 15.578960249545158 54.02818290433994 27.916083305602125 70.89019429536731 49.68254628792453 27.09028695359325 42.41768606099824 24.471392200910977 75.06640363366436 35.006278318262225 22.235502552378158 39.07059183859634 45.67077388723991 9.871807313272514 58.761600322412576 28.25627151350974 43.09742011979966 0.0 71.6745954272631 47.24050397727813 64.88216156584392 14.482854293341282 30.732698119727946 38.96339885497943 18.798992123018582 14.211610059838872 55.23918865698478 47.713040718031145 60.691949614249495 23.815228390153248 48.844505482607694 42.45701721074471 44.43055735257336 68.1044697316866 35.95898680275268 33.29650168153868 64.95981786360996 18.68073363161744 25.883594440181092 14.211610059838872 49.92613181470365 35.64780520940071 26.35743465310297
62.78991271879149 37.542850752716355 65.63654763733592 48.30777408715476 50.089543168733016 82.05787900613517 43.34845116651066 71.26954459692469 15.698909763491619 27.065317837855066 44.58638220056754 67.76873349385629 50.337826206360546 61.20797500977984 51.069095151477484 66.63335721691907 32.61445605565856 29.389598825560935 63.81834999211196 46.45557649525302 56.05453457155213 62.23978702033845 71.6745954272631 0.0 67.91999512576625 48.87658088581714 85.91826127201269 41.29452689377067 39.14291562309282 57.86691686339664 70.01961110948626 17.12477773553887 37.18609157101363 67.38800592596934 57.50368423288725 61.03969358423874 68.36640646992352 29.460049987320172 59.77874454813189 35.737599662128666 39.15215137527992 9.416273099371418 54.31735532566803 75.03483207793117 70.01961110948626 47.372443658803085 106.36155008940827 45.35312068641739
7.563224769075048 78.28482897446098 74.710759463369 77.6995269554927 70.19185971804312 42.04721865698603 79.41415811206255 20.747654908682374 77.03905773884404 63.088825731887255 43.602953514562905 4.935080144910933 33.30591079683782 32.7891301836137 66.74212762951612 25.032102092341464 46.94209887083671 40.9284448876821 39.12996570178605 26.16915123118888 63.61357147594508 6.479169157180344 47.24050397727813 67.91999512576625 0.0 91.05453571629268 52.34073766663835 41.21291212249871 60.95125033587579 32.03295055481539 59.284191373595874 52.926538433298404 69.51929234515514 96.58068416129619 26.318344128911246 7.566083497315708 82.6278861184399 42.109747340424825 98.72073395026267 45.45283413045908 50.30402342558286 58.51300991701919 49.17900307096431 71.31261519343275 59.284191373595874 21.026346034493358 62.88556877889965 44.814603842567976
89.61394849227979 13.573830173489458 36.43676491264668 16.184180193668546 25.65372403990487 80.22498039651923 11.796810652650324 82.29637645656108 34.42610094064018 30.04087467600566 48.3385683720761 88.27198802335391 59.16421985191944 99.91358918419293 29.8758842802108 75.31905742212018 44.67979415162376 54.0693060307356 63.28915292989682 81.08002675648603 36.80261158854489 84.59558493256424 64.88216156584392 48.87658088581714 91.05453571629268 0.0 77.74713359859811 49.935202339249194 30.364908156222615 63.989697761943 54.0439291511034 47.72395740075755 21.54263254186027 21.09253176466721 67.91809020243697 86.9353834639335 32.93482320837747 52.0756993616301 10.902787454248912 45.710521532559376 40.90753232722851 51.89747477687208 48.2127259089517 50.334077924713476 54.0439291511034 76.72223726574713 98.30237274372543 47.4725314520424
57.94752267604812 70.48713024937804 44.37538298165827 61.603579407707535 52.208041532239044 10.642395428359452 67.37412207622664 31.594342639569092 85.37040646180068 64.1412041306074 41.36684590100439 47.41943235317228 37.22199770086925 83.12572165819107 48.08445136247348 28.66753146772479 53.309495421747364 59.09989326346671 22.472051077577163 68.69372290639701 40.9741143352309 49.71693815102912 14.482854293341282 85.91826127201269 52.34073766663835 77.74713359859811 0.0 44.73086888390901 53.21332923495616 30.363553363872786 24.038197498574977 69.28667886865257 61.72460569562548 71.02192533486603 33.97815789007531 55.78588491268449 51.83878503083622 58.0515836336342 79.8633356918859 50.182903306345054 47.770994238686534 78.92514341305542 33.09709748628485 32.60579052801698 24.038197498574977 59.8359905114303 21.2527901208206 40.72383680983521
40.52706432707702 37.542850752716355 38.60482584914578 36.63825326488301 29.901285370398494 40.94522218622793 38.23331652044409 34.27818882257297 43.071465863644995 24.018335378000657 4.737636476055883 38.337848695466334 10.439890274790036 56.44882050361129 27.09522309541793 28.037793120823956 9.018132893022168 15.655570734562296 22.524370306550182 37.28945513648577 26.401598772533102 34.794680531762296 30.732698119727946 41.29452689377067 41.21291212249871 49.935202339249194 44.73086888390901 0.0 19.739122324068788 17.46876071683089 32.53137935974619 24.557346515303674 28.47016122940562 56.36623550207991 19.260553694049253 37.7347736631979 45.38047717615413 14.046324826257598 57.54381837456052 6.023394732919525 9.092157053763147 34.23658581499936 15.986596504133727 41.4863238585128 32.53137935974619 30.191632742398838 65.06965793895418 6.237304855368341
60.066054546208704 18.86716202768399 26.889865538637306 17.175749174943654 12.714229736564695 53.107262189161304 18.587463004952117 52.22345505231474 33.43570605198256 12.460153556186773 17.998453042824757 57.99557419796319 28.816745585758085 73.5839366539019 12.269346127284543 45.37032660777059 16.467977554216585 27.74625423204211 34.80124409975327 54.235599320764805 16.98649706321167 54.53280755118291 38.96339885497943 39.14291562309282 60.95125033587579 30.364908156222615 53.21332923495616 19.739122324068788 0.0 34.02169953876902 32.735609363091505 27.632912403713757 9.429205595148469 37.78391558693433 37.62834346811529 57.308633531643935 31.110483168785994 25.52666245659971 37.83365223505436 16.408106419079477 10.64726034260173 36.210854918556464 20.404391092633567 36.01946366557099 32.735609363091505 48.43335047726731 74.46527595787899 17.21939604752154
34.5459796296646 52.85000218628181 42.79382476769197 48.91354910202998 40.309536279422005 24.405174836613693 52.23117969133048 18.314226943569054 60.539470516256884 41.05905916381715 16.48251239233733 27.768856129037516 7.529476564145214 56.80236783133691 36.41297121817711 11.353565612301894 26.428871872657936 29.42459892059097 8.947722106672254 39.99709458930064 32.18986169183824 26.676463463572517 18.798992123018582 57.86691686339664 32.03295055481539 63.989697761943 30.363553363872786 17.46876071683089 34.02169953876902 0.0 27.947429276878964 40.7731894484895 43.42806613836127 65.95595210388718 5.825743349472335 31.801564294993884 50.81891819954118 28.73106149621545 69.98946316914072 23.491578646503473 24.48566801978059 49.97670466431115 17.62485648307634 39.70242446127524 27.947429276878964 31.19458944058105 49.17852449592836 16.913104456860964
62.42962424012322 47.99040810458372 20.655145115702904 38.03893742396291 28.858368850065176 29.089481198974028 44.20161696655983 41.274748178368284 66.1501139581524 44.90979134850004 27.89683217943544 54.6654147619324 30.69532516998118 84.36265047017173 24.96201014387599 34.90459674209128 38.82667221945475 48.15565782185474 20.162094887059393 66.5963632083432 17.71030523585801 54.40059217295472 14.211610059838872 70.01961110948626 59.284191373595874 54.0439291511034 24.038197498574977 32.53137935974619 32.735609363091505 27.947429276878964 0.0 55.091606540268955 39.968466619483046 47.2929631065911 33.73331829084824 59.71437297242232 28.535996410659212 46.41811583063554 55.82531968565667 36.06604185181883 31.05291836501801 64.82512325416243 16.62994304699084 12.108616760519721 0.0 58.12619272886818 44.25844395972504 26.56922119232209
48.729003293483416 34.35006289140603 54.33764842967048 41.499528503581594 40.13049520238741 65.03552988879183 38.71211388763417 54.37794611353149 24.239361503671514 18.65573497338765 28.26687522612948 52.14574331138275 33.24435345022646 52.98687622553327 39.84458706203903 49.55829640592523 16.41385659432191 12.60263762599707 46.99360444637976 35.23411826493421 43.31021319746343 46.868857166925885 55.23918865698478 17.12477773553887 52.926538433298404 47.72395740075755 69.28667886865257 24.557346515303674 27.632912403713757 40.7731894484895 55.091606540268955 0.0 29.72158563792183 62.38748609685006 40.40973368054893 46.61460016253792 58.696873593338275 12.394181874185092 58.031188759423905 19.417736312829298 24.140519655814796 9.796558347598301 38.76014472320942 61.67268502709364 55.091606540268955 33.58432061899134 89.48041449771172 29.230257225830677
68.12120503914265 9.437973926414063 29.41786294729394 11.802839787716437 13.554172931075964 62.22136739048625 10.136476549383625 61.5885538936583 27.99424783101348 11.157656530808216 27.257105425578455 66.79586883024842 38.01973843183285 79.6663389848112 15.895971876990146 54.7698694039901 23.309615378478348 33.437290355928404 44.108934195132186 60.512683249560126 22.676479740536408 63.05715715674607 47.713040718031145 37.18609157101363 69.51929234515514 21.54263254186027 61.72460569562548 28.47016122940562 9.429205595148469 43.42806613836127 39.968466619483046 29.72158563792183 0.0 32.70411537016007 46.8968967243931 65.42636867248463 31.232313006594193 31.32262171357187 30.114897188204903 24.181489769995906 19.540085191182687 36.58506117123971 29.44162446124733 40.974297743793066 39.968466619483046 55.56776373623889 82.92507969705454 26.572077977155026
96.76254930981106 29.84529280176494 26.67060182256243 21.09909606066528 26.50795257844293 76.15486008995605 24.1939280831192 83.66068245157811 54.22721994962486 43.73939066733899 53.17806854535057 92.96735403319781 63.28181435292547 111.36006721849074 29.842058991340068 76.55792149444963 54.239226851704835 65.32647074333116 62.390184398815066 92.01770124748447 33.99976886306466 90.3983430226108 60.691949614249495 67.38800592596934 96.58068416129619 21.09253176466721 71.02192533486603 56.36623550207991 37.78391558693433 65.95595210388718 47.2929631065911 62.38748609685006 32.70411537016007 0.0 71.0181917844842 93.94021263157957 19.439084583917992 63.12829606073633 13.412354751408909 54.07401168436918 47.674256579019605 68.60151071260539 48.39260023282142 39.33698686429291 47.2929631065911 86.06809836751965 89.74602986771391 51.866548869112734
28.72523051718929 56.224032992466206 48.40549321316984 53.29265509981039 45.023785386858215 26.563318103392625 56.121684174604944 15.01822248756606 61.67617637950565 43.2780999791777 19.643743176177583 22.190308140479697 8.940966038291164 51.330028060662606 41.27777700803008 9.179402474408482 27.679185917500188 28.300898992008946 14.22703366604649 35.10864293450168 37.515201023828475 20.86091512757559 23.815228390153248 57.50368423288725 26.318344128911246 67.91809020243697 33.97815789007531 19.260553694049253 37.62834346811529 5.825743349472335 33.73331829084824 40.40973368054893 46.8968967243931 71.0181917844842 0.0 25.98882650748842 56.36511352986676 28.043993279275217 74.44036289360614 25.05077925157627 27.46665475469207 49.103710554833114 22.975704186830438 45.5238145578825 33.73331829084824 26.2325363400112 51.413803223786076 20.445603541556927
2.845226392315494 73.85342681658508 73.48059817416265 74.35376169688874 67.43300510963775 45.95292576299271 75.47731787548804 24.80207250494422 70.84149854717211 58.16039282020473 40.77820713325071 10.314199933169728 31.322206925846935 27.523303773333318 64.26408980718055 27.33376147556538 42.33965332728192 35.079590375681775 39.89145944372277 18.63946829852389 61.89628212636959 6.085609844185424 48.844505482607694 61.03969358423874 7.566083497315708 86.9353834639335 55.78588491268449 37.7347736631979 57.308633531643935 31.801564294993884 59.71437297242232 46.61460016253792 65.42636867248463 93.94021263157957 25.98882650748842 0.0 81.1493843453214 36.491917392215065 95.12573311633007 41.24951668797383 46.74032446969279 51.623747407481034 47.85692904621042 71.5007992091995 59.71437297242232 13.760774271494498 68.17732915560835 42.13320272108709
83.99251803884489 34.09853061653162 8.22323389400824 21.382934459353468 18.61591479167132 57.622607979769484 28.123292911634064 67.4438299047938 58.4781032405206 41.583157598158486 41.24264606424678 78.54661702175319 49.82719705223727 101.82917556179805 19.22618852049971 60.494085651595704 46.28348451270203 57.804343967258745 45.693662821932776 82.6276473426991 19.298501434596655 76.83133400025811 42.45701721074471 68.36640646992352 82.6278861184399 32.93482320837747 51.83878503083622 45.38047717615413 31.110483168785994 50.81891819954118 28.535996410659212 58.696873593338275 31.232313006594193 19.439084583917992 56.36511352986676 81.1493843453214 0.0 55.6050558051689 30.46220870858671 45.04655236378442 38.17165453839515 66.88124053347194 33.45516978795388 19.898877065331003 28.535996410659212 75.49017300473557 70.30890114327065 39.73058786788058
38.903658066763604 38.57250546720924 49.84807106180192 42.13598055469704 37.99522892150858 53.11900912560199 41.37513505984824 42.013934097752255 35.29885419621513 22.239583147941275 18.537751851937465 40.76251248330552 21.24999038579771 48.38476410298152 36.41297121817704 37.177088628655305 9.323866666296341 2.223398210972132 35.58788446000051 29.190099308943918 37.872680002487286 35.8016786979807 44.43055735257336 29.460049987320172 42.109747340424825 52.0756993616301 58.0515836336342 14.046324826257598 25.52666245659971 28.73106149621545 46.41811583063554 12.394181874185092 31.32262171357187 63.12829606073633 28.043993279275217 36.491917392215065 55.6050558051689 0.0 61.37948101723447 10.962256304746406 17.642535634240733 21.249990385797798 29.79171033095074 54.68646658190593 46.41811583063554 24.82931155223049 77.77904949855917 19.850876790264515
97.87061166988401 23.685514492284234 36.128601493187894 21.15326687195218 29.841840709519108 83.67465716060256 20.00699056080081 88.22586077297115 45.25024200026231 39.85319269354616 55.280573194422075 95.60289620697294 65.99445280492834 109.60550890657518 33.97273930621146 81.13420588210413 53.37165903639186 63.459498472262304 68.0226904615973 90.55344704701912 39.97554389164506 92.32784809442 68.1044697316866 59.77874454813189 98.72073395026267 10.902787454248912 79.8633356918859 57.54381837456052 37.83365223505436 69.98946316914072 55.82531968565667 58.031188759423905 30.114897188204903 13.412354751408909 74.44036289360614 95.12573311633007 30.46220870858671 61.37948101723447 0.0 53.98262673067772 48.45945542037968 62.63936685016735 53.15107329013794 49.816208347393015 55.82531968565667 85.66586650872006 99.60843102398809 54.213196924116666
43.95571958075856 32.83364452482046 39.00926740789406 33.578953888062976 28.087533876792396 46.82536233862323 34.23197751497469 40.04990777436636 37.048159307693 18.36762992757162 8.880938680759819 42.97967848610326 16.374048135330312 57.47465833756156 26.011839933496923 33.95850541799616 3.130202251639654 13.042787706473206 28.24432093797788 38.113702989603574 26.95753460851142 38.976450895968824 35.95898680275268 35.737599662128666 45.45283413045908 45.710521532559376 50.182903306345054 6.023394732919525 16.408106419079477 23.491578646503473 36.06604185181883 19.417736312829298 24.181489769995906 54.07401168436918 25.05077925157627 41.24951668797383 45.04655236378442 10.962256304746406 53.98262673067772 0.0 6.874899331676166 29.209296449381696 19.51510331451886 43.81962547739467 36.06604185181883 32.03306349273361 70.75318796157268 9.815642776391478
49.514800503469154 28.78084184693681 32.208985063948774 27.616867160146697 21.422450980150888 45.85510567025369 29.17345908764009 42.323823619595245 37.71285484137263 16.94738260135277 8.004234892816585 47.379122785327915 18.54219607288227 64.18251130387004 19.165683799949317 35.686849090436326 8.531337158417207 19.790090212742726 27.063740175810594 44.83938249228611 20.25480328558642 43.886677953438586 33.29650168153868 39.15215137527992 50.30402342558286 40.90753232722851 47.770994238686534 9.092157053763147 10.64726034260173 24.48566801978059 31.05291836501801 24.140519655814796 19.540085191182687 47.674256579019605 27.46665475469207 46.74032446969279 38.17165453839515 17.642535634240733 48.45945542037968 6.874899331676166 0.0 33.80867043554433 15.205876879577252 37.75281719233195 31.05291836501801 38.43081593725236 68.80837265921762 7.758290487844648
53.38431127553216 39.2675993774977 63.09895122602067 48.305904175640144 48.273809371771044 74.3499155928653 44.44864808839573 62.45915693883764 22.23992344780813 25.525721634068937 38.04497867539545 58.423339628993446 42.4800985439798 52.94473799867593 48.47515157171487 58.14048845092056 26.210100184915994 20.802936618928186 56.55394632581789 37.338623409589154 52.48884955757064 52.8675756401606 64.95981786360996 9.416273099371418 58.51300991701919 51.89747477687208 78.92514341305542 34.23658581499936 36.210854918556464 49.97670466431115 64.82512325416243 9.796558347598301 36.58506117123971 68.60151071260539 49.103710554833114 51.623747407481034 66.88124053347194 21.249990385797798 62.63936685016735 29.209296449381696 33.80867043554433 0.0 48.54475713352342 71.09625906772443 64.82512325416243 37.964409674056014 98.94149338883786 39.023774351464404
50.690818398800076 38.679750295128244 25.637984458218277 32.426357335962784 23.310621047955134 32.779747438843074 36.77164512861214 35.34675905497275 52.35360299409977 31.059277639775786 11.296941605607515 45.162481253293585 16.65686936929996 70.2321915232674 19.206651793117633 28.228997452354722 22.375279916990685 31.552419240657514 15.076591909089661 51.671564403688734 14.569292568790576 43.38970248279856 18.68073363161744 54.31735532566803 49.17900307096431 48.2127259089517 33.09709748628485 15.986596504133727 20.404391092633567 17.62485648307634 16.62994304699084 38.76014472320942 29.44162446124733 48.39260023282142 22.975704186830438 47.85692904621042 33.45516978795388 29.79171033095074 53.15107329013794 19.51510331451886 15.205876879577252 48.54475713352342 0.0 25.78474491770601 16.62994304699084 43.67037737606322 54.317355325668125 9.940897624896124
74.2482816229821 47.33365571990121 13.930719678207344 35.537231789533486 27.842655614815328 39.70784505868451 42.39577651510323 53.35167420076337 68.72514223020465 48.442916341347136 36.75093767709077 66.72855506255983 41.59729316863508 95.51949164475971 25.095642809848503 47.013204188863455 46.168557528987236 56.63442397965321 32.23008664989935 77.29204326612668 19.03324647211461 66.30883542200023 25.883594440181092 75.03483207793117 71.31261519343275 50.334077924713476 32.60579052801698 41.4863238585128 36.01946366557099 39.70242446127524 12.108616760519721 61.67268502709364 40.974297743793066 39.33698686429291 45.5238145578825 71.5007992091995 19.898877065331003 54.68646658190593 49.816208347393015 43.81962547739467 37.75281719233195 71.09625906772443 25.78474491770601 0.0 12.108616760519721 69.0650492632969 50.42260044221294 35.256861264372326
62.42962424012322 47.99040810458372 20.655145115702904 38.03893742396291 28.858368850065176 29.089481198974028 44.20161696655983 41.274748178368284 66.1501139581524 44.90979134850004 27.89683217943544 54.6654147619324 30.69532516998118 84.36265047017173 24.96201014387599 34.90459674209128 38.82667221945475 48.15565782185474 20.162094887059393 66.5963632083432 17.71030523585801 54.40059217295472 14.211610059838872 70.01961110948626 59.284191373595874 54.0439291511034 24.038197498574977 32.53137935974619 32.735609363091505 27.947429276878964 0.0 55.091606540268955 39.968466619483046 47.2929631065911 33.73331829084824 59.71437297242232 28.535996410659212 46.41811583063554 55.82531968565667 36.06604185181883 31.05291836501801 64.82512325416243 16.62994304699084 12.108616760519721 0.0 58.12619272886818 44.25844395972504 26.56922119232209
15.421482872674297 63.299097316265524 68.43568597179227 65.58681903462478 59.83159062601364 51.28317308318027 65.70257465919217 32.21727822040313 57.786858743224876 47.057247214158465 34.25824787902366 22.12361781820013 27.49288928528684 26.56804027384233 57.247180941082796 31.72104590397382 32.304806446283216 23.049736348039886 40.13054602840624 8.883138199523717 56.322418830004736 16.378183916568364 49.92613181470365 47.372443658803085 21.026346034493358 76.72223726574713 59.8359905114303 30.191632742398838 48.43335047726731 31.19458944058105 58.12619272886818 33.58432061899134 55.56776373623889 86.06809836751965 26.2325363400112 13.760774271494498 75.49017300473557 24.82931155223049 85.66586650872006 32.03306349273361 38.43081593725236 37.964409674056014 43.67037737606322 69.0650492632969 58.12619272886818 0.0 75.34279470237584 35.784261911886574
