0.0 62.78945696514973 54.97306676968371 20.148985299874873 43.186378163804726 32.076071663651916 22.39583137738243 16.150573587811635 62.155894543885 13.47472234713443 33.08839234529032 51.80834130075816 44.17404928869627 49.315185988372704 11.54678711294802 35.714371332471366 63.80849392154179 57.80335771985016 9.07834988655518 28.999366894900955 19.291528673820807 29.20893927618939 41.296969380778016 40.40260565232178 9.461720241867118 37.37628003613195 17.213947857117812 40.207266271483164 43.86072332486068 31.622862663413798 37.14194490151998 21.77740270381933 51.6708198571462 13.813421000299785 49.49856533943383 54.01474434275499 16.44322644345631 5.410854395811895 43.4977632972217 31.204256945940386 6724.270865686677 6804.096149594924 6745.975638497878
62.78945696514973 0.0 12.638411657028447 43.79559404637286 55.16724908410991 77.6868786340746 40.647248771693036 72.56274953925438 5.322483900132518 49.32719420434253 79.66408188364257 16.89388591935836 27.141865281773157 20.474531714655832 51.825299044129856 77.19106475670424 7.827776251074585 8.68358789244518 55.18001552892621 33.83420018374332 44.78780189061757 33.83772898050593 43.78861741405638 50.093236783394474 53.64685439616286 93.60280054591303 47.26964125699078 93.55628903310622 21.85883727098597 81.17384836102256 90.01098954469606 59.89597177206634 29.473982818014957 62.01377216393065 23.173804722610754 10.179027145866911 46.82850661350398 58.54628922187052 65.5504172539482 51.15329807014857 6664.637471923723 6744.708196935348 6686.510197966975
54.97306676968371 12.638411657028447 0.0 37.87242797770048 56.47765220739521 74.44438211307192 34.12106062413626 62.80582528430198 8.720589893857294 41.878989945708646 76.34222991844267 4.364509357831664 14.877515969431608 8.000251145307034 44.907742505322965 74.75881517894466 9.255525302830113 4.040772020024326 48.4200679131681 26.476968265362583 38.85873119097966 25.92495980476667 31.25324042970513 51.0394920713972 45.540166235228725 88.57751892299666 41.32691993368666 89.28345263527609 11.279911790987638 77.30488762229419 85.74956539759046 56.2580354830245 17.025986129686363 56.717776413871846 10.542819869308532 4.495581515243224 38.548374500114704 50.21667909274952 66.03038195674065 39.28487106470181 6675.7127106782755 6755.857193557428 6697.636461558767
20.148985299874873 43.79559404637286 37.87242797770048 0.0 31.663537657310428 37.630059911133394 4.087001037508632 33.88793365333133 43.94208529865533 7.784355837189117 39.399536137282254 35.57220459030763 30.823841877799893 33.97051218650366 8.602849420175318 38.92195804032806 45.97515197343453 40.02088221498071 11.589684336754587 11.769255069426581 0.99868962312994 12.871341884924156 35.82034090193433 27.06656097744805 12.84617752994746 50.7051210322376 3.4954135615819437 51.555203320599986 27.761213942407696 39.887548317725326 48.04270165351111 19.799907378419903 39.685247960596755 18.853484469122357 35.17605397229047 35.980095811928585 9.590161553343856 17.431744390355924 36.827177776164056 30.888283186529492 6704.134717835641 6783.970333759324 6725.846267042368
43.186378163804726 55.16724908410991 56.47765220739521 31.663537657310428 0.0 31.11064904008009 34.45414696091387 59.33539099162611 58.243684750553975 37.62605601983359 32.941029643147886 56.45633843644194 56.72620060108287 56.69978577289536 35.5914500780204 27.974017545532327 61.06561786217387 56.43921838645808 35.48661099952953 38.95718234384415 31.52026988397256 40.61126953102312 66.29170483188071 5.511944791780192 41.44106676818635 50.60203480148949 31.30012230699104 47.82190022615763 50.74608924887699 36.10953114272075 44.75268115371416 22.50528971975744 65.63521857482947 30.704238804108236 59.13307302790426 52.62480152075633 40.99833070555666 44.0957014520738 10.787986424136653 62.532065906319424 6691.79558112179 6771.272985370635 6713.261147713227
32.076071663651916 77.6868786340746 74.44438211307192 37.630059911133394 31.11064904008009 0.0 41.71228649667052 44.696503561020165 79.16206244802241 37.50756196778429 2.0070972153260276 72.7016535625527 68.4321840123904 71.42518297600493 33.856612783829725 5.001299420293858 81.58794535517148 75.92100081163849 30.92902215353984 49.32948208895101 36.75427829125555 50.49880084069223 70.80016868126371 32.90689861744922 37.595654075924344 19.52651931222706 34.594582252406234 16.96086228772193 65.13014928658247 5.11942236031697 13.710516592326135 18.193161389487027 77.20885574978661 20.38694712639957 72.77855089185636 71.79036883547566 42.22436453500195 36.497835932967035 23.363313274309156 62.25901682371948 6722.705819727111 6802.1373310934 6744.140472042752
22.39583137738243 40.647248771693036 34.12106062413626 4.087001037508632 34.45414696091387 41.71228649667052 0.0 34.825513175362914 40.490656519858156 9.03641324803328 43.475986937950665 31.670950215696877 26.736841007202027 29.967963850325816 11.178922655611405 42.99843948018548 42.419759109513194 36.432382556733174 14.55664526909098 7.778105536682368 4.967700919959577 8.8007974131682 32.26770021532255 29.571876455808923 13.951600437917078 54.51533377356999 7.303171597646235 55.50363939218734 23.80201273948509 43.92134883408579 52.0019222532602 23.87561117557299 35.60491289503142 22.73573857549542 31.114979165269098 32.44536518302739 8.669973278267898 18.860211707103762 40.29346632339822 28.24253550891304 6702.307107985261 6782.18770875993 6724.049557360918
16.150573587811635 72.56274953925438 62.80582528430198 33.88793365333133 59.33539099162611 44.696503561020165 34.825513175362914 0.0 70.90239171482625 26.15876693540201 45.20578680939961 58.992631235919355 49.58777657438239 55.879973477693234 25.9205917068056 49.050577232207786 72.03178867761379 66.22336488993679 24.553509804958825 39.49169560413908 33.2386741090981 39.08490701474355 40.97890413601323 56.49817712200094 21.067382671143886 43.59948845737298 31.69416166205145 48.00343429739906 51.57787423865718 42.78951392340378 45.68001019925628 37.654466375226576 55.16085207254298 29.415267564529504 55.15923262459112 62.903726314681236 26.63450481786503 16.559583232844975 59.23346326721936 29.13682903280439 6736.605726261352 6816.557616554491 6758.39777152873
62.155894543885 5.322483900132518 8.720589893857294 43.94208529865533 58.243684750553975 79.16206244802241 40.490656519858156 70.90239171482625 0.0 48.810419940565225 81.11292352645187 13.07451954706066 23.597596400216617 16.705479725782396 51.577132036804784 78.98920364807502 2.912026678681483 4.792332296695665 55.02504718096946 33.20943761492148 44.94075691344059 32.95136891732019 39.84638266239828 53.01140780285367 52.82895730277453 94.36342792313539 47.437432329387505 94.6429527293269 19.406953112240597 82.40100079522537 91.0948538695932 61.13677217783213 24.804686951686477 62.558701367462476 19.05746404976894 8.144449166663772 45.88507351631814 57.63570820044932 68.38997670056831 47.99360296184808 6667.100121456719 6747.228498215838 6689.0126276434885
13.47472234713443 49.32719420434253 41.878989945708646 7.784355837189117 37.62605601983359 37.50756196778429 9.03641324803328 26.15876693540201 48.810419940565225 0.0 39.049667124074055 38.95800025374467 32.30623058331516 36.74729177209573 3.666522783026265 39.745429641220824 50.55368342299958 44.54201903087468 7.003177692457567 15.60214855672258 7.2547133009654745 15.961495202018323 33.413774068534515 33.518460302383 5.0914127021682365 47.81334688515067 6.436584299395882 49.508363438600526 30.96980913615155 38.79624125828241 46.11523819771841 21.37022188323012 40.55153440622581 17.225322497319628 37.32326253248831 40.683756165775634 4.719527968883351 9.873619609787712 41.243337522023786 26.23153484067468 6711.319330294194 6791.1911524304605 6733.055888220738
33.08839234529032 79.66408188364257 76.34222991844267 39.399536137282254 32.941029643147886 2.0070972153260276 43.475986937950665 45.20578680939961 81.11292352645187 39.049667124074055 0.0 74.56177834535445 70.17443917893749 73.2482036358799 35.38904574123441 5.9242711358710745 83.52903381135717 77.84875002546771 32.383900867430484 51.123273140509916 38.511949257136 52.27086964808189 72.25909811891401 34.84398346467765 38.95357780011211 17.804360634991845 36.318816094683086 15.009744221407134 66.96201039472999 3.7594530738279697 11.819141786172938 20.084295075788567 78.91879332919028 21.85928294654865 74.56696740914036 73.71801448269198 43.75899073090488 37.65633920854872 24.91340206763369 63.53910689316804 6724.417774785311 6803.83623044173 6745.843518774141
51.80834130075816 16.89388591935836 4.364509357831664 35.57220459030763 56.45633843644194 72.7016535625527 31.670950215696877 58.992631235919355 13.07451954706066 38.95800025374467 74.56177834535445 0.0 10.528857580156044 3.635743070098594 42.14034805500813 73.28999659906857 13.37761656018455 8.397004428475263 45.67041515952688 23.90762854036058 36.538025972517204 23.14318165270361 26.918380992037278 50.9631220875751 42.34787446938603 86.17400062554381 38.95955295923674 87.12539223193977 7.988222769403298 75.33445932277066 83.60903757810296 54.5198549546702 13.331156818697654 54.39954531506677 6.337921242083217 7.567878148202704 35.36842142181582 46.911444891065464 65.6264633093416 34.9704081709103 6679.949271633033 6760.106270889578 6701.881722679505
44.17404928869627 27.141865281773157 14.877515969431608 30.823841877799893 56.72620060108287 68.4321840123904 26.736841007202027 49.58777657438239 23.597596400216617 32.30623058331516 70.17443917893749 10.528857580156044 0.0 6.922209938057565 35.813336435739004 69.69651839955253 23.816411892679536 18.877394338573488 39.2894862491701 19.344763448915657 31.68178987073326 18.012750696462813 16.82764608317864 51.24976595071568 34.824961513201686 80.11928778859051 33.8598816208039 81.67239295743585 7.418564541290607 70.46235823429772 78.22903123491551 50.58327702299765 9.063082900766474 48.963353715373856 5.571684070320371 17.154736961641596 28.098398593874613 38.977692073579775 64.77777546819313 24.468061854318467 6690.373284393361 6770.547620384937 6712.317860658799
49.315185988372704 20.474531714655832 8.000251145307034 33.97051218650366 56.69978577289536 71.42518297600493 29.967963850325816 55.879973477693234 16.705479725782396 36.74729177209573 73.2482036358799 3.635743070098594 6.922209938057565 0.0 40.05622318595779 72.2491433913066 16.903697636974165 12.030555800270342 43.58507089218357 22.20337792163655 34.908742388666845 21.240158546231854 23.3151888000756 51.18845710536763 39.86175939458501 84.29567872732996 37.267693891850534 85.46005047353844 6.333656290936348 73.85380875551908 81.96451423461461 53.30591185047647 10.644471853857763 52.67069868219283 3.1793848034094525 10.828971645692576 32.93048758038595 44.3013048449341 65.51458730989464 31.387662011180325 6683.477510861974 6763.6449763910305 6705.4172375811495
11.54678711294802 51.825299044129856 44.907742505322965 8.602849420175318 35.5914500780204 33.856612783829725 11.178922655611405 25.9205917068056 51.577132036804784 3.666522783026265 35.38904574123441 42.14034805500813 35.813336435739004 40.05622318595779 0.0 36.16215181897632 53.425571952148736 47.41991770596769 3.531638344004934 18.454566483090883 7.74994795211274 19.015823303535306 37.01124761225897 31.836471918724346 5.850139479174036 44.33163595434862 5.823268215236008 45.91413597461568 34.16099833656109 35.13335565209372 42.50590971926056 18.025456977135278 44.1454528806125 13.558894446316287 40.748564729754364 43.48930390290633 8.370282487030538 9.380933636555485 38.468208371918 29.459238632090894 6712.728847529867 6792.5590661719725 6734.4368257624865
35.714371332471366 77.19106475670424 74.75881517894466 38.92195804032806 27.974017545532327 5.001299420293858 42.99843948018548 49.050577232207786 78.98920364807502 39.745429641220824 5.9242711358710745 73.28999659906857 69.69651839955253 72.2491433913066 36.16215181897632 0.0 81.51063448589511 75.9825803492558 33.515422106329375 50.406833444201716 38.114319746416534 51.68511950001882 73.15919034469958 30.458487957731517 40.398587581392114 23.429399866132833 36.1377676797039 19.95690149556593 65.92018849097508 9.677607242401772 17.114994904866254 19.122836662256084 78.60273507862844 23.10129792244763 73.7942205008201 71.86339885653682 44.45151483513796 39.80205547167371 19.27513763681582 65.15481449065832 6718.93039306035 6798.321705919292 6740.337471612492
63.80849392154179 7.827776251074585 9.255525302830113 45.97515197343453 61.06561786217387 81.58794535517148 42.419759109513194 72.03178867761379 2.912026678681483 50.55368342299958 83.52903381135717 13.37761656018455 23.816411892679536 16.903697636974165 53.425571952148736 81.51063448589511 0.0 6.011674253023114 56.90211051377304 34.9882263689514 46.972496780993744 34.61694992364481 39.577180808726034 55.81065459310326 54.42344130405907 96.53727431605581 49.4660384253939 96.93105430175413 20.45974298737631 84.74544235763602 93.3845750175021 63.510083481638254 23.9355229414727 64.69161559968165 18.87660924072892 9.99594190359074 47.44765022342786 59.17249949909438 71.1656724170713 48.283450477064385 6666.579214972565 6746.742717632365 6688.515937553544
57.80335771985016 8.68358789244518 4.040772020024326 40.02088221498071 56.43921838645808 75.92100081163849 36.432382556733174 66.22336488993679 4.792332296695665 44.54201903087468 77.84875002546771 8.397004428475263 18.877394338573488 12.030555800270342 47.41991770596769 75.9825803492558 6.011674253023114 0.0 50.90002927345781 28.978595362831996 41.01706239684807 28.60719067019893 35.29334122364256 51.08405815193429 48.42594484728657 90.63623625945196 43.507938124987895 91.1128461493248 14.669754164825973 78.98413136343363 87.56879846963972 57.79298572841728 20.807354442967974 58.77605774007133 14.562600406168862 4.130735845181938 41.45494877008742 53.1877828084904 66.3021681969439 43.22755447519006 6671.892163853465 6752.020826779149 6693.804944304891
9.07834988655518 55.18001552892621 48.4200679131681 11.589684336754587 35.48661099952953 30.92902215353984 14.55664526909098 24.553509804958825 55.02504718096946 7.003177692457567 32.383900867430484 45.67041515952688 39.2894862491701 43.58507089218357 3.531638344004934 33.515422106329375 56.90211051377304 50.90002927345781 0.0 21.953931292655092 10.648793868944349 22.541386207415524 39.877613321060856 32.173928785980976 7.026874656362563 40.834939049997935 8.354949733492575 42.51089501410143 37.691921857963685 31.9408863337923 39.1264986012012 16.159625323213522 47.55342340007092 10.54218656151201 44.25748290681882 46.95234685036591 11.548022586854477 8.60912587451761 37.36624268119964 31.695833695166485 6715.408721796634 6795.210526720961 6737.097216024103
28.999366894900955 33.83420018374332 26.476968265362583 11.769255069426581 38.95718234384415 49.32948208895101 7.778105536682368 39.49169560413908 33.20943761492148 15.60214855672258 51.123273140509916 23.90762854036058 19.344763448915657 22.20337792163655 18.454566483090883 50.406833444201716 34.9882263689514 28.978595362831996 21.953931292655092 0.0 12.705463550372695 1.6660699171573539 27.52363904621064 33.678373445940686 19.815091690933496 62.26674244767109 15.080763751953166 63.28083967428482 16.023976731216273 51.656629761666984 59.7775659742252 31.324978748714475 28.3525995622238 30.512601203574203 23.44980903468679 25.08781888251005 13.083092738481914 24.729244336029044 46.05845216256821 26.34746541163913 6697.114721078216 6777.066709819564 6718.906199959577
19.291528673820807 44.78780189061757 38.85873119097966 0.99868962312994 31.52026988397256 36.75427829125555 4.967700919959577 33.2386741090981 44.94075691344059 7.2547133009654745 38.511949257136 36.538025972517204 31.68178987073326 34.908742388666845 7.74994795211274 38.114319746416534 46.972496780993744 41.01706239684807 10.648793868944349 12.705463550372695 0.0 13.768472187841702 36.341188980527185 27.02941736957138 12.251705807801306 49.71966735967538 2.496724018033931 50.594670831958574 28.712708834311094 38.960454876823874 47.08507172385852 19.000532335348094 40.51345819388297 17.874907303751172 36.08217866667715 36.97761003388087 9.538154410228358 16.733424303819984 36.41496916182997 31.111658122188643 6704.980245428943 6784.809275375405 6726.687281291957
29.20893927618939 33.83772898050593 25.92495980476667 12.871341884924156 40.61126953102312 50.49880084069223 8.8007974131682 39.08490701474355 32.95136891732019 15.961495202018323 52.27086964808189 23.14318165270361 18.012750696462813 21.240158546231854 19.015823303535306 51.68511950001882 34.61694992364481 28.60719067019893 22.541386207415524 1.6660699171573539 13.768472187841702 0.0 25.85840134108812 35.339523201068374 19.88958120937761 63.08439057519536 16.063392115023337 64.22702073278734 15.184299662305618 52.714641071736075 60.737045591912455 32.57654887014924 26.969999890995023 31.43403439166837 22.314957261991985 24.808188209083895 12.998175046515076 24.74121584012115 47.64556250432628 24.876620074509006 6697.545147748084 6777.516824701679 6719.350185054728
41.296969380778016 43.78861741405638 31.25324042970513 35.82034090193433 66.29170483188071 70.80016868126371 32.26770021532255 40.97890413601323 39.84638266239828 33.413774068534515 72.25909811891401 26.918380992037278 16.82764608317864 23.3151888000756 37.01124761225897 73.15919034469958 39.577180808726034 35.29334122364256 39.877613321060856 27.52363904621064 36.341188980527185 25.85840134108812 0.0 61.11142468543846 33.463048015408646 78.67129488061455 37.72664044053281 81.3623203373032 23.63201865715272 71.66266894854833 78.17508774879623 54.57132818586001 16.69087379592786 50.41579788839247 20.79061078338033 33.943648130491525 28.71228627876443 35.93525747493967 72.55866282548486 11.897249959759208 6705.065808357598 6785.339104745482 6727.078920430859
40.40260565232178 50.093236783394474 51.0394920713972 27.06656097744805 5.511944791780192 32.90689861744922 29.571876455808923 56.49817712200094 53.01140780285367 33.518460302383 34.84398346467765 50.9631220875751 51.24976595071568 51.18845710536763 31.836471918724346 30.458487957731517 55.81065459310326 51.08405815193429 32.173928785980976 33.678373445940686 27.02941736957138 35.339523201068374 61.11142468543846 0.0 37.659114742980876 52.08220739493816 27.09901987042116 49.853579188372954 45.23624689450492 37.67920320386545 46.60844724527157 21.16694914472473 60.14283182511696 28.883369272903323 53.622485950527675 47.233165731146265 36.56635092391771 40.72808380979767 15.463520572815211 57.783417084181565 6691.052045007318 6770.59697842709 6712.563864551321
9.461720241867118 53.64685439616286 45.540166235228725 12.84617752994746 41.44106676818635 37.595654075924344 13.951600437917078 21.067382671143886 52.82895730277453 5.0914127021682365 38.95357780011211 42.34787446938603 34.824961513201686 39.86175939458501 5.850139479174036 40.398587581392114 54.42344130405907 48.42594484728657 7.026874656362563 19.815091690933496 12.251705807801306 19.88958120937761 33.463048015408646 37.659114742980876 0.0 45.853706576500386 11.023051100559018 48.10221995023253 34.405022152512196 38.211673361070055 44.835648447021 23.148852918053738 42.54983036407062 17.308574885458093 40.09747849154377 44.684515521213484 6.992402996015187 4.956637559634271 44.096431686759715 24.75644741658042 6716.2445273795975 6796.131788999951 6737.991782493042
37.37628003613195 93.60280054591303 88.57751892299666 50.7051210322376 50.60203480148949 19.52651931222706 54.51533377356999 43.59948845737298 94.36342792313539 47.81334688515067 17.804360634991845 86.17400062554381 80.11928778859051 84.29567872732996 44.33163595434862 23.429399866132833 96.53727431605581 90.63623625945196 40.834939049997935 62.26674244767109 49.71966735967538 63.08439057519536 78.67129488061455 52.08220739493816 45.853706576500386 0.0 47.25866807353042 5.850353203225388 78.25734221453936 14.493250186678353 6.643290042929265 34.19580284747451 88.25843723461607 31.869273748175697 85.07721056213903 86.55279703764374 52.13990691249015 42.757696280614326 42.67122718728483 68.2743786418851 6742.21908935206 6821.6402521639775 6763.646978404882
17.213947857117812 47.26964125699078 41.32691993368666 3.4954135615819437 31.30012230699104 34.594582252406234 7.303171597646235 31.69416166205145 47.437432329387505 6.436584299395882 36.318816094683086 38.95955295923674 33.8598816208039 37.267693891850534 5.823268215236008 36.1377676797039 49.4660384253939 43.507938124987895 8.354949733492575 15.080763751953166 2.496724018033931 16.063392115023337 37.72664044053281 27.09901987042116 11.023051100559018 47.25866807353042 0.0 48.200467997556956 31.10406890854951 36.65965138674506 44.69921595558695 17.09486691212787 42.615348693097665 15.440017383086808 38.36714015253313 39.471602493067316 9.858699002238048 15.134735458691129 35.48771691165411 31.799592901645887 6707.09480222158 6786.907380457298 6728.7905652105555
40.207266271483164 93.55628903310622 89.28345263527609 51.555203320599986 47.82190022615763 16.96086228772193 55.50363939218734 48.00343429739906 94.6429527293269 49.508363438600526 15.009744221407134 87.12539223193977 81.67239295743585 85.46005047353844 45.91413597461568 19.95690149556593 96.93105430175413 91.1128461493248 42.51089501410143 63.28083967428482 50.594670831958574 64.22702073278734 81.3623203373032 49.853579188372954 48.10221995023253 5.850353203225388 48.200467997556956 0.0 79.30239990657424 12.543945261483847 3.54845932537699 33.6776895276659 90.0568104650108 32.79424978118448 86.44603683201856 86.99729857809422 54.01532963455216 45.47685471704169 39.13763093504777 71.38232244411445 6738.770340419124 6818.133517025793 6760.1584960558375
43.86072332486068 21.85883727098597 11.279911790987638 27.761213942407696 50.74608924887699 65.13014928658247 23.80201273948509 51.57787423865718 19.406953112240597 30.96980913615155 66.96201039472999 7.988222769403298 7.418564541290607 6.333656290936348 34.16099833656109 65.92018849097508 20.45974298737631 14.669754164825973 37.691921857963685 16.023976731216273 28.712708834311094 15.184299662305618 23.63201865715272 45.23624689450492 34.405022152512196 78.25734221453936 31.10406890854951 79.30239990657424 0.0 67.61709923230542 75.79636750647036 46.99463495990844 15.218559654025198 46.53602295978305 8.391350987617983 11.71419664560224 27.417498108604892 39.01660507523496 59.35969275303268 29.44136682916935 6686.365776607427 6766.464091182353 6708.257866747738
31.622862663413798 81.17384836102256 77.30488762229419 39.887548317725326 36.10953114272075 5.11942236031697 43.92134883408579 42.78951392340378 82.40100079522537 38.79624125828241 3.7594530738279697 75.33445932277066 70.46235823429772 73.85380875551908 35.13335565209372 9.677607242401772 84.74544235763602 78.98413136343363 31.9408863337923 51.656629761666984 38.960454876823874 52.714641071736075 71.66266894854833 37.67920320386545 38.211673361070055 14.493250186678353 36.65965138674506 12.543945261483847 67.61709923230542 0.0 9.08496398060346 21.286277531159076 79.07570237165082 21.60771914696744 75.02579683591887 74.85802253432628 43.457865485275825 36.46140227795509 28.478513485924875 62.51462966010837 6727.787758577065 6807.226509899267 6749.227450520063
37.14194490151998 90.01098954469606 85.74956539759046 48.04270165351111 44.75268115371416 13.710516592326135 52.0019222532602 45.68001019925628 91.0948538695932 46.11523819771841 11.819141786172938 83.60903757810296 78.22903123491551 81.96451423461461 42.50590971926056 17.114994904866254 93.3845750175021 87.56879846963972 39.1264986012012 59.7775659742252 47.08507172385852 60.737045591912455 78.17508774879623 46.60844724527157 44.835648447021 6.643290042929265 44.69921595558695 3.54845932537699 75.79636750647036 9.08496398060346 0.0 30.13815359496455 86.65088442530102 29.31207231535256 82.9746363066683 83.45256993343713 50.65151327403083 42.355032235803854 36.38757372132802 68.34510079116478 6736.045012731089 6815.436420999324 6757.452438114941
21.77740270381933 59.89597177206634 56.2580354830245 19.799907378419903 22.50528971975744 18.193161389487027 23.87561117557299 37.654466375226576 61.13677217783213 21.37022188323012 20.084295075788567 54.5198549546702 50.58327702299765 53.30591185047647 18.025456977135278 19.122836662256084 63.510083481638254 57.79298572841728 16.159625323213522 31.324978748714475 19.000532335348094 32.57654887014924 54.57132818586001 21.16694914472473 23.148852918053738 34.19580284747451 17.09486691212787 33.6776895276659 46.99463495990844 21.286277531159076 30.13815359496455 0.0 59.48013237838078 8.332921396159458 54.75312595505316 53.66284283461322 25.95771666756856 24.100175513260783 21.73160378300549 47.484675075535314 6711.532407131796 6791.141714062528 6733.088694795989
51.6708198571462 29.473982818014957 17.025986129686363 39.685247960596755 65.63521857482947 77.20885574978661 35.60491289503142 55.16085207254298 24.804686951686477 40.55153440622581 78.91879332919028 13.331156818697654 9.063082900766474 10.644471853857763 44.1454528806125 78.60273507862844 23.9355229414727 20.807354442967974 47.55342340007092 28.3525995622238 40.51345819388297 26.969999890995023 16.69087379592786 60.14283182511696 42.54983036407062 88.25843723461607 42.615348693097665 90.0568104650108 15.218559654025198 79.07570237165082 86.65088442530102 59.48013237838078 0.0 57.49918376787684 7.484817795927648 20.880664925915106 36.12205701714253 46.335425145326525 73.81525743735595 27.453190354766246 6688.387432494534 6768.669836665034 6710.406569702025
13.813421000299785 62.01377216393065 56.717776413871846 18.853484469122357 30.704238804108236 20.38694712639957 22.73573857549542 29.415267564529504 62.558701367462476 17.225322497319628 21.85928294654865 54.39954531506677 48.963353715373856 52.67069868219283 13.558894446316287 23.10129792244763 64.69161559968165 58.77605774007133 10.54218656151201 30.512601203574203 17.874907303751172 31.43403439166837 50.41579788839247 28.883369272903323 17.308574885458093 31.869273748175697 15.440017383086808 32.79424978118448 46.53602295978305 21.60771914696744 29.31207231535256 8.332921396159458 57.49918376787684 0.0 53.664112683266595 54.700933154843256 21.919392582943964 16.98633186518798 29.826632477190515 42.05958795751449 6717.848622773413 6797.524312863294 6739.450553565006
49.49856533943383 23.173804722610754 10.542819869308532 35.17605397229047 59.13307302790426 72.77855089185636 31.114979165269098 55.15923262459112 19.05746404976894 37.32326253248831 74.56696740914036 6.337921242083217 5.571684070320371 3.1793848034094525 40.748564729754364 73.7942205008201 18.87660924072892 14.562600406168862 44.25748290681882 23.44980903468679 36.08217866667715 22.314957261991985 20.79061078338033 53.622485950527675 40.09747849154377 85.07721056213903 38.36714015253313 86.44603683201856 8.391350987617983 75.02579683591887 82.9746363066683 54.75312595505316 7.484817795927648 53.664112683266595 0.0 13.834081765628465 33.272684726224064 44.3582128852391 67.72537229020381 29.610939981518555 6685.199917190997 6765.399909137362 6707.162111903042
54.01474434275499 10.179027145866911 4.495581515243224 35.980095811928585 52.62480152075633 71.79036883547566 32.44536518302739 62.903726314681236 8.144449166663772 40.683756165775634 73.71801448269198 7.567878148202704 17.154736961641596 10.828971645692576 43.48930390290633 71.86339885653682 9.99594190359074 4.130735845181938 46.95234685036591 25.08781888251005 36.97761003388087 24.808188209083895 33.943648130491525 47.233165731146265 44.684515521213484 86.55279703764374 39.471602493067316 86.99729857809422 11.71419664560224 74.85802253432628 83.45256993343713 53.66284283461322 20.880664925915106 54.700933154843256 13.834081765628465 0.0 37.74221781091739 49.49380307219458 62.378567112887715 40.97915857614356 6674.670613358645 6754.761632500888 6696.557487224205
16.44322644345631 46.82850661350398 38.548374500114704 9.590161553343856 40.99833070555666 42.22436453500195 8.669973278267898 26.63450481786503 45.88507351631814 4.719527968883351 43.75899073090488 35.36842142181582 28.098398593874613 32.93048758038595 8.370282487030538 44.45151483513796 47.44765022342786 41.45494877008742 11.548022586854477 13.083092738481914 9.538154410228358 12.998175046515076 28.71228627876443 36.56635092391771 6.992402996015187 52.13990691249015 9.858699002238048 54.01532963455216 27.417498108604892 43.457865485275825 50.65151327403083 25.95771666756856 36.12205701714253 21.919392582943964 33.272684726224064 37.74221781091739 0.0 11.75370252742612 45.313530345629296 21.967800111130668 6710.057807934757 6789.9854408984775 6731.832735014232
5.410854395811895 58.54628922187052 50.21667909274952 17.431744390355924 44.0957014520738 36.497835932967035 18.860211707103762 16.559583232844975 57.63570820044932 9.873619609787712 37.65633920854872 46.911444891065464 38.977692073579775 44.3013048449341 9.380933636555485 39.80205547167371 59.17249949909438 53.1877828084904 8.60912587451761 24.729244336029044 16.733424303819984 24.74121584012115 35.93525747493967 40.72808380979767 4.956637559634271 42.757696280614326 15.134735458691129 45.47685471704169 39.01660507523496 36.46140227795509 42.355032235803854 24.100175513260783 46.335425145326525 16.98633186518798 44.3582128852391 49.49380307219458 11.75370252742612 0.0 45.67012335443478 26.086945585253837 6721.16725193028 6801.047056109782 6742.9094576287625
43.4977632972217 65.5504172539482 66.03038195674065 36.827177776164056 10.787986424136653 23.363313274309156 40.29346632339822 59.23346326721936 68.38997670056831 41.243337522023786 24.91340206763369 65.6264633093416 64.77777546819313 65.51458730989464 38.468208371918 19.27513763681582 71.1656724170713 66.3021681969439 37.36624268119964 46.05845216256821 36.41496916182997 47.64556250432628 72.55866282548486 15.463520572815211 44.096431686759715 42.67122718728483 35.48771691165411 39.13763093504777 59.35969275303268 28.478513485924875 36.38757372132802 21.73160378300549 73.81525743735595 29.826632477190515 67.72537229020381 62.378567112887715 45.313530345629296 45.67012335443478 0.0 67.27927828955154 6699.664168877868 6779.049708923507 6721.066979429995
31.204256945940386 51.15329807014857 39.28487106470181 30.888283186529492 62.532065906319424 62.25901682371948 28.24253550891304 29.13682903280439 47.99360296184808 26.23153484067468 63.53910689316804 34.9704081709103 24.468061854318467 31.387662011180325 29.459238632090894 65.15481449065832 48.283450477064385 43.22755447519006 31.695833695166485 26.34746541163913 31.111658122188643 24.876620074509006 11.897249959759208 57.783417084181565 24.75644741658042 68.2743786418851 31.799592901645887 71.38232244411445 29.44136682916935 62.51462966010837 68.34510079116478 47.484675075535314 27.453190354766246 42.05958795751449 29.610939981518555 40.97915857614356 21.967800111130668 26.086945585253837 67.27927828955154 0.0 6714.802671315957 6794.991966302403 6736.757956593128
6724.270865686677 6664.637471923723 6675.7127106782755 6704.134717835641 6691.79558112179 6722.705819727111 6702.307107985261 6736.605726261352 6667.100121456719 6711.319330294194 6724.417774785311 6679.949271633033 6690.373284393361 6683.477510861974 6712.728847529867 6718.93039306035 6666.579214972565 6671.892163853465 6715.408721796634 6697.114721078216 6704.980245428943 6697.545147748084 6705.065808357598 6691.052045007318 6716.2445273795975 6742.21908935206 6707.09480222158 6738.770340419124 6686.365776607427 6727.787758577065 6736.045012731089 6711.532407131796 6688.387432494534 6717.848622773413 6685.199917190997 6674.670613358645 6710.057807934757 6721.16725193028 6699.664168877868 6714.802671315957 0.0 104.96722984240014 51.52325604237855
6804.096149594924 6744.708196935348 6755.857193557428 6783.970333759324 6771.272985370635 6802.1373310934 6782.18770875993 6816.557616554491 6747.228498215838 6791.1911524304605 6803.83623044173 6760.106270889578 6770.547620384937 6763.6449763910305 6792.5590661719725 6798.321705919292 6746.742717632365 6752.020826779149 6795.210526720961 6777.066709819564 6784.809275375405 6777.516824701679 6785.339104745482 6770.59697842709 6796.131788999951 6821.6402521639775 6786.907380457298 6818.133517025793 6766.464091182353 6807.226509899267 6815.436420999324 6791.141714062528 6768.669836665034 6797.524312863294 6765.399909137362 6754.761632500888 6789.9854408984775 6801.047056109782 6779.049708923507 6794.991966302403 104.96722984240014 0.0 61.91252748945743
6745.975638497878 6686.510197966975 6697.636461558767 6725.846267042368 6713.261147713227 6744.140472042752 6724.049557360918 6758.39777152873 6689.0126276434885 6733.055888220738 6745.843518774141 6701.881722679505 6712.317860658799 6705.4172375811495 6734.4368257624865 6740.337471612492 6688.515937553544 6693.804944304891 6737.097216024103 6718.906199959577 6726.687281291957 6719.350185054728 6727.078920430859 6712.563864551321 6737.991782493042 6763.646978404882 6728.7905652105555 6760.1584960558375 6708.257866747738 6749.227450520063 6757.452438114941 6733.088694795989 6710.406569702025 6739.450553565006 6707.162111903042 6696.557487224205 6731.832735014232 6742.9094576287625 6721.066979429995 6736.757956593128 51.52325604237855 61.91252748945743 0.0
