0.0 72.43401275395983 73.63803099166394 50.96641505768928 52.88119966880136 27.919339278258512 13.255628607206111 80.20292084973984 29.330479139257214 28.63074416621811 40.22769236773297 33.14502635407955 34.36388570732913 43.08606412293481 30.646959095970487 54.30449258775907 60.09339866071792 69.47450915901976 41.260506565249315 35.97622696627644 7.534249771214131 62.08377395855824 28.107793088073446 53.40622274940187 48.41963293690145 11.453539409622882 16.458356616389977 54.99703685646435 14.222483032343076 31.618702116208468 73.80693532923758 34.80877419306358 27.898174744794073 51.34944671145259 13.290535250752043 48.304895704260986 64.01090427080604 50.45244468834106 43.4076555089017 1.4226131961577468 85.54243052235194 65.95908952691106 61.46931975380556 74.84072928166155 99.08871759771303 68.20788598141226 41.350709513200464 34.092226904286186 54.8590191701613 85.15619369087044 59.86441149895507 25.517143049434974 10.646848739381658 44.389640234411104 78.88205693046365 64.12382235332439 34.26940866350969 25.134913934413646 49.83953429045082 82.04290468619482 78.9723751944837 57.26826824984807 52.129412809783304 67.45442490166226 93.6884508579631
72.43401275395983 0.0 2.5633884198660537 21.717455415311274 77.16867885723215 100.29728630875914 66.87436990361505 14.195052924165804 62.67909588661312 93.28336398015863 32.31350915068219 53.67169272873958 46.97409231711374 98.90454698155331 92.17282106362886 67.16157550309184 12.341318234017765 130.5867010194223 33.08674043509848 93.67306872747399 76.53839881684978 12.64943570584798 57.063540591654 20.968291785914044 71.01302358782698 83.35433002844204 69.04152517104532 18.501331960845814 60.61706552349427 88.46395532238941 10.565875816769195 46.03782478324001 59.917035978381 111.35202097485002 84.12969016650099 66.03879382717317 26.575649385792037 113.38377688008782 30.37073631428494 73.83200504455479 138.96120334248516 106.93344856923454 77.16295390507615 53.556448108433955 46.66130581201645 132.1662784195526 98.02766957187465 64.3876577195465 32.81713799818402 20.075015348567106 131.11669704804953 96.62106339524207 62.24567775041103 28.43012074923441 11.699230457523619 135.94565530802043 103.02133700077019 71.69657549324882 45.411786780861114 37.133410855044794 146.0710439732945 115.94243525635088 89.12530997107082 69.56125102811207 64.25720657714014
73.63803099166394 2.5633884198660537 0.0 23.262376747228355 76.58344222533592 101.44456080591203 67.67689027518598 11.632700802816391 62.884701240583574 93.91110480120008 33.69068624133816 55.72556903786942 48.963951098958994 99.11422560459573 92.67978792986733 66.39402559566788 13.721204407189616 130.81649755604718 34.844496117325654 94.01187704344527 77.54572886156696 14.909686745050841 57.38954394817032 22.943357716396754 70.51071828762181 84.6525417406836 69.7080466117098 20.366752327030945 61.552359850283885 88.83578620311087 8.284954130410032 48.02382623997501 61.87278630373557 111.63245287480942 85.50666737735584 65.49309646000931 25.229410611629845 113.78680552524233 32.086600849599854 75.0272669659638 138.80738764695977 106.51253010552827 76.27033681341813 51.80952124721216 44.11468818131965 132.5361655235354 98.27981515127951 64.39610438166645 32.08806245404688 17.529362335452984 132.0220843432413 97.59184987054945 63.35108087547799 29.956662285350767 13.277637696332842 137.32984173354797 104.59764874836564 73.59806766490927 47.827897226860436 39.41021050444608 147.8334097094797 117.93361388575066 91.41512701925075 72.11020401053898 66.6168560525911
50.96641505768928 21.717455415311274 23.262376747228355 0.0 64.86300536199217 78.88195289360341 46.57387417894003 32.164371666470544 45.45463998721166 73.42140602772427 10.741451757868957 33.69741459953275 26.69139156774485 80.93606714645881 72.82809935152113 56.76107184961645 9.57101895310246 112.26677059235689 11.86882823403564 75.10197851554648 55.49594745743003 11.531069206806391 39.334298403542064 5.183757934711713 58.31071736681354 61.73720410344473 49.26435724315031 4.654219825265606 39.91095534048022 69.78924258706601 25.843831984603547 25.749709729791586 39.2739218579493 92.90829049571909 62.44357365456976 53.90386436034238 27.46534213225567 94.34635142348573 9.039844441039707 52.37660947391562 122.67911836692957 92.71352424450846 67.35152491417738 53.58597835996825 60.0123744267673 113.17844739026626 79.84734811535226 48.33920418620606 26.317293460491086 37.991615159811204 110.1971512425615 75.6027397038683 41.0242694755643 6.712782418522054 28.319366802883835 114.24691615064359 81.34101852782447 50.74644533660726 30.47751807643275 40.95599439423698 124.64407702080416 95.2749091406629 70.80438013346252 57.827344240704136 63.792889888885
52.88119966880136 77.16867885723215 76.58344222533592 64.86300536199217 0.0 64.55010226932221 40.13597342652418 75.34379343757648 25.703537581866378 43.48351410583503 58.7859745493123 74.43659620916371 70.64907695255158 35.013375226115855 39.14119519681722 11.39811776176255 68.4654986041039 62.59685174169887 64.66132712975931 35.03657838513053 47.992339430206634 74.53654204291718 30.718581976544215 69.94554482146975 6.58451730887017 60.14120486903334 36.4462860657563 69.21726738884784 43.705432238362775 33.01993216036786 71.16663459487965 70.3538421125178 73.18489254080913 46.68500084711916 63.197982818289155 11.168579353543553 52.96678112253236 51.45189154512457 64.3965230778005 53.02505553428133 64.45509502332729 30.431437731187028 9.619702180260349 40.66765394544021 74.90013768034824 67.0299423683614 35.517845808944266 20.612330346039162 44.53162413531904 77.04615193696056 80.16477503897441 56.36613448170713 48.19440105529202 62.15358949759337 88.30767972716164 99.77215438277742 81.68741563737296 76.06527442486379 85.40350748431085 105.81272713481431 122.7887883458813 108.39001490954561 103.99204838456986 110.79232342895658 127.00462093852185
27.919339278258512 100.29728630875914 101.44456080591203 78.88195289360341 64.55010226932221 0.0 35.67206728887466 107.57249008705172 48.705480418085955 22.231052219843114 68.14151350856636 57.49162154689676 60.486518834738455 38.00220659527358 26.86860777633299 70.32174359149123 87.96250400836608 52.10659544288192 69.04226000869971 32.86209396976751 24.414061724938176 89.99205101021806 50.525358882554436 81.28421242727002 62.575213752067484 17.960921059228202 35.692439414427795 82.91129309036563 40.41996341490782 32.38207211790832 101.24566200400396 61.09576907753358 50.856476756073555 38.866936781441794 18.667590894909974 64.58773593579161 90.00059454973227 35.030430334056355 71.2657199726043 26.506373663184267 72.1475107616489 64.45416780459686 74.14977400348872 96.10832960871392 123.97663429292835 48.37350196355728 36.267867978885384 51.82228740890145 80.31543665785104 112.29611714805777 32.91321784358878 8.376845764389886 38.10402021456134 72.30846660977186 106.77062098606008 37.883868970473586 20.465844183635863 42.39528677957197 74.63723076978194 108.34628930160203 58.272622297644176 48.593991675155955 61.00706211305385 86.47054591619762 116.73584314746
13.255628607206111 66.87436990361505 67.67689027518598 46.57387417894003 40.13597342652418 35.67206728887466 0.0 72.67553394957318 16.080000696974558 26.920966669063336 36.22184381037864 38.590983540649155 37.33752867240078 37.12383410656184 26.85437474893708 41.05683277407265 54.78475424504853 66.94226936409233 39.240407074746265 30.387909350984543 11.541828827882846 58.09761677142814 15.520880288094057 50.08197098488366 35.35724280896415 23.117344556725214 4.326684577679964 51.05279360019476 7.127250996936393 25.193663916391003 66.49720023405754 37.458112539922 35.30596645179421 47.763297628653994 25.666593450839507 35.06362809436272 54.35497536856412 48.38941275544493 40.70128414538018 13.781837961428428 80.31800528889623 56.58185322369832 48.44418434435356 62.34565439272122 88.44168128284207 67.10648511657982 35.66076637562329 20.855372645423262 44.64358043230857 77.11030005961182 64.42361533685263 30.365318981466558 9.410430318911608 40.619121345781174 74.87404795505934 73.43274293296875 46.396262384623945 36.161966196029496 53.45644622091118 82.47620683019514 90.71441985447977 70.45070224723878 63.97086284499853 74.94007945175645 97.64493889205458
80.20292084973984 14.195052924165804 11.632700802816391 32.164371666470544 75.34379343757648 107.57249008705172 72.67553394957318 0.0 65.44020702323797 97.89642400637995 41.62702280729649 65.67729856160172 58.74159338840998 101.23816486195301 96.15570225649407 64.45826197908795 22.902027303890563 132.836873661489 44.03312220310984 96.7457264883962 83.2720309903756 25.97475871336356 60.57544752677635 33.09247287881417 69.75051558529103 91.50619484287013 74.11300449199547 30.30701638171668 67.18362510043691 91.76066459037155 6.4693279354741895 57.796575902233315 71.4317961329359 113.98033651371735 92.67291649637468 64.62079067242465 22.391953498287073 116.66097614494537 41.20320090356576 81.54352373330221 139.0686648921023 105.7328601062798 73.5772756901241 45.19543042423604 32.656882991159726 135.16925619930305 100.59778009078052 66.06022110621389 31.667746710623053 6.049253390977699 136.98718247331573 103.00543878539136 69.63904947389517 38.52166324691522 22.65136646522244 144.30643135102451 112.47235488963403 82.8886035559775 59.04080019084363 49.95915410809481 156.35595077838929 127.43439995555893 102.11075388726891 83.71632249884257 77.36262712644638
29.330479139257214 62.67909588661312 62.884701240583574 45.45463998721166 25.703537581866378 48.705480418085955 16.080000696974558 65.44020702323797 0.0 33.36983466395523 36.99873373345673 48.943795522330845 45.6349349231647 36.232462612289154 30.99702626687711 25.056115308747213 51.67563947546246 67.93186966012347 42.03260029927397 31.322747565052282 26.558738269603925 56.54385638504864 6.23599503251979 50.02594106317619 20.09143162785432 38.78088361822083 13.73038783441471 50.1007930161424 18.1708348011744 26.325844958073237 59.830392881191834 45.438166915902265 47.48278216785402 48.777730850167856 41.50580653750146 19.109627033027106 44.629273836598855 51.229596444522045 42.46178112508044 29.848403418702862 77.22750705343391 48.29324991474425 33.0941235133865 47.46616602723247 76.1950504015772 69.82403931158552 35.40544856001373 5.152572863763703 34.560181190700625 68.9718575810663 73.34233522562643 41.864318603909 22.825169928184266 41.03900299367943 72.403420675038 86.45903117277459 61.88243312124602 50.779038011688904 61.01138901156992 85.21192517259392 105.657344660853 86.50936246510075 78.7337134581162 85.49185928897242 103.98774399960439
28.63074416621811 93.28336398015863 93.91110480120008 73.42140602772427 43.48351410583503 22.231052219843114 26.920966669063336 97.89642400637995 33.36983466395523 0.0 63.138725568054376 61.66973290361061 62.179336617991694 16.809716727004396 4.643575880488743 50.72143595498596 81.37956537924441 40.99077066015079 66.03479831108251 10.759550277801544 21.219400332107718 84.95230555800883 37.41789029471239 77.00128169753337 42.537753891170055 26.839752533221574 24.258055148911414 77.9343854686009 33.88368529465512 10.509405213817027 91.97031065532902 62.49298991776667 56.516503366366244 22.760950348608997 29.688451980847542 45.441856212659005 77.82574411880067 22.016358702241597 67.58779254153087 27.5523649426861 57.18479263667437 42.973655671974406 53.086608104730495 78.64133228340623 109.29569355810573 40.402239983284744 14.966729116476024 34.792458354557084 67.76339372661799 101.8238188897407 40.00935387640347 13.881651997082846 34.343892251663256 67.53633404360457 101.6742873356613 56.35001787792708 41.86679730131094 52.20299865248404 78.05317143230548 108.87728055990898 79.72439794925229 70.03070157922696 76.46814320811659 95.83951645084376 122.13847519933448
40.22769236773297 32.31350915068219 33.69068624133816 10.741451757868957 58.7859745493123 68.14151350856636 36.22184381037864 41.62702280729649 36.99873373345673 63.138725568054376 0.0 26.55324166471604 19.655111365919545 71.50707574409323 62.78055437432255 52.06889553762603 19.998074465188324 102.53168379742195 6.370460454051219 65.41389458447955 44.81231567895489 22.059196637380165 30.763895965356866 13.865722012395253 52.210622905967504 51.04775575001336 39.16456877024922 14.95029196429938 29.40257556410391 60.08704092738597 35.168546392050274 18.804389841933933 30.961902435992684 83.1860686514505 51.826904889674545 48.31297437602451 31.865634654178958 84.35169990870457 5.615313531922185 41.63697403697632 113.83805259226861 85.09886857863532 62.604540757353824 54.69584527313874 66.77378478123599 103.15514433146545 70.32076216842532 40.544736268100685 27.158459893947548 47.181866287362666 99.51043791194562 64.90873212737799 30.311947471389878 4.397637183957841 38.91938676628997 103.64928799966255 71.0370413886617 41.76345168035252 28.93006817084577 48.2135882686237 114.73220368849408 86.28044348124445 64.18678410176443 56.483303225672934 68.23177996918031
33.14502635407955 53.67169272873958 55.72556903786942 33.69741459953275 74.43659620916371 57.49162154689676 38.590983540649155 65.67729856160172 48.943795522330845 61.66973290361061 26.55324166471604 0.0 7.044869724722536 75.0043961950683 63.259275669926915 70.94363920216311 42.77790198667219 102.60183034406792 22.044369991610594 67.98715016054324 40.451383956967106 41.13814569098194 43.73884352805463 32.79665341999906 68.35338195588058 39.72594500120113 42.87807208015261 35.471936130834855 32.35245080222098 63.10335447699091 59.46529613625831 7.973030111633539 7.140361532209118 84.25677552384758 38.85227707688606 65.86166450693514 58.41881631229486 83.58095723353928 24.828303706038763 34.34636126934742 118.05465111649465 95.00917645135614 80.69275094562819 79.94141597982846 93.0842275101917 101.3034875557093 73.389422158102 53.89269006598702 53.08145500762575 71.59374102725288 90.40169862292849 57.578498496499535 29.205206297538258 28.025860762334084 55.792453601558776 87.56273097418571 53.053662758540035 18.894558074523744 17.15142658421992 51.24638971892759 93.52389928549599 62.32382336742061 37.638163609547775 36.65838158425924 60.546475542205464
34.36388570732913 46.97409231711374 48.963951098958994 26.69139156774485 70.64907695255158 60.486518834738455 37.33752867240078 58.74159338840998 45.6349349231647 62.179336617991694 19.655111365919545 7.044869724722536 0.0 74.38369630992176 63.26884533282769 66.30093567616802 35.85892540125496 103.14565293869038 15.000101779095964 67.51347309644429 41.19708170002028 34.550587991094304 40.00879242535893 26.023038444971515 64.37434013608747 42.528212215035154 41.45993421237865 28.63436059874523 30.53994563857352 62.42928600176743 52.49601458765784 0.9451340127402381 12.97633178455333 84.38605170214684 42.13481589309814 61.500341185898264 51.49905243442918 84.19569439831139 17.788788427302848 35.69359757891766 117.58692050104918 92.89343342853694 76.33116322795803 73.6101446307951 86.05353399518458 102.34990317248042 72.86157560511867 50.367950317538806 46.47436216980444 64.63448738489573 93.31176524868681 59.637616107692736 28.302890431087654 20.98357903743368 49.74350412292334 92.31215362853429 58.07580214758401 24.878023907911853 16.120965945955664 47.913538832956704 99.59346276921262 68.97304097267235 44.61533722047323 40.231848453560644 60.344845059089444
43.08606412293481 98.90454698155331 99.11422560459573 80.93606714645881 35.013375226115855 38.00220659527358 37.12383410656184 101.23816486195301 36.232462612289154 16.809716727004396 71.50707574409323 75.0043961950683 74.38369630992176 0.0 12.995361959529136 44.85434281201049 87.7471692315681 31.706873667462162 75.50824740078497 7.109889986873294 35.58830830543896 92.28620412196021 41.92973506589869 85.15510340912937 36.61099636095076 43.30176049750128 33.214173348981404 85.58256433357663 44.15020584538745 11.954761563681949 95.83663541870001 74.54098509974105 70.63577153568244 12.819170432177591 46.25690792467809 40.90582579283382 79.66633898480978 16.65508713043708 76.5664425872885 42.26152232051144 43.20532181878448 26.457744891333082 43.9108796148283 74.50610099003502 107.55925563526272 34.112439527575475 1.8496106368518517 35.18576335511666 69.76753672478762 104.36395341684313 45.47885516383422 29.996480796540386 46.10952370569129 75.81044924919362 108.45827297418428 67.68051058123933 58.2156718265439 67.76625371154071 90.50001988613013 119.09252627991322 93.27642339080202 86.43555733435373 92.93238114439215 110.43756987226456 134.72636597533423
30.646959095970487 92.17282106362886 92.67978792986733 72.82809935152113 39.14119519681722 26.86860777633299 26.85437474893708 96.15570225649407 30.99702626687711 4.643575880488743 62.78055437432255 63.259275669926915 63.26884533282769 12.995361959529136 0.0 46.775236101635564 80.45561149286458 40.11732917701335 66.07720090011848 6.35403743957911 23.113702194963494 84.34290947202405 35.58752407478592 76.63210763331092 38.5133803289978 30.309978831891556 23.616025817855522 77.40220249767403 33.96820358994061 6.141954147790522 90.35530929300955 63.517597350800685 58.472985101536885 21.118382643270092 33.27892293916921 41.665654580395405 75.62527366674553 21.577548453609978 67.46188114869804 29.71138379109712 54.91482816179186 38.693050119476894 48.71849030314604 75.130924800621 106.35152005754095 40.37622625916491 11.156424935786138 31.836211242265982 65.55513125344372 99.88122185608098 43.01630060274558 18.50967546106652 35.06653856852037 67.16817879026353 100.9371806121955 60.63095923314253 46.3849809927871 54.97119469119043 79.29004079579228 109.30142465319894 84.3046197083416 74.50662741688248 79.93717482851582 98.0989912019979 123.49744123434705
54.30449258775907 67.16157550309184 66.39402559566788 56.76107184961645 11.39811776176255 70.32174359149123 41.05683277407265 64.45826197908795 25.056115308747213 50.72143595498596 52.06889553762603 70.94363920216311 66.30093567616802 44.85434281201049 46.775236101635564 0.0 59.28374947133197 73.64374645781106 58.26169935316709 43.6872854341216 50.77272932922735 65.63992430268753 28.145390391207176 61.93203152203243 8.353757671255622 63.14247117815377 38.17374272006984 60.87457144798334 42.832134486827584 40.686435733792976 60.56390453864635 65.87138651712938 70.77341704696587 57.060935092125526 66.02193018578637 6.019326077769074 42.173538870030974 61.49378145804465 57.57300081565811 54.74090117747031 75.82769090036896 41.63783309290238 10.603420413170955 29.76590073664384 63.674469854699836 77.7929167879686 45.086971961005794 20.21829128620919 34.34487863220791 65.9182008078077 89.12663227040147 62.508199950470214 47.600464335322386 54.94673795815608 78.53212388975048 106.88866434609525 85.77249960318792 75.38833051548231 80.02888626439004 97.57350287763738 128.43842405586363 111.27253499373823 103.25391598179213 106.46976633024302 120.02040232006892
60.09339866071792 12.341318234017765 13.721204407189616 9.57101895310246 68.4654986041039 87.96250400836608 54.78475424504853 22.902027303890563 51.67563947546246 81.37956537924441 19.998074465188324 42.77790198667219 35.85892540125496 87.7471692315681 80.45561149286458 59.28374947133197 0.0 119.33290718332852 21.323397016571207 82.25832550123208 64.26285288328401 6.79953672800222 45.819531166707186 10.3589964363711 62.067583444600096 71.02174499642608 57.12211738575872 7.51184507539784 48.404818947663735 76.9963762777242 16.782926486652414 34.91380322096463 48.62184114721855 100.02121323991165 71.82496523531515 57.30950872146458 23.410122282464016 101.8156958546049 18.520699860659434 61.49200398101241 128.61833869592826 97.47722278737407 69.68320188835801 51.034263394904116 52.4218581120014 120.63774007830682 86.78072307511042 53.88106438069057 25.88995820145899 28.84885453988675 118.89251525920965 84.36056539547414 49.92828256731484 16.24239525229548 20.72802460661263 123.64707278578895 90.88050453119185 60.20602322894568 37.21687785314831 39.24612588042352 134.2121581651689 104.68290896508692 79.3656047009134 63.51430345385351 64.52917194663615
69.47450915901976 130.5867010194223 130.81649755604718 112.26677059235689 62.59685174169887 52.10659544288192 66.94226936409233 132.836873661489 67.93186966012347 40.99077066015079 102.53168379742195 102.60183034406792 103.14565293869038 31.706873667462162 40.11732917701335 73.64374645781106 119.33290718332852 0.0 106.0970574371785 37.16491415226335 62.168622646953544 123.69774249964549 73.55553014175473 116.3133355671229 65.9538269434664 65.4553251952535 63.50720373783012 116.89381018051297 74.06605505840524 42.48130538988112 127.50271574428892 103.44097358115408 97.2301213541038 19.35931188612686 67.70066375478527 70.76114047538087 111.07750984544202 19.022140609947396 107.38153221093795 68.31862691516972 21.76050875231874 38.40663202047065 69.79587585062696 103.26037211173455 137.2908950780314 7.422696250877192 32.56503069961739 66.78861814055564 101.27097948363628 135.81515578816902 35.4658796716576 47.4572383049478 75.10912169077555 106.88966601568634 140.01518162502333 63.88777688758856 71.0642400303892 91.72447187985517 119.04371308309025 149.4128737942825 92.33847670855002 97.23236102326818 113.03343221971197 135.9914283438529 163.11182474494825
41.260506565249315 33.08674043509848 34.844496117325654 11.86882823403564 64.66132712975931 69.04226000869971 39.240407074746265 44.03312220310984 42.03260029927397 66.03479831108251 6.370460454051219 22.044369991610594 15.000101779095964 75.50824740078497 66.07720090011848 58.26169935316709 21.323397016571207 106.0970574371785 0.0 69.16760688249562 46.65512658798601 21.367115864027134 35.82088801180615 12.48301195151608 58.106255548743846 51.457707786291614 42.59715228343155 14.62037069816137 32.171638116246385 63.855831207881316 37.701628587463574 14.072397514104004 27.413446112172288 86.82220876083065 51.85493810591159 54.351768229801955 36.99202247506185 87.62886137981421 2.8320546633490604 42.6829640740073 118.23074134560855 90.31066331214879 68.7626749201489 60.78961148473625 71.11420473781743 106.3374787814667 74.22749807218253 45.897892184983114 33.141280983452035 49.848826113242765 101.07243028138767 66.54124769687448 32.16664403061117 6.04170442926115 37.857169172003395 103.45289313026728 70.07229581554188 38.8921165201786 22.58121690760652 43.612733573876795 112.99657645682286 83.40779773449958 59.50042153088869 50.18510347632238 62.38264237064527
35.97622696627644 93.67306872747399 94.01187704344527 75.10197851554648 35.03657838513053 32.86209396976751 30.387909350984543 96.7457264883962 31.322747565052282 10.759550277801544 65.41389458447955 67.98715016054324 67.51347309644429 7.109889986873294 6.35403743957911 43.6872854341216 82.25832550123208 37.16491415226335 69.16760688249562 0.0 28.480654674552007 86.53877449755792 36.62329910107011 79.16724610273003 35.334233975558455 36.49746750929118 26.636139396043095 79.72903867695821 37.47628517817578 5.326902810750039 91.15185790437405 67.69533962623635 63.54880494333213 17.806413486841592 39.50500185990351 39.04484671264399 75.60805566305713 19.9165847462028 70.34476205541961 35.15565767790431 50.10932389916281 32.33902067098742 44.44675822027579 72.801445840345 104.97342929405362 38.53540249581362 5.40917762742054 31.119050020504435 65.5925716848524 100.15602708153355 45.440978311369236 24.573225123745896 39.21284357796132 69.75882478403494 102.90667128006046 65.19683343524106 52.626343053585295 60.689679135449964 83.61664069194408 112.67230503790225 89.67768079738327 80.78490682266583 86.0525559546061 103.33736052372673 127.85501260134383
7.534249771214131 76.53839881684978 77.54572886156696 55.49594745743003 47.992339430206634 24.414061724938176 11.541828827882846 83.2720309903756 26.558738269603925 21.219400332107718 44.81231567895489 40.451383956967106 41.19708170002028 35.58830830543896 23.113702194963494 50.77272932922735 64.26285288328401 62.168622646953544 46.65512658798601 28.480654674552007 0.0 66.86572247529527 26.968421781803997 58.41045358336694 44.164239722748675 12.370449346588707 12.829904255006435 59.753008355690305 16.095106974052367 24.24555155041054 76.98522431754225 41.56874791178718 35.394227981590824 43.87788929637564 15.302449659250824 44.7620938750607 65.63959765808784 43.15546287238212 48.566038678004155 6.680886347146462 78.01566690721552 58.908513095409084 56.99803487328044 73.63513750934159 99.95141521579006 61.155224789312605 33.84186570894352 30.74771761615288 56.03938178532553 87.92179701976592 54.701616737602755 20.110727121070205 14.542015566865985 49.12589427108784 83.72628714387949 61.995185440589744 35.3236994129965 32.35679783459749 56.929771609533574 88.48657145622042 79.3304568064582 60.62335175873825 58.75245188712699 74.98867147855454 100.94325890916483
62.08377395855824 12.64943570584798 14.909686745050841 11.531069206806391 74.53654204291718 89.99205101021806 58.09761677142814 25.97475871336356 56.54385638504864 84.95230555800883 22.059196637380165 41.13814569098194 34.550587991094304 92.28620412196021 84.34290947202405 65.63992430268753 6.79953672800222 123.69774249964549 21.367115864027134 86.53877449755792 66.86572247529527 0.0 50.51108009498766 8.886481360709405 68.07400040242119 72.61944719976294 60.79095515613474 7.11306598078732 51.39862439865834 81.23411773895546 20.655496574055007 33.62382562263055 47.524644583308735 104.3436360039905 73.13937488250056 63.4168447083954 30.080755549450558 105.84740778789029 18.86308878734405 63.50197978256388 133.73403864437992 103.15499836877713 76.10459605036095 57.772490421848296 57.25562870630989 124.68158131282289 91.231448018975 59.124421935062834 32.604558023569346 32.019633231201304 121.55710942010383 86.95337135746188 52.349796033981484 17.747335396727117 16.860874742488605 124.8068093840535 91.40094445338349 59.38320303986326 33.06714590439001 32.48609937036753 133.96744827728278 103.4546421577256 76.50648885029936 58.29594117487793 57.778756902812425
28.107793088073446 57.063540591654 57.38954394817032 39.334298403542064 30.718581976544215 50.525358882554436 15.520880288094057 60.57544752677635 6.23599503251979 37.41789029471239 30.763895965356866 43.73884352805463 40.00879242535893 41.92973506589869 35.58752407478592 28.145390391207176 45.819531166707186 73.55553014175473 35.82088801180615 36.62329910107011 26.968421781803997 50.51108009498766 0.0 43.84819000516394 24.629139644536693 38.59266921185953 14.846976006235703 43.986175855720745 15.010105334889184 31.45459346881501 54.77412432547284 39.755399070910904 42.867673873151176 54.29142101987941 41.03967526200538 22.56056536363885 40.52556880423324 56.41883438227168 36.22663068228808 28.89273871019597 83.35539428903262 54.49066920683545 37.21790014211179 46.8608465420145 73.49512618761977 75.14772507302925 40.99075866315181 10.399849667545073 30.511052352485155 64.40919673007812 77.04857336749798 44.34959806215622 19.802482844044263 34.817195372675165 66.5370810053189 88.4082091158516 61.880128049850285 47.29799269448635 55.134934806690346 78.97742092999653 106.23398450014763 85.24626490937594 75.11947869065499 80.08552089991537 97.87333353537768
53.40622274940187 20.968291785914044 22.943357716396754 5.183757934711713 69.94554482146975 81.28421242727002 50.08197098488366 33.09247287881417 50.02594106317619 77.00128169753337 13.865722012395253 32.79665341999906 26.023038444971515 85.15510340912937 76.63210763331092 61.93203152203243 10.3589964363711 116.3133355671229 12.48301195151608 79.16724610273003 58.41045358336694 8.886481360709405 43.84819000516394 0.0 63.383521050512115 63.82413510369044 53.01706180366606 2.854395402829871 43.22405206124177 73.84267869895035 27.102901036984004 25.08398161020112 38.951321434742844 96.95863194542405 64.29541718754116 59.020021559762455 31.56241789046244 98.19796009401165 10.035104669452775 54.82734695135467 127.18770104431799 97.57514310041263 72.5251357085843 58.25522787795585 62.62776819392166 117.00825091179506 84.0118409499753 53.10258918802331 31.250879318392144 39.09203063571671 113.04318965488697 78.44877559782825 43.869264628247976 9.46935510103893 25.488807618618672 115.93213305420785 82.52044286008662 50.73292034955439 27.07169420516245 35.87151725096261 125.20137006652021 94.99574193946137 69.0492431061674 53.90922026493552 58.64647607282253
48.41963293690145 71.01302358782698 70.51071828762181 58.31071736681354 6.58451730887017 62.575213752067484 35.35724280896415 69.75051558529103 20.09143162785432 42.537753891170055 52.210622905967504 68.35338195588058 64.37434013608747 36.61099636095076 38.5133803289978 8.353757671255622 62.067583444600096 65.9538269434664 58.106255548743846 35.334233975558455 44.164239722748675 68.07400040242119 24.629139644536693 63.383521050512115 0.0 56.49013775031651 31.994228035470044 62.6836457962315 38.25890870183782 32.40341130283366 65.34752972512798 64.05315552291984 67.38272174355468 48.95176215460993 59.465760899947846 5.134130893489088 47.363498792007775 53.264358958855574 57.81975335664029 48.699531242019965 69.47002567104364 36.074111969774364 13.093880433945898 37.89998572565501 71.38780844041416 69.84835170262895 36.79083100476502 14.93948798890181 38.57021391787994 71.7424877382172 80.77434548484499 54.6274054861128 42.87925183026461 55.56910392520715 82.04900151909767 98.80839228940597 78.69569643691575 70.83560277578496 78.97536537878794 99.25366383574044 120.80735765970758 104.78529917860025 98.79353541784236 104.57068813128873 120.43486807984912
11.453539409622882 83.35433002844204 84.6525417406836 61.73720410344473 60.14120486903334 17.960921059228202 23.117344556725214 91.50619484287013 38.78088361822083 26.839752533221574 51.04775575001336 39.72594500120113 42.528212215035154 43.30176049750128 30.309978831891556 63.14247117815377 71.02174499642608 65.4553251952535 51.457707786291614 36.49746750929118 12.370449346588707 72.61944719976294 38.59266921185953 63.82413510369044 56.49013775031651 0.0 25.10245615159498 65.5924299754532 25.54451369223815 33.38380901085836 85.08940427630145 43.134922550180995 33.29942125348501 48.93427903896214 3.1477069209160797 57.130846907548865 75.45547252566838 46.7813607915014 53.78915673768514 10.24139171630645 83.49184273427183 68.45703644558867 69.2575698029557 85.44953605120031 110.45995901601451 63.05411998963407 41.45831641797074 43.08813264812535 66.251094876214 96.52281176524093 50.80989487085999 18.368791447646544 22.091443168268306 55.07725032001641 89.2962900901516 52.80565726866108 23.28747271006652 26.287327689719604 56.87344789178945 90.40466149025902 67.79517917909409 48.305920270758016 49.65431229638322 70.65729055899016 99.56991448580563
16.458356616389977 69.04152517104532 69.7080466117098 49.26435724315031 36.4462860657563 35.692439414427795 4.326684577679964 74.11300449199547 13.73038783441471 24.258055148911414 39.16456877024922 42.87807208015261 41.45993421237865 33.214173348981404 23.616025817855522 38.17374272006984 57.12211738575872 63.50720373783012 42.59715228343155 26.636139396043095 12.829904255006435 60.79095515613474 14.846976006235703 53.01706180366606 31.994228035470044 25.10245615159498 0.0 53.817974329312136 10.972271610040295 21.363234299530376 68.05575928298786 41.54802416016199 39.63100700868852 44.22590332038907 27.897472538385653 32.154491959637554 54.9793075673108 45.18860234259542 43.8896493326186 16.705544915830416 76.34973144801617 52.25644007526988 45.022273567919406 60.97614497577469 88.34020005263208 63.991494668498156 31.816522681290248 18.014437022781213 45.073250017062165 78.31682381837442 62.899064313039155 29.5794670152811 13.727681084784003 43.55232908405722 77.45975271652584 73.57602947296678 48.152929898115914 40.234323620706 57.56492449007491 86.04338359371489 92.01221462596871 73.09916395765586 67.93741566746726 79.26071958932788 101.70445140977705
54.99703685646435 18.501331960845814 20.366752327030945 4.654219825265606 69.21726738884784 82.91129309036563 51.05279360019476 30.30701638171668 50.1007930161424 77.9343854686009 14.95029196429938 35.471936130834855 28.63436059874523 85.58256433357663 77.40220249767403 60.87457144798334 7.51184507539784 116.89381018051297 14.62037069816137 79.72903867695821 59.753008355690305 7.11306598078732 43.986175855720745 2.854395402829871 62.6836457962315 65.5924299754532 53.817974329312136 0.0 44.31560991253941 74.41375845499108 24.274975140017954 27.69156300231156 41.513494218273244 97.5346884230062 66.16872065011299 58.20217091051677 29.08255891294867 98.93484289646057 11.972520266303908 56.41402524184691 127.32712080150928 97.26554168808096 71.44067840671659 56.051320128617824 59.78733538025148 117.76381778108772 84.48824735461172 52.94384590126055 29.371370623325674 36.292474726367054 114.44406397372038 79.84034577106897 45.2368462801522 10.635700466458715 23.973285172417427 117.89665360430311 84.67160198566839 53.2332466858347 29.88504712115179 36.705485274920825 127.57273298228964 97.58389363994297 71.86949439540109 56.59174836784274 60.28948146351249
14.222483032343076 60.61706552349427 61.552359850283885 39.91095534048022 43.705432238362775 40.41996341490782 7.127250996936393 67.18362510043691 18.1708348011744 33.88368529465512 29.40257556410391 32.35245080222098 30.53994563857352 44.15020584538745 33.96820358994061 42.832134486827584 48.404818947663735 74.06605505840524 32.171638116246385 37.47628517817578 16.095106974052367 51.39862439865834 15.010105334889184 43.22405206124177 38.25890870183782 25.54451369223815 10.972271610040295 44.31560991253941 0.0 32.25095035256237 60.890596340703596 30.60356194711423 29.844094456908124 54.88995597531046 27.51296752023178 37.03143560634122 50.02353089680383 55.48138865441782 33.708338526751994 15.319735458549776 87.31228383553565 62.67400234286145 51.258453110883714 61.005165733583574 84.91545360945997 74.16740837348259 42.718802851443556 23.320195500685095 40.713765096865224 71.87651610547883 70.49986086214331 36.04435098705931 4.797299595164754 33.78885789086952 68.22912677562661 77.66429670435575 48.48667933301105 32.63443986086906 46.62497999697865 75.34987960555567 93.19485822329285 70.56999589148133 60.578456023364936 68.95039261921806 90.73778840076342
31.618702116208468 88.46395532238941 88.83578620311087 69.78924258706601 33.01993216036786 32.38207211790832 25.193663916391003 91.76066459037155 26.325844958073237 10.509405213817027 60.08704092738597 63.10335447699091 62.42928600176743 11.954761563681949 6.141954147790522 40.686435733792976 76.9963762777242 42.48130538988112 63.855831207881316 5.326902810750039 24.24555155041054 81.23411773895546 31.45459346881501 73.84267869895035 32.40341130283366 33.38380901085836 21.363234299530376 74.41375845499108 32.25095035256237 0.0 86.10419875638533 62.58894126139312 58.875142306965216 23.122070548037538 36.48073011480396 35.65973184346377 70.8171351847517 24.96799057944714 65.02148884506083 30.9111544490901 55.15831909245293 35.09365240895524 42.60892457505587 69.2409431413308 100.83614282443445 43.70442595931636 10.468668568810758 26.532300101710977 60.77159393730246 95.27467693235032 48.800023026762936 24.013176020318898 34.156516037186385 64.43250067320578 97.62822997425644 66.75709317943065 51.30941952483 56.60042247438216 78.54529499846247 107.37747974719773 90.19512334505393 79.23097350357143 82.5509951004746 98.72446081822996 122.77257134280114
73.80693532923758 10.565875816769195 8.284954130410032 25.843831984603547 71.16663459487965 101.24566200400396 66.49720023405754 6.4693279354741895 59.830392881191834 91.97031065532902 35.168546392050274 59.46529613625831 52.49601458765784 95.83663541870001 90.35530929300955 60.56390453864635 16.782926486652414 127.50271574428892 37.701628587463574 91.15185790437405 76.98522431754225 20.655496574055007 54.77412432547284 27.102901036984004 65.34752972512798 85.08940427630145 68.05575928298786 24.274975140017954 60.890596340703596 86.10419875638533 0.0 51.55189653606451 65.11440069723227 108.52445098032706 86.23248918082871 60.2471264955111 18.505140407080802 111.05014147546284 34.869611378459766 75.1535054589145 134.36689882099785 101.41802349028717 70.08278621149586 43.95916063307572 36.71577495579053 129.64553876190598 95.13457444253426 60.72941547043122 26.840075782093272 12.14786187872809 130.87419198845183 96.78703632897735 63.263367844477756 32.118904994683625 21.35044361735795 137.89383716368806 106.00484256933626 76.51244460081038 53.535903111323435 47.674341934425385 149.89271462368058 121.07174831119211 96.14393493093036 78.89036606382136 74.82291857050038
34.80877419306358 46.03782478324001 48.02382623997501 25.749709729791586 70.3538421125178 61.09576907753358 37.458112539922 57.796575902233315 45.438166915902265 62.49298991776667 18.804389841933933 7.973030111633539 0.9451340127402381 74.54098509974105 63.517597350800685 65.87138651712938 34.91380322096463 103.44097358115408 14.072397514104004 67.69533962623635 41.56874791178718 33.62382562263055 39.755399070910904 25.08398161020112 64.05315552291984 43.134922550180995 41.54802416016199 27.69156300231156 30.60356194711423 62.58894126139312 51.55189653606451 0.0 13.900836706374033 84.63594183252314 42.79298416900746 61.11993742457727 50.631080717796195 84.50776078404536 16.8557714199274 36.15003431354919 117.74630669879396 92.83495318340398 75.94219209690387 72.87562533407802 85.14252295459644 102.70883814907714 73.0322570041616 50.131143006116275 45.68772529837802 63.69003685667779 93.8961042628227 60.14156740512544 28.502401812647264 20.06526185517169 48.86401132375372 93.09355968549455 58.892443124720394 25.789160190861004 16.021661382022927 47.36199328025971 100.49334010675895 69.91176071942905 45.51067579094132 40.61543276658854 60.18994592639622
27.898174744794073 59.917035978381 61.87278630373557 39.2739218579493 73.18489254080913 50.856476756073555 35.30596645179421 71.4317961329359 47.48278216785402 56.516503366366244 30.961902435992684 7.140361532209118 12.97633178455333 70.63577153568244 58.472985101536885 70.77341704696587 48.62184114721855 97.2301213541038 27.413446112172288 63.54880494333213 35.394227981590824 47.524644583308735 42.867673873151176 38.951321434742844 67.38272174355468 33.29942125348501 39.63100700868852 41.513494218273244 29.844094456908124 58.875142306965216 65.11440069723227 13.900836706374033 0.0 79.24732077767065 32.18907434870658 65.38226804661176 62.51658396165758 78.2238907345594 30.24547737988882 28.968236891055376 113.38768534948954 91.85785294444166 80.0855429259591 82.36658488685934 97.72177601562515 95.60118863441275 68.95533125616356 52.58222860558093 56.30050123023356 77.26192289464767 83.72602348818484 51.428230362954224 25.97156811180933 33.15155237870458 62.596901704595695 80.42554466763764 45.913633490092224 11.946098784075735 23.9209289698985 58.28006897845115 86.68495797386043 56.07553030706733 34.197692278613275 39.866440939983015 66.36277546372855
51.34944671145259 111.35202097485002 111.63245287480942 92.90829049571909 46.68500084711916 38.866936781441794 47.763297628653994 113.98033651371735 48.777730850167856 22.760950348608997 83.1860686514505 84.25677552384758 84.38605170214684 12.819170432177591 21.118382643270092 57.060935092125526 100.02121323991165 19.35931188612686 86.82220876083065 17.806413486841592 43.87788929637564 104.3436360039905 54.29142101987941 96.95863194542405 48.95176215460993 48.93427903896214 44.22590332038907 97.5346884230062 54.88995597531046 23.122070548037538 108.52445098032706 84.63594183252314 79.24732077767065 0.0 51.537724405281686 53.43199488984005 92.47197984147671 5.8197254483746494 88.06593169125834 50.298596836730574 34.56862606100831 30.233603184783917 55.02718876243742 86.81446960114897 120.16801840750097 21.293353886541595 13.389876826127152 47.95857664135039 82.55674252217716 117.15827238673509 36.40107270195697 32.294369150355514 56.17518854741601 87.53978913644045 120.68808930132914 61.723851472296396 59.2024822250055 74.79854755668593 100.3967145089157 130.2265971354741 88.92498405985584 86.9779923183474 98.06833400405426 118.59314376007441 144.5889967426371
