0.0 35.717391441321865 35.41719697587588 44.5956887884791 23.274339799204288 53.295375699346906 29.420036188391702 9.409266555928644 8.95376964369928 7.765515222914483 13.97226518688855 78.57833042391836 31.395549847346228 15.956607969811317 5.318323949628263 15.484564028149322 22.974964168775593 47.48417707003571 63.16882872386248 13.605307377375484 8.599774626094574 34.727249017393675 41.31123578167215 40.09819147623507 24.895730932753494 60.35077127741199 37.661685634878374 9.88527731016691 3.4229049536175133 16.539452273328497 16.846473504503418 70.79397789484241 35.613854980947295 2.13391979423662 17.741311655804285 11.511666733229157 27.46338156069885 18.56123717677642 40.50854439786521 7.221420273778952 104.88775922363664 76.66778383917045 56.1182521826829 53.060055447113264 69.83038627285741 94.10215193920044 61.249059046955864 32.28812106459951 26.989656965581453 53.00192164331838 91.06121239982271 56.511517289994295 22.131716349294123 13.450957221668272 47.61194945871124 96.50006471538798 64.84052885435399 38.615546040329775 34.24706019861783 57.003477007455096 109.15819183268222 82.36271585073051 63.61216585672903 60.86199876846391 75.87254252935828
35.717391441321865 0.0 8.966562628470758 63.28413778914605 48.65100082371846 17.663435275420554 47.572629329522684 32.09411237996705 44.096352538655154 29.12298018050678 22.678614026338426 50.53818322295155 61.433687362084946 31.93504410512891 31.306800106210233 20.3611587181501 25.06374843493275 17.11746048687801 34.14851331689646 35.81127101342655 44.24810613925537 2.0091544687445384 5.883100235834307 57.47510096965863 28.336701036153407 31.297490315461953 70.36189407261512 26.78883475668096 37.42443026456068 19.253528157371242 22.817265580716573 43.40799047706204 64.87780656712451 34.44761108547433 35.50358298151849 24.81472974251338 60.92472418814395 38.70297396169771 16.118594233472976 32.955201272827445 72.95362432072965 41.76840306962288 23.70255378435848 42.117288426497815 73.35369302465836 69.05398404462971 34.58188856471771 4.267948021051636 35.14794166467999 69.62323093306156 76.20613017605213 47.1729448404914 32.21852222448853 47.387905892387884 76.472400748826 91.86368501136052 69.51747700930385 60.17645546230303 69.31461008704586 91.5565822180287 112.52994876803011 94.96281481284386 88.13390199766283 94.40304456998923 111.5839891010581
35.41719697587588 8.966562628470758 0.0 56.4449510754228 43.985506467861015 20.120351085278 41.43574521125299 29.622103980528426 42.86739720847442 30.19406381595992 24.52924722865831 58.38153299652334 57.28891067844402 35.65744164227087 31.951380201359335 21.533809429895825 30.620507871137544 25.52738322019746 42.13617492204055 38.7943711674656 43.97405394664991 10.583243272178924 12.864594598311463 50.62607293151641 34.24889928557206 39.36827748554728 66.90588345243343 28.059626503567127 37.794812463237804 19.38618717264274 26.291548701860826 51.526277695320466 60.370678070832376 34.62412503513158 39.44102029510505 26.085265913432682 58.077950216340554 42.52856352302075 25.071891005636566 34.4568393908103 79.17731044777938 46.38619063828671 20.716128542823295 33.18861837260076 64.56514465964723 77.23753727165636 43.0239078769223 11.45989037685694 28.398142177939782 62.26100564654359 85.15603977597347 55.90310747085681 37.3308440622197 45.35255881726881 71.51884677030884 100.63157949538875 77.29105975627702 64.92976077902397 69.66069582533426 88.79259001674428 120.7930618110723 101.96639005358561 92.72546801128362 95.88308994145127 110.38028925493357
44.5956887884791 63.28413778914605 56.4449510754228 0.0 21.574260734587014 75.82329950087525 16.46443622907523 38.289990916877635 39.92672882461533 50.11223562086968 52.98441548156754 113.65620636436991 22.907188839347302 60.24253875388546 48.49914397887771 51.75161888985924 65.18209833252304 80.0761321587695 97.25121928041202 58.187984579775815 44.6234027773669 63.74336876529575 68.70730879051494 5.822336100940691 68.04182804749757 94.35721312629308 31.201998189095484 50.93904109861761 47.232348175001135 50.03778072437132 57.54678813985324 106.29524717741606 20.93033069935199 46.5464053391342 62.33171962800685 51.16533550441942 32.068420976140324 63.024559928064306 76.11234815591908 51.61829604521338 135.62096979834593 102.36465368050793 70.4189661712946 42.82490946502329 33.22572114991028 131.6154603524458 97.04614508933132 62.51506269944807 28.163198800261245 8.547068723019473 133.48361927139456 99.54217308094562 66.28918724016079 35.703122891164256 23.452380255370016 140.99205868885264 109.31863458285946 80.10725637747248 57.25894329962791 50.34685748850735 153.3139359137548 124.67395671511184 99.88375547677656 82.49042567025666 77.63576910182191
23.274339799204288 48.65100082371846 43.985506467861015 21.574260734587014 0.0 64.09563229666416 9.521126068608186 18.535542132973628 18.470126972449112 29.486027691818776 33.43718873234638 97.25735024817857 13.537916212482878 39.15399407883975 27.601566514309738 32.931947684045845 45.02373101144086 64.15762864639288 81.08153682511394 36.780195844130866 23.191472979733014 48.548828563543786 54.49047623269551 17.79165523086824 47.53731883791111 78.16993192830813 23.942890916374832 30.687006599148454 25.73627860484493 31.908482521273946 37.71976748294255 89.61821465006881 16.385310425559172 25.305906492102224 40.988510125667084 31.303659270225605 17.678667981573152 41.527453139354726 58.82173451986316 30.432905754340908 121.47063795870909 90.06879252876247 62.164905772532926 44.84841417524389 50.52822598566319 114.21369070074306 80.11097566975872 46.750603723063556 18.663298766072845 30.097636783249914 113.61367848524145 79.26112800189405 45.29278904463929 14.676475087147477 27.824682510376075 119.77072311797343 87.78421926212658 58.83822422418382 40.15754664616417 46.45583838827732 131.74049955421108 103.38720758619883 80.10641161297012 67.37897812802714 71.11668742496346
53.295375699346906 17.663435275420554 20.120351085278 75.82329950087525 64.09563229666416 0.0 61.34459726719745 48.94893075323807 61.50830464993838 46.786149058867494 40.32626474777447 43.33378667325374 77.35099733792235 48.93209017455807 48.96467711762234 38.01437466643772 41.033544697424375 18.117998667882347 28.80503933954526 53.06805400181582 61.8570641208901 18.962190161076233 12.663164007015546 70.04291051982963 43.7548950218445 26.732659808032956 86.81287064051851 44.45073384630588 55.07869137918171 36.7669749856142 40.140613752205205 37.87689916472716 80.48059909500729 52.081307095950315 52.304552596424266 42.478086258115816 77.73207112476429 55.50552707024203 24.25059559812486 50.586717299509935 60.31302569144404 26.54322652120745 12.894867587961532 44.97627458927102 79.21051616789548 62.77611807888942 31.700774103813572 21.537971541908625 48.14225191213086 81.03280620674455 76.42437648053986 53.73396864765481 48.25768066520822 64.5374185287605 91.63058074323416 96.62859592782043 79.69715163262637 75.90078411745972 86.97680556048824 108.46079016839096 120.12427753131043 106.7596853727542 103.73072286497114 111.88002229773141 129.10793928725556
29.420036188391702 47.572629329522684 41.43574521125299 16.46443622907523 9.521126068608186 61.34459726719745 0.0 22.147430913159287 26.67840981975753 34.15006609937022 36.613989171242146 97.62849069061473 20.430190526680022 44.52628515115653 32.75005048117845 35.2998238037669 48.90235350081802 64.08818336527057 81.2507091360468 42.95087182238623 31.32959634109084 47.865532724057104 53.17933890974228 11.107341957034224 51.87893556923068 78.34429205946937 31.171531111707218 34.7837376500275 32.40517656168667 33.57540915510407 41.211861585418355 90.18254388157771 21.74014780314628 31.20050041776175 46.92819144433028 34.8778446463597 26.624491141273207 47.974556153751294 59.801778674928414 36.11001150189219 120.3790454664643 87.79298166885262 57.61016951364587 36.401738855204705 41.54602883119815 115.36973724007595 80.8549991320174 46.4729918425355 13.296636016629888 24.263461425442102 117.05544747730734 83.22096397861938 50.441311537833535 23.617133120991195 31.0814743422625 125.16587650565907 94.19224577823255 66.87802508220784 49.67866610394394 53.46099556279367 138.57712688571362 111.25093161468023 89.13282559840111 76.85891323008661 79.14964067305434
9.409266555928644 32.09411237996705 29.622103980528426 38.289990916877635 18.535542132973628 48.94893075323807 22.147430913159287 0.0 13.732846573299398 12.0524736446453 14.950432954832015 79.05143689688678 29.898651561806343 22.56565665529088 10.943911427663854 14.442839865852442 26.91117015722403 46.37385063537053 63.02837298230232 21.64786707883759 16.18416802740669 31.59246904187962 37.96039081844007 33.223174520895725 29.764624283476255 60.12997346539031 38.311537828008845 12.656707731839466 12.830224751587837 13.73941878603269 19.366567284748225 71.3580717871557 33.69519291062652 10.40725209448006 25.292951593601373 12.939220772983196 28.848497794611937 26.810176575749136 40.54009430636166 14.599610886720182 103.99968680158673 73.8516671761813 49.870041060827624 43.758331869532526 61.13411962800531 95.74839949202845 61.81455589260166 29.481733255167214 17.667932306942294 46.36797417448356 95.40030467497257 61.27897710760409 28.3524103910442 15.730751763793265 45.67171075827285 103.03555234271549 72.50030122912106 47.865274446387055 41.48129103649543 59.54101698135364 117.10247632303907 91.23867047442405 73.01207324813932 68.78803321685982 80.79348372262201
8.95376964369928 44.096352538655154 42.86739720847442 39.92672882461533 18.470126972449112 61.50830464993838 26.67840981975753 13.732846573299398 0.0 16.700980581909942 22.891287587737725 87.4845038792428 23.546505127146563 23.50618524948475 14.235678416858626 24.174995332746494 31.488861558339774 56.400967444198955 72.11934713113773 20.004057472877133 4.7228798653073865 43.24112400615142 49.80481426286502 36.237909854956285 33.010350889521426 69.30344706102646 28.883901260731673 18.83788370561341 9.330285099777127 24.84919910929096 25.753188893733054 79.69789723577902 27.851175232891126 10.868662673984515 24.312579818408224 20.421669471913184 18.636733094201198 24.13390554282636 49.46221194412304 15.258237899464788 113.83971294611106 85.38222192322085 63.36845076619188 55.998128910826786 68.19687300819622 102.81119934152812 70.16231975338012 40.86806119901505 28.504116360858646 48.4727736296092 98.79559814278335 64.1920621819395 29.58928683827388 5.028454799802828 39.62195393210655 102.61973076545179 69.88404060572444 40.39292987023043 27.82513430701346 48.08042302864091 113.4936798341306 84.92456710043925 62.75622274731742 55.31093520418907 67.63911794714505
7.765515222914483 29.12298018050678 30.19406381595992 50.11223562086968 29.486027691818776 46.786149058867494 34.15006609937022 12.0524736446453 16.700980581909942 0.0 6.568331698826866 70.81378870416327 38.81435141145849 10.57610033906385 2.471625042168483 8.85793714906697 15.648745157730973 39.89055252713258 55.42202864897044 10.604159006067384 15.54390347928662 27.924366528539828 34.47869159520198 45.184154098706564 18.05537870712228 52.61171265381789 45.40673258525692 2.3508906044364895 8.43957465156379 10.81924290597739 9.088830541693735 63.029908086789746 42.96574076767176 5.874102273774773 13.61455029122368 4.309032657845003 35.2228073737082 15.647056840486783 32.78065304314 4.366202093560189 97.1774437747989 69.39118315196203 50.80969463794619 52.37291179170342 72.7944143473665 86.43328444938297 53.48383096584924 25.400269103470784 28.71712290825562 58.3011029704071 84.16771315228762 49.775123482909926 16.3026167231858 21.185870767100685 55.01600078294242 91.0162157315643 60.54986797207468 37.99278669717066 40.19263011256219 64.67049972313873 105.2135294145689 80.16621930622385 64.63849813906033 65.76035998266784 82.85825986509687
13.97226518688855 22.678614026338426 24.52924722865831 52.98441548156754 33.43718873234638 40.32626474777447 36.613989171242146 14.950432954832015 22.891287587737725 6.568331698826866 0.0 65.02077656857608 43.963997100513716 12.02949156465707 8.939277315924285 3.202047037970299 12.432210142884033 33.5137859244706 49.37595397434922 14.38176842146063 22.080984441821006 21.412561908085564 27.94659526122459 47.71446367628647 15.773280128574129 46.53077526386487 51.21699203553362 4.223363196467784 15.005743532406726 6.0101692144914844 4.6613501847169285 57.25844786533408 47.9843858912779 12.29813977067617 15.802336800913682 2.472357832405385 41.14314644076373 18.61591842210739 26.68454856631296 10.288526226468095 90.98346789866407 62.84378483290082 44.89441118775987 49.764364990378155 73.02255057825464 81.16356539955986 47.69072472052052 18.87155652518928 28.856812235687137 60.86168847898073 80.53038707089247 46.61506979069218 15.988675294822626 27.076969182669167 60.04613475391507 89.27963915421242 60.3740476911611 41.400727248892366 46.66730884113348 70.96814868432399 105.09315648270953 81.7954978189121 68.78371271602785 71.87947242378938 89.42528571840485
78.57833042391836 50.53818322295155 58.38153299652334 113.65620636436991 97.25735024817857 43.33378667325374 97.62849069061473 79.05143689688678 87.4845038792428 70.81378870416327 65.02077656857608 0.0 108.83248594586398 65.97743006166775 73.26432621441 64.70177156655444 56.69636951131704 33.580425017089716 16.409032758635284 70.63586598692403 85.57218098180675 49.93501571771331 45.54111003322029 107.8727952922867 56.462353108961906 19.298998629426013 116.18669948491208 68.79004484892866 78.5503702636152 65.3875102216065 61.73534450812882 7.787950900600504 112.7280043885988 76.61587256913141 67.37622947448556 67.45444178259706 106.03266210157176 69.74115247571635 38.51535686682378 72.61112759667456 28.826042818771587 27.3721925959894 55.33875588080068 88.14966630191417 121.95570600499873 19.44454388313085 17.33606583296021 51.16484853029365 85.61540706260126 120.15410014906207 39.23868751131158 38.098183237510064 61.30333967969769 91.97585697742974 124.72308526273441 65.69343657121863 64.82259187479266 80.51761188120697 105.63607255027695 135.0172226649781 93.3048306656283 92.47633635128064 103.88765488168058 124.20993348966027 149.86080541471765
31.395549847346228 61.433687362084946 57.28891067844402 22.907188839347302 13.537916212482878 77.35099733792235 20.430190526680022 29.898651561806343 23.546505127146563 38.81435141145849 43.963997100513716 108.83248594586398 0.0 46.95034502376015 36.53556051207939 44.13327074758614 54.34817632676422 76.26740231146142 92.89744496783372 43.54933120350099 27.480245514867338 61.15955652360255 67.31075171690506 22.491169827048026 56.24826766525058 90.0046155526293 10.75260369179683 40.523319571168905 32.725976708614425 43.63770631022986 47.74494787514007 101.104436799333 4.312185001387565 33.52328178664144 47.85554032499628 41.59957363176727 9.344628662715136 47.53435264384409 70.32702750403911 38.430596385027414 133.86284434732232 103.08962887170853 75.69993378997025 56.81801020962048 55.864930926509125 125.1029059128928 91.54133895183647 59.19237686813128 31.976542888549893 30.59578704387625 122.27771602783987 87.6775281421016 53.08212897448068 18.518376361084243 16.21735122860663 125.78795467336444 92.46679449291894 60.600696608084434 34.49084774944685 33.19081998796124 135.14065329281613 104.7284319767939 77.89662461984175 59.686808961392245 58.75319205253303
15.956607969811317 31.93504410512891 35.65744164227087 60.24253875388546 39.15399407883975 48.93209017455807 44.52628515115653 22.56565665529088 23.50618524948475 10.57610033906385 12.02949156465707 65.97743006166775 46.95034502376015 0.0 11.780633066986569 15.20792336317952 9.47407353457758 38.17439831349671 51.68836894751991 4.734044759324841 20.389191348099924 30.26033523631504 36.270499234996045 55.48214847955094 9.762325736408142 49.07545819814745 52.05382281963789 10.794657420025269 14.226131961573223 18.039647394577266 9.377913932750358 58.24015654207764 51.22912410048534 13.870338530944625 3.818367117376196 11.868888751583658 41.81869856824991 6.8771377448037985 30.099414840235298 8.738848146317984 93.54778414472297 68.61113089000922 55.304445965563914 61.680396431992264 83.33760233483594 80.11087319734133 48.943711221367664 27.713927926771877 39.1851605036875 68.54000201138405 75.3273830981712 40.72812022707293 6.180559036311023 28.503916270054763 63.09993324416237 80.75034583969511 49.97407594276627 29.47942106267413 40.44134460009626 69.25898156073326 94.64097809150174 70.08084069317435 57.10100580213013 63.28125021840351 84.51804262147847
5.318323949628263 31.306800106210233 31.951380201359335 48.49914397887771 27.601566514309738 48.96467711762234 32.75005048117845 10.943911427663854 14.235678416858626 2.471625042168483 8.939277315924285 73.26432621441 36.53556051207939 11.780633066986569 0.0 10.952287918586196 17.826528646580755 42.347073255114935 57.89155173208631 10.788745195976759 13.142360684113296 30.16873866396945 36.73970719220234 43.70284778512068 20.004668744527766 55.08242229775109 42.97845853465657 4.730055661184395 6.123346021386506 12.596163733723252 11.529844179039996 65.47932727465766 40.714730338494945 3.404412325557749 14.350178324282338 6.56612504345942 32.781521146059184 15.954127993517785 35.2522251184372 3.7781400617626595 99.64899787772168 71.78285756710675 52.63497122631013 52.75326952581367 72.0429065869742 88.81051647565316 55.936872941608385 27.66594690619587 28.226236520043802 56.77042525901789 86.19746647446033 51.728438982609276 17.790820858865263 18.76296747308037 52.74882296571369 92.50964880522598 61.591375945307654 37.733169968608316 38.064664686814076 62.20030013070522 106.16656233924647 80.51005003555571 63.93103527258992 63.93173158599559 80.51170880315217
15.484564028149322 20.3611587181501 21.533809429895825 51.75161888985924 32.931947684045845 38.01437466643772 35.2998238037669 14.442839865852442 24.174995332746494 8.85793714906697 3.202047037970299 64.70177156655444 44.13327074758614 15.20792336317952 10.952287918586196 0.0 14.571080865368275 32.48151232160049 48.80363351707997 17.54289122718013 23.927555260495296 19.27410786030108 25.857180091893017 46.34495097633593 18.14305426199918 45.92292890131694 51.89851255036154 6.596362136845389 17.064488564669787 2.8737394869906767 7.055039692600523 56.98314349606067 48.03547980750935 14.101866523580005 18.992607014890172 4.595338636394079 41.978056895491115 21.81793884351558 26.19392430351126 12.977746871484369 90.12828312616394 61.218436127617544 42.03699090371042 46.70484414792166 70.64275270477991 81.3067505142531 47.42648813241249 16.810923874406647 26.660717058239268 59.4460410305504 81.76950693328466 48.2083294132095 18.88606948386604 28.00310788844966 60.05426144231119 91.37558129529369 63.02385560920216 44.60194745863565 49.00488630257168 72.16953560177741 107.70527521972124 84.81195233959743 71.97543654479598 74.5829399434093 91.32098145358208
22.974964168775593 25.06374843493275 30.620507871137544 65.18209833252304 45.02373101144086 41.033544697424375 48.90235350081802 26.91117015722403 31.488861558339774 15.648745157730973 12.432210142884033 56.69636951131704 54.34817632676422 9.47407353457758 17.826528646580755 14.571080865368275 0.0 28.926788690273575 42.22820514216989 14.208112021475337 29.037358386204374 23.176870631053763 28.525440237130578 60.00960697936672 3.7906206046338986 39.60458281992497 60.360646353360146 14.349237909787997 22.23448327193636 17.193973363204627 7.770862232484104 48.93454107704066 58.53861875449788 20.862993955479794 11.88518038162088 14.025848365138485 50.10301867816047 14.943278791502683 20.738839272498613 16.24894630189016 84.10747367992242 59.402678932541114 48.76573647114226 60.185741641855294 85.21359981840378 71.36477709602643 39.569403941578784 20.818019990195808 41.18116188406589 73.16578532083453 68.5913867695907 34.36785595028658 7.236996030307238 36.310495807080606 70.56474690131857 76.87411850203794 48.733311939733426 35.14358303566397 49.900273582876366 78.35708849554787 93.31354581277144 71.7427892406224 63.098446091677175 72.18432036482363 93.99209769505946
47.48417707003571 17.11746048687801 25.52738322019746 80.0761321587695 64.15762864639288 18.117998667882347 64.08818336527057 46.37385063537053 56.400967444198955 39.89055252713258 33.5137859244706 33.580425017089716 76.26740231146142 38.17439831349671 42.347073255114935 32.48151232160049 28.926788690273575 0.0 17.175868645196303 42.83078789480758 55.37265787512657 16.37209252967471 12.866849791963768 74.29249190422097 30.520968590799967 14.28188949178658 84.36619703852435 37.63573379363411 48.20816241489712 32.64472880620549 31.294658509174774 26.318344128909832 79.99328286055538 45.7466593058524 40.808732862710556 35.980658103871406 74.45630810323578 43.820811119578984 8.342606738345088 42.65286192493801 57.66761320693182 30.476181136199944 30.444764339559658 57.6178079253202 90.04211214558708 51.937831264679865 17.50849024633033 17.61846706105473 52.049282119018976 86.61812393069407 60.57704687558064 35.632353331659516 35.56101773520844 60.45115998392415 91.86367555578605 79.00391780445244 61.790732408334094 61.55774274614979 78.45637176036513 104.4807845651531 102.04662084949409 89.17225683389144 88.795126793778 101.05524373984927 122.20660628789527
63.16882872386248 34.14851331689646 42.13617492204055 97.25121928041202 81.08153682511394 28.80503933954526 81.2507091360468 63.02837298230232 72.11934713113773 55.42202864897044 49.37595397434922 16.409032758635284 92.89744496783372 51.68836894751991 57.89155173208631 48.80363351707997 42.22820514216989 17.175868645196303 0.0 56.41762707156406 70.55275309488549 33.526021585448554 29.272104628129757 91.46578872633773 42.63577030947824 2.91453671372691 100.58332269890235 53.29881577655416 63.432489105540505 49.306910312851365 46.43268631144918 9.439877677414264 96.722373669038 61.28226316924307 53.58012128693066 51.838116403373434 90.51667481031487 56.2394634237424 22.691491862943245 57.59530919235923 41.9151798023661 23.28998727175834 41.506727955502 72.78761689395154 106.15135246113891 35.128281306977364 4.933022692399686 34.77825780851801 69.20674575149808 103.75198329100712 48.1509278944884 33.14966421210179 47.68774919502057 76.44720671539342 108.66950911139607 70.78395049447717 61.36822201543661 70.11797241539314 91.98794374098482 120.00755761573886 96.48528476151156 89.58603462304532 95.5855722661839 112.43772610516125 136.1711403813804
13.605307377375484 35.81127101342655 38.7943711674656 58.187984579775815 36.780195844130866 53.06805400181582 42.95087182238623 21.64786707883759 20.004057472877133 10.604159006067384 14.38176842146063 70.63586598692403 43.54933120350099 4.734044759324841 10.788745195976759 17.54289122718013 14.208112021475337 42.83078789480758 56.41762707156406 0.0 16.407461450963904 34.23098408265726 40.41320959165039 53.69635515709108 14.250517144036278 53.808519099004435 48.05981455304458 11.786556457177678 11.115971461562918 20.180687612290807 12.994030622619466 62.910364863234314 47.855078135090494 11.750449142740388 4.3133537303837315 13.416463989100473 37.88315193647999 5.167840039555409 34.79871694032776 7.051613400629993 98.26810246844022 73.23589766860056 58.865624378958486 62.9413619377745 82.78198254556432 84.54319820214413 53.6421526362839 31.65825812332158 39.01085318756847 66.60543984105684 78.9103229645398 44.33086974319199 9.92306772079434 25.03123753993724 59.57778740063508 83.03332313141705 51.25217526062576 27.456868907442463 35.718556721251986 64.75023089554013 95.65874351605447 69.72891043728545 54.48343523198452 58.90302627067174 79.78399788171377
8.599774626094574 44.24810613925537 43.97405394664991 44.6234027773669 23.191472979733014 61.8570641208901 31.32959634109084 16.18416802740669 4.7228798653073865 15.54390347928662 22.080984441821006 85.57218098180675 27.480245514867338 20.389191348099924 13.142360684113296 23.927555260495296 29.037358386204374 55.37265787512657 70.55275309488549 16.407461450963904 0.0 43.2016611263137 49.784542724596385 40.96068573137964 30.110374838257226 67.79057632126647 31.686997448958884 17.864188945031337 7.166330035641995 25.12493234405749 24.18316369263998 77.78866656052573 31.78965805964106 9.836499050389698 20.63731395066701 19.696221130017367 21.482818516027002 20.072128858125488 48.05590193153689 12.973425838418063 112.42250541648991 84.92473330509463 64.65591190514608 59.526041176936346 72.80864117058996 100.3497285806123 68.31595887910542 40.729690661605396 32.33543595231428 53.17037133776535 95.30270845424745 60.7345453251477 26.260577568992257 9.241485483210303 43.31335076961549 98.3691563880905 65.39962403582105 35.673148395795636 25.746436766551128 49.4775433223314 108.86545859412915 80.20170764195448 58.375858403175364 52.706440625084106 67.40176574979446
34.727249017393675 2.0091544687445384 10.583243272178924 63.74336876529575 48.548828563543786 18.962190161076233 47.865532724057104 31.59246904187962 43.24112400615142 27.924366528539828 21.412561908085564 49.93501571771331 61.15955652360255 30.26033523631504 30.16873866396945 19.27410786030108 23.176870631053763 16.37209252967471 33.526021585448554 34.23098408265726 43.2016611263137 0.0 6.584517308870103 57.950050744921825 26.402851882526342 30.644335853793418 69.90319512189897 25.5777871080626 36.29197261596742 18.412692132310323 21.25129172602463 42.68304570526363 64.68410943588435 33.373532724031605 33.78252147039582 23.629326774627415 60.350367253513646 36.98658150145526 14.545545607697816 31.6433858368357 72.93243065673059 42.30683423892352 25.601534067281833 43.77042850462127 74.6398272894562 68.25107149910775 33.689874549309785 2.5808599547345734 35.68148446534722 70.24621081440287 74.76821228689455 45.37096088436619 30.357847750467187 46.68522308172798 76.3692182348148 90.08505205952315 67.53047178024036 58.31123546226448 68.07953651540991 90.90783217688397 110.60360564384493 92.95367564395659 86.26889411912543 92.94604033304712 110.59077166365408
41.31123578167215 5.883100235834307 12.864594598311463 68.70730879051494 54.49047623269551 12.663164007015546 53.17933890974228 37.96039081844007 49.80481426286502 34.47869159520198 27.94659526122459 45.54111003322029 67.31075171690506 36.270499234996045 36.73970719220234 25.857180091893017 28.525440237130578 12.866849791963768 29.272104628129757 40.41320959165039 49.784542724596385 6.584517308870103 0.0 62.88780374849967 31.41977797479818 26.50580057132423 76.23979855062696 32.129590592150315 42.86207398509036 24.961491389219777 27.510828686443798 38.663188703210764 70.7397816818743 39.95475575176535 39.661411509011636 30.19159418339559 66.77813164833668 42.864837035780596 14.668437721607326 38.13633065660468 67.23137736071833 35.893090502569216 21.2465493987409 44.825928305733235 77.21501089199194 64.37506353505667 30.263123000536307 9.078422848345642 40.54420116557757 74.83381637971911 73.23307667216883 46.082511484915635 35.76229836124683 53.18943388532461 82.30503959824388 90.42561926018344 70.08186995076396 63.568229113862664 74.5999087794082 97.38659253859929 112.18340066091268 96.329168786594 91.47782410928279 99.25606288423896 117.17521027609989
40.09819147623507 57.47510096965863 50.62607293151641 5.822336100940691 17.79165523086824 70.04291051982963 11.107341957034224 33.223174520895725 36.237909854956285 45.184154098706564 47.71446367628647 107.8727952922867 22.491169827048026 55.48214847955094 43.70284778512068 46.34495097633593 60.00960697936672 74.29249190422097 91.46578872633773 53.69635515709108 40.96068573137964 57.950050744921825 62.88780374849967 0.0 62.97436987245568 88.57433234146248 32.06739551285158 45.87243470317146 42.91489999888112 44.53516772944086 52.31738116813771 100.52964114961867 21.590272559814967 41.96903012938459 57.756335128120135 45.98483662699707 31.043372468185 58.64044885321262 70.4221051183355 46.966266965506414 129.8029816351191 96.58596502360706 64.83608811659047 38.38519363643182 33.73370636016118 125.88471436235977 91.30286611772118 56.747859351944605 22.344570912427912 13.156530166244554 128.11415407353093 94.32538665568016 61.45050061437496 32.40205006748461 26.804198113274957 136.1895994629795 104.93813380826951 76.62388430861803 55.90375803679945 52.669189065795734 149.16417223109912 121.16225309449132 97.4954629676529 82.00714271720979 79.622296188737
24.895730932753494 28.336701036153407 34.24889928557206 68.04182804749757 47.53731883791111 43.7548950218445 51.87893556923068 29.764624283476255 33.010350889521426 18.05537870712228 15.773280128574129 56.462353108961906 56.24826766525058 9.762325736408142 20.004668744527766 18.14305426199918 3.7906206046338986 30.520968590799967 42.63577030947824 14.250517144036278 30.110374838257226 26.402851882526342 31.41977797479818 62.97436987245568 0.0 40.139067988551155 61.725966372264374 17.10792862395597 23.680068066055014 20.837671271961526 11.16654692805475 48.76650380427228 60.489812111979134 22.76181113851688 10.967263171185074 17.094285481231957 51.47540315256763 13.631594575916086 22.191093975478182 17.826579516754304 84.32181014965136 60.905671885294545 51.996494703918046 63.973208834056294 88.74857085140646 70.35185734169298 39.60506107931141 24.136715527402465 44.62560197464947 76.1258878988405 66.2004095652879 31.73133044069659 5.110237920725982 37.950043831651705 72.4510263363184 73.5495155589128 44.99424922716696 32.16003636397785 49.38509557949142 78.98317316129288 89.61270107252741 67.98027610532382 60.058165958003435 70.62175494046474 93.60910669528299
60.35077127741199 31.297490315461953 39.36827748554728 94.35721312629308 78.16993192830813 26.732659808032956 78.34429205946937 60.12997346539031 69.30344706102646 52.61171265381789 46.53077526386487 19.298998629426013 90.0046155526293 49.07545819814745 55.08242229775109 45.92292890131694 39.60458281992497 14.28188949178658 2.91453671372691 53.808519099004435 67.79057632126647 30.644335853793418 26.50580057132423 88.57433234146248 40.139067988551155 0.0 97.72741969351944 50.4744839904458 60.65968570504069 46.4049715850955 43.64569646977553 12.158223312702502 93.82260701302053 58.47693778343144 51.05533966136664 48.995642090793154 87.67389661661385 53.76363770621546 19.85033504964746 54.84439788381578 44.638037528718414 24.102099843687423 39.5488459860554 70.30045803668193 103.51348105689868 37.86937436837549 5.25076828540603 31.873275222287724 66.32567249922602 100.88180234716204 49.81769612365617 32.64460950319384 45.21473062775476 73.60643215943733 105.76519038620545 71.66334273745252 60.78775998557601 68.18688158708497 89.4345115777225 117.2279611841711 96.93004608148182 88.97114118404563 93.97336405395127 110.18539556598347 133.58648394119578
37.661685634878374 70.36189407261512 66.90588345243343 31.201998189095484 23.942890916374832 86.81287064051851 31.171531111707218 38.311537828008845 28.883901260731673 45.40673258525692 51.21699203553362 116.18669948491208 10.75260369179683 52.05382281963789 42.97845853465657 51.89851255036154 60.360646353360146 84.36619703852435 100.58332269890235 48.05981455304458 31.686997448958884 69.90319512189897 76.23979855062696 32.06739551285158 61.725966372264374 97.72741969351944 0.0 47.397054469323436 38.137788263548316 51.834667262762686 54.49547560191751 108.40910586869488 10.47999072410717 39.68416495806762 52.22518695072271 48.76354896965115 10.25986947382435 51.274244713767004 77.89396123707033 44.11383577504301 142.02559113697205 112.13009293146382 85.84766918548152 67.53711744769696 64.40091248343342 131.69498902077348 98.85077701041952 67.78061076065899 42.56495475208066 37.73815907187051 126.82119796123607 92.32071590148085 57.94364468359998 24.221279412231752 14.51646775347127 128.0292126104241 93.95820927597272 60.49510798795154 29.766059235190617 22.521671037061054 135.15598963426083 103.37577111802652 74.16717683649085 52.05575600405599 48.10036273460892
9.88527731016691 26.78883475668096 28.059626503567127 50.93904109861761 30.687006599148454 44.45073384630588 34.7837376500275 12.656707731839466 18.83788370561341 2.3508906044364895 4.223363196467784 68.79004484892866 40.523319571168905 10.794657420025269 4.730055661184395 6.596362136845389 14.349237909787997 37.63573379363411 53.29881577655416 11.786556457177678 17.864188945031337 25.5777871080626 32.129590592150315 45.87243470317146 17.10792862395597 50.4744839904458 47.397054469323436 0.0 10.782833562233094 8.76554489566259 7.221921912171118 61.01205872768018 44.62560052608422 8.115288704175143 14.215428071819266 2.0027115276596974 37.25460532037325 16.59216610591038 30.628221540390793 6.3987864364332 95.00249072234388 67.0617447847901 48.61988795315059 51.237885566647115 72.67434108240373 84.6084879400591 51.45438636562494 23.051224537140936 28.460700287325835 59.02127922024188 82.93715398836407 48.6836941246694 16.01516324840535 23.188826026109485 56.690481294554765 90.47328393595157 60.53873248151833 39.23377160712311 42.52607692779479 66.87655256847802 105.25707691593006 80.82071347789929 66.17926589619215 67.9865778303368 85.20226709685866
3.4229049536175133 37.42443026456068 37.794812463237804 47.232348175001135 25.73627860484493 55.07869137918171 32.40517656168667 12.830224751587837 9.330285099777127 8.43957465156379 15.005743532406726 78.5503702636152 32.725976708614425 14.226131961573223 6.123346021386506 17.064488564669787 22.23448327193636 48.20816241489712 63.432489105540505 11.115971461562918 7.166330035641995 36.29197261596742 42.86207398509036 42.91489999888112 23.680068066055014 60.65968570504069 38.137788263548316 10.782833562233094 0.0 18.562501037034203 17.029029505702773 70.76335552233849 37.00869671636337 3.1943795979633487 15.399564636895096 12.67762867405613 27.878034579433262 15.795406701218592 40.90305909983793 5.98976783589435 105.28422149818074 77.82419501376017 58.508451679716885 56.432863326785686 73.08141190195943 93.59668212783653 61.266132598392694 33.78726508240707 30.404929538825563 55.69722056916834 89.55261988416254 54.95160321856383 20.360256986231963 14.291809993234773 48.875617656480244 94.1424886623783 62.089182281811574 35.244335062179935 32.00153066053281 56.57624049355231 106.25299977885822 79.11797901913913 60.20299716245916 58.171631861650575 74.41954220858074
16.539452273328497 19.253528157371242 19.38618717264274 50.03778072437132 31.908482521273946 36.7669749856142 33.57540915510407 13.73941878603269 24.84919910929096 10.81924290597739 6.0101692144914844 65.3875102216065 43.63770631022986 18.039647394577266 12.596163733723252 2.8737394869906767 17.193973363204627 32.64472880620549 49.306910312851365 20.180687612290807 25.12493234405749 18.412692132310323 24.961491389219777 44.53516772944086 20.837671271961526 46.4049715850955 51.834667262762686 8.76554489566259 18.562501037034203 0.0 9.857460964401518 57.724143594686275 47.419505895217085 15.451605459974797 21.808053715724416 6.865166184157101 42.093990839137284 24.58478481063029 26.915264890132992 15.125465347339153 90.29275951548725 60.66927232582608 40.04453575750992 43.831440085514565 68.07092986189618 82.36048565113518 48.20592336420931 16.100462834842414 24.279439141633443 57.57264829758942 83.67132558878748 50.39298060807663 21.745401382639606 28.304075432517365 59.36520116144264 93.83865598076335 65.78504822349551 47.375787884439944 50.55760556857669 72.54302984512698 110.44253812952495 87.68334300539901 74.65876569394574 76.5130197660976 92.35421666962712
16.846473504503418 22.817265580716573 26.291548701860826 57.54678813985324 37.71976748294255 40.140613752205205 41.211861585418355 19.366567284748225 25.753188893733054 9.088830541693735 4.6613501847169285 61.73534450812882 47.74494787514007 9.377913932750358 11.529844179039996 7.055039692600523 7.770862232484104 31.294658509174774 46.43268631144918 12.994030622619466 24.18316369263998 21.25129172602463 27.510828686443798 52.31738116813771 11.16654692805475 43.64569646977553 54.49547560191751 7.221921912171118 17.029029505702773 9.857460964401518 0.0 53.94994582433296 51.84609037293417 14.88602173167207 13.149597940896644 6.432162227589178 44.309129747803276 16.255041993697343 23.874163486712952 11.358352316816312 88.260068548021 61.27781215830596 45.988199039746455 53.56932204903186 77.58378505993349 77.39881862885527 44.40986486489235 18.674671937428407 33.46787936511819 65.4698619897291 76.0344496244659 42.00975520202522 11.968870949045566 30.274420699846022 63.91149789253404 84.62761300909864 55.97081797330461 38.70991829182448 47.52903126255259 73.58250865645158 100.65924818460194 77.94803674111583 66.44002634503906 71.74556608810052 90.96891715795608
70.79397789484241 43.40799047706204 51.526277695320466 106.29524717741606 89.61821465006881 37.87689916472716 90.18254388157771 71.3580717871557 79.69789723577902 63.029908086789746 57.25844786533408 7.787950900600504 101.104436799333 58.24015654207764 65.47932727465766 56.98314349606067 48.93454107704066 26.318344128909832 9.439877677414264 62.910364863234314 77.78866656052573 42.68304570526363 38.663188703210764 100.52964114961867 48.76650380427228 12.158223312702502 108.40910586869488 61.01205872768018 70.76335552233849 57.724143594686275 53.94994582433296 0.0 105.01760838005474 68.82933429139695 59.70135693089583 59.68777427727328 98.2503333671797 62.114239407348 30.819833967211032 64.82590189947811 35.96627060569149 26.79948945024248 50.375535013870554 82.17066569328139 115.59058764407798 25.71211505469115 9.568380017984058 43.78183602647993 78.33899839559676 112.92476436764679 40.49731208624837 32.58058486184491 53.64505425162758 84.19574985131901 117.02517614272804 65.0405656690863 60.23270784991072 73.6238244366917 98.01908217574855 127.23913678472742 91.82425671701706 88.26585471248825 97.69713688550848 117.01838514312672 142.25532264049642
35.613854980947295 64.87780656712451 60.370678070832376 20.93033069935199 16.385310425559172 80.48059909500729 21.74014780314628 33.69519291062652 27.851175232891126 42.96574076767176 47.9843858912779 112.7280043885988 4.312185001387565 51.22912410048534 40.714730338494945 48.03547980750935 58.53861875449788 79.99328286055538 96.722373669038 47.855078135090494 31.78965805964106 64.68410943588435 70.7397816818743 21.590272559814967 60.489812111979134 93.82260701302053 10.47999072410717 44.62560052608422 37.00869671636337 47.419505895217085 51.84609037293417 105.01760838005474 0.0 37.745058223434995 52.162407735419386 45.64596172627641 12.78947458341277 51.84609037293417 74.2127157981202 42.682900525802786 137.51256946040354 106.41054101822081 78.30388913896992 57.74594536340847 54.15245789606738 129.14707269728987 95.46196697586026 62.78415101961657 34.14020837645041 28.001781469174993 126.5543706058232 91.95721331595209 57.368142462130216 22.82395201537743 12.067150822487378 130.08025156381572 96.70918736021083 64.6474989709586 37.42684140787789 31.891612126960172 139.26056075923108 108.63953695169292 81.27966741895861 61.68476170207731 58.29601583615297
2.13391979423662 34.44761108547433 34.62412503513158 46.5464053391342 25.305906492102224 52.081307095950315 31.20050041776175 10.40725209448006 10.868662673984515 5.874102273774773 12.29813977067617 76.61587256913141 33.52328178664144 13.870338530944625 3.404412325557749 14.101866523580005 20.862993955479794 45.7466593058524 61.28226316924307 11.750449142740388 9.836499050389698 33.373532724031605 39.95475575176535 41.96903012938459 22.76181113851688 58.47693778343144 39.68416495806762 8.115288704175143 3.1943795979633487 15.451605459974797 14.88602173167207 68.82933429139695 37.745058223434995 0.0 15.795984955123133 9.8810348513153 29.464133855024535 16.803121775528822 38.65136216228173 5.132836033798517 103.05015025139035 75.12330732708325 55.339779409873515 53.6308969931382 71.30818385936436 92.04269568226722 59.29393764359698 30.89542902029476 28.073605182370883 54.92331346581089 88.92952073862998 54.38336594812709 20.03735072262133 15.50143397272914 49.73879356736594 94.49429195959492 62.999061217634626 37.462337278032194 35.11134024126976 58.796430265384814 107.39615474502932 80.93025779827767 62.930625960375565 61.364527417801334 77.23814635117814
