0.0 87.89124707817001 95.42642682300165 102.90882349037281 63.124896323988445 18.506177145936768 52.4176552412449 8.204106159533923 55.20175593468115 22.846310003525375 21.348142753288418 124.08038611542943 28.05409840685309 106.3933520961643 71.58454258621263 91.0557922408841 61.326772859364354 51.32383199874975 9.327054993632515 15.6609213379036 46.95350415878473 83.72985663931836 93.9163329594226 91.75368309801928 63.314685120072674 14.462734993710537 51.471599237946585 30.686144425102693 63.430749534500684 34.142716707776025 69.41601091994829 107.23873973434458 73.30032692848235 101.44742220030786 84.211482459734 80.74147902531952 74.07007784070909 60.29298252671953 27.872491777941587 17.468858436577936 150.46977971865098 134.80107253809135 119.58344108812825 105.0131671955403 91.40036577541342 79.24004114886206 69.3010610090954 62.649706074966055 60.382364679665066 62.97435935458904 145.305529914208 129.03827156434164 113.07854325824826 97.57736046512626 82.7926839669863 69.18539350930452 57.59610876872252 49.46420654772593 46.634822047710486 50.01608180779204 141.34649922883023 124.58416870115401 107.9921553941353 91.66299390478817 75.76682364915622 60.645090235651764 47.05051182634062 36.72033014898237 32.88955638381976 37.600152682631006 138.69599259221266 121.58274584214816 104.53162974686305 87.57894127166088 70.79542426430466 54.33806258118281 38.62602489568123 25.10032588005475 19.151885683168455 26.500469751592355 137.4297792661184 120.14296957104933 102.86124395382464 85.58768217608669 68.3284760183771 51.098174056318506 33.94082513676857 17.077742597341086 5.480185732244508 19.160611714703457 137.5861020127872 120.32093436729542 103.06809538086537 85.83501955698289 68.63659474183588 51.50754266775796 34.551194250006105 18.255310324742695 8.452274517944918 20.207394501139156 139.16016476649244 122.10956473709726 105.1411020358749 88.30214079530927 71.68400097308506 55.485449595419844 40.21673075938297 27.474478048633728 22.15896319873023 28.73853773197982 142.10484139657638 125.43995600725863 108.97378789634092 92.81216302139072 77.14671757115475 62.35255993563027 49.22168932905365 39.45142509129305 35.899337801196104 40.246953163115464 146.33737406949786 130.19380047697024 114.38936053010697 99.0864643105593 84.55785300177347 71.27857382770303 60.08278586866212 52.325411770287495 49.645319664467756 52.82109711794403 151.74998265719705 136.22208957156545 121.17570705955164 106.81451268264455 93.45492016275202 81.59042793667889 71.96434954077378 65.57004746622827 63.39312652608142 65.85316775194907
87.89124707817001 0.0 66.82228731875337 32.61882181349876 84.46070134391603 69.51239676182597 39.129267643105514 82.17534501520927 37.17425479046459 67.44245528759735 69.77191573276863 36.47484202201098 76.29474736092071 29.481489016896482 17.08494832939321 39.71920063089765 46.84069108201937 76.76818021234487 79.2124813463526 73.87283038262136 65.2305521262022 9.656875517247098 68.29528378326593 4.267839588473241 81.38858686644853 74.48592878996268 37.82462384381646 63.58761135115772 28.273487805603473 59.27208620292968 23.467690053831973 25.9738192682243 17.882197322430766 28.43395031539543 7.587188279299791 59.17487179369051 35.580648142789926 36.269577096710734 69.12768250393577 75.04372852613638 62.67728787075631 46.96520442106594 32.889656663523205 23.58897374320808 25.097030237967914 36.0831435571468 50.72313721411374 66.65126500196405 83.1303595654446 99.88810396705847 59.00798387534326 41.96751757609815 25.284701720056585 10.773717545653811 13.839908870573982 29.423228994259954 46.24524808518089 63.32639872576663 80.50189947937125 97.72201442400988 58.6225488896759 41.426332152382685 24.380160201754215 8.447300510541302 12.125799724421194 28.660541003043626 45.76605358566282 62.97896608877093 80.23018220719158 97.49937211575953 61.58267851238186 45.50095013000419 30.77268868320784 20.549744790675692 22.278630775869654 34.192023977077525 49.40205819755176 65.6562559147232 82.33854664354313 99.23326217555312 67.44928653466565 53.1399461589297 41.194776042713784 34.18878968906922 35.205754918547576 43.68895844661097 56.36233735981612 71.01696365553475 86.65340877667589 102.8247317031514 75.54821199389623 63.06094263760536 53.334183248867305 48.07379936140395 48.74779721230605 55.13898572563044 65.5970290970967 78.51328022351063 92.86766165850048 108.08872493225775 85.24545755655998 74.355940144724 66.2534418254147 62.03971462668813 62.50622966270733 67.55609684374508 76.28445852978979 87.59854978069528 100.62995653339772 114.79531914424268 96.05806124558138 86.48815971137778 79.57347447430288 76.0418262506515 76.36403780103892 80.49384218144579 87.89616839722666 97.83097484068405 109.61180724134724 122.70811857225057 107.65033064669568 99.15060484198928 93.12231308017616 90.0630998101095 90.2753161321584 93.73674551345114 100.11091957041674 108.88750605841571 119.53851150946745 131.6096367714648 119.79600183659998 112.16369418914148 106.81276685912694 104.09563231225196 104.21849548717523 107.17158937636974 112.73271472692565 120.54144930980092 130.19400010953376 141.31303887780538
95.42642682300165 66.82228731875337 0.0 43.53509864826388 44.85952425317891 84.3069987696591 55.36080841983131 87.22491159613307 53.32256987777834 88.41087210674198 74.94670637967334 79.76939900149877 68.61273564091779 51.42744301896812 59.89014891165808 27.801673619748964 37.68750475234259 49.14430223437803 91.54786714117307 80.71845044033594 48.70413897600208 74.113022459169 2.8536097773928133 66.17467454779374 42.092070009321496 89.72098165133724 59.93561647775615 65.6416747818925 53.10196264744199 63.3453125907214 51.717260387297145 57.44607705676852 73.93724180066731 46.82134495531103 59.5648685457755 14.91347490115295 35.08937222912731 47.131075093923634 67.57704518810488 78.00625678889678 99.96616785459229 93.16522887863105 89.24662558504127 88.59365459630926 91.2764276321796 97.01861675895302 105.3209993491563 115.63342492077591 127.4689772531679 140.44310774115448 87.57813582700474 79.79397376140203 75.25232923557557 74.54820115438422 77.78587255143927 84.51352598815096 93.98466158978205 105.46271182614112 118.36526935326394 132.27613852623927 75.82274199187417 66.74593224571427 61.31595633963601 60.52246933803036 64.5367170698394 72.56515808495631 83.45724802440023 96.24561335244334 110.27247930846697 125.1220086836879 65.044116107105 54.25505320641016 47.48881651349971 46.53458634707247 51.71509350625347 61.49908294765321 74.08459116108168 88.28147726726745 103.42830824355694 119.16339119085113 55.81127123255219 42.81207511955315 33.905134016060465 32.6335870912471 39.73729303099825 51.88316167688211 66.35797639215072 81.9366105789175 98.0945657637302 114.58703272341336 49.00598896017804 33.50856962398059 21.042184881263225 19.01144058119369 29.6446997527618 44.66423172905147 60.90723266164916 77.60928041842598 94.52736030170082 111.56323456264222 45.72542033210715 28.52143592114195 11.612238419468106 7.411436221738405 23.952624580175446 41.124695662579526 58.37350849530419 75.64658568905769 92.93039809674929 110.21989559999389 46.71813086397616 30.080265826504558 15.025781804452462 12.05980643927664 25.764643016098354 42.20080347593717 59.13300165009834 76.23141767109847 93.40481401934285 110.61827430249738 51.738715759864114 37.374766776541854 26.749997373116834 25.158740272168487 33.89797559538453 47.58039482386908 63.06683659769745 79.30743010558251 95.91987148689616 112.73990290349104 59.78076530465318 47.84994974842227 40.05248818518594 38.9550029797609 45.04985053159334 56.037417294917454 69.63908076339996 84.60329384991981 100.32217810122147 116.49063411070472
102.90882349037281 32.61882181349876 43.53509864826388 0.0 76.83516772450432 86.25233287641899 50.694401850659624 95.62797859779515 47.86072564860569 86.79972305604471 82.01178737945702 36.329955434579865 83.16505151602615 7.896715079854633 37.52792564944926 18.040656852703393 45.27933929460617 73.99977515933746 95.71619881075219 87.36976801837099 65.931690763507 42.16027595227878 45.887740232596485 29.80841236209381 73.55217601704716 91.8949226424294 52.63668825782108 73.4203442691466 40.56404694805376 69.37197713519717 34.9962747027217 14.009786204226245 47.736751622435676 4.35755376866391 28.28706702564558 42.96823431599258 30.221127334020323 42.642228293248344 78.0238539689312 86.84274132648628 58.534222418837516 49.83683382576417 46.25870629533771 48.93596735774388 56.99379777756562 68.56063126638499 82.16769696598335 96.95980497114518 112.47035265089913 128.43932326387244 48.04203934035107 37.02166497661892 32.12286332343677 35.942475643206215 46.37405847482933 60.06624326729857 75.259965438129 91.20789303470411 107.57511627862227 124.19597444833809 39.917674796098524 25.675929649923216 17.99438754001624 24.22921005294926 38.06603832726318 53.94167169595993 70.49181962493054 87.33384990905351 104.32649741567877 121.40653525754514 35.81082248486654 18.69944368595916 3.954353719309629 16.74270481619371 33.81882534681753 51.04724540232877 68.31283269300668 85.59309837812916 102.88064638910586 120.17233394153567 37.08132554284195 21.020361059754446 10.36337469857572 19.278396515219224 35.13725501865413 51.926003979529355 68.96887826621118 86.11512950862326 103.31330007424658 120.54116929545229 43.2579303156947 30.591031450755906 24.476203532895486 29.343969358203346 41.4941345270382 56.401848610810646 72.38290210650548 88.86006511373564 105.60136595050466 122.49855702435829 52.64104334656595 42.79636710780533 38.60938891326933 41.81563186811737 51.040332154375356 63.72119134080231 78.19444498691647 93.63257183823697 109.62870095185956 125.97044064630923 63.83184657482083 55.937432183690916 52.746449502535825 55.08247892618824 62.32712866691639 73.03398102687427 85.91829685680251 100.14312266953448 115.21300375379965 130.83626172525103 76.03621228430929 69.48521116914338 66.88479038249034 68.68513244137485 74.56816527920078 83.6771578638867 95.08950438083178 108.07799294170394 122.14083220754176 136.94745285992536 88.83725567222518 83.24121330373615 81.02359244126755 82.45742425591449 87.36310686266458 95.20545892518933 105.33056403457083 117.14801480224114 130.19780476304598 144.14562323513002
63.124896323988445 84.46070134391603 44.85952425317891 76.83516772450432 0.0 59.92190504859216 51.2653428811266 55.5886714348275 51.482078648769885 66.60013827154329 48.01669817658519 110.92346498244204 35.64931121400954 83.88647013170056 69.72046964373376 58.985383424300174 37.64792448211026 12.92709092118365 63.16191953495797 52.44252100080845 24.23078257032027 87.38191168127136 42.26325362858843 86.10462623776536 3.285821326221959 63.73172599617197 55.57720652163035 41.69896199686168 58.18982512441036 42.589841435991524 61.46969035085485 88.30391691682478 81.58839780872084 78.21875113608938 77.1913118125831 35.39775829939938 50.433402852853746 49.321426739086796 39.68675430273684 48.21762624378596 135.15158347009827 124.35376694806149 115.1539468880233 107.96141396220595 103.19673259098629 101.2033972878328 102.14378551997589 105.93980135254408 112.30224126438615 120.8263570866292 124.80844098846075 113.08123884343753 102.93814848017314 94.88853695392945 89.49906523057372 87.26400809360314 88.42289149108711 92.84871873280673 100.10912845641352 109.64244994099808 115.26564659874268 102.50306410004063 91.24842031830941 82.12403709306909 75.90209433170628 73.32520424294252 74.77118715490431 80.02226238826923 88.40295088178722 99.12259161663411 106.73823253601108 92.85702293828591 80.31500120781335 69.8374427898958 62.47186325452695 59.3876693292351 61.23522781124247 67.61144332628069 77.40515292228821 89.50142130509334 99.48777307718976 84.46324186687762 70.4908854171082 58.33175886899819 49.34497668869773 45.45286373768151 47.91348855418538 55.89405527256557 67.4632634106541 81.09957996745167 93.81093098927413 77.7286112381978 62.30322601168014 48.17007029794981 36.847362296836764 31.524740739356037 35.051379200747185 45.41032728131311 59.11264837924239 74.33183239797975 90.00604040147138 73.1131703386582 56.46854113700146 40.38030079505047 25.906627327098615 17.619593629108856 23.41919966338065 37.218004233390964 53.10944227134071 69.67609325026754 88.31543802117415 71.03129737222437 53.75860266501693 36.51360096204125 19.37039727373017 3.986861732840248 15.977840374069471 33.066618214891186 50.301338331368356 67.57041938814768 88.85990621879773 71.70404373569559 54.64036896162529 37.7939549380759 21.67738953044565 10.495164660345713 18.684239964267896 34.44947375849415 51.21664513444878 68.25127334201976 91.59959034488392 75.05736704484858 58.952883282751735 43.77199161960457 30.907001742977055 24.35588155986847 28.807739928894527 40.807762698916555 55.67200208880031 71.63924092299068
18.506177145936768 69.51239676182597 84.3069987696591 86.25233287641899 59.92190504859216 0.0 35.58706539752859 14.630242678919743 38.430698220313005 7.4585824596010015 11.96696328797845 105.81157642698831 25.624053725873143 89.17702303022858 53.43109574494134 75.90477506595109 47.72298582536817 47.04625492111577 9.749587143135638 9.281642920079817 38.60346786573264 65.22376564910171 83.22327202084892 73.42682842762416 59.144352095126905 5.723944139753912 33.896286762060434 19.41419078328037 46.03596006513464 20.989154000751302 51.9517502269146 89.61821465006881 54.801622208578074 84.4575812683388 66.0936133666115 69.39367093492406 58.65968119302456 44.14053451087019 20.23665659811497 13.689857957628591 132.15519263825672 116.36938121840068 101.08101588382698 86.55409639369756 73.24310463628731 61.93701716316526 53.91230617998043 50.75017600560223 53.32283672103728 60.90788464350748 127.33245662125974 110.88790725493439 94.74918648198933 79.10370155868056 64.31243860573382 51.122312315992446 41.10472931108653 36.937969964375505 40.47141431442126 50.101537164849404 123.92100277564765 106.97156989503235 90.15613999378076 73.56665934592928 57.399373969609925 42.14301689465117 29.259025786891836 23.127003333175235 28.50152544189891 41.091685266221575 122.03929074895925 104.7960471833507 87.57595390375859 70.39600185534941 53.295024443763424 36.384548394772104 20.1500439581343 9.323430663397744 19.145276841929487 35.28271630090629 121.75829259640925 104.47018142807043 87.1875524565603 69.9144713435742 52.66033428752798 35.45281110767078 18.422983681760908 4.541403327400748 17.336547083186435 34.33949460161363 123.08897553934726 106.01103551921797 89.01963467791616 72.17591716340749 55.61423048527094 39.68922020516206 25.617137281090955 18.329026118081938 24.786702652353917 38.62020212648074 125.98026062200003 109.33969719198832 92.94095558436061 76.93881722023718 61.642927356803675 47.73707069607342 36.830882040780246 32.1388915948028 36.16643971667514 46.70998713765827 130.3282854754828 114.30003371513426 98.70276918222791 83.77755550383193 69.9558731875416 58.03165348462178 49.39862998643462 45.95084013006664 48.799979493434 57.00964404564231 135.99333700893936 120.69096362942774 106.00530995700983 92.23144161970748 79.84264496354817 69.58270714788321 62.50883426582904 59.76329673530052 61.924510173938394 68.5298061580441 142.81870181308483 128.2987950250318 114.55420993906881 101.89916691572343 90.79042028570892 81.85992675257923 75.88070766254215 73.57583148150574 75.28353841649688 80.74965219888612
52.4176552412449 39.129267643105514 55.36080841983131 50.694401850659624 51.2653428811266 35.58706539752859 0.0 45.49058474274166 2.845226392315494 36.805571403266704 32.12944654007134 73.45436384999446 37.17602074154282 53.977546956989904 22.093415267609682 41.08173898170778 18.542849450037355 40.844414788481714 45.02266556283788 37.10295921472301 28.37202941300137 38.7204903935514 55.14603752612735 42.27266209560678 48.736517702483106 41.260460886325795 4.865472687598403 24.7671012596481 11.440140683244618 20.428846116754297 17.35920939974969 55.03829881374889 31.047138420309402 49.05499499615893 33.66486425973058 41.39811907507171 23.972226402204374 9.090701011343837 30.18381362835957 37.26275196280783 99.8587745842017 85.32173084472137 72.01751150931597 60.761398030975165 52.87791915887216 49.9890237530596 52.91910783780927 60.83307299679098 72.1082164758271 85.42381584454814 93.50827726635809 77.82957417714627 63.006305497288615 49.8081686565502 39.88257782784925 36.042940783170714 40.078352801128204 50.12147606598156 63.37789503908651 78.2308124258892 88.96049568170821 72.32851107851263 56.10319457300727 40.772963730536716 27.85699023753759 22.09752118418787 28.271897416913397 41.34018781146783 56.72242305005261 72.96962812473052 86.50030254651698 69.29446059164424 52.152233646717455 35.16677348877584 18.76863656472256 8.156884025663038 19.48130060186233 35.93355906243695 52.93045945640282 70.07681276464844 86.30644083962298 69.05342154121004 51.83301806051973 34.693831361636185 17.87108128829057 5.814000073345679 18.626408292275407 35.47952949892688 52.62475063727671 69.84729904855766 88.39382580152176 71.63359732400548 55.208584276066446 39.53877813538284 26.026022777598364 19.75106157469865 26.48710425030958 40.146489713695665 55.86256588813119 72.30645604204089 92.60830016338369 76.750953034481 61.67518419565788 48.12126266909903 37.7649509159356 33.696218423752086 37.991930406586064 48.47727753844151 62.09198112938661 77.19773199411152 98.67764331514336 83.94268127482297 70.38588375785552 58.82749330682768 50.65449386719843 47.64224987345239 50.718760246920624 58.93813496242635 70.52458655319576 84.09776042065121 106.2844859165951 92.72729141273415 80.6164012586277 70.69902887869964 64.00309500731268 61.58842919274418 63.94191117092566 70.5882168052392 80.47061359853164 92.55829464428314 115.12436298728895 102.69672381975094 91.86022405709983 83.23863282961628 77.57399550298135 75.53452927589643 77.40730585244492 82.92769403176175 91.43740715353486 102.19237724767329
8.204106159533923 82.17534501520927 87.22491159613307 95.62797859779515 55.5886714348275 14.630242678919743 45.49058474274166 0.0 48.2134875366423 21.017749183621373 13.641642958641011 118.04964844584818 20.14692737815594 99.3925525496907 65.53280964775361 83.30717705560656 53.38061607100774 43.517451191809705 9.368443271029262 8.41262530968766 38.760282288477846 78.67368540023209 85.71223759935613 85.90751180820048 55.61048597361341 13.14446002258661 45.01453310995927 22.76181113851688 56.72536490865514 26.43481261682223 62.71700109531875 100.51167559642222 68.46723885219218 94.33161466935829 78.05220793790913 72.5505155316287 66.4442759544036 52.99057076277813 19.688125314634547 9.32928607238789 144.49053403554154 129.13930922368772 114.34641247897262 100.35904048310562 87.56406835559237 76.56166944466177 68.22467655143943 63.60988802379574 63.53363927734975 68.01119677541351 138.8389673336188 122.81305384358781 107.18458489813456 92.15598725465703 78.07444163120341 65.55312797645983 55.65526427493315 49.96504776550157 49.94201895855956 55.593220988333215 134.41890100183008 117.81665934275061 101.44849395933853 85.44902615334783 70.07126836785346 55.831323351112566 43.85200246321867 36.43579297127534 36.480725532904145 43.9639295095218 131.35477928174365 114.3246934500633 97.39047349262286 80.61255748477936 64.1137724976228 48.181723984226366 33.63171911934584 23.225370576063774 23.376365169209844 33.944106429667755 129.74275244705484 112.47741453997239 95.22535928773274 77.99540128874526 60.80632774431511 43.70640303382803 26.866394239201515 11.492167486394553 11.876446796685848 27.363175333897086 129.63702519373425 112.35600110881688 95.08258042501855 77.82182628565673 60.584565886316994 43.398802194074044 26.36542947076785 10.272737781569198 10.70681292139776 26.878541169355444 131.04124503052694 113.96597095327954 96.97107230762836 80.10772051882184 63.480836494729985 47.340236697588196 32.42053534866244 21.442852124286045 21.615096469483944 32.76187688117016 133.90789878152674 117.23599360850385 100.77667947230995 84.65404975873457 69.10416226830355 54.61840744972671 42.304417136655594 34.56682041572047 34.62332343259571 42.442809342316835 138.1459365207197 122.03264772076052 106.29363600394915 91.12304655343408 76.85821221431698 64.10664996710626 53.952228582753875 48.0700112547636 48.05529740863237 53.912891315925876 143.63396055158626 128.18460431727178 113.27208930289515 99.1389677048775 86.16959377967638 74.97038174622598 66.44255156882076 61.70382850175764 61.6344669619296 66.2491347618782
55.20175593468115 37.17425479046459 53.32256987777834 47.86072564860569 51.482078648769885 38.430698220313005 2.845226392315494 48.2134875366423 0.0 39.613202831177794 34.79233423451335 71.05340553112019 39.299712619057864 51.207956104936116 20.28345459327701 38.33032638576586 17.188795783495543 41.54718472675818 47.85554032499628 39.83960720277496 29.225467245108895 37.34822880399251 53.214826414066245 40.168622770552155 48.83832398337509 44.105388881746244 6.627662219403244 27.185146349187953 9.073559094432238 22.86207177277845 14.846976006235703 52.36495036051311 30.265855923965606 46.25255518096803 31.43117710025792 39.60869841457863 21.29041316564577 6.493985581717075 32.512011376359716 39.88819533290613 97.42616721596116 83.05617834917989 70.02500098781358 59.223087244354694 52.05716723341105 50.11211985423042 53.95555347254601 62.529035200063994 74.21091586640082 87.76867962076294 90.90067734579505 75.33279164666469 60.71106208358013 47.909746692712574 38.775788888144035 36.20064898010049 41.42607121390588 52.158019256771695 65.75337083547731 80.77908012865808 86.21174171429308 69.63018301675744 53.50674316698021 38.42254470528623 26.235920392800594 22.339791763553322 30.141670046279863 43.779966311856406 59.35959760039347 75.69114482011969 83.66877387775803 66.47058941080108 49.34499030432516 32.407254693328674 16.25563048597395 8.773492198170182 22.100137676568828 38.71138440318306 55.744414577708035 72.9041940351774 83.46818106564501 66.21907774818216 49.00723113527398 31.89301785015351 15.209665017808874 6.6495616877216905 21.34977446356345 38.289979197851345 55.4539951907698 72.68343756716537 85.62642975656387 68.9075022617371 52.567232631426805 37.109240205366746 24.281457004399606 20.019847238484708 28.472988887898477 42.653717218117116 58.537849058292814 75.0515265382698 89.97390275599093 74.21702560932955 59.327385043848146 46.15212188827339 36.592432364073716 33.86298673732895 39.4094614040867 50.578824012228054 64.51385309851302 79.7782242064907 96.21423730202596 81.63776365146896 68.34450873747963 57.235668262838594 49.79532101458318 47.76953731208112 51.79754648349841 60.68562741704819 72.67191586006376 86.47757952699547 104.00720035329954 90.65263379591481 78.84793736739496 69.38868326009299 63.33463844394103 61.69650244548994 64.80999402987156 72.06182875273933 82.36609693882072 94.73191442748772 113.03201178479318 100.83487170402105 90.32049890311855 82.13768441038664 77.03305385698388 75.63246049833013 78.13534593162602 84.19430500275297 93.11774918824277 104.17214090331431
22.846310003525375 67.44245528759735 88.41087210674198 86.79972305604471 66.60013827154329 7.4585824596010015 36.805571403266704 21.017749183621373 39.613202831177794 0.0 19.063818076801518 103.91407277631835 32.91699724773468 89.09174273402982 52.17511402718776 77.82574411880064 51.11246391126747 53.678663433283965 13.535418662034388 16.720446121935943 44.446857601937445 62.25989258042926 87.51936545490302 71.50979900297476 65.64631625995946 8.4284715053737 34.19359733404675 25.268396154404115 46.23912038062477 25.89388664382345 51.94033189115438 89.00063771378622 51.655578671595194 84.66630345283772 64.77774118336708 73.54941598475712 60.6118049952158 45.77467797756832 27.024022679583997 21.148362165017886 130.06329137410378 113.89465833302552 98.11335796560425 82.94078132523562 68.78095509446727 56.401868249927794 47.225269529206024 43.33573356787313 46.09175530821926 54.494205129213874 126.00471350604658 109.25879587994824 92.71726081648893 76.51278164079889 60.914943819645856 46.53777317209947 34.92288087026511 29.532358693027728 33.51749001517181 44.42289262416928 123.41858461194293 106.27981951558905 89.20406626590008 72.23602448896783 55.47461963003819 39.18591591091182 24.338261688698132 15.744152941980419 22.407992218846005 36.81127914488384 122.39831132481427 105.09875875859615 87.80014326093915 70.50315459111846 53.20937929135004 35.92345847015647 18.66722472564762 2.2692016379192848 16.141463991973485 33.38649472690377 122.9828857342625 105.77587262864421 88.60583040279091 71.4993988548262 54.51649104692757 37.82386098467456 22.089681477251055 11.999020793873303 19.967770945363153 35.385875110113794 125.14981293028961 108.27629657297051 91.56280614343409 75.11623582489528 59.159620067821486 44.2264938145954 31.793320214169427 25.77514329590504 30.27558686788225 42.042533879908056 128.81923531247617 112.4784642323083 96.4734178853982 81.00334384481626 66.44297542192766 53.53972511402992 43.78402975126171 39.576334733165936 42.593863340498835 51.5838543665838 133.86760606898198 118.20096218518407 103.05871420067955 88.70980379126841 75.6072722021267 64.51503341453233 56.62701712782056 53.383032949874455 55.60195096330793 62.70650126388121 140.14591813778964 125.23547853283642 111.02100349474814 97.80640455673716 86.05355164057497 76.43968962768348 69.85363250336772 67.19170499983555 68.91017262396309 74.70736231927006 147.49711174467035 133.37448479696232 120.08659283993508 107.94214991947493 97.36994938756368 88.93248969914953 83.28114895217988 81.00119248605986 82.373041490004 87.22456139857879
21.348142753288418 69.77191573276863 74.94670637967334 82.01178737945702 48.01669817658519 11.96696328797845 32.12944654007134 13.641642958641011 34.79233423451335 19.063818076801518 0.0 105.21942028238294 13.933343206119222 85.87974784502843 52.87235828975035 69.7333110312688 40.008246331980665 35.18085955333509 16.679570822301837 5.823675049333128 27.56183962976907 67.06333072714494 73.62352322448781 73.3478553519382 47.33365503669434 15.924165690658198 32.11201545981864 9.432513252959195 43.486767593437555 12.818561950704975 49.45827228782644 87.15543979036747 57.254240699574076 80.77021203874921 65.21298954028823 60.10821557584465 52.817735377950385 39.38839865832907 8.417239363697774 5.273075565298794 131.66712480638512 116.63780063485892 102.32896174405829 89.08844694679647 77.46600183773965 68.2928004695079 62.65402497338561 61.5291978580288 65.15253354286357 72.8186662833523 125.62679540973299 109.80600221865485 94.50569834684603 80.02498619560853 66.89822352100427 56.08429997970252 49.13479009412239 47.76723762671595 52.420347985384275 61.7477066360133 120.9249991291403 104.41950876947664 88.21972699879885 72.53078432504671 57.770382904985425 44.86454758933102 35.8740315980655 34.05543538320672 40.389444642438676 51.97643524932652 117.72229793396626 100.71057620489536 83.81773412272642 67.1335729181158 50.86386081906768 35.58173305944603 23.317349400250016 20.49510927159293 29.918420588654072 44.37213024454958 116.14282037258249 98.86823596791416 81.60523799602991 64.36315000875018 47.16490978886464 30.08580690992079 13.582940224364586 7.908867083604709 23.223210752254435 40.18455278375179 116.25277022922545 98.99678206450118 81.76021303899276 64.55861923201708 47.43006959748872 30.497885022108083 14.468717411897263 9.342370159432196 23.747195219090518 40.488170930247996 118.04742542897057 101.08869433191182 84.26959649252915 67.69429048545332 51.5982590378129 36.61905251737942 24.86445211482769 22.23146983107057 31.12791067372032 45.19255132368081 121.45210123108431 105.02669120518937 88.93428051962147 73.39423718340808 58.845809249585336 46.23474770314137 37.56570162553097 35.824843288128946 41.88513183914598 53.14147679807584 126.33665197873871 110.61372629105551 95.43869708307884 81.11963390163741 68.19785007278485 57.62117797985842 50.87391469310661 49.54605824766949 54.03859941599261 63.120758970630604 132.5374948075539 117.61495895480789 103.43627800132924 90.35232504451785 78.9095410769602 69.91840031938422 64.41384736175844 63.311916408258625 66.83073982289943 74.31682723195665
124.08038611542943 36.47484202201098 79.76939900149877 36.329955434579865 110.92346498244204 105.81157642698831 73.45436384999446 118.04964844584818 71.05340553112019 103.91407277631835 105.21942028238294 0.0 110.1500870182546 28.452702875293923 52.53188315679684 53.829459062723444 75.59823464435877 106.06069481310034 115.54175697945274 109.67092953751254 96.06311426080795 42.97666867382058 82.1785235038354 32.4231172035895 107.65310292074406 110.87880640726608 73.12284853826739 98.2138074746802 62.02532516964608 93.87858288681144 56.22553563109717 22.937799264882386 53.37277578408555 33.60326512882798 40.01575110408916 78.69360560932193 60.95576461603106 68.2345212975227 103.56435969435081 110.45451218982619 26.44956080984229 13.58924405854413 16.385015347674877 30.838008830266567 47.24626690114402 64.12604439983579 81.18375632741844 98.32684221135094 115.51729911068392 132.73672353616627 23.60658306143085 6.5581467764270664 11.289880274564311 28.471513592620525 45.74392154224933 63.03252503302871 80.32686753622836 97.62389905393326 114.92240541760577 132.2218077686469 28.633542223069643 17.447588606340343 19.68931829969819 32.70523598801103 48.47997489625406 65.03611127535046 81.90113474575901 98.91717886382841 116.0178131796478 133.17045458517373 38.56685709697428 31.127014189672437 32.38963716608249 41.56916184497935 54.82345186655501 69.8708492141304 85.77277716401679 102.1308575897879 118.75674245514777 135.5519262934322 50.59475724882819 45.12668643737226 45.95334584123341 52.77978738704704 63.70561762203978 77.0052548455727 91.65105906709307 107.09214620704381 123.0294384562845 139.29271865635283 63.53853548991518 59.219790700199525 59.795637871434536 65.1363921768827 74.22046511960423 85.86793277171711 99.1797504194362 113.57218183374452 128.68315607577117 144.28709369198234 76.93717941505899 73.35235126837593 73.75969550367228 78.09676887628112 85.76948945162025 95.98121022417959 108.01420042918416 121.32777775484965 135.5451186765214 150.41015962931982 90.58893408636361 87.50510071848761 87.78728003439568 91.40430313250896 97.98756521835047 106.99091295161587 117.8610375860462 130.13096909051532 143.441940379483 157.53027521622573 104.39439263714705 101.66944903355774 101.8519885985293 104.92683812125293 110.65314363549116 118.64762153426727 128.48759105523533 139.78385841548655 152.21253611072854 165.5187248639432 118.29959444070755 115.84097702592013 115.94014752738619 118.5906893304783 123.62861044084987 130.77829704830293 139.7159281279615 150.12250364079625 161.71468565678288 174.25602125433343
28.05409840685309 76.29474736092071 68.61273564091779 83.16505151602615 35.64931121400954 25.624053725873143 37.17602074154282 20.14692737815594 39.299712619057864 32.91699724773468 13.933343206119222 110.1500870182546 0.0 88.10122455357752 59.228062671946 68.66930584478158 38.30910333461473 23.378613390492113 27.545350692851436 17.144021465067727 20.003786249198672 75.14486057668306 66.87263956941463 79.43459617258068 35.512596108067626 28.556487548643265 38.886618409161706 13.420082555174183 48.36922382292405 17.413309556865876 53.987758424697994 90.33068754171408 66.1612224984042 82.64295228494213 70.73030650995541 54.350986719768464 52.982354341951286 42.05129934028834 7.97079178160236 12.710344919868922 136.40721891874568 122.33038160689735 109.184252824278 97.34662693744595 87.35110988798706 79.8921331108065 75.72301750084446 75.39153625013614 78.94604492421183 85.905518986521 129.08173722832396 114.14376449323974 99.97098700955243 86.93844201135384 75.63783669713345 66.95197656962821 61.98989577874267 61.65729783713031 66.02418314783718 74.26613178189386 122.93270569455792 107.17394557073501 91.97152637343231 77.65288978843556 64.80650813437147 54.483926766382595 48.33027654142811 47.97744845965099 53.54024716296034 63.482148256234794 118.14405316806798 101.67158551779286 85.52726690723695 69.93871279845128 55.37726782426973 42.90184280484226 34.83105684704493 34.41721962633406 41.88789291941846 54.06805175253584 114.88608675185506 97.88455207331991 81.01030700573429 64.36354440922854 48.18063467728184 33.148046219328236 21.792752916975513 21.207708328400038 31.989395222254824 46.8570978840855 113.29098769791837 96.01608276009766 78.75304337399139 61.51186039936698 44.31804977629127 27.26139283340077 10.999589970644953 9.874809207829507 25.93735089254865 42.97317678293787 113.42895311628236 96.17808659325394 78.94956975363174 61.7621087374641 44.663126569810494 27.816271536051104 12.30480951624151 11.304202766407686 26.511788906571567 43.32064392130658 115.29375965600894 98.36052899610357 81.5821522561407 65.07851198929394 49.12727483220138 34.50328674026015 23.794447106299682 23.250502878324536 33.372253578124656 47.80732148368106 118.80409343298803 102.4343205631822 86.42843731288762 71.03285759381116 56.74650891618696 44.64720624134945 36.94979175808939 36.55008251207717 43.649023897217226 55.43711191567753 123.82003245782418 108.18595889157119 93.14346190134317 79.03106236950454 66.44407177795524 56.412960042262085 50.48495794081749 50.13722596213762 55.47479975097722 65.11426048813392
106.3933520961643 29.481489016896482 51.42744301896812 7.896715079854633 83.88647013170056 89.17702303022858 53.977546956989904 99.3925525496907 51.207956104936116 89.09174273402982 85.87974784502843 28.452702875293923 88.10122455357752 0.0 37.95676418143584 25.578633732416016 50.893656392469865 80.39718402690396 98.79645115069859 91.03758978316812 71.68466463619977 39.12608870582001 53.78445530957619 25.98378454512421 80.60067192412161 94.72284472670607 55.28842495055043 77.65071820582592 43.141073221357445 73.4766231802674 37.250425494348946 6.376772353775848 46.18165952961569 5.714660481676557 26.89116379335674 50.54570797083906 35.712900012331126 46.62104009990236 82.50973577793343 90.86287510733924 51.26813689213816 41.98442690612189 38.67387489279245 42.747530340057104 52.514191943357034 65.47393080474549 80.09142980835352 95.60933477686488 111.65285002189675 128.0245257484569 41.55305330616698 29.41170055732492 24.538758507122846 30.626195605468002 43.272250857154454 58.35856560937496 74.41550452988876 90.93032001232855 107.6925695172345 124.60243420326813 35.0532091650286 19.219656898464745 10.429574543094539 21.139297867586013 37.197807446766 54.02959299014979 71.0874815549877 88.24044551272125 105.44209543643323 122.67195209598465 33.68445695434209 16.605433003348658 3.943564882314603 18.816921548601268 35.934870293130196 53.17204907875662 70.44098407400689 87.72292291769881 105.01144559981246 122.30376013240488 38.0053033041932 24.16785147765407 17.957701276239746 25.68238792421916 39.94249726958745 55.94580548204268 72.54774454231752 89.41548719056308 106.42272071807616 123.51183605088332 46.45432580361053 35.97811473878733 32.08665830516358 36.924126109987526 47.9159376775889 61.864300082959836 77.1826062828032 93.19778080496928 109.60477420128016 126.25092179729623 57.231428561742675 49.058632021406844 46.225160224968455 49.65364640469558 58.248664071834604 70.13581276595009 83.92771115481462 98.83011822298815 114.40990751202631 130.42455561037195 69.258091809275 62.61823307224496 60.366370055710426 62.97499379078921 69.90205104840733 80.03398857368519 92.32159878055685 106.01797754888456 120.64427550864816 135.9005759706863 81.98611684846576 76.40212293447449 74.50860172179738 76.57979747228318 82.3169808720283 91.02961939534735 101.95775685360053 114.46861170376128 128.09929061021177 142.528873390926 95.13426969761657 90.3075075280948 88.65121275567128 90.33993630922622 95.19582776431488 102.77092057990954 112.51734786739058 123.92384752637999 136.57511251946931 150.15684363940272
71.58454258621263 17.08494832939321 59.89014891165808 37.52792564944926 69.72046964373376 53.43109574494134 22.093415267609682 65.53280964775361 20.28345459327701 52.17511402718776 52.87235828975035 52.53188315679684 59.228062671946 37.95676418143584 0.0 36.314796689575466 32.359528333759876 60.98161925475045 63.17999317662992 57.169204978252765 49.023347615272556 17.666537468892145 60.73185517493049 20.482767772175063 66.80489896329817 58.65352539844572 20.805317177405925 46.50793011632389 11.763785892898522 42.189426598608264 8.812764524793765 37.03627514734754 14.075934678447933 34.42059449026513 12.666382826062982 49.26473046766034 25.115111230588838 20.458942443292017 52.04333818745573 58.13560804225044 78.96269641955084 63.76815306405297 49.96353894708523 39.05177412977776 33.94753099937002 37.12864957075157 46.939816112274286 60.2234506984326 75.16042609635723 90.93966817302211 73.94443904961048 57.46791498298428 41.66598252606543 27.71747839368952 19.979358809447497 25.075936865159765 38.17253072808794 53.70468560549143 70.07107870606796 86.80109761569459 71.41587979304218 54.191244463397105 37.038729740075205 20.143422236981287 6.193613845734072 16.421865908514512 33.16184466760691 50.28371145800917 67.4974723127954 84.74714941298794 71.64116226232981 54.48643634107994 37.46732761909077 20.917524031302353 8.366496471342312 17.354163584917945 33.631071989765246 50.592927287796236 67.72704673046168 84.92923351249215 74.59533723783971 58.29925471277016 42.80015253852773 29.387313749899985 22.228057864526487 26.89368138264199 39.38483001203221 54.568954238704094 70.73250945049772 87.33336255065944 79.97653621745026 65.01368237898946 51.536575651002615 41.036149252910775 36.202481179671125 39.19159251710726 48.58033950972956 61.50467487982518 76.18600829229996 91.78506343123748 87.33722165661769 73.84231377247242 62.25982300951962 53.83850908599711 50.195475908393156 52.33820578147624 59.646383032322476 70.53223004282061 83.60981510669819 98.005653564889 96.22410608296536 84.12199951842922 74.11232277397524 67.13758517930076 64.19476359826241 65.82684388771621 71.72218939776252 80.95470894671455 92.53080958174529 105.6831581436955 106.25482570651488 95.38462240713919 86.63167996536744 80.68799992565039 78.19681750037127 79.48342455690268 84.37517921913528 92.30065294381251 102.55892830786358 114.52484705547187 117.13577375350748 107.32103512067651 99.56651805950447 94.38140871407833 92.2002221085606 93.23402520916446 97.38047961619772 104.26890244591323 113.40071462347932 124.28238808851229
