0.0 33.454491609987244 16.171825606892607 62.73707821151145 8.069980458862682 89.15516888046596 71.04829987133495 5.31399361212968 40.224351556664 49.25670147683206 57.19896431616662 46.85644188505087 25.6971403571453 75.67224224875072 53.84706577383218 60.1657020784292 26.384126056822787 28.06273234055583 24.216240678251566 23.436542614418485 7.3505686153039145 32.93170083189507 12.507416706708224 61.167996779887424 8.426317720531822 80.2992842344393 74.92196552865684 9.30553699958921 38.208297716708394 71.90979088855347 60.882657972363326 43.87282417496878 47.69411283752598 86.26006552806237 56.95061833363611 57.26257086136775 24.255952419547484 18.22062580580957 23.592018934180075 28.621095971741234 32.29657080480676 37.003315923004 40.34781175221304 34.57789466703774 71.51799503839088 31.29882534654398 35.085102557620225 95.56834296715684
33.454491609987244 0.0 19.94576095024904 37.77623940164386 34.819774603061646 58.958880974435694 39.2755155642467 28.62155614337603 9.391231262643672 18.140353951133577 27.066570688321228 16.905952099635165 13.600350612832086 63.53416274010188 26.308577629680126 41.824489640014335 7.766243680592331 23.984328136027386 9.577221619608515 11.526957486163587 40.54922615283083 2.595550785628731 31.95184996393488 33.42200262587402 38.814822279334194 50.50919744158513 42.632416016965536 42.25966991725134 8.623738531426463 38.66078460196293 29.747092040865017 15.815956865236451 14.239868265177435 71.1097841078303 29.144174210507124 33.781810445477326 9.267970257248978 29.028105513753843 11.776942841291437 5.319089760191806 30.003253398089218 11.325783807714762 26.913430101362554 12.501159267278005 39.47819214452107 18.562501037034124 6.902579092154937 64.70138209271819
16.171825606892607 19.94576095024904 0.0 46.66463956968737 21.165627662522635 78.58013794477891 55.28270277720269 10.863233508270705 24.903526647354028 37.69279360312112 46.412002567606365 35.92469637208938 9.575584700767141 62.473239623582025 37.69126506537605 55.79862294466864 12.185149140321258 27.05551326751838 10.499859466055602 14.16746922416707 23.4732810736496 20.381738821676045 12.040832340411216 44.99879560857826 23.78624728887357 69.9720597250623 59.30662663116068 23.60332466352693 22.76181113851688 56.99048378856028 49.4578007713929 33.78773314014544 33.7098514595253 72.36602863652718 40.79166636340353 50.182028390632794 12.281554936287243 23.23418200906268 14.689704403820521 16.423446591217516 19.89594367667571 27.305584724780623 25.295534485458546 18.466759608493255 55.83357109945003 26.49595752723609 23.956069594553945 84.49763805968917
62.73707821151145 37.77623940164386 46.66463956968737 0.0 67.49212881169602 69.14532457561876 21.20621113214808 57.47399228972604 28.490255175338127 42.74358881154735 48.35590350159132 44.555386280574 37.48571143014729 33.70735325037612 11.771226318518005 72.47283465766532 40.09559469659783 61.75806626321406 42.08350012779551 47.91510479926357 69.9064752347078 40.23155466869585 54.10773825462979 7.052669552532698 70.42655917239851 63.79252094255885 25.546466517986577 68.91594849994863 29.21101566216016 31.081950696716472 47.192540713394834 46.710466011618934 32.3206714685109 37.04312025398773 9.653860153035591 61.95970451433854 44.23434824035601 65.40573014160721 48.37361503289551 42.29317921844703 35.762372030397245 46.74584473000401 24.474163489455087 29.113209763064503 22.61983430747355 56.13343649771747 43.20037055497609 71.72137526258805
8.069980458862682 34.819774603061646 21.165627662522635 67.49212881169602 0.0 87.082608919713 73.73100039211074 11.419259056249189 42.78956446489989 48.56466854058575 55.78499914204268 45.86669315641471 30.006575046506534 82.71307647755995 57.79007688541964 55.436231378353405 28.79576047853351 23.46110522279729 26.578216191536352 23.60388485211376 8.89625611947427 33.71296019328639 20.41536849722687 65.20741659599794 4.443173370810232 78.1810793198 77.31547391175727 14.104155435556768 40.98462233929895 73.41873841930676 59.77416356051767 42.520910214159784 48.76764593467215 93.031157724406 60.89380776675102 53.84159249555637 25.657127019031662 12.258770953259727 23.546763599109557 29.583385323145794 39.32660343895331 35.83026931627421 46.35870432268389 38.580022141222024 74.05423003962 28.128808482414886 34.8540233058549 93.74132599479337
89.15516888046596 58.958880974435694 78.58013794477891 69.14532457561876 87.082608919713 0.0 49.66103131004235 85.34484120034635 58.23024358528319 40.900505308154834 32.220473791704826 42.73951581154254 72.26741723136256 102.80236643093578 61.82649954604058 39.967571081625444 66.61529465221737 64.66126163663894 68.09361624683898 66.08324537903123 95.1202875890924 58.210134109317025 90.60219161430011 62.23511674053071 91.52488018902795 8.901839790663029 46.89789379733699 98.45962616284402 60.22238413431972 38.7576440292584 29.214989494014652 45.36555500801273 47.38573897857311 104.37971992297892 61.52677190628807 34.90514390629374 66.52898034244457 76.02490307770259 65.81769141007649 62.1998110388044 86.41299404380106 52.227397208872084 78.63199594062822 67.26769748213322 48.26333789118721 59.02790166563718 54.80126086135217 7.141179278443021
71.04829987133495 39.2755155642467 55.28270277720269 21.20621113214808 73.73100039211074 49.66103131004235 0.0 65.80828760598959 30.969354869249525 34.391631856338506 36.255679013302434 37.19792911033844 45.79859691212756 53.84065097790217 19.852815717271476 61.780237550164166 44.99324491765392 61.121260389663156 47.21594693861696 50.80220003292743 78.38758245473998 40.944321026534304 65.46703566062432 15.540904447069716 77.4729304425097 45.60495966774973 4.668368246394909 78.8772943748685 32.88269862252988 10.927945574312314 33.4598752402661 40.5417924126088 27.074385166315842 54.72193327686458 17.527116588881313 50.89691450050159 48.14174211604531 68.13366394756729 51.0448111250067 44.59154315438513 51.19245942722118 43.691482638897874 40.2155335225522 37.07290634609316 1.4474793369344479 54.459414365250076 41.79525792203748 51.41051488680776
5.31399361212968 28.62155614337603 10.863233508270705 57.47399228972604 11.419259056249189 85.34484120034635 65.80828760598959 0.0 35.05339822772704 45.01876549571599 53.21757367758353 42.76662637752522 20.38356104962255 71.31244567346315 48.53307241326177 58.088484646639685 21.33919794236055 26.482509120950127 19.21531212431484 19.2799163584402 12.648362371859404 28.299470214018395 9.932712741409452 55.855348062848726 13.195622185834992 76.53869310774631 69.71788272741236 13.641444972445894 33.00855998749764 66.87450072606295 56.74452088038421 39.97928619302115 42.84171952586088 81.7024834980021 51.63665441438393 54.3396871621372 19.56325928728388 18.315969757798356 19.528164250002206 23.993515285934986 27.9133202154915 33.12157184814654 35.36120093795031 29.266075686179075 66.29661023546969 28.643081205765725 30.813526840612877 91.6264796381053
40.224351556664 9.391231262643672 24.903526647354028 28.490255175338127 42.78956446489989 58.23024358528319 30.969354869249525 35.05339822772704 0.0 19.764594979876005 28.269933467342828 20.02307661101785 15.9566079698113 55.9016000326665 16.93259516597037 47.6702636594484 14.023909461649508 33.333609338099855 16.246668740821228 20.432435592315073 47.53435264384408 11.763115518977774 36.10541767292564 24.035292012529766 46.503586236032696 50.387903658474556 34.715620554832434 48.404720966980754 2.223568081017787 32.10718507691135 29.661629941089828 20.684357704725816 10.845528095670295 62.754401227997135 19.752943939532727 38.35786646411755 17.34729544295945 38.13485671458209 20.781707581114787 14.349146991994337 28.191309880766262 18.790058024059753 21.729629148783008 9.066133854652907 31.35606058447186 27.65159487807524 14.875096214975597 63.26119596510636
49.25670147683206 18.140353951133577 37.69279360312112 42.74358881154735 48.56466854058575 40.900505308154834 34.391631856338506 45.01876549571599 19.764594979876005 0.0 8.96123981836105 3.108734492375578 31.652229865821838 73.95479927635597 31.467065791810644 29.73734649709452 25.72564119168122 29.586434769294268 27.198580875657093 25.825820476768474 55.78148555039885 17.31333708161418 49.72598707759922 36.325783531223394 52.93355881078591 32.37980279160271 35.97151989175535 58.47204868127558 21.24833384702759 28.84138823722964 11.791311307912677 6.874018771681229 10.650900009769915 79.4105488165843 33.09709748628476 19.42221374378607 25.762503594944583 39.300143387857545 25.66681723769285 21.370594262067414 47.10803031576581 12.803518765415477 41.49420645755239 28.065016792314335 33.91196413413128 22.755870910402397 14.206128170793761 46.8354520197219
57.19896431616662 27.066570688321228 46.412002567606365 48.35590350159132 55.78499914204268 32.220473791704826 36.255679013302434 53.21757367758353 28.269933467342828 8.96123981836105 0.0 10.519171553828317 40.606881982041465 80.76315814743873 37.80601992259885 25.524978261583435 34.572973814290854 34.90436284040283 35.952664670571785 33.93771894759333 63.438538934906205 26.094720614264368 58.41379957502415 41.5355847241285 60.211791606180725 23.56005959977506 36.70828470354466 66.48277879070504 29.91807581362547 28.3030497384887 4.448803622239261 13.343957301693383 18.100672282692532 85.38142545404173 38.91444023971553 14.642038656290394 34.31231852234672 45.591937969537526 33.70097809225252 30.00330377295989 55.97296529247057 20.199690737632967 49.9146261362644 36.84630128937211 35.45050160413078 28.459131819737852 22.580797940451696 38.40917871362143
46.85644188505087 16.905952099635165 35.92469637208938 44.555386280574 45.86669315641471 42.73951581154254 37.19792911033844 42.76662637752522 20.02307661101785 3.108734492375578 10.519171553828317 0.0 30.50574319014209 75.1235554929372 33.07234792790837 28.202217688148256 24.202289583393256 26.510633855006326 25.494998380355835 23.496036851997573 53.25161019760586 15.691571664022948 47.91057706569098 38.32723287644694 50.2590398445474 34.06190315358935 38.9172071838698 56.114376243772206 21.24035851992631 31.912535722186313 14.028955248195128 3.7702944785640957 12.234784173461382 80.95368167326798 34.90493290346511 18.383672972666282 23.795017458624805 36.36211470799123 23.287856373945772 19.504228844513655 46.527659126914095 10.036486242655142 41.62313824693717 27.7712708816085 36.76787021273395 19.696369542192404 12.06210821294658 48.881059907869606
25.6971403571453 13.600350612832086 9.575584700767141 37.48571143014729 30.006575046506534 72.26741723136256 45.79859691212756 20.38356104962255 15.9566079698113 31.652229865821838 40.606881982041465 30.50574319014209 0.0 56.35076503945158 28.15280754310522 54.08181782656089 7.174550788080967 29.659969510975287 7.470394369823633 14.385977555314684 33.02385134829702 15.107555928437145 20.15703954627692 35.49442366342719 33.027225754981245 63.93859356445902 49.88997942568396 33.09359615460607 13.743149663333748 47.99000998750952 43.07818850773326 29.21742822767268 25.762503594944583 65.48058019757573 31.2582682855957 46.89198340553721 10.5830568384927 29.364986733001537 15.005463680668495 12.581022494454993 17.332231672538487 23.730785284489986 18.266539952569545 8.892302393254717 46.3874601319668 26.81183088934581 19.556533711715623 77.80208780946221
75.67224224875072 63.53416274010188 62.473239623582025 33.70735325037612 82.71307647755995 102.80236643093578 53.84065097790217 71.31244567346315 55.9016000326665 73.95479927635597 80.76315814743873 75.1235554929372 56.35076503945158 0.0 42.981715604423925 103.28315336024527 62.13958465732 85.64185052512023 63.38135206066355 70.33067178193278 81.47251501419302 66.11562473184493 63.74079322412781 40.71505093477767 84.09833427664708 97.48178070856702 57.58325292476446 78.19917069965689 55.49558504750277 64.38281703060653 80.17137590058184 76.42150540963233 63.31767207934062 11.789666811848722 42.23772856732709 93.35690513545015 66.34051079117738 85.33845078442471 70.92360984517575 66.38544899966477 43.411386728624095 74.4407227729328 38.09643823929463 51.442008795588784 55.287638826435874 81.59057028084725 70.20427816322824 105.13081126767732
53.84706577383218 26.308577629680126 37.69126506537605 11.771226318518005 57.79007688541964 61.82649954604058 19.852815717271476 48.53307241326177 16.93259516597037 31.467065791810644 37.80601992259885 33.07234792790837 28.15280754310522 42.981715604423925 0.0 61.17530427778456 29.489064506019773 50.26573914325802 31.601838342492336 36.91917090453766 61.16386880569661 28.69273717891872 46.74015271241062 7.426978373555788 61.06683998369841 55.52487011891896 24.471596894768037 60.896293149342696 17.90641140564527 26.50454609301814 37.23609333674937 35.05733484087597 20.878007828375637 47.943557579566615 3.1095136798864553 50.84725477609919 33.43243023682966 54.59009259999784 37.334291437988604 31.063473276808168 31.347885293019147 34.979345380501634 20.400117948438346 19.301870821047842 20.88530600141654 44.48668605576536 31.4855145548221 65.32578535279008
60.1657020784292 41.824489640014335 55.79862294466864 72.47283465766532 55.436231378353405 39.967571081625444 61.780237550164166 58.088484646639685 47.6702636594484 29.73734649709452 25.524978261583435 28.202217688148256 54.08181782656089 103.28315336024527 61.17530427778456 0.0 46.91980839178123 32.165632854744906 47.155237369251076 41.65981531056896 64.28513690690913 39.58330591367873 66.30324633905174 65.97365166730533 59.59461711657266 32.3980383424549 62.096251525194965 68.94720280948826 48.4840153174652 53.43551334095247 28.65658247936044 26.985993574092088 40.30073723515387 109.10893267263852 62.83119477786288 10.889734476709044 44.32325121025458 43.20745816295724 41.11880992645205 41.50190979214605 71.3416598319689 30.59322851367153 68.5492213019555 54.176347644234134 60.96298307426169 29.647846286689 34.99438461321727 47.06792002583717
26.384126056822787 7.766243680592331 12.185149140321258 40.09559469659783 28.79576047853351 66.61529465221737 44.99324491765392 21.33919794236055 14.023909461649508 25.72564119168122 34.572973814290854 24.202289583393256 7.174550788080967 62.13958465732 29.489064506019773 46.91980839178123 0.0 23.50455859947143 2.222923090812033 8.274452074809865 33.637768517787755 8.512663172094587 24.185819371676473 36.89948886725375 32.47968554186181 58.097277877725936 48.70174995550361 34.9036051603454 12.189999061987248 45.540876780388764 37.425754143735645 22.519590345462817 21.665888522963083 70.7068643082208 32.547142361069135 39.91680555562069 4.302726364592434 25.316874872895198 8.840651219712454 5.422181981155054 24.500448048858654 16.690949941585647 24.203786857901946 11.332917701263609 45.369372013338314 19.943403341228482 12.679152004169495 72.42545161874335
28.06273234055583 23.984328136027386 27.05551326751838 61.75806626321406 23.46110522279729 64.66126163663894 61.121260389663156 26.482509120950127 33.333609338099855 29.586434769294268 34.90436284040283 26.510633855006326 29.659969510975287 85.64185052512023 50.26573914325802 32.165632854744906 23.50455859947143 0.0 22.335836504623515 15.345528003180245 32.21783013838271 21.57418985853664 35.55163818215134 57.2737448187183 27.761640060876278 55.79595516264149 63.72236820153738 36.78238385989218 32.561733669246046 57.76458689166048 39.246476054477064 22.753452345769077 34.05998095245704 94.11260225559863 53.0461517394548 30.589701704527116 19.31602558643413 11.520552133453446 14.7411814184137 19.73027199298948 46.01439110005996 17.620450588615956 47.64067934722031 34.520011000701786 61.02243011570698 6.868569453745352 19.451380230585237 71.52941797078849
24.216240678251566 9.577221619608515 10.499859466055602 42.08350012779551 26.578216191536352 68.09361624683898 47.21594693861696 19.21531212431484 16.246668740821228 27.198580875657093 35.952664670571785 25.494998380355835 7.470394369823633 63.38135206066355 31.601838342492336 47.155237369251076 2.222923090812033 22.335836504623515 0.0 6.992767631605383 31.450573972965703 9.885277310166956 22.540213546247113 39.02066420968502 30.257010023485442 59.50927923022412 50.91869114110852 32.813875231118644 14.406426828918827 47.69459740462521 38.958558959607174 23.550688061240137 23.679908572887392 72.15931646007505 34.67108543759973 40.57808942622674 3.1126647678160726 23.396992113587615 7.603217376673463 6.101346128470146 24.63704272821741 17.37699590899065 25.321908183583588 13.126360002209806 47.59011288842876 19.35460578829721 13.660271200175274 73.99780607630431
23.436542614418485 11.526957486163587 14.16746922416707 47.91510479926357 23.60388485211376 66.08324537903123 50.80220003292743 19.2799163584402 20.432435592315073 25.825820476768474 33.93771894759333 23.496036851997573 14.385977555314684 70.33067178193278 36.91917090453766 41.65981531056896 8.274452074809865 15.345528003180245 6.992767631605383 0.0 30.105400014931394 10.132240150226174 25.37893818732922 44.24036801300759 27.768650187948058 57.29698291288063 54.13620043389693 32.648377645721546 19.065509297441693 49.85758978122018 37.497291273940405 20.726740746389176 25.176042831974986 78.97821484452915 39.89879008676357 36.15998536676835 3.9962611882698917 17.71612639315619 0.6222908342845143 6.211829784194131 31.23220564050606 13.900836706374033 32.29901604665071 19.550909868840403 51.00150794677424 12.771611416880127 11.650760796358124 72.34656331499347
7.3505686153039145 40.54922615283083 23.4732810736496 69.9064752347078 8.89625611947427 95.1202875890924 78.38758245473998 12.648362371859404 47.53435264384408 55.78148555039885 63.438538934906205 53.25161019760586 33.02385134829702 81.47251501419302 61.16386880569661 64.28513690690913 33.637768517787755 32.21783013838271 31.450573972965703 30.105400014931394 0.0 39.87665382490204 17.733501507061366 68.46815886062265 5.380315457605017 86.230627329192 82.24302082601385 5.7330067711492685 45.53370420727609 79.1126284373817 67.2666657421711 50.097715728651586 54.7706080520577 92.31508489702122 64.26485031673376 62.37594573790379 31.297490315461953 21.14873176616398 30.188211778566735 35.58695545386716 38.3874376985199 43.273577955488385 47.12409846392349 41.9108757829769 78.84859252518605 36.47525310597601 41.72010408449991 101.66570021440049
32.93170083189507 2.595550785628731 20.381738821676045 40.23155466869585 33.71296019328639 58.210134109317025 40.944321026534304 28.299470214018395 11.763115518977774 17.31333708161418 26.094720614264368 15.691571664022948 15.107555928437145 66.11562473184493 28.69273717891872 39.58330591367873 8.512663172094587 21.57418985853664 9.885277310166956 10.132240150226174 39.87665382490204 0.0 32.41898674564674 35.72441487091539 37.82680579194942 49.64168906993391 44.137517719478545 41.92225960712624 11.16255295262552 39.725736442119114 29.077196303972066 14.11746917801794 15.054751657475292 73.7043422173796 31.47854872873198 31.85561955073919 8.738070835087703 27.195623015773222 10.265495266118455 4.313161168036372 31.95330466360991 8.995110913075234 29.35602809180586 14.975633059965796 41.074809031718566 16.005191537345308 4.59453354626207 64.12119465607418
12.507416706708224 31.95184996393488 12.040832340411216 54.10773825462979 20.41536849722687 90.60219161430011 65.46703566062432 9.932712741409452 36.10541767292564 49.72598707759922 58.41379957502415 47.91057706569098 20.15703954627692 63.74079322412781 46.74015271241062 66.30324633905174 24.185819371676473 35.55163818215134 22.540213546247113 25.37893818732922 17.733501507061366 32.41898674564674 0.0 53.69364847797606 20.72747905667697 81.9707758631141 69.7080466117098 15.115724052162644 33.896826618938476 68.13803257765453 61.496141404351526 45.65196646519263 45.50180266298198 74.5999030108921 49.74454224987462 61.509334113024345 24.149970481069623 28.202401694634922 25.807977635824383 28.41049585480694 20.765744091550765 39.03166572470249 30.29052097155617 28.459052302241524 66.15446363177544 36.65714343679567 35.892456876063804 96.53784226775618
61.167996779887424 33.42200262587402 44.99879560857826 7.052669552532698 65.20741659599794 62.23511674053071 15.540904447069716 55.855348062848726 24.035292012529766 36.325783531223394 41.5355847241285 38.32723287644694 35.49442366342719 40.71505093477767 7.426978373555788 65.97365166730533 36.89948886725375 57.2737448187183 39.02066420968502 44.24036801300759 68.46815886062265 35.72441487091539 53.69364847797606 0.0 68.45758606549285 56.76761752028051 20.148639907719517 68.05278489360904 25.182151465977174 24.57176030107051 40.230673483922985 40.73167285578118 26.154194166276664 43.980853012506934 4.353720813984975 55.35316254775489 40.80845752459734 61.936657298915634 44.64054156550232 38.309054285568784 37.11969564334869 41.424594720330475 25.79757011091116 26.68087334659382 16.85263850781645 51.30475594574857 38.202929895714995 64.98451922568266
8.426317720531822 38.814822279334194 23.78624728887357 70.42655917239851 4.443173370810232 91.52488018902795 77.4729304425097 13.195622185834992 46.503586236032696 52.93355881078591 60.211791606180725 50.2590398445474 33.027225754981245 84.09833427664708 61.06683998369841 59.59461711657266 32.47968554186181 27.761640060876278 30.257010023485442 27.768650187948058 5.380315457605017 37.82680579194942 20.72747905667697 68.45758606549285 0.0 82.62327562034108 81.14562695212639 11.079734015937415 44.62753109953461 77.467317669957 64.18590410027042 46.93553886006279 52.8713908660681 94.67413943276465 64.17613720843714 58.221080273626434 29.582409293623282 16.3945778021266 27.747883131896074 33.63800988721036 40.72028775342789 40.223290522087524 48.5548747596066 41.77695668835916 77.83997362812426 32.55958125518633 39.141565682503526 98.18436693460404
80.2992842344393 50.50919744158513 69.9720597250623 63.79252094255885 78.1810793198 8.901839790663029 45.60495966774973 76.53869310774631 50.387903658474556 32.37980279160271 23.56005959977506 34.06190315358935 63.93859356445902 97.48178070856702 55.52487011891896 32.3980383424549 58.097277877725936 55.79595516264149 59.50927923022412 57.29698291288063 86.230627329192 49.64168906993391 81.9707758631141 56.76761752028051 82.62327562034108 0.0 43.53793352728405 89.6047026962827 52.30039032766518 34.759840408195636 20.899176733685312 36.57026743250805 39.57189624179114 99.91298334051885 55.5676477787028 26.32585360180166 57.85251269486847 67.1395171606791 57.0187587577039 53.56092920814339 78.55859895515025 43.41753319226689 71.27829914611436 59.35172108967759 44.29083835604613 50.12827533994416 46.107533846285065 15.763298781821476
74.92196552865684 42.632416016965536 59.30662663116068 25.546466517986577 77.31547391175727 46.89789379733699 4.668368246394909 69.71788272741236 34.715620554832434 35.97151989175535 36.70828470354466 38.9172071838698 49.88997942568396 57.58325292476446 24.471596894768037 62.096251525194965 48.70174995550361 63.72236820153738 50.91869114110852 54.13620043389693 82.24302082601385 44.137517719478545 69.7080466117098 20.148639907719517 81.14562695212639 43.53793352728405 0.0 82.909291191291 36.71416206659857 9.085454454975913 33.476646584971164 42.4299389379675 29.732050402203477 57.79763524943714 22.190620353941338 51.28109147449658 51.66538371567524 71.23529599735157 54.3425235403417 47.947104560109764 55.7880699041476 46.14898804286682 44.85461808301772 41.26055422822392 3.6120205818806568 56.96435324877828 44.60959557010705 48.14057503604964
9.30553699958921 42.25966991725134 23.60332466352693 68.91594849994863 14.104155435556768 98.45962616284402 78.8772943748685 13.641444972445894 48.404720966980754 58.47204868127558 66.48277879070504 56.114376243772206 33.09359615460607 78.19917069965689 60.896293149342696 68.94720280948826 34.9036051603454 36.78238385989218 32.813875231118644 32.648377645721546 5.7330067711492685 41.92225960712624 15.115724052162644 68.05278489360904 11.079734015937415 89.6047026962827 82.909291191291 0.0 46.301583134598765 80.38006586585689 70.13396379611973 53.16457841849854 56.47112587642765 89.28491033022918 63.963232871446095 66.4345175707049 33.19209868921272 26.135038599360627 32.83014323185767 37.611640819665055 35.76974751113587 46.293194457170316 45.36617830511321 41.92225960712626 79.43631028504535 40.452457979845356 44.27725080353341 104.8632636064069
38.208297716708394 8.623738531426463 22.76181113851688 29.21101566216016 40.98462233929895 60.22238413431972 32.88269862252988 33.00855998749764 2.223568081017787 21.24833384702759 29.91807581362547 21.24035851992631 13.743149663333748 55.49558504750277 17.90641140564527 48.4840153174652 12.189999061987248 32.561733669246046 14.406426828918827 19.065509297441693 45.53370420727609 11.16255295262552 33.896826618938476 25.182151465977174 44.62753109953461 52.30039032766518 36.71416206659857 46.301583134598765 0.0 34.286674347427464 31.502833525439556 21.55002743428138 12.857929098358662 62.702490306970475 20.8482083949038 39.443911273066405 15.760325778611017 36.77596673796304 19.459133744003335 13.157847711872872 26.26013612101559 18.95246067638443 20.384224503551312 7.0529838513174665 33.31656977562537 27.16773719659226 14.797911379690106 65.32718912634462
71.90979088855347 38.66078460196293 56.99048378856028 31.081950696716472 73.41873841930676 38.7576440292584 10.927945574312314 66.87450072606295 32.10718507691135 28.84138823722964 28.3030497384887 31.912535722186313 47.99000998750952 64.38281703060653 26.50454609301814 53.43551334095247 45.540876780388764 57.76458689166048 47.69459740462521 49.85758978122018 79.1126284373817 39.725736442119114 68.13803257765453 24.57176030107051 77.467317669957 34.759840408195636 9.085454454975913 80.38006586585689 34.286674347427464 0.0 24.78225522515113 35.598028931965 24.701680069082936 65.62425761141833 25.109774952608298 42.70739427081105 47.92042403436629 66.20688098075576 49.971591135010705 43.84028919067391 56.60783309525585 40.176989335915245 46.40729178149429 39.962761646758786 9.563984014425502 50.908516811319316 39.35451718096677 40.74837875442289
60.882657972363326 29.747092040865017 49.4578007713929 47.192540713394834 59.77416356051767 29.214989494014652 33.4598752402661 56.74452088038421 29.661629941089828 11.791311307912677 4.448803622239261 14.028955248195128 43.07818850773326 80.17137590058184 37.23609333674937 28.65658247936044 37.425754143735645 39.246476054477064 38.958558959607174 37.497291273940405 67.2666657421711 29.077196303972066 61.496141404351526 40.230673483922985 64.18590410027042 20.899176733685312 33.476646584971164 70.13396379611973 31.502833525439556 24.78225522515113 0.0 17.254536152572744 18.97055110262868 84.21079359679374 38.00217889220679 17.946862896436755 37.55263523658376 49.80710420010414 37.30388103282435 33.16132371209991 57.75375695941681 24.001968412211873 50.95601663225531 38.5401351502046 32.539450763472395 32.72608266909662 25.944881378131274 35.048094132426066
43.87282417496878 15.815956865236451 33.78773314014544 46.710466011618934 42.520910214159784 45.36555500801273 40.5417924126088 39.97928619302115 20.684357704725816 6.874018771681229 13.343957301693383 3.7702944785640957 29.21742822767268 76.42150540963233 35.05733484087597 26.985993574092088 22.519590345462817 22.753452345769077 23.550688061240137 20.726740746389176 50.097715728651586 14.11746917801794 45.65196646519263 40.73167285578118 46.93553886006279 36.57026743250805 42.4299389379675 53.16457841849854 21.55002743428138 35.598028931965 17.254536152572744 0.0 14.621508007863214 82.69483144524972 37.10729938249909 18.073217174574545 21.52061108210456 32.74379225961542 20.4526498139451 17.454256333398302 45.80885666745251 6.872434905412883 41.80158928858814 27.591282070135236 40.172275590214475 15.956844491070752 9.8911992135743 51.699479950124136
47.69411283752598 14.239868265177435 33.7098514595253 32.3206714685109 48.76764593467215 47.38573897857311 27.074385166315842 42.84171952586088 10.845528095670295 10.650900009769915 18.100672282692532 12.234784173461382 25.762503594944583 63.31767207934062 20.878007828375637 40.30073723515387 21.665888522963083 34.05998095245704 23.679908572887392 25.176042831974986 54.7706080520577 15.054751657475292 45.50180266298198 26.154194166276664 52.8713908660681 39.57189624179114 29.732050402203477 56.47112587642765 12.857929098358662 24.701680069082936 18.97055110262868 14.621508007863214 0.0 68.80878876774598 22.67097580292349 30.07305661238844 23.473117736595754 41.66490867277355 25.276502613245615 19.24589976725327 39.03562113310262 16.642652724470544 32.003404345426475 19.887992657852223 26.963485518793963 27.385923572952542 14.891602749778345 52.47580617239071
86.26006552806237 71.1097841078303 72.36602863652718 37.04312025398773 93.031157724406 104.37971992297892 54.72193327686458 81.7024834980021 62.754401227997135 79.4105488165843 85.38142545404173 80.95368167326798 65.48058019757573 11.789666811848722 47.943557579566615 109.10893267263852 70.7068643082208 94.11260225559863 72.15931646007505 78.97821484452915 92.31508489702122 73.7043422173796 74.5999030108921 43.980853012506934 94.67413943276465 99.91298334051885 57.79763524943714 89.28491033022918 62.702490306970475 65.62425761141833 84.21079359679374 82.69483144524972 68.80878876774598 0.0 46.4963422345044 98.77593276148616 74.98806799740474 94.78865956104843 79.5475093811321 74.51081017246923 53.98458180858632 81.53923569055046 47.32295044156098 59.59798594422025 56.127820277673315 89.54546870695268 77.49318814298954 105.93734966654513
56.95061833363611 29.144174210507124 40.79166636340353 9.653860153035591 60.89380776675102 61.52677190628807 17.527116588881313 51.63665441438393 19.752943939532727 33.09709748628476 38.91444023971553 34.90493290346511 31.2582682855957 42.23772856732709 3.1095136798864553 62.83119477786288 32.547142361069135 53.0461517394548 34.67108543759973 39.89879008676357 64.26485031673376 31.47854872873198 49.74454224987462 4.353720813984975 64.17613720843714 55.5676477787028 22.190620353941338 63.963232871446095 20.8482083949038 25.109774952608298 38.00217889220679 37.10729938249909 22.67097580292349 46.4963422345044 0.0 52.35131269301145 36.45599730968086 57.58999793282564 40.30289379584023 33.98819913804597 33.90079175777849 37.434921039354286 22.75802289209709 22.410995079121452 18.665262959336637 47.15573776259426 34.08848550367859 64.71961599548214
57.26257086136775 33.781810445477326 50.182028390632794 61.95970451433854 53.84159249555637 34.90514390629374 50.89691450050159 54.3396871621372 38.35786646411755 19.42221374378607 14.642038656290394 18.383672972666282 46.89198340553721 93.35690513545015 50.84725477609919 10.889734476709044 39.91680555562069 30.589701704527116 40.57808942622674 36.15998536676835 62.37594573790379 31.85561955073919 61.509334113024345 55.35316254775489 58.221080273626434 26.32585360180166 51.28109147449658 66.4345175707049 39.443911273066405 42.70739427081105 17.946862896436755 18.073217174574545 30.07305661238844 98.77593276148616 52.35131269301145 0.0 38.07384033462369 42.10994520048786 35.70972821362844 34.570356999695115 63.77209052912437 23.234516292323065 59.793255837412424 45.655010462364686 50.09022408941673 25.982179690124614 27.338386422063966 41.98600422193005
24.255952419547484 9.267970257248978 12.281554936287243 44.23434824035601 25.657127019031662 66.52898034244457 48.14174211604531 19.56325928728388 17.34729544295945 25.762503594944583 34.31231852234672 23.795017458624805 10.5830568384927 66.34051079117738 33.43243023682966 44.32325121025458 4.302726364592434 19.31602558643413 3.1126647678160726 3.9962611882698917 31.297490315461953 8.738070835087703 24.149970481069623 40.80845752459734 29.582409293623282 57.85251269486847 51.66538371567524 33.19209868921272 15.760325778611017 47.92042403436629 37.55263523658376 21.52061108210456 23.473117736595754 74.98806799740474 36.45599730968086 38.07384033462369 0.0 21.190044440225776 4.583258427676705 4.445947869498863 27.706082041988527 15.038884069799469 28.32565119871269 15.625771115999735 48.42797448306148 16.25137732426517 11.748522731835996 72.58500376390364
18.22062580580957 29.028105513753843 23.23418200906268 65.40573014160721 12.258770953259727 76.02490307770259 68.13366394756729 18.315969757798356 38.13485671458209 39.300143387857545 45.591937969537526 36.36211470799123 29.364986733001537 85.33845078442471 54.59009259999784 43.20745816295724 25.316874872895198 11.520552133453446 23.396992113587615 17.71612639315619 21.14873176616398 27.195623015773222 28.202401694634922 61.936657298915634 16.3945778021266 67.1395171606791 71.23529599735157 26.135038599360627 36.77596673796304 66.20688098075576 49.80710420010414 32.74379225961542 41.66490867277355 94.78865956104843 57.58999793282564 42.10994520048786 21.190044440225776 0.0 17.35314915997483 23.81271983561407 43.12467212677023 26.58171836759762 47.47319475415519 36.51995031966722 68.23808913105282 17.1728164216282 26.853548766770402 82.83571575278715
23.592018934180075 11.776942841291437 14.689704403820521 48.37361503289551 23.546763599109557 65.81769141007649 51.0448111250067 19.528164250002206 20.781707581114787 25.66681723769285 33.70097809225252 23.287856373945772 15.005463680668495 70.92360984517575 37.334291437988604 41.11880992645205 8.840651219712454 14.7411814184137 7.603217376673463 0.6222908342845143 30.188211778566735 10.265495266118455 25.807977635824383 44.64054156550232 27.747883131896074 57.0187587577039 54.3425235403417 32.83014323185767 19.459133744003335 49.971591135010705 37.30388103282435 20.4526498139451 25.276502613245615 79.5475093811321 40.30289379584023 35.70972821362844 4.583258427676705 17.35314915997483 0.0 6.486714558805207 31.8517123567061 13.6041983823951 32.900290025512945 20.089662029099593 51.2279087480755 12.16551452758457 11.533476075604863 72.10908549468142
28.621095971741234 5.319089760191806 16.423446591217516 42.29317921844703 29.583385323145794 62.1998110388044 44.59154315438513 23.993515285934986 14.349146991994337 21.370594262067414 30.00330377295989 19.504228844513655 12.581022494454993 66.38544899966477 31.063473276808168 41.50190979214605 5.422181981155054 19.73027199298948 6.101346128470146 6.211829784194131 35.58695545386716 4.313161168036372 28.41049585480694 38.309054285568784 33.63800988721036 53.56092920814339 47.947104560109764 37.611640819665055 13.157847711872872 43.84028919067391 33.16132371209991 17.454256333398302 19.24589976725327 74.51081017246923 33.98819913804597 34.570356999695115 4.445947869498863 23.81271983561407 6.486714558805207 0.0 29.88147388678379 11.33741084677891 28.82176148168898 14.964781249990516 44.79728176784004 15.220695794642333 7.56840729255187 68.2053087943693
32.29657080480676 30.003253398089218 19.89594367667571 35.762372030397245 39.32660343895331 86.41299404380106 51.19245942722118 27.9133202154915 28.191309880766262 47.10803031576581 55.97296529247057 46.527659126914095 17.332231672538487 43.411386728624095 31.347885293019147 71.3416598319689 24.500448048858654 46.01439110005996 24.63704272821741 31.23220564050606 38.3874376985199 31.95330466360991 20.765744091550765 37.11969564334869 40.72028775342789 78.55859895515025 55.7880699041476 35.76974751113587 26.26013612101559 56.60783309525585 57.75375695941681 45.80885666745251 39.03562113310262 53.98458180858632 33.90079175777849 63.77209052912437 27.706082041988527 43.12467212677023 31.8517123567061 29.88147388678379 0.0 40.83742842119415 11.380905569257733 19.2140810319977 52.1861422437314 43.93019868662036 36.52693001919689 91.32683433323142
37.003315923004 11.325783807714762 27.305584724780623 46.74584473000401 35.83026931627421 52.227397208872084 43.691482638897874 33.12157184814654 18.790058024059753 12.803518765415477 20.199690737632967 10.036486242655142 23.730785284489986 74.4407227729328 34.979345380501634 30.59322851367153 16.690949941585647 17.620450588615956 17.37699590899065 13.900836706374033 43.273577955488385 8.995110913075234 39.03166572470249 41.424594720330475 40.223290522087524 43.41753319226689 46.14898804286682 46.293194457170316 18.95246067638443 40.176989335915245 24.001968412211873 6.872434905412883 16.642652724470544 81.53923569055046 37.434921039354286 23.234516292323065 15.038884069799469 26.58171836759762 13.6041983823951 11.33741084677891 40.83742842119415 0.0 38.23238862752243 23.814088170612393 43.52724899224876 10.816739332656805 4.427523715090593 58.57169407022503
40.34781175221304 26.913430101362554 25.295534485458546 24.474163489455087 46.35870432268389 78.63199594062822 40.2155335225522 35.36120093795031 21.729629148783008 41.49420645755239 49.9146261362644 41.62313824693717 18.266539952569545 38.09643823929463 20.400117948438346 68.5492213019555 24.203786857901946 47.64067934722031 25.321908183583588 32.29901604665071 47.12409846392349 29.35602809180586 30.29052097155617 25.79757011091116 48.5548747596066 71.27829914611436 44.85461808301772 45.36617830511321 20.384224503551312 46.40729178149429 50.95601663225531 41.80158928858814 32.003404345426475 47.32295044156098 22.75802289209709 59.793255837412424 28.32565119871269 47.47319475415519 32.900290025512945 28.82176148168898 11.380905569257733 38.23238862752243 0.0 14.419216297497348 41.278586032606405 43.99741377311252 33.81498924035738 83.03166166680661
34.57789466703774 12.501159267278005 18.466759608493255 29.113209763064503 38.580022141222024 67.26769748213322 37.07290634609316 29.266075686179075 9.066133854652907 28.065016792314335 36.84630128937211 27.7712708816085 8.892302393254717 51.442008795588784 19.301870821047842 54.176347644234134 11.332917701263609 34.520011000701786 13.126360002209806 19.550909868840403 41.9108757829769 14.975633059965796 28.459052302241524 26.68087334659382 41.77695668835916 59.35172108967759 41.26055422822392 41.92225960712626 7.0529838513174665 39.962761646758786 38.5401351502046 27.591282070135236 19.887992657852223 59.59798594422025 22.410995079121452 45.655010462364686 15.625771115999735 36.51995031966722 20.089662029099593 14.964781249990516 19.2140810319977 23.814088170612393 14.419216297497348 0.0 37.72011189858157 30.149859169591736 19.399498720846704 72.32731400375947
71.51799503839088 39.47819214452107 55.83357109945003 22.61983430747355 74.05423003962 48.26333789118721 1.4474793369344479 66.29661023546969 31.35606058447186 33.91196413413128 35.45050160413078 36.76787021273395 46.3874601319668 55.287638826435874 20.88530600141654 60.96298307426169 45.369372013338314 61.02243011570698 47.59011288842876 51.00150794677424 78.84859252518605 41.074809031718566 66.15446363177544 16.85263850781645 77.83997362812426 44.29083835604613 3.6120205818806568 79.43631028504535 33.31656977562537 9.563984014425502 32.539450763472395 40.172275590214475 26.963485518793963 56.127820277673315 18.665262959336637 50.09022408941673 48.42797448306148 68.23808913105282 51.2279087480755 44.79728176784004 52.1861422437314 43.52724899224876 41.278586032606405 37.72011189858157 0.0 54.32081204534417 41.76746398237598 49.97412053685416
31.29882534654398 18.562501037034124 26.49595752723609 56.13343649771747 28.128808482414886 59.02790166563718 54.459414365250076 28.643081205765725 27.65159487807524 22.755870910402397 28.459131819737852 19.696369542192404 26.81183088934581 81.59057028084725 44.48668605576536 29.647846286689 19.943403341228482 6.868569453745352 19.35460578829721 12.771611416880127 36.47525310597601 16.005191537345308 36.65714343679567 51.30475594574857 32.55958125518633 50.12827533994416 56.96435324877828 40.452457979845356 27.16773719659226 50.908516811319316 32.72608266909662 15.956844491070752 27.385923572952542 89.54546870695268 47.15573776259426 25.982179690124614 16.25137732426517 17.1728164216282 12.16551452758457 15.220695794642333 43.93019868662036 10.816739332656805 43.99741377311252 30.149859169591736 54.32081204534417 0.0 13.129301975892353 65.76893874129033
