0 54 34 87 163 26 112 158 126 22 105 127 81 146 157 126 88 131 57 129 47 115 56 82 138 36 81 144 124 14 102 105 77 136 151 123 115 112 59 136 122 121 122 125 131 139 148 159 170 183 108 106 108 112 118 127 137 148 161 174 94 92 94 99 106 115 126 139 152 166 80 78 80 85 94 105 117 130 144 159 66 64 66 73 83 95 108 122 138 153 52 50 53 61 72 86 101 116 132 148 39 35 40 50 64 79 95 111 127 144 27 21 28 42 57 74 90 107 124 141 18 7 20 37 54 71 88 105 123 140 19 8 20 37 54 71 88 106 123 140
54 0 34 44 110 36 58 104 82 75 52 75 41 107 103 73 37 89 32 87 8 63 8 41 85 27 35 91 79 50 50 53 40 90 97 69 65 65 11 87 99 90 84 82 83 88 95 105 117 130 87 78 71 68 69 75 84 95 108 122 77 66 57 54 56 62 73 85 100 115 68 55 44 40 42 51 63 78 93 109 60 45 32 26 30 41 56 72 88 105 56 39 23 12 19 34 51 68 85 102 55 38 21 5 16 33 50 67 85 102 58 41 27 18 23 37 53 69 86 103 63 49 38 32 35 45 59 74 90 106 72 59 50 46 48 56 67 81 96 111
34 34 0 55 140 8 87 130 93 50 83 107 72 139 130 101 70 121 24 120 26 95 32 50 115 7 68 116 91 23 82 85 70 123 126 97 98 98 33 120 91 88 89 93 99 109 120 132 145 160 77 74 75 79 87 98 110 123 138 152 63 60 61 66 76 88 101 116 131 146 50 45 47 54 66 79 94 109 125 141 38 31 34 43 57 72 88 104 121 138 28 17 21 35 51 67 84 101 118 135 22 5 14 31 48 65 83 100 117 134 25 13 18 33 49 66 83 101 118 135 35 27 30 40 55 70 87 103 120 137 46 41 43 51 63 77 92 108 124 140
87 44 55 0 100 62 49 82 40 105 55 75 73 128 83 60 55 107 32 108 48 68 38 6 76 51 64 66 37 77 55 60 75 103 82 54 73 82 34 96 61 48 40 39 45 56 70 85 100 116 53 38 27 25 34 48 63 79 96 113 48 31 16 12 26 42 59 76 93 111 47 30 13 8 24 41 58 76 93 110 50 35 22 20 30 45 61 78 95 112 57 44 35 33 40 52 67 82 98 115 66 55 48 47 52 62 74 88 104 119 77 68 62 61 65 73 84 96 110 125 89 81 76 75 78 85 94 106 119 132 101 94 90 89 92 98 106 116 128 141
163 110 140 100 0 144 54 34 92 184 59 38 91 79 28 41 76 66 125 71 117 49 109 104 26 134 86 45 90 159 61 59 96 53 21 47 51 63 108 43 145 128 111 94 77 60 44 29 18 22 144 127 109 92 75 58 40 23 7 13 144 127 110 93 75 58 42 25 12 17 146 129 112 95 79 62 47 33 25 27 149 132 116 100 84 69 55 45 39 40 153 137 121 106 91 78 66 57 52 53 159 143 128 113 100 88 77 70 66 67 165 150 136 122 110 98 89 83 80 80 172 158 144 132 120 110 102 96 93 94 180 167 154 142 131 122 115 110 107 107
26 36 8 62 144 0 91 136 101 44 87 110 72 139 135 106 72 122 31 120 28 98 35 57 119 11 69 122 99 16 85 88 69 125 130 101 100 99 37 122 98 96 96 100 106 115 125 137 150 164 84 81 82 86 94 104 115 128 142 156 71 67 68 73 82 93 106 120 134 150 57 53 54 61 71 84 98 113 128 144 45 39 41 49 61 76 91 107 123 140 33 25 28 39 54 70 86 103 120 137 24 11 17 32 49 66 83 100 118 135 23 7 14 31 48 66 83 100 117 135 29 20 23 36 51 68 85 102 119 136 40 34 36 45 58 73 89 105 122 138
112 58 87 49 54 91 0 48 57 132 15 28 54 87 46 15 33 66 71 68 65 23 57 52 29 81 45 37 54 106 18 21 59 59 40 12 30 44 54 50 103 87 72 58 47 40 41 48 59 73 98 81 65 50 36 27 27 37 51 67 95 78 61 44 28 14 15 30 46 63 95 77 60 43 26 9 10 28 45 62 96 79 62 46 31 19 20 32 48 64 100 83 68 53 40 32 32 41 54 69 105 90 75 62 52 46 46 52 63 76 112 97 84 73 64 59 60 65 73 85 120 107 95 85 77 73 73 77 85 95 129 117 106 97 91 87 87 90 97 106
158 104 130 82 34 136 48 0 63 178 60 50 98 107 7 34 79 90 111 94 111 57 102 87 32 125 91 16 61 151 63 63 104 78 17 36 63 78 99 67 117 99 82 65 48 30 13 6 23 40 118 101 84 67 50 35 21 18 28 43 121 104 88 72 57 43 33 31 38 50 125 109 94 79 65 54 47 45 50 60 131 116 101 87 75 66 60 59 63 71 138 123 110 97 87 79 74 73 76 82 146 132 120 108 99 92 87 86 89 95 155 142 130 120 111 105 101 100 102 107 164 152 141 132 124 118 115 114 116 120 174 163 153 144 137 132 129 128 129 133
126 82 93 40 92 101 57 63 0 143 70 82 102 143 67 59 81 122 70 125 86 80 76 45 74 91 92 48 4 116 73 76 105 115 71 53 87 100 72 105 54 37 20 3 16 33 50 68 85 102 56 40 25 15 21 36 52 69 86 103 62 47 35 29 33 44 58 73 90 106 69 57 47 43 46 54 66 80 95 111 79 68 60 57 59 66 76 88 102 117 90 80 74 71 73 78 87 98 110 124 101 93 88 85 86 91 98 108 119 132 114 106 101 99 100 104 111 119 130 141 126 120 115 113 114 118 123 131 140 151 139 133 129 127 128 131 136 143 152 162
22 75 50 105 184 44 132 178 143 0 126 148 102 165 177 147 109 151 73 149 67 136 77 100 159 54 102 164 141 28 123 126 98 157 172 143 136 132 79 157 133 134 137 142 149 158 168 179 191 204 118 120 123 129 137 146 157 169 182 195 104 106 110 116 125 135 147 160 173 187 90 92 96 104 114 125 138 151 165 180 76 78 83 92 103 115 129 143 158 174 61 64 71 81 93 107 121 137 152 168 47 51 59 71 85 100 115 131 147 164 33 38 49 63 78 94 110 127 144 161 19 26 41 57 73 90 107 124 141 158 4 19 37 54 71 88 106 123 140 157
105 52 83 55 59 87 15 60 70 126 0 24 40 75 57 26 20 54 71 56 59 14 52 57 34 77 32 51 67 101 4 6 45 49 49 26 19 30 51 42 112 98 84 71 61 55 54 59 67 79 106 91 75 61 50 42 41 46 57 70 102 85 69 53 39 29 27 35 48 64 99 82 65 48 32 17 14 26 43 59 98 81 64 47 29 12 7 24 41 58 100 83 66 49 33 20 18 29 44 60 103 87 71 56 42 33 31 38 51 65 108 93 78 64 53 46 45 50 60 73 115 100 87 75 65 59 58 63 71 82 122 109 97 86 78 73 72 76 82 92
127 75 107 75 38 110 28 50 82 148 24 0 54 63 45 24 40 43 95 47 82 12 76 78 18 100 49 48 79 124 25 22 59 34 35 29 14 28 74 23 130 114 98 83 70 58 50 47 50 59 125 109 92 76 61 48 37 33 38 48 122 105 88 72 55 39 26 19 27 40 121 104 86 69 52 35 18 6 19 36 121 104 87 70 52 35 19 9 21 37 123 106 89 73 57 41 29 23 29 42 126 110 94 78 63 50 41 37 41 51 131 115 100 86 72 61 54 51 54 62 137 122 108 95 83 73 67 65 67 73 145 130 117 105 94 86 80 78 80 86
81 41 72 73 91 72 54 98 102 102 40 54 0 67 95 65 22 51 72 49 47 43 47 72 70 65 10 90 98 82 37 36 6 56 86 65 40 32 48 56 133 121 111 102 96 93 94 97 103 112 123 110 99 90 83 79 80 84 91 101 114 101 88 77 70 66 66 71 79 90 107 92 78 66 57 52 52 58 68 81 101 85 70 56 44 38 39 47 59 73 96 80 63 48 34 24 26 37 51 67 94 77 60 43 26 12 15 30 47 64 94 76 59 42 25 9 12 29 46 63 95 79 62 46 31 20 22 34 50 66 99 83 68 53 41 34 35 44 56 71
146 107 139 128 79 139 87 107 143 165 75 63 67 0 101 87 75 22 136 21 113 64 112 129 77 132 72 109 140 148 74 70 70 30 91 92 57 46 113 41 187 172 158 145 132 120 111 103 97 95 180 165 150 136 122 110 99 90 84 81 174 158 143 128 113 100 88 78 71 67 169 153 137 121 106 91 78 66 58 54 165 148 132 115 99 84 69 56 45 40 162 145 128 111 95 78 62 47 34 27 161 143 126 109 92 75 58 41 25 13 160 143 126 108 91 74 56 39 22 5 161 144 127 109 92 75 58 42 27 16 163 146 129 112 96 79 64 49 36 30
157 103 130 83 28 135 46 7 67 177 57 45 95 101 0 32 76 84 112 89 111 53 101 88 27 125 88 19 65 151 60 59 100 72 11 35 58 73 99 61 121 104 86 69 52 35 17 2 19 36 122 104 87 70 53 37 21 13 22 38 124 107 90 74 58 43 31 26 32 44 128 111 95 80 65 53 44 40 44 53 133 117 102 88 75 64 57 54 57 64 139 124 110 97 85 76 70 68 70 76 146 132 119 107 97 89 83 82 83 89 155 142 129 118 109 102 97 95 97 101 164 151 140 130 121 115 111 109 110 114 174 162 151 142 134 128 124 123 124 127
126 73 101 60 41 106 15 34 59 147 26 24 65 87 32 0 45 67 85 70 80 27 71 64 17 95 57 26 56 121 29 30 70 57 25 7 33 48 69 47 109 93 76 61 46 35 29 34 45 59 106 89 72 55 39 24 15 23 37 54 105 88 71 53 36 19 2 17 34 52 106 89 72 55 38 23 13 21 37 53 109 92 76 60 45 33 27 32 43 58 113 97 82 67 55 45 41 44 53 66 119 104 90 77 66 58 55 57 64 75 126 112 99 87 78 71 69 71 76 85 134 121 109 99 90 85 83 84 89 97 143 131 120 111 103 98 97 98 102 109
88 37 70 55 76 72 33 79 81 109 20 40 22 75 76 45 0 55 63 55 44 28 40 56 53 63 13 69 77 85 17 18 27 55 68 44 28 30 40 51 115 102 91 81 75 72 73 78 86 97 107 93 80 69 61 58 59 66 75 88 100 85 71 58 48 44 46 54 65 79 95 79 63 48 36 30 33 43 57 73 91 74 58 41 26 16 21 36 52 68 90 73 56 38 21 4 15 32 49 67 91 74 57 40 24 13 19 34 51 68 94 78 62 47 34 27 30 42 56 72 99 84 69 56 46 41 43 52 64 78 106 91 78 67 59 55 57 63 73 86
131 89 121 107 66 122 66 90 122 151 54 43 51 22 84 67 55 0 117 6 95 43 93 109 59 115 54 90 119 133 53 48 55 13 73 71 36 26 93 23 166 151 137 124 111 101 92 86 83 84 159 144 129 115 101 89 80 73 69 70 154 138 122 107 92 79 68 60 55 57 149 133 116 100 85 70 57 47 42 44 146 129 112 95 79 63 48 35 28 31 144 127 109 92 75 58 42 26 15 19 143 126 108 91 74 57 39 22 5 14 144 127 109 92 75 58 42 26 15 20 146 129 112 95 79 63 48 36 28 31 149 133 116 100 85 70 57 47 42 44
57 32 24 32 125 31 71 111 70 73 71 95 72 136 112 85 63 117 0 117 30 84 26 27 100 22 65 96 68 46 71 75 72 117 109 79 88 92 24 112 71 66 65 69 77 87 100 114 128 143 58 52 51 56 65 78 91 106 122 138 46 38 37 44 55 69 85 100 117 133 36 25 24 33 47 63 80 96 113 130 29 14 11 26 43 60 77 94 111 129 29 13 10 25 42 60 77 94 111 129 35 24 22 32 47 63 79 96 113 130 45 37 36 43 54 69 84 100 116 133 57 51 50 55 64 77 91 106 121 137 70 64 64 68 76 86 99 113 127 143
129 87 120 108 71 120 68 94 125 149 56 47 49 21 89 70 55 6 117 0 94 46 92 109 63 113 53 94 122 131 54 50 52 18 78 74 39 26 93 28 167 153 139 126 114 104 96 90 88 89 160 145 130 117 104 92 83 77 74 75 154 138 123 108 94 82 71 64 60 62 149 133 117 101 86 72 60 51 47 49 145 129 112 95 79 64 50 38 33 36 143 126 109 92 75 58 42 28 19 24 142 124 107 90 73 55 38 21 6 16 142 125 107 90 73 56 39 22 10 18 143 126 109 93 76 60 44 31 23 27 146 130 113 97 81 66 53 42 37 40
47 8 26 48 117 28 65 111 86 67 59 82 47 113 111 80 44 95 30 94 0 71 11 44 92 20 42 98 83 42 57 61 45 98 105 76 72 72 15 95 99 91 87 86 88 94 102 112 124 137 87 78 73 72 75 81 91 102 115 129 75 65 59 58 61 69 80 93 107 122 65 53 45 44 48 58 71 85 101 117 56 42 32 30 36 49 64 79 96 112 50 34 20 16 27 42 58 75 92 109 48 31 14 5 22 39 57 74 91 109 50 34 19 15 26 42 58 75 92 109 56 42 31 28 35 48 63 79 95 112 64 52 44 42 47 57 70 85 100 116
115 63 95 68 49 98 23 57 80 136 14 12 43 64 53 27 28 43 84 46 71 0 64 70 28 89 37 52 76 112 14 10 48 37 44 30 8 22 63 29 124 109 94 81 69 60 55 55 61 70 119 103 87 72 59 48 41 42 49 60 115 98 81 65 50 36 28 29 38 52 112 95 78 61 44 28 15 17 31 47 112 94 77 60 42 25 8 11 28 45 113 95 78 62 45 29 17 19 32 48 115 99 82 66 52 39 31 31 40 54 120 104 88 74 61 50 44 45 51 62 126 110 96 83 71 63 58 58 63 73 133 118 105 93 83 76 72 72 76 84
56 8 32 38 109 35 57 102 76 77 52 76 47 112 101 71 40 93 26 92 11 64 0 34 84 25 40 88 73 50 51 54 47 94 96 67 67 69 4 90 91 83 77 76 78 83 92 103 115 129 80 70 64 61 64 71 81 93 107 122 70 58 50 47 51 59 71 85 100 115 61 47 37 33 38 49 63 78 94 111 54 39 25 19 27 41 57 73 90 107 51 34 17 5 20 37 54 71 88 106 52 35 19 10 21 38 55 72 89 106 56 41 29 24 30 43 59 75 91 108 64 51 41 38 42 52 66 80 96 112 73 62 55 52 55 63 74 88 102 117
82 41 50 6 104 57 52 87 45 100 57 78 72 129 88 64 56 109 27 109 44 70 34 0 80 46 63 71 42 72 57 62 74 105 86 58 75 84 31 98 61 50 44 44 50 61 75 89 105 121 52 39 30 30 39 53 68 84 100 117 46 30 17 17 31 46 63 80 97 114 43 26 9 10 27 44 62 79 96 114 46 30 17 17 30 46 63 80 97 114 52 39 30 30 39 52 68 84 100 117 61 50 44 44 50 61 75 89 105 121 72 63 58 58 63 72 83 97 111 126 83 76 72 72 76 83 93 105 119 133 96 89 86 86 89 95 104 115 128 141
138 85 115 76 26 119 29 32 74 159 34 18 70 77 27 17 53 59 100 63 92 28 84 80 0 109 64 32 71 134 37 35 75 48 17 23 32 46 82 37 125 108 92 75 60 45 34 29 34 45 122 105 88 71 54 38 23 15 23 38 121 104 87 70 52 35 18 1 18 35 122 105 88 71 54 37 22 13 22 38 124 108 91 75 59 44 32 27 32 44 128 112 96 81 66 54 45 41 45 54 134 118 103 89 76 65 58 55 58 65 140 125 111 98 87 77 71 69 71 77 147 133 120 108 98 90 85 83 84 89 156 143 130 119 110 103 98 96 98 102
36 27 7 51 134 11 81 125 91 54 77 100 65 132 125 95 63 115 22 113 20 89 25 46 109 0 61 111 88 27 75 79 64 117 120 91 91 91 27 113 92 88 87 90 96 104 114 126 139 153 78 74 73 76 83 93 104 117 131 146 65 60 59 63 71 82 95 109 124 140 53 46 45 50 60 73 87 103 119 135 42 32 31 38 51 66 81 98 114 131 33 20 17 29 44 61 77 94 111 129 29 12 7 24 41 59 76 93 110 128 32 18 15 27 43 60 77 94 111 128 40 30 28 36 49 64 80 97 114 130 51 43 42 48 58 71 86 102 118 134
81 35 68 64 86 69 45 91 92 102 32 49 10 72 88 57 13 54 65 53 42 37 40 63 64 61 0 82 89 80 29 29 14 57 79 57 36 32 41 55 123 111 101 92 87 84 85 90 97 107 114 101 89 80 73 70 72 77 86 97 106 92 79 68 60 56 58 65 75 87 99 84 69 57 47 42 45 53 65 79 94 77 62 47 35 29 32 43 57 73 91 74 57 40 25 15 21 36 52 69 89 72 55 38 20 3 15 33 50 67 91 74 57 40 25 15 21 36 52 69 94 77 62 47 35 28 32 43 57 73 99 84 69 56 47 42 45 53 65 79
144 91 116 66 45 122 37 16 48 164 51 48 90 109 19 26 69 90 96 94 98 52 88 71 32 111 82 0 47 137 54 55 95 79 24 26 59 74 85 68 102 85 68 50 33 16 4 20 37 55 103 86 69 52 35 19 11 23 39 56 105 89 72 56 41 30 25 32 45 60 110 94 78 64 51 42 39 44 54 67 115 100 86 73 62 55 53 56 64 75 122 108 95 84 75 69 67 69 76 86 131 118 106 95 87 82 81 83 88 97 140 128 117 108 100 96 95 96 101 108 150 139 129 120 114 110 108 110 114 121 161 150 141 133 127 124 122 124 127 133
124 79 91 37 90 99 54 61 4 141 67 79 98 140 65 56 77 119 68 122 83 76 73 42 71 88 89 47 0 114 69 73 102 112 69 50 83 97 69 102 56 39 22 5 14 32 49 66 83 101 57 40 24 13 18 34 50 67 84 101 62 47 34 26 29 41 55 71 87 104 69 56 45 40 42 51 63 77 92 108 78 67 58 54 56 62 72 85 99 114 89 79 72 68 70 75 83 94 107 121 100 91 85 82 83 88 95 105 116 129 112 104 99 97 97 101 107 116 126 138 124 117 113 111 111 114 120 128 137 148 137 131 127 125 125 128 133 140 149 159
14 50 23 77 159 16 106 151 116 28 101 124 82 148 151 121 85 133 46 131 42 112 50 72 134 27 80 137 114 0 99 102 79 137 146 117 113 112 53 135 109 108 110 115 122 131 141 153 165 179 95 94 96 102 109 119 131 143 157 171 81 80 83 89 98 109 121 135 149 164 67 66 69 76 87 99 112 127 142 158 53 52 56 65 77 90 105 120 136 152 39 37 43 54 68 83 99 115 132 149 26 23 32 46 62 78 95 112 129 146 15 10 24 41 58 75 93 110 127 144 14 8 24 41 58 75 92 110 127 144 24 21 31 45 61 78 94 111 128 145
102 50 82 55 61 85 18 63 73 123 4 25 37 74 60 29 17 53 71 54 57 14 51 57 37 75 29 54 69 99 0 5 42 49 51 29 19 28 49 42 114 99 85 74 64 58 57 62 70 81 107 92 77 63 52 45 44 49 60 73 102 86 70 55 41 31 30 38 50 65 99 82 65 49 33 19 17 28 44 61 98 81 63 46 29 12 7 24 41 59 99 82 65 48 32 17 15 27 43 60 102 85 69 53 39 29 28 36 49 64 106 91 76 62 50 43 42 47 58 71 113 98 84 72 62 56 55 60 68 80 120 106 94 83 75 70 69 73 80 90
105 53 85 60 59 88 21 63 76 126 6 22 36 70 59 30 18 48 75 50 61 10 54 62 35 79 29 55 73 102 5 0 41 44 51 31 14 24 53 38 118 103 89 77 67 60 58 61 69 79 112 96 81 67 55 47 45 48 58 70 107 90 74 59 45 34 31 36 48 62 104 87 70 53 37 23 17 26 41 57 102 85 68 50 33 16 4 20 37 55 103 86 69 52 35 20 12 23 39 56 105 89 72 57 42 30 26 32 45 60 110 94 79 64 52 43 40 44 54 67 116 101 86 74 63 56 54 57 65 76 123 109 96 84 75 69 68 70 77 86
77 40 70 75 96 69 59 104 105 98 45 59 6 70 100 70 27 55 72 52 45 48 47 74 75 64 14 95 102 79 42 41 0 60 91 70 45 37 49 61 134 123 113 106 100 98 99 102 108 117 124 112 101 93 87 84 85 89 96 106 115 102 90 80 73 70 71 76 85 95 107 93 80 68 60 56 58 64 74 86 100 85 70 57 47 42 44 52 64 78 95 79 63 48 35 28 31 42 56 71 92 75 58 41 26 15 20 34 50 67 91 74 56 39 22 4 14 31 49 66 92 75 58 41 26 15 20 34 51 67 95 79 63 48 36 29 32 42 56 71
136 90 123 103 53 125 59 78 115 157 49 34 56 30 72 57 55 13 117 18 98 37 94 105 48 117 57 79 112 137 49 44 60 0 61 62 31 26 94 12 161 145 130 116 103 91 81 74 70 71 155 139 123 108 94 81 69 61 57 57 150 134 118 102 86 72 59 48 43 44 147 130 113 97 80 64 50 37 29 31 145 128 111 93 76 60 43 27 16 19 144 127 110 92 75 58 40 23 6 13 145 128 110 93 76 59 42 27 14 18 147 130 113 96 80 64 49 35 28 30 150 133 117 101 85 71 57 47 41 43 154 138 123 107 93 80 68 59 55 56
151 97 126 82 21 130 40 17 71 172 49 35 86 91 11 25 68 73 109 78 105 44 96 86 17 120 79 24 69 146 51 51 91 61 0 30 48 63 93 51 124 107 90 73 56 39 23 13 20 35 124 106 89 72 54 37 20 3 16 33 125 107 90 73 57 40 25 16 22 36 127 110 94 77 62 47 35 30 33 44 131 115 99 84 70 57 48 43 46 54 136 121 106 92 79 68 60 57 59 66 143 128 114 101 90 80 74 71 72 78 150 137 123 111 101 93 87 85 86 91 159 146 133 122 113 106 101 99 100 103 168 156 144 134 125 119 114 112 113 117
123 69 97 54 47 101 12 36 53 143 26 29 65 92 35 7 44 71 79 74 76 30 67 58 23 91 57 26 50 117 29 31 70 62 30 0 36 51 64 52 103 86 70 55 41 31 29 37 49 64 100 83 66 49 33 19 16 27 43 60 99 81 64 47 29 12 6 23 41 58 100 83 66 49 33 19 15 27 43 60 103 86 70 54 41 30 29 36 49 64 107 92 77 63 51 44 42 48 58 71 114 99 85 73 63 57 56 60 69 80 121 108 95 84 76 71 70 73 80 90 130 117 106 96 89 85 84 87 92 101 139 128 117 109 102 98 98 100 105 113
115 65 98 73 51 100 30 63 87 136 19 14 40 57 58 33 28 36 88 39 72 8 67 75 32 91 36 59 83 113 19 14 45 31 48 36 0 16 66 24 131 116 101 88 76 67 61 60 64 72 125 109 93 79 66 55 48 47 52 61 120 104 87 72 57 43 34 33 40 52 117 100 83 66 50 34 22 19 30 45 116 99 81 64 47 30 13 8 24 41 116 99 82 65 48 31 16 12 26 42 118 101 85 68 52 38 27 25 33 47 122 106 90 74 60 48 40 38 44 55 127 111 96 82 70 59 53 52 57 66 133 119 105 92 81 72 67 66 69 77
112 65 98 82 63 99 44 78 100 132 30 28 32 46 73 48 30 26 92 26 72 22 69 84 46 91 32 74 97 112 28 24 37 26 63 51 16 0 69 25 141 127 113 101 90 82 76 75 77 83 134 119 105 91 79 69 63 61 64 71 128 113 97 82 69 57 50 47 51 60 124 107 91 75 60 47 37 33 39 50 121 104 87 70 54 38 25 20 28 42 119 102 85 68 50 33 16 6 21 38 120 102 85 68 51 34 18 9 22 38 121 105 88 71 55 40 28 23 30 44 125 108 92 77 62 49 40 37 42 52 130 114 99 84 71 60 53 51 54 63
59 11 33 34 108 37 54 99 72 79 51 74 48 113 99 69 40 93 24 93 15 63 4 31 82 27 41 85 69 53 49 53 49 94 93 64 66 69 0 89 88 79 74 72 74 80 89 100 113 127 77 67 60 58 61 68 78 91 105 120 67 55 47 44 47 56 69 83 98 114 59 45 34 30 35 47 61 77 93 110 53 37 22 16 24 39 56 73 90 107 51 34 16 2 19 36 54 71 88 106 53 36 21 14 23 39 55 72 89 106 58 44 32 28 34 46 60 76 92 109 66 54 45 42 46 55 68 82 97 113 76 65 58 56 59 66 77 90 104 119
136 87 120 96 43 122 50 67 105 157 42 23 56 41 61 47 51 23 112 28 95 29 90 98 37 113 55 68 102 135 42 38 61 12 51 52 24 25 89 0 152 136 121 106 93 80 70 63 60 62 147 131 115 99 84 70 58 50 46 49 143 126 110 93 77 62 48 37 33 37 141 123 106 89 73 56 40 26 19 26 139 122 105 87 70 53 36 19 5 18 140 122 105 88 71 54 37 20 10 20 141 124 107 90 74 58 42 29 23 29 144 127 111 95 79 64 51 41 37 41 148 132 116 101 87 73 62 54 51 53 154 138 123 109 95 83 74 67 64 67
122 99 91 61 145 98 103 117 54 133 112 130 133 187 121 109 115 166 71 167 99 124 91 61 125 92 123 102 56 109 114 118 134 161 124 103 131 141 88 152 0 18 35 52 70 87 104 122 139 156 15 23 38 54 71 88 105 122 140 157 29 34 45 60 75 91 108 125 142 159 43 47 55 68 82 97 113 129 145 162 58 60 67 77 90 104 119 134 150 166 72 74 80 88 99 112 126 140 156 171 86 88 93 100 110 122 134 148 162 177 100 102 106 112 121 132 144 156 170 184 115 116 119 125 133 143 154 166 179 192 129 130 133 138 145 154 164 176 188 201
121 90 88 48 128 96 87 99 37 134 98 114 121 172 104 93 102 151 66 153 91 109 83 50 108 88 111 85 39 108 99 103 123 145 107 86 116 127 79 136 18 0 18 35 52 70 87 104 122 139 23 15 23 38 54 71 88 105 122 140 34 29 34 45 60 75 91 108 125 142 47 43 46 55 67 82 97 112 129 145 60 57 60 67 77 90 104 118 134 150 74 72 73 79 88 99 112 126 140 155 88 86 87 92 100 110 121 134 148 162 102 100 101 105 112 121 131 143 156 170 116 114 115 119 125 133 142 153 165 178 130 128 129 132 138 145 154 164 175 187
122 84 89 40 111 96 72 82 20 137 84 98 111 158 86 76 91 137 65 139 87 94 77 44 92 87 101 68 22 110 85 89 113 130 90 70 101 113 74 121 35 18 0 18 35 52 70 87 104 122 38 23 15 23 38 54 71 88 105 122 45 34 29 34 45 60 75 91 108 125 55 46 43 46 55 67 81 97 112 129 67 60 57 60 67 77 90 104 118 134 80 73 71 73 79 88 99 112 126 140 93 87 85 87 92 99 109 121 134 148 106 101 99 101 105 112 121 131 143 156 119 115 114 115 118 124 132 142 153 165 133 129 128 129 132 137 144 153 163 175
125 82 93 39 94 100 58 65 3 142 71 83 102 145 69 61 81 124 69 126 86 81 76 44 75 90 92 50 5 115 74 77 106 116 73 55 88 101 72 106 52 35 18 0 18 35 52 70 87 104 54 38 23 15 23 38 54 71 88 105 60 45 34 29 33 45 59 75 91 108 68 55 46 43 46 55 67 81 97 112 77 67 60 57 59 66 77 89 103 118 88 79 73 71 73 79 88 99 112 125 100 92 87 85 87 91 99 109 121 134 112 105 101 99 100 105 111 120 131 143 125 119 115 113 114 118 124 132 141 152 138 132 129 127 128 131 137 144 153 163
131 83 99 45 77 106 47 48 16 149 61 70 96 132 52 46 75 111 77 114 88 69 78 50 60 96 87 33 14 122 64 67 100 103 56 41 76 90 74 93 70 52 35 18 0 18 35 52 70 87 71 54 38 23 15 23 38 54 71 88 75 60 45 33 29 33 45 59 75 91 82 67 55 46 43 46 55 67 81 96 90 77 67 59 57 59 66 77 89 103 99 88 79 73 71 73 78 87 99 111 110 100 92 87 85 86 91 99 109 120 121 112 105 100 99 100 104 111 120 130 133 125 118 114 113 114 117 123 131 141 145 138 132 128 127 127 131 136 143 152
139 88 109 56 60 115 40 30 33 158 55 58 93 120 35 35 72 101 87 104 94 60 83 61 45 104 84 16 32 131 58 60 98 91 39 31 67 82 80 80 87 70 52 35 18 0 18 35 52 70 88 71 54 38 23 14 23 38 54 71 91 75 60 45 33 28 33 45 59 75 97 82 67 55 46 42 46 55 67 81 104 90 77 66 59 56 59 66 76 89 112 99 88 79 73 70 72 78 87 98 122 110 99 91 86 84 86 91 98 108 132 121 112 105 100 98 99 104 110 119 143 133 124 118 114 112 113 117 123 131 154 145 137 131 127 126 127 130 135 143
148 95 120 70 44 125 41 13 50 168 54 50 94 111 17 29 73 92 100 96 102 55 92 75 34 114 85 4 49 141 57 58 99 81 23 29 61 76 89 70 104 87 70 52 35 18 0 18 35 52 105 88 71 54 38 23 14 23 38 54 108 91 75 59 45 33 28 33 45 59 113 97 81 67 55 46 42 46 54 67 119 104 90 77 66 59 56 59 66 76 126 112 99 88 78 72 70 72 78 87 134 121 109 99 91 86 84 85 90 98 144 131 121 111 104 99 98 99 103 110 154 142 132 124 117 113 112 113 116 122 164 154 144 137 131 127 125 126 130 135
159 105 132 85 29 137 48 6 68 179 59 47 97 103 2 34 78 86 114 90 112 55 103 89 29 126 90 20 66 153 62 61 102 74 13 37 60 75 100 63 122 104 87 70 52 35 18 0 18 35 122 105 88 71 54 38 23 14 23 38 125 108 91 75 59 45 33 28 33 45 129 112 97 81 67 55 46 42 45 54 134 118 104 89 77 66 59 56 58 65 140 126 112 99 87 78 72 70 72 77 148 134 121 109 99 91 85 83 85 90 156 143 131 120 111 104 99 97 99 103 166 153 142 132 123 117 113 111 112 116 176 164 153 144 136 130 126 125 126 129
170 117 145 100 18 150 59 23 85 191 67 50 103 97 19 45 86 83 128 88 124 61 115 105 34 139 97 37 83 165 70 69 108 70 20 49 64 77 113 60 139 122 104 87 70 52 35 18 0 18 140 122 105 88 71 54 38 23 14 23 142 125 108 91 75 59 45 33 28 33 145 129 112 97 81 67 54 45 42 45 150 134 118 103 89 76 66 58 55 58 156 140 126 112 99 87 78 72 69 71 162 148 134 121 109 98 90 85 83 85 170 156 143 131 120 110 103 99 97 98 179 165 153 141 131 123 116 112 110 112 188 175 163 153 143 135 130 126 124 125
183 130 160 116 22 164 73 40 102 204 79 59 112 95 36 59 97 84 143 89 137 70 129 121 45 153 107 55 101 179 81 79 117 71 35 64 72 83 127 62 156 139 122 104 87 70 52 35 18 0 157 140 122 105 88 71 54 38 23 14 159 142 125 108 91 75 59 45 33 28 162 145 129 112 96 81 67 54 45 42 166 150 134 118 103 89 76 65 58 55 171 155 140 125 111 98 87 77 71 69 177 162 148 134 120 108 98 90 85 83 184 170 156 143 130 119 110 103 98 96 192 178 165 152 141 131 122 116 112 110 201 187 175 163 152 143 135 129 125 124
108 87 77 53 144 84 98 118 56 118 106 125 123 180 122 106 107 159 58 160 87 119 80 52 122 78 114 103 57 95 107 112 124 155 124 100 125 134 77 147 15 23 38 54 71 88 105 122 140 157 0 18 35 52 70 87 104 122 139 156 15 23 38 54 71 88 105 122 140 157 29 34 45 60 75 91 108 125 142 159 43 47 55 68 82 97 113 129 145 162 58 60 67 77 90 104 119 134 150 166 72 74 80 88 99 112 126 140 156 171 86 88 93 100 110 122 134 148 162 177 100 102 106 112 121 132 144 156 170 184 115 116 119 125 133 143 154 166 179 192
106 78 74 38 127 81 81 101 40 120 91 109 110 165 104 89 93 144 52 145 78 103 70 39 105 74 101 86 40 94 92 96 112 139 106 83 109 119 67 131 23 15 23 38 54 71 88 105 122 140 18 0 18 35 52 70 87 104 122 139 23 15 23 38 54 71 88 105 122 140 34 29 34 45 60 75 91 108 125 142 47 43 46 55 67 82 97 112 129 145 60 57 60 67 77 90 104 118 134 150 74 72 73 79 88 99 112 126 140 155 88 86 87 92 100 110 121 134 148 162 102 100 101 105 112 121 131 143 156 170 116 114 115 119 125 133 142 153 165 178
108 71 75 27 109 82 65 84 25 123 75 92 99 150 87 72 80 129 51 130 73 87 64 30 88 73 89 69 24 96 77 81 101 123 89 66 93 105 60 115 38 23 15 23 38 54 71 88 105 122 35 18 0 18 35 52 70 87 104 122 38 23 15 23 38 54 71 88 105 122 45 34 29 34 45 60 75 91 108 125 55 46 43 46 55 67 81 97 112 129 67 60 57 60 67 77 90 104 118 134 80 73 71 73 79 88 99 112 126 140 93 87 85 87 92 99 109 121 134 148 106 101 99 101 105 112 121 131 143 156 119 115 114 115 118 124 132 142 153 165
112 68 79 25 92 86 50 67 15 129 61 76 90 136 70 55 69 115 56 117 72 72 61 30 71 76 80 52 13 102 63 67 93 108 72 49 79 91 58 99 54 38 23 15 23 38 54 71 88 105 52 35 18 0 18 35 52 70 87 104 54 38 23 15 23 38 54 71 88 105 60 45 34 29 33 45 59 75 91 108 68 55 46 43 46 55 67 81 97 112 77 67 60 57 59 66 77 89 103 118 88 79 73 71 73 79 88 99 112 125 100 92 87 85 87 91 99 109 121 134 112 105 101 99 100 105 111 120 131 143 125 119 115 113 114 118 124 132 141 152
118 69 87 34 75 94 36 50 21 137 50 61 83 122 53 39 61 101 65 104 75 59 64 39 54 83 73 35 18 109 52 55 87 94 54 33 66 79 61 84 71 54 38 23 15 23 38 54 71 88 70 52 35 18 0 18 35 52 70 87 71 54 38 23 15 23 38 54 71 88 75 60 45 33 29 33 45 59 75 91 82 67 55 46 43 46 55 67 81 96 90 77 67 59 57 59 66 77 89 103 99 88 79 73 71 73 78 87 99 111 110 100 92 87 85 86 91 99 109 120 121 112 105 100 99 100 104 111 120 130 133 125 118 114 113 114 117 123 131 141
127 75 98 48 58 104 27 35 36 146 42 48 79 110 37 24 58 89 78 92 81 48 71 53 38 93 70 19 34 119 45 47 84 81 37 19 55 69 68 70 88 71 54 38 23 14 23 38 54 71 87 70 52 35 18 0 18 35 52 70 88 71 54 38 23 14 23 38 54 71 91 75 60 45 33 28 33 45 59 75 97 82 67 55 46 42 46 55 67 81 104 90 77 66 59 56 59 66 76 89 112 99 88 79 73 70 72 78 87 98 122 110 99 91 86 84 86 91 98 108 132 121 112 105 100 98 99 104 110 119 143 133 124 118 114 112 113 117 123 131
137 84 110 63 40 115 27 21 52 157 41 37 80 99 21 15 59 80 91 83 91 41 81 68 23 104 72 11 50 131 44 45 85 69 20 16 48 63 78 58 105 88 71 54 38 23 14 23 38 54 104 87 70 52 35 18 0 18 35 52 105 88 71 54 38 23 14 23 38 54 108 91 75 59 45 33 28 33 45 59 113 97 81 67 55 46 42 46 54 67 119 104 90 77 66 59 56 59 66 76 126 112 99 88 78 72 70 72 78 87 134 121 109 99 91 86 84 85 90 98 144 131 121 111 104 99 98 99 103 110 154 142 132 124 117 113 112 113 116 122
148 95 123 79 23 128 37 18 69 169 46 33 84 90 13 23 66 73 106 77 102 42 93 84 15 117 77 23 67 143 49 48 89 61 3 27 47 61 91 50 122 105 88 71 54 38 23 14 23 38 122 104 87 70 52 35 18 0 18 35 122 105 88 71 54 38 23 14 23 38 125 108 91 75 59 45 33 28 33 45 129 112 97 81 67 55 46 42 45 54 134 118 104 89 77 66 59 56 58 65 140 126 112 99 87 78 72 70 72 77 148 134 121 109 99 91 85 83 85 90 156 143 131 120 111 104 99 97 99 103 166 153 142 132 123 117 113 111 112 116
161 108 138 96 7 142 51 28 86 182 57 38 91 84 22 37 75 69 122 74 115 49 107 100 23 131 86 39 84 157 60 58 96 57 16 43 52 64 105 46 140 122 105 88 71 54 38 23 14 23 139 122 104 87 70 52 35 18 0 18 140 122 105 88 71 54 38 23 14 23 142 125 108 91 75 59 45 33 28 33 145 129 112 97 81 67 54 45 42 45 150 134 118 103 89 76 66 58 55 58 156 140 126 112 99 87 78 72 69 71 162 148 134 121 109 98 90 85 83 85 170 156 143 131 120 110 103 99 97 98 179 165 153 141 131 123 116 112 110 112
174 122 152 113 13 156 67 43 103 195 70 48 101 81 38 54 88 70 138 75 129 60 122 117 38 146 97 56 101 171 73 70 106 57 33 60 61 71 120 49 157 140 122 105 88 71 54 38 23 14 156 139 122 104 87 70 52 35 18 0 157 140 122 105 88 71 54 38 23 14 159 142 125 108 91 75 59 45 33 28 162 145 129 112 96 81 67 54 45 42 166 150 134 118 103 89 76 65 58 55 171 155 140 125 111 98 87 77 71 69 177 162 148 134 120 108 98 90 85 83 184 170 156 143 130 119 110 103 98 96 192 178 165 152 141 131 122 116 112 110
94 77 63 48 144 71 95 121 62 104 102 122 114 174 124 105 100 154 46 154 75 115 70 46 121 65 106 105 62 81 102 107 115 150 125 99 120 128 67 143 29 34 45 60 75 91 108 125 142 159 15 23 38 54 71 88 105 122 140 157 0 18 35 52 70 87 104 122 139 156 15 23 38 54 71 88 105 122 140 157 29 34 45 60 75 91 108 125 142 159 43 47 55 68 82 97 113 129 145 162 58 60 67 77 90 104 119 134 150 166 72 74 80 88 99 112 126 140 156 171 86 88 93 100 110 122 134 148 162 177 100 102 106 112 121 132 144 156 170 184
92 66 60 31 127 67 78 104 47 106 85 105 101 158 107 88 85 138 38 138 65 98 58 30 104 60 92 89 47 80 86 90 102 134 107 81 104 113 55 126 34 29 34 45 60 75 91 108 125 142 23 15 23 38 54 71 88 105 122 140 18 0 18 35 52 70 87 104 122 139 23 15 23 38 54 71 88 105 122 140 34 29 34 45 60 75 91 108 125 142 47 43 46 55 67 82 97 112 129 145 60 57 60 67 77 90 104 118 134 150 74 72 73 79 88 99 112 126 140 155 88 86 87 92 100 110 121 134 148 162 102 100 101 105 112 121 131 143 156 170
94 57 61 16 110 68 61 88 35 110 69 88 88 143 90 71 71 122 37 123 59 81 50 17 87 59 79 72 34 83 70 74 90 118 90 64 87 97 47 110 45 34 29 34 45 60 75 91 108 125 38 23 15 23 38 54 71 88 105 122 35 18 0 18 35 52 70 87 104 122 38 23 15 23 38 54 71 88 105 122 45 34 29 34 45 60 75 91 108 125 55 46 43 46 55 67 81 97 112 129 67 60 57 60 67 77 90 104 118 134 80 73 71 73 79 88 99 112 126 140 93 87 85 87 92 99 109 121 134 148 106 101 99 101 105 112 121 131 143 156
99 54 66 12 93 73 44 72 29 116 53 72 77 128 74 53 58 107 44 108 58 65 47 17 70 63 68 56 26 89 55 59 80 102 73 47 72 82 44 93 60 45 34 29 33 45 59 75 91 108 54 38 23 15 23 38 54 71 88 105 52 35 18 0 18 35 52 70 87 104 54 38 23 15 23 38 54 71 88 105 60 45 34 29 33 45 59 75 91 108 68 55 46 43 46 55 67 81 97 112 77 67 60 57 59 66 77 89 103 118 88 79 73 71 73 79 88 99 112 125 100 92 87 85 87 91 99 109 121 134 112 105 101 99 100 105 111 120 131 143
106 56 76 26 75 82 28 57 33 125 39 55 70 113 58 36 48 92 55 94 61 50 51 31 52 71 60 41 29 98 41 45 73 86 57 29 57 69 47 77 75 60 45 33 29 33 45 59 75 91 71 54 38 23 15 23 38 54 71 88 70 52 35 18 0 18 35 52 70 87 71 54 38 23 15 23 38 54 71 88 75 60 45 33 29 33 45 59 75 91 82 67 55 46 43 46 55 67 81 96 90 77 67 59 57 59 66 77 89 103 99 88 79 73 71 73 78 87 99 111 110 100 92 87 85 86 91 99 109 120 121 112 105 100 99 100 104 111 120 130
115 62 88 42 58 93 14 43 44 135 29 39 66 100 43 19 44 79 69 82 69 36 59 46 35 82 56 30 41 109 31 34 70 72 40 12 43 57 56 62 91 75 60 45 33 28 33 45 59 75 88 71 54 38 23 14 23 38 54 71 87 70 52 35 18 0 18 35 52 70 88 71 54 38 23 14 23 38 54 71 91 75 60 45 33 28 33 45 59 75 97 82 67 55 46 42 46 55 67 81 104 90 77 66 59 56 59 66 76 89 112 99 88 79 73 70 72 78 87 98 122 110 99 91 86 84 86 91 98 108 132 121 112 105 100 98 99 104 110 119
126 73 101 59 42 106 15 33 58 147 27 26 66 88 31 2 46 68 85 71 80 28 71 63 18 95 58 25 55 121 30 31 71 59 25 6 34 50 69 48 108 91 75 59 45 33 28 33 45 59 105 88 71 54 38 23 14 23 38 54 104 87 70 52 35 18 0 18 35 52 105 88 71 54 38 23 14 23 38 54 108 91 75 59 45 33 28 33 45 59 113 97 81 67 55 46 42 46 54 67 119 104 90 77 66 59 56 59 66 76 126 112 99 88 78 72 70 72 78 87 134 121 109 99 91 86 84 85 90 98 144 131 121 111 104 99 98 99 103 110
139 85 116 76 25 120 30 31 73 160 35 19 71 78 26 17 54 60 100 64 93 29 85 80 1 109 65 32 71 135 38 36 76 48 16 23 33 47 83 37 125 108 91 75 59 45 33 28 33 45 122 105 88 71 54 38 23 14 23 38 122 104 87 70 52 35 18 0 18 35 122 105 88 71 54 38 23 14 23 38 125 108 91 75 59 45 33 28 33 45 129 112 97 81 67 55 46 42 45 54 134 118 104 89 77 66 59 56 58 65 140 126 112 99 87 78 72 70 72 77 148 134 121 109 99 91 85 83 85 90 156 143 131 120 111 104 99 97 99 103
152 100 131 93 12 134 46 38 90 173 48 27 79 71 32 34 65 55 117 60 107 38 100 97 18 124 75 45 87 149 50 48 85 43 22 41 40 51 98 33 142 125 108 91 75 59 45 33 28 33 140 122 105 88 71 54 38 23 14 23 139 122 104 87 70 52 35 18 0 18 140 122 105 88 71 54 38 23 14 23 142 125 108 91 75 59 45 33 28 33 145 129 112 97 81 67 54 45 42 45 150 134 118 103 89 76 66 58 55 58 156 140 126 112 99 87 78 72 69 71 162 148 134 121 109 98 90 85 83 85 170 156 143 131 120 110 103 99 97 98
166 115 146 111 17 150 63 50 106 187 64 40 90 67 44 52 79 57 133 62 122 52 115 114 35 140 87 60 104 164 65 62 95 44 36 58 52 60 114 37 159 142 125 108 91 75 59 45 33 28 157 140 122 105 88 71 54 38 23 14 156 139 122 104 87 70 52 35 18 0 157 140 122 105 88 71 54 38 23 14 159 142 125 108 91 75 59 45 33 28 162 145 129 112 96 81 67 54 45 42 166 150 134 118 103 89 76 65 58 55 171 155 140 125 111 98 87 77 71 69 177 162 148 134 120 108 98 90 85 83 184 170 156 143 130 119 110 103 98 96
80 68 50 47 146 57 95 125 69 90 99 121 107 169 128 106 95 149 36 149 65 112 61 43 122 53 99 110 69 67 99 104 107 147 127 100 117 124 59 141 43 47 55 68 82 97 113 129 145 162 29 34 45 60 75 91 108 125 142 159 15 23 38 54 71 88 105 122 140 157 0 18 35 52 70 87 104 122 139 156 15 23 38 54 71 88 105 122 140 157 29 34 45 60 75 91 108 125 142 159 43 47 55 68 82 97 113 129 145 162 58 60 67 77 90 104 119 134 150 166 72 74 80 88 99 112 126 140 156 171 86 88 93 100 110 122 134 148 162 177
78 55 45 30 129 53 77 109 57 92 82 104 92 153 111 89 79 133 25 133 53 95 47 26 105 46 84 94 56 66 82 87 93 130 110 83 100 107 45 123 47 43 46 55 67 82 97 112 129 145 34 29 34 45 60 75 91 108 125 142 23 15 23 38 54 71 88 105 122 140 18 0 18 35 52 70 87 104 122 139 23 15 23 38 54 71 88 105 122 140 34 29 34 45 60 75 91 108 125 142 47 43 46 55 67 82 97 112 129 145 60 57 60 67 77 90 104 118 134 150 74 72 73 79 88 99 112 126 140 155 88 86 87 92 100 110 121 134 148 162
80 44 47 13 112 54 60 94 47 96 65 86 78 137 95 72 63 116 24 117 45 78 37 9 88 45 69 78 45 69 65 70 80 113 94 66 83 91 34 106 55 46 43 46 55 67 81 97 112 129 45 34 29 34 45 60 75 91 108 125 38 23 15 23 38 54 71 88 105 122 35 18 0 18 35 52 70 87 104 122 38 23 15 23 38 54 71 88 105 122 45 34 29 34 45 60 75 91 108 125 55 46 43 46 55 67 81 97 112 129 67 60 57 60 67 77 90 104 118 134 80 73 71 73 79 88 99 112 126 140 93 87 85 87 92 99 109 121 134 148
85 40 54 8 95 61 43 79 43 104 48 69 66 121 80 55 48 100 33 101 44 61 33 10 71 50 57 64 40 76 49 53 68 97 77 49 66 75 30 89 68 55 46 43 46 55 67 81 97 112 60 45 34 29 33 45 59 75 91 108 54 38 23 15 23 38 54 71 88 105 52 35 18 0 18 35 52 70 87 104 54 38 23 15 23 38 54 71 88 105 60 45 34 29 33 45 59 75 91 108 68 55 46 43 46 55 67 81 97 112 77 67 60 57 59 66 77 89 103 118 88 79 73 71 73 79 88 99 112 125 100 92 87 85 87 91 99 109 121 134
94 42 66 24 79 71 26 65 46 114 32 52 57 106 65 38 36 85 47 86 48 44 38 27 54 60 47 51 42 87 33 37 60 80 62 33 50 60 35 73 82 67 55 46 43 46 55 67 81 96 75 60 45 33 29 33 45 59 75 91 71 54 38 23 15 23 38 54 71 88 70 52 35 18 0 18 35 52 70 87 71 54 38 23 15 23 38 54 71 88 75 60 45 33 29 33 45 59 75 91 82 67 55 46 43 46 55 67 81 96 90 77 67 59 57 59 66 77 89 103 99 88 79 73 71 73 78 87 99 111 110 100 92 87 85 86 91 99 109 120
105 51 79 41 62 84 9 54 54 125 17 35 52 91 53 23 30 70 63 72 58 28 49 44 37 73 42 42 51 99 19 23 56 64 47 19 34 47 47 56 97 82 67 55 46 42 46 55 67 81 91 75 60 45 33 28 33 45 59 75 88 71 54 38 23 14 23 38 54 71 87 70 52 35 18 0 18 35 52 70 88 71 54 38 23 14 23 38 54 71 91 75 60 45 33 28 33 45 59 75 97 82 67 55 46 42 46 55 67 81 104 90 77 66 59 56 59 66 76 89 112 99 88 79 73 70 72 78 87 98 122 110 99 91 86 84 86 91 98 108
117 63 94 58 47 98 10 47 66 138 14 18 52 78 44 13 33 57 80 60 71 15 63 62 22 87 45 39 63 112 17 17 58 50 35 15 22 37 61 40 113 97 81 67 55 46 42 46 54 67 108 91 75 59 45 33 28 33 45 59 105 88 71 54 38 23 14 23 38 54 104 87 70 52 35 18 0 18 35 52 105 88 71 54 38 23 14 23 38 54 108 91 75 59 45 33 28 33 45 59 113 97 81 67 55 46 42 46 54 67 119 104 90 77 66 59 56 59 66 76 126 112 99 88 78 72 70 72 78 87 134 121 109 99 91 86 84 85 90 98
130 78 109 76 33 113 28 45 80 151 26 6 58 66 40 21 43 47 96 51 85 17 78 79 13 103 53 44 77 127 28 26 64 37 30 27 19 33 77 26 129 112 97 81 67 55 46 42 45 54 125 108 91 75 59 45 33 28 33 45 122 105 88 71 54 38 23 14 23 38 122 104 87 70 52 35 18 0 18 35 122 105 88 71 54 38 23 14 23 38 125 108 91 75 59 45 33 28 33 45 129 112 97 81 67 55 46 42 45 54 134 118 104 89 77 66 59 56 58 65 140 126 112 99 87 78 72 70 72 77 148 134 121 109 99 91 85 83 85 90
144 93 125 93 25 128 45 50 95 165 43 19 68 58 44 37 57 42 113 47 101 31 94 96 22 119 65 54 92 142 44 41 74 29 33 43 30 39 93 19 145 129 112 97 81 67 54 45 42 45 142 125 108 91 75 59 45 33 28 33 140 122 105 88 71 54 38 23 14 23 139 122 104 87 70 52 35 18 0 18 140 122 105 88 71 54 38 23 14 23 142 125 108 91 75 59 45 33 28 33 145 129 112 97 81 67 54 45 42 45 150 134 118 103 89 76 66 58 55 58 156 140 126 112 99 87 78 72 69 71 162 148 134 121 109 98 90 85 83 85
159 109 141 110 27 144 62 60 111 180 59 36 81 54 53 53 73 44 130 49 117 47 111 114 38 135 79 67 108 158 61 57 86 31 44 60 45 50 110 26 162 145 129 112 96 81 67 54 45 42 159 142 125 108 91 75 59 45 33 28 157 140 122 105 88 71 54 38 23 14 156 139 122 104 87 70 52 35 18 0 157 140 122 105 88 71 54 38 23 14 159 142 125 108 91 75 59 45 33 28 162 145 129 112 96 81 67 54 45 42 166 150 134 118 103 89 76 65 58 55 171 155 140 125 111 98 87 77 71 69 177 162 148 134 120 108 98 90 85 83
66 60 38 50 149 45 96 131 79 76 98 121 101 165 133 109 91 146 29 145 56 112 54 46 124 42 94 115 78 53 98 102 100 145 131 103 116 121 53 139 58 60 67 77 90 104 119 134 150 166 43 47 55 68 82 97 113 129 145 162 29 34 45 60 75 91 108 125 142 159 15 23 38 54 71 88 105 122 140 157 0 18 35 52 70 87 104 122 139 156 15 23 38 54 71 88 105 122 140 157 29 34 45 60 75 91 108 125 142 159 43 47 55 68 82 97 113 129 145 162 58 60 67 77 90 104 119 134 150 166 72 74 80 88 99 112 126 140 156 171
64 45 31 35 132 39 79 116 68 78 81 104 85 148 117 92 74 129 14 129 42 94 39 30 108 32 77 100 67 52 81 85 85 128 115 86 99 104 37 122 60 57 60 67 77 90 104 118 134 150 47 43 46 55 67 82 97 112 129 145 34 29 34 45 60 75 91 108 125 142 23 15 23 38 54 71 88 105 122 140 18 0 18 35 52 70 87 104 122 139 23 15 23 38 54 71 88 105 122 140 34 29 34 45 60 75 91 108 125 142 47 43 46 55 67 82 97 112 129 145 60 57 60 67 77 90 104 118 134 150 74 72 73 79 88 99 112 126 140 155
66 32 34 22 116 41 62 101 60 83 64 87 70 132 102 76 58 112 11 112 32 77 25 17 91 31 62 86 58 56 63 68 70 111 99 70 81 87 22 105 67 60 57 60 67 77 90 104 118 134 55 46 43 46 55 67 81 97 112 129 45 34 29 34 45 60 75 91 108 125 38 23 15 23 38 54 71 88 105 122 35 18 0 18 35 52 70 87 104 122 38 23 15 23 38 54 71 88 105 122 45 34 29 34 45 60 75 91 108 125 55 46 43 46 55 67 81 97 112 129 67 60 57 60 67 77 90 104 118 134 80 73 71 73 79 88 99 112 126 140
73 26 43 20 100 49 46 87 57 92 47 70 56 115 88 60 41 95 26 95 30 60 19 17 75 38 47 73 54 65 46 50 57 93 84 54 64 70 16 87 77 67 60 57 59 66 77 89 103 118 68 55 46 43 46 55 67 81 97 112 60 45 34 29 33 45 59 75 91 108 54 38 23 15 23 38 54 71 88 105 52 35 18 0 18 35 52 70 87 104 54 38 23 15 23 38 54 71 88 105 60 45 34 29 33 45 59 75 91 108 68 55 46 43 46 55 67 81 97 112 77 67 60 57 59 66 77 89 103 118 88 79 73 71 73 79 88 99 112 125
83 30 57 30 84 61 31 75 59 103 29 52 44 99 75 45 26 79 43 79 36 42 27 30 59 51 35 62 56 77 29 33 47 76 70 41 47 54 24 70 90 77 67 59 57 59 66 77 89 103 82 67 55 46 43 46 55 67 81 96 75 60 45 33 29 33 45 59 75 91 71 54 38 23 15 23 38 54 71 88 70 52 35 18 0 18 35 52 70 87 71 54 38 23 15 23 38 54 71 88 75 60 45 33 29 33 45 59 75 91 82 67 55 46 43 46 55 67 81 96 90 77 67 59 57 59 66 77 89 103 99 88 79 73 71 73 78 87 99 111
95 41 72 45 69 76 19 66 66 115 12 35 38 84 64 33 16 63 60 64 49 25 41 46 44 66 29 55 62 90 12 16 42 60 57 30 30 38 39 53 104 90 77 66 59 56 59 66 76 89 97 82 67 55 46 42 46 55 67 81 91 75 60 45 33 28 33 45 59 75 88 71 54 38 23 14 23 38 54 71 87 70 52 35 18 0 18 35 52 70 88 71 54 38 23 14 23 38 54 71 91 75 60 45 33 28 33 45 59 75 97 82 67 55 46 42 46 55 67 81 104 90 77 66 59 56 59 66 76 89 112 99 88 79 73 70 72 78 87 98
108 56 88 61 55 91 20 60 76 129 7 19 39 69 57 27 21 48 77 50 64 8 57 63 32 81 32 53 72 105 7 4 44 43 48 29 13 25 56 36 119 104 90 77 66 59 56 59 66 76 113 97 81 67 55 46 42 46 54 67 108 91 75 59 45 33 28 33 45 59 105 88 71 54 38 23 14 23 38 54 104 87 70 52 35 18 0 18 35 52 105 88 71 54 38 23 14 23 38 54 108 91 75 59 45 33 28 33 45 59 113 97 81 67 55 46 42 46 54 67 119 104 90 77 66 59 56 59 66 76 126 112 99 88 78 72 70 72 78 87
122 72 104 78 45 107 32 59 88 143 24 9 47 56 54 32 36 35 94 38 79 11 73 80 27 98 43 56 85 120 24 20 52 27 43 36 8 20 73 19 134 118 104 89 77 66 59 56 58 65 129 112 97 81 67 55 46 42 45 54 125 108 91 75 59 45 33 28 33 45 122 105 88 71 54 38 23 14 23 38 122 104 87 70 52 35 18 0 18 35 122 105 88 71 54 38 23 14 23 38 125 108 91 75 59 45 33 28 33 45 129 112 97 81 67 55 46 42 45 54 134 118 104 89 77 66 59 56 58 65 140 126 112 99 87 78 72 70 72 77
138 88 121 95 39 123 48 63 102 158 41 21 59 45 57 43 52 28 111 33 96 28 90 97 32 114 57 64 99 136 41 37 64 16 46 49 24 28 90 5 150 134 118 103 89 76 66 58 55 58 145 129 112 97 81 67 54 45 42 45 142 125 108 91 75 59 45 33 28 33 140 122 105 88 71 54 38 23 14 23 139 122 104 87 70 52 35 18 0 18 140 122 105 88 71 54 38 23 14 23 142 125 108 91 75 59 45 33 28 33 145 129 112 97 81 67 54 45 42 45 150 134 118 103 89 76 66 58 55 58 156 140 126 112 99 87 78 72 69 71
153 105 138 112 40 140 64 71 117 174 58 37 73 40 64 58 68 31 129 36 112 45 107 114 44 131 73 75 114 152 59 55 78 19 54 64 41 42 107 18 166 150 134 118 103 89 76 65 58 55 162 145 129 112 96 81 67 54 45 42 159 142 125 108 91 75 59 45 33 28 157 140 122 105 88 71 54 38 23 14 156 139 122 104 87 70 52 35 18 0 157 140 122 105 88 71 54 38 23 14 159 142 125 108 91 75 59 45 33 28 162 145 129 112 96 81 67 54 45 42 166 150 134 118 103 89 76 65 58 55 171 155 140 125 111 98 87 77 71 69
52 56 28 57 153 33 100 138 90 61 100 123 96 162 139 113 90 144 29 143 50 113 51 52 128 33 91 122 89 39 99 103 95 144 136 107 116 119 51 140 72 74 80 88 99 112 126 140 156 171 58 60 67 77 90 104 119 134 150 166 43 47 55 68 82 97 113 129 145 162 29 34 45 60 75 91 108 125 142 159 15 23 38 54 71 88 105 122 140 157 0 18 35 52 70 87 104 122 139 156 15 23 38 54 71 88 105 122 140 157 29 34 45 60 75 91 108 125 142 159 43 47 55 68 82 97 113 129 145 162 58 60 67 77 90 104 119 134 150 166
50 39 17 44 137 25 83 123 80 64 83 106 80 145 124 97 73 127 13 126 34 95 34 39 112 20 74 108 79 37 82 86 79 127 121 92 99 102 34 122 74 72 73 79 88 99 112 126 140 155 60 57 60 67 77 90 104 118 134 150 47 43 46 55 67 82 97 112 129 145 34 29 34 45 60 75 91 108 125 142 23 15 23 38 54 71 88 105 122 140 18 0 18 35 52 70 87 104 122 139 23 15 23 38 54 71 88 105 122 140 34 29 34 45 60 75 91 108 125 142 47 43 46 55 67 82 97 112 129 145 60 57 60 67 77 90 104 118 134 150
53 23 21 35 121 28 68 110 74 71 66 89 63 128 110 82 56 109 10 109 20 78 17 30 96 17 57 95 72 43 65 69 63 110 106 77 82 85 16 105 80 73 71 73 79 88 99 112 126 140 67 60 57 60 67 77 90 104 118 134 55 46 43 46 55 67 81 97 112 129 45 34 29 34 45 60 75 91 108 125 38 23 15 23 38 54 71 88 105 122 35 18 0 18 35 52 70 87 104 122 38 23 15 23 38 54 71 88 105 122 45 34 29 34 45 60 75 91 108 125 55 46 43 46 55 67 81 97 112 129 67 60 57 60 67 77 90 104 118 134
61 12 35 33 106 39 53 97 71 81 49 73 48 111 97 67 38 92 25 92 16 62 5 30 81 29 40 84 68 54 48 52 48 92 92 63 65 68 2 88 88 79 73 71 73 79 88 99 112 125 77 67 60 57 59 66 77 89 103 118 68 55 46 43 46 55 67 81 97 112 60 45 34 29 33 45 59 75 91 108 54 38 23 15 23 38 54 71 88 105 52 35 18 0 18 35 52 70 87 104 54 38 23 15 23 38 54 71 88 105 60 45 34 29 33 45 59 75 91 108 68 55 46 43 46 55 67 81 97 112 77 67 60 57 59 66 77 89 103 118
72 19 51 40 91 54 40 87 73 93 33 57 34 95 85 55 21 75 42 75 27 45 20 39 66 44 25 75 70 68 32 35 35 75 79 51 48 50 19 71 99 88 79 73 71 73 78 87 99 111 90 77 67 59 57 59 66 77 89 103 82 67 55 46 43 46 55 67 81 96 75 60 45 33 29 33 45 59 75 91 71 54 38 23 15 23 38 54 71 88 70 52 35 18 0 18 35 52 70 87 71 54 38 23 15 23 38 54 71 88 75 60 45 33 29 33 45 59 75 91 82 67 55 46 43 46 55 67 81 96 90 77 67 59 57 59 66 77 89 103
86 34 67 52 78 70 32 79 78 107 20 41 24 78 76 45 4 58 60 58 42 29 37 52 54 61 15 69 75 83 17 20 28 58 68 44 31 33 36 54 112 99 88 79 73 70 72 78 87 98 104 90 77 66 59 56 59 66 76 89 97 82 67 55 46 42 46 55 67 81 91 75 60 45 33 28 33 45 59 75 88 71 54 38 23 14 23 38 54 71 87 70 52 35 18 0 18 35 52 70 88 71 54 38 23 14 23 38 54 71 91 75 60 45 33 28 33 45 59 75 97 82 67 55 46 42 46 55 67 81 104 90 77 66 59 56 59 66 76 89
101 51 84 67 66 86 32 74 87 121 18 29 26 62 70 41 15 42 77 42 58 17 54 68 45 77 21 67 83 99 15 12 31 40 60 42 16 16 54 37 126 112 99 88 78 72 70 72 78 87 119 104 90 77 66 59 56 59 66 76 113 97 81 67 55 46 42 46 54 67 108 91 75 59 45 33 28 33 45 59 105 88 71 54 38 23 14 23 38 54 104 87 70 52 35 18 0 18 35 52 105 88 71 54 38 23 14 23 38 54 108 91 75 59 45 33 28 33 45 59 113 97 81 67 55 46 42 46 54 67 119 104 90 77 66 59 56 59 66 76
116 68 101 82 57 103 41 73 98 137 29 23 37 47 68 44 32 26 94 28 75 19 71 84 41 94 36 69 94 115 27 23 42 23 57 48 12 6 71 20 140 126 112 99 87 78 72 70 72 77 134 118 104 89 77 66 59 56 58 65 129 112 97 81 67 55 46 42 45 54 125 108 91 75 59 45 33 28 33 45 122 105 88 71 54 38 23 14 23 38 122 104 87 70 52 35 18 0 18 35 122 105 88 71 54 38 23 14 23 38 125 108 91 75 59 45 33 28 33 45 129 112 97 81 67 55 46 42 45 54 134 118 104 89 77 66 59 56 58 65
132 85 118 98 52 120 54 76 110 152 44 29 51 34 70 53 49 15 111 19 92 32 88 100 45 111 52 76 107 132 43 39 56 6 59 58 26 21 88 10 156 140 126 112 99 87 78 72 69 71 150 134 118 103 89 76 66 58 55 58 145 129 112 97 81 67 54 45 42 45 142 125 108 91 75 59 45 33 28 33 140 122 105 88 71 54 38 23 14 23 139 122 104 87 70 52 35 18 0 18 140 122 105 88 71 54 38 23 14 23 142 125 108 91 75 59 45 33 28 33 145 129 112 97 81 67 54 45 42 45 150 134 118 103 89 76 66 58 55 58
148 102 135 115 53 137 69 82 124 168 60 42 67 27 76 66 67 19 129 24 109 48 106 117 54 129 69 86 121 149 60 56 71 13 66 71 42 38 106 20 171 155 140 125 111 98 87 77 71 69 166 150 134 118 103 89 76 65 58 55 162 145 129 112 96 81 67 54 45 42 159 142 125 108 91 75 59 45 33 28 157 140 122 105 88 71 54 38 23 14 156 139 122 104 87 70 52 35 18 0 157 140 122 105 88 71 54 38 23 14 159 142 125 108 91 75 59 45 33 28 162 145 129 112 96 81 67 54 45 42 166 150 134 118 103 89 76 65 58 55
39 55 22 66 159 24 105 146 101 47 103 126 94 161 146 119 91 143 35 142 48 115 52 61 134 29 89 131 100 26 102 105 92 145 143 114 118 120 53 141 86 88 93 100 110 122 134 148 162 177 72 74 80 88 99 112 126 140 156 171 58 60 67 77 90 104 119 134 150 166 43 47 55 68 82 97 113 129 145 162 29 34 45 60 75 91 108 125 142 159 15 23 38 54 71 88 105 122 140 157 0 18 35 52 70 87 104 122 139 156 15 23 38 54 71 88 105 122 140 157 29 34 45 60 75 91 108 125 142 159 43 47 55 68 82 97 113 129 145 162
35 38 5 55 143 11 90 132 93 51 87 110 77 143 132 104 74 126 24 124 31 99 35 50 118 12 72 118 91 23 85 89 75 128 128 99 101 102 36 124 88 86 87 92 100 110 121 134 148 162 74 72 73 79 88 99 112 126 140 155 60 57 60 67 77 90 104 118 134 150 47 43 46 55 67 82 97 112 129 145 34 29 34 45 60 75 91 108 125 142 23 15 23 38 54 71 88 105 122 140 18 0 18 35 52 70 87 104 122 139 23 15 23 38 54 71 88 105 122 140 34 29 34 45 60 75 91 108 125 142 47 43 46 55 67 82 97 112 129 145
40 21 14 48 128 17 75 120 88 59 71 94 60 126 119 90 57 108 22 107 14 82 19 44 103 7 55 106 85 32 69 72 58 110 114 85 85 85 21 107 93 87 85 87 92 99 109 121 134 148 80 73 71 73 79 88 99 112 126 140 67 60 57 60 67 77 90 104 118 134 55 46 43 46 55 67 81 97 112 129 45 34 29 34 45 60 75 91 108 125 38 23 15 23 38 54 71 88 105 122 35 18 0 18 35 52 70 87 104 122 38 23 15 23 38 54 71 88 105 122 45 34 29 34 45 60 75 91 108 125 55 46 43 46 55 67 81 97 112 129
50 5 31 47 113 32 62 108 85 71 56 78 43 109 107 77 40 91 32 90 5 66 10 44 89 24 38 95 82 46 53 57 41 93 101 73 68 68 14 90 100 92 87 85 87 91 99 109 121 134 88 79 73 71 73 79 88 99 112 125 77 67 60 57 59 66 77 89 103 118 68 55 46 43 46 55 67 81 97 112 60 45 34 29 33 45 59 75 91 108 54 38 23 15 23 38 54 71 88 105 52 35 18 0 18 35 52 70 87 104 54 38 23 15 23 38 54 71 88 105 60 45 34 29 33 45 59 75 91 108 68 55 46 43 46 55 67 81 97 112
64 16 48 52 100 49 52 99 86 85 42 63 26 92 97 66 24 74 47 73 22 52 21 50 76 41 20 87 83 62 39 42 26 76 90 63 52 51 23 74 110 100 92 87 85 86 91 99 109 120 99 88 79 73 71 73 78 87 99 111 90 77 67 59 57 59 66 77 89 103 82 67 55 46 43 46 55 67 81 96 75 60 45 33 29 33 45 59 75 91 71 54 38 23 15 23 38 54 71 88 70 52 35 18 0 18 35 52 70 87 71 54 38 23 15 23 38 54 71 88 75 60 45 33 29 33 45 59 75 91 82 67 55 46 43 46 55 67 81 96
79 33 65 62 88 66 46 92 91 100 33 50 12 75 89 58 13 57 63 55 39 39 38 61 65 59 3 82 88 78 29 30 15 59 80 57 38 34 39 58 122 110 99 91 86 84 86 91 98 108 112 99 88 79 73 70 72 78 87 98 104 90 77 66 59 56 59 66 76 89 97 82 67 55 46 42 46 55 67 81 91 75 60 45 33 28 33 45 59 75 88 71 54 38 23 14 23 38 54 71 87 70 52 35 18 0 18 35 52 70 88 71 54 38 23 14 23 38 54 71 91 75 60 45 33 28 33 45 59 75 97 82 67 55 46 42 46 55 67 81
95 50 83 74 77 83 46 87 98 115 31 41 15 58 83 55 19 39 79 38 57 31 55 75 58 76 15 81 95 95 28 26 20 42 74 56 27 18 55 42 134 121 109 99 91 86 84 85 90 98 126 112 99 88 78 72 70 72 78 87 119 104 90 77 66 59 56 59 66 76 113 97 81 67 55 46 42 46 54 67 108 91 75 59 45 33 28 33 45 59 105 88 71 54 38 23 14 23 38 54 104 87 70 52 35 18 0 18 35 52 105 88 71 54 38 23 14 23 38 54 108 91 75 59 45 33 28 33 45 59 113 97 81 67 55 46 42 46 54 67
111 67 100 88 70 100 52 86 108 131 38 37 30 41 82 57 34 22 96 21 74 31 72 89 55 93 33 83 105 112 36 32 34 27 71 60 25 9 72 29 148 134 121 109 99 91 85 83 85 90 140 126 112 99 87 78 72 70 72 77 134 118 104 89 77 66 59 56 58 65 129 112 97 81 67 55 46 42 45 54 125 108 91 75 59 45 33 28 33 45 122 105 88 71 54 38 23 14 23 38 122 104 87 70 52 35 18 0 18 35 122 105 88 71 54 38 23 14 23 38 125 108 91 75 59 45 33 28 33 45 129 112 97 81 67 55 46 42 45 54
127 85 117 104 66 118 63 89 119 147 51 41 47 25 83 64 51 5 113 6 91 40 89 105 58 110 50 88 116 129 49 45 50 14 72 69 33 22 89 23 162 148 134 121 109 98 90 85 83 85 156 140 126 112 99 87 78 72 69 71 150 134 118 103 89 76 66 58 55 58 145 129 112 97 81 67 54 45 42 45 142 125 108 91 75 59 45 33 28 33 140 122 105 88 71 54 38 23 14 23 139 122 104 87 70 52 35 18 0 18 140 122 105 88 71 54 38 23 14 23 142 125 108 91 75 59 45 33 28 33 145 129 112 97 81 67 54 45 42 45
144 102 134 119 67 135 76 95 132 164 65 51 64 13 89 75 68 14 130 16 109 54 106 121 65 128 67 97 129 146 64 60 67 18 78 80 47 38 106 29 177 162 148 134 120 108 98 90 85 83 171 155 140 125 111 98 87 77 71 69 166 150 134 118 103 89 76 65 58 55 162 145 129 112 96 81 67 54 45 42 159 142 125 108 91 75 59 45 33 28 157 140 122 105 88 71 54 38 23 14 156 139 122 104 87 70 52 35 18 0 157 140 122 105 88 71 54 38 23 14 159 142 125 108 91 75 59 45 33 28 162 145 129 112 96 81 67 54 45 42
27 58 25 77 165 23 112 155 114 33 108 131 94 160 155 126 94 144 45 142 50 120 56 72 140 32 91 140 112 15 106 110 91 147 150 121 122 121 58 144 100 102 106 112 121 132 144 156 170 184 86 88 93 100 110 122 134 148 162 177 72 74 80 88 99 112 126 140 156 171 58 60 67 77 90 104 119 134 150 166 43 47 55 68 82 97 113 129 145 162 29 34 45 60 75 91 108 125 142 159 15 23 38 54 71 88 105 122 140 157 0 18 35 52 70 87 104 122 139 156 15 23 38 54 71 88 105 122 140 157 29 34 45 60 75 91 108 125 142 159
21 41 13 68 150 7 97 142 106 38 93 115 76 143 142 112 78 127 37 125 34 104 41 63 125 18 74 128 104 10 91 94 74 130 137 108 106 105 44 127 102 100 101 105 112 121 131 143 156 170 88 86 87 92 100 110 121 134 148 162 74 72 73 79 88 99 112 126 140 155 60 57 60 67 77 90 104 118 134 150 47 43 46 55 67 82 97 112 129 145 34 29 34 45 60 75 91 108 125 142 23 15 23 38 54 71 88 105 122 140 18 0 18 35 52 70 87 104 122 139 23 15 23 38 54 71 88 105 122 140 34 29 34 45 60 75 91 108 125 142
28 27 18 62 136 14 84 130 101 49 78 100 59 126 129 99 62 109 36 107 19 88 29 58 111 15 57 117 99 24 76 79 56 113 123 95 90 88 32 111 106 101 99 101 105 112 121 131 143 156 93 87 85 87 92 99 109 121 134 148 80 73 71 73 79 88 99 112 126 140 67 60 57 60 67 77 90 104 118 134 55 46 43 46 55 67 81 97 112 129 45 34 29 34 45 60 75 91 108 125 38 23 15 23 38 54 71 88 105 122 35 18 0 18 35 52 70 87 104 122 38 23 15 23 38 54 71 88 105 122 45 34 29 34 45 60 75 91 108 125
42 18 33 61 122 31 73 120 99 63 64 86 42 108 118 87 47 92 43 90 15 74 24 58 98 27 40 108 97 41 62 64 39 96 111 84 74 71 28 95 112 105 101 99 100 105 111 120 131 143 100 92 87 85 87 91 99 109 121 134 88 79 73 71 73 79 88 99 112 125 77 67 60 57 59 66 77 89 103 118 68 55 46 43 46 55 67 81 97 112 60 45 34 29 33 45 59 75 91 108 54 38 23 15 23 38 54 71 88 105 52 35 18 0 18 35 52 70 87 104 54 38 23 15 23 38 54 71 88 105 60 45 34 29 33 45 59 75 91 108
57 23 49 65 110 48 64 111 100 78 53 72 25 91 109 78 34 75 54 73 26 61 30 63 87 43 25 100 97 58 50 52 22 80 101 76 60 55 34 79 121 112 105 100 99 100 104 111 120 130 110 100 92 87 85 86 91 99 109 120 99 88 79 73 71 73 78 87 99 111 90 77 67 59 57 59 66 77 89 103 82 67 55 46 43 46 55 67 81 96 75 60 45 33 29 33 45 59 75 91 71 54 38 23 15 23 38 54 71 88 70 52 35 18 0 18 35 52 70 87 71 54 38 23 15 23 38 54 71 88 75 60 45 33 29 33 45 59 75 91
74 37 66 73 98 66 59 105 104 94 46 61 9 74 102 71 27 58 69 56 42 50 43 72 77 60 15 96 101 75 43 43 4 64 93 71 48 40 46 64 132 121 112 105 100 98 99 104 110 119 122 110 99 91 86 84 86 91 98 108 112 99 88 79 73 70 72 78 87 98 104 90 77 66 59 56 59 66 76 89 97 82 67 55 46 42 46 55 67 81 91 75 60 45 33 28 33 45 59 75 88 71 54 38 23 14 23 38 54 71 87 70 52 35 18 0 18 35 52 70 88 71 54 38 23 14 23 38 54 71 91 75 60 45 33 28 33 45 59 75
90 53 83 84 89 83 60 101 111 110 45 54 12 56 97 69 30 42 84 39 58 44 59 83 71 77 21 95 107 93 42 40 14 49 87 70 40 28 60 51 144 131 121 111 104 99 98 99 103 110 134 121 109 99 91 86 84 85 90 98 126 112 99 88 78 72 70 72 78 87 119 104 90 77 66 59 56 59 66 76 113 97 81 67 55 46 42 46 54 67 108 91 75 59 45 33 28 33 45 59 105 88 71 54 38 23 14 23 38 54 104 87 70 52 35 18 0 18 35 52 105 88 71 54 38 23 14 23 38 54 108 91 75 59 45 33 28 33 45 59
107 69 101 96 83 100 65 100 119 127 50 51 29 39 95 71 42 26 100 22 75 45 75 97 69 94 36 96 116 110 47 44 31 35 85 73 38 23 76 41 156 143 131 120 111 104 99 97 99 103 148 134 121 109 99 91 85 83 85 90 140 126 112 99 87 78 72 70 72 77 134 118 104 89 77 66 59 56 58 65 129 112 97 81 67 55 46 42 45 54 125 108 91 75 59 45 33 28 33 45 122 105 88 71 54 38 23 14 23 38 122 104 87 70 52 35 18 0 18 35 122 105 88 71 54 38 23 14 23 38 125 108 91 75 59 45 33 28 33 45
124 86 118 110 80 117 73 102 130 144 60 54 46 22 97 76 56 15 116 10 92 51 91 111 71 111 52 101 126 127 58 54 49 28 86 80 44 30 92 37 170 156 143 131 120 110 103 99 97 98 162 148 134 121 109 98 90 85 83 85 156 140 126 112 99 87 78 72 69 71 150 134 118 103 89 76 66 58 55 58 145 129 112 97 81 67 54 45 42 45 142 125 108 91 75 59 45 33 28 33 140 122 105 88 71 54 38 23 14 23 139 122 104 87 70 52 35 18 0 18 140 122 105 88 71 54 38 23 14 23 142 125 108 91 75 59 45 33 28 33
141 103 135 125 80 135 85 107 141 161 73 62 63 5 101 85 72 20 133 18 109 62 108 126 77 128 69 108 138 144 71 67 66 30 91 90 55 44 109 41 184 170 156 143 130 119 110 103 98 96 177 162 148 134 120 108 98 90 85 83 171 155 140 125 111 98 87 77 71 69 166 150 134 118 103 89 76 65 58 55 162 145 129 112 96 81 67 54 45 42 159 142 125 108 91 75 59 45 33 28 157 140 122 105 88 71 54 38 23 14 156 139 122 104 87 70 52 35 18 0 157 140 122 105 88 71 54 38 23 14 159 142 125 108 91 75 59 45 33 28
18 63 35 89 172 29 120 164 126 19 115 137 95 161 164 134 99 146 57 143 56 126 64 83 147 40 94 150 124 14 113 116 92 150 159 130 127 125 66 148 115 116 119 125 133 143 154 166 179 192 100 102 106 112 121 132 144 156 170 184 86 88 93 100 110 122 134 148 162 177 72 74 80 88 99 112 126 140 156 171 58 60 67 77 90 104 119 134 150 166 43 47 55 68 82 97 113 129 145 162 29 34 45 60 75 91 108 125 142 159 15 23 38 54 71 88 105 122 140 157 0 18 35 52 70 87 104 122 139 156 15 23 38 54 71 88 105 122 140 157
7 49 27 81 158 20 107 152 120 26 100 122 79 144 151 121 84 129 51 126 42 110 51 76 133 30 77 139 117 8 98 101 75 133 146 117 111 108 54 132 116 114 115 119 125 133 142 153 165 178 102 100 101 105 112 121 131 143 156 170 88 86 87 92 100 110 121 134 148 162 74 72 73 79 88 99 112 126 140 155 60 57 60 67 77 90 104 118 134 150 47 43 46 55 67 82 97 112 129 145 34 29 34 45 60 75 91 108 125 142 23 15 23 38 54 71 88 105 122 140 18 0 18 35 52 70 87 104 122 139 23 15 23 38 54 71 88 105 122 140
20 38 30 76 144 23 95 141 115 41 87 108 62 127 140 109 69 112 50 109 31 96 41 72 120 28 62 129 113 24 84 86 58 117 133 106 96 92 45 116 119 115 114 115 118 124 132 142 153 165 106 101 99 101 105 112 121 131 143 156 93 87 85 87 92 99 109 121 134 148 80 73 71 73 79 88 99 112 126 140 67 60 57 60 67 77 90 104 118 134 55 46 43 46 55 67 81 97 112 129 45 34 29 34 45 60 75 91 108 125 38 23 15 23 38 54 71 88 105 122 35 18 0 18 35 52 70 87 104 122 38 23 15 23 38 54 71 88 105 122
37 32 40 75 132 36 85 132 113 57 75 95 46 109 130 99 56 95 55 93 28 83 38 72 108 36 47 120 111 41 72 74 41 101 122 96 82 77 42 101 125 119 115 113 114 118 124 132 141 152 112 105 101 99 100 105 111 120 131 143 100 92 87 85 87 91 99 109 121 134 88 79 73 71 73 79 88 99 112 125 77 67 60 57 59 66 77 89 103 118 68 55 46 43 46 55 67 81 97 112 60 45 34 29 33 45 59 75 91 108 54 38 23 15 23 38 54 71 88 105 52 35 18 0 18 35 52 70 87 104 54 38 23 15 23 38 54 71 88 105
54 35 55 78 120 51 77 124 114 73 65 83 31 92 121 90 46 79 64 76 35 71 42 76 98 49 35 114 111 58 62 63 26 85 113 89 70 62 46 87 133 125 118 114 113 114 117 123 131 141 121 112 105 100 99 100 104 111 120 130 110 100 92 87 85 86 91 99 109 120 99 88 79 73 71 73 78 87 99 111 90 77 67 59 57 59 66 77 89 103 82 67 55 46 43 46 55 67 81 96 75 60 45 33 29 33 45 59 75 91 71 54 38 23 15 23 38 54 71 88 70 52 35 18 0 18 35 52 70 87 71 54 38 23 15 23 38 54 71 88
71 45 70 85 110 68 73 118 118 90 59 73 20 75 115 85 41 63 77 60 48 63 52 83 90 64 28 110 114 75 56 56 15 71 106 85 59 49 55 73 143 133 124 118 114 112 113 117 123 131 132 121 112 105 100 98 99 104 110 119 122 110 99 91 86 84 86 91 98 108 112 99 88 79 73 70 72 78 87 98 104 90 77 66 59 56 59 66 76 89 97 82 67 55 46 42 46 55 67 81 91 75 60 45 33 28 33 45 59 75 88 71 54 38 23 14 23 38 54 71 87 70 52 35 18 0 18 35 52 70 88 71 54 38 23 14 23 38 54 71
88 59 87 94 102 85 73 115 123 107 58 67 22 58 111 83 43 48 91 44 63 58 66 93 85 80 32 108 120 92 55 54 20 57 101 84 53 40 68 62 154 142 132 124 117 113 112 113 116 122 144 131 121 111 104 99 98 99 103 110 134 121 109 99 91 86 84 85 90 98 126 112 99 88 78 72 70 72 78 87 119 104 90 77 66 59 56 59 66 76 113 97 81 67 55 46 42 46 54 67 108 91 75 59 45 33 28 33 45 59 105 88 71 54 38 23 14 23 38 54 104 87 70 52 35 18 0 18 35 52 105 88 71 54 38 23 14 23 38 54
105 74 103 106 96 102 77 114 131 124 63 65 34 42 109 84 52 36 106 31 79 58 80 105 83 97 43 110 128 110 60 57 34 47 99 87 52 37 82 54 166 153 142 132 123 117 113 111 112 116 156 143 131 120 111 104 99 97 99 103 148 134 121 109 99 91 85 83 85 90 140 126 112 99 87 78 72 70 72 77 134 118 104 89 77 66 59 56 58 65 129 112 97 81 67 55 46 42 45 54 125 108 91 75 59 45 33 28 33 45 122 105 88 71 54 38 23 14 23 38 122 104 87 70 52 35 18 0 18 35 122 105 88 71 54 38 23 14 23 38
123 90 120 119 93 119 85 116 140 141 71 67 50 27 110 89 64 28 121 23 95 63 96 119 84 114 57 114 137 127 68 65 51 41 100 92 57 42 97 51 179 165 153 141 131 123 116 112 110 112 170 156 143 131 120 110 103 99 97 98 162 148 134 121 109 98 90 85 83 85 156 140 126 112 99 87 78 72 69 71 150 134 118 103 89 76 66 58 55 58 145 129 112 97 81 67 54 45 42 45 142 125 108 91 75 59 45 33 28 33 140 122 105 88 71 54 38 23 14 23 139 122 104 87 70 52 35 18 0 18 140 122 105 88 71 54 38 23 14 23
140 106 137 132 94 136 95 120 151 158 82 73 66 16 114 97 78 31 137 27 112 73 112 133 89 130 73 121 148 144 80 76 67 43 103 101 66 52 113 53 192 178 165 152 141 131 122 116 112 110 184 170 156 143 130 119 110 103 98 96 177 162 148 134 120 108 98 90 85 83 171 155 140 125 111 98 87 77 71 69 166 150 134 118 103 89 76 65 58 55 162 145 129 112 96 81 67 54 45 42 159 142 125 108 91 75 59 45 33 28 157 140 122 105 88 71 54 38 23 14 156 139 122 104 87 70 52 35 18 0 157 140 122 105 88 71 54 38 23 14
19 72 46 101 180 40 129 174 139 4 122 145 99 163 174 143 106 149 70 146 64 133 73 96 156 51 99 161 137 24 120 123 95 154 168 139 133 130 76 154 129 130 133 138 145 154 164 176 188 201 115 116 119 125 133 143 154 166 179 192 100 102 106 112 121 132 144 156 170 184 86 88 93 100 110 122 134 148 162 177 72 74 80 88 99 112 126 140 156 171 58 60 67 77 90 104 119 134 150 166 43 47 55 68 82 97 113 129 145 162 29 34 45 60 75 91 108 125 142 159 15 23 38 54 71 88 105 122 140 157 0 18 35 52 70 87 104 122 139 156
8 59 41 94 167 34 117 163 133 19 109 130 83 146 162 131 91 133 64 130 52 118 62 89 143 43 84 150 131 21 106 109 79 138 156 128 119 114 65 138 130 128 129 132 138 145 154 164 175 187 116 114 115 119 125 133 142 153 165 178 102 100 101 105 112 121 131 143 156 170 88 86 87 92 100 110 121 134 148 162 74 72 73 79 88 99 112 126 140 155 60 57 60 67 77 90 104 118 134 150 47 43 46 55 67 82 97 112 129 145 34 29 34 45 60 75 91 108 125 142 23 15 23 38 54 71 88 105 122 140 18 0 18 35 52 70 87 104 122 139
20 50 43 90 154 36 106 153 129 37 97 117 68 129 151 120 78 116 64 113 44 105 55 86 130 42 69 141 127 31 94 96 63 123 144 117 105 99 58 123 133 129 128 129 132 137 144 153 163 175 119 115 114 115 118 124 132 142 153 165 106 101 99 101 105 112 121 131 143 156 93 87 85 87 92 99 109 121 134 148 80 73 71 73 79 88 99 112 126 140 67 60 57 60 67 77 90 104 118 134 55 46 43 46 55 67 81 97 112 129 45 34 29 34 45 60 75 91 108 125 38 23 15 23 38 54 71 88 105 122 35 18 0 18 35 52 70 87 104 122
37 46 51 89 142 45 97 144 127 54 86 105 53 112 142 111 67 100 68 97 42 93 52 86 119 48 56 133 125 45 83 84 48 107 134 109 92 84 56 109 138 132 129 127 128 131 137 144 153 163 125 119 115 113 114 118 124 132 141 152 112 105 101 99 100 105 111 120 131 143 100 92 87 85 87 91 99 109 121 134 88 79 73 71 73 79 88 99 112 125 77 67 60 57 59 66 77 89 103 118 68 55 46 43 46 55 67 81 97 112 60 45 34 29 33 45 59 75 91 108 54 38 23 15 23 38 54 71 88 105 52 35 18 0 18 35 52 70 87 104
54 48 63 92 131 58 91 137 128 71 78 94 41 96 134 103 59 85 76 81 47 83 55 89 110 58 47 127 125 61 75 75 36 93 125 102 81 71 59 95 145 138 132 128 127 127 131 136 143 152 133 125 118 114 113 114 117 123 131 141 121 112 105 100 99 100 104 111 120 130 110 100 92 87 85 86 91 99 109 120 99 88 79 73 71 73 78 87 99 111 90 77 67 59 57 59 66 77 89 103 82 67 55 46 43 46 55 67 81 96 75 60 45 33 29 33 45 59 75 91 71 54 38 23 15 23 38 54 71 88 70 52 35 18 0 18 35 52 70 87
71 56 77 98 122 73 87 132 131 88 73 86 34 79 128 98 55 70 86 66 57 76 63 95 103 71 42 124 128 78 70 69 29 80 119 98 72 60 66 83 154 145 137 131 127 126 127 130 135 143 143 133 124 118 114 112 113 117 123 131 132 121 112 105 100 98 99 104 110 119 122 110 99 91 86 84 86 91 98 108 112 99 88 79 73 70 72 78 87 98 104 90 77 66 59 56 59 66 76 89 97 82 67 55 46 42 46 55 67 81 91 75 60 45 33 28 33 45 59 75 88 71 54 38 23 14 23 38 54 71 87 70 52 35 18 0 18 35 52 70
88 67 92 106 115 89 87 129 136 106 72 80 35 64 124 97 57 57 99 53 70 72 74 104 98 86 45 122 133 94 69 68 32 68 114 98 67 53 77 74 164 154 144 137 131 127 125 126 130 135 154 142 132 124 117 113 112 113 116 122 144 131 121 111 104 99 98 99 103 110 134 121 109 99 91 86 84 85 90 98 126 112 99 88 78 72 70 72 78 87 119 104 90 77 66 59 56 59 66 76 113 97 81 67 55 46 42 46 54 67 108 91 75 59 45 33 28 33 45 59 105 88 71 54 38 23 14 23 38 54 104 87 70 52 35 18 0 18 35 52
106 81 108 116 110 105 90 128 143 123 76 78 44 49 123 98 63 47 113 42 85 72 88 115 96 102 53 124 140 111 73 70 42 59 112 100 66 51 90 67 176 164 153 144 136 130 126 125 126 129 166 153 142 132 123 117 113 111 112 116 156 143 131 120 111 104 99 97 99 103 148 134 121 109 99 91 85 83 85 90 140 126 112 99 87 78 72 70 72 77 134 118 104 89 77 66 59 56 58 65 129 112 97 81 67 55 46 42 45 54 125 108 91 75 59 45 33 28 33 45 122 105 88 71 54 38 23 14 23 38 122 104 87 70 52 35 18 0 18 35
123 96 124 128 107 122 97 129 152 140 82 80 56 36 124 102 73 42 127 37 100 76 102 128 98 118 65 127 149 128 80 77 56 55 113 105 69 54 104 64 188 175 163 153 143 135 130 126 124 125 179 165 153 141 131 123 116 112 110 112 170 156 143 131 120 110 103 99 97 98 162 148 134 121 109 98 90 85 83 85 156 140 126 112 99 87 78 72 69 71 150 134 118 103 89 76 66 58 55 58 145 129 112 97 81 67 54 45 42 45 142 125 108 91 75 59 45 33 28 33 140 122 105 88 71 54 38 23 14 23 139 122 104 87 70 52 35 18 0 18
140 111 140 141 107 138 106 133 162 157 92 86 71 30 127 109 86 44 143 40 116 84 117 141 102 134 79 133 159 145 90 86 71 56 117 113 77 63 119 67 201 187 175 163 152 143 135 129 125 124 192 178 165 152 141 131 122 116 112 110 184 170 156 143 130 119 110 103 98 96 177 162 148 134 120 108 98 90 85 83 171 155 140 125 111 98 87 77 71 69 166 150 134 118 103 89 76 65 58 55 162 145 129 112 96 81 67 54 45 42 159 142 125 108 91 75 59 45 33 28 157 140 122 105 88 71 54 38 23 14 156 139 122 104 87 70 52 35 18 0
