0.0 62.73971766853148 40.992621161607275 41.65295372049403 53.04188117206052 73.237734471139 90.12572882796616 74.64980847614221 72.44571514779403 44.49955743327955 14.990459361846916 58.27395254658908 52.71266996711974 68.59828543713833 94.40832851236777 47.706502709019766 63.52813759088573 36.78969818208348 25.086792824537365 60.34429571979114 6.703869526715142 26.367084074612634 90.05117912686941 36.719090190111565 45.84315984318248 38.54554086046947 81.00398397793401 50.39472942757111 63.75301321853737 48.58201527608691 8.145753038687179 65.42259680983375 66.59166119876302 57.074421993642105 88.82463223539044 35.3943345575148 61.21568656267051 8.93851281902854 94.68905905322327 56.963627097056715 56.834269757075695 47.22565834818581 91.41942411464152 78.9927310111852 31.924914064517687 19.5923545914552
62.73971766853148 0.0 21.91948379562022 44.88250929121035 47.061918293013385 20.02878358910868 29.75121921539177 18.05255769072534 26.48186005261331 18.302970060143082 54.07581439523409 5.187843616906429 10.60095514652526 15.804397159305122 48.290049378938164 19.568115161697882 4.701203060879384 25.98501741761928 38.189502386743385 9.711921722630425 61.685869841408554 53.01476760119993 43.189077729520044 59.187475019066895 34.85965271179661 43.04997915261919 25.019496376398372 13.33470999100887 18.527473650642754 19.54422646671506 54.88210836882353 4.313091211274881 4.0179989279199875 5.676784518807322 28.724853253685442 27.973702297944097 6.489621121767464 54.58286869440145 33.65133593356874 6.66988880383806 27.74049259128392 34.194392022402155 49.89935204615016 18.307911890924036 41.75967719072773 61.9858051197506
40.992621161607275 21.91948379562022 0.0 29.960764201877833 36.91957719643983 34.01899871049784 50.740894061624495 36.42976909970182 35.758225612875826 4.9791461865507 33.886279369554444 17.92939824845451 12.860217044039 29.038715055526588 62.64425700085946 10.24993231674126 22.557073207643743 4.322902749521271 16.270465856114793 21.91639415182244 39.76683871487951 33.01518180556719 57.62924031413549 41.42853030240556 22.908351220083087 26.879224945499278 43.43868477942232 9.540160335933457 25.829742830339423 15.298464208330303 33.038931647483935 25.047937989064447 25.872281224948942 16.249019091242058 49.56022128598183 6.218442562886704 20.36386507238378 32.690990794728094 53.94527264835953 15.971215010458046 29.128790468620544 23.190588055431455 58.57683954770086 39.264138066143275 22.796474482323127 40.83207603471817
41.65295372049403 44.88250929121035 29.960764201877833 0.0 11.450834049662104 43.32435618161453 74.12289394180539 62.59810854072236 38.645241801297956 34.619633824050304 45.35911054467345 43.46222182029842 40.42721226492835 40.431183670155384 91.37105694120811 25.637913398974618 42.433678847478326 29.724762686248866 26.109602437727325 49.4789439471233 36.16551960800936 16.554773658932945 86.263787012751 15.498819575566278 10.445018574943278 3.8085905392269943 69.7080466117098 32.87058074395359 33.83020089864041 45.25837072875412 34.95249687516514 49.11617884793708 48.56756474883219 40.563904798034486 73.23900184957351 26.035724676484094 39.527750744827046 33.62131129359509 66.80582864768674 38.415687179220264 59.06935324562618 11.545606576051382 52.08983663577669 62.97232965387701 11.25254848615813 27.43974419154427
53.04188117206052 47.061918293013385 36.91957719643983 11.450834049662104 0.0 40.3917062194625 74.68719279825909 65.11275792571148 33.96820358994061 40.95821018877878 56.59254006880481 46.89076889206189 45.09488026887627 38.73781318687262 95.08757981238224 29.81418405894974 43.67927943166575 37.79722481099684 36.61600398142863 53.467675358567675 47.41250271819271 27.39278478306255 89.9600356934715 22.497253631123684 14.02437222015041 14.94349638412553 72.0156076794769 37.0762979018705 32.16274979235933 51.772801612527935 46.40326074525443 51.37117855922919 50.267039297568445 43.80502009555674 73.98644761810932 34.4198947925702 40.936410066036274 45.071471137478966 63.19752951258048 41.23887431822599 65.64762979198719 13.939007536500325 42.8704364252187 64.16734138487924 22.38244825293877 37.81164032126103
73.237734471139 20.02878358910868 34.01899871049784 43.32435618161453 40.3917062194625 0.0 36.930098193446895 33.085158025162855 8.42604084581537 32.88597574294109 67.8486010479234 24.393587938082216 28.18465192492405 5.04853026811603 63.06282838707486 25.56687969736155 15.580271897482248 38.25409931418133 48.30971594834145 29.710790422592154 70.49811598955151 56.530510996940855 58.26201411093209 58.8231755887649 33.16997607225796 43.17661556877384 38.36369544555823 24.883424408944002 9.894896337907085 38.32343349485485 65.092028889435 22.43670094644455 19.937795824037487 22.660179159886294 36.606662003480636 38.392054272727655 15.679406204310066 64.39714766762025 23.49317077037453 20.625703215818493 47.76757565799908 31.89348832876787 30.06170306431103 28.720148213447338 45.331411298402124 67.11697550603664
90.12572882796616 29.75121921539177 50.740894061624495 74.12289394180539 74.68719279825909 36.930098193446895 0.0 15.88752594907955 45.31520813807668 46.31860962195555 79.2347198873121 32.85232989633831 37.980275876609404 36.6160350873868 30.01533154410618 49.25792557875626 31.689730447157334 54.362105499759785 66.73509444491283 29.78167839709569 89.99900084998565 82.73440140097011 26.40160478619974 88.78819748559872 63.823935205305595 72.56719962786237 11.695137321492382 42.995125313424026 42.79166105387363 41.967203137108015 82.69720047682728 25.914768102705708 25.81522461323882 35.001117066205 1.427302902204051 56.95512239063939 34.59794862188372 82.61687783966782 27.2588298672808 36.42079989047986 39.6917934744716 62.970151914810145 62.32097314636374 11.517354417910871 71.50979900297475 91.4448966327404
74.64980847614221 18.05255769072534 36.42976909970182 62.59810854072236 65.11275792571148 33.085158025162855 15.88752594907955 0.0 41.135292130312614 31.696712610401452 63.41937101050755 19.295747221213535 23.59744220840766 30.632464861847613 30.627532562918788 36.99319975944491 21.7337780701765 39.671556844930535 51.92273718553844 14.627036200090426 74.86803530609393 69.22515226281284 25.61662040128587 76.42157699698355 52.770072179436916 60.51282313817722 7.140024038852218 29.978635290812164 35.33076497233724 26.215156828657687 67.39896720486092 13.741657799789301 15.07044306737524 22.05928529688139 14.495676400011686 42.60894144315046 24.284439421864082 67.40463701365907 34.510337426148375 24.216452068536565 24.518142857998082 52.16546028919067 62.3878170117126 7.4456845073921105 58.374435135481555 77.23352619950126
72.44571514779403 26.48186005261331 35.758225612875826 38.645241801297956 33.96820358994061 8.42604084581537 45.31520813807668 41.135292130312614 0.0 35.78368222922295 68.76300831890518 30.077583570085547 32.807467296976455 10.802935509538903 71.34364779463574 26.03465775626882 21.78874312632225 39.69329650595964 48.16782419203433 36.12404130252037 69.00948229124714 53.24739856086128 66.49777493120085 53.981920183186816 29.192180518306852 39.166747450088565 46.65135101111388 27.68168974241235 10.040904159628104 42.98642115386261 64.36423763555297 29.56568094814236 27.227628157038716 27.76253484263349 45.01522254687729 39.02130799291535 20.913026074927892 63.51004884324956 29.275925265314047 25.248501027413262 53.7896451612251 27.789654894090244 23.879580456261806 37.08293738066748 42.58368348270516 64.1615896255294
44.49955743327955 18.302970060143082 4.9791461865507 34.619633824050304 40.95821018877878 32.88597574294109 46.31860962195555 31.696712610401452 35.78368222922295 0.0 36.045032779045876 13.795542263525288 8.350653242455158 27.83758687168532 57.669293085759854 12.286883388228981 19.787155307751462 8.044283615773628 20.41776402708379 17.10510226407618 43.78414100088029 37.955293680756505 52.65134206715639 46.38893082818435 26.951585416476913 31.65749368414845 38.64739016358934 8.132240202519874 25.743812928348525 10.822391345511786 36.73398503220756 20.96322197147895 22.100198447092605 12.695909588039921 45.10152384100222 10.95991005966858 18.048804259745644 36.51952277206203 51.32888884773633 13.169276646300075 24.718049767296268 27.060383453971482 59.229355974300226 34.91326473082046 27.769367744951566 45.54442975344311
14.990459361846916 54.07581439523409 33.886279369554444 45.35911054467345 56.59254006880481 67.8486010479234 79.2347198873121 63.41937101050755 68.76300831890518 36.045032779045876 0.0 49.14712910344439 43.530011565375325 62.901000950696705 80.64692350757957 42.77798236594517 55.82879657398215 29.60680232031502 21.371564090633175 49.825673365228525 19.750279702640835 33.632523479487716 76.49752377274338 45.36615047990934 46.185769637831356 41.683524303025145 69.28006881014954 43.32276707176305 59.18516482684239 37.2817241786685 13.446405156875757 56.02739306730466 57.61978146157055 48.63013112410788 77.87164588608205 29.74953707443905 53.964318567785774 14.788416595660804 87.37391449720006 49.19502083840716 43.38614566407258 47.362721765194436 90.07914488812553 68.59527559485412 34.211162196245546 31.1066507692099
58.27395254658908 5.187843616906429 17.92939824845451 43.46222182029842 46.89076889206189 24.393587938082216 32.85232989633831 19.295747221213535 30.077583570085547 13.795542263525288 49.14712910344439 0.0 5.6330394952234935 19.792496166000053 48.25336218012461 17.82657951675429 8.84919567970018 21.739353050848354 34.09391284779881 6.809222813118752 57.53928368972894 50.133606654429535 43.124164024011186 57.12626845614197 33.90368229727572 41.260550556197806 26.435495406693516 10.68786832576795 21.178785161912923 14.419216297497437 50.529495042714814 7.170452375135147 8.473705259010952 3.106886349385924 31.700114405331245 24.127749556991667 9.167405768549983 50.30837485270099 38.808193659057494 5.876350005148696 23.712410077546995 33.438009723026035 53.828805202366475 21.35231756222278 39.14052803566107 58.60070948652385
52.71266996711974 10.60095514652526 12.860217044039 40.42721226492835 45.09488026887627 28.18465192492405 37.980275876609404 23.59744220840766 32.807467296976455 8.350653242455158 43.530011565375325 5.6330394952234935 0.0 23.28427600958052 50.96123002977905 15.299664897059127 13.280057500688226 16.386454373470755 28.7646296779309 9.267986536528744 52.12710317048885 45.66702968819797 45.864832241486695 53.35170118960317 31.513661486303594 37.886811878110166 30.64785862123582 8.040899236063048 23.17888749760597 10.21210205407924 45.0207043466426 12.716803827245853 14.101866523580005 5.663433588134157 36.77284041773045 19.06878395673636 12.508404642397895 44.83751668355863 44.21736546569947 7.627467373034321 22.03299153039167 31.270026217317106 56.68477936468156 26.56309013760397 34.99486541190519 53.69228551521028
68.59828543713833 15.804397159305122 29.038715055526588 40.431183670155384 38.73781318687262 5.04853026811603 36.6160350873868 30.632464861847613 10.802935509538903 27.83758687168532 62.901000950696705 19.792496166000053 23.28427600958052 0.0 61.09372243126771 20.89394471480575 11.16255295262552 33.295297249673574 43.590494414119185 25.50553508737405 66.0530595022128 52.80414734133208 56.167358492199845 55.875042485530265 30.067253818139502 39.91922382373163 36.498951214226466 19.845343725168032 6.671009946072224 33.466006196847786 60.455390735486816 18.763555882270904 16.432530612904728 17.84481086321908 36.104791829061725 33.56026352241965 10.831337560275172 59.80250004543897 27.016211002586974 15.682416858542615 43.394969496346796 28.88949881047636 34.12205897781184 27.25713112370691 41.463755753458685 63.19721128795708
94.40832851236777 48.290049378938164 62.64425700085946 91.37105694120811 95.08757981238224 63.06282838707486 30.01533154410618 30.627532562918788 71.34364779463574 57.669293085759854 80.64692350757957 48.25336218012461 50.96123002977905 61.09372243126771 0.0 65.91056981752115 52.27793951947365 64.74082389313578 75.76720147954639 41.91967825259247 96.39658207521288 95.33345408069783 5.129380190038074 104.03837574719435 82.11640813588012 88.83603156107615 24.69942534474814 58.573912666646336 65.95820778137141 48.468040511741215 88.48971412278887 44.064823631961275 45.64863505590116 51.31214358305408 29.434588178154655 68.28543341555206 54.702834212047215 88.90311334308414 57.27416141083621 53.84879924403262 37.603578933474616 81.68604095079266 91.09093128427571 34.432759811036206 85.438593188121 101.62868904553059
47.706502709019766 19.568115161697882 10.24993231674126 25.637913398974618 29.81418405894974 25.56687969736155 49.25792557875626 36.99319975944491 26.03465775626882 12.286883388228981 42.77798236594517 17.82657951675429 15.299664897059127 20.89394471480575 65.91056981752115 0.0 17.999128351027736 13.788829460618365 22.743452781182192 23.99934737263467 45.25717112996724 33.83850558889512 60.78854629619539 39.62599544504547 16.254651636910978 23.548784214815473 44.118607649437436 7.356929093522717 16.431129278205418 22.6292699282217 39.56263939715504 23.680068066055004 23.44617864364309 14.9374385596521 48.265994232005944 13.035876953216505 15.166060175971094 38.91120403175149 47.38976434187268 12.940376219274658 36.259007883345184 15.971080118694259 48.41463891470587 37.86596014637498 22.42622410663451 43.460498998647324
63.52813759088573 4.701203060879384 22.557073207643743 42.433678847478326 43.67927943166575 15.580271897482248 31.689730447157334 21.7337780701765 21.78874312632225 19.787155307751462 55.82879657398215 8.84919567970018 13.280057500688226 11.16255295262552 52.27793951947365 17.999128351027736 0.0 26.828216231132807 38.59978063895201 14.353973276511912 61.98276127387013 51.83632493213528 47.21162844219451 57.17986075022617 32.16180733633059 40.92965556244049 28.428890656958686 13.16559342465321 13.983219545183852 23.08741223784136 55.525984396628566 8.344892258729958 6.66937965881361 7.623189683869874 30.812571263572888 28.240650155745012 2.9128976268815503 55.10784649217789 31.550900362461494 6.64961968431572 32.254281186981714 31.35389895696026 45.28369429781832 20.63727376450312 40.4223147902129 61.302126447477974
36.78969818208348 25.98501741761928 4.322902749521271 29.724762686248866 37.79722481099684 38.25409931418133 54.362105499759785 39.671556844930535 39.69329650595964 8.044283615773628 29.60680232031502 21.739353050848354 16.386454373470755 33.295297249673574 64.74082389313578 13.788829460618365 26.828216231132807 0.0 12.378906822066096 25.049806879356755 35.80065663757078 30.59265796759812 59.801476193342886 39.845793087986976 24.013676570033674 26.33821816132614 46.56677254853599 13.861298171894783 29.856130537311337 16.467274443356796 28.8973341241011 28.905722018436954 29.88785198884263 20.30982681806224 53.1458029301776 3.7711775373561056 24.67548179523132 28.610671973746616 58.2562299022506 20.21384295098598 29.764624283476277 24.539102702895466 62.18071687648498 42.94765733327969 21.23185687823054 37.6503297525038
25.086792824537365 38.189502386743385 16.270465856114793 26.109602437727325 36.61600398142863 48.30971594834145 66.73509444491283 51.92273718553844 48.16782419203433 20.41776402708379 21.371564090633175 34.09391284779881 28.7646296779309 43.590494414119185 75.76720147954639 22.743452781182192 38.59978063895201 12.378906822066096 0.0 37.29889782562159 23.496416623579684 20.708597907544494 70.95668750766649 31.65802655310314 25.031113775087384 22.301640227832284 58.73500127538121 25.43448107406566 39.02762310246194 27.3828589588332 16.987773293430532 41.25090177722022 42.14065097177457 32.519406159440194 65.51306848630067 10.362529238006243 36.20312368601506 16.51050853896565 69.61190578858469 32.12358722496459 39.20172264265103 26.13720534826369 68.81662742771756 55.326534883968584 15.083980992411663 25.885178952159993
60.34429571979114 9.711921722630425 21.91639415182244 49.4789439471233 53.467675358567675 29.710790422592154 29.78167839709569 14.627036200090426 36.12404130252037 17.10510226407618 49.825673365228525 6.809222813118752 9.267986536528744 25.50553508737405 41.91967825259247 23.99934737263467 14.353973276511912 25.049806879356755 37.29889782562159 0.0 60.329740341725675 54.87222410543504 36.80209706906403 62.60758325177725 40.233293041247386 47.05071149994273 21.54242378632667 16.655054408238367 27.686214060235816 12.763296810021558 52.94466688065212 8.096074371095307 10.612067055748085 9.886254011076426 28.486659415514048 28.051103227717764 15.477782721959281 52.90026302736857 40.71565537281733 12.684904858226021 18.123217443369462 39.85767359401821 59.61074034570798 18.789884080024066 44.26092624027821 62.64810518725281
6.703869526715142 61.685869841408554 39.76683871487951 36.16551960800936 47.41250271819271 70.49811598955151 89.99900084998565 74.86803530609393 69.00948229124714 43.78414100088029 19.750279702640835 57.53928368972894 52.12710317048885 66.0530595022128 96.39658207521288 45.25717112996724 61.98276127387013 35.80065663757078 23.496416623579684 60.329740341725675 0.0 20.26857112477003 91.86311045311628 30.15650343314968 41.36494232219712 33.31340618861691 81.47826185750247 48.831715872711676 60.79688084707758 49.266245378161095 7.925508979080066 64.70637463926263 65.63523327758124 56.015637135449836 88.74551781605939 33.78176183092374 59.496323227641476 7.547746082293117 92.61712876531432 55.57460289826655 58.83379420735467 42.786390676844015 86.95321616394556 78.66675957104853 27.24220298531508 12.889667495071066
26.367084074612634 53.01476760119993 33.01518180556719 16.554773658932945 27.39278478306255 56.530510996940855 82.73440140097011 69.22515226281284 53.24739856086128 37.955293680756505 33.632523479487716 50.133606654429535 45.66702968819797 52.80414734133208 95.33345408069783 33.83850558889512 51.83632493213528 30.59265796759812 20.708597907544494 54.87222410543504 20.26857112477003 0.0 90.38984136046763 11.853460399498474 24.10630583509533 14.492630623768193 76.3070882553576 39.74120045739347 46.65021183090378 46.96303178027904 21.072306955188772 56.84158104673837 57.00087799682845 47.760678707316785 81.66163553953535 27.095575910668618 49.001007624089716 19.62757662230242 79.80373333223972 46.362618879773976 59.598330665391714 25.536535323843793 68.52146397636236 71.23513662064713 11.464277762180863 11.062320907238634
90.05117912686941 43.189077729520044 57.62924031413549 86.263787012751 89.9600356934715 58.26201411093209 26.40160478619974 25.61662040128587 66.49777493120085 52.65134206715639 76.49752377274338 43.124164024011186 45.864832241486695 56.167358492199845 5.129380190038074 60.78854629619539 47.21162844219451 59.801476193342886 70.95668750766649 36.80209706906403 91.86311045311628 90.38984136046763 0.0 98.99794289339248 76.9902512051707 83.74696640083734 19.940306729735195 53.454722733128506 60.93785640148512 43.60640875020237 83.97365905674484 38.97601963672731 40.596772329463924 46.18278870796571 25.659205440437667 63.31850717366611 49.613420245596416 84.34843034155683 53.54816448644903 48.72152452070313 33.22317452089575 76.55749637169552 86.59569167121786 29.76169346155585 80.41631632941022 96.83580753454947
36.719090190111565 59.187475019066895 41.42853030240556 15.498819575566278 22.497253631123684 58.8231755887649 88.78819748559872 76.42157699698355 53.981920183186816 46.38893082818435 45.36615047990934 57.12626845614197 53.35170118960317 55.875042485530265 104.03837574719435 39.62599544504547 57.17986075022617 39.845793087986976 31.65802655310314 62.60758325177725 30.15650343314968 11.853460399498474 98.99794289339248 0.0 25.810927436718273 16.26220741585092 83.5615361222844 46.4444171441105 49.30070449389121 56.27762191761561 32.473024043155284 63.29997889427826 63.02396627712606 54.42377131140643 87.83507399389077 36.11966575227074 54.26835559409319 31.0282841621724 82.30348350814937 52.565241507074674 69.51662966884773 26.995926085578038 65.36493748148416 77.46358825957302 18.665859671944357 17.95521704372728
45.84315984318248 34.85965271179661 22.908351220083087 10.445018574943278 14.02437222015041 33.16997607225796 63.823935205305595 52.770072179436916 29.192180518306852 26.951585416476913 46.185769637831356 33.90368229727572 31.513661486303594 30.067253818139502 82.11640813588012 16.254651636910978 32.16180733633059 24.013676570033674 25.031113775087384 40.233293041247386 41.36494232219712 24.10630583509533 76.9902512051707 25.810927436718273 0.0 10.045961385114579 59.83124330549048 23.610886957591784 23.5192533361652 37.77219858876143 38.22000680769974 39.14189720096946 38.43096537360065 30.899302244465524 62.97029696848001 20.83478358862888 29.271192786378037 37.09430538047993 56.65872260028884 28.562587781386608 51.659464513764895 1.4457992631143577 45.619164096875 52.7700721794369 14.13284262863311 35.102803596257786
38.54554086046947 43.04997915261919 26.879224945499278 3.8085905392269943 14.94349638412553 43.17661556877384 72.56719962786237 60.51282313817722 39.166747450088565 31.65749368414845 41.683524303025145 41.260550556197806 37.886811878110166 39.91922382373163 88.83603156107615 23.548784214815473 40.92965556244049 26.33821816132614 22.301640227832284 47.05071149994273 33.31340618861691 14.492630623768193 83.74696640083734 16.26220741585092 10.045961385114579 0.0 67.64634308295942 30.58618371738307 33.45224367760959 42.15653674479838 31.600351104689707 47.21323243823988 46.8427718349812 38.456656394331645 71.63104866266893 22.605995169449468 38.01722240692018 30.303401972165922 66.65164842395596 36.47159070388233 55.88775099099022 11.402439603241934 54.12197216750563 61.28401101526314 7.49649050929103 25.55309475292848
81.00398397793401 25.019496376398372 43.43868477942232 69.7080466117098 72.0156076794769 38.36369544555823 11.695137321492382 7.140024038852218 46.65135101111388 38.64739016358934 69.28006881014954 26.435495406693516 30.64785862123582 36.498951214226466 24.69942534474814 44.118607649437436 28.428890656958686 46.56677254853599 58.73500127538121 21.54242378632667 81.47826185750247 76.3070882553576 19.940306729735195 83.5615361222844 59.83124330549048 67.64634308295942 0.0 37.11862839384655 41.66012216807481 32.42304708090832 73.9142243142985 20.71185295887808 21.777567489577322 29.190068346858308 10.304875417806059 49.591123737060826 31.09402233249513 73.97840070990661 35.61146994209449 31.303668891570062 28.30226036403066 59.19994880069858 66.75759105521402 9.853334723589533 65.49617316877018 84.18838586706482
50.39472942757111 13.33470999100887 9.540160335933457 32.87058074395359 37.0762979018705 24.883424408944002 42.995125313424026 29.978635290812164 27.68168974241235 8.132240202519874 43.32276707176305 10.68786832576795 8.040899236063048 19.845343725168032 58.573912666646336 7.356929093522717 13.16559342465321 13.861298171894783 25.43448107406566 16.655054408238367 48.831715872711676 39.74120045739347 53.454722733128506 46.4444171441105 23.610886957591784 30.58618371738307 37.11862839384655 0.0 17.650128132066644 16.56593905866301 42.3719706266246 17.105102264076205 17.34917519454678 8.045819654569428 41.92117090047507 15.07514101938118 10.841961501494568 41.94341309876908 44.41574002150931 6.815207386096289 29.648571478511297 23.300479400815856 51.23979236952179 31.494013422460252 28.58788409654438 48.6587744332508
63.75301321853737 18.527473650642754 25.829742830339423 33.83020089864041 32.16274979235933 9.894896337907085 42.79166105387363 35.33076497233724 10.040904159628104 25.743812928348525 59.18516482684239 21.178785161912923 23.17888749760597 6.671009946072224 65.95820778137141 16.431129278205418 13.983219545183852 29.856130537311337 39.02762310246194 27.686214060235816 60.79688084707758 46.65021183090378 60.93785640148512 49.30070449389121 23.5192533361652 33.45224367760959 41.66012216807481 17.650128132066644 0.0 33.25554133968412 55.616497469702644 22.314791308251404 20.39689352702161 18.530105288245988 42.19258972311863 29.46246136033698 12.225702900555143 54.86395085461231 33.23150444279519 15.825203921485999 44.71550122817804 22.304856662055766 33.68479217279777 32.87077891606986 35.4365202261621 57.22212366668158
48.58201527608691 19.54422646671506 15.298464208330303 45.25837072875412 51.772801612527935 38.32343349485485 41.967203137108015 26.215156828657687 42.98642115386261 10.822391345511786 37.2817241786685 14.419216297497437 10.21210205407924 33.466006196847786 48.468040511741215 22.6292699282217 23.08741223784136 16.467274443356796 27.3828589588332 12.763296810021558 49.266245378161095 46.96303178027904 43.60640875020237 56.27762191761561 37.77219858876143 42.15653674479838 32.42304708090832 16.56593905866301 33.25554133968412 0.0 41.58872397671142 20.008427688258692 22.142561453936946 15.667361697410895 40.61313219744497 20.160780976229812 22.65154011375042 41.72922540559538 52.80640941235074 17.838174125242297 13.898867253540203 37.861122008114414 66.85371374371442 31.377974344598936 37.62571696577169 53.26692046158898
8.145753038687179 54.88210836882353 33.038931647483935 34.95249687516514 46.40326074525443 65.092028889435 82.69720047682728 67.39896720486092 64.36423763555297 36.73398503220756 13.446405156875757 50.529495042714814 45.0207043466426 60.455390735486816 88.48971412278887 39.56263939715504 55.525984396628566 28.8973341241011 16.987773293430532 52.94466688065212 7.925508979080066 21.072306955188772 83.97365905674484 32.473024043155284 38.22000680769974 31.600351104689707 73.9142243142985 42.3719706266246 55.616497469702644 41.58872397671142 0.0 57.69584985611944 58.77329388864135 49.20716087428869 81.42017625667084 27.329565269625007 53.17152177361283 1.4476893283128955 86.59901313112348 48.9945556531961 50.916543335480256 39.57132813275023 83.66389714528307 71.45528005605162 24.592926362668354 17.688915994237806
65.42259680983375 4.313091211274881 25.047937989064447 49.11617884793708 51.37117855922919 22.43670094644455 25.914768102705708 13.741657799789301 29.56568094814236 20.96322197147895 56.02739306730466 7.170452375135147 12.716803827245853 18.763555882270904 44.064823631961275 23.680068066055004 8.344892258729958 28.905722018436954 41.25090177722022 8.096074371095307 64.70637463926263 56.84158104673837 38.97601963672731 63.29997889427826 39.14189720096946 47.21323243823988 20.71185295887808 17.105102264076205 22.314791308251404 20.008427688258692 57.69584985611944 0.0 2.5908963183602682 9.087169405300894 24.821622896619946 31.22172427475026 10.638050794526462 57.47863877099743 32.852590941625486 10.742265076654746 25.997613504242096 38.49209622957908 52.49783712401403 14.400733302873542 45.67928747907424 65.56561330706272
66.59166119876302 4.0179989279199875 25.872281224948942 48.56756474883219 50.267039297568445 19.937795824037487 25.81522461323882 15.07044306737524 27.227628157038716 22.100198447092605 57.61978146157055 8.473705259010952 14.101866523580005 16.432530612904728 45.64863505590116 23.44617864364309 6.66937965881361 29.88785198884263 42.14065097177457 10.612067055748085 65.63523327758124 57.00087799682845 40.596772329463924 63.02396627712606 38.43096537360065 46.8427718349812 21.777567489577322 17.34917519454678 20.39689352702161 22.142561453936946 58.77329388864135 2.5908963183602682 0.0 9.628910941549345 24.82149379743931 31.957884640177245 9.33073757025858 58.49791595620659 30.66639141360516 10.63830614588558 28.580674776768937 37.69924969816898 49.996339310846324 14.44183808315237 45.72031828869401 66.00320788258662
57.074421993642105 5.676784518807322 16.249019091242058 40.563904798034486 43.80502009555674 22.660179159886294 35.001117066205 22.05928529688139 27.76253484263349 12.695909588039921 48.63013112410788 3.106886349385924 5.663433588134157 17.84481086321908 51.31214358305408 14.9374385596521 7.623189683869874 20.30982681806224 32.519406159440194 9.886254011076426 56.015637135449836 47.760678707316785 46.18278870796571 54.42377131140643 30.899302244465524 38.456656394331645 29.190068346858308 8.045819654569428 18.530105288245988 15.667361697410895 49.20716087428869 9.087169405300894 9.628910941549345 0.0 33.907385050255236 22.331040782792144 7.013620736347231 48.90609433404623 38.82922300471366 2.839469469377878 26.187547434534096 30.402751772363477 51.61314747770158 23.487897973902783 36.63338674937059 56.510046449897445
88.82463223539044 28.724853253685442 49.56022128598183 73.23900184957351 73.98644761810932 36.606662003480636 1.427302902204051 14.495676400011686 45.01522254687729 45.10152384100222 77.87164588608205 31.700114405331245 36.77284041773045 36.104791829061725 29.434588178154655 48.265994232005944 30.812571263572888 53.1458029301776 65.51306848630067 28.486659415514048 88.74551781605939 81.66163553953535 25.659205440437667 87.83507399389077 62.97029696848001 71.63104866266893 10.304875417806059 41.92117090047507 42.19258972311863 40.61313219744497 81.42017625667084 24.821622896619946 24.82149379743931 33.907385050255236 0.0 55.77720058688089 33.71339780141705 81.35128920796828 27.89775876844896 35.393273388152984 38.264824861505396 62.13799709832895 62.46487717899943 10.429091696651556 70.46716952230302 90.30079380507692
35.3943345575148 27.973702297944097 6.218442562886704 26.035724676484094 34.4198947925702 38.392054272727655 56.95512239063939 42.60894144315046 39.02130799291535 10.95991005966858 29.74953707443905 24.127749556991667 19.06878395673636 33.56026352241965 68.28543341555206 13.035876953216505 28.240650155745012 3.7711775373561056 10.362529238006243 28.051103227717764 33.78176183092374 27.095575910668618 63.31850717366611 36.11966575227074 20.83478358862888 22.605995169449468 49.591123737060826 15.07514101938118 29.46246136033698 20.160780976229812 27.329565269625007 31.22172427475026 31.957884640177245 22.331040782792144 55.77720058688089 0.0 25.84423152328036 26.87303194851607 59.29880107601742 21.793097205114194 33.53280566593273 21.483814628375956 60.85412334210122 45.47270752920588 17.483306553685733 34.63028781785473
61.21568656267051 6.489621121767464 20.36386507238378 39.527750744827046 40.936410066036274 15.679406204310066 34.59794862188372 24.284439421864082 20.913026074927892 18.048804259745644 53.964318567785774 9.167405768549983 12.508404642397895 10.831337560275172 54.702834212047215 15.166060175971094 2.9128976268815503 24.67548179523132 36.20312368601506 15.477782721959281 59.496323227641476 49.001007624089716 49.613420245596416 54.26835559409319 29.271192786378037 38.01722240692018 31.09402233249513 10.841961501494568 12.225702900555143 22.65154011375042 53.17152177361283 10.638050794526462 9.33073757025858 7.013620736347231 33.71339780141705 25.84423152328036 0.0 52.71043738248893 33.58149373666243 5.046614777820087 32.87921021728224 28.47987431917377 44.698733592270926 23.50610827648105 37.57278211068783 58.5504524101057
8.93851281902854 54.58286869440145 32.690990794728094 33.62131129359509 45.071471137478966 64.39714766762025 82.61687783966782 67.40463701365907 63.51004884324956 36.51952277206203 14.788416595660804 50.30837485270099 44.83751668355863 59.80250004543897 88.90311334308414 38.91120403175149 55.10784649217789 28.610671973746616 16.51050853896565 52.90026302736857 7.547746082293117 19.62757662230242 84.34843034155683 31.0282841621724 37.09430538047993 30.303401972165922 73.97840070990661 41.94341309876908 54.86395085461231 41.72922540559538 1.4476893283128955 57.47863877099743 58.49791595620659 48.90609433404623 81.35128920796828 26.87303194851607 52.71043738248893 0.0 86.06655906968393 48.612177769809 51.36885769532871 38.457546081397155 82.59925737107581 71.32987971518844 23.367568062845848 16.42630457860406
94.68905905322327 33.65133593356874 53.94527264835953 66.80582864768674 63.19752951258048 23.49317077037453 27.2588298672808 34.510337426148375 29.275925265314047 51.32888884773633 87.37391449720006 38.808193659057494 44.21736546569947 27.016211002586974 57.27416141083621 47.38976434187268 31.550900362461494 58.2562299022506 69.61190578858469 40.71565537281733 92.61712876531432 79.80373333223972 53.54816448644903 82.30348350814937 56.65872260028884 66.65164842395596 35.61146994209449 44.41574002150931 33.23150444279519 52.80640941235074 86.59901313112348 32.852590941625486 30.66639141360516 38.82922300471366 27.89775876844896 59.29880107601742 33.58149373666243 86.06655906968393 0.0 38.195936879505076 57.29937136372895 55.38652261654528 37.90507135512068 27.158869661586202 68.47954160582496 90.2086420502505
56.963627097056715 6.66988880383806 15.971215010458046 38.415687179220264 41.23887431822599 20.625703215818493 36.42079989047986 24.216452068536565 25.248501027413262 13.169276646300075 49.19502083840716 5.876350005148696 7.627467373034321 15.682416858542615 53.84879924403262 12.940376219274658 6.64961968431572 20.21384295098598 32.12358722496459 12.684904858226021 55.57460289826655 46.362618879773976 48.72152452070313 52.565241507074674 28.562587781386608 36.47159070388233 31.303668891570062 6.815207386096289 15.825203921485999 17.838174125242297 48.9945556531961 10.742265076654746 10.63830614588558 2.839469469377878 35.393273388152984 21.793097205114194 5.046614777820087 48.612177769809 38.195936879505076 0.0 28.90871148323324 27.99483380139788 49.12624029607452 24.97279782327507 35.0916873871214 55.4381267223783
56.834269757075695 27.74049259128392 29.128790468620544 59.06935324562618 65.64762979198719 47.76757565799908 39.6917934744716 24.518142857998082 53.7896451612251 24.718049767296268 43.38614566407258 23.712410077546995 22.03299153039167 43.394969496346796 37.603578933474616 36.259007883345184 32.254281186981714 29.764624283476277 39.20172264265103 18.123217443369462 58.83379420735467 59.598330665391714 33.22317452089575 69.51662966884773 51.659464513764895 55.88775099099022 28.30226036403066 29.648571478511297 44.71550122817804 13.898867253540203 50.916543335480256 25.997613504242096 28.580674776768937 26.187547434534096 38.264824861505396 33.53280566593273 32.87921021728224 51.36885769532871 57.29937136372895 28.90871148323324 0.0 51.7224446274475 77.50236230184174 31.61287816295613 50.976280694854765 64.74106183370881
47.22565834818581 34.194392022402155 23.190588055431455 11.545606576051382 13.939007536500325 31.89348832876787 62.970151914810145 52.16546028919067 27.789654894090244 27.060383453971482 47.362721765194436 33.438009723026035 31.270026217317106 28.88949881047636 81.68604095079266 15.971080118694259 31.35389895696026 24.539102702895466 26.13720534826369 39.85767359401821 42.786390676844015 25.536535323843793 76.55749637169552 26.995926085578038 1.4457992631143577 11.402439603241934 59.19994880069858 23.300479400815856 22.304856662055766 37.861122008114414 39.57132813275023 38.49209622957908 37.69924969816898 30.402751772363477 62.13799709832895 21.483814628375956 28.47987431917377 38.457546081397155 55.38652261654528 27.99483380139788 51.7224446274475 0.0 44.21625579252503 51.98550526733755 15.56264989691291 36.540241334777484
91.41942411464152 49.89935204615016 58.57683954770086 52.08983663577669 42.8704364252187 30.06170306431103 62.32097314636374 62.3878170117126 23.879580456261806 59.229355974300226 90.07914488812553 53.828805202366475 56.68477936468156 34.12205897781184 91.09093128427571 48.41463891470587 45.28369429781832 62.18071687648498 68.81662742771756 59.61074034570798 86.95321616394556 68.52146397636236 86.59569167121786 65.36493748148416 45.619164096875 54.12197216750563 66.75759105521402 51.23979236952179 33.68479217279777 66.85371374371442 83.66389714528307 52.49783712401403 49.996339310846324 51.61314747770158 62.46487717899943 60.85412334210122 44.698733592270926 82.59925737107581 37.90507135512068 49.12624029607452 77.50236230184174 44.21625579252503 0.0 56.90591992381192 59.713903858137776 79.50933115248077
78.9927310111852 18.307911890924036 39.264138066143275 62.97232965387701 64.16734138487924 28.720148213447338 11.517354417910871 7.4456845073921105 37.08293738066748 34.91326473082046 68.59527559485412 21.35231756222278 26.56309013760397 27.25713112370691 34.432759811036206 37.86596014637498 20.63727376450312 42.94765733327969 55.326534883968584 18.789884080024066 78.66675957104853 71.23513662064713 29.76169346155585 77.46358825957302 52.7700721794369 61.28401101526314 9.853334723589533 31.494013422460252 32.87077891606986 31.377974344598936 71.45528005605162 14.400733302873542 14.44183808315237 23.487897973902783 10.429091696651556 45.47270752920588 23.50610827648105 71.32987971518844 27.158869661586202 24.97279782327507 31.61287816295613 51.98550526733755 56.90591992381192 0.0 60.03892571157726 79.93213817507791
31.924914064517687 41.75967719072773 22.796474482323127 11.25254848615813 22.38244825293877 45.331411298402124 71.50979900297475 58.374435135481555 42.58368348270516 27.769367744951566 34.211162196245546 39.14052803566107 34.99486541190519 41.463755753458685 85.438593188121 22.42622410663451 40.4223147902129 21.23185687823054 15.083980992411663 44.26092624027821 27.24220298531508 11.464277762180863 80.41631632941022 18.665859671944357 14.13284262863311 7.49649050929103 65.49617316877018 28.58788409654438 35.4365202261621 37.62571696577169 24.592926362668354 45.67928747907424 45.72031828869401 36.63338674937059 70.46716952230302 17.483306553685733 37.57278211068783 23.367568062845848 68.47954160582496 35.0916873871214 50.976280694854765 15.56264989691291 59.713903858137776 60.03892571157726 0.0 21.78651048194263
19.5923545914552 61.9858051197506 40.83207603471817 27.43974419154427 37.81164032126103 67.11697550603664 91.4448966327404 77.23352619950126 64.1615896255294 45.54442975344311 31.1066507692099 58.60070948652385 53.69228551521028 63.19721128795708 101.62868904553059 43.460498998647324 61.302126447477974 37.6503297525038 25.885178952159993 62.64810518725281 12.889667495071066 11.062320907238634 96.83580753454947 17.95521704372728 35.102803596257786 25.55309475292848 84.18838586706482 48.6587744332508 57.22212366668158 53.26692046158898 17.688915994237806 65.56561330706272 66.00320788258662 56.510046449897445 90.30079380507692 34.63028781785473 58.5504524101057 16.42630457860406 90.2086420502505 55.4381267223783 64.74106183370881 36.540241334777484 79.50933115248077 79.93213817507791 21.78651048194263 0.0
