0.0 44.06505660645399 46.50668756587409 18.778450251568398 32.56092818178113 23.481453300622796 44.22081350446518 18.935361240301965 39.69851655204811 30.053952223998138 29.636129662908136 31.9489748698999 14.01897124934112 21.94795775278227 51.92538165974221 16.37198621622237 61.51102882214067 53.2787482348717 46.41499577436543 16.442479592435852 5.6904527846281585 42.69303613012612 51.402369564404154 23.617030728458815 30.026123830495283 26.503727887019526 46.79310223512498 19.19987700212887 27.738551930597254 23.35752684635733 33.22990874621537 29.61620943176225 10.286875269475859 19.283030639478884 52.65167488270848 11.518804170888718 52.83905865671515 57.337238314791016 57.52623392809886 11.801601506145762 37.06350391819859 4.944104724878216 35.556889974983356 21.31637387685382 45.7839461484922 9.509336618383424 4.019012782293005 63.45474937503163
44.06505660645399 0.0 60.89997734082864 57.60984192693746 74.39686936112233 44.90794197216856 24.139939667866773 55.9016000326665 44.23970585371883 63.62388701838888 14.619019240857144 27.968823460710666 30.293969142602762 41.70551360976032 60.85974978450947 44.379378922458535 17.5665114958376 69.88092054174362 73.80794841394439 31.341422029106873 43.26373959043122 1.4384460521672449 63.5970333293301 62.70036095111679 72.54913884726683 49.41380801599933 39.77021390585877 62.05170065304193 38.461445962206 20.784848413092064 10.837383340413714 22.06264951938975 34.102965462694094 34.32172778452755 62.25928455893164 50.01516926978163 10.421919329638751 75.62458064167552 76.12781096466017 40.08069522466013 21.275582510817507 45.878986634516984 11.358352316816312 22.98872859975326 36.941910426934456 53.107146752925004 41.62151500480818 83.24793708120717
46.50668756587409 60.89997734082864 0.0 35.420647782972026 45.43700362153187 23.456381155761758 40.337414034724574 32.886018655670476 17.04174085680387 26.644283598945727 54.34946493117978 33.01078457194922 45.096293852360986 66.89891591514505 7.611864774387298 30.197525299142473 74.96039484889616 8.983549975478073 19.981102237778703 38.76562771565094 40.85458283643059 60.34475789477115 5.019081963658252 35.7727946878244 46.762128332370224 20.005997962340313 26.22500076587761 44.18210257284906 24.261814349808756 51.182649153909516 54.322574241103304 39.636108877866604 44.382427190753205 61.21359375113274 7.440586691589973 37.035943070748864 62.56384245564186 14.735588737940624 15.255312853481604 35.79890680230248 69.97918327929187 42.042178136907516 61.127082097848074 51.38060885404265 28.48932813180629 51.30997160606331 43.233571311257 22.370365155031962
18.778450251568398 57.60984192693746 35.420647782972026 0.0 17.12477773553887 18.86026862360049 49.96463082390899 2.842342521958149 35.94906790854669 12.196985057876345 44.4447801558082 36.77285308279802 28.408086315143755 40.253307159476726 42.379331057406965 14.418969140108004 75.07902506959275 39.912562309581524 29.296843814549455 26.285505046738624 15.738847431180886 56.395518797024046 40.39555172053078 5.204590943728374 16.047454736969428 18.15791119390671 46.15310138043869 8.964497006013117 27.209868906909247 38.45621404319219 47.15738636207341 38.114593044663934 25.00608445814102 38.04184877094305 42.642612328240325 8.02644547379821 64.67948898354807 42.752561807582886 42.79422365133499 17.531709047949853 54.845151592971185 14.221182699118645 51.2558960105961 36.98124383571157 46.28740211737087 18.17682522855529 18.354276701122604 47.76666708376443
32.56092818178113 74.39686936112233 45.43700362153187 17.12477773553887 0.0 34.970763231362824 66.82531757194332 19.41773631282913 50.6616578121508 18.95611478586108 60.806313552297624 53.70486549032326 44.56759209885221 51.150924703699864 53.00879239928116 31.47822751240885 91.92996753846788 46.919304396890674 31.50027261119445 43.20340992410561 31.446277941685857 73.14292962231741 49.92176901947734 12.628594232465492 3.407404399384992 32.96371548247048 61.54004795742288 13.450922733950083 43.58712006692056 54.6464143309202 63.786237895055024 55.23918865698478 40.91402130512882 51.10554340804188 52.85668963281096 24.382538193983407 81.73536046609779 47.76739931957207 47.58064782575588 34.46167110713075 69.62293294612677 29.167531353784202 67.36020255326238 52.94506618879555 62.05108714523263 27.118429336397774 33.59499290139053 50.45928175108124
23.481453300622796 44.90794197216856 23.456381155761758 18.86026862360049 34.970763231362824 0.0 32.20592487713795 16.086633907354855 17.66667200683867 19.455908235171318 34.61197764138083 19.511581795099683 22.333750320301228 43.44431121171306 28.45923832134681 7.2227596267627945 61.493193244455405 31.11752821464702 29.48581179028163 16.535598251387764 17.7936835021979 43.95431519899654 28.195016773913522 22.392601670273883 34.5654240506154 4.720852449575187 27.338450734204145 27.302157965673093 8.643771460853303 30.073336014718514 35.883574721402596 23.121221859871937 21.110303015989743 37.94134069612916 29.224764114667163 16.089915784351476 49.9498588313043 35.929897285572885 36.243610668380754 12.349222616350147 48.8830559306695 19.45864614512333 41.78201374030315 29.69570571109684 27.42818427024982 29.768106359616706 19.955887270316186 42.88519857948406
44.22081350446518 24.139939667866773 40.337414034724574 49.96463082390899 66.82531757194332 32.20592487713795 0.0 47.456254521842204 23.379920571791803 51.379679477988226 26.437414240585614 13.225186657006363 31.766805413458446 52.99427731634293 38.597108444523194 35.60146087157084 35.055087473666156 49.03061269274368 56.791836958367455 27.778486274240134 40.51351007315095 24.224936436433484 41.98881594951071 54.202270023332375 66.01166277236955 35.4512076363272 16.06335711025085 57.17059800322303 23.641232333259907 28.41719738860671 23.4814855228245 14.948890851474747 34.662170007579725 45.00560536528976 40.04410894320919 44.34585129201884 22.671086289136014 54.828987745630656 55.39585157068146 34.6582205341599 41.426028113859026 43.362058121184766 30.110268660489645 30.379719775611257 13.217267619228638 53.56237219376635 40.43485201846262 62.41011715836173
18.935361240301965 55.9016000326665 32.886018655670476 2.842342521958149 19.41773631282913 16.086633907354855 47.456254521842204 0.0 33.108196201389035 11.171289895251793 43.055218668719775 34.30263010421296 27.25214165747414 40.76058707763585 39.74425550821908 12.088049451122512 73.29650963993168 37.70450051689789 27.992609451358593 24.571392246533133 15.141503660209972 54.719638685085144 37.88149367302087 6.922421300042196 18.609892124822732 15.319735458549829 43.34461420182805 11.758159113017863 24.510684354401466 37.195594854493464 45.58942684236724 35.958986802752854 24.041185389854604 37.99801356403545 40.045935753969545 7.516319047686622 62.692051733544744 40.78320697094167 40.85600896702884 15.901571549149548 54.10903609819425 14.114869797006845 49.97824921102756 35.8513651474827 43.51237527145683 19.69636954219243 17.904435992717836 46.073699818440836
39.69851655204811 44.23970585371883 17.04174085680387 35.94906790854669 50.6616578121508 17.66667200683867 23.379920571791803 33.108196201389035 0.0 32.557188382630166 39.29136884515938 16.850332605736703 33.57822011326434 56.93543912829967 16.872249467404245 24.50102474298869 57.92510006660689 25.900617904115762 34.06390503996669 27.0951979181655 34.22517336286808 43.78361076530435 19.35740967662499 38.61435186904117 50.8623957751826 17.9099057991995 11.292266778215295 44.70146982805467 12.157497867806276 37.25952715102387 38.59809402020832 23.8923535809273 34.148477790958424 50.10909961322251 18.20794813188409 33.73000416118285 45.524179620935946 31.703026267749856 32.245614235712466 27.8980158561446 55.38526947805095 36.3744065824947 45.62837623458779 37.99199883404344 12.685314860363874 47.039437577032395 35.79497071402465 39.33307254547322
30.053952223998138 63.62388701838888 26.644283598945727 12.196985057876345 18.95611478586108 19.455908235171318 51.379679477988226 11.171289895251793 32.557188382630166 0.0 51.885226818154685 38.94515796317294 36.8973540967626 51.925193476054815 34.157893440175016 19.52494470277539 80.59039756290731 29.284109163337376 17.116426690299782 32.9979456528765 25.865463736475633 62.56376100371464 31.296852114304063 9.977996842238637 20.118177265603844 15.952079173998225 43.74010617167662 19.205278148123927 27.771559503700715 46.425389331302924 53.89281277002597 42.31532565626865 34.0929784177663 48.93959257106982 34.084609020380945 18.54808707061618 69.2728097547313 31.3545520489802 31.32286391967045 25.04322602807998 64.18337480296817 25.174025711522873 59.00061685495882 45.38086587231068 44.6209414346579 30.37252444079223 28.693364362584877 35.83823372249868
29.636129662908136 14.619019240857144 54.34946493117978 44.4447801558082 60.806313552297624 34.61197764138083 26.437414240585614 43.055218668719775 39.29136884515938 51.885226818154685 0.0 22.665162864431416 16.250182457235937 28.667318105686178 56.06681550957836 32.36195919183197 31.893595347899648 63.17629370999825 64.09737125046912 18.889107883595955 29.384419362630048 13.203017999769838 57.92357252438657 49.629117670804504 58.743908929071175 39.32671790100269 38.70942724828761 48.07445356271797 30.22043504167661 6.283266697507891 4.224704027986427 15.540747185649472 19.979111737758256 20.80256797452826 57.33921460812033 36.5770618546793 24.28810712341771 68.661612085557 69.08903516646707 27.19467102709901 16.184852798112434 31.841648843159273 7.182771178648118 8.390069399138719 36.22866398714897 38.53929504648827 27.47779569641562 76.1001525332128
31.9489748698999 27.968823460710666 33.01078457194922 36.77285308279802 53.70486549032326 19.511581795099683 13.225186657006363 34.30263010421296 16.850332605736703 38.94515796317294 22.665162864431416 0.0 21.073950369017997 44.14185523959083 33.72249843324997 22.386333071748968 43.14448341312973 41.99274225943823 46.50238106840482 15.780574009198519 27.75615270291737 27.357014527232 36.00681354866822 41.10070919455928 52.819278601373206 23.278466797035954 17.082953269815743 43.95838681100255 11.392676789070938 21.567555347503163 21.751873369924592 7.12884443125151 23.212012121133125 36.53930012908558 35.05234416982292 31.155546040937285 31.105100530436182 47.70505233191629 48.19812529542801 21.655722354693353 38.84449972302712 30.553868847191847 28.803613550350672 22.7962087023913 15.14792718216991 41.040271651125664 28.017279664063512 55.31531812983604
14.01897124934112 30.293969142602762 45.096293852360986 28.408086315143755 44.56759209885221 22.333750320301228 31.766805413458446 27.25214165747414 33.57822011326434 36.8973540967626 16.250182457235937 21.073950369017997 0.0 23.506108276481058 48.76593949917615 17.856393211380475 47.83572333133309 53.252687189346545 50.84403004105053 6.522659526928787 13.134385704296681 28.958627758525633 49.46959722175849 33.611852669705485 42.49569361694281 26.84223306184834 37.7468838239162 31.85267583916559 21.784866841392088 10.090353573892093 19.481361201077714 16.818078511522902 3.8133777744232797 16.548802714625317 49.80164171282175 20.444998381563437 38.834695262688975 58.222140367026704 58.5504524101057 11.87377638210892 27.35173569660307 15.626397818327982 22.869534729183854 8.599285935648615 36.102298666963655 23.425182929062537 11.32794363614027 65.21889511778653
21.94795775278227 41.70551360976032 66.89891591514505 40.253307159476726 51.150924703699864 43.44431121171306 52.99427731634293 40.76058707763585 56.93543912829967 51.925193476054815 28.667318105686178 44.14185523959083 23.506108276481058 0.0 71.41811789627529 37.017161092184125 56.66997215219351 74.33392805930168 68.35839022497471 29.8748771193042 26.921908130114765 40.30120537513069 71.58515425653947 44.67077528314776 48.044170421521805 47.25062284285966 61.09212679058515 38.05553640534666 44.92089275773524 24.732882256566928 32.83164157452218 38.65371113647347 22.897561546118894 8.030089091280532 72.33712261493947 33.446766002801034 52.07105384105163 78.73170633837059 78.96330664923195 31.122087248112354 24.866349360090556 26.889224121335666 30.458055948537904 22.641167286483928 59.2882422709877 24.04868868904764 24.194584594249353 85.11305907848383
51.92538165974221 60.85974978450947 7.611864774387298 42.379331057406965 53.00879239928116 28.45923832134681 38.597108444523194 39.74425550821908 16.872249467404245 34.157893440175016 56.06681550957836 33.72249843324997 48.76593949917615 71.41811789627529 0.0 35.57089894260652 73.6456578959493 12.016235847916171 26.868375402115486 42.269083583589655 46.23492887511405 60.475131900484335 4.48339962816918 43.07884283364774 54.26926207511176 25.800214841596794 23.099242111910804 51.25052912665757 27.084629275792118 53.66568592944073 55.46774533048705 40.74695625928981 48.580709288818895 65.21827906154202 1.4512585632666846 43.23526916145706 61.24278847633858 17.31752767306931 17.941904084212258 40.66626602556339 72.08200847679811 47.72377934434383 62.48630727662044 54.17918857631786 25.746956056563 57.4864258635068 48.40556368800482 24.4785322912965
16.37198621622237 44.379378922458535 30.197525299142473 14.418969140108004 31.47822751240885 7.2227596267627945 35.60146087157084 12.088049451122512 24.50102474298869 19.52494470277539 32.36195919183197 22.386333071748968 17.856393211380475 37.017161092184125 35.57089894260652 0.0 61.60278098872263 37.32624498263956 33.038931647483935 13.473383981485968 10.687917820036098 43.26336346845617 35.057980483675315 18.999070186103687 30.449930766700955 10.269499673206253 33.35353135698764 21.79749301139716 13.700054526666202 26.991813996221865 34.422845250383574 23.905587326030382 15.695270358610836 32.137404650444495 36.28209740107149 9.47407353457758 50.74811573491159 41.75379036919025 42.00465984594964 6.236868222217991 45.17607811133748 12.236888411997473 39.487184187628664 26.099670956835386 33.038931647483864 22.61718431938875 13.045550177389451 48.330592990019326
61.51102882214067 17.5665114958376 74.96039484889616 75.07902506959275 91.92996753846788 61.493193244455405 35.055087473666156 73.29650963993168 57.92510006660689 80.59039756290731 31.893595347899648 43.14448341312973 47.83572333133309 56.66997215219351 73.6456578959493 61.60278098872263 0.0 83.81160346329779 89.64218018053533 48.79356483279472 60.8296911324145 18.878615201739308 76.94929293486074 80.13571574365008 90.10945120628791 65.81651611209476 50.94470536440244 79.61752132249944 54.323694469272056 38.158549964538096 28.35488804894773 38.372062378238375 51.63907604506997 50.01869561483694 75.09106021353682 67.54808726632626 12.418828259884052 89.61743563174716 90.16564992819391 57.549499813955606 32.82682692377316 63.43715208287374 26.89505432520671 40.27153964002311 48.141138758759055 70.41146251915606 59.16268161227306 97.23820177499117
53.2787482348717 69.88092054174362 8.983549975478073 39.912562309581524 46.919304396890674 31.11752821464702 49.03061269274368 37.70450051689789 25.900617904115762 29.284109163337376 63.17629370999825 41.99274225943823 53.252687189346545 74.33392805930168 12.016235847916171 37.32624498263956 83.81160346329779 0.0 17.033612893184262 47.0652377071898 47.752162314800756 69.32824790483001 7.621745257846207 39.14554825543225 48.80728820421177 27.084629275792143 34.31912266527228 48.15620060179636 32.98941049013055 59.812918787558374 63.246826446251305 48.5873120779045 52.22739720887204 69.05708790250685 10.775895300225987 42.973839483640326 71.40187641681564 5.806293105533733 6.365355205117612 43.26355093742959 78.67373544639604 48.580709288818916 70.0097793268955 59.89747133103905 36.772430406279625 57.02898017388624 50.30528547734903 13.43254896369879
46.41499577436543 73.80794841394439 19.981102237778703 29.296843814549455 31.50027261119445 29.48581179028163 56.791836958367455 27.992609451358593 34.06390503996669 17.116426690299782 64.09737125046912 46.50238106840482 50.84403004105053 68.35839022497471 26.868375402115486 33.038931647483935 89.64218018053533 17.033612893184262 0.0 45.724643491728266 41.64463256793286 72.96366462443622 22.640230045726504 26.68312672326576 33.90512970129347 24.775582640769343 44.820761328097156 35.917710570643024 35.40153868875151 59.409044421170194 65.27652232598585 51.747407724784885 48.687338746277966 64.64008124841975 26.090470642600135 34.96889997753787 77.57082112666386 16.474336363742662 16.218050496335618 39.22587187163313 78.02620835601965 41.47134157364919 71.2676875868111 58.824759998742934 46.648218952795816 47.471180900031605 44.468808498808386 19.21567446767918
16.442479592435852 31.341422029106873 38.76562771565094 26.285505046738624 43.20340992410561 16.535598251387764 27.778486274240134 24.571392246533133 27.0951979181655 32.9979456528765 18.889107883595955 15.780574009198519 6.522659526928787 29.8748771193042 42.269083583589655 13.473383981485968 48.79356483279472 47.0652377071898 45.724643491728266 0.0 13.169276646299995 30.14960217175638 43.05895017788865 31.359509928607938 41.55797528965147 21.20005130258864 31.82530882930101 31.43784012690227 15.262692682392696 13.70180229341068 21.068187294201703 13.327743277483917 7.539545985751559 23.0673028959562 43.31909251225695 18.882218424241206 38.60992582049825 52.157886401477434 52.50967540631557 8.757796856699532 32.37135209207821 16.037597595459744 26.024385079505226 13.16559342465321 30.389084955753727 25.818250343361594 12.695909588039852 59.28136372342391
5.6904527846281585 43.26373959043122 40.85458283643059 15.738847431180886 31.446277941685857 17.7936835021979 40.51351007315095 15.141503660209972 34.22517336286808 25.865463736475633 29.384419362630048 27.75615270291737 13.134385704296681 26.921908130114765 46.23492887511405 10.687917820036098 60.8296911324145 47.752162314800756 41.64463256793286 13.169276646299995 0.0 41.96007158547998 45.735677934803206 20.902543427527686 29.367103741317862 20.86426225970625 41.773389755584624 18.787984938014294 22.4143028044836 23.20141534689962 32.515991082101905 26.45473278395575 9.474445018347698 23.11098637490752 46.96306407269599 7.739394025906432 51.321908657251214 51.93309946946288 52.14200941376559 6.492239136150005 39.10843917142337 2.874580206809004 35.92407997814821 21.52164340967021 40.93901724320301 13.400664149368069 2.839469469377878 58.20492654415295
42.69303613012612 1.4384460521672449 60.34475789477115 56.395518797024046 73.14292962231741 43.95431519899654 24.224936436433484 54.719638685085144 43.78361076530435 62.56376100371464 13.203017999769838 27.357014527232 28.958627758525633 40.30120537513069 60.475131900484335 43.26336346845617 18.878615201739308 69.32824790483001 72.96366462443622 30.14960217175638 41.96007158547998 0.0 63.13303563927933 61.49983807049979 71.26854491943648 48.491885559497284 39.66646446952977 60.74635831377523 37.67019541321939 19.389693357374494 9.48161808463528 21.25473953906647 32.76400389332241 32.89615933012352 61.86564446832189 48.76528151694877 11.791614355535653 75.05539006861999 75.55184283548508 38.87363039551068 20.191835852008197 44.559046463118946 10.010461682475839 21.58080951850444 36.85381080525212 51.71080505459819 40.28629543867914 82.67017117065411
51.402369564404154 63.5970333293301 5.019081963658252 40.39555172053078 49.92176901947734 28.195016773913522 41.98881594951071 37.88149367302087 19.35740967662499 31.296852114304063 57.92357252438657 36.00681354866822 49.46959722175849 71.58515425653947 4.48339962816918 35.057980483675315 76.94929293486074 7.621745257846207 22.640230045726504 43.05895017788865 45.735677934803206 63.13303563927933 0.0 40.61037031975657 51.38255699536068 24.927615817297063 26.900412369521007 49.12017053953301 28.194709979080713 55.09444443787959 57.62121810520105 42.87032954053643 48.93900056178543 65.73181431127982 3.467439709486714 42.04238015273754 64.530728132597 13.14264449615728 13.752719922299717 40.54183844083346 73.75669168630452 46.98406228958448 64.54454023334645 55.426627112870534 29.43697718456991 56.31922140720589 48.069869807420766 20.53805808041583
23.617030728458815 62.70036095111679 35.7727946878244 5.204590943728374 12.628594232465492 22.392601670273883 54.202270023332375 6.922421300042196 38.61435186904117 9.977996842238637 49.629117670804504 41.10070919455928 33.611852669705485 44.67077528314776 43.07884283364774 18.999070186103687 80.13571574365008 39.14554825543225 26.68312672326576 31.359509928607938 20.902543427527686 61.49983807049979 40.61037031975657 0.0 12.275849016434922 20.72896107304689 49.2606259347655 9.268092454026451 30.984307460756202 43.65568542138574 52.29902417074168 42.881102900335684 30.206257828913394 42.89624124057796 43.16824154283903 13.219035619422058 69.60049902444445 41.33253096051188 41.29897114191591 22.62739111523949 59.9900735628259 19.245609324938172 56.45560081417774 42.185830902961044 49.63737298761205 21.640808165200873 23.469856805947956 45.68017215109485
30.026123830495283 72.54913884726683 46.762128332370224 16.047454736969428 3.407404399384992 34.5654240506154 66.01166277236955 18.609892124822732 50.8623957751826 20.118177265603844 58.743908929071175 52.819278601373206 42.49569361694281 48.044170421521805 54.26926207511176 30.449930766700955 90.10945120628791 48.80728820421177 33.90512970129347 41.55797528965147 29.367103741317862 71.26854491943648 51.38255699536068 12.275849016434922 0.0 32.99729165903848 61.53607089189863 10.829322070920696 43.089370221422094 52.53204960331554 61.85571537524854 53.934521197016075 38.77939921662425 48.2651961335177 54.202192823329824 22.67745407380287 80.16499827086072 49.97701986336938 49.822507172670704 32.88597574294109 67.02830355623786 26.93935299580249 65.1676681112525 50.75154545012051 61.89163367500715 24.068045114901828 31.352718556272762 53.01137060684519
26.503727887019526 49.41380801599933 20.005997962340313 18.15791119390671 32.96371548247048 4.720852449575187 35.4512076363272 15.319735458549829 17.9099057991995 15.952079173998225 39.32671790100269 23.278466797035954 26.84223306184834 47.25062284285966 25.800214841596794 10.269499673206253 65.81651611209476 27.084629275792143 24.775582640769343 21.20005130258864 20.86426225970625 48.491885559497284 24.927615817297063 20.72896107304689 32.99729165903848 0.0 28.58231383540293 27.04289124289893 11.933772073507237 34.78096218781332 40.54520605058429 27.489035757786258 25.35911066602981 42.103011970861715 26.386189121871883 17.48049749666892 54.11661508203046 31.65337707763839 31.934701321595846 16.199318887463605 53.56665719545912 22.059394829013343 46.493771689746595 34.36564460963117 29.12430618188459 31.69490970305133 23.306496238325334 38.446602175013716
46.79310223512498 39.77021390585877 26.22500076587761 46.15310138043869 61.54004795742288 27.338450734204145 16.06335711025085 43.34461420182805 11.292266778215295 43.74010617167662 38.70942724828761 17.082953269815743 37.7468838239162 61.09212679058515 23.099242111910804 33.35353135698764 50.94470536440244 34.31912266527228 44.820761328097156 31.82530882930101 41.773389755584624 39.66646446952977 26.900412369521007 49.2606259347655 61.53607089189863 28.58231383540293 0.0 54.628220294953316 19.695175956064297 38.4924738540514 36.838533144014086 23.60746824640912 39.355140933768055 53.582692386253555 24.547743572560655 42.82576783949835 38.63603615623807 40.01340981437472 40.61251659485327 35.282528093908184 54.74058748454381 44.27589408026473 43.91643448790048 39.83810953333204 2.851690357656111 55.092157663803256 42.7753279508794 47.4317337961246
19.19987700212887 62.05170065304193 44.18210257284906 8.964497006013117 13.450922733950083 27.302157965673093 57.17059800322303 11.758159113017863 44.70146982805467 19.205278148123927 48.07445356271797 43.95838681100255 31.85267583916559 38.05553640534666 51.25052912665757 21.79749301139716 79.61752132249944 48.15620060179636 35.917710570643024 31.43784012690227 18.787984938014294 60.74635831377523 49.12017053953301 9.268092454026451 10.829322070920696 27.04289124289893 54.628220294953316 0.0 35.29055261841282 41.83308645552092 51.29492185922148 44.260585435041 28.095592003031744 37.66992945534931 51.470147791407996 12.872611686372634 69.97812958811598 50.53796686293291 50.5184152245037 23.000802185882492 56.22758019695244 16.23303509189291 54.40783349625022 40.00341838955887 54.5831271285907 14.066915423631928 20.61373762911341 54.947289737036
27.738551930597254 38.461445962206 24.261814349808756 27.209868906909247 43.58712006692056 8.643771460853303 23.641232333259907 24.510684354401466 12.157497867806276 27.771559503700715 30.22043504167661 11.392676789070938 21.784866841392088 44.92089275773524 27.084629275792118 13.700054526666202 54.323694469272056 32.98941049013055 35.40153868875151 15.262692682392696 22.4143028044836 37.67019541321939 28.194709979080713 30.984307460756202 43.089370221422094 11.933772073507237 19.695175956064297 35.29055261841282 0.0 26.935234046147514 30.586653966828464 16.415558927242458 22.059394829013343 38.32076921172347 28.184482929274346 23.170165418297547 42.42219951182879 38.44188938355688 38.86867235541279 15.967237398773285 45.71914893896225 24.764514244493302 37.14969864891825 27.23334391976526 19.34646968819261 35.56247907612343 23.78110520330289 45.888546958348684
23.35752684635733 20.784848413092064 51.182649153909516 38.45621404319219 54.6464143309202 30.073336014718514 28.41719738860671 37.195594854493464 37.25952715102387 46.425389331302924 6.283266697507891 21.567555347503163 10.090353573892093 24.732882256566928 53.66568592944073 26.991813996221865 38.158549964538096 59.812918787558374 59.409044421170194 13.70180229341068 23.20141534689962 19.389693357374494 55.09444443787959 43.65568542138574 52.53204960331554 34.78096218781332 38.4924738540514 41.83308645552092 26.935234046147514 0.0 10.020338348393796 14.9374385596521 13.752724886428702 16.70358013166688 54.858395248653025 30.521189198693577 30.096161430237892 65.12405502947827 65.51417990325 21.472804262250005 18.9114298746686 25.605618836935943 12.799926602397617 2.3514684745905616 36.28205977745201 32.322359095924945 21.223690608461638 72.41674073186773
33.22990874621537 10.837383340413714 54.322574241103304 47.15738636207341 63.786237895055024 35.883574721402596 23.4814855228245 45.58942684236724 38.59809402020832 53.89281277002597 4.224704027986427 21.751873369924592 19.481361201077714 32.83164157452218 55.46774533048705 34.422845250383574 28.35488804894773 63.246826446251305 65.27652232598585 21.068187294201703 32.515991082101905 9.48161808463528 57.62121810520105 52.29902417074168 61.85571537524854 40.54520605058429 36.838533144014086 51.29492185922148 30.586653966828464 10.020338348393796 0.0 14.752632187180659 23.28427600958061 25.004119881029116 56.788392251957106 39.43341491574817 20.151454403989746 68.84277863241283 69.2979500404856 29.69237483541457 18.0537058534039 35.09243145648483 7.122210868804437 12.29287528213309 34.226306759874014 42.311682966147686 30.80782521710381 76.36935063972855
29.61620943176225 22.06264951938975 39.636108877866604 38.114593044663934 55.23918865698478 23.121221859871937 14.948890851474747 35.958986802752854 23.8923535809273 42.31532565626865 15.540747185649472 7.12884443125151 16.818078511522902 38.65371113647347 40.74695625928981 23.905587326030382 38.372062378238375 48.5873120779045 51.747407724784885 13.327743277483917 26.45473278395575 21.25473953906647 42.87032954053643 42.881102900335684 53.934521197016075 27.489035757786258 23.60746824640912 44.260585435041 16.415558927242458 14.9374385596521 14.752632187180659 0.0 19.79347112797448 30.799645924621963 42.05646259261037 31.43763543740345 26.98318288049716 54.22939244642083 54.6991699682875 21.262223524691986 31.723885898269387 29.32898092608571 21.7393530508483 16.467274443356796 21.348453651812168 39.07452077550055 25.988539038001168 61.79474541803109
10.286875269475859 34.102965462694094 44.382427190753205 25.00608445814102 40.91402130512882 21.110303015989743 34.662170007579725 24.041185389854604 34.148477790958424 34.0929784177663 19.979111737758256 23.212012121133125 3.8133777744232797 22.897561546118894 48.580709288818895 15.695270358610836 51.63907604506997 52.22739720887204 48.687338746277966 7.539545985751559 9.474445018347698 32.76400389332241 48.93900056178543 30.206257828913394 38.77939921662425 25.35911066602981 39.355140933768055 28.095592003031744 22.059394829013343 13.752724886428702 23.28427600958061 19.79347112797448 0.0 16.843338632418956 49.534659020197736 16.990014441205364 42.62162385142817 56.98767612820457 57.28161872572972 9.468486542188943 30.132229756943907 11.862607068445097 26.45005748879377 12.049617261198836 37.927063569107275 19.75721965121081 7.5251423309622325 63.793072524401396
19.283030639478884 34.32172778452755 61.21359375113274 38.04184877094305 51.10554340804188 37.94134069612916 45.00560536528976 37.99801356403545 50.10909961322251 48.93959257106982 20.80256797452826 36.53930012908558 16.548802714625317 8.030089091280532 65.21827906154202 32.137404650444495 50.01869561483694 69.05708790250685 64.64008124841975 23.0673028959562 23.11098637490752 32.89615933012352 65.73181431127982 42.89624124057796 48.2651961335177 42.103011970861715 53.582692386253555 37.66992945534931 38.32076921172347 16.70358013166688 25.004119881029116 30.799645924621963 16.843338632418956 0.0 66.21884655977986 30.48329050075522 44.58437038887442 73.75628256512131 74.035830547618 25.954962802797823 19.908555574673876 23.90220434288358 23.30878352618647 14.631207693379887 51.67496543293071 24.49600701034733 20.272007065381693 80.45584419754472
52.65167488270848 62.25928455893164 7.440586691589973 42.642612328240325 52.85668963281096 29.224764114667163 40.04410894320919 40.045935753969545 18.20794813188409 34.084609020380945 57.33921460812033 35.05234416982292 49.80164171282175 72.33712261493947 1.4512585632666846 36.28209740107149 75.09106021353682 10.775895300225987 26.090470642600135 43.31909251225695 46.96306407269599 61.86564446832189 3.467439709486714 43.16824154283903 54.202192823329824 26.386189121871883 24.547743572560655 51.470147791407996 28.184482929274346 54.858395248653025 56.788392251957106 42.05646259261037 49.534659020197736 66.21884655977986 0.0 43.757279840747344 62.68694745008656 15.961642062956233 16.58891103507818 41.490106962758055 73.32711511007402 48.385176164532204 63.794061132445606 55.335976406392476 27.197936458302998 58.0280245150744 49.18061786594859 23.064550518686318
11.518804170888718 50.01516926978163 37.035943070748864 8.02644547379821 24.382538193983407 16.089915784351476 44.34585129201884 7.516319047686622 33.73000416118285 18.54808707061618 36.5770618546793 31.155546040937285 20.444998381563437 33.446766002801034 43.23526916145706 9.47407353457758 67.54808726632626 42.973839483640326 34.96889997753787 18.882218424241206 7.739394025906432 48.76528151694877 42.04238015273754 13.219035619422058 22.67745407380287 17.48049749666892 42.82576783949835 12.872611686372634 23.170165418297547 30.521189198693577 39.43341491574817 31.43763543740345 16.990014441205364 30.48329050075522 43.757279840747344 0.0 57.48754422764594 46.622944400917284 46.76277342894975 10.23102248932287 46.84264039011907 6.627103632487871 43.31301049589185 28.99256619051819 42.498353498317194 14.280765172503493 10.434214425000476 52.41170775587757
52.83905865671515 10.421919329638751 62.56384245564186 64.67948898354807 81.73536046609779 49.9498588313043 22.671086289136014 62.692051733544744 45.524179620935946 69.2728097547313 24.28810712341771 31.105100530436182 38.834695262688975 52.07105384105163 61.24278847633858 50.74811573491159 12.418828259884052 71.40187641681564 77.57082112666386 38.60992582049825 51.321908657251214 11.791614355535653 64.530728132597 69.60049902444445 80.16499827086072 54.11661508203046 38.63603615623807 69.97812958811598 42.42219951182879 30.096161430237892 20.151454403989746 26.98318288049716 42.62162385142817 44.58437038887442 62.68694745008656 57.48754422764594 0.0 77.20804226964344 77.75816944704673 47.29627345848492 31.23534984516654 54.073769377571686 21.780246247217786 32.40919394955682 35.81513871060729 62.13579653608659 50.01409826189013 84.82617346568816
57.337238314791016 75.62458064167552 14.735588737940624 42.752561807582886 47.76739931957207 35.929897285572885 54.828987745630656 40.78320697094167 31.703026267749856 31.3545520489802 68.661612085557 47.70505233191629 58.222140367026704 78.73170633837059 17.31752767306931 41.75379036919025 89.61743563174716 5.806293105533733 16.474336363742662 52.157886401477434 51.93309946946288 75.05539006861999 13.14264449615728 41.33253096051188 49.97701986336938 31.65337707763839 40.01340981437472 50.53796686293291 38.44188938355688 65.12405502947827 68.84277863241283 54.22939244642083 56.98767612820457 73.75628256512131 15.961642062956233 46.622944400917284 77.20804226964344 0.0 0.6329153525362787 47.834038969720424 84.01974373661096 52.53161801855377 75.55089902321801 65.11649757087177 42.50491341250275 60.39280051369098 54.57526133465455 7.63664460811699
57.52623392809886 76.12781096466017 15.255312853481604 42.79422365133499 47.58064782575588 36.243610668380754 55.39585157068146 40.85600896702884 32.245614235712466 31.32286391967045 69.08903516646707 48.19812529542801 58.5504524101057 78.96330664923195 17.941904084212258 42.00465984594964 90.16564992819391 6.365355205117612 16.218050496335618 52.50967540631557 52.14200941376559 75.55184283548508 13.752719922299717 41.29897114191591 49.822507172670704 31.934701321595846 40.61251659485327 50.5184152245037 38.86867235541279 65.51417990325 69.2979500404856 54.6991699682875 57.28161872572972 74.035830547618 16.58891103507818 46.76277342894975 77.75816944704673 0.6329153525362787 0.0 48.10229159210818 84.41460964408874 52.708097392499496 75.99114494976162 65.48842867044581 43.09683602377646 60.48736449258919 54.795614406460004 7.120295217267876
11.801601506145762 40.08069522466013 35.79890680230248 17.531709047949853 34.46167110713075 12.349222616350147 34.6582205341599 15.901571549149548 27.8980158561446 25.04322602807998 27.19467102709901 21.655722354693353 11.87377638210892 31.122087248112354 40.66626602556339 6.236868222217991 57.549499813955606 43.26355093742959 39.22587187163313 8.757796856699532 6.492239136150005 38.87363039551068 40.54183844083346 22.62739111523949 32.88597574294109 16.199318887463605 35.282528093908184 23.000802185882492 15.967237398773285 21.472804262250005 29.69237483541457 21.262223524691986 9.468486542188943 25.954962802797823 41.490106962758055 10.23102248932287 47.29627345848492 47.834038969720424 48.10229159210818 0.0 39.21746491353387 9.068158478644941 34.18917239063503 20.341600721625838 34.47454787062692 19.846301703474513 7.923557612090931 54.50186163706794
37.06350391819859 21.275582510817507 69.97918327929187 54.845151592971185 69.62293294612677 48.8830559306695 41.426028113859026 54.10903609819425 55.38526947805095 64.18337480296817 16.184852798112434 38.84449972302712 27.35173569660307 24.866349360090556 72.08200847679811 45.17607811133748 32.82682692377316 78.67373544639604 78.02620835601965 32.37135209207821 39.10843917142337 20.191835852008197 73.75669168630452 59.9900735628259 67.02830355623786 53.56665719545912 54.74058748454381 56.22758019695244 45.71914893896225 18.9114298746686 18.0537058534039 31.723885898269387 30.132229756943907 19.908555574673876 73.32711511007402 46.84264039011907 31.23534984516654 84.01974373661096 84.41460964408874 39.21746491353387 0.0 40.83742842119415 11.380905569257733 19.2140810319977 52.1861422437314 43.93019868662036 36.52693001919689 91.32683433323142
4.944104724878216 45.878986634516984 42.042178136907516 14.221182699118645 29.167531353784202 19.45864614512333 43.362058121184766 14.114869797006845 36.3744065824947 25.174025711522873 31.841648843159273 30.553868847191847 15.626397818327982 26.889224121335666 47.72377934434383 12.236888411997473 63.43715208287374 48.580709288818916 41.47134157364919 16.037597595459744 2.874580206809004 44.559046463118946 46.98406228958448 19.245609324938172 26.93935299580249 22.059394829013343 44.27589408026473 16.23303509189291 24.764514244493302 25.605618836935943 35.09243145648483 29.32898092608571 11.862607068445097 23.90220434288358 48.385176164532204 6.627103632487871 54.073769377571686 52.53161801855377 52.708097392499496 9.068158478644941 40.83742842119415 0.0 38.23238862752243 23.814088170612393 43.52724899224876 10.816739332656805 4.427523715090593 58.57169407022503
35.556889974983356 11.358352316816312 61.127082097848074 51.2558960105961 67.36020255326238 41.78201374030315 30.110268660489645 49.97824921102756 45.62837623458779 59.00061685495882 7.182771178648118 28.803613550350672 22.869534729183854 30.458055948537904 62.48630727662044 39.487184187628664 26.89505432520671 70.0097793268955 71.2676875868111 26.024385079505226 35.92407997814821 10.010461682475839 64.54454023334645 56.45560081417774 65.1676681112525 46.493771689746595 43.91643448790048 54.40783349625022 37.14969864891825 12.799926602397617 7.122210868804437 21.7393530508483 26.45005748879377 23.30878352618647 63.794061132445606 43.31301049589185 21.780246247217786 75.55089902321801 75.99114494976162 34.18917239063503 11.380905569257733 38.23238862752243 0.0 14.419216297497348 41.278586032606405 43.99741377311252 33.81498924035738 83.03166166680661
21.31637387685382 22.98872859975326 51.38060885404265 36.98124383571157 52.94506618879555 29.69570571109684 30.379719775611257 35.8513651474827 37.99199883404344 45.38086587231068 8.390069399138719 22.7962087023913 8.599285935648615 22.641167286483928 54.17918857631786 26.099670956835386 40.27153964002311 59.89747133103905 58.824759998742934 13.16559342465321 21.52164340967021 21.58080951850444 55.426627112870534 42.185830902961044 50.75154545012051 34.36564460963117 39.83810953333204 40.00341838955887 27.23334391976526 2.3514684745905616 12.29287528213309 16.467274443356796 12.049617261198836 14.631207693379887 55.335976406392476 28.99256619051819 32.40919394955682 65.11649757087177 65.48842867044581 20.341600721625838 19.2140810319977 23.814088170612393 14.419216297497348 0.0 37.72011189858157 30.149859169591736 19.399498720846704 72.32731400375947
45.7839461484922 36.941910426934456 28.48932813180629 46.28740211737087 62.05108714523263 27.42818427024982 13.217267619228638 43.51237527145683 12.685314860363874 44.6209414346579 36.22866398714897 15.14792718216991 36.102298666963655 59.2882422709877 25.746956056563 33.038931647483864 48.141138758759055 36.772430406279625 46.648218952795816 30.389084955753727 40.93901724320301 36.85381080525212 29.43697718456991 49.63737298761205 61.89163367500715 29.12430618188459 2.851690357656111 54.5831271285907 19.34646968819261 36.28205977745201 34.226306759874014 21.348453651812168 37.927063569107275 51.67496543293071 27.197936458302998 42.498353498317194 35.81513871060729 42.50491341250275 43.09683602377646 34.47454787062692 52.1861422437314 43.52724899224876 41.278586032606405 37.72011189858157 0.0 54.32081204534417 41.76746398237598 49.97412053685416
9.509336618383424 53.107146752925004 51.30997160606331 18.17682522855529 27.118429336397774 29.768106359616706 53.56237219376635 19.69636954219243 47.039437577032395 30.37252444079223 38.53929504648827 41.040271651125664 23.425182929062537 24.04868868904764 57.4864258635068 22.61718431938875 70.41146251915606 57.02898017388624 47.471180900031605 25.818250343361594 13.400664149368069 51.71080505459819 56.31922140720589 21.640808165200873 24.068045114901828 31.69490970305133 55.092157663803256 14.066915423631928 35.56247907612343 32.322359095924945 42.311682966147686 39.07452077550055 19.75721965121081 24.49600701034733 58.0280245150744 14.280765172503493 62.13579653608659 60.39280051369098 60.48736449258919 19.846301703474513 43.93019868662036 10.816739332656805 43.99741377311252 30.149859169591736 54.32081204534417 0.0 13.129301975892353 65.76893874129033
