0.0 74.7569752245845 98.04031501864348 58.584758801573834 57.86243477479223 35.8229444114319 44.63245367646208 53.713272426037115 61.81616754895343 80.61009818098921 36.46208118417106 75.59232842752597 60.00073531154131 71.78762178189174 51.819840619470426 14.2526400824251 71.4115955702653 54.13598470515315 81.07363712273143 77.81543612385398 2.9134946047152916 75.94250948125162 92.07810477370138 57.712694242852365 65.69749120891319 36.35480068257468 41.72350824905373 80.29709792142296 66.11743550114728 75.0431520968666 43.61931981933442 66.80791565312379 64.80949247874527 71.64246867205782 49.60141707200333 13.216815408683049 68.4237766696555 52.68842174186813 79.82355351650871 55.26471382579375 28.81716636228548 41.2981298672126 84.67600861426897 14.981214493932477 46.02807925745876 85.32603639572555 80.29139120368028 35.826950206673544
74.7569752245845 0.0 25.25440360591363 19.10843948674721 21.5861110512186 61.62489897956519 74.16391548405403 26.991813996221865 32.8641543435325 48.56851266499725 52.35680356933213 30.818133875657555 52.54321211484472 8.043267994196125 31.10163942950506 68.65179993000591 23.45376070869027 20.671269952235875 32.74429121407235 29.488783048310616 73.96647691504627 1.8957732594069483 21.67356135952616 17.29074106054279 37.7209398597311 57.81438398830085 74.86108240528485 8.013308238812389 34.92598263342443 18.755993219744617 31.3251093110099 36.42949252021462 49.2917414429213 18.179318263680198 30.915005158691912 63.930992737347424 39.72098206698709 22.49679085543058 34.148515539665 23.484744580693327 68.81187633248324 49.80061228956809 68.66687966169577 62.66505551364941 28.814461939761003 60.69240950214991 6.316854937058231 39.519632275269274
98.04031501864348 25.25440360591363 0.0 39.5697045299108 46.76037408481029 78.95336997747388 89.13416963398765 52.187023794427844 56.38557722597348 67.08287053565412 70.53577770401593 34.04412578994138 75.98156237207411 31.898202403100253 56.240648747754456 93.19101896624107 31.647708019669004 45.02221580719794 31.691209164418492 47.814113244148835 97.562971884291 23.558565314971556 7.220593390037876 40.670007221265244 60.15076156831147 75.31058149111466 90.59838504125075 18.08718819725972 57.32884360837964 38.73080273149865 55.59818227119005 44.49921793177421 71.8809193848512 39.94599043120569 56.16370523364258 88.08725646651769 46.4882531246101 45.46548941971496 34.03327640075943 48.73008482609704 87.4930148432397 66.83422580074847 88.11666148694746 84.8420506776946 53.004995234939656 79.04992308013112 18.95494131516142 62.22170972981731
58.584758801573834 19.10843948674721 39.5697045299108 0.0 20.779478481874893 42.51707859823665 55.238106266893126 23.96995320809628 35.8334664947355 57.02726211824933 33.25808179422583 24.170006594818975 52.97636207644405 21.177902309734456 27.729800907442844 54.96212641029747 16.683379983200645 10.883296141058997 28.797383523635634 40.88310199374871 58.25078210230459 19.530309302380434 33.494190815125165 6.432444499793775 42.13404092751468 38.70628073333012 55.826267282631456 22.381243756174307 39.87723221945773 31.33955665457686 18.450410779572934 23.54910337675813 51.874834070953284 28.82457684869286 25.68342991829212 49.34221402042375 27.09572730736836 7.530173930686138 28.86276617091174 20.53734407596507 49.81937667793715 30.741794821100267 74.48627498979519 45.28579098822588 16.016970861842587 68.2882685763024 23.08527055526126 22.78101434883605
57.86243477479223 21.5861110512186 46.76037408481029 20.779478481874893 0.0 54.69378473692813 68.99921148363741 5.431970963282703 15.05402941401699 36.805162272707946 45.42228582414227 43.92339126330798 33.051423970422455 15.413336260039088 9.520058829660917 49.443263972478874 35.93414213323206 10.83335350832485 47.82104451202613 23.39565805265338 56.52812871636153 23.388249071082303 43.13571045602777 14.34947500625763 21.375517522746062 51.09730536690542 68.73444375133298 29.38794405086533 19.215378756478987 17.450540683906567 15.988598813467837 44.31978870522034 31.29806932431884 14.026953309279616 9.606138533391537 45.692941491792546 47.86025949608598 15.958620238147633 48.37586217997384 2.5978771518120767 59.381236448575685 44.871922905657826 53.70709827303082 48.30247058297912 14.62870575236192 47.69388554428726 27.89608130422331 26.78861628659003
35.8229444114319 61.62489897956519 78.95336997747388 42.51707859823665 54.69378473692813 0.0 14.666834247280073 53.58384289114443 66.21801455338782 88.86992757519914 9.44576950955172 48.69282515401157 74.63897809867805 62.683083580612056 54.499819896581435 43.71369402203174 47.751599020403305 45.38992252014017 53.715456061294276 78.08941545344715 37.692438819679225 61.973073737369354 71.94523550011746 45.75054144313751 72.18390189908926 3.81208433050047 14.043615674491509 63.923724089900944 71.15544076967299 70.84614831132478 39.35307758259702 37.92724070324247 77.02616770785826 67.66780534010407 51.400723749664685 37.51915881392887 38.17792575717616 41.02247175290101 51.84904326237266 52.62443612685125 9.713852482483707 12.143314098940378 100.38627229202852 22.690738406987315 40.1563624851372 97.5261747225405 65.15801725103373 28.820652239312892
44.63245367646208 74.16391548405403 89.13416963398765 55.238106266893126 68.99921148363741 14.666834247280073 0.0 68.11767826973313 80.83709788071982 103.51836604814446 23.594889935132272 56.63496958790255 89.13885960653693 76.01758582630978 69.133492745997 55.108822284704964 57.486936926660015 59.33492386663765 61.02560191881534 92.37227895076482 47.04916187464633 74.29603125786807 81.95764559549129 59.17437456185157 86.8326801600871 17.983237933966482 3.314528544547616 75.51676721663476 85.7716484118603 84.74561020619278 53.89467042421131 45.524977586031575 91.64405999104854 81.64977109833467 66.03112670210132 49.482929351686245 44.675695525959505 54.72269788709017 58.87715967259939 67.01160676451948 16.102922088519033 24.65924502041509 114.94013099737063 34.35221176246818 54.57413170216532 112.18384357290464 77.06148546478535 43.459997274034116
53.713272426037115 26.991813996221865 52.187023794427844 23.96995320809628 5.431970963282703 53.58384289114443 68.11767826973313 0.0 13.177161645930429 35.927694769183894 44.561866200216436 47.816174086165645 29.023846761132205 20.784848413091986 4.22246936150114 44.62852241069584 39.94705293745465 13.179739772171727 51.99589980310916 25.306985278597182 52.22118042932228 28.77934187091212 48.4844603681639 17.74852353315092 19.565199127110183 50.13460139898829 67.59595398781121 34.74354618193375 17.967939027351736 21.355593508359018 14.230857092211634 47.18521635786832 28.08041343730447 17.98198164327457 4.3695891881765085 41.22529663474394 50.675934749219984 17.88147327011202 52.38514313170828 3.7861187914821754 57.46291338131236 44.60144854369632 51.22907713484005 45.078433782286076 13.746098955816993 46.03220042101621 33.30621262918698 24.94655935538462
61.81616754895343 32.8641543435325 56.38557722597348 35.8334664947355 15.05402941401699 66.21801455338782 80.83709788071982 13.177161645930429 0.0 22.811681820513524 57.38585423198589 58.68637760260917 19.721417633394346 25.01071723926032 11.745954860535537 50.61674342223435 50.64949472751972 25.607037530830954 62.318650428011665 16.551990387886516 59.88650153273396 34.75789425787432 54.20705831570422 29.403314956153515 6.431857405216561 62.87500896970892 80.15121366960562 40.84043450524308 4.939467084705878 18.829500186866127 27.06262473045167 59.370504757922426 16.69188966487491 16.67420948044032 14.827179611133484 48.7010249884512 62.90856587663686 30.611686601268502 63.02960334826074 15.661156596105744 69.40894171695518 57.658398223979916 38.653998183120144 55.43379306794413 26.862090346187735 32.93038589800202 38.69636899801877 37.40235333124879
80.61009818098921 48.56851266499725 67.08287053565412 57.02726211824933 36.805162272707946 88.86992757519914 103.51836604814446 35.927694769183894 22.811681820513524 0.0 80.14139856210652 78.02456178215215 22.803394010343325 40.77328707254738 34.40326897643862 67.76702033307721 70.04551442964724 47.63838816552841 80.84479481599297 19.523608951802288 78.30272997630003 50.270360009856475 67.18924138810887 50.69052685974406 16.686051707128033 85.58750285787357 102.73182430791604 55.64988058466237 17.959793953843448 29.937494732376575 49.86222551630802 80.39952696243678 16.74590455752066 30.513382384821266 37.50992539066234 67.43574540844423 83.95515302146006 52.75910613182268 81.9546029604734 37.99774722446693 91.58389470912319 80.4700391916861 21.063809322567824 76.48563370704471 49.656990567268785 12.17396524790937 52.964387170343635 60.05881283365964
36.46208118417106 52.35680356933213 70.53577770401593 33.25808179422583 45.42228582414227 9.44576950955172 23.594889935132272 44.561866200216436 57.38585423198589 80.14139856210652 0.0 41.878932417536724 66.99996452534442 53.25148363236135 45.740258954763654 41.298614172824955 39.88436898807393 35.968312100577485 47.16052711639224 68.8088016032212 37.703622523039854 52.76931147794997 63.6487129832053 36.31946478204573 63.47322213625155 5.706019354762868 23.378658163769465 54.97482582394351 62.309231743345414 61.426274756500305 30.361674995437877 31.74899771421941 68.96051700806572 58.26395814320609 42.63337943009026 34.726063748282805 32.74378980778348 31.57670954010701 45.515922586323434 43.41762361514967 16.957779405941444 4.905761027518124 92.5106005515776 21.688658110723644 30.98056552472035 89.17635623759931 56.08663602167214 20.209816524314768
75.59232842752597 30.818133875657555 34.04412578994138 24.170006594818975 43.92339126330798 48.69282515401157 56.63496958790255 47.816174086165645 58.68637760260917 78.02456178215215 41.878932417536724 0.0 76.80188264849292 37.69924969816898 51.73963305826239 75.25704507745017 8.050057867346636 34.984706147577555 5.486186912506155 59.75303870899849 75.99378340347823 29.594662188383605 26.90445681057249 30.087264820345446 64.67810246219365 45.4742420500413 58.52723760682155 26.626147047671164 62.1541109221178 49.08416536545914 41.777084525405094 11.111580540239878 75.1977863514657 47.72360144566654 49.823007033165126 68.99934942126718 12.508571137301049 31.446696238892592 4.757215996403137 44.194934646108244 58.105748145580776 37.31409396269466 96.94986814703704 60.8403720832442 39.60458281992497 89.87375073740739 29.302668978739092 42.35645390686177
60.00073531154131 52.54321211484472 75.98156237207411 52.97636207644405 33.051423970422455 74.63897809867805 89.13885960653693 29.023846761132205 19.721417633394346 22.803394010343325 66.99996452534442 76.80188264849292 0.0 44.72938984443652 25.308904163155823 46.41077269126035 68.88031710867507 42.125286741953275 80.84687416613954 31.63887386823535 57.46853416931302 54.43873491490435 73.92817323772462 46.768144842909635 16.271431505548215 71.87428711186419 87.77929154475972 60.536366566571196 18.958331836848835 37.69383540847239 39.24565864664285 75.95231460808472 6.236343765430054 36.061482702006785 27.735911955337393 47.16817865351921 79.3909424232037 46.51460375169979 81.33088444899896 32.60696124718081 75.38237234649237 68.57123092096255 25.897812217149916 58.44881124449835 40.22586895663622 25.327842212430035 58.41634469019697 47.14874848405279
71.78762178189174 8.043267994196125 31.898202403100253 21.177902309734456 15.413336260039088 62.683083580612056 76.01758582630978 20.784848413091986 25.01071723926032 40.77328707254738 53.25148363236135 37.69924969816898 44.72938984443652 0.0 24.631534942858007 64.3919068483125 29.93417175788031 18.332727358756458 40.14931501691273 22.05931263740235 70.71583341173175 9.896029622225731 29.215569659537664 16.93259516597037 29.702428380856666 58.89151119684879 76.37316584707804 15.880218560580484 26.89960418049338 11.398011667069344 28.26687522612939 41.92921219162338 41.31293920424476 10.266671371499324 25.01938474064664 60.20426392816234 45.378543704770195 21.81790889245382 41.375364173272736 17.72845931278665 69.01694561358545 51.36763082466562 60.68744451614535 60.7811197773574 26.022898258931633 52.84742763507562 13.687617063171837 37.85332431495766
51.819840619470426 31.10163942950506 56.240648747754456 27.729800907442844 9.520058829660917 54.499819896581435 69.133492745997 4.22246936150114 11.745954860535537 34.40326897643862 45.740258954763654 51.73963305826239 25.308904163155823 24.631534942858007 0.0 41.94691953054741 43.929751106313546 16.850955814666985 56.01566938836068 26.172619453851464 50.152140652687095 32.907909978491475 52.64988696332175 21.65553435165224 17.73462399763507 51.188481467531595 68.41532379127922 38.90344880583535 16.683577163234755 23.86322891792848 15.564973735257713 50.66126136787303 24.9267540662439 20.628617712137856 3.106886349385924 39.02496184609324 54.115369125132936 21.22614956393778 56.34522951200254 7.996476678562116 57.70069532902822 46.21107168989729 48.40455320897566 44.21923151188159 15.760699844836056 43.816470045418654 37.40760249675007 25.679176961671423
14.2526400824251 68.65179993000591 93.19101896624107 54.96212641029747 49.443263972478874 43.71369402203174 55.108822284704964 44.62852241069584 50.61674342223435 67.76702033307721 41.298614172824955 75.25704507745017 46.41077269126035 64.3919068483125 41.94691953054741 0.0 69.82158955984117 48.195130766207136 80.68916591574987 67.05726500283767 11.44121158044296 70.0820080997636 87.88426389260117 52.58127362352652 53.72307851884679 43.06699435109448 52.566217648299116 75.11853637312386 54.51395842708866 65.78343558978459 37.593881727728835 68.00078560300021 51.543315523986124 62.49161444744968 40.28629543867923 6.630455528523175 70.23530559155478 48.07196283452549 79.81459367786798 46.915149556834 39.027436121688936 45.605614493305296 70.63560571087308 21.076122963337536 40.190297089658365 71.70450273599249 74.63094915399694 33.01091019506221
71.4115955702653 23.45376070869027 31.647708019669004 16.683379983200645 35.93414213323206 47.751599020403305 57.486936926660015 39.94705293745465 50.64949472751972 70.04551442964724 39.88436898807393 8.050057867346636 68.88031710867507 29.93417175788031 43.929751106313546 69.82158955984117 0.0 27.303935555094853 12.139256574456276 51.94046566009396 71.54519144550024 22.43101970084315 24.47528686636388 22.29083373595288 56.62910612799051 44.231302330620416 58.98485006061632 20.482767772175013 54.10417320346355 41.331885311238224 34.849914386818035 13.853572333380734 67.18421013696033 39.83810192900269 42.1281020007299 63.77811190504895 16.749279504172655 24.1550817862506 12.450933969277633 36.286212269251294 56.69452848390845 35.77713325594028 88.90148312530003 57.01963720674302 32.535831603094465 81.86151897014854 22.905987408442297 36.82400924105475
54.13598470515315 20.671269952235875 45.02221580719794 10.883296141058997 10.83335350832485 45.38992252014017 59.33492386663765 13.179739772171727 25.607037530830954 47.63838816552841 35.968312100577485 34.984706147577555 42.125286741953275 18.332727358756458 16.850955814666985 48.195130766207136 27.303935555094853 0.0 39.44021048458508 33.3715959843772 53.30192014144217 21.974396471900377 40.00478400888665 5.175736585315659 32.014872352291036 41.67331287510286 59.33666940056452 26.937066222426104 29.97891712632414 25.457992231680056 10.671551574317917 34.01841498158607 41.22784758002235 22.316789254967638 14.840372479164843 43.2984626671651 37.51984899273748 5.134543595702064 39.63884093067102 9.977921017644602 51.05919877143156 34.848603413983426 64.16497944033271 42.53758852141074 8.143236561846166 58.44619141864212 26.47235842452592 19.52494470277539
81.07363712273143 32.74429121407235 31.691209164418492 28.797383523635634 47.82104451202613 53.715456061294276 61.02560191881534 51.99589980310916 62.318650428011665 80.84479481599297 47.16052711639224 5.486186912506155 80.84687416613954 40.14931501691273 56.01566938836068 80.68916591574987 12.139256574456276 39.44021048458508 0.0 62.140164991866385 81.47989008205809 31.297490315461953 24.842688012709782 34.40567856263746 68.14301114119544 50.58634445390158 63.060406869617665 27.38665674483074 65.53982973695092 51.4021528232134 46.77442595525334 15.816296563882442 78.94637128578205 50.3580134737402 54.25691386799528 74.45189938989571 16.37380746395721 36.22457437428973 2.370541764403716 48.30209083899534 63.21240193022478 42.53100925057354 100.22145786980767 66.3095735206628 44.527044897078234 92.829131648013 30.19801792724675 47.75210536901826
77.81543612385398 29.488783048310616 47.814113244148835 40.88310199374871 23.39565805265338 78.08941545344715 92.37227895076482 25.306985278597182 16.551990387886516 19.523608951802288 68.8088016032212 59.75303870899849 31.63887386823535 22.05931263740235 26.172619453851464 67.05726500283767 51.94046566009396 33.3715959843772 62.140164991866385 0.0 76.01596487956284 31.097557593439024 47.67699750282055 35.02092740412965 15.788491227389972 74.48905104242786 92.13002975442578 36.25756730266242 13.688900948205008 10.741956220952053 39.10446168498048 63.39313215904429 26.180983297201657 12.235556052105052 28.77166590705907 64.83112021847039 66.9079691844313 38.35790107569067 63.41789670959666 25.531483394855407 82.585040854723 68.11165894948434 40.38989277317221 70.25765000698897 37.981563670778996 31.682088160769588 33.53049951909732 49.95813965043423
2.9134946047152916 73.96647691504627 97.562971884291 58.25078210230459 56.52812871636153 37.692438819679225 47.04916187464633 52.22118042932228 59.88650153273396 78.30272997630003 37.703622523039854 75.99378340347823 57.46853416931302 70.71583341173175 50.152140652687095 11.44121158044296 71.54519144550024 53.30192014144217 81.47989008205809 76.01596487956284 0.0 75.20665558161377 91.72740626050651 57.063804408162056 63.5938351241717 37.98559678222441 44.19872745864609 79.71536988978146 64.10255364057596 73.57589610971682 42.69827674383016 67.48943541713233 62.374657826814484 70.19176536486015 48.042074516303806 11.190257189393554 69.23513029206038 52.11885783317539 80.30249460843278 53.934521197016075 31.110694912073292 42.47331814629692 81.99435266899722 16.02264577633952 45.16421545964738 82.79586227834973 79.60850292676267 35.47356983913017
75.94250948125162 1.8957732594069483 23.558565314971556 19.530309302380434 23.388249071082303 61.973073737369354 74.29603125786807 28.77934187091212 34.75789425787432 50.270360009856475 52.76931147794997 29.594662188383605 54.43873491490435 9.896029622225731 32.907909978491475 70.0820080997636 22.43101970084315 21.974396471900377 31.297490315461953 31.097557593439024 75.20665558161377 0.0 19.810409436251625 18.30274967187428 39.59145147529963 58.16780747255771 75.07497478661209 6.121943349851271 36.79262145626129 20.391368610234622 32.645803902391506 35.66674529449706 51.17412923087173 19.95719936660705 32.656854424503486 65.27215831769288 38.89321788499899 23.468037879680487 32.7745424288422 25.236301686704756 69.34162467756029 50.062365980669284 70.44715987524802 63.654775529893506 30.106685718233056 62.4093104589944 4.612236986771906 40.53734763046169
92.07810477370138 21.67356135952616 7.220593390037876 33.494190815125165 43.13571045602777 71.94523550011746 81.95764559549129 48.4844603681639 54.20705831570422 67.18924138810887 63.6487129832053 26.90445681057249 73.92817323772462 29.215569659537664 52.64988696332175 87.88426389260117 24.47528686636388 40.00478400888665 24.842688012709782 47.67699750282055 91.72740626050651 19.810409436251625 0.0 35.336092295385484 58.57784925437614 68.33094418599394 83.45350701322715 13.748253329165028 55.746398634813524 37.75988779328105 50.36711085288992 37.28432740990039 70.29561102031676 38.368656122237915 52.221592013838155 82.55821781135462 39.31138486328614 39.85878228814236 27.14989371603387 44.85994114256434 80.59508290794373 59.84994621009536 88.02483997300583 78.58343988503353 47.76273987796125 79.3186417196661 15.541416761850362 56.27048411904267
57.712694242852365 17.29074106054279 40.670007221265244 6.432444499793775 14.34947500625763 45.75054144313751 59.17437456185157 17.74852353315092 29.403314956153515 50.69052685974406 36.31946478204573 30.087264820345446 46.768144842909635 16.93259516597037 21.65553435165224 52.58127362352652 22.29083373595288 5.175736585315659 34.40567856263746 35.02092740412965 57.063804408162056 18.30274967187428 35.336092295385484 0.0 35.70190993719903 41.95980269810781 59.464999770057396 22.67934803770317 33.45470791570807 25.9878089073206 15.031421299134907 29.98081597358308 45.5055194267671 23.205420780350053 19.86109788635067 47.41853686056576 33.52620276541865 5.214817994787017 34.69112850707157 14.207171365156507 52.21952432308413 34.51536588737788 68.05501149900473 45.378632497226306 12.427179809331426 61.88367403284501 22.581245057885354 22.241962651290685
65.69749120891319 37.7209398597311 60.15076156831147 42.13404092751468 21.375517522746062 72.18390189908926 86.8326801600871 19.565199127110183 6.431857405216561 16.686051707128033 63.47322213625155 64.67810246219365 16.271431505548215 29.702428380856666 17.73462399763507 53.72307851884679 56.62910612799051 32.014872352291036 68.14301114119544 15.788491227389972 63.5938351241717 39.59145147529963 58.57784925437614 35.70190993719903 0.0 68.90586403423298 86.0520779454757 45.56426424496801 2.8330108150844 21.558905899722806 33.24959189330979 65.68266895239893 11.741797050768273 20.26120740405606 20.841075116833267 52.48791891212787 69.22696574354677 37.03529953624351 68.94406548602919 22.085661221354133 75.01018387892915 63.89364101739555 32.388638673012515 60.37219058248392 33.178329263854394 26.49953444690964 43.23386288441959 43.37360689431351
36.35480068257468 57.81438398830085 75.31058149111466 38.70628073333012 51.09730536690542 3.81208433050047 17.983237933966482 50.13460139898829 62.87500896970892 85.58750285787357 5.706019354762868 45.4742420500413 71.87428711186419 58.89151119684879 51.188481467531595 43.06699435109448 44.231302330620416 41.67331287510286 50.58634445390158 74.48905104242786 37.98559678222441 58.16780747255771 68.33094418599394 41.95980269810781 68.90586403423298 0.0 17.67383360620681 60.15725135444525 67.80672313793802 67.13112481391526 35.91166702139032 34.8668891341574 74.0653408667078 63.969975497927166 48.08339847812528 36.679246031599924 35.35162949278751 37.25891487390181 48.78512736648566 49.06859663399711 12.63180613399261 8.48116959863461 97.52557787396135 22.378510212011193 36.61475843438981 94.43687283513088 61.37060190672677 25.5433755101224
41.72350824905373 74.86108240528485 90.59838504125075 55.826267282631456 68.73444375133298 14.043615674491509 3.314528544547616 67.59595398781121 80.15121366960562 102.73182430791604 23.378658163769465 58.52723760682155 87.77929154475972 76.37316584707804 68.41532379127922 52.566217648299116 58.98485006061632 59.33666940056452 63.060406869617665 92.13002975442578 44.19872745864609 75.07497478661209 83.45350701322715 59.464999770057396 86.0520779454757 17.67383360620681 0.0 76.54838850670394 85.0906058685575 84.79208345033962 53.36824830968538 47.422727117925454 90.47800162875977 81.64022929949446 65.32462368394431 47.098114594285654 46.77289552637039 54.86330799595222 60.956616506243186 66.66783373173067 13.573942385149738 25.08785274510264 113.63624183098706 32.03367827455033 54.19925197058458 111.13967222008657 77.99328690816003 42.75510787847045
80.29709792142296 8.013308238812389 18.08718819725972 22.381243756174307 29.38794405086533 63.923724089900944 75.51676721663476 34.74354618193375 40.84043450524308 55.64988058466237 54.97482582394351 26.626147047671164 60.536366566571196 15.880218560580484 38.90344880583535 75.11853637312386 20.482767772175013 26.937066222426104 27.38665674483074 36.25756730266242 79.71536988978146 6.121943349851271 13.748253329165028 22.67934803770317 45.56426424496801 60.15725135444525 76.54838850670394 0.0 42.75233730723779 25.72013212947347 37.53253774218336 34.28732711494408 57.19262704022677 25.67705103951751 38.52255052709623 70.0782376625033 37.22875440116795 27.610687127569534 29.140921022619022 31.137578304133598 71.80697618207824 51.832878678750525 76.0681170529278 67.48998926836694 34.94503000257422 67.81956166062739 2.8452263923140793 44.57422201031884
66.11743550114728 34.92598263342443 57.32884360837964 39.87723221945773 19.215378756478987 71.15544076967299 85.7716484118603 17.967939027351736 4.939467084705878 17.959793953843448 62.309231743345414 62.1541109221178 18.958331836848835 26.89960418049338 16.683577163234755 54.51395842708866 54.10417320346355 29.97891712632414 65.53982973695092 13.688900948205008 64.10255364057596 36.79262145626129 55.746398634813524 33.45470791570807 2.8330108150844 67.80672313793802 85.0906058685575 42.75233730723779 0.0 18.777053295566134 31.97057143301061 63.41785373339385 14.573183002468324 17.42927599107102 19.766636223618736 52.94352680349076 66.96856271532096 35.05471502962146 66.37927734828477 20.158720868095465 74.322698510694 62.532772346963974 34.81376824488271 60.1686962646565 31.70152698723018 28.479175435873955 40.41090177291723 42.34103098166147
75.0431520968666 18.755993219744617 38.73080273149865 31.33955665457686 17.450540683906567 70.84614831132478 84.74561020619278 21.355593508359018 18.829500186866127 29.937494732376575 61.426274756500305 49.08416536545914 37.69383540847239 11.398011667069344 23.86322891792848 65.78343558978459 41.331885311238224 25.457992231680056 51.4021528232134 10.741956220952053 73.57589610971682 20.391368610234622 37.75988779328105 25.9878089073206 21.558905899722806 67.13112481391526 84.79208345033962 25.72013212947347 18.777053295566134 0.0 33.2663634260356 53.14023657181428 33.226527499778626 3.4262077315734785 25.590376104171487 62.57275996448499 56.621587106565926 30.047159744973243 52.6965401397847 20.007655710605853 76.24603095608175 60.1685909769447 50.421535490686686 65.7509724628808 31.5959934465022 42.10279364802083 23.063849078878754 43.893121165369266
43.61931981933442 31.3251093110099 55.59818227119005 18.450410779572934 15.988598813467837 39.35307758259702 53.89467042421131 14.230857092211634 27.06262473045167 49.86222551630802 30.361674995437877 41.777084525405094 39.24565864664285 28.26687522612939 15.564973735257713 37.593881727728835 34.849914386818035 10.671551574317917 46.77442595525334 39.10446168498048 42.69827674383016 32.645803902391506 50.36711085288992 15.031421299134907 33.24959189330979 35.91166702139032 53.36824830968538 37.53253774218336 31.97057143301061 33.2663634260356 0.0 38.13534799702535 39.95473766520512 29.873564125423872 12.489802106637132 32.62699639377022 41.35321386523432 10.989493835751409 46.534210939882925 13.625912589405068 43.484338966412665 30.650657463871944 63.610016464416596 32.7224423264958 2.604387886762827 59.36181851924422 37.138989311085155 10.854567429974836
66.80791565312379 36.42949252021462 44.49921793177421 23.54910337675813 44.31978870522034 37.92724070324247 45.524977586031575 47.18521635786832 59.370504757922426 80.39952696243678 31.74899771421941 11.111580540239878 75.95231460808472 41.92921219162338 50.66126136787303 68.00078560300021 13.853572333380734 34.01841498158607 15.816296563882442 63.39313215904429 67.48943541713233 35.66674529449706 37.28432740990039 29.98081597358308 65.68266895239893 34.8668891341574 47.422727117925454 34.28732711494408 63.41785373339385 53.14023657181428 38.13534799702535 0.0 75.24597229898178 51.1579206372046 48.255938058483615 61.52297179395909 3.5565329903943677 29.438455480529445 13.925089486410744 43.93682963244686 47.47238341017945 26.99248453155862 98.02420680130778 51.86281181561187 36.42949252021455 91.7925181409696 36.62324864284122 36.00039544127122
64.80949247874527 49.2917414429213 71.8809193848512 51.874834070953284 31.29806932431884 77.02616770785826 91.64405999104854 28.08041343730447 16.69188966487491 16.74590455752066 68.96051700806572 75.1977863514657 6.236343765430054 41.31293920424476 24.9267540662439 51.543315523986124 67.18421013696033 41.22784758002235 78.94637128578205 26.180983297201657 62.374657826814484 51.17412923087173 70.29561102031676 45.5055194267671 11.741797050768273 74.0653408667078 90.47800162875977 57.19262704022677 14.573183002468324 33.226527499778626 39.95473766520512 75.24597229898178 0.0 32.002457384155186 27.74095732506758 51.77897519570869 78.74631163507796 45.948436312089704 79.60161640681179 31.342353375124635 78.47720574151481 70.12112834245877 23.675300870406392 62.163141470846725 40.549261438588736 20.97524060360823 54.91011197594393 48.82220402891354
71.64246867205782 18.179318263680198 39.94599043120569 28.82457684869286 14.026953309279616 67.66780534010407 81.64977109833467 17.98198164327457 16.67420948044032 30.513382384821266 58.26395814320609 47.72360144566654 36.061482702006785 10.266671371499324 20.628617712137856 62.49161444744968 39.83810192900269 22.316789254967638 50.3580134737402 12.235556052105052 70.19176536486015 19.95719936660705 38.368656122237915 23.205420780350053 20.26120740405606 63.969975497927166 81.64022929949446 25.67705103951751 17.42927599107102 3.4262077315734785 29.873564125423872 51.1579206372046 32.002457384155186 0.0 22.24838953943061 59.20720249726407 54.672432209460574 27.0306533134588 51.52484679635804 16.581677238621268 72.94368353024625 57.122302020329144 50.490979559775994 62.32895665415716 28.241811899054063 42.580784637245806 23.189921350203214 40.533942949913836
49.60141707200333 30.915005158691912 56.16370523364258 25.68342991829212 9.606138533391537 51.400723749664685 66.03112670210132 4.3695891881765085 14.827179611133484 37.50992539066234 42.63337943009026 49.823007033165126 27.735911955337393 25.01938474064664 3.106886349385924 40.28629543867923 42.1281020007299 14.840372479164843 54.25691386799528 28.77166590705907 48.042074516303806 32.656854424503486 52.221592013838155 19.86109788635067 20.841075116833267 48.08339847812528 65.32462368394431 38.52255052709623 19.766636223618736 25.590376104171487 12.489802106637132 48.255938058483615 27.74095732506758 22.24838953943061 0.0 36.99451811493825 51.67532069813228 18.85146569481721 54.478984599830994 7.435094470070211 54.68210258541289 43.1236905051579 51.307766048068096 41.49410409008178 12.818779610648 46.87304121172386 37.2285293904813 22.580797940451653
13.216815408683049 63.930992737347424 88.08725646651769 49.34221402042375 45.692941491792546 37.51915881392887 49.482929351686245 41.22529663474394 48.7010249884512 67.43574540844423 34.726063748282805 68.99934942126718 47.16817865351921 60.20426392816234 39.02496184609324 6.630455528523175 63.77811190504895 43.2984626671651 74.45189938989571 64.83112021847039 11.190257189393554 65.27215831769288 82.55821781135462 47.41853686056576 52.48791891212787 36.679246031599924 47.098114594285654 70.0782376625033 52.94352680349076 62.57275996448499 32.62699639377022 61.52297179395909 51.77897519570869 59.20720249726407 36.99451811493825 0.0 63.70335878243104 42.703811683582664 73.51589862815132 43.11202504348438 33.525876723358614 38.992607520388376 72.27017602240313 15.146645816905544 35.180141628945194 72.44796739311712 69.76214418560355 26.975907117026374
68.4237766696555 39.72098206698709 46.4882531246101 27.09572730736836 47.86025949608598 38.17792575717616 44.675695525959505 50.675934749219984 62.90856587663686 83.95515302146006 32.74378980778348 12.508571137301049 79.3909424232037 45.378543704770195 54.115369125132936 70.23530559155478 16.749279504172655 37.51984899273748 16.37380746395721 66.9079691844313 69.23513029206038 38.89321788499899 39.31138486328614 33.52620276541865 69.22696574354677 35.35162949278751 46.77289552637039 37.22875440116795 66.96856271532096 56.621587106565926 41.35321386523432 3.5565329903943677 78.74631163507796 54.672432209460574 51.67532069813228 63.70335878243104 0.0 32.88934257032784 14.201468793847809 47.45285364646697 47.83987689824667 27.88065155595784 101.56112777559191 53.444525602039825 39.72098206698703 95.34781538384354 39.64668603671178 38.6840637941874
52.68842174186813 22.49679085543058 45.46548941971496 7.530173930686138 15.958620238147633 41.02247175290101 54.72269788709017 17.88147327011202 30.611686601268502 52.75910613182268 31.57670954010701 31.446696238892592 46.51460375169979 21.81790889245382 21.22614956393778 48.07196283452549 24.1550817862506 5.134543595702064 36.22457437428973 38.35790107569067 52.11885783317539 23.468037879680487 39.85878228814236 5.214817994787017 37.03529953624351 37.25891487390181 54.86330799595222 27.610687127569534 35.05471502962146 30.047159744973243 10.989493835751409 29.438455480529445 45.948436312089704 27.0306533134588 18.85146569481721 42.703811683582664 32.88934257032784 0.0 36.178954136826185 14.950549152347273 47.20259985540757 30.121936158748465 69.06664955909947 40.188955939950404 8.504941466717787 63.50144822221569 27.67329235453132 17.074453062187672
79.82355351650871 34.148515539665 34.03327640075943 28.86276617091174 48.37586217997384 51.84904326237266 58.87715967259939 52.38514313170828 63.02960334826074 81.9546029604734 45.515922586323434 4.757215996403137 81.33088444899896 41.375364173272736 56.34522951200254 79.81459367786798 12.450933969277633 39.63884093067102 2.370541764403716 63.41789670959666 80.30249460843278 32.7745424288422 27.14989371603387 34.69112850707157 68.94406548602919 48.78512736648566 60.956616506243186 29.140921022619022 66.37927734828477 52.6965401397847 46.534210939882925 13.925089486410744 79.60161640681179 51.52484679635804 54.478984599830994 73.51589862815132 14.201468793847809 36.178954136826185 0.0 48.733853729127155 61.395902625956495 40.82780173944043 101.13016264614919 64.99532530010691 44.35809057491455 93.88364935531516 31.92435347219143 46.97848626570002
55.26471382579375 23.484744580693327 48.73008482609704 20.53734407596507 2.5978771518120767 52.62443612685125 67.01160676451948 3.7861187914821754 15.661156596105744 37.99774722446693 43.41762361514967 44.194934646108244 32.60696124718081 17.72845931278665 7.996476678562116 46.915149556834 36.286212269251294 9.977921017644602 48.30209083899534 25.531483394855407 53.934521197016075 25.236301686704756 44.85994114256434 14.207171365156507 22.085661221354133 49.06859663399711 66.66783373173067 31.137578304133598 20.158720868095465 20.007655710605853 13.625912589405068 43.93682963244686 31.342353375124635 16.581677238621268 7.435094470070211 43.11202504348438 47.45285364646697 14.950549152347273 48.733853729127155 0.0 57.09617667880395 43.061918658671374 54.18718063869813 45.763676357199834 12.470676383021516 48.563529183412314 29.799956933256475 24.470757982190765
28.81716636228548 68.81187633248324 87.4930148432397 49.81937667793715 59.381236448575685 9.713852482483707 16.102922088519033 57.46291338131236 69.40894171695518 91.58389470912319 16.957779405941444 58.105748145580776 75.38237234649237 69.01694561358545 57.70069532902822 39.027436121688936 56.69452848390845 51.05919877143156 63.21240193022478 82.585040854723 31.110694912073292 69.34162467756029 80.59508290794373 52.21952432308413 75.01018387892915 12.63180613399261 13.573942385149738 71.80697618207824 74.322698510694 76.24603095608175 43.484338966412665 47.47238341017945 78.47720574151481 72.94368353024625 54.68210258541289 33.525876723358614 47.83987689824667 47.20259985540757 61.395902625956495 57.09617667880395 0.0 20.945483325962307 101.28002635432047 18.493971550045053 44.78053045423353 99.3396544602877 72.8183693940536 32.629927301447324
41.2981298672126 49.80061228956809 66.83422580074847 30.741794821100267 44.871922905657826 12.143314098940378 24.65924502041509 44.60144854369632 57.658398223979916 80.4700391916861 4.905761027518124 37.31409396269466 68.57123092096255 51.36763082466562 46.21107168989729 45.605614493305296 35.77713325594028 34.848603413983426 42.53100925057354 68.11165894948434 42.47331814629692 50.062365980669284 59.84994621009536 34.51536588737788 63.89364101739555 8.48116959863461 25.08785274510264 51.832878678750525 62.532772346963974 60.1685909769447 30.650657463871944 26.99248453155862 70.12112834245877 57.122302020329144 43.1236905051579 38.992607520388376 27.88065155595784 30.121936158748465 40.82780173944043 43.061918658671374 20.945483325962307 0.0 93.7737068637035 26.451018838714166 30.858911892196524 89.95882412395473 53.12813871123529 21.422578526873245
84.67600861426897 68.66687966169577 88.11666148694746 74.48627498979519 53.70709827303082 100.38627229202852 114.94013099737063 51.22907713484005 38.653998183120144 21.063809322567824 92.5106005515776 96.94986814703704 25.897812217149916 60.68744451614535 48.40455320897566 70.63560571087308 88.90148312530003 64.16497944033271 100.22145786980767 40.38989277317221 81.99435266899722 70.44715987524802 88.02483997300583 68.05501149900473 32.388638673012515 97.52557787396135 113.63624183098706 76.0681170529278 34.81376824488271 50.421535490686686 63.610016464416596 98.02420680130778 23.675300870406392 50.490979559775994 51.307766048068096 72.27017602240313 101.56112777559191 69.06664955909947 101.13016264614919 54.18718063869813 101.28002635432047 93.7737068637035 0.0 84.2256693658527 64.12591015235306 9.823746757946662 73.46474008867908 72.4330064858227
14.981214493932477 62.66505551364941 84.8420506776946 45.28579098822588 48.30247058297912 22.690738406987315 34.35221176246818 45.078433782286076 55.43379306794413 76.48563370704471 21.688658110723644 60.8403720832442 58.44881124449835 60.7811197773574 44.21923151188159 21.076122963337536 57.01963720674302 42.53758852141074 66.3095735206628 70.25765000698897 16.02264577633952 63.654775529893506 78.58343988503353 45.378632497226306 60.37219058248392 22.378510212011193 32.03367827455033 67.48998926836694 60.1686962646565 65.7509724628808 32.7224423264958 51.86281181561187 62.163141470846725 62.32895665415716 41.49410409008178 15.146645816905544 53.444525602039825 40.188955939950404 64.99532530010691 45.763676357199834 18.493971550045053 26.451018838714166 84.2256693658527 0.0 34.794962019223725 83.1378774343636 67.79342192246892 23.150933802440054
46.02807925745876 28.814461939761003 53.004995234939656 16.016970861842587 14.62870575236192 40.1563624851372 54.57413170216532 13.746098955816993 26.862090346187735 49.656990567268785 30.98056552472035 39.60458281992497 40.22586895663622 26.022898258931633 15.760699844836056 40.190297089658365 32.535831603094465 8.143236561846166 44.527044897078234 37.981563670778996 45.16421545964738 30.106685718233056 47.76273987796125 12.427179809331426 33.178329263854394 36.61475843438981 54.19925197058458 34.94503000257422 31.70152698723018 31.5959934465022 2.604387886762827 36.42949252021455 40.549261438588736 28.241811899054063 12.818779610648 35.180141628945194 39.72098206698703 8.504941466717787 44.35809057491455 12.470676383021516 44.78053045423353 30.858911892196524 64.12591015235306 34.794962019223725 0.0 59.51017163832393 34.582564006081185 12.297917765663158
85.32603639572555 60.69240950214991 79.04992308013112 68.2882685763024 47.69388554428726 97.5261747225405 112.18384357290464 46.03220042101621 32.93038589800202 12.17396524790937 89.17635623759931 89.87375073740739 25.327842212430035 52.84742763507562 43.816470045418654 71.70450273599249 81.86151897014854 58.44619141864212 92.829131648013 31.682088160769588 82.79586227834973 62.4093104589944 79.3186417196661 61.88367403284501 26.49953444690964 94.43687283513088 111.13967222008657 67.81956166062739 28.479175435873955 42.10279364802083 59.36181851924422 91.7925181409696 20.97524060360823 42.580784637245806 46.87304121172386 72.44796739311712 95.34781538384354 63.50144822221569 93.88364935531516 48.563529183412314 99.3396544602877 89.95882412395473 9.823746757946662 83.1378774343636 59.51017163832393 0.0 65.13764261481212 68.96654393674469
