0.0 48.88667998102726 87.37169507169001 43.75161881900741 60.97924826098491 51.5780191061481 54.91430697542061 46.27835769903706 69.29553302113472 76.85954665049516 42.961405890571505 43.337326609812806 86.48000701863339 7.963995105932568 50.34098391050125 8.193458619672796 77.81894052633372 86.23837646073312 64.28472364052838 51.1639248624104 68.92313334622202 40.36198018623855 12.278668466095441 46.77422543460368 86.63102901533351 20.49654574382437 43.48600601990134 41.17432990525898 68.71302677525597 13.477541850134138 66.01942944118677 66.49801490793898 16.718950426536217 9.83873802443843 42.360900321017766 37.29958459512867 70.5561153609631 14.403069145271923 67.20006077529051 23.603431750944438 6683.484381700402 6763.775042345841 6705.509143437556
48.88667998102726 0.0 57.096789428195585 32.519826792911296 13.403114070902646 3.15450143212053 43.59123056404958 13.857472038133498 44.626010958317465 28.84917217136628 37.61877197236346 35.63522591665775 57.19153745326912 50.87065183060948 29.69090967988321 53.17966330236831 54.283273702372966 56.107608505719455 38.67464866634322 32.88750431523787 62.016095242734615 25.645185409734054 54.41991697309695 34.62100960341583 53.64009480013665 61.869878857631484 34.97934295632163 23.133078679543768 28.632399750225908 43.095113489595875 29.655124353986714 28.13540180015523 40.99185652518646 45.18075368181834 21.6505589363241 33.437302128061695 60.459851701842716 38.8936182422431 47.062935491204065 39.88578345459726 6729.606145881736 6809.695741267123 6751.492917095746
87.37169507169001 57.096789428195585 0.0 43.73828778399042 47.693655997265815 54.60326162347986 35.34421896065716 47.28557383248929 18.324951978803558 45.11020040111406 45.71908416065874 44.7281092531262 1.840617494350624 83.9656819399548 37.17918847539024 86.31833805825455 12.940989850086572 1.134415359354103 23.108171507359323 36.215595235098746 36.12072100090138 47.42622675039753 84.57323232257488 40.9364448204046 5.508173155368008 87.23311310428933 44.417080687281064 47.25680644476935 29.66671151509501 89.51801146227191 27.456321462674754 29.262407575971203 71.36444080911166 78.54618060782988 46.61321538244504 50.364730748313086 31.794312414222674 72.97888452351594 22.12109274801487 65.06443784381464 6731.241282056971 6810.630832467159 6752.647357278298
43.75161881900741 32.519826792911296 43.73828778399042 0.0 35.19080377530018 32.4767644739955 13.371937985404903 19.016285737238814 25.55441454065794 47.41144533115282 5.4956853538636325 3.318458005030936 42.777914913427345 40.27433113035677 8.144449166663772 42.6567018134223 34.21238600703648 42.60919977389577 20.82199704361243 7.658582485313033 31.64095868259385 7.435317413282885 41.17767140455592 3.318458005030936 43.456642378842275 44.94066272701189 2.595776156829813 9.590161553343846 31.45129304622881 47.496678017578446 26.84073302193796 28.569021516003982 27.630862449745642 34.80790532911595 10.887254022999647 6.681942158606369 31.342229701369114 29.351832528948684 23.72470359800796 21.494671595392436 6705.403072492845 6785.228810584641 6727.1078525827
60.97924826098491 13.403114070902646 47.693655997265815 35.19080377530018 0.0 10.256942945638832 43.00990600238195 17.56464424790751 38.695347276857945 15.892952505987719 40.68534493943537 38.50853286736195 48.126542029753985 62.028770638968965 29.463976489436416 64.43750729628842 47.53919507557557 46.82429511448669 33.44288866352004 32.52105998433469 60.06196693579683 30.09345240969328 65.13812781937287 36.17392172244276 43.51443812347046 71.92671152574009 37.783215920475406 27.56870557175783 18.037663148665352 56.21445170363 21.045028775212216 18.689022762003912 50.98543206157633 56.12805278616982 25.746404093209833 38.4436555237051 57.660915138865185 49.619726009601685 42.53516172622368 48.44804343133707 6738.566642001123 6818.533977337452 6760.369348813393
51.5780191061481 3.15450143212053 54.60326162347986 32.4767644739955 10.256942945638832 0.0 42.883531266172355 13.478610035615956 42.7596954613263 25.808215556130023 37.739612991590185 35.68458994040469 54.76281495142457 53.28247974790887 28.889589850392564 55.62493815429766 52.30351238007173 53.634206225012974 36.902434819888576 32.107465218226906 61.10371195459119 25.950725841141292 56.70957092002104 34.32718811970131 51.003108843885755 63.98476764514559 35.00307323204035 23.376731860563496 25.805907443402578 46.118635789282465 27.15031784818648 25.477164659225842 43.03294705090298 47.51780622677162 21.758340495467774 34.017725992743095 59.35061622756576 41.14549940695114 45.50472535336199 41.50685691306634 6731.560932282373 6811.620195072234 6753.426832754054
54.91430697542061 43.59123056404958 35.34421896065716 13.371937985404903 43.00990600238195 42.883531266172355 0.0 29.741306927073147 17.564091448170895 52.09202714328095 12.01352165551614 12.13688886681582 34.005448868500196 50.24975621042714 14.002371467602423 52.446993289112456 23.75504304441215 34.28535153679914 15.847863771270712 10.785217183596613 18.65489853614743 20.50256184824815 50.18261429348872 10.160871527497385 36.58216923020354 52.08912739845402 12.26484087062752 22.186064355698043 33.44038954967264 60.129364947727204 27.993770332072952 30.551170833574176 38.240747775898484 45.38996724398264 22.981804801629764 18.271526918417123 17.995489841784224 40.78463620643479 13.296977431327544 31.453757150839067 6703.597118852376 6783.260148179017 6725.190129523034
46.27835769903706 13.857472038133498 47.28557383248929 19.016285737238814 17.56464424790751 13.478610035615956 29.741306927073147 0.0 32.52679283371403 32.25055990697161 24.336397219925484 22.251175128977568 47.03985256688749 46.060888623365415 15.904724225471412 48.53187553556606 42.37044022051883 46.209421478525975 26.43785451711793 19.07630882045955 48.220669518383296 12.836226333625573 48.71474896479635 20.868931165806032 44.76440834753332 54.982946837812506 21.560501114858607 10.247434526371435 22.791138952331213 44.402873558802895 21.24670118599004 20.968167980244743 34.2682683645257 40.06904027605242 8.49701145745468 21.146881507723798 46.802304674688635 33.52039679970751 34.13822726724137 31.09636219549339 6721.026232706323 6800.983608149224 6742.821803394959
69.29553302113472 44.626010958317465 18.324951978803558 25.55441454065794 38.695347276857945 42.7596954613263 17.564091448170895 32.52679283371403 0.0 42.45932929419266 27.40021639540163 26.411456109634276 17.255145299899134 65.6867371102828 19.665305333995505 68.02622774694423 9.85009991465692 17.212385274050092 6.0907081132266745 18.204957260833044 25.034736826133777 29.921891663272266 66.24894768739873 22.65755056725645 19.032121766938076 68.99903210955574 26.114521565109325 30.166501453244706 23.183071621515115 72.19710782606381 18.264211678051506 21.0487153747021 53.12973351582628 60.32721083631454 29.853216127023316 32.12378633110238 21.39943255496357 54.892623028695255 5.839317651488146 46.76460801905088 6719.052407935751 6798.61153295596 6740.574413306746
76.85954665049516 28.84917217136628 45.11020040111406 47.41144533115282 15.892952505987719 25.808215556130023 52.09202714328095 32.25055990697161 42.45932929419266 0.0 52.78012491200516 50.61631406487221 46.11186273116092 77.73207520902685 40.25723595610465 80.16052039281415 49.24148209194371 44.53650078781371 38.826515649928396 42.817211990179636 66.71221761109162 43.74052103388274 80.69867868770932 47.54938550240514 39.941625250414376 87.20810150412542 49.89560009962631 41.415495017701694 19.418275086695207 71.92658659676708 24.78418112594026 21.98511699309258 66.38518893835464 71.79482583502924 39.60086548005589 51.857956392983375 63.533789330329924 65.25776977795479 47.60113679636393 63.31740530267857 6752.613965734524 6832.489494843964 6774.353736559472
42.961405890571505 37.61877197236346 45.71908416065874 5.4956853538636325 40.68534493943537 37.739612991590185 12.01352165551614 24.336397219925484 27.40021639540163 52.78012491200516 0.0 2.1852707790694725 44.58224203913773 38.58746679972519 12.883076184474444 40.857995627752345 35.10229199479285 44.61031197510424 23.554794888785857 11.308976369011653 28.7019532460774 12.036265731841327 38.89176096070909 5.723117945036355 46.0525286392147 41.739514325214785 2.9135962291425503 14.490786792927025 36.3353740679097 48.23821206274456 31.482876760477737 33.410945792316454 26.34411867985452 33.53203223454729 15.999507985157544 6.554281127780717 29.09816877102191 28.778688614897412 24.444578000486782 19.660920612600904 6700.185929642058 6779.99085236489 6721.876319764207
43.337326609812806 35.63522591665775 44.7281092531262 3.318458005030936 38.50853286736195 35.68458994040469 12.13688886681582 22.251175128977568 26.411456109634276 50.61631406487221 2.1852707790694725 0.0 43.65599393942699 39.31234625055384 10.85067806773712 41.63204331089389 34.50460576046017 43.60994471533666 22.224894682711163 9.551957795387521 29.657517603997412 10.178746445764 39.8566310245718 3.997618549394226 44.83281254997903 43.073209416835205 0.7283254965865011 12.549832873187642 34.31019582583635 48.01389242585902 29.530021524999878 31.39694236117524 26.869258265262832 34.079699439935666 13.987426353227088 6.178461377332796 29.75419967851207 29.02756954608929 23.867721754598918 20.36865715716293 6702.301550625897 6782.113035304321 6723.996484448825
86.48000701863339 57.19153745326912 1.840617494350624 42.777914913427345 48.126542029753985 54.76281495142457 34.005448868500196 47.03985256688749 17.255145299899134 46.11186273116092 44.58224203913773 43.65599393942699 0.0 82.94176709989073 36.42110704201417 85.27943144676506 11.242220911541509 1.666949391058988 22.320999289048444 35.319388517019 34.32290641124268 46.697256312889294 83.46599573467577 39.91209166477738 7.03419374294313 85.98862203674479 43.367637822196144 46.622069974538746 30.14886953180953 88.87871670852626 27.625941734769235 29.568014648425095 70.37867512559264 77.57237009364977 46.042874172499936 49.37175391510837 29.994877512368788 72.07914141699439 20.732464153034336 64.01656956510315 6729.404743508589 6808.792922740537 6750.809850327352
7.963995105932568 50.87065183060948 83.9656819399548 40.27433113035677 62.028770638968965 53.28247974790887 50.24975621042714 46.060888623365415 65.6867371102828 77.73207520902685 38.58746679972519 39.31234625055384 82.94176709989073 0.0 47.54834355579013 2.4884952747172226 73.68957955461272 82.84063923595055 61.089475591631604 47.89776268393874 62.9540431290597 38.14870810372559 4.683852563176922 43.03318976038399 83.69416466934973 13.33782071517343 39.577526866666446 39.42131170769837 67.7041514053019 21.043946642293708 64.4666699009911 65.2749602699112 12.72580849593593 5.9954215901800385 40.85086201621267 33.61287411449636 64.90838498774225 12.540948342612207 63.03203729652009 18.949494153913193 6679.583084792794 6759.789272929856 6701.549465570899
50.34098391050125 29.69090967988321 37.17918847539024 8.144449166663772 29.463976489436416 28.889589850392564 14.002371467602423 15.904724225471412 19.665305333995505 40.25723595610465 12.883076184474444 10.85067806773712 36.42110704201417 47.54834355579013 0.0 49.98076043782641 29.15747095585987 36.045113233190925 14.100434682001817 3.2183587306154102 32.32763260469347 10.288880868862975 48.78977918126415 7.340750907713672 36.29972221030666 52.92554831256592 10.187503361687613 10.578408558855612 23.461240710353117 52.55619788796192 18.721365789378055 20.54626449706361 34.82348337750434 41.87410656498434 10.54609331912827 14.474768116469908 30.933651643569505 36.009917128357436 19.49858920007552 29.111171120102004 6713.016252072637 6792.805908654192 6734.696360384115
8.193458619672796 53.17966330236831 86.31833805825455 42.6567018134223 64.43750729628842 55.62493815429766 52.446993289112456 48.53187553556606 68.02622774694423 80.16052039281415 40.857995627752345 41.63204331089389 85.27943144676506 2.4884952747172226 49.98076043782641 0.0 75.95175306030731 85.19473864530406 63.477277646519546 50.29060576324398 64.80748166398779 40.62043703113559 4.268329208212177 45.381900191644384 86.09435705290134 12.32096715268459 41.91189265882374 41.90536926643832 70.19260160735234 21.64972594644451 66.94874225266854 67.76227296749543 15.169500084442967 8.47685210707398 43.33807658044905 35.986389620320175 66.85680566376784 15.012146015633148 65.2971414569995 21.26403279531716 6677.493976225948 6757.716841900351 6699.471833547274
77.81894052633372 54.283273702372966 12.940989850086572 34.21238600703648 47.53919507557557 52.30351238007173 23.75504304441215 42.37044022051883 9.85009991465692 49.24148209194371 35.10229199479285 34.50460576046017 11.242220911541509 73.68957955461272 29.15747095585987 75.95175306030731 0.0 12.121466737429879 15.940086454383096 27.31563171463877 23.42417068900259 39.282501254994926 73.84963124612698 31.07752787784041 16.401060469728492 75.81369458015942 34.33429965308507 39.729688104193094 30.770622812907177 81.44816717480556 26.5703124180819 29.161512983208684 61.36426076736705 68.57206795940422 39.5272445279022 40.52363062219694 19.133685976374807 63.460927347500615 10.658183369704156 54.7577538857087 6718.8798412621745 6798.317578599325 6740.318692717856
86.23837646073312 56.107608505719455 1.134415359354103 42.60919977389577 46.82429511448669 53.634206225012974 34.28535153679914 46.209421478525975 17.212385274050092 44.53650078781371 44.61031197510424 43.60994471533666 1.666949391058988 82.84063923595055 36.045113233190925 85.19473864530406 12.121466737429879 0.0 21.973784942935595 35.083258974767965 35.4167485279625 46.293050823454614 83.45799090043536 39.81307424024428 5.387328755358652 86.14313399310676 43.29618085105711 46.12829787075081 28.813250082993765 88.39015550333494 26.48389063774491 28.338131558134144 70.23635193976138 77.41708611904598 45.48975713217365 49.237847861144786 31.096186626428516 71.84593799854633 21.086147116031313 63.9423130068329 6730.660159839253 6810.0617722798725 6752.074479273222
64.28472364052838 38.67464866634322 23.108171507359323 20.82199704361243 33.44288866352004 36.902434819888576 15.847863771270712 26.43785451711793 6.0907081132266745 38.826515649928396 23.554794888785857 22.224894682711163 22.320999289048444 61.089475591631604 14.100434682001817 63.477277646519546 15.940086454383096 21.973784942935595 0.0 13.195597241977875 27.886362842757457 24.38157690603916 61.953953111298894 18.275666653365406 22.65002946574883 65.27092298695548 21.812553382997432 24.409764796909688 19.42715858695304 66.61120500732062 14.058133183358423 16.880993361188523 48.41953111867473 55.56814634683039 23.97691640076849 27.49990457548266 24.826481024663735 49.90276255245185 9.132652547374573 42.300984114592254 6719.282654386218 6798.91666039001 6740.856008887719
51.1639248624104 32.88750431523787 36.215595235098746 7.658582485313033 32.52105998433469 32.107465218226906 10.785217183596613 19.07630882045955 18.204957260833044 42.817211990179636 11.308976369011653 9.551957795387521 35.319388517019 47.89776268393874 3.2183587306154102 50.29060576324398 27.31563171463877 35.083258974767965 13.195597241977875 0.0 29.144360697923748 12.03662788285811 48.83602790604435 5.597187478352648 35.80755559098839 52.48109324909762 9.008308075132526 12.879352081484791 25.361807587199934 54.137017282158695 20.316157337053287 22.411309998044064 35.22393544786428 42.37554986345054 13.168613186771411 14.338580297979181 27.84511325602677 36.766266231558596 17.22536937863792 29.152288839824344 6710.908257119117 6790.668217796731 6732.567931404607
68.92313334622202 62.016095242734615 36.12072100090138 31.64095868259385 60.06196693579683 61.10371195459119 18.65489853614743 48.220669518383296 25.034736826133777 66.71221761109162 28.7019532460774 29.657517603997412 34.32290641124268 62.9540431290597 32.32763260469347 64.80748166398779 23.42417068900259 35.4167485279625 27.886362842757457 29.144360697923748 0.0 38.985322447985816 61.71196576287274 28.621421117168875 39.811739364095196 61.22774504083297 30.00487271788718 40.79497858002896 47.30425684392864 76.16826081315463 41.940606587792296 44.75786113259699 52.41693659156825 59.089344036595335 41.63416750624073 35.23987309097991 4.3294528163807975 55.72840704703124 19.361921789423512 45.56601758854566 6695.4954393592625 6774.9518105672805 6716.946663488228
40.36198018623855 25.645185409734054 47.42622675039753 7.435317413282885 30.09345240969328 25.950725841141292 20.50256184824815 12.836226333625573 29.921891663272266 43.74052103388274 12.036265731841327 10.178746445764 46.697256312889294 38.14870810372559 10.288880868862975 40.62043703113559 39.282501254994926 46.293050823454614 24.38157690603916 12.03662788285811 38.985322447985816 0.0 39.867926732982944 10.372620375564082 46.338566559744386 44.92494136109963 9.590221092030202 2.5935480273539904 30.11479261630213 42.277246853372155 26.419347917149135 27.48280107924352 25.496412159607026 32.30846787564245 4.363626914745275 8.354283260819589 38.48779672172935 26.17758698543254 29.258984586281702 20.610387911844924 6708.928956876118 6788.834700229435 6730.6888063306815
12.278668466095441 54.41991697309695 84.57323232257488 41.17767140455592 65.13812781937287 56.70957092002104 50.18261429348872 48.71474896479635 66.24894768739873 80.69867868770932 38.89176096070909 39.8566310245718 83.46599573467577 4.683852563176922 48.78977918126415 4.268329208212177 73.84963124612698 83.45799090043536 61.953953111298894 48.83602790604435 61.71196576287274 39.867926732982944 0.0 43.71764620658121 84.6039778041929 8.670973201188387 40.199200762945736 41.37797196688309 69.79938114936535 25.608163952441636 66.28723570438369 67.27004017376822 14.53395673373312 9.285484512704752 42.91759525238921 34.50255561900245 63.93856665357484 15.570631201468265 63.22517107647044 19.699208584466877 6675.608077433182 6755.784275649514 6697.5537023749075
46.77422543460368 34.62100960341583 40.9364448204046 3.318458005030936 36.17392172244276 34.32718811970131 10.160871527497385 20.868931165806032 22.65755056725645 47.54938550240514 5.723117945036355 3.997618549394226 39.91209166477738 43.03318976038399 7.340750907713672 45.381900191644384 31.07752787784041 39.81307424024428 18.275666653365406 5.597187478352648 28.621421117168875 10.372620375564082 43.71764620658121 0.0 40.90990273497019 47.05906189888654 3.5375781110006526 12.228414979919451 30.6977230024067 50.77751316710838 25.783845105094475 27.762154845111915 30.479892048370257 37.68335267327865 13.256824186074402 9.489573414366863 28.15608641576654 32.394884876985074 20.52702221745223 24.131828033689867 6705.687184708895 6785.472311164286 6727.364061838686
86.63102901533351 53.64009480013665 5.508173155368008 43.456642378842275 43.51443812347046 51.003108843885755 36.58216923020354 44.76440834753332 19.032121766938076 39.941625250414376 46.0525286392147 44.83281254997903 7.03419374294313 83.69416466934973 36.29972221030666 86.09435705290134 16.401060469728492 5.387328755358652 22.65002946574883 35.80755559098839 39.811739364095196 46.338566559744386 84.6039778041929 40.90990273497019 0.0 87.78578928124276 44.44298936041288 45.87341013419619 25.517738128474704 87.95804470638203 24.087648615964365 25.52623153159648 70.99848823481453 78.11329894633928 45.03739653228434 50.13815409559032 35.53187236114651 72.30952909697785 23.841774774827364 64.94618272638651 6735.280669237677 6814.716082812248 6756.718199193407
20.49654574382437 61.869878857631484 87.23311310428933 44.94066272701189 71.92671152574009 63.98476764514559 52.08912739845402 54.982946837812506 68.99903210955574 87.20810150412542 41.739514325214785 43.073209416835205 85.98862203674479 13.33782071517343 52.92554831256592 12.32096715268459 75.81369458015942 86.14313399310676 65.27092298695548 52.48109324909762 61.22774504083297 44.92494136109963 8.670973201188387 47.05906189888654 87.78578928124276 0.0 43.53277960246269 46.75292567631243 75.0359834582279 33.967524313609644 71.11958974976449 72.36945263423375 20.98148068509633 17.430465437298285 48.42423393801295 38.45297057077206 63.94518636755458 23.111807609325187 65.37031571758601 24.323595393727008 6667.807361277547 6747.937803532845 6689.721303055739
43.48600601990134 34.97934295632163 44.417080687281064 2.595776156829813 37.783215920475406 35.00307323204035 12.26484087062752 21.560501114858607 26.114521565109325 49.89560009962631 2.9135962291425503 0.7283254965865011 43.367637822196144 39.577526866666446 10.187503361687613 41.91189265882374 34.33429965308507 43.29618085105711 21.812553382997432 9.008308075132526 30.00487271788718 9.590221092030202 40.199200762945736 3.5375781110006526 44.44298936041288 43.53277960246269 0.0 11.921582142553898 33.639798212983806 47.960723450931425 28.886698288658476 30.731021481052036 27.0809365451703 34.29095398544474 13.328814334002457 6.22067999287805 30.005319786331743 29.14617566397739 23.717412825343203 20.6503041415031 6703.006593290552 6782.820267860982 6724.703043506929
41.17432990525898 23.133078679543768 47.25680644476935 9.590161553343846 27.56870557175783 23.376731860563496 22.186064355698043 10.247434526371435 30.166501453244706 41.415495017701694 14.490786792927025 12.549832873187642 46.622069974538746 39.42131170769837 10.578408558855612 41.90536926643832 39.729688104193094 46.12829787075081 24.409764796909688 12.879352081484791 40.79497858002896 2.5935480273539904 41.37797196688309 12.228414979919451 45.87341013419619 46.75292567631243 11.921582142553898 0.0 28.42754089044653 42.263034087341794 25.05224382486949 25.898910292020073 26.895017891637835 33.506497898493166 1.8316851425729894 10.913843912801047 40.08588295310143 27.211778728265298 30.000594490125355 22.44124304432714 6711.322569614794 6791.240364953984 6733.09074862545
68.71302677525597 28.632399750225908 29.66671151509501 31.45129304622881 18.037663148665352 25.805907443402578 33.44038954967264 22.791138952331213 23.183071621515115 19.418275086695207 36.3353740679097 34.31019582583635 30.14886953180953 67.7041514053019 23.461240710353117 70.19260160735234 30.770622812907177 28.813250082993765 19.42715858695304 25.361807587199934 47.30425684392864 30.11479261630213 69.79938114936535 30.6977230024067 25.517738128474704 75.0359834582279 33.639798212983806 28.42754089044653 0.0 67.14668271288193 5.4889990730301195 2.9539747847321665 55.29474491316207 61.73886899274992 26.890575890378525 37.13662840923374 44.11990106557713 55.30360329274808 28.19543112531212 50.72516858784767 6736.258594944518 6816.007291461989 6757.910943335315
13.477541850134138 43.095113489595875 89.51801146227191 47.496678017578446 56.21445170363 46.118635789282465 60.129364947727204 44.402873558802895 72.19710782606381 71.92658659676708 48.23821206274456 48.01389242585902 88.87871670852626 21.043946642293708 52.55619788796192 21.64972594644451 81.44816717480556 88.39015550333494 66.61120500732062 54.137017282158695 76.16826081315463 42.277246853372155 25.608163952441636 50.77751316710838 87.95804470638203 33.967524313609644 47.960723450931425 42.263034087341794 67.14668271288193 0.0 65.46426734734055 65.36581485360871 24.796126724193467 20.23371266923433 42.94998956874586 41.85802282544631 77.14857901788092 20.858079590111384 71.1494515586701 31.123418594408204 6694.141268700772 6774.531639501806 6716.235104399816
66.01942944118677 29.655124353986714 27.456321462674754 26.84073302193796 21.045028775212216 27.15031784818648 27.993770332072952 21.24670118599004 18.264211678051506 24.78418112594026 31.482876760477737 29.530021524999878 27.625941734769235 64.4666699009911 18.721365789378055 66.94874225266854 26.5703124180819 26.48389063774491 14.058133183358423 20.316157337053287 41.940606587792296 26.419347917149135 66.28723570438369 25.783845105094475 24.087648615964365 71.11958974976449 28.886698288658476 25.05224382486949 5.4889990730301195 65.46426734734055 0.0 2.830678210611239 51.883799446975544 58.55867621296017 23.705680274908772 32.85030175816102 38.85016428612966 52.24246934892279 22.983318012974085 46.91203829176406 6731.065290969985 6810.792587261937 6752.702860239552
66.49801490793898 28.13540180015523 29.262407575971203 28.569021516003982 18.689022762003912 25.477164659225842 30.551170833574176 20.968167980244743 21.0487153747021 21.98511699309258 33.410945792316454 31.39694236117524 29.568014648425095 65.2749602699112 20.54626449706361 67.76227296749543 29.161512983208684 28.338131558134144 16.880993361188523 22.411309998044064 44.75786113259699 27.48280107924352 67.27004017376822 27.762154845111915 25.52623153159648 72.36945263423375 30.731021481052036 25.898910292020073 2.9539747847321665 65.36581485360871 2.830678210611239 0.0 52.7935900767062 59.32783612198115 24.424244060508602 34.33824519916797 41.679983148604066 52.93325023758899 25.813127413998348 48.0811452025371 6733.304978358628 6813.053332914477 6754.957044171102
16.718950426536217 40.99185652518646 71.36444080911166 27.630862449745642 50.98543206157633 43.03294705090298 38.240747775898484 34.2682683645257 53.12973351582628 66.38518893835464 26.34411867985452 26.869258265262832 70.37867512559264 12.72580849593593 34.82348337750434 15.169500084442967 61.36426076736705 70.23635193976138 48.41953111867473 35.22393544786428 52.41693659156825 25.496412159607026 14.53395673373312 30.479892048370257 70.99848823481453 20.98148068509633 27.0809365451703 26.895017891637835 55.29474491316207 24.796126724193467 51.883799446975544 52.7935900767062 0.0 7.210727745150606 28.404875600313478 21.006921301364816 53.9100000714628 4.239179737881156 50.71488740914054 6.897988834430694 6688.615154521813 6768.711058909364 6710.505619410685
9.83873802443843 45.18075368181834 78.54618060782988 34.80790532911595 56.12805278616982 47.51780622677162 45.38996724398264 40.06904027605242 60.32721083631454 71.79482583502924 33.53203223454729 34.079699439935666 77.57237009364977 5.9954215901800385 41.87410656498434 8.47685210707398 68.57206795940422 77.41708611904598 55.56814634683039 42.37554986345054 59.089344036595335 32.30846787564245 9.285484512704752 37.68335267327865 78.11329894633928 17.430465437298285 34.29095398544474 33.506497898493166 61.73886899274992 20.23371266923433 58.55867621296017 59.32783612198115 7.210727745150606 0.0 34.908223542847836 28.203697923533895 60.760479492025205 6.55447214682193 57.92109221222772 13.944837686203892 6684.888238696945 6765.059899873562 6706.830882176819
42.360900321017766 21.6505589363241 46.61321538244504 10.887254022999647 25.746404093209833 21.758340495467774 22.981804801629764 8.49701145745468 29.853216127023316 39.60086548005589 15.999507985157544 13.987426353227088 46.042874172499936 40.85086201621267 10.54609331912827 43.33807658044905 39.5272445279022 45.48975713217365 23.97691640076849 13.168613186771411 41.63416750624073 4.363626914745275 42.91759525238921 13.256824186074402 45.03739653228434 48.42423393801295 13.328814334002457 1.8316851425729894 26.890575890378525 42.94998956874586 23.705680274908772 24.424244060508602 28.404875600313478 34.908223542847836 0.0 12.714967946902005 40.75097212146944 28.546379893187897 30.042662768286828 24.134852349404483 6713.151388821994 6793.070301285933 6734.920365831473
37.29958459512867 33.437302128061695 50.364730748313086 6.681942158606369 38.4436555237051 34.017725992743095 18.271526918417123 21.146881507723798 32.12378633110238 51.857956392983375 6.554281127780717 6.178461377332796 49.37175391510837 33.61287411449636 14.474768116469908 35.986389620320175 40.52363062219694 49.237847861144786 27.49990457548266 14.338580297979181 35.23987309097991 8.354283260819589 34.50255561900245 9.489573414366863 50.13815409559032 38.45297057077206 6.22067999287805 10.913843912801047 37.13662840923374 41.85802282544631 32.85030175816102 34.33824519916797 21.006921301364816 28.203697923533895 12.714967946902005 0.0 35.6389700199359 22.939412365546506 29.923753269146264 14.813751682812992 6700.7580327801 6780.64305173096 6722.503495672146
70.5561153609631 60.459851701842716 31.794312414222674 31.342229701369114 57.660915138865185 59.35061622756576 17.995489841784224 46.802304674688635 21.39943255496357 63.533789330329924 29.09816877102191 29.75419967851207 29.994877512368788 64.90838498774225 30.933651643569505 66.85680566376784 19.133685976374807 31.096186626428516 24.826481024663735 27.84511325602677 4.3294528163807975 38.48779672172935 63.93856665357484 28.15608641576654 35.53187236114651 63.94518636755458 30.005319786331743 40.08588295310143 44.11990106557713 77.14857901788092 38.85016428612966 41.679983148604066 53.9100000714628 60.760479492025205 40.75097212146944 35.6389700199359 0.0 57.01406572970061 15.942095335981621 47.01618271307435 6699.755269963082 6779.201757873968 6721.199797334372
14.403069145271923 38.8936182422431 72.97888452351594 29.351832528948684 49.619726009601685 41.14549940695114 40.78463620643479 33.52039679970751 54.892623028695255 65.25776977795479 28.778688614897412 29.02756954608929 72.07914141699439 12.540948342612207 36.009917128357436 15.012146015633148 63.460927347500615 71.84593799854633 49.90276255245185 36.766266231558596 55.72840704703124 26.17758698543254 15.570631201468265 32.394884876985074 72.30952909697785 23.111807609325187 29.14617566397739 27.211778728265298 55.30360329274808 20.858079590111384 52.24246934892279 52.93325023758899 4.239179737881156 6.55447214682193 28.546379893187897 22.939412365546506 57.01406572970061 0.0 52.861709411146855 10.293604318876993 6690.902742034441 6771.042115166924 6712.823212318248
67.20006077529051 47.062935491204065 22.12109274801487 23.72470359800796 42.53516172622368 45.50472535336199 13.296977431327544 34.13822726724137 5.839317651488146 47.60113679636393 24.444578000486782 23.867721754598918 20.732464153034336 63.03203729652009 19.49858920007552 65.2971414569995 10.658183369704156 21.086147116031313 9.132652547374573 17.22536937863792 19.361921789423512 29.258984586281702 63.22517107647044 20.52702221745223 23.841774774827364 65.37031571758601 23.717412825343203 30.000594490125355 28.19543112531212 71.1494515586701 22.983318012974085 25.813127413998348 50.71488740914054 57.92109221222772 30.042662768286828 29.923753269146264 15.942095335981621 52.861709411146855 0.0 44.09962001909231 6713.2662340427705 6792.816115880875 6734.781809477741
23.603431750944438 39.88578345459726 65.06443784381464 21.494671595392436 48.44804343133707 41.50685691306634 31.453757150839067 31.09636219549339 46.76460801905088 63.31740530267857 19.660920612600904 20.36865715716293 64.01656956510315 18.949494153913193 29.111171120102004 21.26403279531716 54.7577538857087 63.9423130068329 42.300984114592254 29.152288839824344 45.56601758854566 20.610387911844924 19.699208584466877 24.131828033689867 64.94618272638651 24.323595393727008 20.6503041415031 22.44124304432714 50.72516858784767 31.123418594408204 46.91203829176406 48.0811452025371 6.897988834430694 13.944837686203892 24.134852349404483 14.813751682812992 47.01618271307435 10.293604318876993 44.09962001909231 0.0 6690.245111178762 6770.258844400145 6712.0789879841695
6683.484381700402 6729.606145881736 6731.241282056971 6705.403072492845 6738.566642001123 6731.560932282373 6703.597118852376 6721.026232706323 6719.052407935751 6752.613965734524 6700.185929642058 6702.301550625897 6729.404743508589 6679.583084792794 6713.016252072637 6677.493976225948 6718.8798412621745 6730.660159839253 6719.282654386218 6710.908257119117 6695.4954393592625 6708.928956876118 6675.608077433182 6705.687184708895 6735.280669237677 6667.807361277547 6703.006593290552 6711.322569614794 6736.258594944518 6694.141268700772 6731.065290969985 6733.304978358628 6688.615154521813 6684.888238696945 6713.151388821994 6700.7580327801 6699.755269963082 6690.902742034441 6713.2662340427705 6690.245111178762 0.0 104.96722984240014 51.52325604237855
6763.775042345841 6809.695741267123 6810.630832467159 6785.228810584641 6818.533977337452 6811.620195072234 6783.260148179017 6800.983608149224 6798.61153295596 6832.489494843964 6779.99085236489 6782.113035304321 6808.792922740537 6759.789272929856 6792.805908654192 6757.716841900351 6798.317578599325 6810.0617722798725 6798.91666039001 6790.668217796731 6774.9518105672805 6788.834700229435 6755.784275649514 6785.472311164286 6814.716082812248 6747.937803532845 6782.820267860982 6791.240364953984 6816.007291461989 6774.531639501806 6810.792587261937 6813.053332914477 6768.711058909364 6765.059899873562 6793.070301285933 6780.64305173096 6779.201757873968 6771.042115166924 6792.816115880875 6770.258844400145 104.96722984240014 0.0 61.91252748945743
6705.509143437556 6751.492917095746 6752.647357278298 6727.1078525827 6760.369348813393 6753.426832754054 6725.190129523034 6742.821803394959 6740.574413306746 6774.353736559472 6721.876319764207 6723.996484448825 6750.809850327352 6701.549465570899 6734.696360384115 6699.471833547274 6740.318692717856 6752.074479273222 6740.856008887719 6732.567931404607 6716.946663488228 6730.6888063306815 6697.5537023749075 6727.364061838686 6756.718199193407 6689.721303055739 6724.703043506929 6733.09074862545 6757.910943335315 6716.235104399816 6752.702860239552 6754.957044171102 6710.505619410685 6706.830882176819 6734.920365831473 6722.503495672146 6721.199797334372 6712.823212318248 6734.781809477741 6712.0789879841695 51.52325604237855 61.91252748945743 0.0
