0.0 4.686045720446824 26.61151284454767 36.041400376382875 37.73981692147502 23.08055852345691 18.713019239980046 13.75058814583219 35.9520413278201 27.207340893410127 33.29290706786526 36.466143190959215 41.408329757323564 42.23583741216877 34.844875168207096 41.906579847753676 17.027231219461157 41.17838305583741 14.893750634359623 3.742737557724064 36.875890049166166 31.834387146538123 14.025747635216465 12.17871598266986 19.297725166492135 16.02942359207974 16.053768621411695 41.113191455460054 39.44783605685601 36.89252743842569 42.20670903662295 44.07568878228951 62.68660681081341 35.49217598219893 4.9987237759674805 10.178683328510258 36.8234076359604 33.53104854786908 11.002282889115186 4.212805036468772 6698.638865992788 6778.494325836861 6720.363968369307
4.686045720446824 0.0 22.261253036666453 35.611423661441314 37.143717893016685 20.482951299916767 14.315896778568577 13.39454406428162 31.29467322336005 28.51293573745141 34.93048960284181 32.358932220920295 42.59153100625412 42.091282378611545 30.571394272030798 42.56705578493596 17.236697190927337 40.20938937805672 10.70143265170809 2.5507624307843026 32.28900789393575 29.800951381536017 12.395520289366697 11.84062815396022 15.203022559868163 12.748557704356207 16.73065404057112 40.595384700010975 36.97511263147587 37.11967375653077 42.628584905935874 43.66721088367411 58.34124969965614 35.287227837921364 3.5326285281980625 5.850157770866509 37.845919546989315 33.600041096576255 9.721721200418845 0.5298974672344372 6702.589754686066 6782.475831012011 6724.335974377631
26.61151284454767 22.261253036666453 0.0 32.887114690019445 49.46738707296413 29.071162331134826 7.948462008525045 31.135208995906456 11.985820383052015 35.1785527789146 41.46575824830519 26.64149346604843 59.750505109301294 55.41265753931931 23.536841652970555 43.47453015387734 35.0104945696166 50.83413838479443 18.47299669073565 22.980296124012742 19.59446471770288 20.839367668915 27.892238688393196 30.13775741245 18.948452887075568 22.953302180314793 35.46044381888798 36.361339145672595 41.51577004178943 52.04616915160854 42.434254137661966 55.95817717676006 36.087065627402765 49.10247467898581 22.087262895998148 16.456878623336653 41.19542456484861 48.42919906628614 27.30889619032677 22.791022025257703 6714.896239569658 6795.008306793537 6736.798265993637
36.041400376382875 35.611423661441314 32.887114690019445 0.0 72.67868865122323 54.337780211573445 32.340553363540856 48.981042663413234 43.87522593200274 14.21111867001711 15.654687248980297 58.647866892558675 77.43107197034838 77.70267635286949 55.71223134793186 11.100889272922817 52.708993271237155 75.52147288681674 42.02036980609552 33.65944741683585 52.4778754912961 12.819983728101247 47.80589276437094 47.40895348380641 45.46382107490916 46.23648298705504 51.961302130302926 5.088535858608763 70.05925313885275 72.66520804922868 9.686007571931672 79.2428004932183 54.39424616515453 70.89851087511998 32.27240323904687 32.92095468599289 11.45933127883805 69.182367424332 45.31062704909331 35.85313661112665 6684.288702579813 6764.549850800046 6706.293096230846
37.73981692147502 37.143717893016685 49.46738707296413 72.67868865122323 0.0 20.39652055128621 44.04398675193939 24.026212793982495 49.832391763439816 64.94618272638643 70.94003032025734 32.66199190247948 15.763496048907717 6.092822657337551 34.481963482993805 79.54075316284212 20.85688623694197 4.5318516842775125 32.14665059343976 39.296546795499935 41.78929907103277 65.31937773776762 24.876287296181957 25.614693152620923 30.54684741849998 27.44684819764786 22.188080870547616 77.60247490518678 16.09212565877605 6.558993327375911 79.70901859924986 6.643907595590163 78.7464384032158 3.678082317362724 40.595460574683976 40.088045491552464 74.55418156521314 6.362931106302061 27.423461016889437 36.95275248507627 6724.5974565704455 6804.114134222788 6746.090464362844
23.08055852345691 20.482951299916767 29.071162331134826 54.337780211573445 20.39652055128621 0.0 23.92108507546864 11.999055540512579 30.45780196858918 48.89084410562423 55.37768537850949 18.149162432220187 31.983246032685802 26.35705236439454 18.350169285505604 62.43377723659041 12.884504503585477 22.03062543789263 12.418265268788655 23.00671544403967 24.380353730296292 45.72678934961486 9.485222658740335 12.845082918586696 10.165605665288286 8.13659184187651 14.575769977128905 59.046924957381556 16.493565334070382 23.41362682455129 62.267036401512925 26.913958406989593 59.93871407262832 20.211973276275668 23.952055248750604 21.47416293375559 58.024286584294735 19.92138412171091 12.431939544972039 20.51865577954891 6720.489508568834 6800.252098049253 6742.151143741895
18.713019239980046 14.315896778568577 7.948462008525045 32.340553363540856 44.04398675193939 23.92108507546864 0.0 23.86489999576675 18.02671368650216 31.34339929859665 37.94621753663887 26.59053181704367 53.08678309388898 49.79595878742169 23.82849342947246 41.99094671817311 27.847016696081926 45.94858974730002 11.976994939615913 15.135076687118199 22.3265265603119 22.13535863475683 20.906919357910443 22.732670605882195 13.968367769050479 16.69318108537226 28.111120182530115 36.57356671984485 38.33392692071007 45.91923774543191 41.321598940813885 50.656434377199666 44.025868688027955 43.24106885955026 14.341764160427907 8.53657485917855 38.75818206134481 42.27241616419187 19.908431672555498 14.845486151109217 6710.648180425536 6790.678519865003 6732.493821995953
13.75058814583219 13.39454406428162 31.135208995906456 48.981042663413234 24.026212793982495 11.999055540512579 23.86489999576675 0.0 36.59336737378851 40.94766869425841 47.034127206760154 29.305671459832812 29.626338787275234 28.749481673461794 28.797265764748563 55.521995085763486 4.044968264336569 27.430568655957845 12.960025974243852 15.363340334695708 33.41286904575595 42.83140257188784 3.74278527279541 1.590509694618552 14.912432427157208 9.590280652996098 4.355623445919854 53.979922964001794 27.011093249007118 23.7270635205189 55.72252858627346 30.44033124216847 65.7847850427341 21.954189525389758 16.71853888137903 17.469789445540506 50.533766683268176 20.207541839860056 4.043642788376656 13.13061081258418 6708.656814890201 6788.395847982777 6730.302079968335
35.9520413278201 31.29467322336005 11.985820383052015 43.87522593200274 49.832391763439816 30.45780196858918 18.02671368650216 36.59336737378851 0.0 47.1465313253162 53.38240799399123 20.494548491674617 62.43997187878222 55.92502860876517 17.462925736672748 54.749491563132906 39.94122546686036 50.133075984490716 23.866060116372683 32.66007135617338 10.774259981543237 31.25385723497811 32.91378221012634 36.0330277719785 21.929036227392565 27.138690049731977 40.87792875160829 46.8186729775546 38.45853571171268 53.73700739686529 53.54359633189961 55.83463444098974 29.554712840636732 50.35251971803458 32.08460185516519 26.02598594978488 52.85939861940335 50.32627570338375 33.39834897924301 31.797801294619916 6726.816712103074 6806.943133865189 6748.7288246111775
27.207340893410127 28.51293573745141 35.1785527789146 14.21111867001711 64.94618272638643 48.89084410562423 31.34339929859665 40.94766869425841 47.1465313253162 0.0 6.676523136141269 57.478053241805384 67.29799414935985 69.33540805997143 54.9257478524706 15.196678560786872 44.17378158446871 68.35239161156605 37.56720145536812 26.076647642473063 53.56156171145569 21.159703162393583 40.769376262688866 39.36764694858023 41.768010170311754 40.89377636780631 43.05519699176213 18.526504935566294 65.32898488408168 63.83026242364035 16.01189865987031 71.252610926763 64.00325034508434 62.63621004016254 24.99098175162237 28.158541985175848 9.708629584782999 60.579783892228136 37.8830296858508 28.559246018747125 6679.7478424209585 6759.84473608279 6701.638846970829
33.29290706786526 34.93048960284181 41.46575824830519 15.654687248980297 70.94003032025734 55.37768537850949 37.94621753663887 47.034127206760154 53.38240799399123 6.676523136141269 0.0 64.14763383543469 72.47321060609053 75.13627529650417 61.5825575343267 11.529732168545623 50.0972261316201 74.46433605489803 44.19167568544187 32.45137335288083 60.0982062381188 25.63988161838628 47.06767134119369 45.468809949233744 48.419156412239694 47.43045286553659 48.8818000875048 18.57309995685714 71.844859794491 69.51553427208073 13.100912657364505 77.1512776794211 68.66080596711588 68.50089796862878 31.431592054169307 34.8060937749088 5.856033585962439 66.35676184983228 44.133555793823945 34.9450475752139 6673.436844435928 6753.560887300321 6695.346464105722
36.466143190959215 32.358932220920295 26.64149346604843 58.647866892558675 32.66199190247948 18.149162432220187 26.59053181704367 29.305671459832812 20.494548491674617 57.478053241805384 64.14763383543469 0.0 47.33001807921102 38.54490417544631 3.1617943057214446 68.56265720764969 30.930473557271494 31.812692169658085 21.659785928053797 34.73600064740313 10.161898411918983 47.2940744950952 25.93172361064017 29.682883327084 17.181449318189443 21.080173224005314 32.53304245763762 62.564884579950565 18.755395470155015 37.889909079731716 67.8347298114601 37.798937569964345 46.982456209416604 34.209315665181315 35.03728406310313 29.947766082534237 65.30799793105413 35.030123968798875 28.168191918860376 32.658516887268384 6734.932678424578 6814.828791658186 6756.686321998312
41.408329757323564 42.59153100625412 59.750505109301294 77.43107197034838 15.763496048907717 31.983246032685802 53.08678309388898 29.626338787275234 62.43997187878222 67.29799414935985 72.47321060609053 47.33001807921102 0.0 11.999778884962657 48.72540734025436 82.45786088671008 25.5889043174944 19.037417216411054 41.330358044121745 44.1073017774515 55.67350385979402 72.34922547262565 32.200338835840995 31.026082745710173 41.2360119020104 36.79880504218431 25.868457004416825 82.51008885334794 31.836310074289212 9.551369968088672 83.03441632823157 14.751092708086832 91.90759857202404 13.256945575862707 45.55384763520606 47.09108830904242 76.97820977536004 12.35201191961682 33.66403586078314 42.232338562318326 6713.563205074822 6792.941835401438 6734.961517571509
42.23583741216877 42.091282378611545 55.41265753931931 77.70267635286949 6.092822657337551 26.35705236439454 49.79595878742169 28.749481673461794 55.92502860876517 69.33540805997143 75.13627529650417 38.54490417544631 11.999778884962657 0.0 40.46145164818769 84.1424170996026 25.209187834877554 7.485943086893279 37.84332826729907 44.11266207163413 47.809379354846186 70.79981759145046 30.070380433196725 30.33327910326243 36.46845892404748 33.12462396056769 26.28190681502653 82.67812773765448 21.201798278884343 6.042428826784485 84.41465699050701 2.9687537578808225 84.80750348777106 6.804596831909521 45.4640185500431 45.426318671212584 79.00841741948176 8.783666541775245 32.40512409500349 41.85620095412245 6724.391601968504 6803.833245447362 6745.833218099093
34.844875168207096 30.571394272030798 23.536841652970555 55.71223134793186 34.481963482993805 18.350169285505604 23.82849342947246 28.797265764748563 17.462925736672748 54.9257478524706 61.5825575343267 3.1617943057214446 48.72540734025436 40.46145164818769 0.0 65.72877937054069 30.801698804345712 33.964050202937926 19.951810169507418 32.86786442353307 7.495177052697272 44.24366168166054 25.26094218422092 29.00820491697703 15.603169389115338 20.01951558699953 32.306657339711286 59.56852439657973 21.327938616887135 39.40007146456808 64.9592436014195 39.89604574702648 44.59119716760791 35.764504359242444 33.062948277437314 27.7360343443 62.585828085310894 36.3766817468292 27.24589748727672 30.90614459196614 6732.961704418359 6812.888185718881 6754.736207029951
41.906579847753676 42.56705578493596 43.47453015387734 11.100889272922817 79.54075316284212 62.43377723659041 41.99094671817311 55.521995085763486 54.749491563132906 15.196678560786872 11.529732168545623 68.56265720764969 82.45786088671008 84.1424170996026 65.72877937054069 0.0 58.93355456841284 82.75591271297517 50.467255369409536 40.28940617419908 62.983025973831914 23.9027915822654 54.96171563698766 53.9318942554711 54.29789508006595 54.30647259589584 57.915623512876515 10.537503689847556 78.61314841197249 78.7491487052621 2.177188964096801 85.95079743199142 64.94410591523386 77.39340805418333 39.051194087003545 41.048201508341506 5.8169924507657615 75.42862757268128 52.20466086440771 42.69836521119573 6673.1906258707395 6753.455651701784 6695.19752023551
17.027231219461157 17.236697190927337 35.0104945696166 52.708993271237155 20.85688623694197 12.884504503585477 27.847016696081926 4.044968264336569 39.94122546686036 44.17378158446871 50.0972261316201 30.930473557271494 25.5889043174944 25.209187834877554 30.801698804345712 58.93355456841284 0.0 24.573618914315407 16.66251613314031 19.049970775170046 36.00245386251307 46.824268254843126 7.17299292829823 5.4557202271850205 18.044148360637166 12.805514012588294 1.8376400836741518 57.73326372285357 26.01014644867797 19.960903099861525 59.21368324955496 27.079894789972442 69.3010537047764 18.46971938584025 20.447816897015905 21.502328609807744 53.82566331504534 16.52824622624181 8.088609848347275 16.93347282277467 6709.094931749566 6788.784502107742 6730.70624619804
41.17838305583741 40.20938937805672 50.83413838479443 75.52147288681674 4.5318516842775125 22.03062543789263 45.94858974730002 27.430568655957845 50.133075984490716 68.35239161156605 74.46433605489803 31.812692169658085 19.037417216411054 7.485943086893279 33.964050202937926 82.75591271297517 24.573618914315407 0.0 34.26174069405807 42.467958744915016 41.418141284135736 67.61495606730438 27.822575613315927 28.999715531090523 32.135090584616144 29.65799857120933 26.032605572427578 80.38026373831956 13.85862931057394 10.60155646693293 82.83753300455331 6.019496171949678 78.52945448000877 8.193689078677128 43.71117588199757 42.69651089090389 77.89249951519555 10.893139123942309 30.553331184828355 40.061617306593874 6729.120201823253 6808.633000323851 6750.6106259517055
14.893750634359623 10.70143265170809 18.47299669073565 42.02036980609552 32.14665059343976 12.418265268788655 11.976994939615913 12.960025974243852 23.866060116372683 37.56720145536812 44.19167568544187 21.659785928053797 41.330358044121745 37.84332826729907 19.951810169507418 50.467255369409536 16.66251613314031 34.26174069405807 0.0 13.113341790834248 22.44760038134478 33.361328375502936 9.4924090623882 12.228438329979037 4.51315269538313 4.720268443364388 17.313236618278847 46.67648208865737 28.158541985175848 33.95609813565718 50.181176529953255 38.77791457433532 52.85247992243059 31.26625821255851 13.543592968402601 9.465800015588687 46.33230819727144 30.311038263924953 9.538154410228358 10.999564063947476 6713.290049429507 6793.177234717905 6735.037204440528
3.742737557724064 2.5507624307843026 22.980296124012742 33.65944741683585 39.296546795499935 23.00671544403967 15.135076687118199 15.363340334695708 32.66007135617338 26.076647642473063 32.45137335288083 34.73600064740313 44.1073017774515 44.11266207163413 32.86786442353307 40.28940617419908 19.049970775170046 42.467958744915016 13.113341790834248 0.0 34.277971504498865 28.568376901349247 14.718313198250987 13.779812528183918 17.62610286518443 15.299315393589252 18.36061579205166 38.684516310086515 39.50027967068938 39.00625462041182 40.414298218058455 45.77351953937849 59.02659518808583 37.31720277872554 1.4557191229326005 6.664236602888875 35.47841037907711 35.53508141902695 11.915293034236239 2.4952935877238716 6700.1969313526715 6780.094023444103 6721.950689038241
36.875890049166166 32.28900789393575 19.59446471770288 52.4778754912961 41.78929907103277 24.380353730296292 22.3265265603119 33.41286904575595 10.774259981543237 53.56156171145569 60.0982062381188 10.161898411918983 55.67350385979402 47.809379354846186 7.495177052697272 62.983025973831914 36.00245386251307 41.418141284135736 22.44760038134478 34.277971504498865 0.0 40.33058064004535 29.70090925421614 33.31558802018193 18.81868873471719 23.9745655323322 37.318247670625446 55.91194817566368 28.797495596096866 46.478155162280075 61.99744447281039 47.326322466668266 37.114455598912414 42.89177987655436 34.152821935626406 28.27389467866884 60.410011160515175 43.330690201428176 31.131885209554593 32.70892154255769 6732.957628822354 6812.975641350515 6754.7951371372965
31.834387146538123 29.800951381536017 20.839367668915 12.819983728101247 65.31937773776762 45.72678934961486 22.13535863475683 42.83140257188784 31.25385723497811 21.159703162393583 25.63988161838628 47.2940744950952 72.34922547262565 70.79981759145046 44.24366168166054 23.9027915822654 46.824268254843126 67.61495606730438 33.361328375502936 28.568376901349247 40.33058064004535 0.0 40.828292705137024 41.36857402715184 36.03540441054629 37.96496794403126 46.48457184716405 15.609635684105328 60.46454843678248 66.33030300605904 22.487542466719763 71.96301046771755 43.03867002311894 64.06370539156181 27.117560958370788 25.45828581671259 23.20339728473758 62.71692048202182 38.851437323026104 30.190430096885205 6697.044112128059 6777.288636120403 6719.037231029779
14.025747635216465 12.395520289366697 27.892238688393196 47.80589276437094 24.876287296181957 9.485222658740335 20.906919357910443 3.74278527279541 32.91378221012634 40.769376262688866 47.06767134119369 25.93172361064017 32.200338835840995 30.070380433196725 25.26094218422092 54.96171563698766 7.17299292829823 27.822575613315927 9.4924090623882 14.718313198250987 29.70090925421614 40.828292705137024 0.0 3.755340529769993 11.172450060459905 5.850194369768953 7.964169796368255 52.72641367913862 25.509320763891953 25.51245653077671 55.017278551799095 31.46246109345559 62.184154743040494 23.289501281689436 15.91249723262565 15.383575616930411 50.196543485877136 21.890935599597878 3.0432016876232857 12.271136600298927 6711.04622518943 6790.82046141629 6732.715707655824
12.17871598266986 11.84062815396022 30.13775741245 47.40895348380641 25.614693152620923 12.845082918586696 22.732670605882195 1.590509694618552 36.0330277719785 39.36764694858023 45.468809949233744 29.682883327084 31.026082745710173 30.33327910326243 29.00820491697703 53.9318942554711 5.4557202271850205 28.999715531090523 12.228438329979037 13.779812528183918 33.31558802018193 41.36857402715184 3.755340529769993 0.0 14.61699558926895 9.34770750521741 5.38500418138871 52.41257722127911 28.262356117690548 25.280595046817997 54.13224531437628 32.03073394718925 65.07326983428997 23.53992589726892 15.141072382356148 16.073510919655057 48.94835921630842 21.77439092518886 2.831686744023528 11.56531770174112 6707.666114027854 6787.42050948365 6729.321913311129
19.297725166492135 15.203022559868163 18.948452887075568 45.46382107490916 30.54684741849998 10.165605665288286 13.968367769050479 14.912432427157208 21.929036227392565 41.768010170311754 48.419156412239694 17.181449318189443 41.2360119020104 36.46845892404748 15.603169389115338 54.29789508006595 18.044148360637166 32.135090584616144 4.51315269538313 17.62610286518443 18.81868873471719 36.03540441054629 11.172450060459905 14.61699558926895 0.0 5.322349775060785 19.082839379498214 49.97608989151323 24.61870027604764 33.18424666117236 53.91021033299422 37.079028824113344 51.400175533109355 30.169452869082495 18.04330446921231 13.613549969906005 50.34799953604067 29.59476251008984 12.321523067764806 15.48743065725997 6717.791904514222 6797.674842924964 6739.536211305577
16.02942359207974 12.748557704356207 22.953302180314793 46.23648298705504 27.44684819764786 8.13659184187651 16.69318108537226 9.590280652996098 27.138690049731977 40.89377636780631 47.43045286553659 21.080173224005314 36.79880504218431 33.12462396056769 20.01951558699953 54.30647259589584 12.805514012588294 29.65799857120933 4.720268443364388 15.299315393589252 23.9745655323322 37.96496794403126 5.850194369768953 9.34770750521741 5.322349775060785 0.0 13.777334148109517 50.978117220445206 24.44029862997947 29.266039333799093 54.13088889856901 34.0832454077142 56.51261730238659 26.547963430899966 16.100835758657855 13.343103284335507 49.94240347129094 25.62418972261695 7.255195449049562 12.869993084108973 6714.559279571872 6794.390647186932 6736.268077134972
16.053768621411695 16.73065404057112 35.46044381888798 51.961302130302926 22.188080870547616 14.575769977128905 28.111120182530115 4.355623445919854 40.87792875160829 43.05519699176213 48.8818000875048 32.53304245763762 25.868457004416825 26.28190681502653 32.306657339711286 57.915623512876515 1.8376400836741518 26.032605572427578 17.313236618278847 18.36061579205166 37.318247670625446 46.48457184716405 7.964169796368255 5.38500418138871 19.082839379498214 13.777334148109517 0.0 57.00796842869414 27.834663164822647 20.842595009800185 58.252723607277765 28.274674625800444 70.12116222246284 19.619223305558254 19.78881476033242 21.35618280289879 52.73452692601958 17.526722378035423 8.202713710839936 16.38367199076782 6707.260284211842 6786.9487040677295 6728.870779138347
41.113191455460054 40.595384700010975 36.361339145672595 5.088535858608763 77.60247490518678 59.046924957381556 36.57356671984485 53.979922964001794 46.8186729775546 18.526504935566294 18.57309995685714 62.564884579950565 82.51008885334794 82.67812773765448 59.56852439657973 10.537503689847556 57.73326372285357 80.38026373831956 46.67648208865737 38.684516310086515 55.91194817566368 15.609635684105328 52.72641367913862 52.41257722127911 49.97608989151323 50.978117220445206 57.00796842869414 0.0 74.59461332025181 77.6822636791829 8.493658406546436 84.18217926065608 54.61698899222372 75.87355510256533 37.287473097871036 37.71183998144717 13.331180860542512 74.18657736375282 50.274875315212576 40.84932322554741 6682.68261400741 6763.002775369619 6704.727742171415
39.44783605685601 36.97511263147587 41.51577004178943 70.05925313885275 16.09212565877605 16.493565334070382 38.33392692071007 27.011093249007118 38.45853571171268 65.32898488408168 71.844859794491 18.755395470155015 31.836310074289212 21.201798278884343 21.327938616887135 78.61314841197249 26.01014644867797 13.85862931057394 28.158541985175848 39.50027967068938 28.797495596096866 60.46454843678248 25.509320763891953 28.262356117690548 24.61870027604764 24.44029862997947 27.834663164822647 74.59461332025181 0.0 22.41160714132561 78.3394477531481 19.834417564385312 65.73430945398356 18.837051366326072 40.434536135382615 37.56720145536812 74.36044940488496 20.68579386271973 28.55055841054411 37.011909297614004 6735.047457852703 6814.713810858713 6756.643260784356
36.89252743842569 37.11967375653077 52.04616915160854 72.66520804922868 6.558993327375911 23.41362682455129 45.91923774543191 23.7270635205189 53.73700739686529 63.83026242364035 69.51553427208073 37.889909079731716 9.551369968088672 6.042428826784485 39.40007146456808 78.7491487052621 19.960903099861525 10.60155646693293 33.95609813565718 39.00625462041182 46.478155162280075 66.33030300605904 25.51245653077671 25.280595046817997 33.18424666117236 29.266039333799093 20.842595009800185 77.6822636791829 22.41160714132561 0.0 79.0952654801307 8.784844682469318 83.04431463890691 3.7092822706453052 40.395389722261136 40.87276304987352 73.52658980772027 3.6477608912164388 27.569780686107762 36.84446693613938 6718.983787158776 6798.459084885737 6740.448358329422
42.20670903662295 42.628584905935874 42.434254137661966 9.686007571931672 79.70901859924986 62.267036401512925 41.321598940813885 55.72252858627346 53.54359633189961 16.01189865987031 13.100912657364505 67.8347298114601 83.03441632823157 84.41465699050701 64.9592436014195 2.177188964096801 59.21368324955496 82.83753300455331 50.181176529953255 40.414298218058455 61.99744447281039 22.487542466719763 55.017278551799095 54.13224531437628 53.91021033299422 54.13088889856901 58.252723607277765 8.493658406546436 78.3394477531481 79.0952654801307 0.0 86.162639320992 63.03951719566034 77.64485184555001 39.13604570403735 40.81754852947179 7.250858270695405 75.73394809702832 52.31476915678539 42.785894145605134 6674.763254615727 6755.0465489732005 6696.7827899372305
44.07568878228951 43.66721088367411 55.95817717676006 79.2428004932183 6.643907595590163 26.913958406989593 50.656434377199666 30.44033124216847 55.83463444098974 71.252610926763 77.1512776794211 37.798937569964345 14.751092708086832 2.9687537578808225 39.89604574702648 85.95079743199142 27.079894789972442 6.019496171949678 38.77791457433532 45.77351953937849 47.326322466668266 71.96301046771755 31.46246109345559 32.03073394718925 37.079028824113344 34.0832454077142 28.274674625800444 84.18217926065608 19.834417564385312 8.784844682469318 86.162639320992 0.0 84.42069263802593 8.668075020686338 47.09356942234239 46.71556621238788 80.8958891176695 11.041541933004304 33.94716192897021 43.46036425982398 6727.35997097603 6806.801978125145 6748.801884809262
62.68660681081341 58.34124969965614 36.087065627402765 54.39424616515453 78.7464384032158 59.93871407262832 44.025868688027955 65.7847850427341 29.554712840636732 64.00325034508434 68.66080596711588 46.982456209416604 91.90759857202404 84.80750348777106 44.59119716760791 64.94410591523386 69.3010537047764 78.52945448000877 52.85247992243059 59.02659518808583 37.114455598912414 43.03867002311894 62.184154743040494 65.07326983428997 51.400175533109355 56.51261730238659 70.12116222246284 54.61698899222372 65.73430945398356 83.04431463890691 63.03951719566034 84.42069263802593 0.0 79.57022435596936 58.06345309178514 52.54373249802747 65.71068778247773 79.70818354744392 62.331439649723826 58.87068183142237 6735.861925446697 6816.329385502248 6758.009737458709
35.49217598219893 35.287227837921364 49.10247467898581 70.89851087511998 3.678082317362724 20.211973276275668 43.24106885955026 21.954189525389758 50.35251971803458 62.63621004016254 68.50089796862878 34.209315665181315 13.256945575862707 6.804596831909521 35.764504359242444 77.39340805418333 18.46971938584025 8.193689078677128 31.26625821255851 37.31720277872554 42.89177987655436 64.06370539156181 23.289501281689436 23.53992589726892 30.169452869082495 26.547963430899966 19.619223305558254 75.87355510256533 18.837051366326072 3.7092822706453052 77.64485184555001 8.668075020686338 79.57022435596936 0.0 38.66448622029721 38.66043063148497 72.29439848125301 2.72089630489062 25.601042298666748 35.05372968979882 6720.926697784539 6800.440796078079 6742.417878312715
4.9987237759674805 3.5326285281980625 22.087262895998148 32.27240323904687 40.595460574683976 23.952055248750604 14.341764160427907 16.71853888137903 32.08460185516519 24.99098175162237 31.431592054169307 35.03728406310313 45.55384763520606 45.4640185500431 33.062948277437314 39.051194087003545 20.447816897015905 43.71117588199757 13.543592968402601 1.4557191229326005 34.152821935626406 27.117560958370788 15.91249723262565 15.141072382356148 18.04330446921231 16.100835758657855 19.78881476033242 37.287473097871036 40.434536135382615 40.395389722261136 39.13604570403735 47.09356942234239 58.06345309178514 38.66448622029721 0.0 6.085005159761325 34.31343681129031 36.91100215422479 13.180362248093004 3.6501489046003037 6699.919465051606 6779.834099956502 6721.685285995006
10.178683328510258 5.850157770866509 16.456878623336653 32.92095468599289 40.088045491552464 21.47416293375559 8.53657485917855 17.469789445540506 26.02598594978488 28.158541985175848 34.8060937749088 29.947766082534237 47.09108830904242 45.426318671212584 27.7360343443 41.048201508341506 21.502328609807744 42.69651089090389 9.465800015588687 6.664236602888875 28.27389467866884 25.45828581671259 15.383575616930411 16.073510919655057 13.613549969906005 13.343103284335507 21.35618280289879 37.71183998144717 37.56720145536812 40.87276304987352 40.81754852947179 46.71556621238788 52.54373249802747 38.66043063148497 6.085005159761325 0.0 36.86665672743552 37.26268848370014 13.446538057985963 6.37828990246896 6705.27879027961 6785.228334174244 6727.068718025547
36.8234076359604 37.845919546989315 41.19542456484861 11.45933127883805 74.55418156521314 58.024286584294735 38.75818206134481 50.533766683268176 52.85939861940335 9.708629584782999 5.856033585962439 65.30799793105413 76.97820977536004 79.00841741948176 62.585828085310894 5.8169924507657615 53.82566331504534 77.89249951519555 46.33230819727144 35.47841037907711 60.410011160515175 23.20339728473758 50.196543485877136 48.94835921630842 50.34799953604067 49.94240347129094 52.73452692601958 13.331180860542512 74.36044940488496 73.52658980772027 7.250858270695405 80.8958891176695 65.71068778247773 72.29439848125301 34.31343681129031 36.86665672743552 0.0 70.26120138070027 47.36252243931158 37.93378859515288 6674.223299375337 6754.418288163835 6696.181866461807
33.53104854786908 33.600041096576255 48.42919906628614 69.182367424332 6.362931106302061 19.92138412171091 42.27241616419187 20.207541839860056 50.32627570338375 60.579783892228136 66.35676184983228 35.030123968798875 12.35201191961682 8.783666541775245 36.3766817468292 75.42862757268128 16.52824622624181 10.893139123942309 30.311038263924953 35.53508141902695 43.330690201428176 62.71692048202182 21.890935599597878 21.77439092518886 29.59476251008984 25.62418972261695 17.526722378035423 74.18657736375282 20.68579386271973 3.6477608912164388 75.73394809702832 11.041541933004304 79.70818354744392 2.72089630489062 36.91100215422479 37.26268848370014 70.26120138070027 0.0 24.002139011512742 33.337568404893204 6718.237052272126 6797.7564216447545 6739.731800130956
11.002282889115186 9.721721200418845 27.30889619032677 45.31062704909331 27.423461016889437 12.431939544972039 19.908431672555498 4.043642788376656 33.39834897924301 37.8830296858508 44.133555793823945 28.168191918860376 33.66403586078314 32.40512409500349 27.24589748727672 52.20466086440771 8.088609848347275 30.553331184828355 9.538154410228358 11.915293034236239 31.131885209554593 38.851437323026104 3.0432016876232857 2.831686744023528 12.321523067764806 7.255195449049562 8.202713710839936 50.274875315212576 28.55055841054411 27.569780686107762 52.31476915678539 33.94716192897021 62.331439649723826 25.601042298666748 13.180362248093004 13.446538057985963 47.36252243931158 24.002139011512742 0.0 9.532740983790347 6708.22467452659 6788.013121407407 6729.903874082126
4.212805036468772 0.5298974672344372 22.791022025257703 35.85313661112665 36.95275248507627 20.51865577954891 14.845486151109217 13.13061081258418 31.797801294619916 28.559246018747125 34.9450475752139 32.658516887268384 42.232338562318326 41.85620095412245 30.90614459196614 42.69836521119573 16.93347282277467 40.061617306593874 10.999564063947476 2.4952935877238716 32.70892154255769 30.190430096885205 12.271136600298927 11.56531770174112 15.48743065725997 12.869993084108973 16.38367199076782 40.84932322554741 37.011909297614004 36.84446693613938 42.785894145605134 43.46036425982398 58.87068183142237 35.05372968979882 3.6501489046003037 6.37828990246896 37.93378859515288 33.337568404893204 9.532740983790347 0.0 6702.307107985261 6782.18770875993 6724.049557360918
6698.638865992788 6702.589754686066 6714.896239569658 6684.288702579813 6724.5974565704455 6720.489508568834 6710.648180425536 6708.656814890201 6726.816712103074 6679.7478424209585 6673.436844435928 6734.932678424578 6713.563205074822 6724.391601968504 6732.961704418359 6673.1906258707395 6709.094931749566 6729.120201823253 6713.290049429507 6700.1969313526715 6732.957628822354 6697.044112128059 6711.04622518943 6707.666114027854 6717.791904514222 6714.559279571872 6707.260284211842 6682.68261400741 6735.047457852703 6718.983787158776 6674.763254615727 6727.35997097603 6735.861925446697 6720.926697784539 6699.919465051606 6705.27879027961 6674.223299375337 6718.237052272126 6708.22467452659 6702.307107985261 0.0 104.96722984240014 51.52325604237855
6778.494325836861 6782.475831012011 6795.008306793537 6764.549850800046 6804.114134222788 6800.252098049253 6790.678519865003 6788.395847982777 6806.943133865189 6759.84473608279 6753.560887300321 6814.828791658186 6792.941835401438 6803.833245447362 6812.888185718881 6753.455651701784 6788.784502107742 6808.633000323851 6793.177234717905 6780.094023444103 6812.975641350515 6777.288636120403 6790.82046141629 6787.42050948365 6797.674842924964 6794.390647186932 6786.9487040677295 6763.002775369619 6814.713810858713 6798.459084885737 6755.0465489732005 6806.801978125145 6816.329385502248 6800.440796078079 6779.834099956502 6785.228334174244 6754.418288163835 6797.7564216447545 6788.013121407407 6782.18770875993 104.96722984240014 0.0 61.91252748945743
6720.363968369307 6724.335974377631 6736.798265993637 6706.293096230846 6746.090464362844 6742.151143741895 6732.493821995953 6730.302079968335 6748.7288246111775 6701.638846970829 6695.346464105722 6756.686321998312 6734.961517571509 6745.833218099093 6754.736207029951 6695.19752023551 6730.70624619804 6750.6106259517055 6735.037204440528 6721.950689038241 6754.7951371372965 6719.037231029779 6732.715707655824 6729.321913311129 6739.536211305577 6736.268077134972 6728.870779138347 6704.727742171415 6756.643260784356 6740.448358329422 6696.7827899372305 6748.801884809262 6758.009737458709 6742.417878312715 6721.685285995006 6727.068718025547 6696.181866461807 6739.731800130956 6729.903874082126 6724.049557360918 51.52325604237855 61.91252748945743 0.0
