0.0 73.68925020141205 70.88935149111366 89.0449050523744 61.762638022045294 51.7094980651128 74.88197852694105 54.340889667190126 56.47792936306756 82.12578379300038 33.703847448249086 52.77626633996764 30.08281512381414 30.517819283952065 53.52537113998205 55.685261380850285 14.274544223304629 37.15003121856428 88.98052133600034 33.96953021699778 4.450783330621837 58.69462682337435 71.27289639013463 89.96522496195824 58.217414538925944 41.03529225402838 70.60956994155565 54.92727676317162 60.54117279368947 83.51271984434514 31.03478766125333 48.51070046138084 27.277387042695914 65.48831194114861 58.215386536011195 58.333974043072324 9.771842635681919 38.12374491114902 96.78687802718942 39.108704012879244 6.9249934635681045 14.534291490711162 96.51237304700994 16.868480442045037 38.30038001319136 94.10334633007709 65.89564639102342 26.32996631645272
73.68925020141205 0.0 17.774452421286707 21.325371861950426 44.84692382869701 52.97070849341859 19.67935678867505 22.795732013399867 20.118008591137606 17.803455121238738 59.83133798057684 35.934486166998056 58.642386138335254 45.21479049318259 21.48349074552575 18.65564285517544 82.6276473426991 58.26745171683083 23.77093795723267 46.33992823035237 78.11063460112014 26.15009066328514 18.255472789258537 26.34219330437784 46.03708871562295 52.410450007939716 14.319425704649143 22.085511135154515 13.759086685458353 16.392517881236092 58.32714104245064 35.40570888667562 47.88729802750619 15.431871609276458 15.953774237950093 17.774452421286707 81.19742900016517 56.91553639789514 25.79246190738121 41.26048827585116 78.93285631850401 69.91561147477724 24.192307862329315 62.93991301440291 39.95478484309574 20.418012692776518 52.8444236174759 48.73856778346123
70.88935149111366 17.774452421286707 0.0 38.20967580328662 28.374503010834246 63.42751614759202 4.295788254825401 16.868413267176695 29.253744549343928 35.522842604577676 49.52449574746399 22.898035715847847 63.283519195981754 40.41629720948884 19.00122918822808 25.127596738440328 77.08144889170778 64.87955464338935 41.082180844890395 38.71862991842824 75.06841374079686 13.337435045230192 0.6215642362318168 43.77639505359052 30.270890839184542 60.017310630312764 30.716832704229038 16.39599348726296 22.385401034686968 33.83914903654 48.92177350260586 24.63692361387827 43.621188394882495 6.573461696718986 17.32589412095856 27.348762457829167 76.76702737296291 63.78219611408742 40.581938587713736 33.14444434241533 77.04279192935633 63.78356819654546 37.86301042111956 63.88840515382337 33.06611064376023 30.28253001974812 35.847163740096285 44.56667772898168
89.0449050523744 21.325371861950426 38.20967580328662 0.0 66.05526495874925 55.70782322345926 38.95470388078668 43.27006286880832 32.601966187718986 7.106089564940001 79.9322667433717 57.147244370619255 68.22578065288891 63.30934005715619 41.11370081018084 34.19322130062304 99.65791888457159 65.65389184687335 3.7655214297867365 65.73504874116284 93.48686695352687 47.456489128087675 38.58382780097334 6.520715515620889 67.34563358874037 59.19516881560561 18.45685709976021 42.58027456478964 29.881286953820943 5.690452784629573 78.0934182830936 56.24399031173754 65.51404186459257 36.74301751222988 35.39997096163879 30.891529951272823 97.49538568390403 64.12679091127688 8.882776250226373 61.08389620417026 93.37710857368157 87.67062927987384 11.041215902771286 75.78168437830215 59.36452740124554 17.890004512332183 73.90572234507854 66.25668855691805
61.762638022045294 44.84692382869701 28.374503010834246 66.05526495874925 0.0 75.80818434834572 29.267524412566413 27.522665911671346 47.05592717398861 62.41866748502503 30.692015551627403 13.613287021804858 67.07163485318793 35.05155022123784 31.449989306604465 42.23256472752066 62.704131274895936 71.39665527564442 68.61786177900507 28.868344364821258 65.0295200366711 19.728629019190127 28.147314212285018 71.16944942081906 3.79090763864282 68.69073952769752 54.96417071644972 27.913251974328997 42.701700605738246 61.2358122365838 32.015040830040995 18.36982511234547 37.95131428976381 29.474125028022993 35.21999657262281 46.26638235019095 64.25866259559173 70.82920377686203 68.94485594239364 25.304827596152933 68.66264540742671 50.03953713125268 66.22694320064109 61.872741505495405 27.636198083692246 58.30000393406007 8.501710055366095 38.72944412470495
51.7094980651128 52.97070849341859 63.42751614759202 55.70782322345926 75.80818434834572 0.0 67.41437427639634 50.56370545069242 34.35454852649855 49.08828148358374 65.99380642521564 62.19799009987314 21.742596674665474 46.21264352429469 46.75669255811819 38.303030566743416 65.83106502645583 15.144728479563158 53.64873596944936 53.229729169653204 55.2315681233642 59.37405013728864 64.04417763673034 53.11411771947772 74.14953952332222 10.817869385764054 40.81045501960467 50.523776236589455 41.48834402276796 51.89389940335052 62.635160497441234 57.53385399223455 45.31555327199027 57.00500667198224 46.27331912024333 36.482981257167374 61.463366791970245 13.870474597359852 64.58654148809566 53.20326393046457 52.35438299548142 59.40689971834374 66.3254362693946 34.84348362937804 50.33595317895402 69.26150593996512 83.768585356977 45.23229371158364
74.88197852694105 19.67935678867505 4.295788254825401 38.95470388078668 29.267524412566413 67.41437427639634 0.0 21.082652505217297 33.13102422794539 37.012603696940545 52.51178618681869 25.664170681493164 67.57446174443024 44.373584751758784 23.295537023786054 29.158104119972148 80.74637949447634 69.12486533712884 42.06681318340408 42.33908867225058 79.026795862246 16.700980581909942 3.7691535966545318 44.837209713382 31.60069035843322 64.20982257448462 33.385597424324196 20.632668074279884 26.13421542078876 35.03073751569673 52.11011671702824 27.957573224379402 47.60463105822535 10.822103947526392 21.493105566667005 31.142227833192 80.57334595991658 68.01610820667574 40.38584697750182 36.76875905464476 81.09711883223385 67.42283930608801 37.368325678619975 68.1324951907426 36.86826600753387 29.06233774508763 36.140561196316625 48.55220690047825
54.340889667190126 22.795732013399867 16.868413267176695 43.27006286880832 27.522665911671346 50.56370545069242 21.082652505217297 0.0 19.539661718552466 38.094902818811136 37.03568531157868 15.144465021847843 47.22637846528344 24.12571910019753 4.001690934958678 14.710205087439045 61.470120901067666 49.58539058401647 44.996647886491026 23.87798344096541 58.59627486653965 8.845852227287809 17.332995430155428 47.168693062693244 27.23284295298082 45.3847549170019 28.744613195215404 0.7113065980788735 15.665696585189618 37.77871024841748 35.58739634511142 13.08372591736084 27.20933622775956 11.148273837012068 8.343120802426851 18.78167583923048 60.71337666487149 48.63933590469497 48.56277084307998 18.58879800486659 60.34941402815006 48.357592819659814 46.95032260376398 47.05860278950443 17.622964656225804 41.921226676049514 36.0169136708058 28.14058961514821
56.47792936306756 20.118008591137606 29.253744549343928 32.601966187718986 47.05592717398861 34.35454852649855 33.13102422794539 19.539661718552466 0.0 25.79377106394237 50.56079566333401 34.2700468225562 38.59905131209998 31.798099569744917 15.612999035095102 4.84873194620235 67.15658938319106 38.19239981768139 32.813655495024776 35.689363490628885 60.9248581648489 27.95522218489368 29.87470456842232 34.142716707776025 46.60502595395969 32.466994423148776 14.280174253258563 19.185480788153487 7.1631068425121445 27.03776445687558 48.13584913244794 31.027716566723257 33.576981080949665 23.020033696779354 12.762168905157424 2.345690137458213 64.89951526394195 36.86563729437026 40.353432686831574 32.155420961435794 61.00607713090953 55.485451792091204 40.33395962041981 43.93948240846494 29.772519128562134 39.529365246658095 55.54387446141377 34.23403528337053
82.12578379300038 17.803455121238738 35.522842604577676 7.106089564940001 62.41866748502503 49.08828148358374 37.012603696940545 38.094902818811136 25.79377106394237 0.0 74.20927194639368 52.55075703850457 61.13344060540008 56.9589396568022 35.55616696187745 27.768639363137403 92.9442759904548 58.64839845878019 7.139761348888549 59.772176933917144 86.56186970575071 43.211470222753235 35.97906900554929 9.075581584364787 63.373576360313585 52.20495336495217 11.531127762304898 37.431212524929066 23.765535127478923 3.1677966544613483 72.21534367885269 51.174840068733054 59.038447640529526 32.952623925065765 29.932973742848002 24.216141362987056 90.67331537921261 57.12727551831109 15.79253195138765 55.33612247280593 86.37088164093488 81.12739542227101 17.237170941145987 68.70995084094527 53.456940797554424 21.73461330134056 70.5327275189348 59.752996997484296
33.703847448249086 59.83133798057684 49.52449574746399 79.9322667433717 30.692015551627403 65.99380642521564 52.51178618681869 37.03568531157868 50.56079566333401 74.20927194639368 0.0 26.875411375005758 49.71420882443518 20.470905516304818 38.82222254403024 47.06829129074371 32.166287877342974 56.04588143706088 81.29625034054726 14.905326193702418 36.14607518124291 36.227399303760606 49.662627321559754 83.21399806083427 26.906483626749573 56.10810870729114 63.622972506081 37.74608316694998 50.49899951032042 74.3183215027951 3.4548058406243896 25.092759256330798 20.727740367142612 46.44201861863896 44.54312629075816 51.23392492311724 34.228614617600954 56.1285178392068 85.5834725057044 18.874172736267074 40.531898547294 20.178849782564154 83.97111762553878 39.78222606466556 20.883490373663154 78.44443276315144 33.028810907345544 20.763536232365322
52.77626633996764 35.934486166998056 22.898035715847847 57.147244370619255 13.613287021804858 62.19799009987314 25.664170681493164 15.144465021847843 34.2700468225562 52.55075703850457 26.875411375005758 0.0 54.21308617817009 23.507072915828697 18.777579417889115 29.5491305580216 56.43370139945657 58.174929860403154 59.23362992690444 18.810372282057138 56.52560686260184 10.036335680273972 22.974307077393206 61.56778753485947 12.418828259884052 55.2255434514548 43.77312660868056 15.685408417552962 30.80565436411198 51.881604922393834 26.691903136765553 5.054275346479234 26.70065288436163 20.964566798772637 23.407595127517084 33.765322512289394 56.9732840124728 57.53838027266615 61.42960720966831 13.859327756258107 59.48076822415976 43.15253557101824 59.273171450401996 50.270790718619395 15.479988034947786 52.69525619740275 21.779441631560378 27.585631998170204
30.08281512381414 58.642386138335254 63.283519195981754 68.22578065288891 67.07163485318793 21.742596674665474 67.57446174443024 47.22637846528344 38.59905131209998 61.13344060540008 49.71420882443518 54.21308617817009 0.0 32.78828664638521 44.36510827927488 40.37607511079773 44.300273800592564 7.1823147166175 67.14462901808828 39.90900516761285 33.50280430488556 55.00019258287075 63.83797573539896 67.40311273988408 64.53112321084107 11.449466973433873 50.46836540132628 47.49487724983746 45.031608438601246 63.31539128063734 46.26030248820144 49.16123106029407 30.62947593704391 56.78332813927555 46.55341260896718 40.92108628782789 39.79889521990333 8.043606505475093 76.85033776180356 41.986936873228764 30.665761572190362 39.18174268478654 77.62601826092373 13.310441359283688 39.47341159000567 77.99080515972359 73.98072485545283 30.15933601272507
30.517819283952065 45.21479049318259 40.41629720948884 63.30934005715619 35.05155022123784 46.21264352429469 44.373584751758784 24.12571910019753 31.798099569744917 56.9589396568022 20.470905516304818 23.507072915828697 32.78828664638521 0.0 23.966318684622525 29.190316381573453 37.52646372917031 38.093392158721784 64.09300907240637 7.222816121654445 34.656388568454005 28.235166501893005 40.785924138138135 65.67885207283614 32.16523722974142 36.950105619962116 45.732193436887236 24.7565977737802 33.454716943065776 57.61919404656542 17.419884552093652 18.72709294402168 3.2939147412213488 35.232047548381374 29.270333403039768 32.9338433685211 36.58990161008359 37.85540154720588 70.04212851288558 9.824314161779878 36.85754044685605 24.702662981044107 69.09743372815424 26.902364548045124 8.108479082001764 65.31524663505338 41.4066837293674 4.234986817155822
53.52537113998205 21.48349074552575 19.00122918822808 41.11370081018084 31.449989306604465 46.75669255811819 23.295537023786054 4.001690934958678 15.612999035095102 35.55616696187745 38.82222254403024 18.777579417889115 44.36510827927488 23.966318684622525 0.0 10.816007230688959 61.49219448337991 46.34689135540353 42.57976455346679 24.90358425087951 57.861633296929924 12.790490268467682 19.534037413116902 44.61787059365164 31.02856242624869 41.915548036603184 25.640967617756417 3.8069599480236587 12.352018636832268 35.515601765966295 37.072710304486826 16.095584117571583 26.83125719326715 12.666965781810683 5.724430227672836 14.98945373724963 60.395749050503085 45.34197238424054 46.950319404280165 20.004634748121124 59.28417123332744 48.593395100447324 45.62883565038311 45.119515904561176 18.504523653286714 41.366286166564315 39.93336045250539 27.72664833397087
55.685261380850285 18.65564285517544 25.127596738440328 34.19322130062304 42.23256472752066 38.303030566743416 29.158104119972148 14.710205087439045 4.84873194620235 27.768639363137403 47.06829129074371 29.5491305580216 40.37607511079773 29.190316381573453 10.816007230688959 0.0 65.60242654518144 40.757600909899345 34.90348893610214 32.33437221839724 60.13239362736504 23.111022671782425 25.74334996065853 36.534552846946134 41.84107670804848 35.399912164578204 16.651886803597296 14.34346243678283 4.939710993132228 28.51294504926678 44.828250118325684 26.49160573299552 31.32242850314491 18.71558564601957 8.120206347838733 4.3400947565781935 63.689275440855944 39.52325158649454 41.334574148829255 28.378347255226625 60.62949094926767 53.48034274202892 40.850506397132094 44.30382981271184 26.185143770614296 38.864049450758074 50.725172563519045 32.06364636054752
14.274544223304629 82.6276473426991 77.08144889170778 99.65791888457159 62.704131274895936 65.83106502645583 80.74637949447634 61.470120901067666 67.15658938319106 92.9442759904548 32.166287877342974 56.43370139945657 44.300273800592564 37.52646372917031 61.49219448337991 65.60242654518144 0.0 51.39909416607097 99.96616791211132 38.408712931317815 11.816522245328246 64.07381740039447 77.37446502964089 101.19842658799834 58.94300239103214 55.09061018616409 81.4364265745847 62.12833611562974 70.24296287233031 94.01637536258932 30.718779058259187 53.011308237770564 34.742651570462094 72.42850062003039 66.72978377408069 68.770714256969 5.2653412176125345 52.34376208607686 106.92565850331053 43.97762302575663 16.704969032719113 13.337341612676846 106.25470146477902 31.018539402867965 44.08665006075054 102.82334918963771 65.08300992044913 33.889394855658736
37.15003121856428 58.26745171683083 64.87955464338935 65.65389184687335 71.39665527564442 15.144728479563158 69.12486533712884 49.58539058401647 38.19239981768139 58.64839845878019 56.04588143706088 58.174929860403154 7.1823147166175 38.093392158721784 46.34689135540353 40.757600909899345 51.39909416607097 0.0 64.2176048544342 45.30898477086094 40.43879031474611 57.83524565039106 65.46124018704612 64.19515776109442 69.0981389729492 6.492239136150005 48.6177235240843 49.75912819834793 45.07115109960582 61.07172199805195 52.59435816142433 53.17188841558164 36.289427605446555 58.30987542245761 47.71045347632976 40.536263586995084 46.821325346889594 1.5540266160410272 74.44088205438261 46.771328358504896 37.321633809281096 46.311056765150575 75.56102731562078 20.46477510403214 44.10032098894449 76.81548681145154 78.6662791125162 35.93124257299487
88.98052133600034 23.77093795723267 41.082180844890395 3.7655214297867365 68.61786177900507 53.64873596944936 42.06681318340408 44.996647886491026 32.813655495024776 7.139761348888549 81.29625034054726 59.23362992690444 67.14462901808828 64.09300907240637 42.57976455346679 34.90348893610214 99.96616791211132 64.2176048544342 0.0 66.89554278628212 93.4071386861179 49.71016722122794 41.48576353569796 2.845559902965534 69.75886398984555 57.73200836384397 18.535201866601057 44.32211562480314 30.89141087814133 7.394407992534942 79.32948103905028 58.05406662631651 66.15443626692341 39.17930469185982 36.91967136850568 31.30360884096841 97.62234264761207 62.67713937973729 11.377184648228095 62.42213521791693 93.0860066184798 88.22186206125097 14.205250659012766 75.25411027584734 60.57105096154852 21.619033132140274 76.58654949363897 66.8628202193943
33.96953021699778 46.33992823035237 38.71862991842824 65.73504874116284 28.868344364821258 53.229729169653204 42.33908867225058 23.87798344096541 35.689363490628885 59.772176933917144 14.905326193702418 18.810372282057138 39.90900516761285 7.222816121654445 24.90358425087951 32.33437221839724 38.408712931317815 45.30898477086094 66.89554278628212 0.0 37.72639381481719 25.667665190266096 38.99466275072976 68.7086236955414 25.717672255589687 44.128162818681425 48.96087297435524 24.577499863105764 36.00664857815616 60.07303813628894 12.493893416496155 14.759553909066112 9.412346400299262 34.40041847479301 30.58618371738307 36.435157964204336 38.457817393096875 45.078006778435416 71.841966405945 5.575240571911439 40.70039918898988 25.084126027890687 70.51800816063175 33.146579069993635 6.401759382708446 65.79876941423893 34.67807162007482 10.065965173360537
4.450783330621837 78.11063460112014 75.06841374079686 93.48686695352687 65.0295200366711 55.2315681233642 79.026795862246 58.59627486653965 60.9248581648489 86.56186970575071 36.14607518124291 56.52560686260184 33.50280430488556 34.656388568454005 57.861633296929924 60.13239362736504 11.816522245328246 40.43879031474611 93.4071386861179 37.72639381481719 0.0 62.740059714277976 75.44153843104084 94.37645541829401 61.42204143996749 44.670805769670075 75.04834196029736 59.19166243270344 64.9850561791754 87.95841698817183 33.72947339376076 52.38280148595359 31.450757163660008 69.74412194485194 62.60101188625127 62.784069551472356 6.661782036607976 41.50067076744602 101.23700176810472 42.98539933320448 5.250104016586403 16.18386918227922 100.96200764457696 20.544667980586826 42.31778616506959 98.52190342833589 68.79301778871384 30.507184254742054
58.69462682337435 26.15009066328514 13.337435045230192 47.456489128087675 19.728629019190127 59.37405013728864 16.700980581909942 8.845852227287809 27.95522218489368 43.211470222753235 36.227399303760606 10.036335680273972 55.00019258287075 28.235166501893005 12.790490268467682 23.111022671782425 64.07381740039447 57.83524565039106 49.71016722122794 25.667665190266096 62.740059714277976 0.0 13.525059332536097 52.1370337451627 20.216985137553877 53.90827213035678 35.26097737873375 8.986884598541142 23.054475211361538 42.323363263264405 35.584401044918515 11.308716911076248 31.51934255643468 10.95660140236245 15.621513807938578 26.902829022813574 64.01678467723684 56.96261241985477 51.46289907640998 20.10948522430902 65.092408120711 50.74309242444279 49.25369753099096 53.46476799764245 20.425188875516795 42.69641159737625 28.17872961142384 32.4656580263912
71.27289639013463 18.255472789258537 0.6215642362318168 38.58382780097334 28.147314212285018 64.04417763673034 3.7691535966545318 17.332995430155428 29.87470456842232 35.97906900554929 49.662627321559754 22.974307077393206 63.83797573539896 40.785924138138135 19.534037413116902 25.74334996065853 77.37446502964089 65.46124018704612 41.48576353569796 38.99466275072976 75.44153843104084 13.525059332536097 0.0 44.189880566961726 30.10965271575835 60.61267119559907 31.281899339949128 16.87349644251297 23.006596342619694 34.261723491780565 49.10141095789173 24.83341735081826 43.999546637053484 7.164378629936595 17.929310806054936 27.970322233380497 77.09672720931171 64.36753322749168 40.84026104397673 33.41946590828359 77.44682093246547 64.0689642327804 38.079629656976664 64.37263628070416 33.3883497314204 30.389893644193947 35.546988485427896 44.94582695550067
89.96522496195824 26.34219330437784 43.77639505359052 6.520715515620889 71.16944942081906 53.11411771947772 44.837209713382 47.168693062693244 34.142716707776025 9.075581584364787 83.21399806083427 61.56778753485947 67.40311273988408 65.67885207283614 44.61787059365164 36.534552846946134 101.19842658799834 64.19515776109442 2.845559902965534 68.7086236955414 94.37645541829401 52.1370337451627 44.189880566961726 0.0 72.242250572372 57.70292599421306 19.954860835003725 46.50374690682083 32.724333033254645 9.962267234143614 81.17326421844638 60.2471264955111 67.64559036689423 41.704490780029346 39.00560509169774 32.772718132609874 98.73236221026019 62.647054835665415 13.031094105212924 64.34650536140423 93.9043751209532 89.626800602165 16.260129485881876 75.92177613980894 62.421170590207424 24.200656146001773 79.18563499360833 68.33071131726241
58.217414538925944 46.03708871562295 30.270890839184542 67.34563358874037 3.79090763864282 74.14953952332222 31.60069035843322 27.23284295298082 46.60502595395969 63.373576360313585 26.906483626749573 12.418828259884052 64.53112321084107 32.16523722974142 31.02856242624869 41.84107670804848 58.94300239103214 69.0981389729492 69.75886398984555 25.717672255589687 61.42204143996749 20.216985137553877 30.10965271575835 72.242250572372 0.0 66.66123475249563 55.377455605096735 27.701065558653415 42.74731485309392 62.36447907347887 28.273487805603402 16.6533747496406 34.95158406658384 30.606020480614482 35.26477817122415 45.997275860457925 60.548692114248375 68.59403183183932 70.65965500724323 22.568206397491526 65.12843117293943 46.32730982385079 68.08537850046991 58.83956515050587 25.06857895800819 60.463786040765505 9.639727820634263 35.69438847928975
41.03529225402838 52.410450007939716 60.017310630312764 59.19516881560561 68.69073952769752 10.817869385764054 64.20982257448462 45.3847549170019 32.466994423148776 52.20495336495217 56.10810870729114 55.2255434514548 11.449466973433873 36.950105619962116 41.915548036603184 35.399912164578204 55.09061018616409 6.492239136150005 57.73200836384397 44.128162818681425 44.670805769670075 53.90827213035678 60.61267119559907 57.70292599421306 66.66123475249563 0.0 42.30942648188308 45.486233685187955 39.48732364720177 54.66077957845646 52.69917777742883 50.328216737622625 35.654399659642564 53.44884536787729 42.71760146963046 34.79489250803121 50.804042499567956 4.94605953612255 67.99570302384933 44.828974909596965 42.05601059299572 48.628941275629515 69.16603101858202 24.175136534902077 42.033726713724626 70.62627131104213 76.29372426277742 35.45996642035809
70.60956994155565 14.319425704649143 30.716832704229038 18.45685709976021 54.96417071644972 40.81045501960467 33.385597424324196 28.744613195215404 14.280174253258563 11.531127762304898 63.622972506081 43.77312660868056 50.46836540132628 45.732193436887236 25.640967617756417 16.651886803597296 81.4364265745847 48.6177235240843 18.535201866601057 48.96087297435524 75.04834196029736 35.26097737873375 31.281899339949128 19.954860835003725 55.377455605096735 42.30942648188308 0.0 28.14794465168146 13.319137032566244 13.064933437068975 61.451666596942914 41.688591607266375 47.69422666193812 26.36303950298864 20.40374140721759 12.818544348472376 79.14258213259896 47.14014994488502 26.61495905252223 44.8252490635645 74.92329032687667 69.71085096797725 27.160415752083427 57.41072070080851 42.752157121204604 28.533434472720824 63.35650069359435 48.3849197731709
54.92727676317162 22.085511135154515 16.39599348726296 42.58027456478964 27.913251974328997 50.523776236589455 20.632668074279884 0.7113065980788735 19.185480788153487 37.431212524929066 37.74608316694998 15.685408417552962 47.49487724983746 24.7565977737802 3.8069599480236587 14.34346243678283 62.12833611562974 49.75912819834793 44.32211562480314 24.577499863105764 59.19166243270344 8.986884598541142 16.87349644251297 46.50374690682083 27.701065558653415 45.486233685187955 28.14794465168146 0.0 15.122771205334448 37.09592527925301 36.29826633560677 13.743636307369002 27.82463619260248 10.565394224992406 7.745372158706321 18.35819550259684 61.346373723902595 48.79582743966805 47.854308618962925 19.296591778704016 60.910510832052545 49.02727489806879 46.23907807253346 47.49991639588481 18.31275697268957 41.22127396531164 36.412675829404655 28.75349853771444
60.54117279368947 13.759086685458353 22.385401034686968 29.881286953820943 42.701700605738246 41.48834402276796 26.13421542078876 15.665696585189618 7.1631068425121445 23.765535127478923 50.49899951032042 30.80565436411198 45.031608438601246 33.454716943065776 12.352018636832268 4.939710993132228 70.24296287233031 45.07115109960582 30.89141087814133 36.00664857815616 64.9850561791754 23.054475211361538 23.006596342619694 32.724333033254645 42.74731485309392 39.48732364720177 13.319137032566244 15.122771205334448 0.0 24.192354385319412 48.45536019948494 28.439506486972757 35.76214391550172 16.412309266953294 7.491066700796493 5.022651621550901 68.44175604487255 43.78405304418875 36.70101581692288 31.64375934840063 65.54211368764808 57.955260370094976 36.06750902337368 49.23583344773683 29.69924454568679 33.92441098771951 51.188371773292694 36.539097537239286
83.51271984434514 16.392517881236092 33.83914903654 5.690452784629573 61.2358122365838 51.89389940335052 35.03073751569673 37.77871024841748 27.03776445687558 3.1677966544613483 74.3183215027951 51.881604922393834 63.31539128063734 57.61919404656542 35.515601765966295 28.51294504926678 94.01637536258932 61.07172199805195 7.394407992534942 60.07303813628894 87.95841698817183 42.323363263264405 34.261723491780565 9.962267234143614 62.36447907347887 54.66077957845646 13.064933437068975 37.09592527925301 24.192354385319412 0.0 72.44799088540611 50.80258958602185 59.830738990631495 31.78814567933211 29.814916412107845 25.270515785798963 91.89837321142878 59.5624438912597 13.572124653869773 55.45846292996603 87.93597493681962 81.99296621204974 14.529624545124232 70.47544489852244 53.70919955166995 18.569917924806198 69.22942388378704 60.57629741383212
31.03478766125333 58.32714104245064 48.92177350260586 78.0934182830936 32.015040830040995 62.635160497441234 52.11011671702824 35.58739634511142 48.13584913244794 72.21534367885269 3.4548058406243896 26.691903136765553 46.26030248820144 17.419884552093652 37.072710304486826 44.828250118325684 30.718779058259187 52.59435816142433 79.32948103905028 12.493893416496155 33.72947339376076 35.584401044918515 49.10141095789173 81.17326421844638 28.273487805603402 52.69917777742883 61.451666596942914 36.29826633560677 48.45536019948494 72.44799088540611 0.0 24.29750487620826 17.442301872852862 45.43703643811554 42.792984169007454 48.92177350260586 32.320536633237055 52.682701388664434 83.99184383662336 17.08290886253644 37.921697441126646 18.11245587827494 82.51391345442742 36.41981983278658 18.75861566283649 77.31462658138706 35.09280873479552 17.42891456226572
48.51070046138084 35.40570888667562 24.63692361387827 56.24399031173754 18.36982511234547 57.53385399223455 27.957573224379402 13.08372591736084 31.027716566723257 51.174840068733054 25.092759256330798 5.054275346479234 49.16123106029407 18.72709294402168 16.095584117571583 26.49160573299552 53.011308237770564 53.17188841558164 58.05406662631651 14.759553909066112 52.38280148595359 11.308716911076248 24.83341735081826 60.2471264955111 16.6533747496406 50.328216737622625 41.688591607266375 13.743636307369002 28.439506486972757 50.80258958602185 24.29750487620826 0.0 21.972758554014394 21.375630434295907 21.36423273591158 30.80816203396064 53.21099883397404 52.55545104907872 61.173021320929 9.402911796256964 55.122305904016784 39.67530167196742 59.301990870129494 45.345305030026 10.62818350590267 53.40579392008812 26.242397404816334 22.88046311504157
27.277387042695914 47.88729802750619 43.621188394882495 65.51404186459257 37.95131428976381 45.31555327199027 47.60463105822535 27.20933622775956 33.576981080949665 59.038447640529526 20.727740367142612 26.70065288436163 30.62947593704391 3.2939147412213488 26.83125719326715 31.32242850314491 34.742651570462094 36.289427605446555 66.15443626692341 9.412346400299262 31.450757163660008 31.51934255643468 43.999546637053484 67.64559036689423 34.95158406658384 35.654399659642564 47.69422666193812 27.82463619260248 35.76214391550172 59.830738990631495 17.442301872852862 21.972758554014394 0.0 38.34351720421299 31.990204774896156 34.87639674004643 33.5806738643843 36.167667802699796 72.44401223832638 12.912851456714392 33.57742589677842 22.193742402934493 71.61851159717732 23.921624279043584 11.37634985297022 68.09560323183955 44.0467197282485 0.9485654693262691
65.48831194114861 15.431871609276458 6.573461696718986 36.74301751222988 29.474125028022993 57.00500667198224 10.822103947526392 11.148273837012068 23.020033696779354 32.952623925065765 46.44201861863896 20.964566798772637 56.78332813927555 35.232047548381374 12.666965781810683 18.71558564601957 72.42850062003039 58.30987542245761 39.17930469185982 34.40041847479301 69.74412194485194 10.95660140236245 7.164378629936595 41.704490780029346 30.606020480614482 53.44884536787729 26.36303950298864 10.565394224992406 16.412309266953294 31.78814567933211 45.43703643811554 21.375630434295907 38.34351720421299 0.0 10.788988267844156 21.246762297523844 71.7988716993195 57.20956499810534 40.51055388881803 28.903716815089673 71.47213975125624 59.23348992150146 38.30864045778232 57.75998670971571 28.376809321293198 32.032743961330134 37.59650708894773 39.27757147786125
58.215386536011195 15.953774237950093 17.32589412095856 35.39997096163879 35.21999657262281 46.27331912024333 21.493105566667005 8.343120802426851 12.762168905157424 29.932973742848002 44.54312629075816 23.407595127517084 46.55341260896718 29.270333403039768 5.724430227672836 8.120206347838733 66.72978377408069 47.71045347632976 36.91967136850568 30.58618371738307 62.60101188625127 15.621513807938578 17.929310806054936 39.00560509169774 35.26477817122415 42.71760146963046 20.40374140721759 7.745372158706321 7.491066700796493 29.814916412107845 42.792984169007454 21.36423273591158 31.990204774896156 10.788988267844156 0.0 11.40165656788206 65.42973885245023 46.57083508981196 41.255782688561936 25.728576917616934 63.73842681341868 53.966898838842056 40.00587664024745 48.718367869182686 24.184424334674624 36.11390085547661 43.711166391484966 32.855983781969684
58.333974043072324 17.774452421286707 27.348762457829167 30.891529951272823 46.26638235019095 36.482981257167374 31.142227833192 18.78167583923048 2.345690137458213 24.216141362987056 51.23392492311724 33.765322512289394 40.92108628782789 32.9338433685211 14.98945373724963 4.3400947565781935 68.770714256969 40.536263586995084 31.30360884096841 36.435157964204336 62.784069551472356 26.902829022813574 27.970322233380497 32.772718132609874 45.997275860457925 34.79489250803121 12.818544348472376 18.35819550259684 5.022651621550901 25.270515785798963 48.92177350260586 30.80816203396064 34.87639674004643 21.246762297523844 11.40165656788206 0.0 66.6312423909808 39.20705947963121 38.452933266272574 32.62327634287724 62.97973548483119 56.91831610404279 38.305012383420745 46.06921572081367 30.365336672994577 37.270691783584 54.767338536143804 35.57081378807959
9.771842635681919 81.19742900016517 76.76702737296291 97.49538568390403 64.25866259559173 61.463366791970245 80.57334595991658 60.71337666487149 64.89951526394195 90.67331537921261 34.228614617600954 56.9732840124728 39.79889521990333 36.58990161008359 60.395749050503085 63.689275440855944 5.2653412176125345 46.821325346889594 97.62234264761207 38.457817393096875 6.661782036607976 64.01678467723684 77.09672720931171 98.73236221026019 60.548692114248375 50.804042499567956 79.14258213259896 61.346373723902595 68.44175604487255 91.89837321142878 32.320536633237055 53.21099883397404 33.5806738643843 71.7988716993195 65.42973885245023 66.6312423909808 0.0 47.830789449476214 104.99732952789695 43.94708408111144 11.440740145047588 14.22150653509255 104.50916185566149 26.631923902485756 43.71105701151667 101.52891319001749 67.250439870233 32.674425268661146
38.12374491114902 56.91553639789514 63.78219611408742 64.12679091127688 70.82920377686203 13.870474597359852 68.01610820667574 48.63933590469497 36.86563729437026 57.12727551831109 56.1285178392068 57.53838027266615 8.043606505475093 37.85540154720588 45.34197238424054 39.52325158649454 52.34376208607686 1.5540266160410272 62.67713937973729 45.078006778435416 41.50067076744602 56.96261241985477 64.36753322749168 62.647054835665415 68.59403183183932 4.94605953612255 47.14014994488502 48.79582743966805 43.78405304418875 59.5624438912597 52.682701388664434 52.55545104907872 36.167667802699796 57.20956499810534 46.57083508981196 39.20705947963121 47.830789449476214 0.0 72.91938299311342 46.36125033201872 38.49996240674198 46.92115816759094 74.05766540003007 21.344768168055055 43.65595149132308 75.37535254701324 78.18376429374284 35.84757671759959
96.78687802718942 25.79246190738121 40.581938587713736 8.882776250226373 68.94485594239364 64.58654148809566 40.38584697750182 48.56277084307998 40.353432686831574 15.79253195138765 85.5834725057044 61.42960720966831 76.85033776180356 70.04212851288558 46.950319404280165 41.334574148829255 106.92565850331053 74.44088205438261 11.377184648228095 71.841966405945 101.23700176810472 51.46289907640998 40.84026104397673 13.031094105212924 70.65965500724323 67.99570302384933 26.61495905252223 47.854308618962925 36.70101581692288 13.572124653869773 83.99184383662336 61.173021320929 72.44401223832638 40.51055388881803 41.255782688561936 38.452933266272574 104.99732952789695 72.91938299311342 0.0 66.9089350073136 101.35011966573462 94.63615373212544 3.956844939201294 84.00491394522389 65.44020702323655 13.69372483221853 76.35209118861759 73.2313563853041
39.108704012879244 41.26048827585116 33.14444434241533 61.08389620417026 25.304827596152933 53.20326393046457 36.76875905464476 18.58879800486659 32.155420961435794 55.33612247280593 18.874172736267074 13.859327756258107 41.986936873228764 9.824314161779878 20.004634748121124 28.378347255226625 43.97762302575663 46.771328358504896 62.42213521791693 5.575240571911439 42.98539933320448 20.10948522430902 33.41946590828359 64.34650536140423 22.568206397491526 44.828974909596965 44.8252490635645 19.296591778704016 31.64375934840063 55.45846292996603 17.08290886253644 9.402911796256964 12.912851456714392 28.903716815089673 25.728576917616934 32.62327634287724 43.94708408111144 46.36125033201872 66.9089350073136 0.0 45.73492917459738 30.657000277016166 65.45199399038593 36.7266354684576 2.881725161345514 60.4727508632599 31.996573132796517 13.77304046664083
6.9249934635681045 78.93285631850401 77.04279192935633 93.37710857368157 68.66264540742671 52.35438299548142 81.09711883223385 60.34941402815006 61.00607713090953 86.37088164093488 40.531898547294 59.48076822415976 30.665761572190362 36.85754044685605 59.28417123332744 60.62949094926767 16.704969032719113 37.321633809281096 93.0860066184798 40.70039918898988 5.250104016586403 65.092408120711 77.44682093246547 93.9043751209532 65.12843117293943 42.05601059299572 74.92329032687667 60.910510832052545 65.54211368764808 87.93597493681962 37.921697441126646 55.122305904016784 33.57742589677842 71.47213975125624 63.73842681341868 62.97973548483119 11.440740145047588 38.49996240674198 101.35011966573462 45.73492917459738 0.0 20.945483325962307 101.28002635432047 18.493971550045053 44.78053045423353 99.3396544602877 72.8183693940536 32.629927301447324
14.534291490711162 69.91561147477724 63.78356819654546 87.67062927987384 50.03953713125268 59.40689971834374 67.42283930608801 48.357592819659814 55.485451792091204 81.12739542227101 20.178849782564154 43.15253557101824 39.18174268478654 24.702662981044107 48.593395100447324 53.48034274202892 13.337341612676846 46.311056765150575 88.22186206125097 25.084126027890687 16.18386918227922 50.74309242444279 64.0689642327804 89.626800602165 46.32730982385079 48.628941275629515 69.71085096797725 49.02727489806879 57.955260370094976 81.99296621204974 18.11245587827494 39.67530167196742 22.193742402934493 59.23348992150146 53.966898838842056 56.91831610404279 14.22150653509255 46.92115816759094 94.63615373212544 30.657000277016166 20.945483325962307 0.0 93.7737068637035 26.451018838714166 30.858911892196524 89.95882412395473 53.12813871123529 21.422578526873245
96.51237304700994 24.192307862329315 37.86301042111956 11.041215902771286 66.22694320064109 66.3254362693946 37.368325678619975 46.95032260376398 40.33395962041981 17.237170941145987 83.97111762553878 59.273171450401996 77.62601826092373 69.09743372815424 45.62883565038311 40.850506397132094 106.25470146477902 75.56102731562078 14.205250659012766 70.51800816063175 100.96200764457696 49.25369753099096 38.079629656976664 16.260129485881876 68.08537850046991 69.16603101858202 27.160415752083427 46.23907807253346 36.06750902337368 14.529624545124232 82.51391345442742 59.301990870129494 71.61851159717732 38.30864045778232 40.00587664024745 38.305012383420745 104.50916185566149 74.05766540003007 3.956844939201294 65.45199399038593 101.28002635432047 93.7737068637035 0.0 84.2256693658527 64.12591015235306 9.823746757946662 73.46474008867908 72.4330064858227
16.868480442045037 62.93991301440291 63.88840515382337 75.78168437830215 61.872741505495405 34.84348362937804 68.1324951907426 47.05860278950443 43.93948240846494 68.70995084094527 39.78222606466556 50.270790718619395 13.310441359283688 26.902364548045124 45.119515904561176 44.30382981271184 31.018539402867965 20.46477510403214 75.25411027584734 33.146579069993635 20.544667980586826 53.46476799764245 64.37263628070416 75.92177613980894 58.83956515050587 24.175136534902077 57.41072070080851 47.49991639588481 49.23583344773683 70.47544489852244 36.41981983278658 45.345305030026 23.921624279043584 57.75998670971571 48.718367869182686 46.06921572081367 26.631923902485756 21.344768168055055 84.00491394522389 36.7266354684576 18.493971550045053 26.451018838714166 84.2256693658527 0.0 34.794962019223725 83.1378774343636 67.79342192246892 23.150933802440054
38.30038001319136 39.95478484309574 33.06611064376023 59.36452740124554 27.636198083692246 50.33595317895402 36.86826600753387 17.622964656225804 29.772519128562134 53.456940797554424 20.883490373663154 15.479988034947786 39.47341159000567 8.108479082001764 18.504523653286714 26.185143770614296 44.08665006075054 44.10032098894449 60.57105096154852 6.401759382708446 42.31778616506959 20.425188875516795 33.3883497314204 62.421170590207424 25.06857895800819 42.033726713724626 42.752157121204604 18.31275697268957 29.69924454568679 53.70919955166995 18.75861566283649 10.62818350590267 11.37634985297022 28.376809321293198 24.184424334674624 30.365336672994577 43.71105701151667 43.65595149132308 65.44020702323655 2.881725161345514 44.78053045423353 30.858911892196524 64.12591015235306 34.794962019223725 0.0 59.51017163832393 34.582564006081185 12.297917765663158
94.10334633007709 20.418012692776518 30.28253001974812 17.890004512332183 58.30000393406007 69.26150593996512 29.06233774508763 41.921226676049514 39.529365246658095 21.73461330134056 78.44443276315144 52.69525619740275 77.99080515972359 65.31524663505338 41.366286166564315 38.864049450758074 102.82334918963771 76.81548681145154 21.619033132140274 65.79876941423893 98.52190342833589 42.69641159737625 30.389893644193947 24.200656146001773 60.463786040765505 70.62627131104213 28.533434472720824 41.22127396531164 33.92441098771951 18.569917924806198 77.31462658138706 53.40579392008812 68.09560323183955 32.032743961330134 36.11390085547661 37.270691783584 101.52891319001749 75.37535254701324 13.69372483221853 60.4727508632599 99.3396544602877 89.95882412395473 9.823746757946662 83.1378774343636 59.51017163832393 0.0 65.13764261481212 68.96654393674469
