0.0 35.04501778122041 60.78366163829618 65.0698529525311 33.00754159646445 61.412867713812325 61.30122599308711 71.79896271487374 49.11514156741615 88.90697179080483 27.527198474099656 41.991975502164344 62.76569162725717 64.3085551137983 62.621492606523226 42.79965413912692 44.54067730052338 33.61383318603093 45.57111885019293 39.847885085834164 51.960345936899145 46.731394077665854 48.57957967561751 12.747052857032104 78.76353176080946 55.93423389073645 54.68360138269957 42.56229815977881 58.301857827467806 48.52695723403234 63.84080282921405 67.75653078264263 44.618854668500674 33.81396110285789 46.198575543978144 38.38812760414751 46.52749487953425 33.525876723358614 46.5534732462583 36.54068623120063 31.512832969951113 7.11306598078732 46.67429130048414 67.64601092826766 62.41363106049461 42.86725410827643 98.88347076957125 37.74108404049155
35.04501778122041 0.0 35.028847354751804 38.646063217453104 15.145686438867594 28.70740440766579 52.375041457461556 72.8183842284533 49.148649197742444 54.73923618618065 21.65553435165224 9.297037712526357 49.42038191929961 64.26152312031684 27.678590189325202 20.875151374546796 35.570803174481405 17.25376436268809 28.088592799717095 20.16049971991232 19.203826101982084 12.090202757691875 22.91897270175589 25.87404438206073 65.59798595958308 53.710224983607496 19.651737560580088 10.358936198618425 24.07884829584466 25.02258969558184 30.287935697866033 35.903991159706806 14.635321671904917 1.2540137961433078 17.59433571679373 17.25376436268808 12.305799452357894 41.95980269810781 16.46238261272811 5.6904527846281585 3.8290517690606123 36.9801188279437 11.643450755821434 35.35637040811947 27.88007160079363 38.02810907451898 64.9851741373272 4.232750972576488
60.78366163829618 35.028847354751804 0.0 62.419472936846304 27.982417419464227 16.782889088394768 30.26328539251753 54.61611378841261 38.57652455955102 37.81365441541029 33.78350515594172 38.66123263705776 23.53708238886924 47.252701728436776 28.786606709603458 17.99995497514058 25.37140060644356 27.177519990701292 60.694043517656596 20.94097425528909 19.328138509004866 34.364765455793055 12.759880727126607 56.80756592417373 35.58690477387135 87.99768840760159 29.403684932226064 24.922119333440495 22.77037557042256 55.23422360610778 20.194078241282895 51.959432476961986 20.408876605312845 35.86572790624518 17.44488681538485 22.552411924025566 35.91835001970394 76.75167564356879 18.68702349980437 39.493694840103274 38.11121513744426 58.78384795682367 31.48861365921658 50.56496675713561 38.456408379668616 30.197049989157772 45.151920755083815 30.82822774922649
65.0698529525311 38.646063217453104 62.419472936846304 0.0 53.48323324166443 47.06699506055008 87.86785727437535 110.17915066958568 87.23867510969048 56.71941701451469 60.26265539164022 29.51926726066083 83.24405431642333 101.69318285327658 35.72840053035437 56.17490296295009 72.83718889575528 55.50106093314208 21.107339429627995 56.75172559290673 43.46266851117392 30.19912722267663 54.8282519480846 52.429620216281315 97.69099328040741 40.744950465115366 33.016196192960564 42.534464671037334 40.102887126037004 16.543171042454937 45.0667472853138 14.194445716021649 46.50804417815722 39.15622641361192 49.22497835771625 54.11705077929786 28.896073350728127 48.1851901389177 47.05147671679964 33.488589872253634 39.64970059278867 69.83510306099181 32.93790040742556 15.651984984910314 25.552512936720213 75.96047610295206 65.98910355170233 40.231187934083735
33.00754159646445 15.145686438867594 27.982417419464227 53.48323324166443 0.0 29.78892091210454 38.14399868897637 57.735624948866835 34.00441166464739 57.767870322034995 8.619955259955596 23.970862336738723 36.223712598127584 49.17804602177983 34.55533782169752 10.055877821832752 20.712311102638523 2.13391979423662 42.71997024078365 7.50572734364523 21.229423909130634 24.463196151095577 15.57468834067262 29.200376474580146 52.81558739650607 66.63076260150447 28.217656813581737 13.63152397149352 28.62769456745392 40.14858982148148 32.827800060467226 49.062614279373385 13.205306534923299 14.989771763234856 13.814415014215223 5.43108120855818 25.36030416980124 51.307768812659134 14.803310938426177 20.779420218698238 15.698716941451842 31.885735141456234 22.491723368509415 48.25546080804508 38.61496211133622 22.89761420469276 67.25909508070794 13.338381567610133
61.412867713812325 28.70740440766579 16.782889088394768 47.06699506055008 29.78892091210454 0.0 46.44423228818206 70.69495661247062 52.27337041673269 27.979025358559777 37.9896269482269 28.240644705447952 40.10667396348909 62.96155976279176 12.1084226427305 22.887412470696294 37.51610010541049 30.210635675919942 49.07932155765835 25.73458460975021 9.622053624663494 22.59060507822676 17.083199080880622 54.152670044956885 52.162407735419386 77.09824249442354 14.846976006235703 19.10250248901723 7.12565843128943 42.60479656841063 3.788991716202592 35.61524733843991 16.896845315925177 29.88511349359832 16.024960099957692 25.380777080250738 24.037587948098306 69.69772172765822 15.071944773211806 31.16003779590906 32.486821795631045 61.353735247716536 20.227871975739564 34.16582619144649 22.130634853322796 42.17726045782058 37.590251547832715 24.825728797287255
61.30122599308711 52.375041457461556 30.26328539251753 87.86785727437535 38.14399868897637 46.44423228818206 0.0 24.353046682935393 15.86557912352779 66.63090423330405 36.76537960820291 59.77900084166183 7.514840674075998 17.27902630037625 57.83380266404962 32.01481822320183 17.97016571803568 36.07782032629757 80.45652419116732 32.22485523819394 45.350610169162884 57.73698593991173 33.19393346286263 63.629352319292366 17.851367885458856 104.7074915599058 56.16920320174118 45.54061809786699 51.20384325180815 76.9454607689241 50.09494638194738 79.62103994565838 41.3727153995437 52.552352969125145 38.65609443185047 35.124171241251 59.12061412343875 87.94734458251723 40.84830968901648 58.02203423854118 53.69040110857006 56.19209714992716 54.943849592354994 78.38258233689088 66.5228741809274 18.46278316181796 72.23934741331306 49.221992108172735
71.79896271487374 72.8183842284533 54.61611378841261 110.17915066958568 57.735624948866835 70.69495661247062 24.353046682935393 0.0 24.309908806452217 90.48467665247101 53.477195873536104 81.1523223657545 31.390536098564027 8.557833089179251 81.86963008273791 54.07352148572372 37.40352163863217 55.60623004832066 100.31165086554559 53.449660179623436 68.88511740708196 80.02167280383244 56.48943190335559 77.81763947721367 29.68389739950881 122.09339021011384 79.58192691900024 67.6723212241251 75.15079489454105 97.83841817597781 74.37840394579241 102.98360596210179 63.94812121846206 72.72305553875833 61.53519358131768 56.155413113105446 81.28810561243847 102.80737532910273 63.758725283679595 78.48999803404949 73.3066583684566 65.29241269232826 77.37775792499755 101.81928629580099 90.17485664758026 34.87590482479976 95.3957896968711 70.32680145802199
49.11514156741615 49.148649197742444 38.57652455955102 87.23867510969048 34.00441166464739 52.27337041673269 15.86557912352779 24.309908806452217 0.0 76.38727540784258 29.190027082922995 57.84340026845826 21.67093995976543 15.950361374162918 62.100254527324374 32.12164653006318 15.128309005366916 31.908482521273914 76.2355332385802 30.803170479402446 48.236885847670735 57.40933739316371 36.00945818367995 53.90674533795294 33.1439987487588 97.80650267635812 58.38788301689857 45.20600560477913 55.28313350945197 74.12322423057331 56.06173098898115 81.31190720756602 42.064292290014556 48.942974307869164 40.132749342004566 33.236370262539346 58.549963494265775 78.86677310392311 42.30027669622165 54.75919650419757 49.332516626907086 43.18106824641279 54.95888775681473 80.28264178352325 69.21410662520493 11.29888004234413 83.32752247445322 47.03565714751853
88.90697179080483 54.73923618618065 37.81365441541029 56.71941701451469 57.767870322034995 27.979025358559777 66.63090423330405 90.48467665247101 76.38727540784258 0.0 65.92247196485683 51.17956463998706 59.24120189228723 83.90991456207767 27.87370193835115 50.381544581421984 62.821123748818 58.157545184594746 67.56961655212845 53.37348493097399 37.03854449382725 45.17254434930038 44.2222393856839 80.61268487936172 65.43625063174417 94.6651030781767 35.963555301131066 46.34852657384956 30.72069171591826 60.1278574675887 25.1299180381016 42.529872727749684 44.78583200728251 55.98729027154401 43.990864263163026 53.27605841167831 46.14264726688536 92.49716879555929 43.02071327419023 55.587871053908664 58.55447927898787 89.21896630644599 43.952746891243734 41.06950862769531 34.08131290298062 67.65790607522568 10.411038995243418 51.403981698274826
27.527198474099656 21.65553435165224 33.78350515594172 60.26265539164022 8.619955259955596 37.9896269482269 36.76537960820291 53.477195873536104 29.190027082922995 65.92247196485683 0.0 30.92487821054573 36.578829737990546 45.0219289929357 43.17515407712647 16.23133022063659 18.83608342832153 7.785254917377369 47.28493811011923 13.11663073345147 29.750122657222175 32.34736331178566 22.45471987194736 27.034149305848164 53.118555244678134 68.85485460823804 36.753340986344874 22.18709249148484 37.20483917599646 45.85182725321701 41.17594167445222 56.948234868130385 21.729629148783008 21.106792291785535 21.97330187765714 12.659630367942073 33.07421971332965 51.188481467531595 23.212692393782447 26.83414279938983 20.875513497436692 25.00101345959518 30.637790536121173 56.22841042731814 47.01068699395446 19.152046807822963 75.2053495326434 20.975930393738558
41.991975502164344 9.297037712526357 38.66123263705776 29.51926726066083 23.970862336738723 28.240644705447952 59.77900084166183 81.1523223657545 57.84340026845826 51.17956463998706 30.92487821054573 0.0 56.071057908683 72.61644685968425 23.307945047201287 27.769193231073185 43.75237461056662 26.00513039360279 22.044927439641192 27.804447789950796 20.053362572713066 6.042711851391818 28.054208160882446 31.16790059081187 71.70491545815942 49.518404549608256 15.276207461205201 14.567601632094158 21.994458298207473 17.25622370483864 28.656582479360292 26.878290750735808 19.16163435142037 10.030844446473507 22.239923447808106 25.02142675916002 5.076278745869961 41.83622432285074 20.40505297245294 5.459538004861908 11.306137552398553 44.8697175162185 8.013692985920617 26.447891880057227 20.565976921139587 46.60714539447361 61.5861665712119 10.834359444399064
62.76569162725717 49.42038191929961 23.53708238886924 83.24405431642333 36.223712598127584 40.10667396348909 7.514840674075998 31.390536098564027 21.67093995976543 59.24120189228723 36.578829737990546 56.071057908683 0.0 24.714909707267964 51.81303123646194 28.57029584105905 18.227106783294325 34.306359880802525 77.40449898445254 29.468055507118446 40.0706352941566 53.40624534870099 28.45904701210893 63.58739412416025 16.64821700206186 102.68192757870283 50.88580572966309 41.55516943936766 45.35349093760543 73.32722775213878 43.654029980934446 74.22101485247269 37.11847616489497 49.76467683764476 34.19363697086126 32.359596602541984 54.85927117250209 87.20419369348419 36.29795848868135 54.93091506778564 51.210281613801946 58.30001203723387 50.53736070926278 72.92124494118953 60.91453606112532 20.54707704618074 64.73325789383426 45.906529367332226
64.3085551137983 64.26152312031684 47.252701728436776 101.69318285327658 49.17804602177983 62.96155976279176 17.27902630037625 8.557833089179251 15.950361374162918 83.90991456207767 45.0219289929357 72.61644685968425 24.714909707267964 0.0 73.90389702396163 45.646494250695184 28.879339964789487 47.04850685875384 91.76703420619076 44.94670355439137 60.70758275718232 71.55948181481735 48.28390094236086 69.76045913459059 27.20044438088467 113.74333904594668 71.33867164171934 59.21345255490971 67.14215275930879 89.28217180035455 66.68765301363742 94.69179834783957 55.55854780549705 64.1652668123452 53.20822701504978 47.63331498843015 72.81125929511495 94.74196888393169 55.4305981989375 69.93247528792675 64.75575652730777 58.00824943063256 68.93818229427788 93.55049747056256 81.99553293426182 26.32560713466097 89.40415866061737 61.787673833647915
62.621492606523226 27.678590189325202 28.786606709603458 35.72840053035437 34.55533782169752 12.1084226427305 57.83380266404962 81.86963008273791 62.100254527324374 27.87370193835115 43.17515407712647 23.307945047201287 51.81303123646194 73.90389702396163 0.0 30.63493759185584 47.01184877505563 35.65050652940997 41.06744217281716 32.883154667653784 14.12995099941908 17.316268511236828 26.091382074831195 53.335792842655366 64.2618078673195 68.93654044703908 8.187539071333424 21.21850897563311 6.821198281486582 33.93701387768953 9.436111960735461 23.607725416570077 21.712582825063517 28.929385277046496 22.579280215036963 31.54858395601881 18.269734359656674 64.77499182886791 20.682002858631098 27.84551844945959 31.394575440824163 63.92219271731972 16.32865545474225 22.131159042820553 10.270444201231724 51.375700978601856 38.282597884197834 24.95268737059753
42.79965413912692 20.875151374546796 17.99995497514058 56.17490296295009 10.055877821832752 22.887412470696294 32.01481822320183 54.07352148572372 32.12164653006318 50.381544581421984 16.23133022063659 27.769193231073185 28.57029584105905 45.646494250695184 30.63493759185584 0.0 17.080390072314646 9.185844519637367 48.83741983871124 3.1181109357989154 16.511875935902875 25.979024093891532 6.277257233858539 39.19069352521373 44.738303462113386 74.41743120629768 26.280617853430073 13.644176178435067 23.956457540654654 44.970157867877 26.42342508148961 49.26209218618139 9.977104506449756 21.28324791024438 8.11885889022849 4.701780925241472 27.28929680409197 60.57684445139814 10.219217734999821 26.36061925401762 22.92660559778745 41.07257565484582 23.30545776396512 48.198808646773564 37.1164302470584 21.014677948561445 59.336983902433424 17.355089748736045
44.54067730052338 35.570803174481405 25.37140060644356 72.83718889575528 20.712311102638523 37.51610010541049 17.97016571803568 37.40352163863217 15.128309005366916 62.821123748818 18.83608342832153 43.75237461056662 18.227106783294325 28.879339964789487 47.01184877505563 17.080390072314646 0.0 18.5880306808548 63.417724837640726 16.08800810341096 33.11051856915626 42.75959070133281 20.939408432200274 45.81271180088608 34.478501744336526 86.92609249543774 43.29398312005201 30.441639594012628 40.201830097511895 60.54204491130013 41.28985844010727 66.3407002330566 27.055371957401782 35.570803174481405 25.025264210613013 18.754082140341943 43.979355283272724 69.99014511977856 27.205596857679424 41.26050839549247 36.410574216163305 40.21681639772494 40.19991902613846 65.27892723508262 54.10985259390675 4.841119295158636 70.51026282451086 32.93343079024064
33.61383318603093 17.25376436268809 27.177519990701292 55.50106093314208 2.13391979423662 30.210635675919942 36.07782032629757 55.60623004832066 31.908482521273914 58.157545184594746 7.785254917377369 26.00513039360279 34.306359880802525 47.04850685875384 35.65050652940997 9.185844519637367 18.5880306808548 0.0 44.85188912831776 6.294523711620864 22.031047704986626 26.285693671145896 15.125465347339153 30.541736083631893 50.92484844314532 68.6596148303397 29.604131133829412 15.057733984183287 29.534210780704058 42.2664147470969 33.391927092486625 50.83589387401646 14.037715782225881 17.117142087718708 14.189906954845021 4.992848476843298 27.234455075076905 53.062642029491045 15.45154936923568 22.899144226187985 17.826630406449766 32.04271640181411 24.211870229646106 49.996457808397274 40.1321019507483 20.777559674705703 67.49887703459753 15.298864396823753
45.57111885019293 28.088592799717095 60.694043517656596 21.107339429627995 42.71997024078365 49.07932155765835 80.45652419116732 100.31165086554559 76.2355332385802 67.56961655212845 47.28493811011923 22.044927439641192 77.40449898445254 91.76703420619076 41.06744217281716 48.83741983871124 63.417724837640726 44.85188912831776 0.0 48.2490465181185 41.8219104172962 26.73429616765705 49.911879357869395 32.83331938223232 93.37853463967117 28.047229546650925 34.52806735425584 36.38524227747226 42.199955326746704 7.506303283479149 48.65763543883182 29.758455860215175 41.0401789148503 27.918863231961097 44.143956796866206 45.34146931803773 25.208006587494477 27.801673619748964 42.39635285454302 22.486950869813537 27.03697806907949 51.10072389425422 29.454081061174524 30.515549714686973 33.50670941985662 65.44320238862088 77.76423137204631 31.50408609406899
39.847885085834164 20.16049971991232 20.94097425528909 56.75172559290673 7.50572734364523 25.73458460975021 32.22485523819394 53.449660179623436 30.803170479402446 53.37348493097399 13.11663073345147 27.804447789950796 29.468055507118446 44.94670355439137 32.883154667653784 3.1181109357989154 16.08800810341096 6.294523711620864 48.2490465181185 0.0 18.778450251568398 26.685454222862152 9.38224033127627 36.689557534211744 45.90466665068967 73.22346934389044 27.975529252232572 14.409445230080351 26.32596209860178 44.81670769110355 29.195030923713226 50.54418216974389 11.518804170888718 20.391913417176703 10.335478924484411 2.9128198816909783 27.89276101460151 58.64417740522459 12.217222046715225 25.797496815760763 21.74469935099794 37.99304295247457 24.170905540345068 49.5476797752249 38.79594293097686 19.53532888650233 62.39783451193127 17.071358353887305
51.960345936899145 19.203826101982084 19.328138509004866 43.46266851117392 21.229423909130634 9.622053624663494 45.350610169162884 68.88511740708196 48.236885847670735 37.03854449382725 29.750122657222175 20.053362572713066 40.0706352941566 60.70758275718232 14.12995099941908 16.511875935902875 33.11051856915626 22.031047704986626 41.8219104172962 18.778450251568398 0.0 15.172095574207782 12.429875757151628 44.5311109837993 54.23382872472649 69.54732711332328 10.833919104998712 9.494166802323441 7.576747166293301 36.02908325101123 11.910282873595396 34.27159938883466 8.02644547379821 20.35421509456591 8.453876342825723 17.618978883348554 16.725062382712746 60.671646394879915 6.657897144999861 22.15153738142534 22.94445262774314 52.20177196225344 12.373399332413053 33.034776984900475 21.29194993655771 37.359547109837735 46.92552711097758 15.236822327214895
46.731394077665854 12.090202757691875 34.364765455793055 30.19912722267663 24.463196151095577 22.59060507822676 57.73698593991173 80.02167280383244 57.40933739316371 45.17254434930038 32.34736331178566 6.042711851391818 53.40624534870099 71.55948181481735 17.316268511236828 25.979024093891532 42.75959070133281 26.285693671145896 26.73429616765705 26.685454222862152 15.172095574207782 0.0 24.966430894112165 36.519275888813155 68.49594060279581 54.63155548146262 9.237338288645248 12.349516873340685 16.09286051815998 20.876625613805583 22.751170017383696 24.625256915936646 16.37204626799784 13.210695660548343 19.215488824305154 24.17302058678897 1.5550979977315782 47.846874803660626 17.117283508534957 10.675534455704108 15.268332525226116 49.01541582819451 2.913650607790386 23.88109675391207 15.80993897495355 46.111178688799946 55.574761268083975 11.380384918842749
48.57957967561751 22.91897270175589 12.759880727126607 54.8282519480846 15.57468834067262 17.083199080880622 33.19393346286263 56.48943190335559 36.00945818367995 44.2222393856839 22.45471987194736 28.054208160882446 28.45904701210893 48.28390094236086 26.091382074831195 6.277257233858539 20.939408432200274 15.125465347339153 49.911879357869395 9.38224033127627 12.429875757151628 24.966430894112165 0.0 44.07478169161755 43.680234420200875 76.50842181317395 23.099422774074345 13.529979516579951 19.273680866961207 45.22934131211513 20.75517941225008 46.53670380629517 8.89366026861239 23.624795398892083 5.825795185857375 10.20831669721605 26.437185269024443 64.2149961059439 7.849247843859553 27.865304208448077 25.711845138578276 47.16125910881521 22.08597572867386 45.34607995655482 33.71174669069428 25.406827688182684 53.08482983298965 18.856804477566918
12.747052857032104 25.87404438206073 56.80756592417373 52.429620216281315 29.200376474580146 54.152670044956885 63.629352319292366 77.81763947721367 53.90674533795294 80.61268487936172 27.034149305848164 31.16790059081187 63.58739412416025 69.76045913459059 53.335792842655366 39.19069352521373 45.81271180088608 30.541736083631893 32.83331938223232 36.689557534211744 44.5311109837993 36.519275888813155 44.07478169161755 0.0 80.15086665764908 45.59361312661529 45.1789937396949 35.08250592077072 49.94039650191233 35.892959989768144 56.036104438762 55.83284734376827 38.17374272006984 24.627549048221212 40.40040188962025 34.49201181739199 36.04100740168221 24.990360956517257 40.179475396079646 25.893725977343898 22.059230920822927 18.560261073776367 37.02175111997752 55.84016234064688 51.72309103604533 45.4745151784428 90.85443769188524 29.39822700144444
78.76353176080946 65.59798595958308 35.58690477387135 97.69099328040741 52.81558739650607 52.162407735419386 17.851367885458856 29.68389739950881 33.1439987487588 65.43625063174417 53.118555244678134 71.70491545815942 16.64821700206186 27.20044438088467 64.2618078673195 44.738303462113386 34.478501744336526 50.92484844314532 93.37853463967117 45.90466665068967 54.23382872472649 68.49594060279581 43.680234420200875 80.15086665764908 0.0 119.10356642894068 64.77669271090011 57.14019286054334 58.35692640726006 88.9080063597178 55.2754321919074 87.54630273247427 52.554897331489954 66.02088130094764 49.50600904376184 48.76354896965115 70.00256538638298 103.85232088793153 51.47016068982819 70.99647990121218 67.58715379567522 73.88471433082806 65.58678176030281 86.14942908122478 74.0413861232747 35.948189156050255 68.59986195614343 61.91245795563546
55.93423389073645 53.710224983607496 87.99768840760159 40.744950465115366 66.63076260150447 77.09824249442354 104.7074915599058 122.09339021011384 97.80650267635812 94.6651030781767 68.85485460823804 49.518404549608256 102.68192757870283 113.74333904594668 68.93654044703908 74.41743120629768 86.92609249543774 68.6596148303397 28.047229546650925 73.22346934389044 69.54732711332328 54.63155548146262 76.50842181317395 45.59361312661529 119.10356642894068 0.0 62.57348154360307 63.19642559343831 70.24515782304405 34.9999394558417 76.70103516992553 53.81266324455976 67.83117987963067 53.17364372093066 70.92228897394207 70.34794680894171 53.13144355813047 23.10831377192408 69.39152014023512 48.65724027459692 51.51757541853024 62.91390768333712 57.25481236781347 54.98924464451038 60.70484079992218 87.97301567829246 104.62824547565454 57.66197070999493
54.68360138269957 19.651737560580088 29.403684932226064 33.016196192960564 28.217656813581737 14.846976006235703 56.16920320174118 79.58192691900024 58.38788301689857 35.963555301131066 36.753340986344874 15.276207461205201 50.88580572966309 71.33867164171934 8.187539071333424 26.280617853430073 43.29398312005201 29.604131133829412 34.52806735425584 27.975529252232572 10.833919104998712 9.237338288645248 23.099422774074345 45.1789937396949 64.77669271090011 62.57348154360307 0.0 14.586307594016144 7.761606757324853 27.83836174638546 14.131322275499107 23.45611897473624 16.459609510951918 20.893801208458125 18.272911529049797 26.118221785452576 10.339680251346332 57.005996649874994 16.089238527460488 19.666551866693556 23.308274575455567 56.274621352442274 8.15736742869566 22.247760908127578 10.838806641418282 47.28805136976197 46.358262963228235 17.266780243370352
42.56229815977881 10.358936198618425 24.922119333440495 42.534464671037334 13.63152397149352 19.10250248901723 45.54061809786699 67.6723212241251 45.20600560477913 46.34852657384956 22.18709249148484 14.567601632094158 41.55516943936766 59.21345255490971 21.21850897563311 13.644176178435067 30.441639594012628 15.057733984183287 36.38524227747226 14.409445230080351 9.494166802323441 12.349516873340685 13.529979516579951 35.08250592077072 57.14019286054334 63.19642559343831 14.586307594016144 0.0 15.910488309861694 31.804654038516464 21.291068587997724 36.23045311372255 4.662225664344537 11.370359448732714 7.769889192575414 12.061600731826918 13.645124103186529 52.315406389781046 6.235121945138762 14.582483890920075 13.867209255499711 43.112025043484294 9.763488382451406 35.28758282641346 25.08113985648744 33.92398254686718 56.33930453989094 6.143838306792636
58.301857827467806 24.07884829584466 22.77037557042256 40.102887126037004 28.62769456745392 7.12565843128943 51.20384325180815 75.15079489454105 55.28313350945197 30.72069171591826 37.20483917599646 21.994458298207473 45.35349093760543 67.14215275930879 6.821198281486582 23.956457540654654 40.201830097511895 29.534210780704058 42.199955326746704 26.32596209860178 7.576747166293301 16.09286051815998 19.273680866961207 49.94039650191233 58.35692640726006 70.24515782304405 7.761606757324853 15.910488309861694 0.0 35.589582204396116 6.663415067705874 29.190679473880135 15.496495189195583 25.319180257912524 15.990490148472169 25.190840064706183 17.444242273255167 63.7907053592385 14.232691646510208 25.564088726999557 27.90589167300099 59.02229375346392 14.07860124971871 27.805011765569397 15.699025574094058 44.59040312016866 40.91561058292284 20.68549657869192
48.52695723403234 25.02258969558184 55.23422360610778 16.543171042454937 40.14858982148148 42.60479656841063 76.9454607689241 97.83841817597781 74.12322423057331 60.1278574675887 45.85182725321701 17.25622370483864 73.32722775213878 89.28217180035455 33.93701387768953 44.970157867877 60.54204491130013 42.2664147470969 7.506303283479149 44.81670769110355 36.02908325101123 20.876625613805583 45.22934131211513 35.892959989768144 88.9080063597178 34.9999394558417 27.83836174638546 31.804654038516464 35.589582204396116 0.0 41.89223547272111 22.737511742057194 36.355484639465224 25.180264392718378 39.403820357711574 41.96708928664081 19.321646286335973 34.792917113978376 37.48028589972013 19.36969370489798 24.989449624577695 53.36712622182178 23.74570479393415 23.36404111653758 26.048895091276414 63.04397442174724 70.29508069302483 27.748084521497148
63.84080282921405 30.287935697866033 20.194078241282895 45.0667472853138 32.827800060467226 3.788991716202592 50.09494638194738 74.37840394579241 56.06173098898115 25.1299180381016 41.17594167445222 28.656582479360292 43.654029980934446 66.68765301363742 9.436111960735461 26.42342508148961 41.28985844010727 33.391927092486625 48.65763543883182 29.195030923713226 11.910282873595396 22.751170017383696 20.75517941225008 56.036104438762 55.2754321919074 76.70103516992553 14.131322275499107 21.291068587997724 6.663415067705874 41.89223547272111 0.0 33.014618742882206 19.713837798712262 31.507066183391174 19.229279719979036 28.658664665392156 24.08704392726442 70.4387942354862 18.02474361478491 32.12521015355909 34.11190104288763 64.09567130819443 20.72228223962076 31.52381716806033 19.701073227676282 45.93824727831824 35.04843432886868 26.64276280672732
67.75653078264263 35.903991159706806 51.959432476961986 14.194445716021649 49.062614279373385 35.61524733843991 79.62103994565838 102.98360596210179 81.31190720756602 42.529872727749684 56.948234868130385 26.878290750735808 74.22101485247269 94.69179834783957 23.607725416570077 49.26209218618139 66.3407002330566 50.83589387401646 29.758455860215175 50.54418216974389 34.27159938883466 24.625256915936646 46.53670380629517 55.83284734376827 87.54630273247427 53.81266324455976 23.45611897473624 36.23045311372255 29.190679473880135 22.737511742057194 33.014618742882206 0.0 39.28551703130095 36.796974987720944 41.48995098488076 48.29191970184768 23.884759623689334 57.48081889120845 39.27015340678139 32.10952551012888 38.17849704090099 71.34440575077559 26.64290439941888 1.556367092826255 13.514825363494356 70.07447258339035 51.82173224072089 35.97342147054423
44.618854668500674 14.635321671904917 20.408876605312845 46.50804417815722 13.205306534923299 16.896845315925177 41.3727153995437 63.94812121846206 42.064292290014556 44.78583200728251 21.729629148783008 19.16163435142037 37.11847616489497 55.55854780549705 21.712582825063517 9.977104506449756 27.055371957401782 14.037715782225881 41.0401789148503 11.518804170888718 8.02644547379821 16.37204626799784 8.89366026861239 38.17374272006984 52.554897331489954 67.83117987963067 16.459609510951918 4.662225664344537 15.496495189195583 36.355484639465224 19.713837798712262 39.28551703130095 0.0 15.519300850556373 3.1076640968686875 9.857460964401518 17.78266495196618 56.513558904464325 2.0057640597336475 19.187450386346192 17.86868846755064 44.462492906183954 13.572756485200253 38.228357383725125 27.287943698086234 30.888283900717084 54.48678659535909 10.421919329638811
33.81396110285789 1.2540137961433078 35.86572790624518 39.15622641361192 14.989771763234856 29.88511349359832 52.552352969125145 72.72305553875833 48.942974307869164 55.98729027154401 21.106792291785535 10.030844446473507 49.76467683764476 64.1652668123452 28.929385277046496 21.28324791024438 35.570803174481405 17.117142087718708 27.918863231961097 20.391913417176703 20.35421509456591 13.210695660548343 23.624795398892083 24.627549048221212 66.02088130094764 53.17364372093066 20.893801208458125 11.370359448732714 25.319180257912524 25.180264392718378 31.507066183391174 36.796974987720944 15.519300850556373 0.0 18.420902989897122 17.47909522259633 13.34981293738733 41.00516333608585 17.38861786457084 5.827197121072543 2.607176802242127 35.81792214409132 12.863567690621748 36.28431779300386 29.01695177601223 37.88458437133029 66.22886857195479 5.229169394382481
46.198575543978144 17.59433571679373 17.44488681538485 49.22497835771625 13.814415014215223 16.024960099957692 38.65609443185047 61.53519358131768 40.132749342004566 43.990864263163026 21.97330187765714 22.239923447808106 34.19363697086126 53.20822701504978 22.579280215036963 8.11885889022849 25.025264210613013 14.189906954845021 44.143956796866206 10.335478924484411 8.453876342825723 19.215488824305154 5.825795185857375 40.40040188962025 49.50600904376184 70.92228897394207 18.272911529049797 7.769889192575414 15.990490148472169 39.403820357711574 19.229279719979036 41.48995098488076 3.1076640968686875 18.420902989897122 0.0 9.43750591394065 20.665907019523136 59.34941424180477 2.2235340992725603 22.269900344354685 20.689229173906256 45.60359648727827 16.36005175580985 40.37075833555787 29.084754310857186 29.102691464431597 53.444851210284725 13.415897170718436
38.38812760414751 17.25376436268808 22.552411924025566 54.11705077929786 5.43108120855818 25.380777080250738 35.124171241251 56.155413113105446 33.236370262539346 53.27605841167831 12.659630367942073 25.02142675916002 32.359596602541984 47.63331498843015 31.54858395601881 4.701780925241472 18.754082140341943 4.992848476843298 45.34146931803773 2.9128198816909783 17.618978883348554 24.17302058678897 10.20831669721605 34.49201181739199 48.76354896965115 70.34794680894171 26.118221785452576 12.061600731826918 25.190840064706183 41.96708928664081 28.658664665392156 48.29191970184768 9.857460964401518 17.47909522259633 9.43750591394065 0.0 25.32478852379718 56.01154367683733 10.961590434576614 22.899144226187975 18.851064561731505 37.011217182688945 21.75840102364474 47.34196474214382 36.8689977819193 21.938177832163888 62.55081568880517 14.239868265177435
46.52749487953425 12.305799452357894 35.91835001970394 28.896073350728127 25.36030416980124 24.037587948098306 59.12061412343875 81.28810561243847 58.549963494265775 46.14264726688536 33.07421971332965 5.076278745869961 54.85927117250209 72.81125929511495 18.269734359656674 27.28929680409197 43.979355283272724 27.234455075076905 25.208006587494477 27.89276101460151 16.725062382712746 1.5550979977315782 26.437185269024443 36.04100740168221 70.00256538638298 53.13144355813047 10.339680251346332 13.645124103186529 17.444242273255167 19.321646286335973 24.08704392726442 23.884759623689334 17.78266495196618 13.34981293738733 20.665907019523136 25.32478852379718 0.0 46.66662127321236 18.589274042952866 10.149686918119677 15.220514797951546 49.0289817544305 4.448735470464554 23.22123704719535 15.887650934665036 47.2515433478122 56.552145762360176 12.115779805061427
33.525876723358614 41.95980269810781 76.75167564356879 48.1851901389177 51.307768812659134 69.69772172765822 87.94734458251723 102.80737532910273 78.86677310392311 92.49716879555929 51.188481467531595 41.83622432285074 87.20419369348419 94.74196888393169 64.77499182886791 60.57684445139814 69.99014511977856 53.062642029491045 27.801673619748964 58.64417740522459 60.671646394879915 47.846874803660626 64.2149961059439 24.990360956517257 103.85232088793153 23.10831377192408 57.005996649874994 52.315406389781046 63.7907053592385 34.792917113978376 70.4387942354862 57.48081889120845 56.513558904464325 41.00516333608585 59.34941424180477 56.01154367683733 46.66662127321236 0.0 58.39378081258001 38.56125031849492 38.66176042234559 40.62225458430856 49.716530643536316 58.15321973094999 59.27199939238014 70.10404761848183 102.8893726487227 46.189166840224146
46.5534732462583 16.46238261272811 18.68702349980437 47.05147671679964 14.803310938426177 15.071944773211806 40.84830968901648 63.758725283679595 42.30027669622165 43.02071327419023 23.212692393782447 20.40505297245294 36.29795848868135 55.4305981989375 20.682002858631098 10.219217734999821 27.205596857679424 15.45154936923568 42.39635285454302 12.217222046715225 6.657897144999861 17.117283508534957 7.849247843859553 40.179475396079646 51.47016068982819 69.39152014023512 16.089238527460488 6.235121945138762 14.232691646510208 37.48028589972013 18.02474361478491 39.27015340678139 2.0057640597336475 17.38861786457084 2.2235340992725603 10.961590434576614 18.589274042952866 58.39378081258001 0.0 20.811880355774083 19.77933122028246 46.29092538318533 14.239910753346102 38.15529176183712 26.914535601616933 31.23215352020768 52.65136776926022 12.231761737586858
36.54068623120063 5.6904527846281585 39.493694840103274 33.488589872253634 20.779420218698238 31.16003779590906 58.02203423854118 78.48999803404949 54.75919650419757 55.587871053908664 26.83414279938983 5.459538004861908 54.93091506778564 69.93247528792675 27.84551844945959 26.36061925401762 41.26050839549247 22.899144226187985 22.486950869813537 25.797496815760763 22.15153738142534 10.675534455704108 27.865304208448077 25.893725977343898 70.99647990121218 48.65724027459692 19.666551866693556 14.582483890920075 25.564088726999557 19.36969370489798 32.12521015355909 32.10952551012888 19.187450386346192 5.827197121072543 22.269900344354685 22.899144226187975 10.149686918119677 38.56125031849492 20.811880355774083 0.0 6.242546434255338 39.44043182012676 11.651880785373391 31.752757642932725 25.942845840020215 43.67617595390252 65.96147516165422 9.093614170324235
31.512832969951113 3.8290517690606123 38.11121513744426 39.64970059278867 15.698716941451842 32.486821795631045 53.69040110857006 73.3066583684566 49.332516626907086 58.55447927898787 20.875513497436692 11.306137552398553 51.210281613801946 64.75575652730777 31.394575440824163 22.92660559778745 36.410574216163305 17.826630406449766 27.03697806907949 21.74469935099794 22.94445262774314 15.268332525226116 25.711845138578276 22.059230920822927 67.58715379567522 51.51757541853024 23.308274575455567 13.867209255499711 27.90589167300099 24.989449624577695 34.11190104288763 38.17849704090099 17.86868846755064 2.607176802242127 20.689229173906256 18.851064561731505 15.220514797951546 38.66176042234559 19.77933122028246 6.242546434255338 0.0 33.80867043554433 15.205876879577252 37.75281719233195 31.05291836501801 38.43081593725236 68.80837265921762 7.758290487844648
7.11306598078732 36.9801188279437 58.78384795682367 69.83510306099181 31.885735141456234 61.353735247716536 56.19209714992716 65.29241269232826 43.18106824641279 89.21896630644599 25.00101345959518 44.8697175162185 58.30001203723387 58.00824943063256 63.92219271731972 41.07257565484582 40.21681639772494 32.04271640181411 51.10072389425422 37.99304295247457 52.20177196225344 49.01541582819451 47.16125910881521 18.560261073776367 73.88471433082806 62.91390768333712 56.274621352442274 43.112025043484294 59.02229375346392 53.36712622182178 64.09567130819443 71.34440575077559 44.462492906183954 35.81792214409132 45.60359648727827 37.011217182688945 49.0289817544305 40.62225458430856 46.29092538318533 39.44043182012676 33.80867043554433 0.0 48.54475713352342 71.09625906772443 64.82512325416243 37.964409674056014 98.94149338883786 39.023774351464404
46.67429130048414 11.643450755821434 31.48861365921658 32.93790040742556 22.491723368509415 20.227871975739564 54.943849592354994 77.37775792499755 54.95888775681473 43.952746891243734 30.637790536121173 8.013692985920617 50.53736070926278 68.93818229427788 16.32865545474225 23.30545776396512 40.19991902613846 24.211870229646106 29.454081061174524 24.170905540345068 12.373399332413053 2.913650607790386 22.08597572867386 37.02175111997752 65.58678176030281 57.25481236781347 8.15736742869566 9.763488382451406 14.07860124971871 23.74570479393415 20.72228223962076 26.64290439941888 13.572756485200253 12.863567690621748 16.36005175580985 21.75840102364474 4.448735470464554 49.716530643536316 14.239910753346102 11.651880785373391 15.205876879577252 48.54475713352342 0.0 25.78474491770601 16.62994304699084 43.67037737606322 54.317355325668125 9.940897624896124
67.64601092826766 35.35637040811947 50.56496675713561 15.651984984910314 48.25546080804508 34.16582619144649 78.38258233689088 101.81928629580099 80.28264178352325 41.06950862769531 56.22841042731814 26.447891880057227 72.92124494118953 93.55049747056256 22.131159042820553 48.198808646773564 65.27892723508262 49.996457808397274 30.515549714686973 49.5476797752249 33.034776984900475 23.88109675391207 45.34607995655482 55.84016234064688 86.14942908122478 54.98924464451038 22.247760908127578 35.28758282641346 27.805011765569397 23.36404111653758 31.52381716806033 1.556367092826255 38.228357383725125 36.28431779300386 40.37075833555787 47.34196474214382 23.22123704719535 58.15321973094999 38.15529176183712 31.752757642932725 37.75281719233195 71.09625906772443 25.78474491770601 0.0 12.108616760519721 69.0650492632969 50.42260044221294 35.256861264372326
62.41363106049461 27.88007160079363 38.456408379668616 25.552512936720213 38.61496211133622 22.130634853322796 66.5228741809274 90.17485664758026 69.21410662520493 34.08131290298062 47.01068699395446 20.565976921139587 60.91453606112532 81.99553293426182 10.270444201231724 37.1164302470584 54.10985259390675 40.1321019507483 33.50670941985662 38.79594293097686 21.29194993655771 15.80993897495355 33.71174669069428 51.72309103604533 74.0413861232747 60.70484079992218 10.838806641418282 25.08113985648744 15.699025574094058 26.048895091276414 19.701073227676282 13.514825363494356 27.287943698086234 29.01695177601223 29.084754310857186 36.8689977819193 15.887650934665036 59.27199939238014 26.914535601616933 25.942845840020215 31.05291836501801 64.82512325416243 16.62994304699084 12.108616760519721 0.0 58.12619272886818 44.25844395972504 26.56922119232209
42.86725410827643 38.02810907451898 30.197049989157772 75.96047610295206 22.89761420469276 42.17726045782058 18.46278316181796 34.87590482479976 11.29888004234413 67.65790607522568 19.152046807822963 46.60714539447361 20.54707704618074 26.32560713466097 51.375700978601856 21.014677948561445 4.841119295158636 20.777559674705703 65.44320238862088 19.53532888650233 37.359547109837735 46.111178688799946 25.406827688182684 45.4745151784428 35.948189156050255 87.97301567829246 47.28805136976197 33.92398254686718 44.59040312016866 63.04397442174724 45.93824727831824 70.07447258339035 30.888283900717084 37.88458437133029 29.102691464431597 21.938177832163888 47.2515433478122 70.10404761848183 31.23215352020768 43.67617595390252 38.43081593725236 37.964409674056014 43.67037737606322 69.0650492632969 58.12619272886818 0.0 75.34279470237584 35.784261911886574
