0.0 28.325882950670486 52.698087652501286 18.907434721752463 51.145440835860974 48.956333610198485 40.016028363961695 18.837378514142102 49.317736849624644 38.97645089596886 30.136076191738773 54.76475983706665 30.89812836387408 46.17444879603848 7.755872652290296 39.77285493993387 37.88782070623998 22.57793438894072 12.984474998970247 15.244701440998028 1.2520809322722268 36.73205377124194 37.47742772876925 22.10372614857146 55.457132359556645 52.323224773827654 34.05200289716525 19.5297811091336 46.053765863721985 36.457668257240094 28.714870121574357 62.42169127553427 29.98284141899847 48.112987927069675 8.950256115009426 43.77407893081873 26.69650253026253 22.644714448142587 12.940060781883052 17.254920530366615 13.91003393000321 9.327370972261606 1.5542212429241928 27.55755624125738 32.03348856923847 22.839640053882402 47.278919292547386 25.76000736922726 23.371695707239603
28.325882950670486 0.0 68.41995885410829 9.423830478593363 56.93977719074039 57.995197136912154 34.28479963375305 10.251822714687929 38.31767026452457 39.16011343302092 54.02492942136071 55.78148555039885 32.622255895110726 29.009850426331994 25.51273824218322 19.81888861409305 47.385738978573045 50.89790272525912 37.2183090301315 13.951658447274234 29.57237037018431 27.90064693139211 57.661237177569745 6.265236722970234 60.75281863761892 62.194689209504496 32.66653557451319 8.799281742405931 35.83212420906757 36.43036759131852 52.60894342247582 64.51355707422374 31.06979152961428 28.62810266377044 23.772913028022526 22.913696128086215 44.97012515026077 50.74811573491159 33.84425731822071 12.243713753031297 38.06719740290525 32.47961247391054 27.879626906301887 2.2239421348560877 41.52663266084207 33.057978102555474 31.605853755344935 13.531347951123125 17.00577018871665
52.698087652501286 68.41995885410829 0.0 62.004089041591726 102.5403408660098 16.54833856379881 92.28413458742604 59.542928843250905 100.82245885451047 91.67261487047054 27.748147504855993 107.14552565181441 83.58806607835812 60.27224557845321 60.40163585766891 86.88458174307651 22.273101122232234 48.38525146004203 60.928434220963375 56.922109056142396 52.137757943649774 48.6378481916006 17.118170631026707 63.731062599492944 106.78766486508576 13.98848997979718 86.63760194343682 62.44128653366134 97.6376999059397 89.15054011749365 28.515284047854543 114.39318507553766 82.63394068937342 64.29711473938188 61.30989214133196 90.5524489347941 26.036598626979398 44.830036847565665 63.67544105664824 57.708603209204206 61.43238926096551 43.390642531296166 54.249555247888125 69.3323772428248 27.239328308208147 35.44299058456866 58.38295721748503 74.32678621215365 73.6478853179369
18.907434721752463 9.423830478593363 62.004089041591726 0.0 53.687967672478734 53.27748212504829 34.007957824548306 2.913416644909283 40.381847997638516 37.008940796906586 45.39777333115089 54.07360310550858 29.402852748501402 32.837636754028644 16.73159868517524 24.89768021083877 42.170072192024726 41.47520585594255 28.428077771514893 5.228459987972246 20.152367327532136 27.854730047956163 49.915912230448114 3.2120654475338704 57.76696408246253 57.33361523083612 30.586183717381655 0.626402938939883 37.45555105600578 34.16548085069763 43.96354032761095 62.67195793111749 27.915880459931987 33.54633438039721 15.147494267389503 28.640534248431596 37.35861693732392 41.34237755827407 25.469531559553285 4.351214824996794 29.31597994321843 23.460366025603744 18.501949230160243 8.882608370712155 36.021616185658395 26.70493909289791 34.87293697216768 13.086312918383225 14.280976730822392
51.145440835860974 56.93977719074039 102.5403408660098 53.687967672478734 0.0 100.10174647055025 25.460484170485994 56.36783505724615 30.867932685056882 18.194275924311412 76.358467316679 9.368443271029262 24.442087290289077 85.71223759935616 44.25822516366101 45.60154686370341 88.99757075661483 57.76329195607696 41.64577809353366 55.82965063137886 51.35662329268111 81.439646105344 86.00110192147316 55.07487598113913 4.31221974395548 103.43617795077414 24.435064059083597 53.81389095472546 29.982103401218676 20.694028613052392 75.20388487234027 12.406213755512049 25.9821587407053 85.5650116263542 44.140365600544335 46.97119527828708 77.14977496358618 60.82149488869165 38.98519028839651 56.77240191397453 41.19817850871051 60.211339750769206 49.64376029426982 54.72133540576787 83.04148004472006 73.52953362385674 88.0808977645291 43.4141949309855 40.1802887855514
48.956333610198485 57.995197136912154 16.54833856379881 53.27748212504829 100.10174647055025 0.0 86.08869777384977 50.50769408992374 93.51304002703367 86.92145282677541 33.165774449455995 103.36962184340618 78.71311251391451 45.11844126237607 56.06166700583544 77.46710583925099 11.326096418504656 52.03661779085195 59.76300264261876 48.67980458049067 48.77757507924203 34.48192672749944 23.928742206747092 54.315598617216686 104.4134652922261 4.261387590199476 81.21881182630432 53.59346689057697 90.48391969020223 84.20421146311354 33.22057186834098 111.2591809558217 77.53860293437096 49.16323455603418 56.49481789101822 80.83033995198471 24.48007870268552 48.64677745926535 61.43377759144061 48.9457517618155 60.46433361280184 40.012606966214996 50.460553490906165 59.30145105797902 17.541426262964293 27.30586289755997 42.93911541277566 66.27237849003409 66.49609806160471
40.016028363961695 34.28479963375305 92.28413458742604 34.007957824548306 25.460484170485994 86.08869777384977 0.0 36.919885139515046 10.544498850808882 8.250836445518747 69.76021673605328 21.924350385276036 10.81497985279265 63.205561722282575 32.28374702975868 20.183274471525156 74.77448119330172 56.001201091604536 36.947909121671394 37.794842143058204 40.8045535641063 61.28753029572513 77.49031147011618 34.28479963375307 28.456331543255104 89.934581740018 6.830391381874831 33.89916834199876 7.58180069978333 7.481755308872709 68.38114230611455 30.602438652285976 10.918173107971871 62.44002350788881 31.12754318157184 21.561976897196082 66.28760419240659 57.9952889743461 32.52747057298694 38.00513413305979 37.09785966465879 49.10040811843762 38.51403308103106 32.105790771290906 68.55011648217975 58.80203703646312 65.87030249068692 21.375489313124067 19.840137951237054
18.837378514142102 10.251822714687929 59.542928843250905 2.913416644909283 56.36783505724615 50.50769408992374 36.919885139515046 0.0 43.244341755971014 39.838048807958 43.82700440550715 56.90792746110756 32.16057325066702 30.65975827819818 17.864589935486833 27.35777752043818 39.44964136980025 41.212289318202274 29.37228405821871 3.7613165839173113 20.04847525612741 25.09359030911063 47.86789362437464 4.323533082227639 60.47331117045105 54.58591893071648 33.43723382536143 3.109026617034146 40.33605838165804 36.9932017992249 42.405143956636785 65.4873789354341 30.68794996218823 31.622793477697975 16.460723772973104 31.011678311571018 35.23432856316005 40.8309381690508 26.771266352628057 2.010849159743265 30.286924917780432 22.23779054671254 18.669461189650214 10.32153455405541 33.33202081081993 24.148712691054627 32.5583173930092 15.963398671247603 17.17416049886722
49.317736849624644 38.31767026452457 100.82245885451047 40.381847997638516 30.867932685056882 93.51304002703367 10.544498850808882 43.244341755971014 0.0 17.363069252373478 79.35694514966764 24.320616461743644 21.35021919024656 66.16334943109985 41.713443623050985 20.00375236589211 82.28931079240262 66.34894620633544 47.29491289583351 44.833238182815414 50.207081497395585 66.1759044812753 86.61561628819416 39.9070021131421 32.730341817787604 97.49477113202155 17.36047559430327 40.13580965893493 3.2725842835995476 17.601340600316647 77.95448836115007 31.97900528054732 21.35379180454366 64.77725193562418 40.3678517700637 19.321818289603375 75.00224443234272 68.23346504320986 42.81228303687609 44.65185532440977 47.48743595342541 58.12412583579103 47.87013934098852 36.34290274445062 76.07843961127655 66.45911308394673 69.04215478820922 27.299065213671064 27.22089995186962
38.97645089596886 39.16011343302092 91.67261487047054 37.008940796906586 18.194275924311412 86.92145282677541 8.250836445518747 39.838048807958 17.363069252373478 0.0 67.61032384270173 17.07135835388872 8.208935314022366 68.12257611541835 31.311924743156712 27.716973408830125 75.61312347390353 52.0303928224707 33.31419525056965 39.95497361545314 39.54992540811622 64.83764061295577 76.11071043425177 37.950898689531066 21.71696884822049 90.58019037491168 6.520994965608863 37.03517117597225 15.039159044899915 2.8452263923140793 66.29147372130319 25.674049704473596 9.432728553560523 67.75386288250738 30.579313952535674 29.514910635729084 65.66880414497162 54.39803952052456 29.29166182147422 40.56365128344772 33.26611188369261 48.29578685079121 37.42404030396125 36.93636599814678 69.44829298487767 59.69688612072126 70.61327084196691 25.661526945847964 22.89740361088763
30.136076191738773 54.02492942136071 27.748147504855993 45.39777333115089 76.358467316679 33.165774449455995 69.76021673605328 43.82700440550715 79.35694514966764 67.61032384270173 0.0 81.85714462714526 59.940434550071174 58.61970256928389 37.64457972326937 69.1501182993512 26.91645714623724 20.637434852221737 34.95468553831539 40.28113832740707 29.179651363979282 45.9987438986759 10.688194383051027 48.07838987214949 80.51018668713581 34.41417487977598 63.45145103915386 45.98013823904634 76.08605697849893 65.36754748835179 1.4455892361681641 88.52258179290934 59.26227774902576 62.053251713844276 39.04458742532542 73.11250731284358 12.95941038734069 17.082899987841127 38.45005617608977 41.8175456305959 35.2842901560638 22.210782591616148 31.530591322813404 54.104609146483995 25.509306387995164 25.433907041613725 58.07368171807868 55.32239319605371 53.37639684537856
54.76475983706665 55.78148555039885 107.14552565181441 54.07360310550858 9.368443271029262 103.36962184340618 21.924350385276036 56.90792746110756 24.320616461743644 17.07135835388872 81.85714462714526 0.0 25.018678964983078 84.79073779165714 47.355083989730694 41.68843016372253 92.10764433598506 64.28513690690903 46.90502749736071 56.98945737216547 55.17246269207881 81.8859293312096 91.03176534689709 54.94331199682185 9.093935549953928 106.91617854685028 23.50576264181213 54.09147485204967 24.278080986251844 19.9165847462028 80.62368870815564 8.733735390343769 26.383869665966962 84.2030894957335 46.876160645947685 42.32627464285773 81.33684183716127 67.12664923974947 43.59533187450404 57.629266448921065 46.60960157807997 64.05659999131761 53.21750353585969 53.568249106816864 85.9983957210312 76.2965703857704 87.36328922422746 42.42371432460631 39.910442215767716
30.89812836387408 32.622255895110726 83.58806607835812 29.402852748501402 24.442087290289077 78.71311251391451 10.81497985279265 32.16057325066702 21.35021919024656 8.208935314022366 59.940434550071174 25.018678964983078 0.0 61.279463513444526 23.189430233690658 24.91730077521944 67.40589960260553 45.34033546497806 26.32931655939779 32.01488178258978 31.521408428262074 57.24810576349129 68.19123899345041 30.653216056873934 28.423336154744423 82.37203737575948 3.9901506759969405 29.488783048310616 18.294333442050444 5.5643983488873685 58.595809574886516 33.43713253185201 1.5524723473764563 61.20799970670712 22.39712058014977 27.657244080687992 57.56445419016118 47.4541065393404 22.023011124001624 32.74391206197935 26.422450786520496 40.19761332667931 29.350432460228966 30.417273143433892 61.2439340040851 51.49582757377461 63.63881061768757 19.169733907356115 15.746251960888396
46.17444879603848 29.009850426331994 60.27224557845321 32.837636754028644 85.71223759935616 45.11844126237607 63.205561722282575 30.65975827819818 66.16334943109985 68.12257611541835 58.61970256928389 84.79073779165714 61.279463513444526 0.0 47.88345163261945 46.34123342729417 38.45000563971183 65.35173727137884 58.61215873609773 32.7567425983073 47.10662271205989 12.704478144617752 56.82788147901126 30.85979949842299 89.61424381914168 49.16026247966242 61.61120358296923 32.55338455678548 64.02983124650363 65.36478514707059 57.53563622753561 93.52314972054357 59.73459807734727 4.045742835178747 46.74515497420949 48.15448657867474 45.96716671368611 63.66981177027111 56.785594453851175 31.08175221956103 59.55764299079359 44.0940668778584 46.6951004345565 31.225749761408697 35.365974859279135 33.27523381141743 3.113027423161948 42.46116830192619 45.533950941580734
7.755872652290296 25.51273824218322 60.40163585766891 16.73159868517524 44.25822516366101 56.06166700583544 32.28374702975868 17.864589935486833 41.713443623050985 31.311924743156712 37.64457972326937 47.355083989730694 23.189430233690658 47.88345163261945 0.0 33.56320102961077 44.851925929994835 27.348174831906412 11.72657036927454 15.15978832329015 8.524870633646676 40.04400695347207 45.224603053139305 19.811099067301722 48.563680969865175 59.565671020815614 26.298172170254727 17.27268198845643 38.44322173687801 28.753420412857068 36.24105576537047 55.20043174053404 22.24240421664598 49.23310905406757 1.874857888506133 37.54278435610982 34.37508824809631 28.22564180528684 8.9426548789544 16.961110474191706 12.59875339670202 17.011781376278808 6.2346854398849825 24.213895104370675 38.82443528437283 29.27135838791556 49.431338745885505 19.688034056965865 16.6164570170091
39.77285493993387 19.81888861409305 86.88458174307651 24.89768021083877 45.60154686370341 77.46710583925099 20.183274471525156 27.35777752043818 20.00375236589211 27.716973408830125 69.1501182993512 41.68843016372253 24.91730077521944 46.34123342729417 33.56320102961077 0.0 66.60809664528655 60.86056155497778 43.18888794558218 30.05377964392889 40.93359657937736 47.47716212958123 74.56142717365515 23.26436808934027 48.63474539928293 81.62032608391169 22.547411456430254 24.446522243958288 18.307911890924057 25.75425921846484 67.70460152938465 50.16182886851958 23.705059355894964 44.81670600077531 31.75568116854081 4.001690934958678 62.128742043438 61.77531789103658 38.72698235165341 29.176064033191278 43.75436861060387 46.94641923808838 38.668172503565046 18.240779583388825 60.572190069695985 51.506125056714225 49.276416961821525 14.01659658340404 17.079703702316863
37.88782070623998 47.385738978573045 22.273101122232234 42.170072192024726 88.99757075661483 11.326096418504656 74.77448119330172 39.44964136980025 82.28931079240262 75.61312347390353 26.91645714623724 92.10764433598506 67.40589960260553 38.45000563971183 44.851925929994835 66.60809664528655 0.0 43.4363933113586 49.14445030152768 37.47041682866488 37.78317522865036 26.45436761976233 20.504660072705306 43.36904662178963 93.3096565089964 15.205991194515784 69.89411791480293 42.51158093938529 79.2399139272756 72.88986533295252 26.523358152827758 100.04843303763239 66.22335181117789 42.42443391097295 45.23363215219016 70.06725036519818 15.493161791927914 40.26706211846328 50.537912841308334 37.82355189786183 49.890435014905144 29.163570521225328 39.368938426747214 48.5604921208618 6.226641288799394 15.98108971676359 36.83563875544086 55.09710908867157 55.21809620822963
22.57793438894072 50.89790272525912 48.38525146004203 41.47520585594255 57.76329195607696 52.03661779085195 56.001201091604536 41.212289318202274 66.34894620633544 52.0303928224707 20.637434852221737 64.28513690690903 45.34033546497806 65.35173727137884 27.348174831906412 60.86056155497778 43.4363933113586 0.0 19.057520785049014 37.50444701736908 21.328733983968284 53.98850203728215 31.297490315461953 44.66155873828004 61.73216201980301 53.98161030106041 49.233830316470794 42.099024772887596 63.13810424673547 50.261901227845975 19.926467032199536 70.13814762545961 45.083607829868576 67.96542388574794 29.194930019869364 64.82112643463657 27.99085441466212 3.5565329903929532 23.551737915868014 39.4827988061059 18.918134259457723 21.27395490584612 23.15451684912998 50.12346087831476 39.6797212210106 34.41587793758235 65.7786042140573 47.036074539219726 43.811446946677584
12.984474998970247 37.2183090301315 60.928434220963375 28.428077771514893 41.64577809353366 59.76300264261876 36.947909121671394 29.37228405821871 47.29491289583351 33.31419525056965 34.95468553831539 46.90502749736071 26.32931655939779 58.61215873609773 11.72657036927454 43.18888794558218 49.14445030152768 19.057520785049014 0.0 26.338465638704857 12.431042779023604 49.644643940796094 44.365561831102426 31.53077317558576 45.87337878926872 62.74983998145055 30.195065782908273 28.979676903113276 44.089756838422815 31.381441481514187 33.73322636358181 53.66206940215627 26.03226679913915 60.26637801340417 13.446429460849544 47.04013422425113 35.917440636725686 21.14064799378812 4.593728419309181 28.259149202490207 0.9462505037344849 20.073272844214042 12.100658595121674 35.857511134443804 43.6793904721371 35.10219027153761 59.90161375346328 29.996568584633124 26.21951073758677
15.244701440998028 13.951658447274234 56.922109056142396 5.228459987972246 55.82965063137886 48.67980458049067 37.794842143058204 3.7613165839173113 44.833238182815414 39.95497361545314 40.28113832740707 56.98945737216547 32.01488178258978 32.7567425983073 15.15978832329015 30.05377964392889 37.47041682866488 37.50444701736908 26.338465638704857 0.0 16.434007586689862 25.83929469505869 44.68768049139003 7.817345937642909 60.01123983148361 52.671695831510014 33.715589186649474 5.764290252053906 41.81334043338948 37.11918707053098 38.852063945981904 65.45200318887308 30.611656996324886 34.07959718199143 13.99052711227102 33.83159258429574 32.138518338310966 37.081188347387126 24.09566637758875 2.0108491597433478 27.269402961976493 18.532890055123207 15.19400368349197 13.83187701080722 31.273228232953063 21.77554258313416 34.403822789047965 17.640606635641085 17.975424492979275
1.2520809322722268 29.57237037018431 52.137757943649774 20.152367327532136 51.35662329268111 48.77757507924203 40.8045535641063 20.04847525612741 50.207081497395585 39.54992540811622 29.179651363979282 55.17246269207881 31.521408428262074 47.10662271205989 8.524870633646676 40.93359657937736 37.78317522865036 21.328733983968284 12.431042779023604 16.434007586689862 0.0 37.47742772876931 36.73205377124189 23.34642086238083 55.665600082136734 52.07963643031232 34.75287108543879 20.77517179817871 46.939303792004864 37.07060319957305 27.766431099952026 62.74199418531466 30.650409073873657 49.10460803707495 9.865185530163709 44.935252358089805 26.18926309822764 21.398175446878206 12.818761923739375 18.442493388425394 13.336545432032429 8.896244493505105 2.3558027363741183 28.80934978747466 32.0087969135394 22.97735165204963 48.15758018647184 26.917518994198467 24.449956937791473
36.73205377124194 27.90064693139211 48.6378481916006 27.854730047956163 81.439646105344 34.48192672749944 61.28753029572513 25.09359030911063 66.1759044812753 64.83764061295577 45.9987438986759 81.8859293312096 57.24810576349129 12.704478144617752 40.04400695347207 47.47716212958123 26.45436761976233 53.98850203728215 49.644643940796094 25.83929469505869 37.47742772876931 0.0 44.177346417421774 27.036964033763503 85.56019978757138 38.6944288139871 58.38088893679808 27.805011765569397 63.6003736881102 61.99749346371175 44.9444706471242 90.50999566041028 55.76758628517532 16.408811558219508 39.28329371165239 50.15650442592649 33.28253249846131 52.025501456240015 48.584552378325256 24.70246635190672 50.58347925443972 32.99974298012858 37.54505047098903 29.833396641950518 22.82634563190068 20.799718826407386 12.141283855855747 39.912227894584966 41.98585242971258
37.47742772876925 57.661237177569745 17.118170631026707 49.915912230448114 86.00110192147316 23.928742206747092 77.49031147011618 47.86789362437464 86.61561628819416 76.11071043425177 10.688194383051027 91.03176534689709 68.19123899345041 56.82788147901126 45.224603053139305 74.56142717365515 20.504660072705306 31.297490315461953 44.365561831102426 44.68768049139003 36.73205377124189 44.177346417421774 0.0 52.190212358759425 90.21038414785565 24.494284591237324 71.4829372492026 50.43982563658975 83.3700720293216 73.71465028239624 11.398337266316336 98.01324818474421 67.36606217223027 60.58576236790625 46.37426616941069 78.42263985612225 12.697739286243737 27.740957325068994 47.436433838185486 45.890993092844354 44.8036215757431 28.491650617872207 38.989944526542324 58.1344050567877 21.569624583861845 25.597811312467115 55.73249678325033 61.191365333146585 59.8512483189627
22.10372614857146 6.265236722970234 63.731062599492944 3.2120654475338704 55.07487598113913 54.315598617216686 34.28479963375307 4.323533082227639 39.9070021131421 37.950898689531066 48.07838987214949 54.94331199682185 30.653216056873934 30.85979949842299 19.811099067301722 23.26436808934027 43.36904662178963 44.66155873828004 31.53077317558576 7.817345937642909 23.34642086238083 27.036964033763503 52.190212358759425 0.0 59.07607377553681 58.43664395770291 31.452549426836917 2.6048527644553423 37.11117774115247 35.1262735187952 46.65214339262293 63.610253038418186 29.128705881774923 31.268678196211813 18.172059768926257 26.838042011813027 39.55186829276517 44.48431503012995 28.44805668955798 6.317825565487209 32.40919394955682 26.32949950525287 21.713018312237214 6.027462731897008 37.31129645130887 28.29824916042665 33.07470466274852 12.940271047241719 15.054751657475279
55.457132359556645 60.75281863761892 106.78766486508576 57.76696408246253 4.31221974395548 104.4134652922261 28.456331543255104 60.47331117045105 32.730341817787604 21.71696884822049 80.51018668713581 9.093935549953928 28.423336154744423 89.61424381914168 48.563680969865175 48.63474539928293 93.3096565089964 61.73216201980301 45.87337878926872 60.01123983148361 55.665600082136734 85.56019978757138 90.21038414785565 59.07607377553681 0.0 107.74480823143062 28.119917333439453 57.87720235514672 32.23006062021194 24.353953940228447 79.36849299605063 8.850383126375748 29.948381904132994 89.3781454512255 48.432553562860164 49.75060323549284 81.4361804054557 64.83756320443925 43.271568973047614 60.91980878640409 45.408802097220494 64.5172915876811 53.95584184001691 58.53026738770225 87.35195329461874 77.83496637476206 92.0231653078058 47.22213762861916 44.11494006478525
52.323224773827654 62.194689209504496 13.98848997979718 57.33361523083612 103.43617795077414 4.261387590199476 89.934581740018 54.58591893071648 97.49477113202155 90.58019037491168 34.41417487977598 106.91617854685028 82.37203737575948 49.16026247966242 59.565671020815614 81.62032608391169 15.205991194515784 53.98161030106041 62.74983998145055 52.671695831510014 52.07963643031232 38.6944288139871 24.494284591237324 58.43664395770291 107.74480823143062 0.0 84.95721005491765 57.66207170250718 94.44570397226576 87.88470464265554 34.6409587107939 114.72044784132149 81.22539716848374 53.20108979581106 60.07295838663657 85.00736502479745 27.037048378486965 50.52121497093191 64.62093717231451 52.99299118991971 63.41880047063605 43.23930819000624 53.84531030534979 63.47752399961074 21.42485354737576 31.13609857643289 46.91210585675679 70.2910696377426 70.41751702083235
34.05200289716525 32.66653557451319 86.63760194343682 30.586183717381655 24.435064059083597 81.21881182630432 6.830391381874831 33.43723382536143 17.36047559430327 6.520994965608863 63.45145103915386 23.50576264181213 3.9901506759969405 61.61120358296923 26.298172170254727 22.547411456430254 69.89411791480293 49.233830316470794 30.195065782908273 33.715589186649474 34.75287108543879 58.38088893679808 71.4829372492026 31.452549426836917 28.119917333439453 84.95721005491765 0.0 30.59254415564987 14.309669976195387 3.767092183090015 62.090861995586714 32.15782326080242 4.213086694131068 61.277240826392024 25.328113827334196 24.909890909250848 60.60130560277189 51.28858451207104 25.82477461180955 34.233858811543826 30.318950170352224 43.28147933622675 32.51981445813219 30.4426111300471 63.69638265658644 53.927164983954725 64.09447454558094 19.153305904227633 16.40736954869436
19.5297811091336 8.799281742405931 62.44128653366134 0.626402938939883 53.81389095472546 53.59346689057697 33.89916834199876 3.109026617034146 40.13580965893493 37.03517117597225 45.98013823904634 54.09147485204967 29.488783048310616 32.55338455678548 17.27268198845643 24.446522243958288 42.51158093938529 42.099024772887596 28.979676903113276 5.764290252053906 20.77517179817871 27.805011765569397 50.43982563658975 2.6048527644553423 57.87720235514672 57.66207170250718 30.59254415564987 0.0 37.23178204217727 34.19391471712657 44.54684703017952 62.70579800364187 27.992500346343377 33.19687038917726 15.668341131645269 28.16632621551492 37.86758716900225 41.968770508960574 25.978450182963083 4.740031749155335 29.864164589662565 24.064124487063093 19.116750752519607 8.265019669113546 36.37674882508233 27.10821384235925 34.62806824494414 12.860217044039 14.23986295722212
46.053765863721985 35.83212420906757 97.6376999059397 37.45555105600578 29.982103401218676 90.48391969020223 7.58180069978333 40.33605838165804 3.2725842835995476 15.039159044899915 76.08605697849893 24.278080986251844 18.294333442050444 64.02983124650363 38.44322173687801 18.307911890924057 79.2399139272756 63.13810424673547 44.089756838422815 41.81334043338948 46.939303792004864 63.6003736881102 83.3700720293216 37.11117774115247 32.23006062021194 94.44570397226576 14.309669976195387 37.23178204217727 0.0 14.909792382200173 74.68411522307883 32.37401120214155 18.21536043157927 62.794852723515746 37.10356875018152 18.248461439053507 71.79115336278325 64.99689279679815 39.59311984803345 41.69369211889728 44.296291894062044 54.87970029836708 44.60355918603135 33.80124791330074 73.02302473912478 63.37706510398755 66.86282021939572 24.3727085970429 24.09100661926142
36.457668257240094 36.43036759131852 89.15054011749365 34.16548085069763 20.694028613052392 84.20421146311354 7.481755308872709 36.9932017992249 17.601340600316647 2.8452263923140793 65.36754748835179 19.9165847462028 5.5643983488873685 65.36478514707059 28.753420412857068 25.75425921846484 72.88986533295252 50.261901227845975 31.381441481514187 37.11918707053098 37.07060319957305 61.99749346371175 73.71465028239624 35.1262735187952 24.353953940228447 87.88470464265554 3.767092183090015 34.19391471712657 14.909792382200173 0.0 64.03350165394177 28.512636992469456 6.6674475736089835 65.04350247387057 27.9532033280644 27.828036804138844 63.12825811266153 52.516725201687045 27.21965991591201 37.71988741073842 31.39529142393611 45.760490736670036 34.90895592906421 34.20650887087438 66.71548530424626 56.957386553282475 67.83717803465659 22.91225751206858 20.071527864841062
28.714870121574357 52.60894342247582 28.515284047854543 43.96354032761095 75.20388487234027 33.22057186834098 68.38114230611455 42.405143956636785 77.95448836115007 66.29147372130319 1.4455892361681641 80.62368870815564 58.595809574886516 57.53563622753561 36.24105576537047 67.70460152938465 26.523358152827758 19.926467032199536 33.73322636358181 38.852063945981904 27.766431099952026 44.9444706471242 11.398337266316336 46.65214339262293 79.36849299605063 34.6409587107939 62.090861995586714 44.54684703017952 74.68411522307883 64.03350165394177 0.0 87.3418778110736 57.90547640388127 60.93523075401489 37.630314709104205 71.66692114302083 12.12279485454965 16.372092529674713 37.16822088815674 40.396189908226425 34.08301679839658 20.76528523360697 30.11571619508528 52.67772841302066 24.805608413911532 24.300242353578906 57.04189510912315 53.87844225063248 51.94110028023391
62.42169127553427 64.51355707422374 114.39318507553766 62.67195793111749 12.406213755512049 111.2591809558217 30.602438652285976 65.4873789354341 31.97900528054732 25.674049704473596 88.52258179290934 8.733735390343769 33.43713253185201 93.52314972054357 55.20043174053404 50.16182886851958 100.04843303763239 70.13814762545961 53.66206940215627 65.45200318887308 62.74199418531466 90.50999566041028 98.01324818474421 63.610253038418186 8.850383126375748 114.72044784132149 32.15782326080242 62.70579800364187 32.37401120214155 28.512636992469456 87.3418778110736 0.0 34.8540233058549 92.93347578129611 54.85427188007478 50.58584733780425 88.78231318703702 73.16652131498074 50.71891705707184 66.15443171442828 53.26809037521135 71.63699874989638 60.88917298842452 62.29964168271756 93.99008204226985 84.34319515170071 96.09109404694632 51.14196046029373 48.56307406070405
29.98284141899847 31.06979152961428 82.63394068937342 27.915880459931987 25.9821587407053 77.53860293437096 10.918173107971871 30.68794996218823 21.35379180454366 9.432728553560523 59.26227774902576 26.383869665966962 1.5524723473764563 59.73459807734727 22.24240421664598 23.705059355894964 66.22335181117789 45.083607829868576 26.03226679913915 30.611656996324886 30.650409073873657 55.76758628517532 67.36606217223027 29.128705881774923 29.948381904132994 81.22539716848374 4.213086694131068 27.992500346343377 18.21536043157927 6.6674475736089835 57.90547640388127 34.8540233058549 0.0 59.65632818676804 21.360259167347195 26.56046602212947 56.5998442877519 47.10206695893935 21.633352554300682 31.303717073565814 26.18008353638803 39.25064815295452 28.442562691021237 28.86492512325078 60.04810977314439 50.28998201955081 62.09982553774033 17.620450588615956 14.200658981427035
48.112987927069675 28.62810266377044 64.29711473938188 33.54633438039721 85.5650116263542 49.16323455603418 62.44002350788881 31.622793477697975 64.77725193562418 67.75386288250738 62.053251713844276 84.2030894957335 61.20799970670712 4.045742835178747 49.23310905406757 44.81670600077531 42.42443391097295 67.96542388574794 60.26637801340417 34.07959718199143 49.10460803707495 16.408811558219508 60.58576236790625 31.268678196211813 89.3781454512255 53.20108979581106 61.277240826392024 33.19687038917726 62.794852723515746 65.04350247387057 60.93523075401489 92.93347578129611 59.65632818676804 0.0 47.97943622368673 46.34115169633034 49.516558289618146 66.42919112235337 58.17337068456584 32.285079632324354 61.20771937659202 46.69459247482941 48.52151624291155 30.849297308062418 39.19788899573406 36.635840211028366 6.6132239598725135 42.159146391213454 45.49702552997496
8.950256115009426 23.772913028022526 61.30989214133196 15.147494267389503 44.140365600544335 56.49481789101822 31.12754318157184 16.460723772973104 40.3678517700637 30.579313952535674 39.04458742532542 46.876160645947685 22.39712058014977 46.74515497420949 1.874857888506133 31.75568116854081 45.23363215219016 29.194930019869364 13.446429460849544 13.99052711227102 9.865185530163709 39.28329371165239 46.37426616941069 18.172059768926257 48.432553562860164 60.07295838663657 25.328113827334196 15.668341131645269 37.10356875018152 27.9532033280644 37.630314709104205 54.85427188007478 21.360259167347195 47.97943622368673 0.0 35.74100727599336 35.274106220686726 30.02014254695502 10.337947908723478 15.701436087511519 14.295242738095935 17.98660282665131 7.514689370674362 22.426809828704236 39.143315706072414 29.492426723149155 48.37765787665307 17.848128950117932 14.870180218049448
43.77407893081873 22.913696128086215 90.5524489347941 28.640534248431596 46.97119527828708 80.83033995198471 21.561976897196082 31.011678311571018 19.321818289603375 29.514910635729084 73.11250731284358 42.32627464285773 27.657244080687992 48.15448657867474 37.54278435610982 4.001690934958678 70.06725036519818 64.82112643463657 47.04013422425113 33.83159258429574 44.935252358089805 50.15650442592649 78.42263985612225 26.838042011813027 49.75060323549284 85.00736502479745 24.909890909250848 28.16632621551492 18.248461439053507 27.828036804138844 71.66692114302083 50.58584733780425 26.56046602212947 46.34115169633034 35.74100727599336 0.0 65.95025646990975 65.76109318936057 42.55084790299152 32.87266391024747 47.586716827531205 50.904395817495136 42.66960871897322 21.529893348032026 64.08024058346933 55.132957751525865 51.15741996128427 18.01827710545674 21.017382176415463
26.69650253026253 44.97012515026077 26.036598626979398 37.35861693732392 77.14977496358618 24.48007870268552 66.28760419240659 35.23432856316005 75.00224443234272 65.66880414497162 12.95941038734069 81.33684183716127 57.56445419016118 45.96716671368611 34.37508824809631 62.128742043438 15.493161791927914 27.99085441466212 35.917440636725686 32.138518338310966 26.18926309822764 33.28253249846131 12.697739286243737 39.55186829276517 81.4361804054557 27.037048378486965 60.60130560277189 37.86758716900225 71.79115336278325 63.12825811266153 12.12279485454965 88.78231318703702 56.5998442877519 49.516558289618146 35.274106220686726 65.95025646990975 0.0 24.78135529395355 38.16492358320738 33.27082059812891 36.54122729965459 17.37303059160248 28.25028598210475 45.47209561061895 12.770575811047218 13.306755670569379 45.27754827269293 48.98485705670278 47.94784187825439
22.644714448142587 50.74811573491159 44.830036847565665 41.34237755827407 60.82149488869165 48.64677745926535 57.9952889743461 40.8309381690508 68.23346504320986 54.39803952052456 17.082899987841127 67.12664923974947 47.4541065393404 63.66981177027111 28.22564180528684 61.77531789103658 40.26706211846328 3.5565329903929532 21.14064799378812 37.081188347387126 21.398175446878206 52.025501456240015 27.740957325068994 44.48431503012995 64.83756320443925 50.52121497093191 51.28858451207104 41.968770508960574 64.99689279679815 52.516725201687045 16.372092529674713 73.16652131498074 47.10206695893935 66.42919112235337 30.02014254695502 65.76109318936057 24.78135529395355 0.0 25.469531559553356 39.01795130389213 21.134663384935997 19.867994378783052 23.437111518294632 50.122376349227764 36.73921579913961 32.025842914514755 63.948793541813814 47.83118523204362 44.83000328304739
12.940060781883052 33.84425731822071 63.67544105664824 25.469531559553285 38.98519028839651 61.43377759144061 32.52747057298694 26.771266352628057 42.81228303687609 29.29166182147422 38.45005617608977 43.59533187450404 22.023011124001624 56.785594453851175 8.9426548789544 38.72698235165341 50.537912841308334 23.551737915868014 4.593728419309181 24.09566637758875 12.818761923739375 48.584552378325256 47.436433838185486 28.44805668955798 43.271568973047614 64.62093717231451 25.82477461180955 25.978450182963083 39.59311984803345 27.21965991591201 37.16822088815674 50.71891705707184 21.633352554300682 58.17337068456584 10.337947908723478 42.55084790299152 38.16492358320738 25.469531559553356 0.0 25.90363576553508 5.041825037817064 21.42159171734723 11.652108379878134 32.33526623223945 44.81671107241147 35.76366632003341 58.278098556783206 25.745994418943518 21.848912328545275
17.254920530366615 12.243713753031297 57.708603209204206 4.351214824996794 56.77240191397453 48.9457517618155 38.00513413305979 2.010849159743265 44.65185532440977 40.56365128344772 41.8175456305959 57.629266448921065 32.74391206197935 31.08175221956103 16.961110474191706 29.176064033191278 37.82355189786183 39.4827988061059 28.259149202490207 2.0108491597433478 18.442493388425394 24.70246635190672 45.890993092844354 6.317825565487209 60.91980878640409 52.99299118991971 34.233858811543826 4.740031749155335 41.69369211889728 37.71988741073842 40.396189908226425 66.15443171442828 31.303717073565814 32.285079632324354 15.701436087511519 32.87266391024747 33.27082059812891 39.01795130389213 25.90363576553508 0.0 29.186191240476624 20.272578137023434 17.19979614536851 12.32869119462141 31.671271883647282 22.368767090421493 32.822824210871644 17.356699453475034 18.17437585046249
13.91003393000321 38.06719740290525 61.43238926096551 29.31597994321843 41.19817850871051 60.46433361280184 37.09785966465879 30.286924917780432 47.48743595342541 33.26611188369261 35.2842901560638 46.60960157807997 26.422450786520496 59.55764299079359 12.59875339670202 43.75436861060387 49.890435014905144 18.918134259457723 0.9462505037344849 27.269402961976493 13.336545432032429 50.58347925443972 44.8036215757431 32.40919394955682 45.408802097220494 63.41880047063605 30.318950170352224 29.864164589662565 44.296291894062044 31.39529142393611 34.08301679839658 53.26809037521135 26.18008353638803 61.20771937659202 14.295242738095935 47.586716827531205 36.54122729965459 21.134663384935997 5.041825037817064 29.186191240476624 0.0 20.86380904043105 13.0411190353718 36.68564041552796 44.46139355679704 35.94219156542867 60.847839747794985 30.658426657184503 26.831301404817133
9.327370972261606 32.47961247391054 43.390642531296166 23.460366025603744 60.211339750769206 40.012606966214996 49.10040811843762 22.23779054671254 58.12412583579103 48.29578685079121 22.210782591616148 64.05659999131761 40.19761332667931 44.0940668778584 17.011781376278808 46.94641923808838 29.163570521225328 21.27395490584612 20.073272844214042 18.532890055123207 8.896244493505105 32.99974298012858 28.491650617872207 26.32949950525287 64.5172915876811 43.23930819000624 43.28147933622675 24.064124487063093 54.87970029836708 45.760490736670036 20.76528523360697 71.63699874989638 39.25064815295452 46.69459247482941 17.98660282665131 50.904395817495136 17.37303059160248 19.867994378783052 21.42159171734723 20.272578137023434 20.86380904043105 0.0 10.881591420283891 32.3030947166183 23.607776869819393 15.310086272699628 44.603041716760345 33.173713741281546 31.47854872873198
1.5542212429241928 27.879626906301887 54.249555247888125 18.501949230160243 49.64376029426982 50.460553490906165 38.51403308103106 18.669461189650214 47.87013934098852 37.42404030396125 31.530591322813404 53.21750353585969 29.350432460228966 46.6951004345565 6.2346854398849825 38.668172503565046 39.368938426747214 23.15451684912998 12.100658595121674 15.19400368349197 2.3558027363741183 37.54505047098903 38.989944526542324 21.713018312237214 53.95584184001691 53.84531030534979 32.51981445813219 19.116750752519607 44.60355918603135 34.90895592906421 30.11571619508528 60.88917298842452 28.442562691021237 48.52151624291155 7.514689370674362 42.66960871897322 28.25028598210475 23.437111518294632 11.652108379878134 17.19979614536851 13.0411190353718 10.881591420283891 0.0 27.001534531667033 33.48455998394897 24.21700135807035 47.88867804502153 24.652519744395825 22.11559893937279
27.55755624125738 2.2239421348560877 69.3323772428248 8.882608370712155 54.72133540576787 59.30145105797902 32.105790771290906 10.32153455405541 36.34290274445062 36.93636599814678 54.104609146483995 53.568249106816864 30.417273143433892 31.225749761408697 24.213895104370675 18.240779583388825 48.5604921208618 50.12346087831476 35.857511134443804 13.83187701080722 28.80934978747466 29.833396641950518 58.1344050567877 6.027462731897008 58.53026738770225 63.47752399961074 30.4426111300471 8.265019669113546 33.80124791330074 34.20650887087438 52.67772841302066 62.29964168271756 28.86492512325078 30.849297308062418 22.426809828704236 21.529893348032026 45.47209561061895 50.122376349227764 32.33526623223945 12.32869119462141 36.68564041552796 32.3030947166183 27.001534531667033 0.0 42.61693309343136 33.9005177591136 33.8079800593025 11.309919532737363 14.838905668222774
32.03348856923847 41.52663266084207 27.239328308208147 36.021616185658395 83.04148004472006 17.541426262964293 68.55011648217975 33.33202081081993 76.07843961127655 69.44829298487767 25.509306387995164 85.9983957210312 61.2439340040851 35.365974859279135 38.82443528437283 60.572190069695985 6.226641288799394 39.6797212210106 43.6793904721371 31.273228232953063 32.0087969135394 22.82634563190068 21.569624583861845 37.31129645130887 87.35195329461874 21.42485354737576 63.69638265658644 36.37674882508233 73.02302473912478 66.71548530424626 24.805608413911532 93.99008204226985 60.04810977314439 39.19788899573406 39.143315706072414 64.08024058346933 12.770575811047218 36.73921579913961 44.81671107241147 31.671271883647282 44.46139355679704 23.607776869819393 33.48455998394897 42.61693309343136 0.0 9.769896370665112 34.17571087325559 48.90858938122081 48.99385390481054
