0.0 10.669598971180275 54.690272651462244 24.772017158998565 46.99154032992765 39.52530210630591 27.19428303565578 27.20554662071848 48.93825063284345 40.50253565604559 33.48334134064564 52.86383291635864 6.283266697508067 29.53479025371777 13.486834734879222 49.52644959243731 8.863697606100489 12.38757940020291 23.051141727063676 43.764324663985285 2.4969082067995214 20.160968538578107 9.635894858192863 2.4969082067995214 42.1088188914535 39.065815699869134 27.19428303565578 16.37200930120635 24.257295846937314 20.573305274569204 38.41055629624785 53.6070648696043 12.09221216733802 6.214938940274936 21.857375302247398 47.44166293431191 8.240252611537226 9.782672414156751 17.092553913743085 40.09849628555936 26.250976284806057 30.0844452790311 20.906520292805347 13.98504608893321 47.44165253464211 37.76149984327786 46.71271867795845 4.427523715090593 1.5534917838224185
10.669598971180275 0.0 45.208863198923986 17.843173201082024 43.615381936917466 38.90352489241757 27.647651214064528 17.102854061123995 38.82720541328385 50.29268161053169 44.14050378189191 63.37789319381776 11.758159113017957 20.242640390159437 12.630755534029975 49.82680316930653 10.802935509538838 13.84947527371539 18.508826353709907 54.08464411332441 10.958695513111813 9.763682230272455 6.310059845547256 10.958695513111813 38.88130685246365 38.23683032987253 27.647651214064528 5.724839267600449 13.645174056158897 25.387204438044417 49.080155267428125 63.766658837797216 22.761811138518294 5.572633972060106 24.66070889586757 48.849448329186714 12.311623837510977 16.44720131735315 14.466261914050035 50.26673301066156 28.901694728183635 24.71125411110883 18.831380601662257 8.17033178082808 38.14542730819877 28.762241154463993 36.60825368007908 10.877503459956673 12.108353946172125
54.690272651462244 45.208863198923986 0.0 49.119575240298566 36.04319407360301 45.04199526188717 45.73592174577493 37.81055007109516 36.79118849948643 86.17933794884648 85.74506639092714 102.47953968154177 51.729005442958936 41.491571912422344 44.687823648579155 52.94792062596377 48.44369852621804 57.73645958711215 35.83740268146332 92.30157014593482 55.77710835437565 39.49668677209218 45.27424701165456 53.6991970529574 35.67339808391458 44.15254841852614 45.73592174577493 40.045060228569106 32.99442739731672 54.8281855680109 91.02789988545689 100.38933354746591 65.87671282106865 48.47616863771723 50.5066776048375 56.41190926600676 50.48314132002504 61.62020465726094 41.36141467663501 87.9274558564504 51.35264062581434 30.5926728618737 40.71987238901448 49.259947871116616 7.361477032903115 17.121823385859447 36.38061809588382 56.02889844376911 56.24356588172513
24.772017158998565 17.843173201082024 49.119575240298566 0.0 58.36590606659243 55.682473498358426 45.12667771417985 11.3100788966995 27.805232898276167 64.87780713438976 55.451896409411695 75.55585813861632 28.66961900603152 8.68478960512307 30.39034283205335 66.81714690639691 28.478746785372387 16.09341356488102 34.22562646243113 67.27679171948884 23.271888828912598 12.571139781933597 24.151388151895176 26.424591620432015 53.97202170493809 54.93185314717374 45.12667771417985 16.554778137329315 18.272986535860838 43.0786947480215 59.68108164578906 77.36706945458835 34.97909088228417 22.6401652905427 42.50286468670634 66.26837466453895 29.69933373009496 22.92082189710034 31.684432679876643 63.98818803487288 46.72404922685079 38.90419608644065 35.87511391769622 10.853562916486338 43.40431715864586 36.230591262712665 25.730601913298486 21.655512467027112 25.515476750322428
46.99154032992765 43.615381936917466 36.04319407360301 58.36590606659243 0.0 12.663152400136704 22.136506979059337 50.03499356865366 62.80441380352366 61.21821656866728 66.97872160674432 78.77572306463071 41.07321435091703 55.115042607264044 33.539963921457534 17.09803259971928 38.13005266824366 56.88402137436677 25.111181088275192 68.71609228487291 49.27060097263496 45.81528561302961 38.89567415362859 44.73648933885601 4.882963678084697 12.19698505787641 22.136506979059337 42.179666707105504 41.04053096990726 33.568500957926595 72.07374479151089 74.47525319756325 53.19898331683399 42.53882311936774 29.190171167156603 21.226833557808263 39.08437329315773 56.699941118144245 30.15247546687916 64.34323810264176 26.834611464702398 19.46703630038878 26.095616092958487 51.489764860595535 31.67946427083123 28.551407895694773 61.32513797389614 50.72433597512546 48.164769778249806
39.52530210630591 38.90352489241757 45.04199526188717 55.682473498358426 12.663152400136704 0.0 12.400783387749783 49.37431761566978 65.73390323961777 48.640881966888315 55.21715860617681 66.21632927116237 33.26676496050544 54.31067517305166 26.931296177182347 11.20854747544685 30.93029151764664 50.81986275209513 21.630339178567805 56.21501502637722 41.97828379530864 43.687678610114446 33.1544124473817 37.07853395602075 9.977974084703513 0.947287878827699 12.400783387749783 39.144958926323014 40.44602533531742 22.69126423965286 60.19117221906513 61.81779615454383 43.50579327025836 36.33436217504239 18.906855899238387 12.222068030912979 31.287477010895575 49.26689440799929 24.442828398962806 51.87253050666602 15.544837620809778 19.36121117012675 20.07214595041468 47.07366170132134 39.33212749989423 33.33513203374259 63.96039920265801 43.70418997994226 40.431983102765315
27.19428303565578 27.647651214064528 45.73592174577493 45.12667771417985 22.136506979059337 12.400783387749783 0.0 40.39718277089508 59.082136630826696 41.46758023506512 45.16327622333273 58.63481148912172 20.917994570314228 45.04119375232716 15.154199434768277 22.498259804677126 18.76023474597158 38.7496649067315 13.26369940182796 48.390866198220245 29.664256493798668 33.890559153254486 21.55408133566231 24.730006234674097 17.59712142685106 12.03763034712034 0.0 28.938586694563945 32.0149381846567 11.517217736612478 50.35081926316114 55.45473944914411 31.41001932898194 24.41929717478753 7.053669109752096 21.20237851176183 18.956047316486767 36.90401107955729 13.462154425981417 43.94891839150732 5.724614756096568 15.40274442820249 9.533460225479871 35.74590670705107 38.920880730611636 30.644535086968663 57.10705506751254 31.43426385679713 28.059626503567216
27.20554662071848 17.102854061123995 37.81055007109516 11.3100788966995 50.03499356865366 49.37431761566978 40.39718277089508 0.0 21.762406987535222 67.37836045104946 60.38420975772639 80.02578846460148 28.789311977766097 5.08010227390653 27.39508369051214 60.569846366392646 27.28314829534107 23.30753533311648 27.867019585994502 70.9628856364073 26.681179192581265 7.428815064408176 22.34594777437372 27.94560095915004 46.01238020356946 48.53234011675602 40.39718277089508 12.487273751158702 9.054275269476289 41.28180670189632 65.09085982716331 80.75120657921748 39.021801747768066 22.670421713783885 39.50775671668409 60.83118221667355 29.0849836889453 29.270944541216068 27.317478663359463 67.24016368773941 43.26107483576774 30.97613905345274 30.867431363759493 14.99005453483679 32.19079145093252 25.55263873773885 19.538425896325197 25.729376184746577 28.439243726022887
48.93825063284345 38.82720541328385 36.79118849948643 27.805232898276167 62.80441380352366 65.73390323961777 59.082136630826696 21.762406987535222 0.0 89.11984514425217 81.88386544815025 101.67293922490815 50.41678860997187 20.006203035008912 48.04569792927482 76.49638107420805 48.64731195278309 43.4306508872808 45.836841328713625 92.7025145097771 48.28882708055299 29.073512021936974 43.71007844964917 49.706359513002695 59.8519515520947 64.80956966310634 59.082136630826696 33.84087933636989 27.683356854949682 62.01157493040539 86.45685182992261 102.51159010173147 60.62930931591482 44.37595774085871 59.60833752045984 77.84921179326851 50.557039996871026 49.98511621984585 47.14208233397078 89.00014043354976 62.89142241105955 46.37291993150143 49.909960817608635 36.013290375262635 35.01169597244132 34.32486106468241 2.225545573412839 47.18557791244113 50.13494024477885
40.50253565604559 50.29268161053169 86.17933794884648 64.87780713438976 61.21821656866728 48.640881966888315 41.46758023506512 67.37836045104946 89.11984514425217 0.0 16.325401995763702 17.582931942345855 38.82538218675251 70.02229434103143 43.12879860847809 51.08309602566345 41.05536624796043 49.76376534782986 50.50276846358587 7.954453564917405 41.66694730509796 60.050710974632004 45.820845802685355 39.460383787637866 57.61411142824192 49.03188717035109 41.46758023506512 55.44763296953397 62.5944261323434 31.352837611525377 18.044726198355246 14.226131961573223 30.137635914037386 44.75196346742938 35.76001905300329 46.010490792880496 38.98766045731841 43.17399541015596 45.676297624385185 4.553425586621059 35.776788586519395 55.70514867903614 45.52787017269526 54.34987811546741 78.99456794396743 69.71083904860335 86.90048828663073 43.22275050718812 39.520774864457806
33.48334134064564 44.14050378189191 85.74506639092714 55.451896409411695 66.97872160674432 55.21715860617681 45.16327622333273 60.38420975772639 81.88386544815025 16.325401995763702 0.0 20.15821801076741 34.41871624502867 61.998321119498094 41.0572442321985 60.44793554866245 37.50674730565883 39.43557846942235 50.3315157034342 13.533817568649006 33.71317896939818 53.58034656282883 41.42425756710686 33.437184229509555 62.674002310591014 55.34539928063977 45.16327622333273 49.80703755687392 57.61583444437178 33.6720350888835 5.313231081774225 23.427325859017163 21.420197761176667 39.126804911796896 38.287091281026626 55.926248422401166 35.40379409060674 32.56556816660406 44.45534332431165 12.496583657952996 40.14476638133542 56.73883852763157 45.865310501622815 45.905268520412115 78.38518479300508 68.65967571769767 79.66926654268659 34.703649825341195 32.10511484941908
52.86383291635864 63.37789319381776 102.47953968154177 75.55585813861632 78.77572306463071 66.21632927116237 58.63481148912172 80.02578846460148 101.67293922490815 17.582931942345855 20.15821801076741 0.0 52.76791301396876 81.90197607592118 58.35682198375826 68.44038972966551 55.513092691282054 59.575737663788956 66.64228475453385 10.258818269717098 53.38446202055747 73.01776027905065 59.90739621818679 52.45532655211133 75.10567095080647 66.59751477696182 58.63481148912172 68.91819271399706 76.53789984074245 47.98077724097051 16.731955724367864 8.126959846861471 41.04505342489951 58.0946320000854 52.55024924789917 63.28903629587286 53.3804004250589 52.704192904853464 61.32641217038644 14.699300744986983 53.01043757659296 72.31779245876477 61.7862418278356 65.8160252728096 95.1954930919235 85.68314868046089 99.45093214495115 54.53319864086511 51.58975361547307
6.283266697508067 11.758159113017957 51.729005442958936 28.66961900603152 41.07321435091703 33.26676496050544 20.917994570314228 28.789311977766097 50.41678860997187 38.82538218675251 34.41871624502867 52.76791301396876 0.0 31.981759992906614 8.000300952261462 43.247109562008426 3.406805730156763 18.335190947897626 17.996935073459827 43.12740264364986 8.768920498350697 21.37775656675187 7.140467284263315 3.8126648467392354 36.19438010772885 32.821812012261574 20.917994570314228 16.631066177567448 23.87906993578733 14.857888678298066 39.61168247649347 52.55128171495529 14.239914132512137 6.232503299071298 15.670373107548704 41.22332357621642 2.0037291603928735 16.00137766062782 11.785111544387071 39.12691736695281 20.086974239674213 25.052519586831732 15.137509891486918 17.90666890973711 44.382427190753205 34.61254061668075 48.207873782167816 10.613912508121208 7.18980186117394
29.53479025371777 20.242640390159437 41.491571912422344 8.68478960512307 55.115042607264044 54.31067517305166 45.04119375232716 5.08010227390653 20.006203035008912 70.02229434103143 61.998321119498094 81.90197607592118 31.981759992906614 0.0 31.51671193060386 65.51498044860776 30.875914493249923 23.473117736595754 32.7384431182486 73.1488333406471 28.616784484477673 11.311392707514903 26.023794008364025 30.630835563652187 51.08608392131231 53.47887938836692 45.04119375232716 16.478757764361543 14.118335703888599 45.212093130025025 66.50292727114785 83.08550205311839 40.88710579583724 25.755174100715028 43.74856953623429 65.66084450787964 32.52417238744095 29.9797237634797 31.786452905797375 69.59084690295141 47.63971540362299 36.03615403424861 35.51118663602826 16.095276424319465 36.312262772487614 30.26466873995152 17.82729373878548 27.371334031435165 30.604908899470075
13.486834734879222 12.630755534029975 44.687823648579155 30.39034283205335 33.539963921457534 26.931296177182347 15.154199434768277 27.39508369051214 48.04569792927482 43.12879860847809 41.0572442321985 58.35682198375826 8.000300952261462 31.51671193060386 0.0 37.568527923014955 4.70755977768468 23.922552155738682 10.020271957496119 48.37283734962521 15.731226612309065 20.216433654881346 6.414114181659867 11.349392402056402 28.660298818070533 26.357325881793106 15.154199434768277 15.039963231998316 20.415865154427586 13.978654205192976 46.34198965971637 57.24178063158859 21.96531199291699 9.405755251620203 12.267967340708644 36.31185605946283 6.232939675749573 23.16004025109242 3.788991716202592 44.14041164296399 16.359393812559087 17.060506915408045 7.446154063544702 20.63337975901333 37.32812418145748 27.613530111700683 45.90776127199536 17.213395250594107 14.74095256301612
49.52644959243731 49.82680316930653 52.94792062596377 66.81714690639691 17.09803259971928 11.20854747544685 22.498259804677126 60.569846366392646 76.49638107420805 51.08309602566345 60.44793554866245 68.44038972966551 43.247109562008426 65.51498044860776 37.568527923014955 0.0 41.24880099658383 61.24285638289446 32.836260491399116 58.9923419398456 52.01590175915913 54.8852653556976 43.91184085673948 47.03792993261069 17.59712142685106 12.03763034712034 22.498259804677126 50.301105411052816 51.62131102637065 30.758601160369526 65.0430593042152 62.94170953856892 51.906496998578234 46.90177708604211 27.92668284071083 5.319983819934855 41.328748114313775 59.11754260493225 35.373089046339494 54.91513867422113 23.795722143634716 30.24698317619782 31.045204128075593 57.98854371821839 48.066907684519315 43.29457014375042 74.78258054147757 53.83704715868098 50.28016046351598
8.863697606100489 10.802935509538838 48.44369852621804 28.478746785372387 38.13005266824366 30.93029151764664 18.76023474597158 27.28314829534107 48.64731195278309 41.05536624796043 37.50674730565883 55.513092691282054 3.406805730156763 30.875914493249923 4.70755977768468 41.24880099658383 0.0 19.994590612388464 14.631351968757247 45.73065985781042 11.196852725639223 19.867266459488434 4.946548433830068 6.651459178537023 33.24715225897457 30.422370622840173 18.76023474597158 14.844040524992117 21.558532424441214 14.610613610439733 42.737131061373866 54.96254966271678 17.623343930533398 6.01627415694768 14.385948582466703 39.57216396320373 2.1339197942352057 18.615420330164234 8.45477037659338 41.633013474885345 18.77991353047938 21.696052505250425 12.057597661097235 18.047225950793628 41.089488016624614 31.32195471233861 46.4587657203353 12.811719115284186 10.060291675939165
12.38757940020291 13.84947527371539 57.73645958711215 16.09341356488102 56.88402137436677 50.81986275209513 38.7496649067315 23.30753533311648 43.4306508872808 49.76376534782986 39.43557846942235 59.575737663788956 18.335190947897626 23.473117736595754 23.922552155738682 61.24285638289446 19.994590612388464 0.0 31.874142524740023 51.564079391927095 10.020338348393878 18.561060014766355 18.0181667872485 14.797911379690193 52.064042478528705 50.26720104700654 38.7496649067315 17.906411405645205 24.80988016533112 32.9539281932753 43.595469687492134 61.71440518412275 19.627085881539983 14.532811520958667 33.990199978516806 59.477213378506065 20.102367076205805 6.8715556162568365 26.87258484976227 48.486584453825564 38.41280757137754 38.39823332478253 31.16428106095132 8.677882498406793 50.964861753345716 41.975383353423815 41.27491695742188 8.016950037849254 12.29287528213309
23.051141727063676 18.508826353709907 35.83740268146332 34.22562646243113 25.111181088275192 21.630339178567805 13.26369940182796 27.867019585994502 45.836841328713625 50.50276846358587 50.3315157034342 66.64228475453385 17.996935073459827 32.7384431182486 10.020271957496119 32.836260491399116 14.631351968757247 31.874142524740023 0.0 56.47123389284063 25.067200671663365 22.06857282868103 14.063540400123575 21.139133610543794 20.375064424738785 20.829494569515447 13.26369940182796 17.680351710094783 19.113798663133963 19.296591778704023 55.64304650181342 64.7289004251591 31.945954113747216 17.824609400044455 15.401507044056105 32.97039612734296 16.25140101468075 32.37504934465167 6.237741514016556 52.10773025875034 17.634203092352898 7.0680645579850445 5.018371267791464 26.46226969845242 28.563309685324647 19.21555189800358 43.87877600263273 26.262175982390104 24.4294497699907
43.764324663985285 54.08464411332441 92.30157014593482 67.27679171948884 68.71609228487291 56.21501502637722 48.390866198220245 70.9628856364073 92.7025145097771 7.954453564917405 13.533817568649006 10.258818269717098 43.12740264364986 73.1488333406471 48.37283734962521 58.9923419398456 45.73065985781042 51.564079391927095 56.47123389284063 0.0 44.53213460064613 63.80944503891013 50.258314822840944 43.125949459731416 64.9668321755373 56.564599741667315 48.390866198220245 59.512455559342314 66.99312673958036 37.72931564676153 12.849607233951707 10.17980940176581 32.343151582584824 48.68269995174751 42.29293750275127 53.942383751062565 43.606746764821125 44.743955565685404 51.247995261664336 4.442903399140372 42.781051782581564 62.08030143654042 51.5897133105149 57.155848869503764 85.0336028590161 75.56329152150556 90.47699203289147 45.8509506302976 42.587102394579546
2.4969082067995214 10.958695513111813 55.77710835437565 23.271888828912598 49.27060097263496 41.97828379530864 29.664256493798668 26.681179192581265 48.28882708055299 41.66694730509796 33.71317896939818 53.38446202055747 8.768920498350697 28.616784484477673 15.731226612309065 52.01590175915913 11.196852725639223 10.020338348393878 25.067200671663365 44.53213460064613 0.0 19.926417644768147 11.278898302013994 4.9938161248132555 44.390179289905056 41.50878289830658 29.664256493798668 16.656415296756645 24.578555368151214 23.002258270887538 38.49077911238099 54.488723977571404 12.346481352084442 7.573513224113207 24.35284241164824 49.93800774808011 10.708826375494525 7.430177942940318 19.24274661980862 41.01139633584588 28.74403306562684 32.051245677719656 23.175118301672995 12.695874742338049 48.59095778192072 38.99101848512255 46.06655980234047 2.003389963018749 2.351468474590492
20.160968538578107 9.763682230272455 39.49668677209218 12.571139781933597 45.81528561302961 43.687678610114446 33.890559153254486 7.428815064408176 29.073512021936974 60.050710974632004 53.58034656282883 73.01776027905065 21.37775656675187 11.311392707514903 20.216433654881346 54.8852653556976 19.867266459488434 18.561060014766355 22.06857282868103 63.80944503891013 19.926417644768147 0.0 14.9389570378964 20.6979199469813 41.465077744303436 42.8955874725943 33.890559153254486 5.178369465680093 6.591876347437065 33.99124403568639 58.41016306326185 73.52235347183539 32.160925510685445 15.302467939558493 32.43796580138561 54.73014706703059 21.656644173094257 23.606077783419092 20.53684911319184 60.01875752223938 36.337946811133676 26.366653004522814 24.39195954769621 9.89994421214967 33.0209266139263 24.76223715377618 26.8572696676465 19.246041177204706 21.485513631679854
9.635894858192863 6.310059845547256 45.27424701165456 24.151388151895176 38.89567415362859 33.1544124473817 21.55408133566231 22.34594777437372 43.71007844964917 45.820845802685355 41.42425756710686 59.90739621818679 7.140467284263315 26.023794008364025 6.414114181659867 43.91184085673948 4.946548433830068 18.0181667872485 14.063540400123575 50.258314822840944 11.278898302013994 14.9389570378964 0.0 8.425143878859146 34.06105985819807 32.53977927721587 21.55408133566231 9.89749730419007 16.786942679462097 19.24106942781375 46.572170423852484 59.63304073080014 20.69289275887748 3.785628499502364 18.351493742377656 42.724791165144346 6.872610817886837 18.400756109807787 8.874258925281113 46.235425869516895 22.596110424236873 20.910971055905136 13.216019585116056 14.22080641059567 37.97809405201517 28.24834884863865 41.519046020661804 12.27112000836845 11.159775168279767
2.4969082067995214 10.958695513111813 53.6991970529574 26.424591620432015 44.73648933885601 37.07853395602075 24.730006234674097 27.94560095915004 49.706359513002695 39.460383787637866 33.437184229509555 52.45532655211133 3.8126648467392354 30.630835563652187 11.349392402056402 47.03792993261069 6.651459178537023 14.797911379690193 21.139133610543794 43.125949459731416 4.9938161248132555 20.6979199469813 8.425143878859146 0.0 39.854059223663526 36.63051008937843 24.730006234674097 16.467357084215735 24.1925320090279 18.16232078088873 38.49077911238099 52.82717972209415 12.346481352084442 5.690452784629573 19.362211675438687 44.9453422513386 5.796418417468017 12.192342288412487 15.050844052055162 39.32155894212236 23.758620033599648 28.20282601326376 18.697042862006068 15.571946151613535 46.39992771703155 36.66257788600117 47.483147190783946 6.903902483540426 3.4295099002233145
42.1088188914535 38.88130685246365 35.67339808391458 53.97202170493809 4.882963678084697 9.977974084703513 17.59712142685106 46.01238020356946 59.8519515520947 57.61411142824192 62.674002310591014 75.10567095080647 36.19438010772885 51.08608392131231 28.660298818070533 17.59712142685106 33.24715225897457 52.064042478528705 20.375064424738785 64.9668321755373 44.390179289905056 41.465077744303436 34.06105985819807 39.854059223663526 0.0 9.246985775022527 17.59712142685106 37.65438006720551 36.970241780607594 29.10228635229185 67.81853590225822 71.12187547471926 48.421477214713974 37.68706661092345 24.630476221436297 20.73903841792779 34.206981229363585 51.819840619470504 25.291722467237047 60.56122938208227 22.58618884653001 15.123906607183285 21.215080589420545 46.815608359006795 30.50132990243146 25.98370139717 58.269987580254366 45.8505206316637 43.28219570548912
39.065815699869134 38.23683032987253 44.15254841852614 54.93185314717374 12.19698505787641 0.947287878827699 12.03763034712034 48.53234011675602 64.80956966310634 49.03188717035109 55.34539928063977 66.59751477696182 32.821812012261574 53.47887938836692 26.357325881793106 12.03763034712034 30.422370622840173 50.26720104700654 20.829494569515447 56.564599741667315 41.50878289830658 42.8955874725943 32.53977927721587 36.63051008937843 9.246985775022527 0.0 12.03763034712034 38.386256686493596 39.59016295712518 22.598002583638298 60.349063103822154 62.28938186601121 43.28974987666773 35.76308023423914 18.694310753331596 13.166884517613298 30.83507062455064 48.82264005118104 23.788652930549176 52.20737725273203 15.495382511803905 18.438588231444037 19.410903719022606 46.40505037455363 38.412003227128004 32.38811949360175 63.04060637377616 43.21485942858067 39.99880864868576
27.19428303565578 27.647651214064528 45.73592174577493 45.12667771417985 22.136506979059337 12.400783387749783 0.0 40.39718277089508 59.082136630826696 41.46758023506512 45.16327622333273 58.63481148912172 20.917994570314228 45.04119375232716 15.154199434768277 22.498259804677126 18.76023474597158 38.7496649067315 13.26369940182796 48.390866198220245 29.664256493798668 33.890559153254486 21.55408133566231 24.730006234674097 17.59712142685106 12.03763034712034 0.0 28.938586694563945 32.0149381846567 11.517217736612478 50.35081926316114 55.45473944914411 31.41001932898194 24.41929717478753 7.053669109752096 21.20237851176183 18.956047316486767 36.90401107955729 13.462154425981417 43.94891839150732 5.724614756096568 15.40274442820249 9.533460225479871 35.74590670705107 38.920880730611636 30.644535086968663 57.10705506751254 31.43426385679713 28.059626503567216
16.37200930120635 5.724839267600449 40.045060228569106 16.554778137329315 42.179666707105504 39.144958926323014 28.938586694563945 12.487273751158702 33.84087933636989 55.44763296953397 49.80703755687392 68.91819271399706 16.631066177567448 16.478757764361543 15.039963231998316 50.301105411052816 14.844040524992117 17.906411405645205 17.680351710094783 59.512455559342314 16.656415296756645 5.178369465680093 9.89749730419007 16.467357084215735 37.65438006720551 38.386256686493596 28.938586694563945 0.0 7.924436129992797 28.826744716237517 54.77414356709313 69.0888131600603 28.45911854534715 10.833667651637196 27.272607762939813 49.92567049271552 16.71854587551961 21.655534351652197 15.50830492001705 55.61689874178709 31.20738430369975 22.759451926075666 19.508634498363634 10.086770039072373 33.13750129821388 24.069738824203522 31.642921834104065 16.42977051347616 17.82661344105089
24.257295846937314 13.645174056158897 32.99442739731672 18.272986535860838 41.04053096990726 40.44602533531742 32.0149381846567 9.054275269476289 27.683356854949682 62.5944261323434 57.61583444437178 76.53789984074245 23.87906993578733 14.118335703888599 20.415865154427586 51.62131102637065 21.558532424441214 24.80988016533112 19.113798663133963 66.99312673958036 24.578555368151214 6.591876347437065 16.786942679462097 24.1925320090279 36.970241780607594 39.59016295712518 32.0149381846567 7.924436129992797 0.0 34.35006448663093 62.62287657191693 76.41773103495053 36.3250981241359 18.504589045498385 31.958671159211644 52.0531543186828 23.608000461204185 29.284539640481324 19.50414204838041 63.00577266237808 35.38447104898749 21.92193507302607 22.578259908394678 16.268081837313716 26.44095271359487 18.24487114092527 25.57700212339595 24.29438828041271 25.729235012401503
20.573305274569204 25.387204438044417 54.8281855680109 43.0786947480215 33.568500957926595 22.69126423965286 11.517217736612478 41.28180670189632 62.01157493040539 31.352837611525377 33.6720350888835 47.98077724097051 14.857888678298066 45.212093130025025 13.978654205192976 30.758601160369526 14.610613610439733 32.9539281932753 19.296591778704023 37.72931564676153 23.002258270887538 33.99124403568639 19.24106942781375 18.16232078088873 29.10228635229185 22.598002583638298 11.517217736612478 28.826744716237517 34.35006448663093 0.0 38.88384578362167 45.56154191998499 21.160138930899983 20.479043788755156 4.6600379288650595 27.77448903901048 13.472678909481418 29.384905528906792 15.296463883032773 33.30342503524897 7.179618267209269 24.385764769087086 14.280870917879797 32.52813928971849 47.66167187506574 38.49225350304058 59.879695200923315 24.98723237992086 20.88652783188271
38.41055629624785 49.080155267428125 91.02789988545689 59.68108164578906 72.07374479151089 60.19117221906513 50.35081926316114 65.09085982716331 86.45685182992261 18.044726198355246 5.313231081774225 16.731955724367864 39.61168247649347 66.50292727114785 46.34198965971637 65.0430593042152 42.737131061373866 43.595469687492134 55.64304650181342 12.849607233951707 38.49077911238099 58.41016306326185 46.572170423852484 38.49077911238099 67.81853590225822 60.349063103822154 50.35081926316114 54.77414356709313 62.62287657191693 38.88384578362167 0.0 21.58746823701211 26.318344128909832 44.17100650946564 43.514055036271074 60.39757137056402 40.64319455254591 36.76384481333223 49.756666435604906 13.6089843753664 45.2548346763835 62.04999221843888 51.17748825779803 50.44357688465031 83.66715074428359 73.93452371108673 84.25058624817213 39.36263612205941 36.993152917728516
53.6070648696043 63.766658837797216 100.38933354746591 77.36706945458835 74.47525319756325 61.81779615454383 55.45473944914411 80.75120657921748 102.51159010173147 14.226131961573223 23.427325859017163 8.126959846861471 52.55128171495529 83.08550205311839 57.24178063158859 62.94170953856892 54.96254966271678 61.71440518412275 64.7289004251591 10.17980940176581 54.488723977571404 73.52235347183539 59.63304073080014 52.82717972209415 71.12187547471926 62.28938186601121 55.45473944914411 69.0888131600603 76.41773103495053 45.56154191998499 21.58746823701211 0.0 42.39683998789981 58.294358382130234 49.93016575447669 57.688113595957525 52.86456078868061 54.90580097924141 59.86570374807013 13.51171511591138 49.73712423936371 69.88515687881993 59.7529780967534 67.1533990813765 93.21453502808778 83.93648863846593 100.28666872107759 55.86606532738174 52.48417128637572
12.09221216733802 22.761811138518294 65.87671282106865 34.97909088228417 53.19898331683399 43.50579327025836 31.41001932898194 39.021801747768066 60.62930931591482 30.137635914037386 21.420197761176667 41.04505342489951 14.239914132512137 40.88710579583724 21.96531199291699 51.906496998578234 17.623343930533398 19.627085881539983 31.945954113747216 32.343151582584824 12.346481352084442 32.160925510685445 20.69289275887748 12.346481352084442 48.421477214713974 43.28974987666773 31.41001932898194 28.45911854534715 36.3250981241359 21.160138930899983 26.318344128909832 42.39683998789981 0.0 17.956804105759307 24.60063597342088 48.70642083328028 15.757898639535263 13.146231886172364 25.716322991813104 29.013110612795238 28.260680998575747 38.91012827895815 28.386247229575947 24.83598529681015 58.54632129106788 48.7817290074026 58.40793924252259 13.526425076975476 10.6877765260285
6.214938940274936 5.572633972060106 48.47616863771723 22.6401652905427 42.53882311936774 36.33436217504239 24.41929717478753 22.670421713783885 44.37595774085871 44.75196346742938 39.126804911796896 58.0946320000854 6.232503299071298 25.755174100715028 9.405755251620203 46.90177708604211 6.01627415694768 14.532811520958667 17.824609400044455 48.68269995174751 7.573513224113207 15.302467939558493 3.785628499502364 5.690452784629573 37.68706661092345 35.76308023423914 24.41929717478753 10.833667651637196 18.504589045498385 20.479043788755156 44.17100650946564 58.294358382130234 17.956804105759307 0.0 20.394902862310914 45.42785989984509 7.059605257725703 14.616209393302036 12.405183862523929 44.808612192365636 24.77732123004501 24.695503678708516 16.647244474052005 12.063032728706963 41.2326190439458 31.565753755683232 42.15930874599853 8.486630352413902 7.768430344614486
21.857375302247398 24.66070889586757 50.5066776048375 42.50286468670634 29.190171167156603 18.906855899238387 7.053669109752096 39.50775671668409 59.60833752045984 35.76001905300329 38.287091281026626 52.55024924789917 15.670373107548704 43.74856953623429 12.267967340708644 27.92668284071083 14.385948582466703 33.990199978516806 15.401507044056105 42.29293750275127 24.35284241164824 32.43796580138561 18.351493742377656 19.362211675438687 24.630476221436297 18.694310753331596 7.053669109752096 27.272607762939813 31.958671159211644 4.6600379288650595 43.514055036271074 49.93016575447669 24.60063597342088 20.394902862310914 0.0 25.58829858860472 13.899103664828896 31.269035941465113 12.466311713781225 37.85856140782977 4.425852335658914 19.95587211021587 10.437035567866682 32.35119500221559 43.407864623559824 34.42366031066615 57.52408230237993 26.25604896942362 22.476865246641324
47.44166293431191 48.849448329186714 56.41190926600676 66.26837466453895 21.226833557808263 12.222068030912979 21.20237851176183 60.83118221667355 77.84921179326851 46.010490792880496 55.926248422401166 63.28903629587286 41.22332357621642 65.66084450787964 36.31185605946283 5.319983819934855 39.57216396320373 59.477213378506065 32.97039612734296 53.942383751062565 49.93800774808011 54.73014706703059 42.724791165144346 44.9453422513386 20.73903841792779 13.166884517613298 21.20237851176183 49.92567049271552 52.0531543186828 27.77448903901048 60.39757137056402 57.688113595957525 48.70642083328028 45.42785989984509 25.58829858860472 0.0 39.38777244156679 56.816661699437425 34.58695212304192 49.92441151895276 21.22944139289742 31.501168412696963 30.42365724844533 56.93523224872679 51.10154255483215 45.51359929044238 76.0433970615428 51.82994261278748 48.056434197983634
8.240252611537226 12.311623837510977 50.48314132002504 29.69933373009496 39.08437329315773 31.287477010895575 18.956047316486767 29.0849836889453 50.557039996871026 38.98766045731841 35.40379409060674 53.3804004250589 2.0037291603928735 32.52417238744095 6.232939675749573 41.328748114313775 2.1339197942352057 20.102367076205805 16.25140101468075 43.606746764821125 10.708826375494525 21.656644173094257 6.872610817886837 5.796418417468017 34.206981229363585 30.83507062455064 18.956047316486767 16.71854587551961 23.608000461204185 13.472678909481418 40.64319455254591 52.86456078868061 15.757898639535263 7.059605257725703 13.899103664828896 39.38777244156679 0.0 17.988562343205494 10.014988652912832 39.5192381743579 18.32479666159779 23.279338243431955 13.196954883765844 19.065561347863426 43.12509654986677 33.36267789587652 48.360923852937134 12.508404642397895 9.190675281337889
9.782672414156751 16.44720131735315 61.62020465726094 22.92082189710034 56.699941118144245 49.26689440799929 36.90401107955729 29.270944541216068 49.98511621984585 43.17399541015596 32.56556816660406 52.704192904853464 16.00137766062782 29.9797237634797 23.16004025109242 59.11754260493225 18.615420330164234 6.8715556162568365 32.37504934465167 44.743955565685404 7.430177942940318 23.606077783419092 18.400756109807787 12.192342288412487 51.819840619470504 48.82264005118104 36.90401107955729 21.655534351652197 29.284539640481324 29.384905528906792 36.76384481333223 54.90580097924141 13.146231886172364 14.616209393302036 31.269035941465113 56.816661699437425 17.988562343205494 0.0 26.6433417075822 41.74147649142134 35.588562894839896 39.300706019404494 30.604772843401765 14.280934397547336 54.58838097589237 45.19361834397589 47.80616142104465 6.1296512956033595 8.84919567970018
17.092553913743085 14.466261914050035 41.36141467663501 31.684432679876643 30.15247546687916 24.442828398962806 13.462154425981417 27.317478663359463 47.14208233397078 45.676297624385185 44.45534332431165 61.32641217038644 11.785111544387071 31.786452905797375 3.788991716202592 35.373089046339494 8.45477037659338 26.87258484976227 6.237741514016556 51.247995261664336 19.24274661980862 20.53684911319184 8.874258925281113 15.050844052055162 25.291722467237047 23.788652930549176 13.462154425981417 15.50830492001705 19.50414204838041 15.296463883032773 49.756666435604906 59.86570374807013 25.716322991813104 12.405183862523929 12.466311713781225 34.58695212304192 10.014988652912832 26.6433417075822 0.0 46.9503530408908 15.96267103163675 13.271523620005704 4.3805912235022415 22.63605332613695 34.0172996826271 24.387316780659628 45.059808830381755 20.603440630789656 18.405485111843937
40.09849628555936 50.26673301066156 87.9274558564504 63.98818803487288 64.34323810264176 51.87253050666602 43.94891839150732 67.24016368773941 89.00014043354976 4.553425586621059 12.496583657952996 14.699300744986983 39.12691736695281 69.59084690295141 44.14041164296399 54.91513867422113 41.633013474885345 48.486584453825564 52.10773025875034 4.442903399140372 41.01139633584588 60.01875752223938 46.235425869516895 39.32155894212236 60.56122938208227 52.20737725273203 43.94891839150732 55.61689874178709 63.00577266237808 33.30342503524897 13.6089843753664 13.51171511591138 29.013110612795238 44.808612192365636 37.85856140782977 49.92441151895276 39.5192381743579 41.74147649142134 46.9503530408908 0.0 38.34313072985337 57.66586031397556 47.209035757730206 53.691259155843 80.67076531269281 71.229072259669 86.77517464839731 42.42366687321592 38.986222382986526
26.250976284806057 28.901694728183635 51.35264062581434 46.72404922685079 26.834611464702398 15.544837620809778 5.724614756096568 43.26107483576774 62.89142241105955 35.776788586519395 40.14476638133542 53.01043757659296 20.086974239674213 47.63971540362299 16.359393812559087 23.795722143634716 18.77991353047938 38.41280757137754 17.634203092352898 42.781051782581564 28.74403306562684 36.337946811133676 22.596110424236873 23.758620033599648 22.58618884653001 15.495382511803905 5.724614756096568 31.20738430369975 35.38447104898749 7.179618267209269 45.2548346763835 49.73712423936371 28.260680998575747 24.77732123004501 4.425852335658914 21.22944139289742 18.32479666159779 35.588562894839896 15.96267103163675 38.34313072985337 0.0 20.86380904043105 13.0411190353718 36.68564041552796 44.46139355679704 35.94219156542867 60.847839747794985 30.658426657184503 26.831301404817133
30.0844452790311 24.71125411110883 30.5926728618737 38.90419608644065 19.46703630038878 19.36121117012675 15.40274442820249 30.97613905345274 46.37291993150143 55.70514867903614 56.73883852763157 72.31779245876477 25.052519586831732 36.03615403424861 17.060506915408045 30.24698317619782 21.696052505250425 38.39823332478253 7.0680645579850445 62.08030143654042 32.051245677719656 26.366653004522814 20.910971055905136 28.20282601326376 15.123906607183285 18.438588231444037 15.40274442820249 22.759451926075666 21.92193507302607 24.385764769087086 62.04999221843888 69.88515687881993 38.91012827895815 24.695503678708516 19.95587211021587 31.501168412696963 23.279338243431955 39.300706019404494 13.271523620005704 57.66586031397556 20.86380904043105 0.0 10.881591420283891 32.3030947166183 23.607776869819393 15.310086272699628 44.603041716760345 33.173713741281546 31.47854872873198
20.906520292805347 18.831380601662257 40.71987238901448 35.87511391769622 26.095616092958487 20.07214595041468 9.533460225479871 30.867431363759493 49.909960817608635 45.52787017269526 45.865310501622815 61.7862418278356 15.137509891486918 35.51118663602826 7.446154063544702 31.045204128075593 12.057597661097235 31.16428106095132 5.018371267791464 51.5897133105149 23.175118301672995 24.39195954769621 13.216019585116056 18.697042862006068 21.215080589420545 19.410903719022606 9.533460225479871 19.508634498363634 22.578259908394678 14.280870917879797 51.17748825779803 59.7529780967534 28.386247229575947 16.647244474052005 10.437035567866682 30.42365724844533 13.196954883765844 30.604772843401765 4.3805912235022415 47.209035757730206 13.0411190353718 10.881591420283891 0.0 27.001534531667033 33.48455998394897 24.21700135807035 47.88867804502153 24.652519744395825 22.11559893937279
13.98504608893321 8.17033178082808 49.259947871116616 10.853562916486338 51.489764860595535 47.07366170132134 35.74590670705107 14.99005453483679 36.013290375262635 54.34987811546741 45.905268520412115 65.8160252728096 17.90666890973711 16.095276424319465 20.63337975901333 57.98854371821839 18.047225950793628 8.677882498406793 26.46226969845242 57.155848869503764 12.695874742338049 9.89994421214967 14.22080641059567 15.571946151613535 46.815608359006795 46.40505037455363 35.74590670705107 10.086770039072373 16.268081837313716 32.52813928971849 50.44357688465031 67.1533990813765 24.83598529681015 12.063032728706963 32.35119500221559 56.93523224872679 19.065561347863426 14.280934397547336 22.63605332613695 53.691259155843 36.68564041552796 32.3030947166183 27.001534531667033 0.0 42.61693309343136 33.9005177591136 33.8079800593025 11.309919532737363 14.838905668222774
47.44165253464211 38.14542730819877 7.361477032903115 43.40431715864586 31.67946427083123 39.33212749989423 38.920880730611636 32.19079145093252 35.01169597244132 78.99456794396743 78.38518479300508 95.1954930919235 44.382427190753205 36.312262772487614 37.32812418145748 48.066907684519315 41.089488016624614 50.964861753345716 28.563309685324647 85.0336028590161 48.59095778192072 33.0209266139263 37.97809405201517 46.39992771703155 30.50132990243146 38.412003227128004 38.920880730611636 33.13750129821388 26.44095271359487 47.66167187506574 83.66715074428359 93.21453502808778 58.54632129106788 41.2326190439458 43.407864623559824 51.10154255483215 43.12509654986677 54.58838097589237 34.0172996826271 80.67076531269281 44.46139355679704 23.607776869819393 33.48455998394897 42.61693309343136 0.0 9.769896370665112 34.17571087325559 48.90858938122081 48.99385390481054
