0 14 57 103 48 20 13 95 63 102 72 96 57 17 37 105 64 111 127 63 5 38 76 105 50 23 39 62 72 70 23 100 53 47 27 58 67 120 93 27 118 110 104 101 101 104 110 118 128 139 106 97 91 87 87 91 97 106 117 129 94 84 77 73 73 78 85 95 107 121 84 73 64 59 60 65 74 85 98 113 75 62 51 45 46 52 63 76 91 106 67 52 39 32 32 41 54 69 85 102 62 45 30 18 19 32 48 64 81 98 60 42 25 8 11 28 45 62 80 97 61 44 28 15 16 30 47 64 81 98 65 50 36 28 28 38 52 68 84 100
14 0 52 101 52 32 4 81 49 101 67 105 44 31 44 100 53 114 124 63 10 33 80 103 52 37 43 49 58 71 19 109 44 41 35 54 57 121 95 19 104 96 91 89 90 95 102 112 123 136 92 83 77 75 77 82 91 101 114 127 81 71 64 61 63 70 80 92 105 120 71 59 50 47 50 58 70 83 98 114 62 48 37 33 37 48 61 76 92 109 56 40 26 19 25 39 55 72 89 106 53 36 19 5 18 35 52 70 87 104 54 37 21 10 20 36 53 70 87 104 58 43 30 25 30 42 57 73 90 107 65 52 43 39 42 52 65 79 95 111
57 52 0 51 103 75 49 87 46 51 16 91 48 69 93 49 31 72 73 114 54 20 49 54 104 72 34 52 56 30 35 92 18 13 83 6 30 74 52 69 104 90 76 65 57 53 55 62 72 85 98 82 67 54 44 39 42 50 63 77 93 76 60 45 32 25 29 41 55 71 90 73 56 39 23 11 19 34 51 68 90 72 55 38 21 5 16 33 50 67 91 74 58 42 27 18 23 37 53 69 95 79 64 49 38 32 35 45 59 74 101 86 72 59 50 46 48 56 67 81 108 94 81 71 63 60 61 68 77 89 116 104 92 83 76 74 75 80 88 99
103 101 51 0 151 120 98 126 90 3 38 88 95 111 138 24 73 37 27 163 101 69 48 5 152 113 68 96 98 36 83 86 66 63 128 48 69 28 27 119 138 121 105 88 72 57 43 33 30 37 136 119 102 85 68 51 35 21 17 27 135 118 100 83 66 48 31 14 5 22 135 118 101 84 67 50 33 18 13 25 137 120 104 87 71 55 40 29 26 34 141 124 108 92 77 63 50 42 40 45 145 129 114 99 85 72 62 55 54 57 151 136 121 107 94 83 74 69 67 70 158 143 129 116 105 95 87 82 81 84 166 152 139 127 116 107 100 96 95 97
48 52 103 151 0 36 54 109 92 150 118 134 85 46 19 151 101 159 175 20 50 84 122 153 3 48 86 89 98 118 69 139 95 92 26 104 105 168 141 38 131 130 130 133 138 145 153 163 174 186 117 115 116 119 125 132 142 152 164 177 103 101 102 106 112 120 131 142 155 169 89 87 88 92 100 109 120 133 146 161 75 73 74 79 88 98 111 124 139 154 62 59 60 67 76 89 102 117 132 148 49 44 47 55 66 80 95 111 127 143 36 30 34 44 58 73 90 106 123 140 26 16 22 36 52 69 86 103 120 137 20 3 15 33 50 67 85 102 119 136
20 32 75 120 36 0 31 110 80 119 90 99 75 10 20 124 83 124 145 54 24 57 87 121 38 13 53 79 89 85 42 104 73 66 10 76 87 135 107 34 133 126 122 120 121 124 129 136 145 156 120 113 108 106 107 110 116 124 134 146 107 100 94 92 93 97 104 113 124 136 95 87 80 78 79 84 92 102 114 127 84 74 67 64 65 71 80 92 105 119 74 62 54 50 52 59 70 83 98 113 65 52 41 36 38 48 61 76 91 108 59 43 29 22 26 39 54 70 87 104 55 38 21 8 17 33 50 68 85 102 55 38 22 8 17 33 50 68 85 102
13 4 49 98 54 31 0 83 50 98 64 102 45 29 46 98 53 110 121 66 8 30 76 100 55 35 39 50 60 67 15 105 43 38 36 51 56 117 91 23 106 98 92 89 90 94 101 110 121 133 94 85 78 75 76 81 89 99 111 124 83 73 65 61 62 68 77 89 102 117 73 61 52 47 49 56 67 80 95 110 65 51 39 33 35 45 58 73 89 105 60 43 29 19 23 36 52 68 85 102 57 39 22 6 14 31 48 66 83 100 57 41 24 11 17 32 49 66 83 101 62 46 33 25 28 39 54 70 86 103 68 55 44 39 41 49 61 76 91 107
95 81 87 126 109 110 83 0 41 127 92 174 42 111 115 109 56 156 137 105 90 82 135 130 108 117 108 37 31 116 84 176 69 79 109 92 59 153 137 78 23 23 33 48 64 80 97 114 131 148 12 11 27 44 61 78 95 112 130 147 13 12 27 44 61 78 95 113 130 147 24 24 34 48 64 81 97 114 131 148 38 38 45 56 70 86 101 118 134 151 52 52 57 66 79 92 107 123 139 155 66 66 70 78 88 101 115 129 144 160 80 80 83 90 99 110 123 137 151 166 94 94 97 102 111 121 132 145 159 173 108 108 110 115 123 132 143 154 167 181
63 49 46 90 92 80 50 41 0 91 54 133 8 79 91 78 18 117 106 95 58 41 94 95 92 85 68 7 11 76 47 135 29 38 83 52 22 116 98 55 61 50 42 41 47 58 72 86 102 118 53 39 29 28 36 49 65 81 97 114 47 31 16 14 27 44 60 77 95 112 46 28 11 8 25 42 59 77 94 111 48 33 20 18 30 45 61 78 95 112 55 42 33 31 39 52 66 82 99 115 64 53 46 45 51 61 74 88 104 119 75 65 60 59 64 72 83 96 110 125 86 78 74 73 77 84 93 105 118 132 99 92 88 87 90 96 105 115 127 140
102 101 51 3 150 119 98 127 91 0 38 86 96 110 138 27 74 34 28 163 101 69 45 4 152 112 67 98 99 35 83 83 66 63 128 48 70 26 25 119 140 123 107 90 74 59 46 35 32 38 137 120 103 86 69 53 37 24 19 27 136 119 102 84 67 50 33 16 6 21 137 119 102 85 68 51 34 18 10 23 138 121 104 88 71 55 40 28 24 31 141 125 108 92 77 62 50 40 38 43 146 130 114 99 84 71 61 53 51 55 151 136 121 107 94 82 73 67 65 68 158 143 129 116 104 93 85 80 79 81 165 151 138 126 115 105 98 94 93 94
72 67 16 38 118 90 64 92 54 38 0 94 58 83 108 34 37 64 58 129 69 35 49 41 119 87 45 60 63 29 50 94 29 27 98 15 34 63 45 84 107 92 76 62 51 43 41 47 57 70 103 86 70 54 40 30 27 35 48 63 100 83 66 49 33 18 14 26 42 59 99 82 65 47 30 13 6 23 40 58 100 83 66 50 34 20 17 28 43 59 104 87 71 56 42 32 30 37 50 64 108 93 78 64 53 45 44 49 59 72 115 100 87 75 65 59 58 62 70 81 123 109 97 86 78 73 72 75 81 91 131 119 107 98 91 86 85 88 94 102
96 105 91 88 134 99 102 174 133 86 94 0 132 90 116 109 121 62 110 153 98 92 45 85 137 87 67 137 144 65 93 7 106 96 109 86 120 80 61 122 193 180 167 155 144 134 126 120 116 115 185 171 157 144 133 122 114 107 103 102 178 163 149 135 122 111 101 94 89 88 171 156 141 126 113 100 90 81 76 74 165 149 134 119 104 90 78 69 62 61 161 144 128 112 97 82 68 57 49 47 157 140 124 107 91 75 60 46 36 33 155 138 121 103 87 70 53 38 24 20 154 136 119 102 85 67 50 33 16 6 154 137 119 102 85 68 50 34 17 9
57 44 48 95 85 75 45 42 8 96 58 132 0 74 85 84 24 120 111 88 52 41 95 99 85 80 66 5 15 78 43 135 31 39 77 53 28 120 100 48 63 53 48 48 54 65 78 92 108 123 53 41 34 34 43 56 70 86 102 119 46 31 20 21 34 49 65 82 99 116 42 25 9 12 28 45 63 80 97 115 43 27 13 15 30 46 63 81 98 115 49 35 26 27 37 51 67 83 100 117 57 46 39 40 47 59 73 88 104 121 68 58 53 54 59 69 81 95 110 126 79 71 67 68 72 80 91 104 117 132 92 85 81 82 85 92 102 113 126 139
17 31 69 111 46 10 29 111 79 110 83 90 74 0 29 117 80 115 136 64 22 51 78 112 48 6 44 79 88 76 37 95 68 60 20 69 83 125 97 38 134 126 121 117 117 119 123 129 138 147 122 113 107 104 103 105 110 117 126 137 110 101 94 90 89 91 97 105 115 127 99 88 80 76 75 78 84 94 105 118 89 77 68 62 61 65 72 83 96 110 79 66 55 48 47 52 61 74 88 103 72 57 44 35 33 40 52 66 81 98 67 50 35 22 19 29 44 60 77 94 64 47 30 13 7 23 41 58 75 92 65 48 31 16 12 25 42 59 76 93
37 44 93 138 19 20 46 115 91 138 108 116 85 29 0 142 97 143 163 39 40 74 106 140 22 30 72 89 98 104 59 121 88 83 11 94 101 154 126 38 137 133 131 132 134 139 146 154 164 175 124 119 117 118 121 126 133 142 153 164 110 105 103 104 107 113 121 131 143 155 97 92 89 90 94 101 110 121 133 146 84 78 75 76 81 88 99 111 124 139 72 64 61 62 68 77 89 102 117 132 61 51 47 48 56 67 80 95 110 126 51 39 33 35 45 58 73 89 105 122 43 28 19 23 36 52 68 85 102 119 39 22 6 14 31 49 66 83 100 118
105 100 49 24 151 124 98 109 78 27 34 109 84 117 142 0 61 60 28 161 102 68 66 29 152 120 76 84 84 49 83 107 59 60 131 48 56 49 49 116 119 102 85 68 51 34 19 13 25 40 118 101 84 66 49 32 15 4 21 38 119 102 85 68 51 35 21 16 26 41 122 105 89 73 57 43 33 30 36 48 126 110 94 79 65 54 46 43 48 57 132 116 102 88 75 65 59 57 61 68 138 124 110 97 86 78 72 71 74 80 146 132 120 108 98 91 86 85 87 92 155 142 130 119 111 104 100 99 100 105 164 152 141 131 123 117 114 112 114 118
64 53 31 73 101 83 53 56 18 74 37 121 24 80 97 61 0 100 88 107 60 33 80 77 102 85 59 25 26 61 44 122 16 27 88 37 5 99 81 64 73 59 47 39 38 44 56 69 85 100 67 51 37 26 24 33 47 63 80 96 64 47 30 14 11 26 43 60 77 94 63 46 29 13 9 25 42 59 76 94 66 50 35 23 21 31 46 62 79 96 72 57 44 36 35 42 53 68 83 99 79 66 56 49 48 54 63 76 90 105 89 77 68 63 62 66 74 85 98 112 99 89 81 77 76 80 86 96 107 120 110 101 95 91 90 93 99 107 117 129
111 114 72 37 159 124 110 156 117 34 64 62 120 115 143 60 100 0 51 174 111 86 38 32 161 115 73 123 126 44 96 57 90 83 134 67 97 19 20 133 170 154 138 122 107 93 79 68 59 55 166 150 133 117 101 85 70 57 47 41 164 147 130 113 96 80 63 48 35 28 162 145 127 110 93 76 59 42 26 14 161 144 127 109 92 75 58 40 23 6 162 145 128 110 93 76 59 43 27 16 164 147 130 113 96 80 64 49 36 29 167 150 134 117 101 86 71 58 48 43 171 155 139 123 108 94 80 69 60 56 176 160 145 130 116 102 90 80 73 70
127 124 73 27 175 145 121 137 106 28 58 110 111 136 163 28 88 51 0 186 125 92 72 27 176 139 94 112 112 62 106 107 85 85 153 71 84 34 50 141 146 128 111 94 77 59 42 25 9 13 146 128 111 94 77 60 42 26 11 14 147 130 113 96 79 63 47 33 23 25 150 133 117 100 84 69 55 43 36 37 154 138 122 106 91 77 65 55 50 51 159 143 128 113 99 87 76 68 64 64 165 150 135 122 109 97 88 81 77 78 172 158 144 131 119 109 100 94 91 91 180 166 153 141 130 121 113 108 105 105 189 176 163 152 142 133 126 121 118 118
63 63 114 163 20 54 66 105 95 163 129 153 88 64 39 161 107 174 186 0 64 95 138 166 17 67 102 91 99 132 81 158 104 102 45 116 112 182 156 46 126 126 130 135 142 151 161 173 185 198 111 112 116 122 130 140 151 163 176 190 97 98 102 109 118 129 141 154 168 182 83 84 89 97 107 119 132 146 160 175 68 70 76 85 97 109 123 138 154 169 54 57 64 74 87 101 116 132 148 164 40 43 52 65 79 95 111 127 144 160 26 31 43 57 73 90 107 123 140 157 11 20 36 53 70 87 104 121 139 156 4 17 35 52 69 86 104 121 138 156
5 10 54 101 50 24 8 90 58 101 69 98 52 22 40 102 60 111 125 64 0 35 76 103 52 28 39 57 67 69 19 102 49 43 30 55 63 119 92 24 113 105 99 96 97 100 106 115 125 137 101 92 86 82 83 87 94 103 115 127 90 80 72 68 69 74 82 93 105 119 79 68 59 54 55 61 71 83 97 112 71 57 46 40 42 49 61 75 90 106 64 48 35 27 28 39 53 69 85 102 59 42 26 13 17 32 48 65 82 99 58 41 24 7 12 29 47 64 81 99 61 44 29 18 21 34 50 66 83 100 66 51 39 32 33 43 56 71 87 103
38 33 20 69 84 57 30 82 41 69 35 92 41 51 74 68 33 86 92 95 35 0 56 72 85 56 27 45 52 42 16 95 19 10 64 22 35 90 66 50 102 90 79 71 67 68 72 80 91 104 93 80 68 58 53 54 60 69 82 95 86 71 57 46 40 40 48 60 74 89 81 64 49 35 26 27 37 52 67 84 77 60 43 27 13 15 30 47 64 81 77 59 42 25 8 11 28 46 63 80 79 62 46 30 19 21 33 49 65 82 83 67 53 40 33 34 42 55 70 86 89 75 62 52 47 47 54 64 77 92 97 84 73 65 60 61 66 75 86 99
76 80 49 48 122 87 76 135 94 45 49 45 95 78 106 66 80 38 72 138 76 56 0 46 124 78 38 99 105 21 63 45 66 57 97 44 79 51 24 98 153 138 124 111 99 89 82 78 77 81 146 131 116 102 89 78 69 64 64 68 141 125 109 94 80 67 57 51 50 55 136 120 103 87 72 57 45 37 36 43 133 116 99 82 66 50 35 24 23 33 132 114 97 80 63 46 29 13 11 26 132 114 97 80 63 45 28 12 10 26 133 116 99 82 65 49 34 23 22 32 136 119 103 87 71 56 44 36 35 42 140 124 108 93 79 66 55 49 48 54
105 103 54 5 153 121 100 130 95 4 41 85 99 112 140 29 77 32 27 166 103 72 46 0 154 114 69 101 102 37 85 83 69 66 130 51 73 23 25 121 143 126 109 93 77 62 48 37 32 36 140 123 106 89 72 56 40 25 18 25 139 122 105 87 70 53 36 19 4 18 140 122 105 88 71 54 37 21 10 20 141 124 107 91 74 58 43 30 24 30 144 128 111 95 80 65 52 42 38 41 149 133 117 102 87 74 63 55 52 54 154 139 124 109 96 84 74 68 65 67 161 146 132 118 106 95 87 81 79 81 168 154 141 128 117 107 100 95 93 94
50 52 104 152 3 38 55 108 92 152 119 137 85 48 22 152 102 161 176 17 52 85 124 154 0 51 88 88 97 120 70 142 96 93 29 106 106 170 142 38 130 128 129 133 138 145 154 164 175 188 116 114 115 119 125 133 142 153 166 178 102 100 101 105 112 121 132 143 156 170 88 86 87 92 100 110 121 134 148 162 74 72 74 79 88 99 112 126 141 156 60 57 60 67 77 90 104 119 134 150 47 43 47 55 68 82 97 113 129 145 34 29 34 45 60 75 92 108 125 142 23 15 23 38 54 71 88 105 123 140 18 1 18 35 53 70 87 105 122 139
23 37 72 113 48 13 35 117 85 112 87 87 80 6 30 120 85 115 139 67 28 56 78 114 51 0 46 85 94 78 42 92 73 65 23 72 88 126 98 44 140 132 126 123 122 123 127 132 140 150 128 119 113 109 108 109 113 120 128 139 116 107 100 95 94 95 100 108 117 128 105 94 86 81 80 82 87 96 107 119 94 83 73 67 66 68 75 85 97 110 85 72 61 54 52 55 63 75 88 103 77 63 50 41 38 42 53 66 81 97 71 55 40 28 24 31 44 59 76 92 68 51 34 18 10 22 38 55 73 90 68 50 33 16 6 21 38 55 72 89
39 43 34 68 86 53 39 108 68 67 45 67 66 44 72 76 59 73 94 102 39 27 38 69 88 46 0 71 79 33 27 70 43 32 62 31 59 82 55 61 128 116 105 96 89 86 86 89 95 104 119 106 94 84 76 72 72 76 83 94 111 97 84 72 63 58 58 63 72 84 105 89 75 61 51 44 44 51 62 75 100 83 67 52 39 31 31 40 53 68 96 79 62 46 30 18 18 31 47 63 95 78 61 43 26 9 10 27 44 62 96 79 62 45 29 16 16 30 46 63 99 82 66 51 37 28 29 38 52 67 104 88 73 60 48 42 42 49 60 74
62 49 52 96 89 79 50 37 7 98 60 137 5 79 89 84 25 123 112 91 57 45 99 101 88 85 71 0 10 81 48 139 34 43 81 57 29 122 103 52 58 48 43 45 52 64 78 93 108 124 49 36 29 31 42 56 71 87 104 120 42 27 15 20 34 50 67 84 101 118 40 22 5 13 31 48 65 82 100 117 42 27 15 19 34 50 67 84 101 118 49 36 29 31 42 56 71 87 104 120 58 48 43 45 52 64 78 93 108 124 69 61 57 58 64 74 86 100 114 130 82 75 71 72 77 85 96 108 122 136 94 88 85 86 90 97 106 118 130 144
72 58 56 98 98 89 60 31 11 99 63 144 15 88 98 84 26 126 112 99 67 52 105 102 97 94 79 10 0 86 57 146 39 49 91 62 30 124 107 61 50 39 34 37 46 60 75 91 107 124 42 28 19 24 38 53 70 87 104 121 38 21 6 16 33 50 67 85 102 119 39 22 10 18 34 51 68 85 102 120 44 31 24 28 40 55 71 88 105 121 54 43 38 41 50 63 77 92 109 125 64 56 52 54 61 72 85 99 114 130 76 70 67 68 74 83 94 107 121 136 89 83 81 82 87 94 104 116 129 143 102 97 95 96 100 106 115 126 138 151
70 71 30 36 118 85 67 116 76 35 29 65 78 76 104 49 61 44 62 132 69 42 21 37 120 78 33 81 86 0 53 65 48 40 94 25 59 51 25 89 133 118 104 91 79 69 63 62 65 73 127 112 96 82 68 57 50 48 52 61 123 106 90 74 59 46 37 34 40 51 120 103 86 69 53 37 25 21 29 44 118 101 84 66 49 32 15 8 22 39 118 101 84 66 49 32 16 9 23 40 120 103 86 70 53 38 26 22 31 44 123 107 91 75 60 48 39 36 42 53 128 112 97 83 70 59 52 50 54 63 134 119 105 92 80 71 65 64 67 74
23 19 35 83 69 42 15 84 47 83 50 93 43 37 59 83 44 96 106 81 19 16 63 85 70 42 27 48 57 53 0 96 31 25 49 36 46 102 77 37 106 96 87 82 80 82 87 96 106 118 96 84 75 68 66 69 75 84 96 109 86 73 62 55 52 55 63 74 87 102 79 64 51 42 38 42 52 65 80 95 73 57 42 29 24 30 43 58 74 91 70 52 36 20 10 21 37 54 71 88 69 52 35 17 5 19 36 53 71 88 71 55 39 25 19 26 40 56 73 90 76 61 47 37 33 38 48 62 78 94 83 70 58 50 47 50 59 71 84 99
100 109 92 86 139 104 105 176 135 83 94 7 135 95 121 107 122 57 107 158 102 95 45 83 142 92 70 139 146 65 96 0 108 97 114 87 121 76 59 126 195 181 168 155 144 133 125 118 113 111 187 173 159 145 133 122 112 105 100 98 180 165 150 136 123 111 101 92 87 84 174 158 143 128 114 101 89 80 73 70 169 152 136 121 106 92 79 68 60 57 164 148 131 115 99 84 70 57 47 43 161 144 127 111 94 78 62 47 35 29 159 142 125 108 91 74 57 40 25 16 158 141 124 107 89 72 55 37 20 3 159 142 124 107 90 73 56 39 24 13
53 44 18 66 95 73 43 69 29 66 29 106 31 68 88 59 16 90 85 104 49 19 66 69 96 73 43 34 39 48 31 108 0 11 78 23 17 90 70 59 88 74 62 53 50 51 59 70 83 97 81 65 52 41 36 38 48 61 75 91 75 59 43 29 22 26 39 54 70 87 73 56 38 22 8 17 33 50 67 85 73 56 38 22 8 17 33 50 67 85 75 59 43 30 22 26 39 54 70 87 81 66 52 41 36 38 48 61 76 91 88 74 62 54 50 52 59 70 83 97 97 84 74 67 64 65 71 80 92 105 106 95 86 80 78 79 84 92 102 114
47 41 13 63 92 66 38 79 38 63 27 96 39 60 83 60 27 83 85 102 43 10 57 66 93 65 32 43 49 40 25 97 11 0 73 16 27 86 63 57 98 85 73 64 59 59 63 72 83 97 90 76 62 52 45 45 51 61 75 89 84 68 53 40 32 31 40 52 67 83 80 63 47 31 19 18 30 46 63 79 79 62 44 27 10 9 26 43 61 78 80 63 46 30 16 15 29 45 62 79 83 67 52 38 28 28 37 51 66 82 89 74 60 49 42 42 48 59 73 88 96 82 70 61 56 55 60 69 81 95 105 92 82 74 69 69 73 81 91 103
27 35 83 128 26 10 36 109 83 128 98 109 77 20 11 131 88 134 153 45 30 64 97 130 29 23 62 81 91 94 49 114 78 73 0 84 91 144 116 31 132 127 124 123 125 129 136 144 153 164 118 113 110 109 111 116 123 132 143 154 105 99 96 95 98 103 111 121 133 145 93 86 82 81 84 91 100 111 123 137 81 72 68 67 71 78 89 101 115 129 69 60 54 53 58 67 79 93 107 123 59 48 40 39 45 57 70 86 101 118 51 37 26 25 35 48 64 80 97 114 46 30 15 13 27 43 60 77 95 112 46 28 12 9 25 42 60 77 94 111
58 54 6 48 104 76 51 92 52 48 15 86 53 69 94 48 37 67 71 116 55 22 44 51 106 72 31 57 62 25 36 87 23 16 84 0 35 70 47 71 109 95 81 69 60 55 56 61 70 82 103 87 72 59 48 42 42 49 60 74 98 82 66 50 37 28 29 38 52 68 95 78 61 44 28 15 16 30 47 64 94 77 60 43 25 8 10 28 45 62 96 79 62 45 30 18 19 32 48 64 99 83 67 52 39 31 31 40 54 69 104 89 74 61 50 44 45 51 62 76 111 96 83 72 63 58 58 64 73 84 119 105 93 83 76 72 72 76 84 94
67 57 30 69 105 87 56 59 22 70 34 120 28 83 101 56 5 97 84 112 63 35 79 73 106 88 59 29 30 59 46 121 17 27 91 35 0 95 78 68 75 60 47 37 35 40 51 65 80 96 70 53 38 25 21 29 43 59 75 92 67 50 33 16 7 22 39 56 73 90 67 50 33 17 9 22 39 56 73 90 70 54 39 27 23 31 44 60 76 93 76 61 49 39 37 42 53 66 81 97 84 71 60 53 51 55 63 75 88 103 93 82 72 66 65 68 75 85 97 110 104 93 85 80 79 81 87 96 106 119 115 105 98 94 93 95 100 107 117 128
120 121 74 28 168 135 117 153 116 26 63 80 120 125 154 49 99 19 34 182 119 90 51 23 170 126 82 122 124 51 102 76 90 86 144 70 95 0 28 139 165 148 132 115 99 83 68 54 43 36 163 146 129 112 95 78 62 46 32 23 162 144 127 110 92 75 58 41 24 10 161 144 127 110 92 75 58 41 24 8 162 145 128 111 94 77 61 45 30 20 165 148 131 114 98 82 66 52 40 34 168 152 135 119 103 88 74 62 52 47 173 157 141 125 110 96 84 73 65 61 178 163 147 133 119 106 94 85 78 75 184 169 155 141 128 116 105 97 91 88
93 95 52 27 141 107 91 137 98 25 45 61 100 97 126 49 81 20 50 156 92 66 24 25 142 98 55 103 107 25 77 59 70 63 116 47 78 28 0 113 152 136 121 106 91 78 67 59 56 58 148 131 115 99 84 69 56 47 42 45 144 127 110 94 78 62 47 35 29 32 142 125 108 91 74 57 40 25 15 21 141 124 107 89 72 55 38 20 3 15 142 125 108 90 73 56 40 24 14 20 144 127 110 94 77 61 46 34 28 31 147 131 115 99 83 69 56 46 41 44 152 136 120 105 91 78 67 59 55 57 158 142 127 113 100 88 78 72 69 70
27 19 69 119 38 34 23 78 55 119 84 122 48 38 38 116 64 133 141 46 24 50 98 121 38 44 61 52 61 89 37 126 59 57 31 71 68 139 113 0 101 96 94 96 100 107 117 128 140 153 87 82 80 82 87 95 106 118 131 145 75 68 66 68 75 84 96 109 123 138 62 55 52 55 62 74 87 101 116 132 51 41 38 42 51 65 79 95 111 127 42 29 24 30 42 58 74 90 107 124 36 20 9 20 37 54 71 88 105 122 35 18 6 19 36 53 70 88 105 122 40 26 20 27 40 56 73 90 106 124 48 38 34 38 49 63 78 94 110 126
118 104 104 138 131 133 106 23 61 140 107 193 63 134 137 119 73 170 146 126 113 102 153 143 130 140 128 58 50 133 106 195 88 98 132 109 75 165 152 101 0 18 35 52 70 87 104 122 139 156 15 23 38 54 71 88 105 122 140 157 29 34 45 60 75 91 108 125 142 159 43 47 55 68 82 97 113 129 145 162 58 60 67 77 90 104 119 134 150 166 72 74 80 88 99 112 126 140 156 171 86 88 93 100 110 122 134 148 162 177 100 102 106 112 121 132 144 156 170 184 115 116 119 125 133 143 154 166 179 192 129 130 133 138 145 154 164 176 188 201
110 96 90 121 130 126 98 23 50 123 92 180 53 126 133 102 59 154 128 126 105 90 138 126 128 132 116 48 39 118 96 181 74 85 127 95 60 148 136 96 18 0 18 35 52 70 87 104 122 139 23 15 23 38 54 71 88 105 122 140 34 29 34 45 60 75 91 108 125 142 47 43 46 55 67 82 97 112 129 145 60 57 60 67 77 90 104 118 134 150 74 72 73 79 88 99 112 126 140 155 88 86 87 92 100 110 121 134 148 162 102 100 101 105 112 121 131 143 156 170 116 114 115 119 125 133 142 153 165 178 130 128 129 132 138 145 154 164 175 187
104 91 76 105 130 122 92 33 42 107 76 167 48 121 131 85 47 138 111 130 99 79 124 109 129 126 105 43 34 104 87 168 62 73 124 81 47 132 121 94 35 18 0 18 35 52 70 87 104 122 38 23 15 23 38 54 71 88 105 122 45 34 29 34 45 60 75 91 108 125 55 46 43 46 55 67 81 97 112 129 67 60 57 60 67 77 90 104 118 134 80 73 71 73 79 88 99 112 126 140 93 87 85 87 92 99 109 121 134 148 106 101 99 101 105 112 121 131 143 156 119 115 114 115 118 124 132 142 153 165 133 129 128 129 132 137 144 153 163 175
101 89 65 88 133 120 89 48 41 90 62 155 48 117 132 68 39 122 94 135 96 71 111 93 133 123 96 45 37 91 82 155 53 64 123 69 37 115 106 96 52 35 18 0 18 35 52 70 87 104 54 38 23 15 23 38 54 71 88 105 60 45 34 29 33 45 59 75 91 108 68 55 46 43 46 55 67 81 97 112 77 67 60 57 59 66 77 89 103 118 88 79 73 71 73 79 88 99 112 125 100 92 87 85 87 91 99 109 121 134 112 105 101 99 100 105 111 120 131 143 125 119 115 113 114 118 124 132 141 152 138 132 129 127 128 131 137 144 153 163
101 90 57 72 138 121 90 64 47 74 51 144 54 117 134 51 38 107 77 142 97 67 99 77 138 122 89 52 46 79 80 144 50 59 125 60 35 99 91 100 70 52 35 18 0 18 35 52 70 87 71 54 38 23 15 23 38 54 71 88 75 60 45 33 29 33 45 59 75 91 82 67 55 46 43 46 55 67 81 96 90 77 67 59 57 59 66 77 89 103 99 88 79 73 71 73 78 87 99 111 110 100 92 87 85 86 91 99 109 120 121 112 105 100 99 100 104 111 120 130 133 125 118 114 113 114 117 123 131 141 145 138 132 128 127 127 131 136 143 152
104 95 53 57 145 124 94 80 58 59 43 134 65 119 139 34 44 93 59 151 100 68 89 62 145 123 86 64 60 69 82 133 51 59 129 55 40 83 78 107 87 70 52 35 18 0 18 35 52 70 88 71 54 38 23 14 23 38 54 71 91 75 60 45 33 28 33 45 59 75 97 82 67 55 46 42 46 55 67 81 104 90 77 66 59 56 59 66 76 89 112 99 88 79 73 70 72 78 87 98 122 110 99 91 86 84 86 91 98 108 132 121 112 105 100 98 99 104 110 119 143 133 124 118 114 112 113 117 123 131 154 145 137 131 127 126 127 130 135 143
110 102 55 43 153 129 101 97 72 46 41 126 78 123 146 19 56 79 42 161 106 72 82 48 154 127 86 78 75 63 87 125 59 63 136 56 51 68 67 117 104 87 70 52 35 18 0 18 35 52 105 88 71 54 38 23 14 23 38 54 108 91 75 59 45 33 28 33 45 59 113 97 81 67 55 46 42 46 54 67 119 104 90 77 66 59 56 59 66 76 126 112 99 88 78 72 70 72 78 87 134 121 109 99 91 86 84 85 90 98 144 131 121 111 104 99 98 99 103 110 154 142 132 124 117 113 112 113 116 122 164 154 144 137 131 127 125 126 130 135
118 112 62 33 163 136 110 114 86 35 47 120 92 129 154 13 69 68 25 173 115 80 78 37 164 132 89 93 91 62 96 118 70 72 144 61 65 54 59 128 122 104 87 70 52 35 18 0 18 35 122 105 88 71 54 38 23 14 23 38 125 108 91 75 59 45 33 28 33 45 129 112 97 81 67 55 46 42 45 54 134 118 104 89 77 66 59 56 58 65 140 126 112 99 87 78 72 70 72 77 148 134 121 109 99 91 85 83 85 90 156 143 131 120 111 104 99 97 99 103 166 153 142 132 123 117 113 111 112 116 176 164 153 144 136 130 126 125 126 129
128 123 72 30 174 145 121 131 102 32 57 116 108 138 164 25 85 59 9 185 125 91 77 32 175 140 95 108 107 65 106 113 83 83 153 70 80 43 56 140 139 122 104 87 70 52 35 18 0 18 140 122 105 88 71 54 38 23 14 23 142 125 108 91 75 59 45 33 28 33 145 129 112 97 81 67 54 45 42 45 150 134 118 103 89 76 66 58 55 58 156 140 126 112 99 87 78 72 69 71 162 148 134 121 109 98 90 85 83 85 170 156 143 131 120 110 103 99 97 98 179 165 153 141 131 123 116 112 110 112 188 175 163 153 143 135 130 126 124 125
139 136 85 37 186 156 133 148 118 38 70 115 123 147 175 40 100 55 13 198 137 104 81 36 188 150 104 124 124 73 118 111 97 97 164 82 96 36 58 153 156 139 122 104 87 70 52 35 18 0 157 140 122 105 88 71 54 38 23 14 159 142 125 108 91 75 59 45 33 28 162 145 129 112 96 81 67 54 45 42 166 150 134 118 103 89 76 65 58 55 171 155 140 125 111 98 87 77 71 69 177 162 148 134 120 108 98 90 85 83 184 170 156 143 130 119 110 103 98 96 192 178 165 152 141 131 122 116 112 110 201 187 175 163 152 143 135 129 125 124
106 92 98 136 117 120 94 12 53 137 103 185 53 122 124 118 67 166 146 111 101 93 146 140 116 128 119 49 42 127 96 187 81 90 118 103 70 163 148 87 15 23 38 54 71 88 105 122 140 157 0 18 35 52 70 87 104 122 139 156 15 23 38 54 71 88 105 122 140 157 29 34 45 60 75 91 108 125 142 159 43 47 55 68 82 97 113 129 145 162 58 60 67 77 90 104 119 134 150 166 72 74 80 88 99 112 126 140 156 171 86 88 93 100 110 122 134 148 162 177 100 102 106 112 121 132 144 156 170 184 115 116 119 125 133 143 154 166 179 192
97 83 82 119 115 113 85 11 39 120 86 171 41 113 119 101 51 150 128 112 92 80 131 123 114 119 106 36 28 112 84 173 65 76 113 87 53 146 131 82 23 15 23 38 54 71 88 105 122 140 18 0 18 35 52 70 87 104 122 139 23 15 23 38 54 71 88 105 122 140 34 29 34 45 60 75 91 108 125 142 47 43 46 55 67 82 97 112 129 145 60 57 60 67 77 90 104 118 134 150 74 72 73 79 88 99 112 126 140 155 88 86 87 92 100 110 121 134 148 162 102 100 101 105 112 121 131 143 156 170 116 114 115 119 125 133 142 153 165 178
91 77 67 102 116 108 78 27 29 103 70 157 34 107 117 84 37 133 111 116 86 68 116 106 115 113 94 29 19 96 75 159 52 62 110 72 38 129 115 80 38 23 15 23 38 54 71 88 105 122 35 18 0 18 35 52 70 87 104 122 38 23 15 23 38 54 71 88 105 122 45 34 29 34 45 60 75 91 108 125 55 46 43 46 55 67 81 97 112 129 67 60 57 60 67 77 90 104 118 134 80 73 71 73 79 88 99 112 126 140 93 87 85 87 92 99 109 121 134 148 106 101 99 101 105 112 121 131 143 156 119 115 114 115 118 124 132 142 153 165
87 75 54 85 119 106 75 44 28 86 54 144 34 104 118 66 26 117 94 122 82 58 102 89 119 109 84 31 24 82 68 145 41 52 109 59 25 112 99 82 54 38 23 15 23 38 54 71 88 105 52 35 18 0 18 35 52 70 87 104 54 38 23 15 23 38 54 71 88 105 60 45 34 29 33 45 59 75 91 108 68 55 46 43 46 55 67 81 97 112 77 67 60 57 59 66 77 89 103 118 88 79 73 71 73 79 88 99 112 125 100 92 87 85 87 91 99 109 121 134 112 105 101 99 100 105 111 120 131 143 125 119 115 113 114 118 124 132 141 152
87 77 44 68 125 107 76 61 36 69 40 133 43 103 121 49 24 101 77 130 83 53 89 72 125 108 76 42 38 68 66 133 36 45 111 48 21 95 84 87 71 54 38 23 15 23 38 54 71 88 70 52 35 18 0 18 35 52 70 87 71 54 38 23 15 23 38 54 71 88 75 60 45 33 29 33 45 59 75 91 82 67 55 46 43 46 55 67 81 96 90 77 67 59 57 59 66 77 89 103 99 88 79 73 71 73 78 87 99 111 110 100 92 87 85 86 91 99 109 120 121 112 105 100 99 100 104 111 120 130 133 125 118 114 113 114 117 123 131 141
91 82 39 51 132 110 81 78 49 53 30 122 56 105 126 32 33 85 60 140 87 54 78 56 133 109 72 56 53 57 69 122 38 45 116 42 29 78 69 95 88 71 54 38 23 14 23 38 54 71 87 70 52 35 18 0 18 35 52 70 88 71 54 38 23 14 23 38 54 71 91 75 60 45 33 28 33 45 59 75 97 82 67 55 46 42 46 55 67 81 104 90 77 66 59 56 59 66 76 89 112 99 88 79 73 70 72 78 87 98 122 110 99 91 86 84 86 91 98 108 132 121 112 105 100 98 99 104 110 119 143 133 124 118 114 112 113 117 123 131
97 91 42 35 142 116 89 95 65 37 27 114 70 110 133 15 47 70 42 151 94 60 69 40 142 113 72 71 70 50 75 112 48 51 123 42 43 62 56 106 105 88 71 54 38 23 14 23 38 54 104 87 70 52 35 18 0 18 35 52 105 88 71 54 38 23 14 23 38 54 108 91 75 59 45 33 28 33 45 59 113 97 81 67 55 46 42 46 54 67 119 104 90 77 66 59 56 59 66 76 126 112 99 88 78 72 70 72 78 87 134 121 109 99 91 86 84 85 90 98 144 131 121 111 104 99 98 99 103 110 154 142 132 124 117 113 112 113 116 122
106 101 50 21 152 124 99 112 81 24 35 107 86 117 142 4 63 57 26 163 103 69 64 25 153 120 76 87 87 48 84 105 61 61 132 49 59 46 47 118 122 105 88 71 54 38 23 14 23 38 122 104 87 70 52 35 18 0 18 35 122 105 88 71 54 38 23 14 23 38 125 108 91 75 59 45 33 28 33 45 129 112 97 81 67 55 46 42 45 54 134 118 104 89 77 66 59 56 58 65 140 126 112 99 87 78 72 70 72 77 148 134 121 109 99 91 85 83 85 90 156 143 131 120 111 104 99 97 99 103 166 153 142 132 123 117 113 111 112 116
117 114 63 17 164 134 111 130 97 19 48 103 102 126 153 21 80 47 11 176 115 82 64 18 166 128 83 104 104 52 96 100 75 75 143 60 75 32 42 131 140 122 105 88 71 54 38 23 14 23 139 122 104 87 70 52 35 18 0 18 140 122 105 88 71 54 38 23 14 23 142 125 108 91 75 59 45 33 28 33 145 129 112 97 81 67 54 45 42 45 150 134 118 103 89 76 66 58 55 58 156 140 126 112 99 87 78 72 69 71 162 148 134 121 109 98 90 85 83 85 170 156 143 131 120 110 103 99 97 98 179 165 153 141 131 123 116 112 110 112
129 127 77 27 177 146 124 147 114 27 63 102 119 137 164 38 96 41 14 190 127 95 68 25 178 139 94 120 121 61 109 98 91 89 154 74 92 23 45 145 157 140 122 105 88 71 54 38 23 14 156 139 122 104 87 70 52 35 18 0 157 140 122 105 88 71 54 38 23 14 159 142 125 108 91 75 59 45 33 28 162 145 129 112 96 81 67 54 45 42 166 150 134 118 103 89 76 65 58 55 171 155 140 125 111 98 87 77 71 69 177 162 148 134 120 108 98 90 85 83 184 170 156 143 130 119 110 103 98 96 192 178 165 152 141 131 122 116 112 110
94 81 93 135 103 107 83 13 47 136 100 178 46 110 110 119 64 164 147 97 90 86 141 139 102 116 111 42 38 123 86 180 75 84 105 98 67 162 144 75 29 34 45 60 75 91 108 125 142 159 15 23 38 54 71 88 105 122 140 157 0 18 35 52 70 87 104 122 139 156 15 23 38 54 71 88 105 122 140 157 29 34 45 60 75 91 108 125 142 159 43 47 55 68 82 97 113 129 145 162 58 60 67 77 90 104 119 134 150 166 72 74 80 88 99 112 126 140 156 171 86 88 93 100 110 122 134 148 162 177 100 102 106 112 121 132 144 156 170 184
84 71 76 118 101 100 73 12 31 119 83 163 31 101 105 102 47 147 130 98 80 71 125 122 100 107 97 27 21 106 73 165 59 68 99 82 50 144 127 68 34 29 34 45 60 75 91 108 125 142 23 15 23 38 54 71 88 105 122 140 18 0 18 35 52 70 87 104 122 139 23 15 23 38 54 71 88 105 122 140 34 29 34 45 60 75 91 108 125 142 47 43 46 55 67 82 97 112 129 145 60 57 60 67 77 90 104 118 134 150 74 72 73 79 88 99 112 126 140 155 88 86 87 92 100 110 121 134 148 162 102 100 101 105 112 121 131 143 156 170
77 64 60 100 102 94 65 27 16 102 66 149 20 94 103 85 30 130 113 102 72 57 109 105 101 100 84 15 6 90 62 150 43 53 96 66 33 127 110 66 45 34 29 34 45 60 75 91 108 125 38 23 15 23 38 54 71 88 105 122 35 18 0 18 35 52 70 87 104 122 38 23 15 23 38 54 71 88 105 122 45 34 29 34 45 60 75 91 108 125 55 46 43 46 55 67 81 97 112 129 67 60 57 60 67 77 90 104 118 134 80 73 71 73 79 88 99 112 126 140 93 87 85 87 92 99 109 121 134 148 106 101 99 101 105 112 121 131 143 156
73 61 45 83 106 92 61 44 14 84 49 135 21 90 104 68 14 113 96 109 68 46 94 87 105 95 72 20 16 74 55 136 29 40 95 50 16 110 94 68 60 45 34 29 33 45 59 75 91 108 54 38 23 15 23 38 54 71 88 105 52 35 18 0 18 35 52 70 87 104 54 38 23 15 23 38 54 71 88 105 60 45 34 29 33 45 59 75 91 108 68 55 46 43 46 55 67 81 97 112 77 67 60 57 59 66 77 89 103 118 88 79 73 71 73 79 88 99 112 125 100 92 87 85 87 91 99 109 121 134 112 105 101 99 100 105 111 120 131 143
73 63 32 66 112 93 62 61 27 67 33 122 34 89 107 51 11 96 79 118 69 40 80 70 112 94 63 34 33 59 52 123 22 32 98 37 7 92 78 75 75 60 45 33 29 33 45 59 75 91 71 54 38 23 15 23 38 54 71 88 70 52 35 18 0 18 35 52 70 87 71 54 38 23 15 23 38 54 71 88 75 60 45 33 29 33 45 59 75 91 82 67 55 46 43 46 55 67 81 96 90 77 67 59 57 59 66 77 89 103 99 88 79 73 71 73 78 87 99 111 110 100 92 87 85 86 91 99 109 120 121 112 105 100 99 100 104 111 120 130
78 70 25 48 120 97 68 78 44 50 18 111 49 91 113 35 26 80 63 129 74 40 67 53 121 95 58 50 50 46 55 111 26 31 103 28 22 75 62 84 91 75 60 45 33 28 33 45 59 75 88 71 54 38 23 14 23 38 54 71 87 70 52 35 18 0 18 35 52 70 88 71 54 38 23 14 23 38 54 71 91 75 60 45 33 28 33 45 59 75 97 82 67 55 46 42 46 55 67 81 104 90 77 66 59 56 59 66 76 89 112 99 88 79 73 70 72 78 87 98 122 110 99 91 86 84 86 91 98 108 132 121 112 105 100 98 99 104 110 119
85 80 29 31 131 104 77 95 60 33 14 101 65 97 121 21 43 63 47 141 82 48 57 36 132 100 58 67 67 37 63 101 39 40 111 29 39 58 47 96 108 91 75 59 45 33 28 33 45 59 105 88 71 54 38 23 14 23 38 54 104 87 70 52 35 18 0 18 35 52 105 88 71 54 38 23 14 23 38 54 108 91 75 59 45 33 28 33 45 59 113 97 81 67 55 46 42 46 54 67 119 104 90 77 66 59 56 59 66 76 126 112 99 88 78 72 70 72 78 87 134 121 109 99 91 86 84 85 90 98 144 131 121 111 104 99 98 99 103 110
95 92 41 14 142 113 89 113 77 16 26 94 82 105 131 16 60 48 33 154 93 60 51 19 143 108 63 84 85 34 74 92 54 52 121 38 56 41 35 109 125 108 91 75 59 45 33 28 33 45 122 105 88 71 54 38 23 14 23 38 122 104 87 70 52 35 18 0 18 35 122 105 88 71 54 38 23 14 23 38 125 108 91 75 59 45 33 28 33 45 129 112 97 81 67 55 46 42 45 54 134 118 104 89 77 66 59 56 58 65 140 126 112 99 87 78 72 70 72 77 148 134 121 109 99 91 85 83 85 90 156 143 131 120 111 104 99 97 99 103
107 105 55 5 155 124 102 130 95 6 42 89 99 115 143 26 77 35 23 168 105 74 50 4 156 117 72 101 102 40 87 87 70 67 133 52 73 24 29 123 142 125 108 91 75 59 45 33 28 33 140 122 105 88 71 54 38 23 14 23 139 122 104 87 70 52 35 18 0 18 140 122 105 88 71 54 38 23 14 23 142 125 108 91 75 59 45 33 28 33 145 129 112 97 81 67 54 45 42 45 150 134 118 103 89 76 66 58 55 58 156 140 126 112 99 87 78 72 69 71 162 148 134 121 109 98 90 85 83 85 170 156 143 131 120 110 103 99 97 98
121 120 71 22 169 136 117 147 112 21 59 88 116 127 155 41 94 28 25 182 119 89 55 18 170 128 84 118 119 51 102 84 87 83 145 68 90 10 32 138 159 142 125 108 91 75 59 45 33 28 157 140 122 105 88 71 54 38 23 14 156 139 122 104 87 70 52 35 18 0 157 140 122 105 88 71 54 38 23 14 159 142 125 108 91 75 59 45 33 28 162 145 129 112 96 81 67 54 45 42 166 150 134 118 103 89 76 65 58 55 171 155 140 125 111 98 87 77 71 69 177 162 148 134 120 108 98 90 85 83 184 170 156 143 130 119 110 103 98 96
84 71 90 135 89 95 73 24 46 137 99 171 42 99 97 122 63 162 150 83 79 81 136 140 88 105 105 40 39 120 79 174 73 80 93 95 67 161 142 62 43 47 55 68 82 97 113 129 145 162 29 34 45 60 75 91 108 125 142 159 15 23 38 54 71 88 105 122 140 157 0 18 35 52 70 87 104 122 139 156 15 23 38 54 71 88 105 122 140 157 29 34 45 60 75 91 108 125 142 159 43 47 55 68 82 97 113 129 145 162 58 60 67 77 90 104 119 134 150 166 72 74 80 88 99 112 126 140 156 171 86 88 93 100 110 122 134 148 162 177
73 59 73 118 87 87 61 24 28 119 82 156 25 88 92 105 46 145 133 84 68 64 120 122 86 94 89 22 22 103 64 158 56 63 86 78 50 144 125 55 47 43 46 55 67 82 97 112 129 145 34 29 34 45 60 75 91 108 125 142 23 15 23 38 54 71 88 105 122 140 18 0 18 35 52 70 87 104 122 139 23 15 23 38 54 71 88 105 122 140 34 29 34 45 60 75 91 108 125 142 47 43 46 55 67 82 97 112 129 145 60 57 60 67 77 90 104 118 134 150 74 72 73 79 88 99 112 126 140 155 88 86 87 92 100 110 121 134 148 162
64 50 56 101 88 80 52 34 11 102 65 141 9 80 89 89 29 127 117 89 59 49 103 105 87 86 75 5 10 86 51 143 38 47 82 61 33 127 108 52 55 46 43 46 55 67 81 97 112 129 45 34 29 34 45 60 75 91 108 125 38 23 15 23 38 54 71 88 105 122 35 18 0 18 35 52 70 87 104 122 38 23 15 23 38 54 71 88 105 122 45 34 29 34 45 60 75 91 108 125 55 46 43 46 55 67 81 97 112 129 67 60 57 60 67 77 90 104 118 134 80 73 71 73 79 88 99 112 126 140 93 87 85 87 92 99 109 121 134 148
59 47 39 84 92 78 47 48 8 85 47 126 12 76 90 73 13 110 100 97 54 35 87 88 92 81 61 13 18 69 42 128 22 31 81 44 17 110 91 55 68 55 46 43 46 55 67 81 97 112 60 45 34 29 33 45 59 75 91 108 54 38 23 15 23 38 54 71 88 105 52 35 18 0 18 35 52 70 87 104 54 38 23 15 23 38 54 71 88 105 60 45 34 29 33 45 59 75 91 108 68 55 46 43 46 55 67 81 97 112 77 67 60 57 59 66 77 89 103 118 88 79 73 71 73 79 88 99 112 125 100 92 87 85 87 91 99 109 121 134
60 50 23 67 100 79 49 64 25 68 30 113 28 75 94 57 9 93 84 107 55 26 72 71 100 80 51 31 34 53 38 114 8 19 84 28 9 92 74 62 82 67 55 46 43 46 55 67 81 96 75 60 45 33 29 33 45 59 75 91 71 54 38 23 15 23 38 54 71 88 70 52 35 18 0 18 35 52 70 87 71 54 38 23 15 23 38 54 71 88 75 60 45 33 29 33 45 59 75 91 82 67 55 46 43 46 55 67 81 96 90 77 67 59 57 59 66 77 89 103 99 88 79 73 71 73 78 87 99 111 110 100 92 87 85 86 91 99 109 120
65 58 11 50 109 84 56 81 42 51 13 100 45 78 101 43 25 76 69 119 61 27 57 54 110 82 44 48 51 37 42 101 17 18 91 15 22 75 57 74 97 82 67 55 46 42 46 55 67 81 91 75 60 45 33 28 33 45 59 75 88 71 54 38 23 14 23 38 54 71 87 70 52 35 18 0 18 35 52 70 88 71 54 38 23 14 23 38 54 71 91 75 60 45 33 28 33 45 59 75 97 82 67 55 46 42 46 55 67 81 104 90 77 66 59 56 59 66 76 89 112 99 88 79 73 70 72 78 87 98 122 110 99 91 86 84 86 91 98 108
74 70 19 33 120 92 67 97 59 34 6 90 63 84 110 33 42 59 55 132 71 37 45 37 121 87 44 65 68 25 52 89 33 30 100 16 39 58 40 87 113 97 81 67 55 46 42 46 54 67 108 91 75 59 45 33 28 33 45 59 105 88 71 54 38 23 14 23 38 54 104 87 70 52 35 18 0 18 35 52 105 88 71 54 38 23 14 23 38 54 108 91 75 59 45 33 28 33 45 59 113 97 81 67 55 46 42 46 54 67 119 104 90 77 66 59 56 59 66 76 126 112 99 88 78 72 70 72 78 87 134 121 109 99 91 86 84 85 90 98
85 83 34 18 133 102 80 114 77 18 23 81 80 94 121 30 59 42 43 146 83 52 37 21 134 96 51 82 85 21 65 80 50 46 111 30 56 41 25 101 129 112 97 81 67 55 46 42 45 54 125 108 91 75 59 45 33 28 33 45 122 105 88 71 54 38 23 14 23 38 122 104 87 70 52 35 18 0 18 35 122 105 88 71 54 38 23 14 23 38 125 108 91 75 59 45 33 28 33 45 129 112 97 81 67 55 46 42 45 54 134 118 104 89 77 66 59 56 58 65 140 126 112 99 87 78 72 70 72 77 148 134 121 109 99 91 85 83 85 90
98 98 51 13 146 114 95 131 94 10 40 76 97 105 133 36 76 26 36 160 97 67 36 10 148 107 62 100 102 29 80 73 67 63 123 47 73 24 15 116 145 129 112 97 81 67 54 45 42 45 142 125 108 91 75 59 45 33 28 33 140 122 105 88 71 54 38 23 14 23 139 122 104 87 70 52 35 18 0 18 140 122 105 88 71 54 38 23 14 23 142 125 108 91 75 59 45 33 28 33 145 129 112 97 81 67 54 45 42 45 150 134 118 103 89 76 66 58 55 58 156 140 126 112 99 87 78 72 69 71 162 148 134 121 109 98 90 85 83 85
113 114 68 25 161 127 110 148 111 23 58 74 115 118 146 48 94 14 37 175 112 84 43 20 162 119 75 117 120 44 95 70 85 79 137 64 90 8 21 132 162 145 129 112 96 81 67 54 45 42 159 142 125 108 91 75 59 45 33 28 157 140 122 105 88 71 54 38 23 14 156 139 122 104 87 70 52 35 18 0 157 140 122 105 88 71 54 38 23 14 159 142 125 108 91 75 59 45 33 28 162 145 129 112 96 81 67 54 45 42 166 150 134 118 103 89 76 65 58 55 171 155 140 125 111 98 87 77 71 69 177 162 148 134 120 108 98 90 85 83
75 62 90 137 75 84 65 38 48 138 100 165 43 89 84 126 66 161 154 68 71 77 133 141 74 94 100 42 44 118 73 169 73 79 81 94 70 162 141 51 58 60 67 77 90 104 119 134 150 166 43 47 55 68 82 97 113 129 145 162 29 34 45 60 75 91 108 125 142 159 15 23 38 54 71 88 105 122 140 157 0 18 35 52 70 87 104 122 139 156 15 23 38 54 71 88 105 122 140 157 29 34 45 60 75 91 108 125 142 159 43 47 55 68 82 97 113 129 145 162 58 60 67 77 90 104 119 134 150 166 72 74 80 88 99 112 126 140 156 171
62 48 72 120 73 74 51 38 33 121 83 149 27 77 78 110 50 144 138 70 57 60 116 124 72 83 83 27 31 101 57 152 56 62 72 77 54 145 124 41 60 57 60 67 77 90 104 118 134 150 47 43 46 55 67 82 97 112 129 145 34 29 34 45 60 75 91 108 125 142 23 15 23 38 54 71 88 105 122 140 18 0 18 35 52 70 87 104 122 139 23 15 23 38 54 71 88 105 122 140 34 29 34 45 60 75 91 108 125 142 47 43 46 55 67 82 97 112 129 145 60 57 60 67 77 90 104 118 134 150 74 72 73 79 88 99 112 126 140 155
51 37 55 104 74 67 39 45 20 104 66 134 13 68 75 94 35 127 122 76 46 43 99 107 74 73 67 15 24 84 42 136 38 44 68 60 39 128 107 38 67 60 57 60 67 77 90 104 118 134 55 46 43 46 55 67 81 97 112 129 45 34 29 34 45 60 75 91 108 125 38 23 15 23 38 54 71 88 105 122 35 18 0 18 35 52 70 87 104 122 38 23 15 23 38 54 71 88 105 122 45 34 29 34 45 60 75 91 108 125 55 46 43 46 55 67 81 97 112 129 67 60 57 60 67 77 90 104 118 134 80 73 71 73 79 88 99 112 126 140
45 33 38 87 79 64 33 56 18 88 50 119 15 62 76 79 23 109 106 85 40 27 82 91 79 67 52 19 28 66 29 121 22 27 67 43 27 111 89 42 77 67 60 57 59 66 77 89 103 118 68 55 46 43 46 55 67 81 97 112 60 45 34 29 33 45 59 75 91 108 54 38 23 15 23 38 54 71 88 105 52 35 18 0 18 35 52 70 87 104 54 38 23 15 23 38 54 71 88 105 60 45 34 29 33 45 59 75 91 108 68 55 46 43 46 55 67 81 97 112 77 67 60 57 59 66 77 89 103 118 88 79 73 71 73 79 88 99 112 125
46 37 21 71 88 65 35 70 30 71 34 104 30 61 81 65 21 92 91 97 42 13 66 74 88 66 39 34 40 49 24 106 8 10 71 25 23 94 72 51 90 77 67 59 57 59 66 77 89 103 82 67 55 46 43 46 55 67 81 96 75 60 45 33 29 33 45 59 75 91 71 54 38 23 15 23 38 54 71 88 70 52 35 18 0 18 35 52 70 87 71 54 38 23 15 23 38 54 71 88 75 60 45 33 29 33 45 59 75 91 82 67 55 46 43 46 55 67 81 96 90 77 67 59 57 59 66 77 89 103 99 88 79 73 71 73 78 87 99 111
52 48 5 55 98 71 45 86 45 55 20 90 46 65 88 54 31 75 77 109 49 15 50 58 99 68 31 50 55 32 30 92 17 9 78 8 31 77 55 65 104 90 77 66 59 56 59 66 76 89 97 82 67 55 46 42 46 55 67 81 91 75 60 45 33 28 33 45 59 75 88 71 54 38 23 14 23 38 54 71 87 70 52 35 18 0 18 35 52 70 88 71 54 38 23 14 23 38 54 71 91 75 60 45 33 28 33 45 59 75 97 82 67 55 46 42 46 55 67 81 104 90 77 66 59 56 59 66 76 89 112 99 88 79 73 70 72 78 87 98
63 61 16 40 111 80 58 101 61 40 17 78 63 72 99 46 46 58 65 123 61 30 35 43 112 75 31 67 71 15 43 79 33 26 89 10 44 61 38 79 119 104 90 77 66 59 56 59 66 76 113 97 81 67 55 46 42 46 54 67 108 91 75 59 45 33 28 33 45 59 105 88 71 54 38 23 14 23 38 54 104 87 70 52 35 18 0 18 35 52 105 88 71 54 38 23 14 23 38 54 108 91 75 59 45 33 28 33 45 59 113 97 81 67 55 46 42 46 54 67 119 104 90 77 66 59 56 59 66 76 126 112 99 88 78 72 70 72 78 87
76 76 33 29 124 92 73 118 78 28 28 69 81 83 111 43 62 40 55 138 75 47 24 30 126 85 40 84 88 8 58 68 50 43 101 28 60 45 20 95 134 118 104 89 77 66 59 56 58 65 129 112 97 81 67 55 46 42 45 54 125 108 91 75 59 45 33 28 33 45 122 105 88 71 54 38 23 14 23 38 122 104 87 70 52 35 18 0 18 35 122 105 88 71 54 38 23 14 23 38 125 108 91 75 59 45 33 28 33 45 129 112 97 81 67 55 46 42 45 54 134 118 104 89 77 66 59 56 58 65 140 126 112 99 87 78 72 70 72 77
91 92 50 26 139 105 89 134 95 24 43 62 98 96 124 48 79 23 50 154 90 64 23 24 141 97 53 101 105 22 74 60 67 61 115 45 76 30 3 111 150 134 118 103 89 76 66 58 55 58 145 129 112 97 81 67 54 45 42 45 142 125 108 91 75 59 45 33 28 33 140 122 105 88 71 54 38 23 14 23 139 122 104 87 70 52 35 18 0 18 140 122 105 88 71 54 38 23 14 23 142 125 108 91 75 59 45 33 28 33 145 129 112 97 81 67 54 45 42 45 150 134 118 103 89 76 66 58 55 58 156 140 126 112 99 87 78 72 69 71
106 109 67 34 154 119 105 151 112 31 59 61 115 110 139 57 96 6 51 169 106 81 33 30 156 110 68 118 121 39 91 57 85 78 129 62 93 20 15 127 166 150 134 118 103 89 76 65 58 55 162 145 129 112 96 81 67 54 45 42 159 142 125 108 91 75 59 45 33 28 157 140 122 105 88 71 54 38 23 14 156 139 122 104 87 70 52 35 18 0 157 140 122 105 88 71 54 38 23 14 159 142 125 108 91 75 59 45 33 28 162 145 129 112 96 81 67 54 45 42 166 150 134 118 103 89 76 65 58 55 171 155 140 125 111 98 87 77 71 69
67 56 91 141 62 74 60 52 55 141 104 161 49 79 72 132 72 162 159 54 64 77 132 144 60 85 96 49 54 118 70 164 75 80 69 96 76 165 142 42 72 74 80 88 99 112 126 140 156 171 58 60 67 77 90 104 119 134 150 166 43 47 55 68 82 97 113 129 145 162 29 34 45 60 75 91 108 125 142 159 15 23 38 54 71 88 105 122 140 157 0 18 35 52 70 87 104 122 139 156 15 23 38 54 71 88 105 122 140 157 29 34 45 60 75 91 108 125 142 159 43 47 55 68 82 97 113 129 145 162 58 60 67 77 90 104 119 134 150 166
52 40 74 124 59 62 43 52 42 125 87 144 35 66 64 116 57 145 143 57 48 59 114 128 57 72 79 36 43 101 52 148 59 63 60 79 61 148 125 29 74 72 73 79 88 99 112 126 140 155 60 57 60 67 77 90 104 118 134 150 47 43 46 55 67 82 97 112 129 145 34 29 34 45 60 75 91 108 125 142 23 15 23 38 54 71 88 105 122 140 18 0 18 35 52 70 87 104 122 139 23 15 23 38 54 71 88 105 122 140 34 29 34 45 60 75 91 108 125 142 47 43 46 55 67 82 97 112 129 145 60 57 60 67 77 90 104 118 134 150
39 26 58 108 60 54 29 57 33 108 71 128 26 55 61 102 44 128 128 64 35 42 97 111 60 61 62 29 38 84 36 131 43 46 54 62 49 131 108 24 80 73 71 73 79 88 99 112 126 140 67 60 57 60 67 77 90 104 118 134 55 46 43 46 55 67 81 97 112 129 45 34 29 34 45 60 75 91 108 125 38 23 15 23 38 54 71 88 105 122 35 18 0 18 35 52 70 87 104 122 38 23 15 23 38 54 71 88 105 122 45 34 29 34 45 60 75 91 108 125 55 46 43 46 55 67 81 97 112 129 67 60 57 60 67 77 90 104 118 134
32 19 42 92 67 50 19 66 31 92 56 112 27 48 62 88 36 110 113 74 27 25 80 95 67 54 46 31 41 66 20 115 30 30 53 45 39 114 90 30 88 79 73 71 73 79 88 99 112 125 77 67 60 57 59 66 77 89 103 118 68 55 46 43 46 55 67 81 97 112 60 45 34 29 33 45 59 75 91 108 54 38 23 15 23 38 54 71 88 105 52 35 18 0 18 35 52 70 87 104 54 38 23 15 23 38 54 71 88 105 60 45 34 29 33 45 59 75 91 108 68 55 46 43 46 55 67 81 97 112 77 67 60 57 59 66 77 89 103 118
32 25 27 77 76 52 23 79 39 77 42 97 37 47 68 75 35 93 99 87 28 8 63 80 77 52 30 42 50 49 10 99 22 16 58 30 37 98 73 42 99 88 79 73 71 73 78 87 99 111 90 77 67 59 57 59 66 77 89 103 82 67 55 46 43 46 55 67 81 96 75 60 45 33 29 33 45 59 75 91 71 54 38 23 15 23 38 54 71 88 70 52 35 18 0 18 35 52 70 87 71 54 38 23 15 23 38 54 71 88 75 60 45 33 29 33 45 59 75 91 82 67 55 46 43 46 55 67 81 96 90 77 67 59 57 59 66 77 89 103
41 39 18 63 89 59 36 92 52 62 32 82 51 52 77 65 42 76 87 101 39 11 46 65 90 55 18 56 63 32 21 84 26 15 67 18 42 82 56 58 112 99 88 79 73 70 72 78 87 98 104 90 77 66 59 56 59 66 76 89 97 82 67 55 46 42 46 55 67 81 91 75 60 45 33 28 33 45 59 75 88 71 54 38 23 14 23 38 54 71 87 70 52 35 18 0 18 35 52 70 88 71 54 38 23 14 23 38 54 71 91 75 60 45 33 28 33 45 59 75 97 82 67 55 46 42 46 55 67 81 104 90 77 66 59 56 59 66 76 89
54 55 23 50 102 70 52 107 66 50 30 68 67 61 89 59 53 59 76 116 53 28 29 52 104 63 18 71 77 16 37 70 39 29 79 19 53 66 40 74 126 112 99 88 78 72 70 72 78 87 119 104 90 77 66 59 56 59 66 76 113 97 81 67 55 46 42 46 54 67 108 91 75 59 45 33 28 33 45 59 105 88 71 54 38 23 14 23 38 54 104 87 70 52 35 18 0 18 35 52 105 88 71 54 38 23 14 23 38 54 108 91 75 59 45 33 28 33 45 59 113 97 81 67 55 46 42 46 54 67 119 104 90 77 66 59 56 59 66 76
69 72 37 42 117 83 68 123 82 40 37 57 83 74 102 57 68 43 68 132 69 46 13 42 119 75 31 87 92 9 54 57 54 45 93 32 66 52 24 90 140 126 112 99 87 78 72 70 72 77 134 118 104 89 77 66 59 56 58 65 129 112 97 81 67 55 46 42 45 54 125 108 91 75 59 45 33 28 33 45 122 105 88 71 54 38 23 14 23 38 122 104 87 70 52 35 18 0 18 35 122 105 88 71 54 38 23 14 23 38 125 108 91 75 59 45 33 28 33 45 129 112 97 81 67 55 46 42 45 54 134 118 104 89 77 66 59 56 58 65
85 89 53 40 132 98 85 139 99 38 50 49 100 88 117 61 83 27 64 148 85 63 11 38 134 88 47 104 109 23 71 47 70 62 107 48 81 40 14 107 156 140 126 112 99 87 78 72 69 71 150 134 118 103 89 76 66 58 55 58 145 129 112 97 81 67 54 45 42 45 142 125 108 91 75 59 45 33 28 33 140 122 105 88 71 54 38 23 14 23 139 122 104 87 70 52 35 18 0 18 140 122 105 88 71 54 38 23 14 23 142 125 108 91 75 59 45 33 28 33 145 129 112 97 81 67 54 45 42 45 150 134 118 103 89 76 66 58 55 58
102 106 69 45 148 113 102 155 115 43 64 47 117 103 132 68 99 16 64 164 102 80 26 41 150 103 63 120 125 40 88 43 87 79 123 64 97 34 20 124 171 155 140 125 111 98 87 77 71 69 166 150 134 118 103 89 76 65 58 55 162 145 129 112 96 81 67 54 45 42 159 142 125 108 91 75 59 45 33 28 157 140 122 105 88 71 54 38 23 14 156 139 122 104 87 70 52 35 18 0 157 140 122 105 88 71 54 38 23 14 159 142 125 108 91 75 59 45 33 28 162 145 129 112 96 81 67 54 45 42 166 150 134 118 103 89 76 65 58 55
62 53 95 145 49 65 57 66 64 146 108 157 57 72 61 138 79 164 165 40 59 79 132 149 47 77 95 58 64 120 69 161 81 83 59 99 84 168 144 36 86 88 93 100 110 122 134 148 162 177 72 74 80 88 99 112 126 140 156 171 58 60 67 77 90 104 119 134 150 166 43 47 55 68 82 97 113 129 145 162 29 34 45 60 75 91 108 125 142 159 15 23 38 54 71 88 105 122 140 157 0 18 35 52 70 87 104 122 139 156 15 23 38 54 71 88 105 122 140 157 29 34 45 60 75 91 108 125 142 159 43 47 55 68 82 97 113 129 145 162
45 36 79 129 44 52 39 66 53 130 93 140 46 57 51 124 66 147 150 43 42 62 114 133 43 63 78 48 56 103 52 144 66 67 48 83 71 152 127 20 88 86 87 92 100 110 121 134 148 162 74 72 73 79 88 99 112 126 140 155 60 57 60 67 77 90 104 118 134 150 47 43 46 55 67 82 97 112 129 145 34 29 34 45 60 75 91 108 125 142 23 15 23 38 54 71 88 105 122 140 18 0 18 35 52 70 87 104 122 139 23 15 23 38 54 71 88 105 122 140 34 29 34 45 60 75 91 108 125 142 47 43 46 55 67 82 97 112 129 145
30 19 64 114 47 41 22 70 46 114 78 124 39 44 47 110 56 130 135 52 26 46 97 117 47 50 61 43 52 86 35 127 52 52 40 67 60 135 110 9 93 87 85 87 92 99 109 121 134 148 80 73 71 73 79 88 99 112 126 140 67 60 57 60 67 77 90 104 118 134 55 46 43 46 55 67 81 97 112 129 45 34 29 34 45 60 75 91 108 125 38 23 15 23 38 54 71 88 105 122 35 18 0 18 35 52 70 87 104 122 38 23 15 23 38 54 71 88 105 122 45 34 29 34 45 60 75 91 108 125 55 46 43 46 55 67 81 97 112 129
18 5 49 99 55 36 6 78 45 99 64 107 40 35 48 97 49 113 122 65 13 30 80 102 55 41 43 45 54 70 17 111 41 38 39 52 53 119 94 20 100 92 87 85 87 91 99 109 121 134 88 79 73 71 73 79 88 99 112 125 77 67 60 57 59 66 77 89 103 118 68 55 46 43 46 55 67 81 97 112 60 45 34 29 33 45 59 75 91 108 54 38 23 15 23 38 54 71 88 105 52 35 18 0 18 35 52 70 87 104 54 38 23 15 23 38 54 71 88 105 60 45 34 29 33 45 59 75 91 108 68 55 46 43 46 55 67 81 97 112
19 18 38 85 66 38 14 88 51 84 53 91 47 33 56 86 48 96 109 79 17 19 63 87 68 38 26 52 61 53 5 94 36 28 45 39 51 103 77 37 110 100 92 87 85 86 91 99 109 120 99 88 79 73 71 73 78 87 99 111 90 77 67 59 57 59 66 77 89 103 82 67 55 46 43 46 55 67 81 96 75 60 45 33 29 33 45 59 75 91 71 54 38 23 15 23 38 54 71 88 70 52 35 18 0 18 35 52 70 87 71 54 38 23 15 23 38 54 71 88 75 60 45 33 29 33 45 59 75 91 82 67 55 46 43 46 55 67 81 96
32 35 32 72 80 48 31 101 61 71 45 75 59 40 67 78 54 80 97 95 32 21 45 74 82 42 9 64 72 38 19 78 38 28 57 31 55 88 61 54 122 110 99 91 86 84 86 91 98 108 112 99 88 79 73 70 72 78 87 98 104 90 77 66 59 56 59 66 76 89 97 82 67 55 46 42 46 55 67 81 91 75 60 45 33 28 33 45 59 75 88 71 54 38 23 14 23 38 54 71 87 70 52 35 18 0 18 35 52 70 88 71 54 38 23 14 23 38 54 71 91 75 60 45 33 28 33 45 59 75 97 82 67 55 46 42 46 55 67 81
48 52 35 62 95 61 48 115 74 61 44 60 73 52 80 72 63 64 88 111 48 33 28 63 97 53 10 78 85 26 36 62 48 37 70 31 63 74 46 71 134 121 109 99 91 86 84 85 90 98 126 112 99 88 78 72 70 72 78 87 119 104 90 77 66 59 56 59 66 76 113 97 81 67 55 46 42 46 54 67 108 91 75 59 45 33 28 33 45 59 105 88 71 54 38 23 14 23 38 54 104 87 70 52 35 18 0 18 35 52 105 88 71 54 38 23 14 23 38 54 108 91 75 59 45 33 28 33 45 59 113 97 81 67 55 46 42 46 54 67
64 70 45 55 111 76 66 129 88 53 49 46 88 66 95 71 76 49 81 127 65 49 12 55 113 66 27 93 99 22 53 47 61 51 86 40 75 62 34 88 148 134 121 109 99 91 85 83 85 90 140 126 112 99 87 78 72 70 72 77 134 118 104 89 77 66 59 56 58 65 129 112 97 81 67 55 46 42 45 54 125 108 91 75 59 45 33 28 33 45 122 105 88 71 54 38 23 14 23 38 122 104 87 70 52 35 18 0 18 35 122 105 88 71 54 38 23 14 23 38 125 108 91 75 59 45 33 28 33 45 129 112 97 81 67 55 46 42 45 54
81 87 59 54 127 91 83 144 104 51 59 36 104 81 110 74 90 36 77 144 82 65 10 52 129 81 44 108 114 31 71 35 76 66 101 54 88 52 28 105 162 148 134 121 109 98 90 85 83 85 156 140 126 112 99 87 78 72 69 71 150 134 118 103 89 76 66 58 55 58 145 129 112 97 81 67 54 45 42 45 142 125 108 91 75 59 45 33 28 33 140 122 105 88 71 54 38 23 14 23 139 122 104 87 70 52 35 18 0 18 140 122 105 88 71 54 38 23 14 23 142 125 108 91 75 59 45 33 28 33 145 129 112 97 81 67 54 45 42 45
98 104 74 57 143 108 100 160 119 55 72 33 121 98 126 80 105 29 78 160 99 82 26 54 145 97 62 124 130 44 88 29 91 82 118 69 103 47 31 122 177 162 148 134 120 108 98 90 85 83 171 155 140 125 111 98 87 77 71 69 166 150 134 118 103 89 76 65 58 55 162 145 129 112 96 81 67 54 45 42 159 142 125 108 91 75 59 45 33 28 157 140 122 105 88 71 54 38 23 14 156 139 122 104 87 70 52 35 18 0 157 140 122 105 88 71 54 38 23 14 159 142 125 108 91 75 59 45 33 28 162 145 129 112 96 81 67 54 45 42
60 54 101 151 36 59 57 80 75 151 115 155 68 67 51 146 89 167 172 26 58 83 133 154 34 71 96 69 76 123 71 159 88 89 51 104 93 173 147 35 100 102 106 112 121 132 144 156 170 184 86 88 93 100 110 122 134 148 162 177 72 74 80 88 99 112 126 140 156 171 58 60 67 77 90 104 119 134 150 166 43 47 55 68 82 97 113 129 145 162 29 34 45 60 75 91 108 125 142 159 15 23 38 54 71 88 105 122 140 157 0 18 35 52 70 87 104 122 139 156 15 23 38 54 71 88 105 122 140 157 29 34 45 60 75 91 108 125 142 159
42 37 86 136 30 43 41 80 65 136 100 138 58 50 39 132 77 150 158 31 41 67 116 139 29 55 79 61 70 107 55 142 74 74 37 89 82 157 131 18 102 100 101 105 112 121 131 143 156 170 88 86 87 92 100 110 121 134 148 162 74 72 73 79 88 99 112 126 140 155 60 57 60 67 77 90 104 118 134 150 47 43 46 55 67 82 97 112 129 145 34 29 34 45 60 75 91 108 125 142 23 15 23 38 54 71 88 105 122 140 18 0 18 35 52 70 87 104 122 139 23 15 23 38 54 71 88 105 122 140 34 29 34 45 60 75 91 108 125 142
25 21 72 121 34 29 24 83 60 121 87 121 53 35 33 120 68 134 144 43 24 53 99 124 34 40 62 57 67 91 39 125 62 60 26 74 72 141 115 6 106 101 99 101 105 112 121 131 143 156 93 87 85 87 92 99 109 121 134 148 80 73 71 73 79 88 99 112 126 140 67 60 57 60 67 77 90 104 118 134 55 46 43 46 55 67 81 97 112 129 45 34 29 34 45 60 75 91 108 125 38 23 15 23 38 54 71 88 105 122 35 18 0 18 35 52 70 87 104 122 38 23 15 23 38 54 71 88 105 122 45 34 29 34 45 60 75 91 108 125
8 10 59 107 44 22 11 90 59 107 75 103 54 22 35 108 63 117 131 57 7 40 82 109 45 28 45 58 68 75 25 108 54 49 25 61 66 125 99 19 112 105 101 99 100 105 111 120 131 143 100 92 87 85 87 91 99 109 121 134 88 79 73 71 73 79 88 99 112 125 77 67 60 57 59 66 77 89 103 118 68 55 46 43 46 55 67 81 97 112 60 45 34 29 33 45 59 75 91 108 54 38 23 15 23 38 54 71 88 105 52 35 18 0 18 35 52 70 87 104 54 38 23 15 23 38 54 71 88 105 60 45 34 29 33 45 59 75 91 108
11 20 50 94 58 26 17 99 64 94 65 87 59 19 45 98 62 101 119 73 12 33 65 96 60 24 29 64 74 60 19 91 50 42 35 50 65 110 83 36 121 112 105 100 99 100 104 111 120 130 110 100 92 87 85 86 91 99 109 120 99 88 79 73 71 73 78 87 99 111 90 77 67 59 57 59 66 77 89 103 82 67 55 46 43 46 55 67 81 96 75 60 45 33 29 33 45 59 75 91 71 54 38 23 15 23 38 54 71 88 70 52 35 18 0 18 35 52 70 87 71 54 38 23 15 23 38 54 71 88 75 60 45 33 29 33 45 59 75 91
28 36 46 83 73 39 32 110 72 82 59 70 69 29 58 91 66 86 109 90 29 34 49 84 75 31 16 74 83 48 26 74 52 42 48 44 68 96 69 53 132 121 112 105 100 98 99 104 110 119 122 110 99 91 86 84 86 91 98 108 112 99 88 79 73 70 72 78 87 98 104 90 77 66 59 56 59 66 76 89 97 82 67 55 46 42 46 55 67 81 91 75 60 45 33 28 33 45 59 75 88 71 54 38 23 14 23 38 54 71 87 70 52 35 18 0 18 35 52 70 88 71 54 38 23 14 23 38 54 71 91 75 60 45 33 28 33 45 59 75
45 53 48 74 90 54 49 123 83 73 58 53 81 44 73 86 74 71 100 107 47 42 34 74 92 44 16 86 94 39 40 57 59 48 64 45 75 84 56 70 144 131 121 111 104 99 98 99 103 110 134 121 109 99 91 86 84 85 90 98 126 112 99 88 78 72 70 72 78 87 119 104 90 77 66 59 56 59 66 76 113 97 81 67 55 46 42 46 54 67 108 91 75 59 45 33 28 33 45 59 105 88 71 54 38 23 14 23 38 54 104 87 70 52 35 18 0 18 35 52 105 88 71 54 38 23 14 23 38 54 108 91 75 59 45 33 28 33 45 59
62 70 56 69 106 70 66 137 96 67 62 38 95 60 89 85 85 58 94 123 64 55 23 68 108 59 30 100 107 36 56 40 70 59 80 51 85 73 46 88 156 143 131 120 111 104 99 97 99 103 148 134 121 109 99 91 85 83 85 90 140 126 112 99 87 78 72 70 72 77 134 118 104 89 77 66 59 56 58 65 129 112 97 81 67 55 46 42 45 54 125 108 91 75 59 45 33 28 33 45 122 105 88 71 54 38 23 14 23 38 122 104 87 70 52 35 18 0 18 35 122 105 88 71 54 38 23 14 23 38 125 108 91 75 59 45 33 28 33 45
80 87 67 67 123 87 83 151 110 65 70 24 110 77 105 87 98 48 91 140 81 70 22 65 125 76 46 114 121 42 73 25 83 73 97 62 97 65 41 105 170 156 143 131 120 110 103 99 97 98 162 148 134 121 109 98 90 85 83 85 156 140 126 112 99 87 78 72 69 71 150 134 118 103 89 76 66 58 55 58 145 129 112 97 81 67 54 45 42 45 142 125 108 91 75 59 45 33 28 33 140 122 105 88 71 54 38 23 14 23 139 122 104 87 70 52 35 18 0 18 140 122 105 88 71 54 38 23 14 23 142 125 108 91 75 59 45 33 28 33
97 104 81 70 140 104 101 166 125 68 81 20 126 94 122 92 112 43 91 157 99 86 32 67 142 92 63 130 136 53 90 16 97 88 114 76 110 61 44 122 184 170 156 143 130 119 110 103 98 96 177 162 148 134 120 108 98 90 85 83 171 155 140 125 111 98 87 77 71 69 166 150 134 118 103 89 76 65 58 55 162 145 129 112 96 81 67 54 45 42 159 142 125 108 91 75 59 45 33 28 157 140 122 105 88 71 54 38 23 14 156 139 122 104 87 70 52 35 18 0 157 140 122 105 88 71 54 38 23 14 159 142 125 108 91 75 59 45 33 28
61 58 108 158 26 55 62 94 86 158 123 154 79 64 43 155 99 171 180 11 61 89 136 161 23 68 99 82 89 128 76 158 97 96 46 111 104 178 152 40 115 116 119 125 133 143 154 166 179 192 100 102 106 112 121 132 144 156 170 184 86 88 93 100 110 122 134 148 162 177 72 74 80 88 99 112 126 140 156 171 58 60 67 77 90 104 119 134 150 166 43 47 55 68 82 97 113 129 145 162 29 34 45 60 75 91 108 125 142 159 15 23 38 54 71 88 105 122 140 157 0 18 35 52 70 87 104 122 139 156 15 23 38 54 71 88 105 122 140 157
44 43 94 143 16 38 46 94 78 143 109 136 71 47 28 142 89 155 166 20 44 75 119 146 15 51 82 75 83 112 61 141 84 82 30 96 93 163 136 26 116 114 115 119 125 133 142 153 165 178 102 100 101 105 112 121 131 143 156 170 88 86 87 92 100 110 121 134 148 162 74 72 73 79 88 99 112 126 140 155 60 57 60 67 77 90 104 118 134 150 47 43 46 55 67 82 97 112 129 145 34 29 34 45 60 75 91 108 125 142 23 15 23 38 54 71 88 105 122 140 18 0 18 35 52 70 87 104 122 139 23 15 23 38 54 71 88 105 122 140
28 30 81 129 22 21 33 97 74 129 97 119 67 30 19 130 81 139 153 36 29 62 103 132 23 34 66 71 81 97 47 124 74 70 15 83 85 147 120 20 119 115 114 115 118 124 132 142 153 165 106 101 99 101 105 112 121 131 143 156 93 87 85 87 92 99 109 121 134 148 80 73 71 73 79 88 99 112 126 140 67 60 57 60 67 77 90 104 118 134 55 46 43 46 55 67 81 97 112 129 45 34 29 34 45 60 75 91 108 125 38 23 15 23 38 54 71 88 105 122 35 18 0 18 35 52 70 87 104 122 38 23 15 23 38 54 71 88 105 122
15 25 71 116 36 8 25 102 73 116 86 102 68 13 23 119 77 123 141 53 18 52 87 118 38 18 51 72 82 83 37 107 67 61 13 72 80 133 105 27 125 119 115 113 114 118 124 132 141 152 112 105 101 99 100 105 111 120 131 143 100 92 87 85 87 91 99 109 121 134 88 79 73 71 73 79 88 99 112 125 77 67 60 57 59 66 77 89 103 118 68 55 46 43 46 55 67 81 97 112 60 45 34 29 33 45 59 75 91 108 54 38 23 15 23 38 54 71 88 105 52 35 18 0 18 35 52 70 87 104 54 38 23 15 23 38 54 71 88 105
16 30 63 105 52 17 28 111 77 104 78 85 72 7 36 111 76 108 130 70 21 47 71 106 54 10 37 77 87 70 33 89 64 56 27 63 79 119 91 40 133 125 118 114 113 114 117 123 131 141 121 112 105 100 99 100 104 111 120 130 110 100 92 87 85 86 91 99 109 120 99 88 79 73 71 73 78 87 99 111 90 77 67 59 57 59 66 77 89 103 82 67 55 46 43 46 55 67 81 96 75 60 45 33 29 33 45 59 75 91 71 54 38 23 15 23 38 54 71 88 70 52 35 18 0 18 35 52 70 87 71 54 38 23 15 23 38 54 71 88
30 42 60 95 69 33 39 121 84 93 73 67 80 23 52 104 80 94 121 87 34 47 56 95 71 22 28 85 94 59 38 72 65 55 43 58 81 106 78 56 143 133 124 118 114 112 113 117 123 131 132 121 112 105 100 98 99 104 110 119 122 110 99 91 86 84 86 91 98 108 112 99 88 79 73 70 72 78 87 98 104 90 77 66 59 56 59 66 76 89 97 82 67 55 46 42 46 55 67 81 91 75 60 45 33 28 33 45 59 75 88 71 54 38 23 14 23 38 54 71 87 70 52 35 18 0 18 35 52 70 88 71 54 38 23 14 23 38 54 71
47 57 61 87 86 50 54 132 93 85 72 50 91 41 68 100 86 80 113 104 50 54 44 87 88 38 29 96 104 52 48 55 71 60 60 58 87 94 67 73 154 142 132 124 117 113 112 113 116 122 144 131 121 111 104 99 98 99 103 110 134 121 109 99 91 86 84 85 90 98 126 112 99 88 78 72 70 72 78 87 119 104 90 77 66 59 56 59 66 76 113 97 81 67 55 46 42 46 54 67 108 91 75 59 45 33 28 33 45 59 105 88 71 54 38 23 14 23 38 54 104 87 70 52 35 18 0 18 35 52 105 88 71 54 38 23 14 23 38 54
64 73 68 82 103 68 70 145 105 80 75 33 104 58 85 99 96 69 108 121 66 64 36 81 105 55 38 108 116 50 62 37 80 69 77 64 96 85 59 90 166 153 142 132 123 117 113 111 112 116 156 143 131 120 111 104 99 97 99 103 148 134 121 109 99 91 85 83 85 90 140 126 112 99 87 78 72 70 72 77 134 118 104 89 77 66 59 56 58 65 129 112 97 81 67 55 46 42 45 54 125 108 91 75 59 45 33 28 33 45 122 105 88 71 54 38 23 14 23 38 122 104 87 70 52 35 18 0 18 35 122 105 88 71 54 38 23 14 23 38
81 90 77 81 120 85 86 159 118 79 81 16 117 75 102 100 107 60 105 139 83 77 35 79 123 73 52 122 129 54 78 20 92 81 95 73 106 78 55 106 179 165 153 141 131 123 116 112 110 112 170 156 143 131 120 110 103 99 97 98 162 148 134 121 109 98 90 85 83 85 156 140 126 112 99 87 78 72 69 71 150 134 118 103 89 76 66 58 55 58 145 129 112 97 81 67 54 45 42 45 142 125 108 91 75 59 45 33 28 33 140 122 105 88 71 54 38 23 14 23 139 122 104 87 70 52 35 18 0 18 140 122 105 88 71 54 38 23 14 23
98 107 89 84 137 102 103 173 132 81 91 6 132 92 119 105 120 56 105 156 100 92 42 81 140 90 67 136 143 63 94 3 105 95 112 84 119 75 57 124 192 178 165 152 141 131 122 116 112 110 184 170 156 143 130 119 110 103 98 96 177 162 148 134 120 108 98 90 85 83 171 155 140 125 111 98 87 77 71 69 166 150 134 118 103 89 76 65 58 55 162 145 129 112 96 81 67 54 45 42 159 142 125 108 91 75 59 45 33 28 157 140 122 105 88 71 54 38 23 14 156 139 122 104 87 70 52 35 18 0 157 140 122 105 88 71 54 38 23 14
65 65 116 166 20 55 68 108 99 165 131 154 92 65 39 164 110 176 189 4 66 97 140 168 18 68 104 94 102 134 83 159 106 105 46 119 115 184 158 48 129 130 133 138 145 154 164 176 188 201 115 116 119 125 133 143 154 166 179 192 100 102 106 112 121 132 144 156 170 184 86 88 93 100 110 122 134 148 162 177 72 74 80 88 99 112 126 140 156 171 58 60 67 77 90 104 119 134 150 166 43 47 55 68 82 97 113 129 145 162 29 34 45 60 75 91 108 125 142 159 15 23 38 54 71 88 105 122 140 157 0 18 35 52 70 87 104 122 139 156
50 52 104 152 3 38 55 108 92 151 119 137 85 48 22 152 101 160 176 17 51 84 124 154 1 50 88 88 97 119 70 142 95 92 28 105 105 169 142 38 130 128 129 132 138 145 154 164 175 187 116 114 115 119 125 133 142 153 165 178 102 100 101 105 112 121 131 143 156 170 88 86 87 92 100 110 121 134 148 162 74 72 73 79 88 99 112 126 140 155 60 57 60 67 77 90 104 118 134 150 47 43 46 55 67 82 97 112 129 145 34 29 34 45 60 75 91 108 125 142 23 15 23 38 54 71 88 105 122 140 18 0 18 35 52 70 87 104 122 139
36 43 92 139 15 22 44 110 88 138 107 119 81 31 6 141 95 145 163 35 39 73 108 141 18 33 73 85 95 105 58 124 86 82 12 93 98 155 127 34 133 129 128 129 132 137 144 153 163 175 119 115 114 115 118 124 132 142 153 165 106 101 99 101 105 112 121 131 143 156 93 87 85 87 92 99 109 121 134 148 80 73 71 73 79 88 99 112 126 140 67 60 57 60 67 77 90 104 118 134 55 46 43 46 55 67 81 97 112 129 45 34 29 34 45 60 75 91 108 125 38 23 15 23 38 54 71 88 105 122 35 18 0 18 35 52 70 87 104 122
28 39 83 127 33 8 39 115 87 126 98 102 82 16 14 131 91 130 152 52 32 65 93 128 35 16 60 86 96 92 50 107 80 74 9 83 94 141 113 38 138 132 129 127 128 131 137 144 153 163 125 119 115 113 114 118 124 132 141 152 112 105 101 99 100 105 111 120 131 143 100 92 87 85 87 91 99 109 121 134 88 79 73 71 73 79 88 99 112 125 77 67 60 57 59 66 77 89 103 118 68 55 46 43 46 55 67 81 97 112 60 45 34 29 33 45 59 75 91 108 54 38 23 15 23 38 54 71 88 105 52 35 18 0 18 35 52 70 87 104
28 42 76 116 50 17 41 123 90 115 91 85 85 12 31 123 90 116 142 69 33 60 79 117 53 6 48 90 100 80 47 90 78 69 25 76 93 128 100 49 145 138 132 128 127 127 131 136 143 152 133 125 118 114 113 114 117 123 131 141 121 112 105 100 99 100 104 111 120 130 110 100 92 87 85 86 91 99 109 120 99 88 79 73 71 73 78 87 99 111 90 77 67 59 57 59 66 77 89 103 82 67 55 46 43 46 55 67 81 96 75 60 45 33 29 33 45 59 75 91 71 54 38 23 15 23 38 54 71 88 70 52 35 18 0 18 35 52 70 87
38 52 74 107 67 33 49 132 96 105 86 68 92 25 49 117 93 102 133 86 43 61 66 107 70 21 42 97 106 71 50 73 79 69 42 72 95 116 88 63 154 145 137 131 127 126 127 130 135 143 143 133 124 118 114 112 113 117 123 131 132 121 112 105 100 98 99 104 110 119 122 110 99 91 86 84 86 91 98 108 112 99 88 79 73 70 72 78 87 98 104 90 77 66 59 56 59 66 76 89 97 82 67 55 46 42 46 55 67 81 91 75 60 45 33 28 33 45 59 75 88 71 54 38 23 14 23 38 54 71 87 70 52 35 18 0 18 35 52 70
52 65 75 100 85 50 61 143 105 98 85 50 102 42 66 114 99 90 126 104 56 66 55 100 87 38 42 106 115 65 59 56 84 73 60 72 100 105 78 78 164 154 144 137 131 127 125 126 130 135 154 142 132 124 117 113 112 113 116 122 144 131 121 111 104 99 98 99 103 110 134 121 109 99 91 86 84 85 90 98 126 112 99 88 78 72 70 72 78 87 119 104 90 77 66 59 56 59 66 76 113 97 81 67 55 46 42 46 54 67 108 91 75 59 45 33 28 33 45 59 105 88 71 54 38 23 14 23 38 54 104 87 70 52 35 18 0 18 35 52
68 79 80 96 102 68 76 154 115 94 88 34 113 59 83 112 107 80 121 121 71 75 49 95 105 55 49 118 126 64 71 39 92 81 77 76 107 97 72 94 176 164 153 144 136 130 126 125 126 129 166 153 142 132 123 117 113 111 112 116 156 143 131 120 111 104 99 97 99 103 148 134 121 109 99 91 85 83 85 90 140 126 112 99 87 78 72 70 72 77 134 118 104 89 77 66 59 56 58 65 129 112 97 81 67 55 46 42 45 54 125 108 91 75 59 45 33 28 33 45 122 105 88 71 54 38 23 14 23 38 122 104 87 70 52 35 18 0 18 35
84 95 88 95 119 85 91 167 127 93 94 17 126 76 100 114 117 73 118 138 87 86 48 93 122 72 60 130 138 67 84 24 102 91 94 84 117 91 69 110 188 175 163 153 143 135 130 126 124 125 179 165 153 141 131 123 116 112 110 112 170 156 143 131 120 110 103 99 97 98 162 148 134 121 109 98 90 85 83 85 156 140 126 112 99 87 78 72 69 71 150 134 118 103 89 76 66 58 55 58 145 129 112 97 81 67 54 45 42 45 142 125 108 91 75 59 45 33 28 33 140 122 105 88 71 54 38 23 14 23 139 122 104 87 70 52 35 18 0 18
100 111 99 97 136 102 107 181 140 94 102 9 139 93 118 118 129 70 118 156 103 99 54 94 139 89 74 144 151 74 99 13 114 103 111 94 128 88 70 126 201 187 175 163 152 143 135 129 125 124 192 178 165 152 141 131 122 116 112 110 184 170 156 143 130 119 110 103 98 96 177 162 148 134 120 108 98 90 85 83 171 155 140 125 111 98 87 77 71 69 166 150 134 118 103 89 76 65 58 55 162 145 129 112 96 81 67 54 45 42 159 142 125 108 91 75 59 45 33 28 157 140 122 105 88 71 54 38 23 14 156 139 122 104 87 70 52 35 18 0
