0.0 25.239401326343145 65.33810417668506 43.39417231151293 22.837943613108365 50.35022942162727 37.91178570912879 40.02030190373458 68.5248246439563 18.493971550045053 30.41877401185095 35.58450063254398 18.310907410635615 60.219566542781244 87.28671832534107 64.2857526831034 46.942098870836666 15.139568620219887 69.86836621127206 82.2803979161311 54.39773766324502 25.06369470377721 47.673837161493246 52.530201177259315 77.39220915041518 67.57701583184577 41.381700989197554 35.960578848510444 63.874315214449645 13.17116757952825 41.05959297244976 38.572702281005355 13.401869854977237 56.071512805103445 41.96708928664081 49.64682052676861 44.81858327020748 14.23965120121066 65.66984730811438 84.29175899237588 7.016270804084005 52.08482498020833 74.93704505055891 12.863048739518662 20.234220124694936 62.00261186996201
25.239401326343145 0.0 80.38005929649741 63.59788131902534 43.6272251365116 72.22376483443033 43.42408698852441 43.185068912709646 81.49237156656017 17.87944565056507 37.405471603268396 49.853252182682255 28.619849031545016 82.95418305537434 108.11722692216162 77.73468822307292 71.64845059212752 33.22024567423421 69.40733025446069 105.14680825441322 64.88370815025112 8.909370323548213 67.558480289573 77.30428110497404 98.50871318534588 87.38118254939334 54.09136214996582 37.42052384090516 78.28336616845137 15.61201764941934 58.17866600388114 53.4381728381917 24.961956761735564 77.7872370902941 62.406267393545015 67.69317668195143 69.29619875685661 37.00294884353168 71.5578159076392 107.58056373359568 27.0707197618027 66.16319887625889 87.98918854088755 19.75036696898598 33.00565755074614 86.1687438048426
65.33810417668506 80.38005929649741 0.0 26.470343244387063 43.274901565314245 29.34558261292013 39.859868135540566 42.35851459219691 7.591510783737039 83.2139980608343 43.67783717057151 30.746521228959597 52.06077116920914 34.25549925206421 37.32660550489764 5.784456533644415 48.0552790915216 50.49899951032044 45.991597148407514 45.34230013599554 19.2026071254211 85.73953272587701 23.08311958555521 49.77666776253225 31.758799691733508 20.160841907554136 26.348254078557865 47.38317862221075 2.8497715802195005 76.9920879433144 24.400042213756002 27.29059501903351 56.61221280811714 27.97408815412256 27.937236495332446 17.626387816822117 45.63596888018981 52.11268603650731 28.547156415853976 49.73231801820264 71.15491751278634 14.240011836859017 11.335043725892428 77.99240552088081 47.91971671386149 45.755030214089004
43.39417231151293 63.59788131902534 26.470343244387063 0.0 20.665702121935812 10.365109851328418 34.570356999695115 38.48338376889521 32.558781319164844 61.88679218324166 33.44750286841761 18.839463019560284 35.72689127179322 21.6668442980286 44.545872768520354 28.414922110401815 24.59011582708231 30.51955607193011 57.76412080529694 42.86216992916876 28.34751776506631 66.89323829595389 4.313634293609088 28.23479747632557 34.914997520196934 24.217076500720697 20.666170200966206 40.82857816051818 26.36744525607878 56.24822482016293 10.044074075122003 16.38381669099561 38.65244636699786 14.94690360185884 1.554415945482076 8.941524691009906 21.58650390039956 29.19026464408935 43.6358451241925 46.02907466844234 48.06232074463983 19.45627639024356 37.73085598590897 56.22416737904664 31.325732116178923 29.870329137204177
22.837943613108365 43.6272251365116 43.274901565314245 20.665702121935812 0.0 28.61083679838577 27.454897413412553 31.15076374754149 47.33664943578952 41.29762159001464 22.08324780921108 16.548281335350566 17.799725319383835 39.377650226355186 65.00928764032837 42.99289010638701 31.174804593126478 10.50169570744986 58.52903972415521 61.54860851339857 35.68293346595684 46.341455139467215 24.903578180692353 36.726073609539945 55.22700804245868 44.88240130309752 22.58957039727941 30.418492242990574 42.12078677308244 35.58693855608795 18.903289203390937 18.322187343116145 19.146110121570853 34.217812434172195 19.296486067329102 26.91321641429737 28.227942445724576 8.89121721338472 49.47279470205825 64.10029160748304 28.03716656008059 31.01864343397272 53.5236495478706 35.70016939115741 14.178979898897092 43.7130318744247
50.35022942162727 72.22376483443033 29.34558261292013 10.365109851328418 28.61083679838577 0.0 44.914974522169665 48.8120555747077 36.543633431442835 68.69186000462061 43.72749008561338 29.203922845798346 45.11761435783729 11.38901242207118 37.03631209120146 32.96287029339082 18.738018812924718 39.01689474810242 66.66246693493477 33.14570748688676 36.557172524738945 74.75779719898705 9.039494943020244 20.678402038336703 27.095626363583218 19.081759974698826 30.699178710195092 51.18703112320771 30.22871177771068 63.48256831617718 20.177930023109397 26.662791612046025 47.5052720189795 5.7250112775121735 10.854567429974898 15.077984043966028 16.504762823410605 36.22285279176129 51.46362480168553 36.04319407360296 54.091600231947545 27.01948378518946 40.47920106118828 62.90352159905514 40.814798885070296 19.902287272335315
37.91178570912879 43.42408698852441 39.859868135540566 34.570356999695115 27.454897413412553 44.914974522169665 0.0 4.000333659460768 39.24710233099799 51.66741750372086 7.497581840639071 15.799773003923736 19.68204710321469 56.054608142030034 73.73461013213871 36.009199334246965 55.55803663467293 24.815436737103926 32.3795824238547 76.03683814290252 22.059363977357016 50.488301884659066 36.64198897050406 60.50056393614548 65.46172315913141 52.80379904042202 15.294170227083502 7.536502474363108 37.32136151619417 45.237244508853614 24.89535306713601 18.320863398351225 24.88553598840887 48.88643765970693 34.32888197864537 33.14937543272554 52.3598349403919 31.491626066871092 28.752107647269877 79.64662664811273 44.92480963165704 26.172238048227783 45.562480592111925 47.86803382956739 18.101820718597367 64.2517768374909
40.02030190373458 43.185068912709646 42.35851459219691 38.48338376889521 31.15076374754149 48.8120555747077 4.000333659460768 0.0 41.12590604428822 52.726146417986584 9.994892469603593 19.763207306949074 21.715822814083154 59.90436243155345 76.96985759727238 38.16179978594562 59.548585970508384 27.721317768561075 29.857377267402487 79.685653379162 23.87736300382164 50.68706607080034 40.450332651798675 64.49982531596152 68.87416618832698 56.1588433902387 18.827006866317973 5.825070046336467 39.72518309829761 46.37338053053496 28.72774910574204 22.16991011910571 26.727253115061078 52.69216780573461 38.27355787135055 36.73989014644022 56.351731469096585 34.67069593726984 28.383732498190938 83.34752024212568 47.0278106047044 29.06712496284462 47.28415948459841 49.27090477749838 20.819105944199894 68.20990959076482
68.5248246439563 81.49237156656017 7.591510783737039 32.558781319164844 47.33664943578952 36.543633431442835 39.24710233099799 41.12590604428822 0.0 85.88217994562966 44.17207262252005 33.06410265596564 53.8270644861368 41.84283171024437 42.99124360937942 4.3579006395898965 55.1531862036057 53.435710181645106 40.127017433451215 52.264345743267164 17.255449624578166 87.4639591422267 29.615041744098924 57.11331794162037 38.42472154302511 27.435311894381684 27.74871057562743 46.57689541197185 6.341113110020465 79.52821971333621 28.592186302547752 29.952564080442542 58.69242315296143 35.481510774810666 33.93011384054525 23.624446604554418 52.61866762529382 55.971384260899356 22.633265492975003 56.70170968948844 74.69584126598018 16.460379848298015 6.524750509731792 80.9017317408801 49.961860572527534 53.337168864428286
18.493971550045053 17.87944565056507 83.2139980608343 61.88679218324166 41.29762159001464 68.69186000462061 51.66741750372086 52.726146417986584 85.88217994562966 0.0 44.43938108681415 52.8298475945781 32.72361152502759 78.26035365612903 105.6898341799414 81.74254459913278 63.57983747281814 32.724333033254645 81.56958045061006 100.14863631801376 70.76083418154624 11.30229366389949 66.16319432406733 68.95753178457805 95.77362999417218 86.07035508550399 58.26021199914078 47.5554695997393 81.5850888554566 6.4716408499972475 59.1672140947599 56.07346787535252 27.526691403299573 74.41685852201597 60.46106083668586 67.98472694190892 61.82177144792678 32.72595375802994 80.3756391742167 101.93118413210723 15.272143780239697 69.58463036830082 92.3693606977813 5.8224903739902665 36.09718663301685 79.1285625640709
30.41877401185095 37.405471603268396 43.67783717057151 33.44750286841761 22.08324780921108 43.72749008561338 7.497581840639071 9.994892469603593 44.17207262252005 44.43938108681415 0.0 15.153521998175869 12.190579722035826 55.09602026258458 75.32941048180727 40.54447609048447 52.01905208493873 17.73001190621348 39.68520046881811 76.05688755603911 27.487788369182113 43.93307608191422 36.26980504207932 57.260449818063705 66.51984371256037 54.18999901333906 17.476916912917666 8.365727837090226 41.374311450255526 37.983424744284136 24.780368217725808 18.545094206913166 17.415231702252658 48.30726103117592 32.878235315652056 34.007726925743256 48.88109455129574 24.763229136256793 35.9505123668829 79.39358730254044 37.43320409684886 29.489786886175303 50.642553375730984 40.4841263645473 10.829227083109885 62.22907394469769
35.58450063254398 49.853252182682255 30.746521228959597 18.839463019560284 16.548281335350566 29.203922845798346 15.799773003923736 19.763207306949074 33.06410265596564 52.8298475945781 15.153521998175869 0.0 21.34828363034139 40.447677006623934 60.276754589448025 28.913441689731865 40.30875912563243 20.447588669283903 43.10391748858298 61.013628903574556 19.36719306207473 54.99467131364325 21.2633746177636 45.03004351311938 51.38019530753623 39.130020827066794 6.111642120948267 22.040190322816276 28.891031707415735 46.50034995157206 9.637800407255595 3.6110132995033544 25.877914466360608 33.43507772680407 18.537751851937465 18.912071838524522 37.09909668944885 24.055387227017917 32.94046422361889 64.44070367019476 41.982202354791056 16.785644217970855 39.541211595807546 47.84413835412433 17.173408677907272 48.45205929597988
18.310907410635615 28.619849031545016 52.06077116920914 35.72689127179322 17.799725319383835 45.11761435783729 19.68204710321469 21.715822814083154 53.8270644861368 32.72361152502759 12.190579722035826 21.34828363034139 0.0 56.313693056570145 79.94622310306418 49.85431923633514 48.8552589612348 8.562170630707287 51.571479043095884 78.25909870384461 38.12265161289615 33.710230227276035 39.45408065265994 54.455051560505716 70.52037661917112 59.01587720497619 26.087761619922706 17.96024211428305 50.10836628264569 26.25429528195658 29.586970391276875 24.895730932753494 5.276637616460753 50.42315035882974 34.69203278994093 39.13412918816969 45.97061687248144 15.933520721739 47.9568651453948 81.09976362079009 25.324130261048428 37.951580716538466 60.35120029797457 28.459897671482636 4.44506671958768 61.4243947863943
60.219566542781244 82.95418305537434 34.25549925206421 21.6668442980286 39.377650226355186 11.38901242207118 56.054608142030034 59.90436243155345 41.84283171024437 78.26035365612903 55.09602026258458 40.447677006623934 56.313693056570145 0.0 29.014305241277498 39.034883103674915 19.83459699694995 49.87011600004866 75.8784838631293 22.198140192348102 45.59472537292206 85.00608038538573 19.508294489162047 18.44883192505243 19.345274213807276 17.186084990164332 41.470416143945656 62.47493300276162 35.92995451223233 73.38917071217288 31.17707423131837 37.73888690732596 58.460753946495466 7.479311051948577 22.23908716154201 24.43507705171436 19.33701083606057 46.386847977914236 59.7766826118227 24.790267071015617 63.290299225747944 35.95806214121394 44.32723779131988 72.43904782877527 52.05945432265948 11.519177054447072
87.28671832534107 108.11722692216162 37.32660550489764 44.545872768520354 65.00928764032837 37.03631209120146 73.73461013213871 76.96985759727238 42.99124360937942 105.6898341799414 75.32941048180727 60.276754589448025 79.94622310306418 29.014305241277498 0.0 43.02449310591834 48.45198755340841 75.05993251734783 83.05439882686953 15.977683808264976 55.88155286298258 111.34924174370923 40.563862507477964 45.77512038148697 9.9582923731014 21.146912664777204 58.533099813001215 81.0975483299022 40.14839687458336 100.36530724859085 50.84520521793805 56.7948387154487 83.15683654449826 31.32294158713328 45.79810375186161 41.3666044114311 48.29595527087654 73.08352944982725 65.53594499244113 19.694379304274864 91.12471209134091 48.13370286275861 41.033104189147316 99.91422836704088 75.50340030081853 35.01477334556577
64.2857526831034 77.73468822307292 5.784456533644415 28.414922110401815 42.99289010638701 32.96287029339082 36.009199334246965 38.16179978594562 4.3579006395898965 81.74254459913278 40.54447609048447 28.913441689731865 49.85431923633514 39.034883103674915 43.02449310591834 0.0 51.423439738462974 49.221578423584816 40.20938392494254 51.06799073453361 14.418854145278232 83.5398679593543 25.647362624608267 53.62080341629506 37.53605073541974 25.784351519207387 23.772961203830583 43.446540648523886 3.2261930789793762 75.41080992744044 24.234558809544353 25.7293564230872 54.65265424520986 32.358428664519806 29.75450254082511 19.51354887021406 48.80835733625197 51.64632563033463 22.763922470691202 55.44131912129684 70.41258560893402 12.201245542670366 10.65187802699549 76.71498722107195 45.91621103755893 50.445024025129214
46.942098870836666 71.64845059212752 48.0552790915216 24.59011582708231 31.174804593126478 18.738018812924718 55.55803663467293 59.548585970508384 55.1531862036057 63.57983747281814 52.01905208493873 40.30875912563243 48.8552589612348 19.83459699694995 48.45198755340841 51.423439738462974 0.0 40.80079594011969 82.00611804503745 38.415710873086496 52.93428268532898 71.922530325051 26.0554421447769 5.686840196110236 39.05588250216138 35.65220863750294 44.004638270337516 60.29586784857881 48.81618318136565 59.66716339455859 33.810287147005184 39.10637111317996 49.267386347195156 21.658100041808353 23.836577644589156 32.47980045463444 3.2097090177320515 35.00523178812723 68.22571059288788 39.3036782039497 48.30879654876896 43.94454564990134 59.21674083697694 57.84962505074447 45.35231720787168 15.848680287872286
15.139568620219887 33.22024567423421 50.49899951032044 30.51955607193011 10.50169570744986 39.01689474810242 24.815436737103926 27.721317768561075 53.435710181645106 32.724333033254645 17.73001190621348 20.447588669283903 8.562170630707287 49.87011600004866 75.05993251734783 49.221578423584816 40.80079594011969 0.0 57.18948740877605 72.02864542277689 39.34369115448332 36.465859285680224 34.602008404661866 46.451733354290596 65.37026353135255 54.578769862861115 26.25779694897494 25.122801221954457 48.92102551441062 26.579273605841983 26.50244518528803 23.492237085437846 8.675469759073417 44.56722510904747 29.268148373021493 35.57081166481096 38.02244662683734 7.491886201239284 51.20841580357338 74.60146449905037 21.67824901220769 37.02368527090542 59.87240374910844 27.52181880446973 6.983638511036143 54.02703811751224
69.86836621127206 69.40733025446069 45.991597148407514 57.76412080529694 58.52903972415521 66.66246693493477 32.3795824238547 29.857377267402487 40.127017433451215 81.56958045061006 39.68520046881811 43.10391748858298 51.571479043095884 75.8784838631293 83.05439882686953 40.20938392494254 82.00611804503745 57.18948740877605 0.0 90.97442700203261 30.28793569786612 77.80426510623724 57.6484676797174 85.9871844377055 77.68981651948039 65.54811327732125 38.26473398619571 34.24774965783291 43.28231183919727 75.40627112217355 48.19606432792935 43.305305476256116 56.533542572543226 68.4642635792595 58.29063394386573 51.7254044209676 78.85996205155625 63.692295266008735 17.51845927077045 95.26134440899968 76.8697755076569 39.93337136346012 43.40045561059873 78.61725533370195 50.45857707443888 86.38014632251085
82.2803979161311 105.14680825441322 45.34230013599554 42.86216992916876 61.54860851339857 33.14570748688676 76.03683814290252 79.685653379162 52.264345743267164 100.14863631801376 76.05688755603911 61.013628903574556 78.25909870384461 22.198140192348102 15.977683808264976 51.06799073453361 38.415710873086496 72.02864542277689 90.97442700203261 0.0 61.66732102636057 107.1504188581784 39.78716087378117 34.426034956729126 14.074912826448639 25.426465499749415 60.86568512460618 82.92578221226435 47.884300785623964 95.43619765844153 51.407018825383425 57.91550675864505 80.58747726817488 27.92865872384503 43.70867907965884 42.95945163720438 39.20274282346658 68.5520969052641 73.73434081825557 4.485064102126952 85.04551236265992 52.63565870103122 52.00178718901617 94.32768927951052 73.94028641879649 22.97916857914461
54.39773766324502 64.88370815025112 19.2026071254211 28.34751776506631 35.68293346595684 36.557172524738945 22.059363977357016 23.87736300382164 17.255449624578166 70.76083418154624 27.487788369182113 19.36719306207473 38.12265161289615 45.59472537292206 55.88155286298258 14.418854145278232 52.93428268532898 39.34369115448332 30.28793569786612 61.66732102636057 0.0 71.30910087393367 27.63020053281946 56.43713379958142 49.096555276220144 36.45288591055155 13.267052342446002 29.330267628898547 16.403624852795502 64.3103079752632 19.85427292266541 17.423225936415328 43.24561361977947 38.17634469277284 29.139800473788796 21.51537362593074 49.90254136265149 43.42193904651521 15.32046815731052 65.80889949560107 61.020272386246106 9.646794768606311 23.506803174971765 66.15750492580877 34.69955147333555 56.14068220641933
25.06369470377721 8.909370323548213 85.73953272587701 66.89323829595389 46.341455139467215 74.75779719898705 50.488301884659066 50.68706607080034 87.4639591422267 11.30229366389949 43.93307608191422 54.99467131364325 33.710230227276035 85.00608038538573 111.34924174370923 83.5398679593543 71.922530325051 36.465859285680224 77.80426510623724 107.1504188581784 71.30910087393367 0.0 71.033221625504 77.46722835624664 101.56312847207099 91.02909773227992 59.76707649773667 45.0455988132854 83.81638468175107 12.402737713765635 62.598056733542286 58.48849204459473 29.189728566523552 80.43724311469434 65.58346490325518 71.90910933467761 69.86338351416502 38.62658227893041 79.0300243879231 109.27030050574413 24.479225398279954 71.66049670349256 93.98774165636819 15.368730909596806 37.82586238166371 87.06551041699828
47.673837161493246 67.558480289573 23.08311958555521 4.313634293609088 24.903578180692353 9.039494943020244 36.64198897050406 40.450332651798675 29.615041744098924 66.16319432406733 36.26980504207932 21.2633746177636 39.45408065265994 19.508294489162047 40.563862507477964 25.647362624608267 26.0554421447769 34.602008404661866 57.6484676797174 39.78716087378117 27.63020053281946 71.033221625504 0.0 28.982239785835883 31.066296895070366 20.005758904736748 21.96655826456888 43.270460075034975 23.309554950540132 60.489856932923374 11.754649381790138 18.330934663847554 42.596627055351796 12.244685200948801 5.826885189044334 6.432964056598676 23.28439854856418 33.48384796706138 42.68458015255046 43.177361291678714 52.375389750984255 18.205837751190682 34.414971434828175 60.51224442193914 35.02265231044071 28.91910281016243
52.530201177259315 77.30428110497404 49.77666776253225 28.23479747632557 36.726073609539945 20.678402038336703 60.50056393614548 64.49982531596152 57.11331794162037 68.95753178457805 57.260449818063705 45.03004351311938 54.455051560505716 18.44883192505243 45.77512038148697 53.62080341629506 5.686840196110236 46.451733354290596 85.9871844377055 34.426034956729126 56.43713379958142 77.46722835624664 28.982239785835883 0.0 36.848321270186844 35.34012754972848 48.33830199271015 65.48396131623397 50.83146345284591 65.17688426889227 37.90879639827222 43.559184549776894 54.9388087505535 22.191093975478182 27.713419410809735 35.37738499321689 8.500632921419268 40.69199208223096 71.61870098307415 34.8540233058549 53.699853725000864 47.16400896647105 60.68242777758423 63.25903873508243 50.89023205844765 11.44994297964638
77.39220915041518 98.50871318534588 31.758799691733508 34.914997520196934 55.22700804245868 27.095626363583218 65.46172315913141 68.87416618832698 38.42472154302511 95.77362999417218 66.51984371256037 51.38019530753623 70.52037661917112 19.345274213807276 9.9582923731014 37.53605073541974 39.05588250216138 65.37026353135255 77.68981651948039 14.074912826448639 49.096555276220144 101.56312847207099 31.066296895070366 36.848321270186844 0.0 12.792480247111133 50.17088254402745 72.68464739567325 34.415755133185506 90.49084823909013 41.81361925573252 47.99173816866994 73.5674362895247 21.376409838851597 36.10938707391864 32.53846239639787 38.68224376394595 63.20720454606645 60.296261484829245 18.559940723628536 81.17569191735838 40.605101308642524 37.93648583188054 89.99162538462635 66.08817675750294 26.744281521271596
67.57701583184577 87.38118254939334 20.160841907554136 24.217076500720697 44.88240130309752 19.081759974698826 52.80379904042202 56.1588433902387 27.435311894381684 86.07035508550399 54.18999901333906 39.130020827066794 59.01587720497619 17.186084990164332 21.146912664777204 25.784351519207387 35.65220863750294 54.578769862861115 65.54811327732125 25.426465499749415 36.45288591055155 91.02909773227992 20.005758904736748 35.34012754972848 12.792480247111133 0.0 37.53625250363604 60.09376062395852 22.570888277538813 80.46472989890525 29.726007477795857 35.65079073820398 62.438085754358504 14.258427801051024 25.6147481406529 20.221333965132533 34.260120511006804 53.347994855899955 48.340344870397445 29.731050317031137 72.01546951487754 27.820374801198856 28.46635606536497 80.38006586585689 54.57122119416998 28.213361891108732
41.381700989197554 54.09136214996582 26.348254078557865 20.666170200966206 22.58957039727941 30.699178710195092 15.294170227083502 18.827006866317973 27.74871057562743 58.26021199914078 17.476916912917666 6.111642120948267 26.087761619922706 41.470416143945656 58.533099813001215 23.772961203830583 44.004638270337516 26.25779694897494 38.26473398619571 60.86568512460618 13.267052342446002 59.76707649773667 21.96655826456888 48.33830199271015 50.17088254402745 37.53625250363604 0.0 22.566863697999676 24.19256017467973 51.86623483153099 10.622925031378747 5.052360552563398 30.952439177073884 34.128921175841775 20.818335545064052 17.91317038604582 40.82015539278093 30.157753163880678 27.028205201191046 64.55818883611406 47.89471404856026 12.108422642730496 34.270643498958584 53.43070643594816 22.23142752298184 50.49204305295044
35.960578848510444 37.42052384090516 47.38317862221075 40.82857816051818 30.418492242990574 51.18703112320771 7.536502474363108 5.825070046336467 46.57689541197185 47.5554695997393 8.365727837090226 22.040190322816276 17.96024211428305 62.47493300276162 81.0975483299022 43.446540648523886 60.29586784857881 25.122801221954457 34.24774965783291 82.92578221226435 29.330267628898547 45.0455988132854 43.270460075034975 65.48396131623397 72.68464739567325 60.09376062395852 22.566863697999676 0.0 44.82770350106032 41.28654121392026 31.544515056522002 25.01071723926032 22.559104891419018 55.47000446063964 40.411457793876714 40.227530731227475 57.1430678917137 32.4587699207104 34.1390160678638 86.4288142242414 42.897661310078256 33.69918460937029 52.819067848897035 44.390691652323916 18.159935488564223 70.09224496636371
63.874315214449645 78.28336616845137 2.8497715802195005 26.36744525607878 42.12078677308244 30.22871177771068 37.32136151619417 39.72518309829761 6.341113110020465 81.5850888554566 41.374311450255526 28.891031707415735 50.10836628264569 35.92995451223233 40.14839687458336 3.2261930789793762 48.81618318136565 48.92102551441062 43.28231183919727 47.884300785623964 16.403624852795502 83.81638468175107 23.309554950540132 50.83146345284591 34.415755133185506 22.570888277538813 24.19256017467973 44.82770350106032 0.0 75.31368733122322 23.224263921432566 25.527863871608364 54.76243894571284 29.35915228950602 27.772374913993275 17.426995339230402 46.2775805184881 50.8913350594126 25.888553512061446 52.24797051318406 69.83166684206246 12.157348101671515 11.556935242064451 76.4421724942464 46.04072196054059 47.371733213755554
13.17116757952825 15.61201764941934 76.9920879433144 56.24822482016293 35.58693855608795 63.48256831617718 45.237244508853614 46.37338053053496 79.52821971333621 6.4716408499972475 37.983424744284136 46.50034995157206 26.25429528195658 73.38917071217288 100.36530724859085 75.41080992744044 59.66716339455859 26.579273605841983 75.40627112217355 95.43619765844153 64.3103079752632 12.402737713765635 60.489856932923374 65.17688426889227 90.49084823909013 80.46472989890525 51.86623483153099 41.28654121392026 75.31368733122322 0.0 53.07869079959135 49.7874556084031 21.06758794246816 69.19935829524489 54.85872161671554 62.03675489241028 57.6909647144782 27.283827784690306 73.92724728963141 97.4058010075417 12.150651111739938 63.27490918221866 86.02491380503072 4.318691641831752 29.671664242667767 74.94922004289774
41.05959297244976 58.17866600388114 24.400042213756002 10.044074075122003 18.903289203390937 20.177930023109397 24.89535306713601 28.72774910574204 28.592186302547752 59.1672140947599 24.780368217725808 9.637800407255595 29.586970391276875 31.17707423131837 50.84520521793805 24.234558809544353 33.810287147005184 26.50244518528803 48.19606432792935 51.407018825383425 19.85427292266541 62.598056733542286 11.754649381790138 37.90879639827222 41.81361925573252 29.726007477795857 10.622925031378747 31.544515056522002 23.224263921432566 53.07869079959135 0.0 6.577159468423729 33.48362484931157 23.99509212436784 10.242369660982318 9.580755717619235 30.66997331353556 27.715624309123942 35.08250592077081 54.8843394744708 46.763483264988025 12.696905228550904 34.672005401700986 53.812077562131364 25.175503084569677 39.892635360714046
38.572702281005355 53.4381728381917 27.29059501903351 16.38381669099561 18.322187343116145 26.662791612046025 18.320863398351225 22.16991011910571 29.952564080442542 56.07346787535252 18.545094206913166 3.6110132995033544 24.895730932753494 37.73888690732596 56.7948387154487 25.7293564230872 39.10637111317996 23.492237085437846 43.305305476256116 57.91550675864505 17.423225936415328 58.48849204459473 18.330934663847554 43.559184549776894 47.99173816866994 35.65079073820398 5.052360552563398 25.01071723926032 25.527863871608364 49.7874556084031 6.577159468423729 0.0 29.32930291551721 30.572248060823792 16.32525504221284 15.464222890942434 35.911113290502946 26.424146518131906 31.823898192343798 61.43200812486547 44.80759896673511 13.53326500697421 36.3802393597273 50.99306417777757 20.665541389079998 46.23478018987609
13.401869854977237 24.961956761735564 56.61221280811714 38.65244636699786 19.146110121570853 47.5052720189795 24.88553598840887 26.727253115061078 58.69242315296143 27.526691403299573 17.415231702252658 25.877914466360608 5.276637616460753 58.460753946495466 83.15683654449826 54.65265424520986 49.267386347195156 8.675469759073417 56.533542572543226 80.58747726817488 43.24561361977947 29.189728566523552 42.596627055351796 54.9388087505535 73.5674362895247 62.438085754358504 30.952439177073884 22.559104891419018 54.76243894571284 21.06758794246816 33.48362484931157 29.32930291551721 0.0 52.9913584581741 37.4849314099107 42.90123395764756 46.555242047009784 14.67740313174637 53.232764390542876 83.21761896278392 20.36050153723429 42.62944283176811 65.20957618544742 23.186070229946544 8.736596538384763 62.69090248755443
56.071512805103445 77.7872370902941 27.97408815412256 14.94690360185884 34.217812434172195 5.7250112775121735 48.88643765970693 52.69216780573461 35.481510774810666 74.41685852201597 48.30726103117592 33.43507772680407 50.42315035882974 7.479311051948577 31.32294158713328 32.358428664519806 21.658100041808353 44.56722510904747 68.4642635792595 27.92865872384503 38.17634469277284 80.43724311469434 12.244685200948801 22.191093975478182 21.376409838851597 14.258427801051024 34.128921175841775 55.47000446063964 29.35915228950602 69.19935829524489 23.99509212436784 30.572248060823792 52.9913584581741 0.0 15.785439396523836 16.95576600266624 20.05638368603771 41.93209816624113 52.51793863044729 31.09760377520277 59.801778674928414 28.531609509040997 38.61354467624336 68.62816895140887 46.07122512213851 18.244314941955235
41.96708928664081 62.406267393545015 27.937236495332446 1.554415945482076 19.296486067329102 10.854567429974898 34.32888197864537 38.27355787135055 33.93011384054525 60.46106083668586 32.878235315652056 18.537751851937465 34.69203278994093 22.23908716154201 45.79810375186161 29.75450254082511 23.836577644589156 29.268148373021493 58.29063394386573 43.70867907965884 29.139800473788796 65.58346490325518 5.826885189044334 27.713419410809735 36.10938707391864 25.6147481406529 20.818335545064052 40.411457793876714 27.772374913993275 54.85872161671554 10.242369660982318 16.32525504221284 37.4849314099107 15.785439396523836 0.0 10.353050002065029 20.771205588370396 27.747972702719963 44.45451038354845 46.77970698233419 46.57295642109802 20.458942443292102 39.17424483264029 54.78471574659238 30.31580395993124 29.948969254420295
49.64682052676861 67.69317668195143 17.626387816822117 8.941524691009906 26.91321641429737 15.077984043966028 33.14937543272554 36.73989014644022 23.624446604554418 67.98472694190892 34.007726925743256 18.912071838524522 39.13412918816969 24.43507705171436 41.3666044114311 19.51354887021406 32.47980045463444 35.57081166481096 51.7254044209676 42.95945163720438 21.51537362593074 71.90910933467761 6.432964056598676 35.37738499321689 32.53846239639787 20.221333965132533 17.91317038604582 40.227530731227475 17.426995339230402 62.03675489241028 9.580755717619235 15.464222890942434 42.90123395764756 16.95576600266624 10.353050002065029 0.0 29.678925863496502 35.78711385594534 36.39426892508987 46.695742813830265 54.92849307261927 11.942358488749116 28.826218016403438 62.493747431083534 34.70929863226097 34.65476637805682
44.81858327020748 69.29619875685661 45.63596888018981 21.58650390039956 28.227942445724576 16.504762823410605 52.3598349403919 56.351731469096585 52.61866762529382 61.82177144792678 48.88109455129574 37.09909668944885 45.97061687248144 19.33701083606057 48.29595527087654 48.80835733625197 3.2097090177320515 38.02244662683734 78.85996205155625 39.20274282346658 49.90254136265149 69.86338351416502 23.28439854856418 8.500632921419268 38.68224376394595 34.260120511006804 40.82015539278093 57.1430678917137 46.2775805184881 57.6909647144782 30.66997331353556 35.911113290502946 46.555242047009784 20.05638368603771 20.771205588370396 29.678925863496502 0.0 32.46701248501198 65.20869884163795 40.43016330449013 46.56024616806627 41.00330176139604 56.869406815577484 56.0511261561809 42.3898002069826 17.306817650238408
14.23965120121066 37.00294884353168 52.11268603650731 29.19026464408935 8.89121721338472 36.22285279176129 31.491626066871092 34.67069593726984 55.971384260899356 32.72595375802994 24.763229136256793 24.055387227017917 15.933520721739 46.386847977914236 73.08352944982725 51.64632563033463 35.00523178812723 7.491886201239284 63.692295266008735 68.5520969052641 43.42193904651521 38.62658227893041 33.48384796706138 40.69199208223096 63.20720454606645 53.347994855899955 30.157753163880678 32.4587699207104 50.8913350594126 27.283827784690306 27.715624309123942 26.424146518131906 14.67740313174637 41.93209816624113 27.747972702719963 35.78711385594534 32.46701248501198 0.0 56.399524887698284 70.77814340438069 19.147520192044187 39.560524323463326 62.22903933337452 27.036743467897352 14.31504426627148 49.17450926454165
65.66984730811438 71.5578159076392 28.547156415853976 43.6358451241925 49.47279470205825 51.46362480168553 28.752107647269877 28.383732498190938 22.633265492975003 80.3756391742167 35.9505123668829 32.94046422361889 47.9568651453948 59.7766826118227 65.53594499244113 22.763922470691202 68.22571059288788 51.20841580357338 17.51845927077045 73.73434081825557 15.32046815731052 79.0300243879231 42.68458015255046 71.61870098307415 60.296261484829245 48.340344870397445 27.028205201191046 34.1390160678638 25.888553512061446 73.92724728963141 35.08250592077081 31.823898192343798 53.232764390542876 52.51793863044729 44.45451038354845 36.39426892508987 65.20869884163795 56.399524887698284 0.0 78.06885308790751 72.57964777824708 24.480044196316683 26.32801735054594 76.39696644671973 45.4369652851428 70.70409045870996
84.29175899237588 107.58056373359568 49.73231801820264 46.02907466844234 64.10029160748304 36.04319407360296 79.64662664811273 83.34752024212568 56.70170968948844 101.93118413210723 79.39358730254044 64.44070367019476 81.09976362079009 24.790267071015617 19.694379304274864 55.44131912129684 39.3036782039497 74.60146449905037 95.26134440899968 4.485064102126952 65.80889949560107 109.27030050574413 43.177361291678714 34.8540233058549 18.559940723628536 29.731050317031137 64.55818883611406 86.4288142242414 52.24797051318406 97.4058010075417 54.8843394744708 61.43200812486547 83.21761896278392 31.09760377520277 46.77970698233419 46.695742813830265 40.43016330449013 70.77814340438069 78.06885308790751 0.0 86.74240429593115 56.676183280913484 56.48535187906142 96.12097649269367 76.83204842793 23.5069841140177
7.016270804084005 27.0707197618027 71.15491751278634 48.06232074463983 28.03716656008059 54.091600231947545 44.92480963165704 47.0278106047044 74.69584126598018 15.272143780239697 37.43320409684886 41.982202354791056 25.324130261048428 63.290299225747944 91.12471209134091 70.41258560893402 48.30879654876896 21.67824901220769 76.8697755076569 85.04551236265992 61.020272386246106 24.479225398279954 52.375389750984255 53.699853725000864 81.17569191735838 72.01546951487754 47.89471404856026 42.897661310078256 69.83166684206246 12.150651111739938 46.763483264988025 44.80759896673511 20.36050153723429 59.801778674928414 46.57295642109802 54.92849307261927 46.56024616806627 19.147520192044187 72.57964777824708 86.74240429593115 0.0 58.23557551356798 81.0466000884041 9.56833065567166 27.17179601170829 63.86659373945352
52.08482498020833 66.16319887625889 14.240011836859017 19.45627639024356 31.01864343397272 27.01948378518946 26.172238048227783 29.06712496284462 16.460379848298015 69.58463036830082 29.489786886175303 16.785644217970855 37.951580716538466 35.95806214121394 48.13370286275861 12.201245542670366 43.94454564990134 37.02368527090542 39.93337136346012 52.63565870103122 9.646794768606311 71.66049670349256 18.205837751190682 47.16400896647105 40.605101308642524 27.820374801198856 12.108422642730496 33.69918460937029 12.157348101671515 63.27490918221866 12.696905228550904 13.53326500697421 42.62944283176811 28.531609509040997 20.458942443292102 11.942358488749116 41.00330176139604 39.560524323463326 24.480044196316683 56.676183280913484 58.23557551356798 0.0 22.85305737666635 64.5257417277179 33.900611288695345 46.50898604811106
74.93704505055891 87.98918854088755 11.335043725892428 37.73085598590897 53.5236495478706 40.47920106118828 45.562480592111925 47.28415948459841 6.524750509731792 92.3693606977813 50.642553375730984 39.541211595807546 60.35120029797457 44.32723779131988 41.033104189147316 10.65187802699549 59.21674083697694 59.87240374910844 43.40045561059873 52.00178718901617 23.506803174971765 93.98774165636819 34.414971434828175 60.68242777758423 37.93648583188054 28.46635606536497 34.270643498958584 52.819067848897035 11.556935242064451 86.02491380503072 34.672005401700986 36.3802393597273 65.20957618544742 38.61354467624336 39.17424483264029 28.826218016403438 56.869406815577484 62.22903933337452 26.32801735054594 56.48535187906142 81.0466000884041 22.85305737666635 0.0 87.36085465012738 56.47728082232793 55.826483786048385
12.863048739518662 19.75036696898598 77.99240552088081 56.22416737904664 35.70016939115741 62.90352159905514 47.86803382956739 49.27090477749838 80.9017317408801 5.8224903739902665 40.4841263645473 47.84413835412433 28.459897671482636 72.43904782877527 99.91422836704088 76.71498722107195 57.84962505074447 27.52181880446973 78.61725533370195 94.32768927951052 66.15750492580877 15.368730909596806 60.51224442193914 63.25903873508243 89.99162538462635 80.38006586585689 53.43070643594816 44.390691652323916 76.4421724942464 4.318691641831752 53.812077562131364 50.99306417777757 23.186070229946544 68.62816895140887 54.78471574659238 62.493747431083534 56.0511261561809 27.036743467897352 76.39696644671973 96.12097649269367 9.56833065567166 64.5257417277179 87.36085465012738 0.0 31.472008898138984 73.35642592692092
20.234220124694936 33.00565755074614 47.91971671386149 31.325732116178923 14.178979898897092 40.814798885070296 18.101820718597367 20.819105944199894 49.961860572527534 36.09718663301685 10.829227083109885 17.173408677907272 4.44506671958768 52.05945432265948 75.50340030081853 45.91621103755893 45.35231720787168 6.983638511036143 50.45857707443888 73.94028641879649 34.69955147333555 37.82586238166371 35.02265231044071 50.89023205844765 66.08817675750294 54.57122119416998 22.23142752298184 18.159935488564223 46.04072196054059 29.671664242667767 25.175503084569677 20.665541389079998 8.736596538384763 46.07122512213851 30.31580395993124 34.70929863226097 42.3898002069826 14.31504426627148 45.4369652851428 76.83204842793 27.17179601170829 33.900611288695345 56.47728082232793 31.472008898138984 0.0 57.47141487511769
62.00261186996201 86.1687438048426 45.755030214089004 29.870329137204177 43.7130318744247 19.902287272335315 64.2517768374909 68.20990959076482 53.337168864428286 79.1285625640709 62.22907394469769 48.45205929597988 61.4243947863943 11.519177054447072 35.01477334556577 50.445024025129214 15.848680287872286 54.02703811751224 86.38014632251085 22.97916857914461 56.14068220641933 87.06551041699828 28.91910281016243 11.44994297964638 26.744281521271596 28.213361891108732 50.49204305295044 70.09224496636371 47.371733213755554 74.94922004289774 39.892635360714046 46.23478018987609 62.69090248755443 18.244314941955235 29.948969254420295 34.65476637805682 17.306817650238408 49.17450926454165 70.70409045870996 23.5069841140177 63.86659373945352 46.50898604811106 55.826483786048385 73.35642592692092 57.47141487511769 0.0
