0.0 43.723345151115 18.344007490466243 21.056723838114685 25.67608399049605 9.473275286307679 10.432795438162506 10.848791838289616 54.94769592188035 19.615574445330893 59.02705724378606 32.74524231894086 49.97884191529441 44.26209730072475 30.393744996526017 43.22527916662676 46.63998940126467 31.788495574600198 37.22195877592361 49.12377931520233 8.12595433805486 73.40610940250365 16.962720483073827 16.81205340355967 42.49441420873189 5.991923335929803 10.103761192838355 24.927311491646694 47.8067896502715 41.05657373167217 53.29262336244366 33.32462094516094 48.471040068714345 19.4948247388423 47.453434069008665 48.436585017986296 40.05415186796152 25.724058476657397 24.40699497479397 48.33055370441314 79.89226283571475 48.089404200790625 25.243826026480424 36.83413538291728 66.86627795204743 76.12131843473317 41.58938293490239 7.729979501974448 28.012185756049448 62.48573178010792 82.43646149961039 52.170809553696714 32.290113298362975 41.93261650433371 69.77730361360669 96.88478516099005 72.72471158563636 59.88230702159405 65.40399570286759 85.81526410701771 116.4773849081516 97.11230833681512 87.68879099057719 91.3375722376606 106.7262129946584
43.723345151115 0.0 41.79591540298027 64.41758066212496 55.50907982218164 40.793696531558304 51.00162848847977 54.109292846118315 82.03695262585177 33.80465184119178 45.438954737238184 56.919033490225054 67.92231972132974 73.06048929831259 14.198163605037108 36.69892756805758 42.34411878140349 15.538381698675233 36.0871010968813 19.728455993778912 51.53417287902619 58.19825371355196 38.98485168553824 60.52116393876582 45.163073098803046 44.037281581139624 34.86378765940395 55.47412232758572 75.87655401468365 22.813966573349656 45.52362227703376 43.615705284089785 76.0721597069936 40.41209009315311 69.32975821738447 10.687713062705443 20.07267040432131 22.05638605934246 19.430301468845727 28.69856756319551 111.10304166431375 85.74505748105877 68.95877630539745 67.47725328266898 82.13291377826063 96.85230874328235 66.45249195456192 42.968866632618536 40.88446095755672 62.38253466568182 89.44763275698176 55.2188419595893 22.185903931284415 18.170318752048168 50.625674891995104 90.58417486222737 57.02502819591306 26.326096201333996 23.002635435841906 52.535964140115176 99.97099171016981 70.88104149968373 49.485947021454116 47.62782705656798 66.95352803782797
18.344007490466243 41.79591540298027 0.0 29.1672798198615 13.829911701518677 8.971109996331139 28.318354632905137 21.22536540370573 42.61462052890174 8.008018020398916 42.57390246589635 17.483619040630796 33.484866103030654 32.565719929200334 27.805800902781414 55.12372070089414 29.445955747465263 35.89607909049836 49.85385644028634 39.338417525690915 24.004148980550426 56.4264810707164 3.1096111206704737 28.983563988485397 24.513010794072176 12.748216866673959 13.529336992721827 13.712496589181969 35.78851055138901 48.53873777464397 36.13431080917034 15.099812380706195 36.194283557650415 1.8828319809041518 32.23144331427641 49.892190062870114 29.882011075487785 19.74911285093013 24.459104681141675 35.156641841063774 70.5788514445111 44.0345270124044 35.93793432770408 55.125864482919226 84.7408815302904 61.505427157953754 27.41509293094421 10.728956849644602 43.283797822004836 77.63193438810843 64.65702724355198 33.845974152558554 22.481425928102617 47.54076995909349 80.06048248551846 78.57602924745167 55.865060092121155 49.62282423307094 64.79777472963711 91.26820757212121 98.81187845480326 81.7162106328259 77.3694291869083 87.68840175371523 108.56896778761804
21.056723838114685 64.41758066212496 29.1672798198615 0.0 25.043390589199916 24.69418745803992 18.859510090091785 10.32153455405533 46.23173307998127 35.10931481569659 71.17233230897031 32.98134144273061 48.727937335357474 36.43390224846846 50.64567600969039 61.368076607895 57.71808545109816 52.83422404047469 55.160933994092716 67.21531369792947 14.633998387154573 84.37554688655632 30.129851180114148 6.671826202482617 51.75678745638368 20.65589450725448 29.653097448623058 24.11423509669832 39.72502770383379 61.423162579439314 64.26135988012744 42.29872813847444 40.61898542204781 31.029977817238077 44.169463048901754 69.49113824886159 57.754757390089445 44.65438829384055 44.98806664566488 64.17812358298232 65.65942817732508 31.377827032849012 7.268370991306135 38.935126444791145 73.30697506040302 68.968923536112 37.762789422388096 22.14021617745495 44.14969010186701 76.17772742701463 82.44071065351311 58.71162292876759 49.924384810215784 62.71075959324184 88.13421683141122 102.12893351470767 83.94957662152237 77.8426566177574 86.40695796718023 106.14886245636002 125.13212888085177 110.57690611945243 105.78794389772352 112.02482047284768 127.68189436095709
25.67608399049605 55.50907982218164 13.829911701518677 25.043390589199916 0.0 19.00901267945003 33.061455001703536 21.971417254377155 29.840272745291102 21.728199228922715 48.30297688544382 8.147463025501173 25.165350299899604 19.3462292019789 41.60696264848829 67.13109207055086 34.816723477626255 49.477452202185184 61.49637703069497 51.11883478030339 27.503449895664858 60.497637643136024 16.84341651749571 28.046808244162307 28.156760716168677 19.9165847462028 25.52259048687244 0.9497640167462491 22.770706182204858 61.75385801029387 40.94390307703104 19.512022050451705 23.31545258498257 15.099812380706323 21.928564642549254 63.72205385947954 41.965684525361034 33.45796296768336 38.219687136977605 45.112868067021104 56.97283653256602 30.77336102991264 32.29452226826617 59.44504488120238 91.75691432214 50.457324403820316 15.920499616334002 18.863652483088817 53.41410690912511 88.00653727833237 58.70815585593847 33.85115284016523 35.21349756863191 61.0648601997282 92.8045298935734 77.12308768323139 60.20185543699504 60.789345181736515 78.49340050253586 104.98510228090946 100.24853195304448 87.6835732670872 87.87353783029205 100.7463004207801 122.36251145831633
9.473275286307679 40.793696531558304 8.971109996331139 24.69418745803992 19.00901267945003 0.0 19.72483296383011 15.046133561225526 48.847298115568755 11.02438050350293 49.997789272014394 24.90366025965322 41.73368959165259 38.33438047235796 26.659718358008583 48.123361138224844 37.353940518036296 31.768211616654174 42.52241103605918 42.60248992884256 16.05255050324269 64.23398758310162 7.523653405908891 22.716307116944503 33.03578933993685 4.608215053909522 6.8176029902556525 18.478280393907117 41.77760116885781 43.243588863572874 44.03301982011774 23.855466936650974 42.3234848792264 10.02631242540158 39.83814570683329 47.37095987598219 33.19284048593101 20.03033432193503 21.68799335509637 40.412918381196405 75.5197474757544 46.06626954218332 30.59094852720183 46.30709541527569 75.81374579408798 68.97122599160062 34.41786206726175 2.646265984487976 34.98957698979698 69.54417698177423 73.50869728532226 42.72177552876717 25.3300894181451 43.045540460481895 73.88548893383 87.4224856652 63.59046386191739 53.287913794602034 63.48428929874126 87.26801697686629 107.11857600297625 88.5452032256382 81.24556174669888 88.06903084678738 106.33057737574278
10.432795438162506 51.00162848847977 28.318354632905137 18.859510090091785 33.061455001703536 19.72483296383011 0.0 12.09221216733802 60.62128041268937 30.040551981182205 69.45924757291968 40.83103788069769 58.13174828060071 50.04453922587794 38.70468561946333 42.59564055594266 57.03635032915804 37.29748399963961 36.38496072731788 58.62147137841344 5.724627949285052 83.83354392701048 27.247952275562618 12.466311713781225 52.72241124746319 15.57054349505001 20.045743121361674 32.18787006450582 53.58450213495406 43.83147432106576 63.69937450305576 43.411993256785884 54.35459705456801 29.636288659270374 54.93222468269493 54.06050875034478 49.81311123101295 35.24183046045662 32.45341186512131 58.48613185765394 83.21374816582063 49.63659207586667 19.947539928075816 26.96047315478026 58.7424851664707 82.67307348883405 48.73319757915271 17.602937974331535 25.291376341941554 58.00254668636263 91.28152758484444 62.117999729883664 42.1876416074782 45.77959065732512 69.32941179179626 106.84981423456333 83.15569823878143 69.33700856857168 71.38021173147757 88.18963520787565 126.83988791861867 107.44031790603391 96.9183164150995 98.1711342809427 110.80007472525574
10.848791838289616 54.109292846118315 21.22536540370573 10.32153455405533 21.971417254377155 15.046133561225526 12.09221216733802 0.0 48.56963106271632 25.93000517188236 63.79867292865006 30.041133602825994 47.11296039721243 38.033968389764055 40.39806929966648 52.80597313828004 50.627550212753036 42.62301204281679 46.65781332231104 57.60508676430592 6.432256222999709 77.58821865397358 21.447891779618548 7.808977929312364 45.31401694455776 10.667452714451253 19.421240865813346 21.045241200389317 41.56215924890124 51.708782783006974 57.30087080405559 35.73358507020662 42.34803419871774 22.959702619934344 43.49246938320224 59.22341255143156 48.22397416033723 34.68239245190839 34.68305730908102 55.32208613051473 71.38009713258235 38.356870808997755 15.563754877450469 37.52413955837363 70.48929911225082 70.74696308334349 37.17647825335348 12.405630906454862 36.33951312480708 69.87182653380343 80.66928126962272 53.57883674598728 40.35682031238235 52.73970550702616 79.55565674680352 97.99098361823319 77.05172180026828 68.31153236374341 76.0968181733524 96.48703891220784 119.5368382964217 102.86273862624485 96.26579087876482 101.72577942553481 117.57481921910636
54.94769592188035 82.03695262585177 42.61462052890174 46.23173307998127 29.840272745291102 48.847298115568755 60.62128041268937 48.56963106271632 0.0 49.67660826587877 58.95942085228166 25.449748011129252 18.271275983493265 10.68838664586632 69.04994285314946 96.9705886122936 48.41774293774704 78.40906372170116 91.3263705802842 72.6507980951532 54.90076910009641 65.7214556675538 45.72063338923047 51.90222801153002 41.841846656170766 49.48308289254002 55.27975799968886 30.411244597618246 7.141243329235855 91.15135014548004 51.73819608787704 39.00899289902144 6.526057240588442 43.32343585775442 13.832213487099889 91.3142243141397 64.94572909295796 60.70207103675095 66.76272098290057 63.86723822776257 29.368348653314403 24.17912346373499 51.976980581004696 84.93191036934127 118.82802143064178 22.768310936377073 15.610312402416024 48.619140707272685 82.93860953926075 117.42511733364725 42.27886620881038 38.74467005185292 60.0801521938877 90.07179479726685 122.51963127331474 68.33554956545125 66.00728030770946 80.24304774833985 104.47824801213537 133.36878884210793 95.73383110889272 93.8666801463447 104.17113281166857 123.64052824244105 148.7179194739491
19.615574445330893 33.80465184119178 8.008018020398916 35.10931481569659 21.728199228922715 11.02438050350293 30.040551981182205 25.93000517188236 49.67660826587877 0.0 39.43075997809048 24.236146475011004 38.66289981682496 39.96841593695139 19.891344857397144 49.791461865507 27.355424830658563 28.817192653524284 44.9679191583528 32.230261333848894 26.944470961944713 53.88079378069121 5.450648683767645 33.6770720685525 24.15618567539205 15.627709620162097 10.967263171185019 21.67121677521665 43.05106173779568 41.906265413340876 33.91912082040477 16.254651636910978 43.379880450883 6.638280084742553 38.33640889583703 42.095420802484675 22.733568231972313 11.749601200770975 17.094285481232028 29.40912732512087 78.09911015452236 52.03927449290116 41.37054619959144 55.76539264250109 83.08343312866543 67.42111872447106 34.18321803920504 13.64655577137146 39.985191218860955 73.52722959986167 67.71750727616511 34.758856462733945 15.018175089759854 40.46928752804897 73.78909846678985 78.86462669398486 53.17086548650207 42.772317312504754 56.803344259185195 83.77700942578694 97.19783719827346 77.62272935798191 70.69591860662311 79.78279226106027 100.63513905029039
59.02705724378606 45.438954737238184 42.57390246589635 71.17233230897031 48.30297688544382 49.997789272014394 69.45924757291968 63.79867292865006 58.95942085228166 39.43075997809048 0.0 42.87417198436144 40.713033114534454 55.024671997428825 41.78921546373452 78.83781360267474 13.537918280089471 54.01168637964252 76.05169556846786 26.325842077562598 66.0324058198097 14.693594833248218 42.66296228883628 71.55132784146458 20.222411170933086 54.521060489848495 50.00343793188497 49.02098382953287 55.9385329399713 66.30916280271997 7.600153324895931 29.062128178289882 55.54240949029862 40.852123024986234 45.48294874098237 55.90730158220315 26.849311421273505 38.235287525746024 45.63674598058584 16.78986870482763 86.7410169037221 74.98893795492448 78.21395954730433 94.90127486152473 119.54006156658463 63.979851816158245 47.161874549718696 52.43925922251818 75.30154001406402 104.8121198711658 47.603996706201364 20.340382637094002 30.92199653708476 62.39756897843189 96.04994221432483 45.191430446937474 13.853181313816505 27.136843429915483 60.62803231433708 94.92081291982676 58.49622938750876 39.4815589614472 45.72312020603603 70.83247505525296 101.67940253771631
32.74524231894086 56.919033490225054 17.483619040630796 32.98134144273061 8.147463025501173 24.90366025965322 40.83103788069769 30.041133602825994 25.449748011129252 24.236146475011004 42.87417198436144 0.0 17.320316913760305 16.170442903387894 43.66828061794098 72.53322185580822 29.75869828093786 53.0147259034615 67.15411081284569 49.64422951568082 35.37757191121227 54.10047672387099 20.54206617080783 36.19014834643273 22.73838730321729 26.793983126668127 30.746890874280016 9.095861103894052 18.980373736170463 65.9071436546734 35.31874299465303 15.840386520609028 19.231958019189875 17.98566108568804 14.9374385596521 65.95861922423066 41.07960879673153 35.31877650255423 41.32914270188408 42.29715885310122 54.19881407326627 32.84723251889882 40.18961199631824 67.42628665170429 99.35913818697955 44.1477485332591 9.976204663448033 25.39448410500163 59.875614326462106 94.44656035831733 50.63555917965126 26.62362329970493 35.33436052310476 64.67657227534313 97.53175493338497 69.15406601268656 53.91459737655637 58.53274220350539 79.62524188071013 107.9308830353368 92.75706012163944 81.81258108381367 84.71982949281436 100.28123183766303 123.81407944447587
49.97884191529441 67.92231972132974 33.484866103030654 48.727937335357474 25.165350299899604 41.73368959165259 58.13174828060071 47.11296039721243 18.271275983493265 38.66289981682496 40.713033114534454 17.320316913760305 0.0 17.00021312547464 56.17769411571553 88.31071582660623 30.74032552168073 67.01382686453525 83.22522765302743 56.17049991106374 52.63670826871213 47.79921841011336 36.28210996136561 52.758695722424704 24.641230326430527 44.00025273615567 47.01366867142729 26.07888517053313 16.478969157356932 80.3741878549364 33.5718309841528 24.417724364509844 15.831900236673365 33.431410109697154 5.873298945563757 77.89403345650867 49.3494973821065 48.08678243975471 55.231011109327504 46.76812384922677 46.521618604886335 37.87177697268555 55.66964244013305 84.60953724138056 116.67589981800604 29.099534268544694 11.352458762336783 42.49501818728759 76.66568754652775 111.1048223463717 33.7603677122488 20.473651927928884 45.75396730485574 78.50176896445686 112.36759783059625 55.16505161398155 48.01178212548399 62.94354194690397 89.51791814333708 120.24905741325492 80.97490977207656 76.07005332512999 86.08781196870031 106.91263293360787 133.58237960945422
44.26209730072475 73.06048929831259 32.565719929200334 36.43390224846846 19.3462292019789 38.33438047235796 50.04453922587794 38.033968389764055 10.68838664586632 39.96841593695139 55.024671997428825 16.170442903387894 17.00021312547464 0.0 59.66799157495578 86.43418462523684 43.07513802651689 68.4616368131055 80.74285916558624 65.34178035518076 44.32012415006246 63.89086828152085 35.67206728887466 41.77347148034461 36.09053392407344 38.82585977828317 44.86525217713489 19.85746699363084 3.5565329903929532 80.98421537672552 47.48964311951728 31.28983568911152 4.314514625190679 33.44973567759626 11.127413425764146 81.9610381934695 57.04561507618665 51.33388603426883 56.95164395310918 57.33796302194005 38.14451861392206 20.94005138167291 42.62409095811811 74.76621185126935 108.43433803597743 32.80010771273866 7.9250798516973155 38.00815748889446 72.25847009926726 106.73708955547549 48.01368198431444 35.79098191102288 51.492761238435044 80.10520506660035 112.14728102649656 71.71704161520593 63.97639128456457 73.73870918428307 95.79451877888107 123.7358332358588 97.9272517704499 92.18784627826561 99.00575073946011 116.19107397448074 139.97599783860292
30.393744996526017 14.198163605037108 27.805800902781414 50.64567600969039 41.60696264848829 26.659718358008583 38.70468561946333 40.39806929966648 69.04994285314946 19.891344857397144 41.78921546373452 43.66828061794098 56.17769411571553 59.66799157495578 0.0 37.21571359726202 34.7138743444466 12.487232692740584 34.267414836711794 21.576654237460357 38.42743691504806 56.06382768930968 24.912995157268234 47.165950380249676 35.570860569195396 30.086366469935996 20.99258152684676 41.51779542672601 62.634862181971656 25.727638819310936 39.53913615287174 31.82017577571765 62.90019967657746 26.529590557186243 56.89658012345863 22.29585052406953 15.303058740803587 8.350209887080641 6.282064953377994 25.892359688463838 97.808401054938 71.62148621175653 55.56606767713819 58.65436972507049 78.66307214452559 85.27722799893353 53.44566437224243 28.905245774543467 34.77683416792284 63.0728461741616 81.02699626754527 46.433842869157395 11.903099313296515 22.8499486462371 57.42308684856532 86.29037768624768 55.03331399465117 31.71970113891708 37.127491901543486 64.38632846220099 99.56967763642182 73.98703008810844 58.55621630807389 61.46844920037187 80.76323394576796
43.22527916662676 36.69892756805758 55.12372070089414 61.368076607895 67.13109207055086 48.123361138224844 42.59564055594266 52.80597313828004 96.9705886122936 49.791461865507 78.83781360267474 72.53322185580822 88.31071582660623 86.43418462523684 37.21571359726202 0.0 71.65823531698153 24.831004656516328 6.210717922900824 55.49040595443953 46.95792667162955 92.82218873198379 52.16379365622542 55.06155581531804 71.51757269399064 47.90988536930339 41.81891644670973 66.58089854739306 89.89412070928638 14.009585162204052 76.73229936011896 65.58574636806362 90.44641629729183 54.94391683085387 87.35483189515996 30.21865136956799 52.01725828009606 42.86059513604959 34.81977460306168 62.4460768701355 123.0252591991746 91.09372377426013 62.09460877748417 42.52336048520082 46.427941531962524 116.62891094827323 82.33622602157337 48.48769326849462 17.82441354435234 26.0617358332975 116.79818633962826 82.5736286597674 48.88601283813782 18.871423791423048 26.781883881432776 123.506082938884 91.73611263170558 63.024564714230706 43.85768706118751 47.641549432159294 135.78666695875893 107.56622516615826 84.24800020537626 70.84996227455625 73.0511303509804
46.63998940126467 42.34411878140349 29.445955747465263 57.71808545109816 34.816723477626255 37.353940518036296 57.03635032915804 50.627550212753036 48.41774293774704 27.355424830658563 13.537918280089471 29.75869828093786 30.74032552168073 43.07513802651689 34.7138743444466 71.65823531698153 0.0 47.179076561994094 68.06077850133431 26.622464447085527 53.25128124218892 26.98186375655337 29.8728141729744 58.32420745849813 7.076066844635335 41.76245849904711 38.268937902757465 35.518275367147005 44.45133992696937 60.38690567112221 6.695596317000067 15.526154036062804 44.185729382918545 27.809222379234573 34.601007972762595 53.007083329135966 22.27305738474422 29.05993369276236 37.04165557864486 16.481347231940376 77.2422063559643 62.33337278169949 64.80217192864346 83.1142275154642 109.59657543398372 57.375631479067806 35.151106222536654 39.67455852658751 65.63058787170434 97.1365568589548 47.1137464954079 13.159926426127505 22.836728937579046 57.13757681171049 91.66647778531818 52.437063758579384 26.424615938333464 32.27566694743023 61.481872969388164 94.40956735398427 69.8695535006429 53.01698049809265 55.98792909484066 76.50685234535567 104.72225634569588
31.788495574600198 15.538381698675233 35.89607909049836 52.83422404047469 49.477452202185184 31.768211616654174 37.29748399963961 42.62301204281679 78.40906372170116 28.817192653524284 54.01168637964252 53.0147259034615 67.01382686453525 68.4616368131055 12.487232692740584 24.831004656516328 47.179076561994094 0.0 22.420191663008346 31.54744638044155 38.87183703608264 68.07211055772437 32.79112567375624 48.05261237359708 47.72332221034513 33.78319821176772 25.01291654284924 49.18742916857916 71.663580026527 13.529085995167774 52.01143300305078 43.048412737937916 72.04318321423494 35.0874308554254 67.09371312406981 16.80752273609636 27.216688312335734 19.245758520428748 11.79968282427236 37.71081937106325 106.42973947569418 77.82497360349612 56.40006212649702 51.96162931214873 67.92538741389569 96.00911814597002 62.9807677291368 33.32037395528435 25.470795389409584 50.81455889355809 93.2225782337462 58.686642062330165 24.34437952885052 11.663175675474966 45.54409416302782 98.7188665933384 67.00291852866714 40.350976701378094 34.08585205395149 55.5906742171763 111.27707280508655 84.27528970118053 64.93724014120359 61.04219067915007 75.03489929241222
37.22195877592361 36.0871010968813 49.85385644028634 55.160933994092716 61.49637703069497 42.52241103605918 36.38496072731788 46.65781332231104 91.3263705802842 44.9679191583528 76.05169556846786 67.15411081284569 83.22522765302743 80.74285916558624 34.267414836711794 6.210717922900824 68.06077850133431 22.420191663008346 0.0 53.881237837390906 40.76990768875233 90.30561050827815 46.9627741836665 48.850935841026846 67.42562733559579 42.0647109496226 36.409797505148426 60.91543084673559 84.22554817238729 14.874021311937012 73.4333589834487 61.003279372906825 84.80037914529466 49.79536381704952 82.03948557267975 31.28833108047712 49.44937826895204 39.02565488887089 31.019129843593763 60.012111676852776 117.09241849098298 84.97530352053381 55.90883081440949 37.75738249719821 46.046388771276035 111.29796070891675 76.87375396048678 42.74066812689388 11.781682812802385 29.080991418981856 112.42072671695506 78.47577876153979 45.53376536608902 19.571601988174113 32.97907367175787 120.2670830732893 89.26034561502571 62.17282653803446 46.45777065114861 53.34792950479431 133.65771860602652 106.47231700426721 84.87090769270127 73.92249860681503 78.23521440599782
49.12377931520233 19.728455993778912 39.338417525690915 67.21531369792947 51.11883478030339 42.60248992884256 58.62147137841344 57.60508676430592 72.6507980951532 32.230261333848894 26.325842077562598 49.64422951568082 56.17049991106374 65.34178035518076 21.576654237460357 55.49040595443953 26.622464447085527 31.54744638044155 53.881237837390906 0.0 57.20881974560338 38.503379390915214 37.5184932090396 65.11033683791962 31.606653854624557 46.95271760844908 39.02591048452118 51.42343973846305 67.5135270781384 42.00708927602262 27.899331090173046 34.05194670963726 67.4730396121738 37.513260024259765 59.00042791295281 29.82274423307862 9.49954320598404 23.423853375317396 27.47122175863767 10.43993399656495 101.98399593311721 81.7301768709413 73.16869129852037 80.13889288485241 99.42623451414806 83.84548250713142 57.7936900951429 45.22135036024674 56.077131507762815 81.48087544683283 72.46629150939896 39.720852445485065 17.290962838756393 37.617246521839206 70.1853662732654 71.16693396619722 37.32062923756052 10.760037554804205 35.1223520661348 68.89290954875497 80.43744686642187 52.776613757539515 38.67019655612168 50.99237477007429 78.10176379826922
8.12595433805486 51.53417287902619 24.004148980550426 14.633998387154573 27.503449895664858 16.05255050324269 5.724627949285052 6.432256222999709 54.90076910009641 26.944470961944713 66.0324058198097 35.37757191121227 52.63670826871213 44.32012415006246 38.42743691504806 46.95792667162955 53.25128124218892 38.87183703608264 40.76990768875233 57.20881974560338 0.0 80.196367957909 23.40149099541918 9.182712378761318 48.515675091678105 11.513447146810625 18.186346584746747 26.6139689825731 47.86057022553219 46.844174267886 59.944812516648135 39.04887227149702 48.630029825368084 25.50184531853033 49.31399854434652 55.660284208012136 48.08023752247016 33.831009686905254 32.358258548859794 56.09691918345113 77.76512375056885 44.50070050717731 17.551623922609153 32.10383064526193 64.40575801067676 76.95439272235973 43.08165194539826 13.598919426570857 30.144388947029913 63.46092861425435 85.9428237815538 57.50450847730521 40.27643872982491 48.29532093985336 73.7394603911524 102.17583836421144 79.57668257032644 67.96881283776649 72.81370252895582 91.53510627346728 122.81287753851176 104.5604844449171 95.7990715986725 99.07928404982343 113.36058456183444
73.40610940250365 58.19825371355196 56.4264810707164 84.37554688655632 60.497637643136024 64.23398758310162 83.83354392701048 77.58821865397358 65.7214556675538 53.88079378069121 14.693594833248218 54.10047672387099 47.79921841011336 63.89086828152085 56.06382768930968 92.82218873198379 26.98186375655337 68.07211055772437 90.30561050827815 38.503379390915214 80.196367957909 0.0 56.79712646145809 85.25643391121727 32.62542637923821 68.69180961764175 64.57307004291997 61.30026260259226 64.09909683020665 79.91982434137606 20.292607704176923 42.09922708977578 63.534067237644486 54.78868238271862 53.31529863021127 68.28116911781552 40.870582142676156 52.88713972021791 60.18058382084575 30.37619241362228 91.316637511932 84.62535772429058 91.53626398005478 109.50359649427963 134.15625676880572 65.74284822225036 56.4065201274303 66.60375955761481 89.91783980149584 118.86617219677464 43.74183645564712 28.19611309590031 45.51408723363975 75.7818070865284 108.66955065204606 33.35481940591755 1.2503544378633693 35.852994446343814 70.45683395703428 105.06068773646587 43.81500732475955 28.30845505126108 45.583122631268125 75.82290017504322 108.69793923176408
16.962720483073827 38.98485168553824 3.1096111206704737 30.129851180114148 16.84341651749571 7.523653405908891 27.247952275562618 21.447891779618548 45.72063338923047 5.450648683767645 42.66296228883628 20.54206617080783 36.28210996136561 35.67206728887466 24.912995157268234 52.16379365622542 29.8728141729744 32.79112567375624 46.9627741836665 37.5184932090396 23.40149099541918 56.79712646145809 0.0 29.25645221596782 25.53248878432994 11.894954696996129 10.833730503426668 16.672863831723546 38.89809998674368 45.435746557280275 36.56090989896838 16.476168908843047 39.3033193798915 2.9135725923566165 35.21662524961397 46.90493198657714 28.02087736616916 17.000175348161875 21.389636346392177 34.06722829897423 73.66914413697492 46.766108311900176 36.63090922174929 53.77180180545389 82.67900799613048 64.48380824215998 30.49164894999421 9.806775928898748 40.711891637611664 74.92393779993209 66.96285136526973 35.392233784926766 20.397150040879698 44.433366016317805 76.98994135222678 80.02943207163757 56.175253058976615 47.9730940342357 61.98375660621554 88.18936472706439 99.59975612857397 81.47869747812771 75.84317072397394 85.20760899155232 105.65618010713368
16.81205340355967 60.52116393876582 28.983563988485397 6.671826202482617 28.046808244162307 22.716307116944503 12.466311713781225 7.808977929312364 51.90222801153002 33.6770720685525 71.55132784146458 36.19014834643273 52.758695722424704 41.77347148034461 47.165950380249676 55.06155581531804 58.32420745849813 48.05261237359708 48.850935841026846 65.11033683791962 9.182712378761318 85.25643391121727 29.25645221596782 0.0 52.86296685984332 18.207312967649663 26.42694924499355 27.097251520003358 45.179184200118 55.817211853681606 64.98276177192689 43.28231183919727 46.03987536226169 30.739427695666922 48.618733028419534 64.83667593618767 55.789665777340424 41.97042704646704 41.217788123570735 63.084054622889994 72.222823258795 38.02950774355493 8.438238209984826 33.03055273686023 67.12439280355976 74.52499026300065 42.20163897953898 20.070603351060672 37.67660458102649 69.5059031602327 86.50585938231912 60.76633050232561 47.92326727583385 57.406807776711 81.78785374637617 104.89944957206947 84.73983489445925 75.84540995575026 81.96922777701108 100.39982016854391 126.9474905740347 110.66009392944537 103.7800092435506 108.11830167216549 122.48872152244621
42.49441420873189 45.163073098803046 24.513010794072176 51.75678745638368 28.156760716168677 33.03578933993685 52.72241124746319 45.31401694455776 41.841846656170766 24.15618567539205 20.222411170933086 22.73838730321729 24.641230326430527 36.09053392407344 35.570860569195396 71.51757269399064 7.076066844635335 47.72332221034513 67.42562733559579 31.606653854624557 48.515675091678105 32.62542637923821 25.53248878432994 52.86296685984332 0.0 37.19792911033837 35.06077779915784 28.90579080840487 37.58155963842154 61.20110064042969 12.788204781552611 9.583031212688075 37.355995237552676 23.09214079515687 28.01300797442736 55.633057516870274 25.535008842089464 28.700561420968327 36.71315906466161 22.148985164932057 70.91176857609706 55.25784631984789 58.93366680887648 79.29515390770736 107.2243565027709 52.42091060062061 28.17503861441409 35.136233268093314 63.79747745937182 96.43921674443926 45.49942966183719 11.05890136858758 23.859061648002076 58.40432063881122 92.99316555076241 54.728934419659176 32.23146736773578 38.43585649148747 65.65515203930053 97.66636710445178 74.31738430570987 59.52717815289961 62.91806978070492 82.27192296291288 109.42322580807235
5.991923335929803 44.037281581139624 12.748216866673959 20.65589450725448 19.9165847462028 4.608215053909522 15.57054349505001 10.667452714451253 49.48308289254002 15.627709620162097 54.521060489848495 26.793983126668127 44.00025273615567 38.82585977828317 30.086366469935996 47.90988536930339 41.76245849904711 33.78319821176772 42.0647109496226 46.95271760844908 11.513447146810625 68.69180961764175 11.894954696996129 18.207312967649663 37.19792911033837 0.0 9.185494989436341 19.215532173652683 42.347888950117834 44.36584231285298 48.45289003053148 27.84502299776845 42.97463077604338 14.108777531605408 41.56204232201806 49.932671075985866 37.59643944100658 24.04252144524393 24.66070889586757 44.99748287658053 75.14943688064449 44.38674034974461 26.225340669507265 42.42870710635479 72.85233557809363 70.36496034350063 35.782216761077564 2.088249054174183 33.514308697477794 68.09487019158561 76.46636643074015 46.561960299345884 29.728171222230046 44.65813752543885 74.16044360571485 91.29632694926381 68.06672578373812 57.67085967652721 66.43467472639756 88.85940022718904 111.42184618662172 93.14190646345149 85.61957719034557 91.54627018817497 108.74482746086738
10.103761192838355 34.86378765940395 13.529336992721827 29.653097448623058 25.52259048687244 6.8176029902556525 20.045743121361674 19.421240865813346 55.27975799968886 10.967263171185019 50.00343793188497 30.746890874280016 47.01366867142729 44.86525217713489 20.99258152684676 41.81891644670973 38.268937902757465 25.01291654284924 36.409797505148426 39.02591048452118 18.186346584746747 64.57307004291997 10.833730503426668 26.42694924499355 35.06077779915784 9.185494989436341 0.0 25.06223368994387 48.26278546031239 36.4479385034468 44.77957264506854 26.690983514941383 48.770742371355695 13.745173046907587 45.632186474206044 40.864990521036624 29.957866355455756 15.650554642632514 15.475234130742491 38.44091684780997 82.2599930664311 52.81556793751819 34.74324765734408 44.93922099125636 72.29664717635083 74.88820648638655 40.517438936960595 8.362766353364185 29.88415098295551 64.1174135058275 77.71760390149099 45.49152667823325 22.221101120710017 36.23425123873943 67.28231478545186 89.78880346836092 63.819339572634114 49.78547271557913 57.263293645364996 80.46354839250299 108.04692349364015 87.47476928003019 77.61616801177631 82.41019662057728 99.76646816608427
24.927311491646694 55.47412232758572 13.712496589181969 24.11423509669832 0.9497640167462491 18.478280393907117 32.18787006450582 21.045241200389317 30.411244597618246 21.67121677521665 49.02098382953287 9.095861103894052 26.07888517053313 19.85746699363084 41.51779542672601 66.58089854739306 35.518275367147005 49.18742916857916 60.91543084673559 51.42343973846305 26.6139689825731 61.30026260259226 16.672863831723546 27.097251520003358 28.90579080840487 19.215532173652683 25.06223368994387 0.0 23.315243783256978 61.37063497504348 41.68824636530366 20.15206799497157 23.8854522057543 15.07093632252522 22.77043561212064 63.57725414480244 42.22239267041198 33.417736599017445 38.006829758188175 45.57232750859574 57.31330708623391 30.61027164854187 31.368833478967215 58.53084758873624 90.89861355905892 51.19407300341186 16.706334405759666 18.227024206637374 52.72761626638764 87.30998182563552 59.64237690778264 34.740268247682856 35.37506876807712 60.75146813433938 92.33050637723248 78.06344717789153 60.994176093182475 61.16750916810244 78.46926638444256 104.72905176180898 101.1471916223915 88.42605722878888 88.3305581751204 100.89655150013414 122.28101808882711
47.8067896502715 75.87655401468365 35.78851055138901 39.72502770383379 22.770706182204858 41.77760116885781 53.58450213495406 41.56215924890124 7.141243329235855 43.05106173779568 55.9385329399713 18.980373736170463 16.478969157356932 3.5565329903929532 62.634862181971656 89.89412070928638 44.45133992696937 71.663580026527 84.22554817238729 67.5135270781384 47.86057022553219 64.09909683020665 38.89809998674368 45.179184200118 37.58155963842154 42.347888950117834 48.26278546031239 23.315243783256978 0.0 84.28097083393544 48.48599813722099 33.52399407119362 0.9523234493745638 36.59551582921948 10.786106648696604 84.92921521885577 59.42849333967315 54.287790879890366 60.09190557966281 59.203329430394945 35.22685878449563 21.6921464672034 45.77130943372673 78.19413166252676 111.93068210081557 29.34985282347918 9.721769356565753 41.50259095953316 75.79756349341537 110.28567234655233 45.73892623505554 36.24720298553085 54.134086978582765 83.31847525565382 115.53469851541688 70.23366754011583 64.25356295870132 75.62437770394276 98.5106415852369 126.82436815140518 96.86799358865217 92.40310562312415 100.4387707680627 118.4577832526759 142.72782889649125
41.05657373167217 22.813966573349656 48.53873777464397 61.423162579439314 61.75385801029387 43.243588863572874 43.83147432106576 51.708782783006974 91.15135014548004 41.906265413340876 66.30916280271997 65.9071436546734 80.3741878549364 80.98421537672552 25.727638819310936 14.009585162204052 60.38690567112221 13.529085995167774 14.874021311937012 42.00708927602262 46.844174267886 79.91982434137606 45.435746557280275 55.817211853681606 61.20110064042969 44.36584231285298 36.4479385034468 61.37063497504348 84.28097083393544 0.0 64.91901050599499 56.539317082342755 84.71376976365266 47.921668336466766 80.2409331883103 16.50297283823959 39.51428463414929 32.77337911569448 25.173885874661924 49.64788765071202 118.66693534010933 88.74361697920294 63.74809893160451 51.44913248528715 60.20804683396121 109.29215871201059 75.88158126084357 44.34068314057803 23.854168954820242 39.58269773845171 106.69633961197054 72.12837606701203 37.62645988783073 4.883895523416117 32.04385259995795 111.35471470347646 78.79674033972141 49.120411043370076 31.804684657189934 44.7782965694176 122.44185765769372 93.68685843324094 70.40760995462531 59.43080681407542 67.0939283483281
53.29262336244366 45.52362227703376 36.13431080917034 64.26135988012744 40.94390307703104 44.03301982011774 63.69937450305576 57.30087080405559 51.73819608787704 33.91912082040477 7.600153324895931 35.31874299465303 33.5718309841528 47.48964311951728 39.53913615287174 76.73229936011896 6.695596317000067 52.01143300305078 73.4333589834487 27.899331090173046 59.944812516648135 20.292607704176923 36.56090989896838 64.98276177192689 12.788204781552611 48.45289003053148 44.77957264506854 41.68824636530366 48.48599813722099 64.91901050599499 0.0 21.973867678082158 48.11597368199464 34.503844321806525 38.13521180854965 56.196706208389784 25.730130006202288 34.67190359916724 42.50142556579087 17.48377531172957 79.89424448954684 67.39107180732464 71.37779497381567 89.68160050997075 115.69596415135867 58.16243761278338 39.608953998621814 46.36479749040539 71.59151330484138 102.44911043468876 44.5678443234741 13.605494312893002 27.906602722956475 61.37833288502633 95.65915163778016 46.83418320903882 19.757439461438356 31.338799534676987 62.997877293037305 96.6963958757138 63.27954841281206 46.739686716551105 52.5329270298715 75.69432984701209 105.32980470473669
33.32462094516094 43.615705284089785 15.099812380706195 42.29872813847444 19.512022050451705 23.855466936650974 43.411993256785884 35.73358507020662 39.00899289902144 16.254651636910978 29.062128178289882 15.840386520609028 24.417724364509844 31.28983568911152 31.82017577571765 65.58574636806362 15.526154036062804 43.048412737937916 61.003279372906825 34.05194670963726 39.04887227149702 42.09922708977578 16.476168908843047 43.28231183919727 9.583031212688075 27.84502299776845 26.690983514941383 20.15206799497157 33.52399407119362 56.539317082342755 21.973867678082158 0.0 33.53156351900399 13.829911701518563 25.809675574414367 53.486156261119135 25.952741020439284 23.88046821866429 31.39774085571805 26.459850317609288 68.36323302529341 48.59550166893921 49.44013559499017 70.15656993626644 98.9665331016515 53.498870403117316 23.80645961055609 25.811124028148214 56.21858187135013 89.72007574185763 51.49152450808411 18.919038263532926 21.43210746797004 54.36536361755796 88.58161547983548 63.5711218851215 41.654317922405845 42.70482648643152 65.62886216196085 95.84058759827045 83.85571637152843 68.54287187616966 68.98722142203346 84.94183581503728 109.84426038356955
48.471040068714345 76.0721597069936 36.194283557650415 40.61898542204781 23.31545258498257 42.3234848792264 54.35459705456801 42.34803419871774 6.526057240588442 43.379880450883 55.54240949029862 19.231958019189875 15.831900236673365 4.314514625190679 62.90019967657746 90.44641629729183 44.185729382918545 72.04318321423494 84.80037914529466 67.4730396121738 48.630029825368084 63.534067237644486 39.3033193798915 46.03987536226169 37.355995237552676 42.97463077604338 48.770742371355695 23.8854522057543 0.9523234493745638 84.71376976365266 48.11597368199464 33.53156351900399 0.0 36.96034188523156 10.229894791939067 85.18956625026973 59.46390121817061 54.55056745370053 60.441683076670685 59.06892654882416 35.04419526473846 22.509850230330574 46.69193157482191 79.04697952478509 112.74554913805618 28.50320924143987 9.738759981344261 42.096406627942045 76.44753071276006 110.95582882038106 44.80211874656649 35.75864584498959 54.267502537379684 83.70228838397745 116.02592166799361 69.37159596790343 63.703513795866805 75.48928680312815 98.66054217452306 127.1375166785015 96.06164006275354 91.8316691695251 100.16467170387531 118.43798661828609 142.88751207121894
19.4948247388423 40.41209009315311 1.8828319809041518 31.029977817238077 15.099812380706323 10.02631242540158 29.636288659270374 22.959702619934344 43.32343585775442 6.638280084742553 40.852123024986234 17.98566108568804 33.431410109697154 33.44973567759626 26.529590557186243 54.94391683085387 27.809222379234573 35.0874308554254 49.79536381704952 37.513260024259765 25.50184531853033 54.78868238271862 2.9135725923566165 30.739427695666922 23.09214079515687 14.108777531605408 13.745173046907587 15.07093632252522 36.59551582921948 47.921668336466766 34.503844321806525 13.829911701518563 36.96034188523156 0.0 32.50760691732397 48.71818771689324 28.071127178302252 18.35853873548429 23.503604296772117 33.274056152587235 71.54813261063039 45.55804679063403 37.77252395484734 56.32778262869627 85.52018601917672 61.75296390329713 27.961011149999557 12.044110262881325 43.62517499487999 77.8209743477416 64.06083345356156 32.70342221621887 20.73847878666182 46.74935738604205 79.59753492035664 77.39640944585636 54.20891243419475 47.76838827129413 63.40222699251305 90.29217349953068 97.32708906198299 79.93114637863135 75.49938693289809 86.05852696599479 107.2694088194562
