0.0 60.911525800042085 51.99078122471011 35.72627622572587 44.094693169526245 70.10799975494855 22.92940336497722 45.08333264352158 35.81801018955097 53.056441928842055 62.07274004609854 31.547101074534133 65.57477458189403 28.81490615005865 51.71167111231211 45.186902645250534 61.673519288281554 40.290536230085976 67.43867218781264 62.79766143844044 27.699754109484157 58.09886679525865 78.47963846620985 58.61527637620346 16.899858980948622 39.86049119965246 63.24151570923925 64.51582299234958 35.790548691331814 57.41064926610496 56.59960165933251 41.47096008132521 75.863813223507 31.45443015131522 55.89132991030319 40.34729943912611 50.23705013270134 38.49332199327397 66.4598435513353 62.49732889864976 44.625009553844976 54.5228310216481 46.95185796331889 76.51719995032654 39.84343369024779 32.67183625535883 49.75906859396708
60.911525800042085 0.0 43.19910737896109 50.50659978509619 21.857983133848453 11.927286904991266 46.852551880560696 49.84660646930607 51.92910946064213 17.283150746389392 8.859593639664027 71.62732962000757 85.44737126682601 50.34785794253559 25.02562458490017 57.47731581652379 60.16422223634467 79.50876779752856 83.63408760155392 11.784152799258202 34.65950084457612 60.04780871591395 68.27376539367334 73.93532402867802 47.34966738286818 39.91059301692916 55.89404106154795 87.58911276753493 46.23910897580148 39.81365722702581 7.351027769333265 77.78341587919273 96.48364179426278 34.01851370155033 16.967545572230687 61.911896004143244 39.0171651844913 82.46319958959806 81.58350839343245 8.558135878000185 32.391458404810045 80.7867495369913 15.695690072683032 70.88782319401389 27.519780707954506 82.5517806116344 21.674152826235726
51.99078122471011 43.19910737896109 0.0 18.540300662168793 48.241690855026455 42.79122115236488 29.068315273941202 10.581814334769156 19.344108615465736 25.92522583265979 51.08538772219707 41.099965071564704 42.904430921012526 24.342537637040376 18.17350366173579 17.750585921917196 17.39761050934245 45.55388938271595 40.66140639104539 34.50318348433672 31.343354410580154 16.85454496890098 30.114737394584477 31.397933812920556 35.68257781099944 12.513234123018268 14.63113161205124 45.54097661915814 16.63349846597055 7.174576630626143 35.89147441370362 42.70582182244794 53.59064412559317 25.564533942366257 26.50684710062456 25.069227954241946 4.34592916506386 50.52648120916091 38.572837544205 37.03561686490176 13.135186236643008 40.42789286026773 43.46307255329344 30.636602201116332 50.278608956030894 83.96725813237771 53.614706178275775
35.72627622572587 50.50659978509619 18.540300662168793 0.0 47.10187549432512 54.08631483010424 14.323194445493442 9.501335124569895 1.4226131961577468 34.70734121892165 56.53598238654942 23.54717654610112 38.4182652892855 6.926387511177753 28.60489553561059 10.863818897173404 26.049315272449384 29.7830604086894 38.2581945695258 45.35349093760545 23.986043531672898 22.666883971258606 42.763843362337845 28.05817016772262 21.498022480765727 11.118519222081643 27.593045951599965 39.41691421074035 4.267839588471826 25.39634541531966 43.461136822467026 27.615531626005684 49.8864465851956 19.818141343014204 36.62044277405127 11.654289691818684 18.842925172555887 33.834945782668214 36.61167331289199 46.93770845998279 19.330037372879165 31.14542118459769 44.637205988010024 41.03354469742446 46.986159611232345 68.37075710796813 53.44536604796878
44.094693169526245 21.857983133848453 48.241690855026455 47.10187549432512 0.0 33.65790052727992 37.61599848827951 50.580923222038294 48.39621455650515 27.397924350948742 19.170118944349074 63.041902759985604 85.36735073390784 43.9572318986737 33.09550246741486 56.841363377426795 65.36883900090677 72.01526761521627 84.73335938708236 30.365182775543243 24.12960679528547 63.899948548193365 77.58647461121856 74.49648051223639 34.8540233058549 39.42039829464705 62.77956084922457 86.51671419606005 43.26721404846432 48.08744988645717 22.29817831645645 71.17499650336052 96.83202091855304 27.29191461268439 29.382241799933897 58.53710020960108 43.99924670982012 73.48043148897844 82.9068814977553 28.07378480137437 35.12204044077343 78.04665636336732 6.810541541172922 78.77412239541552 5.71383814094198 61.41776604966214 6.520211499873435
70.10799975494855 11.927286904991266 42.79122115236488 54.08631483010424 33.65790052727992 0.0 53.41446028784126 51.308352523186976 55.472302489373455 19.502439459558712 18.85262789726195 76.72128013871918 85.68530456729354 55.388267072476204 25.79377106394237 59.15645594409793 58.38569227988333 83.82109971138784 83.27357403272632 8.73481644676177 42.76756544686618 59.0695641867804 63.63690433593634 74.18855487371617 55.24259662742557 42.98846254528856 53.34393646204885 88.31042220772959 49.94071171342308 37.73017658736528 13.540752517542542 81.69691320721903 96.2159331240376 40.74002107633706 17.470558824073876 64.7886696823176 39.126787598909694 87.44780624037969 81.15924545851514 7.72632115723491 34.817944763303025 82.59658022763408 27.23569039587343 67.02671268769977 39.258320167875034 93.63809485415783 33.54716634016025
22.92940336497722 46.852551880560696 29.068315273941202 14.323194445493442 37.61599848827951 53.41446028784126 0.0 22.929403364977308 14.947742519992834 34.388031583233435 50.96283712708354 25.614727423902846 50.848944149591595 7.997614782376836 30.973787108943345 25.039523518692285 40.085908008329255 34.424846823678415 51.37790747166766 45.10340600501128 13.572377774352166 36.878424241114466 56.495053688772444 41.420987935061554 7.201234495384336 16.9960257695871 40.89998674034831 51.12123938307507 13.213496222697858 34.56854087566279 40.78244119902666 33.57728354188403 62.152415528663454 12.857913791314317 36.983747428465264 23.17424929663533 27.382024321020683 36.298408269948524 49.9166108239223 45.72809676719753 22.688268855910366 41.81746668743749 36.987943100090106 55.13129176707225 36.13344954299023 55.066886945355996 44.136081441050834
45.08333264352158 49.84660646930607 10.581814334769156 9.501335124569895 50.580923222038294 51.308352523186976 22.929403364977308 0.0 9.817377221553881 32.86822219605107 56.93172071728021 30.63387148838234 35.778261485866224 16.297281371270866 25.60703753083237 7.84944050624106 17.257885653085825 34.99878775851038 34.477546570719255 42.696552623446834 29.658879002980456 14.41281759202186 33.58003735745278 24.40125999745871 30.092752213065662 11.163160471406826 18.158659352991776 37.750934187874236 9.810438937322997 17.7554441844706 42.522196552264845 32.204185557895805 47.04370308719933 24.411555420109018 34.14840474823789 14.544285196814851 12.660571931840039 39.94537714358242 32.55091879681928 44.82959800009594 17.478005609311666 31.30380653840042 46.95185796331893 32.29680698423081 51.4686810098654 77.66472706363416 56.57231476826915
35.81801018955097 51.92910946064213 19.344108615465736 1.4226131961577468 48.39621455650515 55.472302489373455 14.947742519992834 9.817377221553881 0.0 36.10792338879598 57.9503105943996 22.358152604349385 37.21622001153526 7.213931690779127 29.953350122372303 10.092652988465792 25.85927996011704 28.42764939812788 37.160901567646185 46.73845950448505 25.14114493549604 22.356352224772397 42.67729384070093 26.994403648439807 22.05913863563179 12.490256063677496 27.708131959965705 38.13970127933432 5.690452784629573 26.29974916351167 44.881512508391246 26.224955261179957 48.67759961527459 21.10468666173565 38.00396666013291 10.269735723006077 19.88966872030693 32.5558507557126 35.5489683311674 48.339905209056404 20.695552989617987 29.784059113437188 45.99999718592202 40.76899393998475 48.20059370937786 68.48739664340194 54.75626005714824
53.056441928842055 17.283150746389392 25.92522583265979 34.70734121892165 27.397924350948742 19.502439459558712 34.388031583233435 32.86822219605107 36.10792338879598 0.0 25.285305772860163 57.220341466208765 68.26754820530604 35.90351207716807 7.761633769554807 40.62124145236013 43.004488540484324 64.37216641176272 66.3739141700494 10.862216508296026 25.38228820230637 42.77875027009509 52.25151884606939 56.73968419811667 37.107152530170836 23.67863407584456 38.984854929798665 70.51696374114277 30.517825538239755 23.00824879296219 9.966770391591584 62.31712353893846 79.24258866166251 22.14692789770423 2.8607047957811793 45.677545885491135 21.734197538893135 67.94617994691848 64.31684891899837 12.234227710994741 15.66109884220027 64.06654836986178 21.026346034493358 54.384204865028096 31.52326837625381 79.9434304321213 31.075586849549804
62.07274004609854 8.859593639664027 51.08538772219707 56.53598238654942 19.170118944349074 18.85262789726195 50.96283712708354 56.93172071728021 57.9503105943996 25.285305772860163 0.0 76.36459029574792 92.69964007052789 55.48539601182141 33.01869388895547 64.35122364232222 68.27667211406944 84.68227775790457 91.13274334548854 20.60394295217853 37.855875879074105 67.92082282528898 76.96153598899116 81.25503145955139 50.26093419866166 46.46596945646697 64.23468889625553 94.62401852574006 52.29569442859292 48.192829418279 15.452159569580576 83.22521040023139 103.88566195686046 38.49056028924428 25.414940952368475 68.13390807230985 46.81243171793144 87.15794470138424 89.117285647214 17.349304433786013 39.49708569307378 87.36179559256999 15.128161957920604 79.43921666208524 24.73128750735561 80.49095130231278 16.43733605059333
31.547101074534133 71.62732962000757 41.099965071564704 23.54717654610112 63.041902759985604 76.72128013871918 25.614727423902846 30.63387148838234 22.358152604349385 57.220341466208765 76.36459029574792 0.0 35.214985951197946 21.388270137015084 51.804106985273904 25.287946777048866 41.40647027320284 9.336442523914073 37.907556384190826 68.05774026902805 39.16697783480585 37.38410628624309 57.667437790853846 30.897934660417278 28.74452950098153 34.37095594132286 45.50371035046481 33.53676802182746 27.24890892427974 48.23985540761333 65.05567976069422 9.933747092370806 44.75454790004892 37.886236200675214 59.41280847319144 17.34327163489838 42.170825956498916 10.836061406492451 37.393448782980215 69.28376632940882 42.49093594905203 23.64095755372288 62.59809526019704 54.032348344459585 61.042009781394675 60.877203306545944 69.54740736992645
65.57477458189403 85.44737126682601 42.904430921012526 38.4182652892855 85.36735073390784 85.68530456729354 50.848944149591595 35.778261485866224 37.21622001153526 68.26754820530604 92.69964007052789 35.214985951197946 0.0 43.005313149279566 60.69265028738137 28.655463737098128 29.010910087319772 29.364884604362476 4.739349071401526 77.39176950810689 62.349618154268725 27.09557591066863 36.93289636221227 11.537257752252208 57.11249452227542 46.587682860763366 34.967223461733454 4.252882206205154 42.106973218449696 48.36884866935067 78.09867124244728 26.508196482318148 11.471804700910722 58.1732295142224 69.20925853459154 27.68880886773982 46.748177187732445 34.81275801038512 6.2569793264668006 79.84365736484008 53.20940366353832 11.72135963922967 82.36516664172602 31.4830319023552 85.40440656936777 96.06608810789254 91.61148596847504
28.81490615005865 50.34785794253559 24.342537637040376 6.926387511177753 43.9572318986737 55.388267072476204 7.997614782376836 16.297281371270866 7.213931690779127 35.90351207716807 55.48539601182141 21.388270137015084 43.005313149279566 0.0 30.917757348854696 17.21079511487231 32.96672612994961 29.22450693657894 43.417238333951204 46.760560475083345 19.95556380385243 29.53601561555228 49.6881657566508 33.4296244421165 14.941046857603338 14.117611444863654 34.44941305472948 43.45040616424925 7.7500241746328875 30.747624619885784 43.68837595240961 27.769433279302216 54.36645844511371 17.1739624753344 38.17887025331326 15.321960071013937 23.75240346503021 32.19460936579337 41.934821071956584 47.91169702379951 21.733790807289108 34.39024930738432 42.42655418648624 47.930139541799896 43.09153285321156 61.448338131727255 50.44114068284627
51.71167111231211 25.02562458490017 18.17350366173579 28.60489553561059 33.09550246741486 25.79377106394237 30.973787108943345 25.60703753083237 29.953350122372303 7.761633769554807 33.01869388895547 51.804106985273904 60.69265028738137 30.917757348854696 0.0 33.43724511691749 35.2582062895426 58.38099733008229 58.701284540119666 17.116384435537388 24.914405999306204 35.02351489904511 45.063020005025585 49.15617746500853 35.03458289470576 17.506819521621363 31.35546049750566 63.04570319720369 24.609684396038254 15.543903479286557 17.726405143978496 56.11065420403986 71.59302054144436 20.285368383671216 8.558245053611778 39.02109861304046 14.022166365348946 62.34330845800951 56.634052604287014 19.245288883184994 9.31716156231538 56.90797788395068 27.273123042482013 46.928121226194236 36.46115116054573 80.62216062048842 37.53586482583938
45.186902645250534 57.47731581652379 17.750585921917196 10.863818897173404 56.841363377426795 59.15645594409793 25.039523518692285 7.84944050624106 10.092652988465792 40.62124145236013 64.35122364232222 25.287946777048866 28.655463737098128 17.21079511487231 33.43724511691749 0.0 17.071218398434233 28.226925011824864 27.914554600865138 50.53736070926278 34.511110577477815 13.195199630898252 33.990584895506124 17.665705708718466 32.12992951947605 17.977128267614415 20.367598034408825 30.2915993823777 13.812720056686459 24.759565792329987 50.180004747382235 25.198443897771792 40.07301676731433 29.85899770451388 41.96708928664081 8.013692985920686 20.392640131343697 33.57742589677842 26.143177485648255 52.64037498786116 25.091326483990713 23.473117736595754 53.71017278507646 31.455920352218083 57.19647342644974 77.80342135999172 63.022095512916145
61.673519288281554 60.16422223634467 17.39761050934245 26.049315272449384 65.36883900090677 58.38569227988333 40.085908008329255 17.257885653085825 25.85927996011704 43.004488540484324 68.27667211406944 41.40647027320284 29.010910087319772 32.96672612994961 35.2582062895426 17.071218398434233 0.0 42.21801632630425 25.676535828389472 50.62715673217362 46.385767696953806 4.02339258408407 16.94573714654038 18.663507001206177 47.27757328605889 27.032684697977082 5.992945935327962 32.51568927101676 27.063740175810683 20.696736197353474 52.94049180034728 38.82488277668713 38.41055629624785 40.85105761688434 43.246885611228294 24.290807340611774 21.743525681424995 48.11465637037365 23.548871215324425 53.42888301103154 30.304186409965126 30.73131427882319 60.79882315994703 15.050065898477023 67.04013483919995 94.3447487431249 70.8958941053972
40.290536230085976 79.50876779752856 45.55388938271595 29.7830604086894 72.01526761521627 83.82109971138784 34.424846823678415 34.99878775851038 28.42764939812788 64.37216641176272 84.68227775790457 9.336442523914073 29.364884604362476 29.22450693657894 58.38099733008229 28.226925011824864 42.21801632630425 0.0 32.860882989785395 75.0960380444131 47.990648972945856 38.32656430066359 57.28018732446882 28.034269257578426 37.99781427735441 40.90047126685388 47.13944934943204 26.863845359330526 33.88236890207911 52.70695664902656 72.71775154774402 3.4613986213498062 37.580391308938346 46.23492887511263 66.37212726531843 20.492371421141947 47.36910664270461 6.0701366251445075 32.82838345961192 76.56899515268465 49.112824115420764 17.7349228869056 71.26514792658428 52.989067175990755 70.19477126342815 68.08033969149373 78.53236147292039
67.43867218781264 83.63408760155392 40.66140639104539 38.2581945695258 84.73335938708236 83.27357403272632 51.37790747166766 34.477546570719255 37.160901567646185 66.3739141700494 91.13274334548854 37.907556384190826 4.739349071401526 43.417238333951204 58.701284540119666 27.914554600865138 25.676535828389472 32.860882989785395 0.0 75.13178431414802 62.233841600966365 24.258026980537757 32.3882385905502 10.250997957781038 57.92518270996699 45.53425799638921 31.524077048391934 8.983549975478073 41.66828309097113 45.67909600340075 76.28616159820896 29.803810129098338 12.943384554886293 57.7551994629729 67.14211212614168 28.296606793617936 44.68291893447448 38.529747405633174 2.1339197942352057 77.69700121986075 51.67726810211849 15.155272686303377 81.3938388506494 26.89563274341138 85.08666542736698 98.50366947589748 90.86875485370813
62.79766143844044 11.784152799258202 34.50318348433672 45.35349093760545 30.365182775543243 8.73481644676177 45.10340600501128 42.696552623446834 46.73845950448505 10.862216508296026 20.60394295217853 68.05774026902805 77.39176950810689 46.760560475083345 17.116384435537388 50.53736070926278 50.62715673217362 75.0960380444131 75.13178431414802 0.0 35.16888710835067 51.03912919292567 57.2762648802256 65.86782353741805 47.37970625886644 34.253812305715634 45.86890328845407 79.91162464857578 41.2139744254945 29.93975675356317 8.077834847501041 72.96276698929215 88.07130128175926 32.61008202594687 8.735744561208492 56.071057908683 30.68704584758544 78.76301546246118 73.03096965675752 3.267806447909962 26.084619758669145 73.99965646229707 23.565657826432652 60.2411071020884 35.554835451497084 87.94406680512463 31.932599464940463
27.699754109484157 34.65950084457612 31.343354410580154 23.986043531672898 24.12960679528547 42.76756544686618 13.572377774352166 29.658879002980456 25.14114493549604 25.38228820230637 37.855875879074105 39.16697783480585 62.349618154268725 19.95556380385243 24.914405999306204 34.511110577477815 46.385767696953806 47.990648972945856 62.233841600966365 35.16888710835067 0.0 43.98754950494586 61.26604276469741 52.01368297938146 12.691536719791463 19.44208538328493 45.472486557979465 63.12732966910359 20.721378571737095 34.47306136511029 29.429354308595034 47.06097190761355 73.80297163721528 5.786919309975452 28.22867622172253 34.94205937929395 28.02314487041182 49.791461865507 60.558228344429956 35.07309245425091 19.955014813358858 54.291411080216015 23.50596731510124 61.08028568895474 23.175341100293686 55.73741077085945 30.644887301382166
58.09886679525865 60.04780871591395 16.85454496890098 22.666883971258606 63.899948548193365 59.0695641867804 36.878424241114466 14.41281759202186 22.356352224772397 42.77875027009509 67.92082282528898 37.38410628624309 27.09557591066863 29.53601561555228 35.02351489904511 13.195199630898252 4.02339258408407 38.32656430066359 24.258026980537757 51.03912919292567 43.98754950494586 0.0 20.806892538250338 16.09697201699626 44.07950309664645 24.906114101226823 9.078286551197168 30.29689119565879 24.083540125610433 21.421559949158425 52.74535143054877 34.95352729267858 37.180894312924096 38.60038760282914 43.28594996185778 20.278182359275498 21.10889852543903 44.18985243514872 22.131159042820553 53.703471417470496 29.141238625041623 27.560757181292608 59.646147621448016 18.421737445158 65.26114304327713 90.7650213262855 69.61230319272205
78.47963846620985 68.27376539367334 30.114737394584477 42.763843362337845 77.58647461121856 63.63690433593634 56.495053688772444 33.58003735745278 42.67729384070093 52.25151884606939 76.96153598899116 57.667437790853846 36.93289636221227 49.6881657566508 45.063020005025585 33.990584895506124 16.94573714654038 57.28018732446882 32.3882385905502 57.2762648802256 61.26604276469741 20.806892538250338 0.0 30.283019267836504 63.62929405147348 41.91321591207226 15.840880710679963 41.12356350437517 43.303770562184795 29.592164552716774 61.593219699351714 53.82074612136746 42.66321138974015 55.52919246160656 51.62114238915338 40.92563793983333 33.997809133881894 63.32392452986193 30.67613073246375 60.434786829204384 42.97148430070755 42.979067067228904 72.19840889336736 5.5758926574207575 80.08836751273705 111.13416255864507 82.47623986209736
58.61527637620346 73.93532402867802 31.397933812920556 28.05817016772262 74.49648051223639 74.18855487371617 41.420987935061554 24.40125999745871 26.994403648439807 56.73968419811667 81.25503145955139 30.897934660417278 11.537257752252208 33.4296244421165 49.15617746500853 17.665705708718466 18.663507001206177 28.034269257578426 10.250997957781038 65.86782353741805 52.01368297938146 16.09697201699626 30.283019267836504 0.0 48.12356288940813 35.37263702560083 24.634567195242543 14.282038547007568 31.42031254987569 37.03572210621007 66.58515063966972 24.62566820076786 22.64613042529501 47.5047976370214 57.67204446933061 18.616754042259014 35.213178926383264 34.08031685656503 8.555069369682725 68.30831070330929 41.75822683995601 12.742529822481705 71.22812308964905 25.465509086685664 74.83754787308165 90.34594237637256 80.64968593968058
16.899858980948622 47.34966738286818 35.68257781099944 21.498022480765727 34.8540233058549 55.24259662742557 7.201234495384336 30.092752213065662 22.05913863563179 37.107152530170836 50.26093419866166 28.74452950098153 57.11249452227542 14.941046857603338 35.03458289470576 32.12992951947605 47.27757328605889 37.99781427735441 57.92518270996699 47.37970625886644 12.691536719791463 44.07950309664645 63.62929405147348 48.12356288940813 0.0 23.29315712668289 47.975616163445956 57.085602199433566 20.325573796853732 40.72070605882157 42.028062894976706 37.72861931816434 68.27285048650073 15.01388973068786 39.87570672870113 29.62858534457519 33.5886765146686 38.82459348364709 56.54978023503696 47.52152806102449 27.725921732303032 47.5021217358812 35.519447484702745 62.32518638071261 32.39368931902565 48.284744314965266 41.27450688840561
39.86049119965246 39.91059301692916 12.513234123018268 11.118519222081643 39.42039829464705 42.98846254528856 16.9960257695871 11.163160471406826 12.490256063677496 23.67863407584456 46.46596945646697 34.37095594132286 46.587682860763366 14.117611444863654 17.506819521621363 17.977128267614415 27.032684697977082 40.90047126685388 45.53425799638921 34.253812305715634 19.44208538328493 24.906114101226823 41.91321591207226 35.37263702560083 23.29315712668289 0.0 26.08368788510023 48.2582197640527 7.1240667377539735 17.57264738786836 32.726011191164 38.71019463407148 57.95621259462109 13.825826619145772 25.51827259320398 22.0594016897792 10.38685263619039 44.847714632101415 43.642167380591864 35.91125075451038 8.212752877786814 40.93656005595454 35.860547280602695 41.64021840177354 40.42538071678028 71.55109150687035 45.41496431462966
63.24151570923925 55.89404106154795 14.63113161205124 27.593045951599965 62.77956084922457 53.34393646204885 40.89998674034831 18.158659352991776 27.708131959965705 38.984854929798665 64.23468889625553 45.50371035046481 34.967223461733454 34.44941305472948 31.35546049750566 20.367598034408825 5.992945935327962 47.13944934943204 31.524077048391934 45.86890328845407 45.472486557979465 9.078286551197168 15.840880710679963 24.634567195242543 47.975616163445956 26.08368788510023 0.0 38.5039491116151 27.68697884745362 16.081792564003322 48.79967018031146 43.81055152052764 44.14147555463771 39.75844933794014 38.927146593852704 28.167898795685993 18.786962065861832 52.91361236807077 29.40646567004985 48.788758573639306 27.73986130881448 36.54306371242223 57.79264079365302 16.01318767680935 64.90736156500544 95.80525758867817 68.01267916860256
64.51582299234958 87.58911276753493 45.54097661915814 39.41691421074035 86.51671419606005 88.31042220772959 51.12123938307507 37.750934187874236 38.13970127933432 70.51696374114277 94.62401852574006 33.53676802182746 4.252882206205154 43.45040616424925 63.04570319720369 30.2915993823777 32.51568927101676 26.863845359330526 8.983549975478073 79.91162464857578 63.12732966910359 30.29689119565879 41.12356350437517 14.282038547007568 57.085602199433566 48.2582197640527 38.5039491116151 0.0 43.30297846653801 51.31026696506664 80.25583827082059 24.290652134174824 11.363956340176323 59.23463756760066 71.59522477733005 28.197530899604658 49.22470099160679 31.990374450377104 10.464992448203681 82.2675877988966 55.227897241540596 9.993677208442387 83.81088507746935 35.69590108445327 86.27901764316496 94.36773100035904 92.84036073303805
35.790548691331814 46.23910897580148 16.63349846597055 4.267839588471826 43.26721404846432 49.94071171342308 13.213496222697858 9.810438937322997 5.690452784629573 30.517825538239755 52.29569442859292 27.24890892427974 42.106973218449696 7.7500241746328875 24.609684396038254 13.812720056686459 27.063740175810683 33.88236890207911 41.66828309097113 41.2139744254945 20.721378571737095 24.083540125610433 43.303770562184795 31.42031254987569 20.325573796853732 7.1240667377539735 27.68697884745362 43.30297846653801 0.0 23.003323321654666 39.200983392385155 31.80426772987336 53.5760198571917 16.096503731445544 32.49013380679892 15.848450896944088 16.053425062436027 37.73393521438245 39.93440706723555 42.739215269010636 15.296063941569486 35.25853705598864 40.573480455883704 42.1065336825658 43.418785052011664 68.19791950813516 49.549676217593365
57.41064926610496 39.81365722702581 7.174576630626143 25.39634541531966 48.08744988645717 37.73017658736528 34.56854087566279 17.7554441844706 26.29974916351167 23.00824879296219 48.192829418279 48.23985540761333 48.36884866935067 30.747624619885784 15.543903479286557 24.759565792329987 20.696736197353474 52.70695664902656 45.67909600340075 29.93975675356317 34.47306136511029 21.421559949158425 29.592164552716774 37.03572210621007 40.72070605882157 17.57264738786836 16.081792564003322 51.31026696506664 23.003323321654666 0.0 32.74554075656321 49.830177404926296 58.60093189042391 28.763030739795465 22.848178236941393 32.21594875551303 7.187260614566396 57.70069532902822 43.552701177881886 32.78400663631665 14.620046362559044 46.90433599544271 42.607395860333476 31.39910324589813 50.87646771257964 88.81420725499206 52.885748792545265
56.59960165933251 7.351027769333265 35.89147441370362 43.461136822467026 22.29817831645645 13.540752517542542 40.78244119902666 42.522196552264845 44.881512508391246 9.966770391591584 15.452159569580576 65.05567976069422 78.09867124244728 43.68837595240961 17.726405143978496 50.180004747382235 52.94049180034728 72.71775154774402 76.28616159820896 8.077834847501041 29.429354308595034 52.74535143054877 61.593219699351714 66.58515063966972 42.028062894976706 32.726011191164 48.79967018031146 80.25583827082059 39.200983392385155 32.74554075656321 0.0 70.88650749221972 89.13304651362799 27.94185173187101 9.981072555223363 54.7706080520577 31.688467896977077 75.87787729088275 74.23739854712127 6.253712582959632 25.088696139671843 73.53086885161235 15.493314829203365 63.99528963762112 27.481216056803376 80.4730724624804 24.183263467391203
41.47096008132521 77.78341587919273 42.70582182244794 27.615531626005684 71.17499650336052 81.69691320721903 33.57728354188403 32.204185557895805 26.224955261179957 62.31712353893846 83.22521040023139 9.933747092370806 26.508196482318148 27.769433279302216 56.11065420403986 25.198443897771792 38.82488277668713 3.4613986213498062 29.803810129098338 72.96276698929215 47.06097190761355 34.95352729267858 53.82074612136746 24.62566820076786 37.72861931816434 38.71019463407148 43.81055152052764 24.290652134174824 31.80426772987336 49.830177404926296 70.88650749221972 0.0 35.27637576079754 44.921902841646926 64.22774991727438 17.660323155012637 44.70211810507462 9.526805652073529 29.66772425176868 74.54261664623304 46.9022427848215 14.794431003212276 70.110408397548 49.52956900372745 69.6158809816946 70.19549538196397 77.69457035328938
75.863813223507 96.48364179426278 53.59064412559317 49.8864465851956 96.83202091855304 96.2159331240376 62.152415528663454 47.04370308719933 48.67759961527459 79.24258866166251 103.88566195686046 44.75454790004892 11.471804700910722 54.36645844511371 71.59302054144436 40.07301676731433 38.41055629624785 37.580391308938346 12.943384554886293 88.07130128175926 73.80297163721528 37.180894312924096 42.66321138974015 22.64613042529501 68.27285048650073 57.95621259462109 44.14147555463771 11.363956340176323 53.5760198571917 58.60093189042391 89.13304651362799 35.27637576079754 0.0 69.64492353465772 80.05399243616017 39.04590003276722 57.5835292147011 42.25427524035925 15.057427440079866 90.6248247263542 64.39302968988349 21.345247221619847 93.77555445226504 37.096876827158546 96.8718506208472 105.46915168486876 103.06567390003754
31.45443015131522 34.01851370155033 25.564533942366257 19.818141343014204 27.29191461268439 40.74002107633706 12.857913791314317 24.411555420109018 21.10468666173565 22.14692789770423 38.49056028924428 37.886236200675214 58.1732295142224 17.1739624753344 20.285368383671216 29.85899770451388 40.85105761688434 46.23492887511263 57.7551994629729 32.61008202594687 5.786919309975452 38.60038760282914 55.52919246160656 47.5047976370214 15.01388973068786 13.825826619145772 39.75844933794014 59.23463756760066 16.096503731445544 28.763030739795465 27.94185173187101 44.921902841646926 69.64492353465772 0.0 24.887908314554373 31.26375305013566 22.244233914264083 48.69740475291256 56.00189049752623 33.0245487097589 14.353979087976079 50.79234256055588 25.272702528776552 55.442289552994964 27.337484322471642 60.849360219895495 33.66964555815077
55.89132991030319 16.967545572230687 26.50684710062456 36.62044277405127 29.382241799933897 17.470558824073876 36.983747428465264 34.14840474823789 38.00396666013291 2.8607047957811793 25.414940952368475 59.41280847319144 69.20925853459154 38.17887025331326 8.558245053611778 41.96708928664081 43.246885611228294 66.37212726531843 67.14211212614168 8.735744561208492 28.22867622172253 43.28594996185778 51.62114238915338 57.67204446933061 39.87570672870113 25.51827259320398 38.927146593852704 71.59522477733005 32.49013380679892 22.848178236941393 9.981072555223363 64.22774991727438 80.05399243616017 24.887908314554373 0.0 47.3595638745418 22.47656364375362 70.08863670951742 65.06303947285953 10.687565270667617 17.35215545541848 65.44020702323655 22.827589870179974 54.0243017511992 33.75021018301305 82.77394817798417 32.64993369192664
40.34729943912611 61.911896004143244 25.069227954241946 11.654289691818684 58.53710020960108 64.7886696823176 23.17424929663533 14.544285196814851 10.269735723006077 45.677545885491135 68.13390807230985 17.34327163489838 27.68880886773982 15.321960071013937 39.02109861304046 8.013692985920686 24.290807340611774 20.492371421141947 28.296606793617936 56.071057908683 34.94205937929395 20.278182359275498 40.92563793983333 18.616754042259014 29.62858534457519 22.0594016897792 28.167898795685993 28.197530899604658 15.848450896944088 32.21594875551303 54.7706080520577 17.660323155012637 39.04590003276722 31.26375305013566 47.3595638745418 0.0 27.076342144339034 25.654368290215412 26.945492403152603 57.888385334204 30.038287339130544 19.53725937259803 56.26324528753254 37.792700209447034 58.108805140054756 72.55810689628342 64.93312973364979
50.23705013270134 39.0171651844913 4.34592916506386 18.842925172555887 43.99924670982012 39.126787598909694 27.382024321020683 12.660571931840039 19.88966872030693 21.734197538893135 46.81243171793144 42.170825956498916 46.748177187732445 23.75240346503021 14.022166365348946 20.392640131343697 21.743525681424995 47.36910664270461 44.68291893447448 30.68704584758544 28.02314487041182 21.10889852543903 33.997809133881894 35.213178926383264 33.5886765146686 10.38685263619039 18.786962065861832 49.22470099160679 16.053425062436027 7.187260614566396 31.688467896977077 44.70211810507462 57.5835292147011 22.244233914264083 22.47656364375362 27.076342144339034 0.0 52.03876604491796 42.613041241135704 33.09548674208898 8.989159281888018 43.61166750361591 39.142549085612345 34.79578798590322 46.16926960567638 81.7588629072377 49.31244056837872
38.49332199327397 82.46319958959806 50.52648120916091 33.834945782668214 73.48043148897844 87.44780624037969 36.298408269948524 39.94537714358242 32.5558507557126 67.94617994691848 87.15794470138424 10.836061406492451 34.81275801038512 32.19460936579337 62.34330845800951 33.57742589677842 48.11465637037365 6.0701366251445075 38.529747405633174 78.76301546246118 49.791461865507 44.18985243514872 63.32392452986193 34.08031685656503 38.82459348364709 44.847714632101415 52.91361236807077 31.990374450377104 37.73393521438245 57.70069532902822 75.87787729088275 9.526805652073529 42.25427524035925 48.69740475291256 70.08863670951742 25.654368290215412 52.03876604491796 0.0 38.61711153960837 80.04866973154795 53.02788667203815 23.37740934837914 73.27525388120127 59.05615317362332 71.21788777009044 64.32309100582835 79.9622383837542
66.4598435513353 81.58350839343245 38.572837544205 36.61167331289199 82.9068814977553 81.15924545851514 49.9166108239223 32.55091879681928 35.5489683311674 64.31684891899837 89.117285647214 37.393448782980215 6.2569793264668006 41.934821071956584 56.634052604287014 26.143177485648255 23.548871215324425 32.82838345961192 2.1339197942352057 73.03096965675752 60.558228344429956 22.131159042820553 30.67613073246375 8.555069369682725 56.54978023503696 43.642167380591864 29.40646567004985 10.464992448203681 39.93440706723555 43.552701177881886 74.23739854712127 29.66772425176868 15.057427440079866 56.00189049752623 65.06303947285953 26.945492403152603 42.613041241135704 38.61711153960837 0.0 75.60696463759852 49.68373389663426 15.30047147110387 79.49266690226135 25.232972115588662 83.33922180899124 97.75949429553114 89.01435755640172
62.49732889864976 8.558135878000185 37.03561686490176 46.93770845998279 28.07378480137437 7.72632115723491 45.72809676719753 44.82959800009594 48.339905209056404 12.234227710994741 17.349304433786013 69.28376632940882 79.84365736484008 47.91169702379951 19.245288883184994 52.64037498786116 53.42888301103154 76.56899515268465 77.69700121986075 3.267806447909962 35.07309245425091 53.703471417470496 60.434786829204384 68.30831070330929 47.52152806102449 35.91125075451038 48.788758573639306 82.2675877988966 42.739215269010636 32.78400663631665 6.253712582959632 74.54261664623304 90.6248247263542 33.0245487097589 10.687565270667617 57.888385334204 33.09548674208898 80.04866973154795 75.60696463759852 0.0 27.85190912866938 76.1123719468961 21.338895475071915 63.32391364308867 33.42978189714971 86.72498228350074 29.198557210872178
44.625009553844976 32.391458404810045 13.135186236643008 19.330037372879165 35.12204044077343 34.817944763303025 22.688268855910366 17.478005609311666 20.695552989617987 15.66109884220027 39.49708569307378 42.49093594905203 53.20940366353832 21.733790807289108 9.31716156231538 25.091326483990713 30.304186409965126 49.112824115420764 51.67726810211849 26.084619758669145 19.955014813358858 29.141238625041623 42.97148430070755 41.75822683995601 27.725921732303032 8.212752877786814 27.73986130881448 55.227897241540596 15.296063941569486 14.620046362559044 25.088696139671843 46.9022427848215 64.39302968988349 14.353979087976079 17.35215545541848 30.038287339130544 8.989159281888018 53.02788667203815 49.68373389663426 27.85190912866938 0.0 48.47045341957892 30.531669103847825 43.752984388114676 37.18323655662387 75.04666300447985 40.592573849890876
54.5228310216481 80.7867495369913 40.42789286026773 31.14542118459769 78.04665636336732 82.59658022763408 41.81746668743749 31.30380653840042 29.784059113437188 64.06654836986178 87.36179559256999 23.64095755372288 11.72135963922967 34.39024930738432 56.90797788395068 23.473117736595754 30.73131427882319 17.7349228869056 15.155272686303377 73.99965646229707 54.291411080216015 27.560757181292608 42.979067067228904 12.742529822481705 47.5021217358812 40.93656005595454 36.54306371242223 9.993677208442387 35.25853705598864 46.90433599544271 73.53086885161235 14.794431003212276 21.345247221619847 50.79234256055588 65.44020702323655 19.53725937259803 43.61166750361591 23.37740934837914 15.30047147110387 76.1123719468961 48.47045341957892 0.0 75.78207474238549 38.03330032725108 77.46085464075088 84.51602315955056 84.45778976073301
46.95185796331889 15.695690072683032 43.46307255329344 44.637205988010024 6.810541541172922 27.23569039587343 36.987943100090106 46.95185796331893 45.99999718592202 21.026346034493358 15.128161957920604 62.59809526019704 82.36516664172602 42.42655418648624 27.273123042482013 53.71017278507646 60.79882315994703 71.26514792658428 81.3938388506494 23.565657826432652 23.50596731510124 59.646147621448016 72.19840889336736 71.22812308964905 35.519447484702745 35.860547280602695 57.79264079365302 83.81088507746935 40.573480455883704 42.607395860333476 15.493314829203365 70.110408397548 93.77555445226504 25.272702528776552 22.827589870179974 56.26324528753254 39.142549085612345 73.27525388120127 79.49266690226135 21.338895475071915 30.531669103847825 75.78207474238549 0.0 73.6982106541996 12.107328754007264 66.89710047003095 10.278707020324898
76.51719995032654 70.88782319401389 30.636602201116332 41.03354469742446 78.77412239541552 67.02671268769977 55.13129176707225 32.29680698423081 40.76899393998475 54.384204865028096 79.43921666208524 54.032348344459585 31.4830319023552 47.930139541799896 46.928121226194236 31.455920352218083 15.050065898477023 52.989067175990755 26.89563274341138 60.2411071020884 61.08028568895474 18.421737445158 5.5758926574207575 25.465509086685664 62.32518638071261 41.64021840177354 16.01318767680935 35.69590108445327 42.1065336825658 31.39910324589813 63.99528963762112 49.52956900372745 37.096876827158546 55.442289552994964 54.0243017511992 37.792700209447034 34.79578798590322 59.05615317362332 25.232972115588662 63.32391364308867 43.752984388114676 38.03330032725108 73.6982106541996 0.0 80.9151261094533 109.17965776256497 83.94232475742412
39.84343369024779 27.519780707954506 50.278608956030894 46.986159611232345 5.71383814094198 39.258320167875034 36.13344954299023 51.4686810098654 48.20059370937786 31.52326837625381 24.73128750735561 61.042009781394675 85.40440656936777 43.09153285321156 36.46115116054573 57.19647342644974 67.04013483919995 70.19477126342815 85.08666542736698 35.554835451497084 23.175341100293686 65.26114304327713 80.08836751273705 74.83754787308165 32.39368931902565 40.42538071678028 64.90736156500544 86.27901764316496 43.418785052011664 50.87646771257964 27.481216056803376 69.6158809816946 96.8718506208472 27.337484322471642 33.75021018301305 58.108805140054756 46.16926960567638 71.21788777009044 83.33922180899124 33.42978189714971 37.18323655662387 77.46085464075088 12.107328754007264 80.9151261094533 0.0 55.773232406432165 9.964599985137534
32.67183625535883 82.5517806116344 83.96725813237771 68.37075710796813 61.41776604966214 93.63809485415783 55.066886945355996 77.66472706363416 68.48739664340194 79.9434304321213 80.49095130231278 60.877203306545944 96.06608810789254 61.448338131727255 80.62216062048842 77.80342135999172 94.3447487431249 68.08033969149373 98.50366947589748 87.94406680512463 55.73741077085945 90.7650213262855 111.13416255864507 90.34594237637256 48.284744314965266 71.55109150687035 95.80525758867817 94.36773100035904 68.19791950813516 88.81420725499206 80.4730724624804 70.19549538196397 105.46915168486876 60.849360219895495 82.77394817798417 72.55810689628342 81.7588629072377 64.32309100582835 97.75949429553114 86.72498228350074 75.04666300447985 84.51602315955056 66.89710047003095 109.17965776256497 55.773232406432165 0.0 64.67855384079432
49.75906859396708 21.674152826235726 53.614706178275775 53.44536604796878 6.520211499873435 33.54716634016025 44.136081441050834 56.57231476826915 54.75626005714824 31.075586849549804 16.43733605059333 69.54740736992645 91.61148596847504 50.44114068284627 37.53586482583938 63.022095512916145 70.8958941053972 78.53236147292039 90.86875485370813 31.932599464940463 30.644887301382166 69.61230319272205 82.47623986209736 80.64968593968058 41.27450688840561 45.41496431462966 68.01267916860256 92.84036073303805 49.549676217593365 52.885748792545265 24.183263467391203 77.69457035328938 103.06567390003754 33.66964555815077 32.64993369192664 64.93312973364979 49.31244056837872 79.9622383837542 89.01435755640172 29.198557210872178 40.592573849890876 84.45778976073301 10.278707020324898 83.94232475742412 9.964599985137534 64.67855384079432 0.0
