0 24 93 77 64 9 44 106 95 113 15 55 48 36 37 68 62 72 48 49 5 20 95 79 44 63 20 89 84 56 11 49 48 37 23 27 55 54 44 38 101 91 83 78 77 80 86 95 106 119 91 79 70 64 63 67 74 84 97 110 82 68 58 51 49 54 63 75 88 103 74 59 46 37 35 41 52 66 82 98 68 52 37 25 21 30 45 60 77 94 65 48 31 15 8 23 40 57 75 92 66 48 32 15 9 24 40 57 75 92 69 53 38 26 23 31 45 61 77 94 75 60 47 39 36 42 53 67 82 98 82 69 59 52 50 55 64 75 89 104
24 0 76 54 46 16 21 91 83 99 34 40 40 45 43 79 80 55 61 69 22 32 77 57 39 80 17 70 70 40 22 32 42 49 46 17 72 53 57 59 118 106 95 86 80 78 79 84 93 103 109 96 84 74 67 64 66 72 81 93 102 87 73 62 54 50 52 60 71 84 95 80 65 51 41 36 39 49 62 77 91 74 58 43 29 22 27 40 55 72 89 71 54 37 21 8 18 35 52 69 89 71 54 37 20 7 18 34 51 69 91 74 58 42 28 21 26 39 55 71 95 79 64 50 39 35 38 48 61 76 101 86 72 61 52 49 51 59 70 83
93 76 0 47 32 87 68 18 24 26 107 38 49 80 74 95 155 22 137 141 89 83 5 42 55 112 74 14 18 38 96 45 51 86 113 67 147 58 133 130 141 124 107 90 73 57 41 28 21 27 140 123 105 88 71 54 37 20 7 18 140 123 105 88 71 54 36 20 7 18 141 124 107 90 73 57 41 28 21 27 144 127 111 94 79 63 50 39 35 39 148 132 116 100 86 72 60 52 49 51 153 138 122 108 94 82 72 65 62 64 160 145 130 117 104 93 84 78 76 78 167 152 139 126 115 105 97 92 90 91 175 161 148 136 126 117 110 105 104 105
77 54 47 0 31 69 36 65 68 72 88 41 56 84 78 112 132 35 110 122 74 78 44 6 61 121 62 34 55 37 75 39 60 89 100 56 124 73 106 112 157 142 127 112 99 87 78 71 68 69 151 135 120 105 90 77 66 58 54 56 147 130 114 98 83 68 55 45 40 43 144 127 110 93 77 61 46 33 27 30 142 125 107 90 73 56 39 24 13 20 141 124 107 89 72 55 37 20 3 16 142 125 108 91 74 57 40 25 16 22 144 127 111 94 78 62 48 36 30 33 148 131 115 99 84 70 57 48 43 46 153 137 121 106 92 79 68 60 57 59
64 46 32 31 0 57 38 47 44 55 77 12 28 59 53 83 125 10 106 112 60 57 32 28 34 95 45 25 30 9 66 16 32 65 85 38 117 44 102 101 129 113 98 83 69 57 49 46 49 58 125 108 92 76 60 47 36 32 37 48 122 105 88 71 54 38 25 18 26 40 121 103 86 69 52 34 17 5 19 36 121 104 87 69 52 36 20 10 21 37 123 106 89 73 57 42 29 24 30 43 127 110 94 79 64 51 42 38 42 52 131 116 101 86 73 62 55 52 55 63 138 123 108 95 84 74 68 66 68 75 145 131 118 105 95 87 81 80 81 87
9 16 87 69 57 0 36 100 91 108 21 49 44 38 37 71 68 66 52 56 8 23 88 72 41 69 15 82 79 50 11 42 45 40 31 21 61 52 47 45 107 96 87 80 78 78 83 91 101 113 97 85 74 67 64 65 70 80 91 104 88 75 63 54 50 51 58 69 82 97 81 66 52 41 36 38 47 60 75 90 76 60 44 30 22 26 38 53 69 86 74 56 39 22 8 16 32 49 67 84 74 56 39 22 8 16 32 49 67 84 76 60 44 30 22 26 38 53 69 86 81 66 52 41 36 38 47 60 75 91 88 75 63 54 50 51 58 69 82 97
44 21 68 36 38 36 0 85 80 92 53 38 45 61 58 94 97 47 75 87 42 51 67 40 48 98 35 58 67 36 40 30 49 66 67 31 88 62 71 78 136 123 110 99 90 84 81 82 87 94 128 114 100 88 78 71 68 69 74 82 121 106 91 78 66 58 54 55 61 72 116 99 84 69 56 45 40 42 50 62 111 95 78 62 47 34 26 29 40 54 109 92 75 58 41 25 13 18 33 50 108 91 74 57 39 22 5 14 31 48 110 93 76 59 43 27 17 21 35 51 113 96 80 64 50 38 31 33 43 57 117 101 86 72 59 50 45 46 54 65
106 91 18 65 47 100 85 0 17 8 120 52 60 88 82 97 168 38 152 153 102 94 21 59 64 116 86 31 23 52 110 59 60 93 124 80 160 64 147 142 141 124 107 89 72 55 38 20 4 16 142 124 107 90 73 56 39 23 11 19 143 126 110 93 76 60 45 32 25 29 147 130 114 97 82 67 54 44 39 41 151 135 119 104 89 76 64 56 52 54 156 141 126 111 98 86 76 69 66 68 163 148 134 120 108 97 88 82 80 81 170 156 143 130 119 109 101 96 94 95 179 165 152 140 130 121 114 109 107 108 187 175 163 151 142 134 127 123 121 122
95 83 24 68 44 91 80 17 0 21 109 44 48 73 68 80 157 35 142 142 91 81 29 62 52 100 76 37 14 46 100 52 48 79 111 70 150 49 137 131 125 107 90 73 55 38 21 4 15 32 125 108 91 74 57 40 24 12 19 34 127 110 94 77 61 46 33 26 29 41 131 114 98 83 68 55 45 40 42 51 136 120 105 90 77 66 57 53 55 62 142 127 113 99 87 77 70 67 68 74 149 135 121 109 98 90 84 81 82 87 157 144 131 120 110 102 97 95 96 99 166 154 142 131 122 115 111 109 109 113 176 164 153 143 135 129 124 122 123 126
113 99 26 72 55 108 92 8 21 0 127 59 67 94 88 101 175 45 159 161 109 101 28 66 71 121 94 38 30 60 117 67 67 99 131 87 168 69 154 150 145 127 110 93 76 58 41 24 7 13 146 129 111 94 78 61 45 30 19 22 148 131 115 98 82 66 52 40 32 34 152 135 119 103 88 74 61 51 46 47 157 141 125 110 96 83 72 64 60 60 163 147 132 118 105 94 84 77 73 74 169 155 141 128 115 105 96 90 87 87 177 163 150 137 126 117 109 103 101 101 186 172 160 148 138 129 122 117 114 115 195 182 170 159 149 141 135 130 128 128
15 34 107 88 77 21 53 120 109 127 0 69 62 47 49 76 48 86 35 36 19 32 108 91 58 68 34 102 98 70 14 62 62 46 17 41 41 67 31 25 104 96 90 88 89 93 100 109 120 133 93 83 77 74 75 80 88 98 111 124 82 71 63 60 61 67 77 89 102 117 72 60 50 46 48 55 67 80 95 110 64 50 38 32 34 44 58 73 89 106 58 42 27 18 22 36 52 68 85 102 56 39 21 5 15 32 49 66 84 101 57 40 24 12 18 34 50 67 84 102 61 46 33 26 29 41 55 71 87 104 68 55 45 40 42 51 63 77 92 108
55 40 38 41 12 49 38 52 44 59 69 0 16 47 41 71 117 18 100 104 51 47 40 39 22 83 36 35 31 5 59 9 20 53 75 29 110 33 96 93 118 102 86 72 59 49 44 45 53 64 113 96 80 64 50 37 30 32 42 56 110 93 76 59 43 27 17 20 34 50 109 92 75 57 40 23 6 13 30 48 110 93 76 59 42 26 14 18 33 49 112 96 79 63 48 35 27 30 40 54 116 100 85 70 57 46 41 42 50 62 122 107 92 79 68 59 55 56 62 72 129 115 101 89 79 72 69 69 74 83 137 124 111 100 92 85 82 83 87 94
48 40 49 56 28 44 45 60 48 67 62 16 0 32 26 56 109 32 95 95 44 35 52 55 7 68 29 49 37 20 54 18 5 38 65 24 102 18 90 84 102 86 71 57 46 40 40 48 60 74 97 81 64 49 35 26 27 38 52 67 95 78 60 44 27 13 15 30 47 64 94 77 60 42 25 8 11 28 45 63 96 79 62 45 30 19 20 33 48 65 99 83 67 52 40 32 33 42 55 70 104 89 75 62 52 46 46 53 64 77 111 97 84 73 64 60 60 65 74 86 120 106 95 85 77 74 74 78 86 96 129 117 106 97 91 87 88 91 98 107
36 45 80 84 59 38 61 88 73 94 47 47 32 0 6 34 89 64 81 73 33 16 83 83 26 38 28 81 65 50 46 45 29 7 42 31 84 25 77 62 75 62 50 43 42 48 59 72 87 102 69 53 39 30 29 37 50 65 81 98 64 47 31 17 15 28 44 61 78 95 63 45 28 11 8 25 42 59 77 94 65 48 32 19 17 29 45 61 78 95 69 54 41 31 30 38 51 66 82 98 76 63 52 45 44 50 60 73 88 103 85 73 64 59 58 62 71 82 95 110 95 85 77 72 72 75 83 92 104 117 107 97 90 86 86 89 95 103 114 126
37 43 74 78 53 37 58 82 68 88 49 41 26 6 0 37 93 58 83 76 33 17 77 78 20 43 26 75 60 45 46 40 23 12 46 28 87 21 79 66 80 66 53 44 41 45 54 67 81 97 74 58 43 32 27 33 45 60 76 92 70 53 36 21 13 23 38 55 72 89 69 51 34 17 2 19 36 54 71 88 70 54 37 23 16 25 39 56 72 89 75 59 45 34 30 35 47 61 77 93 82 68 56 47 44 48 57 69 83 98 90 78 67 61 58 61 68 79 91 105 100 89 80 74 72 74 80 89 100 113 111 101 93 88 86 88 93 101 111 122
68 79 95 112 83 71 94 97 80 101 76 71 56 34 37 0 110 85 108 93 65 49 99 110 51 22 62 100 78 76 78 73 52 32 66 64 107 40 104 85 47 31 17 15 28 44 61 78 95 112 45 28 11 8 25 42 59 77 94 111 48 32 19 18 30 45 62 78 95 112 55 41 32 31 39 52 67 82 99 115 64 53 46 45 51 61 74 88 104 120 74 65 60 59 63 72 83 96 110 125 86 78 74 73 77 84 93 105 118 132 98 92 88 87 90 96 105 115 127 140 111 105 102 101 104 109 116 126 137 149 124 119 116 115 117 122 129 137 147 159
62 80 155 132 125 68 97 168 157 175 48 117 109 89 93 110 0 134 25 18 67 77 156 136 105 94 82 149 145 118 59 110 110 86 48 89 9 112 28 27 122 120 121 124 129 137 146 156 168 181 108 106 107 110 116 125 135 146 159 172 94 91 93 97 104 113 124 137 150 164 80 77 79 84 92 102 114 128 142 157 66 63 65 71 81 92 106 120 135 151 53 49 51 59 70 83 98 113 129 145 40 35 38 48 61 76 92 108 125 141 28 21 26 39 55 71 88 105 122 139 20 6 17 34 51 68 86 103 120 138 21 9 18 35 52 69 86 103 120 138
72 55 22 35 10 66 47 38 35 45 86 18 32 64 58 85 134 0 116 121 69 65 23 30 38 99 53 18 22 17 75 24 36 70 93 46 126 46 111 110 131 115 99 83 68 54 44 38 40 48 128 111 94 78 61 46 32 24 27 39 126 109 92 75 58 41 24 11 17 32 126 109 91 74 57 40 23 7 14 31 127 110 93 76 60 43 29 19 23 36 130 113 97 81 65 51 39 33 35 44 134 118 102 87 73 61 51 46 48 55 140 124 109 95 83 72 64 60 61 67 146 132 118 105 93 84 77 74 75 80 154 140 127 115 105 96 90 88 88 92
48 61 137 110 106 52 75 152 142 159 35 100 95 81 83 108 25 116 0 27 53 67 138 114 92 96 67 130 130 100 42 93 96 80 43 73 17 102 5 28 129 124 121 121 123 127 134 142 152 164 116 110 107 107 109 114 122 131 142 154 102 96 93 93 96 101 110 120 132 145 90 83 79 79 82 89 98 110 123 136 78 69 65 65 69 77 88 101 114 129 66 57 51 51 56 66 78 92 107 123 57 45 37 37 44 56 70 86 102 118 49 34 24 23 34 49 65 81 98 115 44 27 12 12 27 44 61 79 96 113 44 27 12 12 27 44 61 79 96 113
49 69 141 122 112 56 87 153 142 161 36 104 95 73 76 93 18 121 27 0 53 61 143 126 90 77 68 137 131 105 48 97 94 69 31 75 16 96 27 11 106 103 104 107 112 120 130 141 154 167 92 89 90 93 100 109 119 132 145 159 79 75 76 80 87 98 109 123 137 152 65 61 62 67 76 87 101 115 130 145 52 47 48 54 65 78 93 108 124 140 40 33 34 43 56 71 87 103 120 136 30 19 21 34 50 66 83 100 117 134 24 7 12 29 46 64 81 98 116 133 26 13 16 31 48 65 82 99 116 133 35 26 28 38 53 68 85 101 118 135
5 22 89 74 60 8 42 102 91 109 19 51 44 33 33 65 67 69 53 53 0 17 91 77 40 62 16 85 79 52 14 45 44 34 26 23 60 50 48 42 100 89 80 75 73 76 82 91 102 115 90 78 68 61 59 62 70 80 93 107 81 68 56 48 45 49 58 71 85 100 74 59 45 35 31 37 48 63 78 94 70 53 37 23 17 26 41 57 74 91 67 50 33 16 4 20 38 55 72 89 68 51 35 19 12 23 39 56 73 90 72 56 42 30 26 32 45 60 76 93 78 64 52 43 40 44 54 67 82 97 86 74 63 56 54 57 65 76 89 104
20 32 83 78 57 23 51 94 81 101 32 47 35 16 17 49 77 65 67 61 17 0 86 79 30 48 17 82 71 49 30 43 34 18 31 23 71 36 62 51 86 74 64 58 57 61 69 81 94 108 78 64 52 45 43 48 59 71 86 101 71 55 42 32 29 37 49 64 80 96 66 49 33 19 16 27 43 59 76 93 65 47 30 13 6 23 40 58 75 92 66 49 33 19 15 27 42 59 76 93 70 55 41 31 29 36 49 64 80 96 77 63 52 44 42 48 58 71 86 101 86 73 64 58 56 60 69 80 93 107 96 85 76 71 70 74 80 90 102 115
95 77 5 44 32 88 67 21 29 28 108 40 52 83 77 99 156 23 138 143 91 86 0 39 58 116 76 11 22 39 97 46 54 89 115 68 148 62 133 132 145 128 111 95 78 62 46 33 24 27 144 127 109 92 75 58 41 24 11 16 144 126 109 92 74 57 40 23 7 14 145 128 110 93 76 60 44 29 19 22 147 130 114 97 81 65 51 39 32 34 151 134 118 102 87 73 61 51 46 47 156 140 124 109 95 83 72 64 60 61 162 146 132 118 105 93 83 77 73 74 169 154 140 127 115 104 96 90 87 88 176 162 149 137 126 116 109 103 101 101
79 57 42 6 28 72 40 59 62 66 91 39 55 83 78 110 136 30 114 126 77 79 39 0 60 121 64 28 50 35 78 38 59 89 102 57 127 71 110 115 156 140 125 110 96 84 73 66 62 63 151 135 119 103 88 74 62 53 48 50 147 130 114 97 81 66 52 41 35 37 144 127 110 93 76 60 44 30 21 25 143 126 108 91 74 57 40 23 8 15 143 126 108 91 74 57 40 23 9 16 144 127 110 93 77 60 44 30 22 25 147 130 114 97 82 66 52 41 35 38 151 135 119 103 88 75 62 53 49 51 156 141 125 111 97 84 74 66 63 64
44 39 55 61 34 41 48 64 52 71 58 22 7 26 20 51 105 38 92 90 40 30 58 60 0 62 26 55 42 26 51 23 5 32 60 22 99 15 88 79 96 81 66 53 43 39 42 52 64 79 92 75 59 44 31 25 30 42 57 73 89 72 55 38 22 11 20 36 53 70 88 71 54 36 19 4 17 34 51 69 90 73 56 40 26 18 24 38 54 71 93 77 62 48 37 32 35 46 60 75 99 84 70 58 49 45 48 56 68 82 106 92 80 70 62 59 61 68 78 90 115 102 91 82 76 73 75 80 89 100 124 113 103 95 89 87 89 93 101 110
63 80 112 121 95 69 98 116 100 121 68 83 68 38 43 22 94 99 96 77 62 48 116 121 62 0 64 115 96 87 73 83 64 33 54 69 92 55 93 70 39 29 27 36 49 65 81 97 114 131 31 16 14 27 44 60 77 95 112 129 28 11 8 25 42 59 77 94 111 128 33 20 18 30 45 61 78 95 112 129 42 33 32 39 52 67 82 99 115 132 53 47 46 51 61 74 89 104 120 136 66 60 60 64 72 83 96 111 125 141 79 74 74 77 84 94 105 119 133 147 92 89 88 91 97 105 116 128 141 155 106 103 102 104 110 117 126 137 150 163
20 17 74 62 45 15 35 86 76 94 34 36 29 28 26 62 82 53 67 68 16 17 76 64 26 64 0 70 64 37 25 30 30 32 40 8 75 38 62 57 102 89 78 70 65 64 68 76 87 100 94 80 67 57 51 50 56 65 77 91 87 72 57 45 37 37 44 55 69 85 82 66 50 35 24 23 33 48 64 80 80 63 45 29 13 11 26 43 60 78 80 63 45 28 12 11 26 43 60 78 82 66 49 35 23 22 33 47 63 80 87 71 57 45 36 36 43 55 69 85 93 79 67 56 50 50 55 65 77 91 102 89 77 69 64 63 68 76 86 99
89 70 14 34 25 82 58 31 37 38 102 35 49 81 75 100 149 18 130 137 85 82 11 28 55 115 70 0 27 33 90 40 52 87 109 62 141 62 126 126 147 130 114 97 81 66 52 41 35 37 144 127 110 93 76 60 44 30 21 25 143 126 108 91 74 57 40 23 8 15 143 126 108 91 74 57 40 23 9 16 144 127 110 93 77 60 44 30 22 25 147 130 114 98 82 66 53 41 36 38 151 135 119 103 89 75 63 54 49 51 156 141 125 111 97 84 74 66 63 64 163 147 133 119 107 95 86 80 77 78 170 155 142 129 117 107 99 93 90 91
84 70 18 55 30 79 67 23 14 30 98 31 37 65 60 78 145 22 130 131 79 71 22 50 42 96 64 27 0 32 88 39 38 71 101 58 138 42 125 120 124 107 90 73 56 40 25 17 23 37 123 106 88 71 54 36 19 3 17 34 123 106 89 72 55 38 22 12 20 36 126 109 92 75 59 44 32 26 30 42 129 113 97 81 67 54 44 40 43 52 134 119 103 89 76 65 57 53 56 63 140 126 111 98 86 77 70 67 69 75 148 134 120 108 98 89 83 81 82 87 156 143 130 119 109 102 97 95 96 100 165 152 141 131 122 115 111 109 110 113
56 40 38 37 9 50 36 52 46 60 70 5 20 50 45 76 118 17 100 105 52 49 39 35 26 87 37 33 32 0 59 8 24 56 77 30 110 37 95 94 122 106 90 76 63 53 47 47 53 64 117 100 84 68 54 41 34 34 42 55 114 97 80 63 47 32 20 21 33 48 112 95 78 60 43 26 10 11 28 45 113 95 78 61 44 27 13 14 29 46 115 98 81 65 49 35 25 26 36 50 118 102 86 71 57 46 39 39 46 58 124 108 93 79 67 58 52 52 58 68 130 116 102 89 78 70 66 66 70 79 138 124 111 100 90 83 80 80 83 90
11 22 96 75 66 11 40 110 100 117 14 59 54 46 46 78 59 75 42 48 14 30 97 78 51 73 25 90 88 59 0 52 55 47 28 31 52 62 37 38 111 101 93 88 87 88 93 101 111 122 100 89 80 75 73 75 80 89 100 113 90 78 68 61 58 61 68 79 91 105 82 68 56 48 44 48 57 69 83 98 75 60 46 35 30 35 47 61 77 93 71 54 38 23 16 25 39 56 72 89 69 52 34 17 3 19 36 53 71 88 70 53 36 21 13 22 38 55 72 89 74 58 43 31 27 32 44 59 75 92 80 66 53 44 41 44 54 67 81 96
49 32 45 39 16 42 30 59 52 67 62 9 18 45 40 73 110 24 93 97 45 43 46 38 23 83 30 40 39 8 52 0 23 51 69 23 103 36 88 86 118 103 89 75 64 55 52 54 61 71 113 97 81 66 53 42 38 40 50 62 109 92 76 59 44 31 24 28 40 55 107 90 73 55 38 22 10 18 34 51 107 89 72 55 38 21 6 16 33 50 108 91 74 58 42 27 19 24 38 53 111 95 79 64 50 38 33 36 46 60 116 101 86 72 60 51 47 49 57 68 123 108 94 82 71 64 61 62 68 78 130 117 104 93 83 77 74 76 81 89
48 42 51 60 32 45 49 60 48 67 62 20 5 29 23 52 110 36 96 94 44 34 54 59 5 64 30 52 38 24 55 23 0 35 64 26 103 14 92 84 98 82 67 53 42 36 38 47 60 75 93 77 60 45 31 23 26 38 53 69 91 74 57 40 23 9 16 32 49 66 91 74 57 39 23 8 15 32 49 66 93 76 60 44 30 21 25 37 53 69 97 81 66 52 41 35 37 46 59 74 103 88 74 62 53 49 50 57 68 81 110 97 84 74 66 63 64 69 79 90 119 106 95 86 79 77 77 82 90 100 129 117 107 99 93 90 91 95 102 111
37 49 86 89 65 40 66 93 79 99 46 53 38 7 12 32 86 70 80 69 34 18 89 89 32 33 32 87 71 56 47 51 35 0 39 36 81 31 76 59 71 58 47 42 44 52 64 77 92 108 63 48 36 28 31 41 55 71 87 104 58 42 26 15 19 34 50 67 84 101 57 39 22 5 13 31 48 65 83 100 59 42 27 16 20 34 50 67 84 101 64 49 37 30 32 42 56 71 87 104 71 59 49 44 45 53 64 78 93 109 81 70 61 58 59 65 74 86 100 115 91 82 75 72 72 77 86 96 109 122 103 94 88 86 86 90 97 107 118 131
23 46 113 100 85 31 67 124 111 131 17 75 65 42 46 66 48 93 43 31 26 31 115 102 60 54 40 109 101 77 28 69 64 39 0 48 43 66 39 21 89 82 79 79 83 90 99 111 124 138 77 69 65 65 70 78 89 102 116 130 66 56 51 51 57 67 79 94 109 124 56 44 37 37 45 57 72 87 103 119 48 33 23 24 35 50 66 82 99 116 43 26 11 13 29 46 63 80 97 114 43 26 11 13 29 46 63 80 97 114 48 33 23 24 35 50 66 82 99 116 55 44 36 37 45 57 71 87 103 119 65 56 50 51 57 67 79 93 108 124
27 17 67 56 38 21 31 80 70 87 41 29 24 31 28 64 89 46 73 75 23 23 68 57 22 69 8 62 58 30 31 23 26 36 48 0 81 36 68 64 106 93 80 70 64 61 64 70 80 92 99 84 70 59 50 47 50 59 70 84 93 77 62 48 37 33 38 48 62 77 89 72 55 40 26 19 26 40 56 73 87 69 52 35 18 5 19 36 53 70 87 70 53 36 20 10 20 37 54 71 90 73 57 42 29 24 30 42 58 74 94 79 64 51 41 38 41 51 64 79 101 86 73 62 54 51 54 62 73 86 109 96 84 74 68 65 68 74 84 95
55 72 147 124 117 61 88 160 150 168 41 110 102 84 87 107 9 126 17 16 60 71 148 127 99 92 75 141 138 110 52 103 103 81 43 81 0 106 20 23 121 119 118 120 125 131 140 150 161 173 108 104 104 106 112 119 128 139 151 164 94 90 90 93 99 107 117 129 142 156 80 76 76 79 86 96 107 120 134 149 67 62 62 66 74 85 98 112 127 142 55 48 48 53 63 76 90 105 121 137 43 34 34 41 54 68 84 100 116 133 33 21 20 31 46 63 79 96 113 130 28 11 9 26 43 60 77 95 112 129 29 15 13 27 44 61 78 95 112 130
54 53 58 73 44 52 62 64 49 69 67 33 18 25 21 40 112 46 102 96 50 36 62 71 15 55 38 62 42 37 62 36 14 31 66 36 106 0 97 86 86 70 54 40 29 27 34 47 63 79 83 66 49 33 18 13 25 41 58 75 82 65 48 31 13 6 23 40 57 74 84 67 50 35 21 17 28 43 59 76 88 72 57 43 33 31 38 50 65 80 94 79 65 54 47 45 50 59 72 86 101 88 76 66 60 59 62 70 81 94 110 98 87 79 74 73 76 82 92 103 120 109 99 92 88 87 89 95 103 113 131 120 112 105 101 101 103 107 115 124
44 57 133 106 102 47 71 147 137 154 31 96 90 77 79 104 28 111 5 27 48 62 133 110 88 93 62 126 125 95 37 88 92 76 39 68 20 97 0 26 126 121 117 117 119 123 129 138 148 159 113 107 103 103 105 110 117 126 137 149 100 93 89 89 91 97 105 115 127 140 88 80 75 75 78 84 94 105 118 132 76 67 62 61 64 72 83 96 110 125 66 55 48 47 52 61 74 88 103 119 57 43 34 33 39 52 66 82 98 114 50 34 22 19 29 44 61 77 94 111 47 30 13 7 24 41 58 75 93 110 48 31 16 13 26 42 59 76 93 110
38 59 130 112 101 45 78 142 131 150 25 93 84 62 66 85 27 110 28 11 42 51 132 115 79 70 57 126 120 94 38 86 84 59 21 64 23 86 26 0 102 98 96 98 103 110 119 130 143 156 88 84 82 84 90 98 109 121 134 148 75 70 68 71 77 87 99 112 126 141 63 56 54 57 65 76 90 104 119 135 51 42 40 44 54 67 82 98 114 130 41 30 26 32 45 60 76 93 110 127 34 19 12 23 39 56 73 90 107 125 33 16 5 21 38 55 72 90 107 124 37 23 18 27 42 58 74 91 108 125 46 35 32 38 49 63 79 95 111 128
101 118 141 157 129 107 136 141 125 145 104 118 102 75 80 47 122 131 129 106 100 86 145 156 96 39 102 147 124 122 111 118 98 71 89 106 121 86 126 102 0 18 35 52 70 87 104 122 139 156 15 23 38 54 71 88 105 122 140 157 29 34 45 60 75 91 108 125 142 159 43 47 55 68 82 97 113 129 145 162 58 60 67 77 90 104 119 134 150 166 72 74 80 88 99 112 126 140 156 171 86 88 93 100 110 122 134 148 162 177 100 102 106 112 121 132 144 156 170 184 115 116 119 125 133 143 154 166 179 192 129 130 133 138 145 154 164 176 188 201
91 106 124 142 113 96 123 124 107 127 96 102 86 62 66 31 120 115 124 103 89 74 128 140 81 29 89 130 107 106 101 103 82 58 82 93 119 70 121 98 18 0 18 35 52 70 87 104 122 139 23 15 23 38 54 71 88 105 122 140 34 29 34 45 60 75 91 108 125 142 47 43 46 55 67 82 97 112 129 145 60 57 60 67 77 90 104 118 134 150 74 72 73 79 88 99 112 126 140 155 88 86 87 92 100 110 121 134 148 162 102 100 101 105 112 121 131 143 156 170 116 114 115 119 125 133 142 153 165 178 130 128 129 132 138 145 154 164 175 187
83 95 107 127 98 87 110 107 90 110 90 86 71 50 53 17 121 99 121 104 80 64 111 125 66 27 78 114 90 90 93 89 67 47 79 80 118 54 117 96 35 18 0 18 35 52 70 87 104 122 38 23 15 23 38 54 71 88 105 122 45 34 29 34 45 60 75 91 108 125 55 46 43 46 55 67 81 97 112 129 67 60 57 60 67 77 90 104 118 134 80 73 71 73 79 88 99 112 126 140 93 87 85 87 92 99 109 121 134 148 106 101 99 101 105 112 121 131 143 156 119 115 114 115 118 124 132 142 153 165 133 129 128 129 132 137 144 153 163 175
78 86 90 112 83 80 99 89 73 93 88 72 57 43 44 15 124 83 121 107 75 58 95 110 53 36 70 97 73 76 88 75 53 42 79 70 120 40 117 98 52 35 18 0 18 35 52 70 87 104 54 38 23 15 23 38 54 71 88 105 60 45 34 29 33 45 59 75 91 108 68 55 46 43 46 55 67 81 97 112 77 67 60 57 59 66 77 89 103 118 88 79 73 71 73 79 88 99 112 125 100 92 87 85 87 91 99 109 121 134 112 105 101 99 100 105 111 120 131 143 125 119 115 113 114 118 124 132 141 152 138 132 129 127 128 131 137 144 153 163
77 80 73 99 69 78 90 72 55 76 89 59 46 42 41 28 129 68 123 112 73 57 78 96 43 49 65 81 56 63 87 64 42 44 83 64 125 29 119 103 70 52 35 18 0 18 35 52 70 87 71 54 38 23 15 23 38 54 71 88 75 60 45 33 29 33 45 59 75 91 82 67 55 46 43 46 55 67 81 96 90 77 67 59 57 59 66 77 89 103 99 88 79 73 71 73 78 87 99 111 110 100 92 87 85 86 91 99 109 120 121 112 105 100 99 100 104 111 120 130 133 125 118 114 113 114 117 123 131 141 145 138 132 128 127 127 131 136 143 152
80 78 57 87 57 78 84 55 38 58 93 49 40 48 45 44 137 54 127 120 76 61 62 84 39 65 64 66 40 53 88 55 36 52 90 61 131 27 123 110 87 70 52 35 18 0 18 35 52 70 88 71 54 38 23 14 23 38 54 71 91 75 60 45 33 28 33 45 59 75 97 82 67 55 46 42 46 55 67 81 104 90 77 66 59 56 59 66 76 89 112 99 88 79 73 70 72 78 87 98 122 110 99 91 86 84 86 91 98 108 132 121 112 105 100 98 99 104 110 119 143 133 124 118 114 112 113 117 123 131 154 145 137 131 127 126 127 130 135 143
86 79 41 78 49 83 81 38 21 41 100 44 40 59 54 61 146 44 134 130 82 69 46 73 42 81 68 52 25 47 93 52 38 64 99 64 140 34 129 119 104 87 70 52 35 18 0 18 35 52 105 88 71 54 38 23 14 23 38 54 108 91 75 59 45 33 28 33 45 59 113 97 81 67 55 46 42 46 54 67 119 104 90 77 66 59 56 59 66 76 126 112 99 88 78 72 70 72 78 87 134 121 109 99 91 86 84 85 90 98 144 131 121 111 104 99 98 99 103 110 154 142 132 124 117 113 112 113 116 122 164 154 144 137 131 127 125 126 130 135
95 84 28 71 46 91 82 20 4 24 109 45 48 72 67 78 156 38 142 141 91 81 33 66 52 97 76 41 17 47 101 54 47 77 111 70 150 47 138 130 122 104 87 70 52 35 18 0 18 35 122 105 88 71 54 38 23 14 23 38 125 108 91 75 59 45 33 28 33 45 129 112 97 81 67 55 46 42 45 54 134 118 104 89 77 66 59 56 58 65 140 126 112 99 87 78 72 70 72 77 148 134 121 109 99 91 85 83 85 90 156 143 131 120 111 104 99 97 99 103 166 153 142 132 123 117 113 111 112 116 176 164 153 144 136 130 126 125 126 129
106 93 21 68 49 101 87 4 15 7 120 53 60 87 81 95 168 40 152 154 102 94 24 62 64 114 87 35 23 53 111 61 60 92 124 80 161 63 148 143 139 122 104 87 70 52 35 18 0 18 140 122 105 88 71 54 38 23 14 23 142 125 108 91 75 59 45 33 28 33 145 129 112 97 81 67 54 45 42 45 150 134 118 103 89 76 66 58 55 58 156 140 126 112 99 87 78 72 69 71 162 148 134 121 109 98 90 85 83 85 170 156 143 131 120 110 103 99 97 98 179 165 153 141 131 123 116 112 110 112 188 175 163 153 143 135 130 126 124 125
119 103 27 69 58 113 94 16 32 13 133 64 74 102 97 112 181 48 164 167 115 108 27 63 79 131 100 37 37 64 122 71 75 108 138 92 173 79 159 156 156 139 122 104 87 70 52 35 18 0 157 140 122 105 88 71 54 38 23 14 159 142 125 108 91 75 59 45 33 28 162 145 129 112 96 81 67 54 45 42 166 150 134 118 103 89 76 65 58 55 171 155 140 125 111 98 87 77 71 69 177 162 148 134 120 108 98 90 85 83 184 170 156 143 130 119 110 103 98 96 192 178 165 152 141 131 122 116 112 110 201 187 175 163 152 143 135 129 125 124
91 109 140 151 125 97 128 142 125 146 93 113 97 69 74 45 108 128 116 92 90 78 144 151 92 31 94 144 123 117 100 113 93 63 77 99 108 83 113 88 15 23 38 54 71 88 105 122 140 157 0 18 35 52 70 87 104 122 139 156 15 23 38 54 71 88 105 122 140 157 29 34 45 60 75 91 108 125 142 159 43 47 55 68 82 97 113 129 145 162 58 60 67 77 90 104 119 134 150 166 72 74 80 88 99 112 126 140 156 171 86 88 93 100 110 122 134 148 162 177 100 102 106 112 121 132 144 156 170 184 115 116 119 125 133 143 154 166 179 192
79 96 123 135 108 85 114 124 108 129 83 96 81 53 58 28 106 111 110 89 78 64 127 135 75 16 80 127 106 100 89 97 77 48 69 84 104 66 107 84 23 15 23 38 54 71 88 105 122 140 18 0 18 35 52 70 87 104 122 139 23 15 23 38 54 71 88 105 122 140 34 29 34 45 60 75 91 108 125 142 47 43 46 55 67 82 97 112 129 145 60 57 60 67 77 90 104 118 134 150 74 72 73 79 88 99 112 126 140 155 88 86 87 92 100 110 121 134 148 162 102 100 101 105 112 121 131 143 156 170 116 114 115 119 125 133 142 153 165 178
70 84 105 120 92 74 100 107 91 111 77 80 64 39 43 11 107 94 107 90 68 52 109 119 59 14 67 110 88 84 80 81 60 36 65 70 104 49 103 82 38 23 15 23 38 54 71 88 105 122 35 18 0 18 35 52 70 87 104 122 38 23 15 23 38 54 71 88 105 122 45 34 29 34 45 60 75 91 108 125 55 46 43 46 55 67 81 97 112 129 67 60 57 60 67 77 90 104 118 134 80 73 71 73 79 88 99 112 126 140 93 87 85 87 92 99 109 121 134 148 106 101 99 101 105 112 121 131 143 156 119 115 114 115 118 124 132 142 153 165
64 74 88 105 76 67 88 90 74 94 74 64 49 30 32 8 110 78 107 93 61 45 92 103 44 27 57 93 71 68 75 66 45 28 65 59 106 33 103 84 54 38 23 15 23 38 54 71 88 105 52 35 18 0 18 35 52 70 87 104 54 38 23 15 23 38 54 71 88 105 60 45 34 29 33 45 59 75 91 108 68 55 46 43 46 55 67 81 97 112 77 67 60 57 59 66 77 89 103 118 88 79 73 71 73 79 88 99 112 125 100 92 87 85 87 91 99 109 121 134 112 105 101 99 100 105 111 120 131 143 125 119 115 113 114 118 124 132 141 152
63 67 71 90 60 64 78 73 57 78 75 50 35 29 27 25 116 61 109 100 59 43 75 88 31 44 51 76 54 54 73 53 31 31 70 50 112 18 105 90 71 54 38 23 15 23 38 54 71 88 70 52 35 18 0 18 35 52 70 87 71 54 38 23 15 23 38 54 71 88 75 60 45 33 29 33 45 59 75 91 82 67 55 46 43 46 55 67 81 96 90 77 67 59 57 59 66 77 89 103 99 88 79 73 71 73 78 87 99 111 110 100 92 87 85 86 91 99 109 120 121 112 105 100 99 100 104 111 120 130 133 125 118 114 113 114 117 123 131 141
67 64 54 77 47 65 71 56 40 61 80 37 26 37 33 42 125 46 114 109 62 48 58 74 25 60 50 60 36 41 75 42 23 41 78 47 119 13 110 98 88 71 54 38 23 14 23 38 54 71 87 70 52 35 18 0 18 35 52 70 88 71 54 38 23 14 23 38 54 71 91 75 60 45 33 28 33 45 59 75 97 82 67 55 46 42 46 55 67 81 104 90 77 66 59 56 59 66 76 89 112 99 88 79 73 70 72 78 87 98 122 110 99 91 86 84 86 91 98 108 132 121 112 105 100 98 99 104 110 119 143 133 124 118 114 112 113 117 123 131
74 66 37 66 36 70 68 39 24 45 88 30 27 50 45 59 135 32 122 119 70 59 41 62 30 77 56 44 19 34 80 38 26 55 89 50 128 25 117 109 105 88 71 54 38 23 14 23 38 54 104 87 70 52 35 18 0 18 35 52 105 88 71 54 38 23 14 23 38 54 108 91 75 59 45 33 28 33 45 59 113 97 81 67 55 46 42 46 54 67 119 104 90 77 66 59 56 59 66 76 126 112 99 88 78 72 70 72 78 87 134 121 109 99 91 86 84 85 90 98 144 131 121 111 104 99 98 99 103 110 154 142 132 124 117 113 112 113 116 122
84 72 20 58 32 80 69 23 12 30 98 32 38 65 60 77 146 24 131 132 80 71 24 53 42 95 65 30 3 34 89 40 38 71 102 59 139 41 126 121 122 105 88 71 54 38 23 14 23 38 122 104 87 70 52 35 18 0 18 35 122 105 88 71 54 38 23 14 23 38 125 108 91 75 59 45 33 28 33 45 129 112 97 81 67 55 46 42 45 54 134 118 104 89 77 66 59 56 58 65 140 126 112 99 87 78 72 70 72 77 148 134 121 109 99 91 85 83 85 90 156 143 131 120 111 104 99 97 99 103 166 153 142 132 123 117 113 111 112 116
97 81 7 54 37 91 74 11 19 19 111 42 52 81 76 94 159 27 142 145 93 86 11 48 57 112 77 21 17 42 100 50 53 87 116 70 151 58 137 134 140 122 105 88 71 54 38 23 14 23 139 122 104 87 70 52 35 18 0 18 140 122 105 88 71 54 38 23 14 23 142 125 108 91 75 59 45 33 28 33 145 129 112 97 81 67 54 45 42 45 150 134 118 103 89 76 66 58 55 58 156 140 126 112 99 87 78 72 69 71 162 148 134 121 109 98 90 85 83 85 170 156 143 131 120 110 103 99 97 98 179 165 153 141 131 123 116 112 110 112
110 93 18 56 48 104 82 19 34 22 124 56 67 98 92 111 172 39 154 159 107 101 16 50 73 129 91 25 34 55 113 62 69 104 130 84 164 75 149 148 157 140 122 105 88 71 54 38 23 14 156 139 122 104 87 70 52 35 18 0 157 140 122 105 88 71 54 38 23 14 159 142 125 108 91 75 59 45 33 28 162 145 129 112 96 81 67 54 45 42 166 150 134 118 103 89 76 65 58 55 171 155 140 125 111 98 87 77 71 69 177 162 148 134 120 108 98 90 85 83 184 170 156 143 130 119 110 103 98 96 192 178 165 152 141 131 122 116 112 110
82 102 140 147 122 88 121 143 127 148 82 110 95 64 70 48 94 126 102 79 81 71 144 147 89 28 87 143 123 114 90 109 91 58 66 93 94 82 100 75 29 34 45 60 75 91 108 125 142 159 15 23 38 54 71 88 105 122 140 157 0 18 35 52 70 87 104 122 139 156 15 23 38 54 71 88 105 122 140 157 29 34 45 60 75 91 108 125 142 159 43 47 55 68 82 97 113 129 145 162 58 60 67 77 90 104 119 134 150 166 72 74 80 88 99 112 126 140 156 171 86 88 93 100 110 122 134 148 162 177 100 102 106 112 121 132 144 156 170 184
68 87 123 130 105 75 106 126 110 131 71 93 78 47 53 32 91 109 96 75 68 55 126 130 72 11 72 126 106 97 78 92 74 42 56 77 90 65 93 70 34 29 34 45 60 75 91 108 125 142 23 15 23 38 54 71 88 105 122 140 18 0 18 35 52 70 87 104 122 139 23 15 23 38 54 71 88 105 122 140 34 29 34 45 60 75 91 108 125 142 47 43 46 55 67 82 97 112 129 145 60 57 60 67 77 90 104 118 134 150 74 72 73 79 88 99 112 126 140 155 88 86 87 92 100 110 121 134 148 162 102 100 101 105 112 121 131 143 156 170
58 73 105 114 88 63 91 110 94 115 63 76 60 31 36 19 93 92 93 76 56 42 109 114 55 8 57 108 89 80 68 76 57 26 51 62 90 48 89 68 45 34 29 34 45 60 75 91 108 125 38 23 15 23 38 54 71 88 105 122 35 18 0 18 35 52 70 87 104 122 38 23 15 23 38 54 71 88 105 122 45 34 29 34 45 60 75 91 108 125 55 46 43 46 55 67 81 97 112 129 67 60 57 60 67 77 90 104 118 134 80 73 71 73 79 88 99 112 126 140 93 87 85 87 92 99 109 121 134 148 106 101 99 101 105 112 121 131 143 156
51 62 88 98 71 54 78 93 77 98 60 59 44 17 21 18 97 75 93 80 48 32 92 97 38 25 45 91 72 63 61 59 40 15 51 48 93 31 89 71 60 45 34 29 33 45 59 75 91 108 54 38 23 15 23 38 54 71 88 105 52 35 18 0 18 35 52 70 87 104 54 38 23 15 23 38 54 71 88 105 60 45 34 29 33 45 59 75 91 108 68 55 46 43 46 55 67 81 97 112 77 67 60 57 59 66 77 89 103 118 88 79 73 71 73 79 88 99 112 125 100 92 87 85 87 91 99 109 121 134 112 105 101 99 100 105 111 120 131 143
49 54 71 83 54 50 66 76 61 82 61 43 27 15 13 30 104 58 96 87 45 29 74 81 22 42 37 74 55 47 58 44 23 19 57 37 99 13 91 77 75 60 45 33 29 33 45 59 75 91 71 54 38 23 15 23 38 54 71 88 70 52 35 18 0 18 35 52 70 87 71 54 38 23 15 23 38 54 71 88 75 60 45 33 29 33 45 59 75 91 82 67 55 46 43 46 55 67 81 96 90 77 67 59 57 59 66 77 89 103 99 88 79 73 71 73 78 87 99 111 110 100 92 87 85 86 91 99 109 120 121 112 105 100 99 100 104 111 120 130
54 50 54 68 38 51 58 60 46 66 67 27 13 28 23 45 113 41 101 98 49 37 57 66 11 59 37 57 38 32 61 31 9 34 67 33 107 6 97 87 91 75 60 45 33 28 33 45 59 75 88 71 54 38 23 14 23 38 54 71 87 70 52 35 18 0 18 35 52 70 88 71 54 38 23 14 23 38 54 71 91 75 60 45 33 28 33 45 59 75 97 82 67 55 46 42 46 55 67 81 104 90 77 66 59 56 59 66 76 89 112 99 88 79 73 70 72 78 87 98 122 110 99 91 86 84 86 91 98 108 132 121 112 105 100 98 99 104 110 119
63 52 36 55 25 58 54 45 33 52 77 17 15 44 38 62 124 24 110 109 58 49 40 52 20 77 44 40 22 20 68 24 16 50 79 38 117 23 105 99 108 91 75 59 45 33 28 33 45 59 105 88 71 54 38 23 14 23 38 54 104 87 70 52 35 18 0 18 35 52 105 88 71 54 38 23 14 23 38 54 108 91 75 59 45 33 28 33 45 59 113 97 81 67 55 46 42 46 54 67 119 104 90 77 66 59 56 59 66 76 126 112 99 88 78 72 70 72 78 87 134 121 109 99 91 86 84 85 90 98 144 131 121 111 104 99 98 99 103 110
75 60 20 45 18 69 55 32 26 40 89 20 30 61 55 78 137 11 120 123 71 64 23 41 36 94 55 23 12 21 79 28 32 67 94 48 129 40 115 112 125 108 91 75 59 45 33 28 33 45 122 105 88 71 54 38 23 14 23 38 122 104 87 70 52 35 18 0 18 35 122 105 88 71 54 38 23 14 23 38 125 108 91 75 59 45 33 28 33 45 129 112 97 81 67 55 46 42 45 54 134 118 104 89 77 66 59 56 58 65 140 126 112 99 87 78 72 70 72 77 148 134 121 109 99 91 85 83 85 90 156 143 131 120 111 104 99 97 99 103
88 71 7 40 26 82 61 25 29 32 102 34 47 78 72 95 150 17 132 137 85 80 7 35 53 111 69 8 20 33 91 40 49 84 109 62 142 57 127 126 142 125 108 91 75 59 45 33 28 33 140 122 105 88 71 54 38 23 14 23 139 122 104 87 70 52 35 18 0 18 140 122 105 88 71 54 38 23 14 23 142 125 108 91 75 59 45 33 28 33 145 129 112 97 81 67 54 45 42 45 150 134 118 103 89 76 66 58 55 58 156 140 126 112 99 87 78 72 69 71 162 148 134 121 109 98 90 85 83 85 170 156 143 131 120 110 103 99 97 98
103 84 18 43 40 97 72 29 41 34 117 50 64 95 89 112 164 32 145 152 100 96 14 37 70 128 85 15 36 48 105 55 66 101 124 77 156 74 140 141 159 142 125 108 91 75 59 45 33 28 157 140 122 105 88 71 54 38 23 14 156 139 122 104 87 70 52 35 18 0 157 140 122 105 88 71 54 38 23 14 159 142 125 108 91 75 59 45 33 28 162 145 129 112 96 81 67 54 45 42 166 150 134 118 103 89 76 65 58 55 171 155 140 125 111 98 87 77 71 69 177 162 148 134 120 108 98 90 85 83 184 170 156 143 130 119 110 103 98 96
74 95 141 144 121 81 116 147 131 152 72 109 94 63 69 55 80 126 90 65 74 66 145 144 88 33 82 143 126 112 82 107 91 57 56 89 80 84 88 63 43 47 55 68 82 97 113 129 145 162 29 34 45 60 75 91 108 125 142 159 15 23 38 54 71 88 105 122 140 157 0 18 35 52 70 87 104 122 139 156 15 23 38 54 71 88 105 122 140 157 29 34 45 60 75 91 108 125 142 159 43 47 55 68 82 97 113 129 145 162 58 60 67 77 90 104 119 134 150 166 72 74 80 88 99 112 126 140 156 171 86 88 93 100 110 122 134 148 162 177
59 80 124 127 103 66 99 130 114 135 60 92 77 45 51 41 77 109 83 61 59 49 128 127 71 20 66 126 109 95 68 90 74 39 44 72 76 67 80 56 47 43 46 55 67 82 97 112 129 145 34 29 34 45 60 75 91 108 125 142 23 15 23 38 54 71 88 105 122 140 18 0 18 35 52 70 87 104 122 139 23 15 23 38 54 71 88 105 122 140 34 29 34 45 60 75 91 108 125 142 47 43 46 55 67 82 97 112 129 145 60 57 60 67 77 90 104 118 134 150 74 72 73 79 88 99 112 126 140 155 88 86 87 92 100 110 121 134 148 162
46 65 107 110 86 52 84 114 98 119 50 75 60 28 34 32 79 91 79 62 45 33 110 110 54 18 50 108 92 78 56 73 57 22 37 55 76 50 75 54 55 46 43 46 55 67 81 97 112 129 45 34 29 34 45 60 75 91 108 125 38 23 15 23 38 54 71 88 105 122 35 18 0 18 35 52 70 87 104 122 38 23 15 23 38 54 71 88 105 122 45 34 29 34 45 60 75 91 108 125 55 46 43 46 55 67 81 97 112 129 67 60 57 60 67 77 90 104 118 134 80 73 71 73 79 88 99 112 126 140 93 87 85 87 92 99 109 121 134 148
37 51 90 93 69 41 69 97 83 103 46 57 42 11 17 31 84 74 79 67 35 19 93 93 36 30 35 91 75 60 48 55 39 5 37 40 79 35 75 57 68 55 46 43 46 55 67 81 97 112 60 45 34 29 33 45 59 75 91 108 54 38 23 15 23 38 54 71 88 105 52 35 18 0 18 35 52 70 87 104 54 38 23 15 23 38 54 71 88 105 60 45 34 29 33 45 59 75 91 108 68 55 46 43 46 55 67 81 97 112 77 67 60 57 59 66 77 89 103 118 88 79 73 71 73 79 88 99 112 125 100 92 87 85 87 91 99 109 121 134
35 41 73 77 52 36 56 82 68 88 48 40 25 8 2 39 92 57 82 76 31 16 76 76 19 45 24 74 59 43 44 38 23 13 45 26 86 21 78 65 82 67 55 46 43 46 55 67 81 96 75 60 45 33 29 33 45 59 75 91 71 54 38 23 15 23 38 54 71 88 70 52 35 18 0 18 35 52 70 87 71 54 38 23 15 23 38 54 71 88 75 60 45 33 29 33 45 59 75 91 82 67 55 46 43 46 55 67 81 96 90 77 67 59 57 59 66 77 89 103 99 88 79 73 71 73 78 87 99 111 110 100 92 87 85 86 91 99 109 120
41 36 57 61 34 38 45 67 55 74 55 23 8 25 19 52 102 40 89 87 37 27 60 60 4 61 23 57 44 26 48 22 8 31 57 19 96 17 84 76 97 82 67 55 46 42 46 55 67 81 91 75 60 45 33 28 33 45 59 75 88 71 54 38 23 14 23 38 54 71 87 70 52 35 18 0 18 35 52 70 88 71 54 38 23 14 23 38 54 71 91 75 60 45 33 28 33 45 59 75 97 82 67 55 46 42 46 55 67 81 104 90 77 66 59 56 59 66 76 89 112 99 88 79 73 70 72 78 87 98 122 110 99 91 86 84 86 91 98 108
52 39 41 46 17 47 40 54 45 61 67 6 11 42 36 67 114 23 98 101 48 43 44 44 17 78 33 40 32 10 57 10 15 48 72 26 107 28 94 90 113 97 81 67 55 46 42 46 54 67 108 91 75 59 45 33 28 33 45 59 105 88 71 54 38 23 14 23 38 54 104 87 70 52 35 18 0 18 35 52 105 88 71 54 38 23 14 23 38 54 108 91 75 59 45 33 28 33 45 59 113 97 81 67 55 46 42 46 54 67 119 104 90 77 66 59 56 59 66 76 126 112 99 88 78 72 70 72 78 87 134 121 109 99 91 86 84 85 90 98
66 49 28 33 5 60 42 44 40 51 80 13 28 59 54 82 128 7 110 115 63 59 29 30 34 95 48 23 26 11 69 18 32 65 87 40 120 43 105 104 129 112 97 81 67 55 46 42 45 54 125 108 91 75 59 45 33 28 33 45 122 105 88 71 54 38 23 14 23 38 122 104 87 70 52 35 18 0 18 35 122 105 88 71 54 38 23 14 23 38 125 108 91 75 59 45 33 28 33 45 129 112 97 81 67 55 46 42 45 54 134 118 104 89 77 66 59 56 58 65 140 126 112 99 87 78 72 70 72 77 148 134 121 109 99 91 85 83 85 90
82 62 21 27 19 75 50 39 42 46 95 30 45 77 71 99 142 14 123 130 78 76 19 21 51 112 64 9 30 28 83 34 49 83 103 56 134 59 118 119 145 129 112 97 81 67 54 45 42 45 142 125 108 91 75 59 45 33 28 33 140 122 105 88 71 54 38 23 14 23 139 122 104 87 70 52 35 18 0 18 140 122 105 88 71 54 38 23 14 23 142 125 108 91 75 59 45 33 28 33 145 129 112 97 81 67 54 45 42 45 150 134 118 103 89 76 66 58 55 58 156 140 126 112 99 87 78 72 69 71 162 148 134 121 109 98 90 85 83 85
98 77 27 30 36 90 62 41 51 47 110 48 63 94 88 115 157 31 136 145 94 93 22 25 69 129 80 16 42 45 98 51 66 100 119 73 149 76 132 135 162 145 129 112 96 81 67 54 45 42 159 142 125 108 91 75 59 45 33 28 157 140 122 105 88 71 54 38 23 14 156 139 122 104 87 70 52 35 18 0 157 140 122 105 88 71 54 38 23 14 159 142 125 108 91 75 59 45 33 28 162 145 129 112 96 81 67 54 45 42 166 150 134 118 103 89 76 65 58 55 171 155 140 125 111 98 87 77 71 69 177 162 148 134 120 108 98 90 85 83
68 91 144 142 121 76 111 151 136 157 64 110 96 65 70 64 66 127 78 52 70 65 147 143 90 42 80 144 129 113 75 107 93 59 48 87 67 88 76 51 58 60 67 77 90 104 119 134 150 166 43 47 55 68 82 97 113 129 145 162 29 34 45 60 75 91 108 125 142 159 15 23 38 54 71 88 105 122 140 157 0 18 35 52 70 87 104 122 139 156 15 23 38 54 71 88 105 122 140 157 29 34 45 60 75 91 108 125 142 159 43 47 55 68 82 97 113 129 145 162 58 60 67 77 90 104 119 134 150 166 72 74 80 88 99 112 126 140 156 171
52 74 127 125 104 60 95 135 120 141 50 93 79 48 54 53 63 110 69 47 53 47 130 126 73 33 63 127 113 95 60 89 76 42 33 69 62 72 67 42 60 57 60 67 77 90 104 118 134 150 47 43 46 55 67 82 97 112 129 145 34 29 34 45 60 75 91 108 125 142 23 15 23 38 54 71 88 105 122 140 18 0 18 35 52 70 87 104 122 139 23 15 23 38 54 71 88 105 122 140 34 29 34 45 60 75 91 108 125 142 47 43 46 55 67 82 97 112 129 145 60 57 60 67 77 90 104 118 134 150 74 72 73 79 88 99 112 126 140 155
37 58 111 107 87 44 78 119 105 125 38 76 62 32 37 46 65 93 65 48 37 30 114 108 56 32 45 110 97 78 46 72 60 27 23 52 62 57 62 40 67 60 57 60 67 77 90 104 118 134 55 46 43 46 55 67 81 97 112 129 45 34 29 34 45 60 75 91 108 125 38 23 15 23 38 54 71 88 105 122 35 18 0 18 35 52 70 87 104 122 38 23 15 23 38 54 71 88 105 122 45 34 29 34 45 60 75 91 108 125 55 46 43 46 55 67 81 97 112 129 67 60 57 60 67 77 90 104 118 134 80 73 71 73 79 88 99 112 126 140
25 43 94 90 69 30 62 104 90 110 32 59 45 19 23 45 71 76 65 54 23 13 97 91 40 39 29 93 81 61 35 55 44 16 24 35 66 43 61 44 77 67 60 57 59 66 77 89 103 118 68 55 46 43 46 55 67 81 97 112 60 45 34 29 33 45 59 75 91 108 54 38 23 15 23 38 54 71 88 105 52 35 18 0 18 35 52 70 87 104 54 38 23 15 23 38 54 71 88 105 60 45 34 29 33 45 59 75 91 108 68 55 46 43 46 55 67 81 97 112 77 67 60 57 59 66 77 89 103 118 88 79 73 71 73 79 88 99 112 125
21 29 79 73 52 22 47 89 77 96 34 42 30 17 16 51 81 60 69 65 17 6 81 74 26 52 13 77 67 44 30 38 30 20 35 18 74 33 64 54 90 77 67 59 57 59 66 77 89 103 82 67 55 46 43 46 55 67 81 96 75 60 45 33 29 33 45 59 75 91 71 54 38 23 15 23 38 54 71 88 70 52 35 18 0 18 35 52 70 87 71 54 38 23 15 23 38 54 71 88 75 60 45 33 29 33 45 59 75 91 82 67 55 46 43 46 55 67 81 96 90 77 67 59 57 59 66 77 89 103 99 88 79 73 71 73 78 87 99 111
30 22 63 56 36 26 34 76 66 83 44 26 19 29 25 61 92 43 77 78 26 23 65 57 18 67 11 60 54 27 35 21 21 34 50 5 85 31 72 67 104 90 77 66 59 56 59 66 76 89 97 82 67 55 46 42 46 55 67 81 91 75 60 45 33 28 33 45 59 75 88 71 54 38 23 14 23 38 54 71 87 70 52 35 18 0 18 35 52 70 88 71 54 38 23 14 23 38 54 71 91 75 60 45 33 28 33 45 59 75 97 82 67 55 46 42 46 55 67 81 104 90 77 66 59 56 59 66 76 89 112 99 88 79 73 70 72 78 87 98
45 27 50 39 20 38 26 64 57 72 58 14 20 45 39 74 106 29 88 93 41 40 51 40 24 82 26 44 44 13 47 6 25 50 66 19 98 38 83 82 119 104 90 77 66 59 56 59 66 76 113 97 81 67 55 46 42 46 54 67 108 91 75 59 45 33 28 33 45 59 105 88 71 54 38 23 14 23 38 54 104 87 70 52 35 18 0 18 35 52 105 88 71 54 38 23 14 23 38 54 108 91 75 59 45 33 28 33 45 59 113 97 81 67 55 46 42 46 54 67 119 104 90 77 66 59 56 59 66 76 126 112 99 88 78 72 70 72 78 87
60 40 39 24 10 53 29 56 53 64 73 18 33 61 56 88 120 19 101 108 57 58 39 23 38 99 43 30 40 14 61 16 37 67 82 36 112 50 96 98 134 118 104 89 77 66 59 56 58 65 129 112 97 81 67 55 46 42 45 54 125 108 91 75 59 45 33 28 33 45 122 105 88 71 54 38 23 14 23 38 122 104 87 70 52 35 18 0 18 35 122 105 88 71 54 38 23 14 23 38 125 108 91 75 59 45 33 28 33 45 129 112 97 81 67 55 46 42 45 54 134 118 104 89 77 66 59 56 58 65 140 126 112 99 87 78 72 70 72 77
77 55 35 13 21 69 40 52 55 60 89 33 48 78 72 104 135 23 114 124 74 75 32 8 54 115 60 22 43 29 77 33 53 84 99 53 127 65 110 114 150 134 118 103 89 76 66 58 55 58 145 129 112 97 81 67 54 45 42 45 142 125 108 91 75 59 45 33 28 33 140 122 105 88 71 54 38 23 14 23 139 122 104 87 70 52 35 18 0 18 140 122 105 88 71 54 38 23 14 23 142 125 108 91 75 59 45 33 28 33 145 129 112 97 81 67 54 45 42 45 150 134 118 103 89 76 66 58 55 58 156 140 126 112 99 87 78 72 69 71
94 72 39 20 37 86 54 54 62 60 106 49 65 95 89 120 151 36 129 140 91 92 34 15 71 132 78 25 52 46 93 50 69 101 116 70 142 80 125 130 166 150 134 118 103 89 76 65 58 55 162 145 129 112 96 81 67 54 45 42 159 142 125 108 91 75 59 45 33 28 157 140 122 105 88 71 54 38 23 14 156 139 122 104 87 70 52 35 18 0 157 140 122 105 88 71 54 38 23 14 159 142 125 108 91 75 59 45 33 28 162 145 129 112 96 81 67 54 45 42 166 150 134 118 103 89 76 65 58 55 171 155 140 125 111 98 87 77 71 69
65 89 148 141 123 74 109 156 142 163 58 112 99 69 75 74 53 130 66 40 67 66 151 143 93 53 80 147 134 115 71 108 97 64 43 87 55 94 66 41 72 74 80 88 99 112 126 140 156 171 58 60 67 77 90 104 119 134 150 166 43 47 55 68 82 97 113 129 145 162 29 34 45 60 75 91 108 125 142 159 15 23 38 54 71 88 105 122 140 157 0 18 35 52 70 87 104 122 139 156 15 23 38 54 71 88 105 122 140 157 29 34 45 60 75 91 108 125 142 159 43 47 55 68 82 97 113 129 145 162 58 60 67 77 90 104 119 134 150 166
48 71 132 124 106 56 92 141 127 147 42 96 83 54 59 65 49 113 57 33 50 49 134 126 77 47 63 130 119 98 54 91 81 49 26 70 48 79 55 30 74 72 73 79 88 99 112 126 140 155 60 57 60 67 77 90 104 118 134 150 47 43 46 55 67 82 97 112 129 145 34 29 34 45 60 75 91 108 125 142 23 15 23 38 54 71 88 105 122 140 18 0 18 35 52 70 87 104 122 139 23 15 23 38 54 71 88 105 122 140 34 29 34 45 60 75 91 108 125 142 47 43 46 55 67 82 97 112 129 145 60 57 60 67 77 90 104 118 134 150
31 54 116 107 89 39 75 126 113 132 27 79 67 41 45 60 51 97 51 34 33 33 118 108 62 46 45 114 103 81 38 74 66 37 11 53 48 65 48 26 80 73 71 73 79 88 99 112 126 140 67 60 57 60 67 77 90 104 118 134 55 46 43 46 55 67 81 97 112 129 45 34 29 34 45 60 75 91 108 125 38 23 15 23 38 54 71 88 105 122 35 18 0 18 35 52 70 87 104 122 38 23 15 23 38 54 71 88 105 122 45 34 29 34 45 60 75 91 108 125 55 46 43 46 55 67 81 97 112 129 67 60 57 60 67 77 90 104 118 134
15 37 100 89 73 22 58 111 99 118 18 63 52 31 34 59 59 81 51 43 16 19 102 91 48 51 28 98 89 65 23 58 52 30 13 36 53 54 47 32 88 79 73 71 73 79 88 99 112 125 77 67 60 57 59 66 77 89 103 118 68 55 46 43 46 55 67 81 97 112 60 45 34 29 33 45 59 75 91 108 54 38 23 15 23 38 54 71 88 105 52 35 18 0 18 35 52 70 87 104 54 38 23 15 23 38 54 71 88 105 60 45 34 29 33 45 59 75 91 108 68 55 46 43 46 55 67 81 97 112 77 67 60 57 59 66 77 89 103 118
8 21 86 72 57 8 41 98 87 105 22 48 40 30 30 63 70 65 56 56 4 15 87 74 37 61 12 82 76 49 16 42 41 32 29 20 63 47 52 45 99 88 79 73 71 73 78 87 99 111 90 77 67 59 57 59 66 77 89 103 82 67 55 46 43 46 55 67 81 96 75 60 45 33 29 33 45 59 75 91 71 54 38 23 15 23 38 54 71 88 70 52 35 18 0 18 35 52 70 87 71 54 38 23 15 23 38 54 71 88 75 60 45 33 29 33 45 59 75 91 82 67 55 46 43 46 55 67 81 96 90 77 67 59 57 59 66 77 89 103
23 8 72 55 42 16 25 86 77 94 36 35 32 38 35 72 83 51 66 71 20 27 73 57 32 74 11 66 65 35 25 27 35 42 46 10 76 45 61 60 112 99 88 79 73 70 72 78 87 98 104 90 77 66 59 56 59 66 76 89 97 82 67 55 46 42 46 55 67 81 91 75 60 45 33 28 33 45 59 75 88 71 54 38 23 14 23 38 54 71 87 70 52 35 18 0 18 35 52 70 88 71 54 38 23 14 23 38 54 71 91 75 60 45 33 28 33 45 59 75 97 82 67 55 46 42 46 55 67 81 104 90 77 66 59 56 59 66 76 89
40 18 60 37 29 32 13 76 70 84 52 27 33 51 47 83 98 39 78 87 38 42 61 40 35 89 26 53 57 25 39 19 37 56 63 20 90 50 74 76 126 112 99 88 78 72 70 72 78 87 119 104 90 77 66 59 56 59 66 76 113 97 81 67 55 46 42 46 54 67 108 91 75 59 45 33 28 33 45 59 105 88 71 54 38 23 14 23 38 54 104 87 70 52 35 18 0 18 35 52 105 88 71 54 38 23 14 23 38 54 108 91 75 59 45 33 28 33 45 59 113 97 81 67 55 46 42 46 54 67 119 104 90 77 66 59 56 59 66 76
57 35 52 20 24 49 18 69 67 77 68 30 42 66 61 96 113 33 92 103 55 59 51 23 46 104 43 41 53 26 56 24 46 71 80 37 105 59 88 93 140 126 112 99 87 78 72 70 72 77 134 118 104 89 77 66 59 56 58 65 129 112 97 81 67 55 46 42 45 54 125 108 91 75 59 45 33 28 33 45 122 105 88 71 54 38 23 14 23 38 122 104 87 70 52 35 18 0 18 35 122 105 88 71 54 38 23 14 23 38 125 108 91 75 59 45 33 28 33 45 129 112 97 81 67 55 46 42 45 54 134 118 104 89 77 66 59 56 58 65
75 52 49 3 30 67 33 66 68 73 85 40 55 82 77 110 129 35 107 120 72 76 46 9 60 120 60 36 56 36 72 38 59 87 97 54 121 72 103 110 156 140 126 112 99 87 78 72 69 71 150 134 118 103 89 76 66 58 55 58 145 129 112 97 81 67 54 45 42 45 142 125 108 91 75 59 45 33 28 33 140 122 105 88 71 54 38 23 14 23 139 122 104 87 70 52 35 18 0 18 140 122 105 88 71 54 38 23 14 23 142 125 108 91 75 59 45 33 28 33 145 129 112 97 81 67 54 45 42 45 150 134 118 103 89 76 66 58 55 58
92 69 51 16 43 84 50 68 74 74 102 54 70 98 93 125 145 44 123 136 89 93 47 16 75 136 78 38 63 50 89 53 74 104 114 71 137 86 119 127 171 155 140 125 111 98 87 77 71 69 166 150 134 118 103 89 76 65 58 55 162 145 129 112 96 81 67 54 45 42 159 142 125 108 91 75 59 45 33 28 157 140 122 105 88 71 54 38 23 14 156 139 122 104 87 70 52 35 18 0 157 140 122 105 88 71 54 38 23 14 159 142 125 108 91 75 59 45 33 28 162 145 129 112 96 81 67 54 45 42 166 150 134 118 103 89 76 65 58 55
66 89 153 142 127 74 108 163 149 169 56 116 104 76 82 86 40 134 57 30 68 70 156 144 99 66 82 151 140 118 69 111 103 71 43 90 43 101 57 34 86 88 93 100 110 122 134 148 162 177 72 74 80 88 99 112 126 140 156 171 58 60 67 77 90 104 119 134 150 166 43 47 55 68 82 97 113 129 145 162 29 34 45 60 75 91 108 125 142 159 15 23 38 54 71 88 105 122 140 157 0 18 35 52 70 87 104 122 139 156 15 23 38 54 71 88 105 122 140 157 29 34 45 60 75 91 108 125 142 159 43 47 55 68 82 97 113 129 145 162
48 71 138 125 110 56 91 148 135 155 39 100 89 63 68 78 35 118 45 19 51 55 140 127 84 60 66 135 126 102 52 95 88 59 26 73 34 88 43 19 88 86 87 92 100 110 121 134 148 162 74 72 73 79 88 99 112 126 140 155 60 57 60 67 77 90 104 118 134 150 47 43 46 55 67 82 97 112 129 145 34 29 34 45 60 75 91 108 125 142 23 15 23 38 54 71 88 105 122 140 18 0 18 35 52 70 87 104 122 139 23 15 23 38 54 71 88 105 122 140 34 29 34 45 60 75 91 108 125 142 47 43 46 55 67 82 97 112 129 145
32 54 122 108 94 39 74 134 121 141 21 85 75 52 56 74 38 102 37 21 35 41 124 110 70 60 49 119 111 86 34 79 74 49 11 57 34 76 34 12 93 87 85 87 92 99 109 121 134 148 80 73 71 73 79 88 99 112 126 140 67 60 57 60 67 77 90 104 118 134 55 46 43 46 55 67 81 97 112 129 45 34 29 34 45 60 75 91 108 125 38 23 15 23 38 54 71 88 105 122 35 18 0 18 35 52 70 87 104 122 38 23 15 23 38 54 71 88 105 122 45 34 29 34 45 60 75 91 108 125 55 46 43 46 55 67 81 97 112 129
15 37 108 91 79 22 57 120 109 128 5 70 62 45 47 73 48 87 37 34 19 31 109 93 58 64 35 103 98 71 17 64 62 44 13 42 41 66 33 23 100 92 87 85 87 91 99 109 121 134 88 79 73 71 73 79 88 99 112 125 77 67 60 57 59 66 77 89 103 118 68 55 46 43 46 55 67 81 97 112 60 45 34 29 33 45 59 75 91 108 54 38 23 15 23 38 54 71 88 105 52 35 18 0 18 35 52 70 87 104 54 38 23 15 23 38 54 71 88 105 60 45 34 29 33 45 59 75 91 108 68 55 46 43 46 55 67 81 97 112
9 20 94 74 64 8 39 108 98 115 15 57 52 44 44 77 61 73 44 50 12 29 95 77 49 72 23 89 86 57 3 50 53 45 29 29 54 60 39 39 110 100 92 87 85 86 91 99 109 120 99 88 79 73 71 73 78 87 99 111 90 77 67 59 57 59 66 77 89 103 82 67 55 46 43 46 55 67 81 96 75 60 45 33 29 33 45 59 75 91 71 54 38 23 15 23 38 54 71 88 70 52 35 18 0 18 35 52 70 87 71 54 38 23 15 23 38 54 71 88 75 60 45 33 29 33 45 59 75 91 82 67 55 46 43 46 55 67 81 96
24 7 82 57 51 16 22 97 90 105 32 46 46 50 48 84 76 61 56 66 23 36 83 60 45 83 22 75 77 46 19 38 49 53 46 24 68 59 52 56 122 110 99 91 86 84 86 91 98 108 112 99 88 79 73 70 72 78 87 98 104 90 77 66 59 56 59 66 76 89 97 82 67 55 46 42 46 55 67 81 91 75 60 45 33 28 33 45 59 75 88 71 54 38 23 14 23 38 54 71 87 70 52 35 18 0 18 35 52 70 88 71 54 38 23 14 23 38 54 71 91 75 60 45 33 28 33 45 59 75 97 82 67 55 46 42 46 55 67 81
40 18 72 40 42 32 5 88 84 96 49 41 46 60 57 93 92 51 70 83 39 49 72 44 48 96 33 63 70 39 36 33 50 64 63 30 84 62 66 73 134 121 109 99 91 86 84 85 90 98 126 112 99 88 78 72 70 72 78 87 119 104 90 77 66 59 56 59 66 76 113 97 81 67 55 46 42 46 54 67 108 91 75 59 45 33 28 33 45 59 105 88 71 54 38 23 14 23 38 54 104 87 70 52 35 18 0 18 35 52 105 88 71 54 38 23 14 23 38 54 108 91 75 59 45 33 28 33 45 59 113 97 81 67 55 46 42 46 54 67
57 34 65 25 38 49 14 82 81 90 66 42 53 73 69 105 108 46 86 100 56 64 64 30 56 111 47 54 67 39 53 36 57 78 80 42 100 70 82 90 148 134 121 109 99 91 85 83 85 90 140 126 112 99 87 78 72 70 72 77 134 118 104 89 77 66 59 56 58 65 129 112 97 81 67 55 46 42 45 54 125 108 91 75 59 45 33 28 33 45 122 105 88 71 54 38 23 14 23 38 122 104 87 70 52 35 18 0 18 35 122 105 88 71 54 38 23 14 23 38 125 108 91 75 59 45 33 28 33 45 129 112 97 81 67 55 46 42 45 54
75 51 62 16 42 67 31 80 82 87 84 50 64 88 83 118 125 48 102 117 73 80 60 22 68 125 63 49 69 46 71 46 68 93 97 58 116 81 98 107 162 148 134 121 109 98 90 85 83 85 156 140 126 112 99 87 78 72 69 71 150 134 118 103 89 76 66 58 55 58 145 129 112 97 81 67 54 45 42 45 142 125 108 91 75 59 45 33 28 33 140 122 105 88 71 54 38 23 14 23 139 122 104 87 70 52 35 18 0 18 140 122 105 88 71 54 38 23 14 23 142 125 108 91 75 59 45 33 28 33 145 129 112 97 81 67 54 45 42 45
92 69 64 22 52 84 48 81 87 87 101 62 77 103 98 132 141 55 118 134 90 96 61 25 82 141 80 51 75 58 88 60 81 109 114 74 133 94 114 125 177 162 148 134 120 108 98 90 85 83 171 155 140 125 111 98 87 77 71 69 166 150 134 118 103 89 76 65 58 55 162 145 129 112 96 81 67 54 45 42 159 142 125 108 91 75 59 45 33 28 157 140 122 105 88 71 54 38 23 14 156 139 122 104 87 70 52 35 18 0 157 140 122 105 88 71 54 38 23 14 159 142 125 108 91 75 59 45 33 28 162 145 129 112 96 81 67 54 45 42
69 91 160 144 131 76 110 170 157 177 57 122 111 85 90 98 28 140 49 24 72 77 162 147 106 79 87 156 148 124 70 116 110 81 48 94 33 110 50 33 100 102 106 112 121 132 144 156 170 184 86 88 93 100 110 122 134 148 162 177 72 74 80 88 99 112 126 140 156 171 58 60 67 77 90 104 119 134 150 166 43 47 55 68 82 97 113 129 145 162 29 34 45 60 75 91 108 125 142 159 15 23 38 54 71 88 105 122 140 157 0 18 35 52 70 87 104 122 139 156 15 23 38 54 71 88 105 122 140 157 29 34 45 60 75 91 108 125 142 159
53 74 145 127 116 60 93 156 144 163 40 107 97 73 78 92 21 124 34 7 56 63 146 130 92 74 71 141 134 108 53 101 97 70 33 79 21 98 34 16 102 100 101 105 112 121 131 143 156 170 88 86 87 92 100 110 121 134 148 162 74 72 73 79 88 99 112 126 140 155 60 57 60 67 77 90 104 118 134 150 47 43 46 55 67 82 97 112 129 145 34 29 34 45 60 75 91 108 125 142 23 15 23 38 54 71 88 105 122 140 18 0 18 35 52 70 87 104 122 139 23 15 23 38 54 71 88 105 122 140 34 29 34 45 60 75 91 108 125 142
38 58 130 111 101 44 76 143 131 150 24 92 84 64 67 88 26 109 24 12 42 52 132 114 80 74 57 125 120 93 36 86 84 61 23 64 20 87 22 5 106 101 99 101 105 112 121 131 143 156 93 87 85 87 92 99 109 121 134 148 80 73 71 73 79 88 99 112 126 140 67 60 57 60 67 77 90 104 118 134 55 46 43 46 55 67 81 97 112 129 45 34 29 34 45 60 75 91 108 125 38 23 15 23 38 54 71 88 105 122 35 18 0 18 35 52 70 87 104 122 38 23 15 23 38 54 71 88 105 122 45 34 29 34 45 60 75 91 108 125
26 42 117 94 86 30 59 130 120 137 12 79 73 59 61 87 39 95 23 29 30 44 118 97 70 77 45 111 108 79 21 72 74 58 24 51 31 79 19 21 112 105 101 99 100 105 111 120 131 143 100 92 87 85 87 91 99 109 121 134 88 79 73 71 73 79 88 99 112 125 77 67 60 57 59 66 77 89 103 118 68 55 46 43 46 55 67 81 97 112 60 45 34 29 33 45 59 75 91 108 54 38 23 15 23 38 54 71 88 105 52 35 18 0 18 35 52 70 87 104 54 38 23 15 23 38 54 71 88 105 60 45 34 29 33 45 59 75 91 108
23 28 104 78 73 22 43 119 110 126 18 68 64 58 58 90 55 83 34 46 26 42 105 82 62 84 36 97 98 67 13 60 66 59 35 41 46 74 29 38 121 112 105 100 99 100 104 111 120 130 110 100 92 87 85 86 91 99 109 120 99 88 79 73 71 73 78 87 99 111 90 77 67 59 57 59 66 77 89 103 82 67 55 46 43 46 55 67 81 96 75 60 45 33 29 33 45 59 75 91 71 54 38 23 15 23 38 54 71 88 70 52 35 18 0 18 35 52 70 87 71 54 38 23 15 23 38 54 71 88 75 60 45 33 29 33 45 59 75 91
31 21 93 62 62 26 27 109 102 117 34 59 60 62 61 96 71 72 49 64 32 48 93 66 59 94 36 84 89 58 22 51 63 65 50 38 63 73 44 55 132 121 112 105 100 98 99 104 110 119 122 110 99 91 86 84 86 91 98 108 112 99 88 79 73 70 72 78 87 98 104 90 77 66 59 56 59 66 76 89 97 82 67 55 46 42 46 55 67 81 91 75 60 45 33 28 33 45 59 75 88 71 54 38 23 14 23 38 54 71 87 70 52 35 18 0 18 35 52 70 88 71 54 38 23 14 23 38 54 71 91 75 60 45 33 28 33 45 59 75
45 26 84 48 55 38 17 101 97 109 50 55 60 71 68 105 88 64 65 81 45 58 83 52 61 105 43 74 83 52 38 47 64 74 66 41 79 76 61 72 144 131 121 111 104 99 98 99 103 110 134 121 109 99 91 86 84 85 90 98 126 112 99 88 78 72 70 72 78 87 119 104 90 77 66 59 56 59 66 76 113 97 81 67 55 46 42 46 54 67 108 91 75 59 45 33 28 33 45 59 105 88 71 54 38 23 14 23 38 54 104 87 70 52 35 18 0 18 35 52 105 88 71 54 38 23 14 23 38 54 108 91 75 59 45 33 28 33 45 59
61 39 78 36 52 53 21 96 95 103 67 56 65 82 79 115 105 60 81 98 60 71 77 41 68 119 55 66 81 52 55 49 69 86 82 51 96 82 77 90 156 143 131 120 111 104 99 97 99 103 148 134 121 109 99 91 85 83 85 90 140 126 112 99 87 78 72 70 72 77 134 118 104 89 77 66 59 56 58 65 129 112 97 81 67 55 46 42 45 54 125 108 91 75 59 45 33 28 33 45 122 105 88 71 54 38 23 14 23 38 122 104 87 70 52 35 18 0 18 35 122 105 88 71 54 38 23 14 23 38 125 108 91 75 59 45 33 28 33 45
77 55 76 30 55 69 35 94 96 101 84 62 74 95 91 127 122 61 98 116 76 86 73 35 78 133 69 63 82 58 72 57 79 100 99 64 113 92 94 107 170 156 143 131 120 110 103 99 97 98 162 148 134 121 109 98 90 85 83 85 156 140 126 112 99 87 78 72 69 71 150 134 118 103 89 76 66 58 55 58 145 129 112 97 81 67 54 45 42 45 142 125 108 91 75 59 45 33 28 33 140 122 105 88 71 54 38 23 14 23 139 122 104 87 70 52 35 18 0 18 140 122 105 88 71 54 38 23 14 23 142 125 108 91 75 59 45 33 28 33
94 71 78 33 63 86 51 95 99 101 102 72 86 110 105 140 139 67 115 133 93 101 74 38 90 147 85 64 87 68 89 68 90 115 116 79 130 103 111 124 184 170 156 143 130 119 110 103 98 96 177 162 148 134 120 108 98 90 85 83 171 155 140 125 111 98 87 77 71 69 166 150 134 118 103 89 76 65 58 55 162 145 129 112 96 81 67 54 45 42 159 142 125 108 91 75 59 45 33 28 157 140 122 105 88 71 54 38 23 14 156 139 122 104 87 70 52 35 18 0 157 140 122 105 88 71 54 38 23 14 159 142 125 108 91 75 59 45 33 28
75 95 167 148 138 81 113 179 166 186 61 129 120 95 100 111 20 146 44 26 78 86 169 151 115 92 93 163 156 130 74 123 119 91 55 101 28 120 47 37 115 116 119 125 133 143 154 166 179 192 100 102 106 112 121 132 144 156 170 184 86 88 93 100 110 122 134 148 162 177 72 74 80 88 99 112 126 140 156 171 58 60 67 77 90 104 119 134 150 166 43 47 55 68 82 97 113 129 145 162 29 34 45 60 75 91 108 125 142 159 15 23 38 54 71 88 105 122 140 157 0 18 35 52 70 87 104 122 139 156 15 23 38 54 71 88 105 122 140 157
60 79 152 131 123 66 96 165 154 172 46 115 106 85 89 105 6 132 27 13 64 73 154 135 102 89 79 147 143 116 58 108 106 82 44 86 11 109 30 23 116 114 115 119 125 133 142 153 165 178 102 100 101 105 112 121 131 143 156 170 88 86 87 92 100 110 121 134 148 162 74 72 73 79 88 99 112 126 140 155 60 57 60 67 77 90 104 118 134 150 47 43 46 55 67 82 97 112 129 145 34 29 34 45 60 75 91 108 125 142 23 15 23 38 54 71 88 105 122 140 18 0 18 35 52 70 87 104 122 139 23 15 23 38 54 71 88 105 122 140
47 64 139 115 108 52 80 152 142 160 33 101 95 77 80 102 17 118 12 16 52 64 140 119 91 88 67 133 130 102 43 94 95 75 36 73 9 99 13 18 119 115 114 115 118 124 132 142 153 165 106 101 99 101 105 112 121 131 143 156 93 87 85 87 92 99 109 121 134 148 80 73 71 73 79 88 99 112 126 140 67 60 57 60 67 77 90 104 118 134 55 46 43 46 55 67 81 97 112 129 45 34 29 34 45 60 75 91 108 125 38 23 15 23 38 54 71 88 105 122 35 18 0 18 35 52 70 87 104 122 38 23 15 23 38 54 71 88 105 122
39 50 126 99 95 41 64 140 131 148 26 89 85 72 74 101 34 105 12 31 43 58 127 103 82 91 56 119 119 89 31 82 86 72 37 62 26 92 7 27 125 119 115 113 114 118 124 132 141 152 112 105 101 99 100 105 111 120 131 143 100 92 87 85 87 91 99 109 121 134 88 79 73 71 73 79 88 99 112 125 77 67 60 57 59 66 77 89 103 118 68 55 46 43 46 55 67 81 97 112 60 45 34 29 33 45 59 75 91 108 54 38 23 15 23 38 54 71 88 105 52 35 18 0 18 35 52 70 87 104 54 38 23 15 23 38 54 71 88 105
36 39 115 84 84 36 50 130 122 138 29 79 77 72 72 104 51 93 27 48 40 56 115 88 76 97 50 107 109 78 27 71 79 72 45 54 43 88 24 42 133 125 118 114 113 114 117 123 131 141 121 112 105 100 99 100 104 111 120 130 110 100 92 87 85 86 91 99 109 120 99 88 79 73 71 73 78 87 99 111 90 77 67 59 57 59 66 77 89 103 82 67 55 46 43 46 55 67 81 96 75 60 45 33 29 33 45 59 75 91 71 54 38 23 15 23 38 54 71 88 70 52 35 18 0 18 35 52 70 87 71 54 38 23 15 23 38 54 71 88
42 35 105 70 74 38 38 121 115 129 41 72 74 75 74 109 68 84 44 65 44 60 104 75 73 105 50 95 102 70 32 64 77 77 57 51 60 87 41 58 143 133 124 118 114 112 113 117 123 131 132 121 112 105 100 98 99 104 110 119 122 110 99 91 86 84 86 91 98 108 112 99 88 79 73 70 72 78 87 98 104 90 77 66 59 56 59 66 76 89 97 82 67 55 46 42 46 55 67 81 91 75 60 45 33 28 33 45 59 75 88 71 54 38 23 14 23 38 54 71 87 70 52 35 18 0 18 35 52 70 88 71 54 38 23 14 23 38 54 71
53 38 97 57 68 47 31 114 111 122 55 69 74 83 80 116 86 77 61 82 54 69 96 62 75 116 55 86 97 66 44 61 77 86 71 54 77 89 58 74 154 142 132 124 117 113 112 113 116 122 144 131 121 111 104 99 98 99 103 110 134 121 109 99 91 86 84 85 90 98 126 112 99 88 78 72 70 72 78 87 119 104 90 77 66 59 56 59 66 76 113 97 81 67 55 46 42 46 54 67 108 91 75 59 45 33 28 33 45 59 105 88 71 54 38 23 14 23 38 54 104 87 70 52 35 18 0 18 35 52 105 88 71 54 38 23 14 23 38 54
67 48 92 48 66 60 33 109 109 117 71 69 78 92 89 126 103 74 79 99 67 80 90 53 80 128 65 80 95 66 59 62 82 96 87 62 95 95 75 91 166 153 142 132 123 117 113 111 112 116 156 143 131 120 111 104 99 97 99 103 148 134 121 109 99 91 85 83 85 90 140 126 112 99 87 78 72 70 72 77 134 118 104 89 77 66 59 56 58 65 129 112 97 81 67 55 46 42 45 54 125 108 91 75 59 45 33 28 33 45 122 105 88 71 54 38 23 14 23 38 122 104 87 70 52 35 18 0 18 35 122 105 88 71 54 38 23 14 23 38
82 61 90 43 68 75 43 107 109 114 87 74 86 104 100 137 120 75 96 116 82 93 87 49 89 141 77 77 96 70 75 68 90 109 103 73 112 103 93 108 179 165 153 141 131 123 116 112 110 112 170 156 143 131 120 110 103 99 97 98 162 148 134 121 109 98 90 85 83 85 156 140 126 112 99 87 78 72 69 71 150 134 118 103 89 76 66 58 55 58 145 129 112 97 81 67 54 45 42 45 142 125 108 91 75 59 45 33 28 33 140 122 105 88 71 54 38 23 14 23 139 122 104 87 70 52 35 18 0 18 140 122 105 88 71 54 38 23 14 23
98 76 91 46 75 91 57 108 113 115 104 83 96 117 113 149 138 80 113 133 97 107 88 51 100 155 91 78 100 79 92 78 100 122 119 86 129 113 110 125 192 178 165 152 141 131 122 116 112 110 184 170 156 143 130 119 110 103 98 96 177 162 148 134 120 108 98 90 85 83 171 155 140 125 111 98 87 77 71 69 166 150 134 118 103 89 76 65 58 55 162 145 129 112 96 81 67 54 45 42 159 142 125 108 91 75 59 45 33 28 157 140 122 105 88 71 54 38 23 14 156 139 122 104 87 70 52 35 18 0 157 140 122 105 88 71 54 38 23 14
82 101 175 153 145 88 117 187 176 195 68 137 129 107 111 124 21 154 44 35 86 96 176 156 124 106 102 170 165 138 80 130 129 103 65 109 29 131 48 46 129 130 133 138 145 154 164 176 188 201 115 116 119 125 133 143 154 166 179 192 100 102 106 112 121 132 144 156 170 184 86 88 93 100 110 122 134 148 162 177 72 74 80 88 99 112 126 140 156 171 58 60 67 77 90 104 119 134 150 166 43 47 55 68 82 97 113 129 145 162 29 34 45 60 75 91 108 125 142 159 15 23 38 54 71 88 105 122 140 157 0 18 35 52 70 87 104 122 139 156
69 86 161 137 131 75 101 175 164 182 55 124 117 97 101 119 9 140 27 26 74 85 162 141 113 103 89 155 152 124 66 117 117 94 56 96 15 120 31 35 130 128 129 132 138 145 154 164 175 187 116 114 115 119 125 133 142 153 165 178 102 100 101 105 112 121 131 143 156 170 88 86 87 92 100 110 121 134 148 162 74 72 73 79 88 99 112 126 140 155 60 57 60 67 77 90 104 118 134 150 47 43 46 55 67 82 97 112 129 145 34 29 34 45 60 75 91 108 125 142 23 15 23 38 54 71 88 105 122 140 18 0 18 35 52 70 87 104 122 139
59 72 148 121 118 63 86 163 153 170 45 111 106 90 93 116 18 127 12 28 63 76 149 125 103 102 77 142 141 111 53 104 107 88 50 84 13 112 16 32 133 129 128 129 132 137 144 153 163 175 119 115 114 115 118 124 132 142 153 165 106 101 99 101 105 112 121 131 143 156 93 87 85 87 92 99 109 121 134 148 80 73 71 73 79 88 99 112 126 140 67 60 57 60 67 77 90 104 118 134 55 46 43 46 55 67 81 97 112 129 45 34 29 34 45 60 75 91 108 125 38 23 15 23 38 54 71 88 105 122 35 18 0 18 35 52 70 87 104 122
52 61 136 106 105 54 72 151 143 159 40 100 97 86 88 115 35 115 12 38 56 71 137 111 95 104 69 129 131 100 44 93 99 86 51 74 27 105 13 38 138 132 129 127 128 131 137 144 153 163 125 119 115 113 114 118 124 132 141 152 112 105 101 99 100 105 111 120 131 143 100 92 87 85 87 91 99 109 121 134 88 79 73 71 73 79 88 99 112 125 77 67 60 57 59 66 77 89 103 118 68 55 46 43 46 55 67 81 97 112 60 45 34 29 33 45 59 75 91 108 54 38 23 15 23 38 54 71 88 105 52 35 18 0 18 35 52 70 87 104
50 52 126 92 95 50 59 142 135 149 42 92 91 86 86 117 52 105 27 53 54 70 126 97 89 110 64 117 122 90 41 83 93 86 57 68 44 101 26 49 145 138 132 128 127 127 131 136 143 152 133 125 118 114 113 114 117 123 131 141 121 112 105 100 99 100 104 111 120 130 110 100 92 87 85 86 91 99 109 120 99 88 79 73 71 73 78 87 99 111 90 77 67 59 57 59 66 77 89 103 82 67 55 46 43 46 55 67 81 96 75 60 45 33 29 33 45 59 75 91 71 54 38 23 15 23 38 54 71 88 70 52 35 18 0 18 35 52 70 87
55 49 117 79 87 51 50 134 129 141 51 85 87 89 88 122 69 96 44 68 57 74 116 84 87 117 63 107 115 83 44 77 90 90 67 65 61 101 42 63 154 145 137 131 127 126 127 130 135 143 143 133 124 118 114 112 113 117 123 131 132 121 112 105 100 98 99 104 110 119 122 110 99 91 86 84 86 91 98 108 112 99 88 79 73 70 72 78 87 98 104 90 77 66 59 56 59 66 76 89 97 82 67 55 46 42 46 55 67 81 91 75 60 45 33 28 33 45 59 75 88 71 54 38 23 14 23 38 54 71 87 70 52 35 18 0 18 35 52 70
64 51 110 68 81 58 45 127 124 135 63 82 88 95 93 129 86 90 61 85 65 80 109 74 89 126 68 99 111 80 54 74 91 97 79 68 78 103 59 79 164 154 144 137 131 127 125 126 130 135 154 142 132 124 117 113 112 113 116 122 144 131 121 111 104 99 98 99 103 110 134 121 109 99 91 86 84 85 90 98 126 112 99 88 78 72 70 72 78 87 119 104 90 77 66 59 56 59 66 76 113 97 81 67 55 46 42 46 54 67 108 91 75 59 45 33 28 33 45 59 105 88 71 54 38 23 14 23 38 54 104 87 70 52 35 18 0 18 35 52
75 59 105 60 80 69 46 123 122 130 77 83 91 103 101 137 103 88 79 101 76 90 103 66 93 137 76 93 109 80 67 76 95 107 93 74 95 107 76 95 176 164 153 144 136 130 126 125 126 129 166 153 142 132 123 117 113 111 112 116 156 143 131 120 111 104 99 97 99 103 148 134 121 109 99 91 85 83 85 90 140 126 112 99 87 78 72 70 72 77 134 118 104 89 77 66 59 56 58 65 129 112 97 81 67 55 46 42 45 54 125 108 91 75 59 45 33 28 33 45 122 105 88 71 54 38 23 14 23 38 122 104 87 70 52 35 18 0 18 35
89 70 104 57 81 82 54 121 123 128 92 87 98 114 111 147 120 88 96 118 89 102 101 63 101 150 86 90 110 83 81 81 102 118 108 84 112 115 93 111 188 175 163 153 143 135 130 126 124 125 179 165 153 141 131 123 116 112 110 112 170 156 143 131 120 110 103 99 97 98 162 148 134 121 109 98 90 85 83 85 156 140 126 112 99 87 78 72 69 71 150 134 118 103 89 76 66 58 55 58 145 129 112 97 81 67 54 45 42 45 142 125 108 91 75 59 45 33 28 33 140 122 105 88 71 54 38 23 14 23 139 122 104 87 70 52 35 18 0 18
104 83 105 59 87 97 65 122 126 128 108 94 107 126 122 159 138 92 113 135 104 115 101 64 110 163 99 91 113 90 96 89 111 131 124 95 130 124 110 128 201 187 175 163 152 143 135 129 125 124 192 178 165 152 141 131 122 116 112 110 184 170 156 143 130 119 110 103 98 96 177 162 148 134 120 108 98 90 85 83 171 155 140 125 111 98 87 77 71 69 166 150 134 118 103 89 76 65 58 55 162 145 129 112 96 81 67 54 45 42 159 142 125 108 91 75 59 45 33 28 157 140 122 105 88 71 54 38 23 14 156 139 122 104 87 70 52 35 18 0
