0.0 54.15517498648692 18.653566119002768 27.408306254612647 9.58126152172632 23.081483015623665 41.72799553132982 50.75599485659289 39.321515564765065 19.24651371446472 75.65423543970537 57.992375855064594 56.200526589019674 13.52935377764176 31.527686076553938 6.124974094200125 37.65549696330065 21.96844595844022 12.803518765415477 33.7567026028052 1.44327868374381 60.065457913941486 20.015473151057023 31.531779520422937 7.924321399373307 47.64186623300134 45.14017602770993 46.96964384483915 45.356715937364136 19.36969370489798 72.55593721088873 64.60808849179895 52.021245518193965 12.090202757691955 44.10681741533757 16.43212805504922 31.293596423930584 20.488769440246255 4.313739648552888 36.18559703530864 30.557077831275787 22.17468495848061 8.627795552616892 66.18277396382449 60.33984869712643 50.74862593946077 73.30554631118451 49.12071207579071
54.15517498648692 0.0 46.46583922652112 26.864983338299886 45.1038675386295 33.24518182156251 12.692393872208191 16.777837507196445 23.678395395103955 71.6229876448023 37.61404889845014 18.29672142202994 109.94351113577493 42.96170515640961 85.37073968593344 48.21311281059041 90.84227942689353 75.75880138843615 43.90906259918321 87.29504132357584 54.25060378228465 9.080332307124987 43.67768976190363 24.450651159363595 46.992340481896505 21.131657563013057 9.873953262251048 16.17879982220372 23.94375272779985 72.1675439092714 40.12890172658587 27.546693043626345 105.86567130348243 44.00776469114023 98.08113197231879 38.50211982788322 85.06902200638702 74.64124824584832 50.251846431394945 89.7718981640646 25.8198115999308 36.25223844353369 62.12674146656074 20.352434686096586 56.62990104582372 24.67991406144819 41.58784553361201 9.969485954829626
18.653566119002768 46.46583922652112 0.0 24.25327205531452 12.706574382029835 25.795268899370075 33.99862443001219 49.11160135419422 40.28629543867923 36.81645044527269 59.90123250673128 44.766610925754954 70.37895540983502 8.873776563524983 46.444096818401704 17.477689895028433 53.407401767027046 37.69924969816898 8.633826311862276 49.1808878377185 17.518467445966085 49.95957302635932 2.840426982352245 30.393744996526106 12.738905991347215 33.68561262142633 36.602354635230725 45.12198756219608 46.65613721363422 36.623034080671914 55.89995674479586 49.6457131598622 66.06938244687235 21.427407683501652 58.02303748889735 12.584550136523479 46.3886952055618 34.34998344213882 15.17204736810426 51.40323734742017 30.199090708623547 27.652707252409435 26.364064474864442 53.39481256267876 70.35497006279165 35.672449522220376 75.75115076815241 44.84394452484915
27.408306254612647 26.864983338299886 24.25327205531452 0.0 18.793151702354052 8.045819654569407 14.879587258573899 25.12293948810847 16.229890439077412 44.843739278238495 54.26149044916075 34.19355770756193 83.08669024295861 17.80339040060007 58.50580375244124 21.390912549063334 64.03369119362479 48.8942200627905 18.697042862006146 60.44400388696383 27.615728038340574 33.51783427514516 22.040794626456492 6.242269885279879 20.680806402499737 26.17638073016471 18.467282014541368 21.129333980017023 22.512777721975652 45.35050831088392 53.204107119083226 42.622825438663696 79.00194325807436 17.30185801980592 71.21876546914406 12.940332260555833 58.204524314068394 47.884519310303425 23.684151378741607 62.918935691198094 6.403503829348691 11.802401744381058 35.26400441229045 41.372351599673074 50.06759754280122 30.574524344401766 51.54066526126557 22.030496365629055
9.58126152172632 45.1038675386295 12.706574382029835 18.793151702354052 0.0 16.422493542894436 32.52957137512608 43.307390500329944 32.63173930507248 28.701322357166276 66.25627957050769 48.41273256501598 65.71175421383873 4.6628096018466465 41.0499598026115 5.32241386779381 47.23650015490118 31.524127375283154 4.349823232545332 43.32450263107566 9.32824768572054 50.673913542740074 12.856935220357313 23.755661794345638 1.8957732594069483 38.11418373743959 35.857008313572344 39.384892649520644 38.951854032580336 28.893550239614903 63.38238567866385 55.12235374866418 61.510701912809964 8.889610152500781 53.55818993760177 6.873842713967215 40.83207603471814 29.730815460282084 5.32241386779381 45.74575590460332 23.023498552299973 16.969339237546663 18.177374596185143 56.606125107292016 58.828666410368676 41.33094941328628 67.75403201461526 40.814118537906495
23.081483015623665 33.24518182156251 25.795268899370075 8.045819654569407 16.422493542894436 0.0 22.19117774118785 27.683992975222804 16.36427878432292 38.69276390739957 62.29746251408192 42.132687597234074 77.18170793861867 17.531709047949853 52.86661270587033 17.00232961549391 57.91205502130436 43.345509653170055 18.20032505866125 54.553512238051134 23.666214512280156 40.64601209042332 24.2712590919145 8.964083984172115 18.076268235824756 34.20368697122157 25.796032852784553 23.93914850574222 22.596110424236873 39.3404791985687 61.2262552617909 50.656138473955636 73.205558848175 11.372718864294873 65.60912492658123 13.210972703132164 52.50967540631557 43.026732527554486 20.169105281963407 57.03484909446985 7.753962307733979 3.7703747136754853 29.94132253163723 49.09588606618427 45.07857188330794 38.55988374939201 51.333644595913405 26.650979980199555
41.72799553132982 12.692393872208191 33.99862443001219 14.879587258573899 32.52957137512608 22.19117774118785 0.0 19.146781692046844 18.50687457488609 59.65788225310573 41.62764240897023 20.859618546507402 97.76003979536571 30.27354796956379 73.12040770374918 35.89181104778741 78.80802495795575 63.5078949321664 31.220906828083315 75.15010972037736 41.75089024941276 18.638366287423853 31.251457691160933 14.348385597101636 34.40911098518441 16.372096057085493 3.610428454708684 15.982315901463808 22.141272921853762 60.12972324748055 41.93457066027313 30.134327779355786 93.63629962729834 32.17644253886814 85.78567919022124 25.855863019468124 72.84269412800407 62.179804168963656 37.73528265546275 77.61751219991011 15.76001008721012 25.637429275741543 49.87568673037122 27.058032741535705 55.00967656545907 21.049769584060677 47.336224012784534 12.436123338385798
50.75599485659289 16.777837507196445 49.11160135419422 25.12293948810847 43.307390500329944 27.683992975222804 19.146781692046844 0.0 12.09084057753829 65.44572224949216 54.39070585916156 34.65338190038487 103.80153217716881 42.886745932619746 79.94613353735495 44.655453098760255 84.41923444333298 70.58233115075977 43.7615673466216 81.37470555688365 51.29230474157101 25.61448691996501 46.69025384171914 19.556533711715623 45.1272047127311 34.46782685052782 19.65833325385182 3.99761878595501 8.558403499096636 66.23355040306315 56.68876259813162 44.12378286391241 99.97942423630896 38.969178644174676 92.62173763079518 38.01597291132133 79.54345723416104 70.60868714269749 47.650472845035964 83.83842872514678 20.320562151126005 29.232217351712475 57.43999125915806 37.05376567828969 39.8960951346495 38.83836166878026 28.25228056673201 7.544796295088565
39.321515564765065 23.678395395103955 40.28629543867923 16.229890439077412 32.63173930507248 16.36427878432292 18.50687457488609 12.09084057753829 0.0 53.39505595839264 59.357897262305464 38.60540166204493 91.71829648518782 32.995629651912054 67.93005017092399 33.303151030306026 72.33531454701398 58.61745481856065 33.79041657161739 69.3168794934687 39.977504587209815 32.6065779906214 38.1985432189507 9.987629939339975 34.35547954863009 34.76269411039349 21.02048615695643 9.087169405300864 6.4011452620121 54.20071971185383 60.24943757164002 48.14002785964513 87.9078952426278 27.33329263657654 80.58350510192214 28.225430670267468 67.51878076950538 58.823059458316806 36.53255847344422 71.77704314130362 10.090353573892093 17.375188986418962 45.62029985393358 43.26598721917027 36.663738070197326 39.472225867042 35.507941307765364 14.239767530933694
19.24651371446472 71.6229876448023 36.81645044527269 44.843739278238495 28.701322357166276 38.69276390739957 59.65788225310573 65.44572224949216 53.39505595839264 0.0 94.89884395301772 76.99944160780042 38.49930456123624 32.774375732851226 14.650163120652401 24.14659933773931 19.232397016347807 6.471789119329296 32.03346962504005 15.933903434919795 19.9165847462028 78.25530896982222 38.661264823501256 47.65523464626588 27.146471926243123 66.81376498018646 63.1959777581224 62.02919667407281 58.60686285039383 1.262458292493161 91.76066869976194 83.81984018050343 34.57401330487639 27.616590222006547 27.196002561130726 35.41574301929785 14.193072563771306 10.319805859125676 23.548900222775444 18.404904764059147 46.43149133339499 36.37220592489794 10.669598971178859 85.04373520957417 64.03529178873178 69.98792595188584 83.84865813271145 65.31132282247809
75.65423543970537 37.61404889845014 59.90123250673128 54.26149044916075 66.25627957050769 62.29746251408192 41.62764240897023 54.39070585916156 59.357897262305464 94.89884395301772 0.0 20.81181075789645 130.26795090737045 62.135050710634204 106.11628092010375 71.15506596586147 112.84961234488611 97.00040687456891 62.901726632823305 108.72155281883391 75.05859517851204 29.071060513915995 57.41432882388934 55.72776521998623 67.75642532240256 28.51251864953098 38.5356408145712 53.42651029965675 61.10759507386711 95.00517044698525 7.342794546587283 11.644671655698893 125.96132361314524 69.8434757396355 117.91127973616557 59.76262849521438 106.01166204456173 94.10063786271635 71.35001464888515 111.02771703837085 57.09199170995629 66.02798343890312 84.26566065518638 17.71020973404841 94.18027505789858 24.926320142386523 76.71530895069449 47.304896676332085
57.992375855064594 18.29672142202994 44.766610925754954 34.19355770756193 48.41273256501598 42.132687597234074 20.859618546507402 34.65338190038487 38.60540166204493 76.99944160780042 20.81181075789645 0.0 113.88188348359473 44.8187385796139 89.30976443599737 52.87294434728392 95.64072821621812 79.87406973535847 45.6879800951402 91.68606426872662 57.62738302917059 11.94543392359147 41.99654748111589 35.0851025576202 50.104345193924836 11.128685427473954 17.723839510624472 33.18030651874202 40.7127661792732 77.2626187623309 22.066682406766056 9.59849377554081 109.62905834127923 50.64078125772587 101.60554927704544 41.603644108155585 89.1276999325918 77.61140167724946 53.70279192260062 94.08483091147944 36.471321820726246 45.79500902663721 66.58160701885997 8.661607651972462 73.97802312066844 10.888703680079178 59.61309259653244 27.253435003782542
56.200526589019674 109.94351113577493 70.37895540983502 83.08669024295861 65.71175421383873 77.18170793861867 97.76003979536571 103.80153217716881 91.71829648518782 38.49930456123624 130.26795090737045 113.88188348359473 0.0 69.06865337760856 24.673450023156537 61.879647113694396 19.383220315471817 34.26585088257998 68.19447905399511 22.654605074869032 56.39160487897004 116.22673227014751 72.8573695340693 86.1401757961533 63.93101657385799 103.18774356330874 101.23603890303154 100.45946056248425 96.67854902536706 37.84647179520253 126.1818305112055 119.78370091918107 4.315027664181585 66.0155661704336 12.356709446078009 72.58552888682932 24.925342362776913 36.29933987782287 60.39005800414968 20.17480848020794 84.92601863405413 74.85132038290803 47.88611272238182 122.22470137238489 96.12851084737305 105.76991730740268 120.25515106931695 103.81009583971068
13.52935377764176 42.96170515640961 8.873776563524983 17.80339040060007 4.6628096018466465 17.531709047949853 30.27354796956379 42.886745932619746 32.995629651912054 32.774375732851226 62.135050710634204 44.8187385796139 69.06865337760856 0.0 44.495471398573315 9.981740710904743 50.929880376272266 35.10693345607187 0.9473677018585835 46.91271856928271 12.940849817396366 47.9026446607659 8.453876342825593 23.479752846070358 5.724799612886539 34.25666288279931 33.40537018713245 38.90227073506062 39.39396729786932 32.870638422231956 59.05149482510229 51.144694522865784 64.82363529006042 12.714192491032126 56.81245040666032 4.870797204996303 44.32158438191193 32.83304674382533 9.246985775022527 49.2935489635409 23.004826345070736 18.991901865242063 22.13072727580254 53.16712666906088 61.5861665712119 37.24375399330232 68.46011781540234 39.62433849612507
31.527686076553938 85.37073968593344 46.444096818401704 58.50580375244124 41.0499598026115 52.86661270587033 73.12040770374918 79.94613353735495 67.93005017092399 14.650163120652401 106.11628092010375 89.30976443599737 24.673450023156537 44.495471398573315 0.0 37.22940650665385 7.362594668781559 9.614650927667327 43.637386815061674 3.114299215829921 31.738787756930353 91.56058889621904 48.775862865215956 61.790059355126836 39.28123019797259 78.70533207801313 76.58310454687212 76.46388480549098 73.2239299834376 13.749849627189095 102.33554300883472 95.43616106081981 20.51655574265701 41.58258677935301 12.745547484520706 47.92351255079678 0.6329153525363682 12.108710961149114 35.72754992305525 4.9791461865507 60.61998049516923 50.7685893457784 23.251644600864957 97.60783523357814 77.39384136504356 81.44024072049439 98.39004622137654 79.51477113705062
6.124974094200125 48.21311281059041 17.477689895028433 21.390912549063334 5.32241386779381 17.00232961549391 35.89181104778741 44.655453098760255 33.303151030306026 24.14659933773931 71.15506596586147 52.87294434728392 61.879647113694396 9.981740710904743 37.22940650665385 0.0 43.06118286645455 27.618574563304186 9.596450199673068 39.30443295532203 6.674449949467116 54.35667462054098 17.98444919772847 25.406941068860526 4.740830313798861 42.84209979715668 39.356657776584115 40.85631976291399 39.40560664303103 24.472347404345435 68.46615420213412 59.90825809525526 57.74582939762097 6.430608732852616 49.89927701711308 11.398124399904782 36.95648692336398 26.508124477899855 3.7634904229444928 41.76239940626118 24.434981267592878 16.34659767094195 13.996755608623884 60.897718199843794 56.23846395779122 46.23913016447163 67.61646145691661 43.00999598394232
37.65549696330065 90.84227942689353 53.407401767027046 64.03369119362479 47.23650015490118 57.91205502130436 78.80802495795575 84.41923444333298 72.33531454701398 19.232397016347807 112.84961234488611 95.64072821621812 19.383220315471817 50.929880376272266 7.362594668781559 43.06118286645455 0.0 15.852131241364615 50.10440367611404 4.314638299050174 38.02817871470209 97.36823911960157 55.656571939653354 66.87599653832511 45.53731299446785 85.18621675668102 82.32562152118392 81.08724941141448 77.31335525376089 18.683437147773144 109.23272436779418 102.03488022885516 15.687141557207326 46.84251911167995 9.567474048854626 54.07999099706307 7.2250316372593515 19.24689303035032 41.938109175872846 2.858411088180854 65.64208146941003 55.50729103284844 29.11683241134326 103.83324110531905 78.50871347476672 88.07328132663189 101.31850731482042 84.50594662962929
21.96844595844022 75.75880138843615 37.69924969816898 48.8942200627905 31.524127375283154 43.345509653170055 63.5078949321664 70.58233115075977 58.61745481856065 6.471789119329296 97.00040687456891 79.87406973535847 34.26585088257998 35.10693345607187 9.614650927667327 27.618574563304186 15.852131241364615 0.0 34.2719180938845 11.812040295946849 22.248784671632357 81.96090032027166 39.877710450987514 52.2459537390274 29.784059113437188 69.36106374035283 66.97455449310415 67.04632333925018 64.05142533924189 5.247320764481726 93.4332342949798 86.18746811025568 30.12849963179302 32.025580375644445 22.33168692208906 38.391955352171315 9.340548117509298 5.195227857401907 26.205658615719294 14.221823942800542 51.09388704605966 41.359777431723955 13.63699572178478 88.12263075686509 70.4974095736798 72.22203647016383 89.86113201588691 69.97918327929187
12.803518765415477 43.90906259918321 8.633826311862276 18.697042862006146 4.349823232545332 18.20032505866125 31.220906828083315 43.7615673466216 33.79041657161739 32.03346962504005 62.901726632823305 45.6879800951402 68.19447905399511 0.9473677018585835 43.637386815061674 9.596450199673068 50.10440367611404 34.2719180938845 0.0 46.072747095911126 12.15702399421239 48.83763199952521 8.52343397838542 24.326435822230515 5.134248773982244 35.08981936161931 34.35103096868232 39.7800679167132 40.18541301654667 32.10737399936205 59.7529780967534 51.94777045782501 63.94532932208255 12.805995370082904 55.92951556130326 5.756725661238195 43.469145066110194 31.944054489880788 8.558641856800586 48.447131685622075 23.826155155966585 19.522334441135822 21.3760832430522 54.05285801254965 62.02326087459664 38.026839780919964 69.2332514779631 40.54672002622757
33.7567026028052 87.29504132357584 49.1808878377185 60.44400388696383 43.32450263107566 54.553512238051134 75.15010972037736 81.37470555688365 69.3168794934687 15.933903434919795 108.72155281883391 91.68606426872662 22.654605074869032 46.91271856928271 3.114299215829921 39.30443295532203 4.314638299050174 11.812040295946849 46.072747095911126 0.0 34.05999732190539 93.65927304018479 51.460721953203446 63.506267676129724 41.592888816287804 81.16239634365051 78.64280119443148 77.96294993114762 74.46387657648434 15.215105845460142 105.03834255881897 97.96271028791784 18.655222890515837 43.36281265409383 11.365026888021047 50.187535516504525 2.914824149403573 14.950808026530611 38.00946245936495 2.4817926285719865 62.30319889941801 52.2994594504967 25.311832563780943 99.92847779751646 77.29325139905923 83.98429519285213 99.10848189263363 81.19594141229094
1.44327868374381 54.25060378228465 17.518467445966085 27.615728038340574 9.32824768572054 23.666214512280156 41.75089024941276 51.29230474157101 39.977504587209815 19.9165847462028 75.05859517851204 57.62738302917059 56.39160487897004 12.940849817396366 31.738787756930353 6.674449949467116 38.02817871470209 22.248784671632357 12.15702399421239 34.05999732190539 0.0 59.984580776624966 19.006474757175315 31.9577258352943 7.542595735168089 47.17258932729481 45.121952563474885 47.47220186054008 46.07362789965621 19.95634297046018 71.84465647178168 64.08486959999863 52.18538910606362 12.919202595373925 44.22994774217948 16.198384238787686 31.531526576208293 20.43581866463737 4.024089999772795 36.466400065444006 31.0294115940949 22.96285057752833 9.24698577502394 65.87970255220857 61.618176880808896 50.18045575409113 74.18507408576811 49.45561453542491
60.065457913941486 9.080332307124987 49.95957302635932 33.51783427514516 50.673913542740074 40.64601209042332 18.638366287423853 25.61448691996501 32.6065779906214 78.25530896982222 29.071060513915995 11.94543392359147 116.22673227014751 47.9026446607659 91.56058889621904 54.35667462054098 97.36823911960157 81.96090032027166 48.83763199952521 93.65927304018479 59.984580776624966 0.0 47.119364706429494 32.225275598961325 52.51738981520164 19.31920693735917 15.065969877368696 25.252585360526723 33.01451168243943 78.70324254830216 32.34758658267937 19.963069394582487 112.07230571489073 50.81371017395965 104.17226103158231 43.848190005163985 91.30144207798801 80.40463465480775 55.96100715675527 96.11886425123336 33.638815126856734 43.92662679483255 68.35316747528962 11.476829714169702 65.50894708764766 21.34702781874642 48.32501961983542 19.04676025231317
20.015473151057023 43.67768976190363 2.840426982352245 22.040794626456492 12.856935220357313 24.2712590919145 31.251457691160933 46.69025384171914 38.1985432189507 38.661264823501256 57.41432882388934 41.99654748111589 72.8573695340693 8.453876342825593 48.775862865215956 17.98444919772847 55.656571939653354 39.877710450987514 8.52343397838542 51.460721953203446 19.006474757175315 47.119364706429494 0.0 28.244704129862203 13.300116140532444 30.935755621718837 33.809037298487524 42.71099097858168 44.5334063454965 38.53867260227966 53.578188123941565 47.0326681192782 68.55297267572075 21.15273299608894 60.50127642030189 11.204649575814983 48.69879194746313 36.71399484819772 16.196048429495335 53.717786141197884 28.142455551364105 26.433447930614363 28.08607955116782 50.61437309927684 69.15830975795438 33.03570067677845 73.58126494293901 42.244739636359306
31.531779520422937 24.450651159363595 30.393744996526106 6.242269885279879 23.755661794345638 8.964083984172115 14.348385597101636 19.556533711715623 9.987629939339975 47.65523464626588 55.72776521998623 35.0851025576202 86.1401757961533 23.479752846070358 61.790059355126836 25.406941068860526 66.87599653832511 52.2459537390274 24.326435822230515 63.506267676129724 31.9577258352943 32.225275598961325 28.244704129862203 0.0 25.58461878290482 28.71459616851108 17.826223836855064 15.630028370745835 16.288986756930544 48.29586006360482 55.467303732995184 44.132445850393694 82.15541425066625 20.22238374528306 74.53514047463293 18.628139268311273 61.4406018007351 51.75764356691362 28.211089199188997 65.98788999797306 1.4226131961577468 11.802401744381033 38.76679764742098 41.37235159967307 44.68649406740845 33.35646831733443 45.35888567180075 17.735775723375422
7.924321399373307 46.992340481896505 12.738905991347215 20.680806402499737 1.8957732594069483 18.076268235824756 34.40911098518441 45.1272047127311 34.35547954863009 27.146471926243123 67.75642532240256 50.104345193924836 63.93101657385799 5.724799612886539 39.28123019797259 4.740830313798861 45.53731299446785 29.784059113437188 5.134248773982244 41.592888816287804 7.542595735168089 52.51738981520164 13.300116140532444 25.58461878290482 0.0 39.71813788168941 37.72503703074687 41.21439366280225 40.65136211685704 27.29179523013557 64.75571468084348 56.686523228929765 59.72017408753965 9.641494704089055 51.754555145881646 8.679137296411028 39.073697753174976 27.891388831678775 3.6113693719304316 44.004281716899605 24.825292208894304 18.387134418710346 16.551799595647246 58.3396524697127 59.81810181396519 42.84178288404687 69.3750759759932 42.69674736503133
47.64186623300134 21.131657563013057 33.68561262142633 26.17638073016471 38.11418373743959 34.20368697122157 16.372096057085493 34.46782685052782 34.76269411039349 66.81376498018646 28.51251864953098 11.128685427473954 103.18774356330874 34.25666288279931 78.70533207801313 42.84209979715668 85.18621675668102 69.36106374035283 35.08981936161931 81.16239634365051 47.17258932729481 19.31920693735917 30.935755621718837 28.71459616851108 39.71813788168941 0.0 14.847264933086494 31.86164965574035 38.468743589364756 67.0009428109276 27.028306331793733 17.082560045063698 98.91573969092386 41.33109539351614 90.87520072678782 31.451949918321397 78.54812278452707 66.88897249996126 43.32950057013294 83.53311373914947 29.957724325613878 37.97072536272409 56.26763328790242 19.789694921325566 71.36194737018086 4.716904621379257 61.876195595325186 27.0307103272172
45.14017602770993 9.873953262251048 36.602354635230725 18.467282014541368 35.857008313572344 25.796032852784553 3.610428454708684 19.65833325385182 21.02048615695643 63.1959777581224 38.5356408145712 17.723839510624472 101.23603890303154 33.40537018713245 76.58310454687212 39.356657776584115 82.32562152118392 66.97455449310415 34.35103096868232 78.64280119443148 45.121952563474885 15.065969877368696 33.809037298487524 17.826223836855064 37.72503703074687 14.847264933086494 0.0 17.034081681883297 23.907011608130745 63.65348241800719 39.23104354293583 27.170171099952835 97.09949223644296 35.753185286537786 89.22868697755467 29.111447005588428 76.31309880744284 65.55774473686455 41.100117210369554 81.10688580848533 19.245633105106 29.223528277591775 53.35054411895665 23.546505127146556 57.110699595439335 19.337490462583528 47.4259909240444 12.332521625949495
46.96964384483915 16.17879982220372 45.12198756219608 21.129333980017023 39.384892649520644 23.93914850574222 15.982315901463808 3.99761878595501 9.087169405300864 62.02919667407281 53.42651029965675 33.18030651874202 100.45946056248425 38.90227073506062 76.46388480549098 40.85631976291399 81.08724941141448 67.04632333925018 39.7800679167132 77.96294993114762 47.47220186054008 25.252585360526723 42.71099097858168 15.630028370745835 41.21439366280225 31.86164965574035 17.034081681883297 0.0 7.766000837411396 62.78509278466814 55.235574018117006 42.75781505854503 96.59504567768012 35.27848405376185 89.16740776051542 34.031542104961986 76.07369903970809 66.94199433406742 43.79132178292369 80.4335725628289 16.45217330837952 25.695947570784465 53.805446602273285 36.475253105975966 40.81409255934553 36.370578568247495 31.842270461474943 6.211053262040748
45.356715937364136 23.94375272779985 46.65613721363422 22.512777721975652 38.951854032580336 22.596110424236873 22.141272921853762 8.558403499096636 6.4011452620121 58.60686285039383 61.10759507386711 40.7127661792732 96.67854902536706 39.39396729786932 73.2239299834376 39.40560664303103 77.31335525376089 64.05142533924189 40.18541301654667 74.46387657648434 46.07362789965621 33.01451168243943 44.5334063454965 16.288986756930544 40.65136211685704 38.468743589364756 23.907011608130745 7.766000837411396 0.0 59.47412244002094 62.717657764096394 50.30908636025155 92.9592434876865 33.29395438635474 85.789809390186 34.62657591007033 72.78847080016084 64.52290887136284 42.72245127567287 76.90359198749404 16.477397032060907 23.22513568211012 51.31524947776318 44.23557430448097 33.30097853193595 43.099763420389664 29.112709877900514 13.97705067707179
19.36969370489798 72.1675439092714 36.623034080671914 45.35050831088392 28.893550239614903 39.3404791985687 60.12972324748055 66.23355040306315 54.20071971185383 1.262458292493161 95.00517044698525 77.2626187623309 37.84647179520253 32.870638422231956 13.749849627189095 24.472347404345435 18.683437147773144 5.247320764481726 32.10737399936205 15.215105845460142 19.95634297046018 78.70324254830216 38.53867260227966 48.29586006360482 27.29179523013557 67.0009428109276 63.65348241800719 62.78509278466814 59.47412244002094 0.0 91.77760732144397 83.9776964231514 33.870101780019624 28.184018127735953 26.388482419847477 35.660096597325534 13.321878535939387 9.088734594407514 23.6830258922629 17.69569311679625 47.089020882340684 37.103792725174735 10.743815799554072 85.35468851328555 65.25008998393032 70.11071886951429 84.883644160422 65.98097608021328
72.55593721088873 40.12890172658587 55.89995674479586 53.204107119083226 63.38238567866385 61.2262552617909 41.93457066027313 56.68876259813162 60.24943757164002 91.76066869976194 7.342794546587283 22.066682406766056 126.1818305112055 59.05149482510229 102.33554300883472 68.46615420213412 109.23272436779418 93.4332342949798 59.7529780967534 105.03834255881897 71.84465647178168 32.34758658267937 53.578188123941565 55.467303732995184 64.75571468084348 27.028306331793733 39.23104354293583 55.235574018117006 62.717657764096394 91.77760732144397 0.0 12.583002702419948 121.86722665706776 67.79160908253259 113.83912601658228 57.177855685744014 102.2688885621166 90.24864793668647 68.29674247633488 107.28676490004003 56.76743430723505 64.99479349935217 81.09134146294059 21.784968279409465 96.0089817113541 22.74006291279388 80.63838658916029 49.317613281721854
64.60808849179895 27.546693043626345 49.6457131598622 42.622825438663696 55.12235374866418 50.656138473955636 30.134327779355786 44.12378286391241 48.14002785964513 83.81984018050343 11.644671655698893 9.59849377554081 119.78370091918107 51.144694522865784 95.43616106081981 59.90825809525526 102.03488022885516 86.18746811025568 51.94777045782501 97.96271028791784 64.08486959999863 19.963069394582487 47.0326681192782 44.132445850393694 56.686523228929765 17.082560045063698 27.170171099952835 42.75781505854503 50.30908636025155 83.9776964231514 12.583002702419948 0.0 115.49190846340217 58.356984473479 107.43969097212732 48.51223453933079 95.30306295034835 83.51086847546847 60.294670941898005 100.3062603785016 45.48818321649496 54.384524343588375 73.23530743708913 10.515429410667954 83.5651388735181 14.01463412389229 68.28247246849091 36.785489532484405
52.021245518193965 105.86567130348243 66.06938244687235 79.00194325807436 61.510701912809964 73.205558848175 93.63629962729834 99.97942423630896 87.9078952426278 34.57401330487639 125.96132361314524 109.62905834127923 4.315027664181585 64.82363529006042 20.51655574265701 57.74582939762097 15.687141557207326 30.12849963179302 63.94532932208255 18.655222890515837 52.18538910606362 112.07230571489073 68.55297267572075 82.15541425066625 59.72017408753965 98.91573969092386 97.09949223644296 96.59504567768012 92.9592434876865 33.870101780019624 121.86722665706776 115.49190846340217 0.0 61.99211451391626 8.053209938658044 68.38328658252401 20.799118731680586 32.028083925598004 56.19113085307143 16.175832633896682 80.95635686542585 70.9461565868158 43.7635354053115 117.9872130706189 93.39557206594958 101.4776165193046 116.92818558224042 99.85020708354543
12.090202757691955 44.00776469114023 21.427407683501652 17.30185801980592 8.889610152500781 11.372718864294873 32.17644253886814 38.969178644174676 27.33329263657654 27.616590222006547 69.8434757396355 50.64078125772587 66.0155661704336 12.714192491032126 41.58258677935301 6.430608732852616 46.84251911167995 32.025580375644445 12.805995370082904 43.36281265409383 12.919202595373925 50.81371017395965 21.15273299608894 20.22238374528306 9.641494704089055 41.33109539351614 35.753185286537786 35.27848405376185 33.29395438635474 28.184018127735953 67.79160908253259 58.356984473479 61.99211451391626 0.0 54.32796317698297 11.442282652632143 41.242402329702095 31.664785390518052 10.134385799000567 45.844033388972 19.091236397171865 10.08677003907245 18.570188512673724 58.27036130656589 50.19913797230301 45.161940046320325 61.26604276469741 37.95781237124154
44.10681741533757 98.08113197231879 58.02303748889735 71.21876546914406 53.55818993760177 65.60912492658123 85.78567919022124 92.62173763079518 80.58350510192214 27.196002561130726 117.91127973616557 101.60554927704544 12.356709446078009 56.81245040666032 12.745547484520706 49.89927701711308 9.567474048854626 22.33168692208906 55.92951556130326 11.365026888021047 44.22994774217948 104.17226103158231 60.50127642030189 74.53514047463293 51.754555145881646 90.87520072678782 89.22868697755467 89.16740776051542 85.789809390186 26.388482419847477 113.83912601658228 107.43969097212732 8.053209938658044 54.32796317698297 0.0 60.426584977628025 13.103001032595696 23.995026015625005 48.2441863395498 9.00303181150793 73.36283450793357 63.47752399961074 35.95478256791124 109.97951945456595 88.04912009204055 93.42529316498788 110.43076540095586 92.25847290518654
16.43212805504922 38.50211982788322 12.584550136523479 12.940332260555833 6.873842713967215 13.210972703132164 25.855863019468124 38.01597291132133 28.225430670267468 35.41574301929785 59.76262849521438 41.603644108155585 72.58552888682932 4.870797204996303 47.92351255079678 11.398124399904782 54.07999099706307 38.391955352171315 5.756725661238195 50.187535516504525 16.198384238787686 43.848190005163985 11.204649575814983 18.628139268311273 8.679137296411028 31.451949918321397 29.111447005588428 34.031542104961986 34.62657591007033 35.660096597325534 57.177855685744014 48.51223453933079 68.38328658252401 11.442282652632143 60.426584977628025 0.0 47.70416181675954 36.568865923191105 12.196072895247921 52.61267644640428 18.191632991787014 15.228942173779231 24.984897671033696 49.75346484369089 57.95555053379145 34.8540233058549 63.721403885733835 34.826402012593746
31.293596423930584 85.06902200638702 46.3886952055618 58.204524314068394 40.83207603471814 52.50967540631557 72.84269412800407 79.54345723416104 67.51878076950538 14.193072563771306 106.01166204456173 89.1276999325918 24.925342362776913 44.32158438191193 0.6329153525363682 36.95648692336398 7.2250316372593515 9.340548117509298 43.469145066110194 2.914824149403573 31.531526576208293 91.30144207798801 48.69879194746313 61.4406018007351 39.073697753174976 78.54812278452707 76.31309880744284 76.07369903970809 72.78847080016084 13.321878535939387 102.2688885621166 95.30306295034835 20.799118731680586 41.242402329702095 13.103001032595696 47.70416181675954 0.0 12.092212167336607 35.510209367639746 5.019264077204244 60.26360002354346 50.38070529748688 22.967210498854172 97.40952608566447 76.80327308146407 81.31257863021185 97.8816933228219 79.16010010318479
20.488769440246255 74.64124824584832 34.34998344213882 47.884519310303425 29.730815460282084 43.026732527554486 62.179804168963656 70.60868714269749 58.823059458316806 10.319805859125676 94.10063786271635 77.61140167724946 36.29933987782287 32.83304674382533 12.108710961149114 26.508124477899855 19.24689303035032 5.195227857401907 31.944054489880788 14.950808026530611 20.43581866463737 80.40463465480775 36.71399484819772 51.75764356691362 27.891388831678775 66.88897249996126 65.55774473686455 66.94199433406742 64.52290887136284 9.088734594407514 90.24864793668647 83.51086847546847 32.028083925598004 31.664785390518052 23.995026015625005 36.568865923191105 12.092212167336607 0.0 24.45839495419421 17.083064533227564 50.695279909285084 41.448920447838724 13.210245009552827 85.99688625199742 73.31122625614108 69.50117370829118 91.17758416071086 69.45127001338722
4.313739648552888 50.251846431394945 15.17204736810426 23.684151378741607 5.32241386779381 20.169105281963407 37.73528265546275 47.650472845035964 36.53255847344422 23.548900222775444 71.35001464888515 53.70279192260062 60.39005800414968 9.246985775022527 35.72754992305525 3.7634904229444928 41.938109175872846 26.205658615719294 8.558641856800586 38.00946245936495 4.024089999772795 55.96100715675527 16.196048429495335 28.211089199188997 3.6113693719304316 43.32950057013294 41.100117210369554 43.79132178292369 42.72245127567287 23.6830258922629 68.29674247633488 60.294670941898005 56.19113085307143 10.134385799000567 48.2441863395498 12.196072895247921 35.510209367639746 24.45839495419421 0.0 40.427479507181786 27.34007024283297 19.861133957041076 12.941534836427534 61.919026250477636 59.98214733268474 46.44034506346679 71.13197553156706 45.59817989478167
36.18559703530864 89.7718981640646 51.40323734742017 62.918935691198094 45.74575590460332 57.03484909446985 77.61751219991011 83.83842872514678 71.77704314130362 18.404904764059147 111.02771703837085 94.08483091147944 20.17480848020794 49.2935489635409 4.9791461865507 41.76239940626118 2.858411088180854 14.221823942800542 48.447131685622075 2.4817926285719865 36.466400065444006 96.11886425123336 53.717786141197884 65.98788999797306 44.004281716899605 83.53311373914947 81.10688580848533 80.4335725628289 76.90359198749404 17.69569311679625 107.28676490004003 100.3062603785016 16.175832633896682 45.844033388972 9.00303181150793 52.61267644640428 5.019264077204244 17.083064533227564 40.427479507181786 0.0 64.78430346383823 54.7743782843982 27.766937401035406 102.34367162703275 79.31440668389612 86.3193303742716 101.42796370874089 83.67666917655635
30.557077831275787 25.8198115999308 30.199090708623547 6.403503829348691 23.023498552299973 7.753962307733979 15.76001008721012 20.320562151126005 10.090353573892093 46.43149133339499 57.09199170995629 36.471321820726246 84.92601863405413 23.004826345070736 60.61998049516923 24.434981267592878 65.64208146941003 51.09388704605966 23.826155155966585 62.30319889941801 31.0294115940949 33.638815126856734 28.142455551364105 1.4226131961577468 24.825292208894304 29.957724325613878 19.245633105106 16.45217330837952 16.477397032060907 47.089020882340684 56.76743430723505 45.48818321649496 80.95635686542585 19.091236397171865 73.36283450793357 18.191632991787014 60.26360002354346 50.695279909285084 27.34007024283297 64.78430346383823 0.0 10.437578630301699 37.65744895590054 42.79113324064847 43.939084904698035 34.57959662707696 45.59000261341194 18.897132650863718
22.17468495848061 36.25223844353369 27.652707252409435 11.802401744381058 16.969339237546663 3.7703747136754853 25.637429275741543 29.232217351712475 17.375188986418962 36.37220592489794 66.02798343890312 45.79500902663721 74.85132038290803 18.991901865242063 50.7685893457784 16.34659767094195 55.50729103284844 41.359777431723955 19.522334441135822 52.2994594504967 22.96285057752833 43.92662679483255 26.433447930614363 11.802401744381033 18.387134418710346 37.97072536272409 29.223528277591775 25.695947570784465 23.22513568211012 37.103792725174735 64.99479349935217 54.384524343588375 70.9461565868158 10.08677003907245 63.47752399961074 15.228942173779231 50.38070529748688 41.448920447838724 19.861133957041076 54.7743782843982 10.437578630301699 0.0 28.249562182853293 52.63668825782249 42.73399332032479 42.33020669969019 51.27962640436297 29.05454548676531
8.627795552616892 62.12674146656074 26.364064474864442 35.26400441229045 18.177374596185143 29.94132253163723 49.87568673037122 57.43999125915806 45.62029985393358 10.669598971178859 84.26566065518638 66.58160701885997 47.88611272238182 22.13072727580254 23.251644600864957 13.996755608623884 29.11683241134326 13.63699572178478 21.3760832430522 25.311832563780943 9.24698577502394 68.35316747528962 28.08607955116782 38.76679764742098 16.551799595647246 56.26763328790242 53.35054411895665 53.805446602273285 51.31524947776318 10.743815799554072 81.09134146294059 73.23530743708913 43.7635354053115 18.570188512673724 35.95478256791124 24.984897671033696 22.967210498854172 13.210245009552827 12.941534836427534 27.766937401035406 37.65744895590054 28.249562182853293 0.0 74.72836322756771 61.96090297689159 59.36770239537881 78.1908668212934 56.498344978070676
66.18277396382449 20.352434686096586 53.39481256267876 41.372351599673074 56.606125107292016 49.09588606618427 27.058032741535705 37.05376567828969 43.26598721917027 85.04373520957417 17.71020973404841 8.661607651972462 122.22470137238489 53.16712666906088 97.60783523357814 60.897718199843794 103.83324110531905 88.12263075686509 54.05285801254965 99.92847779751646 65.87970255220857 11.476829714169702 50.61437309927684 41.37235159967307 58.3396524697127 19.789694921325566 23.546505127146556 36.475253105975966 44.23557430448097 85.35468851328555 21.784968279409465 10.515429410667954 117.9872130706189 58.27036130656589 109.97951945456595 49.75346484369089 97.40952608566447 85.99688625199742 61.919026250477636 102.34367162703275 42.79113324064847 52.63668825782249 74.72836322756771 0.0 76.94751304474059 19.135237352512505 59.11916625817182 30.27129019724841
60.33984869712643 56.62990104582372 70.35497006279165 50.06759754280122 58.828666410368676 45.07857188330794 55.00967656545907 39.8960951346495 36.663738070197326 64.03529178873178 94.18027505789858 73.97802312066844 96.12851084737305 61.5861665712119 77.39384136504356 56.23846395779122 78.50871347476672 70.4974095736798 62.02326087459664 77.29325139905923 61.618176880808896 65.50894708764766 69.15830975795438 44.68649406740845 59.81810181396519 71.36194737018086 57.110699595439335 40.81409255934553 33.30097853193595 65.25008998393032 96.0089817113541 83.5651388735181 93.39557206594958 50.19913797230301 88.04912009204055 57.95555053379145 76.80327308146407 73.31122625614108 59.98214733268474 79.31440668389612 43.939084904698035 42.73399332032479 61.96090297689159 76.94751304474059 0.0 76.05529285617031 31.494388659785365 46.88050051625093
50.74862593946077 24.67991406144819 35.672449522220376 30.574524344401766 41.33094941328628 38.55988374939201 21.049769584060677 38.83836166878026 39.472225867042 69.98792595188584 24.926320142386523 10.888703680079178 105.76991730740268 37.24375399330232 81.44024072049439 46.23913016447163 88.07328132663189 72.22203647016383 38.026839780919964 83.98429519285213 50.18045575409113 21.34702781874642 33.03570067677845 33.35646831733443 42.84178288404687 4.716904621379257 19.337490462583528 36.370578568247495 43.099763420389664 70.11071886951429 22.74006291279388 14.01463412389229 101.4776165193046 45.161940046320325 93.42529316498788 34.8540233058549 81.31257863021185 69.50117370829118 46.44034506346679 86.3193303742716 34.57959662707696 42.33020669969019 59.36770239537881 19.135237352512505 76.05529285617031 0.0 65.92230037914521 31.341354294099805
