0.0 53.541073257022965 22.810608527579316 37.27208658761127 58.43125235466576 32.87092692203484 76.30646895829135 35.34003283202328 21.27103296836503 35.799981162304945 39.87776179135939 74.032424710345 19.63462561584425 32.107563040778054 43.0121770697263 104.32796984654497 25.676615664940783 94.69141790638713 33.12271516307142 29.01069810453307 13.74294870292462 45.90776127199536 47.95347579283901 34.4994516999622 59.104780136412884 22.79664760091954 10.13661156588842 31.661138245601393 22.919942297441906 41.51706154131632 46.84486770387667 81.59902822717487 25.742467903108746 64.9684434406899 44.71279998148043 105.3636152395871 30.040116034510913 65.03120541975011 25.48743186365288 88.29128571704462 58.232350901022976 45.431540732806205 55.962996581383884 81.20654511840407 111.58836338557994 40.108165216549644 17.26373235449995 37.17871164567972 69.72320525800764 103.61101635473861 37.85627351136019 11.139113141018147 34.78382189734146 68.4879603784049 102.79172726689004 53.51928881464806 39.27040865387557 51.13550494645246 77.98935110490733 109.29163762024946 76.82599736230463 67.47007387490534 74.81278532583124 95.0602956463061 121.94560978615239
53.541073257022965 0.0 51.109692395394696 17.848196946614753 50.9919231012941 32.90939157920283 50.95024172437887 48.4949225571696 42.43367884747834 36.801179944462106 29.432905126163426 46.06454624685699 45.441115076957786 32.646626701396244 36.462661111763445 59.99133768583088 35.41207518880046 63.93225181785142 26.32579316501189 37.06937700920021 51.67390016039598 8.045650643338243 11.87817857288558 69.37428632914076 55.1618721600503 36.667052880806246 46.34659994315056 38.35497574881544 46.38776981907844 62.09366298311287 19.34351706127857 62.11214243229817 41.29870669822583 58.91966685489207 45.93972004552155 63.10317039510207 28.85112088458332 37.81810257744683 30.806360413194746 43.86096618626128 84.42002243085832 51.14675484488605 22.36266798778485 27.911204783504363 58.76078479691914 83.03546539792659 48.849453961465066 16.507643540132722 23.528449643668065 56.82891952595648 90.82898337615768 61.06418512558844 40.0323822449317 43.25708024346153 67.33932576090253 105.79087757829384 81.50834392889635 67.00955406308837 68.78750175495762 85.83664902413818 125.37996993206649 105.5008441833681 94.52725611599766 95.57750226976809 108.302347606088
22.810608527579316 51.109692395394696 0.0 33.36752256506178 37.31977226016064 19.67431174156798 57.61921367920477 13.34620479639322 38.125335711093136 19.075027188374563 26.295850184333535 56.36281116285222 38.032893933548706 19.51190853425803 25.52690268264613 90.270223192992 15.713033032910689 76.1327091127849 41.59121289082662 14.773403567468657 35.08525337617148 45.45594334093595 41.399336997204635 18.75203726016412 37.250567276925366 14.951248429953326 15.012445277556896 15.176927729205273 4.724898366148427 19.31715821606202 36.866337186775866 61.038546149637156 42.091742745582145 43.025641050743225 23.772617138147613 90.28103391408636 22.258685389780585 48.45383157858056 34.6021084807948 75.3416156977478 80.76905725528384 63.24905378986561 62.22562138047758 78.3479167726716 103.92086952585701 62.36721483577501 37.29144219899258 35.86736480894341 59.809013347184944 90.89885763032648 53.43296591237341 19.119663011329273 16.458896159135723 50.70584871121316 85.24156853261839 58.480225080154675 30.417610722429195 28.729227075402004 55.86008471442719 88.37518186496183 74.72751763699507 55.40422555364835 54.31257400221478 72.28336149412127 99.47217787118755
37.27208658761127 17.848196946614753 33.36752256506178 0.0 41.21815361635675 16.41787824287829 49.05813193667476 32.32909250276187 31.50235208903949 21.281237835611687 15.81610529491352 45.11305501172484 34.017522688744016 15.910488309861694 23.608357502122615 69.06635006564832 17.656026522719543 65.50103477926065 19.914818556070387 19.85427292266541 38.41055629624785 12.407383939471687 10.833102332641442 51.829769866780474 44.61026154693169 18.818886057271772 29.10297990430485 21.717046189004453 28.66060196514307 45.918407187716475 12.694910429698416 58.28886923048078 32.17273472762977 49.49053134336378 32.40074859544433 70.95211370050197 11.190257189393554 35.5801615974251 19.529492092194822 52.651359220422506 77.98070270049269 48.49173556645909 31.886381723613237 45.57267555733907 74.37627761679738 71.16197034165093 36.6582220894225 4.298673093534782 32.98463360010158 67.47108741422507 75.09222645477594 43.74199380234008 24.139689264519333 40.58238783062873 71.45613223809875 88.34821159607053 63.7183340019821 52.05234776445466 61.267193116241806 84.80974131014831 107.53415384123939 88.22524786288726 79.99076943655632 86.07020824780545 103.98253227115718
58.43125235466576 50.9919231012941 37.31977226016064 41.21815361635675 0.0 29.159138469313728 22.815024587804444 23.99934737263467 66.25832413051778 24.2003393725876 25.681077191836984 23.807143621571598 67.59386834309817 30.10524815109518 18.312143398079968 60.54632883283484 35.330900778829026 40.41162789414013 60.18725494968372 30.792772890546548 67.89088704700004 50.915532643569165 39.43709582474396 43.57004914854052 4.586480623218167 37.97844436839673 48.61486779712958 27.60456171948862 35.696139100919616 28.224672922095372 31.970236857725478 23.76678759099165 68.77735534897882 8.273140407072843 13.74187836652873 58.9107311086699 35.67510244353633 20.800287369914574 56.86191113200637 49.13316270117928 113.19309626937915 88.1398606312686 71.54967090173625 69.74839186385475 83.6963757678401 98.52840647351232 68.50065090861231 45.515419989196566 42.962655047325626 63.36203903555616 90.48051550121306 56.43753552899343 24.05240820825642 19.149215585472007 50.49473009493125 90.82617763994476 56.98500082814269 25.298934437324277 20.679261051560175 51.08891838076331 99.47791650393482 69.8471210353654 47.49950675175687 45.04003049609281 64.77517991712654
32.87092692203484 32.90939157920283 19.67431174156798 16.41787824287829 29.159138469313728 0.0 43.77602241727011 15.919403507775376 37.15205544125267 5.444424296247304 7.222298629161887 41.22758424294456 38.62863230491855 0.9477668700070987 11.16383767062221 72.3132048477704 7.222717692244555 61.985966101089815 32.1460341717737 4.949483447943424 39.796315957182365 28.730048742628004 22.195683680635835 36.84878293422843 31.514067632301746 10.13445517967305 22.79646117728031 5.447092077927462 15.180477843449358 29.53601561555228 17.192702957121316 50.34215438198303 39.62060009407709 37.0666070907836 17.488379432415876 72.93383701945329 6.8810244824840385 32.160279906621234 27.89683217943551 56.76602608054837 84.31688812150658 59.289900330918066 48.1254174513389 59.25899251488669 84.27342076689955 71.86276350852577 39.85066964466131 20.167830340629695 40.2523702126595 72.30913947972344 69.36752460948216 35.19814151692392 7.798594965326278 35.74325421704781 69.92278299671044 77.79555150997543 49.67707904813814 35.75340271803805 49.836018144769355 77.99859536093675 94.26064393333269 72.62722955481394 63.71133756845915 72.3763026241774 93.87384306734802
76.30646895829135 50.95024172437887 57.61921367920477 49.05813193667476 22.815024587804444 43.77602241727011 0.0 44.92043084001363 79.20458810900108 40.52759982379223 37.444834255934786 5.154304159152987 81.20361896219667 44.637205988010024 33.30591079683782 38.59685365262892 50.959781624540526 18.53516950932832 68.89485960533318 47.29746282400555 83.37055318007374 54.329812329068936 42.16965961010896 66.20135851636476 25.930565345204197 53.869510780075935 66.17148232730071 44.729952728590405 54.94438774286337 51.01103761870399 36.584463859155086 11.952236912347871 80.68338894764709 23.600414719870358 34.28408497967372 36.39696470244043 48.55302082750998 13.625501350216036 67.99602147710866 30.05735842531875 126.49348762607457 97.41514754443342 73.3048650417615 60.43408986439469 65.7703497720939 115.63865355195023 82.97937908480313 52.85537232187715 33.11551428093951 42.36057202238232 110.98882653292493 76.42963779984527 41.94417049884056 8.484770417293209 27.919942779627146 113.31075467418545 79.73398019565423 47.65010089832545 24.049962132825154 35.79264291614919 122.20757278744819 91.83464405683978 65.78234492063226 51.14524426835363 57.43830754760554
35.34003283202328 48.4949225571696 13.34620479639322 32.32909250276187 23.99934737263467 15.919403507775376 44.92043084001363 0.0 47.17706534449125 11.754484097588898 19.615574445330967 44.13925526436291 47.77567165826061 16.430336570466974 15.307504500017766 79.29040593388447 17.46200477238089 63.333725288557474 46.27191923080613 13.24124455832411 46.35365680050735 44.64608609987651 37.222607106172994 23.663543173543868 23.96005277336296 18.951807563574945 26.164685832105732 10.677698883985618 12.485525799758614 13.64022726590775 30.94407651109529 47.74896734275983 50.573104569471134 29.775562315456238 10.669598971180275 78.81441297458122 21.93675461122808 37.01960700115295 40.616816774103135 65.17688426889231 92.26723069253653 71.41211142610707 63.88201423213455 73.87088812606804 96.06080765737146 75.32700046355856 47.81922212039755 35.97260273391227 51.925017369666584 80.58049297451367 66.55016875981927 32.448138115958216 8.467087481844944 38.54029931994595 72.7589923714786 69.12030736079822 37.394803879657815 20.34630888625374 42.7132259846854 75.03141690824901 81.97690443721422 57.64657209259134 48.17520746109759 60.93753261527681 86.6067207285704
21.27103296836503 42.43367884747834 38.125335711093136 31.50235208903949 66.25832413051778 37.15205544125267 79.20458810900108 47.17706534449125 0.0 42.087799734514554 42.14441728751413 75.74831952407547 3.112831900279543 36.20449013161596 48.266030017386775 100.14379821708422 31.122263634813937 96.46306918119988 16.643610680300892 35.81782548791921 10.894776484904632 34.42473889180522 41.64065323308418 53.97861168377048 68.28913404368073 28.766597290161243 23.404815196684197 39.10870401287918 35.72808785698896 57.27060710147229 43.987549630130935 87.05951139513974 4.474241414221417 73.99742582022904 53.67879611495409 102.29391285595263 31.077923537000828 66.18168170334035 12.157697730302235 83.68013109811045 47.38329232476807 25.225816383827972 37.714053465879026 67.8468896946097 100.8905032650566 40.634809105838144 6.914028412063523 28.97022642676946 63.447603595976695 98.01416702414261 51.59605926447323 32.3958702880801 42.797966951336754 70.77198613721487 102.86163789777773 72.6499527438507 60.34360287715448 66.32849142922056 86.90437695764192 114.45547729730785 97.46089228024978 88.44902250980726 92.42583585148991 107.96546750094139 131.0162230328685
35.799981162304945 36.801179944462106 19.075027188374563 21.281237835611687 24.2003393725876 5.444424296247304 40.52759982379223 11.754484097588898 42.087799734514554 0.0 7.99477773708796 38.49121735772201 43.393643129763134 6.31297217564741 7.222173010454881 71.30111757612127 11.170612191266454 58.971395793515704 37.590446832147 6.874723183521097 43.96564625577659 33.347804991674096 25.468124215831853 34.41922764038554 26.28209358683884 13.920557931845075 25.675659313857135 4.267839588471826 15.263064788194034 25.2960435987102 19.329449503403414 46.18915259161081 44.742747074987726 31.92728218268781 12.059409389215114 71.50240320023038 12.324712698588588 29.93335337463387 33.23109638805461 56.26772867072813 89.01221964878305 64.6274951408327 53.15119905813899 62.194740508830726 85.4758473753662 75.45857037526305 44.362245297784284 25.23615930626613 41.23785432407166 71.82687161429683 71.1094990435494 36.557196902917084 3.3392664431033583 32.87441283376487 67.4177840169598 77.53003749411138 47.77037631805652 30.788745381795913 44.818753663299184 73.92110907321421 92.50393977922339 69.31590882139454 58.71284595266025 66.96632040032267 88.97507841714767
39.87776179135939 29.432905126163426 26.295850184333535 15.81610529491352 25.681077191836984 7.222298629161887 37.444834255934786 19.615574445330967 42.14441728751413 7.99477773708796 0.0 34.54768893961848 43.95168074366215 7.8493537474089 7.796421196393691 65.09102085647787 14.226131961573223 55.387645888186064 34.5275323624558 11.98475419214597 45.9387707886966 26.92091485081582 17.798106484003853 42.37985796784544 28.864793736013343 17.08285121740073 29.8748771193042 11.16586954469601 22.02401899812902 32.9570037765638 11.346397037203053 44.925353146545596 44.09166366255474 33.91919684326943 16.890322846898624 65.73276018543262 11.146351724054306 25.27474720084578 31.710180681941303 49.577151824962066 89.52585645973045 62.687342453791736 47.32164625543511 54.25665744203349 77.73701126871994 78.38847754916132 45.57145042352891 20.09000204641195 33.54559103895943 65.12950622750952 76.57833521392055 42.41252166537553 11.324989034913083 29.198314541030822 63.02127085510714 84.69568495692909 55.640934104549 37.59382439000732 46.103202746536326 72.33631564783416 100.35951091648711 77.25255562306006 65.25837113547948 70.31446786882039 89.57882291587505
74.032424710345 46.06454624685699 56.36281116285222 45.11305501172484 23.807143621571598 41.22758424294456 5.154304159152987 44.13925526436291 75.74831952407547 38.49121735772201 34.54768893961848 0.0 77.86269075405049 42.04294465876799 31.322206925846945 36.73924052817613 48.45016671907683 20.852419856179242 64.81518498666347 45.08878688766066 80.41850958886715 49.73095637359737 37.67450658102028 66.30357887579714 27.529912030113866 51.361907002967264 63.90763752100108 42.7510894232812 53.351643032530276 51.50875887509012 32.49056420601608 17.089311394170046 77.02401775815089 26.21657920240723 33.7049370568279 35.26454157493271 45.503406670281954 9.576016116117982 64.31046358793265 26.41258484154491 122.88850562523648 93.24449190458814 68.42719186577622 55.36082338108561 61.9851256986863 112.93581946877828 79.80622300646574 48.76891240167776 27.975347692546265 39.770252901112265 109.46493374892381 74.86123242770933 40.25780588951811 5.659696456919858 28.952164123506705 113.07451657099061 80.00057467514952 49.08336454650266 28.514916779099167 40.148018129635545 123.14331883650976 93.5769785739712 68.87538404518394 55.90867375897456 62.4702708682269
19.63462561584425 45.441115076957786 38.032893933548706 34.017522688744016 67.59386834309817 38.62863230491855 81.20361896219667 47.77567165826061 3.112831900279543 43.393643129763134 43.95168074366215 77.86269075405049 0.0 37.68503794539672 49.78702673411461 102.85332676349353 32.29594975823003 98.63280608473217 19.749814260009643 36.93535111770125 8.04585683701562 37.41789029471239 44.319453428439985 53.16684509557537 69.45020113564443 29.78728132417335 23.08542576338552 40.20881107953051 35.98671640641568 57.30691315320536 46.372577305885244 88.7878386880296 6.702950323351409 75.2091941157549 54.765389365657605 104.92059720364423 32.81969731160902 68.31427067635549 14.9374385596521 86.39346504941496 45.69106127112083 25.983785979356778 40.71219123350532 70.9552621275688 103.95507327235724 37.69983597509338 3.8569730607277366 31.675371387998762 66.23168702877177 100.82062231268094 48.59075144928374 30.757709366838156 43.88448756736036 72.80450409756922 105.21396954973397 70.04976811755125 58.89469620139024 66.52057504675228 88.18262302954906 116.28477775647188 95.17803961913319 87.07684946161248 92.19870827819267 108.69007090077507 132.36754443611483
32.107563040778054 32.646626701396244 19.51190853425803 15.910488309861694 30.10524815109518 0.9477668700070987 44.637205988010024 16.430336570466974 36.20449013161596 6.31297217564741 7.8493537474089 42.04294465876799 37.68503794539672 0.0 12.10443702552838 72.9051181134249 6.432385622440278 62.818615189207016 31.29242806407883 4.740031749155394 38.89077752995968 28.272054523340834 22.116704233542663 36.940881798794706 32.445268456154544 9.331677371988484 22.059453201428923 5.815403108261028 14.945910068128374 30.00804253175342 17.3909338730688 51.26706240857794 38.67570592180824 38.0060758239255 18.370973129496097 73.58146108024606 6.029496484723489 32.933348306043975 26.97381356144068 57.294712895361585 83.37406259986729 58.369286252195614 47.513396703344114 59.18515169369185 84.51657542277702 71.00323589508 38.919642253327964 19.56692368102359 40.568921051615085 72.82621170906228 68.7362370935814 34.65340939113911 8.479404237322695 36.57587772249307 70.70037048888149 77.46537783310536 49.652313718837874 36.395715807119025 50.78161456230608 78.91593630337478 94.18083670033248 72.85702776910779 64.35088161496431 73.27140240458976 94.82158947992724
43.0121770697263 36.462661111763445 25.52690268264613 23.608357502122615 18.312143398079968 11.16383767062221 33.30591079683782 15.307504500017766 48.266030017386775 7.222173010454881 7.796421196393691 31.322206925846945 49.78702673411461 12.10443702552838 0.0 64.79432111075074 18.002758088760256 51.75224639664477 41.973617043302575 14.026818654425094 50.83736075799748 34.559081707330314 24.61022420265743 38.965984649374434 21.200282200762288 20.86005085543772 32.882366833381745 11.449493389917398 22.130480893755113 27.4374936882429 17.38923977171507 39.24153075259024 50.60154082237358 26.443419036511948 9.479824979573046 64.7557963449843 17.402309377959135 22.973814694073496 38.56505995555327 50.17915084938402 95.4772426751901 69.82800692583596 55.052645384263926 59.83672373737233 80.77666607611636 82.58239805113561 50.9999319816017 27.874260588240872 36.71234794672678 65.67693146997873 78.1823159729005 43.59029471700648 9.088862760623474 25.689597684380267 60.26738589176464 83.62900523085018 52.66263341145514 30.785269148768023 38.94804272882321 66.94030673119401 97.2821155991081 72.2541379684364 58.071513862505235 62.59976695466764 82.82481967804569
104.32796984654497 59.99133768583088 90.270223192992 69.06635006564832 60.54632883283484 72.3132048477704 38.59685365262892 79.29040593388447 100.14379821708422 71.30111757612127 65.09102085647787 36.73924052817613 102.85332676349353 72.9051181134249 64.79432111075074 0.0 79.12778406190291 28.519112962359632 85.47438981488216 76.97802352353146 107.4524926162871 67.10911949446003 58.53705698675206 102.33262682714208 64.18742754482194 81.85585306073831 94.6335657271877 75.44118967866167 86.55138920163337 87.98260188834428 57.669022042184594 45.81153699692096 99.9941086582875 62.19669722658755 69.42522653887838 5.706527343112652 74.29003913810799 42.28801627553376 87.98610472380363 16.46394521323201 144.34757708721062 111.0396692797017 78.85571998959426 50.01472059641574 34.344595766631755 140.22614605627086 105.67758792930879 71.1827691830584 36.89273847095639 7.07213974295819 141.60681624284882 107.48622868541815 73.81689796511417 41.706421705414414 20.609777197980648 148.33595563287767 116.13094422851593 85.81401900894842 60.30343845448133 47.997632253725165 159.73871098079988 130.2572900020493 103.98177765109713 83.97738533080417 75.41177025747682
25.676615664940783 35.41207518880046 15.713033032910689 17.656026522719543 35.330900778829026 7.222717692244555 50.959781624540526 17.46200477238089 31.122263634813937 11.170612191266454 14.226131961573223 48.45016671907683 32.29594975823003 6.432385622440278 18.002758088760256 79.12778406190291 0.0 69.20190973999951 28.825949270582765 4.717962595428236 32.849619638842725 29.823417753084648 26.118221785452633 34.23913527952605 37.17885314764706 2.913650607790386 15.648745157730973 8.007072224619572 11.004992928100298 30.12493412521553 22.662910144147418 57.23266302210213 34.02350063588415 42.91779340651663 22.561145020105727 79.90775500164021 6.586724896489213 39.36507544011808 23.27684166943161 63.37952772389679 77.86246556327772 54.42311532727776 47.49735212160208 62.80869743758632 89.60288793857448 64.69330398074679 33.19298156610455 20.32662843703276 46.03712605171604 78.87020653949338 62.479032183740095 28.683891114231677 11.69421038933353 42.96040391056048 77.13164624206813 72.23432198565482 46.09627119830288 37.77251041444024 55.888158377046594 84.94137583793943 90.15349111951011 70.76723293155574 65.44556246912973 77.15577186423545 100.08833953370177
94.69141790638713 63.93225181785142 76.1327091127849 65.50103477926065 40.41162789414013 61.985966101089815 18.53516950932832 63.333725288557474 96.46306918119988 58.971395793515704 55.387645888186064 20.852419856179242 98.63280608473217 62.818615189207016 51.75224639664477 28.519112962359632 69.20190973999951 0.0 84.9163761737618 65.68843112219963 101.27082163049947 68.76710835214858 57.194159059448 83.96855274287883 42.73618472980301 72.1155550902109 84.55549719139003 63.1964352064209 73.47826846621494 68.50719301455413 52.806926740000236 19.437221832696064 97.59309522769944 38.97092230486259 52.66958932645384 24.153224292131394 66.35536958135985 30.33237157220707 84.88240285895559 28.922860408030555 143.4541964069424 113.07974173142493 85.96354470412267 66.23605932417712 61.47748858157283 133.76836953340919 100.63103590135722 68.94973950422848 42.14688911592484 34.54687309396619 129.51976947432505 94.96468889992352 60.46542256156546 26.243022840118755 10.7786318516738 131.23777177522976 97.27359421786186 63.99841209612715 33.53038319654384 23.401317735848444 138.70074661376657 107.04279416755396 77.93092728391709 55.52572418380461 49.87774695201604
33.12271516307142 26.32579316501189 41.59121289082662 19.914818556070387 60.18725494968372 32.1460341717737 68.89485960533318 46.27191923080613 16.643610680300892 37.590446832147 34.5275323624558 64.81518498666347 19.749814260009643 31.29242806407883 41.973617043302575 85.47438981488216 28.825949270582765 84.9163761737618 0.0 33.13254269457584 26.949319066359507 18.536421379691998 27.978578617768566 59.866327606817016 63.15122679419267 27.787408927404794 30.018327165282244 36.126618299161734 37.70717384691215 58.74508832352203 32.3355492618926 78.19348106250433 14.990439096361891 68.39250334272236 49.613808217099226 88.08191947818919 25.266720931206205 55.34583715358586 7.777179635797943 69.07514081423001 59.213110993729124 28.57691718064221 22.845904984994483 51.20623058455034 84.36271820947024 56.89362533794756 23.447915463603877 16.04922396081552 48.58192209626925 82.81111902410154 67.57062823059623 43.203119540827316 39.522857251077625 60.435336693444114 90.20881645036944 86.56114745619455 69.04114134676502 66.59802108537589 80.61441490999273 104.67493316515579 109.62593160110637 96.17768793864443 94.21853877733312 104.39732303263193 123.75440062855199
29.01069810453307 37.06937700920021 14.773403567468657 19.85427292266541 30.792772890546548 4.949483447943424 47.29746282400555 13.24124455832411 35.81782548791921 6.874723183521097 11.98475419214597 45.08878688766066 36.93535111770125 4.740031749155394 14.026818654425094 76.97802352353146 4.717962595428236 65.68843112219963 33.13254269457584 0.0 37.16786378637461 32.25739386390901 26.787625545992398 32.35166104145381 32.51539864831172 7.188509920900429 18.87460667615497 3.2924429925042054 10.235992807828586 26.42813288752435 22.107948185151763 53.05488261026588 38.74146320281063 38.27919667318458 17.861332428956416 77.45984757493343 8.890955325615826 36.28200142372078 27.880071600793713 61.55340140087517 82.42753586691211 59.10399011013998 50.86323335937877 63.840890125653274 89.21352968576949 68.58653430385269 37.71326434420744 23.136815050684557 45.20153091967956 77.1095899854559 64.87247048243141 30.515027743235475 6.982139679924399 39.51186524978837 73.9491621398425 72.8512264781966 44.94373840515684 33.576936558844785 51.28074044030361 80.78892644289796 89.4463036480947 68.47295837227267 61.41035244508891 72.44789378934333 95.50363243574382
13.74294870292462 51.67390016039598 35.08525337617148 38.41055629624785 67.89088704700004 39.796315957182365 83.37055318007374 46.35365680050735 10.894776484904632 43.96564625577659 45.9387707886966 80.41850958886715 8.04585683701562 38.89077752995968 50.83736075799748 107.4524926162871 32.849619638842725 101.27082163049947 26.949319066359507 37.16786378637461 0.0 43.63487531738693 49.11633158089605 48.22539241420608 69.24294149084713 30.045774365604988 20.302721450301284 40.297167669068735 33.99290819180786 54.307854432805655 50.11142548093572 90.0776528549909 14.728127615609502 75.09383518362695 54.52451727464837 109.17899217241349 34.91611085757405 70.99459388627159 20.891486564139367 91.05581546019229 45.91991295048769 32.207401363865266 48.58836362680769 77.96906782223544 110.41900231971215 32.88019782223952 4.3832009393999725 36.771886077313226 71.27401261644218 105.84258243619115 40.766366438694234 24.385926675444903 43.843961922093634 75.13158699294952 108.45303370839108 62.056208384648706 52.57058808726945 63.805646900653585 88.1671964626737 117.77329322427353 87.45405554781908 80.78408543517594 88.30997211812007 107.07922290466783 132.39333390338513
45.90776127199536 8.045650643338243 45.45594334093595 12.407383939471687 50.915532643569165 28.730048742628004 54.329812329068936 44.64608609987651 34.42473889180522 33.347804991674096 26.92091485081582 49.73095637359737 37.41789029471239 28.272054523340834 34.559081707330314 67.10911949446003 29.823417753084648 68.76710835214858 18.536421379691998 32.25739386390901 43.63487531738693 0.0 12.267967340708573 64.0625529657485 54.74792036540512 30.619770150180468 39.21872586502638 34.086969894941134 40.792311740647875 58.26512382709795 19.16056577225709 64.84999085929645 33.431410109697154 59.10408887475581 43.811118427037904 69.91925463318616 23.515226097867288 40.782348161116126 22.761524151223192 50.78383036787649 77.2741587322756 44.73678583634958 20.647300628897437 35.299980974217036 66.7885686885452 75.04725505594153 40.80797496439971 9.661485706423385 30.269637386864 64.2962731821632 82.96462791820251 53.896547007129044 36.35072368831319 46.181614156709266 73.06802925667328 98.61207360802754 75.63034964608529 64.11187711287906 69.9677787312832 89.86334963669992 118.97715228600703 100.55080993529172 91.97856738964703 95.93923707225555 111.10043397886797
47.95347579283901 11.87817857288558 41.399336997204635 10.833102332641442 39.43709582474396 22.195683680635835 42.16965961010896 37.222607106172994 41.64065323308418 25.468124215831853 17.798106484003853 37.67450658102028 44.319453428439985 22.116704233542663 24.61022420265743 58.53705698675206 26.118221785452633 57.194159059448 27.978578617768566 26.787625545992398 49.11633158089605 12.267967340708573 0.0 59.04164368312742 43.499144265710044 27.982838226430808 39.39025976084057 27.541454016549924 36.7096805417468 50.7075588718167 7.522252389825903 52.58541807049676 41.76923351968107 47.49556344728906 34.09004558952542 60.66930897913748 19.649298207570162 28.57893619481489 29.49154601342214 42.081620717311 87.1217513177428 55.88691041711857 32.42423228037399 37.06955357204479 63.96725447517994 81.74856889989454 47.162619032090916 12.674821035189698 22.177553519412285 56.72645775529124 85.80581087786332 53.83191643227668 28.774199052062656 33.9540143963057 62.23051433452844 98.13045729188791 71.72165556243694 55.255793802165385 57.941412355557 77.82036640619607 116.11867730512594 94.67072234648573 82.68172485191805 84.2894601150343 98.83259611710152
34.4994516999622 69.37428632914076 18.75203726016412 51.829769866780474 43.57004914854052 36.84878293422843 66.20135851636476 23.663543173543868 53.97861168377048 34.41922764038554 42.37985796784544 66.30357887579714 53.16684509557537 36.940881798794706 38.965984649374434 102.33262682714208 34.23913527952605 83.96855274287883 59.866327606817016 32.35166104145381 48.22539241420608 64.0625529657485 59.04164368312742 0.0 41.488227278200874 33.69437334986671 30.882222881860173 31.57786248119239 23.30696381012879 15.661369126254344 53.62021218278178 66.33983119741939 58.28439900930514 46.25188200258105 32.9101277506235 101.47070846233024 40.64222232278016 60.10314829392466 52.56043443511537 88.66187606158198 91.43940198417357 79.10925867898568 80.93281214016707 96.10775229610593 119.65790703940729 68.68700493910204 51.46313455084704 54.532643789444265 75.45839721297216 103.96603113680446 51.736844855224696 25.019697944497164 31.146661927008843 60.90228983729979 94.03673941431477 47.304017245129685 13.819685857475156 23.219625497924493 57.29024280554649 91.76081110442443 58.31669126888863 36.653436399742816 40.99930913197677 66.43224615080595 97.67483983762729
59.104780136412884 55.1618721600503 37.250567276925366 44.61026154693169 4.586480623218167 31.514067632301746 25.930565345204197 23.96005277336296 68.28913404368073 26.28209358683884 28.864793736013343 27.529912030113866 69.45020113564443 32.445268456154544 21.200282200762288 64.18742754482194 37.17885314764706 42.73618472980301 63.15122679419267 32.51539864831172 69.24294149084713 54.74792036540512 43.499144265710044 41.488227278200874 0.0 39.672558934437454 49.53552983123325 29.24279877819261 36.19385912611698 25.880329040769492 35.99210301151577 24.90347220660079 71.02247291169772 5.8721765891269175 14.735337068671479 62.29160450631564 38.24179282769373 25.253704834975103 59.40177689139644 53.284911824121465 114.85839419211709 90.78024828532058 75.39500277525347 74.3135896941181 88.06453876644373 99.18679107131149 70.1245264943413 48.90494383235405 47.54737079571373 67.26534048917817 89.82141933673354 56.24574877587148 25.575960556349425 23.227653365619226 53.10147477090678 88.78150482212789 54.58533975709508 21.721307992907594 18.945271497462258 51.389528018550536 96.33708961806607 66.07105998168622 42.950674283005654 41.46035696404405 63.15051307632405
22.79664760091954 36.667052880806246 14.951248429953326 18.818886057271772 37.97844436839673 10.13445517967305 53.869510780075935 18.951807563574945 28.766597290161243 13.920557931845075 17.08285121740073 51.361907002967264 29.78728132417335 9.331677371988484 20.86005085543772 81.85585306073831 2.913650607790386 72.1155550902109 27.787408927404794 7.188509920900429 30.045774365604988 30.619770150180468 27.982838226430808 33.69437334986671 39.672558934437454 0.0 12.818962772862733 10.432459458376158 10.44635991102172 30.9607400364051 25.055720996491527 60.065457913941486 31.862116966384843 45.452286638311534 24.978117661605474 82.7005848036769 8.359527383806475 42.26332187035488 21.706478648570876 66.03552560946402 75.2403106060732 52.515338908674025 47.42815014276543 64.3102647804045 91.74422603297685 61.79071209538377 30.524914385426644 20.983243269780424 48.41146972495415 81.49780430507215 59.766653534485 26.229567245439537 14.09893921902155 45.87398546426958 80.03072887129983 70.16409842238242 45.01704323551293 39.04989204871832 58.464351271606404 87.78435557048553 88.71785880016812 70.33722831161982 66.47226679372027 79.275268330884 102.69052260900797
10.13661156588842 46.34659994315056 15.012445277556896 29.10297990430485 48.61486779712958 22.79646117728031 66.17148232730071 26.164685832105732 23.404815196684197 25.675659313857135 29.8748771193042 63.90763752100108 23.08542576338552 22.059453201428923 32.882366833381745 94.6335657271877 15.648745157730973 84.55549719139003 30.018327165282244 18.87460667615497 20.302721450301284 39.21872586502638 39.39025976084057 30.882222881860173 49.53552983123325 12.818962772862733 0.0 21.563803299049646 13.721208729479601 34.329212445330086 37.47619172276508 71.59678052504356 27.567667255923286 55.40763152010249 34.96574030066524 95.51781198257383 20.541357158473662 54.94533083644681 22.343171656230133 78.73655931275806 66.20054497556727 48.6288089884195 52.3623972235171 74.25423148200464 103.34588435156307 49.97242917504057 22.288911806035834 29.85288586665908 60.66664069188532 94.1516600178314 47.0580526328528 14.717595083614073 24.771105731203942 58.35632390661468 92.69393824432292 59.448954578379826 39.04117235216067 43.69296541428601 68.47455340889384 99.31405163140215 80.35124186684135 66.47960128691606 69.11962885757454 86.77718126138762 112.59576221055846
31.661138245601393 38.35497574881544 15.176927729205273 21.717046189004453 27.60456171948862 5.447092077927462 44.729952728590405 10.677698883985618 39.10870401287918 4.267839588471826 11.16586954469601 42.7510894232812 40.20881107953051 5.815403108261028 11.449493389917398 75.44118967866167 8.007072224619572 63.1964352064209 36.126618299161734 3.2924429925042054 40.297167669068735 34.086969894941134 27.541454016549924 31.57786248119239 29.24279877819261 10.432459458376158 21.563803299049646 0.0 11.12141192777268 24.205434245323374 22.119418128054456 50.102909381052214 42.02867235918143 35.01999051926379 14.572118865663363 75.71039252236312 11.303088123996734 34.19395443629246 31.073204240552215 60.282836437535835 85.66339699089943 62.346578624473445 53.20500889681523 64.56972124143677 88.89613970192663 71.45951159249567 40.93697772201701 25.29925746048871 44.71141516752782 75.84860446665249 66.84526979834182 32.30364172346933 3.6898111383173724 37.12894298696484 71.68232956506668 73.64603816500065 44.611651812062185 30.846325928830247 48.03777654421752 77.83698306824154 89.29027795538772 67.19973596174263 58.76769397956698 69.18284299669259 92.26958459169481
22.919942297441906 46.38776981907844 4.724898366148427 28.66060196514307 35.696139100919616 15.180477843449358 54.94438774286337 12.485525799758614 35.72808785698896 15.263064788194034 22.02401899812902 53.351643032530276 35.98671640641568 14.945910068128374 22.130480893755113 86.55138920163337 11.004992928100298 73.47826846621494 37.70717384691215 10.235992807828586 33.99290819180786 40.792311740647875 36.7096805417468 23.30696381012879 36.19385912611698 10.44635991102172 13.721208729479601 11.12141192777268 0.0 21.687450632866035 32.33554926189255 59.16930646026484 39.46017148368296 42.05353036656597 21.95601738087051 86.75786104952613 17.536745311957347 45.09007248600821 31.013614532866455 71.39378426668917 79.9085478670683 60.575493546031055 57.86360283052706 73.63283482912506 99.44940379105789 62.993647920741324 35.69882033542514 31.23220156270227 55.41961387222029 86.96007897243157 56.11768614047378 21.515573275554434 13.095781862260969 47.696263222450305 82.29958664404033 62.67701195088907 35.142271450380775 30.600489789324577 55.06941097468969 86.73943389046671 79.40903343391676 59.92111159309198 57.18459493546091 73.10546792986794 99.06328403217007
41.51706154131632 62.09366298311287 19.31715821606202 45.918407187716475 28.224672922095372 29.53601561555228 51.01103761870399 13.64022726590775 57.27060710147229 25.2960435987102 32.9570037765638 51.50875887509012 57.30691315320536 30.00804253175342 27.4374936882429 87.98260188834428 30.12493412521553 68.50719301455413 58.74508832352203 26.42813288752435 54.307854432805655 58.26512382709795 50.7075588718167 15.661369126254344 25.880329040769492 30.9607400364051 34.329212445330086 24.205434245323374 21.687450632866035 0.0 44.163318541954204 50.6907454999668 61.10188132865492 30.592563900781514 19.37235964432492 86.77312731261013 35.2952756711246 46.1531358245305 52.46681875850645 75.09097939618123 99.74111413424137 82.24052505839312 77.2881342044021 87.05254178024714 107.59912632008312 79.7250744601327 56.60642899090401 49.470144419271485 63.91486255411063 90.09845282622892 66.02428016658705 35.010605223635196 22.070910370947978 46.2963647710168 78.70468472212428 62.910715433397755 28.774664950854035 9.646659207184026 41.868701780994215 76.2087383960482 71.77581806786417 44.8444777679508 35.568478808082325 53.98181689059978 83.41334902854204
46.84486770387667 19.34351706127857 36.866337186775866 12.694910429698416 31.970236857725478 17.192702957121316 36.584463859155086 30.94407651109529 43.987549630130935 19.329449503403414 11.346397037203053 32.49056420601608 46.372577305885244 17.3909338730688 17.38923977171507 57.669022042184594 22.662910144147418 52.806926740000236 32.3355492618926 22.107948185151763 50.11142548093572 19.16056577225709 7.522252389825903 53.62021218278178 35.99210301151577 25.055720996491527 37.47619172276508 22.119418128054456 32.33554926189255 44.163318541954204 0.0 46.32863553113988 44.84108969116016 40.07696203244433 26.837844711925218 59.11950043669715 16.93560843421981 23.011418470614817 32.15912982706544 41.48377191080158 90.67094609097445 60.83103239072982 39.67915736767706 42.93347818040985 67.13388532943648 82.99094078916428 48.77442785857817 16.28637526970823 23.375197808573695 56.76624324736773 84.50230674214032 51.28120977591702 22.665676351577776 28.152283567412105 58.874587326111396 94.766221597982 66.72970174576429 48.16515148426532 50.8106575839383 72.37662892674834 111.38842716567181 88.58957065758278 75.38958034837673 76.90131400810628 92.4055292840045
81.59902822717487 62.11214243229817 61.038546149637156 58.28886923048078 23.76678759099165 50.34215438198303 11.952236912347871 47.74896734275983 87.05951139513974 46.18915259161081 44.925353146545596 17.089311394170046 88.7878386880296 51.26706240857794 39.24153075259024 45.81153699692096 57.23266302210213 19.437221832696064 78.19348106250433 53.05488261026588 90.0776528549909 64.84999085929645 52.58541807049676 66.33983119741939 24.90347220660079 60.065457913941486 71.59678052504356 50.102909381052214 59.16930646026484 50.6907454999668 46.32863553113988 0.0 88.97318809010503 20.261534766555194 37.306689612108855 42.3980093090114 55.99219651583896 24.29627507088159 76.45296730793744 40.36115825400057 134.43013143890613 106.76250085984046 84.37864840061897 72.3604476986296 75.8094047425224 121.55261519387777 90.17830414646002 62.32199497447295 45.06386377875056 50.71773676578191 114.24607887046912 80.15672002933123 46.828219053546526 18.855066669156315 30.215791964976997 113.59112609523868 79.22909519370565 45.23723106815182 14.505742869213936 27.73586179805625 119.69703001200745 87.68457291187035 58.69083778186743 39.943326518160056 46.27255135254163
25.742467903108746 41.29870669822583 42.091742745582145 32.17273472762977 68.77735534897882 39.62060009407709 80.68338894764709 50.573104569471134 4.474241414221417 44.742747074987726 44.09166366255474 77.02401775815089 6.702950323351409 38.67570592180824 50.60154082237358 99.9941086582875 34.02350063588415 97.59309522769944 14.990439096361891 38.74146320281063 14.728127615609502 33.431410109697154 41.76923351968107 58.28439900930514 71.02247291169772 31.862116966384843 27.567667255923286 42.02867235918143 39.46017148368296 61.10188132865492 44.84108969116016 88.97318809010503 0.0 76.65592349107342 56.54321119919716 102.37578045599157 33.23043874407751 67.44919659991662 12.715197512328482 83.54544134346747 45.86879523991912 21.15922287708287 34.44307657347906 65.72506987411418 99.2375461750695 41.97224620353817 10.420015023350048 29.16054025488515 63.142304645703234 97.56237644240478 54.991251633577306 36.869510359827196 45.711184732915385 72.21144370929977 103.60647360113114 76.75271551106277 64.80735634442517 70.02699727920304 89.45579954659574 116.17087676177414 101.79553419640575 92.89947367199834 96.40010107744077 111.13205036734544 133.42552827995038
64.9684434406899 58.91966685489207 43.025641050743225 49.49053134336378 8.273140407072843 37.0666070907836 23.600414719870358 29.775562315456238 73.99742582022904 31.92728218268781 33.91919684326943 26.21657920240723 75.2091941157549 38.0060758239255 26.443419036511948 62.19669722658755 42.91779340651663 38.97092230486259 68.39250334272236 38.27919667318458 75.09383518362695 59.10408887475581 47.49556344728906 46.25188200258105 5.8721765891269175 45.452286638311534 55.40763152010249 35.01999051926379 42.05353036656597 30.592563900781514 40.07696203244433 20.261534766555194 76.65592349107342 0.0 20.57138706429668 59.83761362076313 43.705939366000344 26.062320251635843 64.89749513310267 52.56440700038016 120.66956074536066 96.23334418307199 79.72020807866896 76.44938210385074 87.91157988052159 105.0432232236848 75.93557002525863 53.788027370207345 49.141652663065855 65.8138375230654 95.33702100382796 61.96092258200372 31.368943676532 22.884747641534922 49.58083368556369 93.41552746311517 58.98985205554684 25.059884740734788 13.078467199727658 45.92328482117318 99.72983059031803 68.47022415554497 42.72158697655764 36.83648061256887 57.302255857839924
