0.0 6.813211821806275 30.066816960256602 3.7842041537790343 13.158918200483038 21.089263925253725 7.355726791846834 45.79986691101069 38.35713498837647 61.28275139222506 46.54534771356426 45.343896456831175 0.9462505037344268 47.27666311731353 56.1262141082297 41.45639961304046 39.852501720309625 39.629460085230825 31.304744086700136 12.498743834579303 10.133178767425939 14.74095256301612 32.63417518274003 52.940365456623496 12.430653733703455 27.177580048259 10.431376441701897 52.93968851883433 39.14108530100402 56.41635299985753 29.073996503146507 56.95839030266007 4.592923255555867 32.22510742224795 7.417805739674607 49.26624537816112 8.911813097387828 31.723394779598596 15.249222743851849 2.595550785628731 94.07599406001489 65.75489815683612 46.81811076231702 49.54774717805606 71.50411104766907 84.20240704375473 50.79008618546179 21.542263293333882 27.2645211089156 58.459283823945526 83.16642507617357 49.069694424973655 17.142568293718416 23.973995708538773 57.01306322711112 91.26954203481588 61.71160880208632 41.00415728564031 44.14956472215026 67.91061855272163 106.44430283758683 82.34692295872475 68.01771109119998 69.76080211966905 86.61118398593071
6.813211821806275 0.0 23.563759954032022 10.574672280401414 8.12438261866114 25.389451430302106 2.3537800305369805 39.852986840408164 35.77077456102747 65.01039441085877 53.15948355589306 51.79764977433648 5.87731367939792 53.453139591109945 49.50923869356515 34.66599249079443 45.591356174191496 34.52072461375726 32.62468960659939 10.83513126719649 7.063072679893018 9.008268445112146 25.925729067585653 47.03619306059419 5.826313892899255 29.194930019869446 4.99962070498708 46.984134942668014 34.61608627151116 59.993200549369085 35.67160476837761 62.60724571422118 10.792292460103381 38.43042481984622 0.7113065980788735 42.59203345317295 11.800801730611552 25.57454631443393 18.956047316486767 7.987212721391271 87.282834480588 59.06378236447728 41.875872443807296 49.12706090059012 73.9470665164119 77.90323342987152 44.19710970061911 15.254710630729095 30.114429274085442 63.0547576959544 78.15914360547517 44.64253087810114 16.48968135799112 30.752460283213672 63.35904220963174 87.966497952253 60.0603137610838 43.257330262937046 50.29881469561726 74.72324741183563 104.67368200665472 82.43875955152923 70.92584332936822 75.23003544655955 93.18475207734001
30.066816960256602 23.563759954032022 0.0 33.822532160697534 17.767746547931768 41.46081925725643 24.31183352758363 31.08749617813453 43.627821955631624 85.45984954128174 74.09844558797714 72.00455861729586 29.128758517041305 72.47901612424228 32.87144667604825 16.552239439812134 63.384974154735566 16.639350969698484 50.40186805607438 22.928293936003016 26.38570402002475 15.705136264254943 4.313757215308239 24.527560541829317 19.512061862729098 48.50951817374149 19.802716071261624 36.87914219886664 35.403298940361175 80.28879056832072 56.94302837142809 79.34811468453657 34.33518767975481 58.1443753296517 23.14274602200505 25.884122287828713 30.000154391783962 4.326054301087806 41.25290328680932 31.54858395601881 66.50412270962238 35.89918241818761 23.4424556982032 46.959457301514405 79.09283786035098 62.76570759854246 28.45917463120318 8.670006207309825 41.65653863664801 76.09349007198264 71.07551056625881 43.725346835919744 34.160152456322514 53.073141815516365 82.83376759845152 88.08698697343596 67.78371610671124 61.84437733458746 73.82141823770534 97.31010490289778 109.8278044382405 94.11668055237561 89.71314969489188 98.15113671742587 116.67707053217035
3.7842041537790343 10.574672280401414 33.822532160697534 0.0 16.702906446741164 19.825360941464396 10.875121023926836 48.951646597129354 39.76668951700925 59.00793028194674 43.07886386783693 42.03568192297221 4.730454489896379 44.209735960344084 59.67965580513004 45.16320050250697 37.17474522613248 42.94179736435965 30.679681898282606 15.11971644408384 12.818744243648714 18.396027114374572 36.417732056473376 56.50679937760522 16.080439515725015 26.236058186192086 14.110534550729813 56.079720388539855 41.55959020766601 54.245078582328084 25.659472664417308 54.285548346338324 2.3503127420564196 29.19000645904399 11.157067759858375 52.86648639896679 9.772254470263189 35.394000157340955 13.71582963924095 3.5565329903929532 97.77972621506163 69.53582436565479 50.04395384997838 50.67912982565468 70.9024789342647 87.52100562909402 54.3300128290083 25.266996945877 26.83167807808584 56.53586238365395 85.70064936361442 51.37433878230664 18.135520486375782 20.330385027206407 53.782943778173596 92.81658004061475 62.43369267592167 39.69688966231419 40.602324245761444 64.15670687481517 107.10183196573941 82.0219965636815 66.17542714117246 66.52473317013163 82.86535354644593
13.158918200483038 8.12438261866114 17.767746547931768 16.702906446741164 0.0 25.089746874056296 10.101846166789448 40.42834672858119 41.404989980116795 73.12817135135568 56.49378900547462 54.575601337045406 12.294865609887097 55.42953453812811 47.54900194508122 31.655470548627758 46.731939199775375 26.615860797676973 40.49129717230595 6.432138743682563 14.40373141643949 2.223602066627514 21.036026562347804 39.80602147273041 8.928204202061165 37.23145082493703 3.1247630873229855 47.36563717966724 38.069343881185304 68.11598731224036 39.231529772690564 63.281197358095056 17.723060157997516 40.77782372318788 8.15624419679498 40.42834672858119 12.42754274185711 18.801859019443782 27.0127630740292 15.202667511782545 83.6846496058316 53.65639877698243 33.907678258273116 42.60616299870855 69.82601643651016 76.91895757308507 42.4546426456969 9.117084492613625 27.544503563394336 61.87998079262473 80.12026940541793 47.96363033501288 24.012628217996312 35.32063146145675 65.675961458873 92.256633563536 66.13108204783943 51.28506116942098 57.2869871466798 79.55026212446822 110.4196223348021 89.55840721947185 79.01681218404329 82.83319329113002 99.36675607154386
21.089263925253725 25.389451430302106 41.46081925725643 19.825360941464396 25.089746874056296 0.0 27.19580155558959 64.83785059984831 59.39103453907734 73.35655931958694 34.239566610616045 31.424943861455155 21.497437169989137 31.17410837911347 72.62786818412452 56.61248955923099 21.924350385276036 42.97656097511827 49.7389008603757 18.86710723204909 31.028255381661985 27.286905638862635 45.32768623577322 58.414096042995176 30.813979797510985 45.00228351559376 24.895730932753494 71.91029039538093 59.86777506724265 69.13536471105944 19.344655046335287 38.20161226057022 22.067262597578768 17.818631002673442 26.08739164709141 65.49971922286022 13.642982028444516 40.90521537753058 32.34106198246855 22.851383098787956 107.96191906847866 76.20193013411193 48.50279789834337 35.96022404299666 51.269709226731635 101.97909617681033 67.54436895862226 33.4604332685787 8.474226017268736 37.6679905787962 103.54841759567422 69.86998797607957 37.89726344314043 19.632545859533465 41.58747481151854 112.35378796446717 82.25227113366715 57.465720992144 47.26513111125232 59.66981394774798 126.89729601848393 101.05936934768084 81.96226265427885 74.94913501823287 83.13649713492572
7.355726791846834 2.3537800305369805 24.31183352758363 10.875121023926836 10.101846166789448 27.19580155558959 0.0 38.538869345618814 33.48659973379984 63.21345574786388 53.88738865170812 52.697708725311834 6.522520532320041 54.569813662043835 48.812162861329924 34.37785617186241 46.95034502376015 36.11462061390011 30.438131787432816 13.188679904494805 4.709293504706053 10.653102591751985 26.335065686569607 48.18993005629443 5.291265593150698 27.130415434297632 7.0214358084479995 45.679813164827536 32.683722255378754 58.16476656372692 36.42378792279941 64.02059334435094 10.576100339063798 39.52016395737597 2.0057640597336475 41.99148693913495 13.742581433286265 26.64718184743988 17.401900914284234 7.75252988722754 86.97005497910448 59.422197611497765 43.50888020438928 51.476846510219744 76.16775419230034 76.85685535890127 43.46726539199082 16.330340456574437 32.23052577977605 64.85201213889279 76.42047976814311 42.69813935027203 14.17828208486636 31.20524739131303 64.35341832083097 85.80871065679634 57.72508293837732 41.18321775705136 49.545448820790206 74.88836640016659 102.35245194060192 80.10292685413715 68.93254108908081 74.03832393407876 92.77075756855047
45.79986691101069 39.852986840408164 31.08749617813453 48.951646597129354 40.42834672858119 64.83785059984831 38.538869345618814 0.0 26.843841839653926 78.70469629279627 91.82245996475625 90.97239493607186 45.027350310002745 93.07596547666635 16.189505070077583 17.742444860598876 85.43897475659861 46.26206153906989 44.78511267976711 46.84463471528531 36.23144897614688 38.44627967107832 27.28753183600588 46.10493873584777 34.142716707776025 46.10454429748128 40.01117225649556 7.141115274949309 14.488431357952201 73.71985914467763 74.54556086050809 102.4584549690796 47.88116032249072 78.02475162034729 39.14204427148067 13.897635707737441 51.24864509469756 35.0348070099523 47.17413565512754 45.44135526159961 54.81929445231075 40.40992990861646 51.532438828976574 77.92974074931482 109.01981085528341 38.87177687284961 12.350374048330483 34.480428704398875 67.97146247315372 102.20660927913003 40.290840826483 16.24308547207646 36.04404433064406 68.7703262506571 102.73456939228808 57.81140973512798 44.34945696224351 54.64801398878616 80.00470233300942 110.49848514334272 81.65377412871968 72.53650059807441 79.06010448994982 98.15399858028758 124.14775818186095
38.35713498837647 35.77077456102747 43.627821955631624 39.76668951700925 41.404989980116795 59.39103453907734 33.48659973379984 26.843841839653926 0.0 52.06749347403295 77.62248652089417 77.9543327421741 38.05595625295782 81.43474318820377 43.03178963544336 39.15732087517164 75.93194379890342 60.15845946789812 20.478005352941103 46.34417787571937 28.951482529567528 40.49765866736923 41.90968211294901 65.88124446645179 32.48584357488407 23.6115288042422 39.13301508722466 31.22490236420906 12.386349421490996 47.17925245438998 61.98290831342288 92.7778282218626 37.71693363328794 67.13238738546536 35.22340410883468 39.72608964251306 46.79702463954828 47.86977748201165 30.816716973313067 36.554857702856275 81.04215823135175 65.84522264085682 67.06809093778672 83.99665376020388 109.57883192114743 60.95611746504293 38.85344230057421 41.21117087258266 65.43668798632848 96.2309127450602 49.645456115350164 16.434581855980422 21.68808049106848 55.36698814923158 89.7523654548444 53.05630910500042 24.84312331966016 28.534820896831018 58.362124857178465 91.61269354605268 69.04006187893951 50.50570269413591 52.24873559136986 72.82748961053133 101.35366110649188
61.28275139222506 65.01039441085877 85.45984954128174 59.00793028194674 73.12817135135568 73.35655931958694 63.21345574786388 78.70469629279627 52.06749347403295 0.0 66.1794382642859 69.26383877110847 61.87516937945254 74.81984970194685 94.80010537442318 87.87432290137748 75.74671054390956 99.238070310472 35.64558718167503 73.78108328409749 59.73110785509731 73.86655719392985 85.81746344575187 109.9805055882661 66.73634278636327 36.95218405681023 70.00585266252662 83.27493790686067 64.24459011083904 5.196219160246474 60.898674840222064 87.4485744872804 57.0164044770126 67.34047263409404 65.04390737084388 90.69457523784193 68.61947253770802 88.75709442370709 46.22034565808177 58.75701204066297 133.10064601326056 115.53620895781769 106.6587189616678 108.61943759773139 120.89216376562366 111.65851306847631 90.27000947956228 78.89524602938576 81.8228528391348 97.77644303703684 93.8483623226919 67.24725139802389 51.29985536244618 55.99966187786826 77.68560826192115 82.07110356808957 49.692839508442205 24.452711044877507 33.48636107677508 63.55770764054074 79.07082166618355 44.613325733888495 11.106604245421968 25.5189794751962 59.78238703672023
46.54534771356426 53.15948355589306 74.09844558797714 43.07886386783693 56.49378900547462 34.239566610616045 53.88738865170812 91.82245996475625 77.62248652089417 66.1794382642859 0.0 4.315291556131603 47.419505895217085 9.671395181435534 102.65716562524192 87.62885387426056 16.59583420135565 77.21269543500894 60.33269150626014 51.25662852479514 55.610330448070805 58.67329349592014 77.52910117770213 92.62454950462767 58.935289648387254 55.664907835112864 55.095513805567386 98.90953559726967 82.85005170940232 63.92768546077858 17.487908856090637 21.46672952849485 43.96103111421708 16.424532067088652 53.826924683181964 95.75064014148425 44.11190240722191 74.25178361306648 46.94623547319293 46.49776229142445 140.0866667758769 109.68680941933403 82.66138075312325 63.47753409003741 60.172057974670096 130.54646484123356 97.3296286306679 65.56346968676473 38.973264265311826 33.67635550797865 126.60271160001234 92.02311856438502 57.472743199620574 23.08315763098034 12.54600399748302 128.77085764116623 94.95708130297308 62.02099945460837 32.72926869793645 26.280206588521427 136.76040820341223 105.44573871030421 77.00001056528366 55.98216411730721 52.285820546115495
45.343896456831175 51.79764977433648 72.00455861729586 42.03568192297221 54.575601337045406 31.424943861455155 52.697708725311834 90.97239493607186 77.9543327421741 69.26383877110847 4.315291556131603 0.0 46.18226121931783 5.6919608777351485 101.27769432223224 85.98424455986977 12.472743218080776 74.34228365825729 61.37675356275065 49.08337186494606 54.754072584856786 56.78012709516933 75.56391397625534 89.81567398794489 57.61430863863714 56.60302758662617 53.380070934000045 98.09153415455638 82.57042992049925 66.79471489368083 16.46472301178382 18.191511015209006 43.126530887054216 13.869384845059953 52.482148941622064 94.30191739481842 42.14835915942698 71.93826336990021 47.14671307611394 45.53202925830342 138.25996736606405 107.3658171073922 79.58526375964009 59.45590931728843 55.95526355873389 129.5366016837414 95.98346123347355 63.56695916632919 35.54618936546002 29.684081138065995 126.53624260604667 91.93249298696817 57.32887802197823 22.726012809916984 11.88265440597015 129.65697539214867 96.1443594929667 63.80739515560486 35.970386588238476 30.18597301761146 138.48543955124964 107.65334628120836 79.96913901677296 59.96396967688596 56.489701363889104
0.9462505037344268 5.87731367939792 29.128758517041305 4.730454489896379 12.294865609887097 21.497437169989137 6.522520532320041 45.027350310002745 38.05595625295782 61.87516937945254 47.419505895217085 46.18226121931783 0.0 48.05918880637172 55.24268397595238 40.5318753144638 40.54922615283083 38.81436337624517 31.53077317558576 11.940759739646724 9.578861025273108 13.837651416535849 31.688098237979997 52.05315431868287 11.53177010842563 27.490083626108145 9.524079410363983 52.16824649272126 38.571177554099584 56.98613673230454 29.941453935593735 57.64577023039741 5.428411760682499 33.0078893370463 6.491075328576261 48.37058961927321 8.936744455058518 30.809679758860387 15.752382549497327 3.1205304446664415 93.15100992785362 64.80949998301499 46.024427141801276 49.30558252790233 71.6843707650724 83.37909307296323 49.9107550064541 20.61414383763724 27.452714698380113 58.96786684078752 82.54816755789166 48.52295381212313 17.017812316633783 24.89149725089218 57.8309531711694 90.9037895536885 61.56671074779958 41.37927881366952 45.0427961427179 68.84973623662795 106.30092758890329 82.4557428345514 68.50384921489486 70.57882614980834 87.54844119930581
47.27666311731353 53.453139591109945 72.47901612424228 44.209735960344084 55.42953453812811 31.17410837911347 54.569813662043835 93.07596547666635 81.43474318820377 74.81984970194685 9.671395181435534 5.6919608777351485 48.05918880637172 0.0 102.66726488815969 87.05491235908511 9.828431681848787 73.52811210787024 65.5923623638386 49.607048136657376 57.02631107880492 57.65208574590258 76.21425815722453 89.05245866338988 59.27463839551326 60.745675169438286 54.5368445968096 100.21517013275064 85.37726537295337 72.25976842209916 19.45196926835459 12.771659347188661 45.54049914762828 15.05178189090767 54.15387816275857 95.61668826641925 43.07607306658951 72.07230107475173 50.6531313434874 47.75827044745633 138.95337861265673 107.36693470538025 78.3714332418661 56.13653063314593 50.550412845912696 131.3563636779457 97.43206414845537 64.23678545518165 33.97891586512656 24.03359061351063 129.48941136153843 94.92366121649131 60.401565762511936 26.09694844700815 10.421428587615486 133.59307445175216 100.40004723737692 68.61532490065647 41.60275856780131 33.88730755856422 143.15459439952897 112.70292606373977 85.47189201253148 65.60276094878967 60.80117848482542
56.1262141082297 49.50923869356515 32.87144667604825 59.67965580513004 47.54900194508122 72.62786818412452 48.812162861329924 16.189505070077583 43.03178963544336 94.80010537442318 102.65716562524192 101.27769432223224 55.24268397595238 102.66726488815969 0.0 16.372236314006546 94.22955565594341 43.8175440137843 60.42958048312545 53.7939247349919 47.741229351644975 45.3434933476193 28.563820191954257 38.28728915015509 43.72192066088245 61.30134074154239 48.148329697566126 13.924129728733432 30.663275482090697 89.78365004262018 85.17195448122646 110.8274278456035 59.09712694035165 87.75424550497314 48.83576657890551 7.141115274949317 59.663927820225695 35.536193997450695 60.61998049516927 56.392658738268935 39.5165246728341 26.27803914411219 47.056946700863065 78.31359011478358 111.56398089135942 29.895885542825287 5.3730333140560775 39.48201240890383 74.05162674091979 108.64304784176893 42.84292941933735 31.015851964714525 49.83257440781776 79.99639865640096 112.74040114365947 66.23262026551065 59.07472217637917 70.62345052657224 94.23538018396263 123.1573308415224 92.45187323467162 87.24817634384998 95.24623179270446 113.69322780445776 138.47440342284156
41.45639961304046 34.66599249079443 16.552239439812134 45.16320050250697 31.655470548627758 56.61248955923099 34.37785617186241 17.742444860598876 39.15732087517164 87.87432290137748 87.62885387426056 85.98424455986977 40.5318753144638 87.05491235908511 16.372236314006546 0.0 78.37564696560095 29.331413618646174 52.30393034977669 37.74543890971473 34.28750162373987 29.43251764066477 12.23861526052962 28.500506648060398 29.10297990430485 51.96130756268053 32.6053612969283 21.877643547824903 27.816215435165866 82.70239758296606 70.17105014536982 94.79565283204623 44.93396393749766 72.28921551293375 34.040801082260785 9.332685740345529 43.98147526909951 19.532985309200786 48.49421665869388 42.125771919699794 52.61962516646593 27.6746146932857 34.02624959717903 62.80548576593101 95.5306989402708 46.25849194575089 11.94487976212518 23.245783791177182 57.731334747240574 92.30548085255975 55.79764062368414 33.27572318888311 38.67823848826743 65.41845179712672 97.25213037333822 75.42781518600071 60.494709864615096 63.440127879706324 82.36792467249224 109.26612232573999 99.33598035576321 88.31501935822708 90.14517417507028 104.15117061841418 126.34668330672795
39.852501720309625 45.591356174191496 63.384974154735566 37.17474522613248 46.731939199775375 21.924350385276036 46.95034502376015 85.43897475659861 75.93194379890342 75.74671054390956 16.59583420135565 12.472743218080776 40.54922615283083 9.828431681848787 94.22955565594341 78.37564696560095 0.0 63.80201262580832 61.79045899277358 40.6850889876445 49.888314905460696 48.95189676460882 67.23405764852195 79.32733018119659 51.34967419038289 56.84949603663884 46.129646879768934 92.57330261726669 78.72963500670528 72.60996052507274 15.62263430584033 17.115718410275868 38.81435141145849 9.254908914577682 46.301635135870654 87.12901505836604 34.595835123927635 62.759629379775625 45.628849701409486 40.71512919510223 129.8861043810765 97.91965874646131 68.56337866028126 46.993957972505854 45.94284653508708 123.28647391944612 89.06618286506138 55.32508352107983 24.1618389429456 22.395841438527032 122.8753917616575 88.50154287476427 54.419995085463086 22.03180025284922 20.102640700204496 128.71218928259702 96.37157167940649 66.35477095514254 43.74077129009185 42.64244554832494 140.01738330256268 110.89441520859893 85.93626047014986 69.76586736072382 68.87871573756676
39.629460085230825 34.52072461375726 16.639350969698484 42.94179736435965 26.615860797676973 42.97656097511827 36.11462061390011 46.26206153906989 60.15845946789812 99.238070310472 77.21269543500894 74.34228365825729 38.81436337624517 73.52811210787024 43.8175440137843 29.331413618646174 63.80201262580832 0.0 65.17371727334267 28.41956945777952 39.53525904515755 25.51992854488006 19.373427427928235 15.525596782744428 32.58506722378073 62.63361113825932 29.64164686406458 51.161278843737264 51.98399453942337 94.14759139413694 61.37753146866313 77.88105299663476 44.2222393856839 60.78837766929181 34.384414343828546 37.770407709753485 35.75856745840608 12.32869119462149 53.46163970965489 41.795778334896156 70.03272055664907 35.811495563552306 7.429523166210116 34.968353528807455 69.17533531975971 72.6517955686414 40.65381134055103 20.543307279881677 39.826733382188756 71.7297429949318 85.1137760649142 60.006218323562656 48.49686349406299 59.1434989698592 83.89737386760531 103.93596113975376 84.41796679439511 76.45156445726063 83.41480558201404 102.30326174373175 126.30545301264166 110.58693812913737 104.40552861917841 109.3901185114674 124.20354965795194
31.304744086700136 32.62468960659939 50.40186805607438 30.679681898282606 40.49129717230595 49.7389008603757 30.438131787432816 44.78511267976711 20.478005352941103 35.64558718167503 60.33269150626014 61.37675356275065 31.53077317558576 65.5923623638386 60.42958048312545 52.30393034977669 61.79045899277358 65.17371727334267 0.0 42.96341509274109 26.148514247999938 40.685257850538235 50.41231144317967 74.80023736977952 32.75706313346654 4.948504800639767 37.45214150573666 50.34981091374102 30.911079228935716 30.455184779754763 46.590032875075835 77.76892718068086 28.330928730911054 52.56938081676699 32.433173798214895 55.70275312015847 40.0782592571342 53.9763773663192 17.39883299975953 28.77513887638167 99.59793735413918 79.9785412969378 72.58192498495531 80.83597853652918 100.97289656637021 81.13055112253284 55.58450297584299 44.63096343699751 57.3500139895248 83.55202326947918 69.55416711701228 36.89543666021476 16.72164169846044 39.90992768260436 72.80687004599655 68.45945011464285 34.80768537659331 11.458861307289812 38.0248331170255 71.80057280131612 78.28740255050762 51.38628899092201 39.332022944616654 53.369367584829234 80.89743381798563
12.498743834579303 10.83513126719649 22.928293936003016 15.11971644408384 6.432138743682563 18.86710723204909 13.188679904494805 46.84463471528531 46.34417787571937 73.78108328409749 51.25662852479514 49.08337186494606 11.940759739646724 49.607048136657376 53.7939247349919 37.74543890971473 40.6850889876445 28.41956945777952 42.96341509274109 0.0 17.897737298648014 8.535679176945068 26.6075690909875 42.84518395879194 14.228562863770346 39.17910104806371 7.417439212460468 53.79392473499191 43.969446379092346 68.91260358302524 34.31042767244448 57.05949512884892 16.85769796555429 35.21915826107813 11.270671699750533 46.659181042193886 7.501654375455683 23.0510721123288 27.692592804103512 15.043051701435688 89.34820073240961 58.44943934146798 35.276150378289145 38.305488550580996 63.91437993165415 83.27023236261591 48.752515437297475 14.647113856243742 21.145262975290574 55.448718356624966 86.43683952911445 53.93760835872575 27.240551512468425 31.139579023226492 59.93448757231675 97.95538328302861 70.8073435315946 53.1686516512838 55.09023485591346 75.0850535865024 115.34990126547115 93.21979335318245 80.43004109435776 81.50327991887683 95.97556592114289
10.133178767425939 7.063072679893018 26.38570402002475 12.818744243648714 14.40373141643949 31.028255381661985 4.709293504706053 36.23144897614688 28.951482529567528 59.73110785509731 55.610330448070805 54.754072584856786 9.578861025273108 57.02631107880492 47.741229351644975 34.28750162373987 49.888314905460696 39.53525904515755 26.148514247999938 17.897737298648014 0.0 14.543812569784 27.746181918284876 50.7518624162392 7.029248231288691 23.16320509879326 11.455081669875224 43.341320355585495 29.008367965012297 54.62407015757577 38.31600366163782 67.0035065699492 11.652004644638092 42.00856620410043 6.657897144999936 41.174245902505724 17.92444280472774 29.251213750164897 14.929886495182236 9.268076147518375 86.53816526112709 60.413574345120196 46.96335988531347 56.179406076145035 80.63191335198633 74.9461425911167 42.36820340089097 19.18469242135007 36.54979590961461 68.54611683057178 73.0488992352567 38.94690158559457 9.614229891179791 32.601510691266334 66.544243867968 81.52620602000367 53.05850892749326 37.131065240632815 48.34308820589025 75.4335461415553 97.71382270568269 75.43224036118205 65.01404616218444 71.82200976279323 92.11268940331209
14.74095256301612 9.008268445112146 15.705136264254943 18.396027114374572 2.223602066627514 27.286905638862635 10.653102591751985 38.44627967107832 40.49765866736923 73.86655719392985 58.67329349592014 56.78012709516933 13.837651416535849 57.65208574590258 45.3434933476193 29.43251764066477 48.95189676460882 25.51992854488006 40.685257850538235 8.535679176945068 14.543812569784 0.0 18.868533533531696 38.235255608739855 8.307231628914908 37.640945660425984 4.315337895465507 45.343493347619315 36.59566402627027 68.81592576553753 41.38279749922712 65.48409762596059 19.23129523448333 42.99005721713645 8.867577578031165 38.21956972895834 14.635801236222923 16.998021084235763 27.94238880067638 16.594788134188825 81.48019484624506 51.604000026612326 32.89007799629853 43.53590917934616 71.4410756567254 74.74903447413357 40.26200246848906 7.0351651010124785 29.54339639410418 63.960808392885745 78.26915626301123 46.41899988503893 24.046411628166084 37.3708430180961 67.89531307326227 90.85658675620964 65.29951248738604 51.652065804574256 58.878247852438754 81.60982070536544 109.4251892346419 89.15613384957196 79.48893811152577 84.15995056027009 101.20293568222176
32.63417518274003 25.925729067585653 4.313757215308239 36.417732056473376 21.036026562347804 45.32768623577322 26.335065686569607 27.28753183600588 41.90968211294901 85.81746344575187 77.52910117770213 75.56391397625534 31.688098237979997 76.21425815722453 28.563820191954257 12.23861526052962 67.23405764852195 19.373427427928235 50.41231144317967 26.6075690909875 27.746181918284876 18.868533533531696 0.0 24.541577396012926 21.2255973501326 48.924285922065685 22.696524090163848 32.83690135668572 32.82041957614072 80.62689515315333 60.25055275991081 83.3439093178829 36.69877298368969 61.73125201116515 25.42446548508131 21.570366894525765 33.435088048198104 7.763997318634549 42.66951396152228 33.870545945947775 62.746280622794295 33.13825436788694 25.574126693228383 51.03696594383467 83.36876940582115 58.459357698757515 24.151921385377076 11.999502267436366 45.82046209648792 80.31124070019668 67.04621404061817 40.633961922581044 34.66808305359271 56.10228320246871 86.53259186499834 84.67661513874887 65.5857714345886 61.86791546231746 75.81929700705764 100.320854852128 106.96797087306565 92.38120575513787 89.56073996285394 99.51212836258512 119.07518557431156
52.940365456623496 47.03619306059419 24.527560541829317 56.50679937760522 39.80602147273041 58.414096042995176 48.18993005629443 46.10493873584777 65.88124446645179 109.9805055882661 92.62454950462767 89.81567398794489 52.05315431868287 89.05245866338988 38.28728915015509 28.500506648060398 79.32733018119659 15.525596782744428 74.80023736977952 42.84518395879194 50.7518624162392 38.235255608739855 24.541577396012926 0.0 43.766713636683555 73.02838766310477 42.54770112261275 49.09989814757928 55.62324800435347 104.80606910589526 76.54545087717446 93.27094175403114 57.46263029961984 76.20312708903101 46.74320141596069 34.13381074093883 50.331329218097764 21.55563824389628 65.47057999063267 54.823307008952824 56.84426288949544 22.265479080976043 12.453404108926838 47.00295064179249 81.59854069840009 64.08860744674789 36.92949600774457 31.860055811343784 55.32789574228875 86.6148159840231 81.12515397997771 61.765810362777266 58.681594583183575 73.93803654193475 99.42296738193971 103.21313877832314 88.5962423402648 86.25744566135648 97.08815758203312 117.50142291034959 127.75797978839182 116.04478933468967 114.04071957243828 122.22429859632821 138.80516369067774
12.430653733703455 5.826313892899255 19.512061862729098 16.080439515725015 8.928204202061165 30.813979797510985 5.291265593150698 34.142716707776025 32.48584357488407 66.73634278636327 58.935289648387254 57.61430863863714 11.53177010842563 59.27463839551326 43.72192066088245 29.10297990430485 51.34967419038289 32.58506722378073 32.75706313346654 14.228562863770346 7.029248231288691 8.307231628914908 21.2255973501326 43.766713636683555 0.0 30.04957844781892 6.816405062063839 41.26058363810823 29.807059195957695 61.61953729226414 41.450251569295425 68.33046467428359 15.867358121450273 44.255493504605276 5.133895215262212 36.83883243046967 17.173843721440857 22.240962009586454 21.750980319670678 13.041953343796042 81.70892849869641 54.23411324313827 40.014398547063294 51.53433954423998 78.1360814379413 72.08248554441762 38.39886493193069 12.161928681599946 34.87411311969694 68.40574974311828 72.850486157164 39.809032549137086 16.036652993777942 36.39284041723435 69.18491783344253 83.72734599650427 57.203072025312245 43.919596954116884 54.5938376610083 80.16769792487669 101.5136088524074 80.84969514531493 71.854621462449 78.640021902826 97.98046979967583
27.177580048259 29.194930019869446 48.50951817374149 26.236058186192086 37.23145082493703 45.00228351559376 27.130415434297632 46.10454429748128 23.6115288042422 36.95218405681023 55.664907835112864 56.60302758662617 27.490083626108145 60.745675169438286 61.30134074154239 51.96130756268053 56.84949603663884 62.63361113825932 4.948504800639767 39.17910104806371 23.16320509879326 37.640945660425984 48.924285922065685 73.02838766310477 30.04957844781892 0.0 34.13525832968402 52.07898276261799 32.84667273212733 31.77928314305213 41.68146311539125 72.87321476023882 23.901851912111077 47.63306996762398 29.084816839268065 56.14158498066858 35.80129490031186 51.854775824763614 12.698956604189235 24.603622697976757 100.71900955317727 79.55601487097188 70.06253060862626 76.70146651873655 96.18851185950341 83.38563070803568 56.27891011852337 42.14602797824543 52.7264569234123 78.60464668100144 73.16679241583783 39.77720664962961 14.350028663778541 34.992441667985226 68.10190248822963 73.109907959648 39.673438556968925 14.062555596572864 34.876637894708665 68.0430373344086 83.23581724556848 56.058744822975946 41.8543257732323 52.495775234021224 78.45156700318545
10.431376441701897 4.99962070498708 19.802716071261624 14.110534550729813 3.1247630873229855 24.895730932753494 7.0214358084479995 40.01117225649556 39.13301508722466 70.00585266252662 55.095513805567386 53.380070934000045 9.524079410363983 54.5368445968096 48.148329697566126 32.6053612969283 46.129646879768934 29.64164686406458 37.45214150573666 7.417439212460468 11.455081669875224 4.315337895465507 22.696524090163848 42.54770112261275 6.816405062063839 34.13525832968402 0.0 47.05143639640861 36.56466214382751 64.99183297868257 37.69715031689531 62.90089017370475 14.916492547813398 39.69705151421985 5.050445526403039 41.08221149521393 11.53382934149351 21.293926342382125 23.908866394939817 12.294865609887097 84.99281296155958 55.65644354714094 36.963899625181696 45.05384286729131 71.33159435326175 77.19578215483835 42.94959261995614 11.180308914158568 28.287527041216446 62.21110947641068 79.27119874914851 46.5448007781039 21.065631461977496 33.405837805861175 64.67600784898576 90.54259876175486 63.74067908556538 48.19332003679631 54.563064145400205 77.63034064269073 108.17207144921474 86.79818998000592 75.90386674282074 79.89750091016526 96.95652004198931
52.93968851883433 46.984134942668014 36.87914219886664 56.079720388539855 47.36563717966724 71.91029039538093 45.679813164827536 7.141115274949309 31.22490236420906 83.27493790686067 98.90953559726967 98.09153415455638 52.16824649272126 100.21517013275064 13.924129728733432 21.877643547824903 92.57330261726669 51.161278843737264 50.34981091374102 53.79392473499191 43.341320355585495 45.343493347619315 32.83690135668572 49.09989814757928 41.26058363810823 52.07898276261799 47.05143639640861 0.0 19.45165549517476 78.40372862090268 81.65725605402297 109.58557492645804 54.98610774622688 85.16421544410996 46.27341836318272 15.063731948594114 58.340660543847704 40.58281936686787 53.940753820941374 52.564265842758395 49.82590845230115 40.03937409677158 55.843577110022515 83.83723535385536 115.47156471991987 31.96384196249249 12.474743398804621 41.04147973656002 74.88683930614974 109.20863587492202 34.20950639696364 17.402849425985078 42.78173576526453 75.8455243813177 109.86200038546222 54.11489717926881 45.220160366706615 59.63319808594521 86.383958737896 117.31612396374683 79.34722675721038 73.35891851234527 82.83615370354738 103.61889160674926 130.40962362307593
39.14108530100402 34.61608627151116 35.403298940361175 41.55959020766601 38.069343881185304 59.86777506724265 32.683722255378754 14.488431357952201 12.386349421490996 64.24459011083904 82.85005170940232 82.57042992049925 38.571177554099584 85.37726537295337 30.663275482090697 27.816215435165866 78.72963500670528 51.98399453942337 30.911079228935716 43.969446379092346 29.008367965012297 36.59566402627027 32.82041957614072 55.62324800435347 29.807059195957695 32.84667273212733 36.56466214382751 19.45165549517476 0.0 59.28312417688894 66.16331744147261 95.83381467190866 39.95639249481898 70.51897052656936 33.944896656031275 27.444305809051645 46.39719922149465 39.72770912020055 36.35368333935516 38.031799075786225 69.03492882976924 53.76310496399019 58.39452857574323 79.52464985708967 107.85739824286065 50.559368126255066 26.47976450879309 35.227099699281254 64.61858540395414 97.49367675520787 44.159566250974216 10.027894744182401 25.414646147110133 59.88408794346081 94.45188152231755 54.28912153826581 32.994666859980875 40.30908291736072 67.49689689612057 99.40661354022366 74.48434148863281 60.54246046842928 64.63471332864337 84.17058315798216 111.29470887602052
56.41635299985753 59.993200549369085 80.28879056832072 54.245078582328084 68.11598731224036 69.13536471105944 58.16476656372692 73.71985914467763 47.17925245438998 5.196219160246474 63.92768546077858 66.79471489368083 56.98613673230454 72.25976842209916 89.78365004262018 82.70239758296606 72.60996052507274 94.14759139413694 30.455184779754763 68.91260358302524 54.62407015757577 68.81592576553753 80.62689515315333 104.80606910589526 61.61953729226414 31.77928314305213 64.99183297868257 78.40372862090268 59.28312417688894 0.0 57.493616735485624 84.97666869465239 52.20938261394186 63.99278225359622 60.011650541061826 85.60120055713817 63.91243118118402 83.60571384752545 41.28189437132705 53.87315694315614 128.21936147733723 110.3683577488558 101.57163708277292 104.14928642979791 117.35418017102468 107.11991440692653 85.213053203989 73.77399113031109 77.58020402967233 94.81309669933947 89.98808347205085 62.573685288481165 46.129069031818375 52.298469625469274 75.74419341845059 79.4350999331221 46.303037838880876 19.309478477909114 31.568798511024287 63.36537346291392 78.17300121531274 44.12348282436267 13.326575703879087 28.340179416600325 61.835153308294245
29.073996503146507 35.67160476837761 56.94302837142809 25.659472664417308 39.231529772690564 19.344655046335287 36.42378792279941 74.54556086050809 61.98290831342288 60.898674840222064 17.487908856090637 16.46472301178382 29.941453935593735 19.45196926835459 85.17195448122646 70.17105014536982 15.62263430584033 61.37753146866313 46.590032875075835 34.31042767244448 38.31600366163782 41.38279749922712 60.25055275991081 76.54545087717446 41.450251569295425 41.68146311539125 37.69715031689531 81.65725605402297 66.16331744147261 57.493616735485624 0.0 31.2051976579224 26.67549505705631 6.536714591246757 36.33950037563734 78.26278845625032 26.96954680974324 57.35896873425027 31.211948543832612 29.12352880770651 122.67911836692957 92.71352424450846 67.35152491417738 53.58597835996825 60.0123744267673 113.17844739026626 79.84734811535226 48.33920418620606 26.317293460491086 37.991615159811204 110.1971512425615 75.6027397038683 41.0242694755643 6.712782418522054 28.319366802883835 114.24691615064359 81.34101852782447 50.74644533660726 30.47751807643275 40.95599439423698 124.64407702080416 95.2749091406629 70.80438013346252 57.827344240704136 63.792889888885
56.95839030266007 62.60724571422118 79.34811468453657 54.285548346338324 63.281197358095056 38.20161226057022 64.02059334435094 102.4584549690796 92.7778282218626 87.4485744872804 21.46672952849485 18.191511015209006 57.64577023039741 12.771659347188661 110.8274278456035 94.79565283204623 17.115718410275868 77.88105299663476 77.76892718068086 57.05949512884892 67.0035065699492 65.48409762596059 83.3439093178829 93.27094175403114 68.33046467428359 72.87321476023882 62.90089017370475 109.58557492645804 95.83381467190866 84.97666869465239 31.2051976579224 0.0 55.898167760441545 25.647475134854854 63.31841687926688 103.70081087755351 51.396832749675426 78.32214319887417 62.21559187862749 57.82837439842401 145.66891654428173 112.9464041103467 81.78733037199211 54.92053234435283 41.69151704511414 140.0943829185148 105.72868765501964 71.59277255528184 38.305941996733296 14.283407286454842 139.9846670062335 105.58460636780275 71.38180587345468 37.91393306932558 13.206870751838666 145.35215041163545 112.54133944415997 81.2322629122733 54.09833632483039 40.61282372423314 155.63087716929743 125.42248517260067 98.16003800847736 77.03732704874373 68.03579852663982
4.592923255555867 10.792292460103381 34.33518767975481 2.3503127420564196 17.723060157997516 22.067262597578768 10.576100339063798 47.88116032249072 37.71693363328794 57.0164044770126 43.96103111421708 43.126530887054216 5.428411760682499 45.54049914762828 59.09712694035165 44.93396393749766 38.81435141145849 44.2222393856839 28.330928730911054 16.85769796555429 11.652004644638092 19.23129523448333 36.69877298368969 57.46263029961984 15.867358121450273 23.901851912111077 14.916492547813398 54.98610774622688 39.95639249481898 52.20938261394186 26.67549505705631 55.898167760441545 0.0 30.592489962220526 11.274370162699446 52.37721855915414 12.005067407569593 36.164193397694746 11.436007670180253 2.838512128875534 97.49772042755586 69.8349002786231 51.408442456377884 52.94855490203393 73.2057226459712 86.58829803012077 53.73168921144723 25.913335586471824 29.1676698255666 58.52222168551226 84.11595498243057 49.68835775139326 16.038250863856767 20.985034354256772 54.93970717305431 90.77285508409257 60.18681510667135 37.41691329010402 39.65386845000104 64.34022351000716 104.83376720434426 79.67174943687826 64.02995300571285 65.16794011386185 82.39335087573946
32.22510742224795 38.43042481984622 58.1443753296517 29.19000645904399 40.77782372318788 17.818631002673442 39.52016395737597 78.02475162034729 67.13238738546536 67.34047263409404 16.424532067088652 13.869384845059953 33.0078893370463 15.05178189090767 87.75424550497314 72.28921551293375 9.254908914577682 60.78837766929181 52.56938081676699 35.21915826107813 42.00856620410043 42.99005721713645 61.73125201116515 76.20312708903101 44.255493504605276 47.63306996762398 39.69705151421985 85.16421544410996 70.51897052656936 63.99278225359622 6.536714591246757 25.647475134854854 30.592489962220526 0.0 39.128579580807056 80.73214362033677 28.355311467316078 58.07531692406354 36.60532920184222 32.743691046371666 124.45342257061894 93.50774788411219 66.28387630505605 49.37827885307447 53.64406219369612 116.32858210600753 82.49470427917316 49.731876850431384 23.151437061731542 31.52086012685798 114.66930205837268 80.15991047509166 45.793308361131736 12.778746591339493 24.98837867404064 119.74475289001943 87.20335896907737 57.1390980854618 36.3339784402325 42.07457894939684 130.77286327175173 101.69440534838472 77.30938142528117 63.29697388636342 66.56614320416847
