0.0 99.06893032870654 11.808615078312059 53.914027699884834 49.48185509541568 52.47107947337702 55.27394599452733 49.855022087607374 48.18541975291272 50.798795389375215 35.47012197611105 12.928621197810875 79.51261939334057 91.8949226424294 58.3979668825998 88.29530307826046 81.78535689460496 55.062144422847425 59.4762538259161 35.96711361287816 47.077008117907894 44.90910153634406 86.4485199493247 53.32165504797952 28.549925006231245 22.771247414640673 45.32820622619414 24.47910949250598 56.64771954688723 41.29903733647688 67.29615749543349 68.28844700748431 28.60843541578762 61.93850375392902 69.63833530033473 69.95218910266824 86.56304049643897 71.16856906536502 55.60879227999604 120.57362326941296 37.121941047169585 58.21461790076734 39.3580932290418 35.546410607296735 41.13477074937859 75.42195661727496 84.98605737088174 41.77853198323023
99.06893032870654 0.0 88.21084849193383 54.36887667513454 51.316246527166946 48.89117602256661 49.91625573086222 49.84364665470043 66.4660747423033 56.78844250941157 71.04059075371713 108.84610073772788 25.211017724143854 13.191596251731404 56.83781902931162 21.21950616515254 24.387327127537702 45.64887207489023 49.679745003913176 72.68199630428008 59.83880240267947 65.68238209945591 98.81323604207314 76.96156687733404 73.52881557626317 77.72800545128426 80.60035611815712 75.40107304219987 54.94415050481375 58.179540495446346 39.845848804950165 39.9473148865932 92.42954206875177 56.48541292056482 55.66597975911442 56.11625095996519 15.72075497154025 64.03978675537078 56.48541292056472 21.559448207819955 62.58269584376372 52.120299307281286 68.45978887680542 93.71047401159241 82.52872867268677 24.812413357505196 93.68954521833663 60.52440598785461
11.808615078312059 88.21084849193383 0.0 46.438563572608054 40.04102467660908 43.125799689382724 46.90843010736157 39.841678440886966 36.85754044685611 39.0057663692974 23.888422857599366 20.869539981040802 69.7857401395528 81.7025830328324 46.75143546656954 78.65291449298293 72.13517423024629 45.37419668161447 51.688662076450605 31.13858157993373 35.29432434064332 33.371936892417246 86.37163673429038 50.95986141229377 16.74333933056559 15.635120775141711 43.78831058490546 12.94248513428122 49.65646543330636 31.35898691422558 58.54772964994334 59.662545404003616 30.97463330629397 50.34091364195026 63.57092858879056 63.9628459858564 75.27369376947205 66.43127463194766 48.8449010994829 109.62777177865406 27.560737725336867 46.42421869914753 33.577425896778486 37.98751464281656 40.076737767782554 65.09422978781778 84.2399364757921 33.47291078135595
53.914027699884834 54.36887667513454 46.438563572608054 0.0 12.57974524332642 11.334422327013842 5.216399283378173 16.262746595370793 51.26545518037382 42.90026718236222 44.32615864390202 66.25153274812223 29.944850008867338 43.46120802876896 51.29506168134194 37.614787044454 31.637717335225997 13.79083815259833 5.724601564583413 19.9165847462028 42.31326420846245 47.26623466962899 56.9429241804973 24.570573648657827 40.03041250926046 31.353398219230044 26.472359867996783 37.305609608365415 4.009154020419725 19.25705957712447 15.259349772252182 15.76013931013201 39.026965961552655 54.35986485982375 18.507164427824744 19.036077924212687 47.96937203294026 24.571473920996873 4.373821830844724 75.06512621327867 20.67742998538605 46.23824038022186 15.661267541972327 39.483765662554376 28.16265889412274 30.041306749516714 52.75644136119778 13.262581853900297
49.48185509541568 51.316246527166946 40.04102467660908 12.57974524332642 0.0 3.107566845103987 9.1743637887851 3.816941796449538 38.86857553425507 30.322694514472506 33.0094285602905 60.79094849948815 30.03659077720264 42.696489116041455 38.76465414462312 38.81607880543346 32.30389162869742 5.7246279492850425 14.918724986199045 22.34052576942177 29.82837838101252 34.987118878519254 69.1901339404662 34.987118878519254 30.081132969209246 27.036930385333292 34.5275323624558 28.796270108790203 16.492882347823496 8.966975855435418 18.84598862524415 20.095371775316178 41.80141370650488 41.89575958975965 30.303030126053592 30.88233239146774 41.6807186510416 37.051111623156245 16.933569711187445 72.79447243336217 12.490861586638001 33.81146331897908 18.54661421308429 44.28061100585866 34.813343120599235 26.677017220340446 65.13539352542948 9.325034314318886
52.47107947337702 48.89117602256661 43.125799689382724 11.334422327013842 3.107566845103987 0.0 7.014923432120179 5.434640043348501 40.99539154370434 32.05868065599163 35.74955150783648 63.85537089359804 27.094043228006292 39.91059301692916 40.15072551281482 35.83047520496227 29.328981755302095 3.4064066878154686 12.60481387350289 24.134858922801325 31.86320931692412 37.24629516322247 68.27621981161599 34.99015410057493 33.09061671307487 29.9340578685193 35.268694624358645 31.898235765615848 14.99014684259778 12.063630920665108 15.758707622380504 17.024043770804816 43.798610512452754 43.12826715162522 28.151311846070108 28.74642525266308 39.88975490402233 35.306051014514246 15.682416858542615 70.29932510783999 15.566639599143418 34.98751851324871 20.117090476933317 45.891902961033445 35.92020990246874 24.132640294803675 64.08340226102185 11.65273105297854
55.27394599452733 49.91625573086222 46.90843010736157 5.216399283378173 9.1743637887851 7.014923432120179 0.0 12.389780331488252 47.93122394629944 39.07301252759813 42.09293300099237 67.24263447875478 26.086282275251918 39.524164901991114 47.12131888096874 34.23308368470126 27.990851743345317 8.854210115162537 5.746637710549957 23.180144005818445 38.8279182771486 44.11367677155534 61.7133049525385 29.783986020853373 38.675025972275755 32.50517351582354 31.411436894734205 36.69864866739207 8.241801234091183 17.39709488578288 12.15630290017725 13.043975770892422 42.775639474225045 50.04774287725722 21.189318362556712 21.77787109767673 42.920865084897926 28.30629938700946 9.195505379885459 70.87489537406606 19.86233143708092 41.89762037223169 18.871428073169472 43.795699716760254 32.82496643979206 25.322160521775885 57.411264998281226 13.531347951123156
49.855022087607374 49.84364665470043 39.841678440886966 16.262746595370793 3.816941796449538 5.434640043348501 12.389780331488252 0.0 35.564602855710056 26.733497926044564 30.56991451404587 60.702039146406015 29.956587078522457 42.04062578688468 35.03288187017342 38.835661505633794 32.326090034658 5.877313679397873 18.033542206989594 25.18418314628308 26.44259943763198 31.813834916042765 72.99099356464535 38.74700906723184 28.483866587622625 27.917708843924466 38.04025541212288 27.94925817716157 20.106214687072804 8.55857998130604 20.40561512113379 21.756390867629225 44.287610086955674 38.124888278641464 33.5670478831394 34.1592987322627 39.330109791455115 40.586227345841465 20.63367899431958 71.3944903514808 12.818815004898605 30.02555976731996 21.638428905891434 47.166956901245 38.122335904751424 25.614609398421127 68.91594722327869 11.911742540170273
48.18541975291272 66.4660747423033 36.85754044685611 51.26545518037382 38.86857553425507 40.99539154370434 47.93122394629944 35.564602855710056 0.0 10.426310374855403 13.23336638221276 52.15475973799802 57.912065553621275 65.25816138524561 11.534890719910942 65.91036541458624 60.31224857576577 40.40871620540461 53.59813282482006 49.997161738685 9.198015158789483 4.447564766129273 106.02645230991423 69.62047697688025 21.477877594131172 39.38894176183989 65.75662481079044 27.434194457555108 55.25482455378897 32.86993206272954 54.2821426560831 55.715072337193334 61.8613906432888 14.412802382479299 69.12048225852608 69.70876187406515 51.009038798623344 75.83655104303584 55.504218684204574 85.85113988157505 33.86477557300319 14.566302688160944 48.976237400667564 67.73704708918372 63.831300414610965 50.2766976840608 102.456516345075 40.89839247705406
50.798795389375215 56.78844250941157 39.0057663692974 42.90026718236222 30.322694514472506 32.05868065599163 39.07301252759813 26.733497926044564 10.426310374855403 0.0 16.094768133092277 56.99313809524154 47.49297016616507 54.97312552515997 9.451618589125259 55.48928140223345 49.88956190409052 31.014852688729 44.58994368678573 44.946898099900686 3.7705352097096627 8.895972208004169 98.9523302879518 63.23035419044851 22.279812284372408 37.2630572735038 60.38504064210096 27.24899577616535 46.80767952622952 25.915284895748755 44.39753272696218 45.82973311200532 59.467509752090486 13.173419614263183 60.14626113389616 60.74942044716574 41.605273679196806 67.31968734958384 47.24228270214444 76.73234100242001 28.051174898189952 7.4200055168086205 43.149747796258744 64.64173961434282 59.05085121854188 39.8542397942874 95.11224634127049 34.080865381606195
35.47012197611105 71.04059075371713 23.888422857599366 44.32615864390202 33.0094285602905 35.74955150783648 42.09293300099237 30.56991451404587 13.23336638221276 16.094768133092277 0.0 40.921917710370714 57.791857547920785 67.3747782300945 22.934811423984815 66.43136679772537 60.2595749144035 36.26356738786697 47.819675809112006 38.98255189815845 12.349909380777223 9.487649127036974 96.21302889674223 59.44454797568483 8.3412970559891 26.75424161045875 54.675141813286956 14.381390295229188 48.30247058297912 25.069141542234714 50.858797144186475 52.24171052728625 49.04917940194471 26.472359867996836 62.798267548698426 63.34155609288878 56.472855805847054 68.47939784897213 48.217094622693885 91.65658616084677 24.510651845936863 23.29720321752732 38.72651653567071 55.16716472929085 52.3074662571131 51.14138772491806 92.99953131117421 32.19787078585052
12.928621197810875 108.84610073772788 20.869539981040802 66.25153274812223 60.79094849948815 63.85537089359804 67.24263447875478 60.702039146406015 52.15475973799802 56.99313809524154 40.921917710370714 0.0 90.63268436584937 102.56389584467914 63.29275915792205 99.49155635993885 92.97189403491176 66.19419071256316 71.71530198661 48.801087827794376 53.22901922547883 49.72611275414159 98.64910882044029 66.16945785074421 35.839481817537546 34.90141393118949 58.10372975396778 33.45531530460324 69.15194695124222 52.19888484443212 79.09248543225112 80.15560080939892 40.68676759700522 66.5115706610388 82.39429040390372 82.72264382408072 95.52105390943413 84.08112758266097 68.17327785315534 130.17508871304398 48.30105391879498 64.2131807496135 52.0683469954036 47.37484308156421 53.863262848738614 85.94580652703097 97.40140950120535 53.71369260040159
79.51261939334057 25.211017724143854 69.7857401395528 29.944850008867338 30.03659077720264 27.094043228006292 26.086282275251918 29.956587078522457 57.912065553621275 47.49297016616507 57.791857547920785 90.63268436584937 0.0 13.516608569396029 51.72523744402934 8.887832489533318 2.467844625135427 24.470721556159436 24.841863012604694 49.26642513003351 49.308872901556015 55.542229639393746 75.15912139841383 51.77353540415117 57.65218539006854 57.027881613897264 55.70108174371412 57.81041353530819 30.02290261087293 38.43381318060977 14.873865352325172 14.814737245404913 68.81313621834654 53.08235433588952 30.98657054161301 31.48747041583971 24.39380109604249 39.65474648650977 31.575748604575423 45.2112654171842 42.42779843148698 46.019485577461026 44.95721072712435 69.41247172129047 57.89184153929803 8.249524120516185 70.1393340090471 38.415612388216445
91.8949226424294 13.191596251731404 81.7025830328324 43.46120802876896 42.696489116041455 39.91059301692916 39.524164901991114 42.04062578688468 65.25816138524561 54.97312552515997 67.3747782300945 102.56389584467914 13.516608569396029 0.0 57.211539209161224 8.028238912471915 12.035273222735926 36.993154951397884 38.32472168430859 62.688982659447916 57.44351045032799 63.616376892675476 85.63074775619016 64.87103118244163 68.41577612281202 69.71083688326428 69.10727040932171 69.30570939961585 43.465031285379084 50.59846446348029 28.35071290703701 28.186553770096854 82.28913363362098 57.73203896244465 42.77790198667213 43.20325898788766 20.209608011227843 51.01044370640849 45.01875065586361 31.778199461703437 54.802431850888325 51.840749517111256 58.387399896800716 82.9273620194965 71.37661219790411 16.6504198707798 80.50363611884913 51.455361471315435
58.3979668825998 56.83781902931162 46.75143546656954 51.29506168134194 38.76465414462312 40.15072551281482 47.12131888096874 35.03288187017342 11.534890719910942 9.451618589125259 22.934811423984815 63.29275915792205 51.72523744402934 57.211539209161224 0.0 58.99053142306991 53.99016701873366 38.63752128121449 52.422683062553766 54.378999268449235 12.282154369481091 13.617519298094948 107.81335246719456 72.40494275408051 30.34506314546218 46.448461425725846 69.76472905976613 35.795074653648435 55.10488338807675 35.14610666134096 50.97151075191579 52.38125301310472 68.77385464556869 3.784130836943856 67.87069685352867 68.4849408151292 41.152380061739436 75.41949224931594 55.666547680891945 75.4048525828265 37.46162067203141 5.752522599658714 52.5025065613463 74.04279255715812 68.48615835444707 43.63799275249779 103.85793779881365 43.27144582890631
88.29530307826046 21.21950616515254 78.65291449298293 37.614787044454 38.81607880543346 35.83047520496227 34.23308368470126 38.835661505633794 65.91036541458624 55.48928140223345 66.43136679772537 99.49155635993885 8.887832489533318 8.028238912471915 58.99053142306991 0.0 6.520395694987783 33.304780483956996 32.17296962536704 57.31616767771281 57.530085452098135 63.76940114474783 77.61420927021537 57.79490056338244 66.49367240096164 65.73711349579764 62.49674604176614 66.69815331468983 37.10178621632736 47.295422662623146 22.36250121707349 21.908690567431055 76.64166788557354 60.003291300974524 35.07309245425097 35.4719361308348 26.0734725622452 43.14896911906621 38.64360103709457 38.844265015472935 51.24996302140794 53.381909485058586 53.00409184808622 76.79547115758369 65.02327903215567 15.636159547634406 72.4837016759434 46.983367177327274
81.78535689460496 24.387327127537702 72.13517423024629 31.637717335225997 32.30389162869742 29.328981755302095 27.990851743345317 32.326090034658 60.31224857576577 49.88956190409052 60.2595749144035 92.97189403491176 2.467844625135427 12.035273222735926 53.99016701873366 6.520395694987783 0.0 26.784414632810826 26.373542234667017 51.14992462397215 51.73927514305947 57.974695853118824 75.14899660255895 52.86946875031248 60.09873338663421 59.249544649351385 57.083738605459104 60.21089532027123 31.467847541300642 40.776909279594605 16.418307540355126 16.17647389066425 70.61080327908068 55.27740317829522 31.3537063424843 31.824289109217894 25.135384217939283 39.8765005400086 33.02089782361346 43.811334192537934 44.730923845797676 48.29958483790108 46.836498180283726 71.03032804870736 59.40398892087665 10.38028672631108 70.08969301493507 40.549263298159815
55.062144422847425 45.64887207489023 45.37419668161447 13.79083815259833 5.7246279492850425 3.4064066878154686 8.854210115162537 5.877313679397873 40.40871620540461 31.014852688729 36.26356738786697 66.19419071256316 24.470721556159436 36.993154951397884 38.63752128121449 33.304780483956996 26.784414632810826 0.0 13.801181514357722 27.527995120984734 31.213852509309522 36.88135587932625 70.56668222321044 37.96918669182492 34.36117745131899 32.72010351161828 38.544289071997845 33.71444089647736 17.095805846166634 14.025848365138508 14.603576893483856 15.979179015414427 47.169199377543386 41.435107910168476 29.245491203701558 29.85743604843741 36.483464367825746 36.873197450636354 17.998432075077666 67.10267426329365 17.957880944871423 33.28409341939322 23.52272457421216 49.29830921732249 39.281787849177185 20.963142447358816 66.26114841748398 14.884310257071975
59.4762538259161 49.679745003913176 51.688662076450605 5.724601564583413 14.918724986199045 12.60481387350289 5.746637710549957 18.033542206989594 53.59813282482006 44.58994368678573 47.819675809112006 71.71530198661 24.841863012604694 38.32472168430859 52.422683062553766 32.17296962536704 26.373542234667017 13.801181514357722 0.0 25.614688998992715 44.46760179812418 49.81947095269028 57.42107397088162 27.79795890109777 44.22971442828648 36.82190108641813 30.9262872700538 41.99143480188949 5.287337343845053 23.011006254237046 9.97410888556663 10.265377732135454 44.545335887582446 55.23599340745113 15.560727018475784 16.16122202241255 44.45673170912139 23.09165610083056 6.812812793520231 70.05289773939813 25.165901509887068 47.08524241889881 21.37585660688927 44.66631604014506 33.05289718413869 25.930320355324444 52.94181491974729 18.24357565419884
35.96711361287816 72.68199630428008 31.13858157993373 19.9165847462028 22.34052576942177 24.134858922801325 23.180144005818445 25.18418314628308 49.997161738685 44.946898099900686 38.98255189815845 48.801087827794376 49.26642513003351 62.688982659447916 54.378999268449235 57.31616767771281 51.14992462397215 27.527995120984734 25.614688998992715 0.0 42.75483152543595 45.55318446091413 57.58752832716205 20.877830895920177 31.823662238566765 15.72580077651426 15.772648378511352 26.744704698974292 21.667647295312033 20.01780676671868 34.9939464454735 35.61474992825965 19.74888351815197 58.03160329796804 33.722010385586756 34.0167410729325 63.968473996068 35.4750353025895 20.393730854721337 93.87408910995171 16.947382601352686 50.74006062500443 4.313774784232067 21.98461868974537 14.109137786560144 47.8785781501461 54.74040940780535 13.278232006204657
47.077008117907894 59.83880240267947 35.29432434064332 42.31326420846245 29.82837838101252 31.86320931692412 38.8279182771486 26.44259943763198 9.198015158789483 3.7705352097096627 12.349909380777223 53.22901922547883 49.308872901556015 57.44351045032799 12.282154369481091 57.530085452098135 51.73927514305947 31.213852509309522 44.46760179812418 42.75483152543595 0.0 6.239925188777242 97.70916540472875 61.62966288051866 18.594585709653078 34.16935550021065 58.36189283046243 23.720086828898896 46.28206736443696 24.429669985643383 45.114748729414366 46.54697432428716 56.526854772167766 16.0658784160273 60.00960045137884 60.60182164453864 44.837677264550784 66.86363903342748 46.59648393045108 80.02014436787043 26.049315272449384 11.14504900606495 41.251071950842096 61.89455537610917 56.80980292116374 41.91662155939694 94.00044714395949 32.583752754513654
44.90910153634406 65.68238209945591 33.371936892417246 47.26623466962899 34.987118878519254 37.24629516322247 44.11367677155534 31.813834916042765 4.447564766129273 8.895972208004169 9.487649127036974 49.72611275414159 55.542229639393746 63.616376892675476 13.617519298094948 63.76940114474783 57.974695853118824 36.88135587932625 49.81947095269028 45.55318446091413 6.239925188777242 0.0 101.69208690314902 65.23298950662775 17.458954623056286 35.06642191198246 61.314922950860776 23.309554950540132 51.26790252416653 28.643173444350314 51.016631181975505 52.44518905365994 57.55850896830201 17.045994199017088 65.28733929157661 65.86844118044498 50.48766224376127 71.82901781658688 51.46212521161675 85.58756759026865 29.486340826515054 14.989812128427559 44.56565347315403 63.37088633315474 59.384011119143565 48.15378937373258 98.16184804155992 36.60886366522567
86.4485199493247 98.81323604207314 86.37163673429038 56.9429241804973 69.1901339404662 68.27621981161599 61.7133049525385 72.99099356464535 106.02645230991423 98.9523302879518 96.21302889674223 98.64910882044029 75.15912139841383 85.63074775619016 107.81335246719456 77.61420927021537 75.14899660255895 70.56668222321044 57.42107397088162 57.58752832716205 97.70916540472875 101.69208690314902 0.0 36.794917248972055 89.38163163654656 72.49325754938272 42.74148178164643 84.30028506015435 53.47161578640402 73.2843222014071 63.78266696226624 62.888313044683926 57.967150141678594 111.0478775106205 44.619080015985794 44.05132983881335 99.03767764138891 35.768835468277096 52.61771473317933 114.53426434333335 72.24169933471418 102.99398357187562 57.48779374029381 51.35331221280815 46.29595256118061 80.23701244335 5.172577586828463 65.16058883910377
53.32165504797952 76.96156687733404 50.95986141229377 24.570573648657827 34.987118878519254 34.99015410057493 29.783986020853373 38.74700906723184 69.62047697688025 63.23035419044851 59.44454797568483 66.16945785074421 51.77353540415117 64.87103118244163 72.40494275408051 57.79490056338244 52.86946875031248 37.96918669182492 27.79795890109777 20.877830895920177 61.62966288051866 65.23298950662775 36.794917248972055 0.0 52.60160862574682 36.218827772483635 8.36130380884107 47.62153802209859 22.577015432992155 37.31623258923462 37.21393583617651 37.02122367648868 27.55954245974636 75.84355211988151 24.577198456469223 24.473607437668555 72.20529191830344 20.966512216150573 21.150310073162483 96.56342620578232 35.75665495903937 68.0134258097643 20.751975309096398 23.615382950422493 12.711572379975843 53.71737687026166 33.862957486840365 29.150793210942364
28.549925006231245 73.52881557626317 16.74333933056559 40.03041250926046 30.081132969209246 33.09061671307487 38.675025972275755 28.483866587622625 21.477877594131172 22.279812284372408 8.3412970559891 35.839481817537546 57.65218539006854 68.41577612281202 30.34506314546218 66.49367240096164 60.09873338663421 34.36117745131899 44.22971442828648 31.823662238566765 18.594585709653078 17.458954623056286 89.38163163654656 52.60160862574682 0.0 18.59472351347305 47.290398569066255 6.051856839176304 43.872495595794135 21.291609388588277 48.778933152750405 50.084102788614096 40.74869762840016 34.02779205383959 58.47846923850415 58.982375510913315 59.7790690010699 63.387784438790206 43.55260640998079 94.65471220842633 19.392973652964585 29.699782647828222 32.14411078063817 46.94963997999059 44.66291255684664 51.82381938531271 86.392407991287 27.090697951388833
22.771247414640673 77.72800545128426 15.635120775141711 31.353398219230044 27.036930385333292 29.9340578685193 32.50517351582354 27.917708843924466 39.38894176183989 37.2630572735038 26.75424161045875 34.90141393118949 57.027881613897264 69.71083688326428 46.448461425725846 65.73711349579764 59.249544649351385 32.72010351161828 36.82190108641813 15.72580077651426 34.16935550021065 35.06642191198246 72.49325754938272 36.218827772483635 18.59472351347305 0.0 29.798049827458037 12.670936080618567 34.33963207737523 19.57145691544539 44.53062111289451 45.51734914816747 22.499878316535607 50.23258268986329 48.01686185560855 48.3953400936894 66.38328585100864 50.81291166096989 33.436254001503 99.28625900518597 15.147446377195356 44.22046036102667 17.943597047392423 28.418654194823908 26.671271014392165 53.47968083130063 69.95965327429151 19.009403472960358
45.32820622619414 80.60035611815712 43.78831058490546 26.472359867996783 34.5275323624558 35.268694624358645 31.411436894734205 38.04025541212288 65.75662481079044 60.38504064210096 54.675141813286956 58.10372975396778 55.70108174371412 69.10727040932171 69.76472905976613 62.49674604176614 57.083738605459104 38.544289071997845 30.9262872700538 15.772648378511352 58.36189283046243 61.314922950860776 42.74148178164643 8.36130380884107 47.290398569066255 29.798049827458037 0.0 41.89792400514079 25.68662060700452 34.794962019223725 40.84078164862736 40.92258349471052 19.214558982381135 73.35521463729512 31.297490315461953 31.30374604270302 74.32391340310745 28.910344782032173 24.13689095872025 100.88193885499298 32.34995979016912 65.83345597958846 17.290493432129175 15.762386953020398 4.3559495628032625 56.50022493634114 40.45254210708612 26.98898440677465
24.47910949250598 75.40107304219987 12.94248513428122 37.305609608365415 28.796270108790203 31.898235765615848 36.69864866739207 27.94925817716157 27.434194457555108 27.24899577616535 14.381390295229188 33.45531530460324 57.81041353530819 69.30570939961585 35.795074653648435 66.69815331468983 60.21089532027123 33.71444089647736 41.99143480188949 26.744704698974292 23.720086828898896 23.309554950540132 84.30028506015435 47.62153802209859 6.051856839176304 12.670936080618567 41.89792400514079 0.0 40.96283022168108 19.836843483382076 47.63254734980179 48.85619347139172 34.69937412810826 39.53207768135565 55.46704502564608 55.93529308351149 62.33526089071075 59.73132458880824 40.456416470002615 96.76959816644352 16.843416517495765 34.60870193636379 27.59440622129734 40.93617768354481 39.07100676944511 52.657446674399736 81.48227304924087 24.060551388000135
56.64771954688723 54.94415050481375 49.65646543330636 4.009154020419725 16.492882347823496 14.99014684259778 8.241801234091183 20.106214687072804 55.25482455378897 46.80767952622952 48.30247058297912 69.15194695124222 30.02290261087293 43.465031285379084 55.10488338807675 37.10178621632736 31.467847541300642 17.095805846166634 5.287337343845053 21.667647295312033 46.28206736443696 51.26790252416653 53.47161578640402 22.577015432992155 43.872495595794135 34.33963207737523 25.68662060700452 40.96283022168108 0.0 23.235859455806498 15.155209996874902 15.292466327556923 39.956724346234985 58.11491394454339 14.606883105472859 15.117540709832502 49.63123732626558 20.58457312585466 1.5537348180142654 75.22418628261455 24.48566801978059 49.97670466431115 17.62485648307634 39.70242446127524 27.947429276878964 31.19458944058105 49.17852449592836 16.913104456860964
41.29903733647688 58.179540495446346 31.35898691422558 19.25705957712447 8.966975855435418 12.063630920665108 17.39709488578288 8.55857998130604 32.86993206272954 25.915284895748755 25.069141542234714 52.19888484443212 38.43381318060977 50.59846446348029 35.14610666134096 47.295422662623146 40.776909279594605 14.025848365138508 23.011006254237046 20.01780676671868 24.429669985643383 28.643173444350314 73.2843222014071 37.31623258923462 21.291609388588277 19.57145691544539 34.794962019223725 19.836843483382076 23.235859455806498 0.0 27.81280533814776 29.056523559043818 37.703924631598646 38.65905051268255 37.73996374550762 38.279101585148894 46.978419336642055 43.53891537391473 23.193963010707623 79.73895044735777 4.448122448781249 31.041758064889656 17.512616452849535 41.45770766073377 33.952279687049085 34.142716707776025 69.62038538160463 8.17502586483269
67.29615749543349 39.845848804950165 58.54772964994334 15.259349772252182 18.84598862524415 15.758707622380504 12.15630290017725 20.40561512113379 54.2821426560831 44.39753272696218 50.858797144186475 79.09248543225112 14.873865352325172 28.35071290703701 50.97151075191579 22.36250121707349 16.418307540355126 14.603576893483856 9.97410888556663 34.9939464454735 45.114748729414366 51.016631181975505 63.78266696226624 37.21393583617651 48.778933152750405 44.53062111289451 40.84078164862736 47.63254734980179 15.155209996874902 27.81280533814776 0.0 1.4334012730509216 54.28248098107709 53.268754532229565 19.333572733959848 19.935924726525084 35.833174176855984 28.116606774697935 16.70683090263082 60.08421435121682 31.07465223335336 45.3123658017223 30.68814686272213 54.612730916978144 43.02682905026327 16.914008611094943 58.99734468728678 25.522103591898386
68.28844700748431 39.9473148865932 59.662545404003616 15.76013931013201 20.095371775316178 17.024043770804816 13.043975770892422 21.756390867629225 55.715072337193334 45.82973311200532 52.24171052728625 80.15560080939892 14.814737245404913 28.186553770096854 52.38125301310472 21.908690567431055 16.17647389066425 15.979179015414427 10.265377732135454 35.61474992825965 46.54697432428716 52.44518905365994 62.888313044683926 37.02122367648868 50.084102788614096 45.51734914816747 40.92258349471052 48.85619347139172 15.292466327556923 29.056523559043818 1.4334012730509216 0.0 54.766769717374956 54.6614050860106 18.33945847887445 18.932364461128635 36.48954451431401 27.163522862924353 16.845129710409505 59.959361624999424 32.239127490086496 46.71639569921849 31.322428503144906 54.918428775422306 43.235303307219375 17.5473362451836 58.06811167647732 26.512012063257338
28.60843541578762 92.42954206875177 30.97463330629397 39.026965961552655 41.80141370650488 43.798610512452754 42.775639474225045 44.287610086955674 61.8613906432888 59.467509752090486 49.04917940194471 40.68676759700522 68.81313621834654 82.28913363362098 68.77385464556869 76.64166788557354 70.61080327908068 47.169199377543386 44.545335887582446 19.74888351815197 56.526854772167766 57.55850896830201 57.967150141678594 27.55954245974636 40.74869762840016 22.499878316535607 19.214558982381135 34.69937412810826 39.956724346234985 37.703924631598646 54.28248098107709 54.766769717374956 0.0 72.55316939358588 49.15949722419087 49.27540349266939 83.4757000931721 47.90851419422586 38.49263136747973 113.5925127488183 33.65904430633862 66.18238247796955 23.982243144242744 7.087756436437234 14.911946102592905 67.62743899874683 56.76893258947232 32.50775275479936
61.93850375392902 56.48541292056482 50.34091364195026 54.35986485982375 41.89575958975965 43.12826715162522 50.04774287725722 38.124888278641464 14.412802382479299 13.173419614263183 26.472359867996836 66.5115706610388 53.08235433588952 57.73203896244465 3.784130836943856 60.003291300974524 55.27740317829522 41.435107910168476 55.23599340745113 58.03160329796804 16.0658784160273 17.045994199017088 111.0478775106205 75.84355211988151 34.02779205383959 50.23258268986329 73.35521463729512 39.53207768135565 58.11491394454339 38.65905051268255 53.268754532229565 54.6614050860106 72.55316939358588 0.0 70.59114614905863 71.20891671211028 40.765636159576744 78.29659270369743 58.733557492768206 74.3963194800438 41.09630498857488 8.153112537505725 56.076963440865754 77.80176776245372 72.1407330585773 44.897123069937386 107.03067348324414 46.747144586095914
69.63833530033473 55.66597975911442 63.57092858879056 18.507164427824744 30.303030126053592 28.151311846070108 21.189318362556712 33.5670478831394 69.12048225852608 60.14626113389616 62.798267548698426 82.39429040390372 30.98657054161301 42.77790198667213 67.87069685352867 35.07309245425097 31.3537063424843 29.245491203701558 15.560727018475784 33.722010385586756 60.00960045137884 65.28733929157661 44.619080015985794 24.577198456469223 58.47846923850415 48.01686185560855 31.297490315461953 55.46704502564608 14.606883105472859 37.73996374550762 19.333572733959848 18.33945847887445 49.15949722419087 70.59114614905863 0.0 0.6231381790477637 54.46206736099821 8.85073550687893 15.01063114852163 73.76713872360057 39.08902114419576 62.45608516150604 30.33225008362481 46.98391712172469 34.94388103240589 35.62025348875797 39.753018244311654 31.4719568824304
69.95218910266824 56.11625095996519 63.9628459858564 19.036077924212687 30.88233239146774 28.74642525266308 21.77787109767673 34.1592987322627 69.70876187406515 60.74942044716574 63.34155609288878 82.72264382408072 31.48747041583971 43.20325898788766 68.4849408151292 35.4719361308348 31.824289109217894 29.85743604843741 16.16122202241255 34.0167410729325 60.60182164453864 65.86844118044498 44.05132983881335 24.473607437668555 58.982375510913315 48.3953400936894 31.30374604270302 55.93529308351149 15.117540709832502 38.279101585148894 19.935924726525084 18.932364461128635 49.27540349266939 71.20891671211028 0.6231381790477637 0.0 55.01512116334512 8.283632711125696 15.483062366514824 74.13126953265993 39.590664118232404 63.07317856203095 30.671958957339182 47.013204188863455 34.994324603546616 36.185731739223236 39.17507836268471 31.958196867166
86.56304049643897 15.72075497154025 75.27369376947205 47.96937203294026 41.6807186510416 39.88975490402233 42.920865084897926 39.330109791455115 51.009038798623344 41.605273679196806 56.472855805847054 95.52105390943413 24.39380109604249 20.209608011227843 41.152380061739436 26.0734725622452 25.135384217939283 36.483464367825746 44.45673170912139 63.968473996068 44.837677264550784 50.48766224376127 99.03767764138891 72.20529191830344 59.7790690010699 66.38328585100864 74.32391340310745 62.33526089071075 49.63123732626558 46.978419336642055 35.833174176855984 36.48954451431401 83.4757000931721 40.765636159576744 54.46206736099821 55.01512116334512 0.0 63.294698972418914 51.058227510558964 35.2005891316866 51.41828567473743 36.554486407561015 60.00531402900356 85.78090149305076 75.51138631724527 18.94224354652769 94.0974527657754 50.96979784728545
71.16856906536502 64.03978675537078 66.43127463194766 24.571473920996873 37.051111623156245 35.306051014514246 28.30629938700946 40.586227345841465 75.83655104303584 67.31968734958384 68.47939784897213 84.08112758266097 39.65474648650977 51.01044370640849 75.41949224931594 43.14896911906621 39.8765005400086 36.873197450636354 23.09165610083056 35.4750353025895 66.86363903342748 71.82901781658688 35.768835468277096 20.966512216150573 63.387784438790206 50.81291166096989 28.910344782032173 59.73132458880824 20.58457312585466 43.53891537391473 28.116606774697935 27.163522862924353 47.90851419422586 78.29659270369743 8.85073550687893 8.283632711125696 63.294698972418914 0.0 20.384224503551312 81.49533732778418 44.14972643492804 70.14355357651063 32.886651743625706 44.53584317874943 33.059470011460746 44.4688195986279 30.9081926481808 36.39150351446689
55.60879227999604 56.48541292056472 48.8449010994829 4.373821830844724 16.933569711187445 15.682416858542615 9.195505379885459 20.63367899431958 55.504218684204574 47.24228270214444 48.217094622693885 68.17327785315534 31.575748604575423 45.01875065586361 55.666547680891945 38.64360103709457 33.02089782361346 17.998432075077666 6.812812793520231 20.393730854721337 46.59648393045108 51.46212521161675 52.61771473317933 21.150310073162483 43.55260640998079 33.436254001503 24.13689095872025 40.456416470002615 1.5537348180142654 23.193963010707623 16.70683090263082 16.845129710409505 38.49263136747973 58.733557492768206 15.01063114852163 15.483062366514824 51.058227510558964 20.384224503551312 0.0 76.77775662875105 24.164094536088253 50.6110715020028 16.43094902391501 38.168496749465454 26.39766177661256 32.681133397732474 48.40105985822704 16.48655781926654
120.57362326941296 21.559448207819955 109.62777177865406 75.06512621327867 72.79447243336217 70.29932510783999 70.87489537406606 71.3944903514808 85.85113988157505 76.73234100242001 91.65658616084677 130.17508871304398 45.2112654171842 31.778199461703437 75.4048525828265 38.844265015472935 43.811334192537934 67.10267426329365 70.05289773939813 93.87408910995171 80.02014436787043 85.58756759026865 114.53426434333335 96.56342620578232 94.65471220842633 99.28625900518597 100.88193885499298 96.76959816644352 75.22418628261455 79.73895044735777 60.08421435121682 59.959361624999424 113.5925127488183 74.3963194800438 73.76713872360057 74.13126953265993 35.2005891316866 81.49533732778418 76.77775662875105 0.0 84.1415983290712 71.29225729504249 89.61260474289965 114.54518141997364 103.09946145173102 46.166991739526495 109.36175023217555 81.94987497238147
37.121941047169585 62.58269584376372 27.560737725336867 20.67742998538605 12.490861586638001 15.566639599143418 19.86233143708092 12.818815004898605 33.86477557300319 28.051174898189952 24.510651845936863 48.30105391879498 42.42779843148698 54.802431850888325 37.46162067203141 51.24996302140794 44.730923845797676 17.957880944871423 25.165901509887068 16.947382601352686 26.049315272449384 29.486340826515054 72.24169933471418 35.75665495903937 19.392973652964585 15.147446377195356 32.34995979016912 16.843416517495765 24.48566801978059 4.448122448781249 31.07465223335336 32.239127490086496 33.65904430633862 41.09630498857488 39.08902114419576 39.590664118232404 51.41828567473743 44.14972643492804 24.164094536088253 84.1415983290712 0.0 33.80867043554433 15.205876879577252 37.75281719233195 31.05291836501801 38.43081593725236 68.80837265921762 7.758290487844648
58.21461790076734 52.120299307281286 46.42421869914753 46.23824038022186 33.81146331897908 34.98751851324871 41.89762037223169 30.02555976731996 14.566302688160944 7.4200055168086205 23.29720321752732 64.2131807496135 46.019485577461026 51.840749517111256 5.752522599658714 53.381909485058586 48.29958483790108 33.28409341939322 47.08524241889881 50.74006062500443 11.14504900606495 14.989812128427559 102.99398357187562 68.0134258097643 29.699782647828222 44.22046036102667 65.83345597958846 34.60870193636379 49.97670466431115 31.041758064889656 45.3123658017223 46.71639569921849 66.18238247796955 8.153112537505725 62.45608516150604 63.07317856203095 36.554486407561015 70.14355357651063 50.6110715020028 71.29225729504249 33.80867043554433 0.0 48.54475713352342 71.09625906772443 64.82512325416243 37.964409674056014 98.94149338883786 39.023774351464404
39.3580932290418 68.45978887680542 33.577425896778486 15.661267541972327 18.54661421308429 20.117090476933317 18.871428073169472 21.638428905891434 48.976237400667564 43.149747796258744 38.72651653567071 52.0683469954036 44.95721072712435 58.387399896800716 52.5025065613463 53.00409184808622 46.836498180283726 23.52272457421216 21.37585660688927 4.313774784232067 41.251071950842096 44.56565347315403 57.48779374029381 20.751975309096398 32.14411078063817 17.943597047392423 17.290493432129175 27.59440622129734 17.62485648307634 17.512616452849535 30.68814686272213 31.322428503144906 23.982243144242744 56.076963440865754 30.33225008362481 30.671958957339182 60.00531402900356 32.886651743625706 16.43094902391501 89.61260474289965 15.205876879577252 48.54475713352342 0.0 25.78474491770601 16.62994304699084 43.67037737606322 54.317355325668125 9.940897624896124
35.546410607296735 93.71047401159241 37.98751464281656 39.483765662554376 44.28061100585866 45.891902961033445 43.795699716760254 47.166956901245 67.73704708918372 64.64173961434282 55.16716472929085 47.37484308156421 69.41247172129047 82.9273620194965 74.04279255715812 76.79547115758369 71.03032804870736 49.29830921732249 44.66631604014506 21.98461868974537 61.89455537610917 63.37088633315474 51.35331221280815 23.615382950422493 46.94963997999059 28.418654194823908 15.762386953020398 40.93617768354481 39.70242446127524 41.45770766073377 54.612730916978144 54.918428775422306 7.087756436437234 77.80176776245372 46.98391712172469 47.013204188863455 85.78090149305076 44.53584317874943 38.168496749465454 114.54518141997364 37.75281719233195 71.09625906772443 25.78474491770601 0.0 12.108616760519721 69.0650492632969 50.42260044221294 35.256861264372326
41.13477074937859 82.52872867268677 40.076737767782554 28.16265889412274 34.813343120599235 35.92020990246874 32.82496643979206 38.122335904751424 63.831300414610965 59.05085121854188 52.3074662571131 53.863262848738614 57.89184153929803 71.37661219790411 68.48615835444707 65.02327903215567 59.40398892087665 39.281787849177185 33.05289718413869 14.109137786560144 56.80980292116374 59.384011119143565 46.29595256118061 12.711572379975843 44.66291255684664 26.671271014392165 4.3559495628032625 39.07100676944511 27.947429276878964 33.952279687049085 43.02682905026327 43.235303307219375 14.911946102592905 72.1407330585773 34.94388103240589 34.994324603546616 75.51138631724527 33.059470011460746 26.39766177661256 103.09946145173102 31.05291836501801 64.82512325416243 16.62994304699084 12.108616760519721 0.0 58.12619272886818 44.25844395972504 26.56922119232209
75.42195661727496 24.812413357505196 65.09422978781778 30.041306749516714 26.677017220340446 24.132640294803675 25.322160521775885 25.614609398421127 50.2766976840608 39.8542397942874 51.14138772491806 85.94580652703097 8.249524120516185 16.6504198707798 43.63799275249779 15.636159547634406 10.38028672631108 20.963142447358816 25.930320355324444 47.8785781501461 41.91662155939694 48.15378937373258 80.23701244335 53.71737687026166 51.82381938531271 53.47968083130063 56.50022493634114 52.657446674399736 31.19458944058105 34.142716707776025 16.914008611094943 17.5473362451836 67.62743899874683 44.897123069937386 35.62025348875797 36.185731739223236 18.94224354652769 44.4688195986279 32.681133397732474 46.166991739526495 38.43081593725236 37.964409674056014 43.67037737606322 69.0650492632969 58.12619272886818 0.0 75.34279470237584 35.784261911886574
