0.0 8.882608370712155 33.941994154177976 61.027186430285205 60.454574301394274 55.61757978315637 27.044477605323404 15.648745157729559 36.241912688436685 17.117442778949133 44.746431056020874 8.428733943457793 59.865839470233034 1.4401271894778678 42.25603839111104 36.23011444391321 19.760207661091943 44.68717474229604 60.379073372738745 20.190561453309122 8.216286640346372 17.408515467240584 12.74938091902807 29.123709894769682 52.42460410268245 57.03246487429772 62.29432876938885 14.445770242262341 32.04014886496231 10.419285168643425 44.849572756956924 69.1957615515441 49.09591673932471 26.523406653645143 20.763139750932265 38.965734243169194 48.07343971415645 39.002846466180515 55.980807875547846 10.246151201585361 93.54891736836008 71.37191023786289 61.89732048001788 70.45130287328423 92.14267714784896 77.60181064047676 48.88413729601619 33.9427239207367 48.05611198284298 76.56045359166892 69.89284376242712 35.53970509999058 5.9987815306155285 34.695155756689346 69.03894551608482 73.07784003925272 41.40349545615422 21.976648720837098 40.577600519889955 72.14537518605832 85.95404747928 61.1814465799308 49.93041085764873 60.31357929253067 84.71844640365148
8.882608370712155 0.0 25.64610078243499 61.285801861618985 54.51907003764065 48.243112682537124 19.188378235318115 16.72082311873827 41.91662155939694 17.367373107703962 35.9742351061404 8.53349323611797 61.37388367763741 7.811767545621068 33.58871636678158 28.021239052079725 15.164250600505484 53.34025746957241 63.59695352223144 16.19278025158053 12.97437410092832 13.086312918383225 7.824372578866194 26.68015275535187 46.934851477268616 49.71328025355895 61.486446883140474 14.258482147465328 36.244514662916885 18.16945880007435 35.976758377402014 63.208455065256146 51.47427900449676 24.257801760844288 15.770849960531612 30.45671017280161 40.95799763771374 47.83118523204362 59.15466607654173 1.4407575555096253 86.77070883879813 63.08397096333419 53.14901446690159 63.756152267213416 87.74779217265596 72.78913960408735 42.06161429951004 25.198053403653677 43.537872456066474 74.50498456699329 68.26662941246698 33.721092378247825 2.957315437355777 35.71041334935773 70.26076993698845 74.93606545272543 45.64451385269598 30.761423965747532 46.946188177509875 76.52750998570177 90.35180082343145 67.88264781371358 58.71495937989857 68.42240609011024 91.16244552394714
33.941994154177976 25.64610078243499 0.0 77.38615013134174 33.81114468674655 23.854709124222744 22.369059848246668 30.1831620114548 66.47656331149523 28.966041739501943 12.7525310284359 28.120990497018955 79.80111381850828 33.17595053389186 9.458141758418178 22.760985151362014 31.259663785616343 75.5748798782356 84.69885893052805 32.80971299158852 33.58793832063048 30.95244505528252 22.299945011891847 42.14263281818766 28.515212013827796 25.403334286937955 75.34824513874183 27.699157577621307 59.690112984499365 43.80276124701281 15.232562344589411 41.78738538379668 71.8405121265555 25.336494631978955 30.70229709803356 21.11732947360713 17.800395780280457 72.6074255967966 80.34717130727498 24.208970286881506 62.85868636448928 37.45802815188317 35.35290096280718 59.087948448697695 90.15419018965815 54.12532608638973 19.769152721011455 15.714388046148942 49.979182676723305 84.52070472615107 59.220129123075026 31.032094197080138 28.527197017705443 55.312331280304704 87.74935860693142 75.38965317329257 55.853249957529385 54.317326764955006 71.94413926023998 98.97649766817716 97.25818757330305 82.82801410453045 81.58757467848369 94.0601526394114 115.9000424316492
61.027186430285205 61.285801861618985 77.38615013134174 0.0 111.13274695907693 100.40662572340699 55.06693856507273 76.41906775511283 38.7906065609855 77.63396936548999 79.11785620397045 68.21460328695444 8.623779678977668 60.08730721895539 79.33629446598204 58.0786246651125 47.758270447456326 85.41643578746184 20.943440500993216 46.30137526554276 69.20190973999954 49.095824780137725 69.09754425841464 35.758732691755114 105.01874002532948 101.95134627791343 7.426682379656483 74.6428520515655 34.308063237280415 55.372597197824106 75.67856417409314 119.16749562168266 17.263563243072095 85.540877761677 47.854770208427034 61.94684935550497 95.15774091406082 69.78692693779999 20.17960480877483 61.93354559877335 138.50101120536985 106.7862455346967 77.58145647891618 55.03880966511159 49.340315935857916 131.14556834142434 97.15030670821541 63.812614568410986 33.17775082379772 22.898083080554343 129.54672435609413 95.00111046865376 60.52207688985534 26.37207223162242 11.086216599271449 133.91092242490348 100.81871220733875 69.22082118232528 42.58477671558136 35.07472166806178 143.69564391907394 113.38307478348852 86.35847035296152 66.74300973361805 62.01817063853208
60.454574301394274 54.51907003764065 33.81114468674655 111.13274695907693 0.0 14.576491318190271 56.17808034435297 48.67064645405347 96.30544561772203 46.78043106066002 36.36360635949521 52.32184625211702 113.23014129066573 60.311339761736704 34.42776602714591 55.48548868619708 64.2074984606459 91.77800857464868 117.2991257374069 65.75306987569006 55.99378524708172 63.466305820275345 47.84614871574081 75.64995194498341 8.569570513016233 13.686430652795387 109.15495887277832 47.88744810720563 90.71300902888498 70.83616825974082 40.8012904430051 8.741205102530316 104.66196197115725 36.89272054668335 63.83638784190909 52.77224298893937 16.36005175580843 94.34165324861594 112.88322152379264 53.291452730976204 34.13778326856323 30.55643741596614 55.64928904199947 87.4918896592926 120.86214470513441 20.583117537267476 14.098741672938125 48.66968970850189 83.2679846413799 117.86954749427495 35.99251417922028 32.597175172413635 56.784926869500296 88.21177556107668 121.37933972733684 61.487622323706155 59.3721357766391 75.26062744475944 100.98545592180804 130.869214473132 88.7655519135007 87.09797936600533 98.42510546788706 119.09514403895164 145.17063699337004
55.61757978315637 48.243112682537124 23.854709124222744 100.40662572340699 14.576491318190271 0.0 45.480472766202105 47.01450847411878 89.89944285937024 45.27001300650368 22.770538597066462 48.31880734874735 103.2977300300027 55.14147603069209 21.48771546120397 43.1389614327067 55.09698398531281 92.59088478691278 108.5200521213752 56.64435530830158 53.00596749749405 54.80318501066011 42.959915582072824 65.70185904155338 15.973066020391823 1.5568560377024157 97.78653947382459 45.428189064781044 83.39442546455184 65.94396983832436 27.0956515947871 20.007196369399175 95.63307759203458 36.933504065568215 54.506496183701046 39.95710396403897 7.809037967157182 92.58090691044879 104.17962473589833 46.862927497735264 39.00796853605233 20.171464822187904 41.07311552017594 73.22540601179215 106.9194359971961 34.33113262422294 8.187784194584008 36.74651113415047 70.91139174202607 105.36317195655793 49.433218887232925 36.33800399604852 50.91253684716684 79.11100271529658 110.99479069170859 72.91501179223165 64.55268040880101 73.56813591309245 95.1433926500149 122.82928060810445 98.98146530295136 92.77214665789415 99.04896295160579 115.79899857224589 139.29394895382194
27.044477605323404 19.188378235318115 22.369059848246668 55.06693856507273 56.17808034435297 45.480472766202105 0.0 34.34495864425138 49.335616500288225 34.352862821117014 25.733714970579967 27.19082109498847 57.83613835894986 25.661119521185107 25.073222681029566 9.37610052728839 12.04672647977232 71.5347520345757 63.66698519202975 13.301992126393898 32.12992951947605 13.203017999769838 23.505478722667725 20.39026085542978 50.53804794672319 47.03388436573266 53.00125024922674 31.509772603868146 41.350678831912056 33.15291372214043 23.505478722667725 64.11279870934446 50.686097063757465 37.4607265596806 10.961590434576614 12.82586586315377 40.09880694797881 63.86245886657933 59.43868077645258 18.373755645848778 84.08108534971757 54.70956332929436 36.21426944058975 44.995998580971815 71.64241795931494 76.42251728947957 42.1331309582222 10.239803317078792 28.7986057261291 62.8388342008692 78.7451862777446 46.17675971400707 21.415607407970864 34.34835761651224 65.54263824813701 90.28188048463602 63.75259269894273 48.711158473278175 55.461424400371136 78.5746204931891 108.12183121626352 87.01373286037027 76.46691821665704 80.7324594773634 97.89285469674056
15.648745157729559 16.72082311873827 30.1831620114548 76.41906775511283 48.67064645405347 47.01450847411878 34.34495864425138 0.0 50.82763191451652 1.898968557772328 42.80028036502344 8.431205496194353 75.49091562535638 16.408106419079473 39.6179061354456 41.991193541794026 31.8565800129168 46.00705687963739 75.90029281385092 32.80971299158848 8.217909411983753 29.709837658189205 10.878846317699622 43.02445317131028 40.20417946678715 48.222980272108416 77.29748470783102 2.889288068203606 47.44667583979293 24.46484985758037 44.442435187974766 57.281201928915955 64.74090303213957 12.130163253296567 32.49086599550181 43.36948093417285 39.20637697042546 45.89129244140162 71.5221302630466 16.837654973089272 82.6651114599319 65.26062961625854 63.86828120930882 79.33563734526997 104.42177838601859 63.97346985991997 39.28353695011693 37.26418221002385 60.24013485513514 90.90632535503816 54.32088884558056 20.293662732779833 16.363380919950778 50.18507177471917 84.64145750637313 58.37849065094502 29.409589603347065 26.770218373688074 54.43537511682471 87.20447452641932 73.92189369453311 53.87433505687472 52.299584770123666 70.44752753211556 97.90437519088597
36.241912688436685 41.91662155939694 66.47656331149523 38.7906065609855 96.30544561772203 89.89944285937024 49.335616500288225 50.82763191451652 0.0 52.57173173113953 74.23530116774032 44.657939403004086 33.135635131690776 36.16342206518172 72.75067084649784 57.45413570621124 37.333611966241136 46.81155919268376 27.872166084541153 36.033687980078575 42.609722675187435 36.63518893295848 48.515668166915546 32.81680387811959 88.47793840024606 91.40095653280271 43.987627740765134 50.31916251176822 8.805699965209438 26.37802108181366 72.64315143430147 105.0260219773905 21.690404164304407 62.52336588007367 38.37721228805075 61.55395516806172 82.792381301018 30.997930344416787 24.1408652323079 43.2250596738618 128.63975856286143 102.986752129149 84.01840866914753 76.85475346865455 84.5514726171301 113.8390569980244 83.96672112240498 59.466768173897506 49.16288928496929 60.765860102247835 104.63559291256922 71.12083323716733 39.529532091375685 21.49046917866571 41.90396156588575 102.54819336723085 68.04170534055727 33.73527846904393 6.427908377376902 36.59809617769075 107.99041469045093 75.92718308595109 47.56864851453315 33.99187014852235 49.42620636564662
17.117442778949133 17.367373107703962 28.966041739501943 77.63396936548999 46.78043106066002 45.27001300650368 34.352862821117014 1.898968557772328 52.57173173113953 0.0 41.6498847717242 9.437123516085675 76.86145547424904 17.78266495196618 38.420687074397364 41.718529880635536 32.52997764376503 47.596078870083055 77.46407712749527 33.547870919996065 9.985838089040726 30.44111906536382 10.866624347772811 43.90253631241899 38.30931675896855 46.46296897160953 78.36785254085669 3.1107811408883412 49.04638561224421 26.19587789253347 43.44106644954437 55.38646359404838 66.19849730053397 10.246193534659454 33.10421461346464 42.92020744952961 37.4652710294055 47.74189970861539 73.07542004051437 17.331321143247745 80.78609906278199 63.65303073129942 63.02225217692051 79.2885972025861 104.86343714718979 62.09740780146724 37.4955407931068 36.75018792749923 60.74594847140192 91.78451616601744 52.77754949374804 18.577548123440547 17.309963306592444 51.468420771922965 85.98381135719126 57.57256216744585 29.485558927160056 28.618877797070088 56.2452296455401 88.89800481196193 73.7797290330366 54.577506751317195 53.932944460197746 72.34378467494115 99.76615804390568
44.746431056020874 35.9742351061404 12.7525310284359 79.11785620397045 36.36360635949521 22.770538597066462 25.733714970579967 42.80028036502344 74.23530116774032 41.6498847717242 0.0 39.96923796749018 82.7997735592996 43.774251155859005 3.4498595601800828 21.076122963337504 37.160992981603606 87.7328484542931 89.27878211192284 38.59598555476272 45.570431712529306 37.618475179099214 34.184387313967704 45.94382439271893 33.8551309154764 24.184424334674624 75.9328102868853 40.231111581911236 66.65710846726506 53.90768832518777 4.44887178165106 42.753216153254385 76.29305800632794 37.8630756337168 36.26356738786691 17.480965256096272 20.640036754494275 83.74557183204085 85.09437127760258 34.55717029532337 59.41822096300998 28.99567680727777 23.362803561132836 51.436746909213724 84.50150472304394 56.79276735006439 23.204392408777675 15.694654110684674 48.46703462213568 82.74441164971724 67.21997934728009 42.65769901839233 38.9314889511984 60.05389465112879 89.95614252196465 86.08003703205961 68.44254734746976 65.98305595279389 80.11190256189396 104.29209971700779 109.08251394930573 95.56353279379604 93.59736997821634 103.84233939268853 123.29103839198464
8.428733943457793 8.53349323611797 28.120990497018955 68.21460328695444 52.32184625211702 48.31880734874735 27.19082109498847 8.431205496194353 44.657939403004086 9.437123516085675 39.96923796749018 0.0 67.57698681062976 8.740327614095353 37.11720163351109 35.538142492576135 23.52272457421216 47.798453991778125 68.59883584049619 24.427067642570563 5.647408816516739 21.33656949976793 5.824888659215911 34.593335067099765 44.183223479970245 49.67776129266159 68.93818229427785 6.432491628349997 40.37635984736037 18.581028548817876 40.81928325265253 61.057866843149036 57.07119427496692 18.17872636970134 24.211870229646056 37.48130422988901 40.630162394569076 44.69059820849154 64.18352869672246 8.941524691009974 85.70632832005467 65.06231967032735 59.290997537759246 72.0591809487417 96.251830890117 69.20361826457228 41.232824602342944 31.717290856521934 52.02559874528913 82.47529921715598 61.87421276812902 27.354066784341434 7.932590300503832 42.100608824305034 76.66062087632835 66.80914498027055 37.11411333250452 26.19723143159596 48.88736474537631 80.55120048422474 81.81830759128145 59.897805425097786 53.628887293099915 67.52160269240467 92.93586459158625
59.865839470233034 61.37388367763741 79.80111381850828 8.623779678977668 113.23014129066573 103.2977300300027 57.83613835894986 75.49091562535638 33.135635131690776 76.86145547424904 82.7997735592996 67.57698681062976 0.0 59.090680200622565 82.6826940439174 62.02815033126936 49.092007461071205 79.92342409440987 12.319682201475313 47.56237797867739 67.8595294111813 50.07311899743116 69.17584599175275 37.658495070124694 106.67083928689136 104.8529565744171 16.032947028287513 73.98635378675264 30.33237157220707 52.98564562507309 79.65159772878063 121.49106206236013 11.75568397450296 85.41365077080738 49.40425684357043 66.07639638675471 97.58848972358845 63.90718796958682 11.886855207165773 62.19471517273585 141.87010195407365 111.08197991917379 83.34312679570687 62.83102255926829 57.82895554943201 132.86279049044595 99.43526302121752 67.20906966053276 39.263005939855 30.999117810077774 129.40036328109423 94.8032697050649 60.213953514905405 25.66388066244673 9.295357177491967 131.92034252952033 98.18412993010742 65.36139367641553 36.04083813323989 26.84425563449656 140.10014818471305 108.83346999597335 80.35046001726984 58.8427414823539 53.51205091845324
1.4401271894778678 7.811767545621068 33.17595053389186 60.08730721895539 60.311339761736704 55.14147603069209 25.661119521185107 16.408106419079473 36.16342206518172 17.78266495196618 43.774251155859005 8.740327614095353 59.090680200622565 0.0 41.34512082316904 34.87290954553496 18.336124270471633 46.00178026942378 59.86869992589617 18.78731172399941 9.327370972261642 15.984816202988311 12.480283154929698 27.8441694529258 52.36041278132313 56.571714455353685 61.23067834686247 14.990034320234194 31.641744163243253 10.802935509538903 43.775700700549294 69.04998526930727 48.43277736038675 26.918912076078826 19.331892673372 37.65540720064565 47.65360920731127 40.020588637031764 55.45713235955664 9.218037038521222 93.24111648237351 70.63051260785618 60.64828889901862 69.01117814676184 90.78354806324752 77.69420420685852 48.53413006692984 32.70424449256088 46.6734062077102 75.37956950478298 70.50460043085826 36.0535351973878 4.865192131474336 33.79847281551718 68.23384358791321 74.14509183051732 42.68040176459639 23.250431389654345 40.674220800683926 71.85433688013802 87.27054000545462 62.61636967275831 51.188624462274106 60.94705672578695 84.87411323854906
42.25603839111104 33.58871636678158 9.458141758418178 79.33629446598204 34.42776602714591 21.48771546120397 25.073222681029566 39.6179061354456 72.75067084649784 38.420687074397364 3.4498595601800828 37.11720163351109 82.6826940439174 41.34512082316904 0.0 21.668150356660597 36.01651345716996 84.7961226820504 88.73728429897302 37.49800036904633 42.678941160553016 36.27058272162124 31.303950749078595 45.45228724447399 31.29831907716631 22.97916857914461 76.45048541211168 37.09622574410677 65.38381786265109 51.664420215219145 7.191609082527595 41.260626019147274 75.75820952434702 34.43387811320626 35.201110151399476 18.50460132146641 18.321675209566855 81.20370442066366 84.49767454109332 32.15644511239368 59.21800380357871 30.23612242723239 26.76786603805396 53.978316321371025 86.6351143659132 54.977147306449815 20.84187535862298 15.528510071414114 49.424076073075426 83.89992717737547 64.31975234890581 39.22621123027365 36.54029235496534 59.384530780178764 90.07044042742164 82.76677966608837 65.01611733773889 63.23472811085799 78.51716877983907 103.56659873685611 105.65159580435366 92.19235028039151 90.72648607977058 101.77355832880252 121.97997844922828
36.23011444391321 28.021239052079725 22.760985151362014 58.0786246651125 55.48548868619708 43.1389614327067 9.37610052728839 41.991193541794026 57.45413570621124 41.718529880635536 21.076122963337504 35.538142492576135 62.02815033126936 34.87290954553496 21.668150356660597 0.0 20.7811266911531 80.83105578956553 69.187945459102 21.800509050625912 40.76578168699558 22.27747226224093 31.151054214081512 26.2656569043519 51.06431521617803 44.640137841906885 54.8754772441954 39.104711550968176 49.13464200061424 42.520346837850454 17.64072546442429 62.75031449086832 56.26469514023174 43.11037777408443 19.582684441054344 4.227385973140138 39.12690921453358 73.21444323984481 65.14738379245294 27.040235118291918 80.49413116380893 49.073776205459765 27.055624754781775 38.08699399352638 67.55791850510481 76.05371697945932 41.466661567537265 7.046597227671759 27.83306305798741 62.40639888391989 81.72309816890298 51.046681937199196 30.458165050672857 40.552102522306754 68.96436281770755 95.72222691478748 71.18303040080397 58.01803307983484 63.717735073145526 84.54937384624748 115.04897074594031 95.41028809248422 85.81777932821304 89.55986934429056 105.2233810394983
19.760207661091943 15.164250600505484 31.259663785616343 47.758270447456326 64.2074984606459 55.09698398531281 12.04672647977232 31.8565800129168 37.333611966241136 32.52997764376503 37.160992981603606 23.52272457421216 49.092007461071205 18.336124270471633 36.01651345716996 20.7811266911531 0.0 62.2356410301195 53.4413444596939 1.5534431912910196 26.94481190047992 2.3517574125453113 22.42243819288918 12.108254197209105 57.5835292147011 56.649305132043466 47.1464786614692 29.4220851782048 29.51272487340717 22.882367792996202 35.33688244222001 72.56955884633376 40.61027153116016 38.708660043118364 1.2482122094504815 24.644126342396206 48.857186725873085 53.07790558003524 49.08756555898512 15.298864396823719 94.07410021306454 66.11738831581422 47.83193899200915 50.981294430888845 72.8361381452721 83.77498649205528 50.56333304747704 22.13370325948084 28.600679628345585 59.50583849104656 82.30261782532556 48.10789853043215 15.807323930898797 24.087873867674 57.4928902894458 90.09088710046977 60.37119097161998 39.59570957277308 43.425643240309235 67.81282712020514 105.10048837727106 80.91666511242062 66.66086649142343 68.80847291066974 86.14122800034669
44.68717474229604 53.34025746957241 75.5748798782356 85.41643578746184 91.77800857464868 92.59088478691278 71.5347520345757 46.00705687963739 46.81155919268376 47.596078870083055 87.7328484542931 47.798453991778125 79.92342409440987 46.00178026942378 84.7961226820504 80.83105578956553 62.2356410301195 0.0 73.16332200119963 62.01414780851796 42.17160481134796 60.06859409818739 53.552746835505125 66.92185376902475 83.25573410035796 93.69566653138912 90.0285714027339 48.12115868852647 51.63320041712106 39.45027571937532 88.5884461082198 99.79317550986231 68.48295278053894 55.79445574641151 63.44344543647206 83.65239221519484 84.83257416556333 16.44645579121638 70.11295995566506 54.56457458354816 125.73202500631999 111.2491011634036 106.48386928678208 112.67607483546374 128.24824666564356 102.67000944081073 84.60097837538505 78.53822970221306 87.02824132322006 106.65040707638926 82.87095730009982 59.30873701309426 50.61878378406819 63.259785973213475 88.52199745923386 69.19643165907694 38.172939859566796 22.826409472654838 44.49450584190075 76.3761846355514 65.59650450544963 31.247156197654345 6.687448242519596 38.831855273811875 73.2526984517424
60.379073372738745 63.59695352223144 84.69885893052805 20.943440500993216 117.2991257374069 108.5200521213752 63.66698519202975 75.90029281385092 27.872166084541153 77.46407712749527 89.27878211192284 68.59883584049619 12.319682201475313 59.86869992589617 88.73728429897302 69.187945459102 53.4413444596939 73.16332200119963 0.0 51.890145608629936 67.8595294111813 53.91930903911358 71.15972824058699 43.335541392587686 110.19846584620149 110.07420658830262 28.34692953913607 74.8190153251829 28.512684351522374 51.95872667999565 86.53854581335499 125.79818760981654 12.98617724510303 86.7670874842689 54.0137735747551 73.37139496799331 102.26156403981808 56.768433910581294 4.442296429044549 64.62917137537184 147.45762196545795 118.0718224848445 92.3738038898656 74.29430275158937 70.00804665535549 136.26227138138995 103.89340100574172 73.58729949639182 49.30681725432449 42.919150915405375 130.22115037231703 95.91033923496869 61.92647749510627 29.42506300527369 17.07718729840936 130.0548614865416 95.6865215685143 61.58250498563657 28.701054470733432 15.8097195502249 135.78499941157688 103.27242108921793 72.71617440253702 48.00951211213796 41.43677906271585
20.190561453309122 16.19278025158053 32.80971299158852 46.30137526554276 65.75306987569006 56.64435530830158 13.301992126393898 32.80971299158848 36.033687980078575 33.547870919996065 38.59598555476272 24.427067642570563 47.56237797867739 18.78731172399941 37.49800036904633 21.800509050625912 1.5534431912910196 62.01414780851796 51.890145608629936 0.0 27.609285693080942 3.1069835344517496 23.60639813767193 10.742096556211406 59.10935229117907 58.19695634078432 45.79301081513192 30.43714092749489 28.11916007286192 22.580905964731414 36.69827879978302 74.11982823350047 39.05690935137059 39.96244132395244 2.3511795385492733 25.743059463837753 50.41062937511326 52.50161549943067 47.53807363873867 16.428592524786325 95.6180996022754 67.56775079856958 48.813855224429325 50.94109847809481 72.124961731277 85.30126018387868 52.11559552201661 23.46514518627641 27.929164239244766 58.34647226754763 83.64409376631191 49.38255972837236 16.607010796565234 22.534445385558268 55.98805648560283 91.12038899579913 61.10010308398942 39.47591155486755 42.1698977940369 66.28031877889242 105.8111659076874 81.23864327445861 66.31895313246734 67.76032750117285 84.73188583029001
8.216286640346372 12.97437410092832 33.58793832063048 69.20190973999954 55.99378524708172 53.00596749749405 32.12992951947605 8.217909411983753 42.609722675187435 9.985838089040726 45.570431712529306 5.647408816516739 67.8595294111813 9.327370972261642 42.678941160553016 40.76578168699558 26.94481190047992 42.17160481134796 67.8595294111813 27.609285693080942 0.0 24.63462721219924 11.38620885968833 37.09258878809383 47.6511746911739 54.315104882707764 70.51012880591874 8.137920009335572 39.3650754401181 16.250998346746062 46.46466636319324 64.68371708825264 56.91815156398282 20.130608042296117 27.803186811859934 42.88790045208277 45.24158672642783 39.6310070086886 63.501600047496744 13.77084091756428 89.74510699830444 70.25103661108824 64.89225358306169 76.69141751975552 99.73422171896401 71.94499986283485 45.64575542788408 37.22653835330538 55.52408047872061 84.70454565048817 62.399287181957526 28.511377194334457 11.268505277995729 42.8475528574724 77.06944500588291 64.86155696949771 33.516740003183486 20.84632053323202 46.26676161736426 79.00319178784223 78.20560533419105 54.90844101728078 48.04755026666275 63.221889255496954 89.89025240497345
17.408515467240584 13.086312918383225 30.95244505528252 49.095824780137725 63.466305820275345 54.80318501066011 13.203017999769838 29.709837658189205 36.63518893295848 30.44111906536382 37.618475179099214 21.33656949976793 50.07311899743116 15.984816202988311 36.27058272162124 22.27747226224093 2.3517574125453113 60.06859409818739 53.91930903911358 3.1069835344517496 24.63462721219924 0.0 20.536636709162035 13.742798354067833 56.6489160312954 56.34917479908971 48.76486778579209 27.330414524327363 29.114019880615253 20.80688990006634 36.05075673229806 71.90796291623387 41.20133388077548 36.92731883165388 3.4300602021345585 25.990342953574313 48.35911162022534 51.1961222970726 49.5303592603457 13.342120515882227 93.81012239428065 66.47335106971313 49.31412461570379 53.29041674676555 75.11766299311847 82.8326723976394 49.97433897896765 22.98834406748218 30.892391238452046 61.44153462231697 80.68416304643303 46.3610274149948 13.550232034555874 24.753301641917595 58.62334283308384 88.01367399930348 58.090079165708005 37.380973958276705 42.60336326061676 68.0263576749155 102.81341749045879 78.56654221693557 64.57228020811763 67.53689557333958 85.71849411209267
12.74938091902807 7.824372578866194 22.299945011891847 69.09754425841464 47.84614871574081 42.959915582072824 23.505478722667725 10.878846317699622 48.515668166915546 10.866624347772811 34.184387313967704 5.824888659215911 69.17584599175275 12.480283154929698 31.303950749078595 31.151054214081512 22.42243819288918 53.552746835505125 71.15972824058699 23.60639813767193 11.38620885968833 20.536636709162035 0.0 34.262055766862865 39.96305459827716 44.35532854459216 69.19688863015207 8.015584712588998 43.444565347828004 23.16404021332316 35.152825905227296 56.582207975190514 59.17210165656919 16.46855771163388 22.837923822000075 32.69043566432453 35.362282849872436 50.42633344826384 66.71982194334448 7.222801566401482 80.80274532348524 59.33778362221566 53.922723495313576 68.47734139125662 94.15641820293314 65.52453406439105 36.136975438832884 26.704668415031488 50.15216374493385 81.92790509386998 60.44988135232489 25.932111450755947 9.25283286365376 43.51562582149013 78.07982279815658 67.90648664111816 40.25902480693654 32.01754160199161 53.1440740209031 83.77528261955585 84.64465860878914 64.42647511727475 59.427346332564134 72.85076952026694 97.35320270817579
29.123709894769682 26.68015275535187 42.14263281818766 35.758732691755114 75.64995194498341 65.70185904155338 20.39026085542978 43.02445317131028 32.81680387811959 43.90253631241899 45.94382439271893 34.593335067099765 37.658495070124694 27.8441694529258 45.45228724447399 26.2656569043519 12.108254197209105 66.92185376902475 43.335541392587686 10.742096556211406 37.09258878809383 13.742798354067833 34.262055766862865 0.0 69.31949502339795 67.25841856223677 35.05138985236301 40.799732849746576 24.06843614730745 28.279802214514095 43.285417839023474 83.85447603312439 30.349512437006055 50.66988007269159 12.1082541972091 30.49291261123128 59.93153392158752 55.2722515598733 39.159782118094746 27.048625941559255 104.43775706619614 74.78326436281242 51.69760333350852 46.34179309426359 63.382138014234215 95.48305007384151 61.79610955466729 30.25481489805295 20.169205657292107 47.88620107207109 94.38603660971897 60.1031170157715 26.662666805539104 14.29207071999391 45.74364576493754 101.40212126832225 70.52251444109616 45.3793554879159 39.24248695920574 58.44215668483054 115.05621688274856 88.89208096907863 70.4303941346252 66.43679795619686 79.13295883267
52.42460410268245 46.934851477268616 28.515212013827796 105.01874002532948 8.569570513016233 15.973066020391823 50.53804794672319 40.20417946678715 88.47793840024606 38.30931675896855 33.8551309154764 44.183223479970245 106.67083928689136 52.36041278132313 31.29831907716631 51.06431521617803 57.5835292147011 83.25573410035796 110.19846584620149 59.10935229117907 47.6511746911739 56.6489160312954 39.96305459827716 69.31949502339795 0.0 15.906313574664704 103.45881271646715 39.52255996195006 83.17818983416133 62.75224998330426 38.25441372914547 17.07716323483183 97.71131749782745 28.352469985109984 57.321965797412304 48.84460150694804 13.340105008712644 85.79837950906526 105.76587648762342 45.77232838093466 42.705774963118685 35.264146676870304 55.30070875841241 85.25026838547649 117.77894400841564 26.19196519526188 10.781077552225874 44.060163108645234 78.49342686300287 113.03093335795793 34.05337920329445 24.197131418706835 49.053177253018625 81.37426942314694 115.03118596748845 56.961364471751054 51.49118229299706 66.72998153212617 93.00130528990483 123.45201052587605 83.31142535453316 79.45838994381843 89.89554743305256 110.6504168086904 137.11510348014716
57.03246487429772 49.71328025355895 25.403334286937955 101.95134627791343 13.686430652795387 1.5568560377024157 47.03388436573266 48.222980272108416 91.40095653280271 46.46296897160953 24.184424334674624 49.67776129266159 104.8529565744171 56.571714455353685 22.97916857914461 44.640137841906885 56.649305132043466 93.69566653138912 110.07420658830262 58.19695634078432 54.315104882707764 56.34917479908971 44.35532854459216 67.25841856223677 15.906313574664704 0.0 99.3140346225644 46.68596747091583 84.92046090699175 67.37266880212022 28.48016193821758 18.667100658877697 97.18847688555351 37.97378545078246 56.06086393736351 41.428068474303956 9.073756339240386 93.8613385136973 105.73291087164603 48.337501929546214 37.46466609975214 19.686397023446947 42.028016590240355 74.43118337161033 108.20579867203489 33.11355528780484 9.125668755688062 38.27402558055083 72.39735599788396 106.83026815567833 48.96975118460001 37.05221477727551 52.36911538274344 80.66603627877063 112.54475602077163 72.85680507975663 65.23991815512782 74.8274721546635 96.62724796779823 124.375521305955 99.12907927632641 93.45188065384437 100.17293215350294 117.17790479198553 140.78845512723603
62.29432876938885 61.486446883140474 75.34824513874183 7.426682379656483 109.15495887277832 97.78653947382459 53.00125024922674 77.29748470783102 43.987627740765134 78.36785254085669 75.9328102868853 68.93818229427785 16.032947028287513 61.23067834686247 76.45048541211168 54.8754772441954 47.1464786614692 90.0285714027339 28.34692953913607 45.79301081513192 70.51012880591874 48.76486778579209 69.19688863015207 35.05138985236301 103.45881271646715 99.3140346225644 0.0 75.30819389067231 38.42922252919942 57.7467023718941 72.25908058785434 116.95899054834996 23.220230979607425 85.65146351205367 47.04850685875384 58.52448147958514 92.97214031372592 74.80180682349103 27.354144335053928 61.97481154760098 135.3228418268997 102.90087758496 72.52400121500136 48.225428513349186 42.26670341896902 129.4204850718672 95.08080230460669 61.040205715627344 28.395513680610858 16.77958334203482 129.43700837355962 95.10308508229453 61.074586389681606 28.46865062478261 16.901884198333644 135.370243464761 102.96263321871675 72.61078209248437 48.354610201350134 42.41263721145079 146.5027737252486 117.09137619045046 91.39189933548042 73.41205195355727 69.43299435103123
14.445770242262341 14.258482147465328 27.699157577621307 74.6428520515655 47.88744810720563 45.428189064781044 31.509772603868146 2.889288068203606 50.31916251176822 3.1107811408883412 40.231111581911236 6.432491628349997 73.98635378675264 14.990034320234194 37.09622574410677 39.104711550968176 29.4220851782048 48.12115868852647 74.8190153251829 30.43714092749489 8.137920009335572 27.330414524327363 8.015584712588998 40.799732849746576 39.52255996195006 46.68596747091583 75.30819389067231 0.0 46.478013127066646 23.970703379936545 41.75585975164617 56.565923542154216 63.416609813633805 12.204292484356106 30.003022585038266 40.484241064872826 37.62608251508195 47.19388026102761 70.41627938255918 14.245399160911502 81.71269942125573 63.29931233147316 61.085392327218536 76.49073074102937 101.80875768202354 63.87730733692662 37.868021552868164 34.387476696650275 57.67013858460259 88.67934397777667 55.516865416108566 21.094145000801362 14.235790709888885 48.5304718408309 83.08194649370996 60.683260262070014 32.245732411159935 28.141765835671475 54.212297985937205 86.491791889057 76.68952549423777 56.731172350495896 54.317294192054256 71.25384843591809 97.97271722713349
32.04014886496231 36.244514662916885 59.690112984499365 34.308063237280415 90.71300902888498 83.39442546455184 41.350678831912056 47.44667583979293 8.805699965209438 49.04638561224421 66.65710846726506 40.37635984736037 30.33237157220707 31.641744163243253 65.38381786265109 49.13464200061424 29.51272487340717 51.63320041712106 28.512684351522374 28.11916007286192 39.3650754401181 29.114019880615253 43.444565347828004 24.06843614730745 83.17818983416133 84.92046090699175 38.42922252919942 46.478013127066646 0.0 23.473117736595754 64.81341231610298 99.37102299169702 18.63575362647767 58.545583665005175 30.46877021580794 53.283769588600485 76.54281893676041 36.82632650574038 24.192338867386486 37.43285509567027 122.33398255825202 95.5721512830276 75.48000972932853 68.2289571610288 77.51072365441404 108.95139353570033 77.8928408566698 51.565544216133006 40.56523431713596 55.01720923255542 101.7546182673068 67.56353874510992 34.212752148727986 13.07838920959729 39.578116832104286 102.06115205241096 68.02009862908356 35.09756250478615 15.224782008756218 40.33111823225156 109.80815921937612 79.07589548632619 53.31961427055825 42.75258927061404 56.63395728239981
10.419285168643425 18.16945880007435 43.80276124701281 55.372597197824106 70.83616825974082 65.94396983832436 33.15291372214043 24.46484985758037 26.37802108181366 26.19587789253347 53.90768832518777 18.581028548817876 52.98564562507309 10.802935509538903 51.664420215219145 42.520346837850454 22.882367792996202 39.45027571937532 51.95872667999565 22.580905964731414 16.250998346746062 20.80688990006634 23.16404021332316 28.279802214514095 62.75224998330426 67.37266880212022 57.7467023718941 23.970703379936545 23.473117736595754 0.0 53.5237496894822 79.5768705194141 41.633013474885345 36.1709352225912 24.110509143644773 45.838007602598076 58.44411549031899 30.736784343341746 47.66158475966313 19.6099522912446 103.96645315092587 81.25101279149567 69.2039923394402 73.28997073719604 91.36962757906792 87.71525262709997 59.28985525473245 41.610456664962236 48.39829591244558 73.13126394379142 78.53554376961199 44.756824282095494 15.276327306372087 29.298638256828294 62.27604196637467 78.93483981816183 45.44747498011243 17.178096150771708 30.324098553598933 62.76037666561798 88.78397295258429 60.845561454544765 43.77886460353199 50.257474724168915 74.36300617598327
44.849572756956924 35.976758377402014 15.232562344589411 75.67856417409314 40.8012904430051 27.0956515947871 23.505478722667725 44.442435187974766 72.64315143430147 43.44106644954437 4.44887178165106 40.81928325265253 79.65159772878063 43.775700700549294 7.191609082527595 17.64072546442429 35.33688244222001 88.5884461082198 86.53854581335499 36.69827879978302 46.46466636319324 36.05075673229806 35.152825905227296 43.285417839023474 38.25441372914547 28.48016193821758 72.25908058785434 41.75585975164617 64.81341231610298 53.5237496894822 0.0 47.09898629359821 73.56967225503583 40.563293924115065 34.347402791191826 13.74997242594089 25.074094036784466 83.78489183342973 82.4190301385587 34.60372161990508 63.08316537890279 31.54021450256965 20.122934063248685 47.00986904466739 80.06104588126688 61.20657738750326 27.63487109827483 13.26572904837419 44.53229743908928 78.64555896323628 71.4799160716239 45.98155183773511 38.91084578833756 57.52069917383073 86.59118805833171 89.82654272127643 71.03913564097031 66.47615095173471 78.65346359831504 101.72720807673231 112.35819620156356 97.77671084387136 94.29149914371 103.03479575746147 121.39247158919332
69.1957615515441 63.208455065256146 41.78738538379668 119.16749562168266 8.741205102530316 20.007196369399175 64.11279870934446 57.281201928915955 105.0260219773905 55.38646359404838 42.753216153254385 61.057866843149036 121.49106206236013 69.04998526930727 41.260626019147274 62.75031449086832 72.56955884633376 99.79317550986231 125.79818760981654 74.11982823350047 64.68371708825264 71.90796291623387 56.582207975190514 83.85447603312439 17.07716323483183 18.667100658877697 116.95899054834996 56.565923542154216 99.37102299169702 79.5768705194141 47.09898629359821 0.0 113.10732639553213 45.40223197666797 72.15287033349796 59.76306364980265 24.014321336253655 102.82537222243032 121.39112943967365 61.967960073931856 25.941839946300167 30.59191599932675 59.94661254540019 92.9847952787008 126.86052465637404 14.816495279059158 22.058385545896165 56.111227630741524 90.58267501209387 125.1272384862982 37.18402956157424 40.484953840192176 65.49993724856284 96.62444271606365 129.52665724917009 64.51576164571514 66.28104509382197 83.7785579188902 109.72371203812901 139.47944502413716 92.51089039226663 93.53529624076398 106.46186501397344 127.72664567428903 153.91151215437583
49.09591673932471 51.47427900449676 71.8405121265555 17.263563243072095 104.66196197115725 95.63307759203458 50.686097063757465 64.74090303213957 21.690404164304407 66.19849730053397 76.29305800632794 57.07119427496692 11.75568397450296 48.43277736038675 75.75820952434702 56.26469514023174 40.61027153116016 68.48295278053894 12.98617724510303 39.05690935137059 56.91815156398282 41.20133388077548 59.17210165656919 30.349512437006055 97.71131749782745 97.18847688555351 23.220230979607425 63.416609813633805 18.63575362647767 41.633013474885345 73.56967225503583 113.10732639553213 0.0 75.12661882507493 41.13853157393153 60.459823709129495 89.46614949380978 52.658803861689286 8.892885369533827 52.42416809567714 134.53912875406334 105.09793949530436 79.90716290212664 64.18341343473344 65.18162715875995 123.84408032142993 91.14590079868286 60.60218592903653 37.848452447447634 39.839885451568954 118.93304361383704 84.41714880366611 50.02294048277117 16.52838620388013 20.950750345688963 120.5154907589113 86.61226388628529 53.61185684872239 25.3303045978052 28.352489563303543 128.35138653758338 97.12796375044366 69.19836208019039 50.376525733896656 51.78787922500575
26.523406653645143 24.257801760844288 25.336494631978955 85.540877761677 36.89272054668335 36.933504065568215 37.4607265596806 12.130163253296567 62.52336588007367 10.246193534659454 37.8630756337168 18.17872636970134 85.41365077080738 26.918912076078826 34.43387811320626 43.11037777408443 38.708660043118364 55.79445574641151 86.7670874842689 39.96244132395244 20.130608042296117 36.92731883165388 16.46855771163388 50.66988007269159 28.352469985109984 37.97378545078246 85.65146351205367 12.204292484356106 58.545583665005175 36.1709352225912 40.563293924115065 45.40223197666797 75.12661882507493 0.0 39.012442039661316 43.31732827084531 29.277033390619973 57.4490801864845 82.34755933610167 23.68254532054693 71.00740572425488 56.2509255981879 60.67186893665395 81.19592856924855 109.08380281595409 51.85390112963231 28.85374451611738 37.0282312240863 65.60854416334261 98.14638073371037 44.03389805239771 9.464527082155367 25.199697771474185 59.79403534085308 94.39535452869099 52.844732610473315 30.583087236114235 38.37867237775795 66.37286772730945 98.65409497337133 72.45359313240253 58.04941047384788 62.32764241695594 82.4289149276695 109.99594117605892
