0.0 25.388691473785666 87.21821554055562 73.52286363541332 87.25370957110312 55.51358142854304 13.52910268279338 52.17992755346311 21.956943668975367 24.75384272454584 74.95349265092193 74.09146285512377 75.84795337021406 74.2091878836396 42.96921865331919 75.7851470338111 27.034155350333727 69.9739326175771 24.427960696702517 15.254663543192814 2.3419346862403194 18.504421747937442 87.36427792590916 59.07617548640002 84.85877742154524 56.935415233658354 27.790482063903916 60.61932105569557 21.283850888935213 32.137848958777234 64.25760446687487 74.47007946218143 59.721819363247995 74.60434507944754 40.549272599631756 78.30837520560033 6.821578375030554 68.07973798948763 15.960025920763117 31.91131556727371 74.91956474885575 66.04913649178849 27.850830433836574 58.95905368577763 36.29804985686803 24.427960696702517 51.21229799151976 44.81951189378928
25.388691473785666 0.0 62.57667960732792 50.588596557478695 61.98495170067157 31.354306444174405 12.189089079871106 26.791630411391097 41.37217554728192 9.724096000981973 50.023228582804904 49.90491313636915 56.40348154048707 49.845514241260354 20.409221540483777 52.040496978394486 51.22908887161973 46.00190337124649 49.442440516581506 39.876721738539395 26.501591677246594 8.515534674053653 63.24253343687677 36.411870653634914 59.569984512819595 32.162042772530036 18.74573420962568 35.570864828566464 42.16174125480487 10.610167714364175 42.326097064120276 50.17287546606192 39.535636474981544 50.139439847021116 16.25031409661279 53.28409605180306 27.768845277290477 42.83312504440623 38.608681228745425 6.522659526928769 50.94906519729307 40.66077626838117 53.15984718548698 37.16734134936129 11.983618343252026 49.442440516581506 40.731244757631934 19.52483974040955
87.21821554055562 62.57667960732792 0.0 46.882003172609636 10.752101404334375 43.778543187231485 74.69343563848759 37.764980071633644 96.91202642504585 63.04684243417595 12.918649822496603 13.647478555373096 63.45600272977578 13.188661646869436 54.3156303864377 13.647478555373096 110.18029156953965 17.96166675436764 111.63083646611234 100.12529343434353 87.8264797354563 70.88666515060456 5.500387778700822 48.866305750397366 11.500298283741875 39.86872690015005 73.78068386369345 35.77044803761442 98.78751161850033 55.2525735337166 27.920088183860585 13.051319588452905 57.459561748402834 12.674373960233087 51.99348069296471 10.429330328272773 87.67331482750008 21.29886056246404 101.18533605049498 56.360819069266334 13.514825363494356 26.088614821371614 114.02698265228362 32.0087969135394 54.94141824329636 111.63083646611234 79.06598234145223 43.401558232317385
73.52286363541332 50.588596557478695 46.882003172609636 0.0 37.86130370975583 19.834186071567974 60.35772303477765 30.703612210191753 91.90131221907878 57.961114065645326 38.00220659527367 44.609229799119184 16.57959700374044 43.27219219575278 30.668158238183132 48.373028363419074 100.51452673644923 44.710866226523144 94.61202136241951 88.76759205527843 75.24791865302839 55.228341920723395 51.59026810954625 14.448544647302606 36.03983618766299 20.922045074867032 48.405577788341645 20.391906751934872 92.5318223475819 51.72990433510153 53.0849415472986 43.90017570066821 16.873886441730075 42.57115812460484 34.39826275323931 37.98695758671085 77.5540603898752 31.772009431533018 81.8098264918204 45.109022202442866 46.49055027724184 26.45897044063405 100.73001950293056 51.9933993981325 38.61002736519645 94.61202136241951 39.69961697746748 37.33636110468043
87.25370957110312 61.98495170067157 10.752101404334375 37.86130370975583 0.0 38.485106677082875 74.15947945525767 35.54919565723847 99.15661198584596 64.10148380019753 13.64772982456336 18.951383667248013 54.27594807181745 17.780581700494054 50.44287411253147 20.882896682828992 111.63298363030563 22.64951937542754 111.42706633764591 101.00693398909803 88.13440697550973 69.88575107620792 16.245195137398266 42.175737863094376 2.4825301406564075 34.931168651571234 70.68332125038953 30.584781238251356 100.79298480601517 56.17808034435297 33.99384293387126 18.037950854551706 50.246049841248976 16.881104417850505 49.26858559931716 10.138098863509084 88.53787832046928 19.174567610744443 100.24541408577322 55.51392687082259 19.84990137054625 22.013357560497923 114.71812355322064 36.97257361170247 52.78566775635686 111.42706633764591 72.81376665856399 42.46337201343603
55.51358142854304 31.354306444174405 43.778543187231485 19.834186071567974 38.485106677082875 0.0 42.04174584963218 12.695551620025821 72.70476890801793 38.213491279223526 31.52433260170886 35.905118358420616 30.419014132438686 34.953832388224605 13.183617221727996 39.51192778108613 82.19979883948723 34.15284726283599 78.02152764504301 70.59587438944833 57.027881613897264 37.00916128358184 46.940881195490036 8.076590914648941 36.05496442611935 4.037618989745282 33.48809693171366 8.030719754961016 73.5136729767896 31.8986815490172 39.127491127842084 35.54623948744961 16.43601672792656 34.62234848244445 15.147446377195356 33.367915462895 58.88977235865706 23.066952585066378 65.69661136632939 25.523593825549547 37.704190062956194 17.732570437199747 83.22520043114237 36.55492807971418 19.460300007974723 78.02152764504301 35.418390675339076 17.90243108388902
13.52910268279338 12.189089079871106 74.69343563848759 60.35772303477765 74.15947945525767 42.04174584963218 0.0 38.850086560027314 32.401578697633774 14.894165686518507 62.19187009800676 61.878745027058784 63.803659975446855 61.87477046663824 29.701098241050815 63.86740095933189 40.221020066580465 57.89494285901186 37.27245245143756 28.560178649677862 14.989026868511687 5.132659722432306 75.2153611372139 45.919162936768444 71.73903479936763 43.40777390840704 17.8731761960249 47.09649180179482 32.58863774230167 20.711740106896862 53.36802555928138 62.182260827198874 47.28202832129242 62.198912788872846 27.029650726988706 65.46635840221639 17.288786709655497 55.01628398117515 26.54250704390395 18.648512794852476 62.85279169535556 52.7263445502879 41.37171586243826 48.10174896601545 22.77037557042256 37.27245245143756 42.35216262289811 31.708410976957904
52.17992755346311 26.791630411391097 37.764980071633644 30.703612210191753 35.54919565723847 12.695551620025821 38.850086560027314 0.0 66.44450297047798 30.816186363802846 24.846511775556372 27.046087991098293 42.99232117218025 26.463526926079393 17.325627568193557 30.209722969940813 77.62227675803828 24.252792601515083 76.09162759052575 66.50586672572199 53.258995991970075 34.40803901126554 39.66996472656696 20.77162119549526 33.09144504330896 9.966644464819398 36.022581911237964 10.84560967128662 67.67749146595544 23.307951144444935 27.08685643076694 26.96178277880342 28.88982801406634 26.4263314029005 14.233266245535585 27.69193576058285 54.18893248363668 16.739490095473272 64.71644549812538 20.269042742287997 28.609161223282968 13.877161654372273 79.92962630087071 24.059270126622945 17.330464086794432 76.09162759052575 44.98147904707116 7.924627441542068
21.956943668975367 41.37217554728192 96.91202642504585 91.90131221907878 99.15661198584596 72.70476890801793 32.401578697633774 66.44450297047798 0.0 35.651888385336996 85.86993654758491 83.27734348615057 96.19930070030279 83.75308169724336 61.381137915602075 84.06069580381929 15.062883776187299 78.96667167980026 27.471118670098612 12.971364297148224 19.627401990695677 37.39469247957138 95.86390553041556 77.60158841510865 96.9399407365305 73.26046864350936 49.18392393475389 76.32515742059033 2.850609087826992 43.407495735458376 70.63633802860926 83.86249737360541 79.61316193499957 84.35012411659494 57.62247728050329 89.40652841838414 15.627551650504785 80.41645149711628 29.60590892271133 47.29256852354622 83.64895151328732 79.7274941897044 22.496554157832804 65.66604292917292 53.34556293881088 27.471118670098612 73.06864308460115 58.53944228544708
24.75384272454584 9.724096000981973 63.04684243417595 57.961114065645326 64.10148380019753 38.213491279223526 14.894165686518507 30.816186363802846 35.651888385336996 0.0 51.20100281562582 49.68886319613206 65.18679370277427 49.91187935786943 28.95648469746403 51.18848146753162 47.53161893726658 45.49441448946237 49.054064969389486 37.0976828497448 25.016567083195483 14.499792470993555 62.86361293337244 44.2641824483087 61.80277538177804 38.18155464938417 27.687314655604972 40.92882277568607 36.987943100090106 7.923405081612642 39.51990348973896 50.1285070609552 48.35205004374924 50.37514655197632 23.857387183056186 54.66715061474833 24.630314411403752 45.09264954719547 40.07497109260392 13.039450581489703 50.409089939251466 44.10547278944099 50.98110190313706 34.21934804351057 20.029205165597393 49.054064969389486 50.41294508075915 22.898985686994006
74.95349265092193 50.023228582804904 12.918649822496603 38.00220659527367 13.64772982456336 31.52433260170886 62.19187009800676 24.846511775556372 85.86993654758491 51.20100281562582 0.0 7.251043252799233 54.36810766479679 5.801254871997393 41.497254649984114 10.717572684187699 98.65232649886102 9.670886188662788 99.30637120729 88.271613901685 75.67864795091307 58.236039485618996 15.422172253772953 37.356525349178874 11.813007734275384 27.525971109664074 60.8626733061446 23.66325716613854 87.58757267764534 43.30635756055188 21.09735521256821 6.35953859909652 46.19424904278634 4.911836987085994 39.07496917755651 3.5565329903929532 75.7906671000849 8.549104786629888 88.60121380241102 43.71007844964921 8.951447986396083 13.856570712838483 102.09519675554876 23.523805606868248 42.04822433732091 99.30637120729 66.94246819476567 30.66747853631605
74.09146285512377 49.90491313636915 13.647478555373096 44.609229799119184 18.951383667248013 35.905118358420616 61.878745027058784 27.046087991098293 83.27734348615057 49.68886319613206 7.251043252799233 0.0 60.76510410791337 1.4497890208823103 44.32219289011021 3.789543488948305 96.62548877431155 4.3142675908291 98.51905228598677 86.6994948887886 74.59967301504673 58.34527102590617 13.339414083924709 42.50292781654037 17.69859861855446 31.871436029810976 62.63251041709351 28.494495164747864 85.17053547178806 41.990170340597246 15.093555472969495 0.9512832708934789 51.43259330378685 2.3696746767292933 41.02282277792634 9.516430101894406 74.27792051417015 13.336955475807153 88.42117763017121 43.92094927485107 1.8947718056228489 19.062093552484917 100.62731755122421 18.59030200373229 43.42143433259953 98.51905228598677 71.07672194099015 31.34739362725718
75.84795337021406 56.40348154048707 63.45600272977578 16.57959700374044 54.27594807181745 30.419014132438686 63.803659975446855 42.99232117218025 96.19930070030279 65.18679370277427 54.36810766479679 60.76510410791337 0.0 59.47095584197908 36.230313952701195 64.55020310958967 102.64381374642791 60.50276830565157 94.10755326755216 90.89578839573112 77.8738795612351 58.81514300596088 68.16508700603461 22.46678732790216 52.53279401846729 33.16844499801244 48.44038546076758 34.30713176999503 96.34804828133127 60.35411332959344 67.95822374801841 60.10217153954748 16.86994129939579 58.81525050121769 41.610436434015774 54.51013954794181 80.95004095340735 47.64341423203649 81.06793507584224 52.2190002968726 62.65756315465976 42.07924122835105 101.43751759891616 66.18254365355719 45.17195131197614 94.10755326755216 31.7001108319753 48.01432975825023
74.2091878836396 49.845514241260354 13.188661646869436 43.27219219575278 17.780581700494054 34.953832388224605 61.87477046663824 26.463526926079393 83.75308169724336 49.91187935786943 5.801254871997393 1.4497890208823103 59.47095584197908 0.0 43.67687473693753 5.103023757712987 96.99195721964824 5.019006161705819 98.63556422240005 86.96895670496248 74.7616331380405 58.25251865938712 13.471232977055925 41.42442084454765 16.434137090856073 30.916475804997226 62.21628478111633 27.444305809051556 85.61131140166516 42.15818439894162 16.213360738651318 0.6317110786374089 50.34612399475303 0.9513632649465507 40.53838200079607 8.158805870071347 74.52763168840639 12.187342861622316 88.41087210674202 43.78414100088034 3.2373640712034897 17.908607546369904 100.88204040369561 19.461957313989043 43.05398504262781 98.63556422240005 70.21068153723175 31.078815202415225
42.96921865331919 20.409221540483777 54.3156303864377 30.668158238183132 50.44287411253147 13.183617221727996 29.701098241050815 17.325627568193557 61.381137915602075 28.95648469746403 41.497254649984114 44.32219289011021 36.230313952701195 43.67687473693753 0.0 47.532217561247506 69.8980462131286 41.5733709678543 64.97048731856256 58.18150972729167 44.63152274255362 24.57749986310578 56.68117586000107 16.256023331651058 47.967301317438576 15.817998089323966 20.46495504464336 20.130608042296156 61.92121667136349 24.576879014658218 43.25995379784679 44.195632134651866 19.408542690609853 43.57795092159975 6.035596753682882 43.96478413581911 46.88709633047031 33.01760634196997 52.553322726060436 16.022014422005224 45.91641952862459 28.62405245667538 70.4632169093166 39.34777256153156 8.960394746501862 64.97048731856256 28.446593332317953 16.331791752710057
75.7851470338111 52.040496978394486 13.647478555373096 48.373028363419074 20.882896682828992 39.51192778108613 63.86740095933189 30.209722969940813 84.06069580381929 51.18848146753162 10.717572684187699 3.789543488948305 64.55020310958967 5.103023757712987 47.532217561247506 0.0 97.6822800369554 6.143167508455324 100.18851417488679 88.01249200383462 76.18897082843236 60.53119259899209 11.812201490871635 46.217203099253034 19.9937263017548 35.48611205034033 65.44047035106675 32.19520052302246 86.04517548807722 43.64973371974056 14.28188949178659 4.478404994958431 55.15023401659874 5.860681756581007 43.986148240386875 12.365698895069162 75.65635886893679 17.108926287468975 90.38786717026888 46.234830955841744 1.8947718056228489 22.83066429226441 101.96287427351679 18.59030200373229 46.17674685493578 100.18851417488679 74.56711826655416 33.96910627762809
27.034155350333727 51.22908887161973 110.18029156953965 100.51452673644923 111.63298363030563 82.19979883948723 40.221020066580465 77.62227675803828 15.062883776187299 47.53161893726658 98.65232649886102 96.62548877431155 102.64381374642791 96.99195721964824 69.8980462131286 97.6822800369554 0.0 92.34240214414676 17.17359561582458 11.791240911412691 25.26862395584322 45.32757185275311 109.48995757843632 86.06607153953576 109.33247883821879 83.33697843968876 54.26044783636908 86.79953509262921 12.406213755511995 55.455005193470825 84.64095681400623 97.15024102320008 86.69482272011969 97.52781243088732 67.09631378651817 102.14396424259992 23.473117736595754 92.60203124539576 25.64188147165353 57.61583444437178 97.13730674551334 91.30515798842906 8.735297395734252 79.54468501807206 62.79185406832313 17.17359561582458 76.25264586739627 69.88522583040209
69.9739326175771 46.00190337124649 17.96166675436764 44.710866226523144 22.64951937542754 34.15284726283599 57.89494285901186 24.252792601515083 78.96667167980026 45.49441448946237 9.670886188662788 4.3142675908291 60.50276830565157 5.019006161705819 41.5733709678543 6.143167508455324 92.34240214414676 0.0 94.3965712564093 82.46446315176013 70.44338570110524 54.477491303090616 17.390661079856834 41.20429861542224 21.14832425904419 30.169543547698257 59.3062948083558 27.203297480572115 80.86588354225601 37.84572470104625 11.459443392145614 4.9791461865507 50.12412202758599 5.828864497791732 37.89643399963361 12.722461256201372 70.05707749464372 12.938871074194784 84.4318366235109 40.136802693682235 4.958795821754632 18.424377163746172 96.39963033703697 14.447366276761993 40.03924783633855 94.3965712564093 68.89528451844441 27.825961204304775
24.427960696702517 49.442440516581506 111.63083646611234 94.61202136241951 111.42706633764591 78.02152764504301 37.27245245143756 76.09162759052575 27.471118670098612 49.054064969389486 99.30637120729 98.51905228598677 94.10755326755216 98.63556422240005 64.97048731856256 100.18851417488679 17.17359561582458 94.3965712564093 0.0 15.326284575130403 24.049780209976362 41.74008572499796 111.78723078553818 80.38731126022802 109.00964919826552 79.93264413880374 46.33887171135574 83.85731200563532 24.724968718664808 56.553417625041035 88.42248991989679 98.89777282163021 79.30836109302155 99.02666407695736 63.58768526923278 102.63235713434324 25.443288922774162 92.27355061099315 13.039640169729713 55.920845450616724 99.3396544602877 89.95882412395473 9.823746757946662 83.1378774343636 59.51017163832393 0.0 65.13764261481212 68.96654393674469
15.254663543192814 39.876721738539395 100.12529343434353 88.76759205527843 101.00693398909803 70.59587438944833 28.560178649677862 66.50586672572199 12.971364297148224 37.0976828497448 88.271613901685 86.6994948887886 90.89578839573112 86.96895670496248 58.18150972729167 88.01249200383462 11.791240911412691 82.46446315176013 15.326284575130403 0.0 13.571379285047618 33.63809036447569 99.77045072475319 74.31953999299563 98.66410306541002 71.8527974083408 42.56360266955138 75.40882947212165 10.59451409298174 44.96719543656771 75.4952559383651 87.1683870208114 74.90697194293028 87.45100052576097 55.53774214393064 91.7178200616033 12.481658278315441 81.8798281180946 17.050018764557738 46.339277642728334 87.3383620988106 80.29036430338373 13.954389671203069 70.28323690569289 51.24806138239173 15.326284575130403 65.00010475522397 58.88609091795494
2.3419346862403194 26.501591677246594 87.8264797354563 75.24791865302839 88.13440697550973 57.027881613897264 14.989026868511687 53.258995991970075 19.627401990695677 25.016567083195483 75.67864795091307 74.59967301504673 77.8738795612351 74.7616331380405 44.63152274255362 76.18897082843236 25.26862395584322 70.44338570110524 24.049780209976362 13.571379285047618 0.0 20.071227655189226 87.829351297403 60.79980292536787 85.75659873408067 58.32714104245064 29.960827986884894 61.9341886076735 19.008429646537152 32.6100183617791 64.3872514360171 75.00483941875913 61.66008284544845 75.18293778561812 41.985614719983495 79.06619743527152 4.566332343334741 68.9637137023238 16.797342734447312 33.00923115016707 75.3751357998536 67.10308482220476 26.671216675551555 59.09852554392301 37.70440018078798 24.049780209976362 53.504197267349674 45.77875537311744
18.504421747937442 8.515534674053653 70.88666515060456 55.228341920723395 69.88575107620792 37.00916128358184 5.132659722432306 34.40803901126554 37.39469247957138 14.499792470993555 58.236039485618996 58.34527102590617 58.81514300596088 58.25251865938712 24.57749986310578 60.53119259899209 45.32757185275311 54.477491303090616 41.74008572499796 33.63809036447569 20.071227655189226 0.0 71.67626472178819 40.78816595411434 67.4451992919641 38.49225350304058 14.28359285099287 42.26572653476224 37.661867373061924 18.512262545630932 50.77110113060822 58.59291126963597 42.22824599436098 58.5224639771046 22.085934653194908 61.4336801368892 22.40777334373413 50.81508814748522 30.39447284256883 14.529805847569314 59.418470150042324 48.25061704885201 46.27225825717673 45.58068167900374 17.88120695134702 41.74008572499796 38.49930792756722 27.58686861796459
87.36427792590916 63.24253343687677 5.500387778700822 51.59026810954625 16.245195137398266 46.940881195490036 75.2153611372139 39.66996472656696 95.86390553041556 62.86361293337244 15.422172253772953 13.339414083924709 68.16508700603461 13.471232977055925 56.68117586000107 11.812201490871635 109.48995757843632 17.390661079856834 111.78723078553818 99.77045072475319 87.829351297403 71.67626472178819 0.0 52.56938860292387 16.85866928001355 42.947190063195634 75.58631310830461 39.04498852739343 97.85576680758233 55.23594895755782 25.676988632171632 13.094621985939837 61.31779905173421 13.327479388070222 53.847636026612214 13.96442707000836 87.39041493078801 23.947850055092978 101.75785467028643 57.23242184203242 12.455236888630344 29.238177052853437 113.71606577620734 30.298336063924225 56.47873862805896 111.78723078553818 82.35657153109825 44.54841158010955
59.07617548640002 36.411870653634914 48.866305750397366 14.448544647302606 42.175737863094376 8.076590914648941 45.919162936768444 20.77162119549526 77.60158841510865 44.2641824483087 37.356525349178874 42.50292781654037 22.46678732790216 41.42442084454765 16.256023331651058 46.217203099253034 86.06607153953576 41.20429861542224 80.38731126022802 74.31953999299563 60.79980292536787 40.78816595411434 52.56938860292387 0.0 39.87865817289943 11.429305696632124 34.42387591947563 14.03037201733297 78.17182401939571 38.621363805510455 46.940859724246344 42.03965461861891 8.934319213115552 40.9803736762382 20.430114211244522 38.66990953214964 63.13590915787569 29.26125123228187 67.67789290916002 31.256550003921994 44.358569320802985 23.58993583911723 86.3403102062468 44.54870762217451 24.50102474298865 80.38731126022802 30.647399691546994 25.569705654940737
84.85877742154524 59.569984512819595 11.500298283741875 36.03983618766299 2.4825301406564075 36.05496442611935 71.73903479936763 33.09144504330896 96.9399407365305 61.80277538177804 11.813007734275384 17.69859861855446 52.53279401846729 16.434137090856073 47.967301317438576 19.9937263017548 109.33247883821879 21.14832425904419 109.00964919826552 98.66410306541002 85.75659873408067 67.4451992919641 16.85866928001355 39.87865817289943 0.0 32.47738373511063 68.20143581404302 28.135500039726097 98.55044245275452 53.88029893084803 32.58177219792425 16.759967740759052 48.03531130594302 15.503065273501246 46.7887976110466 8.441118902159698 86.2005149344516 16.794759103506188 97.79682795527334 53.09129872291865 18.785372613312514 19.53184711607433 112.35561861840914 35.309753751677654 50.31482977575055 109.00964919826552 70.49941584544229 40.05392557857869
56.935415233658354 32.162042772530036 39.86872690015005 20.922045074867032 34.931168651571234 4.037618989745282 43.40777390840704 9.966644464819398 73.26046864350936 38.18155464938417 27.525971109664074 31.871436029810976 33.16844499801244 30.916475804997226 15.817998089323966 35.48611205034033 83.33697843968876 30.169543547698257 79.93264413880374 71.8527974083408 58.32714104245064 38.49225350304058 42.947190063195634 11.429305696632124 32.47738373511063 0.0 36.282297874975406 4.3592947890267615 74.21660703127235 31.355529193057173 35.511570472553394 31.509274433911543 20.15687744575385 30.58523769107996 16.408272732372122 29.444995352822094 59.909615631068874 19.04659535973954 67.8269085765436 25.981308667445756 33.67411254034298 13.785769249742646 84.75763230331395 33.203910659814674 20.637453215246516 79.93264413880374 39.427801463464725 16.480311434414574
27.790482063903916 18.74573420962568 73.78068386369345 48.405577788341645 70.68332125038953 33.48809693171366 17.8731761960249 36.022581911237964 49.18392393475389 27.687314655604972 60.8626733061446 62.63251041709351 48.44038546076758 62.21628478111633 20.46495504464336 65.44047035106675 54.26044783636908 59.3062948083558 46.33887171135574 42.56360266955138 29.960827986884894 14.28359285099287 75.58631310830461 34.42387591947563 68.20143581404302 36.282297874975406 0.0 40.58398060469039 48.889477835418745 29.051810724292967 58.196539246646665 62.667897879324514 33.013268813491756 62.27244390762065 21.78942509526009 63.61823797172855 33.56823254944876 52.61091122825629 33.43718648078065 21.225778727183982 64.02417151437135 48.70892575733695 53.110780020818 53.396801583244674 19.27410786030101 46.33887171135574 24.479731249757723 31.55625455207038
60.61932105569557 35.570864828566464 35.77044803761442 20.391906751934872 30.584781238251356 8.030719754961016 47.09649180179482 10.84560967128662 76.32515742059033 40.92882277568607 23.66325716613854 28.494495164747864 34.30713176999503 27.444305809051556 20.130608042296156 32.19520052302246 86.79953509262921 27.203297480572115 83.85731200563532 75.40882947212165 61.9341886076735 42.26572653476224 39.04498852739343 14.03037201733297 28.135500039726097 4.3592947890267615 40.58398060469039 0.0 77.38913398230443 33.74110296506488 33.673356724436026 28.054321146241055 22.964403005180927 27.03487167950767 20.27079301922476 25.374626071321792 63.334057549832764 15.341790942812171 71.86813497692916 29.22436680783015 30.342210098893638 9.809240764493012 88.4678168932112 31.961270181880288 24.387705388180947 83.85731200563532 43.33902920110991 18.420437238831735
21.283850888935213 42.16174125480487 98.78751161850033 92.5318223475819 100.79298480601517 73.5136729767896 32.58863774230167 67.67749146595544 2.850609087826992 36.987943100090106 87.58757267764534 85.17053547178806 96.34804828133127 85.61131140166516 61.92121667136349 86.04517548807722 12.406213755511995 80.86588354225601 24.724968718664808 10.59451409298174 19.008429646537152 37.661867373061924 97.85576680758233 78.17182401939571 98.55044245275452 74.21660703127235 48.889477835418745 77.38913398230443 0.0 44.82953752626585 72.74881515067335 85.73651287756884 79.87062926103937 86.18924516190899 58.38569227988333 91.11330318714437 15.419246890146878 81.95261799170927 27.511450788752537 48.23754853070482 85.5884711166559 81.0913554175688 19.657770359034334 67.72875214181661 54.08631483010424 24.724968718664808 72.49472118930726 59.80161727801228
32.137848958777234 10.610167714364175 55.2525735337166 51.72990433510153 56.17808034435297 31.8986815490172 20.711740106896862 23.307951144444935 43.407495735458376 7.923405081612642 43.30635756055188 41.990170340597246 60.35411332959344 42.15818439894162 24.576879014658218 43.64973371974056 55.455005193470825 37.84572470104625 56.553417625041035 44.96719543656771 32.6100183617791 18.512262545630932 55.23594895755782 38.621363805510455 53.88029893084803 31.355529193057173 29.051810724292967 33.74110296506488 44.82953752626585 0.0 32.6597364683082 42.39635285454298 43.76678476836971 42.59305903299801 18.803987286630264 46.76230444590413 32.48786005792654 37.1794977339592 46.95009693670155 9.205163583041376 42.78649014482773 36.32554826494091 58.815909181944534 27.39010832387884 15.834450341170676 56.553417625041035 49.36685649503177 15.402921280100342
64.25760446687487 42.326097064120276 27.920088183860585 53.0849415472986 33.99384293387126 39.127491127842084 53.36802555928138 27.08685643076694 70.63633802860926 39.51990348973896 21.09735521256821 15.093555472969495 67.95822374801841 16.213360738651318 43.25995379784679 14.28188949178659 84.64095681400623 11.459443392145614 88.42248991989679 75.4952559383651 64.3872514360171 50.77110113060822 25.676988632171632 46.940859724246344 32.58177219792425 35.511570472553394 58.196539246646665 33.673356724436026 72.74881515067335 32.6597364683082 0.0 15.97877744757907 55.56326915946216 17.116806146042098 38.38704218843076 24.17352690180317 63.35988955394058 22.315958251047928 79.50319830449358 37.421407985595735 14.571116481266731 26.82748396668949 89.42943042732595 5.300918811749656 39.34638889484237 88.42248991989679 71.62512824915133 27.373294169736617
74.47007946218143 50.17287546606192 13.051319588452905 43.90017570066821 18.037950854551706 35.54623948744961 62.182260827198874 26.96178277880342 83.86249737360541 50.1285070609552 6.35953859909652 0.9512832708934789 60.10217153954748 0.6317110786374089 44.195632134651866 4.478404994958431 97.15024102320008 4.9791461865507 98.89777282163021 87.1683870208114 75.00483941875913 58.59291126963597 13.094621985939837 42.03965461861891 16.759967740759052 31.509274433911543 62.667897879324514 28.054321146241055 85.73651287756884 42.39635285454298 15.97877744757907 0.0 50.962764150871145 1.4499989678270206 41.009608100107975 8.565147576819001 74.73484355672625 12.809593672231848 88.72196295342636 44.13920562524322 2.6248202619909056 18.532326896317503 101.08803337781538 19.36994465867979 43.48835949886791 98.89777282163021 70.78642680809561 31.47809108177462
59.721819363247995 39.535636474981544 57.459561748402834 16.873886441730075 50.246049841248976 16.43601672792656 47.28202832129242 28.88982801406634 79.61316193499957 48.35205004374924 46.19424904278634 51.43259330378685 16.86994129939579 50.34612399475303 19.408542690609853 55.15023401659874 86.69482272011969 50.12412202758599 79.30836109302155 74.90697194293028 61.66008284544845 42.22824599436098 61.31779905173421 8.934319213115552 48.03531130594302 20.15687744575385 33.013268813491756 22.964403005180927 79.87062926103937 43.76678476836971 55.56326915946216 50.962764150871145 0.0 49.89179839094589 24.963526714164875 47.37666729793558 64.527576407107 38.1733238494427 66.33975834804197 35.426758729965165 53.29024082600522 32.48458480176466 86.06497657305017 52.91441984985196 28.367138484003338 79.30836109302155 23.31678869057334 32.49521899935846
74.60434507944754 50.139439847021116 12.674373960233087 42.57115812460484 16.881104417850505 34.62234848244445 62.198912788872846 26.4263314029005 84.35012411659494 50.37514655197632 4.911836987085994 2.3696746767292933 58.81525050121769 0.9513632649465507 43.57795092159975 5.860681756581007 97.52781243088732 5.828864497791732 99.02666407695736 87.45100052576097 75.18293778561812 58.5224639771046 13.327479388070222 40.9803736762382 15.503065273501246 30.58523769107996 62.27244390762065 27.03487167950767 86.18924516190899 42.59305903299801 17.116806146042098 1.4499989678270206 49.89179839094589 0.0 40.5567613612088 7.209190260223849 75.00010284513881 11.719256033304026 88.72602680700213 44.032321977608454 4.048449882281715 17.418262262179898 101.35414558237201 20.27227616243267 43.15130633108451 99.02666407695736 69.93501859936954 31.25199756317087
40.549272599631756 16.25031409661279 51.99348069296471 34.39826275323931 49.26858559931716 15.147446377195356 27.029650726988706 14.233266245535585 57.62247728050329 23.857387183056186 39.07496917755651 41.02282277792634 41.610436434015774 40.53838200079607 6.035596753682882 43.986148240386875 67.09631378651817 37.89643399963361 63.58768526923278 55.53774214393064 41.985614719983495 22.085934653194908 53.847636026612214 20.430114211244522 46.7887976110466 16.408272732372122 21.78942509526009 20.27079301922476 58.38569227988333 18.803987286630264 38.38704218843076 41.009608100107975 24.963526714164875 40.5567613612088 0.0 41.86417120214454 43.75097706741305 30.867142234802884 51.64273045121441 10.829745456188308 42.48837435391721 27.26226540664719 68.35605681612704 34.18043365839434 4.313616742058257 63.58768526923278 33.8881269654174 11.038266642577254
78.30837520560033 53.28409605180306 10.429330328272773 37.98695758671085 10.138098863509084 33.367915462895 65.46635840221639 27.69193576058285 89.40652841838414 54.66715061474833 3.5565329903929532 9.516430101894406 54.51013954794181 8.158805870071347 43.96478413581911 12.365698895069162 102.14396424259992 12.722461256201372 102.63235713434324 91.7178200616033 79.06619743527152 61.4336801368892 13.96442707000836 38.66990953214964 8.441118902159698 29.444995352822094 63.61823797172855 25.374626071321792 91.11330318714437 46.76230444590413 24.17352690180317 8.565147576819001 47.37666729793558 7.209190260223849 41.86417120214454 0.0 79.23616189551042 11.00904715096994 91.8201032210465 46.92396699479889 10.869198561717102 15.661484583628605 105.52275414781984 26.887339842733226 44.99039633583778 102.63235713434324 68.70154620208076 33.84681560257811
6.821578375030554 27.768845277290477 87.67331482750008 77.5540603898752 88.53787832046928 58.88977235865706 17.288786709655497 54.18893248363668 15.627551650504785 24.630314411403752 75.7906671000849 74.27792051417015 80.95004095340735 74.52763168840639 46.88709633047031 75.65635886893679 23.473117736595754 70.05707749464372 25.443288922774162 12.481658278315441 4.566332343334741 22.40777334373413 87.39041493078801 63.13590915787569 86.2005149344516 59.909615631068874 33.56823254944876 63.334057549832764 15.419246890146878 32.48786005792654 63.35988955394058 74.73484355672625 64.527576407107 75.00010284513881 43.75097706741305 79.23616189551042 0.0 69.42199911531686 20.23457647477946 34.142716707776025 74.94680947243525 67.9234785576382 26.354551115698158 58.11132008812617 39.438126418577866 25.443288922774162 57.473742962074056 46.503357648231585
68.07973798948763 42.83312504440623 21.29886056246404 31.772009431533018 19.174567610744443 23.066952585066378 55.01628398117515 16.739490095473272 80.41645149711628 45.09264954719547 8.549104786629888 13.336955475807153 47.64341423203649 12.187342861622316 33.01760634196997 17.108926287468975 92.60203124539576 12.938871074194784 92.27355061099315 81.8798281180946 68.9637137023238 50.81508814748522 23.947850055092978 29.26125123228187 16.794759103506188 19.04659535973954 52.61091122825629 15.341790942812171 81.95261799170927 37.1794977339592 22.315958251047928 12.809593672231848 38.1733238494427 11.719256033304026 30.867142234802884 11.00904715096994 69.42199911531686 0.0 81.2041387847694 36.382740427651086 15.221895715925786 5.725956781445256 95.56128739212353 22.802933241251832 34.06714099201694 92.27355061099315 58.47372253976442 23.30844610310186
15.960025920763117 38.608681228745425 101.18533605049498 81.8098264918204 100.24541408577322 65.69661136632939 26.54250704390395 64.71644549812538 29.60590892271133 40.07497109260392 88.60121380241102 88.42117763017121 81.06793507584224 88.41087210674202 52.553322726060436 90.38786717026888 25.64188147165353 84.4318366235109 13.039640169729713 17.050018764557738 16.797342734447312 30.39447284256883 101.75785467028643 67.67789290916002 97.79682795527334 67.8269085765436 33.43718648078065 71.86813497692916 27.511450788752537 46.95009693670155 79.50319830449358 88.72196295342636 66.33975834804197 88.72602680700213 51.64273045121441 91.8201032210465 20.23457647477946 81.2041387847694 0.0 44.897294733005154 89.39026325148926 78.4940087677997 21.2620044713701 74.20625995683868 47.722150357524924 13.039640169729713 52.31331052398432 57.975779757433436
31.91131556727371 6.522659526928769 56.360819069266334 45.109022202442866 55.51392687082259 25.523593825549547 18.648512794852476 20.269042742287997 47.29256852354622 13.039450581489703 43.71007844964921 43.92094927485107 52.2190002968726 43.78414100088034 16.022014422005224 46.234830955841744 57.61583444437178 40.136802693682235 55.920845450616724 46.339277642728334 33.00923115016707 14.529805847569314 57.23242184203242 31.256550003921994 53.09129872291865 25.981308667445756 21.225778727183982 29.22436680783015 48.23754853070482 9.205163583041376 37.421407985595735 44.13920562524322 35.426758729965165 44.032321977608454 10.829745456188308 46.92396699479889 34.142716707776025 36.382740427651086 44.897294733005154 0.0 45.05328962817979 34.13852134641648 59.67415777200264 32.442837614825315 7.061893915881633 55.920845450616724 40.22016631232074 13.090011791978629
74.91956474885575 50.94906519729307 13.514825363494356 46.49055027724184 19.84990137054625 37.704190062956194 62.85279169535556 28.609161223282968 83.64895151328732 50.409089939251466 8.951447986396083 1.8947718056228489 62.65756315465976 3.2373640712034897 45.91641952862459 1.8947718056228489 97.13730674551334 4.958795821754632 99.3396544602877 87.3383620988106 75.3751357998536 59.418470150042324 12.455236888630344 44.358569320802985 18.785372613312514 33.67411254034298 64.02417151437135 30.342210098893638 85.5884711166559 42.78649014482773 14.571116481266731 2.6248202619909056 53.29024082600522 4.048449882281715 42.48837435391721 10.869198561717102 74.94680947243525 15.221895715925786 89.39026325148926 45.05328962817979 0.0 20.945483325962307 101.28002635432047 18.493971550045053 44.78053045423353 99.3396544602877 72.8183693940536 32.629927301447324
66.04913649178849 40.66077626838117 26.088614821371614 26.45897044063405 22.013357560497923 17.732570437199747 52.7263445502879 13.877161654372273 79.7274941897044 44.10547278944099 13.856570712838483 19.062093552484917 42.07924122835105 17.908607546369904 28.62405245667538 22.83066429226441 91.30515798842906 18.424377163746172 89.95882412395473 80.29036430338373 67.10308482220476 48.25061704885201 29.238177052853437 23.58993583911723 19.53184711607433 13.785769249742646 48.70892575733695 9.809240764493012 81.0913554175688 36.32554826494091 26.82748396668949 18.532326896317503 32.48458480176466 17.418262262179898 27.26226540664719 15.661484583628605 67.9234785576382 5.725956781445256 78.4940087677997 34.13852134641648 20.945483325962307 0.0 93.7737068637035 26.451018838714166 30.858911892196524 89.95882412395473 53.12813871123529 21.422578526873245
27.850830433836574 53.15984718548698 114.02698265228362 100.73001950293056 114.71812355322064 83.22520043114237 41.37171586243826 79.92962630087071 22.496554157832804 50.98110190313706 102.09519675554876 100.62731755122421 101.43751759891616 100.88204040369561 70.4632169093166 101.96287427351679 8.735297395734252 96.39963033703697 9.823746757946662 13.954389671203069 26.671216675551555 46.27225825717673 113.71606577620734 86.3403102062468 112.35561861840914 84.75763230331395 53.110780020818 88.4678168932112 19.657770359034334 58.815909181944534 89.42943042732595 101.08803337781538 86.06497657305017 101.35414558237201 68.35605681612704 105.52275414781984 26.354551115698158 95.56128739212353 21.2620044713701 59.67415777200264 101.28002635432047 93.7737068637035 0.0 84.2256693658527 64.12591015235306 9.823746757946662 73.46474008867908 72.4330064858227
58.95905368577763 37.16734134936129 32.0087969135394 51.9933993981325 36.97257361170247 36.55492807971418 48.10174896601545 24.059270126622945 65.66604292917292 34.21934804351057 23.523805606868248 18.59030200373229 66.18254365355719 19.461957313989043 39.34777256153156 18.59030200373229 79.54468501807206 14.447366276761993 83.1378774343636 70.28323690569289 59.09852554392301 45.58068167900374 30.298336063924225 44.54870762217451 35.309753751677654 33.203910659814674 53.396801583244674 31.961270181880288 67.72875214181661 27.39010832387884 5.300918811749656 19.36994465867979 52.91441984985196 20.27227616243267 34.18043365839434 26.887339842733226 58.11132008812617 22.802933241251832 74.20625995683868 32.442837614825315 18.493971550045053 26.451018838714166 84.2256693658527 0.0 34.794962019223725 83.1378774343636 67.79342192246892 23.150933802440054
36.29804985686803 11.983618343252026 54.94141824329636 38.61002736519645 52.78566775635686 19.460300007974723 22.77037557042256 17.330464086794432 53.34556293881088 20.029205165597393 42.04822433732091 43.42143433259953 45.17195131197614 43.05398504262781 8.960394746501862 46.17674685493578 62.79185406832313 40.03924783633855 59.51017163832393 51.24806138239173 37.70440018078798 17.88120695134702 56.47873862805896 24.50102474298865 50.31482977575055 20.637453215246516 19.27410786030101 24.387705388180947 54.08631483010424 15.834450341170676 39.34638889484237 43.48835949886791 28.367138484003338 43.15130633108451 4.313616742058257 44.99039633583778 39.438126418577866 34.06714099201694 47.722150357524924 7.061893915881633 44.78053045423353 30.858911892196524 64.12591015235306 34.794962019223725 0.0 59.51017163832393 34.582564006081185 12.297917765663158
24.427960696702517 49.442440516581506 111.63083646611234 94.61202136241951 111.42706633764591 78.02152764504301 37.27245245143756 76.09162759052575 27.471118670098612 49.054064969389486 99.30637120729 98.51905228598677 94.10755326755216 98.63556422240005 64.97048731856256 100.18851417488679 17.17359561582458 94.3965712564093 0.0 15.326284575130403 24.049780209976362 41.74008572499796 111.78723078553818 80.38731126022802 109.00964919826552 79.93264413880374 46.33887171135574 83.85731200563532 24.724968718664808 56.553417625041035 88.42248991989679 98.89777282163021 79.30836109302155 99.02666407695736 63.58768526923278 102.63235713434324 25.443288922774162 92.27355061099315 13.039640169729713 55.920845450616724 99.3396544602877 89.95882412395473 9.823746757946662 83.1378774343636 59.51017163832393 0.0 65.13764261481212 68.96654393674469
