0.0 8.438691904899459 39.300903865970376 82.70051111716631 62.08135389749796 21.073950369017997 10.645210786877575 60.21269548348904 16.468599190162998 53.57329120084076 7.218492791017538 25.508308135881848 34.16558692520062 21.37589906594492 31.16065350441498 44.4042437858519 65.62927871600665 55.106814404574926 22.368085428665278 51.21983853336129 11.535245037437424 14.667124663123461 40.915344402482354 42.79236608078153 51.59219654444785 61.374826139044764 6.639398270540755 67.5109251503275 3.218542945615945 39.852743779294094 16.633645190219067 58.993987030368245 33.100007605958865 22.149839112993803 35.995278082312964 45.88568445641074 52.769402613094464 62.136701039454046 38.13567770217291 53.43947362156374 98.96913291803361 87.78673752546666 78.84682716979918 72.97822880180223 70.9472371448979 73.07453655791487 79.02502251155977 88.02675347682074 99.25297641349023 112.03698576917697 89.2725421440873 76.74347338489127 66.39452010002243 59.37677624715963 56.93565211618227 59.63583714953518 66.85727581459462 77.34374733758382 89.96061827767909 103.93492240370169 80.89700376796704 66.86419500172399 54.735915760688435 46.042642425955286 42.92474712233283 46.51717377530004 55.53256290782488 67.84237743950418 81.97569979270685 97.1398326254554 74.2908131102819 58.739349258028234 44.49951556659574 33.2988305479638 28.91585796570269 34.090336809201254 45.682434058018266 60.08600498415844 75.71314749881117 91.94206278434227 69.95713319672574 53.17938528945727 36.88910500644722 22.187330401764363 14.915150227699295 23.481019910832746 38.45734519656665 54.82051638619988 71.62627414491097 88.62318992589613 68.32979476198011 51.029766490021295 33.731689611787914 16.441724372294836 1.2439119066599504 18.206535462768645 35.49819925730283 52.796590493077396 70.09672877606238 87.3975766411399 69.59891682774857 52.70943460225886 36.21149712024494 21.04693104487403 13.167643838266864 22.416804795131963 37.819997161817035 54.377421679718545 71.28932982468523 88.35239589427086 73.61482936597969 57.8859811593472 43.372116681206734 31.78370926306402 27.165747222257405 32.626085396377896 44.60554957571867 59.27527845645969 75.07444437126632 91.41934006306347 79.96470650330383 65.73838943644171 53.36124694554435 44.40737299074681 41.17416844135224 44.9145275862799 54.203530330583874 66.76403135491866 81.0897918085888 96.39698158408859 88.14549826827081 75.43552028860091 64.88532352214729 57.69221201571328 55.184926179335875 57.9746449672069 65.38686008812742 76.08233774415498 88.8836396202621 103.00863700903447
8.438691904899459 0.0 41.486887685331865 84.68192176050948 66.00596962939741 22.086057926954023 16.97721297756574 61.286465613688556 17.42991709601582 54.80254330151191 14.521545520193342 21.17933207562469 37.46892372199514 25.282815946008736 28.154361407717484 50.09566103531439 67.6457574094909 48.18201059753868 24.57840452636782 43.43308892108787 16.831895131350766 6.595556303310543 40.229064730422834 46.20023120972196 55.242797537528766 63.38283128451329 14.427524180546023 69.0079652239496 11.656095125823812 43.000298463203535 17.95848761451984 52.474511549574366 37.24519583795534 30.54250545755113 33.09421431116318 51.302368025306635 56.03729141599147 55.31791275856645 31.90259015809506 45.78005449963125 91.6433261583728 79.93147248429757 70.55689587926585 64.54614641842483 62.871525174093776 65.86460761973956 72.95312601219925 83.09551643546756 95.32190360444737 108.93282315183758 82.49394866491673 69.30427284148776 58.30621575837229 50.93966286122972 48.875204380562565 52.739205991024065 61.422829537040094 73.23118203637739 86.89965449129654 101.68085253806697 74.91520294883964 60.12966364926935 47.09111301556764 37.66001933563338 34.89539861596264 40.197117927491234 51.11394517806475 64.87041043863562 80.01507711685278 95.89245349949887 69.42351504264988 53.165213286924384 37.84398040127171 25.22905640743588 20.965571961047782 29.00545834750414 42.91607514773573 58.659814899509584 75.09240805695043 91.84485340660133 66.53775840646935 49.35568724462982 32.301823696966316 15.796998007270176 7.375354843445689 21.39999890713589 38.21305311692566 55.32836781379927 72.53228606964207 89.77388340246588 66.5975959506252 49.43595763536624 32.42377786275001 16.043758197767367 7.887732625669448 21.581098616388896 38.31428782655731 55.39800383108783 72.58516616999145 89.81640835625834 69.59542948506686 53.38848117704462 38.155568530992106 25.691949475210873 21.517818108481475 29.405239241779043 43.186005418165095 58.85665131029859 75.24553882645922 91.96949599402578 75.18057946095327 60.45846594110314 47.5083165790084 38.17802573246801 35.45124282691489 40.678336391930955 51.4914648241014 65.16688048588901 80.25447737734166 96.09134940327671 82.83124666710742 69.70359356583718 58.778126139014866 51.476663585171195 49.43204730159542 53.25325654020702 61.86269464664877 73.5987654158153 87.20817150538588 101.94338481935593 92.03365827313351 80.37665887006192 71.05852643610277 65.09158870298864 63.4287751190142 66.39426149126291 73.42942364896648 83.51201355646045 95.68346989510546 109.24783872339803
39.300903865970376 41.486887685331865 0.0 43.429228941512534 26.25120210752636 19.456123424002488 30.10856985031722 21.483237359354806 55.767146721279616 14.869313984337845 43.83363812589993 29.46292560890547 7.03722907461642 18.467282014541368 23.907011608130745 21.784257524287288 26.347441107088052 53.66995897611705 17.071358353887305 78.587331810021 28.302921618416367 46.47911041192297 13.835954973348155 7.700397781273067 15.642310015598046 22.085266003712185 35.0934526779465 28.294520744637985 39.01992729826609 5.019773618911362 23.547454338520303 91.39791839078568 10.805079675179927 44.39727876396163 23.295537023786054 20.79597884078864 15.427661187728182 58.076230148250424 39.446151237401466 81.39640945142293 126.85755504600606 112.48695755598865 99.0579822493479 87.00772353180733 76.98633606886568 69.87231074629646 66.60387043983853 67.739967427091 73.0754589268109 81.7926285702307 119.97170886647767 104.69705601338912 90.15784017249912 76.77303399515355 65.256887383044 56.75847030264642 52.756862581838824 54.25632816667668 60.85155495982149 71.13911957615974 114.40892701351412 98.30380512403934 82.68361293670598 67.88392902444335 54.576386987530874 44.13210213480706 38.92825563190863 41.01075419646521 49.4677779820759 61.73286306863242 110.36952882267188 93.59395236806559 77.05149907227101 60.932336742072714 45.68671989361379 32.56552856469214 25.14878702960729 28.33936996016018 39.654619563520576 54.227007828234235 108.02460304171915 90.8298186174973 73.68520914163233 56.636358912047235 39.806497758588876 23.66749638696235 11.595538585460899 17.53498370080018 32.851298302002235 49.49396887805161 107.48514232485859 90.19051780083676 72.89936039172885 55.61490406012877 38.34621135739564 21.131963019803063 4.626160441467244 13.962679669247647 31.100241967189888 48.35501257413589 108.77801906441745 91.72050061106752 74.77536533667026 58.04112781709879 41.772024173117096 26.828039752670918 17.125935263470943 21.576928153899917 35.16450236671163 51.05127670350281 111.83968746757058 95.31534059769751 79.1240899804743 63.52116244939205 49.07100512937607 37.144286394651566 30.824365055103552 33.455850792859664 43.441402203792315 57.04144020348619 116.53077248227207 100.7542139272353 85.56930639633974 71.35478018152357 58.818423959819114 49.25863603874681 44.630968359360935 46.434225890483724 54.028281635126994 65.42688273033757 122.66441139656915 107.75818927368374 93.67920668070097 80.86072625250378 69.99869436769579 62.127886282209225 58.46903601388124 59.80032582475832 65.81965240665846 75.41267264078297
82.70051111716631 84.68192176050948 43.429228941512534 0.0 26.67497501080575 62.607226519279784 73.1468028592388 24.267427456241915 99.15310331350344 30.184803040940707 86.87332857482585 69.19064023327965 48.84408995561243 61.55014375523753 61.720428064301394 48.07918456436167 17.08244165528308 80.83417958543859 60.489566016422394 117.8683319659199 71.51849319555879 89.22539373023461 47.01199622354342 40.75956309001397 33.41740222127643 21.34807609736984 78.16521729963479 16.078096322829026 82.26058019086726 43.21542563341437 66.8628202193943 132.33495084797795 50.88788809655181 84.21550140781504 58.309300097398975 45.61089988890906 31.272686690555506 81.77681690240992 73.58073385745301 120.77352109171827 164.3080585814317 148.517752459303 133.10372286631002 118.21325159043536 104.07131318686018 91.02745284832922 79.62317302731057 70.65688757275606 65.14319156993149 63.98100204301353 159.28042625425226 142.9618895140654 126.90410065103399 111.22005625836138 96.09293579697781 81.83217552000878 68.97723418047124 58.462928124315795 51.736547425824 50.3401227581422 155.35280176777925 138.59296317569712 121.98456026129702 105.59906968503124 89.5589256895462 74.08877039949317 59.6338637389493 47.137634499100855 38.55415080896187 36.73684226728053 152.61019744549358 135.52587674666862 118.50470553453258 101.57843404030787 84.80390529221286 68.2930267750198 52.29611574479067 37.47720641345066 25.94049617525082 23.237657924076952 151.11718753664485 133.85019773705517 116.59356629863166 99.35269081890871 82.13749354853503 64.96839018076682 47.89497678985765 31.075377447518363 15.366930991567013 10.262517015115842 150.91088611664165 133.618308769108 116.32851251931284 99.0429538555541 81.76432038947358 64.49817800463136 47.258219813373636 30.08948671531558 13.271344261390176 6.7522916902011145 151.9965354817756 134.83766229417856 117.72066722562067 100.66691490153879 83.7150641417912 66.94257328119988 50.52837040285337 34.98051255304426 22.200636167631544 18.99505669645634 154.34686064965726 137.46962910464865 120.71268784188385 104.13412328410317 87.83499760781551 72.00532288669505 57.03731050839302 43.82295748694572 34.44353295901643 32.41868087162291 157.9053671726245 141.43533285970332 125.18987611554734 109.26920922398648 93.83878936421313 79.18573101804661 65.83118491456534 54.73402160190777 47.50352236819139 46.00064627081129 162.59269847265938 146.6265413089786 130.99998414853928 115.8505299487995 101.39226274412859 87.96665738975597 76.12207888457506 66.70611058108794 60.85668162163917 59.63272944668156
62.08135389749796 66.00596962939741 26.25120210752636 26.67497501080575 0.0 44.769749351917476 51.668779316006066 22.33658107993073 78.02304394231669 22.113340998551205 64.87560845215395 55.70377452664045 28.583560694438912 40.90723962094578 49.77418267808185 21.925336659040628 16.006383843263908 77.10459281577015 41.64577809353369 104.79402686537377 50.546397467014415 71.60323672384801 36.9058009864619 19.930005767953652 10.85815158581281 15.436028019207317 56.536648473368366 20.54628766845546 60.920877305774354 23.273258884556938 48.30478449036507 117.23564099495783 28.994032270564905 59.39329016708966 48.26822204029193 19.502439459558712 10.913108219313397 80.32793705758881 64.77008649411754 107.5887949239743 153.1087167688622 138.67216103004304 124.96535224762728 112.25592280423756 100.92139055946014 91.47427980914004 84.54964569786812 80.79865862709924 80.66527017065539 84.16668173891976 146.10800466896615 130.93830996293894 116.36505004182955 102.64258665378637 90.16023617882541 79.5042618372003 71.49600676077135 67.0904030801383 67.00191981254177 71.24664344424424 140.16499871899813 124.30333133949978 108.88117120547074 94.11482693664406 80.3666087452914 68.25454489710768 58.798587935713 53.42812867533624 53.39059721276623 58.69622436065971 135.4191163325921 118.95135171164782 102.75805191858294 86.99262353088787 71.93693083737342 58.14493651919435 46.74881199001948 39.85944502072627 39.88490250096116 46.81390491008626 131.9996151379312 115.06162433979699 98.25053125006814 81.64476028684811 65.40089731748638 49.87382433602616 36.0031920009368 26.52869787674871 26.64628087102062 36.262752983199945 130.01124554304633 112.78559847891452 95.58750677006863 78.43509830739443 61.36669139022583 44.479095624923815 28.10021446154663 14.126822987225548 14.430009438568577 28.558644695417655 129.51996469470825 112.22153541034415 94.92438222220851 77.62935814341697 60.33829402898599 43.05596105044612 25.799911098806575 8.727463463999124 9.24204519600261 26.332029078192793 130.54268300470443 113.3949936103424 96.30248894982346 79.30086060212182 62.46435718748703 45.974750219965166 30.401837264974716 18.264119818784646 18.482336129460474 30.794930381933675 133.04447619943676 116.25335315091559 99.63714554147617 83.30059186947743 67.4472061794785 52.51639571213434 39.56674357856503 31.173574673507133 31.253247833748173 39.75485409494674 136.94427143447646 120.67690834741443 104.74160166795305 89.31625951688585 74.71739751173337 61.536078447582454 50.88607465305008 44.61838656545302 44.61964174091644 50.88937631516333
21.073950369017997 22.086057926954023 19.456123424002488 62.607226519279784 44.769749351917476 0.0 14.56611961357968 39.436170436761245 37.325337925295614 32.86741965899941 26.908332591175377 14.621520314126315 16.371649940412915 8.240252611537313 14.636422139112982 32.34098794747784 45.56167554540152 45.74646395207285 3.7811354730272573 60.61998049516923 12.225702900555206 27.054215601453443 20.089947217291403 24.845744670097204 33.91222394110427 41.297818191076004 18.707968972989875 47.011791554851825 21.660897569080937 21.499214624306394 4.44703416912265 72.47707832886425 17.441764144597144 33.47265783184007 18.284596124978517 32.82849960522995 34.38457492515702 51.830492980105056 28.557492433181373 63.33268279232065 109.27581379623393 95.75004029813616 83.62792958975578 73.60628133780877 66.63957046784391 63.737537659809576 65.44317165943013 71.42714737286818 80.74379048393828 92.39034406382837 101.59617524875536 86.92562320305322 73.41012561628898 61.812058263067314 53.39584235293595 49.80163496015058 52.03836218728185 59.45150009750947 70.42493889761927 83.56772465270932 95.39529959853769 79.62497687283057 64.64300421200382 51.146909391406744 40.64482725162683 35.87066935085943 38.98865414973517 48.499821447991096 61.50656472170396 76.24034117481831 90.9761618046829 74.2987653847523 57.98846703045144 42.470334697201956 29.04320230253863 21.95443282450447 26.817865151408053 39.4348819179287 54.67845263384878 70.87360371039837 88.60581858739178 71.39036692431618 54.22998419269624 37.200956646351585 20.631152638278355 8.129639406751279 17.471431209385834 33.81011792414688 50.79085088382189 67.93386700956468 88.44917456083569 71.19674755105346 53.97601940018915 36.83147982122112 19.960425056725803 6.244410153398932 16.681731773938868 33.410793448915186 50.52717575610027 67.73790141405347 90.51772529107784 73.73929786476853 57.27321500230049 41.49301041434847 27.601273870154962 20.01755166718932 25.26432424847245 38.400279090142234 53.94060101759351 70.30865587905281 94.66568613693607 78.75341756935055 63.57135665414134 49.79198686419643 38.934232829836326 33.92955905095973 37.21912720548997 47.0958580309622 60.41096107949865 75.36349616682388 100.63620682491293 85.80685349440613 72.08806039129396 60.24336608666839 51.58042483543901 47.85937376671793 50.191647222494346 57.849681130269 69.08452884076375 82.44671616006582 108.12772034287059 94.44370503512039 82.13597133717207 71.91465085202053 64.77508070279285 61.79482184080787 63.56165342475894 69.71558232754259 79.24099889402812 91.08624619113222
10.645210786877575 16.97721297756574 30.10856985031722 73.1468028592388 51.668779316006066 14.56611961357968 0.0 51.48439020377645 26.385774827330867 44.82199309105558 13.745789988473742 24.906518626508422 24.312927424723142 11.652419660391319 28.09043724105771 33.78166731856103 56.15987452377609 56.667767143515704 14.230092291880696 60.341737380053544 2.35609170122071 23.552994595488 34.35864815267153 32.72604113079239 41.33089104763525 51.94862267873153 5.018416507490315 58.3811416606897 9.268214885742855 29.978836576024467 10.975542926685375 69.19576155154414 22.796023060185043 19.518421003410857 32.356970606205756 35.24166668668669 42.6783958847211 63.31870169703941 39.11380336567376 62.72927133789677 108.62041090932976 96.76220961954435 86.75334609776797 79.29720810163333 75.15741927084385 74.88600961161045 78.5231017281863 85.57176450031801 95.27781777143935 106.9199913173935 99.35171124790216 86.27929609606663 74.94108970520466 66.2337716148193 61.28909905857941 61.02860320849991 65.50818834950476 73.87049923394751 84.97690367440491 97.89787149662524 91.33504760388486 76.95740434470224 64.04292459254012 53.65867349898883 47.49434953252966 47.23215195152984 52.95981554949565 63.06592497260576 75.8194082454528 90.10303760124245 84.92585394854339 69.26703700012713 54.609088474550724 42.01298676262202 33.86351949996082 33.572209231403285 41.30565210689619 53.702224747125875 68.26719104417117 83.87847272510194 80.50905476939336 63.801050210499014 47.52001702023839 32.31782679598829 20.72302443221151 20.326275015893852 31.552861550529983 46.655338275739496 62.90127191712768 79.59353823962597 78.42208263708832 61.15886904678884 43.9261309428628 26.782759281345545 10.190235935553291 9.438173589708237 25.942837770455725 43.077790577578604 60.30816486258754 77.57039999718822 78.85017970711868 61.70435074629418 44.679034642670054 27.994973595107083 13.035878604686546 12.444391902368412 27.175445222877688 43.827616073878154 60.84347305001444 77.98531701069943 81.75383980470114 65.35772305935139 49.581090480215664 35.265394255196476 25.05439003121066 24.70845638255042 34.52541242175099 48.70535204750535 64.42925936494836 80.80073350890855 86.8851819160244 71.64506830957428 57.58214612295305 45.7940831748858 38.43435075912232 38.157664308860056 45.0945909785974 56.65459988645474 70.60220962356907 85.78057520042141 93.87956128674394 79.94727095501678 67.5903906936155 57.82781658083307 52.1378221877681 51.878216142480646 57.12308459316382 66.58411937050643 78.75623014531178 92.57614863601874
60.21269548348904 61.286465613688556 21.483237359354806 24.267427456241915 22.33658107993073 39.436170436761245 51.48439020377645 0.0 76.63880585621848 6.665114423503222 65.15109949571587 44.95129533312398 28.094061125678802 39.89118135311188 37.45307242575391 35.013008772108705 9.331912671903659 58.762455483253156 37.85856140782977 93.64487769767594 49.58229579558359 65.4520814731172 22.744873867407815 22.101894486627167 19.56808040664024 7.121104739919545 56.42935279561117 8.204544417160601 60.21162871308024 23.196063976064803 43.83253859654749 108.07334648603124 31.191715448517776 65.48208806639937 34.111108299442435 32.847184537639045 16.731893776944318 60.83282019624749 49.73709053896417 96.54662280536266 140.40067080180367 124.85378154655021 109.83297405706784 95.58658186907894 82.51668980595551 71.27349142532528 62.84515959059264 58.46207838206569 59.0322975530677 64.42442643039527 135.09713085652558 118.8867143522907 103.03189260206246 87.72567980380568 73.31250139908538 60.43471507699177 50.286088258501515 44.76304859157723 45.57931907233018 52.439699617664054 131.086981978712 114.33068700115096 97.76463658676089 81.50491626156838 65.77908188685502 51.0826084324519 38.60941835924222 31.155264711693437 32.39325367937984 41.553631370534234 128.4914390383161 111.3590923573217 94.28869087500914 77.32127284916675 60.54348416602881 44.17193619024949 28.905339481448504 17.84907802113468 20.00931667505613 32.87655932926931 127.39703141620883 110.10033998150843 92.8056015370965 75.51415795412578 58.22894459475841 40.957850138406094 23.73172032413298 6.896170920768493 11.429495152324959 28.503036816248873 127.84233251581291 110.61293881985135 93.41036081667687 76.25274948300216 59.17922880392725 42.291765891787485 25.956094178079095 12.552179493656398 15.495438600685144 30.35412734935152 129.81149172702916 112.8727510808363 96.06353678983379 79.46608632962253 63.2473340510702 47.79437482280131 34.162697156420926 25.46739290735647 26.996239334519288 37.519546734013204 133.23693384858188 116.77835722641504 100.6031571213879 84.87350623425253 69.890880877436 56.255352909230545 45.20288225293586 38.99541933351647 39.95861892072177 47.65969004443127 138.0102189388573 122.1719676971989 106.78885255898466 92.08924232284473 78.4582580330766 66.55575209657096 57.46597430209895 52.66600848538039 53.32709329307225 59.26676547946374 143.99730826043205 128.86680855755955 114.35373220532358 100.7253193165713 88.39171903999163 77.9698287803619 70.3148957716176 66.39101668967356 66.8583711235729 71.63105921307377
16.468599190162998 17.42991709601582 55.767146721279616 99.15310331350344 78.02304394231669 37.325337925295614 26.385774827330867 76.63880585621848 0.0 70.01034670898522 13.54067290627893 38.60827094927098 50.50665210647368 37.70447034857851 45.48874000562161 59.18483931871286 82.08740715459015 63.67238699308652 38.82332843545507 45.63883897114923 27.74095732506758 18.100371948339472 56.768829310265005 59.05170426809992 67.71554355551156 77.83567021374002 21.48692383026197 83.97624044720824 17.117673156447818 56.196706208389784 32.88369422385676 48.82794080559156 49.1800016849828 27.820374801198792 50.431888273617005 60.91770433228728 69.02219093028376 70.8608352810498 48.49975309631931 47.16854034231254 90.1476724234956 81.25876787806943 75.35289751112941 73.15612252160722 74.99509753555503 80.59403414127499 89.2480773830091 100.16849597643835 112.69837242606238 126.35982747604703 78.98892691477543 68.73330022158005 61.7088242235845 59.079504554669086 61.41248385717079 68.20040272795946 78.29299543715554 90.5924267257299 104.32103751644603 118.98515201243463 68.9470858047174 56.9693819273511 48.33243176247528 45.00267869496656 48.095341418468465 56.56665351031369 68.44789521399615 82.27482042292127 97.22078706914972 112.84201543363724 60.58031196061433 46.54825672062334 35.52766685124202 30.92570002083889 35.34531982315906 46.269787623746225 60.25947030777341 75.6321570392686 91.6948826083964 108.14059698426472 54.663394311145495 38.57422878628707 24.219161495775715 16.848639379291342 24.08106564472922 38.400924526778 54.48005593515869 71.13532310410265 88.04035495023885 105.07466970957927 52.03890653060066 34.77373904483336 17.5810018955203 2.7719838342927847 17.463955088699343 34.65557857744713 51.92053632205715 69.20396393008558 86.49479014100656 103.78931730033138 53.196442842892054 36.47560255768407 20.731391855950072 11.305954632821827 20.605134980663607 36.33223830868109 53.04907604281579 70.05062721342898 87.17046089416532 104.35037665240252 57.909637864313744 43.03184124875809 30.800373392515077 25.383007646544666 30.637258191071098 42.79832400870905 57.64947460837107 73.57946550104744 90.01735388404477 106.72872477985054 65.41432728906047 52.65942299205375 43.19376567682967 39.46002920951226 42.97897585437959 52.30675648661643 64.9885153786831 79.43376760738632 94.84010591268809 110.80737290721655 74.87571383379986 63.98658333448065 56.39940322108238 53.53692214602587 56.12673956671883 63.505269609825206 74.25851570174468 87.14605299273909 101.3570000635828 116.40767965594458
53.57329120084076 54.80254330151191 14.869313984337845 30.184803040940707 22.113340998551205 32.86741965899941 44.82199309105558 6.665114423503222 70.01034670898522 0.0 58.48599060358368 39.15455006062657 21.60467605785233 33.23710412064811 31.900343538144874 30.4046961738031 13.724349666703526 55.72081057599247 31.211224814437337 88.24655509896373 42.917184331452354 59.12080555089376 17.328527095310278 16.38746077358925 16.157230202237077 9.864803314764417 49.76467683764478 14.239535206780149 53.549753812744655 16.984426457713766 37.243357477704016 102.32115316260823 24.869816667603196 59.068628971339606 29.024399157557287 28.448857391049426 13.615740541192437 58.497347869754805 45.171280120761864 91.13406814461867 135.48270095591903 120.21706172701576 105.58133113156777 91.87703150733037 79.58678430496445 69.46523904875089 62.57378459984229 60.03526867855434 62.383365848843475 69.12185665236753 129.76469557110173 113.76469989238437 98.20713194795653 83.3401325204142 69.60759808464739 57.823531831271296 49.402500500074495 46.22073536694352 49.30323316048326 57.65383180914424 125.36569151791981 108.74387779325542 92.37214810374815 76.41141912890767 61.18418620550222 47.40266606864801 36.73185674217695 32.406084144982984 36.739457264399604 47.41444496274524 122.42801772408009 105.35952740693689 88.38185566840448 71.55967238491543 55.035742175380456 39.18916975774961 25.3251069174692 18.591475440341284 25.46834863726583 39.374389013133225 121.05814880592251 103.77193511278384 86.49200618334082 69.22306871284408 51.97607951997296 34.783702136950176 17.804845359644478 4.77834637235277 18.09326288076086 35.08009722242507 121.30922881537126 104.06339043357343 86.83986793802737 69.65521732566104 52.547589289268636 35.62810943326228 19.39557747825655 9.040346890308326 19.646386953732605 35.901899267723465 123.17134188616686 106.21842250898374 89.39931842092574 72.80682676514901 56.64045328930292 41.40240222259255 28.61621754527728 22.854494945908424 28.71374248875524 41.53722561780967 126.57337897871956 110.12765396188473 93.98982423766944 78.35037297642036 63.57815523646765 50.4409525440353 40.55988851652598 36.66914795985097 40.532150947789916 50.39634015990044 131.39573520523967 115.61322479815918 100.33293247042333 85.8235282436487 72.54901608419196 61.316739493897735 53.4305757269009 50.483773392379305 53.30194557870583 61.09242589796603 137.4889760072605 122.4634159536238 108.12054035058067 94.77081576203864 82.89545868788372 73.21543483953184 66.69359791993371 64.29825336313476 66.47697379496748 72.82035417113359
7.218492791017538 14.521545520193342 43.83363812589993 86.87332857482585 64.87560845215395 26.908332591175377 13.745789988473742 65.15109949571587 13.54067290627893 58.48599060358368 0.0 32.69021558093023 38.02963434412469 25.3949722337293 38.103154551704954 45.67032299443493 69.90083964056515 62.19048777026736 27.49781198312509 54.68168967612522 15.569260052504383 19.696169670042934 46.988505577673656 46.34025402844641 54.7706080520577 65.69289029551274 8.740951552397084 72.11816686782437 5.29877229742544 43.67661863699246 22.59827889200464 60.56994143250961 36.29819131864117 16.95297164011572 42.871535599280506 47.43821563329305 56.248567893011504 69.25053572018533 45.31936749308108 56.66213039006936 101.36475269280199 91.13257433613902 83.27162389844526 78.49754654463352 77.38378709964856 80.08320937502967 86.23847498168838 95.1814736998462 106.21033626185836 118.74528346873876 90.93066008911283 79.42227432965126 70.3285453758006 64.67615363834905 63.392423239438926 66.72996117830714 74.06665939164455 84.36555142773693 96.68462350005213 110.34935656326556 81.62334543600882 68.62383645262993 57.920575089457834 50.98094534210063 49.4168214013019 53.69999410627242 62.64230341182441 74.58638392134225 88.32270849554907 103.13764921239525 73.8701070508122 59.2382371890783 46.47851418073301 37.55054355554962 35.475933644096685 41.3007012079339 52.45628159077371 66.3044684923109 81.48380889060338 97.37374998433957 68.20314303860707 52.03583616158868 36.912046354208016 24.81897426230314 21.63735652025944 30.316337300442868 44.369999028751764 60.14170530217298 76.57717685971846 93.32638807548192 65.16908786896165 48.00959147841423 31.008790463919908 14.726936205789151 8.422206708947092 22.884445231470323 39.68848010594763 56.792309554635516 73.98831494118762 91.22438502382163 65.13695084449178 47.96615874001334 30.941812734922188 14.586039163313469 8.17451366907552 22.794871815385438 39.637142436541524 56.75661469897404 73.9610501259663 91.20237897923839 68.11098175028782 51.91553559010976 36.74304414806519 24.568093291768527 21.35047024781304 30.113209870402052 44.23211157826448 60.04053162406071 76.49812179228753 93.2618426515761 73.72824948730494 59.06205714882814 46.25479460152111 37.274563169469914 35.185049413541236 41.0522831510432 52.261838931372985 66.15147218238897 81.35995539601967 97.27062772898276 81.44358671858586 68.41090801408278 57.6693044399231 50.696615622398234 49.12480858324924 53.43265502414957 62.4143593196368 74.39595215650344 88.16271868945377 103.00133036689034
25.508308135881848 21.17933207562469 29.46292560890547 69.19064023327965 55.70377452664045 14.621520314126315 24.906518626508422 44.95129533312398 38.60827094927098 39.15455006062657 32.69021558093023 0.0 29.074702207559625 22.784779022085935 7.84926708797718 46.34993050701178 52.83518609439907 31.916536306364215 18.305656874821526 49.38766453858193 22.801273096129872 22.627294496493395 22.269746524268353 36.46820660016829 45.07604607347522 48.77479065782357 26.953453580325032 53.11444957101107 27.734360232866226 33.09911262828383 15.022955443788499 63.17040931934521 31.150369570515327 44.274306120581315 12.488592332338131 46.546710085972116 44.83158608618852 38.44206446999827 14.382243144642274 52.24083090693574 97.42616721596116 83.05617834917989 70.02500098781358 59.223087244354694 52.05716723341105 50.11211985423042 53.95555347254601 62.529035200063994 74.21091586640082 87.76867962076294 90.90067734579505 75.33279164666469 60.71106208358013 47.909746692712574 38.775788888144035 36.20064898010049 41.42607121390588 52.158019256771695 65.75337083547731 80.77908012865808 86.21174171429308 69.63018301675744 53.50674316698021 38.42254470528623 26.235920392800594 22.339791763553322 30.141670046279863 43.779966311856406 59.35959760039347 75.69114482011969 83.66877387775803 66.47058941080108 49.34499030432516 32.407254693328674 16.25563048597395 8.773492198170182 22.100137676568828 38.71138440318306 55.744414577708035 72.9041940351774 83.46818106564501 66.21907774818216 49.00723113527398 31.89301785015351 15.209665017808874 6.6495616877216905 21.34977446356345 38.289979197851345 55.4539951907698 72.68343756716537 85.62642975656387 68.9075022617371 52.567232631426805 37.109240205366746 24.281457004399606 20.019847238484708 28.472988887898477 42.653717218117116 58.537849058292814 75.0515265382698 89.97390275599093 74.21702560932955 59.327385043848146 46.15212188827339 36.592432364073716 33.86298673732895 39.4094614040867 50.578824012228054 64.51385309851302 79.7782242064907 96.21423730202596 81.63776365146896 68.34450873747963 57.235668262838594 49.79532101458318 47.76953731208112 51.79754648349841 60.68562741704819 72.67191586006376 86.47757952699547 104.00720035329954 90.65263379591481 78.84793736739496 69.38868326009299 63.33463844394103 61.69650244548994 64.80999402987156 72.06182875273933 82.36609693882072 94.73191442748772 113.03201178479318 100.83487170402105 90.32049890311855 82.13768441038664 77.03305385698388 75.63246049833013 78.13534593162602 84.19430500275297 93.11774918824277 104.17214090331431
34.16558692520062 37.46892372199514 7.03722907461642 48.84408995561243 28.583560694438912 16.371649940412915 24.312927424723142 28.094061125678802 50.50665210647368 21.60467605785233 38.02963434412469 29.074702207559625 0.0 12.803518765415477 25.150844411329935 17.96024211428305 31.904476230679535 56.49720264655539 13.079295317481057 76.93341756744599 22.770362307266733 43.021116386670116 18.86990865441482 8.73682909518908 17.778637868336492 27.731029480858655 29.330267628898547 34.371932076799894 33.48392917924473 5.690452784629573 19.725214851019558 88.79258026486427 3.9949034835114983 37.47692996980296 25.90192128086678 17.723789426974896 18.659762687032895 61.50009883340051 40.955478558472954 79.66493051362511 125.53989580196246 111.75767790258084 99.08572119030595 88.00494394924063 79.1861643079682 73.44872714395795 71.53789809257044 73.75170947973747 79.74739420212862 88.76185867709616 117.96728909666133 103.21938156367466 89.391819674302 76.9821497499996 66.78549690662602 59.94206432648178 57.65844965168699 60.4536170849725 67.7014038475424 78.17299795262353 111.66309874355555 95.98561268543541 80.97241659321627 67.07108796121621 55.129244660675546 46.675910047339855 43.78072322441712 47.47175011307286 56.47199816680126 68.72634342394038 106.85216480791117 90.3702968777583 74.26240774828668 58.83646033411877 44.802479151150834 33.93382420180381 29.90745601507992 35.158450465081714 46.65283020760043 60.95544034024951 103.74251225040175 86.6886028973016 69.75694404288083 53.064686542040505 36.93782639952379 22.619845847593965 16.050675342738153 24.54186784847167 39.31532426123802 55.56796299819989 102.48916119658907 85.19164940248668 67.89638926426532 50.60568944700801 33.326648732859994 16.096857121640365 2.5031349744108122 18.765290892508755 36.01000113767766 53.29181741754387 103.15981178141926 85.99362773985057 68.89538576198439 51.9322372818107 35.299479900961416 19.84596220531868 11.848378489456271 22.03676138191896 37.80960928091363 54.51813623133049 105.71784469360857 89.03242418763438 72.636029581158 56.77960370160421 42.078074651546245 30.264099242685596 25.6900254244383 31.666219799668063 44.09344524119265 59.029015888708834 110.03166942906897 94.09152533857579 78.72844415113732 64.35702456846894 51.809180839293646 42.72308207943137 39.560563453430625 43.62935404540994 53.29830019185125 66.1558991129626 115.90535027348263 100.86733111733304 86.67806134569882 73.82854270627725 63.14206747858581 55.87385095789014 53.4373775969095 56.461659524120904 64.17931314814616 75.15816019671956
21.37589906594492 25.282815946008736 18.467282014541368 61.55014375523753 40.90723962094578 8.240252611537313 11.652419660391319 39.89118135311188 37.70447034857851 33.23710412064811 25.3949722337293 22.784779022085935 12.803518765415477 0.0 22.512777721975652 25.52287162233512 44.53533656754932 53.949697828282574 5.043741107618357 66.70640295100895 9.977890714931117 31.260944588552476 24.37376283055482 21.4207353993835 30.286025678037486 40.314067130649256 16.65641529675666 46.72914816376806 20.713196994590678 18.493971550045053 8.922057094836783 77.42604970828552 11.979534461167738 27.721860371401053 25.590376104171487 26.40987656327716 31.39608649779007 59.95362314720679 36.79771247297401 69.31687949346865 115.40664849571051 102.42648217962545 90.89753710493848 81.43849530609745 74.83837952569978 71.88898280637767 73.03394357788802 78.09338158127534 86.38219634581249 97.07666923818915 107.09001527320444 93.00125563813032 80.18037712372843 69.33433022593663 61.51668852481696 57.965970477597885 59.451674888089556 65.63266494512574 75.36238395701533 87.46444003383657 100.07788337305347 84.8716456233812 70.63649085333532 58.09075286476831 48.56193381588385 44.0532789108436 46.0632767940945 53.867092687091834 65.42328331240299 79.10406085230844 94.6607066623976 78.44165342425171 62.80323065319655 48.31260447922374 36.36865278316231 30.165530686725575 33.10511683459893 43.36643243703744 57.131911806176966 72.43046605890166 91.12346779942364 74.15483035208675 57.38557033045557 41.060696981851684 26.030181098446374 16.36680042988982 21.374899333615733 35.279070617671834 51.29377801132944 67.94264374154923 89.68892421010425 72.39297764280217 55.10078837853423 37.817510888491746 20.565625728065676 3.7999178008822616 14.305501421512703 31.520928737414806 48.797583013283145 66.08746363212482 90.45719053350366 73.33832374659686 56.33142158945 39.58107255006124 23.63908770967772 12.233746314731937 18.418348125116662 33.57855661041574 50.14495286697089 67.08372417825136 93.37389884571729 76.89106870455296 60.86458946940659 45.776308282507195 32.94165892402696 25.95275957171795 29.33681833719606 40.57662424287754 55.05439404585599 70.8111609601966 98.24785220361954 82.7158734593509 68.04334532188597 54.923436019097345 44.74345390018036 39.82556177873796 42.058054358220176 50.50138971478343 62.69455040997471 76.87345966096852 104.80628035917087 90.37441147597339 77.13242875423093 65.80264698876934 57.52620798783901 53.733046906567864 55.3526469466201 61.96200600236227 72.20363094245585 84.77109132315172
31.16065350441498 28.154361407717484 23.907011608130745 61.720428064301394 49.77418267808185 14.636422139112982 28.09043724105771 37.45307242575391 45.48874000562161 31.900343538144874 38.103154551704954 7.84926708797718 25.150844411329935 22.512777721975652 0.0 43.058965140390384 45.62439264852051 31.875826562104347 17.487732997360602 56.34742807543121 25.77220213980163 30.27932933029522 14.70868204748922 31.39529142393611 39.464839112622 41.66314278902147 31.20738430369975 45.64827751302961 32.893646129624514 28.172468335483252 17.158537658861334 70.63305372247184 28.00226005099528 47.54404469542361 4.943371993321724 42.86709074915496 38.8638761723024 37.56137442520877 15.813645002446039 59.23388285999768 103.86117402336502 89.01220814223214 75.21904400853654 63.17703395527047 54.069143807108375 49.54097959900664 50.83155183768023 57.55072823006927 68.11040766503397 81.02265485361238 97.87051532314969 81.97683217403832 66.78676298269676 52.90982762215268 41.67895705614333 35.686531305483946 37.53170692923782 46.28646655875159 58.948726881838745 73.52669765756238 93.63622974705761 76.89616166072067 60.473193884466184 44.71807266200424 30.677617414598753 21.937131569751998 24.901217167655403 36.84582520448983 51.90250858291483 68.03555910698284 91.40280255326974 74.17304596817996 56.987038072747126 39.90134828448506 23.139274146937673 8.800440198642633 14.771012620979047 30.94561691943632 47.914433375697215 65.05895765698935 91.31719474749788 74.06801004824385 56.85088891141529 39.707561359161396 22.805058424179503 7.884437325288034 14.246803701560394 30.700030636030288 47.756944499855194 64.94361413129762 93.38531453445673 76.59182720094182 60.08752437861262 44.19756494038544 29.917394207042264 20.865947723784615 23.96740790083683 36.22426089455749 51.46522206318214 67.70415537782698 97.47013695123673 81.50060704888406 66.20406429656792 52.17580988891831 40.74751494229065 34.599315580914244 36.50442619295976 45.461428189105376 58.3062398253724 73.01507776030203 103.33271889036948 88.39786122482009 74.49439659908016 62.31653520653411 53.06588523494471 48.44923086742194 49.77318502797563 56.62255826352925 67.33171942699687 80.37231462230292 110.69087465672834 96.85964060276325 84.31965872309804 73.73272232290702 66.04482159799299 62.33792748938914 63.315168581633024 68.77716602501599 77.7848390451091 89.27126317464109 119.26802549121734 106.51361806468611 95.20569795653915 85.91731010512054 79.36074968537129 76.24406972656837 76.98618648414921 81.48173300378109 89.16477936972689 99.29817777412707
