0 10 75 112 65 103 93 106 140 102 107 86 122 42 73 78 88 80 62 81 18 20 69 109 93 107 104 100 114 108 83 87 107 51 78 74 92 67 86 85 38 26 22 30 44 60 76 93 110 127 32 16 8 23 39 57 74 91 108 125 32 16 9 23 39 57 74 91 108 125 38 26 22 30 44 60 76 93 110 127 48 39 36 42 53 66 81 97 114 130 59 52 50 54 63 75 88 103 119 135 72 66 64 68 75 85 97 111 125 140 85 80 79 81 87 96 107 119 133 147 98 94 93 95 100 108 117 129 141 155 112 108 107 109 113 120 129 139 151 163
10 0 73 103 56 95 86 98 131 95 98 80 119 37 64 74 82 79 52 76 11 11 68 101 86 98 96 92 105 102 74 80 103 41 69 70 85 62 79 79 46 35 30 34 45 60 75 91 108 124 39 24 16 23 38 54 71 88 105 122 36 18 1 17 35 52 69 87 104 121 38 23 14 22 37 54 70 88 105 122 45 33 28 33 44 59 74 91 107 124 55 46 42 45 54 66 81 96 112 128 67 59 56 59 66 76 89 103 118 133 79 73 70 72 78 87 98 111 125 139 92 87 84 86 91 98 108 120 133 147 105 100 99 100 104 111 120 130 142 155
75 73 0 95 94 140 138 141 113 150 135 42 52 41 76 22 143 8 83 31 80 78 6 95 59 123 144 136 95 160 106 46 44 81 78 23 140 34 54 41 104 86 69 52 34 17 4 19 36 53 104 87 70 53 36 20 11 21 37 54 106 90 73 57 42 30 25 31 43 59 110 94 79 64 52 42 39 43 52 65 116 101 87 74 63 55 53 56 63 74 123 109 96 84 75 69 66 69 75 85 131 118 106 96 88 82 80 82 88 96 141 128 117 108 101 96 94 96 100 107 151 139 129 120 114 110 108 109 113 120 161 150 141 133 127 123 122 123 126 132
112 103 95 0 63 85 95 83 29 105 71 54 91 80 40 74 113 102 57 65 100 97 96 5 37 51 91 82 2 119 55 49 72 68 36 72 100 64 41 55 149 136 125 115 107 101 98 98 101 107 140 127 114 103 94 88 84 84 88 94 132 118 104 92 82 74 70 70 75 83 125 110 95 82 70 61 57 57 62 71 120 103 88 73 60 49 43 43 50 61 115 99 82 66 51 38 29 30 39 53 113 96 78 61 45 29 16 18 31 47 112 94 77 60 43 25 8 10 28 45 113 95 78 61 45 29 16 17 31 47 115 99 82 66 51 38 29 30 39 53
65 56 94 63 0 47 46 48 91 58 45 72 120 57 29 81 56 102 12 77 48 46 91 59 66 43 51 43 65 69 19 70 100 16 31 77 48 64 62 72 97 89 84 82 84 89 97 107 119 132 86 76 70 68 70 76 86 97 110 124 75 64 57 54 57 64 75 88 102 117 65 53 43 40 44 53 66 80 96 112 58 43 31 26 31 44 59 75 91 108 53 36 21 12 22 37 54 71 88 105 52 35 17 3 19 36 53 70 88 105 55 39 24 17 25 40 56 72 89 106 61 47 36 32 36 47 61 77 93 109 69 57 49 46 49 58 69 83 98 114
103 95 140 85 47 0 18 4 106 23 16 114 162 103 68 126 39 148 58 120 85 84 137 80 104 36 7 4 86 36 36 110 141 61 68 122 23 109 102 114 128 125 124 126 129 135 143 152 163 175 115 111 110 112 116 123 131 141 153 165 101 97 96 98 103 110 120 131 143 157 88 83 82 84 90 99 109 121 135 149 74 69 68 71 78 87 99 113 127 142 62 55 53 57 66 77 90 105 120 136 50 42 39 45 55 68 83 99 115 131 40 29 25 33 46 61 78 94 111 128 33 17 12 24 40 57 74 92 109 126 31 14 6 22 39 56 74 91 108 126
93 86 138 95 46 18 0 22 119 12 32 117 165 99 72 126 22 146 57 122 76 75 135 90 109 50 14 18 97 25 42 114 145 58 73 122 6 109 106 117 115 113 114 118 124 132 141 152 164 177 101 99 100 104 111 120 130 142 155 169 87 85 86 91 99 109 120 133 147 161 73 71 72 78 87 98 111 125 140 155 59 56 59 66 76 89 103 118 133 149 46 42 45 54 67 81 96 112 128 144 33 28 33 44 59 74 91 107 124 141 23 14 22 37 54 71 88 105 122 139 18 2 17 35 52 69 87 104 121 139 24 16 23 38 54 71 88 105 122 139
106 98 141 83 48 4 22 0 104 26 13 114 161 104 68 126 43 149 59 120 88 87 138 78 103 33 10 6 84 39 36 110 140 63 68 123 27 109 101 114 132 128 127 128 131 137 144 153 163 175 118 114 113 114 118 124 132 142 153 165 104 100 98 100 104 111 120 131 143 156 91 86 84 86 91 99 109 121 134 148 78 72 70 72 79 88 99 112 126 141 66 58 56 59 66 77 90 104 119 134 54 45 42 46 55 68 82 97 113 129 44 32 28 33 45 60 76 92 109 126 37 21 14 23 38 55 72 89 106 123 34 17 2 19 36 53 71 88 105 123
140 131 113 29 91 106 119 104 0 128 91 72 96 105 68 92 138 119 85 83 129 125 115 33 55 71 113 104 27 142 81 67 81 96 64 92 124 86 62 73 177 164 152 140 130 122 116 112 111 112 168 155 142 129 119 110 103 99 97 99 161 146 132 119 108 98 90 85 83 86 154 138 124 110 97 86 77 71 70 72 148 132 116 102 88 75 65 58 56 59 143 127 110 95 79 65 53 45 42 47 139 123 106 89 73 57 43 32 29 35 137 120 103 86 69 52 36 21 15 25 136 119 102 85 67 50 33 15 3 20 137 120 103 86 69 52 35 21 14 24
102 95 150 105 58 23 12 26 128 0 39 129 177 111 83 138 21 158 69 134 85 85 147 101 120 58 17 25 107 14 53 126 156 69 84 134 11 121 118 129 122 121 124 128 135 143 153 164 176 189 107 107 110 115 122 132 142 154 167 181 93 93 96 102 110 121 132 145 159 173 79 79 82 89 99 110 123 137 151 166 65 65 69 77 88 101 115 129 145 160 51 51 56 66 79 93 108 123 139 156 37 37 44 56 71 86 102 118 135 152 23 23 34 49 65 81 98 115 132 149 11 12 27 44 62 79 96 113 131 148 12 12 28 45 62 79 96 113 131 148
107 98 135 71 45 16 32 13 91 39 0 105 152 100 60 119 54 143 54 113 89 88 133 66 93 21 23 15 72 52 29 101 131 60 59 116 38 102 92 106 136 130 127 127 128 132 138 146 155 166 122 117 113 112 114 119 126 134 144 156 109 103 99 98 101 106 113 123 134 146 97 89 85 84 87 93 102 112 124 138 84 76 71 70 74 81 90 102 115 130 73 63 57 56 60 69 80 93 108 123 63 51 44 42 48 58 71 86 101 117 54 40 30 28 36 49 64 80 96 113 49 32 18 15 27 43 59 76 94 111 47 30 12 6 23 41 58 75 93 110
86 80 42 54 72 114 117 114 72 129 105 0 49 44 46 21 128 49 61 12 82 79 44 55 18 90 119 110 54 141 78 5 28 65 47 21 120 19 14 1 122 106 90 76 62 52 45 45 51 61 117 101 84 69 54 40 32 31 40 53 115 97 80 64 47 31 19 18 31 46 113 96 79 62 44 27 10 9 26 43 114 97 80 63 46 29 15 15 29 45 116 100 83 67 51 37 28 27 37 50 120 104 88 73 60 48 41 41 47 59 126 110 96 82 70 60 55 54 59 69 132 118 104 92 81 73 68 68 72 80 140 126 114 102 93 86 82 82 85 92
122 119 52 91 120 162 165 161 96 177 152 49 0 82 94 45 176 51 109 46 124 120 57 94 59 135 167 158 90 189 126 52 21 112 94 49 168 60 60 48 154 137 119 102 85 68 52 36 22 17 153 136 118 101 84 67 49 32 15 5 153 136 119 102 85 67 50 34 19 12 155 138 121 104 88 71 55 41 29 26 158 141 125 108 93 77 63 50 42 39 162 146 130 114 99 85 72 62 55 53 167 152 136 121 107 94 83 74 68 67 173 158 144 130 116 105 94 87 82 80 180 166 152 139 127 116 106 100 95 94 188 174 161 149 137 127 119 113 109 108
42 37 41 80 57 103 99 104 105 111 100 44 82 0 47 37 103 48 47 39 42 39 37 78 53 92 106 99 81 121 72 46 66 42 51 33 100 26 46 43 78 62 48 36 30 33 44 58 73 89 74 57 41 26 16 22 36 52 69 86 72 55 38 20 3 15 32 50 67 84 74 57 40 24 14 20 35 51 68 85 77 61 47 34 28 31 42 57 72 88 83 69 56 46 42 44 52 64 78 94 91 78 67 59 56 57 64 74 86 100 101 89 79 72 69 71 76 85 96 109 111 100 92 86 83 85 89 96 106 118 122 112 105 100 97 98 102 109 117 128
73 64 76 40 29 68 72 68 68 83 60 46 94 47 0 59 85 84 19 53 61 57 75 37 38 48 73 64 42 96 33 43 74 29 5 56 75 43 35 47 110 98 88 80 76 76 79 86 96 107 101 88 76 67 62 62 66 74 85 98 93 78 65 55 49 48 54 63 76 90 86 71 56 43 35 34 42 54 68 84 82 65 49 34 22 21 32 47 63 80 80 62 45 28 12 10 26 43 60 77 80 63 46 29 14 12 27 44 61 78 83 66 50 36 25 25 34 48 64 81 88 72 58 46 39 38 45 56 70 85 95 81 68 58 52 52 57 66 78 92
78 74 22 74 81 126 126 126 92 138 119 21 45 37 59 0 134 28 69 10 79 76 24 75 38 105 130 122 74 150 91 25 30 71 61 5 129 18 33 20 111 95 78 62 46 33 25 27 39 53 109 92 75 58 41 24 11 17 32 49 109 92 74 57 40 23 6 14 31 48 110 93 76 60 43 29 19 22 35 51 113 97 81 65 51 39 32 35 44 57 118 103 87 73 61 51 46 48 55 66 124 110 96 83 72 64 60 61 67 76 132 118 105 93 84 77 74 75 79 87 140 127 115 105 96 91 88 88 92 99 150 137 126 117 109 104 102 102 105 111
88 82 143 113 56 39 22 43 138 21 54 128 176 103 85 134 0 151 68 131 72 72 140 108 122 71 34 39 115 21 58 125 156 64 86 130 17 117 118 128 103 105 109 116 124 135 146 159 173 187 89 91 96 103 113 124 137 150 165 180 75 77 83 91 102 115 128 143 158 173 61 63 70 80 92 106 121 136 152 168 46 50 58 70 84 99 115 131 147 163 32 37 48 62 77 93 110 126 143 160 18 26 40 56 73 90 107 124 141 158 4 19 36 53 71 88 105 123 140 157 12 22 38 55 72 89 106 123 140 158 26 32 44 59 75 92 108 125 142 159
80 79 8 102 102 148 146 149 119 158 143 49 51 48 84 28 151 0 90 37 86 84 12 103 66 131 152 144 102 168 114 53 47 89 86 30 147 42 61 48 107 89 72 55 38 21 5 16 33 50 108 91 74 58 42 27 18 24 37 53 111 95 79 63 49 38 32 35 46 59 116 101 86 72 59 50 46 48 56 68 123 108 94 81 71 63 60 62 68 78 130 116 103 92 83 77 74 75 80 88 139 126 114 104 96 90 88 89 93 100 148 136 125 116 108 104 102 102 106 112 158 147 137 128 122 117 115 116 119 125 169 158 149 141 135 131 129 130 133 138
62 52 83 57 12 58 57 59 85 69 54 61 109 47 19 69 68 90 0 65 47 44 80 53 55 47 62 54 59 81 25 58 88 12 22 66 60 52 51 61 97 87 79 75 75 79 86 96 107 121 86 75 66 61 61 66 74 85 98 113 77 64 53 47 47 53 64 76 91 106 69 54 42 34 34 42 54 69 85 101 64 47 32 20 20 32 47 64 80 97 61 44 27 10 10 27 44 61 79 96 62 45 28 14 14 28 45 62 79 96 66 50 36 26 26 36 50 66 82 99 72 58 47 40 40 47 58 72 87 103 81 69 59 54 53 59 68 80 94 109
81 76 31 65 77 120 122 120 83 134 113 12 46 39 53 10 131 37 65 0 80 76 33 66 29 98 125 116 65 145 85 16 28 67 54 10 124 15 24 11 116 99 83 67 53 41 34 35 44 56 112 95 78 62 46 31 20 22 34 50 111 94 76 59 42 25 9 12 29 46 111 94 77 59 42 26 12 15 30 47 113 96 80 63 47 33 24 26 37 51 117 101 85 70 56 44 38 39 47 59 122 107 92 78 66 56 51 52 58 68 129 114 100 88 77 69 65 66 71 79 136 123 110 99 89 83 79 79 83 91 145 132 120 110 102 96 93 93 97 103
18 11 80 100 48 85 76 88 129 85 89 82 124 42 61 79 72 86 47 80 0 4 75 97 86 90 86 82 102 92 66 82 107 35 65 75 75 65 80 82 50 42 39 44 54 68 82 98 114 131 40 29 25 32 46 61 77 93 110 127 34 18 11 24 40 57 74 91 108 125 32 15 5 21 39 56 73 90 108 125 37 23 19 28 42 58 75 92 109 126 45 36 33 39 50 64 80 96 112 129 57 49 47 51 60 72 86 101 117 133 69 63 61 64 72 82 94 108 123 138 82 77 75 78 84 93 104 117 130 145 95 90 89 91 97 104 114 126 139 152
20 11 78 97 46 84 75 87 125 85 88 79 120 39 57 76 72 84 44 76 4 0 73 94 82 88 86 81 98 92 64 79 103 32 62 72 74 62 76 78 54 44 40 44 53 66 80 95 111 128 44 32 26 31 43 58 74 90 107 124 37 22 12 21 37 53 70 87 105 122 35 18 3 18 35 52 69 87 104 121 39 25 17 24 39 55 71 88 105 122 47 36 31 36 47 60 76 92 108 125 58 49 45 48 57 69 83 97 113 129 69 62 60 62 69 79 91 105 119 135 82 76 74 76 81 90 101 113 127 141 95 90 88 89 94 101 111 123 135 149
69 68 6 96 91 137 135 138 115 147 133 44 57 37 75 24 140 12 80 33 75 73 0 96 61 122 141 134 96 157 104 48 49 78 77 24 137 34 55 43 98 81 63 46 29 12 8 24 42 59 99 81 64 47 31 16 13 26 43 60 101 84 68 52 38 28 26 35 48 64 106 90 74 60 48 41 40 46 57 70 112 97 83 70 60 54 53 58 67 79 119 105 92 81 73 68 67 71 78 88 127 115 103 93 86 82 81 84 90 99 137 125 114 106 99 95 95 97 103 111 147 136 126 118 113 109 109 111 116 123 158 148 139 131 126 123 123 124 129 135
109 101 95 5 59 80 90 78 33 101 66 55 94 78 37 75 108 103 53 66 97 94 96 0 38 46 86 77 7 114 50 50 75 65 33 73 95 64 42 56 146 134 123 114 106 101 99 100 103 110 137 124 112 102 93 87 85 86 90 98 129 115 102 90 81 74 71 72 77 86 122 107 93 80 69 61 57 59 65 75 116 100 85 70 58 48 43 45 54 65 111 95 78 63 48 36 29 33 43 57 108 91 74 57 41 26 16 21 36 52 107 90 73 55 38 21 4 15 32 49 108 91 74 57 40 24 14 20 35 51 111 94 77 62 47 34 27 31 42 56
93 86 59 37 66 104 109 103 55 120 93 18 59 53 38 38 122 66 55 29 86 82 61 38 0 76 109 100 37 133 68 13 39 63 37 37 112 31 8 19 130 115 101 88 76 67 62 62 66 74 124 108 93 78 65 55 49 48 53 63 119 103 87 71 56 44 35 34 42 54 116 99 82 65 49 34 22 21 32 47 114 97 80 63 45 28 12 10 26 43 115 97 80 63 46 29 14 12 26 43 117 100 83 66 50 36 25 24 34 48 120 104 88 72 58 46 38 37 44 56 125 110 94 80 68 58 52 51 56 65 131 117 103 90 79 70 65 65 69 77
107 98 123 51 43 36 50 33 71 58 21 90 135 92 48 105 71 131 47 98 90 88 122 46 76 0 43 34 52 72 24 85 114 57 45 102 55 90 76 90 139 131 126 122 121 122 126 132 140 150 127 118 112 108 107 109 113 120 128 139 115 106 99 94 93 95 100 108 117 128 104 93 85 80 79 81 87 96 107 119 93 82 73 67 65 68 75 85 97 110 84 71 60 53 51 55 63 75 88 103 76 62 49 40 37 42 53 66 81 97 70 54 39 27 23 31 44 60 76 93 67 50 33 17 9 22 39 56 73 90 67 50 33 16 7 22 39 56 73 90
104 96 144 91 51 7 14 10 113 17 23 119 167 106 73 130 34 152 62 125 86 86 141 86 109 43 0 10 93 30 41 116 146 64 73 127 19 113 107 119 128 125 125 128 132 139 147 157 168 180 114 111 111 114 119 126 136 146 158 171 100 97 97 100 106 114 125 136 149 162 86 83 83 87 94 103 114 127 140 155 73 69 69 74 82 92 105 118 133 148 59 55 55 61 70 82 96 111 126 142 47 41 41 49 60 74 89 105 121 138 36 27 28 38 52 68 84 101 117 134 27 14 16 30 47 64 81 98 115 132 25 8 11 28 46 63 80 97 115 132
100 92 136 82 43 4 18 6 104 25 15 110 158 99 64 122 39 144 54 116 82 81 134 77 100 34 10 0 83 38 32 107 137 58 64 118 23 105 98 111 126 122 121 122 126 132 139 149 159 171 112 108 107 108 112 119 128 138 149 162 99 94 93 94 99 107 116 127 140 153 85 80 78 81 86 95 105 118 131 145 73 66 64 67 74 84 96 109 123 139 60 53 50 54 62 73 87 102 117 133 49 39 36 41 51 65 80 96 112 128 40 27 22 29 43 58 75 91 108 125 34 18 8 21 38 55 72 89 106 124 34 17 8 21 38 55 72 89 106 124
114 105 95 2 65 86 97 84 27 107 72 54 90 81 42 74 115 102 59 65 102 98 96 7 37 52 93 83 0 121 57 50 72 70 38 73 101 64 42 55 151 138 126 116 108 102 98 98 101 106 142 128 116 105 95 88 85 84 87 94 134 120 106 94 83 75 71 71 74 82 127 112 97 84 72 63 57 57 62 70 121 105 90 75 61 50 44 43 49 60 117 100 84 68 53 39 30 30 38 51 115 97 80 63 47 31 18 17 30 45 114 96 79 62 44 27 10 8 26 43 114 97 80 63 46 30 17 16 29 45 117 100 84 68 52 39 29 29 38 51
108 102 160 119 69 36 25 39 142 14 52 141 189 121 96 150 21 168 81 145 92 92 157 114 133 72 30 38 121 0 66 138 169 80 97 146 22 132 130 141 123 125 129 135 143 153 163 175 188 201 109 111 116 122 131 141 153 166 179 193 95 97 102 110 120 131 144 157 171 186 81 83 89 98 109 121 135 149 164 179 66 70 77 87 99 113 127 142 158 174 52 56 65 77 90 105 121 136 152 169 38 44 55 68 83 99 115 132 148 165 24 32 46 62 78 95 112 129 146 163 10 24 41 58 75 92 110 127 144 161 8 23 40 58 75 92 109 127 144 161
83 74 106 55 19 36 42 36 81 53 29 78 126 72 33 91 58 114 25 85 66 64 104 50 68 24 41 32 57 66 0 75 105 34 32 87 46 74 66 79 115 108 102 100 100 103 109 118 128 139 103 95 88 86 86 90 97 106 117 130 92 82 75 71 72 77 85 96 108 121 81 70 62 57 58 64 74 86 99 114 72 59 49 43 45 52 64 77 92 108 64 49 37 30 32 42 55 71 87 103 59 43 27 16 19 33 50 66 83 100 57 40 23 6 13 30 47 65 82 99 59 42 27 15 19 33 49 66 83 100 64 49 36 29 31 41 55 70 86 103
87 80 46 49 70 110 114 110 67 126 101 5 52 46 43 25 125 53 58 16 82 79 48 50 13 85 116 107 50 138 75 0 31 63 43 25 117 21 10 6 123 108 92 78 66 56 50 50 55 65 118 102 86 70 56 44 36 36 44 56 115 98 81 65 48 34 23 23 34 48 113 96 79 61 44 27 12 12 27 44 113 96 79 61 44 27 12 12 27 44 115 98 81 65 49 34 23 23 34 48 118 102 86 70 56 44 36 36 44 56 123 108 92 78 66 56 50 50 55 65 130 115 101 88 77 68 64 63 68 76 137 123 110 98 89 81 77 77 81 88
107 103 44 72 100 141 145 140 81 156 131 28 21 66 74 30 156 47 88 28 107 103 49 75 39 114 146 137 72 169 105 31 0 93 73 34 148 42 40 28 141 124 108 91 75 60 46 35 31 36 139 122 105 88 71 54 38 24 17 25 138 121 103 86 69 51 34 17 3 19 138 121 104 87 70 53 36 20 12 22 140 123 106 90 73 57 42 30 25 31 143 127 110 94 79 64 52 42 39 43 148 132 116 101 87 74 63 55 53 56 153 138 123 109 96 84 75 69 67 69 160 145 131 118 106 96 87 82 80 82 168 154 140 128 117 108 100 96 94 96
51 41 81 68 16 61 58 63 96 69 60 65 112 42 29 71 64 89 12 67 35 32 78 65 63 57 64 58 70 80 34 63 93 0 33 67 59 54 57 65 85 76 69 67 69 75 84 96 109 123 74 63 56 53 55 63 74 87 101 116 65 52 42 39 42 52 65 79 95 111 58 43 30 24 30 42 58 74 90 107 53 37 21 10 20 36 53 70 88 105 53 35 18 5 18 35 53 70 87 104 56 40 26 19 26 40 55 72 89 106 62 48 37 33 37 48 61 77 93 109 70 59 50 47 50 58 70 84 98 114 81 70 64 61 63 70 80 92 106 120
78 69 78 36 31 68 73 68 64 84 59 47 94 51 5 61 86 86 22 54 65 62 77 33 37 45 73 64 38 97 32 43 73 33 0 58 76 45 34 47 114 102 92 85 80 79 82 88 97 108 105 92 81 72 66 65 68 75 86 98 97 83 70 59 52 51 55 64 76 90 90 75 60 48 39 37 43 54 68 83 85 69 53 38 26 23 32 46 61 78 83 66 48 32 16 10 24 41 58 75 83 65 48 31 14 8 23 40 57 75 85 68 52 36 24 21 30 44 60 77 89 73 59 46 36 34 40 52 66 81 95 81 68 57 50 48 53 62 74 88
74 70 23 72 77 122 122 123 92 134 116 21 49 33 56 5 130 30 66 10 75 72 24 73 37 102 127 118 73 146 87 25 34 67 58 0 125 14 32 20 108 92 75 59 44 32 26 31 43 58 106 89 71 54 38 22 12 21 36 53 105 88 71 53 36 19 3 17 34 52 106 89 72 56 39 25 17 24 38 54 109 93 77 61 47 36 31 35 46 60 114 98 83 69 57 48 44 47 56 68 120 106 92 79 68 61 58 60 67 77 128 114 101 90 81 75 72 74 79 88 136 123 112 101 93 88 86 87 92 100 146 134 123 114 106 102 100 101 105 112
92 85 140 100 48 23 6 27 124 11 38 120 168 100 75 129 17 147 60 124 75 74 137 95 112 55 19 23 101 22 46 117 148 59 76 125 0 111 109 120 112 111 113 118 124 133 143 154 167 180 98 97 99 104 112 121 132 145 158 172 84 83 86 91 100 110 123 136 150 165 70 69 72 79 89 100 114 128 143 158 56 55 59 67 78 92 106 121 137 153 42 40 46 56 69 84 100 116 132 149 29 26 34 47 62 78 95 112 129 146 18 13 25 41 58 75 92 109 127 144 14 6 22 40 57 74 92 109 126 143 22 18 28 43 59 76 93 110 127 144
67 62 34 64 64 109 109 109 86 121 102 19 60 26 43 18 117 42 52 15 65 62 34 64 31 90 113 105 64 132 74 21 42 54 45 14 111 0 24 18 103 87 72 58 46 38 37 44 56 70 99 82 66 50 35 25 24 34 48 64 97 80 63 45 29 13 12 27 44 61 97 79 62 45 28 12 10 26 43 60 99 82 65 49 34 22 21 32 47 63 102 86 71 56 43 35 35 42 54 69 108 93 78 65 55 49 48 54 64 76 115 101 88 76 68 63 62 66 75 86 123 110 98 88 81 76 76 79 86 96 132 120 109 100 94 90 90 93 99 107
86 79 54 41 62 102 106 101 62 118 92 14 60 46 35 33 118 61 51 24 80 76 55 42 8 76 107 98 42 130 66 10 40 57 34 32 109 24 0 15 123 108 94 81 69 61 57 58 64 74 117 101 86 71 58 48 43 45 53 64 113 96 80 64 49 37 30 32 42 56 110 93 76 59 42 27 16 20 34 50 109 91 74 57 39 22 5 13 31 48 109 92 75 58 42 26 14 19 33 50 112 95 79 63 48 35 28 30 41 55 116 100 85 70 57 47 41 43 51 63 122 107 92 79 68 59 55 56 63 72 129 115 101 89 79 72 69 70 75 83
85 79 41 55 72 114 117 114 73 129 106 1 48 43 47 20 128 48 61 11 82 78 43 56 19 90 119 111 55 141 79 6 28 65 47 20 120 18 15 0 121 105 90 75 62 51 44 44 50 61 117 100 84 68 53 39 31 31 39 52 114 97 80 63 46 31 18 18 31 46 113 96 78 61 44 26 9 9 27 44 114 96 79 62 46 29 16 16 29 46 116 99 83 67 51 38 28 28 38 51 120 104 88 73 60 49 42 42 48 59 126 110 96 82 70 61 55 55 60 70 132 118 104 92 81 73 69 69 73 81 140 127 114 103 93 87 83 83 86 93
38 46 104 149 97 128 115 132 177 122 136 122 154 78 110 111 103 107 97 116 50 54 98 146 130 139 128 126 151 123 115 123 141 85 114 108 112 103 123 121 0 18 35 52 70 87 104 122 139 156 15 23 38 54 71 88 105 122 140 157 29 34 45 60 75 91 108 125 142 159 43 47 55 68 82 97 113 129 145 162 58 60 67 77 90 104 119 134 150 166 72 74 80 88 99 112 126 140 156 171 86 88 93 100 110 122 134 148 162 177 100 102 106 112 121 132 144 156 170 184 115 116 119 125 133 143 154 166 179 192 129 130 133 138 145 154 164 176 188 201
26 35 86 136 89 125 113 128 164 121 130 106 137 62 98 95 105 89 87 99 42 44 81 134 115 131 125 122 138 125 108 108 124 76 102 92 111 87 108 105 18 0 18 35 52 70 87 104 122 139 23 15 23 38 54 71 88 105 122 140 34 29 34 45 60 75 91 108 125 142 47 43 46 55 67 82 97 112 129 145 60 57 60 67 77 90 104 118 134 150 74 72 73 79 88 99 112 126 140 155 88 86 87 92 100 110 121 134 148 162 102 100 101 105 112 121 131 143 156 170 116 114 115 119 125 133 142 153 165 178 130 128 129 132 138 145 154 164 175 187
22 30 69 125 84 124 114 127 152 124 127 90 119 48 88 78 109 72 79 83 39 40 63 123 101 126 125 121 126 129 102 92 108 69 92 75 113 72 94 90 35 18 0 18 35 52 70 87 104 122 38 23 15 23 38 54 71 88 105 122 45 34 29 34 45 60 75 91 108 125 55 46 43 46 55 67 81 97 112 129 67 60 57 60 67 77 90 104 118 134 80 73 71 73 79 88 99 112 126 140 93 87 85 87 92 99 109 121 134 148 106 101 99 101 105 112 121 131 143 156 119 115 114 115 118 124 132 142 153 165 133 129 128 129 132 137 144 153 163 175
30 34 52 115 82 126 118 128 140 128 127 76 102 36 80 62 116 55 75 67 44 44 46 114 88 122 128 122 116 135 100 78 91 67 85 59 118 58 81 75 52 35 18 0 18 35 52 70 87 104 54 38 23 15 23 38 54 71 88 105 60 45 34 29 33 45 59 75 91 108 68 55 46 43 46 55 67 81 97 112 77 67 60 57 59 66 77 89 103 118 88 79 73 71 73 79 88 99 112 125 100 92 87 85 87 91 99 109 121 134 112 105 101 99 100 105 111 120 131 143 125 119 115 113 114 118 124 132 141 152 138 132 129 127 128 131 137 144 153 163
44 45 34 107 84 129 124 131 130 135 128 62 85 30 76 46 124 38 75 53 54 53 29 106 76 121 132 126 108 143 100 66 75 69 80 44 124 46 69 62 70 52 35 18 0 18 35 52 70 87 71 54 38 23 15 23 38 54 71 88 75 60 45 33 29 33 45 59 75 91 82 67 55 46 43 46 55 67 81 96 90 77 67 59 57 59 66 77 89 103 99 88 79 73 71 73 78 87 99 111 110 100 92 87 85 86 91 99 109 120 121 112 105 100 99 100 104 111 120 130 133 125 118 114 113 114 117 123 131 141 145 138 132 128 127 127 131 136 143 152
60 60 17 101 89 135 132 137 122 143 132 52 68 33 76 33 135 21 79 41 68 66 12 101 67 122 139 132 102 153 103 56 60 75 79 32 133 38 61 51 87 70 52 35 18 0 18 35 52 70 88 71 54 38 23 14 23 38 54 71 91 75 60 45 33 28 33 45 59 75 97 82 67 55 46 42 46 55 67 81 104 90 77 66 59 56 59 66 76 89 112 99 88 79 73 70 72 78 87 98 122 110 99 91 86 84 86 91 98 108 132 121 112 105 100 98 99 104 110 119 143 133 124 118 114 112 113 117 123 131 154 145 137 131 127 126 127 130 135 143
76 75 4 98 97 143 141 144 116 153 138 45 52 44 79 25 146 5 86 34 82 80 8 99 62 126 147 139 98 163 109 50 46 84 82 26 143 37 57 44 104 87 70 52 35 18 0 18 35 52 105 88 71 54 38 23 14 23 38 54 108 91 75 59 45 33 28 33 45 59 113 97 81 67 55 46 42 46 54 67 119 104 90 77 66 59 56 59 66 76 126 112 99 88 78 72 70 72 78 87 134 121 109 99 91 86 84 85 90 98 144 131 121 111 104 99 98 99 103 110 154 142 132 124 117 113 112 113 116 122 164 154 144 137 131 127 125 126 130 135
93 91 19 98 107 152 152 153 112 164 146 45 36 58 86 27 159 16 96 35 98 95 24 100 62 132 157 149 98 175 118 50 35 96 88 31 154 44 58 44 122 104 87 70 52 35 18 0 18 35 122 105 88 71 54 38 23 14 23 38 125 108 91 75 59 45 33 28 33 45 129 112 97 81 67 55 46 42 45 54 134 118 104 89 77 66 59 56 58 65 140 126 112 99 87 78 72 70 72 77 148 134 121 109 99 91 85 83 85 90 156 143 131 120 111 104 99 97 99 103 166 153 142 132 123 117 113 111 112 116 176 164 153 144 136 130 126 125 126 129
110 108 36 101 119 163 164 163 111 176 155 51 22 73 96 39 173 33 107 44 114 111 42 103 66 140 168 159 101 188 128 55 31 109 97 43 167 56 64 50 139 122 104 87 70 52 35 18 0 18 140 122 105 88 71 54 38 23 14 23 142 125 108 91 75 59 45 33 28 33 145 129 112 97 81 67 54 45 42 45 150 134 118 103 89 76 66 58 55 58 156 140 126 112 99 87 78 72 69 71 162 148 134 121 109 98 90 85 83 85 170 156 143 131 120 110 103 99 97 98 179 165 153 141 131 123 116 112 110 112 188 175 163 153 143 135 130 126 124 125
127 124 53 107 132 175 177 175 112 189 166 61 17 89 107 53 187 50 121 56 131 128 59 110 74 150 180 171 106 201 139 65 36 123 108 58 180 70 74 61 156 139 122 104 87 70 52 35 18 0 157 140 122 105 88 71 54 38 23 14 159 142 125 108 91 75 59 45 33 28 162 145 129 112 96 81 67 54 45 42 166 150 134 118 103 89 76 65 58 55 171 155 140 125 111 98 87 77 71 69 177 162 148 134 120 108 98 90 85 83 184 170 156 143 130 119 110 103 98 96 192 178 165 152 141 131 122 116 112 110 201 187 175 163 152 143 135 129 125 124
32 39 104 140 86 115 101 118 168 107 122 117 153 74 101 109 89 108 86 112 40 44 99 137 124 127 114 112 142 109 103 118 139 74 105 106 98 99 117 117 15 23 38 54 71 88 105 122 140 157 0 18 35 52 70 87 104 122 139 156 15 23 38 54 71 88 105 122 140 157 29 34 45 60 75 91 108 125 142 159 43 47 55 68 82 97 113 129 145 162 58 60 67 77 90 104 119 134 150 166 72 74 80 88 99 112 126 140 156 171 86 88 93 100 110 122 134 148 162 177 100 102 106 112 121 132 144 156 170 184 115 116 119 125 133 143 154 166 179 192
16 24 87 127 76 111 99 114 155 107 117 101 136 57 88 92 91 91 75 95 29 32 81 124 108 118 111 108 128 111 95 102 122 63 92 89 97 82 101 100 23 15 23 38 54 71 88 105 122 140 18 0 18 35 52 70 87 104 122 139 23 15 23 38 54 71 88 105 122 140 34 29 34 45 60 75 91 108 125 142 47 43 46 55 67 82 97 112 129 145 60 57 60 67 77 90 104 118 134 150 74 72 73 79 88 99 112 126 140 155 88 86 87 92 100 110 121 134 148 162 102 100 101 105 112 121 131 143 156 170 116 114 115 119 125 133 142 153 165 178
8 16 70 114 70 110 100 113 142 110 113 84 118 41 76 75 96 74 66 78 25 26 64 112 93 112 111 107 116 116 88 86 105 56 81 71 99 66 86 84 38 23 15 23 38 54 71 88 105 122 35 18 0 18 35 52 70 87 104 122 38 23 15 23 38 54 71 88 105 122 45 34 29 34 45 60 75 91 108 125 55 46 43 46 55 67 81 97 112 129 67 60 57 60 67 77 90 104 118 134 80 73 71 73 79 88 99 112 126 140 93 87 85 87 92 99 109 121 134 148 106 101 99 101 105 112 121 131 143 156 119 115 114 115 118 124 132 142 153 165
23 23 53 103 68 112 104 114 129 115 112 69 101 26 67 58 103 58 61 62 32 31 47 102 78 108 114 108 105 122 86 70 88 53 72 54 104 50 71 68 54 38 23 15 23 38 54 71 88 105 52 35 18 0 18 35 52 70 87 104 54 38 23 15 23 38 54 71 88 105 60 45 34 29 33 45 59 75 91 108 68 55 46 43 46 55 67 81 97 112 77 67 60 57 59 66 77 89 103 118 88 79 73 71 73 79 88 99 112 125 100 92 87 85 87 91 99 109 121 134 112 105 101 99 100 105 111 120 131 143 125 119 115 113 114 118 124 132 141 152
39 38 36 94 70 116 111 118 119 122 114 54 84 16 62 41 113 42 61 46 46 43 31 93 65 107 119 112 95 131 86 56 71 55 66 38 112 35 58 53 71 54 38 23 15 23 38 54 71 88 70 52 35 18 0 18 35 52 70 87 71 54 38 23 15 23 38 54 71 88 75 60 45 33 29 33 45 59 75 91 82 67 55 46 43 46 55 67 81 96 90 77 67 59 57 59 66 77 89 103 99 88 79 73 71 73 78 87 99 111 110 100 92 87 85 86 91 99 109 120 121 112 105 100 99 100 104 111 120 130 133 125 118 114 113 114 117 123 131 141
57 54 20 88 76 123 120 124 110 132 119 40 67 22 62 24 124 27 66 31 61 58 16 87 55 109 126 119 88 141 90 44 54 63 65 22 121 25 48 39 88 71 54 38 23 14 23 38 54 71 87 70 52 35 18 0 18 35 52 70 88 71 54 38 23 14 23 38 54 71 91 75 60 45 33 28 33 45 59 75 97 82 67 55 46 42 46 55 67 81 104 90 77 66 59 56 59 66 76 89 112 99 88 79 73 70 72 78 87 98 122 110 99 91 86 84 86 91 98 108 132 121 112 105 100 98 99 104 110 119 143 133 124 118 114 112 113 117 123 131
74 71 11 84 86 131 130 132 103 142 126 32 49 36 66 11 137 18 74 20 77 74 13 85 49 113 136 128 85 153 97 36 38 74 68 12 132 24 43 31 105 88 71 54 38 23 14 23 38 54 104 87 70 52 35 18 0 18 35 52 105 88 71 54 38 23 14 23 38 54 108 91 75 59 45 33 28 33 45 59 113 97 81 67 55 46 42 46 54 67 119 104 90 77 66 59 56 59 66 76 126 112 99 88 78 72 70 72 78 87 134 121 109 99 91 86 84 85 90 98 144 131 121 111 104 99 98 99 103 110 154 142 132 124 117 113 112 113 116 122
91 88 21 84 97 141 142 142 99 154 134 31 32 52 74 17 150 24 85 22 93 90 26 86 48 120 146 138 84 166 106 36 24 87 75 21 145 34 45 31 122 105 88 71 54 38 23 14 23 38 122 104 87 70 52 35 18 0 18 35 122 105 88 71 54 38 23 14 23 38 125 108 91 75 59 45 33 28 33 45 129 112 97 81 67 55 46 42 45 54 134 118 104 89 77 66 59 56 58 65 140 126 112 99 87 78 72 70 72 77 148 134 121 109 99 91 85 83 85 90 156 143 131 120 111 104 99 97 99 103 166 153 142 132 123 117 113 111 112 116
108 105 37 88 110 153 155 153 97 167 144 40 15 69 85 32 165 37 98 34 110 107 43 90 53 128 158 149 87 179 117 44 17 101 86 36 158 48 53 39 140 122 105 88 71 54 38 23 14 23 139 122 104 87 70 52 35 18 0 18 140 122 105 88 71 54 38 23 14 23 142 125 108 91 75 59 45 33 28 33 145 129 112 97 81 67 54 45 42 45 150 134 118 103 89 76 66 58 55 58 156 140 126 112 99 87 78 72 69 71 162 148 134 121 109 98 90 85 83 85 170 156 143 131 120 110 103 99 97 98 179 165 153 141 131 123 116 112 110 112
125 122 54 94 124 165 169 165 99 181 156 53 5 86 98 49 180 53 113 50 127 124 60 98 63 139 171 162 94 193 130 56 25 116 98 53 172 64 64 52 157 140 122 105 88 71 54 38 23 14 156 139 122 104 87 70 52 35 18 0 157 140 122 105 88 71 54 38 23 14 159 142 125 108 91 75 59 45 33 28 162 145 129 112 96 81 67 54 45 42 166 150 134 118 103 89 76 65 58 55 171 155 140 125 111 98 87 77 71 69 177 162 148 134 120 108 98 90 85 83 184 170 156 143 130 119 110 103 98 96 192 178 165 152 141 131 122 116 112 110
32 36 106 132 75 101 87 104 161 93 109 115 153 72 93 109 75 111 77 111 34 37 101 129 119 115 100 99 134 95 92 115 138 65 97 105 84 97 113 114 29 34 45 60 75 91 108 125 142 159 15 23 38 54 71 88 105 122 140 157 0 18 35 52 70 87 104 122 139 156 15 23 38 54 71 88 105 122 140 157 29 34 45 60 75 91 108 125 142 159 43 47 55 68 82 97 113 129 145 162 58 60 67 77 90 104 119 134 150 166 72 74 80 88 99 112 126 140 156 171 86 88 93 100 110 122 134 148 162 177 100 102 106 112 121 132 144 156 170 184
16 18 90 118 64 97 85 100 146 93 103 97 136 55 78 92 77 95 64 94 18 22 84 115 103 106 97 94 120 97 82 98 121 52 83 88 83 80 96 97 34 29 34 45 60 75 91 108 125 142 23 15 23 38 54 71 88 105 122 140 18 0 18 35 52 70 87 104 122 139 23 15 23 38 54 71 88 105 122 140 34 29 34 45 60 75 91 108 125 142 47 43 46 55 67 82 97 112 129 145 60 57 60 67 77 90 104 118 134 150 74 72 73 79 88 99 112 126 140 155 88 86 87 92 100 110 121 134 148 162 102 100 101 105 112 121 131 143 156 170
9 1 73 104 57 96 86 98 132 96 99 80 119 38 65 74 83 79 53 76 11 12 68 102 87 99 97 93 106 102 75 81 103 42 70 71 86 63 80 80 45 34 29 34 45 60 75 91 108 125 38 23 15 23 38 54 71 88 105 122 35 18 0 18 35 52 70 87 104 122 38 23 15 23 38 54 71 88 105 122 45 34 29 34 45 60 75 91 108 125 55 46 43 46 55 67 81 97 112 129 67 60 57 60 67 77 90 104 118 134 80 73 71 73 79 88 99 112 126 140 93 87 85 87 92 99 109 121 134 148 106 101 99 101 105 112 121 131 143 156
23 17 57 92 54 98 91 100 119 102 98 64 102 20 55 57 91 63 47 59 24 21 52 90 71 94 100 94 94 110 71 65 86 39 59 53 91 45 64 63 60 45 34 29 33 45 59 75 91 108 54 38 23 15 23 38 54 71 88 105 52 35 18 0 18 35 52 70 87 104 54 38 23 15 23 38 54 71 88 105 60 45 34 29 33 45 59 75 91 108 68 55 46 43 46 55 67 81 97 112 77 67 60 57 59 66 77 89 103 118 88 79 73 71 73 79 88 99 112 125 100 92 87 85 87 91 99 109 121 134 112 105 101 99 100 105 111 120 131 143
39 35 42 82 57 103 99 104 108 110 101 47 85 3 49 40 102 49 47 42 40 37 38 81 56 93 106 99 83 120 72 48 69 42 52 36 100 29 49 46 75 60 45 33 29 33 45 59 75 91 71 54 38 23 15 23 38 54 71 88 70 52 35 18 0 18 35 52 70 87 71 54 38 23 15 23 38 54 71 88 75 60 45 33 29 33 45 59 75 91 82 67 55 46 43 46 55 67 81 96 90 77 67 59 57 59 66 77 89 103 99 88 79 73 71 73 78 87 99 111 110 100 92 87 85 86 91 99 109 120 121 112 105 100 99 100 104 111 120 130
57 52 30 74 64 110 109 111 98 121 106 31 67 15 48 23 115 38 53 25 57 53 28 74 44 95 114 107 75 131 77 34 51 52 51 19 110 13 37 31 91 75 60 45 33 28 33 45 59 75 88 71 54 38 23 14 23 38 54 71 87 70 52 35 18 0 18 35 52 70 88 71 54 38 23 14 23 38 54 71 91 75 60 45 33 28 33 45 59 75 97 82 67 55 46 42 46 55 67 81 104 90 77 66 59 56 59 66 76 89 112 99 88 79 73 70 72 78 87 98 122 110 99 91 86 84 86 91 98 108 132 121 112 105 100 98 99 104 110 119
74 69 25 70 75 120 120 120 90 132 113 19 50 32 54 6 128 32 64 9 74 70 26 71 35 100 125 116 71 144 85 23 34 65 55 3 123 12 30 18 108 91 75 59 45 33 28 33 45 59 105 88 71 54 38 23 14 23 38 54 104 87 70 52 35 18 0 18 35 52 105 88 71 54 38 23 14 23 38 54 108 91 75 59 45 33 28 33 45 59 113 97 81 67 55 46 42 46 54 67 119 104 90 77 66 59 56 59 66 76 126 112 99 88 78 72 70 72 78 87 134 121 109 99 91 86 84 85 90 98 144 131 121 111 104 99 98 99 103 110
91 87 31 70 88 131 133 131 85 145 123 18 34 50 63 14 143 35 76 12 91 87 35 72 34 108 136 127 71 157 96 23 17 79 64 17 136 27 32 18 125 108 91 75 59 45 33 28 33 45 122 105 88 71 54 38 23 14 23 38 122 104 87 70 52 35 18 0 18 35 122 105 88 71 54 38 23 14 23 38 125 108 91 75 59 45 33 28 33 45 129 112 97 81 67 55 46 42 45 54 134 118 104 89 77 66 59 56 58 65 140 126 112 99 87 78 72 70 72 77 148 134 121 109 99 91 85 83 85 90 156 143 131 120 111 104 99 97 99 103
108 104 43 75 102 143 147 143 83 159 134 31 19 67 76 31 158 46 91 29 108 105 48 77 42 117 149 140 74 171 108 34 3 95 76 34 150 44 42 31 142 125 108 91 75 59 45 33 28 33 140 122 105 88 71 54 38 23 14 23 139 122 104 87 70 52 35 18 0 18 140 122 105 88 71 54 38 23 14 23 142 125 108 91 75 59 45 33 28 33 145 129 112 97 81 67 54 45 42 45 150 134 118 103 89 76 66 58 55 58 156 140 126 112 99 87 78 72 69 71 162 148 134 121 109 98 90 85 83 85 170 156 143 131 120 110 103 99 97 98
125 121 59 83 117 157 161 156 86 173 146 46 12 84 90 48 173 59 106 46 125 122 64 86 54 128 162 153 82 186 121 48 19 111 90 52 165 61 56 46 159 142 125 108 91 75 59 45 33 28 157 140 122 105 88 71 54 38 23 14 156 139 122 104 87 70 52 35 18 0 157 140 122 105 88 71 54 38 23 14 159 142 125 108 91 75 59 45 33 28 162 145 129 112 96 81 67 54 45 42 166 150 134 118 103 89 76 65 58 55 171 155 140 125 111 98 87 77 71 69 177 162 148 134 120 108 98 90 85 83 184 170 156 143 130 119 110 103 98 96
38 38 110 125 65 88 73 91 154 79 97 113 155 74 86 110 61 116 69 111 32 35 106 122 116 104 86 85 127 81 81 113 138 58 90 106 70 97 110 113 43 47 55 68 82 97 113 129 145 162 29 34 45 60 75 91 108 125 142 159 15 23 38 54 71 88 105 122 140 157 0 18 35 52 70 87 104 122 139 156 15 23 38 54 71 88 105 122 140 157 29 34 45 60 75 91 108 125 142 159 43 47 55 68 82 97 113 129 145 162 58 60 67 77 90 104 119 134 150 166 72 74 80 88 99 112 126 140 156 171 86 88 93 100 110 122 134 148 162 177
26 23 94 110 53 83 71 86 138 79 89 96 138 57 71 93 63 101 54 94 15 18 90 107 99 93 83 80 112 83 70 96 121 43 75 89 69 79 93 96 47 43 46 55 67 82 97 112 129 145 34 29 34 45 60 75 91 108 125 142 23 15 23 38 54 71 88 105 122 140 18 0 18 35 52 70 87 104 122 139 23 15 23 38 54 71 88 105 122 140 34 29 34 45 60 75 91 108 125 142 47 43 46 55 67 82 97 112 129 145 60 57 60 67 77 90 104 118 134 150 74 72 73 79 88 99 112 126 140 155 88 86 87 92 100 110 121 134 148 162
22 14 79 95 43 82 72 84 124 82 85 79 121 40 56 76 70 86 42 77 5 3 74 93 82 85 83 78 97 89 62 79 104 30 60 72 72 62 76 78 55 46 43 46 55 67 81 97 112 129 45 34 29 34 45 60 75 91 108 125 38 23 15 23 38 54 71 88 105 122 35 18 0 18 35 52 70 87 104 122 38 23 15 23 38 54 71 88 105 122 45 34 29 34 45 60 75 91 108 125 55 46 43 46 55 67 81 97 112 129 67 60 57 60 67 77 90 104 118 134 80 73 71 73 79 88 99 112 126 140 93 87 85 87 92 99 109 121 134 148
30 22 64 82 40 84 78 86 110 89 84 62 104 24 43 60 80 72 34 59 21 18 60 80 65 80 87 81 84 98 57 61 87 24 48 56 79 45 59 61 68 55 46 43 46 55 67 81 97 112 60 45 34 29 33 45 59 75 91 108 54 38 23 15 23 38 54 71 88 105 52 35 18 0 18 35 52 70 87 104 54 38 23 15 23 38 54 71 88 105 60 45 34 29 33 45 59 75 91 108 68 55 46 43 46 55 67 81 97 112 77 67 60 57 59 66 77 89 103 118 88 79 73 71 73 79 88 99 112 125 100 92 87 85 87 91 99 109 121 134
44 37 52 70 44 90 87 91 97 99 87 44 88 14 35 43 92 59 34 42 39 35 48 69 49 79 94 86 72 109 58 44 70 30 39 39 89 28 42 44 82 67 55 46 43 46 55 67 81 96 75 60 45 33 29 33 45 59 75 91 71 54 38 23 15 23 38 54 71 88 70 52 35 18 0 18 35 52 70 87 71 54 38 23 15 23 38 54 71 88 75 60 45 33 29 33 45 59 75 91 82 67 55 46 43 46 55 67 81 96 90 77 67 59 57 59 66 77 89 103 99 88 79 73 71 73 78 87 99 111 110 100 92 87 85 86 91 99 109 120
60 54 42 61 53 99 98 99 86 110 93 27 71 20 34 29 106 50 42 26 56 52 41 61 34 81 103 95 63 121 64 27 53 42 37 25 100 12 27 26 97 82 67 55 46 42 46 55 67 81 91 75 60 45 33 28 33 45 59 75 88 71 54 38 23 14 23 38 54 71 87 70 52 35 18 0 18 35 52 70 88 71 54 38 23 14 23 38 54 71 91 75 60 45 33 28 33 45 59 75 97 82 67 55 46 42 46 55 67 81 104 90 77 66 59 56 59 66 76 89 112 99 88 79 73 70 72 78 87 98 122 110 99 91 86 84 86 91 98 108
76 70 39 57 66 109 111 109 77 123 102 10 55 35 42 19 121 46 54 12 73 69 40 57 22 87 114 105 57 135 74 12 36 58 43 17 114 10 16 9 113 97 81 67 55 46 42 46 54 67 108 91 75 59 45 33 28 33 45 59 105 88 71 54 38 23 14 23 38 54 104 87 70 52 35 18 0 18 35 52 105 88 71 54 38 23 14 23 38 54 108 91 75 59 45 33 28 33 45 59 113 97 81 67 55 46 42 46 54 67 119 104 90 77 66 59 56 59 66 76 126 112 99 88 78 72 70 72 78 87 134 121 109 99 91 86 84 85 90 98
93 88 43 57 80 121 125 121 71 137 112 9 41 51 54 22 136 48 69 15 90 87 46 59 21 96 127 118 57 149 86 12 20 74 54 24 128 26 20 9 129 112 97 81 67 55 46 42 45 54 125 108 91 75 59 45 33 28 33 45 122 105 88 71 54 38 23 14 23 38 122 104 87 70 52 35 18 0 18 35 122 105 88 71 54 38 23 14 23 38 125 108 91 75 59 45 33 28 33 45 129 112 97 81 67 55 46 42 45 54 134 118 104 89 77 66 59 56 58 65 140 126 112 99 87 78 72 70 72 77 148 134 121 109 99 91 85 83 85 90
110 105 52 62 96 135 140 134 70 151 124 26 29 68 68 35 152 56 85 30 108 104 57 65 32 107 140 131 62 164 99 27 12 90 68 38 143 43 34 27 145 129 112 97 81 67 54 45 42 45 142 125 108 91 75 59 45 33 28 33 140 122 105 88 71 54 38 23 14 23 139 122 104 87 70 52 35 18 0 18 140 122 105 88 71 54 38 23 14 23 142 125 108 91 75 59 45 33 28 33 145 129 112 97 81 67 54 45 42 45 150 134 118 103 89 76 66 58 55 58 156 140 126 112 99 87 78 72 69 71 162 148 134 121 109 98 90 85 83 85
127 122 65 71 112 149 155 148 72 166 138 43 26 85 84 51 168 68 101 47 125 121 70 75 47 119 155 145 70 179 114 44 22 107 83 54 158 60 50 44 162 145 129 112 96 81 67 54 45 42 159 142 125 108 91 75 59 45 33 28 157 140 122 105 88 71 54 38 23 14 156 139 122 104 87 70 52 35 18 0 157 140 122 105 88 71 54 38 23 14 159 142 125 108 91 75 59 45 33 28 162 145 129 112 96 81 67 54 45 42 166 150 134 118 103 89 76 65 58 55 171 155 140 125 111 98 87 77 71 69 177 162 148 134 120 108 98 90 85 83
48 45 116 120 58 74 59 78 148 65 84 114 158 77 82 113 46 123 64 113 37 39 112 116 114 93 73 73 121 66 72 113 140 53 85 109 56 99 109 114 58 60 67 77 90 104 119 134 150 166 43 47 55 68 82 97 113 129 145 162 29 34 45 60 75 91 108 125 142 159 15 23 38 54 71 88 105 122 140 157 0 18 35 52 70 87 104 122 139 156 15 23 38 54 71 88 105 122 140 157 29 34 45 60 75 91 108 125 142 159 43 47 55 68 82 97 113 129 145 162 58 60 67 77 90 104 119 134 150 166 72 74 80 88 99 112 126 140 156 171
39 33 101 103 43 69 56 72 132 65 76 97 141 61 65 97 50 108 47 96 23 25 97 100 97 82 69 66 105 70 59 96 123 37 69 93 55 82 91 96 60 57 60 67 77 90 104 118 134 150 47 43 46 55 67 82 97 112 129 145 34 29 34 45 60 75 91 108 125 142 23 15 23 38 54 71 88 105 122 140 18 0 18 35 52 70 87 104 122 139 23 15 23 38 54 71 88 105 122 140 34 29 34 45 60 75 91 108 125 142 47 43 46 55 67 82 97 112 129 145 60 57 60 67 77 90 104 118 134 150 74 72 73 79 88 99 112 126 140 155
36 28 87 88 31 68 59 70 116 69 71 80 125 47 49 81 58 94 32 80 19 17 83 85 80 73 69 64 90 77 49 79 106 21 53 77 59 65 74 79 67 60 57 60 67 77 90 104 118 134 55 46 43 46 55 67 81 97 112 129 45 34 29 34 45 60 75 91 108 125 38 23 15 23 38 54 71 88 105 122 35 18 0 18 35 52 70 87 104 122 38 23 15 23 38 54 71 88 105 122 45 34 29 34 45 60 75 91 108 125 55 46 43 46 55 67 81 97 112 129 67 60 57 60 67 77 90 104 118 134 80 73 71 73 79 88 99 112 126 140
42 33 74 73 26 71 66 72 102 77 70 63 108 34 34 65 70 81 20 63 28 24 70 70 63 67 74 67 75 87 43 61 90 10 38 61 67 49 57 62 77 67 60 57 59 66 77 89 103 118 68 55 46 43 46 55 67 81 97 112 60 45 34 29 33 45 59 75 91 108 54 38 23 15 23 38 54 71 88 105 52 35 18 0 18 35 52 70 87 104 54 38 23 15 23 38 54 71 88 105 60 45 34 29 33 45 59 75 91 108 68 55 46 43 46 55 67 81 97 112 77 67 60 57 59 66 77 89 103 118 88 79 73 71 73 79 88 99 112 125
53 44 63 60 31 78 76 79 88 88 74 46 93 28 22 51 84 71 20 47 42 39 60 58 45 65 82 74 61 99 45 44 73 20 26 47 78 34 39 46 90 77 67 59 57 59 66 77 89 103 82 67 55 46 43 46 55 67 81 96 75 60 45 33 29 33 45 59 75 91 71 54 38 23 15 23 38 54 71 88 70 52 35 18 0 18 35 52 70 87 71 54 38 23 15 23 38 54 71 88 75 60 45 33 29 33 45 59 75 91 82 67 55 46 43 46 55 67 81 96 90 77 67 59 57 59 66 77 89 103 99 88 79 73 71 73 78 87 99 111
66 59 55 49 44 87 89 88 75 101 81 29 77 31 21 39 99 63 32 33 58 55 54 48 28 68 92 84 50 113 52 27 57 36 23 36 92 22 22 29 104 90 77 66 59 56 59 66 76 89 97 82 67 55 46 42 46 55 67 81 91 75 60 45 33 28 33 45 59 75 88 71 54 38 23 14 23 38 54 71 87 70 52 35 18 0 18 35 52 70 88 71 54 38 23 14 23 38 54 71 91 75 60 45 33 28 33 45 59 75 97 82 67 55 46 42 46 55 67 81 104 90 77 66 59 56 59 66 76 89 112 99 88 79 73 70 72 78 87 98
81 74 53 43 59 99 103 99 65 115 90 15 63 42 32 32 115 60 47 24 75 71 53 43 12 75 105 96 44 127 64 12 42 53 32 31 106 21 5 16 119 104 90 77 66 59 56 59 66 76 113 97 81 67 55 46 42 46 54 67 108 91 75 59 45 33 28 33 45 59 105 88 71 54 38 23 14 23 38 54 104 87 70 52 35 18 0 18 35 52 105 88 71 54 38 23 14 23 38 54 108 91 75 59 45 33 28 33 45 59 113 97 81 67 55 46 42 46 54 67 119 104 90 77 66 59 56 59 66 76 126 112 99 88 78 72 70 72 78 87
97 91 56 43 75 113 118 112 58 129 102 15 50 57 47 35 131 62 64 26 92 88 58 45 10 85 118 109 43 142 77 12 30 70 46 35 121 32 13 16 134 118 104 89 77 66 59 56 58 65 129 112 97 81 67 55 46 42 45 54 125 108 91 75 59 45 33 28 33 45 122 105 88 71 54 38 23 14 23 38 122 104 87 70 52 35 18 0 18 35 122 105 88 71 54 38 23 14 23 38 125 108 91 75 59 45 33 28 33 45 129 112 97 81 67 55 46 42 45 54 134 118 104 89 77 66 59 56 58 65 140 126 112 99 87 78 72 70 72 77
114 107 63 50 91 127 133 126 56 145 115 29 42 72 63 44 147 68 80 37 109 105 67 54 26 97 133 123 49 158 92 27 25 88 61 46 137 47 31 29 150 134 118 103 89 76 66 58 55 58 145 129 112 97 81 67 54 45 42 45 142 125 108 91 75 59 45 33 28 33 140 122 105 88 71 54 38 23 14 23 139 122 104 87 70 52 35 18 0 18 140 122 105 88 71 54 38 23 14 23 142 125 108 91 75 59 45 33 28 33 145 129 112 97 81 67 54 45 42 45 150 134 118 103 89 76 66 58 55 58 156 140 126 112 99 87 78 72 69 71
130 124 74 61 108 142 149 141 59 160 130 45 39 88 80 57 163 78 97 51 126 122 79 65 43 110 148 139 60 174 108 44 31 105 78 60 153 63 48 46 166 150 134 118 103 89 76 65 58 55 162 145 129 112 96 81 67 54 45 42 159 142 125 108 91 75 59 45 33 28 157 140 122 105 88 71 54 38 23 14 156 139 122 104 87 70 52 35 18 0 157 140 122 105 88 71 54 38 23 14 159 142 125 108 91 75 59 45 33 28 162 145 129 112 96 81 67 54 45 42 166 150 134 118 103 89 76 65 58 55 171 155 140 125 111 98 87 77 71 69
59 55 123 115 53 62 46 66 143 51 73 116 162 83 80 118 32 130 61 117 45 47 119 111 115 84 59 60 117 52 64 115 143 53 83 114 42 102 109 116 72 74 80 88 99 112 126 140 156 171 58 60 67 77 90 104 119 134 150 166 43 47 55 68 82 97 113 129 145 162 29 34 45 60 75 91 108 125 142 159 15 23 38 54 71 88 105 122 140 157 0 18 35 52 70 87 104 122 139 156 15 23 38 54 71 88 105 122 140 157 29 34 45 60 75 91 108 125 142 159 43 47 55 68 82 97 113 129 145 162 58 60 67 77 90 104 119 134 150 166
52 46 109 99 36 55 42 58 127 51 63 100 146 69 62 103 37 116 44 101 36 36 105 95 97 71 55 53 100 56 49 98 127 35 66 98 40 86 92 99 74 72 73 79 88 99 112 126 140 155 60 57 60 67 77 90 104 118 134 150 47 43 46 55 67 82 97 112 129 145 34 29 34 45 60 75 91 108 125 142 23 15 23 38 54 71 88 105 122 140 18 0 18 35 52 70 87 104 122 139 23 15 23 38 54 71 88 105 122 140 34 29 34 45 60 75 91 108 125 142 47 43 46 55 67 82 97 112 129 145 60 57 60 67 77 90 104 118 134 150
50 42 96 82 21 53 45 56 110 56 57 83 130 56 45 87 48 103 27 85 33 31 92 78 80 60 55 50 84 65 37 81 110 18 48 83 46 71 75 83 80 73 71 73 79 88 99 112 126 140 67 60 57 60 67 77 90 104 118 134 55 46 43 46 55 67 81 97 112 129 45 34 29 34 45 60 75 91 108 125 38 23 15 23 38 54 71 88 105 122 35 18 0 18 35 52 70 87 104 122 38 23 15 23 38 54 71 88 105 122 45 34 29 34 45 60 75 91 108 125 55 46 43 46 55 67 81 97 112 129 67 60 57 60 67 77 90 104 118 134
54 45 84 66 12 57 54 59 95 66 56 67 114 46 28 73 62 92 10 70 39 36 81 63 63 53 61 54 68 77 30 65 94 5 32 69 56 56 58 67 88 79 73 71 73 79 88 99 112 125 77 67 60 57 59 66 77 89 103 118 68 55 46 43 46 55 67 81 97 112 60 45 34 29 33 45 59 75 91 108 54 38 23 15 23 38 54 71 88 105 52 35 18 0 18 35 52 70 87 104 54 38 23 15 23 38 54 71 88 105 60 45 34 29 33 45 59 75 91 108 68 55 46 43 46 55 67 81 97 112 77 67 60 57 59 66 77 89 103 118
63 54 75 51 22 66 67 66 79 79 60 51 99 42 12 61 77 83 10 56 50 47 73 48 46 51 70 62 53 90 32 49 79 18 16 57 69 43 42 51 99 88 79 73 71 73 78 87 99 111 90 77 67 59 57 59 66 77 89 103 82 67 55 46 43 46 55 67 81 96 75 60 45 33 29 33 45 59 75 91 71 54 38 23 15 23 38 54 71 88 70 52 35 18 0 18 35 52 70 87 71 54 38 23 15 23 38 54 71 88 75 60 45 33 29 33 45 59 75 91 82 67 55 46 43 46 55 67 81 96 90 77 67 59 57 59 66 77 89 103
75 66 69 38 37 77 81 77 65 93 69 37 85 44 10 51 93 77 27 44 64 60 68 36 29 55 82 73 39 105 42 34 64 35 10 48 84 35 26 38 112 99 88 79 73 70 72 78 87 98 104 90 77 66 59 56 59 66 76 89 97 82 67 55 46 42 46 55 67 81 91 75 60 45 33 28 33 45 59 75 88 71 54 38 23 14 23 38 54 71 87 70 52 35 18 0 18 35 52 70 88 71 54 38 23 14 23 38 54 71 91 75 60 45 33 28 33 45 59 75 97 82 67 55 46 42 46 55 67 81 104 90 77 66 59 56 59 66 76 89
88 81 66 29 54 90 96 90 53 108 80 28 72 52 26 46 110 74 44 38 80 76 67 29 14 63 96 87 30 121 55 23 52 53 24 44 100 35 14 28 126 112 99 88 78 72 70 72 78 87 119 104 90 77 66 59 56 59 66 76 113 97 81 67 55 46 42 46 54 67 108 91 75 59 45 33 28 33 45 59 105 88 71 54 38 23 14 23 38 54 104 87 70 52 35 18 0 18 35 52 105 88 71 54 38 23 14 23 38 54 108 91 75 59 45 33 28 33 45 59 113 97 81 67 55 46 42 46 54 67 119 104 90 77 66 59 56 59 66 76
103 96 69 30 71 105 112 104 45 123 93 27 62 64 43 48 126 75 61 39 96 92 71 33 12 75 111 102 30 136 71 23 42 70 41 47 116 42 19 28 140 126 112 99 87 78 72 70 72 77 134 118 104 89 77 66 59 56 58 65 129 112 97 81 67 55 46 42 45 54 125 108 91 75 59 45 33 28 33 45 122 105 88 71 54 38 23 14 23 38 122 104 87 70 52 35 18 0 18 35 122 105 88 71 54 38 23 14 23 38 125 108 91 75 59 45 33 28 33 45 129 112 97 81 67 55 46 42 45 54 134 118 104 89 77 66 59 56 58 65
119 112 75 39 88 120 128 119 42 139 108 37 55 78 60 55 143 80 79 47 112 108 78 43 26 88 126 117 38 152 87 34 39 87 58 56 132 54 33 38 156 140 126 112 99 87 78 72 69 71 150 134 118 103 89 76 66 58 55 58 145 129 112 97 81 67 54 45 42 45 142 125 108 91 75 59 45 33 28 33 140 122 105 88 71 54 38 23 14 23 139 122 104 87 70 52 35 18 0 18 140 122 105 88 71 54 38 23 14 23 142 125 108 91 75 59 45 33 28 33 145 129 112 97 81 67 54 45 42 45 150 134 118 103 89 76 66 58 55 58
135 128 85 53 105 136 144 134 47 156 123 50 53 94 77 66 160 88 96 59 129 125 88 57 43 103 142 133 51 169 103 48 43 104 75 68 149 69 50 51 171 155 140 125 111 98 87 77 71 69 166 150 134 118 103 89 76 65 58 55 162 145 129 112 96 81 67 54 45 42 159 142 125 108 91 75 59 45 33 28 157 140 122 105 88 71 54 38 23 14 156 139 122 104 87 70 52 35 18 0 157 140 122 105 88 71 54 38 23 14 159 142 125 108 91 75 59 45 33 28 162 145 129 112 96 81 67 54 45 42 166 150 134 118 103 89 76 65 58 55
72 67 131 113 52 50 33 54 139 37 63 120 167 91 80 124 18 139 62 122 57 58 127 108 117 76 47 49 115 38 59 118 148 56 83 120 29 108 112 120 86 88 93 100 110 122 134 148 162 177 72 74 80 88 99 112 126 140 156 171 58 60 67 77 90 104 119 134 150 166 43 47 55 68 82 97 113 129 145 162 29 34 45 60 75 91 108 125 142 159 15 23 38 54 71 88 105 122 140 157 0 18 35 52 70 87 104 122 139 156 15 23 38 54 71 88 105 122 140 157 29 34 45 60 75 91 108 125 142 159 43 47 55 68 82 97 113 129 145 162
66 59 118 96 35 42 28 45 123 37 51 104 152 78 63 110 26 126 45 107 49 49 115 91 100 62 41 39 97 44 43 102 132 40 65 106 26 93 95 104 88 86 87 92 100 110 121 134 148 162 74 72 73 79 88 99 112 126 140 155 60 57 60 67 77 90 104 118 134 150 47 43 46 55 67 82 97 112 129 145 34 29 34 45 60 75 91 108 125 142 23 15 23 38 54 71 88 105 122 140 18 0 18 35 52 70 87 104 122 139 23 15 23 38 54 71 88 105 122 140 34 29 34 45 60 75 91 108 125 142 47 43 46 55 67 82 97 112 129 145
64 56 106 78 17 39 33 42 106 44 44 88 136 67 46 96 40 114 28 92 47 45 103 74 83 49 41 36 80 55 27 86 116 26 48 92 34 78 79 88 93 87 85 87 92 99 109 121 134 148 80 73 71 73 79 88 99 112 126 140 67 60 57 60 67 77 90 104 118 134 55 46 43 46 55 67 81 97 112 129 45 34 29 34 45 60 75 91 108 125 38 23 15 23 38 54 71 88 105 122 35 18 0 18 35 52 70 87 104 122 38 23 15 23 38 54 71 88 105 122 45 34 29 34 45 60 75 91 108 125 55 46 43 46 55 67 81 97 112 129
68 59 96 61 3 45 44 46 89 56 42 73 121 59 29 83 56 104 14 78 51 48 93 57 66 40 49 41 63 68 16 70 101 19 31 79 47 65 63 73 100 92 87 85 87 91 99 109 121 134 88 79 73 71 73 79 88 99 112 125 77 67 60 57 59 66 77 89 103 118 68 55 46 43 46 55 67 81 97 112 60 45 34 29 33 45 59 75 91 108 54 38 23 15 23 38 54 71 88 105 52 35 18 0 18 35 52 70 87 104 54 38 23 15 23 38 54 71 88 105 60 45 34 29 33 45 59 75 91 108 68 55 46 43 46 55 67 81 97 112
75 66 88 45 19 55 59 55 73 71 48 60 107 56 14 72 73 96 14 66 60 57 86 41 50 37 60 51 47 83 19 56 87 26 14 68 62 55 48 60 110 100 92 87 85 86 91 99 109 120 99 88 79 73 71 73 78 87 99 111 90 77 67 59 57 59 66 77 89 103 82 67 55 46 43 46 55 67 81 96 75 60 45 33 29 33 45 59 75 91 71 54 38 23 15 23 38 54 71 88 70 52 35 18 0 18 35 52 70 87 71 54 38 23 15 23 38 54 71 88 75 60 45 33 29 33 45 59 75 91 82 67 55 46 43 46 55 67 81 96
85 76 82 29 36 68 74 68 57 86 58 48 94 57 12 64 90 90 28 56 72 69 82 26 36 42 74 65 31 99 33 44 74 40 8 61 78 49 35 49 122 110 99 91 86 84 86 91 98 108 112 99 88 79 73 70 72 78 87 98 104 90 77 66 59 56 59 66 76 89 97 82 67 55 46 42 46 55 67 81 91 75 60 45 33 28 33 45 59 75 88 71 54 38 23 14 23 38 54 71 87 70 52 35 18 0 18 35 52 70 88 71 54 38 23 14 23 38 54 71 91 75 60 45 33 28 33 45 59 75 97 82 67 55 46 42 46 55 67 81
97 89 80 16 53 83 91 82 43 102 71 41 83 64 27 60 107 88 45 51 86 83 81 16 25 53 89 80 18 115 50 36 63 55 23 58 95 48 28 42 134 121 109 99 91 86 84 85 90 98 126 112 99 88 78 72 70 72 78 87 119 104 90 77 66 59 56 59 66 76 113 97 81 67 55 46 42 46 54 67 108 91 75 59 45 33 28 33 45 59 105 88 71 54 38 23 14 23 38 54 104 87 70 52 35 18 0 18 35 52 105 88 71 54 38 23 14 23 38 54 108 91 75 59 45 33 28 33 45 59 113 97 81 67 55 46 42 46 54 67
111 103 82 18 70 99 107 97 32 118 86 41 74 74 44 61 124 89 62 52 101 97 84 21 24 66 105 96 17 132 66 36 55 72 40 60 112 54 30 42 148 134 121 109 99 91 85 83 85 90 140 126 112 99 87 78 72 70 72 77 134 118 104 89 77 66 59 56 58 65 129 112 97 81 67 55 46 42 45 54 125 108 91 75 59 45 33 28 33 45 122 105 88 71 54 38 23 14 23 38 122 104 87 70 52 35 18 0 18 35 122 105 88 71 54 38 23 14 23 38 125 108 91 75 59 45 33 28 33 45 129 112 97 81 67 55 46 42 45 54
125 118 88 31 88 115 124 113 29 135 101 47 68 86 61 67 141 93 79 58 117 113 90 36 34 81 121 112 30 148 83 44 53 89 57 67 129 64 41 48 162 148 134 121 109 98 90 85 83 85 156 140 126 112 99 87 78 72 69 71 150 134 118 103 89 76 66 58 55 58 145 129 112 97 81 67 54 45 42 45 142 125 108 91 75 59 45 33 28 33 140 122 105 88 71 54 38 23 14 23 139 122 104 87 70 52 35 18 0 18 140 122 105 88 71 54 38 23 14 23 142 125 108 91 75 59 45 33 28 33 145 129 112 97 81 67 54 45 42 45
140 133 96 47 105 131 141 129 35 152 117 59 67 100 78 76 158 100 96 68 133 129 99 52 48 97 138 128 45 165 100 56 56 106 75 77 146 76 55 59 177 162 148 134 120 108 98 90 85 83 171 155 140 125 111 98 87 77 71 69 166 150 134 118 103 89 76 65 58 55 162 145 129 112 96 81 67 54 45 42 159 142 125 108 91 75 59 45 33 28 157 140 122 105 88 71 54 38 23 14 156 139 122 104 87 70 52 35 18 0 157 140 122 105 88 71 54 38 23 14 159 142 125 108 91 75 59 45 33 28 162 145 129 112 96 81 67 54 45 42
85 79 141 112 55 40 23 44 137 23 54 126 173 101 83 132 4 148 66 129 69 69 137 107 120 70 36 40 114 24 57 123 153 62 85 128 18 115 116 126 100 102 106 112 121 132 144 156 170 184 86 88 93 100 110 122 134 148 162 177 72 74 80 88 99 112 126 140 156 171 58 60 67 77 90 104 119 134 150 166 43 47 55 68 82 97 113 129 145 162 29 34 45 60 75 91 108 125 142 159 15 23 38 54 71 88 105 122 140 157 0 18 35 52 70 87 104 122 139 156 15 23 38 54 71 88 105 122 140 157 29 34 45 60 75 91 108 125 142 159
80 73 128 94 39 29 14 32 120 23 40 110 158 89 66 118 19 136 50 114 63 62 125 90 104 54 27 27 96 32 40 108 138 48 68 114 13 101 100 110 102 100 101 105 112 121 131 143 156 170 88 86 87 92 100 110 121 134 148 162 74 72 73 79 88 99 112 126 140 155 60 57 60 67 77 90 104 118 134 150 47 43 46 55 67 82 97 112 129 145 34 29 34 45 60 75 91 108 125 142 23 15 23 38 54 71 88 105 122 140 18 0 18 35 52 70 87 104 122 139 23 15 23 38 54 71 88 105 122 140 34 29 34 45 60 75 91 108 125 142
79 70 117 77 24 25 22 28 103 34 30 96 144 79 50 105 36 125 36 100 61 60 114 73 88 39 28 22 79 46 23 92 123 37 52 101 25 88 85 96 106 101 99 101 105 112 121 131 143 156 93 87 85 87 92 99 109 121 134 148 80 73 71 73 79 88 99 112 126 140 67 60 57 60 67 77 90 104 118 134 55 46 43 46 55 67 81 97 112 129 45 34 29 34 45 60 75 91 108 125 38 23 15 23 38 54 71 88 105 122 35 18 0 18 35 52 70 87 104 122 38 23 15 23 38 54 71 88 105 122 45 34 29 34 45 60 75 91 108 125
81 72 108 60 17 33 37 33 86 49 28 82 130 72 36 93 53 116 26 88 64 62 106 55 72 27 38 29 62 62 6 78 109 33 36 90 41 76 70 82 112 105 101 99 100 105 111 120 131 143 100 92 87 85 87 91 99 109 121 134 88 79 73 71 73 79 88 99 112 125 77 67 60 57 59 66 77 89 103 118 68 55 46 43 46 55 67 81 97 112 60 45 34 29 33 45 59 75 91 108 54 38 23 15 23 38 54 71 88 105 52 35 18 0 18 35 52 70 87 104 54 38 23 15 23 38 54 71 88 105 60 45 34 29 33 45 59 75 91 108
87 78 101 43 25 46 54 45 69 65 36 70 116 69 25 84 71 108 26 77 72 69 99 38 58 23 52 43 44 78 13 66 96 37 24 81 58 68 57 70 121 112 105 100 99 100 104 111 120 130 110 100 92 87 85 86 91 99 109 120 99 88 79 73 71 73 78 87 99 111 90 77 67 59 57 59 66 77 89 103 82 67 55 46 43 46 55 67 81 96 75 60 45 33 29 33 45 59 75 91 71 54 38 23 15 23 38 54 71 88 70 52 35 18 0 18 35 52 70 87 71 54 38 23 15 23 38 54 71 88 75 60 45 33 29 33 45 59 75 91
96 87 96 25 40 61 71 60 52 81 49 60 105 71 25 77 88 104 36 69 82 79 95 21 46 31 68 58 27 95 30 56 84 48 21 75 75 63 47 61 132 121 112 105 100 98 99 104 110 119 122 110 99 91 86 84 86 91 98 108 112 99 88 79 73 70 72 78 87 98 104 90 77 66 59 56 59 66 76 89 97 82 67 55 46 42 46 55 67 81 91 75 60 45 33 28 33 45 59 75 88 71 54 38 23 14 23 38 54 71 87 70 52 35 18 0 18 35 52 70 88 71 54 38 23 14 23 38 54 71 91 75 60 45 33 28 33 45 59 75
107 98 94 8 56 78 88 76 36 98 64 55 94 76 34 74 105 102 50 65 94 91 95 4 38 44 84 75 10 112 47 50 75 61 30 72 92 62 41 55 144 131 121 111 104 99 98 99 103 110 134 121 109 99 91 86 84 85 90 98 126 112 99 88 78 72 70 72 78 87 119 104 90 77 66 59 56 59 66 76 113 97 81 67 55 46 42 46 54 67 108 91 75 59 45 33 28 33 45 59 105 88 71 54 38 23 14 23 38 54 104 87 70 52 35 18 0 18 35 52 105 88 71 54 38 23 14 23 38 54 108 91 75 59 45 33 28 33 45 59
119 111 96 10 72 94 105 92 21 115 80 54 87 85 48 75 123 102 66 66 108 105 97 15 37 60 101 91 8 129 65 50 69 77 44 74 109 66 43 55 156 143 131 120 111 104 99 97 99 103 148 134 121 109 99 91 85 83 85 90 140 126 112 99 87 78 72 70 72 77 134 118 104 89 77 66 59 56 58 65 129 112 97 81 67 55 46 42 45 54 125 108 91 75 59 45 33 28 33 45 122 105 88 71 54 38 23 14 23 38 122 104 87 70 52 35 18 0 18 35 122 105 88 71 54 38 23 14 23 38 125 108 91 75 59 45 33 28 33 45
133 125 100 28 89 111 122 109 15 132 96 59 82 96 64 79 140 106 82 71 123 119 103 32 44 76 117 108 26 146 82 55 67 93 60 79 127 75 51 60 170 156 143 131 120 110 103 99 97 98 162 148 134 121 109 98 90 85 83 85 156 140 126 112 99 87 78 72 69 71 150 134 118 103 89 76 66 58 55 58 145 129 112 97 81 67 54 45 42 45 142 125 108 91 75 59 45 33 28 33 140 122 105 88 71 54 38 23 14 23 139 122 104 87 70 52 35 18 0 18 140 122 105 88 71 54 38 23 14 23 142 125 108 91 75 59 45 33 28 33
147 139 107 45 106 128 139 126 25 149 113 69 80 109 81 87 157 112 99 79 138 135 111 49 56 93 134 125 43 163 99 65 69 109 77 88 144 86 63 70 184 170 156 143 130 119 110 103 98 96 177 162 148 134 120 108 98 90 85 83 171 155 140 125 111 98 87 77 71 69 166 150 134 118 103 89 76 65 58 55 162 145 129 112 96 81 67 54 45 42 159 142 125 108 91 75 59 45 33 28 157 140 122 105 88 71 54 38 23 14 156 139 122 104 87 70 52 35 18 0 157 140 122 105 88 71 54 38 23 14 159 142 125 108 91 75 59 45 33 28
98 92 151 113 61 33 18 37 136 11 49 132 180 111 88 140 12 158 72 136 82 82 147 108 125 67 27 34 114 10 59 130 160 70 89 136 14 123 122 132 115 116 119 125 133 143 154 166 179 192 100 102 106 112 121 132 144 156 170 184 86 88 93 100 110 122 134 148 162 177 72 74 80 88 99 112 126 140 156 171 58 60 67 77 90 104 119 134 150 166 43 47 55 68 82 97 113 129 145 162 29 34 45 60 75 91 108 125 142 159 15 23 38 54 71 88 105 122 140 157 0 18 35 52 70 87 104 122 139 156 15 23 38 54 71 88 105 122 140 157
94 87 139 95 47 17 2 21 119 12 32 118 166 100 72 127 22 147 58 123 77 76 136 91 110 50 14 18 97 24 42 115 145 59 73 123 6 110 107 118 116 114 115 119 125 133 142 153 165 178 102 100 101 105 112 121 131 143 156 170 88 86 87 92 100 110 121 134 148 162 74 72 73 79 88 99 112 126 140 155 60 57 60 67 77 90 104 118 134 150 47 43 46 55 67 82 97 112 129 145 34 29 34 45 60 75 91 108 125 142 23 15 23 38 54 71 88 105 122 140 18 0 18 35 52 70 87 104 122 139 23 15 23 38 54 71 88 105 122 140
93 84 129 78 36 12 17 14 102 27 18 104 152 92 58 115 38 137 47 110 75 74 126 74 94 33 16 8 80 41 27 101 131 50 59 112 22 98 92 104 119 115 114 115 118 124 132 142 153 165 106 101 99 101 105 112 121 131 143 156 93 87 85 87 92 99 109 121 134 148 80 73 71 73 79 88 99 112 126 140 67 60 57 60 67 77 90 104 118 134 55 46 43 46 55 67 81 97 112 129 45 34 29 34 45 60 75 91 108 125 38 23 15 23 38 54 71 88 105 122 35 18 0 18 35 52 70 87 104 122 38 23 15 23 38 54 71 88 105 122
95 86 120 61 32 24 35 23 85 44 15 92 139 86 46 105 55 128 40 99 78 76 118 57 80 17 30 21 63 58 15 88 118 47 46 101 40 88 79 92 125 119 115 113 114 118 124 132 141 152 112 105 101 99 100 105 111 120 131 143 100 92 87 85 87 91 99 109 121 134 88 79 73 71 73 79 88 99 112 125 77 67 60 57 59 66 77 89 103 118 68 55 46 43 46 55 67 81 97 112 60 45 34 29 33 45 59 75 91 108 54 38 23 15 23 38 54 71 88 105 52 35 18 0 18 35 52 70 87 104 54 38 23 15 23 38 54 71 88 105
100 91 114 45 36 40 52 38 67 62 27 81 127 83 39 96 72 122 40 89 84 81 113 40 68 9 47 38 46 75 19 77 106 50 36 93 57 81 68 81 133 125 118 114 113 114 117 123 131 141 121 112 105 100 99 100 104 111 120 130 110 100 92 87 85 86 91 99 109 120 99 88 79 73 71 73 78 87 99 111 90 77 67 59 57 59 66 77 89 103 82 67 55 46 43 46 55 67 81 96 75 60 45 33 29 33 45 59 75 91 71 54 38 23 15 23 38 54 71 88 70 52 35 18 0 18 35 52 70 87 71 54 38 23 15 23 38 54 71 88
108 98 110 29 47 57 69 55 50 79 43 73 116 85 38 91 89 117 47 83 93 90 109 24 58 22 64 55 30 92 33 68 96 58 34 88 74 76 59 73 143 133 124 118 114 112 113 117 123 131 132 121 112 105 100 98 99 104 110 119 122 110 99 91 86 84 86 91 98 108 112 99 88 79 73 70 72 78 87 98 104 90 77 66 59 56 59 66 76 89 97 82 67 55 46 42 46 55 67 81 91 75 60 45 33 28 33 45 59 75 88 71 54 38 23 14 23 38 54 71 87 70 52 35 18 0 18 35 52 70 88 71 54 38 23 14 23 38 54 71
117 108 108 16 61 74 87 72 33 96 59 68 106 89 45 88 106 115 58 79 104 101 109 14 52 39 81 72 17 110 49 64 87 70 40 86 92 76 55 69 154 142 132 124 117 113 112 113 116 122 144 131 121 111 104 99 98 99 103 110 134 121 109 99 91 86 84 85 90 98 126 112 99 88 78 72 70 72 78 87 119 104 90 77 66 59 56 59 66 76 113 97 81 67 55 46 42 46 54 67 108 91 75 59 45 33 28 33 45 59 105 88 71 54 38 23 14 23 38 54 104 87 70 52 35 18 0 18 35 52 105 88 71 54 38 23 14 23 38 54
129 120 109 17 77 92 104 89 15 113 76 68 100 96 56 88 123 116 72 79 117 113 111 20 51 56 98 89 16 127 66 63 82 84 52 87 109 79 56 69 166 153 142 132 123 117 113 111 112 116 156 143 131 120 111 104 99 97 99 103 148 134 121 109 99 91 85 83 85 90 140 126 112 99 87 78 72 70 72 77 134 118 104 89 77 66 59 56 58 65 129 112 97 81 67 55 46 42 45 54 125 108 91 75 59 45 33 28 33 45 122 105 88 71 54 38 23 14 23 38 122 104 87 70 52 35 18 0 18 35 122 105 88 71 54 38 23 14 23 38
141 133 113 31 93 109 121 106 3 131 94 72 95 106 70 92 140 119 87 83 130 127 116 35 56 73 115 106 29 144 83 68 80 98 66 92 126 86 63 73 179 165 153 141 131 123 116 112 110 112 170 156 143 131 120 110 103 99 97 98 162 148 134 121 109 98 90 85 83 85 156 140 126 112 99 87 78 72 69 71 150 134 118 103 89 76 66 58 55 58 145 129 112 97 81 67 54 45 42 45 142 125 108 91 75 59 45 33 28 33 140 122 105 88 71 54 38 23 14 23 139 122 104 87 70 52 35 18 0 18 140 122 105 88 71 54 38 23 14 23
155 147 120 47 109 126 139 123 20 148 111 80 94 118 85 99 158 125 103 91 145 141 123 51 65 90 132 124 45 161 100 76 82 114 81 100 143 96 72 81 192 178 165 152 141 131 122 116 112 110 184 170 156 143 130 119 110 103 98 96 177 162 148 134 120 108 98 90 85 83 171 155 140 125 111 98 87 77 71 69 166 150 134 118 103 89 76 65 58 55 162 145 129 112 96 81 67 54 45 42 159 142 125 108 91 75 59 45 33 28 157 140 122 105 88 71 54 38 23 14 156 139 122 104 87 70 52 35 18 0 157 140 122 105 88 71 54 38 23 14
112 105 161 115 69 31 24 34 137 12 47 140 188 122 95 150 26 169 81 145 95 95 158 111 131 67 25 34 117 8 64 137 168 81 95 146 22 132 129 140 129 130 133 138 145 154 164 176 188 201 115 116 119 125 133 143 154 166 179 192 100 102 106 112 121 132 144 156 170 184 86 88 93 100 110 122 134 148 162 177 72 74 80 88 99 112 126 140 156 171 58 60 67 77 90 104 119 134 150 166 43 47 55 68 82 97 113 129 145 162 29 34 45 60 75 91 108 125 142 159 15 23 38 54 71 88 105 122 140 157 0 18 35 52 70 87 104 122 139 156
108 100 150 99 57 14 16 17 120 12 30 126 174 112 81 137 32 158 69 132 90 90 148 94 117 50 8 17 100 23 49 123 154 70 81 134 18 120 115 127 130 128 129 132 138 145 154 164 175 187 116 114 115 119 125 133 142 153 165 178 102 100 101 105 112 121 131 143 156 170 88 86 87 92 100 110 121 134 148 162 74 72 73 79 88 99 112 126 140 155 60 57 60 67 77 90 104 118 134 150 47 43 46 55 67 82 97 112 129 145 34 29 34 45 60 75 91 108 125 142 23 15 23 38 54 71 88 105 122 140 18 0 18 35 52 70 87 104 122 139
107 99 141 82 49 6 23 2 103 28 12 114 161 105 68 126 44 149 59 120 89 88 139 77 103 33 11 8 84 40 36 110 140 64 68 123 28 109 101 114 133 129 128 129 132 137 144 153 163 175 119 115 114 115 118 124 132 142 153 165 106 101 99 101 105 112 121 131 143 156 93 87 85 87 92 99 109 121 134 148 80 73 71 73 79 88 99 112 126 140 67 60 57 60 67 77 90 104 118 134 55 46 43 46 55 67 81 97 112 129 45 34 29 34 45 60 75 91 108 125 38 23 15 23 38 54 71 88 105 122 35 18 0 18 35 52 70 87 104 122
109 100 133 66 46 22 38 19 86 45 6 102 149 100 58 117 59 141 54 110 91 89 131 62 90 16 28 21 68 58 29 98 128 61 57 114 43 100 89 103 138 132 129 127 128 131 137 144 153 163 125 119 115 113 114 118 124 132 141 152 112 105 101 99 100 105 111 120 131 143 100 92 87 85 87 91 99 109 121 134 88 79 73 71 73 79 88 99 112 125 77 67 60 57 59 66 77 89 103 118 68 55 46 43 46 55 67 81 97 112 60 45 34 29 33 45 59 75 91 108 54 38 23 15 23 38 54 71 88 105 52 35 18 0 18 35 52 70 87 104
113 104 127 51 49 39 54 36 69 62 23 93 137 97 52 109 75 135 53 102 97 94 126 47 79 7 46 38 52 75 31 89 117 63 50 106 59 94 79 93 145 138 132 128 127 127 131 136 143 152 133 125 118 114 113 114 117 123 131 141 121 112 105 100 99 100 104 111 120 130 110 100 92 87 85 86 91 99 109 120 99 88 79 73 71 73 78 87 99 111 90 77 67 59 57 59 66 77 89 103 82 67 55 46 43 46 55 67 81 96 75 60 45 33 29 33 45 59 75 91 71 54 38 23 15 23 38 54 71 88 70 52 35 18 0 18 35 52 70 87
120 111 123 38 58 56 71 53 52 79 41 86 127 98 52 104 92 131 59 96 104 101 123 34 70 22 63 55 39 92 41 81 108 70 48 102 76 90 72 87 154 145 137 131 127 126 127 130 135 143 143 133 124 118 114 112 113 117 123 131 132 121 112 105 100 98 99 104 110 119 122 110 99 91 86 84 86 91 98 108 112 99 88 79 73 70 72 78 87 98 104 90 77 66 59 56 59 66 76 89 97 82 67 55 46 42 46 55 67 81 91 75 60 45 33 28 33 45 59 75 88 71 54 38 23 14 23 38 54 71 87 70 52 35 18 0 18 35 52 70
129 120 122 29 69 74 88 71 35 96 58 82 119 102 57 102 108 129 68 93 114 111 123 27 65 39 80 72 29 109 55 77 100 80 53 100 93 90 69 83 164 154 144 137 131 127 125 126 130 135 154 142 132 124 117 113 112 113 116 122 144 131 121 111 104 99 98 99 103 110 134 121 109 99 91 86 84 85 90 98 126 112 99 88 78 72 70 72 78 87 119 104 90 77 66 59 56 59 66 76 113 97 81 67 55 46 42 46 54 67 108 91 75 59 45 33 28 33 45 59 105 88 71 54 38 23 14 23 38 54 104 87 70 52 35 18 0 18 35 52
139 130 123 30 83 91 105 88 21 113 75 82 113 109 66 102 125 130 80 93 126 123 124 31 65 56 97 89 29 127 70 77 96 92 62 101 110 93 70 83 176 164 153 144 136 130 126 125 126 129 166 153 142 132 123 117 113 111 112 116 156 143 131 120 111 104 99 97 99 103 148 134 121 109 99 91 85 83 85 90 140 126 112 99 87 78 72 70 72 77 134 118 104 89 77 66 59 56 58 65 129 112 97 81 67 55 46 42 45 54 125 108 91 75 59 45 33 28 33 45 122 105 88 71 54 38 23 14 23 38 122 104 87 70 52 35 18 0 18 35
151 142 126 39 98 108 122 105 14 131 93 85 109 117 78 105 142 133 94 97 139 135 129 42 69 73 115 106 38 144 86 81 94 106 74 105 127 99 75 86 188 175 163 153 143 135 130 126 124 125 179 165 153 141 131 123 116 112 110 112 170 156 143 131 120 110 103 99 97 98 162 148 134 121 109 98 90 85 83 85 156 140 126 112 99 87 78 72 69 71 150 134 118 103 89 76 66 58 55 58 145 129 112 97 81 67 54 45 42 45 142 125 108 91 75 59 45 33 28 33 140 122 105 88 71 54 38 23 14 23 139 122 104 87 70 52 35 18 0 18
163 155 132 53 114 126 139 123 24 148 110 92 108 128 92 111 159 138 109 103 152 149 135 56 77 90 132 124 51 161 103 88 96 120 88 112 144 107 83 93 201 187 175 163 152 143 135 129 125 124 192 178 165 152 141 131 122 116 112 110 184 170 156 143 130 119 110 103 98 96 177 162 148 134 120 108 98 90 85 83 171 155 140 125 111 98 87 77 71 69 166 150 134 118 103 89 76 65 58 55 162 145 129 112 96 81 67 54 45 42 159 142 125 108 91 75 59 45 33 28 157 140 122 105 88 71 54 38 23 14 156 139 122 104 87 70 52 35 18 0
