0.0 61.53201598196167 107.7827312585572 83.81350933908739 47.6396810861811 38.41726877324922 52.542136338415695 74.86130673306685 75.82289188444204 58.57878682107276 59.448753826757596 64.09006660482574 52.78840708473987 43.03157678080961 51.14261488183627 60.70096554614661 40.17818551400134 50.994076917853526 51.39790361113042 55.683969772262756 7.513874557040142 59.480514859577184 76.35487254718417 72.45791088325784 45.05654914023749 38.987281689309846 69.5509783964771 56.73802507911366 73.57374793365167 35.17963188928085 50.68939764217712 41.93027705952036 55.15495013085746 54.79303619495866 50.67951221807842 61.311623575131854 45.599827617747415 45.21371193303411 53.56828056843059 68.165755974566 33.982935055974416 37.274787971540135 40.053373851347374 67.03288310593878 51.34077006542038 48.33792939609458 80.89501932938074 63.6085720944229 60.18784248037801
61.53201598196167 0.0 46.26410953911322 47.1468694032878 47.896774434867766 52.74914053016005 33.575126581984 53.53424730649801 14.865263867108764 17.73873844042551 6.670907966056197 39.72712130266849 44.27228540111495 19.819719467818974 21.991376666170478 7.355357218938013 23.01926437442138 49.241746195971736 28.459857255022595 7.513059760048548 55.60866181324843 7.767458255248298 15.266331033580009 33.431410109697154 53.411612318597676 53.24345846311826 35.91138493570133 34.273823234057794 13.296473593038074 27.800785304991837 12.40826607925452 20.41269689986807 44.70974730559076 17.358581826276943 12.055785894161726 7.221754616563923 20.319735486992748 45.978986256262814 12.200125434363716 11.778992577656313 29.03530319264645 30.440120242483793 22.201616060877857 10.224606139089211 46.11653463186143 36.58506117123976 43.30483916910164 2.839708831488795 4.66076681685278
107.7827312585572 46.26410953911322 0.0 61.1277345915813 84.79671711219655 93.02462266785102 70.49731633709742 77.13220584627656 32.64457798202014 54.84339789178672 48.88130472777468 67.45349739251776 78.83486310383856 65.57134974849109 61.77246905481387 48.29917798367885 68.70960010493322 84.6274760309044 65.9502691601848 52.35605086899582 101.844636375298 49.54051823430116 31.632789508795714 55.64077364018525 91.34788212965428 93.32793087173908 60.949279085639496 68.67207066629587 35.29263853897048 73.68132538291718 57.51795679746141 66.18452364970227 78.0158013552011 56.68477936468165 57.411264998281226 47.678634226657636 64.63726776780268 83.98192087514035 55.81420125214809 42.034582884811215 74.92907970696783 74.3172614138363 68.04443604677869 42.01852742246071 81.35582366611905 74.09039072643148 56.80293791643709 44.328439664553144 48.107832055124156
83.81350933908739 47.1468694032878 61.1277345915813 0.0 91.7631275927897 93.40830304712753 31.278512553427667 17.960038825216927 42.29173740686026 32.55434697573522 53.70849867513457 86.79789433017694 89.61424381914168 48.75579486637528 67.41049780416927 40.31294794290244 49.72557166853633 93.82631498809283 74.07750558921279 52.86783846142974 76.30535076907346 40.522250840335616 50.898125655131864 14.190018154338436 96.06910702134155 94.04443394284534 14.67548528720291 27.077187084424644 40.41297773352302 53.125916988119194 55.39233992323885 58.337878540945816 90.48690021571518 63.7009190424493 54.70722728927656 40.222230433833374 43.80963746236546 89.3202075711517 41.43179143663811 36.28193084986927 53.87397453924186 69.99500404150879 59.11662909120591 55.495833360309746 91.01995865588263 81.25361939604227 89.13218530172985 44.88100249564964 43.12687952300112
47.6396810861811 47.896774434867766 84.79671711219655 91.7631275927897 0.0 11.099701478278053 66.57627703040791 92.1699290460125 61.02075733567951 59.21019399452348 41.65050879220858 20.83451111252867 6.94484507496006 44.15025245818105 25.947183765155923 52.909288804176015 44.38589066874058 3.4184020882180346 19.863772619576448 40.614454395466794 47.68866271110108 52.31069881413679 56.04598162516832 77.59260741133043 6.666082911471442 10.940002806067923 78.00248956749475 69.81123922047136 60.42224804008759 43.38970248279856 36.85962914625937 33.72502001504344 8.95431043941684 30.928670079997875 37.49174176418144 53.21715495454503 49.27540349266939 2.9143800854133897 50.34823190263819 59.51960022630161 43.407857640126586 22.83999876760378 33.318390145537556 45.232556412733054 4.476739713799495 11.407236952594632 38.63177045470421 50.722666329799544 50.447035416395465
38.41726877324922 52.74914053016005 93.02462266785102 93.40830304712753 11.099701478278053 0.0 65.8535968270166 91.65837786909432 66.87322773247767 61.24958064722167 47.12320882010549 31.68334749359692 17.898614652196876 44.70059269241804 31.857913588618345 56.6205280799851 44.136444927563105 13.849979995327683 27.074353620715087 45.239880911176314 39.672857474627854 55.82295095903632 62.98627363272568 79.45029248732685 6.65730227729739 0.7113065980788735 79.10503778708099 69.48317623278744 65.85989194031073 41.923986747345054 40.704212984008905 35.324572005232376 20.02808314363175 37.09164930154012 41.22731902406601 57.025479971080536 49.74892104451048 10.093878813714426 52.69783257913346 63.83455868135695 41.62243140925947 23.558770875841965 34.35571649043947 52.011210674716544 15.559951150970964 19.1463274033901 49.57258549470975 55.576083785090866 54.48025500047161
52.542136338415695 33.575126581984 70.49731633709742 31.278512553427667 66.57627703040791 65.8535968270166 0.0 25.807126378995086 39.78987020502703 16.849863577394167 38.00028972470218 67.44390244377767 66.15447277230462 22.770309323391444 46.24066129284162 26.866968674044127 22.190416743234604 69.22634590118177 52.29958686667592 35.0680817335993 45.03806251911997 26.048617612644392 45.91620238082341 20.833967965159125 69.65989794503852 66.53815076106603 17.14149766746686 4.20728082363363 36.922415188875775 23.95452862007824 34.71273516705142 33.43721351898325 67.58571792641408 44.46416199941588 34.027975189493105 27.2881966295016 17.880181943439734 63.82633565053672 21.92167693802912 29.76024811309081 24.370890926725732 43.751396144920164 33.45461770633143 43.79049284546255 66.93598758214966 57.61583444437178 75.5068695063795 33.076786801878725 29.043351107300253
74.86130673306685 53.53424730649801 77.13220584627656 17.960038825216927 92.1699290460125 91.65837786909432 25.807126378995086 0.0 53.36616095354014 36.09979354937504 59.387950465482746 91.26053111308175 91.35421941152359 48.05903241992012 70.43033452526147 46.179624727526345 47.85810374348906 94.71773980731002 76.82363366240074 57.389921364430485 67.45358366360226 45.896036366965596 61.47779509012247 22.58649668840996 95.4275433982904 92.34370918923398 18.222005180258588 22.359841889261553 50.91362333075309 49.74466806548894 58.37997917457321 58.65659842116995 92.64006975923792 67.80530541967688 57.669313954436255 46.333200957600305 42.965181114867185 89.46169550040213 44.25743004847626 44.9962717266599 50.11410995372506 69.4080855602865 58.882849160193324 63.26619089626232 92.29947586619971 82.79552968902267 96.8385569349884 51.96798043372491 48.9464208984104
75.82289188444204 14.865263867108764 32.64457798202014 42.29173740686026 61.02075733567951 66.87322773247767 39.78987020502703 53.36616095354014 0.0 23.157885770968267 19.75303663701268 49.365922434457126 56.563149983404365 33.09527842920145 35.2589842910145 15.655314168539391 36.18745822059477 61.9308192808686 41.170365518699306 22.109032538657967 69.5899418479337 16.897775361980916 8.626567251651386 30.92632812941946 66.93152672875142 67.32574551701087 35.210829210378286 38.89522636214046 2.8716375638153693 41.19938706412324 27.20153425985996 35.25157476440182 56.59428249071854 30.12845344221837 26.89074535195436 15.034380251989214 31.993665486587993 59.39401522665692 23.17021771289421 10.047049448567629 42.44637294018763 45.16248594772962 37.0177283305673 16.382556242865466 58.68117201024805 49.61534629066865 47.76079902137473 12.37877461004955 15.661338310556735
58.57878682107276 17.73873844042551 54.84339789178672 32.55434697573522 59.21019399452348 61.24958064722167 16.849863577394167 36.09979354937504 23.157885770968267 0.0 23.30255334817184 55.48191465013516 57.16895529404823 17.362343287361906 35.21070417030189 10.503532586585141 19.2879167007896 61.28391035548914 41.825465471054265 21.375630434295914 51.53292433778881 9.973292484602306 29.071522999290565 18.38517058098925 63.60836004913903 61.86344981090598 19.29522069470364 16.77209590400098 20.288493038565246 23.850216991512376 23.067538436307984 25.957288652899994 58.137158136169994 32.014891217767726 22.365896494213494 10.812785529048051 13.2725582849075 56.781916442103025 8.891624038845597 13.123688635523335 24.93211969290516 37.70721304231032 26.90702183981453 27.849029706279943 58.50782610606984 48.75155372872586 60.910874359243806 16.688004954835186 13.078926344598244
59.448753826757596 6.670907966056197 48.88130472777468 53.70849867513457 41.65050879220858 47.12320882010549 38.00028972470218 59.387950465482746 19.75303663701268 23.30255334817184 0.0 33.104252638671305 37.76498410246349 20.493496434189826 15.710070691631827 13.514825363494356 23.551737915868014 42.84682518218847 22.002559325120014 4.014579657024997 54.07685455260139 13.5724445461327 17.258815516004464 39.87690868406041 47.360737377474976 47.580007439693084 42.08224675773355 39.23449301225246 18.834081045274665 27.75338254758395 8.761180897993615 17.52234940389418 38.12954542210848 10.830877505025283 8.789165167557918 13.529253164775714 22.549843065744565 39.86136430362225 16.079763079943216 18.401033733152143 28.911103265964197 25.81083658427945 19.399739852935845 7.808977929312277 39.6797212210106 30.272141106799307 37.72337637386377 9.323283013002374 10.669598971180275
64.09006660482574 39.72712130266849 67.45349739251776 86.79789433017694 20.83451111252867 31.68334749359692 67.44390244377767 91.26053111308175 49.365922434457126 55.48191465013516 33.104252638671305 0.0 13.88968412183445 45.169109662551364 21.233915589835803 46.50658330243655 46.80890260219842 19.160128127166104 15.824965414508128 34.165843947668435 62.25279910676611 46.38793024999261 42.4207849113072 72.87844219337964 27.23945818265799 31.630412833743765 74.71072304150327 69.71871541771881 49.686298285136935 48.07996540908703 32.93673871686126 35.05203064612892 12.081973423721363 23.481553323451124 33.643424636814586 46.57847518352155 49.66904570125705 21.645475212278964 47.013255745679494 51.19726310760879 48.63394669205743 29.574465759164088 35.77167292849398 33.07031562767193 16.432046388867168 15.755589619177446 17.91193810804953 42.18174676612357 43.679279431665755
52.78840708473987 44.27228540111495 78.83486310383856 89.61424381914168 6.94484507496006 17.898614652196876 66.15447277230462 91.35421941152359 56.563149983404365 57.16895529404823 37.76498410246349 13.88968412183445 0.0 43.407857640126586 22.432192625988936 49.91947047815147 44.141181656032416 5.798735533111198 15.82496541450809 37.32578641631521 52.08148572778675 49.45998618725862 50.974743628286994 75.42934209126476 13.432710472372378 17.80107738485627 76.30399251728684 69.09872367677667 56.22764251447024 43.93557698253238 34.23084286211647 32.74424486987078 2.369096623116112 26.938130093673593 34.911102781443425 50.15940708972606 48.43387524151398 8.090130658046947 48.285267344678225 56.03813531199472 44.15025245818105 23.312114685975683 32.72614052077664 40.408794670846575 2.6238925112831457 8.558943175758484 31.707348263164473 47.04148511813054 47.29932108194187
43.03157678080961 19.819719467818974 65.57134974849109 48.75579486637528 44.15025245818105 44.70059269241804 22.770309323391444 48.05903241992012 33.09527842920145 17.362343287361906 20.493496434189826 45.169109662551364 43.407857640126586 0.0 23.969044278359544 17.695034708444894 3.19968840604651 46.659343483047486 29.703573002916837 16.565939058663083 36.556216253378125 16.465005514415797 35.080995818070164 34.95295154378166 47.75899947470321 45.34750067128263 34.40558324854394 25.72754514191904 30.695474844067927 8.111805219374764 13.79768872088631 10.669598971180275 44.816712763388146 23.194628315448316 13.254760410645446 18.310934719262885 5.132953609538379 41.485067461226514 10.593759853354038 25.142783824591113 9.359774621488041 21.556075702766403 10.833039558048686 28.09043724105771 44.261542238028255 34.85966139822678 55.19086566314789 21.32865062840361 17.47156752394325
51.14261488183627 21.991376666170478 61.77246905481387 67.41049780416927 25.947183765155923 31.857913588618345 46.24066129284162 70.43033452526147 35.2589842910145 35.21070417030189 15.710070691631827 21.233915589835803 22.432192625988936 23.969044278359544 0.0 27.494290637347202 25.771828176462694 27.25781917125611 6.673563194229341 14.897189585318053 47.31260349987642 27.063776280618345 31.155546040937285 53.25927330771686 31.685336519622236 32.26242427863904 54.49227389806738 48.62554752175583 34.52010667258643 27.621670764290315 12.157023994212407 14.240804707661425 23.11291496323258 5.2341350859017 12.86473577928475 27.72822446274723 28.437381914837083 24.1656986013272 26.437047955689966 33.69890959626696 28.34961676722049 13.972662683011697 15.317511091974122 20.183812923140263 24.162320742169328 14.59653216628587 32.635959319832274 24.803974509983824 24.86751734602587
60.70096554614661 7.355357218938013 48.29917798367885 40.31294794290244 52.909288804176015 56.6205280799851 26.866968674044127 46.179624727526345 15.655314168539391 10.503532586585141 13.514825363494356 46.50658330243655 49.91947047815147 17.695034708444894 27.494290637347202 0.0 20.691829364541167 54.56854240700712 34.14860836333212 12.659497758049662 54.245078582328084 1.2470024161310531 19.579027511730622 26.384254377818266 58.00010050193699 57.169660140508014 28.621227407016466 27.214525286746834 13.093518470551032 25.731206117505216 16.097423411654773 22.103307782887665 50.57985641993127 23.447484058401805 15.504575246656563 0.6235012103207368 16.346183633654203 50.75955405194143 7.515025954929809 7.722853770015846 26.971387376693823 33.405661001884376 23.613956708627576 17.352309282854424 51.56641314361066 41.85132700499315 50.66006455887521 6.229449386149926 2.8452263923140793
40.17818551400134 23.01926437442138 68.70960010493322 49.72557166853633 44.38589066874058 44.136444927563105 22.190416743234604 47.85810374348906 36.18745822059477 19.2879167007896 23.551737915868014 46.80890260219842 44.141181656032416 3.19968840604651 25.771828176462694 20.691829364541167 0.0 47.05107374171582 31.135405090618466 19.58746202969394 33.576042626637665 19.45154490056988 38.27976027852538 36.194275119635726 47.59578435470217 44.802564665889875 35.1867204597475 25.516837876583992 33.7462818128959 5.041825037816977 16.44579629643628 11.80192154597803 45.679155725452944 25.513769637698314 15.960962348367683 21.312281116074033 6.104373807646996 41.64035847534749 13.4015691387056 28.012718906365546 6.2796612421837725 21.567292335220074 11.449308544690695 31.20404516093225 44.81671107241147 35.65361563899753 57.5429834793156 24.50582319606407 20.601769740874563
50.994076917853526 49.241746195971736 84.6274760309044 93.82631498809283 3.4184020882180346 13.849979995327683 69.22634590118177 94.71773980731002 61.9308192808686 61.28391035548914 42.84682518218847 19.160128127166104 5.798735533111198 46.659343483047486 27.25781917125611 54.56854240700712 47.05107374171582 0.0 20.85393484884967 42.1051281993681 51.10414262789554 54.031669999637856 56.56379523067745 79.63926096150252 8.24376992203188 13.574352417453943 80.23066764784458 72.3740526095039 61.48329691335992 46.273285604311994 38.63474627631075 36.11693270593238 7.092949866673492 32.031560728572146 39.28996498966024 54.84578269920793 51.76463579375855 6.2256635364570725 52.39703176052371 60.95553147036957 46.34139695139339 25.60703753083237 35.83667619395497 45.89911702596802 3.307164571358761 12.718586070391245 36.64608213768148 52.04440594842439 52.02858560574579
51.39790361113042 28.459857255022595 65.9502691601848 74.07750558921279 19.863772619576448 27.074353620715087 52.29958686667592 76.82363366240074 41.170365518699306 41.825465471054265 22.002559325120014 15.824965414508128 15.82496541450809 29.703573002916837 6.673563194229341 34.14860836333212 31.135405090618466 20.85393484884967 0.0 21.521181291836594 48.4660852541163 33.73267002665853 36.30773735415747 59.92070552823225 25.971010513735738 27.3830702798246 61.08849130991234 54.85947754942341 40.644720888569616 32.25614955702207 18.75811069702004 19.336693488404634 16.440987279493406 11.178747641766881 19.459715897236755 34.37180670986904 34.42279841384024 18.423348677220087 33.01236997894807 40.217914453140814 32.81104153434517 14.67403367400098 19.967569478760797 25.41866994815787 17.677305876605637 8.48517947265977 29.93074325892058 31.241400538305427 31.49901575232152
55.683969772262756 7.513059760048548 52.35605086899582 52.86783846142974 40.614454395466794 45.239880911176314 35.0680817335993 57.389921364430485 22.109032538657967 21.375630434295914 4.014579657024997 34.165843947668435 37.32578641631521 16.565939058663083 14.897189585318053 12.659497758049662 19.58746202969394 42.1051281993681 21.521181291836594 0.0 50.19691899424124 12.347557167982828 20.747403121296564 38.81670754665826 46.0023557619315 45.73708625184532 40.549248428379144 36.61132917105693 20.749872536646922 23.74173414204182 5.20366093172169 13.838224919684718 37.93587660414247 10.833856230112112 5.055232656308639 12.858201590353424 18.92897795572569 38.61336035288695 13.34048939115387 18.907515776329525 24.897355806587008 23.053757468124765 15.706495282082216 11.8135309445595 39.04484671264399 29.396735116154016 40.43879031474611 10.336203584135141 9.977922078624886
7.513874557040142 55.60866181324843 101.844636375298 76.30535076907346 47.68866271110108 39.672857474627854 45.03806251911997 67.45358366360226 69.5899418479337 51.53292433778881 54.07685455260139 62.25279910676611 52.08148572778675 36.556216253378125 47.31260349987642 54.245078582328084 33.576042626637665 51.10414262789554 48.4660852541163 50.19691899424124 0.0 53.01013860431112 70.65762049011875 65.03373550686497 46.12352937367357 40.312484268627685 62.06574933926167 49.2316511192758 67.24164272159564 28.536059620476603 45.380594837740276 36.711830155123316 54.409679533689854 50.47043764022933 45.292576740952946 54.86277476097034 38.740668735875296 45.03373630692073 46.96567524975143 61.57496391452129 27.307278264749787 33.88541498543384 34.859791669119176 61.79527640217931 50.96486175334578 46.59673574652859 78.3440707971765 57.53207676192666 53.92898627806876
59.480514859577184 7.767458255248298 49.54051823430116 40.522250840335616 52.31069881413679 55.82295095903632 26.048617612644392 45.896036366965596 16.897775361980916 9.973292484602306 13.5724445461327 46.38793024999261 49.45998618725862 16.465005514415797 27.063776280618345 1.2470024161310531 19.45154490056988 54.031669999637856 33.73267002665853 12.347557167982828 53.01013860431112 0.0 20.66390169560324 26.501023398419754 57.31698982758837 56.3796997047765 28.513206123165187 26.55348164911841 14.340518708105273 24.491765306676594 15.45436360177997 21.128563870059107 50.173366298048066 23.179024821601082 14.83597274670214 1.8705036129202635 15.111091787256226 50.12009065526152 6.274852928540915 8.847854518084839 25.731206117505216 32.52744701869504 22.600813340076936 17.927746159434843 51.059998145566794 41.322463578046744 50.98562550038642 7.050243038455934 3.1066920079129745
76.35487254718417 15.266331033580009 31.632789508795714 50.898125655131864 56.04598162516832 62.98627363272568 45.91620238082341 61.47779509012247 8.626567251651386 29.071522999290565 17.258815516004464 42.4207849113072 50.974743628286994 35.080995818070164 31.155546040937285 19.579027511730622 38.27976027852538 56.56379523067745 36.30773735415747 20.747403121296564 70.65762049011875 20.66390169560324 0.0 39.22896121068389 62.27502685149385 63.370983346405716 43.260081660264 45.587223821036766 10.639583307250717 43.063372517344284 25.8907451208919 34.58553548381949 50.72143595498596 25.927899581082976 25.800194665340324 19.044119226431377 35.221472763329935 54.730757265472356 26.582392856487942 16.80312177552877 44.295852258672426 42.8965729785884 36.45256640531501 10.975542926685375 53.264647288256796 44.77219728397835 39.368466267063994 14.033217255057904 18.302648512919482
72.45791088325784 33.431410109697154 55.64077364018525 14.190018154338436 77.59260741133043 79.45029248732685 20.833967965159125 22.58649668840996 30.92632812941946 18.38517058098925 39.87690868406041 72.87844219337964 75.42934209126476 34.95295154378166 53.25927330771686 26.384254377818266 36.194275119635726 79.63926096150252 59.92070552823225 38.81670754665826 65.03373550686497 26.501023398419754 39.22896121068389 0.0 81.96627852398379 80.07684257301416 5.391010984551249 17.095716839862995 28.595563158595763 39.978865203194886 41.21450279102108 44.26009927556651 76.31715916656063 49.646601759861866 40.52718048908574 26.347657928595645 30.15442058859032 75.16664607516601 27.24966961334461 23.297585778454717 40.83914516792669 55.96553766382788 45.1053860252287 42.33949535184248 76.82994059265377 67.06368759920659 76.1443938038174 31.353010433049217 29.22311046527527
45.05654914023749 53.411612318597676 91.34788212965428 96.06910702134155 6.666082911471442 6.65730227729739 69.65989794503852 95.4275433982904 66.93152672875142 63.60836004913903 47.360737377474976 27.23945818265799 13.432710472372378 47.75899947470321 31.685336519622236 58.00010050193699 47.59578435470217 8.24376992203188 25.971010513735738 46.0023557619315 46.12352937367357 57.31698982758837 62.27502685149385 81.96627852398379 0.0 6.143774213227583 82.02716490674464 73.10898987698046 66.19195873652816 45.95452473992672 41.90468295392891 37.734998709169275 15.176288260635726 36.80789095522618 42.496915162876725 58.348782433069665 52.88250076784797 7.554634670959359 54.843681263165614 64.87545810729422 45.79986691101069 26.20663785414534 37.053113062342014 51.38625416100814 10.830871590381184 17.505197880689913 44.86113219255298 56.25030086758131 55.65662891554576
38.987281689309846 53.24345846311826 93.32793087173908 94.04443394284534 10.940002806067923 0.7113065980788735 66.53815076106603 92.34370918923398 67.32574551701087 61.86344981090598 47.580007439693084 31.630412833743765 17.80107738485627 45.34750067128263 32.26242427863904 57.169660140508014 44.802564665889875 13.574352417453943 27.3830702798246 45.73708625184532 40.312484268627685 56.3796997047765 63.370983346405716 80.07684257301416 6.143774213227583 0.0 79.7529071074941 70.16133019756755 66.33421199616963 42.61252737298883 41.23087986342393 35.92909238686083 19.890493385182282 37.49431382672213 41.759504579279884 57.570826031348815 50.401395001583154 10.11987206874331 53.29601656671304 64.36226456397289 42.31582212130498 24.163722950762406 34.976801443355136 52.397583273526465 15.41435361626307 19.37129265884479 49.50065731974079 56.07280071092304 55.01396679960969
69.5509783964771 35.91138493570133 60.949279085639496 14.67548528720291 78.00248956749475 79.10503778708099 17.14149766746686 18.222005180258588 35.210829210378286 19.29522069470364 42.08224675773355 74.71072304150327 76.30399251728684 34.40558324854394 54.49227389806738 28.621227407016466 35.1867204597475 80.23066764784458 61.08849130991234 40.549248428379144 62.06574933926167 28.513206123165187 43.260081660264 5.391010984551249 82.02716490674464 79.7529071074941 0.0 13.067702074525162 32.71523674921317 38.468561899119095 42.33906286240505 44.34007271179982 77.34224861908011 51.27466775100143 41.63403898611092 28.695256153671835 29.371148869358574 75.46909266669228 28.07949393135661 26.803902973876014 39.20411684724926 55.847993995760035 44.97725948482397 45.35253045119897 77.5466802487728 67.8269085765436 79.09225815929761 34.12325256370385 31.451291347535996
56.73802507911366 34.273823234057794 68.67207066629587 27.077187084424644 69.81123922047136 69.48317623278744 4.20728082363363 22.359841889261553 38.89522636214046 16.77209590400098 39.23449301225246 69.71871541771881 69.09872367677667 25.72754514191904 48.62554752175583 27.214525286746834 25.516837876583992 72.3740526095039 54.85947754942341 36.61132917105693 49.2316511192758 26.55348164911841 45.587223821036766 17.095716839862995 73.10898987698046 70.16133019756755 13.067702074525162 0.0 36.061482702006856 27.703044562688675 36.80720894958365 36.36204836252191 70.44435764270702 46.47435839704035 36.10625249587978 27.56013226407251 20.665293432955455 67.10198972770422 23.2775984530602 29.011130594917294 28.201003015222568 47.05184131438741 36.53757973470316 44.47697549566127 69.9881419905595 60.541701511580904 76.9364824968401 33.43256925372242 29.638211064351708
73.57374793365167 13.296473593038074 35.29263853897048 40.41297773352302 60.42224804008759 65.85989194031073 36.922415188875775 50.91362333075309 2.8716375638153693 20.288493038565246 18.834081045274665 49.686298285136935 56.22764251447024 30.695474844067927 34.52010667258643 13.093518470551032 33.7462818128959 61.48329691335992 40.644720888569616 20.749872536646922 67.24164272159564 14.340518708105273 10.639583307250717 28.595563158595763 66.19195873652816 66.33421199616963 32.71523674921317 36.061482702006856 0.0 38.77642091226523 25.70267825224063 33.45867741028167 56.378668132176564 29.498286971930085 25.334066262198498 12.470018207437544 29.37356133179852 58.684381367209774 20.585808978746137 7.17541414043615 40.02063129907357 43.7365741041397 35.18107698389693 16.628489086635323 58.26629716027182 49.02139091549136 49.08416845279442 10.60095514652526 13.404051958572524
35.17963188928085 27.800785304991837 73.68132538291718 53.125916988119194 43.38970248279856 41.923986747345054 23.95452862007824 49.74466806548894 41.19938706412324 23.850216991512376 27.75338254758395 48.07996540908703 43.93557698253238 8.111805219374764 27.621670764290315 25.731206117505216 5.041825037816977 46.273285604311994 32.25614955702207 23.74173414204182 28.536059620476603 24.491765306676594 43.063372517344284 39.978865203194886 45.95452473992672 42.61252737298883 38.468561899119095 27.703044562688675 38.77642091226523 0.0 19.96262912027109 13.410183126812587 45.666053648771836 28.240650155744945 19.59027345505654 26.351210732424356 10.596149098846478 40.549330402981134 18.433134606919296 33.04483252267459 1.247970281892905 20.713131268308935 12.364839887048804 35.5167963890697 44.31936963553633 35.65673060009152 60.03903464737097 29.41325974577959 25.58333907704681
50.68939764217712 12.40826607925452 57.51795679746141 55.39233992323885 36.85962914625937 40.704212984008905 34.71273516705142 58.37997917457321 27.20153425985996 23.067538436307984 8.761180897993615 32.93673871686126 34.23084286211647 13.79768872088631 12.157023994212407 16.097423411654773 16.44579629643628 38.63474627631075 18.75811069702004 5.20366093172169 45.380594837740276 15.45436360177997 25.8907451208919 41.21450279102108 41.90468295392891 41.23087986342393 42.33906286240505 36.80720894958365 25.70267825224063 19.96262912027109 0.0 8.761180897993704 35.10729861510358 9.763294555606569 0.7113065980788735 16.445134240330187 17.350428654709717 34.670290548103374 14.280870917879781 23.131384998831347 21.029531630728883 18.03752888107844 10.63857561472277 16.41476318326994 35.71734944389334 25.953417733866686 41.49669283815457 15.137509891486989 13.797688720886255
41.93027705952036 20.41269689986807 66.18452364970227 58.337878540945816 33.72502001504344 35.324572005232376 33.43721351898325 58.65659842116995 35.25157476440182 25.957288652899994 17.52234940389418 35.05203064612892 32.74424486987078 10.669598971180275 14.240804707661425 22.103307782887665 11.80192154597803 36.11693270593238 19.336693488404634 13.838224919684718 36.711830155123316 21.128563870059107 34.58553548381949 44.26009927556651 37.734998709169275 35.92909238686083 44.34007271179982 36.36204836252191 33.45867741028167 13.410183126812587 8.761180897993704 0.0 34.148504428638375 15.074407235429375 8.789165167558007 22.600813340076936 15.698505120663853 31.143034261215416 17.38537199528373 29.7376398553059 14.202126355640285 11.765875954243569 1.8773963289651208 25.1299180381016 33.64350580104946 24.19257270314043 46.64646429531821 22.90250323796064 20.493496434189826
55.15495013085746 44.70974730559076 78.0158013552011 90.48690021571518 8.95431043941684 20.02808314363175 67.58571792641408 92.64006975923792 56.59428249071854 58.137158136169994 38.12954542210848 12.081973423721363 2.369096623116112 44.816712763388146 23.11291496323258 50.57985641993127 45.679155725452944 7.092949866673492 16.440987279493406 37.93587660414247 54.409679533689854 50.173366298048066 50.72143595498596 76.31715916656063 15.176288260635726 19.890493385182282 77.34224861908011 70.44435764270702 56.378668132176564 45.666053648771836 35.10729861510358 34.148504428638375 0.0 27.352871199192887 35.79926488040922 50.793512004870195 49.79541391465753 10.385840240754726 49.27609530940102 56.48873677932101 45.924229058197135 25.156327394815584 34.23520282347616 40.324742302179736 4.477572379577211 10.03787584024193 29.72440447423422 47.443392416105226 47.91082032419338
54.79303619495866 17.358581826276943 56.68477936468165 63.7009190424493 30.928670079997875 37.09164930154012 44.46416199941588 67.80530541967688 30.12845344221837 32.014891217767726 10.830877505025283 23.481553323451124 26.938130093673593 23.194628315448316 5.2341350859017 23.447484058401805 25.513769637698314 32.031560728572146 11.178747641766881 10.833856230112112 50.47043764022933 23.179024821601082 25.927899581082976 49.646601759861866 36.80789095522618 37.49431382672213 51.27466775100143 46.47435839704035 29.498286971930085 28.240650155744945 9.763294555606569 15.074407235429375 27.352871199192887 0.0 10.439390148893374 23.605437185505746 27.069884012598127 29.26638801061594 23.547973797294464 29.13708743211346 29.141174462632875 18.209336806327656 16.599045684428436 14.961132584478031 28.85289702843166 19.524338777943566 32.031560728572146 20.108580200493197 20.69732800449567
50.67951221807842 12.055785894161726 57.411264998281226 54.70722728927656 37.49174176418144 41.22731902406601 34.027975189493105 57.669313954436255 26.89074535195436 22.365896494213494 8.789165167557918 33.643424636814586 34.911102781443425 13.254760410645446 12.86473577928475 15.504575246656563 15.960962348367683 39.28996498966024 19.459715897236755 5.055232656308639 45.292576740952946 14.83597274670214 25.800194665340324 40.52718048908574 42.496915162876725 41.759504579279884 41.63403898611092 36.10625249587978 25.334066262198498 19.59027345505654 0.7113065980788735 8.789165167558007 35.79926488040922 10.439390148893374 0.0 15.865215635434426 16.711384462874044 35.28421287090197 13.572422286031392 22.61048242770694 20.67619415044826 18.438588231444037 10.661303445056946 16.520744468877716 36.38357429077742 26.617171421782743 42.10687598077773 14.747101523229416 13.254760410645389
61.311623575131854 7.221754616563923 47.678634226657636 40.222230433833374 53.21715495454503 57.025479971080536 27.2881966295016 46.333200957600305 15.034380251989214 10.812785529048051 13.529253164775714 46.57847518352155 50.15940708972606 18.310934719262885 27.72822446274723 0.6235012103207368 21.312281116074033 54.84578269920793 34.37180670986904 12.858201590353424 54.86277476097034 1.8705036129202635 19.044119226431377 26.347657928595645 58.348782433069665 57.570826031348815 28.695256153671835 27.56013226407251 12.470018207437544 26.351210732424356 16.445134240330187 22.600813340076936 50.793512004870195 23.605437185505746 15.865215635434426 0.0 16.96436272628701 51.08783384961789 8.13588136968926 7.175414140436227 27.591724432916024 33.8535607651791 24.128833150397156 17.09161053200695 51.82916071094299 42.127254707102075 50.50819790560198 5.875707675750903 2.9127939728826933
45.599827617747415 20.319735486992748 64.63726776780268 43.80963746236546 49.27540349266939 49.74892104451048 17.880181943439734 42.965181114867185 31.993665486587993 13.2725582849075 22.549843065744565 49.66904570125705 48.43387524151398 5.132953609538379 28.437381914837083 16.346183633654203 6.104373807646996 51.76463579375855 34.42279841384024 18.92897795572569 38.740668735875296 15.111091787256226 35.221472763329935 30.15442058859032 52.88250076784797 50.401395001583154 29.371148869358574 20.665293432955455 29.37356133179852 10.596149098846478 17.350428654709717 15.698505120663853 49.79541391465753 27.069884012598127 16.711384462874044 16.96436272628701 0.0 46.615867586848125 8.84083630605775 23.09545221332973 11.711677987940377 26.683822167704065 15.957199381245246 29.658879002980456 49.336046129945586 39.877488202115536 58.78770507326886 21.189318362556712 16.95994919324995
45.21371193303411 45.978986256262814 83.98192087514035 89.3202075711517 2.9143800854133897 10.093878813714426 63.82633565053672 89.46169550040213 59.39401522665692 56.781916442103025 39.86136430362225 21.645475212278964 8.090130658046947 41.485067461226514 24.1656986013272 50.75955405194143 41.64035847534749 6.2256635364570725 18.423348677220087 38.61336035288695 45.03373630692073 50.12009065526152 54.730757265472356 75.16664607516601 7.554634670959359 10.11987206874331 75.46909266669228 67.10198972770422 58.684381367209774 40.549330402981134 34.670290548103374 31.143034261215416 10.385840240754726 29.26638801061594 35.28421287090197 51.08783384961789 46.615867586848125 0.0 47.94626588624397 57.51339172344479 40.54933040298114 20.074963692899356 30.66396554390638 43.834334401588904 6.176152848719511 9.976942857098512 39.55494525638329 48.81468024275242 48.35554212409354
53.56828056843059 12.200125434363716 55.81420125214809 41.43179143663811 50.34823190263819 52.69783257913346 21.92167693802912 44.25743004847626 23.17021771289421 8.891624038845597 16.079763079943216 47.013255745679494 48.285267344678225 10.593759853354038 26.437047955689966 7.515025954929809 13.4015691387056 52.39703176052371 33.01236997894807 13.34048939115387 46.96567524975143 6.274852928540915 26.582392856487942 27.24966961334461 54.843681263165614 53.29601656671304 28.07949393135661 23.2775984530602 20.585808978746137 18.433134606919296 14.280870917879781 17.38537199528373 49.27609530940102 23.547973797294464 13.572422286031392 8.13588136968926 8.84083630605775 47.94626588624397 0.0 14.611856377400802 19.658531220863996 29.142992162044244 18.526001809435495 22.19200505564476 49.616202259273265 39.86041692794347 53.68907689767426 12.589041979925245 8.286255415048519
68.165755974566 11.778992577656313 42.034582884811215 36.28193084986927 59.51960022630161 63.83455868135695 29.76024811309081 44.9962717266599 10.047049448567629 13.123688635523335 18.401033733152143 51.19726310760879 56.03813531199472 25.142783824591113 33.69890959626696 7.722853770015846 28.012718906365546 60.95553147036957 40.217914453140814 18.907515776329525 61.57496391452129 8.847854518084839 16.80312177552877 23.297585778454717 64.87545810729422 64.36226456397289 26.803902973876014 29.011130594917294 7.17541414043615 33.04483252267459 23.131384998831347 29.7376398553059 56.48873677932101 29.13708743211346 22.61048242770694 7.175414140436227 23.09545221332973 57.51339172344479 14.611856377400802 0.0 34.26893015111726 40.85409126554537 31.289772177164405 19.21542980995235 57.85367909966578 48.26825442818901 52.93864473083783 9.087376969752539 9.381500217520538
33.982935055974416 29.03530319264645 74.92907970696783 53.87397453924186 43.407857640126586 41.62243140925947 24.370890926725732 50.11410995372506 42.44637294018763 24.93211969290516 28.911103265964197 48.63394669205743 44.15025245818105 9.359774621488041 28.34961676722049 26.971387376693823 6.2796612421837725 46.34139695139339 32.81104153434517 24.897355806587008 27.307278264749787 25.731206117505216 44.295852258672426 40.83914516792669 45.79986691101069 42.31582212130498 39.20411684724926 28.201003015222568 40.02063129907357 1.247970281892905 21.029531630728883 14.202126355640285 45.924229058197135 29.141174462632875 20.67619415044826 27.591724432916024 11.711677987940377 40.54933040298114 19.658531220863996 34.26893015111726 0.0 20.86380904043105 13.0411190353718 36.68564041552796 44.46139355679704 35.94219156542867 60.847839747794985 30.658426657184503 26.831301404817133
37.274787971540135 30.440120242483793 74.3172614138363 69.99500404150879 22.83999876760378 23.558770875841965 43.751396144920164 69.4080855602865 45.16248594772962 37.70721304231032 25.81083658427945 29.574465759164088 23.312114685975683 21.556075702766403 13.972662683011697 33.405661001884376 21.567292335220074 25.60703753083237 14.67403367400098 23.053757468124765 33.88541498543384 32.52744701869504 42.8965729785884 55.96553766382788 26.20663785414534 24.163722950762406 55.847993995760035 47.05184131438741 43.7365741041397 20.713131268308935 18.03752888107844 11.765875954243569 25.156327394815584 18.209336806327656 18.438588231444037 33.8535607651791 26.683822167704065 20.074963692899356 29.142992162044244 40.85409126554537 20.86380904043105 0.0 10.881591420283891 32.3030947166183 23.607776869819393 15.310086272699628 44.603041716760345 33.173713741281546 31.47854872873198
40.053373851347374 22.201616060877857 68.04443604677869 59.11662909120591 33.318390145537556 34.35571649043947 33.45461770633143 58.882849160193324 37.0177283305673 26.90702183981453 19.399739852935845 35.77167292849398 32.72614052077664 10.833039558048686 15.317511091974122 23.613956708627576 11.449308544690695 35.83667619395497 19.967569478760797 15.706495282082216 34.859791669119176 22.600813340076936 36.45256640531501 45.1053860252287 37.053113062342014 34.976801443355136 44.97725948482397 36.53757973470316 35.18107698389693 12.364839887048804 10.63857561472277 1.8773963289651208 34.23520282347616 16.599045684428436 10.661303445056946 24.128833150397156 15.957199381245246 30.66396554390638 18.526001809435495 31.289772177164405 13.0411190353718 10.881591420283891 0.0 27.001534531667033 33.48455998394897 24.21700135807035 47.88867804502153 24.652519744395825 22.11559893937279
67.03288310593878 10.224606139089211 42.01852742246071 55.495833360309746 45.232556412733054 52.011210674716544 43.79049284546255 63.26619089626232 16.382556242865466 27.849029706279943 7.808977929312277 33.07031562767193 40.408794670846575 28.09043724105771 20.183812923140263 17.352309282854424 31.20404516093225 45.89911702596802 25.41866994815787 11.8135309445595 61.79527640217931 17.927746159434843 10.975542926685375 42.33949535184248 51.38625416100814 52.397583273526465 45.35253045119897 44.47697549566127 16.628489086635323 35.5167963890697 16.41476318326994 25.1299180381016 40.324742302179736 14.961132584478031 16.520744468877716 17.09161053200695 29.658879002980456 43.834334401588904 22.19200505564476 19.21542980995235 36.68564041552796 32.3030947166183 27.001534531667033 0.0 42.61693309343136 33.9005177591136 33.8079800593025 11.309919532737363 14.838905668222774
51.34077006542038 46.11653463186143 81.35582366611905 91.01995865588263 4.476739713799495 15.559951150970964 66.93598758214966 92.29947586619971 58.68117201024805 58.50782610606984 39.6797212210106 16.432046388867168 2.6238925112831457 44.261542238028255 24.162320742169328 51.56641314361066 44.81671107241147 3.307164571358761 17.677305876605637 39.04484671264399 50.96486175334578 51.059998145566794 53.264647288256796 76.82994059265377 10.830871590381184 15.41435361626307 77.5466802487728 69.9881419905595 58.26629716027182 44.31936963553633 35.71734944389334 33.64350580104946 4.477572379577211 28.85289702843166 36.38357429077742 51.82916071094299 49.336046129945586 6.176152848719511 49.616202259273265 57.85367909966578 44.46139355679704 23.607776869819393 33.48455998394897 42.61693309343136 0.0 9.769896370665112 34.17571087325559 48.90858938122081 48.99385390481054
