0 91 103 41 27 59 72 58 16 77 28 93 132 76 113 22 95 80 76 93 60 75 90 47 24 60 76 61 28 89 29 80 94 68 109 27 107 83 95 89 133 128 126 126 128 133 139 148 157 168 119 114 111 112 114 119 127 136 147 159 106 100 97 98 101 107 115 125 137 149 93 87 83 84 87 94 103 115 127 141 81 73 69 70 74 82 93 105 119 133 69 60 55 56 61 71 83 97 111 127 58 47 41 42 49 61 75 90 105 122 49 36 27 29 39 53 68 84 101 118 43 27 14 16 31 47 64 81 98 116 42 25 7 11 29 46 63 80 98 115
91 0 13 52 105 96 46 34 86 60 98 101 71 49 23 71 7 50 38 14 39 37 46 47 92 98 34 32 63 49 90 80 24 41 19 65 25 8 21 9 105 90 76 64 55 50 51 57 68 81 99 83 68 54 42 36 37 46 59 73 95 78 62 46 32 22 25 37 52 68 93 75 58 41 24 9 14 31 48 65 93 75 58 41 24 9 14 30 48 65 95 78 61 46 31 22 24 36 51 68 99 83 68 53 42 36 37 46 58 73 105 90 76 64 54 49 50 57 67 80 112 98 86 75 67 63 64 69 78 89 121 108 96 87 80 77 78 82 89 100
103 13 0 64 117 106 53 47 98 67 110 107 66 58 11 84 9 56 45 17 50 47 49 59 104 107 42 45 76 53 102 87 26 52 8 78 19 21 22 17 105 89 74 60 48 40 39 45 56 69 101 84 68 52 38 27 25 34 48 63 99 81 64 47 31 15 12 26 42 59 98 81 64 46 29 12 8 24 41 59 100 83 66 50 34 22 20 30 45 61 103 87 71 56 43 34 33 40 52 67 109 93 79 65 55 48 47 52 62 74 115 101 88 76 67 61 61 65 73 83 123 110 98 88 80 75 74 78 84 94 132 120 109 100 93 89 88 91 97 105
41 52 64 0 54 55 35 23 35 46 48 77 94 56 74 27 56 44 36 53 20 49 52 6 41 57 36 27 14 52 40 57 53 44 71 21 67 44 55 49 104 96 90 87 88 92 99 108 119 131 92 83 76 73 74 79 87 97 109 123 82 71 63 59 60 66 75 87 101 115 72 59 50 45 46 54 65 79 94 109 64 50 38 31 33 43 57 72 88 104 59 43 27 17 21 35 51 67 84 101 57 39 22 5 14 31 48 65 83 100 58 41 25 13 18 33 50 67 84 101 63 47 35 27 30 40 55 70 87 103 70 57 46 41 43 51 63 77 92 108
27 105 117 54 0 43 76 75 20 76 9 80 133 100 128 45 109 81 82 105 69 97 93 59 14 44 83 79 45 91 18 71 103 90 124 48 118 98 105 102 124 123 124 128 133 141 150 161 173 185 110 109 110 114 121 129 139 151 163 176 96 94 96 101 108 118 129 141 154 168 82 80 82 88 96 107 119 132 146 161 68 66 69 75 85 97 110 124 139 155 54 52 55 63 75 88 102 118 133 150 41 38 42 52 66 81 96 112 129 145 28 23 30 44 59 75 92 109 126 143 18 9 22 38 55 72 89 107 124 141 17 6 21 37 55 72 89 106 124 141
59 96 106 55 43 0 54 77 44 45 36 37 101 111 117 66 98 55 62 90 58 104 67 57 36 2 65 81 57 64 31 33 85 99 114 65 99 90 88 90 83 84 89 97 106 118 131 145 159 174 69 70 76 85 96 109 123 138 153 168 54 56 63 74 87 101 116 131 147 163 40 43 52 64 79 94 110 126 143 159 26 30 42 57 73 89 106 123 140 157 12 20 35 52 69 86 103 121 138 155 4 17 34 51 68 85 103 120 137 155 18 24 38 54 70 87 104 121 138 156 32 36 46 60 75 91 107 124 141 158 47 49 57 68 82 97 112 128 145 161
72 46 53 35 76 54 0 42 61 16 67 56 61 77 64 61 46 10 9 37 18 66 19 31 62 55 12 44 48 18 58 35 31 65 61 55 46 40 34 38 72 62 55 54 58 67 78 92 106 121 62 50 42 40 45 56 69 84 100 116 54 39 29 26 34 47 63 79 95 112 49 32 17 13 25 42 58 75 93 110 48 30 13 6 23 40 57 75 92 109 51 35 22 18 29 44 60 77 94 111 57 44 34 32 39 51 65 81 97 114 66 55 48 46 51 60 73 87 102 118 77 67 61 60 64 72 82 95 109 124 88 80 75 74 77 84 93 104 117 131
58 34 47 23 75 77 42 0 56 57 70 94 92 36 56 38 39 51 39 40 25 27 54 21 63 79 36 4 31 56 62 73 45 24 52 32 55 27 45 35 113 102 92 85 81 81 84 91 100 111 103 91 80 72 67 67 71 79 89 102 95 81 69 59 54 53 58 68 80 93 88 73 59 47 40 39 46 58 71 87 83 66 51 36 26 26 36 50 65 81 80 62 45 29 14 14 28 44 61 79 79 62 44 27 10 9 26 43 61 78 81 64 48 32 20 20 31 47 63 80 85 69 55 42 34 33 41 54 68 84 91 77 64 53 47 47 53 63 76 90
16 86 98 35 20 44 61 56 0 64 16 78 120 81 108 27 90 67 65 86 52 77 79 40 11 45 66 59 25 77 14 65 86 71 105 29 100 78 88 83 118 114 113 114 118 124 132 142 153 166 104 100 98 100 105 112 121 132 144 157 91 86 84 86 91 100 110 122 135 149 78 72 70 73 79 88 100 112 126 141 65 58 56 59 67 77 90 104 119 135 53 45 42 46 55 68 82 98 114 130 43 32 28 34 46 61 76 93 110 126 36 21 14 24 39 56 73 90 107 124 33 16 3 20 37 54 72 89 106 123 37 22 16 25 40 56 73 90 107 124
77 60 67 46 76 45 16 57 64 0 67 41 58 92 77 71 60 11 23 50 32 82 22 43 63 47 27 60 57 19 58 20 43 80 75 65 57 56 46 53 59 51 49 53 62 73 87 102 117 133 48 38 35 40 51 65 80 96 112 129 38 26 21 29 43 59 75 92 109 126 33 16 7 21 38 55 73 90 107 124 33 17 9 22 39 56 73 90 107 125 39 27 23 30 44 59 76 92 109 126 49 40 37 42 52 66 81 97 113 129 60 53 51 55 63 75 88 103 118 134 73 67 65 68 75 85 97 110 125 140 86 81 79 81 87 96 107 119 132 146
28 98 110 48 9 36 67 70 16 67 0 72 125 96 121 43 102 73 73 97 62 93 85 52 7 36 75 73 40 83 10 63 95 86 117 45 110 91 97 95 116 114 115 119 125 133 142 154 166 179 102 100 101 105 112 121 132 144 156 170 88 86 87 92 100 110 122 134 148 163 74 71 73 79 88 99 112 126 141 156 60 57 60 67 77 90 104 119 134 150 46 43 47 55 68 82 97 113 129 145 34 29 34 45 60 76 92 108 125 142 23 15 23 38 55 72 89 106 123 140 17 1 18 36 53 70 87 105 122 139 23 15 23 38 55 72 89 106 123 140
93 101 107 77 80 37 56 94 78 41 72 0 79 129 117 96 100 51 64 90 70 120 59 76 72 37 67 97 84 56 66 22 82 117 115 92 95 96 86 93 49 54 64 77 91 106 122 138 155 171 35 42 55 69 85 101 117 134 151 168 21 32 47 64 80 97 114 131 148 166 10 27 44 61 78 96 113 130 147 165 13 28 45 62 79 96 113 130 148 165 26 36 50 65 82 98 115 132 149 166 40 47 58 72 87 103 119 135 152 169 54 59 68 80 94 109 124 140 156 173 68 72 80 90 103 116 131 146 161 177 82 86 92 101 112 125 138 153 168 183
132 71 66 94 133 101 61 92 120 58 125 79 0 119 71 120 65 53 58 57 74 107 43 89 120 102 59 93 108 43 116 70 49 109 71 114 47 73 51 64 50 33 17 8 21 38 55 72 90 107 54 39 26 21 29 43 59 75 92 109 61 48 38 35 40 51 65 80 96 112 70 59 52 49 53 62 73 87 102 117 81 71 65 64 66 73 83 96 109 124 93 84 79 78 80 86 94 105 118 131 105 98 93 92 94 99 106 116 127 140 117 111 107 106 107 112 118 127 137 149 130 125 121 120 121 125 131 139 148 159 144 138 135 134 135 138 144 151 160 170
76 49 58 56 100 111 77 36 81 92 96 129 119 0 61 55 55 85 72 62 61 12 86 55 90 112 69 33 57 88 91 109 70 13 59 52 74 46 68 55 146 134 122 112 103 97 94 94 97 103 138 124 111 100 91 84 80 80 84 91 130 115 102 89 79 71 66 67 71 79 123 108 93 79 67 58 53 53 59 69 118 102 86 71 57 46 39 40 47 59 114 97 81 64 49 35 26 26 37 51 112 95 78 61 44 27 13 15 30 46 112 94 77 60 43 25 9 11 28 45 113 96 79 62 46 31 20 21 33 48 116 100 83 68 53 40 33 33 42 55
113 23 11 74 128 117 64 56 108 77 121 117 71 61 0 93 20 67 56 28 60 51 59 69 114 118 53 53 85 62 112 97 35 57 4 87 26 31 32 27 113 96 80 65 51 39 33 36 46 59 109 92 76 59 43 29 20 24 37 52 108 91 73 56 39 22 6 15 32 49 108 91 74 57 40 23 10 17 33 50 110 93 77 60 45 31 24 27 39 54 114 98 82 67 53 43 37 40 49 61 119 104 89 76 64 55 51 53 60 70 126 112 98 86 76 68 65 66 72 81 134 120 108 97 88 82 79 80 84 92 143 130 119 109 101 95 93 94 97 104
22 71 84 27 45 66 61 38 27 71 43 96 120 55 93 0 76 70 63 76 46 54 79 32 37 68 62 40 14 79 39 78 78 47 90 7 90 64 79 71 129 121 116 114 113 116 121 128 137 148 116 108 102 99 99 102 108 116 126 137 104 95 89 85 86 89 96 105 116 128 93 83 75 71 72 76 83 94 106 119 83 71 62 57 58 63 72 84 97 112 74 60 50 44 44 51 62 75 90 106 66 51 38 30 30 40 53 68 84 101 62 45 29 17 18 31 47 64 81 98 60 43 25 8 10 28 45 62 80 97 61 45 29 16 17 31 47 64 81 98
95 7 9 56 109 98 46 39 90 60 102 100 65 55 20 76 0 49 37 11 41 43 43 50 96 99 34 38 68 47 93 80 20 47 17 70 20 13 17 8 101 86 72 59 49 44 45 53 64 78 96 80 64 49 37 30 32 42 56 71 93 76 59 42 27 16 20 34 50 67 92 74 57 40 22 5 13 31 48 65 92 75 58 42 26 14 18 33 50 66 95 79 63 48 35 27 30 41 55 70 100 85 70 57 47 41 43 51 63 77 107 92 79 68 59 55 56 63 72 85 115 102 90 80 72 69 70 75 83 94 124 112 101 92 86 83 84 88 95 105
80 50 56 44 81 55 10 51 67 11 73 51 53 85 67 70 49 0 14 40 27 74 13 40 68 56 18 53 57 11 64 31 32 73 64 64 46 46 36 42 63 53 47 47 53 64 77 91 107 123 53 41 33 33 42 55 70 85 102 118 46 31 20 20 33 48 64 81 98 115 43 26 9 11 28 45 62 79 97 114 44 28 14 15 30 46 63 80 97 115 50 36 27 27 37 51 67 83 100 117 58 47 40 41 48 59 73 88 104 120 69 59 54 54 60 69 82 95 110 125 80 72 68 68 73 81 91 104 117 132 93 86 82 82 86 93 102 113 126 139
76 38 45 36 82 62 9 39 65 23 73 64 58 72 56 63 37 14 0 29 17 61 17 31 68 63 4 40 50 18 64 43 23 60 53 57 38 33 26 30 75 64 55 51 53 60 71 84 98 113 66 53 42 37 40 49 61 76 92 108 60 44 31 23 27 39 54 70 87 104 56 39 22 9 17 33 50 67 85 102 56 38 22 7 16 33 50 67 84 102 59 43 29 21 25 38 53 70 86 103 65 51 40 35 37 47 60 75 91 107 74 62 53 49 50 58 69 82 97 112 84 73 66 63 64 70 79 91 104 118 95 86 79 77 78 83 91 101 113 126
93 14 17 53 105 90 37 40 86 50 97 90 57 62 28 76 11 40 29 0 36 50 33 47 91 91 26 40 66 36 88 70 10 53 25 69 15 16 7 7 91 76 62 50 43 41 47 57 70 85 86 70 54 40 29 27 35 48 63 79 83 66 49 32 18 14 26 42 59 76 82 64 47 30 13 6 23 41 58 75 83 66 50 34 20 17 28 43 60 77 87 71 56 42 32 31 38 50 65 81 93 78 64 53 46 44 50 59 72 87 100 87 75 65 59 58 62 70 81 94 109 97 86 78 73 72 75 82 92 103 119 108 98 91 87 86 89 94 103 113
60 39 50 20 69 58 18 25 52 32 62 70 74 61 60 46 41 27 17 36 0 51 33 15 56 60 16 28 34 34 53 49 35 48 57 40 49 32 36 34 89 79 71 68 68 73 81 92 105 119 79 67 58 54 54 60 70 83 97 111 70 57 46 40 41 49 61 75 90 106 63 48 34 26 28 38 53 68 85 102 59 42 26 13 16 31 48 65 82 99 58 41 24 7 13 30 47 64 81 99 61 45 30 19 22 34 50 66 83 100 66 52 40 33 34 43 56 71 87 103 74 62 52 47 48 54 65 78 93 108 84 73 65 61 61 67 76 87 101 115
75 37 47 49 97 104 66 27 77 82 93 120 107 12 51 54 43 74 61 50 51 0 74 47 86 105 57 24 53 77 86 99 58 8 48 50 62 34 56 43 135 122 110 100 91 86 84 85 90 98 127 113 100 88 79 72 70 72 77 86 119 104 90 77 67 59 56 58 65 76 113 97 82 68 55 46 42 45 54 66 109 92 76 60 46 34 28 33 44 59 106 89 72 55 39 23 14 22 37 53 105 88 70 53 36 19 1 17 34 52 106 89 72 55 39 23 14 22 37 53 109 92 76 60 46 34 28 33 44 59 113 97 82 68 55 46 42 45 54 66
90 46 49 52 93 67 19 54 79 22 85 59 43 86 59 79 43 13 17 33 33 74 0 47 80 68 19 56 66 4 75 41 24 75 57 73 36 43 28 37 61 48 39 36 41 52 65 81 96 113 54 39 26 22 30 43 59 76 92 109 50 33 17 8 22 39 56 73 90 107 50 33 17 8 22 39 56 73 90 107 54 39 26 22 30 43 59 75 92 109 61 48 39 36 41 52 65 80 96 113 70 59 52 50 54 62 74 87 102 118 81 72 66 64 67 74 84 96 109 124 93 84 79 78 80 86 95 106 118 132 105 98 93 92 94 99 106 116 128 140
47 47 59 6 59 57 31 21 40 43 52 76 89 55 69 32 50 40 31 47 15 47 47 0 46 59 31 24 20 48 44 56 48 43 66 26 61 39 49 43 101 92 85 82 82 86 93 103 114 127 90 80 72 68 68 73 81 92 105 118 80 68 59 54 55 60 70 82 96 111 71 57 46 40 41 49 60 74 89 105 64 49 35 26 28 38 52 68 84 101 60 43 27 13 16 31 47 64 81 98 59 42 24 8 12 29 46 63 81 98 61 45 30 19 21 33 49 66 82 99 67 52 40 32 33 42 56 70 86 103 75 62 52 46 47 54 64 78 92 108
24 92 104 41 14 36 62 63 11 63 7 72 120 90 114 37 96 68 68 91 56 86 80 46 0 37 69 67 34 78 6 61 90 80 111 38 104 84 92 88 114 111 112 114 120 127 137 147 159 172 100 97 97 101 107 115 126 137 150 164 86 83 83 87 94 104 115 128 142 156 72 69 69 74 83 93 106 120 134 149 59 55 56 62 71 84 97 112 128 144 46 41 42 50 61 75 91 106 123 139 35 27 29 39 53 69 85 102 119 136 26 13 17 32 48 65 82 99 117 134 23 7 13 30 47 64 82 99 116 133 29 18 21 34 50 66 83 100 117 134
60 98 107 57 44 2 55 79 45 47 36 37 102 112 118 68 99 56 63 91 60 105 68 59 37 0 66 82 58 65 32 33 86 100 115 66 101 91 89 91 83 85 90 97 108 119 132 146 161 176 69 71 77 86 97 110 124 139 154 170 54 57 64 75 88 102 117 133 149 165 40 44 53 66 80 95 111 128 144 161 26 31 43 58 74 91 107 124 141 158 12 21 37 54 71 88 105 122 139 157 4 18 35 52 70 87 104 122 139 156 18 25 39 55 72 89 106 123 140 157 32 37 47 61 76 92 109 126 142 159 46 50 58 70 83 98 114 130 146 163
76 34 42 36 83 65 12 36 66 27 75 67 59 69 53 62 34 18 4 26 16 57 19 31 69 66 0 38 50 20 66 47 21 57 50 56 36 29 24 26 78 66 57 52 53 59 69 81 95 110 70 56 45 38 39 47 59 73 88 104 63 48 34 24 26 37 51 67 84 100 60 43 26 11 14 30 47 64 81 98 59 42 25 9 13 29 46 63 81 98 62 46 31 21 23 35 50 66 83 100 68 53 42 34 35 44 57 71 87 103 76 63 54 48 49 55 66 79 93 108 86 75 67 62 63 68 77 88 101 115 96 87 80 76 77 81 88 98 110 123
61 32 45 27 79 81 44 4 59 60 73 97 93 33 53 40 38 53 40 40 28 24 56 24 67 82 38 0 34 58 66 76 45 21 50 34 54 25 45 34 115 103 93 86 81 80 83 89 98 108 106 93 82 73 67 66 69 77 87 99 98 83 71 60 54 52 56 65 77 90 91 75 61 49 40 38 44 55 68 83 86 69 53 39 27 25 33 46 62 78 83 66 49 32 16 11 24 41 58 75 82 65 48 31 14 7 23 40 57 75 84 68 51 36 23 19 29 44 60 77 89 73 58 45 35 33 39 51 66 81 95 80 67 56 48 47 52 61 73 87
28 63 76 14 45 57 48 31 25 57 40 84 108 57 85 14 68 57 50 66 34 53 66 20 34 58 50 34 0 66 34 66 67 46 82 9 80 55 68 61 115 108 103 101 102 105 111 120 130 142 103 95 89 87 88 92 99 109 120 132 91 82 76 73 74 79 87 98 110 124 81 70 62 59 60 66 76 88 102 116 71 58 49 45 47 55 66 80 95 110 63 49 37 31 34 44 58 73 89 106 58 41 26 17 22 36 52 69 86 103 55 38 21 4 15 32 50 67 84 101 57 40 24 13 19 34 51 68 85 102 61 46 34 27 31 42 56 72 88 105
89 49 53 52 91 64 18 56 77 19 83 56 43 88 62 79 47 11 18 36 34 77 4 48 78 65 20 58 66 0 74 37 28 77 60 73 40 46 31 40 59 46 38 37 43 55 69 84 100 116 51 36 25 23 33 47 63 79 96 113 47 30 14 11 25 42 59 76 94 111 46 29 13 9 25 42 59 76 94 111 50 35 24 22 32 46 62 79 96 112 58 45 37 36 42 54 68 83 99 116 67 57 50 49 54 64 76 90 105 121 78 69 64 63 67 75 86 98 112 127 90 83 78 77 81 87 96 108 120 134 103 96 92 92 94 100 108 118 130 142
29 90 102 40 18 31 58 62 14 58 10 66 116 91 112 39 93 64 64 88 53 86 75 44 6 32 66 66 34 74 0 55 86 80 109 40 101 82 88 86 108 106 107 110 116 124 134 145 157 170 95 92 93 96 103 112 123 135 148 162 81 78 79 83 91 101 113 126 140 155 67 64 65 70 79 91 104 118 133 148 54 49 51 58 69 82 96 111 127 143 41 35 37 47 59 74 90 106 122 139 30 21 25 37 52 69 85 102 119 136 23 8 15 32 49 66 83 100 118 135 23 9 16 32 49 66 83 101 118 135 31 23 26 38 53 69 86 103 120 137
80 80 87 57 71 33 35 73 65 20 63 22 70 109 97 78 80 31 43 70 49 99 41 56 61 33 47 76 66 37 55 0 63 96 95 74 76 75 66 72 54 52 57 65 77 91 105 121 137 153 40 38 44 55 69 84 99 116 132 149 27 24 33 46 62 78 95 112 129 146 16 11 25 41 58 75 93 110 127 144 14 8 24 41 58 75 92 110 127 144 23 21 30 45 61 77 94 111 128 145 36 35 41 53 67 82 98 114 131 148 50 49 53 63 75 89 104 119 135 152 64 63 66 74 85 97 111 126 141 157 78 77 80 86 95 107 119 133 147 162
94 24 26 53 103 85 31 45 86 43 95 82 49 70 35 78 20 32 23 10 35 58 24 48 90 86 21 45 67 28 86 63 0 61 33 72 15 25 4 16 82 66 53 42 36 39 48 61 75 91 76 60 44 31 23 26 38 54 70 86 74 56 39 23 9 16 33 50 67 84 73 56 39 22 8 16 32 49 67 84 76 59 44 29 21 25 38 53 69 86 81 66 52 41 35 37 47 60 75 90 88 74 62 53 49 51 58 69 82 96 97 84 74 66 63 64 70 79 91 104 106 95 86 80 77 78 83 90 101 113 117 107 99 93 91 92 96 102 112 122
68 41 52 44 90 99 65 24 71 80 86 117 109 13 57 47 47 73 60 53 48 8 75 43 80 100 57 21 46 77 80 96 61 0 54 43 66 37 59 46 135 122 111 102 95 91 90 92 97 105 126 113 100 90 82 77 76 78 85 94 118 104 90 78 69 63 62 65 73 83 111 96 81 68 57 50 48 52 62 74 106 89 74 59 46 36 34 40 52 66 102 85 68 52 37 24 20 30 44 60 100 83 66 49 31 15 8 23 40 57 100 83 66 49 32 16 10 24 40 57 103 86 69 53 38 26 23 31 45 61 107 91 75 60 48 39 37 42 53 67
109 19 8 71 124 114 61 52 105 75 117 115 71 59 4 90 17 64 53 25 57 48 57 66 111 115 50 50 82 60 109 95 33 54 0 84 25 27 30 24 112 96 80 65 51 41 36 39 49 62 108 91 74 58 43 29 22 27 40 55 106 89 72 54 37 21 8 18 34 51 106 89 71 54 37 20 7 17 34 51 108 91 74 58 42 28 21 26 39 55 111 95 79 64 50 39 34 38 48 61 116 101 86 72 61 52 48 51 58 70 123 108 95 82 72 65 62 64 70 80 131 117 105 93 85 79 76 78 83 91 139 127 115 105 97 92 90 91 95 103
27 65 78 21 48 65 55 32 29 65 45 92 114 52 87 7 70 64 57 69 40 50 73 26 38 66 56 34 9 73 40 74 72 43 84 0 84 58 73 65 124 116 110 107 107 110 115 122 131 142 111 103 97 93 93 96 102 110 121 132 100 90 83 79 79 83 90 99 110 123 89 78 70 65 65 70 78 88 101 115 79 67 57 51 51 57 67 79 93 108 71 57 45 38 38 45 57 71 86 102 65 49 35 24 24 35 49 65 81 98 62 44 28 12 12 28 45 62 79 96 61 44 27 11 11 27 44 61 79 96 64 48 33 22 22 33 48 64 81 98
107 25 19 67 118 99 46 55 100 57 110 95 47 74 26 90 20 46 38 15 49 62 36 61 104 101 36 54 80 40 101 76 15 66 25 84 0 30 13 21 88 71 56 41 30 26 33 46 61 77 85 68 51 34 19 13 24 40 57 74 84 66 49 32 15 4 21 38 56 73 85 68 52 36 22 17 27 42 58 75 89 73 58 44 34 31 37 49 63 79 95 80 66 55 47 45 49 58 71 85 102 89 77 67 60 59 62 70 80 93 111 99 88 79 74 73 75 82 91 102 121 110 100 92 88 87 89 94 102 112 131 121 112 106 102 100 102 107 114 123
83 8 21 44 98 90 40 27 78 56 91 96 73 46 31 64 13 46 33 16 32 34 43 39 84 91 29 25 55 46 82 75 25 37 27 58 30 0 23 10 104 89 77 66 58 55 58 65 76 88 97 81 67 55 45 42 45 54 66 80 92 75 59 45 33 28 32 44 59 74 88 71 54 38 22 14 22 37 54 71 87 70 53 35 18 1 18 35 52 69 89 72 55 38 23 15 23 38 54 71 92 76 60 46 34 29 34 45 59 75 97 82 68 56 47 43 46 55 67 81 104 90 78 67 60 57 59 66 77 89 113 100 89 79 73 71 73 79 87 99
95 21 22 55 105 88 34 45 88 46 97 86 51 68 32 79 17 36 26 7 36 56 28 49 92 89 24 45 68 31 88 66 4 59 30 73 13 23 0 14 85 69 55 44 37 38 46 58 72 88 80 63 47 33 23 25 36 50 66 83 77 60 43 26 11 13 29 46 63 80 77 60 43 26 10 13 29 46 63 80 79 63 47 32 22 23 35 50 66 83 84 69 54 43 35 36 44 57 71 87 91 77 64 55 49 50 56 66 79 93 99 86 76 67 63 63 68 77 88 101 109 97 88 81 77 77 81 89 98 110 119 109 100 94 91 91 94 101 109 120
89 9 17 49 102 90 38 35 83 53 95 93 64 55 27 71 8 42 30 7 34 43 37 43 88 91 26 34 61 40 86 72 16 46 24 65 21 10 14 0 97 82 68 57 49 47 51 60 72 86 91 75 60 46 36 33 38 50 64 79 87 70 53 37 24 19 27 42 58 75 85 67 50 33 16 6 21 38 55 72 85 68 51 34 18 10 23 39 56 73 88 71 55 40 28 24 31 44 60 76 93 77 63 50 41 38 43 53 66 81 99 85 72 61 54 52 55 64 75 88 107 94 83 74 68 66 69 75 85 97 117 105 94 86 81 80 82 88 96 107
133 105 105 104 124 83 72 113 118 59 116 49 50 146 113 129 101 63 75 91 89 135 61 101 114 83 78 115 115 59 108 54 82 135 112 124 88 104 85 97 0 18 35 52 70 87 104 122 139 156 15 23 38 54 71 88 105 122 140 157 29 34 45 60 75 91 108 125 142 159 43 47 55 68 82 97 113 129 145 162 58 60 67 77 90 104 119 134 150 166 72 74 80 88 99 112 126 140 156 171 86 88 93 100 110 122 134 148 162 177 100 102 106 112 121 132 144 156 170 184 115 116 119 125 133 143 154 166 179 192 129 130 133 138 145 154 164 176 188 201
128 90 89 96 123 84 62 102 114 51 114 54 33 134 96 121 86 53 64 76 79 122 48 92 111 85 66 103 108 46 106 52 66 122 96 116 71 89 69 82 18 0 18 35 52 70 87 104 122 139 23 15 23 38 54 71 88 105 122 140 34 29 34 45 60 75 91 108 125 142 47 43 46 55 67 82 97 112 129 145 60 57 60 67 77 90 104 118 134 150 74 72 73 79 88 99 112 126 140 155 88 86 87 92 100 110 121 134 148 162 102 100 101 105 112 121 131 143 156 170 116 114 115 119 125 133 142 153 165 178 130 128 129 132 138 145 154 164 175 187
126 76 74 90 124 89 55 92 113 49 115 64 17 122 80 116 72 47 55 62 71 110 39 85 112 90 57 93 103 38 107 57 53 111 80 110 56 77 55 68 35 18 0 18 35 52 70 87 104 122 38 23 15 23 38 54 71 88 105 122 45 34 29 34 45 60 75 91 108 125 55 46 43 46 55 67 81 97 112 129 67 60 57 60 67 77 90 104 118 134 80 73 71 73 79 88 99 112 126 140 93 87 85 87 92 99 109 121 134 148 106 101 99 101 105 112 121 131 143 156 119 115 114 115 118 124 132 142 153 165 133 129 128 129 132 137 144 153 163 175
126 64 60 87 128 97 54 85 114 53 119 77 8 112 65 114 59 47 51 50 68 100 36 82 114 97 52 86 101 37 110 65 42 102 65 107 41 66 44 57 52 35 18 0 18 35 52 70 87 104 54 38 23 15 23 38 54 71 88 105 60 45 34 29 33 45 59 75 91 108 68 55 46 43 46 55 67 81 97 112 77 67 60 57 59 66 77 89 103 118 88 79 73 71 73 79 88 99 112 125 100 92 87 85 87 91 99 109 121 134 112 105 101 99 100 105 111 120 131 143 125 119 115 113 114 118 124 132 141 152 138 132 129 127 128 131 137 144 153 163
128 55 48 88 133 106 58 81 118 62 125 91 21 103 51 113 49 53 53 43 68 91 41 82 120 108 53 81 102 43 116 77 36 95 51 107 30 58 37 49 70 52 35 18 0 18 35 52 70 87 71 54 38 23 15 23 38 54 71 88 75 60 45 33 29 33 45 59 75 91 82 67 55 46 43 46 55 67 81 96 90 77 67 59 57 59 66 77 89 103 99 88 79 73 71 73 78 87 99 111 110 100 92 87 85 86 91 99 109 120 121 112 105 100 99 100 104 111 120 130 133 125 118 114 113 114 117 123 131 141 145 138 132 128 127 127 131 136 143 152
133 50 40 92 141 118 67 81 124 73 133 106 38 97 39 116 44 64 60 41 73 86 52 86 127 119 59 80 105 55 124 91 39 91 41 110 26 55 38 47 87 70 52 35 18 0 18 35 52 70 88 71 54 38 23 14 23 38 54 71 91 75 60 45 33 28 33 45 59 75 97 82 67 55 46 42 46 55 67 81 104 90 77 66 59 56 59 66 76 89 112 99 88 79 73 70 72 78 87 98 122 110 99 91 86 84 86 91 98 108 132 121 112 105 100 98 99 104 110 119 143 133 124 118 114 112 113 117 123 131 154 145 137 131 127 126 127 130 135 143
139 51 39 99 150 131 78 84 132 87 142 122 55 94 33 121 45 77 71 47 81 84 65 93 137 132 69 83 111 69 134 105 48 90 36 115 33 58 46 51 104 87 70 52 35 18 0 18 35 52 105 88 71 54 38 23 14 23 38 54 108 91 75 59 45 33 28 33 45 59 113 97 81 67 55 46 42 46 54 67 119 104 90 77 66 59 56 59 66 76 126 112 99 88 78 72 70 72 78 87 134 121 109 99 91 86 84 85 90 98 144 131 121 111 104 99 98 99 103 110 154 142 132 124 117 113 112 113 116 122 164 154 144 137 131 127 125 126 130 135
148 57 45 108 161 145 92 91 142 102 154 138 72 94 36 128 53 91 84 57 92 85 81 103 147 146 81 89 120 84 145 121 61 92 39 122 46 65 58 60 122 104 87 70 52 35 18 0 18 35 122 105 88 71 54 38 23 14 23 38 125 108 91 75 59 45 33 28 33 45 129 112 97 81 67 55 46 42 45 54 134 118 104 89 77 66 59 56 58 65 140 126 112 99 87 78 72 70 72 77 148 134 121 109 99 91 85 83 85 90 156 143 131 120 111 104 99 97 99 103 166 153 142 132 123 117 113 111 112 116 176 164 153 144 136 130 126 125 126 129
157 68 56 119 173 159 106 100 153 117 166 155 90 97 46 137 64 107 98 70 105 90 96 114 159 161 95 98 130 100 157 137 75 97 49 131 61 76 72 72 139 122 104 87 70 52 35 18 0 18 140 122 105 88 71 54 38 23 14 23 142 125 108 91 75 59 45 33 28 33 145 129 112 97 81 67 54 45 42 45 150 134 118 103 89 76 66 58 55 58 156 140 126 112 99 87 78 72 69 71 162 148 134 121 109 98 90 85 83 85 170 156 143 131 120 110 103 99 97 98 179 165 153 141 131 123 116 112 110 112 188 175 163 153 143 135 130 126 124 125
168 81 69 131 185 174 121 111 166 133 179 171 107 103 59 148 78 123 113 85 119 98 113 127 172 176 110 108 142 116 170 153 91 105 62 142 77 88 88 86 156 139 122 104 87 70 52 35 18 0 157 140 122 105 88 71 54 38 23 14 159 142 125 108 91 75 59 45 33 28 162 145 129 112 96 81 67 54 45 42 166 150 134 118 103 89 76 65 58 55 171 155 140 125 111 98 87 77 71 69 177 162 148 134 120 108 98 90 85 83 184 170 156 143 130 119 110 103 98 96 192 178 165 152 141 131 122 116 112 110 201 187 175 163 152 143 135 129 125 124
119 99 101 92 110 69 62 103 104 48 102 35 54 138 109 116 96 53 66 86 79 127 54 90 100 69 70 106 103 51 95 40 76 126 108 111 85 97 80 91 15 23 38 54 71 88 105 122 140 157 0 18 35 52 70 87 104 122 139 156 15 23 38 54 71 88 105 122 140 157 29 34 45 60 75 91 108 125 142 159 43 47 55 68 82 97 113 129 145 162 58 60 67 77 90 104 119 134 150 166 72 74 80 88 99 112 126 140 156 171 86 88 93 100 110 122 134 148 162 177 100 102 106 112 121 132 144 156 170 184 115 116 119 125 133 143 154 166 179 192
114 83 84 83 109 70 50 91 100 38 100 42 39 124 92 108 80 41 53 70 67 113 39 80 97 71 56 93 95 36 92 38 60 113 91 103 68 81 63 75 23 15 23 38 54 71 88 105 122 140 18 0 18 35 52 70 87 104 122 139 23 15 23 38 54 71 88 105 122 140 34 29 34 45 60 75 91 108 125 142 47 43 46 55 67 82 97 112 129 145 60 57 60 67 77 90 104 118 134 150 74 72 73 79 88 99 112 126 140 155 88 86 87 92 100 110 121 134 148 162 102 100 101 105 112 121 131 143 156 170 116 114 115 119 125 133 142 153 165 178
111 68 68 76 110 76 42 80 98 35 101 55 26 111 76 102 64 33 42 54 58 100 26 72 97 77 45 82 89 25 93 44 44 100 74 97 51 67 47 60 38 23 15 23 38 54 71 88 105 122 35 18 0 18 35 52 70 87 104 122 38 23 15 23 38 54 71 88 105 122 45 34 29 34 45 60 75 91 108 125 55 46 43 46 55 67 81 97 112 129 67 60 57 60 67 77 90 104 118 134 80 73 71 73 79 88 99 112 126 140 93 87 85 87 92 99 109 121 134 148 106 101 99 101 105 112 121 131 143 156 119 115 114 115 118 124 132 142 153 165
112 54 52 73 114 85 40 72 100 40 105 69 21 100 59 99 49 33 37 40 54 88 22 68 101 86 38 73 87 23 96 55 31 90 58 93 34 55 33 46 54 38 23 15 23 38 54 71 88 105 52 35 18 0 18 35 52 70 87 104 54 38 23 15 23 38 54 71 88 105 60 45 34 29 33 45 59 75 91 108 68 55 46 43 46 55 67 81 97 112 77 67 60 57 59 66 77 89 103 118 88 79 73 71 73 79 88 99 112 125 100 92 87 85 87 91 99 109 121 134 112 105 101 99 100 105 111 120 131 143 125 119 115 113 114 118 124 132 141 152
114 42 38 74 121 96 45 67 105 51 112 85 29 91 43 99 37 42 40 29 54 79 30 68 107 97 39 67 88 33 103 69 23 82 43 93 19 45 23 36 71 54 38 23 15 23 38 54 71 88 70 52 35 18 0 18 35 52 70 87 71 54 38 23 15 23 38 54 71 88 75 60 45 33 29 33 45 59 75 91 82 67 55 46 43 46 55 67 81 96 90 77 67 59 57 59 66 77 89 103 99 88 79 73 71 73 78 87 99 111 110 100 92 87 85 86 91 99 109 120 121 112 105 100 99 100 104 111 120 130 133 125 118 114 113 114 117 123 131 141
119 36 27 79 129 109 56 67 112 65 121 101 43 84 29 102 30 55 49 27 60 72 43 73 115 110 47 66 92 47 112 84 26 77 29 96 13 42 25 33 88 71 54 38 23 14 23 38 54 71 87 70 52 35 18 0 18 35 52 70 88 71 54 38 23 14 23 38 54 71 91 75 60 45 33 28 33 45 59 75 97 82 67 55 46 42 46 55 67 81 104 90 77 66 59 56 59 66 76 89 112 99 88 79 73 70 72 78 87 98 122 110 99 91 86 84 86 91 98 108 132 121 112 105 100 98 99 104 110 119 143 133 124 118 114 112 113 117 123 131
127 37 25 87 139 123 69 71 121 80 132 117 59 80 20 108 32 70 61 35 70 70 59 81 126 124 59 69 99 63 123 99 38 76 22 102 24 45 36 38 105 88 71 54 38 23 14 23 38 54 104 87 70 52 35 18 0 18 35 52 105 88 71 54 38 23 14 23 38 54 108 91 75 59 45 33 28 33 45 59 113 97 81 67 55 46 42 46 54 67 119 104 90 77 66 59 56 59 66 76 126 112 99 88 78 72 70 72 78 87 134 121 109 99 91 86 84 85 90 98 144 131 121 111 104 99 98 99 103 110 154 142 132 124 117 113 112 113 116 122
136 46 34 97 151 138 84 79 132 96 144 134 75 80 24 116 42 85 76 48 83 72 76 92 137 139 73 77 109 79 135 116 54 78 27 110 40 54 50 50 122 105 88 71 54 38 23 14 23 38 122 104 87 70 52 35 18 0 18 35 122 105 88 71 54 38 23 14 23 38 125 108 91 75 59 45 33 28 33 45 129 112 97 81 67 55 46 42 45 54 134 118 104 89 77 66 59 56 58 65 140 126 112 99 87 78 72 70 72 77 148 134 121 109 99 91 85 83 85 90 156 143 131 120 111 104 99 97 99 103 166 153 142 132 123 117 113 111 112 116
147 59 48 109 163 153 100 89 144 112 156 151 92 84 37 126 56 102 92 63 97 77 92 105 150 154 88 87 120 96 148 132 70 85 40 121 57 66 66 64 140 122 105 88 71 54 38 23 14 23 139 122 104 87 70 52 35 18 0 18 140 122 105 88 71 54 38 23 14 23 142 125 108 91 75 59 45 33 28 33 145 129 112 97 81 67 54 45 42 45 150 134 118 103 89 76 66 58 55 58 156 140 126 112 99 87 78 72 69 71 162 148 134 121 109 98 90 85 83 85 170 156 143 131 120 110 103 99 97 98 179 165 153 141 131 123 116 112 110 112
159 73 63 123 176 168 116 102 157 129 170 168 109 91 52 137 71 118 108 79 111 86 109 118 164 170 104 99 132 113 162 149 86 94 55 132 74 80 83 79 157 140 122 105 88 71 54 38 23 14 156 139 122 104 87 70 52 35 18 0 157 140 122 105 88 71 54 38 23 14 159 142 125 108 91 75 59 45 33 28 162 145 129 112 96 81 67 54 45 42 166 150 134 118 103 89 76 65 58 55 171 155 140 125 111 98 87 77 71 69 177 162 148 134 120 108 98 90 85 83 184 170 156 143 130 119 110 103 98 96 192 178 165 152 141 131 122 116 112 110
106 95 99 82 96 54 54 95 91 38 88 21 61 130 108 104 93 46 60 83 70 119 50 80 86 54 63 98 91 47 81 27 74 118 106 100 84 92 77 87 29 34 45 60 75 91 108 125 142 159 15 23 38 54 71 88 105 122 140 157 0 18 35 52 70 87 104 122 139 156 15 23 38 54 71 88 105 122 140 157 29 34 45 60 75 91 108 125 142 159 43 47 55 68 82 97 113 129 145 162 58 60 67 77 90 104 119 134 150 166 72 74 80 88 99 112 126 140 156 171 86 88 93 100 110 122 134 148 162 177 100 102 106 112 121 132 144 156 170 184
100 78 81 71 94 56 39 81 86 26 86 32 48 115 91 95 76 31 44 66 57 104 33 68 83 57 48 83 82 30 78 24 56 104 89 90 66 75 60 70 34 29 34 45 60 75 91 108 125 142 23 15 23 38 54 71 88 105 122 140 18 0 18 35 52 70 87 104 122 139 23 15 23 38 54 71 88 105 122 140 34 29 34 45 60 75 91 108 125 142 47 43 46 55 67 82 97 112 129 145 60 57 60 67 77 90 104 118 134 150 74 72 73 79 88 99 112 126 140 155 88 86 87 92 100 110 121 134 148 162 102 100 101 105 112 121 131 143 156 170
97 62 64 63 96 63 29 69 84 21 87 47 38 102 73 89 59 20 31 49 46 90 17 59 83 64 34 71 76 14 79 33 39 90 72 83 49 59 43 53 45 34 29 34 45 60 75 91 108 125 38 23 15 23 38 54 71 88 105 122 35 18 0 18 35 52 70 87 104 122 38 23 15 23 38 54 71 88 105 122 45 34 29 34 45 60 75 91 108 125 55 46 43 46 55 67 81 97 112 129 67 60 57 60 67 77 90 104 118 134 80 73 71 73 79 88 99 112 126 140 93 87 85 87 92 99 109 121 134 148 106 101 99 101 105 112 121 131 143 156
98 46 47 59 101 74 26 59 86 29 92 64 35 89 56 85 42 20 23 32 40 77 8 54 87 75 24 60 73 11 83 46 23 78 54 79 32 45 26 37 60 45 34 29 33 45 59 75 91 108 54 38 23 15 23 38 54 71 88 105 52 35 18 0 18 35 52 70 87 104 54 38 23 15 23 38 54 71 88 105 60 45 34 29 33 45 59 75 91 108 68 55 46 43 46 55 67 81 97 112 77 67 60 57 59 66 77 89 103 118 88 79 73 71 73 79 88 99 112 125 100 92 87 85 87 91 99 109 121 134 112 105 101 99 100 105 111 120 131 143
101 32 31 60 108 87 34 54 91 43 100 80 40 79 39 86 27 33 27 18 41 67 22 55 94 88 26 54 74 25 91 62 9 69 37 79 15 33 11 24 75 60 45 33 29 33 45 59 75 91 71 54 38 23 15 23 38 54 71 88 70 52 35 18 0 18 35 52 70 87 71 54 38 23 15 23 38 54 71 88 75 60 45 33 29 33 45 59 75 91 82 67 55 46 43 46 55 67 81 96 90 77 67 59 57 59 66 77 89 103 99 88 79 73 71 73 78 87 99 111 110 100 92 87 85 86 91 99 109 120 121 112 105 100 99 100 104 111 120 130
107 22 15 66 118 101 47 53 100 59 110 97 51 71 22 89 16 48 39 14 49 59 39 60 104 102 37 52 79 42 101 78 16 63 21 83 4 28 13 19 91 75 60 45 33 28 33 45 59 75 88 71 54 38 23 14 23 38 54 71 87 70 52 35 18 0 18 35 52 70 88 71 54 38 23 14 23 38 54 71 91 75 60 45 33 28 33 45 59 75 97 82 67 55 46 42 46 55 67 81 104 90 77 66 59 56 59 66 76 89 112 99 88 79 73 70 72 78 87 98 122 110 99 91 86 84 86 91 98 108 132 121 112 105 100 98 99 104 110 119
115 25 12 75 129 116 63 58 110 75 122 114 65 66 6 96 20 64 54 26 61 56 56 70 115 117 51 56 87 59 113 95 33 62 8 90 21 32 29 27 108 91 75 59 45 33 28 33 45 59 105 88 71 54 38 23 14 23 38 54 104 87 70 52 35 18 0 18 35 52 105 88 71 54 38 23 14 23 38 54 108 91 75 59 45 33 28 33 45 59 113 97 81 67 55 46 42 46 54 67 119 104 90 77 66 59 56 59 66 76 126 112 99 88 78 72 70 72 78 87 134 121 109 99 91 86 84 85 90 98 144 131 121 111 104 99 98 99 103 110
125 37 26 87 141 131 79 68 122 92 134 131 80 67 15 105 34 81 70 42 75 58 73 82 128 133 67 65 98 76 126 112 50 65 18 99 38 44 46 42 125 108 91 75 59 45 33 28 33 45 122 105 88 71 54 38 23 14 23 38 122 104 87 70 52 35 18 0 18 35 122 105 88 71 54 38 23 14 23 38 125 108 91 75 59 45 33 28 33 45 129 112 97 81 67 55 46 42 45 54 134 118 104 89 77 66 59 56 58 65 140 126 112 99 87 78 72 70 72 77 148 134 121 109 99 91 85 83 85 90 156 143 131 120 111 104 99 97 99 103
137 52 42 101 154 147 95 80 135 109 148 148 96 71 32 116 50 98 87 59 90 65 90 96 142 149 84 77 110 94 140 129 67 73 34 110 56 59 63 58 142 125 108 91 75 59 45 33 28 33 140 122 105 88 71 54 38 23 14 23 139 122 104 87 70 52 35 18 0 18 140 122 105 88 71 54 38 23 14 23 142 125 108 91 75 59 45 33 28 33 145 129 112 97 81 67 54 45 42 45 150 134 118 103 89 76 66 58 55 58 156 140 126 112 99 87 78 72 69 71 162 148 134 121 109 98 90 85 83 85 170 156 143 131 120 110 103 99 97 98
149 68 59 115 168 163 112 93 149 126 163 166 112 79 49 128 67 115 104 76 106 76 107 111 156 165 100 90 124 111 155 146 84 83 51 123 73 74 80 75 159 142 125 108 91 75 59 45 33 28 157 140 122 105 88 71 54 38 23 14 156 139 122 104 87 70 52 35 18 0 157 140 122 105 88 71 54 38 23 14 159 142 125 108 91 75 59 45 33 28 162 145 129 112 96 81 67 54 45 42 166 150 134 118 103 89 76 65 58 55 171 155 140 125 111 98 87 77 71 69 177 162 148 134 120 108 98 90 85 83 184 170 156 143 130 119 110 103 98 96
93 93 98 72 82 40 49 88 78 33 74 10 70 123 108 93 92 43 56 82 63 113 50 71 72 40 60 91 81 46 67 16 73 111 106 89 85 88 77 85 43 47 55 68 82 97 113 129 145 162 29 34 45 60 75 91 108 125 142 159 15 23 38 54 71 88 105 122 140 157 0 18 35 52 70 87 104 122 139 156 15 23 38 54 71 88 105 122 140 157 29 34 45 60 75 91 108 125 142 159 43 47 55 68 82 97 113 129 145 162 58 60 67 77 90 104 119 134 150 166 72 74 80 88 99 112 126 140 156 171 86 88 93 100 110 122 134 148 162 177
87 75 81 59 80 43 32 73 72 16 71 27 59 108 91 83 74 26 39 64 48 97 33 57 69 44 43 75 70 29 64 11 56 96 89 78 68 71 60 67 47 43 46 55 67 82 97 112 129 145 34 29 34 45 60 75 91 108 125 142 23 15 23 38 54 71 88 105 122 140 18 0 18 35 52 70 87 104 122 139 23 15 23 38 54 71 88 105 122 140 34 29 34 45 60 75 91 108 125 142 47 43 46 55 67 82 97 112 129 145 60 57 60 67 77 90 104 118 134 150 74 72 73 79 88 99 112 126 140 155 88 86 87 92 100 110 121 134 148 162
83 58 64 50 82 52 17 59 70 7 73 44 52 93 74 75 57 9 22 47 34 82 17 46 69 53 26 61 62 13 65 25 39 81 71 70 52 54 43 50 55 46 43 46 55 67 81 97 112 129 45 34 29 34 45 60 75 91 108 125 38 23 15 23 38 54 71 88 105 122 35 18 0 18 35 52 70 87 104 122 38 23 15 23 38 54 71 88 105 122 45 34 29 34 45 60 75 91 108 125 55 46 43 46 55 67 81 97 112 129 67 60 57 60 67 77 90 104 118 134 80 73 71 73 79 88 99 112 126 140 93 87 85 87 92 99 109 121 134 148
84 41 46 45 88 64 13 47 73 21 79 61 49 79 57 71 40 11 9 30 26 68 8 40 74 66 11 49 59 9 70 41 22 68 54 65 36 38 26 33 68 55 46 43 46 55 67 81 97 112 60 45 34 29 33 45 59 75 91 108 54 38 23 15 23 38 54 71 88 105 52 35 18 0 18 35 52 70 87 104 54 38 23 15 23 38 54 71 88 105 60 45 34 29 33 45 59 75 91 108 68 55 46 43 46 55 67 81 97 112 77 67 60 57 59 66 77 89 103 118 88 79 73 71 73 79 88 99 112 125 100 92 87 85 87 91 99 109 121 134
87 24 29 46 96 79 25 40 79 38 88 78 53 67 40 72 22 28 17 13 28 55 22 41 83 80 14 40 60 25 79 58 8 57 37 65 22 22 10 16 82 67 55 46 43 46 55 67 81 96 75 60 45 33 29 33 45 59 75 91 71 54 38 23 15 23 38 54 71 88 70 52 35 18 0 18 35 52 70 87 71 54 38 23 15 23 38 54 71 88 75 60 45 33 29 33 45 59 75 91 82 67 55 46 43 46 55 67 81 96 90 77 67 59 57 59 66 77 89 103 99 88 79 73 71 73 78 87 99 111 110 100 92 87 85 86 91 99 109 120
94 9 12 54 107 94 42 39 88 55 99 96 62 58 23 76 5 45 33 6 38 46 39 49 93 95 30 38 66 42 91 75 16 50 20 70 17 14 13 6 97 82 67 55 46 42 46 55 67 81 91 75 60 45 33 28 33 45 59 75 88 71 54 38 23 14 23 38 54 71 87 70 52 35 18 0 18 35 52 70 88 71 54 38 23 14 23 38 54 71 91 75 60 45 33 28 33 45 59 75 97 82 67 55 46 42 46 55 67 81 104 90 77 66 59 56 59 66 76 89 112 99 88 79 73 70 72 78 87 98 122 110 99 91 86 84 86 91 98 108
103 14 8 65 119 110 58 46 100 73 112 113 73 53 10 83 13 62 50 23 53 42 56 60 106 111 47 44 76 59 104 93 32 48 7 78 27 22 29 21 113 97 81 67 55 46 42 46 54 67 108 91 75 59 45 33 28 33 45 59 105 88 71 54 38 23 14 23 38 54 104 87 70 52 35 18 0 18 35 52 105 88 71 54 38 23 14 23 38 54 108 91 75 59 45 33 28 33 45 59 113 97 81 67 55 46 42 46 54 67 119 104 90 77 66 59 56 59 66 76 126 112 99 88 78 72 70 72 78 87 134 121 109 99 91 86 84 85 90 98
115 31 24 79 132 126 75 58 112 90 126 130 87 53 17 94 31 79 67 41 68 45 73 74 120 128 64 55 88 76 118 110 49 52 17 88 42 37 46 38 129 112 97 81 67 55 46 42 45 54 125 108 91 75 59 45 33 28 33 45 122 105 88 71 54 38 23 14 23 38 122 104 87 70 52 35 18 0 18 35 122 105 88 71 54 38 23 14 23 38 125 108 91 75 59 45 33 28 33 45 129 112 97 81 67 55 46 42 45 54 134 118 104 89 77 66 59 56 58 65 140 126 112 99 87 78 72 70 72 77 148 134 121 109 99 91 85 83 85 90
127 48 41 94 146 143 93 71 126 107 141 147 102 59 33 106 48 97 85 58 85 54 90 89 134 144 81 68 102 94 133 127 67 62 34 101 58 54 63 55 145 129 112 97 81 67 54 45 42 45 142 125 108 91 75 59 45 33 28 33 140 122 105 88 71 54 38 23 14 23 139 122 104 87 70 52 35 18 0 18 140 122 105 88 71 54 38 23 14 23 142 125 108 91 75 59 45 33 28 33 145 129 112 97 81 67 54 45 42 45 150 134 118 103 89 76 66 58 55 58 156 140 126 112 99 87 78 72 69 71 162 148 134 121 109 98 90 85 83 85
141 65 59 109 161 159 110 87 141 124 156 165 117 69 50 119 65 114 102 75 102 66 107 105 149 161 98 83 116 111 148 144 84 74 51 115 75 71 80 72 162 145 129 112 96 81 67 54 45 42 159 142 125 108 91 75 59 45 33 28 157 140 122 105 88 71 54 38 23 14 156 139 122 104 87 70 52 35 18 0 157 140 122 105 88 71 54 38 23 14 159 142 125 108 91 75 59 45 33 28 162 145 129 112 96 81 67 54 45 42 166 150 134 118 103 89 76 65 58 55 171 155 140 125 111 98 87 77 71 69 177 162 148 134 120 108 98 90 85 83
81 93 100 64 68 26 48 83 65 33 60 13 81 118 110 83 92 44 56 83 59 109 54 64 59 26 59 86 71 50 54 14 76 106 108 79 89 87 79 85 58 60 67 77 90 104 119 134 150 166 43 47 55 68 82 97 113 129 145 162 29 34 45 60 75 91 108 125 142 159 15 23 38 54 71 88 105 122 140 157 0 18 35 52 70 87 104 122 139 156 15 23 38 54 71 88 105 122 140 157 29 34 45 60 75 91 108 125 142 159 43 47 55 68 82 97 113 129 145 162 58 60 67 77 90 104 119 134 150 166 72 74 80 88 99 112 126 140 156 171
73 75 83 50 66 30 30 66 58 17 57 28 71 102 93 71 75 28 38 66 42 92 39 49 55 31 42 69 58 35 49 8 59 89 91 67 73 70 63 68 60 57 60 67 77 90 104 118 134 150 47 43 46 55 67 82 97 112 129 145 34 29 34 45 60 75 91 108 125 142 23 15 23 38 54 71 88 105 122 140 18 0 18 35 52 70 87 104 122 139 23 15 23 38 54 71 88 105 122 140 34 29 34 45 60 75 91 108 125 142 47 43 46 55 67 82 97 112 129 145 60 57 60 67 77 90 104 118 134 150 74 72 73 79 88 99 112 126 140 155
69 58 66 38 69 42 13 51 56 9 60 45 65 86 77 62 58 14 22 50 26 76 26 35 56 43 25 53 49 24 51 24 44 74 74 57 58 53 47 51 67 60 57 60 67 77 90 104 118 134 55 46 43 46 55 67 81 97 112 129 45 34 29 34 45 60 75 91 108 125 38 23 15 23 38 54 71 88 105 122 35 18 0 18 35 52 70 87 104 122 38 23 15 23 38 54 71 88 105 122 45 34 29 34 45 60 75 91 108 125 55 46 43 46 55 67 81 97 112 129 67 60 57 60 67 77 90 104 118 134 80 73 71 73 79 88 99 112 126 140
70 41 50 31 75 57 6 36 59 22 67 62 64 71 60 57 42 15 7 34 13 60 22 26 62 58 9 39 45 22 58 41 29 59 58 51 44 35 32 34 77 67 60 57 59 66 77 89 103 118 68 55 46 43 46 55 67 81 97 112 60 45 34 29 33 45 59 75 91 108 54 38 23 15 23 38 54 71 88 105 52 35 18 0 18 35 52 70 87 104 54 38 23 15 23 38 54 71 88 105 60 45 34 29 33 45 59 75 91 108 68 55 46 43 46 55 67 81 97 112 77 67 60 57 59 66 77 89 103 118 88 79 73 71 73 79 88 99 112 125
74 24 34 33 85 73 23 26 67 39 77 79 66 57 45 58 26 30 16 20 16 46 30 28 71 74 13 27 47 32 69 58 21 46 42 51 34 18 22 18 90 77 67 59 57 59 66 77 89 103 82 67 55 46 43 46 55 67 81 96 75 60 45 33 29 33 45 59 75 91 71 54 38 23 15 23 38 54 71 88 70 52 35 18 0 18 35 52 70 87 71 54 38 23 15 23 38 54 71 88 75 60 45 33 29 33 45 59 75 91 82 67 55 46 43 46 55 67 81 96 90 77 67 59 57 59 66 77 89 103 99 88 79 73 71 73 78 87 99 111
82 9 22 43 97 89 40 26 77 56 90 96 73 46 31 63 14 46 33 17 31 34 43 38 84 91 29 25 55 46 82 75 25 36 28 57 31 1 23 10 104 90 77 66 59 56 59 66 76 89 97 82 67 55 46 42 46 55 67 81 91 75 60 45 33 28 33 45 59 75 88 71 54 38 23 14 23 38 54 71 87 70 52 35 18 0 18 35 52 70 88 71 54 38 23 14 23 38 54 71 91 75 60 45 33 28 33 45 59 75 97 82 67 55 46 42 46 55 67 81 104 90 77 66 59 56 59 66 76 89 112 99 88 79 73 70 72 78 87 98
93 14 20 57 110 106 57 36 90 73 104 113 83 39 24 72 18 63 50 28 48 28 59 52 97 107 46 33 66 62 96 92 38 34 21 67 37 18 35 23 119 104 90 77 66 59 56 59 66 76 113 97 81 67 55 46 42 46 54 67 108 91 75 59 45 33 28 33 45 59 105 88 71 54 38 23 14 23 38 54 104 87 70 52 35 18 0 18 35 52 105 88 71 54 38 23 14 23 38 54 108 91 75 59 45 33 28 33 45 59 113 97 81 67 55 46 42 46 54 67 119 104 90 77 66 59 56 59 66 76 126 112 99 88 78 72 70 72 78 87
105 30 30 72 124 123 75 50 104 90 119 130 96 40 27 84 33 80 67 43 65 33 75 68 112 124 63 46 80 79 111 110 53 40 26 79 49 35 50 39 134 118 104 89 77 66 59 56 58 65 129 112 97 81 67 55 46 42 45 54 125 108 91 75 59 45 33 28 33 45 122 105 88 71 54 38 23 14 23 38 122 104 87 70 52 35 18 0 18 35 122 105 88 71 54 38 23 14 23 38 125 108 91 75 59 45 33 28 33 45 129 112 97 81 67 55 46 42 45 54 134 118 104 89 77 66 59 56 58 65 140 126 112 99 87 78 72 70 72 77
119 48 45 88 139 140 92 65 119 107 134 148 109 47 39 97 50 97 84 60 82 44 92 84 128 141 81 62 95 96 127 127 69 52 39 93 63 52 66 56 150 134 118 103 89 76 66 58 55 58 145 129 112 97 81 67 54 45 42 45 142 125 108 91 75 59 45 33 28 33 140 122 105 88 71 54 38 23 14 23 139 122 104 87 70 52 35 18 0 18 140 122 105 88 71 54 38 23 14 23 142 125 108 91 75 59 45 33 28 33 145 129 112 97 81 67 54 45 42 45 150 134 118 103 89 76 66 58 55 58 156 140 126 112 99 87 78 72 69 71
133 65 61 104 155 157 109 81 135 125 150 165 124 59 54 112 66 115 102 77 99 59 109 101 144 158 98 78 110 112 143 144 86 66 55 108 79 69 83 73 166 150 134 118 103 89 76 65 58 55 162 145 129 112 96 81 67 54 45 42 159 142 125 108 91 75 59 45 33 28 157 140 122 105 88 71 54 38 23 14 156 139 122 104 87 70 52 35 18 0 157 140 122 105 88 71 54 38 23 14 159 142 125 108 91 75 59 45 33 28 162 145 129 112 96 81 67 54 45 42 166 150 134 118 103 89 76 65 58 55 171 155 140 125 111 98 87 77 71 69
69 95 103 59 54 12 51 80 53 39 46 26 93 114 114 74 95 50 59 87 58 106 61 60 46 12 62 83 63 58 41 23 81 102 111 71 95 89 84 88 72 74 80 88 99 112 126 140 156 171 58 60 67 77 90 104 119 134 150 166 43 47 55 68 82 97 113 129 145 162 29 34 45 60 75 91 108 125 142 159 15 23 38 54 71 88 105 122 140 157 0 18 35 52 70 87 104 122 139 156 15 23 38 54 71 88 105 122 140 157 29 34 45 60 75 91 108 125 142 159 43 47 55 68 82 97 113 129 145 162 58 60 67 77 90 104 119 134 150 166
60 78 87 43 52 20 35 62 45 27 43 36 84 97 98 60 79 36 43 71 41 89 48 43 41 21 46 66 49 45 35 21 66 85 95 57 80 72 69 71 74 72 73 79 88 99 112 126 140 155 60 57 60 67 77 90 104 118 134 150 47 43 46 55 67 82 97 112 129 145 34 29 34 45 60 75 91 108 125 142 23 15 23 38 54 71 88 105 122 140 18 0 18 35 52 70 87 104 122 139 23 15 23 38 54 71 88 105 122 140 34 29 34 45 60 75 91 108 125 142 47 43 46 55 67 82 97 112 129 145 60 57 60 67 77 90 104 118 134 150
55 61 71 27 55 35 22 45 42 23 47 50 79 81 82 50 63 27 29 56 24 72 39 27 42 37 31 49 37 37 37 30 52 68 79 45 66 55 54 55 80 73 71 73 79 88 99 112 126 140 67 60 57 60 67 77 90 104 118 134 55 46 43 46 55 67 81 97 112 129 45 34 29 34 45 60 75 91 108 125 38 23 15 23 38 54 71 88 105 122 35 18 0 18 35 52 70 87 104 122 38 23 15 23 38 54 71 88 105 122 45 34 29 34 45 60 75 91 108 125 55 46 43 46 55 67 81 97 112 129 67 60 57 60 67 77 90 104 118 134
56 46 56 17 63 52 18 29 46 30 55 65 78 64 67 44 48 27 21 42 7 55 36 13 50 54 21 32 31 36 47 45 41 52 64 38 55 38 43 40 88 79 73 71 73 79 88 99 112 125 77 67 60 57 59 66 77 89 103 118 68 55 46 43 46 55 67 81 97 112 60 45 34 29 33 45 59 75 91 108 54 38 23 15 23 38 54 71 88 105 52 35 18 0 18 35 52 70 87 104 54 38 23 15 23 38 54 71 88 105 60 45 34 29 33 45 59 75 91 108 68 55 46 43 46 55 67 81 97 112 77 67 60 57 59 66 77 89 103 118
61 31 43 21 75 69 29 14 55 44 68 82 80 49 53 44 35 37 25 32 13 39 41 16 61 71 23 16 34 42 59 61 35 37 50 38 47 23 35 28 99 88 79 73 71 73 78 87 99 111 90 77 67 59 57 59 66 77 89 103 82 67 55 46 43 46 55 67 81 96 75 60 45 33 29 33 45 59 75 91 71 54 38 23 15 23 38 54 71 88 70 52 35 18 0 18 35 52 70 87 71 54 38 23 15 23 38 54 71 88 75 60 45 33 29 33 45 59 75 91 82 67 55 46 43 46 55 67 81 96 90 77 67 59 57 59 66 77 89 103
71 22 34 35 88 86 44 14 68 59 82 98 86 35 43 51 27 51 38 31 30 23 52 31 75 88 35 11 44 54 74 77 37 24 39 45 45 15 36 24 112 99 88 79 73 70 72 78 87 98 104 90 77 66 59 56 59 66 76 89 97 82 67 55 46 42 46 55 67 81 91 75 60 45 33 28 33 45 59 75 88 71 54 38 23 14 23 38 54 71 87 70 52 35 18 0 18 35 52 70 88 71 54 38 23 14 23 38 54 71 91 75 60 45 33 28 33 45 59 75 97 82 67 55 46 42 46 55 67 81 104 90 77 66 59 56 59 66 76 89
83 24 33 51 102 103 60 28 82 76 97 115 94 26 37 62 30 67 53 38 47 14 65 47 91 105 50 24 58 68 90 94 47 20 34 57 49 23 44 31 126 112 99 88 78 72 70 72 78 87 119 104 90 77 66 59 56 59 66 76 113 97 81 67 55 46 42 46 54 67 108 91 75 59 45 33 28 33 45 59 105 88 71 54 38 23 14 23 38 54 104 87 70 52 35 18 0 18 35 52 105 88 71 54 38 23 14 23 38 54 108 91 75 59 45 33 28 33 45 59 113 97 81 67 55 46 42 46 54 67 119 104 90 77 66 59 56 59 66 76
97 36 40 67 118 121 77 44 98 92 113 132 105 26 40 75 41 83 70 50 64 22 80 64 106 122 66 41 73 83 106 111 60 30 38 71 58 38 57 44 140 126 112 99 87 78 72 70 72 77 134 118 104 89 77 66 59 56 58 65 129 112 97 81 67 55 46 42 45 54 125 108 91 75 59 45 33 28 33 45 122 105 88 71 54 38 23 14 23 38 122 104 87 70 52 35 18 0 18 35 122 105 88 71 54 38 23 14 23 38 125 108 91 75 59 45 33 28 33 45 129 112 97 81 67 55 46 42 45 54 134 118 104 89 77 66 59 56 58 65
111 51 52 84 133 138 94 61 114 109 129 149 118 37 49 90 55 100 86 65 81 37 96 81 123 139 83 58 89 99 122 128 75 44 48 86 71 54 71 60 156 140 126 112 99 87 78 72 69 71 150 134 118 103 89 76 66 58 55 58 145 129 112 97 81 67 54 45 42 45 142 125 108 91 75 59 45 33 28 33 140 122 105 88 71 54 38 23 14 23 139 122 104 87 70 52 35 18 0 18 140 122 105 88 71 54 38 23 14 23 142 125 108 91 75 59 45 33 28 33 145 129 112 97 81 67 54 45 42 45 150 134 118 103 89 76 66 58 55 58
127 68 67 101 150 155 111 79 130 126 145 166 131 51 61 106 70 117 103 81 99 53 113 98 139 157 100 75 106 116 139 145 90 60 61 102 85 71 87 76 171 155 140 125 111 98 87 77 71 69 166 150 134 118 103 89 76 65 58 55 162 145 129 112 96 81 67 54 45 42 159 142 125 108 91 75 59 45 33 28 157 140 122 105 88 71 54 38 23 14 156 139 122 104 87 70 52 35 18 0 157 140 122 105 88 71 54 38 23 14 159 142 125 108 91 75 59 45 33 28 162 145 129 112 96 81 67 54 45 42 166 150 134 118 103 89 76 65 58 55
58 99 109 57 41 4 57 79 43 49 34 40 105 112 119 66 100 58 65 93 61 105 70 59 35 4 68 82 58 67 30 36 88 100 116 65 102 92 91 93 86 88 93 100 110 122 134 148 162 177 72 74 80 88 99 112 126 140 156 171 58 60 67 77 90 104 119 134 150 166 43 47 55 68 82 97 113 129 145 162 29 34 45 60 75 91 108 125 142 159 15 23 38 54 71 88 105 122 140 157 0 18 35 52 70 87 104 122 139 156 15 23 38 54 71 88 105 122 140 157 29 34 45 60 75 91 108 125 142 159 43 47 55 68 82 97 113 129 145 162
47 83 93 39 38 17 44 62 32 40 29 47 98 95 104 51 85 47 51 78 45 88 59 42 27 18 53 65 41 57 21 35 74 83 101 49 89 76 77 77 88 86 87 92 100 110 121 134 148 162 74 72 73 79 88 99 112 126 140 155 60 57 60 67 77 90 104 118 134 150 47 43 46 55 67 82 97 112 129 145 34 29 34 45 60 75 91 108 125 142 23 15 23 38 54 71 88 105 122 140 18 0 18 35 52 70 87 104 122 139 23 15 23 38 54 71 88 105 122 140 34 29 34 45 60 75 91 108 125 142 47 43 46 55 67 82 97 112 129 145
41 68 79 22 42 34 34 44 28 37 34 58 93 78 89 38 70 40 40 64 30 70 52 24 29 35 42 48 26 50 25 41 62 66 86 35 77 60 64 63 93 87 85 87 92 99 109 121 134 148 80 73 71 73 79 88 99 112 126 140 67 60 57 60 67 77 90 104 118 134 55 46 43 46 55 67 81 97 112 129 45 34 29 34 45 60 75 91 108 125 38 23 15 23 38 54 71 88 105 122 35 18 0 18 35 52 70 87 104 122 38 23 15 23 38 54 71 88 105 122 45 34 29 34 45 60 75 91 108 125 55 46 43 46 55 67 81 97 112 129
42 53 65 5 52 51 32 27 34 42 45 72 92 61 76 30 57 41 35 53 19 53 50 8 39 52 34 31 17 49 37 53 53 49 72 24 67 46 55 50 100 92 87 85 87 91 99 109 121 134 88 79 73 71 73 79 88 99 112 125 77 67 60 57 59 66 77 89 103 118 68 55 46 43 46 55 67 81 97 112 60 45 34 29 33 45 59 75 91 108 54 38 23 15 23 38 54 71 88 105 52 35 18 0 18 35 52 70 87 104 54 38 23 15 23 38 54 71 88 105 60 45 34 29 33 45 59 75 91 108 68 55 46 43 46 55 67 81 97 112
49 42 55 14 66 68 39 10 46 52 60 87 94 44 64 30 47 48 37 46 22 36 54 12 53 70 35 14 22 54 52 67 49 31 61 24 60 34 49 41 110 100 92 87 85 86 91 99 109 120 99 88 79 73 71 73 78 87 99 111 90 77 67 59 57 59 66 77 89 103 82 67 55 46 43 46 55 67 81 96 75 60 45 33 29 33 45 59 75 91 71 54 38 23 15 23 38 54 71 88 70 52 35 18 0 18 35 52 70 87 71 54 38 23 15 23 38 54 71 88 75 60 45 33 29 33 45 59 75 91 82 67 55 46 43 46 55 67 81 96
61 36 48 31 81 85 51 9 61 66 76 103 99 27 55 40 41 59 47 44 34 19 62 29 69 87 44 7 36 64 69 82 51 15 52 35 59 29 50 38 122 110 99 91 86 84 86 91 98 108 112 99 88 79 73 70 72 78 87 98 104 90 77 66 59 56 59 66 76 89 97 82 67 55 46 42 46 55 67 81 91 75 60 45 33 28 33 45 59 75 88 71 54 38 23 14 23 38 54 71 87 70 52 35 18 0 18 35 52 70 88 71 54 38 23 14 23 38 54 71 91 75 60 45 33 28 33 45 59 75 97 82 67 55 46 42 46 55 67 81
75 37 47 48 96 103 65 26 76 81 92 119 106 13 51 53 43 73 60 50 50 1 74 46 85 104 57 23 52 76 85 98 58 8 48 49 62 34 56 43 134 121 109 99 91 86 84 85 90 98 126 112 99 88 78 72 70 72 78 87 119 104 90 77 66 59 56 59 66 76 113 97 81 67 55 46 42 46 54 67 108 91 75 59 45 33 28 33 45 59 105 88 71 54 38 23 14 23 38 54 104 87 70 52 35 18 0 18 35 52 105 88 71 54 38 23 14 23 38 54 108 91 75 59 45 33 28 33 45 59 113 97 81 67 55 46 42 46 54 67
90 46 52 65 112 120 81 43 93 97 108 135 116 15 53 68 51 88 75 59 66 17 87 63 102 122 71 40 69 90 102 114 69 23 51 65 70 45 66 53 148 134 121 109 99 91 85 83 85 90 140 126 112 99 87 78 72 70 72 77 134 118 104 89 77 66 59 56 58 65 129 112 97 81 67 55 46 42 45 54 125 108 91 75 59 45 33 28 33 45 122 105 88 71 54 38 23 14 23 38 122 104 87 70 52 35 18 0 18 35 122 105 88 71 54 38 23 14 23 38 125 108 91 75 59 45 33 28 33 45 129 112 97 81 67 55 46 42 45 54
105 58 62 83 129 137 97 61 110 113 125 152 127 30 60 84 63 104 91 72 83 34 102 81 119 139 87 57 86 105 119 131 82 40 58 81 80 59 79 66 162 148 134 121 109 98 90 85 83 85 156 140 126 112 99 87 78 72 69 71 150 134 118 103 89 76 66 58 55 58 145 129 112 97 81 67 54 45 42 45 142 125 108 91 75 59 45 33 28 33 140 122 105 88 71 54 38 23 14 23 139 122 104 87 70 52 35 18 0 18 140 122 105 88 71 54 38 23 14 23 142 125 108 91 75 59 45 33 28 33 145 129 112 97 81 67 54 45 42 45
122 73 74 100 145 155 114 78 126 129 142 169 140 46 70 101 77 120 107 87 100 52 118 98 136 156 103 75 103 121 136 148 96 57 70 98 93 75 93 81 177 162 148 134 120 108 98 90 85 83 171 155 140 125 111 98 87 77 71 69 166 150 134 118 103 89 76 65 58 55 162 145 129 112 96 81 67 54 45 42 159 142 125 108 91 75 59 45 33 28 157 140 122 105 88 71 54 38 23 14 156 139 122 104 87 70 52 35 18 0 157 140 122 105 88 71 54 38 23 14 159 142 125 108 91 75 59 45 33 28 162 145 129 112 96 81 67 54 45 42
49 105 115 58 28 18 66 81 36 60 23 54 117 112 126 62 107 69 74 100 66 106 81 61 26 18 76 84 55 78 23 50 97 100 123 62 111 97 99 99 100 102 106 112 121 132 144 156 170 184 86 88 93 100 110 122 134 148 162 177 72 74 80 88 99 112 126 140 156 171 58 60 67 77 90 104 119 134 150 166 43 47 55 68 82 97 113 129 145 162 29 34 45 60 75 91 108 125 142 159 15 23 38 54 71 88 105 122 140 157 0 18 35 52 70 87 104 122 139 156 15 23 38 54 71 88 105 122 140 157 29 34 45 60 75 91 108 125 142 159
36 90 101 41 23 24 55 64 21 53 15 59 111 94 112 45 92 59 62 87 52 89 72 45 13 25 63 68 38 69 8 49 84 83 108 44 99 82 86 85 102 100 101 105 112 121 131 143 156 170 88 86 87 92 100 110 121 134 148 162 74 72 73 79 88 99 112 126 140 155 60 57 60 67 77 90 104 118 134 150 47 43 46 55 67 82 97 112 129 145 34 29 34 45 60 75 91 108 125 142 23 15 23 38 54 71 88 105 122 140 18 0 18 35 52 70 87 104 122 139 23 15 23 38 54 71 88 105 122 140 34 29 34 45 60 75 91 108 125 142
27 76 88 25 30 38 48 48 14 51 23 68 107 77 98 29 79 54 53 75 40 72 66 30 17 39 54 51 21 64 15 53 74 66 95 28 88 68 76 72 106 101 99 101 105 112 121 131 143 156 93 87 85 87 92 99 109 121 134 148 80 73 71 73 79 88 99 112 126 140 67 60 57 60 67 77 90 104 118 134 55 46 43 46 55 67 81 97 112 129 45 34 29 34 45 60 75 91 108 125 38 23 15 23 38 54 71 88 105 122 35 18 0 18 35 52 70 87 104 122 38 23 15 23 38 54 71 88 105 122 45 34 29 34 45 60 75 91 108 125
29 64 76 13 44 54 46 32 24 55 38 80 106 60 86 17 68 54 49 65 33 55 64 19 32 55 48 36 4 63 32 63 66 49 82 12 79 56 67 61 112 105 101 99 100 105 111 120 131 143 100 92 87 85 87 91 99 109 121 134 88 79 73 71 73 79 88 99 112 125 77 67 60 57 59 66 77 89 103 118 68 55 46 43 46 55 67 81 97 112 60 45 34 29 33 45 59 75 91 108 54 38 23 15 23 38 54 71 88 105 52 35 18 0 18 35 52 70 87 104 54 38 23 15 23 38 54 71 88 105 60 45 34 29 33 45 59 75 91 108
39 54 67 18 59 70 51 20 39 63 55 94 107 43 76 18 59 60 50 59 34 39 67 21 48 72 49 23 15 67 49 75 63 32 72 12 74 47 63 54 121 112 105 100 99 100 104 111 120 130 110 100 92 87 85 86 91 99 109 120 99 88 79 73 71 73 78 87 99 111 90 77 67 59 57 59 66 77 89 103 82 67 55 46 43 46 55 67 81 96 75 60 45 33 29 33 45 59 75 91 71 54 38 23 15 23 38 54 71 88 70 52 35 18 0 18 35 52 70 87 71 54 38 23 15 23 38 54 71 88 75 60 45 33 29 33 45 59 75 91
53 49 61 33 75 87 60 20 56 75 72 109 112 25 68 31 55 69 58 58 43 23 74 33 65 89 55 19 32 75 66 89 64 16 65 28 73 43 63 52 132 121 112 105 100 98 99 104 110 119 122 110 99 91 86 84 86 91 98 108 112 99 88 79 73 70 72 78 87 98 104 90 77 66 59 56 59 66 76 89 97 82 67 55 46 42 46 55 67 81 91 75 60 45 33 28 33 45 59 75 88 71 54 38 23 14 23 38 54 71 87 70 52 35 18 0 18 35 52 70 88 71 54 38 23 14 23 38 54 71 91 75 60 45 33 28 33 45 59 75
68 50 61 50 92 104 73 31 73 88 89 124 118 9 65 47 56 82 69 62 56 14 84 49 82 106 66 29 50 86 83 104 70 10 62 45 75 46 68 55 144 131 121 111 104 99 98 99 103 110 134 121 109 99 91 86 84 85 90 98 126 112 99 88 78 72 70 72 78 87 119 104 90 77 66 59 56 59 66 76 113 97 81 67 55 46 42 46 54 67 108 91 75 59 45 33 28 33 45 59 105 88 71 54 38 23 14 23 38 54 104 87 70 52 35 18 0 18 35 52 105 88 71 54 38 23 14 23 38 54 108 91 75 59 45 33 28 33 45 59
84 57 65 67 109 121 87 47 90 103 106 140 127 11 66 64 63 95 82 70 71 22 96 66 99 123 79 44 67 98 100 119 79 24 64 62 82 55 77 64 156 143 131 120 111 104 99 97 99 103 148 134 121 109 99 91 85 83 85 90 140 126 112 99 87 78 72 70 72 77 134 118 104 89 77 66 59 56 58 65 129 112 97 81 67 55 46 42 45 54 125 108 91 75 59 45 33 28 33 45 122 105 88 71 54 38 23 14 23 38 122 104 87 70 52 35 18 0 18 35 122 105 88 71 54 38 23 14 23 38 125 108 91 75 59 45 33 28 33 45
101 67 73 84 126 138 102 63 107 118 123 156 137 28 72 81 72 110 97 81 87 37 109 82 117 140 93 60 84 112 118 135 91 40 70 79 91 67 88 75 170 156 143 131 120 110 103 99 97 98 162 148 134 121 109 98 90 85 83 85 156 140 126 112 99 87 78 72 69 71 150 134 118 103 89 76 66 58 55 58 145 129 112 97 81 67 54 45 42 45 142 125 108 91 75 59 45 33 28 33 140 122 105 88 71 54 38 23 14 23 139 122 104 87 70 52 35 18 0 18 140 122 105 88 71 54 38 23 14 23 142 125 108 91 75 59 45 33 28 33
118 80 83 101 143 156 118 80 124 134 140 173 149 45 81 98 85 125 112 94 103 53 124 99 134 157 108 77 101 127 135 152 104 57 80 96 102 81 101 88 184 170 156 143 130 119 110 103 98 96 177 162 148 134 120 108 98 90 85 83 171 155 140 125 111 98 87 77 71 69 166 150 134 118 103 89 76 65 58 55 162 145 129 112 96 81 67 54 45 42 159 142 125 108 91 75 59 45 33 28 157 140 122 105 88 71 54 38 23 14 156 139 122 104 87 70 52 35 18 0 157 140 122 105 88 71 54 38 23 14 159 142 125 108 91 75 59 45 33 28
43 112 123 63 18 32 77 85 33 73 17 68 130 113 134 60 115 80 84 109 74 109 93 67 23 32 86 89 57 90 23 64 106 103 131 61 121 104 109 107 115 116 119 125 133 143 154 166 179 192 100 102 106 112 121 132 144 156 170 184 86 88 93 100 110 122 134 148 162 177 72 74 80 88 99 112 126 140 156 171 58 60 67 77 90 104 119 134 150 166 43 47 55 68 82 97 113 129 145 162 29 34 45 60 75 91 108 125 142 159 15 23 38 54 71 88 105 122 140 157 0 18 35 52 70 87 104 122 139 156 15 23 38 54 71 88 105 122 140 157
27 98 110 47 9 36 67 69 16 67 1 72 125 96 120 43 102 72 73 97 62 92 84 52 7 37 75 73 40 83 9 63 95 86 117 44 110 90 97 94 116 114 115 119 125 133 142 153 165 178 102 100 101 105 112 121 131 143 156 170 88 86 87 92 100 110 121 134 148 162 74 72 73 79 88 99 112 126 140 155 60 57 60 67 77 90 104 118 134 150 47 43 46 55 67 82 97 112 129 145 34 29 34 45 60 75 91 108 125 142 23 15 23 38 54 71 88 105 122 140 18 0 18 35 52 70 87 104 122 139 23 15 23 38 54 71 88 105 122 140
14 86 98 35 22 46 61 55 3 65 18 80 121 79 108 25 90 68 66 86 52 76 79 40 13 47 67 58 24 78 16 66 86 69 105 27 100 78 88 83 119 115 114 115 118 124 132 142 153 165 106 101 99 101 105 112 121 131 143 156 93 87 85 87 92 99 109 121 134 148 80 73 71 73 79 88 99 112 126 140 67 60 57 60 67 77 90 104 118 134 55 46 43 46 55 67 81 97 112 129 45 34 29 34 45 60 75 91 108 125 38 23 15 23 38 54 71 88 105 122 35 18 0 18 35 52 70 87 104 122 38 23 15 23 38 54 71 88 105 122
16 75 88 27 38 60 60 42 20 68 36 90 120 62 97 8 80 68 63 78 47 60 78 32 30 61 62 45 13 77 32 74 80 53 93 11 92 67 81 74 125 119 115 113 114 118 124 132 141 152 112 105 101 99 100 105 111 120 131 143 100 92 87 85 87 91 99 109 121 134 88 79 73 71 73 79 88 99 112 125 77 67 60 57 59 66 77 89 103 118 68 55 46 43 46 55 67 81 97 112 60 45 34 29 33 45 59 75 91 108 54 38 23 15 23 38 54 71 88 105 52 35 18 0 18 35 52 70 87 104 54 38 23 15 23 38 54 71 88 105
31 67 80 30 55 75 64 34 37 75 53 103 121 46 88 10 72 73 64 73 48 46 80 33 47 76 63 35 19 81 49 85 77 38 85 11 88 60 77 68 133 125 118 114 113 114 117 123 131 141 121 112 105 100 99 100 104 111 120 130 110 100 92 87 85 86 91 99 109 120 99 88 79 73 71 73 78 87 99 111 90 77 67 59 57 59 66 77 89 103 82 67 55 46 43 46 55 67 81 96 75 60 45 33 29 33 45 59 75 91 71 54 38 23 15 23 38 54 71 88 70 52 35 18 0 18 35 52 70 87 71 54 38 23 15 23 38 54 71 88
47 63 75 40 72 91 72 33 54 85 70 116 125 31 82 28 69 81 70 72 54 34 86 42 64 92 68 33 34 87 66 97 78 26 79 27 87 57 77 66 143 133 124 118 114 112 113 117 123 131 132 121 112 105 100 98 99 104 110 119 122 110 99 91 86 84 86 91 98 108 112 99 88 79 73 70 72 78 87 98 104 90 77 66 59 56 59 66 76 89 97 82 67 55 46 42 46 55 67 81 91 75 60 45 33 28 33 45 59 75 88 71 54 38 23 14 23 38 54 71 87 70 52 35 18 0 18 35 52 70 88 71 54 38 23 14 23 38 54 71
64 64 74 55 89 107 82 41 72 97 87 131 131 20 79 45 70 91 79 75 65 28 95 56 82 109 77 39 51 96 83 111 83 23 76 44 89 59 81 69 154 142 132 124 117 113 112 113 116 122 144 131 121 111 104 99 98 99 103 110 134 121 109 99 91 86 84 85 90 98 126 112 99 88 78 72 70 72 78 87 119 104 90 77 66 59 56 59 66 76 113 97 81 67 55 46 42 46 54 67 108 91 75 59 45 33 28 33 45 59 105 88 71 54 38 23 14 23 38 54 104 87 70 52 35 18 0 18 35 52 105 88 71 54 38 23 14 23 38 54
81 69 78 70 107 124 95 54 89 110 105 146 139 21 80 62 75 104 91 82 78 33 106 70 99 126 88 51 68 108 101 126 90 31 78 61 94 66 89 75 166 153 142 132 123 117 113 111 112 116 156 143 131 120 111 104 99 97 99 103 148 134 121 109 99 91 85 83 85 90 140 126 112 99 87 78 72 70 72 77 134 118 104 89 77 66 59 56 58 65 129 112 97 81 67 55 46 42 45 54 125 108 91 75 59 45 33 28 33 45 122 105 88 71 54 38 23 14 23 38 122 104 87 70 52 35 18 0 18 35 122 105 88 71 54 38 23 14 23 38
98 78 84 87 124 141 109 68 106 125 122 161 148 33 84 80 83 117 104 92 93 44 118 86 116 142 101 66 85 120 118 141 101 45 83 79 102 77 98 85 179 165 153 141 131 123 116 112 110 112 170 156 143 131 120 110 103 99 97 98 162 148 134 121 109 98 90 85 83 85 156 140 126 112 99 87 78 72 69 71 150 134 118 103 89 76 66 58 55 58 145 129 112 97 81 67 54 45 42 45 142 125 108 91 75 59 45 33 28 33 140 122 105 88 71 54 38 23 14 23 139 122 104 87 70 52 35 18 0 18 140 122 105 88 71 54 38 23 14 23
116 89 94 103 141 158 124 84 123 140 139 177 159 48 92 97 94 132 118 103 108 59 132 103 133 159 115 81 102 134 135 157 113 61 91 96 112 89 110 97 192 178 165 152 141 131 122 116 112 110 184 170 156 143 130 119 110 103 98 96 177 162 148 134 120 108 98 90 85 83 171 155 140 125 111 98 87 77 71 69 166 150 134 118 103 89 76 65 58 55 162 145 129 112 96 81 67 54 45 42 159 142 125 108 91 75 59 45 33 28 157 140 122 105 88 71 54 38 23 14 156 139 122 104 87 70 52 35 18 0 157 140 122 105 88 71 54 38 23 14
42 121 132 70 17 47 88 91 37 86 23 82 144 116 143 61 124 93 95 119 84 113 105 75 29 46 96 95 61 103 31 78 117 107 139 64 131 113 119 117 129 130 133 138 145 154 164 176 188 201 115 116 119 125 133 143 154 166 179 192 100 102 106 112 121 132 144 156 170 184 86 88 93 100 110 122 134 148 162 177 72 74 80 88 99 112 126 140 156 171 58 60 67 77 90 104 119 134 150 166 43 47 55 68 82 97 113 129 145 162 29 34 45 60 75 91 108 125 142 159 15 23 38 54 71 88 105 122 140 157 0 18 35 52 70 87 104 122 139 156
25 108 120 57 6 49 80 77 22 81 15 86 138 100 130 45 112 86 86 108 73 97 98 62 18 50 87 80 46 96 23 77 107 91 127 48 121 100 109 105 130 128 129 132 138 145 154 164 175 187 116 114 115 119 125 133 142 153 165 178 102 100 101 105 112 121 131 143 156 170 88 86 87 92 100 110 121 134 148 162 74 72 73 79 88 99 112 126 140 155 60 57 60 67 77 90 104 118 134 150 47 43 46 55 67 82 97 112 129 145 34 29 34 45 60 75 91 108 125 142 23 15 23 38 54 71 88 105 122 140 18 0 18 35 52 70 87 104 122 139
7 96 109 46 21 57 75 64 16 79 23 92 135 83 119 29 101 82 79 98 65 82 93 52 21 58 80 67 34 92 26 80 99 75 115 33 112 89 100 94 133 129 128 129 132 137 144 153 163 175 119 115 114 115 118 124 132 142 153 165 106 101 99 101 105 112 121 131 143 156 93 87 85 87 92 99 109 121 134 148 80 73 71 73 79 88 99 112 126 140 67 60 57 60 67 77 90 104 118 134 55 46 43 46 55 67 81 97 112 129 45 34 29 34 45 60 75 91 108 125 38 23 15 23 38 54 71 88 105 122 35 18 0 18 35 52 70 87 104 122
11 87 100 41 37 68 74 53 25 81 38 101 134 68 109 16 92 82 77 91 61 68 92 46 34 70 76 56 27 92 38 86 93 60 105 22 106 79 94 86 138 132 129 127 128 131 137 144 153 163 125 119 115 113 114 118 124 132 141 152 112 105 101 99 100 105 111 120 131 143 100 92 87 85 87 91 99 109 121 134 88 79 73 71 73 79 88 99 112 125 77 67 60 57 59 66 77 89 103 118 68 55 46 43 46 55 67 81 97 112 60 45 34 29 33 45 59 75 91 108 54 38 23 15 23 38 54 71 88 105 52 35 18 0 18 35 52 70 87 104
29 80 93 43 55 82 77 47 40 87 55 112 135 53 101 17 86 86 78 87 61 55 94 47 50 83 77 48 31 94 53 95 91 48 97 22 102 73 91 81 145 138 132 128 127 127 131 136 143 152 133 125 118 114 113 114 117 123 131 141 121 112 105 100 99 100 104 111 120 130 110 100 92 87 85 86 91 99 109 120 99 88 79 73 71 73 78 87 99 111 90 77 67 59 57 59 66 77 89 103 82 67 55 46 43 46 55 67 81 96 75 60 45 33 29 33 45 59 75 91 71 54 38 23 15 23 38 54 71 88 70 52 35 18 0 18 35 52 70 87
46 77 89 51 72 97 84 47 56 96 72 125 138 40 95 31 83 93 83 86 67 46 99 54 66 98 81 47 42 100 69 107 92 39 92 33 100 71 91 80 154 145 137 131 127 126 127 130 135 143 143 133 124 118 114 112 113 117 123 131 132 121 112 105 100 98 99 104 110 119 122 110 99 91 86 84 86 91 98 108 112 99 88 79 73 70 72 78 87 98 104 90 77 66 59 56 59 66 76 89 97 82 67 55 46 42 46 55 67 81 91 75 60 45 33 28 33 45 59 75 88 71 54 38 23 14 23 38 54 71 87 70 52 35 18 0 18 35 52 70
63 78 88 63 89 112 93 53 73 107 89 138 144 33 93 47 84 102 91 89 76 42 106 64 83 114 88 52 56 108 86 119 96 37 90 48 102 73 94 82 164 154 144 137 131 127 125 126 130 135 154 142 132 124 117 113 112 113 116 122 144 131 121 111 104 99 98 99 103 110 134 121 109 99 91 86 84 85 90 98 126 112 99 88 78 72 70 72 78 87 119 104 90 77 66 59 56 59 66 76 113 97 81 67 55 46 42 46 54 67 108 91 75 59 45 33 28 33 45 59 105 88 71 54 38 23 14 23 38 54 104 87 70 52 35 18 0 18 35 52
80 82 91 77 106 128 104 63 90 119 106 153 151 33 94 64 88 113 101 94 87 45 116 78 100 130 98 61 72 118 103 133 102 42 91 64 107 79 101 88 176 164 153 144 136 130 126 125 126 129 166 153 142 132 123 117 113 111 112 116 156 143 131 120 111 104 99 97 99 103 148 134 121 109 99 91 85 83 85 90 140 126 112 99 87 78 72 70 72 77 134 118 104 89 77 66 59 56 58 65 129 112 97 81 67 55 46 42 45 54 125 108 91 75 59 45 33 28 33 45 122 105 88 71 54 38 23 14 23 38 122 104 87 70 52 35 18 0 18 35
98 89 97 92 124 145 117 76 107 132 123 168 160 42 97 81 95 126 113 103 101 54 128 92 117 146 110 73 88 130 120 147 112 53 95 81 114 87 109 96 188 175 163 153 143 135 130 126 124 125 179 165 153 141 131 123 116 112 110 112 170 156 143 131 120 110 103 99 97 98 162 148 134 121 109 98 90 85 83 85 156 140 126 112 99 87 78 72 69 71 150 134 118 103 89 76 66 58 55 58 145 129 112 97 81 67 54 45 42 45 142 125 108 91 75 59 45 33 28 33 140 122 105 88 71 54 38 23 14 23 139 122 104 87 70 52 35 18 0 18
115 100 105 108 141 161 131 90 124 146 140 183 170 55 104 98 105 139 126 113 115 66 140 108 134 163 123 87 105 142 137 162 122 67 103 98 123 99 120 107 201 187 175 163 152 143 135 129 125 124 192 178 165 152 141 131 122 116 112 110 184 170 156 143 130 119 110 103 98 96 177 162 148 134 120 108 98 90 85 83 171 155 140 125 111 98 87 77 71 69 166 150 134 118 103 89 76 65 58 55 162 145 129 112 96 81 67 54 45 42 159 142 125 108 91 75 59 45 33 28 157 140 122 105 88 71 54 38 23 14 156 139 122 104 87 70 52 35 18 0
