0.0 25.41695457251641 55.05414540105085 59.62336038270454 71.72069431918982 44.652471591591315 51.19855727493642 21.48238017749667 47.985188357547685 13.180313434839363 4.267839588471826 14.040260237220739 31.707714795503797 18.45378726324675 21.48416401125472 46.10716043316966 9.268116921618818 49.303593513041825 68.41592158180255 27.699832782871116 4.020534561917759 23.969992848376044 35.83057816908167 43.83185178085712 74.94758876497207 40.22877031874888 47.33066648764822 19.479268124922164 46.8311705986927 23.495520273007852 9.268010963318558 15.880759704323996 15.28702816633055 18.396566919253413 9.977815026170433 48.10704820299969 8.046157797242278 51.47447165134695 56.98162147021118 33.095196094162105 31.05147724563638 17.085195997167038 48.372829573345136 13.60745000393088 41.46762594632894 14.713486491399312 23.52915599986794 7.222173010454896
25.41695457251641 0.0 73.6104420633536 72.76859005465369 46.575907544200504 24.83677957990639 63.777038781405764 38.57640510829269 70.52502291811399 15.857392009065727 22.645787191910006 15.567830310964561 56.01806446189757 21.33919794236055 42.1211447078017 20.76600603957539 20.656244021733148 24.722967560492084 43.69139374900714 53.04315553504498 21.627134320252605 27.96364633376935 55.081499136094 62.30531385121241 49.689899951023506 21.88346387831246 60.97908599072869 37.88901569015044 68.91411051826499 9.982832741647199 32.20674565142662 15.14616595099198 11.149827347739857 42.887382260714624 33.4893975546348 22.694029156768437 22.396063607612483 26.556449033091575 31.936799938401954 58.15173487310716 13.654386190467928 35.27286513524652 68.40627293706348 39.0218710439345 18.590081423380717 22.246134506243536 30.84153260432155 20.00677209399274
55.05414540105085 73.6104420633536 0.0 17.845912571233054 111.03211221514958 77.49866637810253 93.66304214782498 68.66512665465987 17.27468963395691 67.61978313130288 59.30188815797452 58.17735510241992 31.248347692221977 52.6925724285203 33.5740104520513 90.03345414311147 64.31790509184503 89.57038178805615 115.79879648523541 46.497695379212416 58.44577436148342 78.25758101868975 19.244883351918393 11.397582918480605 114.77902537611872 73.24914632763442 89.31426466473395 66.22530314950332 15.500161579294023 65.33123073331129 45.79238081927816 58.4643190181794 63.036565555696754 39.67735265011139 45.23807004488605 93.22713481882481 63.036565555696754 92.44031975085889 103.80912952761813 35.79841625213261 84.08178002628453 39.14142745880641 8.0784691698361 48.08396195607193 92.16819721010403 69.62315533989855 76.8325585588887 62.035981935606316
59.62336038270454 72.76859005465369 17.845912571233054 0.0 104.0556959284125 70.7825354940589 104.48011453153157 77.02693952419224 34.17407522269381 70.61426402174193 63.57129534917952 58.46431901817939 44.03030736009852 51.51689736049564 39.490264384801186 86.01052048771946 68.44306224956064 84.20528569585655 111.9722869314385 58.82462127021897 62.23701652551409 83.59334157128646 27.105367014749714 20.672545414148576 107.82893352719732 67.11557261283221 100.14302821005933 74.55638687073443 31.965868243440884 63.333671823562426 50.96436304608991 58.1773551024199 63.478112856375496 48.373184017570274 50.904646789569696 89.4701636839691 67.57030471943403 87.1188308194161 100.21394965587103 49.429372078876504 84.94603899089043 42.53914116965495 23.671224616721634 56.485266442584155 91.12396602935287 74.21389466696786 82.93630079074829 65.7934961606793
71.72069431918982 46.575907544200504 111.03211221514958 104.0556959284125 0.0 33.57629477015044 104.06207206466792 83.73443563362379 112.56261178209965 61.99077262807322 69.20513118192784 59.41075592431193 100.54072395044699 61.15049216302546 84.77264608711255 25.893422480556364 67.03327291943567 22.723298293267955 21.461010936928997 99.41898819471237 68.08815393121448 69.75963971383362 95.08471622055532 100.75893715414671 3.7748007715436187 37.7913980374667 102.29825944563194 83.49541490177981 110.53390151134123 49.622079267338236 77.24255514636828 58.06839087814029 56.57104966932706 88.04573549896345 78.63838174571522 24.81438360537601 68.84060327058205 20.29840541581853 21.50834071479665 103.49704274592699 48.419061235815185 77.61659068245345 107.87845210979515 85.27772454628156 37.45496680091567 67.42602195255122 73.41240724729278 66.57615230371925
44.652471591591315 24.83677957990639 77.49866637810253 70.7825354940589 33.57629477015044 0.0 88.5507249336256 62.18369774366096 79.89976438858713 39.503846258032354 43.57524319157758 30.713370007882048 69.50263809712362 29.776261693686916 53.0081558007776 18.925604230832622 43.448336945861534 14.350424874507004 42.84579074593839 71.21537286139582 41.90079759626395 52.79580161522062 62.06643654716942 67.38112054625184 37.339838833594605 4.715650766739368 85.64898935242437 61.10251590646517 77.75147676547438 21.268294276481672 47.66540378622215 28.959415044239844 29.991320033965597 58.04058423657819 49.0997800804054 22.42754999276094 44.84539900677633 17.117566781443866 32.19664645449869 73.20937175626396 35.66172955571814 46.018604359143005 74.59715622427596 57.22693879704443 32.10518909369246 46.408125241767046 55.593709539140335 41.839012068662065
51.19855727493642 63.777038781405764 93.66304214782498 104.48011453153157 104.06207206466792 88.5507249336256 0.0 29.751164154059143 79.21949182866737 49.665755001605284 49.350169707754795 62.6818928770704 62.44824385588732 69.08579124122987 65.78891093013497 80.18316765282792 46.992951775520524 86.26073334017677 90.47381424168097 47.30036464104218 51.35451397021853 35.895630769933824 77.44619733303907 84.71365727851254 106.07818109197437 85.18486502970697 4.35539226996558 31.92452830389392 79.71986444437499 68.93988283692043 56.619420343129825 64.45367022529939 60.60029097851632 56.186816766799154 56.041000508105924 79.95836851298893 46.28036614102159 87.08534840662902 83.30488565583194 58.45597623158155 56.22271512062899 65.43181300847772 85.61406581497664 48.44034078850066 66.60951481782875 42.62551162569717 32.95708402572098 49.46413295111192
21.48238017749667 38.57640510829269 68.66512665465987 77.02693952419224 83.73443563362379 62.18369774366096 29.751164154059143 0.0 56.96123582642132 22.835647213901137 20.03033432193503 33.77623245634373 39.017119090937456 39.636324781466094 37.576650448660985 58.07766923092299 18.788443392015605 63.0464332865665 75.0959458587911 26.43645353616831 22.02492163288026 16.26927381426981 50.67176590631751 58.485282077320505 86.43457739237525 58.27223444554396 25.848442758938674 2.4741913434089327 56.72480315547413 41.33653684403275 27.23330882327299 35.62117764628772 32.59134445609688 29.127753785477875 26.83297477267077 58.92982747478987 17.59012131498383 64.55313939724395 65.2857356817698 37.00893264549131 36.12810712988404 36.15261772354481 60.9503003738853 20.732477602984247 47.94526160696964 16.43976379829462 12.705800449493298 20.77120558837031
47.985188357547685 70.52502291811399 17.27468963395691 34.17407522269381 112.56261178209965 79.89976438858713 79.21949182866737 56.96123582642132 0.0 61.15987228569019 52.16920024989065 55.0994569216965 17.953787167439195 51.59534592492582 28.44172700818782 89.27247994918777 56.96123582642132 90.13873610034923 114.09440992320249 32.10831019665906 51.86277143433208 68.99954867182493 18.203177180290723 16.431923944755233 116.19735254634215 75.30173169885884 74.92583439311692 54.65935421347414 2.5675896355614922 63.89566759785906 39.14455232009316 55.92253074253155 59.40015062398514 30.03490008113513 38.1386748285851 92.09109450500304 55.36306576610369 92.86208890029913 102.18222882514297 20.819722251751138 78.83903159330211 35.485160033190034 10.578152296685069 37.69924969816898 88.444735252984 61.487680959759416 66.90915107680844 55.20396401394588
13.180313434839363 15.857392009065727 67.61978313130288 70.61426402174193 61.99077262807322 39.503846258032354 49.665755001605284 22.835647213901137 61.15987228569019 0.0 9.091740931860194 14.575118722775457 44.766695576934964 22.203771328831348 34.14841800560899 36.10280407759273 5.17521005072215 40.54117263821513 56.34229949762842 38.93829886780785 9.331385344224042 15.591494182186477 48.38488236603237 56.279241073393976 64.9408421496042 35.7857207283467 46.47423809473623 22.044766168192986 59.97742737829366 19.27413719900907 22.19177662067749 15.998055684557434 11.191988317996005 31.500759669333565 23.068599093211088 37.47487254738946 7.064636210031069 42.25578549280046 45.338364924999546 45.75095804675804 18.013659660350978 28.697904108184982 61.2228873769351 25.661170798547705 28.970569495570086 7.042263034723234 17.224541859443573 5.992718604012173
4.267839588471826 22.645787191910006 59.30188815797452 63.57129534917952 69.20513118192784 43.57524319157758 49.350169707754795 20.03033432193503 52.16920024989065 9.091740931860194 0.0 13.830289770650218 35.67498432515788 19.73562626748509 25.728107567939595 43.40958244373859 5.01832604509907 47.05526959502737 64.96977063524437 30.524804418963647 2.0064422507376567 20.116199671878505 40.07045104737741 48.06091038182635 72.33564691491584 39.335005650362866 45.65566052922254 18.366362628505563 51.04981920197305 22.314847195598343 13.529236418570045 15.697467292689426 13.613287021804858 22.414691073175856 14.239820518159803 45.1929600426393 4.021549743800733 49.07902273812978 53.70337635651657 36.75150251406215 27.085230383889844 21.06527172458526 52.64035066325027 16.80542204298027 37.796836495666945 10.643674736620186 20.050341777076234 3.108247806870353
14.040260237220739 15.567830310964561 58.17735510241992 58.46431901817939 59.41075592431193 30.713370007882048 62.6818928770704 33.77623245634373 55.0994569216965 14.575118722775457 13.830289770650218 0.0 41.328514907161626 7.75252988722754 26.65885116603062 34.61823480030311 15.751547145671243 36.706902892955 58.9953386859021 40.73955163550709 11.901113139772331 30.111980444238938 39.52716467059293 46.83209602776484 62.822561963604 26.228557050312894 59.13957495382775 32.18750219117609 53.42907840835 9.926736479730906 17.833322938360045 1.8755832741287124 5.018295906095761 28.635967093046062 19.234840660932846 37.19116716912324 16.41385659432191 39.14051033473015 47.09805847191224 44.087359975253705 26.504656092960502 19.725214851019526 52.84742763507562 26.62286863495466 34.01618505518663 20.902457979754843 31.37065056502688 13.219035619422058
31.707714795503797 56.01806446189757 31.248347692221977 44.03030736009852 100.54072395044699 69.50263809712362 62.44824385588732 39.017119090937456 17.953787167439195 44.766695576934964 35.67498432515788 41.328514907161626 0.0 39.804453128268726 16.820518717632037 75.93368710785731 40.193142680670064 77.82320632191316 99.64338496309611 15.261983455722932 35.71572318596067 51.309050548458124 17.902163885431417 23.38174945823605 104.02339027396236 64.78804315575366 58.105235684815575 36.707156688764556 17.77349966773748 50.942291935992436 23.811325630573748 42.53437723024761 44.947904261938405 13.320509065914301 22.543945709221077 78.40574870521147 38.47384250510681 80.35718280820818 87.95405195242827 5.757337913628554 62.73983664814272 23.51866135681489 23.180361745006277 20.071107625021547 73.0728195166164 44.25883225019699 49.080155267428125 38.778142347111206
18.45378726324675 21.33919794236055 52.6925724285203 51.51689736049564 61.15049216302546 29.776261693686916 69.08579124122987 39.636324781466094 51.59534592492582 22.203771328831348 19.73562626748509 7.75252988722754 39.804453128268726 0.0 23.63229541807009 37.8348967380674 22.709236366682887 38.582833340972066 63.25424841928361 42.09731431516903 17.73170027210674 37.61731756036805 34.80573437545313 41.54233792623563 64.73303157669241 25.063916401795503 65.37446327761585 37.788148431559584 49.684832927705564 12.660571931840039 18.365231356028712 6.872083135078271 12.431042779023642 28.347234711979134 19.771892992359824 40.83103788069769 23.01341119642769 41.27851732555641 51.25654583360246 43.434334708774976 33.57370895901225 16.492612555129572 48.0602117034582 28.6340498198385 39.87762492713097 28.207805451999118 38.628600569905565 19.9653882508713
21.48416401125472 42.1211447078017 33.5740104520513 39.490264384801186 84.77264608711255 53.0081558007776 65.78891093013497 37.576650448660985 28.44172700818782 34.14841800560899 25.728107567939595 26.65885116603062 16.820518717632037 23.63229541807009 0.0 60.94106639508712 30.744738553813193 62.156882586724166 85.6529130836197 24.60913253112674 24.90352967558636 44.98414313479743 14.347157912922885 22.361291511664668 88.34064541099693 48.306951776988505 61.51319319911267 35.11233365051152 26.79313498035619 35.58423671143593 12.235389788877374 27.497726291879914 31.030363088227453 10.252193465872534 11.798245570935915 63.69643267025808 29.48840686831911 64.80816282753698 73.74240012809622 21.45494394043245 51.152919419255994 7.163239548302977 27.09331879014567 17.350185124422026 60.22270444392548 36.10875945736602 43.89460375029681 28.47957709251638
46.10716043316966 20.76600603957539 90.03345414311147 86.01052048771946 25.893422480556364 18.925604230832622 80.18316765282792 58.07766923092299 89.27247994918777 36.10280407759273 43.40958244373859 34.61823480030311 75.93368710785731 37.8348967380674 60.94106639508712 0.0 41.1399721345879 6.909610814280978 25.98646523328876 73.78211104119822 42.37536739235528 44.86178749483353 72.62152646939589 79.11934540209788 28.93290426413398 20.396278908391313 78.01097579064032 57.73133379801899 87.4396362921951 25.377023366065465 52.26145432177787 33.525987516006154 31.20837138439791 63.066537813280924 53.61480169664025 3.611936417648262 42.94960266646058 6.928934114262983 14.240123844049492 78.47068368212211 23.97394321182063 53.81687010996637 85.8268566288768 59.710527865586485 15.575556446306662 41.68387438417209 48.366060713776946 40.72448010000778
9.268116921618818 20.656244021733148 64.31790509184503 68.44306224956064 67.03327291943567 43.448336945861534 46.992951775520524 18.788443392015605 56.96123582642132 5.17521005072215 5.01832604509907 15.751547145671243 40.193142680670064 22.709236366682887 30.744738553813193 41.1399721345879 0.0 45.377580561395874 61.48565094095818 33.80579887919051 6.216689984893574 15.526553039659515 45.088144825661 53.079205707977295 70.02135356832055 39.488829765682 43.53913340517252 17.660204525650034 55.90158529313892 22.55516521527559 18.53612761831076 17.48338212412001 13.848802804399533 27.048067704889537 19.205278148123927 42.59445505661866 1.8952942047862023 47.18308095181215 50.51251882694655 40.89653867312647 22.900624007897154 25.99801469823922 57.62923508922869 20.732477602984247 34.07150270889966 5.8831002358342595 15.995143052341014 2.8428215131878494
49.303593513041825 24.722967560492084 89.57038178805615 84.20528569585655 22.723298293267955 14.350424874507004 86.26073334017677 63.0464332865665 90.13873610034923 40.54117263821513 47.05526959502737 36.706902892955 77.82320632191316 38.582833340972066 62.156882586724166 6.909610814280978 45.377580561395874 0.0 28.515332085497732 76.95362841898876 45.80199128776169 50.635423594946346 72.92201007723298 78.9617816899094 26.211197282302738 17.17499356248722 83.93287490976974 62.5022642613992 88.17242140508131 26.89887593388913 54.54006225270877 35.34703946937618 34.05194670963726 65.33551651168251 55.94092532485946 9.434076665884543 47.10315701861389 2.9140671580045447 17.990791846359812 80.78564417508287 30.251372030608145 54.99426914764066 85.9188646292633 62.78066422097513 22.47839502712136 46.60952388529677 54.01359429981671 44.59991117417032
68.41592158180255 43.69139374900714 115.79879648523541 111.9722869314385 21.461010936928997 42.84579074593839 90.47381424168097 75.0959458587911 114.09440992320249 56.34229949762842 64.96977063524437 58.9953386859021 99.64338496309611 63.25424841928361 85.6529130836197 25.98646523328876 61.48565094095818 28.515332085497732 0.0 95.28043660057142 64.42971236453363 59.4049646861508 98.01326062714749 104.7639649431195 20.834254302255708 45.52362227703517 89.43298455250338 75.47345863382974 112.4006857219353 50.60390953203433 75.84880972639121 58.2138540672984 54.83617464291547 86.42532684550976 77.09963730388733 22.623391873532626 63.380758188096145 25.731547490410403 11.998432430899056 101.49503039138084 39.23387595924419 78.66034453804443 111.30207068095068 81.77369999659597 27.509616590287507 60.00350424505771 63.20244089358038 61.95160437930359
27.699832782871116 53.04315553504498 46.497695379212416 58.82462127021897 99.41898819471237 71.21537286139582 47.30036464104218 26.43645353616831 32.10831019665906 38.93829886780785 30.524804418963647 40.73955163550709 15.261983455722932 42.09731431516903 24.60913253112674 73.78211104119822 33.80579887919051 76.95362841898876 95.28043660057142 0.0 31.41611662876387 41.07106150885859 31.946942206042323 38.34002301101499 102.64535201042862 66.59590563825252 42.972413638371584 24.472385341379063 32.456326889226844 50.63125115398983 23.73567423425853 42.381131006204036 42.901758394149695 14.923344833603808 22.325421324354295 75.68556912215038 31.91263207773507 79.16240636973015 84.1752351139695 11.301275205032482 56.53638225496406 28.64394369523879 38.42294613696439 14.180898312761068 67.87447326518283 36.15913745077779 38.15734164449218 33.432048968775064
4.020534561917759 21.627134320252605 58.44577436148342 62.23701652551409 68.08815393121448 41.90079759626395 51.35451397021853 22.02492163288026 51.86277143433208 9.331385344224042 2.0064422507376567 11.901113139772331 35.71572318596067 17.73170027210674 24.90352967558636 42.37536739235528 6.216689984893574 45.80199128776169 64.42971236453363 31.41611662876387 0.0 21.664568525559126 39.200891147188656 47.14726039860942 71.26833491782655 37.607884627527284 47.66209915180879 20.33319019686536 50.65546993109071 20.633379759013245 12.8642421154625 13.773977847842199 12.043733575785463 22.399100868372308 13.74350114596387 44.28313020907852 5.683966185193649 47.89502833210297 53.03494137782591 37.10157208300058 27.071997580175015 19.842813369422327 51.94022748072187 17.452694590777856 37.448271651774874 12.066677522942468 21.8041154794798 3.6111388872837216
23.969992848376044 27.96364633376935 78.25758101868975 83.59334157128646 69.75963971383362 52.79580161522062 35.895630769933824 16.26927381426981 68.99954867182493 15.591494182186477 20.116199671878505 30.111980444238938 51.309050548458124 37.61731756036805 44.98414313479743 44.86178749483353 15.526553039659515 50.635423594946346 59.4049646861508 41.07106150885859 21.664568525559126 0.0 59.22638423601839 67.26736621734632 72.1712323552356 49.63860894019922 33.332010767214136 17.327036530737303 68.31097541220815 34.15306417000518 32.8601065276797 31.583102464765897 26.68853970683163 39.201691794969925 33.18591474126376 45.08573904698603 16.09465821386238 51.67297033051418 50.21231924405702 50.55253688067199 21.349626919348516 41.054880379944144 71.1200946159215 31.30374604270302 32.83574612023709 9.651149268603177 3.7976092479598327 18.35235454259765
35.83057816908167 55.081499136094 19.244883351918393 27.105367014749714 95.08471622055532 62.06643654716942 77.44619733303907 50.67176590631751 18.203177180290723 48.38488236603237 40.07045104737741 39.52716467059293 17.902163885431417 34.80573437545313 14.347157912922885 72.62152646939589 45.088144825661 72.92201007723298 98.01326062714749 31.946942206042323 39.200891147188656 59.22638423601839 0.0 8.041018680603061 98.76504305889297 57.53404808036791 73.10144548203043 48.20057669848533 15.861926444656493 47.41945899881522 26.580698807454795 40.00860055249648 44.25582719477887 21.602420818078087 26.084250562297417 75.63649638018389 43.83374136353079 75.71364722935951 86.02219351590784 23.62863203671302 65.02911324678048 20.070567869761643 13.328911013817844 29.943097209546895 73.52009141764849 50.445596534033946 57.97858079955185 42.79166105387364
43.83185178085712 62.30531385121241 11.397582918480605 20.672545414148576 100.75893715414671 67.38112054625184 84.71365727851254 58.485282077320505 16.431923944755233 56.279241073393976 48.06091038182635 46.83209602776484 23.38174945823605 41.54233792623563 22.361291511664668 79.11934540209788 53.079205707977295 78.9617816899094 104.7639649431195 38.34002301101499 47.14726039860942 67.26736621734632 8.041018680603061 0.0 104.48105842024715 62.993876060831695 80.35974985635501 56.019970666889876 13.870644193883535 54.201811153415456 34.59601112641364 47.1646798158003 51.66860297223537 29.358729822804243 34.12031816672452 82.24858034356734 51.84780763358809 81.80397106010751 92.76625012561665 28.75789659097452 72.68441568702943 27.74787771579904 7.4576951423745 37.759326723403966 80.8407246675492 58.46959162204212 66.00494173473585 50.747009949673085
74.94758876497207 49.689899951023506 114.77902537611872 107.82893352719732 3.7748007715436187 37.339838833594605 106.07818109197437 86.43457739237525 116.19735254634215 64.9408421496042 72.33564691491584 62.822561963604 104.02339027396236 64.73303157669241 88.34064541099693 28.93290426413398 70.02135356832055 26.211197282302738 20.834254302255708 102.64535201042862 71.26833491782655 72.1712323552356 98.76504305889297 104.48105842024715 0.0 41.53220597968511 104.43561461239081 86.27096709148913 114.18251238360867 53.08366104703951 80.6440138409145 61.51485054483383 59.863920003202736 91.45590677164608 82.0326772286158 27.545917253179162 71.84656247094274 23.68299959530262 22.94897188116852 106.90607654556202 50.82582071035016 81.18059743876748 111.58645834587887 88.52904051495277 39.581168165131814 70.20592135301744 75.86234313280127 69.65667309737162
40.22877031874888 21.88346387831246 73.24914632763442 67.11557261283221 37.7913980374667 4.715650766739368 85.18486502970697 58.27223444554396 75.30173169885884 35.7857207283467 39.335005650362866 26.228557050312894 64.78804315575366 25.063916401795503 48.306951776988505 20.396278908391313 39.488829765682 17.17499356248722 45.52362227703517 66.59590563825252 37.607884627527284 49.63860894019922 57.53404808036791 62.993876060831695 41.53220597968511 0.0 82.1619776882355 57.096476877024 73.17368804446879 17.045333901761676 43.004401358556734 24.442899231304565 25.83466645204676 53.344108200758924 44.438019560819846 24.00560428661161 40.807437962310374 20.074479991678217 34.35093748792938 68.49802681544934 33.776960787153506 41.307807703035714 70.16209728105693 52.64882845484215 31.803282088161918 42.772028508820156 52.263402958607045 37.741084040491636
47.33066648764822 60.97908599072869 89.31426466473395 100.14302821005933 102.29825944563194 85.64898935242437 4.35539226996558 25.848442758938674 74.92583439311692 46.47423809473623 45.65566052922254 59.13957495382775 58.105235684815575 65.37446327761585 61.51319319911267 78.01097579064032 43.53913340517252 83.93287490976974 89.43298455250338 42.972413638371584 47.66209915180879 33.332010767214136 73.10144548203043 80.35974985635501 104.43561461239081 82.1619776882355 0.0 27.941432437474358 75.4046628774489 65.72146176052256 52.50004938737018 60.935244270872204 57.263456837605005 51.86887530484347 51.888768004871 77.96082826167368 42.72650450355646 84.87819503011632 81.80744122099058 54.14754940160193 54.136394683660185 61.27664976283191 81.26735586531419 44.17040502051592 64.8690408453506 39.43845234921495 30.159692321763774 45.927837128859686
19.479268124922164 37.88901569015044 66.22530314950332 74.55638687073443 83.49541490177981 61.10251590646517 31.92452830389392 2.4741913434089327 54.65935421347414 22.044766168192986 18.366362628505563 32.18750219117609 36.707156688764556 37.788148431559584 35.11233365051152 57.73133379801899 17.660204525650034 62.5022642613992 75.47345863382974 24.472385341379063 20.33319019686536 17.327036530737303 48.20057669848533 56.019970666889876 86.27096709148913 57.096476877024 27.941432437474358 0.0 54.383724243131475 40.091639839244365 24.8733169340999 34.04849383460831 31.30698989204931 26.66435200664513 24.436829970025208 58.73058978041578 16.29100413401082 64.10299455331716 65.42699521580859 34.8540233058549 36.334218955794604 33.77962290182001 58.52795263788303 18.263820954696463 48.1645737182844 16.069992544440932 13.991930893829032 19.403486106232524
46.8311705986927 68.91411051826499 15.500161579294023 31.965868243440884 110.53390151134123 77.75147676547438 79.71986444437499 56.72480315547413 2.5675896355614922 59.97742737829366 51.04981920197305 53.42907840835 17.77349966773748 49.684832927705564 26.79313498035619 87.4396362921951 55.90158529313892 88.17242140508131 112.4006857219353 32.456326889226844 50.65546993109071 68.31097541220815 15.861926444656493 13.870644193883535 114.18251238360867 73.17368804446879 75.4046628774489 54.383724243131475 0.0 62.072740046098495 37.85587587907412 54.192327663861676 57.818197452637506 29.170145673395425 36.91198604664874 90.30348529350765 54.3478396845377 90.91435628235023 100.46468677143429 21.273211212178282 77.53439749580973 33.7415625900425 8.295634772546292 37.07098514713683 86.95718976875949 60.57611831551534 66.33866673094444 54.052593099469355
23.495520273007852 9.982832741647199 65.33123073331129 63.333671823562426 49.622079267338236 21.268294276481672 68.93988283692043 41.33653684403275 63.89566759785906 19.27413719900907 22.314847195598343 9.926736479730906 50.942291935992436 12.660571931840039 35.58423671143593 25.377023366065465 22.55516521527559 26.89887593388913 50.60390953203433 50.63125115398983 20.633379759013245 34.15306417000518 47.41945899881522 54.201811153415456 53.08366104703951 17.045333901761676 65.72146176052256 40.091639839244365 62.072740046098495 0.0 27.69975410948402 8.457452601540963 8.794223935471514 38.465379409680985 29.11370260294731 28.253192358421405 23.802422871377427 29.415356809922763 38.60829316492414 53.90833080154132 23.52134135513963 28.44714786757302 60.698907128825816 36.484097246948245 27.804962658986348 26.31499433606972 36.32096912307351 20.70823110294747
9.268010963318558 32.20674565142662 45.79238081927816 50.96436304608991 77.24255514636828 47.66540378622215 56.619420343129825 27.23330882327299 39.14455232009316 22.19177662067749 13.529236418570045 17.833322938360045 23.811325630573748 18.365231356028712 12.235389788877374 52.26145432177787 18.53612761831076 54.54006225270877 75.84880972639121 23.73567423425853 12.8642421154625 32.8601065276797 26.580698807454795 34.59601112641364 80.6440138409145 43.004401358556734 52.50004938737018 24.8733169340999 37.85587587907412 27.69975410948402 0.0 19.251518119878842 21.15360961653819 10.817424615810243 1.4348728743749442 54.647067974071966 17.253203724827262 56.96541524626124 64.14296445869245 26.26274248007945 39.69656395205189 8.929991475477067 39.12186289432673 10.593345363962571 49.49938017145587 23.877518084631554 31.986197690857285 16.37196775893001
15.880759704323996 15.14616595099198 58.4643190181794 58.1773551024199 58.06839087814029 28.959415044239844 64.45367022529939 35.62117764628772 55.92253074253155 15.998055684557434 15.697467292689426 1.8755832741287124 42.53437723024761 6.872083135078271 27.497726291879914 33.525987516006154 17.48338212412001 35.34703946937618 58.2138540672984 42.381131006204036 13.773977847842199 31.583102464765897 40.00860055249648 47.1646798158003 61.51485054483383 24.442899231304565 60.935244270872204 34.04849383460831 54.192327663861676 8.457452601540963 19.251518119878842 0.0 5.572633972060145 30.00815751381098 20.66969944758575 36.208374561008014 18.211167153232797 37.835935988331165 46.27245170505129 45.450989602556895 26.79271582052311 20.451203431061526 53.33743431607618 28.30384340977694 33.71921706598759 22.501334982718262 32.96371548247048 15.007440252074801
15.28702816633055 11.149827347739857 63.036565555696754 63.478112856375496 56.57104966932706 29.991320033965597 60.60029097851632 32.59134445609688 59.40015062398514 11.191988317996005 13.613287021804858 5.018295906095761 44.947904261938405 12.431042779023642 31.030363088227453 31.20837138439791 13.848802804399533 34.05194670963726 54.83617464291547 42.901758394149695 12.043733575785463 26.68853970683163 44.25582719477887 51.66860297223537 59.863920003202736 25.83466645204676 57.263456837605005 31.30698989204931 57.818197452637506 8.794223935471514 21.15360961653819 5.572633972060145 0.0 31.91263207773501 22.472196827329615 33.50384908859966 15.024960853183224 36.28562066392862 43.04683550937321 47.27829698124606 21.48647208710825 24.288476669181357 57.55044829247437 28.73134801325593 29.2800316806307 18.088471247816635 28.41141761431315 11.914866862496684
18.396566919253413 42.887382260714624 39.67735265011139 48.373184017570274 88.04573549896345 58.04058423657819 56.186816766799154 29.127753785477875 30.03490008113513 31.500759669333565 22.414691073175856 28.635967093046062 13.320509065914301 28.347234711979134 10.252193465872534 63.066537813280924 27.048067704889537 65.33551651168251 86.42532684550976 14.923344833603808 22.399100868372308 39.201691794969925 21.602420818078087 29.358729822804243 91.45590677164608 53.344108200758924 51.86887530484347 26.66435200664513 29.170145673395425 38.465379409680985 10.817424615810243 30.00815751381098 31.91263207773501 0.0 9.451736131260589 65.4163988339473 25.39116269570442 67.77527572040658 74.79683936767155 15.451426041250652 49.44318601906612 13.756156833846914 32.16724934988215 8.420664573507816 59.76064780304086 31.452849468611333 37.41313765135446 25.508066553056263
9.977815026170433 33.4893975546348 45.23807004488605 50.904646789569696 78.63838174571522 49.0997800804054 56.041000508105924 26.83297477267077 38.1386748285851 23.068599093211088 14.239820518159803 19.234840660932846 22.543945709221077 19.771892992359824 11.798245570935915 53.61480169664025 19.205278148123927 55.94092532485946 77.09963730388733 22.325421324354295 13.74350114596387 33.18591474126376 26.084250562297417 34.12031816672452 82.0326772286158 44.438019560819846 51.888768004871 24.436829970025208 36.91198604664874 29.11370260294731 1.4348728743749442 20.66969944758575 22.472196827329615 9.451736131260589 0.0 55.974712593138776 17.826477795957793 58.35677168415569 65.41974459143678 24.880791588714803 40.71391520324525 9.390847004283776 38.430549442651305 9.373190986496702 50.65267331239979 24.385532302381737 32.15233566319454 17.173843721440846
48.10704820299969 22.694029156768437 93.22713481882481 89.4701636839691 24.81438360537601 22.42754999276094 79.95836851298893 58.92982747478987 92.09109450500304 37.47487254738946 45.1929600426393 37.19116716912324 78.40574870521147 40.83103788069769 63.69643267025808 3.611936417648262 42.59445505661866 9.434076665884543 22.623391873532626 75.68556912215038 44.28313020907852 45.08573904698603 75.63649638018389 82.24858034356734 27.545917253179162 24.00560428661161 77.96082826167368 58.73058978041578 90.30348529350765 28.253192358421405 54.647067974071966 36.208374561008014 33.50384908859966 65.4163988339473 55.974712593138776 0.0 44.44211501818562 8.357010631718301 10.744070566469286 80.76226627306197 23.83885385773076 56.60725809783617 88.8819820024584 61.707626122937675 14.038235510103364 42.66296228883628 48.69233955676932 42.39954402510275
8.046157797242278 22.396063607612483 63.036565555696754 67.57030471943403 68.84060327058205 44.84539900677633 46.28036614102159 17.59012131498383 55.36306576610369 7.064636210031069 4.021549743800733 16.41385659432191 38.47384250510681 23.01341119642769 29.48840686831911 42.94960266646058 1.8952942047862023 47.10315701861389 63.380758188096145 31.91263207773507 5.683966185193649 16.09465821386238 43.83374136353079 51.84780763358809 71.84656247094274 40.807437962310374 42.72650450355646 16.29100413401082 54.3478396845377 23.802422871377427 17.253203724827262 18.211167153232797 15.024960853183224 25.39116269570442 17.826477795957793 44.44211501818562 0.0 48.94444412427871 52.40296740783894 39.08036649978257 24.759625838582924 25.0462614012165 56.24813916352306 18.903964412740798 35.96308687657558 6.672030382011955 16.120168885092212 3.2097090177320515
51.47447165134695 26.556449033091575 92.44031975085889 87.1188308194161 20.29840541581853 17.117566781443866 87.08534840662902 64.55313939724395 92.86208890029913 42.25578549280046 49.07902273812978 39.14051033473015 80.35718280820818 41.27851732555641 64.80816282753698 6.928934114262983 47.18308095181215 2.9140671580045447 25.731547490410403 79.16240636973015 47.89502833210297 51.67297033051418 75.71364722935951 81.80397106010751 23.68299959530262 20.074479991678217 84.87819503011632 64.10299455331716 90.91435628235023 29.415356809922763 56.96541524626124 37.835935988331165 36.28562066392862 67.77527572040658 58.35677168415569 8.357010631718301 48.94444412427871 0.0 15.563176787985029 83.2261300526432 30.89203208895512 57.64509964387026 88.73871749579102 65.00721817793377 22.175610756553162 48.1192493446162 55.135554820916965 46.53923000354278
56.98162147021118 31.936799938401954 103.80912952761813 100.21394965587103 21.50834071479665 32.19664645449869 83.30488565583194 65.2857356817698 102.18222882514297 45.338364924999546 53.70337635651657 47.09805847191224 87.95405195242827 51.25654583360246 73.74240012809622 14.240123844049492 50.51251882694655 17.990791846359812 11.998432430899056 84.1752351139695 53.03494137782591 50.21231924405702 86.02219351590784 92.76625012561665 22.94897188116852 34.35093748792938 81.80744122099058 65.42699521580859 100.46468677143429 38.60829316492414 64.14296445869245 46.27245170505129 43.04683550937321 74.79683936767155 65.41974459143678 10.744070566469286 52.40296740783894 15.563176787985029 0.0 89.97992335591094 29.162615699043666 66.72361283048512 99.30717473616961 70.46275201967805 17.39618994902083 49.596479047681406 53.97889359451641 50.747598465289244
33.095196094162105 58.15173487310716 35.79841625213261 49.429372078876504 103.49704274592699 73.20937175626396 58.45597623158155 37.00893264549131 20.819722251751138 45.75095804675804 36.75150251406215 44.087359975253705 5.757337913628554 43.434334708774976 21.45494394043245 78.47068368212211 40.89653867312647 80.78564417508287 101.49503039138084 11.301275205032482 37.10157208300058 50.55253688067199 23.62863203671302 28.75789659097452 106.90607654556202 68.49802681544934 54.14754940160193 34.8540233058549 21.273211212178282 53.90833080154132 26.26274248007945 45.450989602556895 47.27829698124606 15.451426041250652 24.880791588714803 80.76226627306197 39.08036649978257 83.2261300526432 89.97992335591094 0.0 63.75094954728462 27.627538665474663 27.739755670182497 20.182128410768538 74.52289671759567 44.34996603355567 47.987330634341916 39.846364254772
31.05147724563638 13.654386190467928 84.08178002628453 84.94603899089043 48.419061235815185 35.66172955571814 56.22271512062899 36.12810712988404 78.83903159330211 18.013659660350978 27.085230383889844 26.504656092960502 62.73983664814272 33.57370895901225 51.152919419255994 23.97394321182063 22.900624007897154 30.251372030608145 39.23387595924419 56.53638225496406 27.071997580175015 21.349626919348516 65.02911324678048 72.68441568702943 50.82582071035016 33.776960787153506 54.136394683660185 36.334218955794604 77.53439749580973 23.52134135513963 39.69656395205189 26.79271582052311 21.48647208710825 49.44318601906612 40.71391520324525 23.83885385773076 24.759625838582924 30.89203208895512 29.162615699043666 63.75094954728462 0.0 44.96937009117128 78.17064282450802 43.61948366284581 11.831026440677144 20.785035635213404 25.03849770316774 23.977101306200883
17.085195997167038 35.27286513524652 39.14142745880641 42.53914116965495 77.61659068245345 46.018604359143005 65.43181300847772 36.15261772354481 35.485160033190034 28.697904108184982 21.06527172458526 19.725214851019526 23.51866135681489 16.492612555129572 7.163239548302977 53.81687010996637 25.99801469823922 54.99426914764066 78.66034453804443 28.64394369523879 19.842813369422327 41.054880379944144 20.070567869761643 27.74787771579904 81.18059743876748 41.307807703035714 61.27664976283191 33.77962290182001 33.7415625900425 28.44714786757302 8.929991475477067 20.451203431061526 24.288476669181357 13.756156833846914 9.390847004283776 56.60725809783617 25.0462614012165 57.64509964387026 66.72361283048512 27.627538665474663 44.96937009117128 0.0 33.300942679855154 17.987737801274168 53.56592930571668 31.705656492483055 40.50137079156723 23.44435235654694
48.372829573345136 68.40627293706348 8.0784691698361 23.671224616721634 107.87845210979515 74.59715622427596 85.61406581497664 60.9503003738853 10.578152296685069 61.2228873769351 52.64035066325027 52.84742763507562 23.180361745006277 48.0602117034582 27.09331879014567 85.8268566288768 57.62923508922869 85.9188646292633 111.30207068095068 38.42294613696439 51.94022748072187 71.1200946159215 13.328911013817844 7.4576951423745 111.58645834587887 70.16209728105693 81.26735586531419 58.52795263788303 8.295634772546292 60.698907128825816 39.12186289432673 53.33743431607618 57.55044829247437 32.16724934988215 38.430549442651305 88.8819820024584 56.24813916352306 88.73871749579102 99.30717473616961 27.739755670182497 78.17064282450802 33.300942679855154 0.0 40.51591064227167 86.82517998990657 62.746119999706586 69.52452185723881 55.48539194200344
13.60745000393088 39.0218710439345 48.08396195607193 56.485266442584155 85.27772454628156 57.22693879704443 48.44034078850066 20.732477602984247 37.69924969816898 25.661170798547705 16.80542204298027 26.62286863495466 20.071107625021547 28.6340498198385 17.350185124422026 59.710527865586485 20.732477602984247 62.78066422097513 81.77369999659597 14.180898312761068 17.452694590777856 31.30374604270302 29.943097209546895 37.759326723403966 88.52904051495277 52.64882845484215 44.17040502051592 18.263820954696463 37.07098514713683 36.484097246948245 10.593345363962571 28.30384340977694 28.73134801325593 8.420664573507816 9.373190986496702 61.707626122937675 18.903964412740798 65.00721817793377 70.46275201967805 20.182128410768538 43.61948366284581 17.987737801274168 40.51591064227167 0.0 54.572392834298036 24.291275280554014 29.270737814583423 19.849999633560763
41.46762594632894 18.590081423380717 92.16819721010403 91.12396602935287 37.45496680091567 32.10518909369246 66.60951481782875 47.94526160696964 88.444735252984 28.970569495570086 37.796836495666945 34.01618505518663 73.0728195166164 39.87762492713097 60.22270444392548 15.575556446306662 34.07150270889966 22.47839502712136 27.509616590287507 67.87447326518283 37.448271651774874 32.83574612023709 73.52009141764849 80.8407246675492 39.581168165131814 31.803282088161918 64.8690408453506 48.1645737182844 86.95718976875949 27.804962658986348 49.49938017145587 33.71921706598759 29.2800316806307 59.76064780304086 50.65267331239979 14.038235510103364 35.96308687657558 22.175610756553162 17.39618994902083 74.52289671759567 11.831026440677144 53.56592930571668 86.82517998990657 54.572392834298036 0.0 32.51953550043998 36.59356458094981 34.7260637482829
14.713486491399312 22.246134506243536 69.62315533989855 74.21389466696786 67.42602195255122 46.408125241767046 42.62551162569717 16.43976379829462 61.487680959759416 7.042263034723234 10.643674736620186 20.902457979754843 44.25883225019699 28.207805451999118 36.10875945736602 41.68387438417209 5.8831002358342595 46.60952388529677 60.00350424505771 36.15913745077779 12.066677522942468 9.651149268603177 50.445596534033946 58.46959162204212 70.20592135301744 42.772028508820156 39.43845234921495 16.069992544440932 60.57611831551534 26.31499433606972 23.877518084631554 22.501334982718262 18.088471247816635 31.452849468611333 24.385532302381737 42.66296228883628 6.672030382011955 48.1192493446162 49.596479047681406 44.34996603355567 20.785035635213404 31.705656492483055 62.746119999706586 24.291275280554014 32.51953550043998 0.0 10.46826704901368 8.701593315375678
