0.0 54.33407801457486 62.08498657411747 85.43581187774411 95.59407404767408 35.27395680587016 71.81080607652292 57.50548334288728 59.75415499175887 2.5419385599480115 85.75764064282878 63.271956784031886 88.57368629136738 7.059522972256441 44.083422295922446 14.314088558340494 61.38511100391092 105.93323312745356 89.13168415696607 47.65466237262285 87.55617362906217 46.64704455451605 17.86138365996167 2.3442758316416454 80.96182301153883 81.84785733658545 100.47249280172886 94.7830166303775 47.50192446875632 107.68548458733711 24.074421618704815 45.34882941368384 48.30708945247887 100.3208330039452 77.44312985536526 60.00160364470891 20.089555990328726 8.760995698827609 20.793071477366947 62.832407196870825 46.91449574276785 44.351679515494844 42.111541930634765 66.97065826728357 5.795035369541392 16.568815370074024 41.661603210760966 6.039789407151922
54.33407801457486 0.0 12.547964922671316 37.93987576656966 44.55884146803831 21.558153307164048 21.040824289276703 3.929407199237314 8.728813164325931 51.838121778342135 33.88621878784152 25.56165022348553 36.99574837750857 48.202975115580216 12.056906198654461 50.486536456739444 23.50632852613398 52.01763486214757 36.47360983054633 8.09801735890012 34.4497492232256 31.609474184703004 57.82625247186277 56.22558977888215 28.680375305097183 27.58331040786051 46.7965903960942 41.10389822142461 7.129221082076262 54.27751752714327 45.216997508358084 21.592607053406848 11.363332579989166 47.94227479287038 23.112546737588907 6.106241312412165 38.17053221129761 46.334065389457805 47.282288926539266 15.881359471761352 28.61402409407793 10.037758140040253 24.301277536181516 30.584879891879496 48.73403332934397 39.98338389267457 20.374217532921584 51.47562771357085
62.08498657411747 12.547964922671316 0.0 25.780949420507817 45.595016270869294 26.96002722752326 9.797727003704312 13.425753343302805 3.8324738205432083 59.5433833255019 35.05235992300417 15.129200031752024 38.15257070498331 55.41691229157797 18.124676308253896 55.65588428389561 13.612243839970944 48.52248159121982 36.31960955678322 15.07332167602918 33.792453941863606 44.15201539078143 62.2912615900946 63.716167839101075 18.88830830340904 22.160248247686106 44.11101498466527 33.11398133126019 16.200268547111595 51.76340367554563 48.40424663915744 20.637532150709998 13.813922069954087 47.266090442901266 19.619602154409847 12.956939041144992 43.71965352523424 53.55960210284132 51.15328994216697 3.8218612832222236 25.595042506272424 19.370371677280314 24.33149201355506 40.61941145083169 56.30837375766361 46.33451239729324 22.111367642168418 58.31477221858338
85.43581187774411 37.93987576656966 25.780949420507817 0.0 50.48436583088018 50.40270902994304 17.119461340758903 37.63211656496564 29.382425981842072 82.91745030097833 42.87974425210381 23.15220152098302 45.0549056137163 78.48098571497623 42.968241086821216 76.73149885126217 24.58611536736782 43.58258183062168 41.437830829220076 40.525860503582194 38.862805851966904 69.05497937897354 82.25891279264785 86.79228585686627 13.982735285726873 24.506121751702356 41.9725375625908 21.7267713329101 41.89876216297074 48.31089522787829 67.77750854420704 40.37895097271104 38.082993470639956 48.51646496111574 27.61955982135617 36.11679676390721 65.84609706570438 76.69569089455835 71.08946561296828 23.54814705233407 41.263211290310885 44.98639747653527 43.94141627884557 60.820642269875286 79.65789235322093 69.01704660047616 43.7854462844685 80.94241639069863
95.59407404767408 44.55884146803831 45.595016270869294 50.48436583088018 0.0 65.98004099694664 42.062166436653555 40.666901282390484 44.64827542866818 93.27883488290274 10.751441755434808 58.969216075706846 7.601229752184512 90.4040585274705 56.61210969963599 94.26706197525871 58.19895371712411 18.05099815187006 9.590205812196563 52.65223290833407 12.295929790589465 55.20985359052958 101.84721207311924 97.74797194495414 37.482359657286295 26.989749982406448 13.460125908321187 31.83174946306124 51.496168010454795 16.00388305688772 89.72511683322992 64.80818232210738 55.203824594207454 6.817241405115359 26.682689657764627 38.502494917782606 82.04654807557914 88.60836309194961 91.64051469757801 48.415774780696445 70.82427257132757 53.86032476715278 68.0773796743575 34.08986274928055 90.49364900957549 83.3076112394428 64.59018505078514 93.93582168122119
35.27395680587016 21.558153307164048 26.96002722752326 50.40270902994304 65.98004099694664 0.0 36.60013033599469 25.367457125218426 24.99930850554006 32.73474062503324 55.37327545955588 29.26764961054569 58.45812198147113 28.498140210862005 9.66414443827093 29.194513556507115 27.151747786193067 73.25352933940815 58.03117508212857 13.654767454446954 55.996453527436586 35.311952942007686 36.35099479530752 36.82026057786058 45.839723721117245 47.808608293359924 68.1790411261222 59.97200001476279 14.496673209038958 75.72102077386296 23.759839084233853 12.096118989231584 13.14949894838092 69.49979829651909 43.939709078179206 27.66358231130535 16.96818233262155 26.65250112315295 25.724644242081887 27.558459441940933 17.536765796123724 12.271670615764306 10.645697690985571 45.882202406407984 29.47974958199863 19.38351632241265 7.575918096021744 31.354758824403543
71.81080607652292 21.040824289276703 9.797727003704312 17.119461340758903 42.062166436653555 36.60013033599469 0.0 20.51644620744816 12.846046643931958 69.26887197162881 32.33404687660143 17.28868241168624 35.1720007424583 65.09458532054055 27.91909853575513 64.95108176455085 17.016539403023092 41.64915842023173 32.47435222209234 24.82444386942924 29.776590695574132 51.93675143751955 71.35419514614595 73.40911682652892 9.380210642951113 15.750755703524032 37.9420658528129 24.041393891637508 25.792701413832813 45.43834650197752 57.22034200554319 29.047461569867693 23.503732233982287 42.38640965080567 15.507004257677425 19.021238084335355 53.18926461908336 63.24415951091775 60.142748619724394 9.416666819114313 32.67283474812565 29.017111872542795 32.82374474790539 44.797467254607085 66.0264443209025 55.92556630635878 31.230123380866488 67.92994941262641
57.50548334288728 3.929407199237314 13.425753343302805 37.63211656496564 40.666901282390484 25.367457125218426 20.51644620744816 0.0 9.729476698756496 55.032042149222335 30.01743597931755 27.68968776561341 33.11614524821778 51.52623043037598 15.94856604135523 54.14341740879837 25.776704955353853 48.55671327885636 32.691898433243054 12.015427176148348 30.73222503092988 31.423950125339893 61.546101007842644 59.45105755294464 27.205534536547923 24.822843876372076 43.24481197631936 38.749118371478836 10.874212913571649 50.66723255511291 49.07484340162481 25.374158332189143 15.188368927191691 44.15663284313791 20.07640767400379 2.4981185294067814 41.831691950845965 49.664687099887594 51.085596364915865 17.127082829028254 32.284413400444244 13.53245034688925 28.173566177032782 27.802135462300566 51.974401263972794 43.51537084161991 24.290396854758363 54.86017812098069
59.75415499175887 8.728813164325931 3.8324738205432083 29.382425981842072 44.64827542866818 24.99930850554006 12.846046643931958 9.729476698756496 0.0 57.21797190425802 33.95463603603357 18.184485371618877 37.09719494616749 53.22030345797005 15.678538568974751 54.06186405410785 16.420294594369807 49.01739773310225 35.63922095452962 12.20593822074638 33.23365296986765 40.32372457980717 60.936277444135264 61.467094373189994 21.3954534715563 22.98753656016709 44.311003684437715 35.0558234178707 12.973137606947445 51.960822583749675 47.35674378869422 20.38666876780593 12.018305342042199 46.85425453687295 19.66405141700257 9.57100721036996 41.94033782592073 51.35172311058795 49.919955449345636 7.405111122759892 26.178500635506712 16.218393862367645 23.89139288341881 37.252464674766976 54.00989120226648 44.34160389695199 21.06758873680518 56.239613200032196
2.5419385599480115 51.838121778342135 59.5433833255019 82.91745030097833 93.27883488290274 32.73474062503324 69.26887197162881 55.032042149222335 57.21797190425802 0.0 83.39475389423541 60.79692778263948 86.22639917376249 4.691043376392132 41.545745595970146 13.076888054569272 58.898536646235286 103.48758870461423 86.74222911554351 45.125086926797664 85.14560450929754 44.92233088577013 17.664913413688545 4.471553329633578 78.42071708201597 79.33803980459182 98.04082395828435 92.25031502691515 44.988520287984294 105.272881859189 22.33923585734382 42.86722709947377 45.76515798151333 97.95508205491358 74.94957568411881 57.52701950904204 17.703989568343964 6.289808335716542 19.21342367970758 60.29304567321646 44.55254135238494 41.846156717240454 39.65814269651617 64.96837192889426 3.261246454848527 14.123816375303205 39.15041394456109 4.742855623239272
85.75764064282878 33.88621878784152 35.05235992300417 42.87974425210381 10.751441755434808 55.37327545955588 32.33404687660143 30.01743597931755 33.95463603603357 83.39475389423541 0.0 48.83757978351631 3.152862902813239 80.35113789192577 45.942977837004435 83.86833674121554 47.932013601470416 22.28082672518549 4.212188286627243 41.96813992354653 4.997157466871353 47.61615100514927 91.39149158868247 87.86587214204235 29.15579909787519 18.43128812902949 16.487953382897476 27.399372096295973 40.87723724176267 22.56563925930436 79.0921576929159 54.06420823498728 44.4566862148223 14.564658850857722 16.834347685165366 27.807121712992398 71.60499625981389 78.53327147862498 81.07212497038161 38.019221840932964 60.13221330800513 43.33169850306685 57.326135141016785 28.281921095062458 80.53185364674086 72.9941515307555 53.84718702628698 83.84056232769156
63.271956784031886 25.56165022348553 15.129200031752024 23.15220152098302 58.969216075706846 29.26764961054569 17.28868241168624 27.68968776561341 18.184485371618877 60.79692778263948 48.83757978351631 0.0 51.818802604849544 56.23425911020032 24.245399809106353 53.781736362614716 2.281314124894652 58.72958503597894 49.42760470010347 23.506428623652518 46.76218004577785 56.047256486338625 59.133883365911025 64.45858575840275 25.15411437091795 33.03842385944579 55.19969579472605 39.530244223100944 25.65527546623187 62.65137461582192 44.64767410063595 17.93699718712498 19.373891352410208 59.627136282668715 32.29083742879082 27.755330172213007 43.343351454441795 54.514304553422136 47.99436355738988 11.418475784280815 18.11761738910691 27.91388772817253 21.22226866701368 55.41533347359528 57.56379445592994 46.713181748166555 21.945466494430377 58.44964821725385
88.57368629136738 36.99574837750857 38.15257070498331 45.0549056137163 7.601229752184512 58.45812198147113 35.1720007424583 33.11614524821778 37.09719494616749 86.22639917376249 3.152862902813239 51.818802604849544 0.0 83.23996627419166 49.0522895432509 86.87888005874021 50.95384456082375 20.64908078384803 4.046583320158562 45.08354394843317 6.25355247413974 49.64207310815081 94.42313609980066 90.6979437284799 31.516082355442713 20.799205282177727 14.975147883310148 28.451692469494883 43.96510997150713 20.3540479721065 82.18881136470227 57.21701141263547 47.60313706887853 11.87584060685665 19.66978635313777 30.92611861074725 74.62953277116458 81.42935503006296 84.1442801006171 41.076330555192044 63.275572736252485 46.38401544147132 60.47783679073052 29.605371700099926 83.38935172916464 75.97277906005145 56.9910189123303 86.74474862367187
7.059522972256441 48.202975115580216 55.41691229157797 78.48098571497623 90.4040585274705 28.498140210862005 65.09458532054055 51.52623043037598 53.22030345797005 4.691043376392132 80.35113789192577 56.23425911020032 83.23996627419166 0.0 37.54634581326419 9.901513614707433 54.361331074793384 100.07167320607577 83.58781992630679 41.229822433033675 81.90339814904024 43.92706367432863 16.112717074584612 8.333775445084708 74.3052200413984 75.57406879627544 94.69371830429404 88.27608474368415 41.243401778887524 102.00553001065417 18.111418477123646 38.32113961837225 41.60836887095485 94.88555969612939 71.29780094363761 54.009993618705224 13.035120275593785 1.8735888970536714 15.238051677848613 56.030178489854606 39.874719216819855 38.16966787976541 35.05977524965407 63.134596112531376 1.9831525796745322 9.521313788248525 34.69559166302816 3.645729256974099
44.083422295922446 12.056906198654461 18.124676308253896 42.968241086821216 56.61210969963599 9.66414443827093 27.91909853575513 15.94856604135523 15.678538568974751 41.545745595970146 45.942977837004435 24.245399809106353 49.0522895432509 37.54634581326419 0.0 38.840709584591444 21.968188777179332 63.58980191546914 48.48492234134749 4.009743960717009 46.40463976549144 33.2603972502651 46.012508857638885 45.78856087160042 36.924961070287885 38.242920617968295 58.5203863279665 50.731668195353045 5.340840510026321 66.07052833897045 33.172941431323494 12.030444012174753 5.01299004233712 59.950600000435806 34.29147591003505 18.146304496822296 26.57454280799766 35.67671366812804 35.313697596608584 19.47780139590628 19.374789306622695 4.795920137492835 13.571358060755033 39.2545971607651 38.33340444286305 28.763475523863526 9.18520871266772 40.59717964834891
14.314088558340494 50.486536456739444 55.65588428389561 76.73149885126217 94.26706197525871 29.194513556507115 64.95108176455085 54.14341740879837 54.06186405410785 13.076888054569272 83.86833674121554 53.781736362614716 86.87888005874021 9.901513614707433 38.840709584591444 0.0 52.169182715462945 102.40835846360517 86.78510348481237 42.79862627382252 84.87443357748553 51.65786362246463 7.8169386868160435 13.937270032126847 74.32054622488961 76.9733138493807 97.26819104530381 88.76500859417378 43.35748080187212 104.76396220415913 10.459739601237382 36.47187035068316 42.05968430475138 98.22588886070169 73.13084418422402 56.54114383686391 12.316133624890478 10.195150354207161 6.865273995109823 55.59122498124877 36.174480147074405 40.627121272218936 32.81765283121787 69.37574979790446 11.76302859400161 11.19241719641183 33.72791287956023 8.377242604256192
61.38511100391092 23.50632852613398 13.612243839970944 24.58611536736782 58.19895371712411 27.151747786193067 17.016539403023092 25.776704955353853 16.420294594369807 58.898536646235286 47.932013601470416 2.281314124894652 50.95384456082375 54.361331074793384 21.968188777179332 52.169182715462945 0.0 58.64899489151925 48.70381355341154 21.23987800765624 46.06350875016441 53.81714737024131 57.69224741358251 62.6136436394648 25.39394492797558 32.67794647614499 54.937578189628226 39.969541748904724 23.401995049451724 62.45183182295247 43.220290471828555 16.041045915744945 17.092585467612405 59.10813249584867 31.577681466771285 25.96631227518214 41.52899395060956 52.624246580781715 46.508583805080015 10.06998974656124 16.92267641840324 25.637303702171792 19.453628683377172 53.55595929475713 55.65691859912569 44.84520460458825 19.910602402881214 56.64536754450881
105.93323312745356 52.01763486214757 48.52248159121982 43.58258183062168 18.05099815187006 73.25352933940815 41.64915842023173 48.55671327885636 49.01739773310225 103.48758870461423 22.28082672518549 58.72958503597894 20.64908078384803 100.07167320607577 63.58980191546914 102.40835846360517 58.64899489151925 0.0 18.139831705222953 59.61406116389435 18.890411812053557 69.86288621892467 109.5897233752804 107.9293226133847 33.8651963941683 26.400597257990427 5.804607062564859 21.92746059907046 59.119869809379416 4.994120226288342 96.31554796956185 69.12639779323837 60.87451607800705 11.463748964135643 29.410662209179293 46.084299340306806 90.10826615120679 98.21320667828535 98.74989358674031 50.20683207205988 73.87666109236797 62.02668007593823 72.76748112313925 50.254422215639444 100.47416432822217 92.00101701399083 70.08176916156201 103.41682439596033
89.13168415696607 36.47360983054633 36.31960955678322 41.437830829220076 9.590205812196563 58.03117508212857 32.47435222209234 32.691898433243054 35.63922095452962 86.74222911554351 4.212188286627243 49.42760470010347 4.046583320158562 83.58781992630679 48.48492234134749 86.78510348481237 48.70381355341154 18.139831705222953 0.0 44.481785297764446 2.710560213833989 51.72370815905564 94.23039337551248 91.20959495733739 28.115728126565617 17.49956391853976 12.336363156972284 24.4111005156009 43.55827233507112 18.735888970543787 81.65330708044804 55.964069742821216 46.64328315297243 11.468665941761948 17.138964132031347 30.367676262376357 74.48686303195389 81.75583329054435 83.75571280848719 39.00529833268725 61.74248483826401 46.16378781738085 59.344231756862726 32.488230052336995 83.83236877116745 76.01779933119948 56.05128023752487 87.04111435046718
47.65466237262285 8.09801735890012 15.07332167602918 40.525860503582194 52.65223290833407 13.654767454446954 24.82444386942924 12.015427176148348 12.20593822074638 45.125086926797664 41.96813992354653 23.506428623652518 45.08354394843317 41.229822433033675 4.009743960717009 42.79862627382252 21.23987800765624 59.61406116389435 44.481785297764446 0.0 42.39563496982585 32.74152009342805 50.005460407693384 49.419307853854015 33.59620923232257 34.40234123823992 54.524341627795316 47.1351139453472 2.379767297013149 62.068281416728205 37.172221273939705 14.454129672042052 4.759534344301942 55.94625493252419 30.35595044432599 14.162133734520259 30.512291733263776 39.356756737590366 39.32326794104346 17.00152877783124 21.775367241750462 4.565254314685845 16.666892538388083 36.52859900959327 41.93971138348158 32.599750367945234 12.50314344724023 44.35169680865546
87.55617362906217 34.4497492232256 33.792453941863606 38.862805851966904 12.295929790589465 55.996453527436586 29.776590695574132 30.73222503092988 33.23365296986765 85.14560450929754 4.997157466871353 46.76218004577785 6.25355247413974 81.90339814904024 46.40463976549144 84.87443357748553 46.06350875016441 18.890411812053557 2.710560213833989 42.39563496982585 0.0 51.20237648469321 92.26757009020892 89.60679101303181 25.455034314098874 14.809124894093493 13.150486571762729 22.47352307457359 41.56391069210853 20.129933333243184 79.54488111810915 53.59654080302543 44.4003964001529 13.649271584593965 14.486616086273832 28.35687479119093 72.56376208114156 80.0618541815356 81.7103790196262 36.41122010964026 59.276465314953555 44.251265749820334 57.01617054391435 32.720048030701044 82.19876190081531 74.18493658547628 53.80118980176172 85.32638835253489
46.64704455451605 31.609474184703004 44.15201539078143 69.05497937897354 55.20985359052958 35.311952942007686 51.93675143751955 31.423950125339893 40.32372457980717 44.92233088577013 47.61615100514927 56.047256486338625 49.64207310815081 43.92706367432863 33.2603972502651 51.65786362246463 53.81714737024131 69.86288621892467 51.72370815905564 32.74152009342805 51.20237648469321 0.0 59.26016511371344 48.99058022435448 57.95927500249143 52.80019370492942 64.05853717432748 67.20144954605274 30.471759009211382 69.99611059930596 52.79612284934513 44.80499908497639 37.32099922782865 61.25818871677559 47.564958083443926 33.028015977669945 42.28722474227383 42.593652210389145 52.66720691929202 47.440315741437544 51.793269606637004 28.720657457581993 45.09992904047873 22.044446923051712 43.11391588045695 41.16950136005487 40.853414196440866 47.49028796614298
17.86138365996167 57.82625247186277 62.2912615900946 82.25891279264785 101.84721207311924 36.35099479530752 71.35419514614595 61.546101007842644 60.936277444135264 17.664913413688545 91.39149158868247 59.133883365911025 94.42313609980066 16.112717074584612 46.012508857638885 7.8169386868160435 57.69224741358251 109.5897233752804 94.23039337551248 50.005460407693384 92.26757009020892 59.26016511371344 0.0 16.48434057090154 80.73351417056496 83.91510696457576 104.52974224171912 95.31410473455627 50.704711816843556 112.06528968561183 14.48702095209036 42.47064300259135 48.920717984133695 105.68734805480544 80.23182313023595 63.911127484392246 19.801568409962744 16.99948391643147 11.24153338232627 61.94446482796246 41.12950225044222 48.07745704769896 38.72083720578955 77.18901367001548 17.599379216644362 18.999715628979235 40.19528609385394 13.230448841170887
2.3442758316416454 56.22558977888215 63.716167839101075 86.79228585686627 97.74797194495414 36.82026057786058 73.40911682652892 59.45105755294464 61.467094373189994 4.471553329633578 87.86587214204235 64.45858575840275 90.6979437284799 8.333775445084708 45.78856087160042 13.937270032126847 62.6136436394648 107.9293226133847 91.20959495733739 49.419307853854015 89.60679101303181 48.99058022435448 16.48434057090154 0.0 82.60323886681647 83.69236149071558 102.49181617091327 96.51701584898404 49.34010574159935 109.73290867658042 24.09488895266014 46.573964447302465 49.91427190845053 102.42592335987484 79.33798550517693 61.9443854973246 21.13391534454758 10.167934201119282 20.66469102959592 64.36070342513315 47.815947927907615 46.2176085395346 43.251140095108596 69.27886699344607 7.494355588217514 17.782960583706313 43.00864019555477 6.252378684115125
80.96182301153883 28.680375305097183 18.88830830340904 13.982735285726873 37.482359657286295 45.839723721117245 9.380210642951113 27.205534536547923 21.3954534715563 78.42071708201597 29.15579909787519 25.15411437091795 31.516082355442713 74.3052200413984 36.924961070287885 74.32054622488961 25.39394492797558 33.8651963941683 28.115728126565617 33.59620923232257 25.455034314098874 57.95927500249143 80.73351417056496 82.60323886681647 0.0 10.730903024786224 30.91794742378352 14.753652409849636 34.28635874317896 38.0709553954331 66.58382957205338 38.39462152824616 32.69995166304097 36.46923963400781 13.670018341478375 25.183523661118713 62.518258533712796 72.4477492780918 69.51995472043743 18.79090235672247 41.71491524318825 37.54920074991103 42.17178238007234 47.50554853613241 75.18944302095944 65.2016928358961 40.60565898806873 77.19243187678231
81.84785733658545 27.58331040786051 22.160248247686106 24.506121751702356 26.989749982406448 47.808608293359924 15.750755703524032 24.822843876372076 22.98753656016709 79.33803980459182 18.43128812902949 33.03842385944579 20.799205282177727 75.57406879627544 38.242920617968295 76.9733138493807 32.67794647614499 26.400597257990427 17.49956391853976 34.40234123823992 14.809124894093493 52.80019370492942 83.91510696457576 83.69236149071558 10.730903024786224 0.0 22.295286486111763 14.426194064730007 34.352457910339844 29.87697006461503 70.31484313785812 42.794506130577425 34.9953952651747 26.70177832880106 5.235474726438863 22.37717748482808 64.77624179324948 73.70063517342233 72.9069503178586 23.83671841867928 47.486094867158066 37.499202994752444 46.47090695209956 39.2255881556742 76.19854836726601 66.99402398788979 43.98798133783892 78.74238688520549
100.47249280172886 46.7965903960942 44.11101498466527 41.9725375625908 13.460125908321187 68.1790411261222 37.9420658528129 43.24481197631936 44.311003684437715 98.04082395828435 16.487953382897476 55.19969579472605 14.975147883310148 94.69371830429404 58.5203863279665 97.26819104530381 54.937578189628226 5.804607062564859 12.336363156972284 54.524341627795316 13.150486571762729 64.05853717432748 104.52974224171912 102.49181617091327 30.91794742378352 22.295286486111763 0.0 21.024860962509596 53.92051401335862 7.657288845688918 91.43485812695845 64.59107916566721 56.02081581980275 7.822828958261949 24.6503164319539 40.79484214297087 84.95512432986953 92.84113169497522 93.78015303286303 46.07489966191391 69.64328059203811 56.76015830148854 68.17468149395336 44.55482351571574 95.05369704626841 86.75190680862208 65.31577179445235 98.07056526998414
94.7830166303775 41.10389822142461 33.11398133126019 21.7267713329101 31.83174946306124 59.97200001476279 24.041393891637508 38.749118371478836 35.0558234178707 92.25031502691515 27.399372096295973 39.530244223100944 28.451692469494883 88.27608474368415 50.731668195353045 88.76500859417378 39.969541748904724 21.92746059907046 24.4111005156009 47.1351139453472 22.47352307457359 67.20144954605274 95.31410473455627 96.51701584898404 14.753652409849636 14.426194064730007 21.024860962509596 0.0 47.46251313565113 26.752758445119014 81.2442515739207 53.08769045337139 46.84217131277002 28.312408295575107 19.65536724259388 36.38316223736749 76.81862584668848 86.40732461204344 84.1254687490011 33.446105204362716 56.45029020720356 50.70015996844189 56.86337411176436 52.58955387100189 89.05199298551145 79.35109145106802 55.12703736083342 91.2819405852416
47.50192446875632 7.129221082076262 16.200268547111595 41.89876216297074 51.496168010454795 14.496673209038958 25.792701413832813 10.874212913571649 12.973137606947445 44.988520287984294 40.87723724176267 25.65527546623187 43.96510997150713 41.243401778887524 5.340840510026321 43.35748080187212 23.401995049451724 59.119869809379416 43.55827233507112 2.379767297013149 41.56391069210853 30.471759009211382 50.704711816843556 49.34010574159935 34.28635874317896 34.352457910339844 53.92051401335862 47.46251313565113 0.0 61.40648553916774 38.22896028335129 16.670576147380633 7.139300892143038 55.02521352282803 30.072501070476356 13.207056555880753 31.041564244117406 39.37098947804276 40.21144210125671 18.50637437558545 24.021398813214805 3.2643970284883292 18.680485947107645 34.29819204526979 41.84616130044039 32.891161539907465 14.39393864280527 44.46508419767931
107.68548458733711 54.27751752714327 51.76340367554563 48.31089522787829 16.00388305688772 75.72102077386296 45.43834650197752 50.66723255511291 51.960822583749675 105.272881859189 22.56563925930436 62.65137461582192 20.3540479721065 102.00553001065417 66.07052833897045 104.76396220415913 62.45183182295247 4.994120226288342 18.735888970543787 62.068281416728205 20.129933333243184 69.99611059930596 112.06528968561183 109.73290867658042 38.0709553954331 29.87697006461503 7.657288845688918 26.752758445119014 61.40648553916774 0.0 99.04000191771819 72.24809578866441 63.64298005572837 9.209792996781946 32.3036424166561 48.23894121494436 92.44802891900942 100.15994589158576 101.35608222578644 53.69139899140978 77.28314592925013 64.19806517826576 75.82947862238936 49.60801293064962 102.3189249612079 94.18075004780489 72.95218738147501 105.41212737018446
24.074421618704815 45.216997508358084 48.40424663915744 67.77750854420704 89.72511683322992 23.759839084233853 57.22034200554319 49.07484340162481 47.35674378869422 22.33923585734382 79.0921576929159 44.64767410063595 82.18881136470227 18.111418477123646 33.172941431323494 10.459739601237382 43.220290471828555 96.31554796956185 81.65330708044804 37.172221273939705 79.54488111810915 52.79612284934513 14.48702095209036 24.09488895266014 66.58382957205338 70.31484313785812 91.43485812695845 81.2442515739207 38.22896028335129 99.04000191771819 0.0 28.20333493188787 35.44125382399015 93.11611854460759 66.90546684220766 51.31606992283223 10.59312289001187 17.423887543282152 3.6477425756753683 47.80477955236389 26.65379612752682 35.99017349585542 24.430077769604758 67.9616365307919 20.084965021424072 12.795871010008876 26.334401158449918 18.050117465989096
45.34882941368384 21.592607053406848 20.637532150709998 40.37895097271104 64.80818232210738 12.096118989231584 29.047461569867693 25.374158332189143 20.38666876780593 42.86722709947377 54.06420823498728 17.93699718712498 57.21701141263547 38.32113961837225 12.030444012174753 36.47187035068316 16.041045915744945 69.12639779323837 55.964069742821216 14.454129672042052 53.59654080302543 44.80499908497639 42.47064300259135 46.573964447302465 38.39462152824616 42.794506130577425 64.59107916566721 53.08769045337139 16.670576147380633 72.24809578866441 28.20333493188787 0.0 10.240943578116806 67.23014961211929 39.95629008128608 26.98827845358276 25.50837016526414 36.58867908029493 31.230066720205933 19.645618322735956 7.368722394799309 16.82501520803831 3.7771615409278145 50.96596337502002 39.63044234719512 28.804224820627546 4.548013358899536 40.624568819464756
48.30708945247887 11.363332579989166 13.813922069954087 38.082993470639956 55.203824594207454 13.14949894838092 23.503732233982287 15.188368927191691 12.018305342042199 45.76515798151333 44.4566862148223 19.373891352410208 47.60313706887853 41.60836887095485 5.01299004233712 42.05968430475138 17.092585467612405 60.87451607800705 46.64328315297243 4.759534344301942 44.4003964001529 37.32099922782865 48.920717984133695 49.91427190845053 32.69995166304097 34.9953952651747 56.02081581980275 46.84217131277002 7.139300892143038 63.64298005572837 35.44125382399015 10.240943578116806 0.0 58.041831134587966 31.46422283334318 16.939321026195405 29.99240863926606 39.75334726971672 37.92988728118185 14.706830149251894 17.38834596406468 8.669654353781157 13.012596392451334 41.041166980598625 42.52302792651415 32.53080365010992 9.40847391603226 44.50281579170438
100.3208330039452 47.94227479287038 47.266090442901266 48.51646496111574 6.817241405115359 69.49979829651909 42.38640965080567 44.15663284313791 46.85425453687295 97.95508205491358 14.564658850857722 59.627136282668715 11.87584060685665 94.88555969612939 59.950600000435806 98.22588886070169 59.10813249584867 11.463748964135643 11.468665941761948 55.94625493252419 13.649271584593965 61.25818871677559 105.68734805480544 102.42592335987484 36.46923963400781 26.70177832880106 7.822828958261949 28.312408295575107 55.02521352282803 9.209792996781946 93.11611854460759 67.23014961211929 58.041831134587966 0.0 27.71067105108621 41.83633441211913 85.93392094846699 93.06268932792099 95.22436005242889 49.700666154465644 72.82174796491022 57.61402139112438 70.66209763327895 40.538173689893 95.08375203083503 87.42420133747935 67.44523997165012 98.36258656212439
77.44312985536526 23.112546737588907 19.619602154409847 27.61955982135617 26.682689657764627 43.939709078179206 15.507004257677425 20.07640767400379 19.66405141700257 74.94957568411881 16.834347685165366 32.29083742879082 19.66978635313777 71.29780094363761 34.29147591003505 73.13084418422402 31.577681466771285 29.410662209179293 17.138964132031347 30.35595044432599 14.486616086273832 47.564958083443926 80.23182313023595 79.33798550517693 13.670018341478375 5.235474726438863 24.6503164319539 19.65536724259388 30.072501070476356 32.3036424166561 66.90546684220766 39.95629008128608 31.46422283334318 27.71067105108621 0.0 17.591352519374425 60.862275360633866 69.42700292135883 69.3499438245511 21.999017600319327 45.21437464304158 33.13107802773891 43.52626732966905 34.44784467821292 71.84605212101084 62.91518592632731 40.699082269877266 74.53728616432883
60.00160364470891 6.106241312412165 12.956939041144992 36.11679676390721 38.502494917782606 27.66358231130535 19.021238084335355 2.4981185294067814 9.57100721036996 57.52701950904204 27.807121712992398 27.755330172213007 30.92611861074725 54.009993618705224 18.146304496822296 56.54114383686391 25.96631227518214 46.084299340306806 30.367676262376357 14.162133734520259 28.35687479119093 33.028015977669945 63.911127484392246 61.9443854973246 25.183523661118713 22.37717748482808 40.79484214297087 36.38316223736749 13.207056555880753 48.23894121494436 51.31606992283223 26.98827845358276 16.939321026195405 41.83633441211913 17.591352519374425 0.0 44.22593634791762 52.14736090043037 53.38804394099445 16.76439679496159 33.71040783338966 15.965638316229162 29.95001991542265 27.699054509714124 54.466259997143695 45.95725693394896 26.209354193879193 57.33571891371084
20.089555990328726 38.17053221129761 43.71965352523424 65.84609706570438 82.04654807557914 16.96818233262155 53.18926461908336 41.831691950845965 41.94033782592073 17.703989568343964 71.60499625981389 43.343351454441795 74.62953277116458 13.035120275593785 26.57454280799766 12.316133624890478 41.52899395060956 90.10826615120679 74.48686303195389 30.512291733263776 72.56376208114156 42.28722474227383 19.801568409962744 21.13391534454758 62.518258533712796 64.77624179324948 84.95512432986953 76.81862584668848 31.041564244117406 92.44802891900942 10.59312289001187 25.50837016526414 29.99240863926606 85.93392094846699 60.862275360633866 44.22593634791762 0.0 11.459633873522812 10.558157554567824 43.925503652375774 26.85080377213746 28.323484442700334 22.125045513203528 58.26029022610686 14.586606422730677 3.775907093525038 22.184305835448576 15.117076456066103
8.760995698827609 46.334065389457805 53.55960210284132 76.69569089455835 88.60836309194961 26.65250112315295 63.24415951091775 49.664687099887594 51.35172311058795 6.289808335716542 78.53327147862498 54.514304553422136 81.42935503006296 1.8735888970536714 35.67671366812804 10.195150354207161 52.624246580781715 98.21320667828535 81.75583329054435 39.356756737590366 80.0618541815356 42.593652210389145 16.99948391643147 10.167934201119282 72.4477492780918 73.70063517342233 92.84113169497522 86.40732461204344 39.37098947804276 100.15994589158576 17.423887543282152 36.58867908029493 39.75334726971672 93.06268932792099 69.42700292135883 52.14736090043037 11.459633873522812 0.0 14.813416288481278 54.194215930519924 38.30620864345614 36.299905470251254 33.368515574914724 61.553209600111224 3.1281444108541647 7.836451752932281 32.9138043597291 5.33897258523165
20.793071477366947 47.282288926539266 51.15328994216697 71.08946561296828 91.64051469757801 25.724644242081887 60.142748619724394 51.085596364915865 49.919955449345636 19.21342367970758 81.07212497038161 47.99436355738988 84.1442801006171 15.238051677848613 35.313697596608584 6.865273995109823 46.508583805080015 98.74989358674031 83.75571280848719 39.32326794104346 81.7103790196262 52.66720691929202 11.24153338232627 20.66469102959592 69.51995472043743 72.9069503178586 93.78015303286303 84.1254687490011 40.21144210125671 101.35608222578644 3.6477425756753683 31.230066720205933 37.92988728118185 95.22436005242889 69.3499438245511 53.38804394099445 10.558157554567824 14.813416288481278 0.0 50.72909054272084 30.09080956171327 37.78541364144732 27.479303823463276 68.77221492828117 17.220324682487895 11.69155734975819 29.042097635474935 14.753644595657551
62.832407196870825 15.881359471761352 3.8218612832222236 23.54814705233407 48.415774780696445 27.558459441940933 9.416666819114313 17.127082829028254 7.405111122759892 60.29304567321646 38.019221840932964 11.418475784280815 41.076330555192044 56.030178489854606 19.47780139590628 55.59122498124877 10.06998974656124 50.20683207205988 39.00529833268725 17.00152877783124 36.41122010964026 47.440315741437544 61.94446482796246 64.36070342513315 18.79090235672247 23.83671841867928 46.07489966191391 33.446105204362716 18.50637437558545 53.69139899140978 47.80477955236389 19.645618322735956 14.706830149251894 49.700666154465644 21.999017600319327 16.76439679496159 43.925503652375774 54.194215930519924 50.72909054272084 0.0 23.679311592128435 21.504659333591405 23.419567422014378 44.43891113851367 57.03818176643195 46.760578038388864 21.863726163948304 58.775199993363664
46.91449574276785 28.61402409407793 25.595042506272424 41.263211290310885 70.82427257132757 17.536765796123724 32.67283474812565 32.284413400444244 26.178500635506712 44.55254135238494 60.13221330800513 18.11761738910691 63.275572736252485 39.874719216819855 19.374789306622695 36.174480147074405 16.92267641840324 73.87666109236797 61.74248483826401 21.775367241750462 59.276465314953555 51.793269606637004 41.12950225044222 47.815947927907615 41.71491524318825 47.486094867158066 69.64328059203811 56.45029020720356 24.021398813214805 77.28314592925013 26.65379612752682 7.368722394799309 17.38834596406468 72.82174796491022 45.21437464304158 33.71040783338966 26.85080377213746 38.30620864345614 30.09080956171327 23.679311592128435 0.0 24.162010422875163 6.907015561582754 58.30330812386258 41.430195138434634 30.509154000834396 10.941490192519979 41.63107974315143
44.351679515494844 10.037758140040253 19.370371677280314 44.98639747653527 53.86032476715278 12.271670615764306 29.017111872542795 13.53245034688925 16.218393862367645 41.846156717240454 43.33169850306685 27.91388772817253 46.38401544147132 38.16966787976541 4.795920137492835 40.627121272218936 25.637303702171792 62.02668007593823 46.16378781738085 4.565254314685845 44.251265749820334 28.720657457581993 48.07745704769896 46.2176085395346 37.54920074991103 37.499202994752444 56.76015830148854 50.70015996844189 3.2643970284883292 64.19806517826576 35.99017349585542 16.82501520803831 8.669654353781157 57.61402139112438 33.13107802773891 15.965638316229162 28.323484442700334 36.299905470251254 37.78541364144732 21.504659333591405 24.162010422875163 0.0 18.209620564028242 34.688632919944325 38.723726462654824 29.99174982895549 13.7694805967876 41.43807601671111
42.111541930634765 24.301277536181516 24.33149201355506 43.94141627884557 68.0773796743575 10.645697690985571 32.82374474790539 28.173566177032782 23.89139288341881 39.65814269651617 57.326135141016785 21.22226866701368 60.47783679073052 35.05977524965407 13.571358060755033 32.81765283121787 19.453628683377172 72.76748112313925 59.344231756862726 16.666892538388083 57.01617054391435 45.09992904047873 38.72083720578955 43.251140095108596 42.17178238007234 46.47090695209956 68.17468149395336 56.86337411176436 18.680485947107645 75.82947862238936 24.430077769604758 3.7771615409278145 13.012596392451334 70.66209763327895 43.52626732966905 29.95001991542265 22.125045513203528 33.368515574914724 27.479303823463276 23.419567422014378 6.907015561582754 18.209620564028242 0.0 52.825700319003246 36.445791243629095 25.542755516688903 4.452182582073256 37.22748086608965
66.97065826728357 30.584879891879496 40.61941145083169 60.820642269875286 34.08986274928055 45.882202406407984 44.797467254607085 27.802135462300566 37.252464674766976 64.96837192889426 28.281921095062458 55.41533347359528 29.605371700099926 63.134596112531376 39.2545971607651 69.37574979790446 53.55595929475713 50.254422215639444 32.488230052336995 36.52859900959327 32.720048030701044 22.044446923051712 77.18901367001548 69.27886699344607 47.50554853613241 39.2255881556742 44.55482351571574 52.58955387100189 34.29819204526979 49.60801293064962 67.9616365307919 50.96596337502002 41.041166980598625 40.538173689893 34.44784467821292 27.699054509714124 58.26029022610686 61.553209600111224 68.77221492828117 44.43891113851367 58.30330812386258 34.688632919944325 52.825700319003246 0.0 62.697872357837475 58.246125810647506 48.41856956393628 66.77988582430403
5.795035369541392 48.73403332934397 56.30837375766361 79.65789235322093 90.49364900957549 29.47974958199863 66.0264443209025 51.974401263972794 54.00989120226648 3.261246454848527 80.53185364674086 57.56379445592994 83.38935172916464 1.9831525796745322 38.33340444286305 11.76302859400161 55.65691859912569 100.47416432822217 83.83236877116745 41.93971138348158 82.19876190081531 43.11391588045695 17.599379216644362 7.494355588217514 75.18944302095944 76.19854836726601 95.05369704626841 89.05199298551145 41.84616130044039 102.3189249612079 20.084965021424072 39.63044234719512 42.52302792651415 95.08375203083503 71.84605212101084 54.466259997143695 14.586606422730677 3.1281444108541647 17.220324682487895 57.03818176643195 41.430195138434634 38.723726462654824 36.445791243629095 62.697872357837475 0.0 10.941714591410118 35.894319283879966 4.516612869489436
16.568815370074024 39.98338389267457 46.33451239729324 69.01704660047616 83.3076112394428 19.38351632241265 55.92556630635878 43.51537084161991 44.34160389695199 14.123816375303205 72.9941515307555 46.713181748166555 75.97277906005145 9.521313788248525 28.763475523863526 11.19241719641183 44.84520460458825 92.00101701399083 76.01779933119948 32.599750367945234 74.18493658547628 41.16950136005487 18.999715628979235 17.782960583706313 65.2016928358961 66.99402398788979 86.75190680862208 79.35109145106802 32.891161539907465 94.18075004780489 12.795871010008876 28.804224820627546 32.53080365010992 87.42420133747935 62.91518592632731 45.95725693394896 3.775907093525038 7.836451752932281 11.69155734975819 46.760578038388864 30.509154000834396 29.99174982895549 25.542755516688903 58.246125810647506 10.941714591410118 0.0 25.24196008412858 12.014674991015312
