0.0 22.544032524229348 30.557947055748347 16.36005175580985 13.680362719413013 10.958585178363464 43.53274518630544 44.72956398802704 12.692825630291543 49.91520052620035 32.05344572577238 16.053425062436027 37.69727464611858 32.48422481364554 22.146499754605156 57.550383759137155 5.319089760191775 54.65514872478032 3.769011890884048 22.587397443567657 17.108211434822326 16.976478656249473 29.0281055137538 36.34138706665662 8.862257563429235 45.79374169708313 41.68225394003783 42.0820560118434 17.19397336320457 45.997792902998064 26.395301030964056 18.78074912147354 40.74349195928643 33.454491609987244 18.31809337383451 56.96977122844028 14.19624527877346 53.61956227888977 23.013003455834955 12.818773714253947 18.64889370495055 33.315205651263796 16.467315761178455 58.49587727980846 33.89574710849613 56.219266528161974 17.96759921241709
22.544032524229348 0.0 53.05286803561772 16.982340172190167 36.171419015594445 19.878274564850592 65.1090286366131 57.27936356797559 24.17832469472653 32.0087969135394 40.621033413990844 30.589594678131462 47.69399924279582 46.938251198377706 21.78282596819996 59.66135493950438 27.35280496025969 68.98283839239502 25.896272828974528 29.156289080242694 21.982834469356106 5.881813669279164 50.96082440120804 48.405364563779145 27.4932269900979 50.296954651181395 63.555486049852625 52.27314820454299 27.603663248814822 27.095424627944173 47.777421352986245 13.644475280063832 57.41143143658332 51.62805755432065 23.48142755265326 59.27869407764139 23.30400494480737 68.31356671482305 33.57658756991191 17.670279052101343 9.641494704089142 20.74259395613222 18.85667948819403 60.57873359243961 53.30835660448733 75.26998533268647 39.10320047863063
30.557947055748347 53.05286803561772 0.0 43.87402039610158 17.357589997452294 37.68378624576326 16.37175618802382 45.951897422796925 35.72130585007855 78.86443249278302 40.45963085272506 32.32845428433473 45.65631270891959 31.143450341147005 45.077669804165666 70.01502475491345 25.748637949623543 49.64299026880464 27.167998548910134 42.30375806206323 41.69246866483733 47.349805707227254 6.822680115968202 41.75486373558115 28.751108240331106 58.10229264678114 13.529002655388805 48.05761127768843 37.1105902671506 75.51287480518542 10.756688419385938 46.23225267228179 35.237773608258586 22.855310675366347 39.6635054207985 69.31397366052494 35.88322523822045 48.135897618275756 34.93806769659064 40.470947591721355 48.51362552680352 61.28663027770993 43.00111574859007 70.82434430626472 19.217072669993378 39.77494308195547 16.298582308248346
16.36005175580985 16.982340172190167 43.87402039610158 0.0 26.67169134978273 6.217663450565477 58.49291286694062 40.29708541817997 8.936401146777802 34.991032234512886 46.2016991468917 14.952206062133772 30.789405239049305 48.44864129536247 31.138208770139983 45.26082634786512 21.421432916830955 52.04099110518454 19.955796338791153 12.250409665812345 5.015088609859996 15.194003683492049 43.884697564692345 31.42580266604723 15.169519419838972 34.70908470812909 56.310482467095134 35.39087861296664 11.026364546360233 31.809722997519422 41.90678562582264 23.987126248281914 40.97305201274969 49.80703150311861 29.72646774303419 44.78084139149279 26.94112591139917 51.40421621968312 37.45945111486697 3.611306481692758 7.5569077661875 17.524952636612603 1.8806583529604395 46.207986613076 50.10580401459154 59.45923512662702 33.89988963611819
13.680362719413013 36.171419015594445 17.357589997452294 26.67169134978273 0.0 20.455543397531557 31.969525425042928 39.955730066349425 19.003356505024602 61.619350495313746 35.25500552521606 17.17376457730292 35.88164532732057 30.750516648505634 32.421717933872294 59.008743091272606 9.7687811586156 47.640118424515215 10.84525061168306 27.0368772140414 24.97853819387941 30.656036872841863 17.47365635338522 33.05548838996436 11.800481950195937 46.8010643566236 29.678250898539037 39.49893526469841 21.348336649295998 58.18013439105381 16.371848019234747 31.326708671296533 32.69670789951092 27.46478342316196 27.40860771319863 58.34833575419953 23.042639845429402 46.36574691241476 27.066330215124985 23.199774300608013 31.1646177001678 44.17343180133043 25.93701180248199 59.90409855360817 26.20908484927201 45.145431873431136 10.809398272739216
10.958585178363464 19.878274564850592 37.68378624576326 6.217663450565477 20.455543397531557 0.0 52.28717205162798 38.72240646183261 4.381437151973524 41.18485946908516 42.322418687224506 10.733271389700757 30.11949012454568 43.43643605092181 29.23235032422072 47.601400914991835 15.661204793040374 49.90254136265142 14.280892075067277 12.69690522855077 6.217663450565477 16.287865213070077 37.684059048717224 29.865924161047445 9.070183434318345 36.27054760171171 50.09423709346775 34.718702640470745 8.623018785030615 37.89812114045621 35.78248083403684 23.178887497606055 37.64817665984734 44.11855981568627 26.825374575204602 47.059648244560286 23.41441844551782 49.107425150293 33.36548131013327 2.8428215131879075 11.893325679891092 23.737564307831768 5.72482604769764 48.55267657965426 44.210586860812924 55.40339806729433 27.915610119354785
43.53274518630544 65.1090286366131 16.37175618802382 58.49291286694062 31.969525425042928 52.28717205162798 0.0 61.436643773993325 50.95047545713509 93.22581236030798 41.61235295408132 48.23777327701998 61.881481105323395 29.911936975308304 52.45669423524798 86.26658818166801 38.26318908636817 63.61045398951068 39.81002621415297 58.271121607472075 56.936681124464656 59.23360894344833 14.617042075631826 57.87983501758512 43.76707501558777 74.41908481564388 3.1019427030550566 64.07735900955747 52.87039029844997 89.4863264301438 17.33207155737226 55.830285036736626 50.08845850982417 19.794071280354355 47.233929870290666 85.56267096915714 44.44634822075389 62.06256408672913 39.45495833799038 54.944843860113686 62.147902823805246 76.01695290807879 57.864069443574934 87.06260593692515 15.645158170089056 50.16137630027106 26.0063976315759
44.72956398802704 57.27936356797559 45.951897422796925 40.29708541817997 39.955730066349425 38.72240646183261 61.436643773993325 0.0 34.47836496715331 63.36362867522735 74.7130384253517 28.97873457141232 10.43892674118135 70.6055454883908 66.68686510479884 27.903280430847182 45.552494736573266 12.252641394233523 45.33107232101572 28.24321987251908 35.302004085414424 54.803252003919646 51.28824044636055 8.897631094085563 35.87809033266627 19.313100354449062 58.34725552310734 7.0812779672804815 30.153789070014955 63.13484214366635 52.955487700425195 61.6737907360354 12.09221216733802 65.8609672760733 63.04144753830661 27.214649096859375 58.83572946952689 12.06813910045321 66.00873422263916 40.129060581932 47.75537963961327 48.244240108967695 38.42324923048638 28.446973405896735 63.40234699240274 27.975529252232572 50.47021595263734
12.692825630291543 24.17832469472653 35.72130585007855 8.936401146777802 19.003356505024602 4.381437151973524 50.95047545713509 34.47836496715331 0.0 43.44283835387953 44.72438989273834 6.417649799934021 26.15951078582321 44.75827452867492 32.88000408287654 44.876278933161274 16.427120774236503 45.557096502079524 15.296863865725756 9.89896533344265 5.992718604012173 20.665571865167024 36.47551062220897 25.6588031933594 7.222173010454881 33.21086238263126 48.58492677510692 30.723040824061417 4.712761052306823 40.54249418297925 35.05386265466919 27.247479273780186 33.28265301137815 44.45506091391019 30.039707317909567 44.30175629803143 26.322103787821064 44.747919211416956 35.68999837946865 6.614667983203285 15.766784066736854 25.691065918528995 7.582453004008884 45.823156605339264 44.11855981568627 51.17334570219237 27.768975591366555
49.91520052620035 32.0087969135394 78.86443249278302 34.991032234512886 61.619350495313746 41.18485946908516 93.22581236030798 63.36362867522735 43.44283835387953 0.0 72.59645414216781 48.29498209228346 53.080702593334706 78.66498650329731 53.52853991244329 50.565408930640544 55.23403740449434 75.41739607977085 53.68397141999589 40.10789973163108 37.694906079763484 37.121378529042474 78.61525688418804 56.21525882620648 50.14427905980497 47.45548594078307 91.15838081067754 56.4624465981567 43.407183358856685 5.327545400745893 76.27751117658275 45.56261531052689 69.31182294608128 82.39724065487069 55.485461345047746 50.56559410651297 55.00011551512735 75.40694840428522 65.5151366977406 38.41974562808889 31.33175965601014 17.81579456076434 35.94619501063013 51.207284814561376 83.46951618632015 88.7407507153332 67.87581181714691
32.05344572577238 40.621033413990844 40.45963085272506 46.2016991468917 35.25500552521606 42.322418687224506 41.61235295408132 74.7130384253517 44.72438989273834 72.59645414216781 0.0 47.57424744115035 69.05381617853567 11.96696328797845 19.29553648810632 89.59910565646773 29.53013950093001 82.8937882057549 30.116904248679617 54.59093759182944 48.499104656929 36.00427216837912 34.096687998231026 67.04751728338654 40.00074089880677 77.83002024175369 42.04335817997362 73.202997765347 49.24387322121494 67.57702142406129 29.787559178309277 27.036807450067613 67.93965331665727 21.87667267381323 17.35161314518446 89.02113552462635 19.282164112205344 81.62019474221509 9.042538130092748 43.276133112779675 44.2913728888003 59.78419024760193 47.0144308881556 90.54535915288272 25.969846061143294 78.59057348457725 26.24566457212588
16.053425062436027 30.589594678131462 32.32845428433473 14.952206062133772 17.17376457730292 10.733271389700757 48.23777327701998 28.97873457141232 6.417649799934021 48.29498209228346 47.57424744115035 0.0 21.658270705580563 46.02304709007654 37.736524290551074 42.73406071335167 18.130905181344055 39.61344824513978 17.457380005427684 10.03681781334336 10.811214716895792 26.916089784115908 34.19379562125725 20.385319941062175 7.576066878679803 30.6442931006085 45.65016187937839 26.02889421097072 4.948260187049005 45.80238211675511 33.524108115573085 32.82181201226165 26.93648634245361 44.284614115097334 34.30457520914319 42.106973218449696 30.24698682826523 38.73205284601192 38.573739004423715 13.014958510493791 22.100662067671834 30.489148898331482 13.329582515272165 43.659195211437414 43.32624333450564 44.76471880157443 27.360995871997382
37.69727464611858 47.69399924279582 45.65631270891959 30.789405239049305 35.88164532732057 30.11949012454568 61.881481105323395 10.43892674118135 26.15951078582321 53.080702593334706 69.05381617853567 21.658270705580563 0.0 66.45369420014353 59.001387710001175 24.388716893721707 39.52371175236804 22.68734097732799 39.00199830203321 18.54663638399524 25.90073624132355 45.711414631473176 49.95454854453561 4.448599189841538 29.144660867717814 12.865183556701853 58.88674001028488 4.621081955132305 21.529719865503356 52.73022768630899 50.77502998757331 53.29828001127172 17.990910968680588 63.082684951572205 55.86307401032833 23.683506819632992 51.87568509956768 22.485249290765594 60.10625024305762 31.111683903171695 38.076831118919436 37.80633246013134 28.950913252835903 25.181132862348544 61.223836705592426 36.69513734473482 46.690694967656604
32.48422481364554 46.938251198377706 31.143450341147005 48.44864129536247 30.750516648505634 43.43643605092181 29.911936975308304 70.6055454883908 44.75827452867492 78.66498650329731 11.96696328797845 46.02304709007654 66.45369420014353 0.0 27.820873053872678 88.75700122107784 28.356844960918618 77.39492085565797 29.467401720245185 54.52782840239939 49.58817973087478 41.555053390794605 24.389354673667 63.788371230346925 38.68595843911309 76.64435177885434 30.601186603230843 70.20655624220369 48.791727238951125 73.94384169051781 20.476027663056175 34.198047988729456 62.330085814606655 10.12493243274913 23.94955078549074 88.12868600511204 23.67744158367833 76.01395157090589 13.730299007888018 45.07874865536413 48.384888598530246 64.06626525362245 48.81952532544354 89.68147768583387 14.386798283531741 70.59138153881605 20.142544101720496
22.146499754605156 21.78282596819996 45.077669804165666 31.138208770139983 32.421717933872294 29.23235032422072 52.45669423524798 66.68686510479884 32.88000408287654 53.52853991244329 19.29553648810632 37.736524290551074 59.001387710001175 27.820873053872678 0.0 76.33217329239528 23.0999216699546 76.80000050699957 22.616973346624654 41.876563820025076 34.74259421834323 17.994291926223585 40.51117754546389 58.113228891325335 30.966407940836405 65.37428257300141 51.80487316579657 63.526795599437015 37.5730132139074 48.43385022080658 36.34405364610578 8.212458823026813 62.80580994562148 35.070312799984684 5.420401770623702 75.83300185616483 9.451120671740153 75.76568267797971 14.210227805233112 29.100138191657205 27.20395769581334 41.9103857885625 32.44652784151608 77.28191313782827 37.986662863870976 77.37198425682122 28.79991660822094
57.550383759137155 59.66135493950438 70.01502475491345 45.26082634786512 59.008743091272606 47.601400914991835 86.26658818166801 27.903280430847182 44.876278933161274 50.565408930640544 89.59910565646773 42.73406071335167 24.388716893721707 88.75700122107784 76.33217329239528 0.0 60.672173728506074 35.343899431956736 59.796176177795815 35.042322110294265 41.688063634398766 59.94213972890691 74.09979332731149 28.51490017827098 50.14427905980502 12.208258133502579 83.27504371875823 22.79667425972132 40.38301453868481 52.66248864560574 74.61537080424897 69.21709557159689 39.72850717339195 86.47120432338922 74.3939538063745 0.7113065980774589 70.99608186347476 36.2312717712881 80.56171711575087 47.2875991164258 50.664812341681106 42.21373482833473 43.887425514994504 0.9516032668683452 84.9548642117204 54.943772758744245 69.70236883545172
5.319089760191775 27.35280496025969 25.748637949623543 21.421432916830955 9.7687811586156 15.661204793040374 38.26318908636817 45.552494736573266 16.427120774236503 55.23403740449434 29.53013950093001 18.130905181344055 39.52371175236804 28.356844960918618 23.0999216699546 60.672173728506074 0.0 54.65558754165415 1.5532003003268096 26.172238048227783 21.566854199852322 21.607839014089055 23.81271983561407 37.61073573517876 10.573244398558675 48.6830412350576 36.468677520259746 43.69480097430024 20.45843806923476 51.306778102672226 21.085063426936035 21.557939380261626 40.1795574895931 28.459036436000435 18.4124748817766 60.06297458911752 13.998565761356051 53.51116415048665 20.604286964272262 17.826511694199517 23.961471939989572 38.5688552291336 21.33919794236055 61.60740465144237 28.695067374966616 54.28080545406478 12.655421409469993
54.65514872478032 68.98283839239502 49.64299026880464 52.04099110518454 47.640118424515215 49.90254136265142 63.61045398951068 12.252641394233523 45.557096502079524 75.41739607977085 82.8937882057549 39.61344824513978 22.68734097732799 77.39492085565797 76.80000050699957 35.343899431956736 54.65558754165415 0.0 54.68480909085684 40.19651783034465 47.02605040671426 66.1549179511093 55.80470598299559 20.744024099803102 45.84702246246441 29.714045706892964 60.52663597007562 18.95807494865733 41.51492698166401 75.32220578333282 58.26983477930315 72.4114746608886 15.06896935558408 71.37602010864812 72.76016795931731 34.743758562071534 68.42736552192372 1.5546107235323472 74.54751937181497 51.56136065778512 59.56500986183074 60.49348703897661 50.16037888183451 35.62132290169794 68.36546313961757 20.39191341717672 57.43338651064173
3.769011890884048 25.896272828974528 27.167998548910134 19.955796338791153 10.84525061168306 14.280892075067277 39.81002621415297 45.33107232101572 15.296863865725756 53.68397141999589 30.116904248679617 17.457380005427684 39.00199830203321 29.467401720245185 22.616973346624654 59.796176177795815 1.5532003003268096 54.68480909085684 0.0 25.122639632500384 20.266758076528472 20.18409447284368 25.346041817226567 37.24638604519337 9.885654516909527 47.8661424751692 38.002818042325316 43.241421497321156 19.47583134789233 49.753597799935484 22.63817306325731 20.577061423860137 40.35491338724503 29.8748771193042 18.142772018152936 59.19499222050395 13.764266538110911 53.5710484839035 21.121930760776646 16.371981601007214 22.4083500782313 37.047649389720384 19.926394878305477 60.7349151226638 30.189432154995053 54.877527899743825 14.199618682123424
22.587397443567657 29.156289080242694 42.30375806206323 12.250409665812345 27.0368772140414 12.69690522855077 58.271121607472075 28.24321987251908 9.89896533344265 40.10789973163108 54.59093759182944 10.03681781334336 18.54663638399524 54.52782840239939 41.876563820025076 35.042322110294265 26.172238048227783 40.19651783034465 25.122639632500384 0.0 7.462122645899945 27.30341485975655 44.21109846224097 19.459555090576224 16.09324433351317 23.576449450715593 55.66941052537575 23.142445862285154 5.8269371622557316 38.32656430066352 43.40762768791341 35.44972138331491 30.39884607249998 53.691212652554306 39.504342875227934 34.48069340450532 35.98314654342583 39.664815097999686 45.56426424496801 12.972483169468301 19.559558498556807 22.69076392848713 10.429633166366397 35.99151247710251 53.00394959546389 49.58278363448214 36.80987344588863
17.108211434822326 21.982834469356106 41.69246866483733 5.015088609859996 24.97853819387941 6.217663450565477 56.936681124464656 35.302004085414424 5.992718604012173 37.694906079763484 48.499104656929 10.811214716895792 25.90073624132355 49.58817973087478 34.74259421834323 41.688063634398766 21.566854199852322 47.02605040671426 20.266758076528472 7.462122645899945 0.0 19.850842175968747 42.4442974033343 26.42307732812097 13.180313434839343 30.647399691546994 54.57743131619903 30.514949042737147 6.316854937058231 35.030321604624675 40.930873550917745 28.076683517607478 36.088824340500324 49.93141381597393 32.72647944649453 41.16716234367717 29.487196640589435 46.39025243619221 39.56194109651689 5.64683068163416 12.559083437593921 19.888254832005376 3.134430528018799 42.639538185515086 49.7953547313316 54.749296180062615 33.43723382536143
16.976478656249473 5.881813669279164 47.349805707227254 15.194003683492049 30.656036872841863 16.287865213070077 59.23360894344833 54.803252003919646 20.665571865167024 37.121378529042474 36.00427216837912 26.916089784115908 45.711414631473176 41.555053390794605 17.994291926223585 59.94213972890691 21.607839014089055 66.1549179511093 20.18409447284368 27.30341485975655 19.850842175968747 0.0 45.11790851632033 45.90986120929687 22.801023900781264 49.79106034831822 57.6977432658286 50.33143315818796 24.675536859998893 32.401305808136556 41.90293601624051 9.892606386122415 53.84492475999373 45.886606969916656 18.66176546715682 59.50228629029382 17.881016868437726 65.38057984620379 28.452263923146457 14.677337055078073 9.47806530550293 23.97586609059644 16.916635441830547 60.87978502435872 47.482385885668954 71.12828022110372 33.229322543450195
29.0281055137538 50.96082440120804 6.822680115968202 43.884697564692345 17.47365635338522 37.684059048717224 14.617042075631826 51.28824044636055 36.47551062220897 78.61525688418804 34.096687998231026 34.19379562125725 49.95454854453561 24.389354673667 40.51117754546389 74.09979332731149 23.81271983561407 55.80470598299559 25.346041817226567 44.21109846224097 42.4442974033343 45.11790851632033 0.0 46.3195873669988 29.264095290184454 62.00480527938848 12.656873751234368 52.75497366259456 38.65743150141871 74.91073391972861 4.397408643743918 42.67529727199086 41.120625923022516 16.074553684799458 35.107754345389196 73.40993849494107 31.70510299786612 54.321320565676 29.248121985191027 40.33111159882828 47.59142544978018 61.40671273360887 43.28287496704303 74.9444639048968 12.613799217084143 46.58411874434526 12.159762068102681
36.34138706665662 48.405364563779145 41.75486373558115 31.42580266604723 33.05548838996436 29.865924161047445 57.87983501758512 8.897631094085563 25.6588031933594 56.21525882620648 67.04751728338654 20.385319941062175 4.448599189841538 63.788371230346925 58.113228891325335 28.51490017827098 37.61073573517876 20.744024099803102 37.24638604519337 19.459555090576224 26.42307732812097 45.90986120929687 46.3195873669988 0.0 27.560241404416352 17.255590288716164 54.86013854278382 6.498647050106679 21.276045096848783 55.542362927127705 47.380856916086046 52.89397015367139 13.810572069468776 59.916339128785275 54.648374438615235 27.805183736052452 50.52178711187604 20.264925712780173 58.19997839340754 31.234140326346168 38.90775195620845 40.301463454063686 29.54923491594405 29.27214613534459 57.86455520748558 32.88199826013861 43.81655467957764
8.862257563429235 27.4932269900979 28.751108240331106 15.169519419838972 11.800481950195937 9.070183434318345 43.76707501558777 35.87809033266627 7.222173010454881 50.14427905980497 40.00074089880677 7.576066878679803 29.144660867717814 38.68595843911309 30.966407940836405 50.14427905980502 10.573244398558675 45.84702246246441 9.885654516909527 16.09324433351317 13.180313434839343 22.801023900781264 29.264095290184454 27.560241404416352 0.0 38.12161208460885 41.44145572068255 33.433424898690255 10.267848864350574 46.95208915626269 27.852428148850795 26.939352995802405 32.163060178342086 37.61454484602823 27.16351207047259 49.528853867181525 22.976419814685574 44.83700510137413 31.006865145856512 11.909914224734765 20.675143610065557 32.536133488334265 14.251047805965836 51.07633452120696 37.07140720428043 48.484953134252784 20.777849887119977
45.79374169708313 50.296954651181395 58.10229264678114 34.70908470812909 46.8010643566236 36.27054760171171 74.41908481564388 19.313100354449062 33.21086238263126 47.45548594078307 77.83002024175369 30.6442931006085 12.865183556701853 76.64435177885434 65.37428257300141 12.208258133502579 48.6830412350576 29.714045706892964 47.8661424751692 23.576449450715593 30.647399691546994 49.79106034831822 62.00480527938848 17.255590288716164 38.12161208460885 0.0 71.4611527744322 12.711811045573292 28.60398320774137 48.357466495700415 62.43878050020954 58.635761245413335 29.954203448983165 74.2630422703048 63.078475500913704 11.547864606563369 59.50389594642596 30.14180163839287 68.78772287081654 36.29408142409432 40.879712023265114 35.389004977376494 33.15492013431651 13.104101032548074 72.7601757226778 47.288113846469585 57.5023053507497
41.68225394003783 63.555486049852625 13.529002655388805 56.310482467095134 29.678250898539037 50.09423709346775 3.1019427030550566 58.34725552310734 48.58492677510692 91.15838081067754 42.04335817997362 45.65016187937839 58.88674001028488 30.601186603230843 51.80487316579657 83.27504371875823 36.468677520259746 60.52663597007562 38.002818042325316 55.66941052537575 54.57743131619903 57.6977432658286 12.656873751234368 54.86013854278382 41.44145572068255 71.4611527744322 0.0 61.0355796662565 50.341816854072924 87.51914043208625 15.927220128590575 54.75794047927836 46.986770054551954 20.512872321061813 46.503194672985465 82.57016798486609 43.49643398594198 58.97956765554129 39.22157686045381 52.79208828985727 60.22175009699443 73.83064348012208 55.614686500513244 84.06605930568657 16.2150041472888 47.29189831248328 24.526823812061437
42.0820560118434 52.27314820454299 48.05761127768843 35.39087861296664 39.49893526469841 34.718702640470745 64.07735900955747 7.0812779672804815 30.723040824061417 56.4624465981567 73.202997765347 26.02889421097072 4.621081955132305 70.20655624220369 63.526795599437015 22.79667425972132 43.69480097430024 18.95807494865733 43.241421497321156 23.142445862285154 30.514949042737147 50.33143315818796 52.75497366259456 6.498647050106679 33.433424898690255 12.711811045573292 61.0355796662565 0.0 26.116558946076193 56.402396982944175 53.869904562028154 57.895401292514485 17.3053998500909 66.41442384237287 60.30735878961217 22.08648361807417 56.275688675691846 18.97092469886723 64.29854523664557 35.73215250400713 42.64704160323311 41.76234590797032 33.557415945561836 23.481575963804985 64.35563570805188 34.79250308867711 50.277273793163225
17.19397336320457 27.603663248814822 37.1105902671506 11.026364546360233 21.348336649295998 8.623018785030615 52.87039029844997 30.153789070014955 4.712761052306823 43.407183358856685 49.24387322121494 4.948260187049005 21.529719865503356 48.791727238951125 37.5730132139074 40.38301453868481 20.45843806923476 41.51492698166401 19.47583134789233 5.8269371622557316 6.316854937058231 24.675536859998893 38.65743150141871 21.276045096848783 10.267848864350574 28.60398320774137 50.341816854072924 26.116558946076193 0.0 41.02409757655823 37.69924969816898 31.782745446140506 29.96344277185881 47.86553272405708 34.747557147141016 39.79492398036226 30.99904652416204 40.78362573177806 40.201830097511895 10.04668931250222 18.519140556072937 25.619843398395528 9.222863358067272 41.32626479157976 47.20954637355528 48.470000500883096 30.990620129596863
45.997792902998064 27.095424627944173 75.51287480518542 31.809722997519422 58.18013439105381 37.89812114045621 89.4863264301438 63.13484214366635 40.54249418297925 5.327545400745893 67.57702142406129 45.80238211675511 52.73022768630899 73.94384169051781 48.43385022080658 52.66248864560574 51.306778102672226 75.32220578333282 49.753597799935484 38.32656430066352 35.030321604624675 32.401305808136556 74.91073391972861 55.542362927127705 46.95208915626269 48.357466495700415 87.51914043208625 56.402396982944175 41.02409757655823 0.0 72.3915544272785 40.54447609048306 68.22069870426722 78.00429888952952 50.56499071567626 52.59502287312665 50.26685700195557 75.2019604175846 60.668164188299656 35.07740092175415 27.350173601894653 15.636209733569762 32.964333517017515 53.36751306509789 79.23814031235305 87.61582603809272 63.890212759691636
26.395301030964056 47.777421352986245 10.756688419385938 41.90678562582264 16.371848019234747 35.78248083403684 17.33207155737226 52.955487700425195 35.05386265466919 76.27751117658275 29.787559178309277 33.524108115573085 50.77502998757331 20.476027663056175 36.34405364610578 74.61537080424897 21.085063426936035 58.26983477930315 22.63817306325731 43.40762768791341 40.930873550917745 41.90293601624051 4.397408643743918 47.380856916086046 27.852428148850795 62.43878050020954 15.927220128590575 53.869904562028154 37.69924969816898 72.3915544272785 0.0 38.868978251321074 43.372016358432845 13.106247746692905 30.96233514039341 73.93694009331101 27.71378026623103 56.819521275605496 24.858501187138884 38.3080952862518 45.0440823746314 59.35249069469417 41.47327896420473 75.48417638639852 10.490229733053932 50.157126973281805 8.67435992383102
18.78074912147354 13.644475280063832 46.23225267228179 23.987126248281914 31.326708671296533 23.178887497606055 55.830285036736626 61.6737907360354 27.247479273780186 45.56261531052689 27.036807450067613 32.82181201226165 53.29828001127172 34.198047988729456 8.212458823026813 69.21709557159689 21.557939380261626 72.4114746608886 20.577061423860137 35.44972138331491 28.076683517607478 9.892606386122415 42.67529727199086 52.89397015367139 26.939352995802405 58.635761245413335 54.75794047927836 57.895401292514485 31.782745446140506 40.54447609048306 38.868978251321074 0.0 59.08703722692634 40.12698609411706 10.265847951670867 68.74758901750195 11.513252492890782 71.49092945439617 20.53004663103841 22.47871525220611 19.280033703952984 33.716237489116956 25.4824569923632 70.16201398124825 42.45078044864704 74.9984345329511 30.527670406563256
40.74349195928643 57.41143143658332 35.237773608258586 40.97305201274969 32.69670789951092 37.64817665984734 50.08845850982417 12.09221216733802 33.28265301137815 69.31182294608128 67.93965331665727 26.93648634245361 17.990910968680588 62.330085814606655 62.80580994562148 39.72850717339195 40.1795574895931 15.06896935558408 40.35491338724503 30.39884607249998 36.088824340500324 53.84492475999373 41.120625923022516 13.810572069468776 32.163060178342086 29.954203448983165 46.986770054551954 17.3053998500909 29.96344277185881 68.22069870426722 43.372016358432845 59.08703722692634 0.0 56.469540108840626 58.49768506636278 39.02814157549288 54.11237134764272 13.719668350592851 59.70758931884198 39.742075487303815 48.48247847611866 52.69057589766472 39.13776607860079 40.32643390045697 53.59142857782605 19.429469999950882 42.36825851671552
33.454491609987244 51.62805755432065 22.855310675366347 49.80703150311861 27.46478342316196 44.11855981568627 19.794071280354355 65.8609672760733 44.45506091391019 82.39724065487069 21.87667267381323 44.284614115097334 63.082684951572205 10.12493243274913 35.070312799984684 86.47120432338922 28.459036436000435 71.37602010864812 29.8748771193042 53.691212652554306 49.93141381597393 45.886606969916656 16.074553684799458 59.916339128785275 37.61454484602823 74.2630422703048 20.512872321061813 66.41442384237287 47.86553272405708 78.00429888952952 13.106247746692905 40.12698609411706 56.469540108840626 0.0 30.35922090478503 85.80929213900109 28.732625915308933 69.92484890605397 21.07880079069708 46.23911712104069 51.24967471946777 66.57398905804286 49.7953547313316 87.36466492329961 4.3288867282299215 62.62577822181612 16.92557441644419
18.31809337383451 23.48142755265326 39.6635054207985 29.72646774303419 27.40860771319863 26.825374575204602 47.233929870290666 63.04144753830661 30.039707317909567 55.485461345047746 17.35161314518446 34.30457520914319 55.86307401032833 23.94955078549074 5.420401770623702 74.3939538063745 18.4124748817766 72.76016795931731 18.142772018152936 39.504342875227934 32.72647944649453 18.66176546715682 35.107754345389196 54.648374438615235 27.16351207047259 63.078475500913704 46.503194672985465 60.30735878961217 34.747557147141016 50.56499071567626 30.96233514039341 10.265847951670867 58.49768506636278 30.35922090478503 0.0 73.86181806972107 4.416656208188123 71.67104256558893 10.264203160296907 27.19632545590406 27.05994423877593 42.45477606751598 30.790709416552087 75.34554875323839 33.03773650077424 72.50647541102485 23.381151193548693
56.96977122844028 59.27869407764139 69.31397366052494 44.78084139149279 58.34833575419953 47.059648244560286 85.56267096915714 27.214649096859375 44.30175629803143 50.56559410651297 89.02113552462635 42.106973218449696 23.683506819632992 88.12868600511204 75.83300185616483 0.7113065980774589 60.06297458911752 34.743758562071534 59.19499222050395 34.48069340450532 41.16716234367717 59.50228629029382 73.40993849494107 27.805183736052452 49.528853867181525 11.547864606563369 82.57016798486609 22.08648361807417 39.79492398036226 52.59502287312665 73.93694009331101 68.74758901750195 39.02814157549288 85.80929213900109 73.86181806972107 0.0 70.44602684191337 35.61773770618439 79.98236410701195 46.774425955253406 50.245491416216105 41.97577805202131 43.392520385739154 1.5567093060732424 84.28133867653034 54.29905288630624 69.04859712464858
14.19624527877346 23.30400494480737 35.88322523822045 26.94112591139917 23.042639845429402 23.41441844551782 44.44634822075389 58.83572946952689 26.322103787821064 55.00011551512735 19.282164112205344 30.24698682826523 51.87568509956768 23.67744158367833 9.451120671740153 70.99608186347476 13.998565761356051 68.42736552192372 13.764266538110911 35.98314654342583 29.487196640589435 17.881016868437726 31.70510299786612 50.52178711187604 22.976419814685574 59.50389594642596 43.49643398594198 56.275688675691846 30.99904652416204 50.26685700195557 27.71378026623103 11.513252492890782 54.11237134764272 28.732625915308933 4.416656208188123 70.44602684191337 0.0 67.3252841758086 10.831472716488442 24.114791792163288 25.277088330091527 40.934312159402296 27.818062420106106 71.94681567696267 30.9461464474094 68.10990939654774 19.71829358690202
53.61956227888977 68.31356671482305 48.135897618275756 51.40421621968312 46.36574691241476 49.107425150293 62.06256408672913 12.06813910045321 44.747919211416956 75.40694840428522 81.62019474221509 38.73205284601192 22.485249290765594 76.01395157090589 75.76568267797971 36.2312717712881 53.51116415048665 1.5546107235323472 53.5710484839035 39.664815097999686 46.39025243619221 65.38057984620379 54.321320565676 20.264925712780173 44.83700510137413 30.14180163839287 58.97956765554129 18.97092469886723 40.78362573177806 75.2019604175846 56.819521275605496 71.49092945439617 13.719668350592851 69.92484890605397 71.67104256558893 35.61773770618439 67.3252841758086 0.0 73.31556223998291 50.82771651464863 58.94383888627506 60.26348617609666 49.523969830915334 36.54057043697936 66.89075499325963 19.158349645604567 56.084031742188934
23.013003455834955 33.57658756991191 34.93806769659064 37.45945111486697 27.066330215124985 33.36548131013327 39.45495833799038 66.00873422263916 35.68999837946865 65.5151366977406 9.042538130092748 38.573739004423715 60.10625024305762 13.730299007888018 14.210227805233112 80.56171711575087 20.604286964272262 74.54751937181497 21.121930760776646 45.56426424496801 39.56194109651689 28.452263923146457 29.248121985191027 58.19997839340754 31.006865145856512 68.78772287081654 39.22157686045381 64.29854523664557 40.201830097511895 60.668164188299656 24.858501187138884 20.53004663103841 59.70758931884198 21.07880079069708 10.264203160296907 79.98236410701195 10.831472716488442 73.31556223998291 0.0 34.42759124218369 36.108550401402226 51.76084626526202 38.18504569684144 81.50761128685066 24.334310929997432 71.43055207626195 19.30593342703452
12.818773714253947 17.670279052101343 40.470947591721355 3.611306481692758 23.199774300608013 2.8428215131879075 54.944843860113686 40.129060581932 6.614667983203285 38.41974562808889 43.276133112779675 13.014958510493791 31.111683903171695 45.07874865536413 29.100138191657205 47.2875991164258 17.826511694199517 51.56136065778512 16.371981601007214 12.972483169468301 5.64683068163416 14.677337055078073 40.33111159882828 31.234140326346168 11.909914224734765 36.29408142409432 52.79208828985727 35.73215250400713 10.04668931250222 35.07740092175415 38.3080952862518 22.47871525220611 39.742075487303815 46.23911712104069 27.19632545590406 46.774425955253406 24.114791792163288 50.82771651464863 34.42759124218369 0.0 9.196624157163724 21.08047165034104 3.7708563049061894 48.23869262390443 46.50221611169182 57.779584128640366 30.288733496956848
18.64889370495055 9.641494704089142 48.51362552680352 7.5569077661875 31.1646177001678 11.893325679891092 62.147902823805246 47.75537963961327 15.766784066736854 31.33175965601014 44.2913728888003 22.100662067671834 38.076831118919436 48.384888598530246 27.20395769581334 50.664812341681106 23.961471939989572 59.56500986183074 22.4083500782313 19.559558498556807 12.559083437593921 9.47806530550293 47.59142544978018 38.90775195620845 20.675143610065557 40.879712023265114 60.22175009699443 42.64704160323311 18.519140556072937 27.350173601894653 45.0440823746314 19.280033703952984 48.48247847611866 51.24967471946777 27.05994423877593 50.245491416216105 25.277088330091527 58.94383888627506 36.108550401402226 9.196624157163724 0.0 15.699122149989647 9.431057355906958 51.596269654946504 52.16827079937257 66.81840771481438 36.57176524598184
33.315205651263796 20.74259395613222 61.28663027770993 17.524952636612603 44.17343180133043 23.737564307831768 76.01695290807879 48.244240108967695 25.691065918528995 17.81579456076434 59.78419024760193 30.489148898331482 37.80633246013134 64.06626525362245 41.9103857885625 42.21373482833473 38.5688552291336 60.49348703897661 37.047649389720384 22.69076392848713 19.888254832005376 23.97586609059644 61.40671273360887 40.301463454063686 32.536133488334265 35.389004977376494 73.83064348012208 41.76234590797032 25.619843398395528 15.636209733569762 59.35249069469417 33.716237489116956 52.69057589766472 66.57398905804286 42.45477606751598 41.97577805202131 40.934312159402296 60.26348617609666 51.76084626526202 21.08047165034104 15.699122149989647 0.0 18.285516049099776 43.0534372721487 67.20561911268231 72.0522783386637 51.18979291799293
16.467315761178455 18.85667948819403 43.00111574859007 1.8806583529604395 25.93701180248199 5.72482604769764 57.864069443574934 38.42324923048638 7.582453004008884 35.94619501063013 47.0144308881556 13.329582515272165 28.950913252835903 48.81952532544354 32.44652784151608 43.887425514994504 21.33919794236055 50.16037888183451 19.926394878305477 10.429633166366397 3.134430528018799 16.916635441830547 43.28287496704303 29.54923491594405 14.251047805965836 33.15492013431651 55.614686500513244 33.557415945561836 9.222863358067272 32.964333517017515 41.47327896420473 25.4824569923632 39.13776607860079 49.7953547313316 30.790709416552087 43.392520385739154 27.818062420106106 49.523969830915334 38.18504569684144 3.7708563049061894 9.431057355906958 18.285516049099776 0.0 44.836821883869874 49.93141381597393 57.687251270669385 33.64042870756908
58.49587727980846 60.57873359243961 70.82434430626472 46.207986613076 59.90409855360817 48.55267657965426 87.06260593692515 28.446973405896735 45.823156605339264 51.207284814561376 90.54535915288272 43.659195211437414 25.181132862348544 89.68147768583387 77.28191313782827 0.9516032668683452 61.60740465144237 35.62132290169794 60.7349151226638 35.99151247710251 42.639538185515086 60.87978502435872 74.9444639048968 29.27214613534459 51.07633452120696 13.104101032548074 84.06605930568657 23.481575963804985 41.32626479157976 53.36751306509789 75.48417638639852 70.16201398124825 40.32643390045697 87.36466492329961 75.34554875323839 1.5567093060732424 71.94681567696267 36.54057043697936 81.50761128685066 48.23869262390443 51.596269654946504 43.0534372721487 44.836821883869874 0.0 85.83193724554565 55.33064939956651 70.60521101598717
33.89574710849613 53.30835660448733 19.217072669993378 50.10580401459154 26.20908484927201 44.210586860812924 15.645158170089056 63.40234699240274 44.11855981568627 83.46951618632015 25.969846061143294 43.32624333450564 61.223836705592426 14.386798283531741 37.986662863870976 84.9548642117204 28.695067374966616 68.36546313961757 30.189432154995053 53.00394959546389 49.7953547313316 47.482385885668954 12.613799217084143 57.86455520748558 37.07140720428043 72.7601757226778 16.2150041472888 64.35563570805188 47.20954637355528 79.23814031235305 10.490229733053932 42.45078044864704 53.59142857782605 4.3288867282299215 33.03773650077424 84.28133867653034 30.9461464474094 66.89075499325963 24.334310929997432 46.50221611169182 52.16827079937257 67.20561911268231 49.93141381597393 85.83193724554565 0.0 58.87080266032542 16.36005175580985
56.219266528161974 75.26998533268647 39.77494308195547 59.45923512662702 45.145431873431136 55.40339806729433 50.16137630027106 27.975529252232572 51.17334570219237 88.7407507153332 78.59057348457725 44.76471880157443 36.69513734473482 70.59138153881605 77.37198425682122 54.943772758744245 54.28080545406478 20.39191341717672 54.877527899743825 49.58278363448214 54.749296180062615 71.12828022110372 46.58411874434526 32.88199826013861 48.484953134252784 47.288113846469585 47.29189831248328 34.79250308867711 48.470000500883096 87.61582603809272 50.157126973281805 74.9984345329511 19.429469999950882 62.62577822181612 72.50647541102485 54.29905288630624 68.10990939654774 19.158349645604567 71.43055207626195 57.779584128640366 66.81840771481438 72.0522783386637 57.687251270669385 55.33064939956651 58.87080266032542 0.0 52.38359359204881
17.96759921241709 39.10320047863063 16.298582308248346 33.89988963611819 10.809398272739216 27.915610119354785 26.0063976315759 50.47021595263734 27.768975591366555 67.87581181714691 26.24566457212588 27.360995871997382 46.690694967656604 20.142544101720496 28.79991660822094 69.70236883545172 12.655421409469993 57.43338651064173 14.199618682123424 36.80987344588863 33.43723382536143 33.229322543450195 12.159762068102681 43.81655467957764 20.777849887119977 57.5023053507497 24.526823812061437 50.277273793163225 30.990620129596863 63.890212759691636 8.67435992383102 30.527670406563256 42.36825851671552 16.92557441644419 23.381151193548693 69.04859712464858 19.71829358690202 56.084031742188934 19.30593342703452 30.288733496956848 36.57176524598184 51.18979291799293 33.64042870756908 70.60521101598717 16.36005175580985 52.38359359204881 0.0
