0.0 107.42680842831416 65.80841331210128 102.38924659288521 24.39952054713928 7.494355588218929 62.06744120326643 65.38051059823802 92.62677548468119 106.99528761450875 8.723927584821377 59.39160590028326 48.7724720172105 17.04065868340188 25.354798579151716 59.590806331125975 99.09302361440453 39.067737265577236 53.89343033263718 30.007795845623278 54.01329018588254 61.37532745670744 71.6399518634749 21.094207628859706 108.24010058094748 95.46343248817833 104.44526424863578 68.51884382357864 94.42911209520231 56.53436977442226 104.84566833725731 24.527665733598454 42.30749274268038 100.01856827895855 51.37769420300187 108.7799444798804 113.71462103010191 10.489346228230783 78.86788630328772 93.69553599333526 79.28607355971279 64.58346743312077 77.34226071076303 46.80019646617323 102.10469234532636 94.42336548689019 74.21245754423772 105.38093800982551
107.42680842831416 0.0 47.78477203281172 13.904200663785744 83.955809985823 100.06942639736643 53.77772136775861 47.60665632163466 20.865689375339343 15.21393045564972 105.54250046552065 53.622276857276646 61.03352568033271 91.8353238841702 82.07500022280837 50.66646757645371 10.095543602375711 73.20338039855892 56.90315217619664 77.65756360663316 62.865356379682346 60.94679419233663 60.97658852565404 86.58943640676294 2.6600392009101896 13.644878169891372 4.9866821535963775 62.349877047657124 38.091582168567115 53.76165093245779 3.9081033854202554 82.97033770092946 76.16206628591873 15.499005901964047 56.95827877415289 3.384008027644373 7.424599997303798 97.84982458638193 33.81915392782809 21.080704515326236 46.66890097930023 44.3441230162225 41.91246652512164 67.18305330466633 5.698877382388235 16.37371997386249 41.508700438534376 5.6427202058055785
65.80841331210128 47.78477203281172 0.0 38.76710281374802 46.320275087134206 59.204881554360604 6.1043466914271605 0.9517450807442016 28.744000628962162 42.78569889880821 61.796190112966954 6.5294074456663775 33.45389966787061 48.88701707162054 42.181667194771016 7.646680992537506 37.90000650357283 43.384053086945656 12.014798339520208 36.61470300585274 15.109583687801434 14.43510764424176 20.702074584699297 45.01719658733732 49.519783092859974 34.20026829436808 43.529169153624366 19.964089055598 29.260856833953785 9.911714839215401 44.28913536805596 43.55062614420054 28.728363088166674 36.272204858174774 16.669515686999585 50.239787984493006 55.095882517129056 55.40815709469436 14.364181544083333 29.44840210644287 16.26068786741746 9.377370529314081 11.905327351872835 42.137382971287934 42.08977356745248 31.97762515297768 8.404099004888455 43.97224249865711
102.38924659288521 13.904200663785744 38.76710281374802 0.0 80.09969932587056 95.27557958533575 44.344134263879596 38.82485729095779 10.036870535567418 4.989309566109148 99.47385383647863 45.12557679823878 59.20778873722207 86.02500074315157 77.34991270825428 43.31516144204015 7.637664907374123 71.48387885558509 49.45483966816034 72.3872108806056 53.70954838222457 50.46590285605594 48.84491993160279 81.29863742320629 16.544550210809174 9.044052351305023 9.116174004379321 50.56836393775587 24.274498991252557 46.47092804004231 10.241299490459204 78.44356480469894 67.47597869578271 2.4981185294067814 51.020122855704976 17.286557076550395 20.575749426910363 92.3415726252052 24.42985175238076 9.379800288578672 34.31506298416462 37.82240706683875 30.601019616175467 66.54549063867789 10.652109477638689 8.331036872401903 31.283715484624338 8.267699609496576
24.39952054713928 83.955809985823 46.320275087134206 80.09969932587056 0.0 16.924033560570575 44.12504241666248 45.68429133617389 70.68798908579382 84.88707616042309 25.799285811195606 40.51884666132888 24.375468034975764 14.553701687101155 5.797054437971838 39.135602877224464 76.11664127624394 15.507886623406392 34.48727583982867 10.987840209587484 38.30767868510806 46.38609228649994 57.689597522209915 9.266264773144803 84.59864313500806 72.59606654342107 81.28967401182814 54.84644026403755 75.57909949298475 36.43630497123055 81.6024036371741 4.322849703942534 31.699185813164107 77.83231165137128 30.11659924420222 85.10235374777693 89.982766793061 17.20173123708617 57.74873864545837 71.8956554484561 61.65666797997478 42.907400479866745 58.22547089196485 23.101759391744856 78.80214489986305 71.9111168701247 54.4650099205875 82.32570674329848
7.494355588218929 100.06942639736643 59.204881554360604 95.27557958533575 16.924033560570575 0.0 55.77442202954584 58.729841567764616 85.57736944393893 99.92628639875224 11.07971414606222 52.87401335889474 41.28871632275643 11.449052104564592 18.015487603779597 52.74854191146481 91.83068056731832 31.80076936896824 47.21709069496774 22.93211126730833 48.128210472439484 55.755161305936134 66.38222068217117 14.19476046248365 100.8501293219501 88.22062019094305 97.14967027187203 63.30056965627533 88.09430447834784 49.74260691970967 97.53248768139828 17.10789748097435 37.349478908384 92.9248869260677 44.33000485493249 101.38332190624537 106.30912588193445 5.922170744676332 71.96749125651814 86.67802343845479 73.18179946782632 57.52365465243857 70.88120702699071 39.53295883811025 94.77820232249148 87.25350597620465 67.59546245663016 98.10651605077823
62.06744120326643 53.77772136775861 6.1043466914271605 44.344134263879596 44.12504241666248 55.77442202954584 0.0 6.535003999651155 34.378597240561014 48.17261921886072 57.49127547186941 4.334993080707009 34.6126927590166 45.03500356591836 39.49404244490035 9.244947535249075 43.83883522091005 43.272075902733626 10.06030334777825 33.79696676733447 9.380091162453688 8.728233084832146 17.205919097640244 41.70617632277592 55.55321833361784 40.16218340652721 49.45307881802886 15.712340167185827 32.361946395601905 9.615104415439651 50.23805103186935 40.952727475239044 23.230913706518756 41.8461686390502 16.333086494355808 56.278350952596476 61.11341622070947 51.59037694412943 20.125754703895183 34.97365941167937 17.579691816472213 14.01659150445456 15.456756297834032 43.116703437207576 48.08938818858797 37.833039503292014 13.192553866416562 49.84620973103117
65.38051059823802 47.60665632163466 0.9517450807442016 38.82485729095779 45.68429133617389 58.729841567764616 6.535003999651155 0.0 28.790862289865096 42.91107068812189 61.47523208686109 6.317522064819611 32.54562144180315 48.49162288925854 41.61440509716027 6.832574800883466 37.769674025910724 42.54663665268624 11.512936621055745 36.074489749800364 15.25932795374716 15.051382801913338 21.603037844965513 44.53679835944848 49.30268140562489 34.05563015977673 43.40560405279113 20.81042057908386 29.900089360916823 9.248617085548402 44.14744863621235 42.96943013603782 28.744247153333202 36.33396780222389 15.91694601271026 50.01691413841168 54.89301028293805 55.000691866795876 14.395554366946785 29.539800588193643 17.12722539953224 8.464127147203435 12.569912940356533 41.23237984909405 41.90850973415313 31.90734612526661 8.874942579842292 43.88055287900854
92.62677548468119 20.865689375339343 28.744000628962162 10.036870535567418 70.68798908579382 85.57736944393893 34.378597240561014 28.790862289865096 0.0 14.379371764662771 89.54801792085426 35.08930257397435 50.71407651104191 76.15569675608228 67.72202226789956 33.35023181000477 10.956032294053895 62.876450302646056 39.45856437178648 62.65520654985594 43.72739391256331 40.776518444920626 40.11995482644817 71.53333127387268 23.161795000438 8.282197457682932 16.009015215518012 41.56038581469724 19.669705299297107 36.50048728300329 16.994697761078022 68.85974098777062 57.464607716637445 7.553489928508104 41.256114251169656 23.94172708410086 28.242293874407125 82.5107793551125 14.395308888125554 1.5478955647436536 25.81470116924243 28.054282955076022 21.209219805880135 58.468304300359044 15.64853461234909 4.899551898806124 21.423237087347488 16.01966333568633
106.99528761450875 15.21393045564972 42.78569889880821 4.989309566109148 84.88707616042309 99.92628639875224 48.17261921886072 42.91107068812189 14.379371764662771 0.0 103.91318665846839 49.2283936984581 64.16850870737032 90.53443292424568 82.03992436513532 47.706206828392645 11.923028503186163 76.4376539055426 53.780843808344336 77.01273395156595 57.552480215139624 53.84314962461862 51.34246617205174 85.90112562040969 17.828923278621264 13.919941042983792 11.304897741280968 53.27911146115816 24.999964442746176 50.85092487959485 12.290845402900466 83.15679309311594 71.38781372393284 7.061379594721807 55.61905026523769 18.475769298454345 20.69549943285814 96.88953331579768 28.57976678456342 13.416402550353414 36.83200089187777 42.41349348414108 33.84357267348372 71.53159387839044 13.699814519590351 13.298347444984053 35.002388892317576 9.95450221293957
8.723927584821377 105.54250046552065 61.796190112966954 99.47385383647863 25.799285811195606 11.07971414606222 57.49127547186941 61.47523208686109 89.54801792085426 103.91318665846839 0.0 55.277830422905524 49.34113010119776 13.748121089271823 24.739638915178062 56.208803628354104 96.76533762536042 41.27858443044566 50.20079488668536 28.10383345581639 48.8785550205986 55.764975089923894 65.48025143838058 19.45623243740897 106.55529334008924 93.0682757359143 102.24775571701753 62.33812381676993 89.67964524894671 53.07001711942997 102.73292058353535 24.426360235273265 36.19950008663096 97.04639462827055 48.698855036161575 107.13832588971034 112.11879266508159 8.620305714782905 75.44493753883363 90.51309133901384 74.230281777694 61.75379802828839 72.93448331675384 48.90104185440549 100.07141263104768 91.74473605773682 70.14907063325833 103.08079347527462
59.39160590028326 53.622276857276646 6.5294074456663775 45.12557679823878 40.51884666132888 52.87401335889474 4.334993080707009 6.317522064819611 35.08930257397435 49.2283936984581 55.277830422905524 0.0 30.278899834909737 42.43242547565557 36.121296959263795 5.3803070692389365 43.88111264942997 39.037064886877616 6.0652290272704 30.481404421489593 9.540663517263939 12.05519157084346 21.46155001834404 38.70975904271171 55.2351036180627 40.149432519174056 49.521517729096864 19.799996536868157 35.304945147763725 5.281000315065436 50.23304647984017 37.53568788467512 22.564265759831564 42.63691723203041 12.043930664998914 55.93550460532825 60.850355137577665 48.966245819472846 20.69700011016966 35.85328594450202 21.198225801244245 11.289442351024709 18.0127600469816 38.78321040124714 47.925110707236165 38.10811112865975 14.878719163938497 50.04305526280846
48.7724720172105 61.03352568033271 33.45389966787061 59.20778873722207 24.375468034975764 41.28871632275643 34.6126927590166 32.54562144180315 50.71407651104191 64.16850870737032 49.34113010119776 30.278899834909737 0.0 36.224742632532916 24.660247790175053 26.02870177027121 54.15465297722396 12.300848252301819 25.28979125372142 22.814421207348815 34.267856670263086 41.062088098530005 51.606318895471134 30.135599475673978 61.39000524406926 50.909291684742875 58.92687913917005 49.624698572519854 60.392266558533564 24.997914560549418 59.08803291212462 24.91944761145686 37.12562557026946 57.1769164772806 18.60948577548023 61.83045311784721 66.58875727673329 40.79347023190424 40.10701941418005 52.11304521195166 49.608623077082036 26.054332621150078 44.15216762891301 8.695316496118053 56.228820593344864 50.87700632671494 39.75481510124275 60.11383712151481
17.04065868340188 91.8353238841702 48.88701707162054 86.02500074315157 14.553701687101155 11.449052104564592 45.03500356591836 48.49162288925854 76.15569675608228 90.53443292424568 13.748121089271823 42.43242547565557 36.224742632532916 0.0 11.65543956431404 42.90510998444889 83.13500675815219 29.64330092475375 37.055781740488186 14.372221936885202 37.01248174377413 44.48921979935343 54.99336739307159 6.114156689994797 92.82596456884845 79.45160185716189 88.59219223780359 51.9005350821905 77.39480307751504 39.801392699055114 89.06106286063309 11.787419965076706 25.90064873818143 83.617500683755 35.09372429528952 93.40542305649416 98.38340306879608 6.5555661458749235 62.19707235015048 77.16671176463615 62.25170516897005 48.22738391897713 60.34169389682181 36.90157592163988 86.3842719937546 78.20708708607894 57.28752428717265 89.44798562068848
25.354798579151716 82.07500022280837 42.181667194771016 77.34991270825428 5.797054437971838 18.015487603779597 39.49404244490035 41.61440509716027 67.72202226789956 82.03992436513532 24.739638915178062 36.121296959263795 24.660247790175053 11.65543956431404 0.0 35.30717839114267 73.81846359122488 18.426601965043186 30.195282516979066 5.718676539423924 33.11430646243002 41.15594954192934 52.38546783063608 5.543987505224557 82.88697874003655 70.2141607908415 79.13426864222106 49.4879010849987 71.39156549578992 32.43139341914046 79.51907355560432 1.5703583452116239 25.92140332866248 75.0186692628287 26.578834285407588 83.42900023179105 88.36793550439405 16.30183702017437 54.33199643785862 68.85785868068413 57.07364170224966 39.69998219597129 54.043207108031844 25.399860900984322 76.76812521809883 69.28642429672229 50.47407393310449 80.09204709519867
59.590806331125975 50.66646757645371 7.646680992537506 43.31516144204015 39.135602877224464 52.74854191146481 9.244947535249075 6.832574800883466 33.35023181000477 47.706206828392645 56.208803628354104 5.3803070692389365 26.02870177027121 42.90510998444889 35.30717839114267 0.0 41.22984105167375 35.73949707388669 6.245296323514124 29.894921309325184 14.14630037615711 17.429316367066164 26.396111370241957 38.574144085623736 52.09641066357732 37.48376382404683 46.84211373890386 24.95403556796901 36.56897925557856 3.1588037584674686 47.46661150108928 36.607212181043344 25.861887811462886 40.86947033986987 9.140840238613924 52.76658094359446 57.73595055120574 49.33172074484801 19.294503956474777 34.30442498560908 23.893498070629768 6.683338537738672 19.32203009487501 34.67673052850666 45.005992714799746 35.79962305943799 15.35786306725963 47.501989072669296
99.09302361440453 10.095543602375711 37.90000650357283 7.637664907374123 76.11664127624394 91.83068056731832 43.83883522091005 37.769674025910724 10.956032294053895 11.923028503186163 96.76533762536042 43.88111264942997 54.15465297722396 83.13500675815219 73.81846359122488 41.22984105167375 0.0 66.45054357815164 47.473721473704 69.14325040551503 53.006767931707024 50.88267050891692 50.960449011063716 78.09522442765424 12.251667123917857 3.747177794108758 5.640436424530474 52.28283852580268 29.489483889994425 44.36438758346543 6.402884160297583 74.8080111969177 66.44537295116642 7.640228376574467 48.066533634571265 13.027644195261843 17.520063066695208 89.29049011276383 23.793085509134215 11.409396551946195 36.74424397875986 35.13021916971345 31.833505761920303 61.033823600219975 4.692509761031999 6.292215555161285 31.43436231615672 6.315820815657585
39.067737265577236 73.20338039855892 43.384053086945656 71.48387885558509 15.507886623406392 31.80076936896824 43.272075902733626 42.54663665268624 62.876450302646056 76.4376539055426 41.27858443044566 39.037064886877616 12.300848252301819 29.64330092475375 18.426601965043186 35.73949707388669 66.45054357815164 0.0 33.27732666550555 19.628923088311907 40.558036457170054 48.23363844210426 59.4058921910817 23.741640270525643 73.47984239309497 63.21005144773924 71.19124988371348 57.022641413797686 71.53835708494512 33.951551691000745 71.33424898511126 17.9212790530539 39.17558023145209 69.43235598628988 27.021476089693124 73.89773879660216 78.59795596588783 32.700562193387974 51.719268503355245 64.2524626988467 59.628970807730205 37.15836868057753 54.76428514501624 7.734465791289262 68.47111093231074 63.15294815818414 50.494648736359565 72.39099520739268
53.89343033263718 56.90315217619664 12.014798339520208 49.45483966816034 34.48727583982867 47.21709069496774 10.06030334777825 11.512936621055745 39.45856437178648 53.780843808344336 50.20079488668536 6.0652290272704 25.28979125372142 37.055781740488186 30.195282516979066 6.245296323514124 47.473721473704 33.27732666550555 0.0 24.605440762007262 9.941494052837024 15.798614140625917 26.418196747645812 33.02386641572571 58.31421456535273 43.727365777445286 53.08713233123279 24.341414237230005 41.19809271825489 3.158864792972363 53.711637027704995 31.58385484280392 19.896912648488485 46.996687719176876 6.680334408843631 58.97993869295045 63.954413328327355 43.54161417747234 25.250315041205194 40.36551470019289 27.263416568162153 12.715652189184395 23.84803213970839 33.5612938624612 51.246491205925665 42.01527891779943 20.38300956391146 53.74295696855324
30.007795845623278 77.65756360663316 36.61470300585274 72.3872108806056 10.987840209587484 22.93211126730833 33.79696676733447 36.074489749800364 62.65520654985594 77.01273395156595 28.10383345581639 30.481404421489593 22.814421207348815 14.372221936885202 5.718676539423924 29.894921309325184 69.14325040551503 19.628923088311907 24.605440762007262 0.0 27.437393168842913 35.49546059309996 46.76008299759185 8.952014468302853 78.58542611015883 65.49489271829165 74.53886265999003 43.89122755252275 65.77699608979064 26.950346446481127 74.97061812640018 7.231468989379506 21.14242840531904 70.02338475974251 21.400985306070503 79.15313936121171 84.12131784855994 20.192289583123543 49.055483323332105 63.74837407793191 51.3761155193057 34.60133122041765 48.443654286240225 25.513166870514397 72.26010733966768 64.41709814536043 44.94663803081432 75.44303748684789
54.01329018588254 62.865356379682346 15.109583687801434 53.70954838222457 38.30767868510806 48.128210472439484 9.380091162453688 15.25932795374716 43.72739391256331 57.552480215139624 48.8785550205986 9.540663517263939 34.267856670263086 37.01248174377413 33.11430646243002 14.14630037615711 53.006767931707024 40.558036457170054 9.941494052837024 27.437393168842913 0.0 8.084428232045155 19.436533729462337 34.416786909040596 64.55608918025116 49.30173145520984 58.63764061662093 16.728390660366557 40.830713092196056 12.171826447368046 59.392548734988765 34.65587058642298 13.872437192662964 51.2114298528178 16.07578119066665 65.26768556769885 70.15051548846724 43.53381260148337 29.414556561695157 44.344147262833616 25.36226371835276 20.63953917830171 24.52650191887365 42.078423562144906 57.1674447692233 47.079721070487906 22.563663818575364 59.07964478893587
61.37532745670744 60.94679419233663 14.43510764424176 50.46590285605594 46.38609228649994 55.755161305936134 8.728233084832146 15.051382801913338 40.776518444920626 53.84314962461862 55.764975089923894 12.05519157084346 41.062088098530005 44.48921979935343 41.15594954192934 17.429316367066164 50.88267050891692 48.23363844210426 15.798614140625917 35.49546059309996 8.084428232045155 0.0 11.36911447660479 42.255254272635234 62.88145964764866 47.30999644664479 56.40974085873581 8.791687114892644 34.71166177336646 16.79836379504131 57.27042735878844 42.70352364612655 19.708632065092683 47.994363557389896 22.465355455781427 63.62741283879776 68.35115040158347 50.94538126976391 27.153860246732425 41.13480652974422 18.991298296950458 22.727857650152995 20.007613137772264 49.21263858376961 55.31341581295236 44.695665101210935 19.454107864472537 56.649829255887646
71.6399518634749 60.97658852565404 20.702074584699297 48.84491993160279 57.689597522209915 66.38222068217117 17.205919097640244 21.603037844965513 40.11995482644817 51.34246617205174 65.48025143838058 21.46155001834404 51.606318895471134 54.99336739307159 52.38546783063608 26.396111370241957 50.960449011063716 59.4058921910817 26.418196747645812 46.76008299759185 19.436533729462337 11.36911447660479 0.0 53.202364599261 63.21207615702178 47.74252305983508 56.12522607772894 3.143231310735394 28.72836308816526 26.69864016445289 57.11429032624994 53.94184794152128 29.362515748043453 46.52415240071823 33.05826004446787 63.987563647865485 68.36222742157346 61.3289566569678 28.82312204877917 40.04706211870722 14.540406151723031 30.06593285742449 19.342799169213613 59.9712497552682 55.618491061847415 44.6780214562575 21.281341408434283 56.054525642110235
21.094207628859706 86.58943640676294 45.01719658733732 81.29863742320629 9.266264773144803 14.19476046248365 41.70617632277592 44.53679835944848 71.53333127387268 85.90112562040969 19.45623243740897 38.70975904271171 30.135599475673978 6.114156689994797 5.543987505224557 38.574144085623736 78.09522442765424 23.741640270525643 33.02386641572571 8.952014468302853 34.416786909040596 42.255254272635234 53.202364599261 0.0 87.495030207003 74.44591185109967 83.48932588866026 50.19116739457817 73.97090898657477 35.555005477096834 83.91810328474287 5.821876345401993 25.12390201146186 78.92536649356566 30.28371409503578 88.05690749605445 93.01888962545813 11.282723571066523 57.82043914289748 72.60650174338447 59.19472091849996 43.48937133652206 56.72210319142525 30.875325680819614 81.20353440466936 73.35228297082544 53.40429529642029 84.39501515797797
108.24010058094748 2.6600392009101896 49.519783092859974 16.544550210809174 84.59864313500806 100.8501293219501 55.55321833361784 49.30268140562489 23.161795000438 17.828923278621264 106.55529334008924 55.2351036180627 61.39000524406926 92.82596456884845 82.88697874003655 52.09641066357732 12.251667123917857 73.47984239309497 58.31421456535273 78.58542611015883 64.55608918025116 62.88145964764866 63.21207615702178 87.495030207003 0.0 15.612525941856795 7.534291692271618 64.51775755799095 40.69046253125895 55.1619335150798 6.418219655052575 83.74238903343557 77.72801980264727 18.08025259005767 58.09861547751376 0.7813764394364237 5.640321325498746 98.77047489810079 35.72785018300799 23.463979990719558 48.974839435817 45.67875376249219 44.06068786360976 67.28035775308201 7.617219311374133 18.53757836275511 43.48315429122596 8.294316242201942
95.46343248817833 13.644878169891372 34.20026829436808 9.044052351305023 72.59606654342107 88.22062019094305 40.16218340652721 34.05563015977673 8.282197457682932 13.919941042983792 93.0682757359143 40.149432519174056 50.909291684742875 79.45160185716189 70.2141607908415 37.48376382404683 3.747177794108758 63.21005144773924 43.727365777445286 65.49489271829165 49.30173145520984 47.30999644664479 47.74252305983508 74.44591185109967 15.612525941856795 0.0 9.379771739094728 48.95978208229578 27.7003038178324 40.61933736147221 10.091818483135517 71.22134862369887 62.71311751736618 7.94432469864648 44.37091884207083 16.372347158938307 21.041158945311324 85.62656590802231 20.174462676847988 9.134347421228927 33.69371375349014 31.40190981941092 28.501003400546676 57.97634858487619 8.00948967277123 3.39375389562415 27.885327153431707 10.036748567136597
104.44526424863578 4.9866821535963775 43.529169153624366 9.116174004379321 81.28967401182814 97.14967027187203 49.45307881802886 43.40560405279113 16.009015215518012 11.304897741280968 102.24775571701753 49.521517729096864 58.92687913917005 88.59219223780359 79.13426864222106 46.84211373890386 5.640436424530474 71.19124988371348 53.08713233123279 74.53886265999003 58.63764061662093 56.40974085873581 56.12522607772894 83.48932588866026 7.534291692271618 9.379771739094728 0.0 57.55879110636112 33.159789056112466 49.971345058050865 1.12895025751142 80.09293542790594 72.08578190192566 10.546632781788349 53.55847255770454 8.301271446144153 12.24692525741142 94.70880621221745 29.376722398801597 16.14640547691945 41.76766075411525 40.69347028051388 37.159072947736384 65.50932466957919 3.0070296086620676 11.715060856008424 36.955681670237745 1.542771190979038
68.51884382357864 62.349877047657124 19.964089055598 50.56836393775587 54.84644026403755 63.30056965627533 15.712340167185827 20.81042057908386 41.56038581469724 53.27911146115816 62.33812381676993 19.799996536868157 49.624698572519854 51.9005350821905 49.4879010849987 24.95403556796901 52.28283852580268 57.022641413797686 24.341414237230005 43.89122755252275 16.728390660366557 8.791687114892644 3.143231310735394 50.19116739457817 64.51775755799095 48.95978208229578 57.55879110636112 0.0 31.28424586682252 24.9255120289439 58.52005033905587 51.0487934980256 26.230914706391392 48.20068040922198 31.019410730873297 65.28821446841256 69.7614463406901 58.22055279075576 29.543262936075845 41.592361391673435 16.48705731363495 29.193989899246592 20.460155180874448 57.87758040942899 56.90420093497539 45.99065562216888 21.79177322014973 57.56348968177093
94.42911209520231 38.091582168567115 29.260856833953785 24.274498991252557 75.57909949298475 88.09430447834784 32.361946395601905 29.900089360916823 19.669705299297107 24.999964442746176 89.67964524894671 35.304945147763725 60.392266558533564 77.39480307751504 71.39156549578992 36.56897925557856 29.489483889994425 71.53835708494512 41.19809271825489 65.77699608979064 40.830713092196056 34.71166177336646 28.72836308816526 73.97090898657477 40.69046253125895 27.7003038178324 33.159789056112466 31.28424586682252 0.0 39.148039120441226 34.28271222028996 72.78116824825602 54.22542001862917 22.615350783556373 45.70695888596904 41.451662104886786 44.834901591428206 83.95035838347493 20.810712340240382 18.58942250878574 15.72036580443045 34.41876275923224 17.359675239209015 68.94145135185873 33.905806982600254 24.347219750624955 21.236029060889 32.50092556386097
56.53436977442226 53.76165093245779 9.911714839215401 46.47092804004231 36.43630497123055 49.74260691970967 9.615104415439651 9.248617085548402 36.50048728300329 50.85092487959485 53.07001711942997 5.281000315065436 24.997914560549418 39.801392699055114 32.43139341914046 3.1588037584674686 44.36438758346543 33.951551691000745 3.158864792972363 26.950346446481127 12.171826447368046 16.79836379504131 26.69864016445289 35.555005477096834 55.1619335150798 40.61933736147221 49.971345058050865 24.9255120289439 39.148039120441226 0.0 50.586900220466106 33.76472006200239 23.005263281308906 44.02342351029323 6.942450415093031 55.82627335594489 60.80222681320334 46.2457288458563 22.399351365117308 37.44476891963862 25.844783759022217 9.559600735332296 21.806950338170388 33.51147562392136 48.10976913264408 38.955370080605086 18.058329528073696 50.642263304695646
104.84566833725731 3.9081033854202554 44.28913536805596 10.241299490459204 81.6024036371741 97.53248768139828 50.23805103186935 44.14744863621235 16.994697761078022 12.290845402900466 102.73292058353535 50.23304647984017 59.08803291212462 89.06106286063309 79.51907355560432 47.46661150108928 6.402884160297583 71.33424898511126 53.711637027704995 74.97061812640018 59.392548734988765 57.27042735878844 57.11429032624994 83.91810328474287 6.418219655052575 10.091818483135517 1.12895025751142 58.52005033905587 34.28271222028996 50.586900220466106 0.0 80.4610662455703 72.79478242290286 11.668004933663282 54.061383863280874 7.188646513152862 11.248413094050674 95.15075763778063 30.19503228844256 17.17890655725949 42.78197616313162 41.26233098198736 38.1016480162336 65.56674858768045 2.8690997240009835 12.600399930541231 37.8181159112907 2.350981964586065
24.527665733598454 82.97033770092946 43.55062614420054 78.44356480469894 4.322849703942534 17.10789748097435 40.952727475239044 42.96943013603782 68.85974098777062 83.15679309311594 24.426360235273265 37.53568788467512 24.91944761145686 11.787419965076706 1.5703583452116239 36.607212181043344 74.8080111969177 17.9212790530539 31.58385484280392 7.231468989379506 34.65587058642298 42.70352364612655 53.94184794152128 5.821876345401993 83.74238903343557 71.22134862369887 80.09293542790594 51.0487934980256 72.78116824825602 33.76472006200239 80.4610662455703 0.0 27.458769886965673 76.12567912317279 27.80166887637638 84.27545567728858 89.20220653481283 15.878082182112989 55.560588469535546 70.0118376575214 58.530345580777976 40.8707674331109 55.42664860740747 25.114165376535173 77.6973966704113 70.34861377320404 51.81880075046928 81.06927219554605
42.30749274268038 76.16206628591873 28.728363088166674 67.47597869578271 31.699185813164107 37.349478908384 23.230913706518756 28.744247153333202 57.464607716637445 71.38781372393284 36.19950008663096 22.564265759831564 37.12562557026946 25.90064873818143 25.92140332866248 25.861887811462886 66.44537295116642 39.17558023145209 19.896912648488485 21.14242840531904 13.872437192662964 19.708632065092683 29.362515748043453 25.12390201146186 77.72801980264727 62.71311751736618 72.08578190192566 26.230914706391392 54.22542001862917 23.005263281308906 72.79478242290286 27.458769886965673 0.0 64.97890881320889 23.031451932376502 78.41839646413482 83.35484896574948 32.080940589187314 43.092544632250004 58.129960321605026 38.55054684633199 32.51809063543626 38.33971967324594 43.12603042858589 70.46802028335155 60.64656145141197 36.42337075354405 72.6009093864904
100.01856827895855 15.499005901964047 36.272204858174774 2.4981185294067814 77.83231165137128 92.9248869260677 41.8461686390502 36.33396780222389 7.553489928508104 7.061379594721807 97.04639462827055 42.63691723203041 57.1769164772806 83.617500683755 75.0186692628287 40.86947033986987 7.640228376574467 69.43235598628988 46.996687719176876 70.02338475974251 51.2114298528178 47.994363557389896 46.52415240071823 78.92536649356566 18.08025259005767 7.94432469864648 10.546632781788349 48.20068040922198 22.615350783556373 44.02342351029323 11.668004933663282 76.12567912317279 64.97890881320889 0.0 48.642252869312046 18.844832899945764 22.463889933639567 89.94765121220748 21.940125087842823 6.885995318769897 32.011580820510304 35.438388904475936 28.158741564026283 64.62783923983027 11.500573973694545 6.4295265998746105 28.79060631262435 9.979367559002622
51.37769420300187 56.95827877415289 16.669515686999585 51.020122855704976 30.11659924420222 44.33000485493249 16.333086494355808 15.91694601271026 41.256114251169656 55.61905026523769 48.698855036161575 12.043930664998914 18.60948577548023 35.09372429528952 26.578834285407588 9.140840238613924 48.066533634571265 27.021476089693124 6.680334408843631 21.400985306070503 16.07578119066665 22.465355455781427 33.05826004446787 30.28371409503578 58.09861547751376 44.37091884207083 53.55847255770454 31.019410730873297 45.70695888596904 6.942450415093031 54.061383863280874 27.80166887637638 23.031451932376502 48.642252869312046 0.0 58.71341809616852 63.70904685898419 41.33989924765006 27.759205098307802 42.34807934996946 32.761071765850225 13.20587439070095 28.456205315468203 26.9143601246109 51.430171138684805 43.125694945100435 24.484112392638497 54.38207187207292
108.7799444798804 3.384008027644373 50.239787984493006 17.286557076550395 85.10235374777693 101.38332190624537 56.278350952596476 50.01691413841168 23.94172708410086 18.475769298454345 107.13832588971034 55.93550460532825 61.83045311784721 93.40542305649416 83.42900023179105 52.76658094359446 13.027644195261843 73.89773879660216 58.97993869295045 79.15313936121171 65.26768556769885 63.62741283879776 63.987563647865485 88.05690749605445 0.7813764394364237 16.372347158938307 8.301271446144153 65.28821446841256 41.451662104886786 55.82627335594489 7.188646513152862 84.27545567728858 78.41839646413482 18.844832899945764 58.71341809616852 0.0 4.996237058810733 99.33451669314866 36.47355713039702 24.24535230403608 49.75430464718035 46.33341619655787 44.8303301991143 67.65436100752375 8.384806915581636 19.311617890734762 44.23548189995241 9.026726277194442
113.71462103010191 7.424599997303798 55.095882517129056 20.575749426910363 89.982766793061 106.30912588193445 61.11341622070947 54.89301028293805 28.242293874407125 20.69549943285814 112.11879266508159 60.850355137577665 66.58875727673329 98.38340306879608 88.36793550439405 57.73595055120574 17.520063066695208 78.59795596588783 63.954413328327355 84.12131784855994 70.15051548846724 68.35115040158347 68.36222742157346 93.01888962545813 5.640321325498746 21.041158945311324 12.24692525741142 69.7614463406901 44.834901591428206 60.80222681320334 11.248413094050674 89.20220653481283 83.35484896574948 22.463889933639567 63.70904685898419 4.996237058810733 0.0 104.29833471776884 41.21052488395438 28.389489374378325 54.01454208204318 51.317997087380796 49.33101296357364 72.24161569278806 13.043578722757323 23.79652094027206 48.920987198765104 12.501626671393247
10.489346228230783 97.84982458638193 55.40815709469436 92.3415726252052 17.20173123708617 5.922170744676332 51.59037694412943 55.000691866795876 82.5107793551125 96.88953331579768 8.620305714782905 48.966245819472846 40.79347023190424 6.5555661458749235 16.30183702017437 49.33172074484801 89.29049011276383 32.700562193387974 43.54161417747234 20.192289583123543 43.53381260148337 50.94538126976391 61.3289566569678 11.282723571066523 98.77047489810079 85.62656590802231 94.70880621221745 58.22055279075576 83.95035838347493 46.2457288458563 95.15075763778063 15.878082182112989 32.080940589187314 89.94765121220748 41.33989924765006 99.33451669314866 104.29833471776884 0.0 68.6257139282771 83.54455609978696 68.79697605584884 54.520932122971885 66.8900377380044 40.29891892864836 92.44693703511021 84.4627025047307 63.810972203044834 95.59663155990584
78.86788630328772 33.81915392782809 14.364181544083333 24.42985175238076 57.74873864545837 71.96749125651814 20.125754703895183 14.395554366946785 14.395308888125554 28.57976678456342 75.44493753883363 20.69700011016966 40.10701941418005 62.19707235015048 54.33199643785862 19.294503956474777 23.793085509134215 51.719268503355245 25.250315041205194 49.055483323332105 29.414556561695157 27.153860246732425 28.82312204877917 57.82043914289748 35.72785018300799 20.174462676847988 29.376722398801597 29.543262936075845 20.810712340240382 22.399351365117308 30.19503228844256 55.560588469535546 43.092544632250004 21.940125087842823 27.759205098307802 36.47355713039702 41.21052488395438 68.6257139282771 0.0 15.174173533098285 16.508502536438378 14.90564413493166 9.8299023351594 48.50146667163589 28.16809164232461 17.71550595568525 7.848656733637802 29.73012219241129
93.69553599333526 21.080704515326236 29.44840210644287 9.379800288578672 71.8956554484561 86.67802343845479 34.97365941167937 29.539800588193643 1.5478955647436536 13.416402550353414 90.51309133901384 35.85328594450202 52.11304521195166 77.16671176463615 68.85785868068413 34.30442498560908 11.409396551946195 64.2524626988467 40.36551470019289 63.74837407793191 44.344147262833616 41.13480652974422 40.04706211870722 72.60650174338447 23.463979990719558 9.134347421228927 16.14640547691945 41.592361391673435 18.58942250878574 37.44476891963862 17.17890655725949 70.0118376575214 58.129960321605026 6.885995318769897 42.34807934996946 24.24535230403608 28.389489374378325 83.54455609978696 15.174173533098285 0.0 25.63322931156965 29.163077212536223 21.378074312244642 59.91049869157023 16.071803432504804 5.760747462941227 21.904641112317634 16.008477542210528
79.28607355971279 46.66890097930023 16.26068786741746 34.31506298416462 61.65666797997478 73.18179946782632 17.579691816472213 17.12722539953224 25.81470116924243 36.83200089187777 74.230281777694 21.198225801244245 49.608623077082036 62.25170516897005 57.07364170224966 23.893498070629768 36.74424397875986 59.628970807730205 27.263416568162153 51.3761155193057 25.36226371835276 18.991298296950458 14.540406151723031 59.19472091849996 48.974839435817 33.69371375349014 41.76766075411525 16.48705731363495 15.72036580443045 25.844783759022217 42.78197616313162 58.530345580777976 38.55054684633199 32.011580820510304 32.761071765850225 49.75430464718035 54.01454208204318 68.79697605584884 16.508502536438378 25.63322931156965 0.0 24.162010422875163 6.907015561582754 58.30330812386258 41.430195138434634 30.509154000834396 10.941490192519979 41.63107974315143
64.58346743312077 44.3441230162225 9.377370529314081 37.82240706683875 42.907400479866745 57.52365465243857 14.01659150445456 8.464127147203435 28.054282955076022 42.41349348414108 61.75379802828839 11.289442351024709 26.054332621150078 48.22738391897713 39.69998219597129 6.683338537738672 35.13021916971345 37.15836868057753 12.715652189184395 34.60133122041765 20.63953917830171 22.727857650152995 30.06593285742449 43.48937133652206 45.67875376249219 31.40190981941092 40.69347028051388 29.193989899246592 34.41876275923224 9.559600735332296 41.26233098198736 40.8707674331109 32.51809063543626 35.438388904475936 13.20587439070095 46.33341619655787 51.317997087380796 54.520932122971885 14.90564413493166 29.163077212536223 24.162010422875163 0.0 18.209620564028242 34.688632919944325 38.723726462654824 29.99174982895549 13.7694805967876 41.43807601671111
77.34226071076303 41.91246652512164 11.905327351872835 30.601019616175467 58.22547089196485 70.88120702699071 15.456756297834032 12.569912940356533 21.209219805880135 33.84357267348372 72.93448331675384 18.0127600469816 44.15216762891301 60.34169389682181 54.043207108031844 19.32203009487501 31.833505761920303 54.76428514501624 23.84803213970839 48.443654286240225 24.52650191887365 20.007613137772264 19.342799169213613 56.72210319142525 44.06068786360976 28.501003400546676 37.159072947736384 20.460155180874448 17.359675239209015 21.806950338170388 38.1016480162336 55.42664860740747 38.33971967324594 28.158741564026283 28.456205315468203 44.8303301991143 49.33101296357364 66.8900377380044 9.8299023351594 21.378074312244642 6.907015561582754 18.209620564028242 0.0 52.825700319003246 36.445791243629095 25.542755516688903 4.452182582073256 37.22748086608965
46.80019646617323 67.18305330466633 42.137382971287934 66.54549063867789 23.101759391744856 39.53295883811025 43.116703437207576 41.23237984909405 58.468304300359044 71.53159387839044 48.90104185440549 38.78321040124714 8.695316496118053 36.90157592163988 25.399860900984322 34.67673052850666 61.033823600219975 7.734465791289262 33.5612938624612 25.513166870514397 42.078423562144906 49.21263858376961 59.9712497552682 30.875325680819614 67.28035775308201 57.97634858487619 65.50932466957919 57.87758040942899 68.94145135185873 33.51147562392136 65.56674858768045 25.114165376535173 43.12603042858589 64.62783923983027 26.9143601246109 67.65436100752375 72.24161569278806 40.29891892864836 48.50146667163589 59.91049869157023 58.30330812386258 34.688632919944325 52.825700319003246 0.0 62.697872357837475 58.246125810647506 48.41856956393628 66.77988582430403
102.10469234532636 5.698877382388235 42.08977356745248 10.652109477638689 78.80214489986305 94.77820232249148 48.08938818858797 41.90850973415313 15.64853461234909 13.699814519590351 100.07141263104768 47.925110707236165 56.228820593344864 86.3842719937546 76.76812521809883 45.005992714799746 4.692509761031999 68.47111093231074 51.246491205925665 72.26010733966768 57.1674447692233 55.31341581295236 55.618491061847415 81.20353440466936 7.617219311374133 8.00948967277123 3.0070296086620676 56.90420093497539 33.905806982600254 48.10976913264408 2.8690997240009835 77.6973966704113 70.46802028335155 11.500573973694545 51.430171138684805 8.384806915581636 13.043578722757323 92.44693703511021 28.16809164232461 16.071803432504804 41.430195138434634 38.723726462654824 36.445791243629095 62.697872357837475 0.0 10.941714591410118 35.894319283879966 4.516612869489436
94.42336548689019 16.37371997386249 31.97762515297768 8.331036872401903 71.9111168701247 87.25350597620465 37.833039503292014 31.90734612526661 4.899551898806124 13.298347444984053 91.74473605773682 38.10811112865975 50.87700632671494 78.20708708607894 69.28642429672229 35.79962305943799 6.292215555161285 63.15294815818414 42.01527891779943 64.41709814536043 47.079721070487906 44.695665101210935 44.6780214562575 73.35228297082544 18.53757836275511 3.39375389562415 11.715060856008424 45.99065562216888 24.347219750624955 38.955370080605086 12.600399930541231 70.34861377320404 60.64656145141197 6.4295265998746105 43.125694945100435 19.311617890734762 23.79652094027206 84.4627025047307 17.71550595568525 5.760747462941227 30.509154000834396 29.99174982895549 25.542755516688903 58.246125810647506 10.941714591410118 0.0 25.24196008412858 12.014674991015312
