0 75 32 68 17 84 112 3 42 76 112 56 48 84 108 75 20 81 9 61 6 74 24 60 28 77 102 37 33 69 109 51 35 87 71 70 34 77 21 57 130 116 103 92 83 77 75 76 81 90 122 107 94 81 71 64 61 63 69 79 116 100 85 71 59 51 47 49 57 69 111 94 78 63 49 38 33 36 47 60 107 90 74 57 41 27 19 25 38 54 106 89 71 54 37 20 5 17 34 51 106 89 72 55 38 21 10 19 35 52 108 91 75 59 43 30 24 29 41 56 112 96 80 66 52 42 38 41 50 63 118 102 88 74 63 55 51 54 61 72
75 0 54 141 63 10 37 76 78 21 39 28 36 28 33 77 95 10 67 134 74 2 55 133 53 11 30 68 78 22 35 32 47 31 6 71 57 18 65 130 114 110 108 108 112 117 125 135 146 159 101 96 93 94 98 105 114 125 137 150 88 82 79 80 85 93 103 115 128 142 76 68 65 66 72 81 93 106 120 135 64 55 51 53 60 70 83 98 113 129 53 42 37 39 48 61 76 91 107 124 44 31 23 27 39 54 70 87 104 121 39 22 9 17 33 50 67 84 102 119 39 22 7 16 33 50 67 84 101 119 43 29 21 25 38 53 70 86 103 120
32 54 0 91 16 61 89 35 62 63 92 28 20 72 86 48 48 57 24 84 29 52 10 83 7 52 77 18 56 57 88 24 7 75 48 42 5 49 14 80 101 89 79 72 68 69 74 82 93 106 92 79 67 59 54 55 62 71 84 98 85 70 57 46 40 42 50 62 76 91 79 63 48 35 27 29 40 54 69 86 76 59 42 26 13 17 32 49 66 83 75 58 40 23 6 13 30 47 65 82 77 60 43 28 18 21 34 50 67 84 81 65 51 38 31 33 43 56 71 87 87 73 60 50 45 46 54 65 78 93 95 82 71 63 59 60 66 75 87 100
68 141 91 0 79 150 178 67 93 143 179 119 110 151 174 114 48 146 75 8 68 141 87 9 90 142 167 84 84 137 176 114 97 154 137 112 90 140 78 12 162 145 128 111 95 79 63 49 38 32 160 142 125 108 91 74 58 42 27 18 159 141 124 107 90 72 55 38 21 5 159 142 124 107 90 73 56 39 22 10 160 143 126 109 92 76 60 44 31 24 163 146 130 113 97 81 66 53 43 38 167 150 134 119 103 89 75 63 55 51 172 156 140 125 111 97 85 75 68 65 178 162 147 133 119 107 96 87 81 79 184 170 155 142 129 118 108 100 95 92
17 63 16 79 0 71 99 19 50 67 101 41 33 76 95 61 34 67 9 72 14 62 8 71 12 63 89 25 43 61 98 36 20 79 58 56 18 62 8 68 115 102 91 81 75 72 73 78 87 97 107 93 80 69 61 58 60 66 76 88 100 85 71 58 49 44 46 54 66 79 95 79 63 48 36 30 33 44 58 73 91 74 58 41 26 16 22 36 52 69 90 73 55 38 21 4 15 32 49 67 91 74 57 40 24 13 19 34 51 68 94 77 61 46 34 27 30 42 56 72 99 83 69 56 46 41 43 52 64 78 105 91 78 67 58 55 56 63 73 86
84 10 61 150 71 0 29 85 87 27 32 34 42 32 26 78 103 5 76 143 83 10 64 142 61 10 21 74 88 29 28 38 54 34 13 73 63 17 73 138 112 109 108 110 115 122 131 142 153 166 98 94 94 96 102 110 120 131 144 158 85 80 80 83 89 98 109 122 136 150 71 66 66 69 77 87 100 113 128 143 59 52 52 56 66 78 91 106 122 138 47 39 38 44 55 69 84 100 117 133 36 25 24 33 47 63 79 96 113 130 30 14 11 26 42 59 77 94 111 128 29 13 9 25 42 59 76 94 111 128 35 23 22 32 46 62 79 96 113 130
112 37 89 178 99 29 0 113 111 45 13 61 70 44 8 100 132 33 104 171 111 38 92 170 89 37 17 102 113 50 9 66 82 44 42 96 91 41 101 166 123 123 126 131 138 147 157 169 181 194 109 109 112 118 126 136 147 159 172 186 94 95 99 105 114 125 137 150 164 178 80 81 85 93 103 115 128 142 156 171 66 67 72 81 93 106 120 134 150 166 52 53 60 70 83 98 113 128 144 161 37 40 48 61 76 91 107 123 140 157 23 27 39 54 70 86 103 120 137 154 9 16 33 50 67 84 101 118 136 153 8 16 32 49 66 84 101 118 135 153
3 76 35 67 19 85 113 0 40 77 113 58 50 85 109 78 20 82 11 60 8 76 26 60 30 79 104 40 30 70 111 53 38 87 73 73 36 79 24 56 133 119 106 95 86 79 76 77 82 90 125 110 96 84 73 66 62 64 69 78 118 103 88 74 62 53 48 50 57 68 113 97 81 66 52 41 35 37 46 59 110 93 76 60 44 30 21 25 37 53 108 91 74 56 39 22 8 15 32 49 108 91 74 57 40 23 9 16 32 49 110 93 77 60 45 31 22 26 38 53 114 98 82 67 53 42 36 38 47 60 119 104 89 75 63 54 50 51 58 69
42 78 62 93 50 87 111 40 0 67 107 73 69 72 105 110 52 86 44 88 47 78 53 88 56 85 107 75 10 61 106 69 61 73 76 104 66 88 57 84 163 151 140 131 124 118 115 115 117 121 153 141 129 119 111 105 101 101 103 108 144 131 119 107 98 91 88 87 90 96 136 122 109 96 86 78 74 73 77 84 129 114 100 86 75 65 60 59 64 72 123 107 92 77 64 53 47 46 51 61 119 102 86 70 55 42 33 32 40 52 116 99 82 65 49 33 20 19 30 45 115 97 80 63 46 28 11 8 25 42 115 98 81 64 47 30 15 13 27 43
76 21 63 143 67 27 45 77 67 0 40 43 48 10 38 94 96 29 69 136 77 22 61 136 60 31 45 79 70 7 39 45 56 13 25 88 66 39 72 132 134 129 126 125 126 130 136 144 153 164 121 115 112 111 112 117 123 132 142 154 108 102 98 97 99 104 111 121 132 144 96 88 84 83 85 91 99 110 122 135 84 75 70 69 72 78 88 100 113 128 73 63 56 54 58 67 78 91 106 121 63 51 42 40 46 56 69 84 99 115 55 40 29 26 34 47 62 78 95 111 50 33 18 13 25 41 58 75 92 109 48 31 14 5 22 39 57 74 91 109
112 39 92 179 101 32 13 113 107 40 0 66 74 36 9 108 132 37 105 172 112 40 94 171 92 42 28 106 110 46 6 69 85 36 44 104 95 48 104 168 135 134 136 140 146 154 163 173 185 197 120 120 122 127 133 142 152 163 175 188 106 106 108 113 121 130 141 153 166 180 92 92 95 100 109 119 131 144 158 172 78 77 81 88 97 109 122 136 150 165 64 63 68 76 87 100 114 128 144 159 50 49 55 65 77 91 107 122 138 155 36 35 43 55 69 85 101 117 134 151 22 22 33 48 64 80 97 114 131 148 11 10 27 44 61 78 95 113 130 147
56 28 28 119 41 34 61 58 73 43 66 0 9 52 59 52 74 30 47 112 54 27 33 110 30 25 49 41 70 39 62 5 22 55 23 46 30 22 41 107 97 89 84 82 84 90 98 108 120 133 85 76 70 68 71 77 86 98 111 125 74 64 57 54 57 65 76 89 103 118 65 52 43 40 44 54 67 81 97 113 57 42 31 26 32 45 60 76 92 109 52 35 20 12 23 38 55 72 89 107 51 34 16 4 20 37 54 71 89 106 54 38 23 17 26 40 57 73 90 107 60 46 35 31 37 48 62 78 94 110 68 56 48 45 49 58 70 84 99 115
48 36 20 110 33 42 70 50 69 48 74 9 0 58 67 49 66 38 40 103 46 34 25 102 22 33 58 33 65 44 70 5 14 61 30 43 22 30 33 98 98 88 81 78 79 83 90 100 112 125 87 76 68 64 65 70 79 90 103 117 77 64 55 50 51 57 68 81 95 110 68 54 43 36 38 46 58 73 88 104 62 46 32 22 25 36 51 67 84 101 59 42 25 10 14 30 47 64 82 99 59 41 25 10 14 30 47 64 82 99 62 46 32 22 24 36 51 67 84 101 68 54 43 36 37 46 58 73 88 104 77 64 55 50 51 57 68 80 95 110
84 28 72 151 76 32 44 85 72 10 36 52 58 0 36 103 104 35 78 145 85 30 70 144 70 38 47 89 76 16 37 54 65 4 33 97 76 46 81 140 142 137 135 134 136 140 146 153 162 173 129 123 120 120 122 126 133 141 151 162 115 110 106 106 108 113 121 130 140 152 103 96 92 92 95 100 109 119 130 143 90 83 78 78 81 88 97 108 121 135 78 69 64 64 68 76 86 99 113 128 67 57 50 50 55 65 77 91 106 121 57 45 37 36 43 55 69 84 100 117 50 35 24 22 32 47 63 80 96 113 46 29 13 10 26 43 60 77 94 112
108 33 86 174 95 26 8 109 105 38 9 59 67 36 0 100 127 30 100 167 107 34 88 166 86 35 19 100 107 44 3 63 79 37 38 96 89 40 98 163 126 126 128 132 138 146 156 167 178 191 112 112 114 119 126 134 145 156 169 182 98 98 100 106 113 123 134 147 160 174 84 83 86 93 102 113 125 138 152 167 70 69 73 80 91 103 116 130 145 161 56 55 60 69 80 94 109 124 140 156 42 41 47 58 72 87 102 118 135 151 28 27 36 50 65 81 98 114 131 148 16 14 28 44 61 78 95 112 129 147 11 8 25 43 60 77 94 112 129 146
75 77 48 114 61 78 100 78 110 94 108 52 49 103 100 0 84 74 69 107 71 75 57 105 54 69 84 39 103 91 103 51 51 106 72 7 45 62 55 103 55 42 33 32 40 52 67 83 99 116 48 33 20 19 30 46 62 79 96 113 45 28 11 8 25 42 60 77 94 112 47 30 16 14 28 44 61 78 95 112 52 38 28 27 36 49 65 81 98 114 60 49 41 41 47 58 72 86 102 118 71 61 55 55 59 68 80 94 108 124 82 74 69 69 72 80 90 102 116 130 94 87 83 83 86 92 101 112 124 138 107 101 97 97 99 105 113 122 134 146
20 95 48 48 34 103 132 20 52 96 132 74 66 104 127 84 0 100 28 41 21 94 42 41 45 96 122 47 42 89 129 70 53 106 91 80 48 95 35 37 138 123 108 95 83 73 66 63 65 71 132 116 101 86 72 61 53 49 52 60 127 111 95 79 64 50 40 35 39 49 124 107 90 74 57 42 28 22 27 40 122 105 88 71 54 37 20 8 19 35 122 105 88 71 53 36 20 7 18 35 124 107 90 73 57 41 28 21 27 40 127 111 94 78 63 50 39 35 38 49 132 116 100 85 72 60 52 48 51 59 137 122 108 94 82 72 65 62 64 71
81 10 57 146 67 5 33 82 86 29 37 30 38 35 30 74 100 0 73 139 80 9 60 138 57 6 23 70 86 30 33 34 50 38 11 69 59 13 69 135 108 104 103 105 110 117 126 137 149 162 94 90 89 92 97 105 115 127 140 154 81 76 75 78 85 94 105 118 132 146 68 62 61 65 72 83 96 110 124 140 56 48 47 52 61 74 88 103 118 134 44 35 33 39 51 66 81 97 114 130 35 22 19 29 44 60 77 94 111 128 30 13 7 23 40 57 75 92 109 127 32 17 12 25 41 58 75 93 110 127 39 28 26 34 47 62 79 95 112 129
9 67 24 75 9 76 104 11 44 69 105 47 40 78 100 69 28 73 0 68 8 66 16 67 19 69 94 32 36 63 102 43 27 81 63 64 26 68 14 64 123 110 98 88 80 76 75 79 86 95 115 101 88 76 67 62 62 66 74 85 108 93 79 66 55 49 48 53 63 76 103 87 71 56 44 35 34 41 54 68 99 82 66 49 34 22 21 31 46 62 97 80 63 46 29 12 9 25 42 60 98 80 63 46 29 14 12 26 43 60 100 83 67 51 36 25 24 34 48 64 104 88 73 58 46 39 38 44 56 70 110 95 81 68 58 52 51 56 66 78
61 134 84 8 72 143 171 60 88 136 172 112 103 145 167 107 41 139 68 0 60 133 80 3 82 135 160 77 79 130 169 107 90 147 130 105 83 133 71 5 156 139 122 106 90 74 59 46 37 35 153 136 119 102 85 68 52 37 25 21 152 135 117 100 83 66 48 31 15 9 152 135 117 100 83 66 49 31 15 9 153 136 119 102 85 69 52 37 25 22 156 139 122 106 90 74 59 46 37 35 160 143 127 111 96 81 68 57 50 49 164 149 133 118 104 90 79 69 64 62 170 155 140 126 113 100 90 82 77 76 177 162 148 135 122 111 102 95 91 90
6 74 29 68 14 83 111 8 47 77 112 54 46 85 107 71 21 80 8 60 0 74 21 60 25 76 101 33 38 70 109 49 33 88 70 65 30 75 16 56 125 111 98 87 78 72 70 72 79 88 118 103 89 76 66 59 56 59 67 77 111 96 80 66 54 45 42 46 56 68 107 90 74 58 44 33 29 34 46 61 104 87 70 53 37 22 15 24 39 56 103 86 68 51 34 16 2 19 36 54 104 87 70 53 36 22 14 24 39 55 107 90 74 58 44 32 28 34 46 60 111 95 80 66 54 45 42 46 55 68 117 102 88 76 65 58 56 59 66 77
74 2 52 141 62 10 38 76 78 22 40 27 34 30 34 75 94 9 66 133 74 0 54 132 52 9 30 67 78 23 37 30 45 33 4 69 55 17 64 129 113 108 106 106 110 116 124 134 145 157 99 94 92 92 96 103 112 123 135 149 86 80 77 78 83 91 101 113 127 141 74 67 63 65 70 80 91 104 119 134 62 53 49 51 58 69 82 97 112 128 52 41 35 38 47 60 75 91 107 123 43 29 21 25 38 53 70 86 103 120 39 22 7 16 33 50 67 84 101 119 39 22 9 17 33 50 67 84 101 119 44 31 23 27 39 54 70 87 104 120
24 55 10 87 8 64 92 26 53 61 94 33 25 70 88 57 42 60 16 80 21 54 0 79 4 56 81 24 47 55 90 28 12 73 51 51 13 54 11 75 111 99 88 80 75 74 77 83 93 104 102 88 77 67 61 60 64 71 82 95 94 80 66 55 48 46 51 60 73 87 88 72 57 44 34 32 39 51 65 81 84 67 51 35 22 18 28 43 60 76 82 65 48 31 14 6 23 40 57 74 83 66 49 32 17 12 25 41 58 75 86 70 54 39 28 25 33 47 62 78 91 76 62 49 41 39 45 55 69 84 98 84 71 61 55 53 57 66 77 91
60 133 83 9 71 142 170 60 88 136 171 110 102 144 166 105 41 138 67 3 60 132 79 0 81 134 159 75 79 129 168 106 89 146 129 103 81 132 69 4 154 137 120 104 87 72 57 44 35 34 151 134 117 100 83 66 50 35 23 21 150 133 115 98 81 64 46 29 13 9 150 133 116 98 81 64 47 30 14 11 152 134 117 100 84 67 51 36 25 23 154 137 121 104 88 73 58 46 38 36 158 142 126 110 95 81 68 57 51 50 163 147 132 117 103 90 78 70 64 64 169 154 139 125 112 100 90 82 78 77 176 161 147 134 122 111 102 95 92 91
28 53 7 90 12 61 89 30 56 60 92 30 22 70 86 54 45 57 19 82 25 52 4 81 0 53 78 22 50 54 88 25 8 73 49 48 10 51 12 78 107 95 85 77 73 73 77 84 94 106 98 85 73 64 59 59 64 72 84 97 91 76 63 52 46 45 51 62 75 89 84 69 54 41 32 32 40 53 68 83 80 64 47 31 19 19 31 46 63 80 79 62 44 27 10 9 26 43 61 78 80 63 46 29 15 15 29 45 62 79 83 67 51 37 28 28 37 50 66 82 89 74 60 48 41 41 48 59 72 87 96 82 70 61 55 55 60 69 81 94
77 11 52 142 63 10 37 79 85 31 42 25 33 38 35 69 96 6 69 135 76 9 56 134 53 0 26 65 84 32 38 29 46 41 9 64 55 8 65 130 104 100 99 101 105 112 121 132 144 157 91 86 85 87 92 100 110 122 135 149 78 72 70 73 79 89 100 113 127 142 65 58 56 60 67 78 91 105 120 136 53 45 42 47 56 69 83 99 115 131 43 32 28 34 47 61 77 94 110 127 35 20 14 24 40 57 73 91 108 125 33 15 3 20 38 55 72 90 107 124 36 22 16 25 41 57 74 91 108 125 44 33 30 36 48 62 78 94 111 127
102 30 77 167 89 21 17 104 107 45 28 49 58 47 19 84 122 23 94 160 101 30 81 159 78 26 0 88 108 49 22 54 71 48 33 80 79 28 90 155 107 107 110 115 123 132 143 155 168 182 93 93 96 102 111 121 133 146 159 174 79 79 83 90 99 111 124 137 152 167 65 65 69 78 89 101 115 130 145 161 51 51 57 67 79 93 108 124 140 156 37 37 45 57 71 87 103 119 136 152 23 24 35 49 65 82 99 116 133 150 11 12 28 45 62 79 97 114 131 149 11 12 28 45 62 79 97 114 131 149 24 24 35 50 65 82 99 116 133 150
37 68 18 84 25 74 102 40 75 79 106 41 33 89 100 39 47 70 32 77 33 67 24 75 22 65 88 0 67 73 102 37 24 92 63 34 13 61 18 72 93 79 67 57 52 52 58 68 80 94 86 71 57 45 38 38 46 58 72 87 81 64 49 34 25 25 36 50 66 83 78 61 44 27 12 14 29 46 63 80 78 60 43 26 10 11 28 45 62 80 80 63 47 32 21 22 34 49 65 82 84 69 54 42 35 35 43 56 70 86 91 77 64 54 48 49 55 65 78 92 99 86 75 67 62 62 67 76 87 100 109 97 87 80 76 76 80 87 97 109
33 78 56 84 43 88 113 30 10 70 110 70 65 76 107 103 42 86 36 79 38 78 47 79 50 84 108 67 0 64 108 66 55 78 76 97 59 87 50 75 157 144 133 123 115 109 105 105 107 112 148 135 122 111 102 96 92 91 93 99 139 125 112 100 90 82 78 77 80 87 132 117 103 90 79 70 64 63 67 75 126 110 95 81 68 57 51 50 54 64 121 105 89 73 58 46 37 36 42 54 118 101 84 67 51 36 25 22 32 46 116 99 82 64 47 30 14 10 25 42 116 99 81 64 47 30 14 9 25 41 118 101 84 67 51 36 24 22 31 46
69 22 57 137 61 29 50 70 61 7 46 39 44 16 44 91 89 30 63 130 70 23 55 129 54 32 49 73 64 0 45 40 50 19 24 85 61 38 65 125 133 127 123 121 122 125 130 138 147 157 120 113 109 107 108 111 118 126 136 147 108 100 95 93 94 98 105 114 125 137 96 87 81 79 80 85 93 103 115 129 84 74 67 65 66 72 82 93 107 121 74 62 54 51 53 60 71 84 99 114 65 52 41 37 40 49 62 77 93 109 58 43 29 22 27 40 55 72 88 105 54 37 21 8 18 35 52 69 86 103 54 37 20 7 18 34 51 69 86 103
109 35 88 176 98 28 9 111 106 39 6 62 70 37 3 103 129 33 102 169 109 37 90 168 88 38 22 102 108 45 0 65 82 37 40 99 91 43 100 165 129 129 131 135 141 149 158 169 181 193 115 115 117 122 128 137 147 159 171 185 101 100 103 108 116 126 137 149 163 177 87 86 89 96 104 115 127 140 155 169 72 72 76 83 93 105 118 133 147 163 58 58 63 71 83 96 111 126 141 157 44 44 50 61 74 89 104 120 136 153 31 30 39 52 67 83 99 116 133 150 18 17 30 45 62 79 96 113 130 148 10 9 26 43 60 78 95 112 130 147
51 32 24 114 36 38 66 53 69 45 69 5 5 54 63 51 70 34 43 107 49 30 28 106 25 29 54 37 66 40 65 0 18 57 26 45 26 26 37 102 99 90 84 81 82 87 94 104 116 129 87 77 70 67 69 74 83 94 107 121 77 65 57 53 55 62 72 85 99 114 68 54 44 39 42 50 63 77 92 108 61 45 32 25 29 40 55 71 88 104 56 39 23 11 18 34 51 68 85 102 55 38 21 5 15 32 50 67 84 101 58 42 27 19 23 37 53 69 86 103 64 50 38 33 35 45 59 74 90 106 72 60 51 47 49 56 67 81 96 111
35 47 7 97 20 54 82 38 61 56 85 22 14 65 79 51 53 50 27 90 33 45 12 89 8 46 71 24 55 50 82 18 0 68 42 44 11 44 20 85 103 92 83 76 74 75 81 89 100 112 93 81 70 63 60 62 68 78 90 104 85 71 59 50 46 49 57 68 82 97 78 62 48 37 32 36 46 60 75 91 73 56 40 26 18 24 38 54 71 87 71 54 37 19 4 17 34 51 69 86 72 55 38 22 11 20 35 52 69 86 75 59 44 31 25 30 42 57 73 89 81 66 53 43 39 42 51 64 78 94 89 76 64 56 53 55 63 73 86 100
87 31 75 154 79 34 44 87 73 13 36 55 61 4 37 106 106 38 81 147 88 33 73 146 73 41 48 92 78 19 37 57 68 0 36 100 79 49 84 143 145 140 138 137 139 143 148 156 165 175 131 126 123 123 125 129 136 144 154 165 118 112 109 109 111 116 123 132 143 155 105 99 95 95 98 103 111 121 133 146 92 85 81 81 84 91 100 111 124 137 80 72 67 67 71 79 89 101 115 130 69 59 53 53 58 67 79 93 108 123 59 47 39 39 46 57 71 86 102 118 51 36 26 25 35 49 65 81 98 114 46 29 14 13 27 44 61 78 95 112
71 6 48 137 58 13 42 73 76 25 44 23 30 33 38 72 91 11 63 130 70 4 51 129 49 9 33 63 76 24 40 26 42 36 0 66 51 15 61 125 110 105 103 103 106 112 120 130 141 154 97 91 88 89 93 99 108 119 132 145 85 78 74 75 79 87 98 110 123 137 72 64 60 61 67 76 87 101 115 130 61 51 46 47 54 65 79 93 109 125 51 39 32 34 43 57 72 87 104 120 44 29 18 21 34 50 67 83 100 118 40 23 7 13 30 47 65 82 99 116 42 26 13 17 32 48 65 82 100 117 48 34 26 28 39 53 69 85 102 119
70 71 42 112 56 73 96 73 104 88 104 46 43 97 96 7 80 69 64 105 65 69 51 103 48 64 80 34 97 85 99 45 44 100 66 0 39 57 50 101 60 48 39 37 43 54 68 83 99 115 53 38 26 24 32 46 62 78 95 111 48 31 15 10 24 41 58 75 92 110 48 31 14 8 23 40 58 75 92 109 52 36 24 21 30 45 61 77 94 111 59 46 37 35 41 52 67 82 98 114 68 57 50 49 53 62 75 89 103 119 79 69 64 63 66 74 84 97 111 125 90 82 78 77 80 86 95 106 119 133 103 96 92 91 93 99 107 117 128 141
34 57 5 90 18 63 91 36 66 66 95 30 22 76 89 45 48 59 26 83 30 55 13 81 10 55 79 13 59 61 91 26 11 79 51 39 0 51 14 78 98 86 75 68 64 65 70 79 90 103 90 76 64 55 50 51 58 68 81 96 83 67 54 42 36 38 47 59 74 89 78 61 45 31 22 25 37 52 68 85 75 58 41 24 9 15 31 48 65 83 75 58 40 24 9 15 31 48 65 82 77 61 45 31 22 25 37 52 68 85 82 67 53 42 35 37 46 59 73 89 89 75 63 54 49 51 57 68 81 95 98 85 75 67 63 64 70 79 90 103
77 18 49 140 62 17 41 79 88 39 48 22 30 46 40 62 95 13 68 133 75 17 54 132 51 8 28 61 87 38 43 26 44 49 15 57 51 0 63 128 97 92 91 93 99 106 116 128 141 154 83 78 77 80 86 95 106 118 132 146 70 64 63 66 74 84 96 110 125 140 58 51 49 53 62 74 88 103 118 134 46 37 35 41 52 66 81 97 113 130 37 24 21 30 44 60 76 93 110 127 32 15 7 23 40 57 74 91 108 126 32 16 10 23 40 57 74 91 109 126 39 27 23 31 45 61 77 94 111 128 48 40 37 43 54 67 82 98 114 131
21 65 14 78 8 73 101 24 57 72 104 41 33 81 98 55 35 69 14 71 16 64 11 69 12 65 90 18 50 65 100 37 20 84 61 50 14 63 0 66 110 96 84 74 68 65 67 73 82 94 102 87 74 62 54 51 53 61 72 85 95 80 65 52 41 37 40 50 63 78 91 74 58 43 30 23 28 41 56 72 88 71 54 37 21 9 19 35 52 69 88 71 54 37 20 6 18 35 52 69 90 73 57 41 27 20 26 39 55 71 94 78 63 49 39 34 37 48 61 76 100 85 72 60 51 48 50 58 70 83 108 94 82 72 64 62 64 70 80 92
57 130 80 12 68 138 166 56 84 132 168 107 98 140 163 103 37 135 64 5 56 129 75 4 78 130 155 72 75 125 165 102 85 143 125 101 78 128 66 0 152 136 119 103 87 71 57 45 38 38 150 132 115 99 82 65 50 35 25 25 148 131 114 96 79 62 45 28 13 13 148 131 113 96 79 61 44 27 11 10 149 132 115 98 81 64 48 33 21 21 151 135 118 101 85 69 55 42 34 34 155 139 122 107 91 77 64 54 47 47 160 144 128 113 99 86 75 66 61 61 166 150 136 121 108 96 86 79 75 74 173 158 144 130 118 107 98 92 88 88
130 114 101 162 115 112 123 133 163 134 135 97 98 142 126 55 138 108 123 156 125 113 111 154 107 104 107 93 157 133 129 99 103 145 110 60 98 97 110 152 0 18 35 52 70 87 104 122 139 156 15 23 38 54 71 88 105 122 140 157 29 34 45 60 75 91 108 125 142 159 43 47 55 68 82 97 113 129 145 162 58 60 67 77 90 104 119 134 150 166 72 74 80 88 99 112 126 140 156 171 86 88 93 100 110 122 134 148 162 177 100 102 106 112 121 132 144 156 170 184 115 116 119 125 133 143 154 166 179 192 129 130 133 138 145 154 164 176 188 201
116 110 89 145 102 109 123 119 151 129 134 89 88 137 126 42 123 104 110 139 111 108 99 137 95 100 107 79 144 127 129 90 92 140 105 48 86 92 96 136 18 0 18 35 52 70 87 104 122 139 23 15 23 38 54 71 88 105 122 140 34 29 34 45 60 75 91 108 125 142 47 43 46 55 67 82 97 112 129 145 60 57 60 67 77 90 104 118 134 150 74 72 73 79 88 99 112 126 140 155 88 86 87 92 100 110 121 134 148 162 102 100 101 105 112 121 131 143 156 170 116 114 115 119 125 133 142 153 165 178 130 128 129 132 138 145 154 164 175 187
103 108 79 128 91 108 126 106 140 126 136 84 81 135 128 33 108 103 98 122 98 106 88 120 85 99 110 67 133 123 131 84 83 138 103 39 75 91 84 119 35 18 0 18 35 52 70 87 104 122 38 23 15 23 38 54 71 88 105 122 45 34 29 34 45 60 75 91 108 125 55 46 43 46 55 67 81 97 112 129 67 60 57 60 67 77 90 104 118 134 80 73 71 73 79 88 99 112 126 140 93 87 85 87 92 99 109 121 134 148 106 101 99 101 105 112 121 131 143 156 119 115 114 115 118 124 132 142 153 165 133 129 128 129 132 137 144 153 163 175
92 108 72 111 81 110 131 95 131 125 140 82 78 134 132 32 95 105 88 106 87 106 80 104 77 101 115 57 123 121 135 81 76 137 103 37 68 93 74 103 52 35 18 0 18 35 52 70 87 104 54 38 23 15 23 38 54 71 88 105 60 45 34 29 33 45 59 75 91 108 68 55 46 43 46 55 67 81 97 112 77 67 60 57 59 66 77 89 103 118 88 79 73 71 73 79 88 99 112 125 100 92 87 85 87 91 99 109 121 134 112 105 101 99 100 105 111 120 131 143 125 119 115 113 114 118 124 132 141 152 138 132 129 127 128 131 137 144 153 163
83 112 68 95 75 115 138 86 124 126 146 84 79 136 138 40 83 110 80 90 78 110 75 87 73 105 123 52 115 122 141 82 74 139 106 43 64 99 68 87 70 52 35 18 0 18 35 52 70 87 71 54 38 23 15 23 38 54 71 88 75 60 45 33 29 33 45 59 75 91 82 67 55 46 43 46 55 67 81 96 90 77 67 59 57 59 66 77 89 103 99 88 79 73 71 73 78 87 99 111 110 100 92 87 85 86 91 99 109 120 121 112 105 100 99 100 104 111 120 130 133 125 118 114 113 114 117 123 131 141 145 138 132 128 127 127 131 136 143 152
77 117 69 79 72 122 147 79 118 130 154 90 83 140 146 52 73 117 76 74 72 116 74 72 73 112 132 52 109 125 149 87 75 143 112 54 65 106 65 71 87 70 52 35 18 0 18 35 52 70 88 71 54 38 23 14 23 38 54 71 91 75 60 45 33 28 33 45 59 75 97 82 67 55 46 42 46 55 67 81 104 90 77 66 59 56 59 66 76 89 112 99 88 79 73 70 72 78 87 98 122 110 99 91 86 84 86 91 98 108 132 121 112 105 100 98 99 104 110 119 143 133 124 118 114 112 113 117 123 131 154 145 137 131 127 126 127 130 135 143
75 125 74 63 73 131 157 76 115 136 163 98 90 146 156 67 66 126 75 59 70 124 77 57 77 121 143 58 105 130 158 94 81 148 120 68 70 116 67 57 104 87 70 52 35 18 0 18 35 52 105 88 71 54 38 23 14 23 38 54 108 91 75 59 45 33 28 33 45 59 113 97 81 67 55 46 42 46 54 67 119 104 90 77 66 59 56 59 66 76 126 112 99 88 78 72 70 72 78 87 134 121 109 99 91 86 84 85 90 98 144 131 121 111 104 99 98 99 103 110 154 142 132 124 117 113 112 113 116 122 164 154 144 137 131 127 125 126 130 135
76 135 82 49 78 142 169 77 115 144 173 108 100 153 167 83 63 137 79 46 72 134 83 44 84 132 155 68 105 138 169 104 89 156 130 83 79 128 73 45 122 104 87 70 52 35 18 0 18 35 122 105 88 71 54 38 23 14 23 38 125 108 91 75 59 45 33 28 33 45 129 112 97 81 67 55 46 42 45 54 134 118 104 89 77 66 59 56 58 65 140 126 112 99 87 78 72 70 72 77 148 134 121 109 99 91 85 83 85 90 156 143 131 120 111 104 99 97 99 103 166 153 142 132 123 117 113 111 112 116 176 164 153 144 136 130 126 125 126 129
81 146 93 38 87 153 181 82 117 153 185 120 112 162 178 99 65 149 86 37 79 145 93 35 94 144 168 80 107 147 181 116 100 165 141 99 90 141 82 38 139 122 104 87 70 52 35 18 0 18 140 122 105 88 71 54 38 23 14 23 142 125 108 91 75 59 45 33 28 33 145 129 112 97 81 67 54 45 42 45 150 134 118 103 89 76 66 58 55 58 156 140 126 112 99 87 78 72 69 71 162 148 134 121 109 98 90 85 83 85 170 156 143 131 120 110 103 99 97 98 179 165 153 141 131 123 116 112 110 112 188 175 163 153 143 135 130 126 124 125
90 159 106 32 97 166 194 90 121 164 197 133 125 173 191 116 71 162 95 35 88 157 104 34 106 157 182 94 112 157 193 129 112 175 154 115 103 154 94 38 156 139 122 104 87 70 52 35 18 0 157 140 122 105 88 71 54 38 23 14 159 142 125 108 91 75 59 45 33 28 162 145 129 112 96 81 67 54 45 42 166 150 134 118 103 89 76 65 58 55 171 155 140 125 111 98 87 77 71 69 177 162 148 134 120 108 98 90 85 83 184 170 156 143 130 119 110 103 98 96 192 178 165 152 141 131 122 116 112 110 201 187 175 163 152 143 135 129 125 124
122 101 92 160 107 98 109 125 153 121 120 85 87 129 112 48 132 94 115 153 118 99 102 151 98 91 93 86 148 120 115 87 93 131 97 53 90 83 102 150 15 23 38 54 71 88 105 122 140 157 0 18 35 52 70 87 104 122 139 156 15 23 38 54 71 88 105 122 140 157 29 34 45 60 75 91 108 125 142 159 43 47 55 68 82 97 113 129 145 162 58 60 67 77 90 104 119 134 150 166 72 74 80 88 99 112 126 140 156 171 86 88 93 100 110 122 134 148 162 177 100 102 106 112 121 132 144 156 170 184 115 116 119 125 133 143 154 166 179 192
107 96 79 142 93 94 109 110 141 115 120 76 76 123 112 33 116 90 101 136 103 94 88 134 85 86 93 71 135 113 115 77 81 126 91 38 76 78 87 132 23 15 23 38 54 71 88 105 122 140 18 0 18 35 52 70 87 104 122 139 23 15 23 38 54 71 88 105 122 140 34 29 34 45 60 75 91 108 125 142 47 43 46 55 67 82 97 112 129 145 60 57 60 67 77 90 104 118 134 150 74 72 73 79 88 99 112 126 140 155 88 86 87 92 100 110 121 134 148 162 102 100 101 105 112 121 131 143 156 170 116 114 115 119 125 133 142 153 165 178
94 93 67 125 80 94 112 96 129 112 122 70 68 120 114 20 101 89 88 119 89 92 77 117 73 85 96 57 122 109 117 70 70 123 88 26 64 77 74 115 38 23 15 23 38 54 71 88 105 122 35 18 0 18 35 52 70 87 104 122 38 23 15 23 38 54 71 88 105 122 45 34 29 34 45 60 75 91 108 125 55 46 43 46 55 67 81 97 112 129 67 60 57 60 67 77 90 104 118 134 80 73 71 73 79 88 99 112 126 140 93 87 85 87 92 99 109 121 134 148 106 101 99 101 105 112 121 131 143 156 119 115 114 115 118 124 132 142 153 165
81 94 59 108 69 96 118 84 119 111 127 68 64 120 119 19 86 92 76 102 76 92 67 100 64 87 102 45 111 107 122 67 63 123 89 24 55 80 62 99 54 38 23 15 23 38 54 71 88 105 52 35 18 0 18 35 52 70 87 104 54 38 23 15 23 38 54 71 88 105 60 45 34 29 33 45 59 75 91 108 68 55 46 43 46 55 67 81 97 112 77 67 60 57 59 66 77 89 103 118 88 79 73 71 73 79 88 99 112 125 100 92 87 85 87 91 99 109 121 134 112 105 101 99 100 105 111 120 131 143 125 119 115 113 114 118 124 132 141 152
71 98 54 91 61 102 126 73 111 112 133 71 65 122 126 30 72 97 67 85 66 96 61 83 59 92 111 38 102 108 128 69 60 125 93 32 50 86 54 82 71 54 38 23 15 23 38 54 71 88 70 52 35 18 0 18 35 52 70 87 71 54 38 23 15 23 38 54 71 88 75 60 45 33 29 33 45 59 75 91 82 67 55 46 43 46 55 67 81 96 90 77 67 59 57 59 66 77 89 103 99 88 79 73 71 73 78 87 99 111 110 100 92 87 85 86 91 99 109 120 121 112 105 100 99 100 104 111 120 130 133 125 118 114 113 114 117 123 131 141
64 105 55 74 58 110 136 66 105 117 142 77 70 126 134 46 61 105 62 68 59 103 60 66 59 100 121 38 96 111 137 74 62 129 99 46 51 95 51 65 88 71 54 38 23 14 23 38 54 71 87 70 52 35 18 0 18 35 52 70 88 71 54 38 23 14 23 38 54 71 91 75 60 45 33 28 33 45 59 75 97 82 67 55 46 42 46 55 67 81 104 90 77 66 59 56 59 66 76 89 112 99 88 79 73 70 72 78 87 98 122 110 99 91 86 84 86 91 98 108 132 121 112 105 100 98 99 104 110 119 143 133 124 118 114 112 113 117 123 131
61 114 62 58 60 120 147 62 101 123 152 86 79 133 145 62 53 115 62 52 56 112 64 50 64 110 133 46 92 118 147 83 68 136 108 62 58 106 53 50 105 88 71 54 38 23 14 23 38 54 104 87 70 52 35 18 0 18 35 52 105 88 71 54 38 23 14 23 38 54 108 91 75 59 45 33 28 33 45 59 113 97 81 67 55 46 42 46 54 67 119 104 90 77 66 59 56 59 66 76 126 112 99 88 78 72 70 72 78 87 134 121 109 99 91 86 84 85 90 98 144 131 121 111 104 99 98 99 103 110 154 142 132 124 117 113 112 113 116 122
63 125 71 42 66 131 159 64 101 132 163 98 90 141 156 79 49 127 66 37 59 123 71 35 72 122 146 58 91 126 159 94 78 144 119 78 68 118 61 35 122 105 88 71 54 38 23 14 23 38 122 104 87 70 52 35 18 0 18 35 122 105 88 71 54 38 23 14 23 38 125 108 91 75 59 45 33 28 33 45 129 112 97 81 67 55 46 42 45 54 134 118 104 89 77 66 59 56 58 65 140 126 112 99 87 78 72 70 72 77 148 134 121 109 99 91 85 83 85 90 156 143 131 120 111 104 99 97 99 103 166 153 142 132 123 117 113 111 112 116
69 137 84 27 76 144 172 69 103 142 175 111 103 151 169 96 52 140 74 25 67 135 82 23 84 135 159 72 93 136 171 107 90 154 132 95 81 132 72 25 140 122 105 88 71 54 38 23 14 23 139 122 104 87 70 52 35 18 0 18 140 122 105 88 71 54 38 23 14 23 142 125 108 91 75 59 45 33 28 33 145 129 112 97 81 67 54 45 42 45 150 134 118 103 89 76 66 58 55 58 156 140 126 112 99 87 78 72 69 71 162 148 134 121 109 98 90 85 83 85 170 156 143 131 120 110 103 99 97 98 179 165 153 141 131 123 116 112 110 112
79 150 98 18 88 158 186 78 108 154 188 125 117 162 182 113 60 154 85 21 77 149 95 21 97 149 174 87 99 147 185 121 104 165 145 111 96 146 85 25 157 140 122 105 88 71 54 38 23 14 156 139 122 104 87 70 52 35 18 0 157 140 122 105 88 71 54 38 23 14 159 142 125 108 91 75 59 45 33 28 162 145 129 112 96 81 67 54 45 42 166 150 134 118 103 89 76 65 58 55 171 155 140 125 111 98 87 77 71 69 177 162 148 134 120 108 98 90 85 83 184 170 156 143 130 119 110 103 98 96 192 178 165 152 141 131 122 116 112 110
116 88 85 159 100 85 94 118 144 108 106 74 77 115 98 45 127 81 108 152 111 86 94 150 91 78 79 81 139 108 101 77 85 118 85 48 83 70 95 148 29 34 45 60 75 91 108 125 142 159 15 23 38 54 71 88 105 122 140 157 0 18 35 52 70 87 104 122 139 156 15 23 38 54 71 88 105 122 140 157 29 34 45 60 75 91 108 125 142 159 43 47 55 68 82 97 113 129 145 162 58 60 67 77 90 104 119 134 150 166 72 74 80 88 99 112 126 140 156 171 86 88 93 100 110 122 134 148 162 177 100 102 106 112 121 132 144 156 170 184
100 82 70 141 85 80 95 103 131 102 106 64 64 110 98 28 111 76 93 135 96 80 80 133 76 72 79 64 125 100 100 65 71 112 78 31 67 64 80 131 34 29 34 45 60 75 91 108 125 142 23 15 23 38 54 71 88 105 122 140 18 0 18 35 52 70 87 104 122 139 23 15 23 38 54 71 88 105 122 140 34 29 34 45 60 75 91 108 125 142 47 43 46 55 67 82 97 112 129 145 60 57 60 67 77 90 104 118 134 150 74 72 73 79 88 99 112 126 140 155 88 86 87 92 100 110 121 134 148 162 102 100 101 105 112 121 131 143 156 170
85 79 57 124 71 80 99 88 119 98 108 57 55 106 100 11 95 75 79 117 80 77 66 115 63 70 83 49 112 95 103 57 59 109 74 15 54 63 65 114 45 34 29 34 45 60 75 91 108 125 38 23 15 23 38 54 71 88 105 122 35 18 0 18 35 52 70 87 104 122 38 23 15 23 38 54 71 88 105 122 45 34 29 34 45 60 75 91 108 125 55 46 43 46 55 67 81 97 112 129 67 60 57 60 67 77 90 104 118 134 80 73 71 73 79 88 99 112 126 140 93 87 85 87 92 99 109 121 134 148 106 101 99 101 105 112 121 131 143 156
71 80 46 107 58 83 105 74 107 97 113 54 50 106 106 8 79 78 66 100 66 78 55 98 52 73 90 34 100 93 108 53 50 109 75 10 42 66 52 96 60 45 34 29 33 45 59 75 91 108 54 38 23 15 23 38 54 71 88 105 52 35 18 0 18 35 52 70 87 104 54 38 23 15 23 38 54 71 88 105 60 45 34 29 33 45 59 75 91 108 68 55 46 43 46 55 67 81 97 112 77 67 60 57 59 66 77 89 103 118 88 79 73 71 73 79 88 99 112 125 100 92 87 85 87 91 99 109 121 134 112 105 101 99 100 105 111 120 131 143
59 85 40 90 49 89 114 62 98 99 121 57 51 108 113 25 64 85 55 83 54 83 48 81 46 79 99 25 90 94 116 55 46 111 79 24 36 74 41 79 75 60 45 33 29 33 45 59 75 91 71 54 38 23 15 23 38 54 71 88 70 52 35 18 0 18 35 52 70 87 71 54 38 23 15 23 38 54 71 88 75 60 45 33 29 33 45 59 75 91 82 67 55 46 43 46 55 67 81 96 90 77 67 59 57 59 66 77 89 103 99 88 79 73 71 73 78 87 99 111 110 100 92 87 85 86 91 99 109 120 121 112 105 100 99 100 104 111 120 130
51 93 42 72 44 98 125 53 91 104 130 65 57 113 123 42 50 94 49 66 45 91 46 64 45 89 111 25 82 98 126 62 49 116 87 41 38 84 37 62 91 75 60 45 33 28 33 45 59 75 88 71 54 38 23 14 23 38 54 71 87 70 52 35 18 0 18 35 52 70 88 71 54 38 23 14 23 38 54 71 91 75 60 45 33 28 33 45 59 75 97 82 67 55 46 42 46 55 67 81 104 90 77 66 59 56 59 66 76 89 112 99 88 79 73 70 72 78 87 98 122 110 99 91 86 84 86 91 98 108 132 121 112 105 100 98 99 104 110 119
47 103 50 55 46 109 137 48 88 111 141 76 68 121 134 60 40 105 48 48 42 101 51 46 51 100 124 36 78 105 137 72 57 123 98 58 47 96 40 45 108 91 75 59 45 33 28 33 45 59 105 88 71 54 38 23 14 23 38 54 104 87 70 52 35 18 0 18 35 52 105 88 71 54 38 23 14 23 38 54 108 91 75 59 45 33 28 33 45 59 113 97 81 67 55 46 42 46 54 67 119 104 90 77 66 59 56 59 66 76 126 112 99 88 78 72 70 72 78 87 134 121 109 99 91 86 84 85 90 98 144 131 121 111 104 99 98 99 103 110
49 115 62 38 54 122 150 50 87 121 153 89 81 130 147 77 35 118 53 31 46 113 60 29 62 113 137 50 77 114 149 85 68 132 110 75 59 110 50 28 125 108 91 75 59 45 33 28 33 45 122 105 88 71 54 38 23 14 23 38 122 104 87 70 52 35 18 0 18 35 122 105 88 71 54 38 23 14 23 38 125 108 91 75 59 45 33 28 33 45 129 112 97 81 67 55 46 42 45 54 134 118 104 89 77 66 59 56 58 65 140 126 112 99 87 78 72 70 72 77 148 134 121 109 99 91 85 83 85 90 156 143 131 120 111 104 99 97 99 103
57 128 76 21 66 136 164 57 90 132 166 103 95 140 160 94 39 132 63 15 56 127 73 13 75 127 152 66 80 125 163 99 82 143 123 92 74 125 63 13 142 125 108 91 75 59 45 33 28 33 140 122 105 88 71 54 38 23 14 23 139 122 104 87 70 52 35 18 0 18 140 122 105 88 71 54 38 23 14 23 142 125 108 91 75 59 45 33 28 33 145 129 112 97 81 67 54 45 42 45 150 134 118 103 89 76 66 58 55 58 156 140 126 112 99 87 78 72 69 71 162 148 134 121 109 98 90 85 83 85 170 156 143 131 120 110 103 99 97 98
69 142 91 5 79 150 178 68 96 144 180 118 110 152 174 112 49 146 76 9 68 141 87 9 89 142 167 83 87 137 177 114 97 155 137 110 89 140 78 13 159 142 125 108 91 75 59 45 33 28 157 140 122 105 88 71 54 38 23 14 156 139 122 104 87 70 52 35 18 0 157 140 122 105 88 71 54 38 23 14 159 142 125 108 91 75 59 45 33 28 162 145 129 112 96 81 67 54 45 42 166 150 134 118 103 89 76 65 58 55 171 155 140 125 111 98 87 77 71 69 177 162 148 134 120 108 98 90 85 83 184 170 156 143 130 119 110 103 98 96
111 76 79 159 95 71 80 113 136 96 92 65 68 103 84 47 124 68 103 152 107 74 88 150 84 65 65 78 132 96 87 68 78 105 72 48 78 58 91 148 43 47 55 68 82 97 113 129 145 162 29 34 45 60 75 91 108 125 142 159 15 23 38 54 71 88 105 122 140 157 0 18 35 52 70 87 104 122 139 156 15 23 38 54 71 88 105 122 140 157 29 34 45 60 75 91 108 125 142 159 43 47 55 68 82 97 113 129 145 162 58 60 67 77 90 104 119 134 150 166 72 74 80 88 99 112 126 140 156 171 86 88 93 100 110 122 134 148 162 177
94 68 63 142 79 66 81 97 122 88 92 52 54 96 83 30 107 62 87 135 90 67 72 133 69 58 65 61 117 87 86 54 62 99 64 31 61 51 74 131 47 43 46 55 67 82 97 112 129 145 34 29 34 45 60 75 91 108 125 142 23 15 23 38 54 71 88 105 122 140 18 0 18 35 52 70 87 104 122 139 23 15 23 38 54 71 88 105 122 140 34 29 34 45 60 75 91 108 125 142 47 43 46 55 67 82 97 112 129 145 60 57 60 67 77 90 104 118 134 150 74 72 73 79 88 99 112 126 140 155 88 86 87 92 100 110 121 134 148 162
78 65 48 124 63 66 85 81 109 84 95 43 43 92 86 16 90 61 71 117 74 63 57 116 54 56 69 44 103 81 89 44 48 95 60 14 45 49 58 113 55 46 43 46 55 67 81 97 112 129 45 34 29 34 45 60 75 91 108 125 38 23 15 23 38 54 71 88 105 122 35 18 0 18 35 52 70 87 104 122 38 23 15 23 38 54 71 88 105 122 45 34 29 34 45 60 75 91 108 125 55 46 43 46 55 67 81 97 112 129 67 60 57 60 67 77 90 104 118 134 80 73 71 73 79 88 99 112 126 140 93 87 85 87 92 99 109 121 134 148
63 66 35 107 48 69 93 66 96 83 100 40 36 92 93 14 74 65 56 100 58 65 44 98 41 60 78 27 90 79 96 39 37 95 61 8 31 53 43 96 68 55 46 43 46 55 67 81 97 112 60 45 34 29 33 45 59 75 91 108 54 38 23 15 23 38 54 71 88 105 52 35 18 0 18 35 52 70 87 104 54 38 23 15 23 38 54 71 88 105 60 45 34 29 33 45 59 75 91 108 68 55 46 43 46 55 67 81 97 112 77 67 60 57 59 66 77 89 103 118 88 79 73 71 73 79 88 99 112 125 100 92 87 85 87 91 99 109 121 134
49 72 27 90 36 77 103 52 86 85 109 44 38 95 102 28 57 72 44 83 44 70 34 81 32 67 89 12 79 80 104 42 32 98 67 23 22 62 30 79 82 67 55 46 43 46 55 67 81 96 75 60 45 33 29 33 45 59 75 91 71 54 38 23 15 23 38 54 71 88 70 52 35 18 0 18 35 52 70 87 71 54 38 23 15 23 38 54 71 88 75 60 45 33 29 33 45 59 75 91 82 67 55 46 43 46 55 67 81 96 90 77 67 59 57 59 66 77 89 103 99 88 79 73 71 73 78 87 99 111 110 100 92 87 85 86 91 99 109 120
38 81 29 73 30 87 115 41 78 91 119 54 46 100 113 44 42 83 35 66 33 80 32 64 32 78 101 14 70 85 115 50 36 103 76 40 25 74 23 61 97 82 67 55 46 42 46 55 67 81 91 75 60 45 33 28 33 45 59 75 88 71 54 38 23 14 23 38 54 71 87 70 52 35 18 0 18 35 52 70 88 71 54 38 23 14 23 38 54 71 91 75 60 45 33 28 33 45 59 75 97 82 67 55 46 42 46 55 67 81 104 90 77 66 59 56 59 66 76 89 112 99 88 79 73 70 72 78 87 98 122 110 99 91 86 84 86 91 98 108
33 93 40 56 33 100 128 35 74 99 131 67 58 109 125 61 28 96 34 49 29 91 39 47 40 91 115 29 64 93 127 63 46 111 87 58 37 88 28 44 113 97 81 67 55 46 42 46 54 67 108 91 75 59 45 33 28 33 45 59 105 88 71 54 38 23 14 23 38 54 104 87 70 52 35 18 0 18 35 52 105 88 71 54 38 23 14 23 38 54 108 91 75 59 45 33 28 33 45 59 113 97 81 67 55 46 42 46 54 67 119 104 90 77 66 59 56 59 66 76 126 112 99 88 78 72 70 72 78 87 134 121 109 99 91 86 84 85 90 98
36 106 54 39 44 113 142 37 73 110 144 81 73 119 138 78 22 110 41 31 34 104 51 30 53 105 130 46 63 103 140 77 60 121 101 75 52 103 41 27 129 112 97 81 67 55 46 42 45 54 125 108 91 75 59 45 33 28 33 45 122 105 88 71 54 38 23 14 23 38 122 104 87 70 52 35 18 0 18 35 122 105 88 71 54 38 23 14 23 38 125 108 91 75 59 45 33 28 33 45 129 112 97 81 67 55 46 42 45 54 134 118 104 89 77 66 59 56 58 65 140 126 112 99 87 78 72 70 72 77 148 134 121 109 99 91 85 83 85 90
47 120 69 22 58 128 156 46 77 122 158 97 88 130 152 95 27 124 54 15 46 119 65 14 68 120 145 63 67 115 155 92 75 133 115 92 68 118 56 11 145 129 112 97 81 67 54 45 42 45 142 125 108 91 75 59 45 33 28 33 140 122 105 88 71 54 38 23 14 23 139 122 104 87 70 52 35 18 0 18 140 122 105 88 71 54 38 23 14 23 142 125 108 91 75 59 45 33 28 33 145 129 112 97 81 67 54 45 42 45 150 134 118 103 89 76 66 58 55 58 156 140 126 112 99 87 78 72 69 71 162 148 134 121 109 98 90 85 83 85
60 135 86 10 73 143 171 59 84 135 172 113 104 143 167 112 40 140 68 9 61 134 81 11 83 136 161 80 75 129 169 108 91 146 130 109 85 134 72 10 162 145 129 112 96 81 67 54 45 42 159 142 125 108 91 75 59 45 33 28 157 140 122 105 88 71 54 38 23 14 156 139 122 104 87 70 52 35 18 0 157 140 122 105 88 71 54 38 23 14 159 142 125 108 91 75 59 45 33 28 162 145 129 112 96 81 67 54 45 42 166 150 134 118 103 89 76 65 58 55 171 155 140 125 111 98 87 77 71 69 177 162 148 134 120 108 98 90 85 83
107 64 76 160 91 59 66 110 129 84 78 57 62 90 70 52 122 56 99 153 104 62 84 152 80 53 51 78 126 84 72 61 73 92 61 52 75 46 88 149 58 60 67 77 90 104 119 134 150 166 43 47 55 68 82 97 113 129 145 162 29 34 45 60 75 91 108 125 142 159 15 23 38 54 71 88 105 122 140 157 0 18 35 52 70 87 104 122 139 156 15 23 38 54 71 88 105 122 140 157 29 34 45 60 75 91 108 125 142 159 43 47 55 68 82 97 113 129 145 162 58 60 67 77 90 104 119 134 150 166 72 74 80 88 99 112 126 140 156 171
90 55 59 143 74 52 67 93 114 75 77 42 46 83 69 38 105 48 82 136 87 53 67 134 64 45 51 60 110 74 72 45 56 85 51 36 58 37 71 132 60 57 60 67 77 90 104 118 134 150 47 43 46 55 67 82 97 112 129 145 34 29 34 45 60 75 91 108 125 142 23 15 23 38 54 71 88 105 122 140 18 0 18 35 52 70 87 104 122 139 23 15 23 38 54 71 88 105 122 140 34 29 34 45 60 75 91 108 125 142 47 43 46 55 67 82 97 112 129 145 60 57 60 67 77 90 104 118 134 150 74 72 73 79 88 99 112 126 140 155
74 51 42 126 58 52 72 76 100 70 81 31 32 78 73 28 88 47 66 119 70 49 51 117 47 42 57 43 95 67 76 32 40 81 46 24 41 35 54 115 67 60 57 60 67 77 90 104 118 134 55 46 43 46 55 67 81 97 112 129 45 34 29 34 45 60 75 91 108 125 38 23 15 23 38 54 71 88 105 122 35 18 0 18 35 52 70 87 104 122 38 23 15 23 38 54 71 88 105 122 45 34 29 34 45 60 75 91 108 125 55 46 43 46 55 67 81 97 112 129 67 60 57 60 67 77 90 104 118 134 80 73 71 73 79 88 99 112 126 140
57 53 26 109 41 56 81 60 86 69 88 26 22 78 80 27 71 52 49 102 53 51 35 100 31 47 67 26 81 65 83 25 26 81 47 21 24 41 37 98 77 67 60 57 59 66 77 89 103 118 68 55 46 43 46 55 67 81 97 112 60 45 34 29 33 45 59 75 91 108 54 38 23 15 23 38 54 71 88 105 52 35 18 0 18 35 52 70 87 104 54 38 23 15 23 38 54 71 88 105 60 45 34 29 33 45 59 75 91 108 68 55 46 43 46 55 67 81 97 112 77 67 60 57 59 66 77 89 103 118 88 79 73 71 73 79 88 99 112 125
41 60 13 92 26 66 93 44 75 72 97 32 25 81 91 36 54 61 34 85 37 58 22 84 19 56 79 10 68 66 93 29 18 84 54 30 9 52 21 81 90 77 67 59 57 59 66 77 89 103 82 67 55 46 43 46 55 67 81 96 75 60 45 33 29 33 45 59 75 91 71 54 38 23 15 23 38 54 71 88 70 52 35 18 0 18 35 52 70 87 71 54 38 23 15 23 38 54 71 88 75 60 45 33 29 33 45 59 75 91 82 67 55 46 43 46 55 67 81 96 90 77 67 59 57 59 66 77 89 103 99 88 79 73 71 73 78 87 99 111
27 70 17 76 16 78 106 30 65 78 109 45 36 88 103 49 37 74 22 69 22 69 18 67 19 69 93 11 57 72 105 40 24 91 65 45 15 66 9 64 104 90 77 66 59 56 59 66 76 89 97 82 67 55 46 42 46 55 67 81 91 75 60 45 33 28 33 45 59 75 88 71 54 38 23 14 23 38 54 71 87 70 52 35 18 0 18 35 52 70 88 71 54 38 23 14 23 38 54 71 91 75 60 45 33 28 33 45 59 75 97 82 67 55 46 42 46 55 67 81 104 90 77 66 59 56 59 66 76 89 112 99 88 79 73 70 72 78 87 98
19 83 32 60 22 91 120 21 60 88 122 60 51 97 116 65 20 88 21 52 15 82 28 51 31 83 108 28 51 82 118 55 38 100 79 61 31 81 19 48 119 104 90 77 66 59 56 59 66 76 113 97 81 67 55 46 42 46 54 67 108 91 75 59 45 33 28 33 45 59 105 88 71 54 38 23 14 23 38 54 104 87 70 52 35 18 0 18 35 52 105 88 71 54 38 23 14 23 38 54 108 91 75 59 45 33 28 33 45 59 113 97 81 67 55 46 42 46 54 67 119 104 90 77 66 59 56 59 66 76 126 112 99 88 78 72 70 72 78 87
25 98 49 44 36 106 134 25 59 100 136 76 67 108 130 81 8 103 31 37 24 97 43 36 46 99 124 45 50 93 133 71 54 111 93 77 48 97 35 33 134 118 104 89 77 66 59 56 58 65 129 112 97 81 67 55 46 42 45 54 125 108 91 75 59 45 33 28 33 45 122 105 88 71 54 38 23 14 23 38 122 104 87 70 52 35 18 0 18 35 122 105 88 71 54 38 23 14 23 38 125 108 91 75 59 45 33 28 33 45 129 112 97 81 67 55 46 42 45 54 134 118 104 89 77 66 59 56 58 65 140 126 112 99 87 78 72 70 72 77
38 113 66 31 52 122 150 37 64 113 150 92 84 121 145 98 19 118 46 25 39 112 60 25 63 115 140 62 54 107 147 88 71 124 109 94 65 113 52 21 150 134 118 103 89 76 66 58 55 58 145 129 112 97 81 67 54 45 42 45 142 125 108 91 75 59 45 33 28 33 140 122 105 88 71 54 38 23 14 23 139 122 104 87 70 52 35 18 0 18 140 122 105 88 71 54 38 23 14 23 142 125 108 91 75 59 45 33 28 33 145 129 112 97 81 67 54 45 42 45 150 134 118 103 89 76 66 58 55 58 156 140 126 112 99 87 78 72 69 71
54 129 83 24 69 138 166 53 72 128 165 109 101 135 161 114 35 134 62 22 56 128 76 23 80 131 156 80 64 121 163 104 87 137 125 111 83 130 69 21 166 150 134 118 103 89 76 65 58 55 162 145 129 112 96 81 67 54 45 42 159 142 125 108 91 75 59 45 33 28 157 140 122 105 88 71 54 38 23 14 156 139 122 104 87 70 52 35 18 0 157 140 122 105 88 71 54 38 23 14 159 142 125 108 91 75 59 45 33 28 162 145 129 112 96 81 67 54 45 42 166 150 134 118 103 89 76 65 58 55 171 155 140 125 111 98 87 77 71 69
106 53 75 163 90 47 52 108 123 73 64 52 59 78 56 60 122 44 97 156 103 52 82 154 79 43 37 80 121 74 58 56 71 80 51 59 75 37 88 151 72 74 80 88 99 112 126 140 156 171 58 60 67 77 90 104 119 134 150 166 43 47 55 68 82 97 113 129 145 162 29 34 45 60 75 91 108 125 142 159 15 23 38 54 71 88 105 122 140 157 0 18 35 52 70 87 104 122 139 156 15 23 38 54 71 88 105 122 140 157 29 34 45 60 75 91 108 125 142 159 43 47 55 68 82 97 113 129 145 162 58 60 67 77 90 104 119 134 150 166
89 42 58 146 73 39 53 91 107 63 63 35 42 69 55 49 105 35 80 139 86 41 65 137 62 32 37 63 105 62 58 39 54 72 39 46 58 24 71 135 74 72 73 79 88 99 112 126 140 155 60 57 60 67 77 90 104 118 134 150 47 43 46 55 67 82 97 112 129 145 34 29 34 45 60 75 91 108 125 142 23 15 23 38 54 71 88 105 122 140 18 0 18 35 52 70 87 104 122 139 23 15 23 38 54 71 88 105 122 140 34 29 34 45 60 75 91 108 125 142 47 43 46 55 67 82 97 112 129 145 60 57 60 67 77 90 104 118 134 150
71 37 40 130 55 38 60 74 92 56 68 20 25 64 60 41 88 33 63 122 68 35 48 121 44 28 45 47 89 54 63 23 37 67 32 37 40 21 54 118 80 73 71 73 79 88 99 112 126 140 67 60 57 60 67 77 90 104 118 134 55 46 43 46 55 67 81 97 112 129 45 34 29 34 45 60 75 91 108 125 38 23 15 23 38 54 71 88 105 122 35 18 0 18 35 52 70 87 104 122 38 23 15 23 38 54 71 88 105 122 45 34 29 34 45 60 75 91 108 125 55 46 43 46 55 67 81 97 112 129 67 60 57 60 67 77 90 104 118 134
54 39 23 113 38 44 70 56 77 54 76 12 10 64 69 41 71 39 46 106 51 38 31 104 27 34 57 32 73 51 71 11 19 67 34 35 24 30 37 101 88 79 73 71 73 79 88 99 112 125 77 67 60 57 59 66 77 89 103 118 68 55 46 43 46 55 67 81 97 112 60 45 34 29 33 45 59 75 91 108 54 38 23 15 23 38 54 71 88 105 52 35 18 0 18 35 52 70 87 104 54 38 23 15 23 38 54 71 88 105 60 45 34 29 33 45 59 75 91 108 68 55 46 43 46 55 67 81 97 112 77 67 60 57 59 66 77 89 103 118
37 48 6 97 21 55 83 39 64 58 87 23 14 68 80 47 53 51 29 90 34 47 14 88 10 47 71 21 58 53 83 18 4 71 43 41 9 44 20 85 99 88 79 73 71 73 78 87 99 111 90 77 67 59 57 59 66 77 89 103 82 67 55 46 43 46 55 67 81 96 75 60 45 33 29 33 45 59 75 91 71 54 38 23 15 23 38 54 71 88 70 52 35 18 0 18 35 52 70 87 71 54 38 23 15 23 38 54 71 88 75 60 45 33 29 33 45 59 75 91 82 67 55 46 43 46 55 67 81 96 90 77 67 59 57 59 66 77 89 103
20 61 13 81 4 69 98 22 53 67 100 38 30 76 94 58 36 66 12 74 16 60 6 73 9 61 87 22 46 60 96 34 17 79 57 52 15 60 6 69 112 99 88 79 73 70 72 78 87 98 104 90 77 66 59 56 59 66 76 89 97 82 67 55 46 42 46 55 67 81 91 75 60 45 33 28 33 45 59 75 88 71 54 38 23 14 23 38 54 71 87 70 52 35 18 0 18 35 52 70 88 71 54 38 23 14 23 38 54 71 91 75 60 45 33 28 33 45 59 75 97 82 67 55 46 42 46 55 67 81 104 90 77 66 59 56 59 66 76 89
5 76 30 66 15 84 113 8 47 78 114 55 47 86 109 72 20 81 9 59 2 75 23 58 26 77 103 34 37 71 111 51 34 89 72 67 31 76 18 55 126 112 99 88 78 72 70 72 78 87 119 104 90 77 66 59 56 59 66 76 113 97 81 67 55 46 42 46 54 67 108 91 75 59 45 33 28 33 45 59 105 88 71 54 38 23 14 23 38 54 104 87 70 52 35 18 0 18 35 52 105 88 71 54 38 23 14 23 38 54 108 91 75 59 45 33 28 33 45 59 113 97 81 67 55 46 42 46 54 67 119 104 90 77 66 59 56 59 66 76
17 91 47 53 32 100 128 15 46 91 128 72 64 99 124 86 7 97 25 46 19 91 40 46 43 94 119 49 36 84 126 68 51 101 87 82 48 93 35 42 140 126 112 99 87 78 72 70 72 77 134 118 104 89 77 66 59 56 58 65 129 112 97 81 67 55 46 42 45 54 125 108 91 75 59 45 33 28 33 45 122 105 88 71 54 38 23 14 23 38 122 104 87 70 52 35 18 0 18 35 122 105 88 71 54 38 23 14 23 38 125 108 91 75 59 45 33 28 33 45 129 112 97 81 67 55 46 42 45 54 134 118 104 89 77 66 59 56 58 65
34 107 65 43 49 117 144 32 51 106 144 89 82 113 140 102 18 114 42 37 36 107 57 38 61 110 136 65 42 99 141 85 69 115 104 98 65 110 52 34 156 140 126 112 99 87 78 72 69 71 150 134 118 103 89 76 66 58 55 58 145 129 112 97 81 67 54 45 42 45 142 125 108 91 75 59 45 33 28 33 140 122 105 88 71 54 38 23 14 23 139 122 104 87 70 52 35 18 0 18 140 122 105 88 71 54 38 23 14 23 142 125 108 91 75 59 45 33 28 33 145 129 112 97 81 67 54 45 42 45 150 134 118 103 89 76 66 58 55 58
51 124 82 38 67 133 161 49 61 121 159 107 99 128 156 118 35 130 60 35 54 123 74 36 78 127 152 82 54 114 157 102 86 130 120 114 82 127 69 34 171 155 140 125 111 98 87 77 71 69 166 150 134 118 103 89 76 65 58 55 162 145 129 112 96 81 67 54 45 42 159 142 125 108 91 75 59 45 33 28 157 140 122 105 88 71 54 38 23 14 156 139 122 104 87 70 52 35 18 0 157 140 122 105 88 71 54 38 23 14 159 142 125 108 91 75 59 45 33 28 162 145 129 112 96 81 67 54 45 42 166 150 134 118 103 89 76 65 58 55
106 44 77 167 91 36 37 108 119 63 50 51 59 67 42 71 124 35 98 160 104 43 83 158 80 35 23 84 118 65 44 55 72 69 44 68 77 32 90 155 86 88 93 100 110 122 134 148 162 177 72 74 80 88 99 112 126 140 156 171 58 60 67 77 90 104 119 134 150 166 43 47 55 68 82 97 113 129 145 162 29 34 45 60 75 91 108 125 142 159 15 23 38 54 71 88 105 122 140 157 0 18 35 52 70 87 104 122 139 156 15 23 38 54 71 88 105 122 140 157 29 34 45 60 75 91 108 125 142 159 43 47 55 68 82 97 113 129 145 162
89 31 60 150 74 25 40 91 102 51 49 34 41 57 41 61 107 22 80 143 87 29 66 142 63 20 24 69 101 52 44 38 55 59 29 57 61 15 73 139 88 86 87 92 100 110 121 134 148 162 74 72 73 79 88 99 112 126 140 155 60 57 60 67 77 90 104 118 134 150 47 43 46 55 67 82 97 112 129 145 34 29 34 45 60 75 91 108 125 142 23 15 23 38 54 71 88 105 122 140 18 0 18 35 52 70 87 104 122 139 23 15 23 38 54 71 88 105 122 140 34 29 34 45 60 75 91 108 125 142 47 43 46 55 67 82 97 112 129 145
72 23 43 134 57 24 48 74 86 42 55 16 25 50 47 55 90 19 63 127 70 21 49 126 46 14 35 54 84 41 50 21 38 53 18 50 45 7 57 122 93 87 85 87 92 99 109 121 134 148 80 73 71 73 79 88 99 112 126 140 67 60 57 60 67 77 90 104 118 134 55 46 43 46 55 67 81 97 112 129 45 34 29 34 45 60 75 91 108 125 38 23 15 23 38 54 71 88 105 122 35 18 0 18 35 52 70 87 104 122 38 23 15 23 38 54 71 88 105 122 45 34 29 34 45 60 75 91 108 125 55 46 43 46 55 67 81 97 112 129
55 27 28 119 40 33 61 57 70 40 65 4 10 50 58 55 73 29 46 111 53 25 32 110 29 24 49 42 67 37 61 5 22 53 21 49 31 23 41 107 100 92 87 85 87 91 99 109 121 134 88 79 73 71 73 79 88 99 112 125 77 67 60 57 59 66 77 89 103 118 68 55 46 43 46 55 67 81 97 112 60 45 34 29 33 45 59 75 91 108 54 38 23 15 23 38 54 71 88 105 52 35 18 0 18 35 52 70 87 104 54 38 23 15 23 38 54 71 88 105 60 45 34 29 33 45 59 75 91 108 68 55 46 43 46 55 67 81 97 112
38 39 18 103 24 47 76 40 55 46 77 20 14 55 72 59 57 44 29 96 36 38 17 95 15 40 65 35 51 40 74 15 11 58 34 53 22 40 27 91 110 100 92 87 85 86 91 99 109 120 99 88 79 73 71 73 78 87 99 111 90 77 67 59 57 59 66 77 89 103 82 67 55 46 43 46 55 67 81 96 75 60 45 33 29 33 45 59 75 91 71 54 38 23 15 23 38 54 71 88 70 52 35 18 0 18 35 52 70 87 71 54 38 23 15 23 38 54 71 88 75 60 45 33 29 33 45 59 75 91 82 67 55 46 43 46 55 67 81 96
21 54 21 89 13 63 91 23 42 56 91 37 30 65 87 68 41 60 14 81 22 53 12 81 15 57 82 35 36 49 89 32 20 67 50 62 25 57 20 77 122 110 99 91 86 84 86 91 98 108 112 99 88 79 73 70 72 78 87 98 104 90 77 66 59 56 59 66 76 89 97 82 67 55 46 42 46 55 67 81 91 75 60 45 33 28 33 45 59 75 88 71 54 38 23 14 23 38 54 71 87 70 52 35 18 0 18 35 52 70 88 71 54 38 23 14 23 38 54 71 91 75 60 45 33 28 33 45 59 75 97 82 67 55 46 42 46 55 67 81
10 70 34 75 19 79 107 9 33 69 107 54 47 77 102 80 28 77 12 68 14 70 25 68 29 73 99 43 25 62 104 50 35 79 67 75 37 74 26 64 134 121 109 99 91 86 84 85 90 98 126 112 99 88 78 72 70 72 78 87 119 104 90 77 66 59 56 59 66 76 113 97 81 67 55 46 42 46 54 67 108 91 75 59 45 33 28 33 45 59 105 88 71 54 38 23 14 23 38 54 104 87 70 52 35 18 0 18 35 52 105 88 71 54 38 23 14 23 38 54 108 91 75 59 45 33 28 33 45 59 113 97 81 67 55 46 42 46 54 67
19 87 50 63 34 96 123 16 32 84 122 71 64 91 118 94 21 94 26 57 24 86 41 57 45 91 116 56 22 77 120 67 52 93 83 89 52 91 39 54 148 134 121 109 99 91 85 83 85 90 140 126 112 99 87 78 72 70 72 77 134 118 104 89 77 66 59 56 58 65 129 112 97 81 67 55 46 42 45 54 125 108 91 75 59 45 33 28 33 45 122 105 88 71 54 38 23 14 23 38 122 104 87 70 52 35 18 0 18 35 122 105 88 71 54 38 23 14 23 38 125 108 91 75 59 45 33 28 33 45 129 112 97 81 67 55 46 42 45 54
35 104 67 55 51 113 140 32 40 99 138 89 82 106 135 108 27 111 43 50 39 103 58 51 62 108 133 70 32 93 136 84 69 108 100 103 68 108 55 47 162 148 134 121 109 98 90 85 83 85 156 140 126 112 99 87 78 72 69 71 150 134 118 103 89 76 66 58 55 58 145 129 112 97 81 67 54 45 42 45 142 125 108 91 75 59 45 33 28 33 140 122 105 88 71 54 38 23 14 23 139 122 104 87 70 52 35 18 0 18 140 122 105 88 71 54 38 23 14 23 142 125 108 91 75 59 45 33 28 33 145 129 112 97 81 67 54 45 42 45
52 121 84 51 68 130 157 49 52 115 155 106 99 121 151 124 40 128 60 49 55 120 75 50 79 125 150 86 46 109 153 101 86 123 118 119 85 126 71 47 177 162 148 134 120 108 98 90 85 83 171 155 140 125 111 98 87 77 71 69 166 150 134 118 103 89 76 65 58 55 162 145 129 112 96 81 67 54 45 42 159 142 125 108 91 75 59 45 33 28 157 140 122 105 88 71 54 38 23 14 156 139 122 104 87 70 52 35 18 0 157 140 122 105 88 71 54 38 23 14 159 142 125 108 91 75 59 45 33 28 162 145 129 112 96 81 67 54 45 42
108 39 81 172 94 30 23 110 116 55 36 54 62 57 28 82 127 30 100 164 107 39 86 163 83 33 11 91 116 58 31 58 75 59 40 79 82 32 94 160 100 102 106 112 121 132 144 156 170 184 86 88 93 100 110 122 134 148 162 177 72 74 80 88 99 112 126 140 156 171 58 60 67 77 90 104 119 134 150 166 43 47 55 68 82 97 113 129 145 162 29 34 45 60 75 91 108 125 142 159 15 23 38 54 71 88 105 122 140 157 0 18 35 52 70 87 104 122 139 156 15 23 38 54 71 88 105 122 140 157 29 34 45 60 75 91 108 125 142 159
91 22 65 156 77 14 27 93 99 40 35 38 46 45 27 74 111 13 83 149 90 22 70 147 67 15 12 77 99 43 30 42 59 47 23 69 67 16 78 144 102 100 101 105 112 121 131 143 156 170 88 86 87 92 100 110 121 134 148 162 74 72 73 79 88 99 112 126 140 155 60 57 60 67 77 90 104 118 134 150 47 43 46 55 67 82 97 112 129 145 34 29 34 45 60 75 91 108 125 142 23 15 23 38 54 71 88 105 122 140 18 0 18 35 52 70 87 104 122 139 23 15 23 38 54 71 88 105 122 140 34 29 34 45 60 75 91 108 125 142
75 9 51 140 61 11 39 77 82 29 43 23 32 37 36 69 94 7 67 133 74 7 54 132 51 3 28 64 82 29 39 27 44 39 7 64 53 10 63 128 106 101 99 101 105 112 121 131 143 156 93 87 85 87 92 99 109 121 134 148 80 73 71 73 79 88 99 112 126 140 67 60 57 60 67 77 90 104 118 134 55 46 43 46 55 67 81 97 112 129 45 34 29 34 45 60 75 91 108 125 38 23 15 23 38 54 71 88 105 122 35 18 0 18 35 52 70 87 104 122 38 23 15 23 38 54 71 88 105 122 45 34 29 34 45 60 75 91 108 125
59 17 38 125 46 26 54 60 65 26 55 17 22 36 50 69 78 23 51 118 58 16 39 117 37 20 45 54 64 22 52 19 31 39 13 63 42 23 49 113 112 105 101 99 100 105 111 120 131 143 100 92 87 85 87 91 99 109 121 134 88 79 73 71 73 79 88 99 112 125 77 67 60 57 59 66 77 89 103 118 68 55 46 43 46 55 67 81 97 112 60 45 34 29 33 45 59 75 91 108 54 38 23 15 23 38 54 71 88 105 52 35 18 0 18 35 52 70 87 104 54 38 23 15 23 38 54 71 88 105 60 45 34 29 33 45 59 75 91 108
43 33 31 111 34 42 70 45 49 34 69 26 24 43 65 72 63 40 36 104 44 33 28 103 28 38 62 48 47 27 67 23 25 46 30 66 35 40 39 99 121 112 105 100 99 100 104 111 120 130 110 100 92 87 85 86 91 99 109 120 99 88 79 73 71 73 78 87 99 111 90 77 67 59 57 59 66 77 89 103 82 67 55 46 43 46 55 67 81 96 75 60 45 33 29 33 45 59 75 91 71 54 38 23 15 23 38 54 71 88 70 52 35 18 0 18 35 52 70 87 71 54 38 23 15 23 38 54 71 88 75 60 45 33 29 33 45 59 75 91
30 50 33 97 27 59 86 31 33 47 85 40 36 55 81 80 50 57 25 90 32 50 25 90 28 55 79 49 30 40 83 37 30 57 47 74 37 57 34 86 132 121 112 105 100 98 99 104 110 119 122 110 99 91 86 84 86 91 98 108 112 99 88 79 73 70 72 78 87 98 104 90 77 66 59 56 59 66 76 89 97 82 67 55 46 42 46 55 67 81 91 75 60 45 33 28 33 45 59 75 88 71 54 38 23 14 23 38 54 71 87 70 52 35 18 0 18 35 52 70 88 71 54 38 23 14 23 38 54 71 91 75 60 45 33 28 33 45 59 75
24 67 43 85 30 77 103 22 20 62 101 57 51 69 98 90 39 75 24 79 28 67 33 78 37 72 97 55 14 55 99 53 42 71 65 84 46 74 37 75 144 131 121 111 104 99 98 99 103 110 134 121 109 99 91 86 84 85 90 98 126 112 99 88 78 72 70 72 78 87 119 104 90 77 66 59 56 59 66 76 113 97 81 67 55 46 42 46 54 67 108 91 75 59 45 33 28 33 45 59 105 88 71 54 38 23 14 23 38 54 104 87 70 52 35 18 0 18 35 52 105 88 71 54 38 23 14 23 38 54 108 91 75 59 45 33 28 33 45 59
29 84 56 75 42 94 120 26 19 78 117 73 67 84 114 102 35 92 34 69 34 84 47 70 50 90 114 65 10 72 116 69 57 86 82 97 59 91 48 66 156 143 131 120 111 104 99 97 99 103 148 134 121 109 99 91 85 83 85 90 140 126 112 99 87 78 72 70 72 77 134 118 104 89 77 66 59 56 58 65 129 112 97 81 67 55 46 42 45 54 125 108 91 75 59 45 33 28 33 45 122 105 88 71 54 38 23 14 23 38 122 104 87 70 52 35 18 0 18 35 122 105 88 71 54 38 23 14 23 38 125 108 91 75 59 45 33 28 33 45
41 102 71 68 56 111 137 38 30 95 134 90 84 100 131 116 38 109 48 64 46 101 62 64 66 107 131 78 25 88 133 86 73 102 99 111 73 109 61 61 170 156 143 131 120 110 103 99 97 98 162 148 134 121 109 98 90 85 83 85 156 140 126 112 99 87 78 72 69 71 150 134 118 103 89 76 66 58 55 58 145 129 112 97 81 67 54 45 42 45 142 125 108 91 75 59 45 33 28 33 140 122 105 88 71 54 38 23 14 23 139 122 104 87 70 52 35 18 0 18 140 122 105 88 71 54 38 23 14 23 142 125 108 91 75 59 45 33 28 33
56 119 87 65 72 128 154 53 45 111 151 107 101 117 148 130 49 127 64 62 60 119 78 64 82 124 149 92 42 105 150 103 89 118 116 125 89 126 76 61 184 170 156 143 130 119 110 103 98 96 177 162 148 134 120 108 98 90 85 83 171 155 140 125 111 98 87 77 71 69 166 150 134 118 103 89 76 65 58 55 162 145 129 112 96 81 67 54 45 42 159 142 125 108 91 75 59 45 33 28 157 140 122 105 88 71 54 38 23 14 156 139 122 104 87 70 52 35 18 0 157 140 122 105 88 71 54 38 23 14 159 142 125 108 91 75 59 45 33 28
112 39 87 178 99 29 9 114 115 50 22 60 68 50 16 94 132 32 104 170 111 39 91 169 89 36 11 99 116 54 18 64 81 51 42 90 89 39 100 166 115 116 119 125 133 143 154 166 179 192 100 102 106 112 121 132 144 156 170 184 86 88 93 100 110 122 134 148 162 177 72 74 80 88 99 112 126 140 156 171 58 60 67 77 90 104 119 134 150 166 43 47 55 68 82 97 113 129 145 162 29 34 45 60 75 91 108 125 142 159 15 23 38 54 71 88 105 122 140 157 0 18 35 52 70 87 104 122 139 156 15 23 38 54 71 88 105 122 140 157
96 22 73 162 83 13 16 98 97 33 22 46 54 35 14 87 116 17 88 155 95 22 76 154 74 22 12 86 99 37 17 50 66 36 26 82 75 27 85 150 116 114 115 119 125 133 142 153 165 178 102 100 101 105 112 121 131 143 156 170 88 86 87 92 100 110 121 134 148 162 74 72 73 79 88 99 112 126 140 155 60 57 60 67 77 90 104 118 134 150 47 43 46 55 67 82 97 112 129 145 34 29 34 45 60 75 91 108 125 142 23 15 23 38 54 71 88 105 122 140 18 0 18 35 52 70 87 104 122 139 23 15 23 38 54 71 88 105 122 140
80 7 60 147 69 9 33 82 80 18 33 35 43 24 28 83 100 12 73 140 80 9 62 139 60 16 28 75 81 21 30 38 53 26 13 78 63 23 72 136 119 115 114 115 118 124 132 142 153 165 106 101 99 101 105 112 121 131 143 156 93 87 85 87 92 99 109 121 134 148 80 73 71 73 79 88 99 112 126 140 67 60 57 60 67 77 90 104 118 134 55 46 43 46 55 67 81 97 112 129 45 34 29 34 45 60 75 91 108 125 38 23 15 23 38 54 71 88 105 122 35 18 0 18 35 52 70 87 104 122 38 23 15 23 38 54 71 88 105 122
66 16 50 133 56 25 50 67 63 13 48 31 36 22 44 83 85 25 58 126 66 17 49 125 48 25 45 67 64 8 45 33 43 25 17 77 54 31 60 121 125 119 115 113 114 118 124 132 141 152 112 105 101 99 100 105 111 120 131 143 100 92 87 85 87 91 99 109 121 134 88 79 73 71 73 79 88 99 112 125 77 67 60 57 59 66 77 89 103 118 68 55 46 43 46 55 67 81 97 112 60 45 34 29 33 45 59 75 91 108 54 38 23 15 23 38 54 71 88 105 52 35 18 0 18 35 52 70 87 104 54 38 23 15 23 38 54 71 88 105
52 33 45 119 46 42 67 53 46 25 64 37 37 32 61 86 72 41 46 113 54 33 41 112 41 41 62 62 47 18 62 35 39 35 32 80 49 45 51 108 133 125 118 114 113 114 117 123 131 141 121 112 105 100 99 100 104 111 120 130 110 100 92 87 85 86 91 99 109 120 99 88 79 73 71 73 78 87 99 111 90 77 67 59 57 59 66 77 89 103 82 67 55 46 43 46 55 67 81 96 75 60 45 33 29 33 45 59 75 91 71 54 38 23 15 23 38 54 71 88 70 52 35 18 0 18 35 52 70 87 71 54 38 23 15 23 38 54 71 88
42 50 46 107 41 59 84 42 28 41 80 48 46 47 78 92 60 58 39 100 45 50 39 100 41 57 79 62 30 35 79 45 42 49 48 86 51 61 48 96 143 133 124 118 114 112 113 117 123 131 132 121 112 105 100 98 99 104 110 119 122 110 99 91 86 84 86 91 98 108 112 99 88 79 73 70 72 78 87 98 104 90 77 66 59 56 59 66 76 89 97 82 67 55 46 42 46 55 67 81 91 75 60 45 33 28 33 45 59 75 88 71 54 38 23 14 23 38 54 71 87 70 52 35 18 0 18 35 52 70 88 71 54 38 23 14 23 38 54 71
38 67 54 96 43 76 101 36 11 58 97 62 58 63 95 101 52 75 38 90 42 67 45 90 48 74 97 67 14 52 96 59 51 65 65 95 57 77 50 86 154 142 132 124 117 113 112 113 116 122 144 131 121 111 104 99 98 99 103 110 134 121 109 99 91 86 84 85 90 98 126 112 99 88 78 72 70 72 78 87 119 104 90 77 66 59 56 59 66 76 113 97 81 67 55 46 42 46 54 67 108 91 75 59 45 33 28 33 45 59 105 88 71 54 38 23 14 23 38 54 104 87 70 52 35 18 0 18 35 52 105 88 71 54 38 23 14 23 38 54
41 84 65 87 52 94 118 38 8 75 114 78 73 80 112 112 48 93 44 82 46 84 55 82 59 91 114 76 9 69 113 74 64 81 82 106 68 94 58 79 166 153 142 132 123 117 113 111 112 116 156 143 131 120 111 104 99 97 99 103 148 134 121 109 99 91 85 83 85 90 140 126 112 99 87 78 72 70 72 77 134 118 104 89 77 66 59 56 58 65 129 112 97 81 67 55 46 42 45 54 125 108 91 75 59 45 33 28 33 45 122 105 88 71 54 38 23 14 23 38 122 104 87 70 52 35 18 0 18 35 122 105 88 71 54 38 23 14 23 38
50 101 78 81 64 111 136 47 25 92 131 94 88 96 129 124 51 110 56 77 55 101 69 78 72 108 131 87 25 86 130 90 78 98 100 119 81 111 70 75 179 165 153 141 131 123 116 112 110 112 170 156 143 131 120 110 103 99 97 98 162 148 134 121 109 98 90 85 83 85 156 140 126 112 99 87 78 72 69 71 150 134 118 103 89 76 66 58 55 58 145 129 112 97 81 67 54 45 42 45 142 125 108 91 75 59 45 33 28 33 140 122 105 88 71 54 38 23 14 23 139 122 104 87 70 52 35 18 0 18 140 122 105 88 71 54 38 23 14 23
63 119 93 79 78 128 153 60 42 109 148 110 104 113 147 138 59 127 70 76 68 119 84 77 87 125 149 100 41 103 148 106 94 114 117 133 95 128 83 74 192 178 165 152 141 131 122 116 112 110 184 170 156 143 130 119 110 103 98 96 177 162 148 134 120 108 98 90 85 83 171 155 140 125 111 98 87 77 71 69 166 150 134 118 103 89 76 65 58 55 162 145 129 112 96 81 67 54 45 42 159 142 125 108 91 75 59 45 33 28 157 140 122 105 88 71 54 38 23 14 156 139 122 104 87 70 52 35 18 0 157 140 122 105 88 71 54 38 23 14
118 43 95 184 105 35 8 119 115 48 11 68 77 46 11 107 137 39 110 177 117 44 98 176 96 44 24 109 118 54 10 72 89 46 48 103 98 48 108 173 129 130 133 138 145 154 164 176 188 201 115 116 119 125 133 143 154 166 179 192 100 102 106 112 121 132 144 156 170 184 86 88 93 100 110 122 134 148 162 177 72 74 80 88 99 112 126 140 156 171 58 60 67 77 90 104 119 134 150 166 43 47 55 68 82 97 113 129 145 162 29 34 45 60 75 91 108 125 142 159 15 23 38 54 71 88 105 122 140 157 0 18 35 52 70 87 104 122 139 156
102 29 82 170 91 23 16 104 98 31 10 56 64 29 8 101 122 28 95 162 102 31 84 161 82 33 24 97 101 37 9 60 76 29 34 96 85 40 94 158 130 128 129 132 138 145 154 164 175 187 116 114 115 119 125 133 142 153 165 178 102 100 101 105 112 121 131 143 156 170 88 86 87 92 100 110 121 134 148 162 74 72 73 79 88 99 112 126 140 155 60 57 60 67 77 90 104 118 134 150 47 43 46 55 67 82 97 112 129 145 34 29 34 45 60 75 91 108 125 142 23 15 23 38 54 71 88 105 122 140 18 0 18 35 52 70 87 104 122 139
88 21 71 155 78 22 32 89 81 14 27 48 55 13 25 97 108 26 81 148 88 23 71 147 70 30 35 87 84 20 26 51 64 14 26 92 75 37 82 144 133 129 128 129 132 137 144 153 163 175 119 115 114 115 118 124 132 142 153 165 106 101 99 101 105 112 121 131 143 156 93 87 85 87 92 99 109 121 134 148 80 73 71 73 79 88 99 112 126 140 67 60 57 60 67 77 90 104 118 134 55 46 43 46 55 67 81 97 112 129 45 34 29 34 45 60 75 91 108 125 38 23 15 23 38 54 71 88 105 122 35 18 0 18 35 52 70 87 104 122
74 25 63 142 67 32 49 75 64 5 44 45 50 10 43 97 94 34 68 135 76 27 61 134 61 36 50 80 67 7 43 47 56 13 28 91 67 43 72 130 138 132 129 127 128 131 137 144 153 163 125 119 115 113 114 118 124 132 141 152 112 105 101 99 100 105 111 120 131 143 100 92 87 85 87 91 99 109 121 134 88 79 73 71 73 79 88 99 112 125 77 67 60 57 59 66 77 89 103 118 68 55 46 43 46 55 67 81 97 112 60 45 34 29 33 45 59 75 91 108 54 38 23 15 23 38 54 71 88 105 52 35 18 0 18 35 52 70 87 104
63 38 59 129 58 46 66 63 47 22 61 49 51 26 60 99 82 47 58 122 65 39 55 122 55 48 65 76 51 18 60 49 53 27 39 93 63 54 64 118 145 138 132 128 127 127 131 136 143 152 133 125 118 114 113 114 117 123 131 141 121 112 105 100 99 100 104 111 120 130 110 100 92 87 85 86 91 99 109 120 99 88 79 73 71 73 78 87 99 111 90 77 67 59 57 59 66 77 89 103 82 67 55 46 43 46 55 67 81 96 75 60 45 33 29 33 45 59 75 91 71 54 38 23 15 23 38 54 71 88 70 52 35 18 0 18 35 52 70 87
55 53 60 118 55 62 84 54 30 39 78 58 57 43 77 105 72 62 52 111 58 54 53 111 55 62 82 76 36 34 78 56 55 44 53 99 64 67 62 107 154 145 137 131 127 126 127 130 135 143 143 133 124 118 114 112 113 117 123 131 132 121 112 105 100 98 99 104 110 119 122 110 99 91 86 84 86 91 98 108 112 99 88 79 73 70 72 78 87 98 104 90 77 66 59 56 59 66 76 89 97 82 67 55 46 42 46 55 67 81 91 75 60 45 33 28 33 45 59 75 88 71 54 38 23 14 23 38 54 71 87 70 52 35 18 0 18 35 52 70
51 70 66 108 56 79 101 50 15 57 95 70 68 60 94 113 65 79 51 102 56 70 57 102 60 78 99 80 24 51 95 67 63 61 69 107 70 82 64 98 164 154 144 137 131 127 125 126 130 135 154 142 132 124 117 113 112 113 116 122 144 131 121 111 104 99 98 99 103 110 134 121 109 99 91 86 84 85 90 98 126 112 99 88 78 72 70 72 78 87 119 104 90 77 66 59 56 59 66 76 113 97 81 67 55 46 42 46 54 67 108 91 75 59 45 33 28 33 45 59 105 88 71 54 38 23 14 23 38 54 104 87 70 52 35 18 0 18 35 52
54 86 75 100 63 96 118 51 13 74 113 84 80 77 112 122 62 95 56 95 59 87 66 95 69 94 116 87 22 69 112 81 73 78 85 117 79 98 70 92 176 164 153 144 136 130 126 125 126 129 166 153 142 132 123 117 113 111 112 116 156 143 131 120 111 104 99 97 99 103 148 134 121 109 99 91 85 83 85 90 140 126 112 99 87 78 72 70 72 77 134 118 104 89 77 66 59 56 58 65 129 112 97 81 67 55 46 42 45 54 125 108 91 75 59 45 33 28 33 45 122 105 88 71 54 38 23 14 23 38 122 104 87 70 52 35 18 0 18 35
61 103 87 95 73 113 135 58 27 91 130 99 95 94 129 134 64 112 66 91 66 104 77 92 81 111 133 97 31 86 130 96 86 95 102 128 90 114 80 88 188 175 163 153 143 135 130 126 124 125 179 165 153 141 131 123 116 112 110 112 170 156 143 131 120 110 103 99 97 98 162 148 134 121 109 98 90 85 83 85 156 140 126 112 99 87 78 72 69 71 150 134 118 103 89 76 66 58 55 58 145 129 112 97 81 67 54 45 42 45 142 125 108 91 75 59 45 33 28 33 140 122 105 88 71 54 38 23 14 23 139 122 104 87 70 52 35 18 0 18
72 120 100 92 86 130 153 69 43 109 147 115 110 112 146 146 71 129 78 90 77 120 91 91 94 127 150 109 46 103 147 111 100 112 119 141 103 131 92 88 201 187 175 163 152 143 135 129 125 124 192 178 165 152 141 131 122 116 112 110 184 170 156 143 130 119 110 103 98 96 177 162 148 134 120 108 98 90 85 83 171 155 140 125 111 98 87 77 71 69 166 150 134 118 103 89 76 65 58 55 162 145 129 112 96 81 67 54 45 42 159 142 125 108 91 75 59 45 33 28 157 140 122 105 88 71 54 38 23 14 156 139 122 104 87 70 52 35 18 0
