0.0 61.16260896508257 19.64338810206961 13.578937426305426 60.48750487629839 16.494411880361373 13.280824021759193 24.582037556353033 27.777112433247165 35.29564762578162 55.782754967501916 40.051198254237484 20.69902390155881 22.261256237336127 16.379441968166816 26.25753312683681 29.929097876209212 60.609093017750226 19.845479871285747 32.17973068966613 48.508588079013336 49.807314291176404 20.60012776177145 67.34546546218911 11.054224068831486 16.325552611249726 26.468052989854502 48.142084444043114 41.00698807236782 56.278947848460476 39.006031191926816 54.08164290455926 15.439236534670918 5.912591514404661 14.990390166546751 53.12663748703825 31.630713507898946 17.669275083524663 15.718683119959671 42.96537359556701 42.81898244309106 16.184409906951835 12.819329937094126 13.284678605952905
61.16260896508257 0.0 64.7673503978195 53.995297262866615 94.563008330574 50.8676944221482 73.0619492637966 50.754327133922786 84.58955091943535 73.91322118416994 36.22024348183564 68.44338823438646 64.63318757226197 45.90526401394546 73.11301619050647 58.63697532170323 86.80551269702028 96.55165025916229 52.665543327910335 73.09141604490712 18.85412135995346 96.7698431857817 40.59541650193319 94.16200366178518 58.283110337788536 61.73809408791847 52.99416673313192 93.05255453487597 88.62005799823679 5.239970865281659 82.37441377093093 92.83378976967575 49.1833620561932 66.3390871433751 47.653783919590495 98.72728795081973 73.52705429767217 56.8680883100856 75.58820591720198 18.350122790895966 20.87478095281177 55.328098933970324 58.50407242819758 52.453467662641685
19.64338810206961 64.7673503978195 0.0 12.491089936304242 41.32018243732752 14.575664044784945 17.216537583037592 15.021080923222971 21.161821031270243 15.801329315969998 47.63764718327323 20.915944078841065 1.1709023009361768 18.862148079685532 12.75631152852103 10.178494046496596 23.178585886285585 41.73664994285827 12.114008049936487 12.870409537717043 48.02479445417775 34.09338187015586 28.21143762523018 47.728159562624164 30.328247328733056 4.016982594686093 14.274255017458232 31.361678473693704 25.23280708408392 59.53368260088694 21.019493863805952 35.54832415889806 17.227412840372878 23.064134231225932 20.028997779506607 36.88522850920337 12.514834299273854 36.71043368790349 18.572977273279434 48.5535593434037 44.048409190912224 34.86341120978106 32.1496010842863 14.476261184396629
13.578937426305426 53.995297262866615 12.491089936304242 0.0 52.684520643591 3.513072138535624 20.338521909342777 11.012140516043415 30.5977428739128 27.16678768220329 42.96759931550182 29.04455906714676 12.945752943733359 9.660557192908884 19.23203688250702 14.192751367588377 32.81913937935716 53.408082840053886 6.339046040349564 24.69022342040288 38.6884190841203 46.574801213496286 15.7658811257244 57.887745345618946 21.620142898998967 8.610722488729886 13.104048521190352 43.835543117841326 37.69087134584448 48.82396988645249 33.381735675621115 47.52343157432362 4.958384712956201 19.179460553650088 7.54458586908725 49.37430717329342 24.549888370040193 27.17793969729721 22.69039212137149 36.93971763960422 33.84409792526541 25.02473263986503 23.380110747840703 1.9916552985533267
60.48750487629839 94.563008330574 41.32018243732752 52.684520643591 0.0 53.324228709892445 52.72769131313271 47.706961944431 42.66023121383964 25.607019625033658 63.72168757066048 26.524292777320646 40.453489259354086 54.32533907730902 46.984512459871105 39.97397884322536 42.35159238598983 3.044350404541991 48.87643349564681 28.455960740145027 75.72581807681892 21.04741292974957 67.00665214315543 11.172821000203964 71.44771697606066 45.203482175401604 44.63082360945239 18.154474481124012 24.395340984587328 89.60570503461702 22.1938464501973 8.201219547916333 56.47549650930559 62.584174764536655 59.62784819087612 18.573215142871287 28.90295960414069 77.93886524023357 52.24629259366811 82.59295757235599 74.63253619883467 76.15286590953289 73.25106680640903 54.59659331586236
16.494411880361373 50.8676944221482 14.575664044784945 3.513072138535624 53.324228709892445 0.0 23.84899635646798 8.67130654668727 33.757647421723696 28.099623574971698 39.59775383014178 28.701185570360103 14.791458589527544 6.160808560963769 22.583485271532812 13.763611493146373 35.96081445492849 54.23640577195089 4.788041120370878 25.92107418230534 35.26532951544885 48.53192128716186 13.95360325376311 57.89299343556884 23.40360631241262 11.043280221789733 11.308791584208459 45.569872518942226 39.74082690620415 45.672185136556706 34.93823174881382 48.6047100752978 3.171916383390376 22.261238641238304 6.343022654890262 51.18331545509652 25.917353690665898 28.460361342553522 26.192127266868408 34.118650940574746 30.542143789761077 26.21086125324413 25.085246027002675 3.2181702479467122
13.280824021759193 73.0619492637966 17.216537583037592 20.338521909342777 52.72769131313271 23.84899635646798 0.0 29.33599605055375 14.87269707750587 29.662061539266887 62.61720074113337 37.346315707848376 18.348933209674573 29.95861839955317 5.805233074439871 27.065919854040622 16.91743535030977 52.27965242167298 24.840153598122825 26.34897665214019 58.82361849281963 38.868254844370284 32.65823369395804 61.11063786363814 22.81987176973 16.456818067690964 29.877891777446134 37.998563001280786 30.566125909688918 68.02138715066356 30.53648582640143 45.44096220105428 24.47429215963262 11.443520107623034 25.478988684182916 42.39903897724075 25.480935879587996 29.235811718426238 2.5403526713809033 55.18094610254528 53.65456998178289 28.293000610980283 24.27837756680926 21.33311911568272
24.582037556353033 50.754327133922786 15.021080923222971 11.012140516043415 47.706961944431 8.67130654668727 29.33599605055375 0.0 36.14964780508532 23.835714452866856 33.33831176988408 21.78330511777817 14.55227787074546 6.681942158606369 26.521513253281384 8.144449166663772 38.1915211102088 48.99531825943786 4.795114304132904 22.53071776794429 33.31185878492894 46.17219968657914 19.892296185441406 51.07683523429848 32.07448148967546 13.364503774982632 3.1783902539949227 42.65670181342222 37.87787415767703 45.52090954615736 31.880908040851658 44.006179502672325 11.307371448049356 30.08813652085389 14.165239717504395 48.35638513181381 22.87412164114504 37.051949277247026 31.364995822808684 35.882930761507026 29.880256248548342 34.7784475464893 33.75554731753497 11.712369823131581
27.777112433247165 84.58955091943535 21.161821031270243 30.5977428739128 42.66023121383964 33.757647421723696 14.87269707750587 36.14964780508532 0.0 24.98442654763383 68.58385156904048 34.9767749303636 21.782049879731172 39.17530222613324 11.90317543825687 30.65161647967584 2.2469683711484514 41.54735817809857 32.74846042248699 22.255693623868996 68.70801875164189 25.541323877775053 45.29950561251645 52.47068812217097 37.69242358842915 23.238136567699918 35.37018287122328 25.740097058354444 18.493334521778 79.40994854476361 21.548720531351506 34.67796201902674 35.45919694307593 26.25992423521455 37.35034124603684 29.19393522230525 21.19589868940012 44.090894121300074 12.922224617671908 67.38986722899469 64.26960378601002 43.164645324968276 39.14333025913892 32.20034827012318
35.29564762578162 73.91322118416994 15.801329315969998 27.16678768220329 25.607019625033658 28.099623574971698 29.662061539266887 23.835714452866856 24.98442654763383 0.0 49.254429429597224 10.373136703445025 14.882131763605356 30.054015760067063 23.931497991289614 15.692762062027674 25.96497589451572 26.24130975815521 23.945189045827558 3.3162197801753335 55.66201213069358 23.079949901639846 41.999152913334974 32.105815322608485 46.10526280439204 19.61873562190219 21.13923018228227 19.16428726236348 15.99779621743574 68.72799988732159 8.761785756499599 20.51573164924717 31.195435594047797 38.07410003059883 34.30382197293341 24.819773987787393 4.211313733654208 52.51067217401785 29.94163453038962 59.70901790923918 53.145305300097206 50.66103642178091 47.923116814874845 29.10851255669311
55.782754967501916 36.22024348183564 47.63764718327323 42.96759931550182 63.72168757066048 39.59775383014178 62.61720074113337 33.33831176988408 68.58385156904048 49.254429429597224 0.0 40.52662034041013 46.885914581794445 33.56751831221017 59.790747218503874 37.95057078926331 70.4517506888566 66.21314056904083 37.782494659993446 49.92615704828303 20.279513815971583 71.70255273057496 40.126637624759944 60.909764319394924 59.702855885391315 46.639611206187666 33.38614821629388 67.39566095222224 65.25220547251253 32.631591107720475 57.91429640679861 64.16793050120106 40.35001172036113 61.670697839658786 41.33503676044743 72.63567982544333 50.748888010749134 62.306745187837755 64.69331809807335 34.621720857686064 24.48429548896645 60.028557619017406 60.93477295340386 42.686544405836486
40.051198254237484 68.44338823438646 20.915944078841065 29.04455906714676 26.524292777320646 28.701185570360103 37.346315707848376 21.78330511777817 34.9767749303636 10.373136703445025 40.52662034041013 0.0 19.75771468515877 28.463388868676518 31.96403328360326 14.959454567114555 36.11885289579817 28.237951876377572 23.947559393227156 12.727335803523179 49.70722025885703 31.233869460117663 41.60492028033269 29.326835617802665 50.087486921746525 23.744513580582364 18.614418628490824 26.886020822661393 25.55947091337806 63.39894186572938 18.057365006116 24.493837811634936 31.847011775398496 43.935647905353434 34.99705825875387 32.11775100981981 13.786375073992302 56.05203676970184 38.12072994338318 56.07025344979171 48.222609875440654 53.97132228353399 51.90353088461175 30.711474627894795
20.69902390155881 64.63318757226197 1.1709023009361768 12.945752943733359 40.453489259354086 14.791458589527544 18.348933209674573 14.55227787074546 21.782049879731172 14.882131763605356 46.885914581794445 19.75771468515877 0.0 18.75608742159843 13.7862949090969 9.226325166910334 23.752337272475984 40.92992067781129 11.978333219388038 12.04322869116604 47.715128056178386 33.75464439390971 28.57070928039468 46.71648143797015 31.316514065101178 4.7539279265140575 13.58854617171901 30.904821605932298 24.94940090031615 59.39562248966059 20.444862218087554 34.81400894961098 17.560367479473644 24.204878346813167 20.444862218087554 36.470728555486915 11.758514491269045 37.6624049677461 19.66272393709815 48.602271565142395 43.86377116523526 35.787973489974746 33.14000729709025 14.937404698542494
22.261256237336127 45.90526401394546 18.862148079685532 9.660557192908884 54.32533907730902 6.160808560963769 29.95861839955317 6.681942158606369 39.17530222613324 30.054015760067063 33.56751831221017 28.463388868676518 18.75608742159843 0.0 28.379610435812232 14.474768116469908 41.336522609108954 55.554686454669195 6.778827135814361 28.429395408722428 29.545883906694343 51.829778969603574 13.31348376372999 57.744774435435836 27.80525201991434 15.981378769530119 9.849896563564204 48.52058504803666 43.2822434917406 40.67208088362929 37.742217810917474 50.41568075792569 6.960488581204675 28.124152780619703 8.893151908475499 54.20791111558724 28.641950892830522 32.07085346166342 32.268693330303684 30.041409101239932 25.227165319724445 29.74407022139569 29.345604257043018 9.131561124773897
16.379441968166816 73.11301619050647 12.75631152852103 19.23203688250702 46.984512459871105 22.583485271532812 5.805233074439871 26.521513253281384 11.90317543825687 23.931497991289614 59.790747218503874 31.96403328360326 13.7862949090969 28.379610435812232 0.0 22.921017255733204 14.14399188752454 46.59858617105165 22.452973565853213 20.62633501375999 57.836387558811104 33.85588539970347 33.453266523744134 55.305603455660155 26.963212278309527 13.161575099610985 26.508337805869534 32.66788463945979 25.300779794138737 67.97173726592952 24.808040173663912 39.7886551299919 23.937338228901353 16.25446189964441 25.611654385578763 37.3041982597865 19.734994952855356 33.55436016979214 6.156830773385179 55.68143515339376 53.076133077366364 32.340306072529835 28.57471649895588 20.668164616355053
26.25753312683681 58.63697532170323 10.178494046496596 14.192751367588377 39.97397884322536 13.763611493146373 27.065919854040622 8.144449166663772 30.65161647967584 15.692762062027674 37.95057078926331 14.959454567114555 9.226325166910334 14.474768116469908 22.921017255733204 0.0 32.50150487672658 41.11664779416075 9.057892019573652 14.47187414520229 40.805373210583845 38.153578376133474 27.06803425542549 44.136599863065946 35.6109245139274 10.887008287324077 5.652497596573355 34.56027832746323 30.02988702497162 53.41773472255473 23.80298589291241 35.947712118703485 16.924012204329145 30.917229252568283 20.08741922728508 40.25857625118008 14.890865999586184 41.349386435253585 28.61878242518659 44.025900838362695 37.7779889383207 39.21270455956766 37.40399024771178 15.7845083436153
29.929097876209212 86.80551269702028 23.178585886285585 32.81913937935716 42.35159238598983 35.96081445492849 16.91743535030977 38.1915211102088 2.2469683711484514 25.96497589451572 70.4517506888566 36.11885289579817 23.752337272475984 41.336522609108954 14.14399188752454 32.50150487672658 0.0 41.09061424044323 34.87123957717191 23.400033275699922 70.85651700467507 24.468061854318467 47.54646198805305 52.40452697382494 39.723631862796786 25.3781015108245 37.326629479353144 25.030924016846296 17.99663314301958 81.6223136031927 21.8043763647075 34.27368137487658 37.68919215789237 28.23693054401152 39.59388442820065 28.128118735184895 22.344223287579148 46.07800187630726 14.857876317431353 69.62920919072658 66.4577006573194 45.200166311336815 41.14625033897706 34.43251813295357
60.609093017750226 96.55165025916229 41.73664994285827 53.408082840053886 3.044350404541991 54.23640577195089 52.27965242167298 48.99531825943786 41.54735817809857 26.24130975815521 66.21314056904083 28.237951876377572 40.92992067781129 55.554686454669195 46.59858617105165 41.11664779416075 41.09061424044323 0.0 49.89486924834252 28.886698288658476 77.74260412697929 18.832234775178698 68.03420285529951 13.786424324068612 71.62405732316243 45.68181566593451 45.97138128839127 16.381555205483426 23.097881033734776 91.55350913633296 21.83050133056312 6.904711098792306 57.364333376241795 62.42970476299193 60.495603528488594 16.09118272598085 29.23084088032656 78.16567994152503 51.65583826702475 84.20420154451011 76.45557699491168 76.44047301590267 73.41386109106135 55.3477718080857
19.845479871285747 52.665543327910335 12.114008049936487 6.339046040349564 48.87643349564681 4.788041120370878 24.840153598122825 4.795114304132904 32.74846042248699 23.945189045827558 37.782494659993446 23.947559393227156 11.978333219388038 6.778827135814361 22.452973565853213 9.057892019573652 34.87123957717191 49.89486924834252 0.0 22.0386797735981 36.01789146159436 45.21013082329559 18.141297124338017 53.187831158951106 27.789966139014 9.527661735197213 6.795690642110538 42.010574088785354 36.58948745777338 47.429711623816054 31.26527225813598 44.44742594671291 7.902881564168813 25.303695801778375 11.049735850936136 47.679089154524945 22.162604949659464 33.08247102006677 26.962335532323557 36.74066233687359 31.93483408898949 30.860869360557587 29.51769699595499 7.35451375561122
32.17973068966613 73.09141604490712 12.870409537717043 24.69022342040288 28.455960740145027 25.92107418230534 26.34897665214019 22.53071776794429 22.255693623868996 3.3162197801753335 49.92615704828303 12.727335803523179 12.04322869116604 28.429395408722428 20.62633501375999 14.47187414520229 23.400033275699922 28.886698288658476 22.0386797735981 0.0 55.104176463536284 23.683519353512438 39.873651251900135 35.327523995883524 43.05682607815381 16.79561895151504 20.099574996843938 20.134012739047748 15.769231323519161 67.87730386538152 9.351426576047952 22.838387365735382 28.9454458440564 34.82346211538975 31.996880936033175 25.83283455406501 1.0597949344688744 49.508913837783595 26.654837298410612 58.351228423247626 52.24248235015091 47.70164911843463 44.86909713664148 26.661934149737547
48.508588079013336 18.85412135995346 48.02479445417775 38.6884190841203 75.72581807681892 35.26532951544885 58.82361849281963 33.31185878492894 68.70801875164189 55.66201213069358 20.279513815971583 49.70722025885703 47.715128056178386 29.545883906694343 57.836387558811104 40.805373210583845 70.85651700467507 77.74260412697929 36.01789146159436 55.104176463536284 0.0 78.68209406144415 28.693390319194737 75.38414009052327 48.72312852266974 45.47867015494586 35.168769773789585 74.82436156069838 70.80751956438478 14.06865019496127 64.26676164144114 74.1596966726692 34.35069578723987 54.23005586496251 33.713763659959774 80.46120310431353 55.62565213611016 49.40396497022201 61.25796483863403 14.871005364526242 6.358769606818905 47.374112648784596 49.48242093656928 37.50733604183327
49.807314291176404 96.7698431857817 34.09338187015586 46.574801213496286 21.04741292974957 48.53192128716186 38.868254844370284 46.17219968657914 25.541323877775053 23.079949901639846 71.70255273057496 31.233869460117663 33.75464439390971 51.829778969603574 33.85588539970347 38.153578376133474 24.468061854318467 18.832234775178698 45.21013082329559 23.683519353512438 78.68209406144415 0.0 62.30237479719195 32.183579372510174 60.69845273208338 37.98744192656888 43.78244751311975 4.46599903220179 8.949558599564597 91.55843911801387 14.416435555482854 13.256797280639743 51.30406959172324 50.07020339250735 54.11813702615225 3.660217519065627 23.29808231583624 67.32343652225796 37.56704212629183 81.86094289971707 75.92559611668106 65.97861839581203 62.35936432272536 48.55258830860801
20.60012776177145 40.59541650193319 28.21143762523018 15.7658811257244 67.00665214315543 13.95360325376311 32.65823369395804 19.892296185441406 45.29950561251645 41.999152913334974 40.126637624759944 41.60492028033269 28.57070928039468 13.31348376372999 33.453266523744134 27.06803425542549 47.54646198805305 68.03420285529951 18.141297124338017 39.873651251900135 28.693390319194737 62.30237479719195 0.0 70.92916826014428 20.233994027351077 24.376047694921546 23.067896499417827 59.455449961409954 53.44003969862922 35.681864887765414 48.86924260936739 62.51458006458794 11.013084280456034 25.985905424429053 8.248193449036794 65.03952715608179 39.867926732982944 22.18124723549139 35.197757846741055 22.53263437844304 22.654086381834542 19.91249817513694 21.201722567603095 13.820149334806311
67.34546546218911 94.16200366178518 47.728159562624164 57.887745345618946 11.172821000203964 57.89299343556884 61.11063786363814 51.07683523429848 52.47068812217097 32.105815322608485 60.909764319394924 29.326835617802665 46.71648143797015 57.744774435435836 55.305603455660155 44.136599863065946 52.40452697382494 13.786424324068612 53.187831158951106 35.327523995883524 75.38414009052327 32.183579372510174 70.92916826014428 0.0 78.02842859296379 51.32932003811276 47.89992955389086 29.06717820855561 34.73227887439428 89.447247773278 31.155180847814993 19.08503475763231 61.05830987637491 70.14765003280228 64.22363880990937 29.74144138672897 36.0172746643829 84.31467716798943 60.94971594106631 84.03408544971401 75.23046112734983 82.36666808842095 79.85289012164775 59.67186186639804
11.054224068831486 58.283110337788536 30.328247328733056 21.620142898998967 71.44771697606066 23.40360631241262 22.81987176973 32.07448148967546 37.69242358842915 46.10526280439204 59.702855885391315 50.087486921746525 31.316514065101178 27.80525201991434 26.963212278309527 35.6109245139274 39.723631862796786 71.62405732316243 27.789966139014 43.05682607815381 48.72312852266974 60.69845273208338 20.233994027351077 78.02842859296379 0.0 26.71513183732777 34.57342738257614 59.14640922330408 51.958031217243985 53.83888914088694 50.0571134818935 65.12329611486182 21.0691072405984 11.591428900416595 18.977378139837775 64.06380358350387 42.55349591337558 6.634934138109952 24.913343079631154 40.0001148845327 42.517029992088666 5.477918751109541 1.8257301999560858 20.446888903345307
16.325552611249726 61.73809408791847 4.016982594686093 8.610722488729886 45.203482175401604 11.043280221789733 16.456818067690964 13.364503774982632 23.238136567699918 19.61873562190219 46.639611206187666 23.744513580582364 4.7539279265140575 15.981378769530119 13.161575099610985 10.887008287324077 25.3781015108245 45.68181566593451 9.527661735197213 16.79561895151504 45.47867015494586 37.98744192656888 24.376047694921546 51.32932003811276 26.71513183732777 0.0 13.479964709339725 35.33649808512008 29.089393504236153 56.52065520948974 25.034450082445698 39.53990274763116 13.467566296172828 20.35928468159709 16.150884606242855 40.83326328529453 16.489735430232056 32.994110103897455 18.26111966472706 45.16096807867661 41.18150785336693 31.087348570469107 28.54078287530352 10.574110364251435
26.468052989854502 52.99416673313192 14.274255017458232 13.104048521190352 44.63082360945239 11.308791584208459 29.877891777446134 3.1783902539949227 35.37018287122328 21.13923018228227 33.38614821629388 18.614418628490824 13.58854617171901 9.849896563564204 26.508337805869534 5.652497596573355 37.326629479353144 45.97138128839127 6.795690642110538 20.099574996843938 35.168769773789585 43.78244751311975 23.067896499417827 47.89992955389086 34.57342738257614 13.479964709339725 0.0 40.14181841308592 35.68198312512063 47.7781720575766 29.408382812817663 41.10496697029397 14.16746136730592 31.747757770543156 17.13686750261254 45.83580632299841 20.539369899513716 39.76674492175293 31.739052156045684 38.6156148866993 32.143149814176155 37.51965020552553 36.29222998412783 14.126949395813876
48.142084444043114 93.05255453487597 31.361678473693704 43.835543117841326 18.154474481124012 45.569872518942226 37.998563001280786 42.65670181342222 25.740097058354444 19.16428726236348 67.39566095222224 26.886020822661393 30.904821605932298 48.52058504803666 32.66788463945979 34.56027832746323 25.030924016846296 16.381555205483426 42.010574088785354 20.134012739047748 74.82436156069838 4.46599903220179 59.455449961409954 29.06717820855561 59.14640922330408 35.33649808512008 40.14181841308592 0.0 7.455108528480746 87.85777855404937 10.785911866473363 9.995840585022734 48.44297975362708 48.91182640828784 51.349419222172344 5.699684964890198 19.878672476900817 65.78089812838965 36.95967564942001 78.48239702255614 72.25137817073023 64.31759826079761 60.85569024803815 45.8254791801952
41.00698807236782 88.62005799823679 25.23280708408392 37.69087134584448 24.395340984587328 39.74082690620415 30.566125909688918 37.87787415767703 18.493334521778 15.99779621743574 65.25220547251253 25.55947091337806 24.94940090031615 43.2822434917406 25.300779794138737 30.02988702497162 17.99663314301958 23.097881033734776 36.58948745777338 15.769231323519161 70.80751956438478 8.949558599564597 53.44003969862922 34.73227887439428 51.958031217243985 29.089393504236153 35.68198312512063 7.455108528480746 0.0 83.39067263471945 7.502163320903677 16.280571689724518 42.459584607505285 41.5551501891161 45.23533644165429 12.122913895265704 15.187162142031227 58.59134967766691 29.504871815062934 73.31888824142257 67.74614470839525 57.190781239065224 53.64426485522311 39.66228734470129
56.278947848460476 5.239970865281659 59.53368260088694 48.82396988645249 89.60570503461702 45.672185136556706 68.02138715066356 45.52090954615736 79.40994854476361 68.72799988732159 32.631591107720475 63.39894186572938 59.39562248966059 40.67208088362929 67.97173726592952 53.41773472255473 81.6223136031927 91.55350913633296 47.429711623816054 67.87730386538152 14.06865019496127 91.55843911801387 35.681864887765414 89.447247773278 53.83888914088694 56.52065520948974 47.7781720575766 87.85777855404937 83.39067263471945 0.0 77.16845261612197 87.74667290261787 44.0351611640364 61.546386542713364 42.57479774590078 93.53635784248713 68.30631049383571 52.78072041905639 70.54185327648301 13.861461095235839 15.644890037412935 51.13863906505495 54.15143121228445 47.3050868707191
39.006031191926816 82.37441377093093 21.019493863805952 33.381735675621115 22.1938464501973 34.93823174881382 30.53648582640143 31.880908040851658 21.548720531351506 8.761785756499599 57.91429640679861 18.057365006116 20.444862218087554 37.742217810917474 24.808040173663912 23.80298589291241 21.8043763647075 21.83050133056312 31.26527225813598 9.351426576047952 64.26676164144114 14.416435555482854 48.86924260936739 31.155180847814993 50.0571134818935 25.034450082445698 29.408382812817663 10.785911866473363 7.502163320903677 77.16845261612197 0.0 15.120436823519793 37.87243553060287 40.60904307219861 40.84046449100535 16.48309430759962 9.106778795742073 56.650607328280074 30.07714238577767 67.69652205728762 61.54442686060085 55.02389512869485 51.8246446321399 35.37270809388296
54.08164290455926 92.83378976967575 35.54832415889806 47.52343157432362 8.201219547916333 48.6047100752978 45.44096220105428 44.006179502672325 34.67796201902674 20.51573164924717 64.16793050120106 24.493837811634936 34.81400894961098 50.41568075792569 39.7886551299919 35.947712118703485 34.27368137487658 6.904711098792306 44.44742594671291 22.838387365735382 74.1596966726692 13.256797280639743 62.51458006458794 19.08503475763231 65.12329611486182 39.53990274763116 41.10496697029397 9.995840585022734 16.280571689724518 87.74667290261787 15.120436823519793 0.0 51.68445763758861 55.71435422824855 54.77330902231798 11.403286131115982 23.055494464514805 71.6981040613284 44.77762368342988 79.65951135379585 72.40036430714507 70.02700412406291 66.90007759868818 49.49023002899293
15.439236534670918 49.1833620561932 17.227412840372878 4.958384712956201 56.47549650930559 3.171916383390376 24.47429215963262 11.307371448049356 35.45919694307593 31.195435594047797 40.35001172036113 31.847011775398496 17.560367479473644 6.960488581204675 23.937338228901353 16.924012204329145 37.68919215789237 57.364333376241795 7.902881564168813 28.9454458440564 34.35069578723987 51.30406959172324 11.013084280456034 61.05830987637491 21.0691072405984 13.467566296172828 14.16746136730592 48.44297975362708 42.459584607505285 44.0351611640364 37.87243553060287 51.68445763758861 0.0 21.340935463486513 3.171106914974782 54.02696034452983 28.90246748182365 25.773426497863483 26.919734621220528 31.999909420622433 29.255457576108046 23.487401335413917 22.6786772394424 3.270195646191214
5.912591514404661 66.3390871433751 23.064134231225932 19.179460553650088 62.584174764536655 22.261238641238304 11.443520107623034 30.08813652085389 26.25992423521455 38.07410003059883 61.670697839658786 43.935647905353434 24.204878346813167 28.124152780619703 16.25446189964441 30.917229252568283 28.23693054401152 62.42970476299193 25.303695801778375 34.82346211538975 54.23005586496251 50.07020339250735 25.985905424429053 70.14765003280228 11.591428900416595 20.35928468159709 31.747757770543156 48.91182640828784 41.5551501891161 61.546386542713364 40.60904307219861 55.71435422824855 21.340935463486513 0.0 20.86417998189706 53.54395206882732 34.136509667241405 17.841189302871122 13.383552752780437 48.03972828129556 48.44669020972517 17.05451604836065 12.924082682385048 19.07630882045955
14.990390166546751 47.653783919590495 20.028997779506607 7.54458586908725 59.62784819087612 6.343022654890262 25.478988684182916 14.165239717504395 37.35034124603684 34.30382197293341 41.33503676044743 34.99705825875387 20.444862218087554 8.893151908475499 25.611654385578763 20.08741922728508 39.59388442820065 60.495603528488594 11.049735850936136 31.996880936033175 33.713763659959774 54.11813702615225 8.248193449036794 64.22363880990937 18.977378139837775 16.150884606242855 17.13686750261254 51.349419222172344 45.23533644165429 42.57479774590078 40.84046449100535 54.77330902231798 3.171106914974782 20.86417998189706 0.0 56.90340806799392 31.92202575373313 23.208108025030278 27.9870271443982 30.069861592548907 28.270672333295686 20.889785420933382 20.479997207953275 5.579416197058058
53.12663748703825 98.72728795081973 36.88522850920337 49.37430717329342 18.573215142871287 51.18331545509652 42.39903897724075 48.35638513181381 29.19393522230525 24.819773987787393 72.63567982544333 32.11775100981981 36.470728555486915 54.20791111558724 37.3041982597865 40.25857625118008 28.128118735184895 16.09118272598085 47.679089154524945 25.83283455406501 80.46120310431353 3.660217519065627 65.03952715608179 29.74144138672897 64.06380358350387 40.83326328529453 45.83580632299841 5.699684964890198 12.122913895265704 93.53635784248713 16.48309430759962 11.403286131115982 54.02696034452983 53.54395206882732 56.90340806799392 0.0 25.56715307661127 70.69513792142816 41.14549940695121 84.17897339064656 77.93618535634886 69.30939191210389 65.74132612784712 51.36108522212674
31.630713507898946 73.52705429767217 12.514834299273854 24.549888370040193 28.90295960414069 25.917353690665898 25.480935879587996 22.87412164114504 21.19589868940012 4.211313733654208 50.748888010749134 13.786375073992302 11.758514491269045 28.641950892830522 19.734994952855356 14.890865999586184 22.344223287579148 29.23084088032656 22.162604949659464 1.0597949344688744 55.62565213611016 23.29808231583624 39.867926732982944 36.0172746643829 42.55349591337558 16.489735430232056 20.539369899513716 19.878672476900817 15.187162142031227 68.30631049383571 9.106778795742073 23.055494464514805 28.90246748182365 34.136509667241405 31.92202575373313 25.56715307661127 0.0 49.0359129986538 25.73200909392377 58.62186912519771 52.664436701066286 47.25836330900548 44.36064019512157 26.53148206448793
17.669275083524663 56.8680883100856 36.71043368790349 27.17793969729721 77.93886524023357 28.460361342553522 29.235811718426238 37.051949277247026 44.090894121300074 52.51067217401785 62.306745187837755 56.05203676970184 37.6624049677461 32.07085346166342 33.55436016979214 41.349386435253585 46.07800187630726 78.16567994152503 33.08247102006677 49.508913837783595 49.40396497022201 67.32343652225796 22.18124723549139 84.31467716798943 6.634934138109952 32.994110103897455 39.76674492175293 65.78089812838965 58.59134967766691 52.78072041905639 56.650607328280074 71.6981040613284 25.773426497863483 17.841189302871122 23.208108025030278 70.69513792142816 49.0359129986538 0.0 31.22397530015039 38.97017097094382 43.06319353226211 2.339858784992491 4.982677979496239 25.761464596033758
15.718683119959671 75.58820591720198 18.572977273279434 22.69039212137149 52.24629259366811 26.192127266868408 2.5403526713809033 31.364995822808684 12.922224617671908 29.94163453038962 64.69331809807335 38.12072994338318 19.66272393709815 32.268693330303684 6.156830773385179 28.61878242518659 14.857876317431353 51.65583826702475 26.962335532323557 26.654837298410612 61.25796483863403 37.56704212629183 35.197757846741055 60.94971594106631 24.913343079631154 18.26111966472706 31.739052156045684 36.95967564942001 29.504871815062934 70.54185327648301 30.07714238577767 44.77762368342988 26.919734621220528 13.383552752780437 27.9870271443982 41.14549940695121 25.73200909392377 31.22397530015039 0.0 57.71912990265953 56.13096822934511 30.390834802173423 26.302659929759436 23.752337272476034
42.96537359556701 18.350122790895966 48.5535593434037 36.93971763960422 82.59295757235599 34.118650940574746 55.18094610254528 35.882930761507026 67.38986722899469 59.70901790923918 34.621720857686064 56.07025344979171 48.602271565142395 30.041409101239932 55.68143515339376 44.025900838362695 69.62920919072658 84.20420154451011 36.74066233687359 58.351228423247626 14.871005364526242 81.86094289971707 22.53263437844304 84.03408544971401 40.0001148845327 45.16096807867661 38.6156148866993 78.48239702255614 73.31888824142257 13.861461095235839 67.69652205728762 79.65951135379585 31.999909420622433 48.03972828129556 30.069861592548907 84.17897339064656 58.62186912519771 38.97017097094382 57.71912990265953 0.0 10.317944949847305 37.2935882977494 40.2923539176361 35.227238875807885
42.81898244309106 20.87478095281177 44.048409190912224 33.84409792526541 74.63253619883467 30.542143789761077 53.65456998178289 29.880256248548342 64.26960378601002 53.145305300097206 24.48429548896645 48.222609875440654 43.86377116523526 25.227165319724445 53.076133077366364 37.7779889383207 66.4577006573194 76.45557699491168 31.93483408898949 52.24248235015091 6.358769606818905 75.92559611668106 22.654086381834542 75.23046112734983 42.517029992088666 41.18150785336693 32.143149814176155 72.25137817073023 67.74614470839525 15.644890037412935 61.54442686060085 72.40036430714507 29.255457576108046 48.44669020972517 28.270672333295686 77.93618535634886 52.664436701066286 43.06319353226211 56.13096822934511 10.317944949847305 0.0 41.04796923646342 43.23001062850549 32.489739427527745
16.184409906951835 55.328098933970324 34.86341120978106 25.02473263986503 76.15286590953289 26.21086125324413 28.293000610980283 34.7784475464893 43.164645324968276 50.66103642178091 60.028557619017406 53.97132228353399 35.787973489974746 29.74407022139569 32.340306072529835 39.21270455956766 45.200166311336815 76.44047301590267 30.860869360557587 47.70164911843463 47.374112648784596 65.97861839581203 19.91249817513694 82.36666808842095 5.477918751109541 31.087348570469107 37.51965020552553 64.31759826079761 57.190781239065224 51.13863906505495 55.02389512869485 70.02700412406291 23.487401335413917 17.05451604836065 20.889785420933382 69.30939191210389 47.25836330900548 2.339858784992491 30.390834802173423 37.2935882977494 41.04796923646342 0.0 4.271515165573776 23.561737258978564
12.819329937094126 58.50407242819758 32.1496010842863 23.380110747840703 73.25106680640903 25.085246027002675 24.27837756680926 33.75554731753497 39.14333025913892 47.923116814874845 60.93477295340386 51.90353088461175 33.14000729709025 29.345604257043018 28.57471649895588 37.40399024771178 41.14625033897706 73.41386109106135 29.51769699595499 44.86909713664148 49.48242093656928 62.35936432272536 21.201722567603095 79.85289012164775 1.8257301999560858 28.54078287530352 36.29222998412783 60.85569024803815 53.64426485522311 54.15143121228445 51.8246446321399 66.90007759868818 22.6786772394424 12.924082682385048 20.479997207953275 65.74132612784712 44.36064019512157 4.982677979496239 26.302659929759436 40.2923539176361 43.23001062850549 4.271515165573776 0.0 22.16681391926685
13.284678605952905 52.453467662641685 14.476261184396629 1.9916552985533267 54.59659331586236 3.2181702479467122 21.33311911568272 11.712369823131581 32.20034827012318 29.10851255669311 42.686544405836486 30.711474627894795 14.937404698542494 9.131561124773897 20.668164616355053 15.7845083436153 34.43251813295357 55.3477718080857 7.35451375561122 26.661934149737547 37.50733604183327 48.55258830860801 13.820149334806311 59.67186186639804 20.446888903345307 10.574110364251435 14.126949395813876 45.8254791801952 39.66228734470129 47.3050868707191 35.37270809388296 49.49023002899293 3.270195646191214 19.07630882045955 5.579416197058058 51.36108522212674 26.53148206448793 25.761464596033758 23.752337272476034 35.227238875807885 32.489739427527745 23.561737258978564 22.16681391926685 0.0
