0 115 109 67 88 90 67 31 48 133 43 42 54 33 11 45 48 38 69 47 27 88 94 18 82 84 47 38 17 132 34 24 55 28 28 45 44 34 64 51 103 87 72 58 46 39 38 45 57 71 99 82 66 50 35 25 25 35 49 65 96 79 62 45 28 13 13 28 44 61 96 79 62 44 27 11 10 27 44 61 98 81 64 48 33 21 21 32 47 64 101 85 70 55 42 34 34 42 54 69 107 92 77 64 54 48 48 53 64 76 114 100 87 75 67 62 61 66 74 85 122 109 97 87 80 75 75 79 86 96 131 119 108 99 93 89 89 92 98 107
115 0 28 175 34 76 176 142 75 20 88 86 161 116 104 154 160 144 66 161 118 31 33 118 40 86 151 145 110 18 89 111 161 92 92 155 156 137 75 163 118 117 119 123 130 138 148 159 172 185 103 103 105 110 117 127 137 149 163 176 89 89 91 97 105 116 127 140 154 169 75 74 78 84 94 105 118 132 147 162 61 60 64 72 83 96 110 125 140 156 47 46 51 61 74 88 103 119 135 152 33 32 39 52 66 82 98 115 131 148 21 18 29 44 61 78 95 112 129 146 12 7 24 41 59 76 93 110 128 145 17 14 27 43 60 77 94 111 128 145
109 28 0 173 21 51 173 138 78 44 74 73 159 117 98 142 156 133 76 153 118 24 16 115 27 62 150 143 107 40 78 99 160 82 91 144 152 124 84 153 92 93 97 105 114 125 137 151 165 179 78 79 84 92 103 115 128 143 157 173 63 65 71 81 93 106 121 136 151 167 49 52 59 71 84 99 114 130 146 162 35 38 48 62 77 93 109 125 142 159 20 26 40 55 72 88 105 122 139 157 6 18 35 52 69 86 104 121 138 155 9 19 35 52 69 86 104 121 138 156 23 29 41 56 72 89 106 123 140 157 38 41 51 63 78 94 110 126 143 159
67 175 173 0 153 156 1 36 101 191 109 108 14 62 76 62 22 67 117 41 58 151 158 59 146 149 26 31 67 191 100 86 16 94 84 61 24 73 108 53 162 145 128 111 94 77 61 45 31 23 161 143 126 109 92 74 57 40 24 10 161 143 126 109 91 74 57 40 23 8 162 145 127 110 93 77 60 44 30 20 164 147 130 114 97 81 66 52 40 34 167 151 135 119 103 88 74 61 52 47 172 156 140 125 110 96 83 73 65 61 177 162 147 132 118 105 94 84 78 75 184 169 154 141 128 116 105 97 91 88 191 177 163 150 138 127 117 110 104 102
88 34 21 153 0 46 153 118 58 53 55 54 139 97 78 123 135 114 60 133 98 7 6 95 7 54 129 122 87 51 58 80 139 63 70 125 131 106 67 133 87 84 85 90 97 107 118 131 145 159 73 70 71 77 85 96 109 122 137 152 59 56 57 64 74 86 100 115 131 146 46 42 44 52 64 78 93 109 125 142 34 27 31 42 56 72 88 105 122 139 24 13 20 35 51 68 85 102 119 137 21 4 15 32 50 67 84 101 119 136 26 17 22 36 52 69 86 103 120 137 37 31 34 44 58 73 89 106 122 139 49 45 47 55 66 80 95 110 127 143
90 76 51 156 46 0 156 121 84 94 48 49 143 112 82 110 135 101 95 126 110 52 45 103 43 13 136 128 97 91 58 71 145 64 86 112 133 92 99 122 42 43 51 62 76 91 107 123 139 156 28 30 40 54 69 86 102 119 136 153 14 18 32 48 65 82 99 117 134 151 6 12 30 47 64 81 99 116 133 151 18 20 34 49 66 83 100 117 134 151 31 33 42 56 71 87 103 120 137 153 45 47 54 65 78 93 108 124 140 157 60 60 66 75 87 100 115 130 145 161 74 74 79 87 97 109 122 137 151 167 88 88 92 99 108 119 131 144 159 173
67 176 173 1 153 156 0 36 101 192 109 108 15 62 77 63 23 67 117 41 58 151 158 59 147 149 26 31 67 191 100 86 16 94 84 61 24 73 108 54 162 145 128 111 94 77 61 45 31 23 161 144 126 109 92 75 58 41 24 10 161 144 126 109 92 74 57 40 23 8 162 145 128 111 94 77 60 44 30 20 164 147 131 114 97 81 66 52 40 34 168 151 135 119 103 88 74 62 52 47 172 156 140 125 110 96 83 73 65 61 178 162 147 132 118 105 94 84 78 75 184 169 155 141 128 116 105 97 91 88 191 177 163 150 138 127 117 110 104 102
31 142 138 36 118 121 36 0 70 159 73 72 23 35 41 42 18 42 88 29 29 117 123 26 112 114 19 10 33 159 65 52 25 59 51 41 14 45 81 40 130 113 96 80 64 50 38 31 33 43 127 110 93 76 59 43 28 17 21 35 126 109 91 74 57 40 22 5 14 31 127 109 92 75 58 41 25 13 18 33 129 112 95 78 62 47 34 26 29 40 132 116 100 84 69 56 45 40 42 50 137 121 106 91 78 66 58 54 55 61 143 128 114 100 88 78 71 67 68 73 150 136 123 110 99 90 84 81 82 86 158 145 132 121 111 103 97 95 95 99
48 75 78 101 58 84 101 70 0 91 50 47 87 41 39 92 88 84 22 93 44 54 64 45 54 84 77 71 37 91 42 57 86 38 20 92 83 79 20 98 114 102 93 86 82 82 86 92 101 112 104 91 81 73 68 68 72 80 91 103 95 81 69 60 55 54 60 69 81 95 88 73 59 48 41 41 47 59 73 88 82 66 51 37 27 27 37 51 66 82 79 62 45 29 15 15 29 45 62 79 78 61 44 27 10 10 27 44 61 78 80 63 47 31 19 19 31 47 63 80 84 68 54 41 32 32 41 53 68 84 90 76 63 52 46 46 52 62 76 90
133 20 44 191 53 94 192 159 91 0 107 105 178 131 122 172 177 163 78 179 134 50 51 134 59 104 167 161 126 4 108 130 176 110 109 173 173 156 87 181 135 135 138 142 149 157 167 177 189 202 120 121 124 129 136 145 156 167 180 193 106 107 110 116 124 134 145 158 171 185 92 93 97 103 112 123 135 149 163 177 78 79 83 91 101 113 127 141 155 171 63 65 70 80 91 104 119 134 149 165 49 51 58 69 82 97 112 128 144 160 35 37 47 60 75 90 106 123 140 157 21 25 38 53 69 86 103 120 137 154 7 16 32 49 67 84 101 118 136 153
43 88 74 109 55 48 109 73 50 107 0 3 96 67 35 69 88 60 69 82 64 58 60 56 49 43 89 80 50 105 11 26 97 17 43 70 85 51 69 80 67 54 44 40 43 52 64 79 94 110 59 44 32 26 30 42 57 73 89 106 55 38 22 12 20 36 52 69 86 104 54 37 19 4 17 34 51 68 86 103 56 40 26 18 24 38 54 70 87 104 62 48 37 32 36 46 60 75 91 107 71 59 50 46 48 57 68 82 97 112 81 70 63 60 62 68 78 90 104 119 92 83 76 74 76 81 89 100 112 126 103 96 90 88 89 94 101 111 122 134
42 86 73 108 54 49 108 72 47 105 3 0 95 65 34 70 88 60 66 82 62 56 59 55 48 44 88 79 49 104 9 26 97 16 41 71 85 52 66 80 69 56 46 42 44 53 65 79 94 110 61 47 34 28 31 43 57 73 89 105 56 40 24 14 20 35 52 69 86 103 55 38 20 3 15 33 50 67 85 102 57 40 25 16 22 36 52 69 86 103 62 48 36 30 33 44 58 73 89 106 70 58 48 44 46 54 66 80 95 110 80 69 61 58 59 66 76 88 102 117 91 81 75 72 73 78 87 98 110 124 102 94 88 86 87 91 99 108 120 132
54 161 159 14 139 143 15 23 87 178 96 95 0 48 63 56 15 59 103 36 44 137 145 45 133 137 12 17 53 177 87 74 6 81 70 55 14 64 95 50 152 135 118 101 85 69 54 40 31 30 149 132 115 98 81 64 47 32 19 18 149 131 114 97 79 62 45 28 10 8 149 132 115 98 80 63 46 30 16 15 151 134 117 100 84 67 52 38 28 27 154 137 121 105 89 74 60 49 41 41 158 142 126 111 96 82 70 60 55 54 164 148 133 118 105 92 81 73 68 68 170 155 141 127 114 103 93 86 82 82 177 163 149 136 124 114 105 99 96 95
33 116 117 62 97 112 62 35 41 131 67 65 48 0 34 71 52 66 56 63 8 94 103 17 91 108 37 33 18 131 56 56 46 50 28 70 47 65 47 72 132 117 103 90 79 70 65 64 68 76 125 110 95 80 68 57 51 50 55 65 121 104 88 73 58 46 38 37 43 55 117 100 83 67 51 36 25 23 33 47 115 98 81 64 46 30 14 11 26 42 115 98 81 63 46 29 13 9 25 42 117 100 83 66 50 35 23 21 32 46 120 104 87 72 57 44 36 35 42 54 125 109 94 79 66 56 49 48 54 63 131 116 102 89 77 68 63 62 66 74
11 104 98 76 78 82 77 41 39 122 35 34 63 34 0 54 58 46 60 57 30 77 83 22 71 77 55 47 16 121 25 24 64 19 20 54 54 41 56 61 99 84 70 57 48 45 48 56 68 82 93 77 61 47 36 31 35 46 60 75 89 73 56 40 25 17 24 38 54 71 88 71 53 36 19 3 17 34 52 69 89 72 55 38 22 12 21 36 53 70 92 75 59 44 32 26 31 43 57 73 97 81 67 54 44 40 43 52 65 79 103 89 76 65 57 54 56 63 74 87 111 98 86 77 70 68 70 76 85 96 121 108 98 90 84 82 83 88 96 106
45 154 142 62 123 110 63 42 92 172 69 70 56 71 54 0 42 10 113 22 63 125 128 55 117 100 59 52 59 171 66 44 61 63 72 2 43 19 108 13 106 88 71 54 37 20 7 18 35 52 107 90 74 57 42 28 21 26 40 55 111 95 79 64 50 39 35 38 48 62 116 101 86 72 60 52 48 51 59 70 123 108 94 82 72 65 62 64 71 80 130 117 104 93 84 79 76 78 83 91 139 127 115 105 97 92 90 91 96 103 149 137 126 117 110 106 104 105 109 115 159 148 138 130 124 120 118 119 122 128 170 160 150 143 137 133 132 132 135 140
48 160 156 22 135 135 23 18 88 177 88 88 15 52 58 42 0 46 106 22 46 134 141 44 129 128 22 20 51 177 81 65 20 75 69 40 5 51 98 35 140 123 106 89 72 56 40 25 18 25 139 122 105 87 70 53 36 18 5 18 140 122 105 88 71 54 37 21 10 20 141 124 107 90 74 58 43 30 24 29 144 128 111 95 79 65 52 42 38 41 149 132 117 101 87 74 62 55 51 54 154 139 124 109 96 84 74 68 65 67 161 146 132 118 106 95 87 81 79 81 168 154 140 128 117 107 100 95 93 94 176 163 150 138 128 119 113 108 106 108
38 144 133 67 114 101 67 42 84 163 60 60 59 66 46 10 46 0 106 28 59 115 118 50 107 91 60 52 53 162 56 35 63 53 65 12 46 9 101 21 98 81 63 46 29 11 7 24 41 59 99 82 65 48 32 18 16 28 44 60 102 86 69 54 40 31 29 37 50 65 107 91 76 63 51 44 43 49 59 72 113 99 85 73 63 58 57 61 70 81 121 107 95 84 76 71 71 74 81 91 130 117 106 96 89 85 84 87 93 102 139 128 117 109 102 99 98 101 106 114 150 139 129 122 116 113 112 114 119 126 161 151 142 135 130 127 126 128 132 138
69 66 76 117 60 95 117 88 22 78 69 66 103 56 60 113 106 106 0 113 61 54 65 64 57 98 92 88 57 79 62 79 101 60 41 114 101 101 10 119 129 120 112 107 104 104 107 113 120 130 118 108 99 93 90 90 94 100 109 120 108 96 87 80 76 76 81 88 98 110 98 85 74 66 62 63 68 76 88 101 90 76 63 53 48 49 55 66 79 93 83 68 53 41 34 35 44 57 71 87 79 62 46 31 21 23 35 50 66 83 76 59 42 25 9 13 29 46 63 81 77 60 42 26 11 14 30 47 64 81 80 63 47 33 24 26 37 51 67 84
47 161 153 41 133 126 41 29 93 179 82 82 36 63 57 22 22 28 113 0 56 133 138 50 127 117 41 36 57 178 76 56 41 71 73 21 24 36 106 14 126 109 91 74 57 39 22 5 14 31 126 109 92 75 58 41 25 14 18 33 129 112 95 79 62 47 34 27 30 40 132 116 100 84 70 56 46 41 42 51 137 121 106 92 78 67 59 54 56 62 143 128 114 101 89 79 72 68 69 74 151 136 123 111 100 91 85 82 83 87 159 145 133 121 112 104 98 96 96 100 168 155 143 133 124 117 112 110 110 113 177 165 154 145 136 130 125 123 124 126
27 118 118 58 98 110 58 29 44 134 64 62 44 8 30 63 46 59 61 56 0 95 104 10 92 106 33 28 14 134 53 51 43 47 28 63 41 58 53 65 128 112 98 84 72 63 57 57 61 70 122 106 90 76 62 51 44 43 49 60 118 101 85 69 53 40 30 30 38 51 115 98 81 64 47 31 18 17 29 45 114 97 80 62 45 28 11 8 25 42 115 98 81 64 47 31 17 16 28 44 118 101 84 68 53 39 30 29 37 50 122 106 90 75 61 50 43 42 48 59 127 112 97 84 72 62 56 56 60 69 134 120 106 93 83 75 70 70 73 81
88 31 24 151 7 52 151 117 54 50 58 56 137 94 77 125 134 115 54 133 95 0 12 93 11 60 127 121 85 48 60 81 137 63 68 126 130 107 61 134 93 90 90 93 100 108 119 131 144 158 79 76 76 80 87 97 109 122 136 151 66 62 62 67 76 87 100 114 129 145 53 47 48 54 65 78 92 108 123 140 41 33 34 43 56 71 86 102 119 136 31 20 21 34 49 65 82 99 116 133 25 8 12 28 46 63 80 97 115 132 27 13 15 30 47 64 81 98 115 132 35 26 27 37 52 67 84 100 117 134 46 40 41 48 60 74 89 105 121 137
94 33 16 158 6 45 158 123 64 51 60 59 145 103 83 128 141 118 65 138 104 12 0 100 12 54 135 128 92 49 63 84 145 67 76 129 137 110 72 138 86 85 87 92 100 111 123 136 150 164 72 70 73 80 89 101 114 128 142 158 58 56 60 67 78 91 106 121 136 152 44 42 47 56 69 84 99 115 131 148 31 28 34 47 62 78 94 111 128 144 20 14 25 40 57 74 91 108 125 143 15 4 21 38 55 73 90 107 125 142 22 16 26 41 58 74 91 108 126 143 33 30 36 48 63 78 95 111 128 145 47 44 49 58 71 85 100 116 132 148
18 118 115 59 95 103 59 26 45 134 56 55 45 17 22 55 44 50 64 50 10 93 100 0 89 98 35 28 9 134 46 41 45 40 26 55 39 49 56 58 119 104 89 75 63 54 49 51 57 68 114 98 82 67 53 41 35 37 46 59 111 94 77 61 45 31 22 25 37 52 109 92 74 57 40 23 9 15 32 49 109 92 74 57 40 23 9 15 32 49 111 94 77 61 45 31 22 25 37 52 114 98 82 67 53 42 36 38 46 59 119 104 89 75 63 54 49 51 58 68 126 111 97 85 74 67 63 64 70 79 134 120 107 96 87 80 77 78 82 90
82 40 27 146 7 43 147 112 54 59 49 48 133 91 71 117 129 107 57 127 92 11 12 89 0 51 123 116 81 57 52 73 133 56 65 118 125 99 64 127 83 80 80 83 90 100 111 124 138 152 70 66 66 70 78 89 102 116 131 146 57 52 52 58 67 80 94 109 124 140 45 38 38 46 58 72 87 103 119 136 34 24 25 35 50 66 82 99 116 133 27 11 13 29 45 63 80 97 114 132 26 10 12 28 45 62 80 97 114 131 33 22 23 34 49 65 82 99 116 133 43 36 36 44 57 71 87 103 119 136 55 50 50 56 66 79 93 108 124 140
84 86 62 149 54 13 149 114 84 104 43 44 137 108 77 100 128 91 98 117 106 60 54 98 51 0 130 122 92 101 53 63 139 59 83 102 125 82 101 112 33 32 38 51 65 81 97 114 130 147 21 18 28 43 60 77 94 111 128 145 13 6 23 40 58 75 92 110 127 144 18 14 26 42 59 76 93 110 127 145 30 27 35 48 63 79 96 113 129 146 43 41 47 57 70 85 101 117 133 149 57 55 60 68 79 93 107 122 138 154 71 70 73 80 90 101 115 129 144 159 85 84 86 92 101 112 124 137 151 166 99 98 100 105 113 122 133 146 159 173
47 151 150 26 129 136 26 19 77 167 89 88 12 37 55 59 22 60 92 41 33 127 135 35 123 130 0 9 43 167 80 69 10 73 60 58 18 63 83 54 148 131 114 98 83 68 55 44 39 42 144 127 110 94 77 61 46 33 26 29 143 125 108 91 74 57 40 24 12 19 142 125 108 90 73 56 38 21 5 15 143 126 109 92 75 58 42 27 17 22 145 128 112 95 79 63 49 37 31 34 149 132 116 100 85 71 58 49 44 46 154 138 122 107 93 80 69 62 58 59 160 144 130 116 102 91 81 75 72 73 166 152 138 125 113 102 94 88 85 86
38 145 143 31 122 128 31 10 71 161 80 79 17 33 47 52 20 52 88 36 28 121 128 28 116 122 9 0 36 161 71 60 18 65 53 51 15 55 80 49 139 122 106 90 74 60 47 39 37 43 136 119 102 85 68 52 38 26 24 32 134 117 99 82 65 48 31 15 11 25 134 116 99 82 65 47 30 13 8 24 135 118 101 84 67 51 35 23 20 30 138 121 104 88 72 57 44 35 33 40 142 125 110 94 80 66 55 48 47 52 147 131 116 102 88 77 67 62 61 64 153 138 124 111 99 88 80 75 74 77 161 146 133 121 109 100 93 89 88 91
17 110 107 67 87 97 67 33 37 126 50 49 53 18 16 59 51 53 57 57 14 85 92 9 81 92 43 36 0 126 40 39 53 34 18 59 47 50 50 63 115 100 85 73 62 55 53 56 65 76 109 93 77 63 50 42 39 44 54 67 105 88 71 55 41 29 25 32 45 60 102 85 68 51 34 19 11 23 39 56 102 84 67 50 33 15 5 21 38 55 103 86 69 53 37 23 18 27 42 58 106 90 74 59 45 35 32 37 49 63 111 96 81 67 56 48 46 50 59 71 118 103 90 77 68 61 59 63 70 81 126 112 100 89 80 75 73 76 82 91
132 18 40 191 51 91 191 159 91 4 105 104 177 131 121 171 177 162 79 178 134 48 49 134 57 101 167 161 126 0 106 128 176 109 108 172 172 154 88 180 132 132 135 140 147 155 165 176 188 201 117 118 121 127 135 144 155 166 179 193 103 104 108 114 123 133 144 157 170 185 89 90 94 102 111 122 135 148 163 177 74 76 81 90 100 113 126 141 156 171 60 62 69 78 90 104 119 134 149 165 46 49 57 68 82 97 112 128 145 161 32 35 46 60 75 91 107 124 141 158 17 24 38 54 70 87 104 121 138 156 4 17 34 51 68 86 103 120 137 155
34 89 78 100 58 58 100 65 42 108 11 9 87 56 25 66 81 56 62 76 53 60 63 46 52 53 80 71 40 106 0 22 88 7 33 67 77 48 61 75 77 63 52 45 44 50 60 73 88 103 70 55 41 32 31 38 51 66 82 98 65 48 32 19 17 29 44 61 78 95 63 46 29 11 7 24 42 59 76 94 64 48 31 17 15 28 44 60 77 94 69 53 39 29 28 36 50 65 81 97 75 62 50 43 42 48 58 72 86 102 84 72 62 56 56 60 69 80 94 108 94 83 75 70 70 73 80 90 102 116 105 95 88 84 84 87 93 101 112 124
24 111 99 86 80 71 86 52 57 130 26 26 74 56 24 44 65 35 79 56 51 81 84 41 73 63 69 60 39 128 22 0 76 21 41 45 62 26 76 54 79 63 48 34 26 28 39 53 69 85 76 59 42 26 13 17 32 48 65 82 75 58 41 24 7 13 30 47 64 82 77 60 44 29 18 21 34 50 66 83 81 66 51 39 32 34 43 56 71 87 88 74 61 51 46 47 54 65 78 93 96 83 72 64 60 60 66 75 87 100 105 94 84 77 74 74 79 86 97 109 116 105 97 91 88 88 92 98 108 119 127 117 110 104 102 102 105 111 119 129
55 161 160 16 139 145 16 25 86 176 97 97 6 46 64 61 20 63 101 41 43 137 145 45 133 139 10 18 53 176 88 76 0 82 70 60 18 68 93 55 155 138 121 105 88 73 58 45 36 35 152 135 118 101 84 67 51 36 24 21 151 133 116 99 82 64 47 30 14 9 151 134 116 99 82 65 47 30 14 10 152 135 118 101 84 68 51 36 25 22 155 138 121 105 89 73 59 46 37 36 159 142 126 110 95 81 68 57 50 49 163 148 132 117 103 90 78 69 64 63 169 154 139 125 112 100 90 82 77 77 176 162 148 134 122 111 102 95 91 90
28 92 82 94 63 64 94 59 38 110 17 16 81 50 19 63 75 53 60 71 47 63 67 40 56 59 73 65 34 109 7 21 82 0 27 64 71 46 58 72 83 69 57 48 45 48 57 69 83 98 76 61 47 36 31 36 47 61 76 92 72 55 39 24 17 25 39 55 72 89 70 52 35 18 3 18 35 53 70 87 71 54 37 21 12 21 37 54 71 88 74 58 43 31 26 31 44 58 74 91 80 66 53 44 40 44 53 66 80 96 88 75 64 57 54 57 64 75 88 102 98 86 77 70 68 70 76 85 97 110 108 98 89 84 82 84 89 97 107 119
28 92 91 84 70 86 84 51 20 109 43 41 70 28 20 72 69 65 41 73 28 68 76 26 65 83 60 53 18 108 33 41 70 27 0 73 64 60 36 78 109 96 84 74 67 64 66 72 82 93 101 87 73 62 54 50 53 60 71 85 95 79 65 51 41 36 40 49 63 77 91 74 58 42 29 22 28 41 56 72 88 71 54 37 20 9 19 35 52 69 88 71 54 37 20 7 18 35 52 69 90 74 57 41 28 20 26 40 55 71 95 79 63 50 39 34 38 48 62 77 101 86 72 60 52 48 51 59 70 84 108 94 82 72 65 62 64 71 80 92
45 155 144 61 125 112 61 41 92 173 70 71 55 70 54 2 40 12 114 21 63 126 129 55 118 102 58 51 59 172 67 45 60 64 73 0 42 20 108 11 107 90 73 56 39 22 7 16 33 50 109 92 75 59 43 29 21 25 38 53 113 96 80 65 51 40 35 37 47 60 118 102 87 73 61 53 48 50 58 69 124 110 96 83 73 66 62 64 70 79 132 118 105 94 85 79 76 77 82 90 141 128 116 106 98 92 90 91 95 102 150 138 127 118 111 106 104 105 108 114 160 149 139 131 124 120 118 118 121 127 171 160 151 143 137 133 132 132 135 140
44 156 152 24 131 133 24 14 83 173 85 85 14 47 54 43 5 46 101 24 41 130 137 39 125 125 18 15 47 172 77 62 18 71 64 42 0 51 93 37 139 122 105 88 72 55 40 28 23 30 137 120 103 86 68 51 34 18 9 21 137 120 103 85 68 51 34 17 6 20 138 121 104 87 71 54 38 25 20 27 141 124 108 91 76 61 47 37 33 38 145 129 113 97 83 69 58 50 47 51 150 135 119 105 91 79 69 63 61 64 157 142 127 114 101 90 82 76 75 77 164 150 136 123 112 102 95 90 88 90 172 158 145 134 123 114 108 103 102 104
34 137 124 73 106 92 73 45 79 156 51 52 64 65 41 19 51 9 101 36 58 107 110 49 99 82 63 55 50 154 48 26 68 46 60 20 51 0 96 30 90 73 56 38 21 5 15 32 49 67 91 74 57 40 23 11 18 34 50 67 93 77 61 45 32 25 28 40 55 71 98 82 68 54 44 39 41 50 62 77 104 90 76 65 57 53 54 61 72 84 112 99 87 77 70 67 68 73 82 93 121 109 98 89 83 80 81 86 94 104 131 120 110 102 97 94 95 99 106 115 142 131 122 115 110 108 109 112 118 126 153 143 135 128 124 122 123 126 131 138
64 75 84 108 67 99 108 81 20 87 69 66 95 47 56 108 98 101 10 106 53 61 72 56 64 101 83 80 50 88 61 76 93 58 36 108 93 96 0 113 131 121 112 105 101 100 102 106 113 122 121 109 100 92 87 86 88 93 101 111 111 99 88 79 74 72 75 81 90 101 103 89 77 67 60 58 61 69 79 92 95 80 67 55 47 44 48 58 70 84 90 74 58 44 34 30 36 48 62 78 86 69 52 36 22 16 26 41 57 74 84 67 50 33 15 4 20 38 55 72 85 68 51 35 20 13 24 40 56 73 89 72 56 42 31 27 33 46 61 77
51 163 153 53 133 122 54 40 98 181 80 80 50 72 61 13 35 21 119 14 65 134 138 58 127 112 54 49 63 180 75 54 55 72 78 11 37 30 113 0 118 100 83 66 49 32 16 10 24 40 119 102 86 69 53 38 26 23 32 45 123 106 90 75 60 48 39 37 43 54 128 112 97 83 70 59 52 51 55 64 134 119 105 92 81 71 66 65 68 75 141 127 114 102 92 84 80 78 81 87 150 137 124 113 104 97 93 92 94 100 159 146 135 125 117 111 107 106 108 112 169 157 146 137 130 124 121 120 121 125 179 168 158 150 143 138 135 134 135 139
103 118 92 162 87 42 162 130 114 135 67 69 152 132 99 106 140 98 129 126 128 93 86 119 83 33 148 139 115 132 77 79 155 83 109 107 139 90 131 118 0 18 35 52 70 87 104 122 139 156 15 23 38 54 71 88 105 122 140 157 29 34 45 60 75 91 108 125 142 159 43 47 55 68 82 97 113 129 145 162 58 60 67 77 90 104 119 134 150 166 72 74 80 88 99 112 126 140 156 171 86 88 93 100 110 122 134 148 162 177 100 102 106 112 121 132 144 156 170 184 115 116 119 125 133 143 154 166 179 192 129 130 133 138 145 154 164 176 188 201
87 117 93 145 84 43 145 113 102 135 54 56 135 117 84 88 123 81 120 109 112 90 85 104 80 32 131 122 100 132 63 63 138 69 96 90 122 73 121 100 18 0 18 35 52 70 87 104 122 139 23 15 23 38 54 71 88 105 122 140 34 29 34 45 60 75 91 108 125 142 47 43 46 55 67 82 97 112 129 145 60 57 60 67 77 90 104 118 134 150 74 72 73 79 88 99 112 126 140 155 88 86 87 92 100 110 121 134 148 162 102 100 101 105 112 121 131 143 156 170 116 114 115 119 125 133 142 153 165 178 130 128 129 132 138 145 154 164 175 187
72 119 97 128 85 51 128 96 93 138 44 46 118 103 70 71 106 63 112 91 98 90 87 89 80 38 114 106 85 135 52 48 121 57 84 73 105 56 112 83 35 18 0 18 35 52 70 87 104 122 38 23 15 23 38 54 71 88 105 122 45 34 29 34 45 60 75 91 108 125 55 46 43 46 55 67 81 97 112 129 67 60 57 60 67 77 90 104 118 134 80 73 71 73 79 88 99 112 126 140 93 87 85 87 92 99 109 121 134 148 106 101 99 101 105 112 121 131 143 156 119 115 114 115 118 124 132 142 153 165 133 129 128 129 132 137 144 153 163 175
58 123 105 111 90 62 111 80 86 142 40 42 101 90 57 54 89 46 107 74 84 93 92 75 83 51 98 90 73 140 45 34 105 48 74 56 88 38 105 66 52 35 18 0 18 35 52 70 87 104 54 38 23 15 23 38 54 71 88 105 60 45 34 29 33 45 59 75 91 108 68 55 46 43 46 55 67 81 97 112 77 67 60 57 59 66 77 89 103 118 88 79 73 71 73 79 88 99 112 125 100 92 87 85 87 91 99 109 121 134 112 105 101 99 100 105 111 120 131 143 125 119 115 113 114 118 124 132 141 152 138 132 129 127 128 131 137 144 153 163
46 130 114 94 97 76 94 64 82 149 43 44 85 79 48 37 72 29 104 57 72 100 100 63 90 65 83 74 62 147 44 26 88 45 67 39 72 21 101 49 70 52 35 18 0 18 35 52 70 87 71 54 38 23 15 23 38 54 71 88 75 60 45 33 29 33 45 59 75 91 82 67 55 46 43 46 55 67 81 96 90 77 67 59 57 59 66 77 89 103 99 88 79 73 71 73 78 87 99 111 110 100 92 87 85 86 91 99 109 120 121 112 105 100 99 100 104 111 120 130 133 125 118 114 113 114 117 123 131 141 145 138 132 128 127 127 131 136 143 152
39 138 125 77 107 91 77 50 82 157 52 53 69 70 45 20 56 11 104 39 63 108 111 54 100 81 68 60 55 155 50 28 73 48 64 22 55 5 100 32 87 70 52 35 18 0 18 35 52 70 88 71 54 38 23 14 23 38 54 71 91 75 60 45 33 28 33 45 59 75 97 82 67 55 46 42 46 55 67 81 104 90 77 66 59 56 59 66 76 89 112 99 88 79 73 70 72 78 87 98 122 110 99 91 86 84 86 91 98 108 132 121 112 105 100 98 99 104 110 119 143 133 124 118 114 112 113 117 123 131 154 145 137 131 127 126 127 130 135 143
38 148 137 61 118 107 61 38 86 167 64 65 54 65 48 7 40 7 107 22 57 119 123 49 111 97 55 47 53 165 60 39 58 57 66 7 40 15 102 16 104 87 70 52 35 18 0 18 35 52 105 88 71 54 38 23 14 23 38 54 108 91 75 59 45 33 28 33 45 59 113 97 81 67 55 46 42 46 54 67 119 104 90 77 66 59 56 59 66 76 126 112 99 88 78 72 70 72 78 87 134 121 109 99 91 86 84 85 90 98 144 131 121 111 104 99 98 99 103 110 154 142 132 124 117 113 112 113 116 122 164 154 144 137 131 127 125 126 130 135
45 159 151 45 131 123 45 31 92 177 79 79 40 64 56 18 25 24 113 5 57 131 136 51 124 114 44 39 56 176 73 53 45 69 72 16 28 32 106 10 122 104 87 70 52 35 18 0 18 35 122 105 88 71 54 38 23 14 23 38 125 108 91 75 59 45 33 28 33 45 129 112 97 81 67 55 46 42 45 54 134 118 104 89 77 66 59 56 58 65 140 126 112 99 87 78 72 70 72 77 148 134 121 109 99 91 85 83 85 90 156 143 131 120 111 104 99 97 99 103 166 153 142 132 123 117 113 111 112 116 176 164 153 144 136 130 126 125 126 129
57 172 165 31 145 139 31 33 101 189 94 94 31 68 68 35 18 41 120 14 61 144 150 57 138 130 39 37 65 188 88 69 36 83 82 33 23 49 113 24 139 122 104 87 70 52 35 18 0 18 140 122 105 88 71 54 38 23 14 23 142 125 108 91 75 59 45 33 28 33 145 129 112 97 81 67 54 45 42 45 150 134 118 103 89 76 66 58 55 58 156 140 126 112 99 87 78 72 69 71 162 148 134 121 109 98 90 85 83 85 170 156 143 131 120 110 103 99 97 98 179 165 153 141 131 123 116 112 110 112 188 175 163 153 143 135 130 126 124 125
71 185 179 23 159 156 23 43 112 202 110 110 30 76 82 52 25 59 130 31 70 158 164 68 152 147 42 43 76 201 103 85 35 98 93 50 30 67 122 40 156 139 122 104 87 70 52 35 18 0 157 140 122 105 88 71 54 38 23 14 159 142 125 108 91 75 59 45 33 28 162 145 129 112 96 81 67 54 45 42 166 150 134 118 103 89 76 65 58 55 171 155 140 125 111 98 87 77 71 69 177 162 148 134 120 108 98 90 85 83 184 170 156 143 130 119 110 103 98 96 192 178 165 152 141 131 122 116 112 110 201 187 175 163 152 143 135 129 125 124
99 103 78 161 73 28 161 127 104 120 59 61 149 125 93 107 139 99 118 126 122 79 72 114 70 21 144 136 109 117 70 76 152 76 101 109 137 91 121 119 15 23 38 54 71 88 105 122 140 157 0 18 35 52 70 87 104 122 139 156 15 23 38 54 71 88 105 122 140 157 29 34 45 60 75 91 108 125 142 159 43 47 55 68 82 97 113 129 145 162 58 60 67 77 90 104 119 134 150 166 72 74 80 88 99 112 126 140 156 171 86 88 93 100 110 122 134 148 162 177 100 102 106 112 121 132 144 156 170 184 115 116 119 125 133 143 154 166 179 192
82 103 79 143 70 30 144 110 91 121 44 47 132 110 77 90 122 82 108 109 106 76 70 98 66 18 127 119 93 118 55 59 135 61 87 92 120 74 109 102 23 15 23 38 54 71 88 105 122 140 18 0 18 35 52 70 87 104 122 139 23 15 23 38 54 71 88 105 122 140 34 29 34 45 60 75 91 108 125 142 47 43 46 55 67 82 97 112 129 145 60 57 60 67 77 90 104 118 134 150 74 72 73 79 88 99 112 126 140 155 88 86 87 92 100 110 121 134 148 162 102 100 101 105 112 121 131 143 156 170 116 114 115 119 125 133 142 153 165 178
66 105 84 126 71 40 126 93 81 124 32 34 115 95 61 74 105 65 99 92 90 76 73 82 66 28 110 102 77 121 41 42 118 47 73 75 103 57 100 86 38 23 15 23 38 54 71 88 105 122 35 18 0 18 35 52 70 87 104 122 38 23 15 23 38 54 71 88 105 122 45 34 29 34 45 60 75 91 108 125 55 46 43 46 55 67 81 97 112 129 67 60 57 60 67 77 90 104 118 134 80 73 71 73 79 88 99 112 126 140 93 87 85 87 92 99 109 121 134 148 106 101 99 101 105 112 121 131 143 156 119 115 114 115 118 124 132 142 153 165
50 110 92 109 77 54 109 76 73 129 26 28 98 80 47 57 87 48 93 75 76 80 80 67 70 43 94 85 63 127 32 26 101 36 62 59 86 40 92 69 54 38 23 15 23 38 54 71 88 105 52 35 18 0 18 35 52 70 87 104 54 38 23 15 23 38 54 71 88 105 60 45 34 29 33 45 59 75 91 108 68 55 46 43 46 55 67 81 97 112 77 67 60 57 59 66 77 89 103 118 88 79 73 71 73 79 88 99 112 125 100 92 87 85 87 91 99 109 121 134 112 105 101 99 100 105 111 120 131 143 125 119 115 113 114 118 124 132 141 152
35 117 103 92 85 69 92 59 68 136 30 31 81 68 36 42 70 32 90 58 62 87 89 53 78 60 77 68 50 135 31 13 84 31 54 43 68 23 87 53 71 54 38 23 15 23 38 54 71 88 70 52 35 18 0 18 35 52 70 87 71 54 38 23 15 23 38 54 71 88 75 60 45 33 29 33 45 59 75 91 82 67 55 46 43 46 55 67 81 96 90 77 67 59 57 59 66 77 89 103 99 88 79 73 71 73 78 87 99 111 110 100 92 87 85 86 91 99 109 120 121 112 105 100 99 100 104 111 120 130 133 125 118 114 113 114 117 123 131 141
25 127 115 74 96 86 75 43 68 145 42 43 64 57 31 28 53 18 90 41 51 97 101 41 89 77 61 52 42 144 38 17 67 36 50 29 51 11 86 38 88 71 54 38 23 14 23 38 54 71 87 70 52 35 18 0 18 35 52 70 88 71 54 38 23 14 23 38 54 71 91 75 60 45 33 28 33 45 59 75 97 82 67 55 46 42 46 55 67 81 104 90 77 66 59 56 59 66 76 89 112 99 88 79 73 70 72 78 87 98 122 110 99 91 86 84 86 91 98 108 132 121 112 105 100 98 99 104 110 119 143 133 124 118 114 112 113 117 123 131
25 137 128 57 109 102 58 28 72 156 57 57 47 51 35 21 36 16 94 25 44 109 114 35 102 94 46 38 39 155 51 32 51 47 53 21 34 18 88 26 105 88 71 54 38 23 14 23 38 54 104 87 70 52 35 18 0 18 35 52 105 88 71 54 38 23 14 23 38 54 108 91 75 59 45 33 28 33 45 59 113 97 81 67 55 46 42 46 54 67 119 104 90 77 66 59 56 59 66 76 126 112 99 88 78 72 70 72 78 87 134 121 109 99 91 86 84 85 90 98 144 131 121 111 104 99 98 99 103 110 154 142 132 124 117 113 112 113 116 122
35 149 143 40 122 119 41 17 80 167 73 73 32 50 46 26 18 28 100 14 43 122 128 37 116 111 33 26 44 166 66 48 36 61 60 25 18 34 93 23 122 105 88 71 54 38 23 14 23 38 122 104 87 70 52 35 18 0 18 35 122 105 88 71 54 38 23 14 23 38 125 108 91 75 59 45 33 28 33 45 129 112 97 81 67 55 46 42 45 54 134 118 104 89 77 66 59 56 58 65 140 126 112 99 87 78 72 70 72 77 148 134 121 109 99 91 85 83 85 90 156 143 131 120 111 104 99 97 99 103 166 153 142 132 123 117 113 111 112 116
49 163 157 24 137 136 24 21 91 180 89 89 19 55 60 40 5 44 109 18 49 136 142 46 131 128 26 24 54 179 82 65 24 76 71 38 9 50 101 32 140 122 105 88 71 54 38 23 14 23 139 122 104 87 70 52 35 18 0 18 140 122 105 88 71 54 38 23 14 23 142 125 108 91 75 59 45 33 28 33 145 129 112 97 81 67 54 45 42 45 150 134 118 103 89 76 66 58 55 58 156 140 126 112 99 87 78 72 69 71 162 148 134 121 109 98 90 85 83 85 170 156 143 131 120 110 103 99 97 98 179 165 153 141 131 123 116 112 110 112
65 176 173 10 152 153 10 35 103 193 106 105 18 65 75 55 18 60 120 33 60 151 158 59 146 145 29 32 67 193 98 82 21 92 85 53 21 67 111 45 157 140 122 105 88 71 54 38 23 14 156 139 122 104 87 70 52 35 18 0 157 140 122 105 88 71 54 38 23 14 159 142 125 108 91 75 59 45 33 28 162 145 129 112 96 81 67 54 45 42 166 150 134 118 103 89 76 65 58 55 171 155 140 125 111 98 87 77 71 69 177 162 148 134 120 108 98 90 85 83 184 170 156 143 130 119 110 103 98 96 192 178 165 152 141 131 122 116 112 110
96 89 63 161 59 14 161 126 95 106 55 56 149 121 89 111 140 102 108 129 118 66 58 111 57 13 143 134 105 103 65 75 151 72 95 113 137 93 111 123 29 34 45 60 75 91 108 125 142 159 15 23 38 54 71 88 105 122 140 157 0 18 35 52 70 87 104 122 139 156 15 23 38 54 71 88 105 122 140 157 29 34 45 60 75 91 108 125 142 159 43 47 55 68 82 97 113 129 145 162 58 60 67 77 90 104 119 134 150 166 72 74 80 88 99 112 126 140 156 171 86 88 93 100 110 122 134 148 162 177 100 102 106 112 121 132 144 156 170 184
79 89 65 143 56 18 144 109 81 107 38 40 131 104 73 95 122 86 96 112 101 62 56 94 52 6 125 117 88 104 48 58 133 55 79 96 120 77 99 106 34 29 34 45 60 75 91 108 125 142 23 15 23 38 54 71 88 105 122 140 18 0 18 35 52 70 87 104 122 139 23 15 23 38 54 71 88 105 122 140 34 29 34 45 60 75 91 108 125 142 47 43 46 55 67 82 97 112 129 145 60 57 60 67 77 90 104 118 134 150 74 72 73 79 88 99 112 126 140 155 88 86 87 92 100 110 121 134 148 162 102 100 101 105 112 121 131 143 156 170
62 91 71 126 57 32 126 91 69 110 22 24 114 88 56 79 105 69 87 95 85 62 60 77 52 23 108 99 71 108 32 41 116 39 65 80 103 61 88 90 45 34 29 34 45 60 75 91 108 125 38 23 15 23 38 54 71 88 105 122 35 18 0 18 35 52 70 87 104 122 38 23 15 23 38 54 71 88 105 122 45 34 29 34 45 60 75 91 108 125 55 46 43 46 55 67 81 97 112 129 67 60 57 60 67 77 90 104 118 134 80 73 71 73 79 88 99 112 126 140 93 87 85 87 92 99 109 121 134 148 106 101 99 101 105 112 121 131 143 156
45 97 81 109 64 48 109 74 60 116 12 14 97 73 40 64 88 54 80 79 69 67 67 61 58 40 91 82 55 114 19 24 99 24 51 65 85 45 79 75 60 45 34 29 33 45 59 75 91 108 54 38 23 15 23 38 54 71 88 105 52 35 18 0 18 35 52 70 87 104 54 38 23 15 23 38 54 71 88 105 60 45 34 29 33 45 59 75 91 108 68 55 46 43 46 55 67 81 97 112 77 67 60 57 59 66 77 89 103 118 88 79 73 71 73 79 88 99 112 125 100 92 87 85 87 91 99 109 121 134 112 105 101 99 100 105 111 120 131 143
28 105 93 91 74 65 92 57 55 124 20 20 79 58 25 50 71 40 76 62 53 76 78 45 67 58 74 65 41 123 17 7 82 17 41 51 68 32 74 60 75 60 45 33 29 33 45 59 75 91 71 54 38 23 15 23 38 54 71 88 70 52 35 18 0 18 35 52 70 87 71 54 38 23 15 23 38 54 71 88 75 60 45 33 29 33 45 59 75 91 82 67 55 46 43 46 55 67 81 96 90 77 67 59 57 59 66 77 89 103 99 88 79 73 71 73 78 87 99 111 110 100 92 87 85 86 91 99 109 120 121 112 105 100 99 100 104 111 120 130
13 116 106 74 86 82 74 40 54 134 36 35 62 46 17 39 54 31 76 47 40 87 91 31 80 75 57 48 29 133 29 13 64 25 36 40 51 25 72 48 91 75 60 45 33 28 33 45 59 75 88 71 54 38 23 14 23 38 54 71 87 70 52 35 18 0 18 35 52 70 88 71 54 38 23 14 23 38 54 71 91 75 60 45 33 28 33 45 59 75 97 82 67 55 46 42 46 55 67 81 104 90 77 66 59 56 59 66 76 89 112 99 88 79 73 70 72 78 87 98 122 110 99 91 86 84 86 91 98 108 132 121 112 105 100 98 99 104 110 119
13 127 121 57 100 99 57 22 60 145 52 52 45 38 24 35 37 29 81 34 30 100 106 22 94 92 40 31 25 144 44 30 47 39 40 35 34 28 75 39 108 91 75 59 45 33 28 33 45 59 105 88 71 54 38 23 14 23 38 54 104 87 70 52 35 18 0 18 35 52 105 88 71 54 38 23 14 23 38 54 108 91 75 59 45 33 28 33 45 59 113 97 81 67 55 46 42 46 54 67 119 104 90 77 66 59 56 59 66 76 126 112 99 88 78 72 70 72 78 87 134 121 109 99 91 86 84 85 90 98 144 131 121 111 104 99 98 99 103 110
28 140 136 40 115 117 40 5 69 158 69 69 28 37 38 38 21 37 88 27 30 114 121 25 109 110 24 15 32 157 61 47 30 55 49 37 17 40 81 37 125 108 91 75 59 45 33 28 33 45 122 105 88 71 54 38 23 14 23 38 122 104 87 70 52 35 18 0 18 35 122 105 88 71 54 38 23 14 23 38 125 108 91 75 59 45 33 28 33 45 129 112 97 81 67 55 46 42 45 54 134 118 104 89 77 66 59 56 58 65 140 126 112 99 87 78 72 70 72 77 148 134 121 109 99 91 85 83 85 90 156 143 131 120 111 104 99 97 99 103
44 154 151 23 131 134 23 14 81 171 86 86 10 43 54 48 10 50 98 30 38 129 136 37 124 127 12 11 45 170 78 64 14 72 63 47 6 55 90 43 142 125 108 91 75 59 45 33 28 33 140 122 105 88 71 54 38 23 14 23 139 122 104 87 70 52 35 18 0 18 140 122 105 88 71 54 38 23 14 23 142 125 108 91 75 59 45 33 28 33 145 129 112 97 81 67 54 45 42 45 150 134 118 103 89 76 66 58 55 58 156 140 126 112 99 87 78 72 69 71 162 148 134 121 109 98 90 85 83 85 170 156 143 131 120 110 103 99 97 98
61 169 167 8 146 151 8 31 95 185 104 103 8 55 71 62 20 65 110 40 51 145 152 52 140 144 19 25 60 185 95 82 9 89 77 60 20 71 101 54 159 142 125 108 91 75 59 45 33 28 157 140 122 105 88 71 54 38 23 14 156 139 122 104 87 70 52 35 18 0 157 140 122 105 88 71 54 38 23 14 159 142 125 108 91 75 59 45 33 28 162 145 129 112 96 81 67 54 45 42 166 150 134 118 103 89 76 65 58 55 171 155 140 125 111 98 87 77 71 69 177 162 148 134 120 108 98 90 85 83 184 170 156 143 130 119 110 103 98 96
96 75 49 162 46 6 162 127 88 92 54 55 149 117 88 116 141 107 98 132 115 53 44 109 45 18 142 134 102 89 63 77 151 70 91 118 138 98 103 128 43 47 55 68 82 97 113 129 145 162 29 34 45 60 75 91 108 125 142 159 15 23 38 54 71 88 105 122 140 157 0 18 35 52 70 87 104 122 139 156 15 23 38 54 71 88 105 122 140 157 29 34 45 60 75 91 108 125 142 159 43 47 55 68 82 97 113 129 145 162 58 60 67 77 90 104 119 134 150 166 72 74 80 88 99 112 126 140 156 171 86 88 93 100 110 122 134 148 162 177
79 74 52 145 42 12 145 109 73 93 37 38 132 100 71 101 124 91 85 116 98 47 42 92 38 14 125 116 85 90 46 60 134 52 74 102 121 82 89 112 47 43 46 55 67 82 97 112 129 145 34 29 34 45 60 75 91 108 125 142 23 15 23 38 54 71 88 105 122 140 18 0 18 35 52 70 87 104 122 139 23 15 23 38 54 71 88 105 122 140 34 29 34 45 60 75 91 108 125 142 47 43 46 55 67 82 97 112 129 145 60 57 60 67 77 90 104 118 134 150 74 72 73 79 88 99 112 126 140 155 88 86 87 92 100 110 121 134 148 162
62 78 59 127 44 30 128 92 59 97 19 20 115 83 53 86 107 76 74 100 81 48 47 74 38 26 108 99 68 94 29 44 116 35 58 87 104 68 77 97 55 46 43 46 55 67 81 97 112 129 45 34 29 34 45 60 75 91 108 125 38 23 15 23 38 54 71 88 105 122 35 18 0 18 35 52 70 87 104 122 38 23 15 23 38 54 71 88 105 122 45 34 29 34 45 60 75 91 108 125 55 46 43 46 55 67 81 97 112 129 67 60 57 60 67 77 90 104 118 134 80 73 71 73 79 88 99 112 126 140 93 87 85 87 92 99 109 121 134 148
44 84 71 110 52 47 111 75 48 103 4 3 98 67 36 72 90 63 66 84 64 54 56 57 46 42 90 82 51 102 11 29 99 18 42 73 87 54 67 83 68 55 46 43 46 55 67 81 97 112 60 45 34 29 33 45 59 75 91 108 54 38 23 15 23 38 54 71 88 105 52 35 18 0 18 35 52 70 87 104 54 38 23 15 23 38 54 71 88 105 60 45 34 29 33 45 59 75 91 108 68 55 46 43 46 55 67 81 97 112 77 67 60 57 59 66 77 89 103 118 88 79 73 71 73 79 88 99 112 125 100 92 87 85 87 91 99 109 121 134
27 94 84 93 64 64 94 58 41 112 17 15 80 51 19 60 74 51 62 70 47 65 69 40 58 59 73 65 34 111 7 18 82 3 29 61 71 44 60 70 82 67 55 46 43 46 55 67 81 96 75 60 45 33 29 33 45 59 75 91 71 54 38 23 15 23 38 54 71 88 70 52 35 18 0 18 35 52 70 87 71 54 38 23 15 23 38 54 71 88 75 60 45 33 29 33 45 59 75 91 82 67 55 46 43 46 55 67 81 96 90 77 67 59 57 59 66 77 89 103 99 88 79 73 71 73 78 87 99 111 110 100 92 87 85 86 91 99 109 120
11 105 99 77 78 81 77 41 41 123 34 33 63 36 3 52 58 44 63 56 31 78 84 23 72 76 56 47 19 122 24 21 65 18 22 53 54 39 58 59 97 82 67 55 46 42 46 55 67 81 91 75 60 45 33 28 33 45 59 75 88 71 54 38 23 14 23 38 54 71 87 70 52 35 18 0 18 35 52 70 88 71 54 38 23 14 23 38 54 71 91 75 60 45 33 28 33 45 59 75 97 82 67 55 46 42 46 55 67 81 104 90 77 66 59 56 59 66 76 89 112 99 88 79 73 70 72 78 87 98 122 110 99 91 86 84 86 91 98 108
10 118 114 60 93 99 60 25 47 135 51 50 46 25 17 48 43 43 68 46 18 92 99 9 87 93 38 30 11 135 42 34 47 35 28 48 38 41 61 52 113 97 81 67 55 46 42 46 54 67 108 91 75 59 45 33 28 33 45 59 105 88 71 54 38 23 14 23 38 54 104 87 70 52 35 18 0 18 35 52 105 88 71 54 38 23 14 23 38 54 108 91 75 59 45 33 28 33 45 59 113 97 81 67 55 46 42 46 54 67 119 104 90 77 66 59 56 59 66 76 126 112 99 88 78 72 70 72 78 87 134 121 109 99 91 86 84 85 90 98
27 132 130 44 109 116 44 13 59 149 68 67 30 23 34 51 30 49 76 41 17 108 115 15 103 110 21 13 23 148 59 50 30 53 41 50 25 50 69 51 129 112 97 81 67 55 46 42 45 54 125 108 91 75 59 45 33 28 33 45 122 105 88 71 54 38 23 14 23 38 122 104 87 70 52 35 18 0 18 35 122 105 88 71 54 38 23 14 23 38 125 108 91 75 59 45 33 28 33 45 129 112 97 81 67 55 46 42 45 54 134 118 104 89 77 66 59 56 58 65 140 126 112 99 87 78 72 70 72 77 148 134 121 109 99 91 85 83 85 90
44 147 146 30 125 133 30 18 73 163 86 85 16 33 52 59 24 59 88 42 29 123 131 32 119 127 5 8 39 163 76 66 14 70 56 58 20 62 79 55 145 129 112 97 81 67 54 45 42 45 142 125 108 91 75 59 45 33 28 33 140 122 105 88 71 54 38 23 14 23 139 122 104 87 70 52 35 18 0 18 140 122 105 88 71 54 38 23 14 23 142 125 108 91 75 59 45 33 28 33 145 129 112 97 81 67 54 45 42 45 150 134 118 103 89 76 66 58 55 58 156 140 126 112 99 87 78 72 69 71 162 148 134 121 109 98 90 85 83 85
61 162 162 20 142 151 20 33 88 177 103 102 15 47 69 70 29 72 101 51 45 140 148 49 136 145 15 24 56 177 94 83 10 87 72 69 27 77 92 64 162 145 129 112 96 81 67 54 45 42 159 142 125 108 91 75 59 45 33 28 157 140 122 105 88 71 54 38 23 14 156 139 122 104 87 70 52 35 18 0 157 140 122 105 88 71 54 38 23 14 159 142 125 108 91 75 59 45 33 28 162 145 129 112 96 81 67 54 45 42 166 150 134 118 103 89 76 65 58 55 171 155 140 125 111 98 87 77 71 69 177 162 148 134 120 108 98 90 85 83
98 61 35 164 34 18 164 129 82 78 56 57 151 115 89 123 144 113 90 137 114 41 31 109 34 30 143 135 102 74 64 81 152 71 88 124 141 104 95 134 58 60 67 77 90 104 119 134 150 166 43 47 55 68 82 97 113 129 145 162 29 34 45 60 75 91 108 125 142 159 15 23 38 54 71 88 105 122 140 157 0 18 35 52 70 87 104 122 139 156 15 23 38 54 71 88 105 122 140 157 29 34 45 60 75 91 108 125 142 159 43 47 55 68 82 97 113 129 145 162 58 60 67 77 90 104 119 134 150 166 72 74 80 88 99 112 126 140 156 171
81 60 38 147 27 20 147 112 66 79 40 40 134 98 72 108 128 99 76 121 97 33 28 92 24 27 126 118 84 76 48 66 135 54 71 110 124 90 80 119 60 57 60 67 77 90 104 118 134 150 47 43 46 55 67 82 97 112 129 145 34 29 34 45 60 75 91 108 125 142 23 15 23 38 54 71 88 105 122 140 18 0 18 35 52 70 87 104 122 139 23 15 23 38 54 71 88 105 122 140 34 29 34 45 60 75 91 108 125 142 47 43 46 55 67 82 97 112 129 145 60 57 60 67 77 90 104 118 134 150 74 72 73 79 88 99 112 126 140 155
64 64 48 130 31 34 131 95 51 83 26 25 117 81 55 94 111 85 63 106 80 34 34 74 25 35 109 101 67 81 31 51 118 37 54 96 108 76 67 105 67 60 57 60 67 77 90 104 118 134 55 46 43 46 55 67 81 97 112 129 45 34 29 34 45 60 75 91 108 125 38 23 15 23 38 54 71 88 105 122 35 18 0 18 35 52 70 87 104 122 38 23 15 23 38 54 71 88 105 122 45 34 29 34 45 60 75 91 108 125 55 46 43 46 55 67 81 97 112 129 67 60 57 60 67 77 90 104 118 134 80 73 71 73 79 88 99 112 126 140
48 72 62 114 42 49 114 78 37 91 18 16 100 64 38 82 95 73 53 92 62 43 47 57 35 48 92 84 50 90 17 39 101 21 37 83 91 65 55 92 77 67 60 57 59 66 77 89 103 118 68 55 46 43 46 55 67 81 97 112 60 45 34 29 33 45 59 75 91 108 54 38 23 15 23 38 54 71 88 105 52 35 18 0 18 35 52 70 87 104 54 38 23 15 23 38 54 71 88 105 60 45 34 29 33 45 59 75 91 108 68 55 46 43 46 55 67 81 97 112 77 67 60 57 59 66 77 89 103 118 88 79 73 71 73 79 88 99 112 125
33 83 77 97 56 66 97 62 27 101 24 22 84 46 22 72 79 63 48 78 45 56 62 40 50 63 75 67 33 100 15 32 84 12 20 73 76 57 47 81 90 77 67 59 57 59 66 77 89 103 82 67 55 46 43 46 55 67 81 96 75 60 45 33 29 33 45 59 75 91 71 54 38 23 15 23 38 54 71 88 70 52 35 18 0 18 35 52 70 87 71 54 38 23 15 23 38 54 71 88 75 60 45 33 29 33 45 59 75 91 82 67 55 46 43 46 55 67 81 96 90 77 67 59 57 59 66 77 89 103 99 88 79 73 71 73 78 87 99 111
21 96 93 81 72 83 81 47 27 113 38 36 67 30 12 65 65 58 49 67 28 71 78 23 66 79 58 51 15 113 28 34 68 21 9 66 61 53 44 71 104 90 77 66 59 56 59 66 76 89 97 82 67 55 46 42 46 55 67 81 91 75 60 45 33 28 33 45 59 75 88 71 54 38 23 14 23 38 54 71 87 70 52 35 18 0 18 35 52 70 88 71 54 38 23 14 23 38 54 71 91 75 60 45 33 28 33 45 59 75 97 82 67 55 46 42 46 55 67 81 104 90 77 66 59 56 59 66 76 89 112 99 88 79 73 70 72 78 87 98
21 110 109 66 88 100 66 34 37 127 54 52 52 14 21 62 52 57 55 59 11 86 94 9 82 96 42 35 5 126 44 43 51 37 19 62 47 54 48 66 119 104 90 77 66 59 56 59 66 76 113 97 81 67 55 46 42 46 54 67 108 91 75 59 45 33 28 33 45 59 105 88 71 54 38 23 14 23 38 54 104 87 70 52 35 18 0 18 35 52 105 88 71 54 38 23 14 23 38 54 108 91 75 59 45 33 28 33 45 59 113 97 81 67 55 46 42 46 54 67 119 104 90 77 66 59 56 59 66 76 126 112 99 88 78 72 70 72 78 87
32 125 125 52 105 117 52 26 51 141 70 69 38 11 36 64 42 61 66 54 8 102 111 15 99 113 27 23 21 141 60 56 36 54 35 64 37 61 58 65 134 118 104 89 77 66 59 56 58 65 129 112 97 81 67 55 46 42 45 54 125 108 91 75 59 45 33 28 33 45 122 105 88 71 54 38 23 14 23 38 122 104 87 70 52 35 18 0 18 35 122 105 88 71 54 38 23 14 23 38 125 108 91 75 59 45 33 28 33 45 129 112 97 81 67 55 46 42 45 54 134 118 104 89 77 66 59 56 58 65 140 126 112 99 87 78 72 70 72 77
47 140 142 40 122 134 40 29 66 155 87 86 28 26 53 71 38 70 79 56 25 119 128 32 116 129 17 20 38 156 77 71 25 71 52 70 33 72 70 68 150 134 118 103 89 76 66 58 55 58 145 129 112 97 81 67 54 45 42 45 142 125 108 91 75 59 45 33 28 33 140 122 105 88 71 54 38 23 14 23 139 122 104 87 70 52 35 18 0 18 140 122 105 88 71 54 38 23 14 23 142 125 108 91 75 59 45 33 28 33 145 129 112 97 81 67 54 45 42 45 150 134 118 103 89 76 66 58 55 58 156 140 126 112 99 87 78 72 69 71
64 156 159 34 139 151 34 40 82 171 104 103 27 42 70 80 41 81 93 62 42 136 144 49 133 146 22 30 55 171 94 87 22 88 69 79 38 84 84 75 166 150 134 118 103 89 76 65 58 55 162 145 129 112 96 81 67 54 45 42 159 142 125 108 91 75 59 45 33 28 157 140 122 105 88 71 54 38 23 14 156 139 122 104 87 70 52 35 18 0 157 140 122 105 88 71 54 38 23 14 159 142 125 108 91 75 59 45 33 28 162 145 129 112 96 81 67 54 45 42 166 150 134 118 103 89 76 65 58 55 171 155 140 125 111 98 87 77 71 69
101 47 20 167 24 31 168 132 79 63 62 62 154 115 92 130 149 121 83 143 115 31 20 111 27 43 145 138 103 60 69 88 155 74 88 132 145 112 90 141 72 74 80 88 99 112 126 140 156 171 58 60 67 77 90 104 119 134 150 166 43 47 55 68 82 97 113 129 145 162 29 34 45 60 75 91 108 125 142 159 15 23 38 54 71 88 105 122 140 157 0 18 35 52 70 87 104 122 139 156 15 23 38 54 71 88 105 122 140 157 29 34 45 60 75 91 108 125 142 159 43 47 55 68 82 97 113 129 145 162 58 60 67 77 90 104 119 134 150 166
85 46 26 151 13 33 151 116 62 65 48 48 137 98 75 117 132 107 68 128 98 20 14 94 11 41 128 121 86 62 53 74 138 58 71 118 129 99 74 127 74 72 73 79 88 99 112 126 140 155 60 57 60 67 77 90 104 118 134 150 47 43 46 55 67 82 97 112 129 145 34 29 34 45 60 75 91 108 125 142 23 15 23 38 54 71 88 105 122 140 18 0 18 35 52 70 87 104 122 139 23 15 23 38 54 71 88 105 122 140 34 29 34 45 60 75 91 108 125 142 47 43 46 55 67 82 97 112 129 145 60 57 60 67 77 90 104 118 134 150
70 51 40 135 20 42 135 100 45 70 37 36 121 81 59 104 117 95 53 114 81 21 25 77 13 47 112 104 69 69 39 61 121 43 54 105 113 87 58 114 80 73 71 73 79 88 99 112 126 140 67 60 57 60 67 77 90 104 118 134 55 46 43 46 55 67 81 97 112 129 45 34 29 34 45 60 75 91 108 125 38 23 15 23 38 54 71 88 105 122 35 18 0 18 35 52 70 87 104 122 38 23 15 23 38 54 71 88 105 122 45 34 29 34 45 60 75 91 108 125 55 46 43 46 55 67 81 97 112 129 67 60 57 60 67 77 90 104 118 134
55 61 55 119 35 56 119 84 29 80 32 30 105 63 44 93 101 84 41 101 64 34 40 61 29 57 95 88 53 78 29 51 105 31 37 94 97 77 44 102 88 79 73 71 73 79 88 99 112 125 77 67 60 57 59 66 77 89 103 118 68 55 46 43 46 55 67 81 97 112 60 45 34 29 33 45 59 75 91 108 54 38 23 15 23 38 54 71 88 105 52 35 18 0 18 35 52 70 87 104 54 38 23 15 23 38 54 71 88 105 60 45 34 29 33 45 59 75 91 108 68 55 46 43 46 55 67 81 97 112 77 67 60 57 59 66 77 89 103 118
42 74 72 103 51 71 103 69 15 91 36 33 89 46 32 84 87 76 34 89 47 49 57 45 45 70 79 72 37 90 28 46 89 26 20 85 83 70 34 92 99 88 79 73 71 73 78 87 99 111 90 77 67 59 57 59 66 77 89 103 82 67 55 46 43 46 55 67 81 96 75 60 45 33 29 33 45 59 75 91 71 54 38 23 15 23 38 54 71 88 70 52 35 18 0 18 35 52 70 87 71 54 38 23 15 23 38 54 71 88 75 60 45 33 29 33 45 59 75 91 82 67 55 46 43 46 55 67 81 96 90 77 67 59 57 59 66 77 89 103
34 88 88 88 68 87 88 56 15 104 46 44 74 29 26 79 74 71 35 79 31 65 74 31 63 85 63 57 23 104 36 47 73 31 7 79 69 67 30 84 112 99 88 79 73 70 72 78 87 98 104 90 77 66 59 56 59 66 76 89 97 82 67 55 46 42 46 55 67 81 91 75 60 45 33 28 33 45 59 75 88 71 54 38 23 14 23 38 54 71 87 70 52 35 18 0 18 35 52 70 88 71 54 38 23 14 23 38 54 71 91 75 60 45 33 28 33 45 59 75 97 82 67 55 46 42 46 55 67 81 104 90 77 66 59 56 59 66 76 89
34 103 105 74 85 103 74 45 29 119 60 58 60 13 31 76 62 71 44 72 17 82 91 22 80 101 49 44 18 119 50 54 59 44 18 76 58 68 36 80 126 112 99 88 78 72 70 72 78 87 119 104 90 77 66 59 56 59 66 76 113 97 81 67 55 46 42 46 54 67 108 91 75 59 45 33 28 33 45 59 105 88 71 54 38 23 14 23 38 54 104 87 70 52 35 18 0 18 35 52 105 88 71 54 38 23 14 23 38 54 108 91 75 59 45 33 28 33 45 59 113 97 81 67 55 46 42 46 54 67 119 104 90 77 66 59 56 59 66 76
42 119 122 61 102 120 62 40 45 134 75 73 49 9 43 78 55 74 57 68 16 99 108 25 97 117 37 35 27 134 65 65 46 58 35 77 50 73 48 78 140 126 112 99 87 78 72 70 72 77 134 118 104 89 77 66 59 56 58 65 129 112 97 81 67 55 46 42 45 54 125 108 91 75 59 45 33 28 33 45 122 105 88 71 54 38 23 14 23 38 122 104 87 70 52 35 18 0 18 35 122 105 88 71 54 38 23 14 23 38 125 108 91 75 59 45 33 28 33 45 129 112 97 81 67 55 46 42 45 54 134 118 104 89 77 66 59 56 58 65
54 135 139 52 119 137 52 42 62 149 91 89 41 25 57 83 51 81 71 69 28 116 125 37 114 133 31 33 42 149 81 78 37 74 52 82 47 82 62 81 156 140 126 112 99 87 78 72 69 71 150 134 118 103 89 76 66 58 55 58 145 129 112 97 81 67 54 45 42 45 142 125 108 91 75 59 45 33 28 33 140 122 105 88 71 54 38 23 14 23 139 122 104 87 70 52 35 18 0 18 140 122 105 88 71 54 38 23 14 23 142 125 108 91 75 59 45 33 28 33 145 129 112 97 81 67 54 45 42 45 150 134 118 103 89 76 66 58 55 58
69 152 157 47 137 153 47 50 79 165 107 106 41 42 73 91 54 91 87 74 44 133 143 52 132 149 34 40 58 165 97 93 36 91 69 90 51 93 78 87 171 155 140 125 111 98 87 77 71 69 166 150 134 118 103 89 76 65 58 55 162 145 129 112 96 81 67 54 45 42 159 142 125 108 91 75 59 45 33 28 157 140 122 105 88 71 54 38 23 14 156 139 122 104 87 70 52 35 18 0 157 140 122 105 88 71 54 38 23 14 159 142 125 108 91 75 59 45 33 28 162 145 129 112 96 81 67 54 45 42 166 150 134 118 103 89 76 65 58 55
107 33 6 172 21 45 172 137 78 49 71 70 158 117 97 139 154 130 79 151 118 25 15 114 26 57 149 142 106 46 75 96 159 80 90 141 150 121 86 150 86 88 93 100 110 122 134 148 162 177 72 74 80 88 99 112 126 140 156 171 58 60 67 77 90 104 119 134 150 166 43 47 55 68 82 97 113 129 145 162 29 34 45 60 75 91 108 125 142 159 15 23 38 54 71 88 105 122 140 157 0 18 35 52 70 87 104 122 139 156 15 23 38 54 71 88 105 122 140 157 29 34 45 60 75 91 108 125 142 159 43 47 55 68 82 97 113 129 145 162
92 32 18 156 4 47 156 121 61 51 59 58 142 100 81 127 139 117 62 136 101 8 4 98 10 55 132 125 90 49 62 83 142 66 74 128 135 109 69 137 88 86 87 92 100 110 121 134 148 162 74 72 73 79 88 99 112 126 140 155 60 57 60 67 77 90 104 118 134 150 47 43 46 55 67 82 97 112 129 145 34 29 34 45 60 75 91 108 125 142 23 15 23 38 54 71 88 105 122 140 18 0 18 35 52 70 87 104 122 139 23 15 23 38 54 71 88 105 122 140 34 29 34 45 60 75 91 108 125 142 47 43 46 55 67 82 97 112 129 145
77 39 35 140 15 54 140 106 44 58 50 48 126 83 67 115 124 106 46 123 84 12 21 82 12 60 116 110 74 57 50 72 126 53 57 116 119 98 52 124 93 87 85 87 92 99 109 121 134 148 80 73 71 73 79 88 99 112 126 140 67 60 57 60 67 77 90 104 118 134 55 46 43 46 55 67 81 97 112 129 45 34 29 34 45 60 75 91 108 125 38 23 15 23 38 54 71 88 105 122 35 18 0 18 35 52 70 87 104 122 38 23 15 23 38 54 71 88 105 122 45 34 29 34 45 60 75 91 108 125 55 46 43 46 55 67 81 97 112 129
64 52 52 125 32 65 125 91 27 69 46 44 111 66 54 105 109 96 31 111 68 28 38 67 28 68 100 94 59 68 43 64 110 44 41 106 105 89 36 113 100 92 87 85 87 91 99 109 121 134 88 79 73 71 73 79 88 99 112 125 77 67 60 57 59 66 77 89 103 118 68 55 46 43 46 55 67 81 97 112 60 45 34 29 33 45 59 75 91 108 54 38 23 15 23 38 54 71 88 105 52 35 18 0 18 35 52 70 87 104 54 38 23 15 23 38 54 71 88 105 60 45 34 29 33 45 59 75 91 108 68 55 46 43 46 55 67 81 97 112
54 66 69 110 50 78 110 78 10 82 48 46 96 50 44 97 96 89 21 100 53 46 55 53 45 79 85 80 45 82 42 60 95 40 28 98 91 83 22 104 110 100 92 87 85 86 91 99 109 120 99 88 79 73 71 73 78 87 99 111 90 77 67 59 57 59 66 77 89 103 82 67 55 46 43 46 55 67 81 96 75 60 45 33 29 33 45 59 75 91 71 54 38 23 15 23 38 54 71 88 70 52 35 18 0 18 35 52 70 87 71 54 38 23 15 23 38 54 71 88 75 60 45 33 29 33 45 59 75 91 82 67 55 46 43 46 55 67 81 96
48 82 86 96 67 93 96 66 10 97 57 54 82 35 40 92 84 85 23 91 39 63 73 42 62 93 71 66 35 97 48 60 81 44 20 92 79 80 16 97 122 110 99 91 86 84 86 91 98 108 112 99 88 79 73 70 72 78 87 98 104 90 77 66 59 56 59 66 76 89 97 82 67 55 46 42 46 55 67 81 91 75 60 45 33 28 33 45 59 75 88 71 54 38 23 14 23 38 54 71 87 70 52 35 18 0 18 35 52 70 88 71 54 38 23 14 23 38 54 71 91 75 60 45 33 28 33 45 59 75 97 82 67 55 46 42 46 55 67 81
48 98 104 83 84 108 83 58 27 112 68 66 70 23 43 90 74 84 35 85 30 80 90 36 80 107 58 55 32 112 58 66 68 53 26 90 69 81 26 93 134 121 109 99 91 86 84 85 90 98 126 112 99 88 78 72 70 72 78 87 119 104 90 77 66 59 56 59 66 76 113 97 81 67 55 46 42 46 54 67 108 91 75 59 45 33 28 33 45 59 105 88 71 54 38 23 14 23 38 54 104 87 70 52 35 18 0 18 35 52 105 88 71 54 38 23 14 23 38 54 108 91 75 59 45 33 28 33 45 59 113 97 81 67 55 46 42 46 54 67
53 115 121 73 101 124 73 54 44 128 82 80 60 21 52 91 68 87 50 82 29 97 107 38 97 122 49 48 37 128 72 75 57 66 40 91 63 86 41 92 148 134 121 109 99 91 85 83 85 90 140 126 112 99 87 78 72 70 72 77 134 118 104 89 77 66 59 56 58 65 129 112 97 81 67 55 46 42 45 54 125 108 91 75 59 45 33 28 33 45 122 105 88 71 54 38 23 14 23 38 122 104 87 70 52 35 18 0 18 35 122 105 88 71 54 38 23 14 23 38 125 108 91 75 59 45 33 28 33 45 129 112 97 81 67 55 46 42 45 54
64 131 138 65 119 140 65 55 61 144 97 95 55 32 65 96 65 93 66 83 37 115 125 46 114 138 44 47 49 145 86 87 50 80 55 95 61 94 57 94 162 148 134 121 109 98 90 85 83 85 156 140 126 112 99 87 78 72 69 71 150 134 118 103 89 76 66 58 55 58 145 129 112 97 81 67 54 45 42 45 142 125 108 91 75 59 45 33 28 33 140 122 105 88 71 54 38 23 14 23 139 122 104 87 70 52 35 18 0 18 140 122 105 88 71 54 38 23 14 23 142 125 108 91 75 59 45 33 28 33 145 129 112 97 81 67 54 45 42 45
76 148 155 61 136 157 61 61 78 160 112 110 54 46 79 103 67 102 83 87 50 132 142 59 131 154 46 52 63 161 102 100 49 96 71 102 64 104 74 100 177 162 148 134 120 108 98 90 85 83 171 155 140 125 111 98 87 77 71 69 166 150 134 118 103 89 76 65 58 55 162 145 129 112 96 81 67 54 45 42 159 142 125 108 91 75 59 45 33 28 157 140 122 105 88 71 54 38 23 14 156 139 122 104 87 70 52 35 18 0 157 140 122 105 88 71 54 38 23 14 159 142 125 108 91 75 59 45 33 28 162 145 129 112 96 81 67 54 45 42
114 21 9 177 26 60 178 143 80 35 81 80 164 120 103 149 161 139 76 159 122 27 22 119 33 71 154 147 111 32 84 105 163 88 95 150 157 131 84 159 100 102 106 112 121 132 144 156 170 184 86 88 93 100 110 122 134 148 162 177 72 74 80 88 99 112 126 140 156 171 58 60 67 77 90 104 119 134 150 166 43 47 55 68 82 97 113 129 145 162 29 34 45 60 75 91 108 125 142 159 15 23 38 54 71 88 105 122 140 157 0 18 35 52 70 87 104 122 139 156 15 23 38 54 71 88 105 122 140 157 29 34 45 60 75 91 108 125 142 159
100 18 19 162 17 60 162 128 63 37 70 69 148 104 89 137 146 128 59 145 106 13 16 104 22 70 138 131 96 35 72 94 148 75 79 138 142 120 67 146 102 100 101 105 112 121 131 143 156 170 88 86 87 92 100 110 121 134 148 162 74 72 73 79 88 99 112 126 140 155 60 57 60 67 77 90 104 118 134 150 47 43 46 55 67 82 97 112 129 145 34 29 34 45 60 75 91 108 125 142 23 15 23 38 54 71 88 105 122 140 18 0 18 35 52 70 87 104 122 139 23 15 23 38 54 71 88 105 122 140 34 29 34 45 60 75 91 108 125 142
87 29 35 147 22 66 147 114 47 47 63 61 133 87 76 126 132 117 42 133 90 15 26 89 23 73 122 116 81 46 62 84 132 64 63 127 127 110 50 135 106 101 99 101 105 112 121 131 143 156 93 87 85 87 92 99 109 121 134 148 80 73 71 73 79 88 99 112 126 140 67 60 57 60 67 77 90 104 118 134 55 46 43 46 55 67 81 97 112 129 45 34 29 34 45 60 75 91 108 125 38 23 15 23 38 54 71 88 105 122 35 18 0 18 35 52 70 87 104 122 38 23 15 23 38 54 71 88 105 122 45 34 29 34 45 60 75 91 108 125
75 44 52 132 36 75 132 100 31 60 60 58 118 72 65 117 118 109 25 121 75 30 41 75 34 80 107 102 67 60 56 77 117 57 50 118 114 102 33 125 112 105 101 99 100 105 111 120 131 143 100 92 87 85 87 91 99 109 121 134 88 79 73 71 73 79 88 99 112 125 77 67 60 57 59 66 77 89 103 118 68 55 46 43 46 55 67 81 97 112 60 45 34 29 33 45 59 75 91 108 54 38 23 15 23 38 54 71 88 105 52 35 18 0 18 35 52 70 87 104 54 38 23 15 23 38 54 71 88 105 60 45 34 29 33 45 59 75 91 108
67 61 69 118 52 87 118 88 19 75 62 59 105 57 57 110 106 102 9 112 61 47 58 63 49 90 93 88 56 75 56 74 103 54 39 111 101 97 15 117 121 112 105 100 99 100 104 111 120 130 110 100 92 87 85 86 91 99 109 120 99 88 79 73 71 73 78 87 99 111 90 77 67 59 57 59 66 77 89 103 82 67 55 46 43 46 55 67 81 96 75 60 45 33 29 33 45 59 75 91 71 54 38 23 15 23 38 54 71 88 70 52 35 18 0 18 35 52 70 87 71 54 38 23 15 23 38 54 71 88 75 60 45 33 29 33 45 59 75 91
62 78 86 105 69 100 105 78 19 90 68 66 92 44 54 106 95 99 13 104 50 64 74 54 65 101 80 77 48 91 60 74 90 57 34 106 90 94 4 111 132 121 112 105 100 98 99 104 110 119 122 110 99 91 86 84 86 91 98 108 112 99 88 79 73 70 72 78 87 98 104 90 77 66 59 56 59 66 76 89 97 82 67 55 46 42 46 55 67 81 91 75 60 45 33 28 33 45 59 75 88 71 54 38 23 14 23 38 54 71 87 70 52 35 18 0 18 35 52 70 88 71 54 38 23 14 23 38 54 71 91 75 60 45 33 28 33 45 59 75
61 95 104 94 86 115 94 71 31 106 78 76 81 36 56 104 87 98 29 98 43 81 91 49 82 115 69 67 46 107 69 79 78 64 38 104 82 95 20 107 144 131 121 111 104 99 98 99 103 110 134 121 109 99 91 86 84 85 90 98 126 112 99 88 78 72 70 72 78 87 119 104 90 77 66 59 56 59 66 76 113 97 81 67 55 46 42 46 54 67 108 91 75 59 45 33 28 33 45 59 105 88 71 54 38 23 14 23 38 54 104 87 70 52 35 18 0 18 35 52 105 88 71 54 38 23 14 23 38 54 108 91 75 59 45 33 28 33 45 59
66 112 121 84 103 130 84 67 47 123 90 88 73 35 63 105 81 101 46 96 42 98 108 51 99 129 62 62 50 124 80 86 69 75 48 105 76 99 38 106 156 143 131 120 111 104 99 97 99 103 148 134 121 109 99 91 85 83 85 90 140 126 112 99 87 78 72 70 72 77 134 118 104 89 77 66 59 56 58 65 129 112 97 81 67 55 46 42 45 54 125 108 91 75 59 45 33 28 33 45 122 105 88 71 54 38 23 14 23 38 122 104 87 70 52 35 18 0 18 35 122 105 88 71 54 38 23 14 23 38 125 108 91 75 59 45 33 28 33 45
74 129 138 78 120 145 78 68 63 140 104 102 68 42 74 109 79 106 63 96 48 115 126 58 116 144 58 61 59 141 94 97 64 88 62 108 75 106 55 108 170 156 143 131 120 110 103 99 97 98 162 148 134 121 109 98 90 85 83 85 156 140 126 112 99 87 78 72 69 71 150 134 118 103 89 76 66 58 55 58 145 129 112 97 81 67 54 45 42 45 142 125 108 91 75 59 45 33 28 33 140 122 105 88 71 54 38 23 14 23 139 122 104 87 70 52 35 18 0 18 140 122 105 88 71 54 38 23 14 23 142 125 108 91 75 59 45 33 28 33
85 146 156 75 137 161 75 73 80 157 119 117 68 54 87 115 81 114 81 100 59 132 143 68 133 159 59 64 71 158 108 109 63 102 77 114 77 115 72 112 184 170 156 143 130 119 110 103 98 96 177 162 148 134 120 108 98 90 85 83 171 155 140 125 111 98 87 77 71 69 166 150 134 118 103 89 76 65 58 55 162 145 129 112 96 81 67 54 45 42 159 142 125 108 91 75 59 45 33 28 157 140 122 105 88 71 54 38 23 14 156 139 122 104 87 70 52 35 18 0 157 140 122 105 88 71 54 38 23 14 159 142 125 108 91 75 59 45 33 28
122 12 23 184 37 74 184 150 84 21 92 91 170 125 111 159 168 150 77 168 127 35 33 126 43 85 160 153 118 17 94 116 169 98 101 160 164 142 85 169 115 116 119 125 133 143 154 166 179 192 100 102 106 112 121 132 144 156 170 184 86 88 93 100 110 122 134 148 162 177 72 74 80 88 99 112 126 140 156 171 58 60 67 77 90 104 119 134 150 166 43 47 55 68 82 97 113 129 145 162 29 34 45 60 75 91 108 125 142 159 15 23 38 54 71 88 105 122 140 157 0 18 35 52 70 87 104 122 139 156 15 23 38 54 71 88 105 122 140 157
109 7 29 169 31 74 169 136 68 25 83 81 155 109 98 148 154 139 60 155 112 26 30 111 36 84 144 138 103 24 83 105 154 86 86 149 150 131 68 157 116 114 115 119 125 133 142 153 165 178 102 100 101 105 112 121 131 143 156 170 88 86 87 92 100 110 121 134 148 162 74 72 73 79 88 99 112 126 140 155 60 57 60 67 77 90 104 118 134 150 47 43 46 55 67 82 97 112 129 145 34 29 34 45 60 75 91 108 125 142 23 15 23 38 54 71 88 105 122 140 18 0 18 35 52 70 87 104 122 139 23 15 23 38 54 71 88 105 122 140
97 24 41 154 34 79 155 123 54 38 76 75 141 94 86 138 140 129 42 143 97 27 36 97 36 86 130 124 90 38 75 97 139 77 72 139 136 122 51 146 119 115 114 115 118 124 132 142 153 165 106 101 99 101 105 112 121 131 143 156 93 87 85 87 92 99 109 121 134 148 80 73 71 73 79 88 99 112 126 140 67 60 57 60 67 77 90 104 118 134 55 46 43 46 55 67 81 97 112 129 45 34 29 34 45 60 75 91 108 125 38 23 15 23 38 54 71 88 105 122 35 18 0 18 35 52 70 87 104 122 38 23 15 23 38 54 71 88 105 122
87 41 56 141 44 87 141 110 41 53 74 72 127 79 77 130 128 122 26 133 84 37 48 85 44 92 116 111 77 54 70 91 125 70 60 131 123 115 35 137 125 119 115 113 114 118 124 132 141 152 112 105 101 99 100 105 111 120 131 143 100 92 87 85 87 91 99 109 121 134 88 79 73 71 73 79 88 99 112 125 77 67 60 57 59 66 77 89 103 118 68 55 46 43 46 55 67 81 97 112 60 45 34 29 33 45 59 75 91 108 54 38 23 15 23 38 54 71 88 105 52 35 18 0 18 35 52 70 87 104 54 38 23 15 23 38 54 71 88 105
80 59 72 128 58 97 128 99 32 69 76 73 114 66 70 124 117 116 11 124 72 52 63 74 57 101 102 99 68 70 70 88 112 68 52 124 112 110 20 130 133 125 118 114 113 114 117 123 131 141 121 112 105 100 99 100 104 111 120 130 110 100 92 87 85 86 91 99 109 120 99 88 79 73 71 73 78 87 99 111 90 77 67 59 57 59 66 77 89 103 82 67 55 46 43 46 55 67 81 96 75 60 45 33 29 33 45 59 75 91 71 54 38 23 15 23 38 54 71 88 70 52 35 18 0 18 35 52 70 87 71 54 38 23 15 23 38 54 71 88
75 76 89 116 73 109 116 90 32 86 81 78 103 56 68 120 107 113 14 117 62 67 78 67 71 112 91 88 61 87 73 88 100 70 48 120 102 108 13 124 143 133 124 118 114 112 113 117 123 131 132 121 112 105 100 98 99 104 110 119 122 110 99 91 86 84 86 91 98 108 112 99 88 79 73 70 72 78 87 98 104 90 77 66 59 56 59 66 76 89 97 82 67 55 46 42 46 55 67 81 91 75 60 45 33 28 33 45 59 75 88 71 54 38 23 14 23 38 54 71 87 70 52 35 18 0 18 35 52 70 88 71 54 38 23 14 23 38 54 71
75 93 106 105 89 122 105 84 41 103 89 87 93 49 70 118 100 112 30 112 56 84 95 63 87 124 81 80 59 104 80 92 90 76 51 118 95 109 24 121 154 142 132 124 117 113 112 113 116 122 144 131 121 111 104 99 98 99 103 110 134 121 109 99 91 86 84 85 90 98 126 112 99 88 78 72 70 72 78 87 119 104 90 77 66 59 56 59 66 76 113 97 81 67 55 46 42 46 54 67 108 91 75 59 45 33 28 33 45 59 105 88 71 54 38 23 14 23 38 54 104 87 70 52 35 18 0 18 35 52 105 88 71 54 38 23 14 23 38 54
79 110 123 97 106 137 97 81 53 120 100 98 86 48 76 119 95 114 47 110 56 100 111 64 103 137 75 75 63 121 90 98 82 85 59 118 90 112 40 120 166 153 142 132 123 117 113 111 112 116 156 143 131 120 111 104 99 97 99 103 148 134 121 109 99 91 85 83 85 90 140 126 112 99 87 78 72 70 72 77 134 118 104 89 77 66 59 56 58 65 129 112 97 81 67 55 46 42 45 54 125 108 91 75 59 45 33 28 33 45 122 105 88 71 54 38 23 14 23 38 122 104 87 70 52 35 18 0 18 35 122 105 88 71 54 38 23 14 23 38
86 128 140 91 122 151 91 82 68 137 112 110 82 54 85 122 93 119 64 110 60 117 128 70 119 151 72 74 70 138 102 108 77 97 70 121 88 118 56 121 179 165 153 141 131 123 116 112 110 112 170 156 143 131 120 110 103 99 97 98 162 148 134 121 109 98 90 85 83 85 156 140 126 112 99 87 78 72 69 71 150 134 118 103 89 76 66 58 55 58 145 129 112 97 81 67 54 45 42 45 142 125 108 91 75 59 45 33 28 33 140 122 105 88 71 54 38 23 14 23 139 122 104 87 70 52 35 18 0 18 140 122 105 88 71 54 38 23 14 23
96 145 157 88 139 167 88 86 84 154 126 124 82 63 96 128 94 126 81 113 69 134 145 79 136 166 73 77 81 156 116 119 77 110 84 127 90 126 73 125 192 178 165 152 141 131 122 116 112 110 184 170 156 143 130 119 110 103 98 96 177 162 148 134 120 108 98 90 85 83 171 155 140 125 111 98 87 77 71 69 166 150 134 118 103 89 76 65 58 55 162 145 129 112 96 81 67 54 45 42 159 142 125 108 91 75 59 45 33 28 157 140 122 105 88 71 54 38 23 14 156 139 122 104 87 70 52 35 18 0 157 140 122 105 88 71 54 38 23 14
131 17 38 191 49 88 191 158 90 7 103 102 177 131 121 170 176 161 80 177 134 46 47 134 55 99 166 161 126 4 105 127 176 108 108 171 172 153 89 179 129 130 133 138 145 154 164 176 188 201 115 116 119 125 133 143 154 166 179 192 100 102 106 112 121 132 144 156 170 184 86 88 93 100 110 122 134 148 162 177 72 74 80 88 99 112 126 140 156 171 58 60 67 77 90 104 119 134 150 166 43 47 55 68 82 97 113 129 145 162 29 34 45 60 75 91 108 125 142 159 15 23 38 54 71 88 105 122 140 157 0 18 35 52 70 87 104 122 139 156
119 14 41 177 45 88 177 145 76 16 96 94 163 116 108 160 163 151 63 165 120 40 44 120 50 98 152 146 112 17 95 117 162 98 94 160 158 143 72 168 130 128 129 132 138 145 154 164 175 187 116 114 115 119 125 133 142 153 165 178 102 100 101 105 112 121 131 143 156 170 88 86 87 92 100 110 121 134 148 162 74 72 73 79 88 99 112 126 140 155 60 57 60 67 77 90 104 118 134 150 47 43 46 55 67 82 97 112 129 145 34 29 34 45 60 75 91 108 125 142 23 15 23 38 54 71 88 105 122 140 18 0 18 35 52 70 87 104 122 139
108 27 51 163 47 92 163 132 63 32 90 88 149 102 98 150 150 142 47 154 106 41 49 107 50 100 138 133 100 34 88 110 148 89 82 151 145 135 56 158 133 129 128 129 132 137 144 153 163 175 119 115 114 115 118 124 132 142 153 165 106 101 99 101 105 112 121 131 143 156 93 87 85 87 92 99 109 121 134 148 80 73 71 73 79 88 99 112 126 140 67 60 57 60 67 77 90 104 118 134 55 46 43 46 55 67 81 97 112 129 45 34 29 34 45 60 75 91 108 125 38 23 15 23 38 54 71 88 105 122 35 18 0 18 35 52 70 87 104 122
99 43 63 150 55 99 150 121 52 49 88 86 136 89 90 143 138 135 33 145 93 48 58 96 56 105 125 121 89 51 84 104 134 84 72 143 134 128 42 150 138 132 129 127 128 131 137 144 153 163 125 119 115 113 114 118 124 132 141 152 112 105 101 99 100 105 111 120 131 143 100 92 87 85 87 91 99 109 121 134 88 79 73 71 73 79 88 99 112 125 77 67 60 57 59 66 77 89 103 118 68 55 46 43 46 55 67 81 97 112 60 45 34 29 33 45 59 75 91 108 54 38 23 15 23 38 54 71 88 105 52 35 18 0 18 35 52 70 87 104
93 60 78 138 66 108 138 111 46 67 89 87 124 77 84 137 128 130 24 136 83 60 71 87 66 113 113 109 80 68 84 102 122 82 65 137 123 124 31 143 145 138 132 128 127 127 131 136 143 152 133 125 118 114 113 114 117 123 131 141 121 112 105 100 99 100 104 111 120 130 110 100 92 87 85 86 91 99 109 120 99 88 79 73 71 73 78 87 99 111 90 77 67 59 57 59 66 77 89 103 82 67 55 46 43 46 55 67 81 96 75 60 45 33 29 33 45 59 75 91 71 54 38 23 15 23 38 54 71 88 70 52 35 18 0 18 35 52 70 87
89 77 94 127 80 119 127 103 46 84 94 91 114 68 82 133 119 127 26 130 75 74 85 80 79 122 102 100 75 86 87 102 111 84 62 133 114 122 27 138 154 145 137 131 127 126 127 130 135 143 143 133 124 118 114 112 113 117 123 131 132 121 112 105 100 98 99 104 110 119 122 110 99 91 86 84 86 91 98 108 112 99 88 79 73 70 72 78 87 98 104 90 77 66 59 56 59 66 76 89 97 82 67 55 46 42 46 55 67 81 91 75 60 45 33 28 33 45 59 75 88 71 54 38 23 14 23 38 54 71 87 70 52 35 18 0 18 35 52 70
89 94 110 117 95 131 117 97 52 101 101 99 105 63 83 132 113 126 37 125 70 89 100 77 93 133 94 93 73 103 93 105 102 89 64 132 108 123 33 135 164 154 144 137 131 127 125 126 130 135 154 142 132 124 117 113 112 113 116 122 144 131 121 111 104 99 98 99 103 110 134 121 109 99 91 86 84 85 90 98 126 112 99 88 78 72 70 72 78 87 119 104 90 77 66 59 56 59 66 76 113 97 81 67 55 46 42 46 54 67 108 91 75 59 45 33 28 33 45 59 105 88 71 54 38 23 14 23 38 54 104 87 70 52 35 18 0 18 35 52
92 111 126 110 110 144 110 95 62 118 111 108 99 62 88 132 108 128 51 123 70 105 116 78 108 146 88 89 76 120 101 111 95 97 71 132 103 126 46 134 176 164 153 144 136 130 126 125 126 129 166 153 142 132 123 117 113 111 112 116 156 143 131 120 111 104 99 97 99 103 148 134 121 109 99 91 85 83 85 90 140 126 112 99 87 78 72 70 72 77 134 118 104 89 77 66 59 56 58 65 129 112 97 81 67 55 46 42 45 54 125 108 91 75 59 45 33 28 33 45 122 105 88 71 54 38 23 14 23 38 122 104 87 70 52 35 18 0 18 35
98 128 143 104 127 159 104 95 76 136 122 120 96 66 96 135 106 132 67 124 73 121 132 82 124 159 85 88 82 137 112 119 91 107 80 135 102 131 61 135 188 175 163 153 143 135 130 126 124 125 179 165 153 141 131 123 116 112 110 112 170 156 143 131 120 110 103 99 97 98 162 148 134 121 109 98 90 85 83 85 156 140 126 112 99 87 78 72 69 71 150 134 118 103 89 76 66 58 55 58 145 129 112 97 81 67 54 45 42 45 142 125 108 91 75 59 45 33 28 33 140 122 105 88 71 54 38 23 14 23 139 122 104 87 70 52 35 18 0 18
107 145 159 102 143 173 102 99 90 153 134 132 95 74 106 140 108 138 84 126 81 137 148 90 140 173 86 91 91 155 124 129 90 119 92 140 104 138 77 139 201 187 175 163 152 143 135 129 125 124 192 178 165 152 141 131 122 116 112 110 184 170 156 143 130 119 110 103 98 96 177 162 148 134 120 108 98 90 85 83 171 155 140 125 111 98 87 77 71 69 166 150 134 118 103 89 76 65 58 55 162 145 129 112 96 81 67 54 45 42 159 142 125 108 91 75 59 45 33 28 157 140 122 105 88 71 54 38 23 14 156 139 122 104 87 70 52 35 18 0
