0 77 63 87 48 24 68 70 50 50 38 57 35 66 83 57 42 39 35 80 31 32 72 49 80 17 34 64 20 11 56 22 28 46 36 24 77 80 37 32 6742 6822 6764
77 0 32 22 39 76 24 7 68 30 39 31 46 31 12 21 35 44 45 9 46 70 12 36 9 61 45 13 58 79 24 61 77 60 47 81 1 14 49 82 6676 6756 6698
63 32 0 52 15 71 9 28 75 35 32 7 28 4 43 30 29 24 44 40 35 69 37 15 28 50 40 24 49 61 35 56 74 67 47 76 32 44 27 80 6705 6785 6727
87 22 52 0 58 80 45 25 64 37 51 50 62 52 10 32 47 60 52 13 58 71 17 54 28 70 53 30 67 91 31 68 80 58 52 85 22 9 65 84 6659 6739 6681
48 39 15 58 0 58 22 34 66 31 22 10 13 19 50 29 20 9 34 46 22 58 41 5 39 36 29 28 35 46 33 43 61 58 37 62 40 49 12 67 6715 6795 6737
24 76 71 80 58 0 75 70 28 47 40 65 46 75 79 55 44 50 31 76 37 11 68 57 81 23 33 64 24 34 52 16 4 27 29 6 76 75 49 10 6726 6806 6748
68 24 9 45 22 75 0 21 75 34 35 12 34 8 35 27 31 30 45 32 39 71 31 20 20 55 42 19 53 67 32 59 77 67 48 79 24 36 34 82 6696 6776 6718
70 7 28 25 34 70 21 0 63 24 33 26 40 28 16 15 28 38 39 13 40 64 11 30 13 54 38 7 51 72 19 55 71 55 41 75 7 16 43 76 6682 6762 6704
50 68 75 64 66 28 75 63 0 42 45 69 57 78 66 50 47 59 33 65 46 18 57 63 75 41 38 60 38 59 45 30 26 9 29 32 68 62 62 26 6700 6779 6721
50 30 35 37 31 47 34 24 42 0 15 30 28 38 34 9 12 28 17 30 22 41 23 27 35 34 17 19 30 54 7 33 48 33 18 52 30 30 33 53 6695 6775 6717
38 39 32 51 22 40 35 33 45 15 0 26 15 36 46 20 5 16 13 43 8 38 35 19 43 22 8 27 19 41 20 25 43 37 16 45 40 44 20 48 6709 6789 6731
57 31 7 50 10 65 12 26 69 30 26 0 22 11 42 25 23 18 38 38 28 63 35 9 30 44 33 22 42 56 30 50 67 60 40 69 31 42 22 73 6706 6786 6728
35 46 28 62 13 46 34 40 57 28 15 22 0 32 55 30 16 4 25 52 11 47 45 14 48 24 20 34 23 34 33 32 49 49 29 50 47 54 5 55 6721 6801 6742
66 31 4 52 19 75 8 28 78 38 36 11 32 0 43 32 32 28 47 40 38 73 38 19 27 54 43 25 52 64 37 60 77 70 50 79 31 44 31 83 6703 6783 6725
83 12 43 10 50 79 35 16 66 34 46 42 55 43 0 27 42 53 49 4 53 71 12 46 19 67 50 22 63 86 28 65 79 59 50 84 12 5 59 84 6666 6746 6688
57 21 30 32 29 55 27 15 50 9 20 25 30 32 27 0 16 29 25 23 27 49 16 24 27 40 24 10 37 60 6 41 56 42 26 60 22 24 34 61 6691 6771 6713
42 35 29 47 20 44 31 28 47 12 5 23 16 32 42 16 0 16 16 38 12 41 31 17 39 27 12 22 24 45 17 29 46 39 18 49 35 40 21 52 6706 6786 6728
39 44 24 60 9 50 30 38 59 28 16 18 4 28 53 29 16 0 27 49 14 50 43 10 45 27 22 32 27 38 32 35 53 51 31 54 44 52 6 59 6718 6799 6740
35 45 44 52 34 31 45 39 33 17 13 38 25 47 49 25 16 27 0 46 15 26 38 31 51 19 6 34 16 41 22 17 32 24 4 36 46 46 30 38 6708 6788 6729
80 9 40 13 46 76 32 13 65 30 43 38 52 40 4 23 38 49 46 0 50 69 9 42 16 63 47 18 60 83 24 62 77 58 47 81 9 5 55 81 6670 6750 6691
31 46 35 58 22 37 39 40 46 22 8 28 11 38 53 27 12 14 15 50 0 36 42 20 49 16 10 33 15 33 28 22 40 38 18 41 47 51 16 46 6717 6797 6738
32 70 69 71 58 11 71 64 18 41 38 63 47 73 71 49 41 50 26 69 36 0 61 56 76 26 30 59 25 42 46 16 9 17 24 16 70 67 51 13 6716 6796 6738
72 12 37 17 41 68 31 11 57 23 35 35 45 38 12 16 31 43 38 9 42 61 0 37 20 56 39 14 52 75 16 54 69 50 39 73 12 9 49 73 6676 6756 6698
49 36 15 54 5 57 20 30 63 27 19 9 14 19 46 24 17 10 31 42 20 56 37 0 36 36 26 24 34 47 29 42 60 55 34 61 36 45 15 66 6711 6791 6733
80 9 28 28 39 81 20 13 75 35 43 30 48 27 19 27 39 45 51 16 49 76 20 36 0 65 49 17 62 81 31 66 83 67 52 86 8 21 50 88 6677 6757 6699
17 61 50 70 36 23 55 54 41 34 22 44 24 54 67 40 27 27 19 63 16 26 56 36 65 0 17 48 4 22 40 11 27 35 21 27 61 64 27 33 6726 6806 6748
34 45 40 53 29 33 42 38 38 17 8 33 20 43 50 24 12 22 6 47 10 30 39 26 49 17 0 33 14 38 23 18 35 30 9 38 45 47 25 41 6711 6790 6732
64 13 24 30 28 64 19 7 60 19 27 22 34 25 22 10 22 32 34 18 33 59 14 24 17 48 33 0 46 66 15 50 66 51 36 70 14 21 37 71 6687 6768 6709
20 58 49 67 35 24 53 51 38 30 19 42 23 52 63 37 24 27 16 60 15 25 52 34 62 4 14 46 0 26 36 9 26 32 17 27 58 60 27 32 6723 6803 6744
11 79 61 91 46 34 67 72 59 54 41 56 34 64 86 60 45 38 41 83 33 42 75 47 81 22 38 66 26 0 60 30 38 54 42 34 79 84 34 42 6748 6828 6770
56 24 35 31 33 52 32 19 45 7 20 30 33 37 28 6 17 32 22 24 28 46 16 29 31 40 23 15 36 60 0 39 53 37 23 58 25 24 37 58 6689 6769 6711
22 61 56 68 43 16 59 55 30 33 25 50 32 60 65 41 29 35 17 62 22 16 54 42 66 11 18 50 9 30 39 0 18 25 16 21 62 62 35 24 6720 6800 6742
28 77 74 80 61 4 77 71 26 48 43 67 49 77 79 56 46 53 32 77 40 9 69 60 83 27 35 66 26 38 53 18 0 25 31 7 77 75 53 6 6724 6804 6746
46 60 67 58 58 27 67 55 9 33 37 60 49 70 59 42 39 51 24 58 38 17 50 55 67 35 30 51 32 54 37 25 25 0 21 32 60 55 54 27 6700 6780 6722
36 47 47 52 37 29 48 41 29 18 16 40 29 50 50 26 18 31 4 47 18 24 39 34 52 21 9 36 17 42 23 16 31 21 0 35 47 46 33 36 6706 6786 6728
24 81 76 85 62 6 79 75 32 52 45 69 50 79 84 60 49 54 36 81 41 16 73 61 86 27 38 70 27 34 58 21 7 32 35 0 81 80 53 9 6731 6811 6753
77 1 32 22 40 76 24 7 68 30 40 31 47 31 12 22 35 44 46 9 47 70 12 36 8 61 45 14 58 79 25 62 77 60 47 81 0 14 50 82 6675 6756 6697
80 14 44 9 49 75 36 16 62 30 44 42 54 44 5 24 40 52 46 5 51 67 9 45 21 64 47 21 60 84 24 62 75 55 46 80 14 0 57 80 6667 6747 6689
37 49 27 65 12 49 34 43 62 33 20 22 5 31 59 34 21 6 30 55 16 51 49 15 50 27 25 37 27 34 37 35 53 54 33 53 50 57 0 58 6724 6804 6746
32 82 80 84 67 10 82 76 26 53 48 73 55 83 84 61 52 59 38 81 46 13 73 66 88 33 41 71 32 42 58 24 6 27 36 9 82 80 58 0 6725 6804 6746
6742 6676 6705 6659 6715 6726 6696 6682 6700 6695 6709 6706 6721 6703 6666 6691 6706 6718 6708 6670 6717 6716 6676 6711 6677 6726 6711 6687 6723 6748 6689 6720 6724 6700 6706 6731 6675 6667 6724 6725 0 105 52
6822 6756 6785 6739 6795 6806 6776 6762 6779 6775 6789 6786 6801 6783 6746 6771 6786 6799 6788 6750 6797 6796 6756 6791 6757 6806 6790 6768 6803 6828 6769 6800 6804 6780 6786 6811 6756 6747 6804 6804 105 0 62
6764 6698 6727 6681 6737 6748 6718 6704 6721 6717 6731 6728 6742 6725 6688 6713 6728 6740 6729 6691 6738 6738 6698 6733 6699 6748 6732 6709 6744 6770 6711 6742 6746 6722 6728 6753 6697 6689 6746 6746 52 62 0
