0.0 22.544032524229348 30.557947055748347 16.36005175580985 13.680362719413013 10.958585178363464 43.53274518630544 44.72956398802704 12.692825630291543 49.91520052620035 32.05344572577238 16.053425062436027 37.69727464611858 32.48422481364554 22.146499754605156 57.550383759137155 5.319089760191775 54.65514872478032 3.769011890884048 22.587397443567657 17.108211434822326 16.976478656249473 29.0281055137538 36.34138706665662 8.862257563429235 45.79374169708313 41.68225394003783 42.0820560118434 17.19397336320457 45.997792902998064 26.395301030964056 18.78074912147354 40.74349195928643 33.454491609987244 18.31809337383451 56.96977122844028 14.19624527877346 53.61956227888977 23.013003455834955 12.818773714253947 23.570920184075824 18.780749121473452 19.45900036182344 5.042783101674592 37.51600842923798 25.542075370773325 14.373433483713859 68.7550186739734
22.544032524229348 0.0 53.05286803561772 16.982340172190167 36.171419015594445 19.878274564850592 65.1090286366131 57.27936356797559 24.17832469472653 32.0087969135394 40.621033413990844 30.589594678131462 47.69399924279582 46.938251198377706 21.78282596819996 59.66135493950438 27.35280496025969 68.98283839239502 25.896272828974528 29.156289080242694 21.982834469356106 5.881813669279164 50.96082440120804 48.405364563779145 27.4932269900979 50.296954651181395 63.555486049852625 52.27314820454299 27.603663248814822 27.095424627944173 47.777421352986245 13.644475280063832 57.41143143658332 51.62805755432065 23.48142755265326 59.27869407764139 23.30400494480737 68.31356671482305 33.57658756991191 17.670279052101343 28.561613556576173 38.128652977113035 17.253554057850355 19.647909328502774 24.502813727399193 47.096202853951276 34.35547954863009 70.13009575342159
30.557947055748347 53.05286803561772 0.0 43.87402039610158 17.357589997452294 37.68378624576326 16.37175618802382 45.951897422796925 35.72130585007855 78.86443249278302 40.45963085272506 32.32845428433473 45.65631270891959 31.143450341147005 45.077669804165666 70.01502475491345 25.748637949623543 49.64299026880464 27.167998548910134 42.30375806206323 41.69246866483733 47.349805707227254 6.822680115968202 41.75486373558115 28.751108240331106 58.10229264678114 13.529002655388805 48.05761127768843 37.1105902671506 75.51287480518542 10.756688419385938 46.23225267228179 35.237773608258586 22.855310675366347 39.6635054207985 69.31397366052494 35.88322523822045 48.135897618275756 34.93806769659064 40.470947591721355 41.2624536589996 23.604752166942248 45.07195236173831 33.737041097994236 65.13555281971935 14.561639393692122 23.768808985088054 80.32849719062357
16.36005175580985 16.982340172190167 43.87402039610158 0.0 26.67169134978273 6.217663450565477 58.49291286694062 40.29708541817997 8.936401146777802 34.991032234512886 46.2016991468917 14.952206062133772 30.789405239049305 48.44864129536247 31.138208770139983 45.26082634786512 21.421432916830955 52.04099110518454 19.955796338791153 12.250409665812345 5.015088609859996 15.194003683492049 43.884697564692345 31.42580266604723 15.169519419838972 34.70908470812909 56.310482467095134 35.39087861296664 11.026364546360233 31.809722997519422 41.90678562582264 23.987126248281914 40.97305201274969 49.80703150311861 29.72646774303419 44.78084139149279 26.94112591139917 51.40421621968312 37.45945111486697 3.611306481692758 35.59646559503878 23.987126248281847 26.79165864773627 17.789492133824872 21.564506746397775 34.33216866076097 21.257729683756374 56.242663803019155
13.680362719413013 36.171419015594445 17.357589997452294 26.67169134978273 0.0 20.455543397531557 31.969525425042928 39.955730066349425 19.003356505024602 61.619350495313746 35.25500552521606 17.17376457730292 35.88164532732057 30.750516648505634 32.421717933872294 59.008743091272606 9.7687811586156 47.640118424515215 10.84525061168306 27.0368772140414 24.97853819387941 30.656036872841863 17.47365635338522 33.05548838996436 11.800481950195937 46.8010643566236 29.678250898539037 39.49893526469841 21.348336649295998 58.18013439105381 16.371848019234747 31.326708671296533 32.69670789951092 27.46478342316196 27.40860771319863 58.34833575419953 23.042639845429402 46.36574691241476 27.066330215124985 23.199774300608013 31.018584813203315 11.895294581548793 31.065230498637828 17.700015660349877 48.12416096486124 13.078269691767241 9.087169405300864 69.98110146453202
10.958585178363464 19.878274564850592 37.68378624576326 6.217663450565477 20.455543397531557 0.0 52.28717205162798 38.72240646183261 4.381437151973524 41.18485946908516 42.322418687224506 10.733271389700757 30.11949012454568 43.43643605092181 29.23235032422072 47.601400914991835 15.661204793040374 49.90254136265142 14.280892075067277 12.69690522855077 6.217663450565477 16.287865213070077 37.684059048717224 29.865924161047445 9.070183434318345 36.27054760171171 50.09423709346775 34.718702640470745 8.623018785030615 37.89812114045621 35.78248083403684 23.178887497606055 37.64817665984734 44.11855981568627 26.825374575204602 47.059648244560286 23.41441844551782 49.107425150293 33.36548131013327 2.8428215131879075 32.58308131889279 18.699774923893013 25.34137056326544 13.629611779245554 27.748716485244067 28.62760904891464 15.498902800443071 58.76211801752537
43.53274518630544 65.1090286366131 16.37175618802382 58.49291286694062 31.969525425042928 52.28717205162798 0.0 61.436643773993325 50.95047545713509 93.22581236030798 41.61235295408132 48.23777327701998 61.881481105323395 29.911936975308304 52.45669423524798 86.26658818166801 38.26318908636817 63.61045398951068 39.81002621415297 58.271121607472075 56.936681124464656 59.23360894344833 14.617042075631826 57.87983501758512 43.76707501558777 74.41908481564388 3.1019427030550566 64.07735900955747 52.87039029844997 89.4863264301438 17.33207155737226 55.830285036736626 50.08845850982417 19.794071280354355 47.233929870290666 85.56267096915714 44.44634822075389 62.06256408672913 39.45495833799038 54.944843860113686 46.8259422357802 39.87670475679736 53.793766504967174 45.4863509745378 80.02979470574651 30.8116923937564 39.61149254010351 96.44722328088345
44.72956398802704 57.27936356797559 45.951897422796925 40.29708541817997 39.955730066349425 38.72240646183261 61.436643773993325 0.0 34.47836496715331 63.36362867522735 74.7130384253517 28.97873457141232 10.43892674118135 70.6055454883908 66.68686510479884 27.903280430847182 45.552494736573266 12.252641394233523 45.33107232101572 28.24321987251908 35.302004085414424 54.803252003919646 51.28824044636055 8.897631094085563 35.87809033266627 19.313100354449062 58.34725552310734 7.0812779672804815 30.153789070014955 63.13484214366635 52.955487700425195 61.6737907360354 12.09221216733802 65.8609672760733 63.04144753830661 27.214649096859375 58.83572946952689 12.06813910045321 66.00873422263916 40.129060581932 68.10982969047464 28.1942351657716 63.391427393627254 49.55052243057802 49.57312690926685 31.840254380274757 32.05124567771973 36.28211624507758
12.692825630291543 24.17832469472653 35.72130585007855 8.936401146777802 19.003356505024602 4.381437151973524 50.95047545713509 34.47836496715331 0.0 43.44283835387953 44.72438989273834 6.417649799934021 26.15951078582321 44.75827452867492 32.88000408287654 44.876278933161274 16.427120774236503 45.557096502079524 15.296863865725756 9.89896533344265 5.992718604012173 20.665571865167024 36.47551062220897 25.6588031933594 7.222173010454881 33.21086238263126 48.58492677510692 30.723040824061417 4.712761052306823 40.54249418297925 35.05386265466919 27.247479273780186 33.28265301137815 44.45506091391019 30.039707317909567 44.30175629803143 26.322103787821064 44.747919211416956 35.68999837946865 6.614667983203285 35.657193547497045 15.052656514040551 29.19959511095207 16.44745471877894 29.43911004769097 25.44868638532126 12.467184544823128 56.07874338577488
49.91520052620035 32.0087969135394 78.86443249278302 34.991032234512886 61.619350495313746 41.18485946908516 93.22581236030798 63.36362867522735 43.44283835387953 0.0 72.59645414216781 48.29498209228346 53.080702593334706 78.66498650329731 53.52853991244329 50.565408930640544 55.23403740449434 75.41739607977085 53.68397141999589 40.10789973163108 37.694906079763484 37.121378529042474 78.61525688418804 56.21525882620648 50.14427905980497 47.45548594078307 91.15838081067754 56.4624465981567 43.407183358856685 5.327545400745893 76.27751117658275 45.56261531052689 69.31182294608128 82.39724065487069 55.485461345047746 50.56559410651297 55.00011551512735 75.40694840428522 65.5151366977406 38.41974562808889 60.51304321703009 57.91860049512432 49.14437625386 49.12863012586965 14.639651545691494 68.66231883657389 55.89331985240266 57.702116618022615
32.05344572577238 40.621033413990844 40.45963085272506 46.2016991468917 35.25500552521606 42.322418687224506 41.61235295408132 74.7130384253517 44.72438989273834 72.59645414216781 0.0 47.57424744115035 69.05381617853567 11.96696328797845 19.29553648810632 89.59910565646773 29.53013950093001 82.8937882057549 30.116904248679617 54.59093759182944 48.499104656929 36.00427216837912 34.096687998231026 67.04751728338654 40.00074089880677 77.83002024175369 42.04335817997362 73.202997765347 49.24387322121494 67.57702142406129 29.787559178309277 27.036807450067613 67.93965331665727 21.87667267381323 17.35161314518446 89.02113552462635 19.282164112205344 81.62019474221509 9.042538130092748 43.276133112779675 12.09221216733802 46.587421801724325 23.473117736595754 28.711820830732442 63.956420453275925 46.983192801628824 42.67015001462764 100.80254964324998
16.053425062436027 30.589594678131462 32.32845428433473 14.952206062133772 17.17376457730292 10.733271389700757 48.23777327701998 28.97873457141232 6.417649799934021 48.29498209228346 47.57424744115035 0.0 21.658270705580563 46.02304709007654 37.736524290551074 42.73406071335167 18.130905181344055 39.61344824513978 17.457380005427684 10.03681781334336 10.811214716895792 26.916089784115908 34.19379562125725 20.385319941062175 7.576066878679803 30.6442931006085 45.65016187937839 26.02889421097072 4.948260187049005 45.80238211675511 33.524108115573085 32.82181201226165 26.93648634245361 44.284614115097334 34.30457520914319 42.106973218449696 30.24698682826523 38.73205284601192 38.573739004423715 13.014958510493791 39.62433849612507 9.636530001156462 34.42075089578202 20.67619415044826 33.890957471519656 20.43722275104663 8.626707358448346 53.882237619199245
37.69727464611858 47.69399924279582 45.65631270891959 30.789405239049305 35.88164532732057 30.11949012454568 61.881481105323395 10.43892674118135 26.15951078582321 53.080702593334706 69.05381617853567 21.658270705580563 0.0 66.45369420014353 59.001387710001175 24.388716893721707 39.52371175236804 22.68734097732799 39.00199830203321 18.54663638399524 25.90073624132355 45.711414631473176 49.95454854453561 4.448599189841538 29.144660867717814 12.865183556701853 58.88674001028488 4.621081955132305 21.529719865503356 52.73022768630899 50.77502998757331 53.29828001127172 17.990910968680588 63.082684951572205 55.86307401032833 23.683506819632992 51.87568509956768 22.485249290765594 60.10625024305762 31.111683903171695 61.26125537176165 24.132827236934073 55.35637111533327 42.18778189825864 39.16711486604844 31.099721898453538 27.041142632371795 34.74462052868363
32.48422481364554 46.938251198377706 31.143450341147005 48.44864129536247 30.750516648505634 43.43643605092181 29.911936975308304 70.6055454883908 44.75827452867492 78.66498650329731 11.96696328797845 46.02304709007654 66.45369420014353 0.0 27.820873053872678 88.75700122107784 28.356844960918618 77.39492085565797 29.467401720245185 54.52782840239939 49.58817973087478 41.555053390794605 24.389354673667 63.788371230346925 38.68595843911309 76.64435177885434 30.601186603230843 70.20655624220369 48.791727238951125 73.94384169051781 20.476027663056175 34.198047988729456 62.330085814606655 10.12493243274913 23.94955078549074 88.12868600511204 23.67744158367833 76.01395157090589 13.730299007888018 45.07874865536413 20.674105354435603 42.64438196057886 31.017025769458115 30.812571263572888 68.33111749452698 40.41601630209146 39.41255286047034 99.89647867937911
22.146499754605156 21.78282596819996 45.077669804165666 31.138208770139983 32.421717933872294 29.23235032422072 52.45669423524798 66.68686510479884 32.88000408287654 53.52853991244329 19.29553648810632 37.736524290551074 59.001387710001175 27.820873053872678 0.0 76.33217329239528 23.0999216699546 76.80000050699957 22.616973346624654 41.876563820025076 34.74259421834323 17.994291926223585 40.51117754546389 58.113228891325335 30.966407940836405 65.37428257300141 51.80487316579657 63.526795599437015 37.5730132139074 48.43385022080658 36.34405364610578 8.212458823026813 62.80580994562148 35.070312799984684 5.420401770623702 75.83300185616483 9.451120671740153 75.76568267797971 14.210227805233112 29.100138191657205 7.354065076900895 40.675122529489364 4.659600768135073 17.18075058269992 45.92261436860731 45.493372018304264 36.25100985880748 87.36401288094457
57.550383759137155 59.66135493950438 70.01502475491345 45.26082634786512 59.008743091272606 47.601400914991835 86.26658818166801 27.903280430847182 44.876278933161274 50.565408930640544 89.59910565646773 42.73406071335167 24.388716893721707 88.75700122107784 76.33217329239528 0.0 60.672173728506074 35.343899431956736 59.796176177795815 35.042322110294265 41.688063634398766 59.94213972890691 74.09979332731149 28.51490017827098 50.14427905980502 12.208258133502579 83.27504371875823 22.79667425972132 40.38301453868481 52.66248864560574 74.61537080424897 69.21709557159689 39.72850717339195 86.47120432338922 74.3939538063745 0.7113065980774589 70.99608186347476 36.2312717712881 80.56171711575087 47.2875991164258 80.17936843772101 47.761518461853434 72.04634819309932 61.145878800318805 40.99510249467725 55.47047555060093 49.92766819665269 11.20523240431949
5.319089760191775 27.35280496025969 25.748637949623543 21.421432916830955 9.7687811586156 15.661204793040374 38.26318908636817 45.552494736573266 16.427120774236503 55.23403740449434 29.53013950093001 18.130905181344055 39.52371175236804 28.356844960918618 23.0999216699546 60.672173728506074 0.0 54.65558754165415 1.5532003003268096 26.172238048227783 21.566854199852322 21.607839014089055 23.81271983561407 37.61073573517876 10.573244398558675 48.6830412350576 36.468677520259746 43.69480097430024 20.45843806923476 51.306778102672226 21.085063426936035 21.557939380261626 40.1795574895931 28.459036436000435 18.4124748817766 60.06297458911752 13.998565761356051 53.51116415048665 20.604286964272262 17.826511694199517 22.822370005761943 18.01827710545674 21.38909376593849 8.079101847972135 42.75086016627501 22.608329011757665 13.711426882766439 71.85945751022028
54.65514872478032 68.98283839239502 49.64299026880464 52.04099110518454 47.640118424515215 49.90254136265142 63.61045398951068 12.252641394233523 45.557096502079524 75.41739607977085 82.8937882057549 39.61344824513978 22.68734097732799 77.39492085565797 76.80000050699957 35.343899431956736 54.65558754165415 0.0 54.68480909085684 40.19651783034465 47.02605040671426 66.1549179511093 55.80470598299559 20.744024099803102 45.84702246246441 29.714045706892964 60.52663597007562 18.95807494865733 41.51492698166401 75.32220578333282 58.26983477930315 72.4114746608886 15.06896935558408 71.37602010864812 72.76016795931731 34.743758562071534 68.42736552192372 1.5546107235323472 74.54751937181497 51.56136065778512 77.47397146899623 36.66766379428148 73.83301295640575 59.632592032544366 61.76709881278278 37.09141908037522 40.94705696718716 41.10278636279076
3.769011890884048 25.896272828974528 27.167998548910134 19.955796338791153 10.84525061168306 14.280892075067277 39.81002621415297 45.33107232101572 15.296863865725756 53.68397141999589 30.116904248679617 17.457380005427684 39.00199830203321 29.467401720245185 22.616973346624654 59.796176177795815 1.5532003003268096 54.68480909085684 0.0 25.122639632500384 20.266758076528472 20.18409447284368 25.346041817226567 37.24638604519337 9.885654516909527 47.8661424751692 38.002818042325316 43.241421497321156 19.47583134789233 49.753597799935484 22.63817306325731 20.577061423860137 40.35491338724503 29.8748771193042 18.142772018152936 59.19499222050395 13.764266538110911 53.5710484839035 21.121930760776646 16.371981601007214 22.833501160589403 18.165578341807052 20.628617712137768 6.855716915991244 41.23655590324559 23.447746790014243 13.778761800770662 70.99373966141806
22.587397443567657 29.156289080242694 42.30375806206323 12.250409665812345 27.0368772140414 12.69690522855077 58.271121607472075 28.24321987251908 9.89896533344265 40.10789973163108 54.59093759182944 10.03681781334336 18.54663638399524 54.52782840239939 41.876563820025076 35.042322110294265 26.172238048227783 40.19651783034465 25.122639632500384 0.0 7.462122645899945 27.30341485975655 44.21109846224097 19.459555090576224 16.09324433351317 23.576449450715593 55.66941052537575 23.142445862285154 5.8269371622557316 38.32656430066352 43.40762768791341 35.44972138331491 30.39884607249998 53.691212652554306 39.504342875227934 34.48069340450532 35.98314654342583 39.664815097999686 45.56426424496801 12.972483169468301 45.231174302836955 19.068783956736333 37.86357693930016 26.116110931950736 25.47204995405772 29.780636224997192 18.662607680379352 46.235445767451026
17.108211434822326 21.982834469356106 41.69246866483733 5.015088609859996 24.97853819387941 6.217663450565477 56.936681124464656 35.302004085414424 5.992718604012173 37.694906079763484 48.499104656929 10.811214716895792 25.90073624132355 49.58817973087478 34.74259421834323 41.688063634398766 21.566854199852322 47.02605040671426 20.266758076528472 7.462122645899945 0.0 19.850842175968747 42.4442974033343 26.42307732812097 13.180313434839343 30.647399691546994 54.57743131619903 30.514949042737147 6.316854937058231 35.030321604624675 40.930873550917745 28.076683517607478 36.088824340500324 49.93141381597393 32.72647944649453 41.16716234367717 29.487196640589435 46.39025243619221 39.56194109651689 5.64683068163416 38.540847052761215 20.311628559851854 30.606550054620165 19.788133997659067 23.52760749032396 30.98498855110486 18.246372377729664 52.80404081623099
16.976478656249473 5.881813669279164 47.349805707227254 15.194003683492049 30.656036872841863 16.287865213070077 59.23360894344833 54.803252003919646 20.665571865167024 37.121378529042474 36.00427216837912 26.916089784115908 45.711414631473176 41.555053390794605 17.994291926223585 59.94213972890691 21.607839014089055 66.1549179511093 20.18409447284368 27.30341485975655 19.850842175968747 0.0 45.11790851632033 45.90986120929687 22.801023900781264 49.79106034831822 57.6977432658286 50.33143315818796 24.675536859998893 32.401305808136556 41.90293601624051 9.892606386122415 53.84492475999373 45.886606969916656 18.66176546715682 59.50228629029382 17.881016868437726 65.38057984620379 28.452263923146457 14.677337055078073 24.135171547120482 33.6057723197788 13.335627624592224 13.797688720886255 28.060815585688918 42.02861410356474 29.60659139916033 70.72885251545301
29.0281055137538 50.96082440120804 6.822680115968202 43.884697564692345 17.47365635338522 37.684059048717224 14.617042075631826 51.28824044636055 36.47551062220897 78.61525688418804 34.096687998231026 34.19379562125725 49.95454854453561 24.389354673667 40.51117754546389 74.09979332731149 23.81271983561407 55.80470598299559 25.346041817226567 44.21109846224097 42.4442974033343 45.11790851632033 0.0 46.3195873669988 29.264095290184454 62.00480527938848 12.656873751234368 52.75497366259456 38.65743150141871 74.91073391972861 4.397408643743918 42.67529727199086 41.120625923022516 16.074553684799458 35.107754345389196 73.40993849494107 31.70510299786612 54.321320565676 29.248121985191027 40.33111159882828 35.99258796664554 26.581718367597606 41.08131969399772 31.320241734716173 65.43170838725123 19.44967675316354 25.614591747213954 84.69260613366521
36.34138706665662 48.405364563779145 41.75486373558115 31.42580266604723 33.05548838996436 29.865924161047445 57.87983501758512 8.897631094085563 25.6588031933594 56.21525882620648 67.04751728338654 20.385319941062175 4.448599189841538 63.788371230346925 58.113228891325335 28.51490017827098 37.61073573517876 20.744024099803102 37.24638604519337 19.459555090576224 26.42307732812097 45.90986120929687 46.3195873669988 0.0 27.560241404416352 17.255590288716164 54.86013854278382 6.498647050106679 21.276045096848783 55.542362927127705 47.380856916086046 52.89397015367139 13.810572069468776 59.916339128785275 54.648374438615235 27.805183736052452 50.52178711187604 20.264925712780173 58.19997839340754 31.234140326346168 59.862353862475324 21.167896379121203 54.70294528887328 41.05462777123726 42.01769343619151 27.20151017774497 24.52875196947655 38.57982024751783
8.862257563429235 27.4932269900979 28.751108240331106 15.169519419838972 11.800481950195937 9.070183434318345 43.76707501558777 35.87809033266627 7.222173010454881 50.14427905980497 40.00074089880677 7.576066878679803 29.144660867717814 38.68595843911309 30.966407940836405 50.14427905980502 10.573244398558675 45.84702246246441 9.885654516909527 16.09324433351317 13.180313434839343 22.801023900781264 29.264095290184454 27.560241404416352 0.0 38.12161208460885 41.44145572068255 33.433424898690255 10.267848864350574 46.95208915626269 27.852428148850795 26.939352995802405 32.163060178342086 37.61454484602823 27.16351207047259 49.528853867181525 22.976419814685574 44.83700510137413 31.006865145856512 11.909914224734765 32.30272987931041 10.82932207092061 28.049204647757385 13.788423103283074 36.41407188996751 19.81225493732741 6.862320641066372 61.32068843186488
45.79374169708313 50.296954651181395 58.10229264678114 34.70908470812909 46.8010643566236 36.27054760171171 74.41908481564388 19.313100354449062 33.21086238263126 47.45548594078307 77.83002024175369 30.6442931006085 12.865183556701853 76.64435177885434 65.37428257300141 12.208258133502579 48.6830412350576 29.714045706892964 47.8661424751692 23.576449450715593 30.647399691546994 49.79106034831822 62.00480527938848 17.255590288716164 38.12161208460885 0.0 71.4611527744322 12.711811045573292 28.60398320774137 48.357466495700415 62.43878050020954 58.635761245413335 29.954203448983165 74.2630422703048 63.078475500913704 11.547864606563369 59.50389594642596 30.14180163839287 68.78772287081654 36.29408142409432 68.7895246074112 35.58712468081597 61.25028070078082 49.62424601067273 35.323360623524316 43.610731471521724 37.721181492330366 23.257318049224693
41.68225394003783 63.555486049852625 13.529002655388805 56.310482467095134 29.678250898539037 50.09423709346775 3.1019427030550566 58.34725552310734 48.58492677510692 91.15838081067754 42.04335817997362 45.65016187937839 58.88674001028488 30.601186603230843 51.80487316579657 83.27504371875823 36.468677520259746 60.52663597007562 38.002818042325316 55.66941052537575 54.57743131619903 57.6977432658286 12.656873751234368 54.86013854278382 41.44145572068255 71.4611527744322 0.0 61.0355796662565 50.341816854072924 87.51914043208625 15.927220128590575 54.75794047927836 46.986770054551954 20.512872321061813 46.503194672985465 82.57016798486609 43.49643398594198 58.97956765554129 39.22157686045381 52.79208828985727 46.4784850977773 37.11812119365644 52.885748792545265 43.907582110488455 77.80069621633554 27.851736301154276 37.034446182557716 93.41665156986211
42.0820560118434 52.27314820454299 48.05761127768843 35.39087861296664 39.49893526469841 34.718702640470745 64.07735900955747 7.0812779672804815 30.723040824061417 56.4624465981567 73.202997765347 26.02889421097072 4.621081955132305 70.20655624220369 63.526795599437015 22.79667425972132 43.69480097430024 18.95807494865733 43.241421497321156 23.142445862285154 30.514949042737147 50.33143315818796 52.75497366259456 6.498647050106679 33.433424898690255 12.711811045573292 61.0355796662565 0.0 26.116558946076193 56.402396982944175 53.869904562028154 57.895401292514485 17.3053998500909 66.41442384237287 60.30735878961217 22.08648361807417 56.275688675691846 18.97092469886723 64.29854523664557 35.73215250400713 65.65273135327774 27.62680570323851 59.92238959957397 46.643542399176845 42.86124866999876 33.53684390826669 30.863361204639666 32.40430574829068
17.19397336320457 27.603663248814822 37.1105902671506 11.026364546360233 21.348336649295998 8.623018785030615 52.87039029844997 30.153789070014955 4.712761052306823 43.407183358856685 49.24387322121494 4.948260187049005 21.529719865503356 48.791727238951125 37.5730132139074 40.38301453868481 20.45843806923476 41.51492698166401 19.47583134789233 5.8269371622557316 6.316854937058231 24.675536859998893 38.65743150141871 21.276045096848783 10.267848864350574 28.60398320774137 50.341816854072924 26.116558946076193 0.0 41.02409757655823 37.69924969816898 31.782745446140506 29.96344277185881 47.86553272405708 34.747557147141016 39.79492398036226 30.99904652416204 40.78362573177806 40.201830097511895 10.04668931250222 40.34861771307834 14.571080865368275 33.839112072267 21.134663384935997 28.96293330551923 25.380580007482244 13.341916544157336 51.587926647681286
45.997792902998064 27.095424627944173 75.51287480518542 31.809722997519422 58.18013439105381 37.89812114045621 89.4863264301438 63.13484214366635 40.54249418297925 5.327545400745893 67.57702142406129 45.80238211675511 52.73022768630899 73.94384169051781 48.43385022080658 52.66248864560574 51.306778102672226 75.32220578333282 49.753597799935484 38.32656430066352 35.030321604624675 32.401305808136556 74.91073391972861 55.542362927127705 46.95208915626269 48.357466495700415 87.51914043208625 56.402396982944175 41.02409757655823 0.0 72.3915544272785 40.54447609048306 68.22069870426722 78.00429888952952 50.56499071567626 52.59502287312665 50.26685700195557 75.2019604175846 60.668164188299656 35.07740092175415 55.48545179209122 55.34108645225611 44.10547278944099 44.85625311558617 13.563142477371091 65.96060976969662 52.998783396464795 60.511643244542235
26.395301030964056 47.777421352986245 10.756688419385938 41.90678562582264 16.371848019234747 35.78248083403684 17.33207155737226 52.955487700425195 35.05386265466919 76.27751117658275 29.787559178309277 33.524108115573085 50.77502998757331 20.476027663056175 36.34405364610578 74.61537080424897 21.085063426936035 58.26983477930315 22.63817306325731 43.40762768791341 40.930873550917745 41.90293601624051 4.397408643743918 47.380856916086046 27.852428148850795 62.43878050020954 15.927220128590575 53.869904562028154 37.69924969816898 72.3915544272785 0.0 38.868978251321074 43.372016358432845 13.106247746692905 30.96233514039341 73.93694009331101 27.71378026623103 56.819521275605496 24.858501187138884 38.3080952862518 31.65530177633885 26.854022845141273 37.11078572270575 28.15630277152724 63.45848231384161 21.31971635793916 25.173993593568646 85.39233411801813
18.78074912147354 13.644475280063832 46.23225267228179 23.987126248281914 31.326708671296533 23.178887497606055 55.830285036736626 61.6737907360354 27.247479273780186 45.56261531052689 27.036807450067613 32.82181201226165 53.29828001127172 34.198047988729456 8.212458823026813 69.21709557159689 21.557939380261626 72.4114746608886 20.577061423860137 35.44972138331491 28.076683517607478 9.892606386122415 42.67529727199086 52.89397015367139 26.939352995802405 58.635761245413335 54.75794047927836 57.895401292514485 31.782745446140506 40.54447609048306 38.868978251321074 0.0 59.08703722692634 40.12698609411706 10.265847951670867 68.74758901750195 11.513252492890782 71.49092945439617 20.53004663103841 22.47871525220611 14.950427910592891 37.46071826413894 3.610866897797343 13.8964742727075 37.713728578260145 44.00793192109406 33.09477236491859 80.13379136874367
40.74349195928643 57.41143143658332 35.237773608258586 40.97305201274969 32.69670789951092 37.64817665984734 50.08845850982417 12.09221216733802 33.28265301137815 69.31182294608128 67.93965331665727 26.93648634245361 17.990910968680588 62.330085814606655 62.80580994562148 39.72850717339195 40.1795574895931 15.06896935558408 40.35491338724503 30.39884607249998 36.088824340500324 53.84492475999373 41.120625923022516 13.810572069468776 32.163060178342086 29.954203448983165 46.986770054551954 17.3053998500909 29.96344277185881 68.22069870426722 43.372016358432845 59.08703722692634 0.0 56.469540108840626 58.49768506636278 39.02814157549288 54.11237134764272 13.719668350592851 59.70758931884198 39.742075487303815 62.96917107347465 22.18980855773085 60.16518431658596 45.7816121547935 54.85884632046827 22.098063275646567 26.58720476971889 48.37294517864599
33.454491609987244 51.62805755432065 22.855310675366347 49.80703150311861 27.46478342316196 44.11855981568627 19.794071280354355 65.8609672760733 44.45506091391019 82.39724065487069 21.87667267381323 44.284614115097334 63.082684951572205 10.12493243274913 35.070312799984684 86.47120432338922 28.459036436000435 71.37602010864812 29.8748771193042 53.691212652554306 49.93141381597393 45.886606969916656 16.074553684799458 59.916339128785275 37.61454484602823 74.2630422703048 20.512872321061813 66.41442384237287 47.86553272405708 78.00429888952952 13.106247746692905 40.12698609411706 56.469540108840626 0.0 30.35922090478503 85.80929213900109 28.732625915308933 69.92484890605397 21.07880079069708 46.23911712104069 28.55566836893087 38.955228905912485 37.41114865079691 33.304554505571545 70.81682802784054 34.39426615079615 36.55085317153827 97.4201259463326
18.31809337383451 23.48142755265326 39.6635054207985 29.72646774303419 27.40860771319863 26.825374575204602 47.233929870290666 63.04144753830661 30.039707317909567 55.485461345047746 17.35161314518446 34.30457520914319 55.86307401032833 23.94955078549074 5.420401770623702 74.3939538063745 18.4124748817766 72.76016795931731 18.142772018152936 39.504342875227934 32.72647944649453 18.66176546715682 35.107754345389196 54.648374438615235 27.16351207047259 63.078475500913704 46.503194672985465 60.30735878961217 34.747557147141016 50.56499071567626 30.96233514039341 10.265847951670867 58.49768506636278 30.35922090478503 0.0 73.86181806972107 4.416656208188123 71.67104256558893 10.264203160296907 27.19632545590406 5.87121407440109 36.30823132355867 7.119826511487945 13.678576077608364 46.614204528287544 40.48248906634952 31.9173360288912 85.52749400945224
56.96977122844028 59.27869407764139 69.31397366052494 44.78084139149279 58.34833575419953 47.059648244560286 85.56267096915714 27.214649096859375 44.30175629803143 50.56559410651297 89.02113552462635 42.106973218449696 23.683506819632992 88.12868600511204 75.83300185616483 0.7113065980774589 60.06297458911752 34.743758562071534 59.19499222050395 34.48069340450532 41.16716234367717 59.50228629029382 73.40993849494107 27.805183736052452 49.528853867181525 11.547864606563369 82.57016798486609 22.08648361807417 39.79492398036226 52.59502287312665 73.93694009331101 68.74758901750195 39.02814157549288 85.80929213900109 73.86181806972107 0.0 70.44602684191337 35.61773770618439 79.98236410701195 46.774425955253406 79.64103806501495 47.08360925434244 71.55996977363485 60.59080901233388 40.82445519449199 54.76812483707573 49.26901486065474 11.798747584552132
14.19624527877346 23.30400494480737 35.88322523822045 26.94112591139917 23.042639845429402 23.41441844551782 44.44634822075389 58.83572946952689 26.322103787821064 55.00011551512735 19.282164112205344 30.24698682826523 51.87568509956768 23.67744158367833 9.451120671740153 70.99608186347476 13.998565761356051 68.42736552192372 13.764266538110911 35.98314654342583 29.487196640589435 17.881016868437726 31.70510299786612 50.52178711187604 22.976419814685574 59.50389594642596 43.49643398594198 56.275688675691846 30.99904652416204 50.26685700195557 27.71378026623103 11.513252492890782 54.11237134764272 28.732625915308933 4.416656208188123 70.44602684191337 0.0 67.3252841758086 10.831472716488442 24.114791792163288 9.388535733994315 31.92301073846305 9.397781015809768 9.880111018675425 45.16573424263605 36.12080794178861 27.542975559783095 82.168342248097
53.61956227888977 68.31356671482305 48.135897618275756 51.40421621968312 46.36574691241476 49.107425150293 62.06256408672913 12.06813910045321 44.747919211416956 75.40694840428522 81.62019474221509 38.73205284601192 22.485249290765594 76.01395157090589 75.76568267797971 36.2312717712881 53.51116415048665 1.5546107235323472 53.5710484839035 39.664815097999686 46.39025243619221 65.38057984620379 54.321320565676 20.264925712780173 44.83700510137413 30.14180163839287 58.97956765554129 18.97092469886723 40.78362573177806 75.2019604175846 56.819521275605496 71.49092945439617 13.719668350592851 69.92484890605397 71.67104256558893 35.61773770618439 67.3252841758086 0.0 73.31556223998291 50.82771651464863 76.33347162155532 35.5035952834273 72.85600140232609 58.61262949336627 61.63974353331857 35.6751024435364 39.812521701209285 42.27556817402122
23.013003455834955 33.57658756991191 34.93806769659064 37.45945111486697 27.066330215124985 33.36548131013327 39.45495833799038 66.00873422263916 35.68999837946865 65.5151366977406 9.042538130092748 38.573739004423715 60.10625024305762 13.730299007888018 14.210227805233112 80.56171711575087 20.604286964272262 74.54751937181497 21.121930760776646 45.56426424496801 39.56194109651689 28.452263923146457 29.248121985191027 58.19997839340754 31.006865145856512 68.78772287081654 39.22157686045381 64.29854523664557 40.201830097511895 60.668164188299656 24.858501187138884 20.53004663103841 59.70758931884198 21.07880079069708 10.264203160296907 79.98236410701195 10.831472716488442 73.31556223998291 0.0 34.42759124218369 7.487809559890664 38.01302917606235 17.292314267549067 19.803210317495605 55.987600158233185 39.405632568013665 33.9671719912114 91.76578920502114
12.818773714253947 17.670279052101343 40.470947591721355 3.611306481692758 23.199774300608013 2.8428215131879075 54.944843860113686 40.129060581932 6.614667983203285 38.41974562808889 43.276133112779675 13.014958510493791 31.111683903171695 45.07874865536413 29.100138191657205 47.2875991164258 17.826511694199517 51.56136065778512 16.371981601007214 12.972483169468301 5.64683068163416 14.677337055078073 40.33111159882828 31.234140326346168 11.909914224734765 36.29408142409432 52.79208828985727 35.73215250400713 10.04668931250222 35.07740092175415 38.3080952862518 22.47871525220611 39.742075487303815 46.23911712104069 27.19632545590406 46.774425955253406 24.114791792163288 50.82771651464863 34.42759124218369 0.0 33.036765783265565 21.409592664260344 24.96279239013401 14.63914520108315 25.152677361270783 31.443861603327452 18.314953942659937 58.37894390754805
23.570920184075824 28.561613556576173 41.2624536589996 35.59646559503878 31.018584813203315 32.58308131889279 46.8259422357802 68.10982969047464 35.657193547497045 60.51304321703009 12.09221216733802 39.62433849612507 61.26125537176165 20.674105354435603 7.354065076900895 80.17936843772101 22.822370005761943 77.47397146899623 22.833501160589403 45.231174302836955 38.540847052761215 24.135171547120482 35.99258796664554 59.862353862475324 32.30272987931041 68.7895246074112 46.4784850977773 65.65273135327774 40.34861771307834 55.48545179209122 31.65530177633885 14.950427910592891 62.96917107347465 28.55566836893087 5.87121407440109 79.64103806501495 9.388535733994315 76.33347162155532 7.487809559890664 33.036765783265565 0.0 40.83742842119415 11.380905569257733 19.2140810319977 52.1861422437314 43.93019868662036 36.52693001919689 91.32683433323142
18.780749121473452 38.128652977113035 23.604752166942248 23.987126248281847 11.895294581548793 18.699774923893013 39.87670475679736 28.1942351657716 15.052656514040551 57.91860049512432 46.587421801724325 9.636530001156462 24.132827236934073 42.64438196057886 40.675122529489364 47.761518461853434 18.01827710545674 36.66766379428148 18.165578341807052 19.068783956736333 20.311628559851854 33.6057723197788 26.581718367597606 21.167896379121203 10.82932207092061 35.58712468081597 37.11812119365644 27.62680570323851 14.571080865368275 55.34108645225611 26.854022845141273 37.46071826413894 22.18980855773085 38.955228905912485 36.30823132355867 47.08360925434244 31.92301073846305 35.5035952834273 38.01302917606235 21.409592664260344 40.83742842119415 0.0 38.23238862752243 23.814088170612393 43.52724899224876 10.816739332656805 4.427523715090593 58.57169407022503
19.45900036182344 17.253554057850355 45.07195236173831 26.79165864773627 31.065230498637828 25.34137056326544 53.793766504967174 63.391427393627254 29.19959511095207 49.14437625386 23.473117736595754 34.42075089578202 55.35637111533327 31.017025769458115 4.659600768135073 72.04634819309932 21.38909376593849 73.83301295640575 20.628617712137768 37.86357693930016 30.606550054620165 13.335627624592224 41.08131969399772 54.70294528887328 28.049204647757385 61.25028070078082 52.885748792545265 59.92238959957397 33.839112072267 44.10547278944099 37.11078572270575 3.610866897797343 60.16518431658596 37.41114865079691 7.119826511487945 71.55996977363485 9.397781015809768 72.85600140232609 17.292314267549067 24.96279239013401 11.380905569257733 38.23238862752243 0.0 14.419216297497348 41.278586032606405 43.99741377311252 33.81498924035738 83.03166166680661
5.042783101674592 19.647909328502774 33.737041097994236 17.789492133824872 17.700015660349877 13.629611779245554 45.4863509745378 49.55052243057802 16.44745471877894 49.12863012586965 28.711820830732442 20.67619415044826 42.18778189825864 30.812571263572888 17.18075058269992 61.145878800318805 8.079101847972135 59.632592032544366 6.855716915991244 26.116110931950736 19.788133997659067 13.797688720886255 31.320241734716173 41.05462777123726 13.788423103283074 49.62424601067273 43.907582110488455 46.643542399176845 21.134663384935997 44.85625311558617 28.15630277152724 13.8964742727075 45.7816121547935 33.304554505571545 13.678576077608364 60.59080901233388 9.880111018675425 58.61262949336627 19.803210317495605 14.63914520108315 19.2140810319977 23.814088170612393 14.419216297497348 0.0 37.72011189858157 30.149859169591736 19.399498720846704 72.32731400375947
37.51600842923798 24.502813727399193 65.13555281971935 21.564506746397775 48.12416096486124 27.748716485244067 80.02979470574651 49.57312690926685 29.43911004769097 14.639651545691494 63.956420453275925 33.890957471519656 39.16711486604844 68.33111749452698 45.92261436860731 40.99510249467725 42.75086016627501 61.76709881278278 41.23655590324559 25.47204995405772 23.52760749032396 28.060815585688918 65.43170838725123 42.01769343619151 36.41407188996751 35.323360623524316 77.80069621633554 42.86124866999876 28.96293330551923 13.563142477371091 63.45848231384161 37.713728578260145 54.85884632046827 70.81682802784054 46.614204528287544 40.82445519449199 45.16573424263605 61.63974353331857 55.987600158233185 25.152677361270783 52.1861422437314 43.52724899224876 41.278586032606405 37.72011189858157 0.0 54.32081204534417 41.76746398237598 49.97412053685416
25.542075370773325 47.096202853951276 14.561639393692122 34.33216866076097 13.078269691767241 28.62760904891464 30.8116923937564 31.840254380274757 25.44868638532126 68.66231883657389 46.983192801628824 20.43722275104663 31.099721898453538 40.41601630209146 45.493372018304264 55.47047555060093 22.608329011757665 37.09141908037522 23.447746790014243 29.780636224997192 30.98498855110486 42.02861410356474 19.44967675316354 27.20151017774497 19.81225493732741 43.610731471521724 27.851736301154276 33.53684390826669 25.380580007482244 65.96060976969662 21.31971635793916 44.00793192109406 22.098063275646567 34.39426615079615 40.48248906634952 54.76812483707573 36.12080794178861 35.6751024435364 39.405632568013665 31.443861603327452 43.93019868662036 10.816739332656805 43.99741377311252 30.149859169591736 54.32081204534417 0.0 13.129301975892353 65.76893874129033
