0.0 56.108622778629226 46.105784009109925 21.532660015986725 53.653884976467126 70.7799859085017 41.68268546117186 33.03570067677848 25.49807696410655 52.15871078989347 85.78514079443647 23.27455602198808 49.47843491360058 75.5256317845451 60.620326062274515 90.51206174098272 16.9615649654187 39.39980344961486 78.36912355476315 25.974042299946177 13.196736637239221 44.632794270423446 82.95057314300821 4.934106152416491 42.967982862178864 50.65721576197779 42.88297155044384 50.97159774835086 17.73759597453586 56.98570221368314 64.7260271713012 15.502400481956535 43.90567628190978 74.65010043430023 19.447177118024978 90.37688118997076 21.601430236699148 50.11014032016188 34.94807509504614 73.25983413497453 13.08712848563062 33.35620741187436 37.7416553422399 14.935990420520481 14.121423584636592 49.049197541301574
56.108622778629226 0.0 49.65592637032065 71.55427815578243 72.94110491819426 15.849445534545975 17.509995444778657 26.001990812487556 32.41848394378121 10.75973325013545 31.22793756046223 55.66906390609823 9.645028178109555 40.22708375284825 5.018552328417854 42.19021110505737 65.5801880678232 18.871139526560864 22.29303905446355 34.39407056941222 60.7296525701983 14.239900127219977 30.592667895860888 58.37582888126803 58.46992151069063 7.220278016631319 73.98630901009783 13.875235931488643 60.37630687088983 11.911244065920638 16.727042229025727 48.32270742630757 12.322001524550616 35.427950456418685 42.6081602980302 40.07702048445005 39.51979856644406 51.433956016614104 22.091100526232687 26.37769621884159 48.5586124954416 37.704414189010585 59.86624695513607 47.86938347460772 57.61411142824192 12.000044567709203
46.105784009109925 49.65592637032065 0.0 67.56457671744613 93.89376416609902 55.57036236181425 34.08733849568935 30.36859574595568 31.604032458343443 39.19552799722995 65.61144111901487 64.4962168209895 40.13800231586313 39.44492561215056 50.9097708143107 60.723430967419795 63.00283836237168 48.03368812220298 65.08110081359938 27.75320511695268 58.76576121515963 49.959793244571465 59.8068437515983 50.99934018881403 80.08929030039658 42.64354165558932 86.52149049471436 36.087831155743636 62.36749837733991 40.766627709976824 44.53408472002823 53.40145747462896 41.7163503743568 41.78763429562243 51.728406205532714 62.78707602838065 50.65845734742126 4.023242883872727 35.05940606832078 75.87458948076213 51.325554384450804 60.461412688126714 77.14588601303429 52.459147929924946 58.361565859653126 37.66986920403625
21.532660015986725 71.55427815578243 67.56457671744613 0.0 41.458418647859794 87.1420847983012 59.868378208082845 52.106597875768784 44.850859372643306 69.8963396267736 102.51542078341629 19.597713152540436 66.71448072645718 96.044635189664 76.44363501802252 109.42758360309472 5.98332876813455 53.013152348613495 93.59186935428298 46.272302094669485 10.951113506784633 58.192118768658446 100.59581629547866 16.774014102188616 36.34501577525647 67.35951383451491 27.395452357767304 69.29942724627222 11.843314460707813 74.8969873075018 82.81377253585438 23.263826740552283 60.180462669075126 94.67780251168215 29.077076823259482 108.79072302908526 32.18030485238144 71.55427815578243 52.75236319998613 83.32234178887882 23.07377173364591 39.05099200309189 29.834357670895507 23.68584588012588 13.955693796776014 66.8529768310636
53.653884976467126 72.94110491819426 93.89376416609902 41.458418647859794 0.0 87.85333520207637 70.77531042188531 67.38764585658826 63.08587788994625 77.31549488824446 102.20524677978825 30.629388618166153 73.54444593087962 109.38243370552694 77.68001001768975 115.13022887378936 40.66106171200888 56.247196106065985 90.4732260586864 66.56264935361334 41.60732458272508 59.31545695957349 103.10156017518237 49.53249890907883 14.853667820826953 72.72187406999309 15.02914537023399 78.44305817318391 36.49062713541348 81.81133030676283 88.9129930814615 41.06276982572857 66.44540682042272 105.93453166845372 42.17188118042117 112.86139821311079 43.48565935920081 97.77523024163698 64.78255955453436 70.41271992380018 43.450475046933704 36.828606045815114 16.773760153904853 41.99176535863177 39.62772207919578 75.10161266190804
70.7799859085017 15.849445534545975 55.57036236181425 87.1420847983012 87.85333520207637 0.0 29.708035537019516 38.77807932676277 45.97866272026365 19.408542690609853 15.410012191390312 71.51630597379184 21.419011126367508 33.16844499801244 10.835178213709355 28.020735537296527 81.15967155171458 34.71365618736495 9.512718546917712 47.129935636491695 76.25827877383013 30.039106275881196 15.267166732038918 73.41406935436373 73.64581137372852 20.126368120308374 89.63327100623367 21.669724654157392 76.10026219209145 15.614823745451755 11.42499841850706 63.978652547674685 27.086847456714185 27.4168208706004 58.32587096272921 25.163639712787354 55.252921936598405 56.27643152857436 35.912001191358634 29.355460342881624 64.08382596690569 53.38097229459104 75.40880945613098 63.487217040294006 73.23774222208141 22.368767090421493
41.68268546117186 17.509995444778657 34.08733849568935 59.868378208082845 70.77531042188531 29.708035537019516 0.0 9.070183434318455 16.380997434713503 10.51871093874242 44.27518374887251 47.278725551621946 8.46281760324025 38.8710305040086 20.72896107304675 49.56709606785401 53.95607758956086 15.964379752533851 38.21389272630448 17.4605039258758 48.94097900521226 16.31725002018858 41.272061395368254 44.82036565251815 55.9361039119956 10.454079192989399 68.23846583276253 9.436184158274505 49.85351781357516 15.304872142111629 23.10655939214553 37.704392181805474 7.643145901472685 36.117142787941056 32.814902940681286 48.98791711489575 30.108100694186987 36.562161490632214 7.140499036225312 42.45819671454107 37.11878068175453 33.98821204213564 55.38434770875175 37.008908197596995 46.4394702329321 7.423674140258412
33.03570067677848 26.001990812487556 30.36859574595568 52.106597875768784 67.38764585658826 38.77807932676277 9.070183434318455 0.0 7.538423963016868 19.517665451775166 53.266254645381096 41.37335425128476 17.47300207672394 44.54652714529742 29.61977927244465 57.58616532498771 46.30155713905995 17.841492588240357 47.231191194618894 8.446724821918863 41.29785098799 20.62969123303288 50.02653060910188 36.47201953170193 52.780232540551545 19.26391163482796 63.11242449473997 18.00275808876029 42.79122115236488 24.13587489703503 31.746762179962143 30.988440118565155 14.309220012507545 42.68302081025549 26.85544540133696 57.345919447764395 24.604167163633747 33.55506971943656 4.9976860940850525 49.44763243117562 29.978353709200917 31.51520775351669 51.2341508153416 30.190654084619126 39.141596443298816 16.455472358146054
25.49807696410655 32.41848394378121 31.604032458343443 44.850859372643306 63.08587788994625 45.97866272026365 16.380997434713503 7.538423963016868 0.0 26.898413074129106 60.65597183993855 35.455330500804806 24.564967205721306 51.35242803461799 36.417732056473376 65.08047316927917 39.12186289432673 20.27604547101692 54.174414836055654 4.003048102737846 34.14835622642619 24.38357585150556 57.536543011968135 28.996132958401404 48.86183981069728 26.107668528404457 57.527588155639485 25.517543931819873 36.001053719099076 31.609290482464097 39.269963059802585 24.629434027745386 20.192801468730156 49.82706008032493 21.30280612976476 64.88047782875012 19.611827070814034 35.26149850930281 10.328835565461736 54.10627439889531 23.298619492569127 28.872995567950746 46.541458840946106 23.766508423724666 32.22477119846314 23.804184657595936
52.15871078989347 10.75973325013545 39.19552799722995 69.8963396267736 77.31549488824446 19.408542690609853 10.51871093874242 19.517665451775166 26.898413074129106 0.0 33.76114542484789 56.196671274110855 3.7712578668810535 32.53846239639796 11.846707656383142 39.87810455811064 63.943932569034295 21.07264737393535 28.299764936484923 27.77678895893978 58.945929669856284 18.58102854881778 30.85622568205767 55.18721054092252 62.50970823918653 5.177842862055525 76.31624473205837 3.1374495534464364 59.509076664886145 5.01858253155006 12.941640321496026 47.28040439336097 10.960020551413455 28.655463737098163 42.04122819744016 38.92497701312139 39.14177362953362 40.80359642630243 17.3032742933904 37.11671247862489 46.94015184624852 40.70308672555526 62.824322006198805 46.6535083598737 56.2628049400513 3.1095136798864913
85.78514079443647 31.22793756046223 65.61144111901487 102.51542078341629 102.20524677978825 15.410012191390312 44.27518374887251 53.266254645381096 60.65597183993855 33.76114542484789 0.0 86.89055629384583 36.30972117214589 34.17442251363092 26.227769303493723 18.57099702568959 96.53219308245825 50.09897456759508 12.451715987698933 61.426204000773076 91.61670558884583 45.34268343802208 6.956770116306895 88.58126703356949 88.28167492623791 35.2908820111524 104.68097205532314 35.45256506005107 91.50710056079346 29.214989494014652 22.29407230432372 79.37556113847997 42.379331057406965 28.590534220841437 73.73336224827165 14.19100917113632 70.66197735635511 65.52152021502498 50.83736075799756 37.82355189786183 79.44772511351776 68.51791544835113 90.37049332849318 78.87596048686254 88.62493125895034 36.8517871859711
23.27455602198808 55.66906390609823 64.4962168209895 19.597713152540436 30.629388618166153 71.51630597379184 47.278725551621946 41.37335425128476 35.455330500804806 56.196671274110855 86.89055629384583 0.0 52.64036782795855 85.73927632988104 60.68113563199494 96.03455332406718 15.015431555039518 36.804344319409694 76.95989859569245 38.313201060663765 13.051675728519427 41.60201532526604 85.87033258116485 19.63640163179563 19.96960290284492 52.728600474346656 22.17882798354662 56.31728901946873 8.519067626888011 61.17236743476473 69.00801767702089 11.125986742236305 45.561824203101786 83.36145888875416 14.559057486372742 94.7713503048576 17.17218594114023 68.47029339222857 40.31481372869478 64.41565511507726 13.19896570089714 20.057443504389077 14.468765378215146 12.062191486790754 9.913352708605064 53.38066688091229
49.47843491360058 9.645028178109555 40.13800231586313 66.71448072645718 73.54444593087962 21.419011126367508 8.46281760324025 17.47300207672394 24.564967205721306 3.7712578668810535 36.30972117214589 52.64036782795855 0.0 36.23303405966853 12.304223116358655 43.39428395926073 60.74617145968321 17.301504047120165 29.762295960806508 25.901181369669597 55.765791415092295 14.932999684976501 33.886758626703674 52.31331052398432 58.73854526139386 2.507544449527016 72.61285145592922 5.650114814426301 56.16145143206303 8.558721491935634 16.372111050842264 43.9278727819256 7.222508096535506 32.418721243919705 38.592369385523796 42.2690576600628 35.652767529356815 42.067437360922305 14.536727212148046 35.742890054610704 43.6903174831274 36.93950317428753 59.0777602262098 43.32874843300573 52.99262505242784 2.606712041477396
75.5256317845451 40.22708375284825 39.44492561215056 96.044635189664 109.38243370552694 33.16844499801244 38.8710305040086 44.54652714529742 51.35242803461799 32.53846239639796 34.17442251363092 85.73927632988104 36.23303405966853 0.0 37.26880533058753 22.518578158962026 90.41360881418119 53.300869700425636 40.390320333196584 49.791461865507 85.46880576008144 51.11799967875796 27.22660372315256 79.68842853783994 94.53003882362309 37.5648547019321 107.05141684179301 31.00905217393312 87.28398927991053 28.801520071180402 24.11198216037672 75.53193292989107 43.07545681138638 5.863836823874449 71.18061665159804 25.73998473338722 68.67274905535167 37.72426943425262 45.528669521128506 62.186567833045 74.49302702819428 72.56333505874548 94.23844733276165 74.73715315899311 83.56023287134856 34.398525086212594
60.620326062274515 5.018552328417854 50.9097708143107 76.44363501802252 77.68001001768975 10.835178213709355 20.72896107304675 29.61977927244465 36.417732056473376 11.846707656383142 26.227769303493723 60.68113563199494 12.304223116358655 37.26880533058753 0.0 37.49168082834117 70.46496940335646 23.878759414035425 17.799766543343846 38.06640262928193 65.59180249156267 19.246104078283473 25.638043715308577 63.035878289934836 63.288154089350336 10.358315970666524 78.95747719699503 14.870756773919936 65.32355182490072 10.773973203318967 13.209512589719271 53.23711785165056 16.71549503112038 32.13276055285132 47.5498378016974 35.21773030719974 44.46823659003969 52.33365407602261 26.128777562168647 26.513952439950085 53.415326710366216 42.67839588471968 64.80370571607423 52.76657455006312 62.516274414172855 14.08935739568667
90.51206174098272 42.19021110505737 60.723430967419795 109.42758360309472 115.13022887378936 28.020735537296527 49.56709606785401 57.58616532498771 65.08047316927917 39.87810455811064 18.57099702568959 96.03455332406718 43.39428395926073 22.518578158962026 37.49168082834117 0.0 103.52235707376755 59.96137740689169 29.928474093155337 64.69649183633155 98.50663433821776 56.082235561605806 13.47696745679253 94.05818420509209 100.63823886062066 43.43091837156876 115.6639109775912 40.15161502451752 99.31621936610081 34.87688356156912 27.02965072699012 87.1048014155801 50.5066971408232 18.958034837165197 81.91802004184817 4.661228761105852 79.01734856641164 59.51115235863776 56.6986238402598 55.39445674656084 86.65059809459659 79.51411958970746 101.77757490546539 86.45307954214388 95.97903326379227 42.79471178836152
16.9615649654187 65.5801880678232 63.00283836237168 5.98332876813455 40.66106171200888 81.15967155171458 53.95607758956086 46.30155713905995 39.12186289432673 63.943932569034295 96.53219308245825 15.015431555039518 60.74617145968321 90.41360881418119 70.46496940335646 103.52235707376755 0.0 47.070765365757026 87.63695336427031 40.71492972791694 5.017260790429179 52.26460590877069 94.62401852574004 12.031233700325005 33.514577175398074 61.37943649858901 27.75870398477096 63.3815418513775 6.595341302906886 68.94819798352293 76.8677790895909 17.317915489485916 54.198338763976594 88.93305191085211 23.153774950681118 102.84917964504372 26.25326306559795 67.01582967157043 46.8311705986927 77.75147676547444 17.091299514597953 33.66688840288743 27.183250152250046 17.717175051223688 8.019982539397452 60.90693923226164
39.39980344961486 18.871139526560864 48.03368812220298 53.013152348613495 56.247196106065985 34.71365618736495 15.964379752533851 17.841492588240357 20.27604547101692 21.07264737393535 50.09897456759508 36.804344319409694 17.301504047120165 53.300869700425636 23.878759414035425 59.96137740689169 47.070765365757026 0.0 40.594235641553055 23.804931925395152 42.32848661005122 5.28805137293908 49.18057931802217 40.909754744015935 41.43706141257299 16.656301813178693 55.70272797557659 22.291820151858463 41.64577809353369 25.67123440118298 33.102201413236415 29.753265908306684 10.229405251324534 49.69271154099545 23.944460642369847 58.33053291428409 20.840463978202898 51.02084882036273 12.984726317541687 34.540207819043864 30.25560490241524 19.69336655530844 41.92251792086894 29.380188876056472 39.05951366859274 18.909368357288887
78.36912355476315 22.29303905446355 65.08110081359938 93.59186935428298 90.4732260586864 9.512718546917712 38.21389272630448 47.231191194618894 54.174414836055654 28.299764936484923 12.451715987698933 76.95989859569245 29.762295960806508 40.390320333196584 17.799766543343846 29.928474093155337 87.63695336427031 40.594235641553055 0.0 55.66347016895717 82.84352754187047 35.494778920359146 16.537076442410548 80.66756234835414 76.83124742069367 28.067261599170333 93.71202092844918 30.80972978881993 82.22812602217837 24.937931805720066 20.768359655720463 70.32811391622432 34.47666099302842 34.52673436035373 64.53648288485574 25.987446841511655 61.43300680927467 65.75403397164514 43.912236210707256 25.55818851890824 70.69924581936164 57.890010915750466 79.30904601466494 69.92412779349546 79.63618743522447 31.092090058709985
25.974042299946177 34.39407056941222 27.75320511695268 46.272302094669485 66.56264935361334 47.129935636491695 17.4605039258758 8.446724821918863 4.003048102737846 27.77678895893978 61.426204000773076 38.313201060663765 25.901181369669597 49.791461865507 38.06640262928193 64.69649183633155 40.71492972791694 23.804931925395152 55.66347016895717 0.0 35.82975482549839 27.597075790157874 57.89881406554173 29.932945603153655 52.48384140062505 27.709977236110664 60.47520856736048 25.993439808388032 38.14133580203904 32.21594875551303 39.60147208384296 27.294595430596136 22.462556851799764 48.69778288994946 24.522684661976577 64.78364281888328 23.09671240138223 31.47161078686737 12.594868974299828 57.107852005326706 25.702878988789266 32.79627436008801 49.9275970789969 26.39282721108938 34.25159734447649 24.764385019345365
13.196736637239221 60.7296525701983 58.76576121515963 10.951113506784633 41.60732458272508 76.25827877383013 48.94097900521226 41.29785098799 34.14835622642619 58.945929669856284 91.61670558884583 13.051675728519427 55.765791415092295 85.46880576008144 65.59180249156267 98.50663433821776 5.017260790429179 42.32848661005122 82.84352754187047 35.82975482549839 0.0 47.5544766242275 89.6490622878748 8.402059459456616 32.76162694672323 56.428450121218034 29.894514466036235 58.36774305119582 5.141245075448563 63.94757110032872 71.86539121322244 12.654720898340463 49.2601085205807 83.94347958802743 18.51966200768062 97.84441817490186 21.593403447636017 62.78736785281731 41.81782732821241 73.59962224254787 12.17698354354276 29.929469361846508 26.7844895577691 12.95369854973849 3.754674968893908 55.90441551655973
44.632794270423446 14.239900127219977 49.959793244571465 58.192118768658446 59.31545695957349 30.039106275881196 16.31725002018858 20.62969123303288 24.38357585150556 18.58102854881778 45.34268343802208 41.60201532526604 14.932999684976501 51.11799967875796 19.246104078283473 56.082235561605806 52.26460590877069 5.28805137293908 35.494778920359146 27.597075790157874 47.5544766242275 0.0 44.8123156789563 46.194649341893 44.656045792751286 13.615852642088127 59.7786721546036 20.439876768748142 46.7454058544266 22.66816749291161 29.597663074906954 34.94942225015038 9.004872876431888 47.09247293244557 29.115321201427122 54.19104510672429 26.012942152491707 52.66652148015624 15.635458077272798 29.80464936912126 35.512224283383844 23.5061467554974 45.73065985781042 34.60110416079672 44.247014987953555 17.05475863409713
82.95057314300821 30.592667895860888 59.8068437515983 100.59581629547866 103.10156017518237 15.267166732038918 41.272061395368254 50.02653060910188 57.536543011968135 30.85622568205767 6.956770116306895 85.87033258116485 33.886758626703674 27.22660372315256 25.638043715308577 13.47696745679253 94.62401852574004 49.18057931802217 16.537076442410548 57.89881406554173 89.6490622878748 44.8123156789563 0.0 86.04265763797343 88.83946984417645 33.3204401549439 104.57879870156671 32.0237922573552 89.9207988688531 25.96723115123555 18.301651161571748 77.70186648654047 40.54210797524909 21.68201992153618 72.22538781427124 9.997068761366723 69.21067565774997 59.48266104858903 48.159443901509256 41.92571962104361 77.55323998705143 68.29693258687126 90.44172207912038 77.13523766914254 86.83604610322637 33.95648073364231
4.934106152416491 58.37582888126803 50.99934018881403 16.774014102188616 49.53249890907883 73.41406935436373 44.82036565251815 36.47201953170193 28.996132958401404 55.18721054092252 88.58126703356949 19.63640163179563 52.31331052398432 79.68842853783994 63.035878289934836 94.05818420509209 12.031233700325005 40.909754744015935 80.66756234835414 29.932945603153655 8.402059459456616 46.194649341893 86.04265763797343 0.0 39.58122528110922 53.31202140956418 38.261939568806326 54.21136843737389 13.204478239420627 60.097352619687875 67.92679663163165 13.92153315159739 46.362750071181466 78.60267364557555 18.93688057473095 93.74520005462362 21.56505775345563 55.00813534500736 37.88576641102335 74.0364575958224 11.9651496737202 32.3860415610837 34.02731533437748 13.627723587180464 9.933761137629027 52.08625971318696
42.967982862178864 58.46992151069063 80.08929030039658 36.34501577525647 14.853667820826953 73.64581137372852 55.9361039119956 52.780232540551545 48.86183981069728 62.50970823918653 88.28167492623791 19.96960290284492 58.73854526139386 94.53003882362309 63.288154089350336 100.63823886062066 33.514577175398074 41.43706141257299 76.83124742069367 52.48384140062505 32.76162694672323 44.656045792751286 88.83946984417645 39.58122528110922 0.0 57.96910142332362 18.494191328431388 63.60035673030033 27.78480323417277 67.04870753685296 74.23729758413123 28.65244206904752 51.61824042396874 91.10817228661367 28.56221802008267 98.50582197397813 29.43212457050558 83.89919522551135 50.01861691472419 58.47553174770843 31.20049486697378 21.97543794313291 6.531043566417111 29.518168771284454 29.864204830395447 60.265492022587026
50.65721576197779 7.220278016631319 42.64354165558932 67.35951383451491 72.72187406999309 20.126368120308374 10.454079192989399 19.26391163482796 26.107668528404457 5.177842862055525 35.2908820111524 52.728600474346656 2.507544449527016 37.5648547019321 10.358315970666524 43.43091837156876 61.37943649858901 16.656301813178693 28.067261599170333 27.709977236110664 56.428450121218034 13.615852642088127 33.3204401549439 53.31202140956418 57.96910142332362 0.0 72.29375889273854 7.761832765864261 56.60082670127786 9.094238976659444 16.46826750632783 44.38521789466772 7.222508096535521 33.47682901207961 38.91349516829045 42.04278471976721 35.91380310689064 44.572615849196644 15.875930699088777 33.23566546259589 44.29075809750488 36.34469625439326 58.57799750974166 43.82790648726607 53.54540733764439 5.065759226244906
42.88297155044384 73.98630901009783 86.52149049471436 27.395452357767304 15.02914537023399 89.63327100623367 68.23846583276253 63.11242449473997 57.527588155639485 76.31624473205837 104.68097205532314 22.17882798354662 72.61285145592922 107.05141684179301 78.95747719699503 115.6639109775912 27.75870398477096 55.70272797557659 93.71202092844918 60.47520856736048 29.894514466036235 59.7786721546036 104.57879870156671 38.261939568806326 18.494191328431388 72.29375889273854 0.0 76.85761695207408 25.146750012690454 81.1523223657545 88.76190797839445 33.287545648314094 65.39388792411147 104.29810544315171 36.32308704129287 113.94765190365703 38.526342042319165 90.51405476593145 61.53519358131771 76.68513360195662 35.22081649810241 36.281895681034776 14.437846049624026 34.21710403837588 28.910438617624592 73.71524384702319
50.97159774835086 13.875235931488643 36.087831155743636 69.29942724627222 78.44305817318391 21.669724654157392 9.436184158274505 18.00275808876029 25.517543931819873 3.1374495534464364 35.45256506005107 56.31728901946873 5.650114814426301 31.00905217393312 14.870756773919936 40.15161502451752 63.3815418513775 22.291820151858463 30.80972978881993 25.993439808388032 58.36774305119582 20.439876768748142 32.0237922573552 54.21136843737389 63.60035673030033 7.761832765864261 76.85761695207408 0.0 59.19901223709994 6.243857397191853 13.755614355936155 47.0124324172026 12.068201415837335 27.562134443106693 41.97172680542496 39.55859652851213 39.16664781420989 37.66886055861544 16.55062826534788 40.244401689817245 46.5032538058748 41.67257240607352 63.60530757868802 46.33992823035237 55.830325541278945 3.4111988963162005
17.73759597453586 60.37630687088983 62.36749837733991 11.843314460707813 36.49062713541348 76.10026219209145 49.85351781357516 42.79122115236488 36.001053719099076 59.509076664886145 91.50710056079346 8.519067626888011 56.16145143206303 87.28398927991053 65.32355182490072 99.31621936610081 6.595341302906886 41.64577809353369 82.22812602217837 38.14133580203904 5.141245075448563 46.7454058544266 89.9207988688531 13.204478239420627 27.78480323417277 56.60082670127786 25.146750012690454 59.19901223709994 0.0 64.5276580676428 72.44822519105914 12.233730627231564 49.38060572240583 85.43903840885642 17.77485071889058 98.41636424515632 20.856737082092927 66.38891009033901 42.71904731027518 71.47903954951478 12.818450586949808 27.233580065253083 21.709181578429497 12.863142052396348 4.0104122235938195 56.536648473368366
56.98570221368314 11.911244065920638 40.766627709976824 74.8969873075018 81.81133030676283 15.614823745451755 15.304872142111629 24.13587489703503 31.609290482464097 5.01858253155006 29.214989494014652 61.17236743476473 8.558721491935634 28.801520071180402 10.773973203318967 34.87688356156912 68.94819798352293 25.67123440118298 24.937931805720066 32.21594875551303 63.94757110032872 22.66816749291161 25.96723115123555 60.097352619687875 67.04870753685296 9.094238976659444 81.1523223657545 6.243857397191853 64.5276580676428 0.0 7.924857169949659 52.29886503572759 15.761390996928439 24.46847962262605 47.04990800400982 33.91057004236728 44.14079602924013 41.92565705028915 22.23992344780813 37.236093336749455 51.95374271868658 45.361183090956686 67.55507270328481 51.671957335693534 61.27770156619951 8.047766155435879
64.7260271713012 16.727042229025727 44.53408472002823 82.81377253585438 88.9129930814615 11.42499841850706 23.10655939214553 31.746762179962143 39.269963059802585 12.941640321496026 22.29407230432372 69.00801767702089 16.372111050842264 24.11198216037672 13.209512589719271 27.02965072699012 76.8677790895909 33.102201413236415 20.768359655720463 39.60147208384296 71.86539121322244 29.597663074906954 18.301651161571748 67.92679663163165 74.23729758413123 16.46826750632783 88.76190797839445 13.755614355936155 72.44822519105914 7.924857169949659 0.0 60.217980613557756 23.481508102905586 18.92436205018474 54.945061208790094 25.9861781704173 52.01940321245129 45.04035666884472 30.119053490897965 38.50942166712098 59.878370210145356 52.76554433335849 75.01903197747792 59.59425581965556 69.20253675806403 15.960992918483994
15.502400481956535 48.32270742630757 53.40145747462896 23.263826740552283 41.06276982572857 63.978652547674685 37.704392181805474 30.988440118565155 24.629434027745386 47.28040439336097 79.37556113847997 11.125986742236305 43.9278727819256 75.53193292989107 53.23711785165056 87.1048014155801 17.317915489485916 29.753265908306684 70.32811391622432 27.294595430596136 12.654720898340463 34.94942225015038 77.70186648654047 13.92153315159739 28.65244206904752 44.38521789466772 33.287545648314094 47.0124324172026 12.233730627231564 52.29886503572759 60.217980613557756 0.0 37.16854547478651 73.4806815327021 5.865123258509676 86.1833745878075 8.948003117994304 57.36721543837893 30.586183717381655 61.16378747749102 2.5783177777710726 18.482477655805777 24.368809665794668 0.9433013481012974 9.308148443245228 44.316276732921054
43.90567628190978 12.322001524550616 41.7163503743568 60.180462669075126 66.44540682042272 27.086847456714185 7.643145901472685 14.309220012507545 20.192801468730156 10.960020551413455 42.379331057406965 45.561824203101786 7.222508096535506 43.07545681138638 16.71549503112038 50.5066971408232 54.198338763976594 10.229405251324534 34.47666099302842 22.462556851799764 49.2601085205807 9.004872876431888 40.54210797524909 46.362750071181466 51.61824042396874 7.222508096535521 65.39388792411147 12.068201415837335 49.38060572240583 15.761390996928439 23.481508102905586 37.16854547478651 0.0 39.49027248972658 31.69186041309547 49.22542250620471 28.696957330335355 44.20369496141515 9.921586927171004 35.326098292493505 37.10706683146104 29.76015136311319 51.86434292621527 36.61802122842789 46.343749276393 8.680078699113322
74.65010043430023 35.427950456418685 41.78763429562243 94.67780251168215 105.93453166845372 27.4168208706004 36.117142787941056 42.68302081025549 49.82706008032493 28.655463737098163 28.590534220841437 83.36145888875416 32.418721243919705 5.863836823874449 32.13276055285132 18.958034837165197 88.93305191085211 49.69271154099545 34.52673436035373 48.69778288994946 83.94347958802743 47.09247293244557 21.68201992153618 78.60267364557555 91.10817228661367 33.47682901207961 104.29810544315171 27.562134443106693 85.43903840885642 24.46847962262605 18.92436205018474 73.4806815327021 39.49027248972658 0.0 68.84577209197894 21.455442133847498 66.20318186045652 40.56089670473222 43.051405029447274 56.56664511556665 72.6207062099051 69.21632702661378 91.1601385313526 72.72577714350652 81.82174298575944 30.853705336819996
19.447177118024978 42.6081602980302 51.728406205532714 29.077076823259482 42.17188118042117 58.32587096272921 32.814902940681286 26.85544540133696 21.30280612976476 42.04122819744016 73.73336224827165 14.559057486372742 38.592369385523796 71.18061665159804 47.5498378016974 81.91802004184817 23.153774950681118 23.944460642369847 64.53648288485574 24.522684661976577 18.51966200768062 29.115321201427122 72.22538781427124 18.93688057473095 28.56221802008267 38.91349516829045 36.32308704129287 41.97172680542496 17.77485071889058 47.04990800400982 54.945061208790094 5.865123258509676 31.69186041309547 68.84577209197894 0.0 80.8557681114768 3.1041690663842685 55.603498230305306 25.795521342032384 55.44653871794827 7.024936327962698 13.946394999071774 25.45403517756167 5.661480067349208 15.134162963688377 39.141742776506106
90.37688118997076 40.07702048445005 62.78707602838065 108.79072302908526 112.86139821311079 25.163639712787354 48.98791711489575 57.345919447764395 64.88047782875012 38.92497701312139 14.19100917113632 94.7713503048576 42.2690576600628 25.73998473338722 35.21773030719974 4.661228761105852 102.84917964504372 58.33053291428409 25.987446841511655 64.78364281888328 97.84441817490186 54.19104510672429 9.997068761366723 93.74520005462362 98.50582197397813 42.04278471976721 113.94765190365703 39.55859652851213 98.41636424515632 33.91057004236728 25.9861781704173 86.1833745878075 49.22542250620471 21.455442133847498 80.8557681114768 0.0 77.89709391743993 61.83514670520874 56.060689196836194 51.54114661070661 85.86429508402551 77.69470819560443 99.91435625254418 85.56868140417943 95.18773930772531 41.943808535614586
21.601430236699148 39.51979856644406 50.65845734742126 32.18030485238144 43.48565935920081 55.252921936598405 30.108100694186987 24.604167163633747 19.611827070814034 39.14177362953362 70.66197735635511 17.17218594114023 35.652767529356815 68.67274905535167 44.46823659003969 79.01734856641164 26.25326306559795 20.840463978202898 61.43300680927467 23.09671240138223 21.593403447636017 26.012942152491707 69.21067565774997 21.56505775345563 29.43212457050558 35.91380310689064 38.526342042319165 39.16664781420989 20.856737082092927 44.14079602924013 52.01940321245129 8.948003117994304 28.696957330335355 66.20318186045652 3.1041690663842685 77.89709391743993 0.0 54.46863965614864 23.17551361194316 52.57813510641917 9.856103334093243 12.416741194881793 26.938175608130003 8.67269545183323 18.234525331223036 36.27663650201265
50.11014032016188 51.433956016614104 4.023242883872727 71.55427815578243 97.77523024163698 56.27643152857436 36.562161490632214 33.55506971943656 35.26149850930281 40.80359642630243 65.52152021502498 68.47029339222857 42.067437360922305 37.72426943425262 52.33365407602261 59.51115235863776 67.01582967157043 51.02084882036273 65.75403397164514 31.47161078686737 62.78736785281731 52.66652148015624 59.48266104858903 55.00813534500736 83.89919522551135 44.572615849196644 90.51405476593145 37.66886055861544 66.38891009033901 41.92565705028915 45.04035666884472 57.36721543837893 44.20369496141515 40.56089670473222 55.603498230305306 61.83514670520874 54.46863965614864 0.0 38.104553552060864 77.77540518645661 55.308944509067054 64.0617969235004 81.03962044463479 56.425510026257086 62.38259861681087 39.53445809579825
34.94807509504614 22.091100526232687 35.05940606832078 52.75236319998613 64.78255955453436 35.912001191358634 7.140499036225312 4.9976860940850525 10.328835565461736 17.3032742933904 50.83736075799756 40.31481372869478 14.536727212148046 45.528669521128506 26.128777562168647 56.6986238402598 46.8311705986927 12.984726317541687 43.912236210707256 12.594868974299828 41.81782732821241 15.635458077272798 48.159443901509256 37.88576641102335 50.01861691472419 15.875930699088777 61.53519358131771 16.55062826534788 42.71904731027518 22.23992344780813 30.119053490897965 30.586183717381655 9.921586927171004 43.051405029447274 25.795521342032384 56.060689196836194 23.17551361194316 38.104553552060864 0.0 44.6524715915914 29.978353709200917 28.299086343383006 49.01930959537119 29.881354904376803 39.299108100764705 14.207171365156533
73.25983413497453 26.37769621884159 75.87458948076213 83.32234178887882 70.41271992380018 29.355460342881624 42.45819671454107 49.44763243117562 54.10627439889531 37.11671247862489 37.82355189786183 64.41565511507726 35.742890054610704 62.186567833045 26.513952439950085 55.39445674656084 77.75147676547444 34.540207819043864 25.55818851890824 57.107852005326706 73.59962224254787 29.80464936912126 41.92571962104361 74.0364575958224 58.47553174770843 33.23566546259589 76.68513360195662 40.244401689817245 71.47903954951478 37.236093336749455 38.50942166712098 61.16378747749102 35.326098292493505 56.56664511556665 55.44653871794827 51.54114661070661 52.57813510641917 77.77540518645661 44.6524715915914 0.0 62.423465271799465 44.3887029462745 62.477984069775125 61.09298030862416 69.94769461892244 38.2472500135184
13.08712848563062 48.5586124954416 51.325554384450804 23.07377173364591 43.450475046933704 64.08382596690569 37.11878068175453 29.978353709200917 23.298619492569127 46.94015184624852 79.44772511351776 13.19896570089714 43.6903174831274 74.49302702819428 53.415326710366216 86.65059809459659 17.091299514597953 30.25560490241524 70.69924581936164 25.702878988789266 12.17698354354276 35.512224283383844 77.55323998705143 11.9651496737202 31.20049486697378 44.29075809750488 35.22081649810241 46.5032538058748 12.818450586949808 51.95374271868658 59.878370210145356 2.5783177777710726 37.10706683146104 72.6207062099051 7.024936327962698 85.86429508402551 9.856103334093243 55.308944509067054 29.978353709200917 62.423465271799465 0.0 20.500699331678774 26.807840687382132 1.8588758180328115 9.329446936809093 43.9280805375878
33.35620741187436 37.704414189010585 60.461412688126714 39.05099200309189 36.828606045815114 53.38097229459104 33.98821204213564 31.51520775351669 28.872995567950746 40.70308672555526 68.51791544835113 20.057443504389077 36.93950317428753 72.56333505874548 42.67839588471968 79.51411958970746 33.66688840288743 19.69336655530844 57.890010915750466 32.79627436008801 29.929469361846508 23.5061467554974 68.29693258687126 32.3860415610837 21.97543794313291 36.34469625439326 36.281895681034776 41.67257240607352 27.233580065253083 45.361183090956686 52.76554433335849 18.482477655805777 29.76015136311319 69.21632702661378 13.946394999071774 77.69470819560443 12.416741194881793 64.0617969235004 28.299086343383006 44.3887029462745 20.500699331678774 0.0 22.266620457447296 18.76671073824708 26.182210986506764 38.36277845567947
37.7416553422399 59.86624695513607 77.14588601303429 29.834357670895507 16.773760153904853 75.40880945613098 55.38434770875175 51.2341508153416 46.541458840946106 62.824322006198805 90.37049332849318 14.468765378215146 59.0777602262098 94.23844733276165 64.80370571607423 101.77757490546539 27.183250152250046 41.92251792086894 79.30904601466494 49.9275970789969 26.7844895577691 45.73065985781042 90.44172207912038 34.02731533437748 6.531043566417111 58.57799750974166 14.437846049624026 63.60530757868802 21.709181578429497 67.55507270328481 75.01903197747792 24.368809665794668 51.86434292621527 91.1601385313526 25.45403517756167 99.91435625254418 26.938175608130003 81.03962044463479 49.01930959537119 62.477984069775125 26.807840687382132 22.266620457447296 0.0 25.288591482414283 24.14741135335025 60.36454474387239
14.935990420520481 47.86938347460772 52.459147929924946 23.68584588012588 41.99176535863177 63.487217040294006 37.008908197596995 30.190654084619126 23.766508423724666 46.6535083598737 78.87596048686254 12.062191486790754 43.32874843300573 74.73715315899311 52.76657455006312 86.45307954214388 17.717175051223688 29.380188876056472 69.92412779349546 26.39282721108938 12.95369854973849 34.60110416079672 77.13523766914254 13.627723587180464 29.518168771284454 43.82790648726607 34.21710403837588 46.33992823035237 12.863142052396348 51.671957335693534 59.59425581965556 0.9433013481012974 36.61802122842789 72.72577714350652 5.661480067349208 85.56868140417943 8.67269545183323 56.425510026257086 29.881354904376803 61.09298030862416 1.8588758180328115 18.76671073824708 25.288591482414283 0.0 9.750933767167291 43.675291261841636
14.121423584636592 57.61411142824192 58.361565859653126 13.955693796776014 39.62772207919578 73.23774222208141 46.4394702329321 39.141596443298816 32.22477119846314 56.2628049400513 88.62493125895034 9.913352708605064 52.99262505242784 83.56023287134856 62.516274414172855 95.97903326379227 8.019982539397452 39.05951366859274 79.63618743522447 34.25159734447649 3.754674968893908 44.247014987953555 86.83604610322637 9.933761137629027 29.864204830395447 53.54540733764439 28.910438617624592 55.830325541278945 4.0104122235938195 61.27770156619951 69.20253675806403 9.308148443245228 46.343749276393 81.82174298575944 15.134162963688377 95.18773930772531 18.234525331223036 62.38259861681087 39.299108100764705 69.94769461892244 9.329446936809093 26.182210986506764 24.14741135335025 9.750933767167291 0.0 53.255165521020274
49.049197541301574 12.000044567709203 37.66986920403625 66.8529768310636 75.10161266190804 22.368767090421493 7.423674140258412 16.455472358146054 23.804184657595936 3.1095136798864913 36.8517871859711 53.38066688091229 2.606712041477396 34.398525086212594 14.08935739568667 42.79471178836152 60.90693923226164 18.909368357288887 31.092090058709985 24.764385019345365 55.90441551655973 17.05475863409713 33.95648073364231 52.08625971318696 60.265492022587026 5.065759226244906 73.71524384702319 3.4111988963162005 56.536648473368366 8.047766155435879 15.960992918483994 44.316276732921054 8.680078699113322 30.853705336819996 39.141742776506106 41.943808535614586 36.27663650201265 39.53445809579825 14.207171365156533 38.2472500135184 43.9280805375878 38.36277845567947 60.36454474387239 43.675291261841636 53.255165521020274 0.0
