0.0 28.162943798383353 29.59108513843725 39.54081396045777 13.58142893003993 37.126298421749304 49.06659090205394 41.706787518187404 84.40578904636438 37.50333209673503 85.05269181096503 44.68193867610995 44.0764469552268 21.16218062207972 41.0868647366256 12.185636966598107 55.859092577016575 7.050070306650386 77.30738342258843 39.97249384719152 41.4823943794853 59.867423677940295 26.77441905495586 28.76031497776483 49.19418910791149 37.21303852388549 36.33334934540294 39.39651570319078 28.655164422123384 50.56192282255041 19.249375071464776 54.79428341131893 28.254513441506614 20.16068721249182 34.217128256918755 24.505823196063982 50.70050985177433 11.114953579373447 34.622225631349735 37.593640578053 50.55508174453089 25.15068546817333 42.433500298849665 53.39372334903417 23.687231414633374 66.51448433664382
28.162943798383353 0.0 7.1130659807859065 36.21580033456268 15.051721523451508 37.472594760384354 72.86218952065742 29.170303354880822 66.76502337941172 9.363403417832721 57.22941855552618 44.84373927823853 21.340228179595222 21.625317498051437 25.661233372052745 16.965963388347323 53.638713191644335 34.281767640530504 61.24190330613692 12.598326405067674 26.351741668289215 45.626620936475874 6.214938940274936 19.00063290346936 34.50934664355955 39.87840907525339 60.69676135215994 27.853946533437863 18.40649876219493 51.483565211282965 17.406414039284805 46.30314903840023 14.442756326766578 30.70332700147418 23.506082632126144 3.8126648467392354 47.98326153965613 28.021554085185567 11.98316417818441 22.76181113851688 35.927694769183894 23.05583457349146 45.48830574469441 43.220890846889645 16.991509979575493 41.393396887835245
29.59108513843725 7.1130659807859065 0.0 43.222997659189105 16.042028881663736 44.28338617793802 70.59623909661451 22.05942571628378 60.411819126222525 11.76600498370794 55.75884314844931 38.408907206100224 27.1864893165359 17.499188000752252 32.6088881873643 20.243104434933176 60.718228115652835 36.319489304329906 54.61089108147754 16.440821310972968 33.307268096829084 52.34536969422165 2.877522501024407 25.9760324164746 27.492192149863936 46.55651907329708 58.88883086515266 20.779886528626076 12.1089727941024 44.98782581297656 14.218232197626751 39.20261893787545 21.48450103116603 27.230945941141346 30.611538691292314 7.4189054968369055 55.054809174508506 31.924156421360074 5.684445134056587 15.648745157730973 42.7475882119213 17.87278711176442 39.42135629848559 50.258133625119825 23.493322443641336 37.303842109484656
39.54081396045777 36.21580033456268 43.222997659189105 0.0 37.859569159702794 4.945357722940205 87.03755870640825 65.02864897047807 102.23059703907579 39.060816018342216 80.1307438835036 77.55163281199407 28.056899028595137 51.24909822339475 16.818359445339617 31.972171483311026 17.825380876929533 39.531728113062904 97.16742019550716 36.42005185031691 16.37532903171509 23.931321357082535 41.48466070426268 17.250339302556693 70.70933530952205 8.159599848789266 74.46335764756033 63.45657613072174 52.63668825782108 84.15700508419181 46.73859175626632 81.91720537040219 21.77604458315107 56.32145330094966 13.314566481475618 36.409383873184446 12.155041263290505 29.008468013989035 48.122908686478745 58.728498238300084 17.986770261588493 54.491604151199375 76.87400034896123 15.335747794677188 20.66511873520463 72.96256900147513
13.58142893003993 15.051721523451508 16.042028881663736 37.859569159702794 0.0 37.118171884125935 58.535547234957896 31.263506529275368 73.2933377460406 24.391049797703406 71.50419536286691 39.912258276724636 33.72506851356381 13.529297852940877 33.76709488737312 6.522242695873418 55.554029788368055 20.283923096237434 66.66336435599477 27.428078809911227 34.32311225893367 53.92657522133242 13.205306534923299 22.555656747891987 38.3859162535022 38.41055629624785 46.131447300273685 29.15058320023636 17.637101290595027 46.443696636631216 9.331158438325733 46.540612734681694 20.00506847316771 19.18139248261814 28.412290719049 11.26183405126406 49.954266326230176 17.373142263408795 21.238724778310072 26.101398986259404 44.11477888980667 17.117195103630614 39.02626093519116 49.161539324373706 17.73770951755904 53.18042778886358
37.126298421749304 37.472594760384354 44.28338617793802 4.945357722940205 37.118171884125935 0.0 83.64892128902254 65.69512238378908 104.05589948513426 41.36386190845518 84.02110786993242 77.02655936999375 31.852936254064524 50.64067409799154 20.88444846168561 30.89331788088594 18.821501780423258 36.36468674788812 98.704146294955 39.19302912367081 20.528623655407163 28.686124394187384 42.296540423515744 18.62035523211917 71.71565009929473 3.4019734805062822 71.18224811228457 63.99347844717332 52.87184691719196 83.5603631218984 46.27258013317826 82.33588841266233 23.27761636647266 54.92728250753149 16.03204868475223 37.16477834356144 13.575986576831099 26.223628575662005 49.45575890264394 59.51657015457199 22.920922851373128 54.09157514291339 76.05781205213216 19.845407815554815 20.960557709598355 75.72278152665378
49.06659090205394 72.86218952065742 70.59623909661451 87.03755870640825 58.535547234957896 83.64892128902254 0.0 67.33574327655258 102.25808352220197 81.66342006717723 123.57835597930736 52.3706525680328 92.12239446098869 53.490919591691814 90.13619587672193 60.500320752141 101.25054219932818 47.54221931229027 94.13349788452237 85.4575134511808 90.54197778673041 108.74340997906005 68.61040936920284 77.82219725228016 73.35726995847287 82.70402240147249 12.737048704265003 65.40632519131728 61.72126326441089 52.75328208190516 56.383961748919646 68.3201781328056 77.01328446114618 43.69562568090189 83.2624565253661 69.11718881647872 96.82592614453858 58.26984208406769 73.22424478826406 68.00629349523766 99.57708254749372 54.68578215414637 47.731815929006665 101.74936414064368 72.72756654639424 99.97190784811424
41.706787518187404 29.170303354880822 22.05942571628378 65.02864897047807 31.263506529275368 65.69512238378908 67.33574327655258 0.0 42.7111548850817 30.839234180984455 57.50500302306404 20.874585708159298 47.74138987772415 20.72503590081404 54.49411745357159 37.561445736506755 82.66153281502602 48.64364080625083 35.64630011579022 35.701224544117494 55.19973782099236 73.7851882328865 23.54840759220491 47.80490758256155 7.5432179760084255 67.68821572645847 58.038560121815486 2.363316326939003 13.626415500487813 26.459052470894004 22.709763369967334 17.17586864519628 43.430258574743256 27.014600706984545 52.640395060340424 28.6243258318137 76.98241991042023 48.54408449699257 18.317413074672473 6.432550572319602 64.40613763943415 16.96806483126062 23.932757198043884 72.22995679446792 44.735056479515194 32.82821155472155
84.40578904636438 66.76502337941172 60.411819126222525 102.23059703907579 73.2933377460406 104.05589948513426 102.25808352220197 42.7111548850817 0.0 63.34033419530295 52.37919240444083 50.03093523250141 78.1669313490746 63.41116971413614 88.13440697550969 79.22284137398961 118.70399852989779 91.35438628596621 8.125307497581849 66.76271085325662 88.82294390786255 103.82227898152257 62.86682829141574 85.43689142247017 35.212148280543246 106.5972228492844 95.7823133819621 45.041309110269935 55.9506954436972 49.81137470152314 65.2860191647898 34.13602671619837 80.78022140021439 68.53318083846912 88.96213779719268 67.82618934029841 113.26766056630794 90.66010875385426 54.892061507292546 47.2040494302594 96.10370739539566 59.565849021958165 54.6599487216508 105.31038739813025 83.73692652400081 34.35237122392792
37.50333209673503 9.363403417832721 11.76600498370794 39.060816018342216 24.391049797703406 41.36386190845518 81.66342006717723 30.839234180984455 63.34033419530295 0.0 48.27213535365744 49.30115132455857 16.931020964039824 29.139585698258262 25.089296329375255 26.056058461650558 55.38217369042399 43.50740174719591 58.718071794167 4.943860461425679 25.795229255025937 43.22089084688965 13.16306175430178 23.0145885385186 34.42376810834899 44.21311497973653 69.665312405498 30.187575942246696 23.58102893412822 55.73549187842547 25.4721860287365 47.75044243800842 18.506874574886034 38.738108711089474 25.746420809620986 13.129313664001218 49.92761654810954 36.58590767574373 12.695874742338049 24.62349707126438 34.19355770756193 29.63367811682555 50.708791909766504 42.75052574078111 22.964665646386575 34.659340009402925
85.05269181096503 57.22941855552618 55.75884314844931 80.1307438835036 71.50419536286691 84.02110786993242 123.57835597930736 57.50500302306404 52.37919240444083 48.27213535365744 0.0 77.33188542653733 52.168352708657096 70.83379237909595 63.31238748454238 74.18925782519324 91.59053812380748 91.44755918341095 54.43810549696343 47.513753633372566 63.76661885967787 69.91975539376962 58.449642087036345 68.40698259358092 53.56950591494993 87.34813777378199 112.94545141852358 59.0193162587774 62.08925100987482 81.47179271100862 69.08960029872487 65.49208530485342 64.74361685978675 80.29139120368036 68.40961653728573 60.67473831589902 87.41672944631155 84.84280439560901 51.55148907156335 55.6748273451323 66.17242610231435 69.04168666269676 81.04983809888697 75.46629322962065 70.07871530051858 25.56151429080016
44.68193867610995 44.84373927823853 38.408907206100224 77.55163281199407 39.912258276724636 77.02655936999375 52.3706525680328 20.874585708159298 50.03093523250141 49.30115132455857 77.33188542653733 0.0 65.57647723276199 26.38590420487871 70.29329795831686 46.251947471668025 95.34176735154008 50.370062744769925 41.91393274302535 54.2383980819759 70.9623240233266 90.44655879727533 38.62909194305064 61.17946314188925 23.79074694919108 78.28359751051487 45.919455969635415 20.281142960621835 26.4441010748894 6.676431313481088 30.81786799167663 15.95636403654298 57.48327375390377 24.65770396138785 66.74199713841077 42.83226859457659 89.69937623243554 54.5797681263363 36.73444096593233 25.551126423493212 80.6904606378022 23.072853512178792 4.64116723693234 87.39164978525751 56.97345911015609 51.960029575177415
44.0764469552268 21.340228179595222 27.1864893165359 28.056899028595137 33.72506851356381 31.852936254064524 92.12239446098869 47.74138987772415 78.1669313490746 16.931020964039824 52.168352708657096 65.57647723276199 0.0 42.894464401936375 11.328692397434395 31.969976145264248 41.65898816236185 48.33077706185558 74.29741632372601 12.235556052105052 11.873388431894346 26.43463076422928 27.365420524596225 18.142494460827415 51.256893008543294 35.18614719171658 79.57726669539908 47.00122171896299 39.269194502203426 72.12524435555937 38.520108109544864 64.6812666637182 16.302494199693072 51.61498411416449 16.510846247605514 24.405338198588417 36.707985015716524 38.71178181215109 29.481801418508987 41.46610825906206 17.954723913411726 44.380172902784096 66.57096255576624 27.185421178651893 21.801180721163217 46.368366957645904
21.16218062207972 21.625317498051437 17.499188000752252 51.24909822339475 13.529297852940877 50.64067409799154 53.490919591691814 20.72503590081404 63.41116971413614 29.139585698258262 70.83379237909595 26.38590420487871 42.894464401936375 0.0 45.416989168825836 19.926391085602567 69.00435972770336 27.996847435177706 56.19779065349053 33.547097237370444 46.04110217221289 65.76749720265178 16.072105079531323 35.26731542308769 28.264170957544298 51.92911091157352 42.23351272396418 18.378541087418245 9.032923599231369 32.93740229300669 4.66324770390028 33.974114608266234 31.974736219859665 9.82604818652093 41.00018344854008 18.537778583174354 63.379716832068574 29.279405994177452 19.743314914542257 17.5289057468142 55.90650194758642 4.023412278015435 25.677726909958707 61.812098417077905 30.799645924621938 49.0459094911337
41.0868647366256 25.661233372052745 32.6088881873643 16.818359445339617 33.76709488737312 20.88444846168561 90.13619587672193 54.49411745357159 88.13440697550969 25.089296329375255 63.31238748454238 70.29329795831686 11.328692397434395 45.416989168825836 0.0 29.959291735129018 30.776752228642195 43.868636854373975 83.7621579932161 21.37338589001308 0.7113065980788735 20.350546760251994 31.803886048985643 12.339592563492861 59.05167866664701 24.271247212568944 77.41039422234367 53.35774549276069 43.962527702477814 76.96094385247153 40.77189332275455 71.66854542285682 13.762300721743713 52.85512918396013 7.576086490717097 27.473902753622323 25.61239129422684 33.32228458028898 36.36214788715738 48.06436078448427 10.490229733053932 47.7594540213909 70.58350976171126 17.793416737792253 17.40873773888548 57.25482324186051
12.185636966598107 16.965963388347323 20.243104434933176 31.972171483311026 6.522242695873418 30.89331788088594 60.500320752141 37.561445736506755 79.22284137398961 26.056058461650558 74.18925782519324 46.251947471668025 31.969976145264248 19.926391085602567 29.959291735129018 0.0 49.501182903970616 17.50912989038686 72.75926397365453 28.06377919712906 30.435190721959042 49.61034258845916 17.391704532617123 17.95601342309832 44.54811127566319 32.03285657478418 47.84126350168241 35.50164133420092 23.96218162904186 52.73021289942434 15.84700005868134 53.04328137994309 16.526208449068566 24.38727060754616 23.764082574045013 13.713628295008178 43.95954892434091 11.714276059381314 25.833222535434953 32.15964692290756 39.96063943975268 23.606031066581593 45.166413183399264 44.13331649300854 12.832105031959534 57.47335395569859
55.859092577016575 53.638713191644335 60.718228115652835 17.825380876929533 55.554029788368055 18.821501780423258 101.25054219932818 82.66153281502602 118.70399852989779 55.38217369042399 91.59053812380748 95.34176735154008 41.65898816236185 69.00435972770336 30.776752228642195 49.501182903970616 0.0 54.59085899864355 114.02172002640813 52.05340364281974 30.119942328620272 24.057006705851915 59.119818112833904 34.87593922503049 88.12848406449972 18.792967098709404 89.01167277885855 81.14857027197533 70.43030887189713 101.93322083518588 64.52391082774231 99.63171846044503 39.24388578388219 73.69105466429448 30.186140720976727 54.09126208192383 5.690452784629573 44.85059966247361 65.3949227807975 76.31512692454262 25.419656330338842 72.29446246564933 94.57865736741182 16.298603516930108 38.490123244728636 87.97151699767457
7.050070306650386 34.281767640530504 36.319489304329906 39.531728113062904 20.283923096237434 36.36468674788812 47.54221931229027 48.64364080625083 91.35438628596621 43.50740174719591 91.44755918341095 50.370062744769925 48.33077706185558 27.996847435177706 43.868636854373975 17.50912989038686 54.59085899864355 0.0 84.19336819303486 45.55205382758341 44.169715673906474 61.45276276151756 33.46897985719071 31.64081751903041 56.151348364269666 35.80591802309835 34.933402405827266 46.319677408795066 35.68684909043645 55.95396440581134 26.285036056335635 61.28048158983674 32.091955056577405 25.7195561308647 36.55809518455915 30.772939864496983 49.794351102079105 10.814641266514002 41.483477006751556 44.629590372409645 52.60446299220598 31.939280625710087 47.74528637890751 54.22437486903434 26.90850882725548 73.41470954324954
77.30738342258843 61.24190330613692 54.61089108147754 97.16742019550716 66.66336435599477 98.704146294955 94.13349788452237 35.64630011579022 8.125307497581849 58.718071794167 54.43810549696343 41.91393274302535 74.29741632372601 56.19779065349053 83.7621579932161 72.75926397365453 114.02172002640813 84.19336819303486 0.0 62.506550600824944 84.46269325660917 100.38973920060727 56.911187232873544 80.14197963048525 28.29547292010996 101.10764341196975 87.6996792953311 37.92613448613268 49.12846357643498 41.72744983152241 58.348951270900386 26.04087142279804 75.50477456627772 60.875906655031336 84.00673403560351 61.96932489652163 108.49676798774709 84.02702690748306 49.265332606521454 40.60117086053762 92.23801298358416 52.28495194183908 46.540474456047164 101.2336724709808 78.08974026128266 33.296808139892214
39.97249384719152 12.598326405067674 16.440821310972968 36.42005185031691 27.428078809911227 39.19302912367081 85.4575134511808 35.701224544117494 66.76271085325662 4.943860461425679 47.513753633372566 54.2383980819759 12.235556052105052 33.547097237370444 21.37338589001308 28.06377919712906 52.05340364281974 45.55205382758341 62.506550600824944 0.0 22.060529760712583 38.65514085273888 17.475028635435624 21.544361692152318 39.024382121770806 42.2254029269372 73.28937366473991 35.09996784224164 28.412578905780325 60.67841916628648 29.652681110994365 52.526272935374756 17.44302630976487 42.9837282923309 23.224644618803058 16.37353485003315 46.73153074164129 37.72195789130175 17.631305911218092 29.52924121058531 29.881329709410704 34.287722294370795 55.6068187799671 38.729704876044835 22.600089310074686 36.56386657461459
41.4823943794853 26.351741668289215 33.307268096829084 16.37532903171509 34.32311225893367 20.528623655407163 90.54197778673041 55.19973782099236 88.82294390786255 25.795229255025937 63.76661885967787 70.9623240233266 11.873388431894346 46.04110217221289 0.7113065980788735 30.435190721959042 30.119942328620272 44.169715673906474 84.46269325660917 22.060529760712583 0.0 19.731540739856598 32.488314701930655 12.722302234056778 59.762825235697825 23.92300633052394 77.81274577192211 54.05942737416503 44.64167614694734 77.63104728562075 41.392889706616764 72.37446226922542 14.320294023332842 53.42935178140068 7.7405455398051215 28.137712023749387 24.981839628209126 33.584143501602455 37.07179742931209 48.76965634060379 9.868697668873471 48.40578881170289 71.23529599735157 17.08255565267407 17.824058150148304 57.890851081643866
59.867423677940295 45.626620936475874 52.34536969422165 23.931321357082535 53.92657522133242 28.686124394187384 108.74340997906005 73.7851882328865 103.82227898152257 43.22089084688965 69.91975539376962 90.44655879727533 26.43463076422928 65.76749720265178 20.350546760251994 49.61034258845916 24.057006705851915 61.45276276151756 100.38973920060727 38.65514085273888 19.731540739856598 0.0 51.83332714666796 31.657037533210456 77.63648692000197 31.3920389171291 96.02052815123442 72.85681960311787 64.02904940087785 97.09830046940424 61.12208775241397 90.86558612605594 33.98229269975836 73.08387432556808 25.86202801471215 47.719055760853756 22.14555415561228 50.63820548463861 55.47013037230045 67.4120091402847 9.862857111406793 68.07239979484491 90.86661165706646 9.254337255131269 36.78238385989224 70.73173596991829
26.77441905495586 6.214938940274936 2.877522501024407 41.48466070426268 13.205306534923299 42.296540423515744 68.61040936920284 23.54840759220491 62.86682829141574 13.16306175430178 58.449642087036345 38.62909194305064 27.365420524596225 16.072105079531323 31.803886048985643 17.391704532617123 59.119818112833904 33.46897985719071 56.911187232873544 17.475028635435624 32.488314701930655 51.83332714666796 0.0 24.256567126289053 29.43214688696447 44.45195503930022 56.75026237733179 22.050504540438006 12.195768903868602 45.270581419809446 12.312775630398379 40.54447609048306 19.9165847462028 25.58221260312417 29.190150939302836 5.133541905201528 53.43817283819171 29.086805985605785 8.457452601540963 17.254395748704965 42.11662791339053 17.059069750019603 39.3043406465724 49.257819009769264 21.3773843631377 40.18088208793722
28.76031497776483 19.00063290346936 25.9760324164746 17.250339302556693 22.555656747891987 18.62035523211917 77.82219725228016 47.80490758256155 85.43689142247017 23.0145885385186 68.40698259358092 61.17946314188925 18.142494460827415 35.26731542308769 12.339592563492861 17.95601342309832 34.87593922503049 31.64081751903041 80.14197963048525 21.544361692152318 12.722302234056778 31.657037533210456 24.256567126289053 0.0 53.46646866934587 21.28238814068586 65.09175716676152 46.27293232405937 35.65283527823517 67.83974845923652 30.626766598509302 64.75618670937747 4.657271434175884 41.716167534661984 5.867045716221776 19.21537090973497 29.189800517728678 21.28629629273221 30.955321537410395 41.486798469630735 22.02124484235505 38.15466926789882 60.90405505508202 26.627739697742662 5.152582615524066 57.63408670428693
49.19418910791149 34.50934664355955 27.492192149863936 70.70933530952205 38.3859162535022 71.71565009929473 73.35726995847287 7.5432179760084255 35.212148280543246 34.42376810834899 53.56950591494993 23.79074694919108 51.256893008543294 28.264170957544298 59.05167866664701 44.54811127566319 88.12848406449972 56.151348364269666 28.29547292010996 39.024382121770806 59.762825235697825 77.63648692000197 29.43214688696447 53.46646866934587 0.0 73.87983633432373 64.62485302108534 9.901613275887419 20.834211080216548 28.081545658846984 30.099263006025314 14.267634202660133 48.94852863342349 34.32412070972957 57.95395547917565 34.56525569359921 82.48311325025855 55.73959406094211 22.796447873921167 12.443902454514992 68.57012911166547 24.50743898449343 27.7024364500766 76.84387872230108 50.809374396834585 28.170828892001904
37.21303852388549 39.87840907525339 46.55651907329708 8.159599848789266 38.41055629624785 3.4019734805062822 82.70402240147249 67.68821572645847 106.5972228492844 44.21311497973653 87.34813777378199 78.28359751051487 35.18614719171658 51.92911091157352 24.271247212568944 32.03285657478418 18.792967098709404 35.80591802309835 101.10764341196975 42.2254029269372 23.92300633052394 31.3920389171291 44.45195503930022 21.28238814068586 73.87983633432373 0.0 70.36053613675661 65.9188005502498 54.6616828449151 84.75850501908842 47.67377392341293 84.15628664428398 25.918963013332984 55.66906390609823 19.187162177772695 39.32217895100767 14.124437992967849 26.139778449995465 51.84378386633596 61.59213353964391 26.11850755977617 55.49588765337126 77.12757569212702 22.347065503502645 23.080462107615535 78.69524880937216
36.33334934540294 60.69676135215994 58.88883086515266 74.46335764756033 46.131447300273685 71.18224811228457 12.737048704265003 58.038560121815486 95.7823133819621 69.665312405498 112.94545141852358 45.919455969635415 79.57726669539908 42.23351272396418 77.41039422234367 47.84126350168241 89.01167277885855 34.933402405827266 87.6996792953311 73.28937366473991 77.81274577192211 96.02052815123442 56.75026237733179 65.09175716676152 64.62485302108534 70.36053613675661 0.0 55.93737875078001 50.85639986211392 47.81114019113575 44.69589209461874 61.6601372190136 64.33622367261465 32.65409459181505 70.52544321030118 56.916833071812206 84.46259722112735 45.60713764722506 61.924481847499955 57.86564672716252 86.84066983983759 43.92557006222448 41.375197565987676 89.08787551152102 60.00268639702727 90.09635186943792
39.39651570319078 27.853946533437863 20.779886528626076 63.45657613072174 29.15058320023636 63.99347844717332 65.40632519131728 2.363316326939003 45.041309110269935 30.187575942246696 59.0193162587774 20.281142960621835 47.00122171896299 18.378541087418245 53.35774549276069 35.50164133420092 81.14857027197533 46.319677408795066 37.92613448613268 35.09996784224164 54.05942737416503 72.85681960311787 22.050504540438006 46.27293232405937 9.901613275887419 65.9188005502498 55.93737875078001 0.0 11.53980735399499 26.202737191015615 20.46957133086115 18.493971550045053 41.96708928664081 24.70706181848768 51.229306556810336 27.05869044388394 75.46271430900634 46.37769649955417 17.522357357985086 5.577849953610974 63.38643687234576 14.606487348281158 22.969464052439264 71.03656215450151 43.04784366683937 34.614089060391
28.655164422123384 18.40649876219493 12.1089727941024 52.63668825782108 17.637101290595027 52.87184691719196 61.72126326441089 13.626415500487813 55.9506954436972 23.58102893412822 62.08925100987482 26.4441010748894 39.269194502203426 9.032923599231369 43.962527702477814 23.96218162904186 70.43030887189713 35.68684909043645 49.12846357643498 28.412578905780325 44.64167614694734 64.02904940087785 12.195768903868602 35.65283527823517 20.834211080216548 54.6616828449151 50.85639986211392 11.53980735399499 0.0 33.077659561121685 9.40680608690064 29.494694894851083 31.601275680789442 18.202338470490446 40.93117216599136 16.656528794162302 64.7408378460817 34.9368891940688 12.077524519422811 8.946648575930753 54.30510045795222 7.04486510849374 27.313535942206133 61.296820308480015 32.033148311601444 40.01349382799954
50.56192282255041 51.483565211282965 44.98782581297656 84.15700508419181 46.443696636631216 83.5603631218984 52.75328208190516 26.459052470894004 49.81137470152314 55.73549187842547 81.47179271100862 6.676431313481088 72.12524435555937 32.93740229300669 76.96094385247153 52.73021289942434 101.93322083518588 55.95396440581134 41.72744983152241 60.67841916628648 77.63104728562075 97.09830046940424 45.270581419809446 67.83974845923652 28.081545658846984 84.75850501908842 47.81114019113575 26.202737191015615 33.077659561121685 0.0 37.41887572259865 17.12837312499651 64.15776485953299 30.40780187219646 73.4125385764983 49.504450443893234 96.2991428032084 60.72396603922426 43.10480078872242 31.64586063314143 87.35082555259469 29.709361428600996 8.222196958362254 94.06782102506622 63.604228844610944 55.93155010243316
19.249375071464776 17.406414039284805 14.218232197626751 46.73859175626632 9.331158438325733 46.27258013317826 56.383961748919646 22.709763369967334 65.2860191647898 25.4721860287365 69.08960029872487 30.81786799167663 38.520108109544864 4.66324770390028 40.77189332275455 15.84700005868134 64.52391082774231 26.285036056335635 58.348951270900386 29.652681110994365 41.392889706616764 61.12208775241397 12.312775630398379 30.626766598509302 30.099263006025314 47.67377392341293 44.69589209461874 20.46957133086115 9.40680608690064 37.41887572259865 0.0 37.32426833405777 27.311592213316956 13.33510012147882 36.34613713326567 14.114869797006845 58.88328103712263 26.022336526408573 17.54523276343384 18.34491982655293 51.26000663310331 7.8243725788647795 30.2865172329764 57.154414406547964 26.215370784707684 48.397295295363946
54.79428341131893 46.30314903840023 39.20261893787545 81.91720537040219 46.540612734681694 82.33588841266233 68.3201781328056 17.17586864519628 34.13602671619837 47.75044243800842 65.49208530485342 15.95636403654298 64.6812666637182 33.974114608266234 71.66854542285682 53.04328137994309 99.63171846044503 61.28048158983674 26.04087142279804 52.526272935374756 72.37446226922542 90.86558612605594 40.54447609048306 64.75618670937747 14.267634202660133 84.15628664428398 61.6601372190136 18.493971550045053 29.494694894851083 17.12837312499651 37.32426833405777 0.0 60.46106083668586 36.37790473504445 69.71929373167175 45.540956636149566 93.9443028663738 63.20684341606107 35.417242395640805 23.608034232008226 81.54604424255868 29.96733018246672 20.59751302602297 89.40538752258914 61.43197852290489 39.98429956238222
28.254513441506614 14.442756326766578 21.48450103116603 21.77604458315107 20.00506847316771 23.27761636647266 77.01328446114618 43.430258574743256 80.78022140021439 18.506874574886034 64.74361685978675 57.48327375390377 16.302494199693072 31.974736219859665 13.762300721743713 16.526208449068566 39.24388578388219 32.091955056577405 75.50477456627772 17.44302630976487 14.320294023332842 33.98229269975836 19.9165847462028 4.657271434175884 48.94852863342349 25.918963013332984 64.33622367261465 41.96708928664081 31.601275680789442 64.15776485953299 27.311592213316956 60.46106083668586 0.0 39.115710273139705 9.330026906388833 14.989328425848703 33.57434572509012 22.434507725069633 26.356319568115122 37.072318670858536 24.140926467099227 34.597669702261626 57.440947797767016 29.930714778574337 5.640740819436307 53.16399724576622
20.16068721249182 30.70332700147418 27.230945941141346 56.32145330094966 19.18139248261814 54.92728250753149 43.69562568090189 27.014600706984545 68.53318083846912 38.738108711089474 80.29139120368036 24.65770396138785 51.61498411416449 9.82604818652093 52.85512918396013 24.38727060754616 73.69105466429448 25.7195561308647 60.875906655031336 42.9837282923309 53.42935178140068 73.08387432556808 25.58221260312417 41.716167534661984 34.32412070972957 55.66906390609823 32.65409459181505 24.70706181848768 18.202338470490446 30.40780187219646 13.33510012147882 36.37790473504445 39.115710273139705 0.0 47.57955606772481 27.279017472272862 68.21881122970625 30.586183717381655 29.530591457380673 25.595754309325073 63.25455509679693 11.313936146036353 22.27373851919472 68.27954159348468 36.80869901151745 57.77888397495198
34.217128256918755 23.506082632126144 30.611538691292314 13.314566481475618 28.412290719049 16.03204868475223 83.2624565253661 52.640395060340424 88.96213779719268 25.746420809620986 68.40961653728573 66.74199713841077 16.510846247605514 41.00018344854008 7.576086490717097 23.764082574045013 30.186140720976727 36.55809518455915 84.00673403560351 23.224644618803058 7.7405455398051215 25.86202801471215 29.190150939302836 5.867045716221776 57.95395547917565 19.187162177772695 70.52544321030118 51.229306556810336 40.93117216599136 73.4125385764983 36.34613713326567 69.71929373167175 9.330026906388833 47.57955606772481 0.0 24.312182935071906 24.568490107313206 25.902784700110946 35.208783208271264 46.251777426719784 16.348204529860766 43.78222458703832 66.58739735638446 20.82094035145509 10.93224875206427 59.787357660430736
24.505823196063982 3.8126648467392354 7.4189054968369055 36.409383873184446 11.26183405126406 37.16477834356144 69.11718881647872 28.6243258318137 67.82618934029841 13.129313664001218 60.67473831589902 42.83226859457659 24.405338198588417 18.537778583174354 27.473902753622323 13.713628295008178 54.09126208192383 30.772939864496983 61.96932489652163 16.37353485003315 28.137712023749387 47.719055760853756 5.133541905201528 19.21537090973497 34.56525569359921 39.32217895100767 56.916833071812206 27.05869044388394 16.656528794162302 49.504450443893234 14.114869797006845 45.540956636149566 14.989328425848703 27.279017472272862 24.312182935071906 0.0 48.40462307602246 25.131870486423107 13.043622123351081 22.36832894382327 37.91042036331615 20.4082727634383 43.14902924089558 44.65409823902599 16.245076013255062 43.94348439516701
50.70050985177433 47.98326153965613 55.054809174508506 12.155041263290505 49.954266326230176 13.575986576831099 96.82592614453858 76.98241991042023 113.26766056630794 49.92761654810954 87.41672944631155 89.69937623243554 36.707985015716524 63.379716832068574 25.61239129422684 43.95954892434091 5.690452784629573 49.794351102079105 108.49676798774709 46.73153074164129 24.981839628209126 22.14555415561228 53.43817283819171 29.189800517728678 82.48311325025855 14.124437992967849 84.46259722112735 75.46271430900634 64.7408378460817 96.2991428032084 58.88328103712263 93.9443028663738 33.57434572509012 68.21881122970625 24.568490107313206 48.40462307602246 0.0 39.788253262644005 59.769058622910954 70.64156482343887 21.45704345787325 66.64343005403262 88.97994809011381 13.297964110543283 32.8136188891417 82.86669393178097
11.114953579373447 28.021554085185567 31.924156421360074 29.008468013989035 17.373142263408795 26.223628575662005 58.26984208406769 48.54408449699257 90.66010875385426 36.58590767574373 84.84280439560901 54.5797681263363 38.71178181215109 29.279405994177452 33.32228458028898 11.714276059381314 44.85059966247361 10.814641266514002 84.02702690748306 37.72195789130175 33.584143501602455 50.63820548463861 29.086805985605785 21.28629629273221 55.73959406094211 26.139778449995465 45.60713764722506 46.37769649955417 34.9368891940688 60.72396603922426 26.022336526408573 63.20684341606107 22.434507725069633 30.586183717381655 25.902784700110946 25.131870486423107 39.788253262644005 0.0 37.53760895799022 43.474373230361245 41.826135446299645 33.256212340768236 52.729817893000835 43.482280480543196 16.92545252435492 69.05802115954981
34.622225631349735 11.98316417818441 5.684445134056587 48.122908686478745 21.238724778310072 49.45575890264394 73.22424478826406 18.317413074672473 54.892061507292546 12.695874742338049 51.55148907156335 36.73444096593233 29.481801418508987 19.743314914542257 36.36214788715738 25.833222535434953 65.3949227807975 41.483477006751556 49.265332606521454 17.631305911218092 37.07179742931209 55.47013037230045 8.457452601540963 30.955321537410395 22.796447873921167 51.84378386633596 61.924481847499955 17.522357357985086 12.077524519422811 43.10480078872242 17.54523276343384 35.417242395640805 26.356319568115122 29.530591457380673 35.208783208271264 13.043622123351081 59.769058622910954 37.53760895799022 0.0 11.98680028626253 46.131997291884474 18.936137037705095 38.388729398610025 54.14855527212063 28.86492512325078 31.94208776047673
37.593640578053 22.76181113851688 15.648745157730973 58.728498238300084 26.101398986259404 59.51657015457199 68.00629349523766 6.432550572319602 47.2040494302594 24.62349707126438 55.6748273451323 25.551126423493212 41.46610825906206 17.5289057468142 48.06436078448427 32.15964692290756 76.31512692454262 44.629590372409645 40.60117086053762 29.52924121058531 48.76965634060379 67.4120091402847 17.254395748704965 41.486798469630735 12.443902454514992 61.59213353964391 57.86564672716252 5.577849953610974 8.946648575930753 31.64586063314143 18.34491982655293 23.608034232008226 37.072318670858536 25.595754309325073 46.251777426719784 22.36832894382327 70.64156482343887 43.474373230361245 11.98680028626253 0.0 57.99978637573531 14.454506858318258 27.87331892546303 65.79749038016668 38.56454750068138 32.24479395540316
50.55508174453089 35.927694769183894 42.7475882119213 17.986770261588493 44.11477888980667 22.920922851373128 99.57708254749372 64.40613763943415 96.10370739539566 34.19355770756193 66.17242610231435 80.6904606378022 17.954723913411726 55.90650194758642 10.490229733053932 39.96063943975268 25.419656330338842 52.60446299220598 92.23801298358416 29.881329709410704 9.868697668873471 9.862857111406793 42.11662791339053 22.02124484235505 68.57012911166547 26.11850755977617 86.84066983983759 63.38643687234576 54.30510045795222 87.35082555259469 51.26000663310331 81.54604424255868 24.140926467099227 63.25455509679693 16.348204529860766 37.91042036331615 21.45704345787325 41.826135446299645 46.131997291884474 57.99978637573531 0.0 58.23557551356798 81.0466000884041 9.56833065567166 27.17179601170829 63.86659373945352
25.15068546817333 23.05583457349146 17.87278711176442 54.491604151199375 17.117195103630614 54.09157514291339 54.68578215414637 16.96806483126062 59.565849021958165 29.63367811682555 69.04168666269676 23.072853512178792 44.380172902784096 4.023412278015435 47.7594540213909 23.606031066581593 72.29446246564933 31.939280625710087 52.28495194183908 34.287722294370795 48.40578881170289 68.07239979484491 17.059069750019603 38.15466926789882 24.50743898449343 55.49588765337126 43.92557006222448 14.606487348281158 7.04486510849374 29.709361428600996 7.8243725788647795 29.96733018246672 34.597669702261626 11.313936146036353 43.78222458703832 20.4082727634383 66.64343005403262 33.256212340768236 18.936137037705095 14.454506858318258 58.23557551356798 0.0 22.85305737666635 64.5257417277179 33.900611288695345 46.50898604811106
42.433500298849665 45.48830574469441 39.42135629848559 76.87400034896123 39.02626093519116 76.05781205213216 47.731815929006665 23.932757198043884 54.6599487216508 50.708791909766504 81.04983809888697 4.64116723693234 66.57096255576624 25.677726909958707 70.58350976171126 45.166413183399264 94.57865736741182 47.74528637890751 46.540474456047164 55.6068187799671 71.23529599735157 90.86661165706646 39.3043406465724 60.90405505508202 27.7024364500766 77.12757569212702 41.375197565987676 22.969464052439264 27.313535942206133 8.222196958362254 30.2865172329764 20.59751302602297 57.440947797767016 22.27373851919472 66.58739735638446 43.14902924089558 88.97994809011381 52.729817893000835 38.388729398610025 27.87331892546303 81.0466000884041 22.85305737666635 0.0 87.36085465012738 56.47728082232793 55.826483786048385
53.39372334903417 43.220890846889645 50.258133625119825 15.335747794677188 49.161539324373706 19.845407815554815 101.74936414064368 72.22995679446792 105.31038739813025 42.75052574078111 75.46629322962065 87.39164978525751 27.185421178651893 61.812098417077905 17.793416737792253 44.13331649300854 16.298603516930108 54.22437486903434 101.2336724709808 38.729704876044835 17.08255565267407 9.254337255131269 49.257819009769264 26.627739697742662 76.84387872230108 22.347065503502645 89.08787551152102 71.03656215450151 61.296820308480015 94.06782102506622 57.154414406547964 89.40538752258914 29.930714778574337 68.27954159348468 20.82094035145509 44.65409823902599 13.297964110543283 43.482280480543196 54.14855527212063 65.79749038016668 9.56833065567166 64.5257417277179 87.36085465012738 0.0 31.472008898138984 73.35642592692092
23.687231414633374 16.991509979575493 23.493322443641336 20.66511873520463 17.73770951755904 20.960557709598355 72.72756654639424 44.735056479515194 83.73692652400081 22.964665646386575 70.07871530051858 56.97345911015609 21.801180721163217 30.799645924621938 17.40873773888548 12.832105031959534 38.490123244728636 26.90850882725548 78.08974026128266 22.600089310074686 17.824058150148304 36.78238385989224 21.3773843631377 5.152582615524066 50.809374396834585 23.080462107615535 60.00268639702727 43.04784366683937 32.033148311601444 63.604228844610944 26.215370784707684 61.43197852290489 5.640740819436307 36.80869901151745 10.93224875206427 16.245076013255062 32.8136188891417 16.92545252435492 28.86492512325078 38.56454750068138 27.17179601170829 33.900611288695345 56.47728082232793 31.472008898138984 0.0 57.47141487511769
66.51448433664382 41.393396887835245 37.303842109484656 72.96256900147513 53.18042778886358 75.72278152665378 99.97190784811424 32.82821155472155 34.35237122392792 34.659340009402925 25.56151429080016 51.960029575177415 46.368366957645904 49.0459094911337 57.25482324186051 57.47335395569859 87.97151699767457 73.41470954324954 33.296808139892214 36.56386657461459 57.890851081643866 70.73173596991829 40.18088208793722 57.63408670428693 28.170828892001904 78.69524880937216 90.09635186943792 34.614089060391 40.01349382799954 55.93155010243316 48.397295295363946 39.98429956238222 53.16399724576622 57.77888397495198 59.787357660430736 43.94348439516701 82.86669393178097 69.05802115954981 31.94208776047673 32.24479395540316 63.86659373945352 46.50898604811106 55.826483786048385 73.35642592692092 57.47141487511769 0.0
