0 55 15 21 151 96 131 119 38 118 150 83 84 123 40 74 53 58 65 151 4 60 73 12 144 93 126 111 38 109 146 86 79 71 28 73 57 99 101 151 85 83 85 91 99 110 122 135 149 163 71 69 72 78 88 99 113 127 141 157 57 55 58 66 77 90 105 120 135 151 43 41 45 55 68 83 98 114 130 147 30 27 33 46 61 77 93 110 127 144 19 12 24 40 56 73 90 108 125 142 15 4 21 38 55 72 90 107 124 142 23 18 27 41 58 74 91 108 125 143 35 32 37 49 63 79 95 111 128 145 48 46 50 59 71 85 100 116 132 148
55 0 40 54 142 95 138 101 19 120 125 73 36 96 42 87 65 66 66 150 58 7 78 50 131 88 134 97 59 118 121 77 37 66 37 82 71 93 72 148 134 128 124 123 124 127 133 140 149 160 121 114 110 109 110 114 120 128 138 150 108 101 96 95 96 100 108 117 128 140 96 88 82 80 82 87 96 106 118 131 84 75 69 66 69 75 84 96 109 123 74 63 55 52 55 63 74 87 101 117 64 51 42 38 42 52 65 80 95 111 57 42 30 24 30 43 58 74 91 107 53 36 20 10 21 37 54 71 88 105 52 35 18 5 19 36 53 70 88 105
15 40 0 23 146 92 130 111 23 115 141 76 70 113 32 73 50 54 60 148 18 46 69 13 138 88 125 104 37 108 137 79 66 65 18 71 55 94 90 148 97 94 94 97 103 111 122 133 146 160 83 80 80 83 90 100 111 124 138 152 70 66 66 70 78 89 102 116 131 146 57 51 52 57 67 80 94 109 124 140 45 38 38 45 57 72 87 103 119 136 34 24 24 35 50 66 82 99 116 133 27 11 13 29 45 63 80 97 114 131 26 10 12 28 45 62 80 97 114 131 33 22 23 34 49 65 82 99 116 133 43 36 36 44 57 71 86 103 119 136
21 54 23 0 169 114 151 134 36 137 164 99 88 136 54 93 72 76 82 170 20 61 91 30 160 110 146 127 57 129 160 102 86 88 41 92 76 116 113 170 100 101 105 111 120 130 141 154 168 182 86 87 91 99 108 119 132 146 160 175 72 73 78 87 97 110 123 138 153 168 58 59 66 75 88 101 116 131 147 163 43 46 54 65 79 94 110 126 142 159 29 32 43 57 73 89 105 122 139 156 15 21 35 51 68 85 102 119 137 154 3 15 32 49 67 84 101 119 136 153 15 21 35 51 68 85 102 119 137 154 29 32 43 57 72 89 105 122 139 156
151 142 146 169 0 55 44 44 148 41 43 72 120 57 115 82 99 94 87 23 154 137 80 140 13 59 47 46 114 55 45 68 111 82 129 81 96 53 75 18 156 139 122 105 88 71 55 40 28 23 154 137 120 103 85 68 51 34 18 9 154 137 120 102 85 68 50 33 16 6 155 138 121 104 87 70 54 38 25 19 158 141 124 107 91 75 60 46 36 33 161 145 128 112 97 82 68 57 49 47 166 150 134 119 104 91 79 69 62 60 171 156 141 126 113 100 90 81 76 74 178 163 149 135 122 111 101 94 89 88 185 171 157 145 133 122 114 107 103 101
96 95 92 114 55 0 44 35 97 26 66 24 83 51 62 29 44 39 33 56 99 92 25 86 49 10 41 25 59 27 64 21 73 30 76 27 41 8 49 56 110 94 79 65 53 44 41 46 55 68 106 89 73 57 43 31 27 34 46 61 103 86 69 52 35 20 14 24 40 56 102 85 67 50 33 16 3 20 37 55 103 86 69 52 36 22 15 25 40 57 106 90 73 58 44 33 29 35 47 62 111 95 80 66 54 46 43 47 57 69 117 102 88 76 66 59 57 60 68 78 125 111 98 87 78 73 71 73 80 89 133 120 109 99 91 86 85 87 92 100
131 138 130 151 44 44 0 61 138 19 79 67 126 79 102 58 80 76 73 27 133 135 62 121 49 52 6 56 94 23 80 64 116 72 115 60 75 48 87 31 117 100 82 65 48 30 13 5 22 40 118 101 84 67 50 33 19 15 26 42 120 104 87 71 55 41 31 28 36 48 124 108 92 77 63 52 44 42 47 57 130 114 100 86 73 64 57 56 60 68 136 122 108 95 85 76 71 70 73 80 144 130 118 106 96 89 84 83 86 92 153 140 128 117 109 102 98 97 99 104 162 150 139 129 121 115 112 111 113 117 172 161 151 142 134 129 126 125 126 130
119 101 111 134 44 35 61 0 108 45 33 36 76 19 80 62 70 65 56 58 121 95 53 107 32 31 61 10 84 55 30 34 68 48 94 58 69 28 32 55 144 129 114 99 86 75 66 61 60 65 139 123 107 92 77 64 53 47 47 52 135 118 102 86 70 55 42 34 33 41 132 115 98 81 65 48 33 21 20 31 131 114 97 79 62 45 28 11 9 26 132 114 97 80 63 46 29 14 13 27 133 116 99 83 66 51 36 26 25 35 137 120 104 88 73 58 47 39 38 45 141 125 110 95 81 68 58 52 52 57 147 132 117 103 90 79 71 66 66 70
38 19 23 36 148 97 138 108 0 122 136 77 53 107 37 83 60 63 65 153 40 25 76 34 138 91 134 103 50 117 131 81 52 68 26 80 66 97 83 152 119 115 113 114 118 123 131 141 152 164 106 101 99 100 104 111 120 130 142 155 93 87 85 86 91 99 108 120 133 146 80 73 71 72 78 87 98 111 124 139 67 60 57 59 66 76 88 102 117 133 56 46 43 45 54 66 80 95 111 127 46 34 28 33 44 58 74 90 107 124 39 23 14 22 37 53 70 87 104 121 36 19 2 17 34 51 69 86 103 121 39 24 15 22 37 53 70 87 104 121
118 120 115 137 41 26 19 45 122 0 68 49 108 63 86 45 65 61 57 34 120 117 47 107 41 34 17 38 80 15 68 45 97 55 99 46 61 30 69 35 115 98 81 64 48 33 21 20 32 47 114 96 79 62 45 27 11 10 26 43 114 97 80 62 45 29 14 13 27 44 116 99 82 66 50 36 26 25 35 49 120 103 88 72 58 46 39 38 45 57 125 109 94 80 68 58 52 52 57 67 131 117 103 90 79 71 66 66 70 78 139 125 112 101 91 84 80 80 83 90 148 135 123 112 103 97 94 93 96 102 157 145 134 124 116 111 107 107 109 115
150 125 141 164 43 66 79 33 136 68 0 68 95 29 111 94 102 97 88 65 153 119 86 138 32 63 81 43 116 81 5 66 90 80 124 90 101 59 54 60 176 160 144 129 114 100 87 77 69 64 171 155 138 122 107 92 78 66 56 51 167 151 134 117 101 85 70 56 44 37 165 148 131 114 97 80 64 48 34 24 164 146 129 112 95 77 60 43 26 12 163 146 129 112 94 77 60 43 25 9 164 147 130 113 96 79 62 46 31 20 167 150 133 116 100 84 68 53 41 34 170 153 137 121 105 90 76 63 53 47 174 158 142 127 112 98 85 74 65 61
83 73 76 99 72 24 67 36 77 49 68 0 60 44 45 35 35 30 21 78 86 69 23 72 62 16 65 28 49 50 65 5 49 13 59 29 35 21 31 76 116 102 89 78 70 65 65 69 77 88 108 93 79 67 57 51 51 57 66 79 103 87 71 57 45 38 38 45 57 71 98 82 65 49 35 24 24 34 49 65 96 79 62 45 28 13 12 28 44 61 96 79 62 44 27 11 11 27 44 61 98 81 64 48 33 22 22 33 48 64 102 86 70 55 43 35 35 43 55 69 107 92 78 65 55 49 49 54 64 77 114 100 87 76 67 63 62 67 75 86
84 36 70 88 120 83 126 76 53 108 95 60 0 67 55 86 71 69 64 132 88 29 74 76 108 74 123 76 73 109 91 63 11 60 59 81 76 78 45 129 152 143 135 129 125 123 124 127 133 140 141 131 122 115 111 109 110 114 120 128 130 119 109 102 97 95 96 101 108 117 120 108 97 89 83 81 83 88 96 106 111 98 86 76 70 67 69 75 84 96 103 88 75 64 56 53 56 63 74 87 96 81 66 53 43 39 43 52 65 79 91 75 59 44 31 25 30 43 57 73 88 71 54 37 22 12 20 36 53 70 88 70 53 36 19 4 17 35 52 69
123 96 113 136 57 51 79 19 107 63 29 44 67 0 84 75 78 73 64 74 126 90 64 112 44 45 79 27 91 73 25 43 61 56 96 71 79 43 25 70 158 143 128 115 103 92 84 78 77 79 151 136 121 106 93 81 71 65 63 66 146 130 114 99 84 71 59 52 49 53 142 125 109 92 77 62 49 39 35 40 139 122 105 88 71 55 40 27 22 29 137 120 103 86 68 51 34 18 8 21 137 120 103 85 68 51 34 17 7 21 139 122 105 88 71 55 39 26 21 28 141 125 108 92 76 61 48 38 34 39 146 129 113 98 83 70 59 51 48 52
40 42 32 54 115 62 102 80 37 86 111 45 55 84 0 47 24 26 29 118 43 43 40 29 107 57 98 73 19 80 107 48 47 34 15 43 30 63 62 118 98 89 83 81 82 87 95 105 117 130 86 76 70 67 68 74 83 95 108 122 76 64 56 53 55 62 73 86 100 115 67 53 43 39 42 51 63 78 93 109 59 44 31 25 29 41 56 72 89 105 55 38 22 11 19 35 52 69 86 103 54 37 20 5 17 34 51 68 85 103 57 41 27 19 24 38 54 70 87 104 63 49 38 33 36 46 60 75 91 107 72 60 51 47 49 57 69 82 97 112
74 87 73 93 82 29 58 62 83 45 94 35 86 75 47 0 23 21 23 78 75 85 13 64 77 31 53 52 37 36 92 34 76 28 59 6 18 35 65 79 83 68 55 44 39 41 49 62 76 91 78 61 46 33 25 28 39 54 70 86 74 57 40 24 11 17 33 49 67 84 74 57 39 22 6 14 31 49 66 83 76 59 43 28 19 23 36 52 68 85 80 65 51 39 33 35 45 58 73 89 87 73 61 51 47 48 55 67 80 95 95 83 72 64 60 62 67 77 89 102 105 94 84 78 74 75 80 88 99 111 115 105 97 91 88 89 93 100 109 120
53 65 50 72 99 44 80 70 60 65 102 35 71 78 24 23 0 6 14 98 55 65 20 43 92 42 76 61 16 58 99 37 61 23 36 21 6 47 61 99 85 74 65 59 59 63 72 83 97 111 76 63 52 46 45 51 61 74 89 104 69 54 41 32 31 39 52 67 83 99 64 47 32 19 18 30 46 62 79 96 62 45 27 10 8 26 43 60 77 95 63 46 30 16 15 28 45 61 78 96 67 52 38 28 28 37 50 66 82 98 74 60 49 42 41 48 59 72 87 103 83 71 61 56 55 60 69 81 94 109 93 82 74 70 69 73 81 91 103 116
58 66 54 76 94 39 76 65 63 61 97 30 69 73 26 21 6 0 10 94 60 65 15 47 87 37 72 56 21 55 94 32 59 18 39 17 7 42 57 94 89 77 67 60 58 61 69 80 92 106 80 66 55 47 44 48 58 70 84 100 73 58 44 34 30 36 48 62 78 94 69 52 36 22 16 26 41 57 74 91 67 50 32 15 4 21 38 55 72 90 68 51 35 20 13 24 40 56 73 91 72 56 42 31 27 34 46 61 77 93 79 64 52 44 41 46 55 68 83 98 87 74 64 57 55 58 66 77 90 105 96 85 76 71 69 72 78 88 99 113
65 66 60 82 87 33 73 56 65 57 88 21 64 64 29 23 14 10 0 89 67 64 12 54 80 29 69 47 29 53 85 23 53 9 43 18 16 35 48 89 97 84 74 65 61 62 67 76 88 101 89 75 62 53 47 48 55 66 79 93 82 67 52 40 34 35 44 57 72 87 78 61 45 30 20 22 35 50 66 83 76 58 41 24 8 13 30 47 64 81 76 59 42 26 12 15 31 47 65 82 79 63 47 34 25 27 38 52 68 84 85 70 56 45 38 40 48 60 74 89 92 78 66 57 52 53 59 69 82 96 101 88 78 70 66 67 72 80 91 104
151 150 148 170 23 56 27 58 153 34 65 78 132 74 118 78 98 94 89 0 153 146 79 140 33 63 31 57 114 45 67 74 122 85 132 79 94 57 89 6 143 126 109 91 74 57 39 22 5 14 144 126 109 92 75 58 41 25 12 18 145 128 112 95 78 62 47 34 26 29 149 132 115 99 84 69 55 45 39 41 153 137 121 106 91 78 66 57 53 54 158 143 128 113 100 88 77 70 67 68 165 150 136 122 110 99 90 83 80 81 172 158 144 132 120 110 102 97 94 95 180 167 154 142 131 122 115 110 108 108 189 176 164 153 143 135 128 124 122 122
4 58 18 20 154 99 133 121 40 120 153 86 88 126 43 75 55 60 67 153 0 63 75 15 146 96 128 113 40 111 149 89 82 74 31 75 59 101 104 154 83 82 85 91 100 111 123 137 151 165 69 68 72 79 89 101 114 129 144 159 55 54 58 67 79 92 107 122 138 154 41 40 46 57 70 85 101 117 133 150 28 26 34 48 63 79 96 113 130 147 16 12 26 42 59 76 93 111 128 145 13 7 24 41 58 76 93 110 128 145 22 19 30 45 61 78 95 112 129 146 35 33 40 52 67 82 98 115 131 148 48 47 52 62 74 89 104 119 135 152
60 7 46 61 137 92 135 95 25 117 119 69 29 90 43 85 65 65 64 146 63 0 76 54 126 84 131 92 60 115 114 73 30 63 40 81 70 89 66 144 137 130 125 123 123 125 130 137 145 155 124 117 111 109 109 112 117 125 134 145 112 104 98 95 95 98 104 113 123 135 100 91 84 81 81 85 92 102 113 126 89 78 71 67 67 72 80 91 104 118 79 67 58 53 53 59 69 82 96 110 70 56 45 39 40 48 59 74 89 105 64 48 34 25 27 37 52 68 84 101 60 43 26 12 15 30 47 64 81 98 59 42 25 8 12 29 46 63 81 98
73 78 69 91 80 25 62 53 76 47 86 23 74 64 40 13 20 15 12 79 75 76 0 62 73 23 58 44 35 41 83 22 64 16 53 8 17 28 53 80 94 80 67 57 51 50 56 65 78 92 87 72 57 45 37 37 44 55 70 85 82 66 50 35 24 23 33 48 64 80 80 63 46 29 13 11 26 43 60 78 80 63 45 28 12 10 26 43 60 77 82 66 49 34 23 22 33 47 63 80 87 71 57 44 36 36 43 55 69 84 93 79 66 56 50 49 55 64 77 91 102 89 77 69 64 63 67 75 86 99 111 99 89 82 78 77 80 87 97 108
12 50 13 30 140 86 121 107 34 107 138 72 76 112 29 64 43 47 54 140 15 54 62 0 133 82 117 99 27 99 135 75 70 60 18 62 47 88 90 141 85 82 82 85 92 101 112 125 138 153 72 68 68 72 80 90 103 116 131 146 59 54 54 59 68 80 94 109 124 140 47 40 40 47 58 72 87 103 119 136 36 26 26 36 50 66 82 99 116 133 28 13 14 29 45 62 79 96 114 131 27 10 10 27 44 62 79 96 113 131 32 21 21 33 48 64 81 98 115 132 42 34 34 42 55 69 85 101 118 134 54 48 48 54 64 77 91 107 122 139
144 131 138 160 13 49 49 32 138 41 32 62 108 44 107 77 92 87 80 33 146 126 73 133 0 51 51 35 107 55 34 59 100 73 121 76 90 45 63 28 155 138 121 105 89 73 58 46 37 35 152 135 118 101 84 67 51 36 24 22 151 134 116 99 82 65 47 30 14 9 151 133 116 99 82 64 47 30 14 9 152 135 118 101 84 67 51 36 24 22 155 138 121 105 88 73 58 45 37 35 158 142 126 110 95 80 67 57 50 49 163 147 132 117 103 89 78 69 63 62 169 154 139 125 112 100 89 81 77 76 176 161 147 134 121 110 101 94 90 90
93 88 88 110 59 10 52 31 91 34 63 16 74 45 57 31 42 37 29 63 96 84 23 82 51 0 49 21 57 36 61 12 64 24 71 28 40 6 40 62 114 99 84 71 60 53 50 54 62 74 109 92 77 62 49 40 36 41 52 65 105 88 71 55 40 27 23 30 43 59 103 85 68 51 34 18 9 21 38 55 102 85 68 51 34 17 7 21 38 55 104 87 71 54 39 25 20 28 42 58 108 92 76 61 47 37 34 39 50 64 113 98 83 70 58 50 48 52 60 72 120 105 92 80 70 64 62 65 72 82 128 114 102 91 83 77 76 78 84 93
126 134 125 146 47 41 6 61 134 17 81 65 123 79 98 53 76 72 69 31 128 131 58 117 51 49 0 55 90 18 81 61 113 68 111 55 71 45 86 35 112 95 78 60 43 26 9 10 27 45 113 96 79 62 45 28 15 16 30 46 115 98 82 66 50 37 28 28 38 51 119 103 87 72 59 48 41 41 48 60 125 109 95 81 69 60 55 55 60 70 131 117 103 91 81 73 68 68 73 81 139 126 113 102 93 86 82 82 86 92 148 135 124 113 105 99 96 96 99 105 158 146 135 126 118 113 110 110 112 117 168 157 147 138 131 126 124 123 126 130
111 97 104 127 46 25 56 10 103 38 43 28 76 27 73 52 61 56 47 57 113 92 44 99 35 21 55 0 76 47 40 25 66 40 87 48 60 18 33 54 134 119 104 90 77 66 59 56 58 65 129 113 97 82 67 55 46 42 45 54 125 109 92 76 60 45 33 28 33 44 123 106 89 72 55 38 23 14 22 37 122 105 88 70 53 36 18 1 17 35 123 106 89 72 55 38 23 14 22 37 125 109 92 76 60 45 34 28 33 44 129 113 97 82 68 55 46 42 45 54 135 119 104 90 77 66 59 56 58 65 141 126 112 99 88 78 72 70 72 77
38 59 37 57 114 59 94 84 50 80 116 49 73 91 19 37 16 21 29 114 40 60 35 27 107 57 90 76 0 72 113 51 64 37 25 35 20 62 72 114 80 71 66 64 68 75 86 98 112 126 69 59 52 50 55 64 76 89 104 120 60 47 38 36 42 54 67 83 98 115 52 37 25 23 31 45 61 78 94 111 48 31 15 9 24 41 58 75 92 109 48 31 15 9 24 41 58 75 92 109 52 37 25 22 31 45 61 77 94 111 59 46 38 36 42 53 67 82 98 115 69 58 51 50 54 63 75 89 104 119 79 70 65 64 67 75 85 97 111 126
109 118 108 129 55 27 23 55 117 15 81 50 109 73 80 36 58 55 53 45 111 115 41 99 55 36 18 47 72 0 80 47 99 52 93 38 53 34 75 47 101 84 67 50 34 20 15 26 42 58 100 83 66 48 31 14 5 22 39 57 101 84 67 50 34 19 15 26 42 58 104 87 71 56 41 31 28 35 48 63 109 93 78 64 52 44 42 47 57 70 115 100 86 74 64 57 56 60 68 79 122 108 96 85 76 71 70 73 79 89 131 118 106 97 89 85 84 86 92 100 140 128 118 109 102 98 97 99 104 112 151 139 130 122 116 112 111 113 117 124
146 121 137 160 45 64 80 30 131 68 5 65 91 25 107 92 99 94 85 67 149 114 83 135 34 61 81 40 113 80 0 63 85 77 120 88 99 57 49 62 174 158 143 128 113 100 88 78 71 67 169 153 136 121 105 91 78 66 58 54 165 148 132 115 99 84 69 56 45 40 162 145 128 111 94 78 62 47 34 27 160 143 126 109 91 74 57 41 25 13 160 143 125 108 91 73 56 39 22 4 161 143 126 109 92 75 58 42 26 16 163 146 129 112 95 79 63 49 36 30 166 149 133 116 100 85 71 58 48 43 170 154 138 122 107 93 80 69 61 57
86 77 79 102 68 21 64 34 81 45 66 5 63 43 48 34 37 32 23 74 89 73 22 75 59 12 61 25 51 47 63 0 53 15 62 29 36 17 32 72 116 101 88 76 67 62 61 65 73 84 109 93 79 66 55 48 47 53 62 75 103 87 71 57 44 35 34 41 53 67 100 83 66 50 34 22 20 31 45 62 98 81 64 46 29 12 8 25 42 59 98 81 64 47 30 15 12 26 42 59 101 84 68 52 37 26 24 33 47 63 105 89 74 59 47 39 38 44 55 69 111 96 82 69 59 53 52 56 66 78 118 104 91 80 71 66 65 69 77 87
79 37 66 86 111 73 116 68 52 97 90 49 11 61 47 76 61 59 53 122 82 30 64 70 100 64 113 66 64 99 85 53 0 49 53 70 65 68 37 120 143 133 125 118 114 112 113 117 123 131 132 121 112 105 100 98 100 104 111 119 122 110 100 92 86 84 86 91 99 108 113 100 88 79 73 70 72 78 87 98 104 90 77 67 59 57 59 66 76 89 97 82 68 55 46 43 46 55 67 81 92 76 60 45 34 29 33 45 59 75 89 71 55 38 23 15 23 38 54 71 87 70 53 35 18 1 17 35 52 69 88 71 55 38 23 14 22 37 54 71
71 66 65 88 82 30 72 48 68 55 80 13 60 56 34 28 23 18 9 85 74 63 16 60 73 24 68 40 37 52 77 15 49 0 48 23 24 29 40 85 106 93 81 72 66 64 67 74 84 97 98 83 70 60 52 50 54 63 75 88 91 76 61 48 39 36 42 53 66 81 87 70 54 39 27 23 30 44 60 76 84 67 50 33 17 9 23 39 56 73 84 67 50 32 16 7 22 39 56 73 86 69 53 38 25 21 29 43 59 76 91 75 60 47 37 35 40 51 65 80 97 82 69 58 50 48 52 61 73 87 105 91 80 70 64 62 66 73 83 95
28 37 18 41 129 76 115 94 26 99 124 59 59 96 15 59 36 39 43 132 31 40 53 18 121 71 111 87 25 93 120 62 53 48 0 56 41 77 74 132 97 91 88 88 92 98 107 118 130 144 85 78 74 74 79 86 96 108 122 136 73 64 60 60 66 75 86 99 114 129 62 52 46 47 53 64 77 92 107 123 52 40 32 33 42 55 70 86 102 119 45 30 18 20 33 49 65 82 99 116 42 25 8 11 29 46 63 80 98 115 43 27 14 16 31 47 64 81 98 115 49 36 27 28 38 52 68 84 101 118 58 47 41 42 49 61 74 89 105 121
73 82 71 92 81 27 60 58 80 46 90 29 81 71 43 6 21 17 18 79 75 81 8 62 76 28 55 48 35 38 88 29 70 23 56 0 16 32 60 80 88 73 60 50 44 45 52 63 77 91 82 66 51 38 30 32 41 55 70 86 77 61 44 29 17 19 33 49 65 82 76 59 41 24 7 12 29 46 63 81 77 60 43 27 15 17 32 48 65 82 81 65 49 36 28 29 39 53 69 85 86 72 58 48 42 43 50 62 75 90 94 81 69 60 56 56 62 71 84 97 103 91 81 73 70 70 75 83 93 106 113 102 93 87 83 84 88 94 104 115
57 71 55 76 96 41 75 69 66 61 101 35 76 79 30 18 6 7 16 94 59 70 17 47 90 40 71 60 20 53 99 36 65 24 41 16 0 45 63 95 82 70 60 54 53 58 67 79 92 107 74 60 48 40 39 45 56 70 85 101 68 52 38 27 25 34 48 64 80 97 64 47 30 15 13 26 43 60 77 94 63 46 29 12 8 25 42 59 76 94 66 49 34 21 20 30 45 62 78 95 71 56 43 34 33 40 53 67 83 99 78 65 55 48 47 52 62 75 89 104 88 76 67 62 61 65 73 84 97 111 98 88 80 76 75 78 85 94 106 119
99 93 94 116 53 8 48 28 97 30 59 21 78 43 63 35 47 42 35 57 101 89 28 88 45 6 45 18 62 34 57 17 68 29 77 32 45 0 42 56 117 102 87 73 61 51 47 49 57 68 112 96 80 64 50 39 33 36 46 59 109 92 75 59 43 28 20 24 37 53 107 90 73 56 38 21 6 16 33 50 108 90 73 56 39 23 10 17 33 50 110 93 76 60 44 31 23 27 39 54 114 97 82 67 53 42 37 40 49 62 119 103 89 75 64 55 51 53 60 71 126 111 98 85 75 68 65 66 72 81 134 120 107 97 88 82 79 80 85 92
101 72 90 113 75 49 87 32 83 69 54 31 45 25 62 65 61 57 48 89 104 66 53 90 63 40 86 33 72 75 49 32 37 40 74 60 63 42 0 86 145 132 119 108 99 92 88 87 90 96 137 123 109 97 87 79 74 74 77 84 130 115 100 87 75 66 61 60 64 72 124 108 93 78 65 54 47 46 52 62 119 103 87 71 56 43 34 33 40 52 116 99 82 66 49 34 21 19 30 45 115 98 81 63 46 29 12 8 25 42 116 98 81 64 47 30 15 13 26 43 118 101 84 68 52 37 27 25 34 48 121 105 89 74 60 48 40 39 45 56
151 148 148 170 18 56 31 55 152 35 60 76 129 70 118 79 99 94 89 6 154 144 80 141 28 62 35 54 114 47 62 72 120 85 132 80 95 56 86 0 147 129 112 95 77 60 43 26 11 12 147 129 112 95 77 60 43 26 11 13 148 131 114 97 80 63 47 33 22 23 151 134 117 101 85 69 55 43 36 36 154 138 122 106 91 77 65 55 49 50 159 144 128 113 99 87 76 67 63 63 165 150 136 122 109 97 87 80 76 77 172 158 144 131 119 108 100 93 90 90 180 166 153 141 130 120 112 107 104 104 189 176 163 152 141 132 125 120 118 117
85 134 97 100 156 110 117 144 119 115 176 116 152 158 98 83 85 89 97 143 83 137 94 85 155 114 112 134 80 101 174 116 143 106 97 88 82 117 145 147 0 18 35 52 70 87 104 122 139 156 15 23 38 54 71 88 105 122 140 157 29 34 45 60 75 91 108 125 142 159 43 47 55 68 82 97 113 129 145 162 58 60 67 77 90 104 119 134 150 166 72 74 80 88 99 112 126 140 156 171 86 88 93 100 110 122 134 148 162 177 100 102 106 112 121 132 144 156 170 184 115 116 119 125 133 143 154 166 179 192 129 130 133 138 145 154 164 176 188 201
83 128 94 101 139 94 100 129 115 98 160 102 143 143 89 68 74 77 84 126 82 130 80 82 138 99 95 119 71 84 158 101 133 93 91 73 70 102 132 129 18 0 18 35 52 70 87 104 122 139 23 15 23 38 54 71 88 105 122 140 34 29 34 45 60 75 91 108 125 142 47 43 46 55 67 82 97 112 129 145 60 57 60 67 77 90 104 118 134 150 74 72 73 79 88 99 112 126 140 155 88 86 87 92 100 110 121 134 148 162 102 100 101 105 112 121 131 143 156 170 116 114 115 119 125 133 142 153 165 178 130 128 129 132 138 145 154 164 175 187
85 124 94 105 122 79 82 114 113 81 144 89 135 128 83 55 65 67 74 109 85 125 67 82 121 84 78 104 66 67 143 88 125 81 88 60 60 87 119 112 35 18 0 18 35 52 70 87 104 122 38 23 15 23 38 54 71 88 105 122 45 34 29 34 45 60 75 91 108 125 55 46 43 46 55 67 81 97 112 129 67 60 57 60 67 77 90 104 118 134 80 73 71 73 79 88 99 112 126 140 93 87 85 87 92 99 109 121 134 148 106 101 99 101 105 112 121 131 143 156 119 115 114 115 118 124 132 142 153 165 133 129 128 129 132 137 144 153 163 175
91 123 97 111 105 65 65 99 114 64 129 78 129 115 81 44 59 60 65 91 91 123 57 85 105 71 60 90 64 50 128 76 118 72 88 50 54 73 108 95 52 35 18 0 18 35 52 70 87 104 54 38 23 15 23 38 54 71 88 105 60 45 34 29 33 45 59 75 91 108 68 55 46 43 46 55 67 81 97 112 77 67 60 57 59 66 77 89 103 118 88 79 73 71 73 79 88 99 112 125 100 92 87 85 87 91 99 109 121 134 112 105 101 99 100 105 111 120 131 143 125 119 115 113 114 118 124 132 141 152 138 132 129 127 128 131 137 144 153 163
99 124 103 120 88 53 48 86 118 48 114 70 125 103 82 39 59 58 61 74 100 123 51 92 89 60 43 77 68 34 113 67 114 66 92 44 53 61 99 77 70 52 35 18 0 18 35 52 70 87 71 54 38 23 15 23 38 54 71 88 75 60 45 33 29 33 45 59 75 91 82 67 55 46 43 46 55 67 81 96 90 77 67 59 57 59 66 77 89 103 99 88 79 73 71 73 78 87 99 111 110 100 92 87 85 86 91 99 109 120 121 112 105 100 99 100 104 111 120 130 133 125 118 114 113 114 117 123 131 141 145 138 132 128 127 127 131 136 143 152
110 127 111 130 71 44 30 75 123 33 100 65 123 92 87 41 63 61 62 57 111 125 50 101 73 53 26 66 75 20 100 62 112 64 98 45 58 51 92 60 87 70 52 35 18 0 18 35 52 70 88 71 54 38 23 14 23 38 54 71 91 75 60 45 33 28 33 45 59 75 97 82 67 55 46 42 46 55 67 81 104 90 77 66 59 56 59 66 76 89 112 99 88 79 73 70 72 78 87 98 122 110 99 91 86 84 86 91 98 108 132 121 112 105 100 98 99 104 110 119 143 133 124 118 114 112 113 117 123 131 154 145 137 131 127 126 127 130 135 143
122 133 122 141 55 41 13 66 131 21 87 65 124 84 95 49 72 69 67 39 123 130 56 112 58 50 9 59 86 15 88 61 113 67 107 52 67 47 88 43 104 87 70 52 35 18 0 18 35 52 105 88 71 54 38 23 14 23 38 54 108 91 75 59 45 33 28 33 45 59 113 97 81 67 55 46 42 46 54 67 119 104 90 77 66 59 56 59 66 76 126 112 99 88 78 72 70 72 78 87 134 121 109 99 91 86 84 85 90 98 144 131 121 111 104 99 98 99 103 110 154 142 132 124 117 113 112 113 116 122 164 154 144 137 131 127 125 126 130 135
135 140 133 154 40 46 5 61 141 20 77 69 127 78 105 62 83 80 76 22 137 137 65 125 46 54 10 56 98 26 78 65 117 74 118 63 79 49 87 26 122 104 87 70 52 35 18 0 18 35 122 105 88 71 54 38 23 14 23 38 125 108 91 75 59 45 33 28 33 45 129 112 97 81 67 55 46 42 45 54 134 118 104 89 77 66 59 56 58 65 140 126 112 99 87 78 72 70 72 77 148 134 121 109 99 91 85 83 85 90 156 143 131 120 111 104 99 97 99 103 166 153 142 132 123 117 113 111 112 116 176 164 153 144 136 130 126 125 126 129
149 149 146 168 28 55 22 60 152 32 69 77 133 77 117 76 97 92 88 5 151 145 78 138 37 62 27 58 112 42 71 73 123 84 130 77 92 57 90 11 139 122 104 87 70 52 35 18 0 18 140 122 105 88 71 54 38 23 14 23 142 125 108 91 75 59 45 33 28 33 145 129 112 97 81 67 54 45 42 45 150 134 118 103 89 76 66 58 55 58 156 140 126 112 99 87 78 72 69 71 162 148 134 121 109 98 90 85 83 85 170 156 143 131 120 110 103 99 97 98 179 165 153 141 131 123 116 112 110 112 188 175 163 153 143 135 130 126 124 125
163 160 160 182 23 68 40 65 164 47 64 88 140 79 130 91 111 106 101 14 165 155 92 153 35 74 45 65 126 58 67 84 131 97 144 91 107 68 96 12 156 139 122 104 87 70 52 35 18 0 157 140 122 105 88 71 54 38 23 14 159 142 125 108 91 75 59 45 33 28 162 145 129 112 96 81 67 54 45 42 166 150 134 118 103 89 76 65 58 55 171 155 140 125 111 98 87 77 71 69 177 162 148 134 120 108 98 90 85 83 184 170 156 143 130 119 110 103 98 96 192 178 165 152 141 131 122 116 112 110 201 187 175 163 152 143 135 129 125 124
71 121 83 86 154 106 118 139 106 114 171 108 141 151 86 78 76 80 89 144 69 124 87 72 152 109 113 129 69 100 169 109 132 98 85 82 74 112 137 147 15 23 38 54 71 88 105 122 140 157 0 18 35 52 70 87 104 122 139 156 15 23 38 54 71 88 105 122 140 157 29 34 45 60 75 91 108 125 142 159 43 47 55 68 82 97 113 129 145 162 58 60 67 77 90 104 119 134 150 166 72 74 80 88 99 112 126 140 156 171 86 88 93 100 110 122 134 148 162 177 100 102 106 112 121 132 144 156 170 184 115 116 119 125 133 143 154 166 179 192
69 114 80 87 137 89 101 123 101 96 155 93 131 136 76 61 63 66 75 126 68 117 72 68 135 92 96 113 59 83 153 93 121 83 78 66 60 96 123 129 23 15 23 38 54 71 88 105 122 140 18 0 18 35 52 70 87 104 122 139 23 15 23 38 54 71 88 105 122 140 34 29 34 45 60 75 91 108 125 142 47 43 46 55 67 82 97 112 129 145 60 57 60 67 77 90 104 118 134 150 74 72 73 79 88 99 112 126 140 155 88 86 87 92 100 110 121 134 148 162 102 100 101 105 112 121 131 143 156 170 116 114 115 119 125 133 142 153 165 178
72 110 80 91 120 73 84 107 99 79 138 79 122 121 70 46 52 55 62 109 72 111 57 68 118 77 79 97 52 66 136 79 112 70 74 51 48 80 109 112 38 23 15 23 38 54 71 88 105 122 35 18 0 18 35 52 70 87 104 122 38 23 15 23 38 54 71 88 105 122 45 34 29 34 45 60 75 91 108 125 55 46 43 46 55 67 81 97 112 129 67 60 57 60 67 77 90 104 118 134 80 73 71 73 79 88 99 112 126 140 93 87 85 87 92 99 109 121 134 148 106 101 99 101 105 112 121 131 143 156 119 115 114 115 118 124 132 142 153 165
78 109 83 99 103 57 67 92 100 62 122 67 115 106 67 33 46 47 53 92 79 109 45 72 101 62 62 82 50 48 121 66 105 60 74 38 40 64 97 95 54 38 23 15 23 38 54 71 88 105 52 35 18 0 18 35 52 70 87 104 54 38 23 15 23 38 54 71 88 105 60 45 34 29 33 45 59 75 91 108 68 55 46 43 46 55 67 81 97 112 77 67 60 57 59 66 77 89 103 118 88 79 73 71 73 79 88 99 112 125 100 92 87 85 87 91 99 109 121 134 112 105 101 99 100 105 111 120 131 143 125 119 115 113 114 118 124 132 141 152
88 110 90 108 85 43 50 77 104 45 107 57 111 93 68 25 45 44 47 75 89 109 37 80 84 49 45 67 55 31 105 55 100 52 79 30 39 50 87 77 71 54 38 23 15 23 38 54 71 88 70 52 35 18 0 18 35 52 70 87 71 54 38 23 15 23 38 54 71 88 75 60 45 33 29 33 45 59 75 91 82 67 55 46 43 46 55 67 81 96 90 77 67 59 57 59 66 77 89 103 99 88 79 73 71 73 78 87 99 111 110 100 92 87 85 86 91 99 109 120 121 112 105 100 99 100 104 111 120 130 133 125 118 114 113 114 117 123 131 141
99 114 100 119 68 31 33 64 111 27 92 51 109 81 74 28 51 48 48 58 101 112 37 90 67 40 28 55 64 14 91 48 98 50 86 32 45 39 79 60 88 71 54 38 23 14 23 38 54 71 87 70 52 35 18 0 18 35 52 70 88 71 54 38 23 14 23 38 54 71 91 75 60 45 33 28 33 45 59 75 97 82 67 55 46 42 46 55 67 81 104 90 77 66 59 56 59 66 76 89 112 99 88 79 73 70 72 78 87 98 122 110 99 91 86 84 86 91 98 108 132 121 112 105 100 98 99 104 110 119 143 133 124 118 114 112 113 117 123 131
113 120 111 132 51 27 19 53 120 11 78 51 110 71 83 39 61 58 55 41 114 117 44 103 51 36 15 46 76 5 78 47 100 54 96 41 56 33 74 43 105 88 71 54 38 23 14 23 38 54 104 87 70 52 35 18 0 18 35 52 105 88 71 54 38 23 14 23 38 54 108 91 75 59 45 33 28 33 45 59 113 97 81 67 55 46 42 46 54 67 119 104 90 77 66 59 56 59 66 76 126 112 99 88 78 72 70 72 78 87 134 121 109 99 91 86 84 85 90 98 144 131 121 111 104 99 98 99 103 110 154 142 132 124 117 113 112 113 116 122
127 128 124 146 34 34 15 47 130 10 66 57 114 65 95 54 74 70 66 25 129 125 55 116 36 41 16 42 89 22 66 53 104 63 108 55 70 36 74 26 122 105 88 71 54 38 23 14 23 38 122 104 87 70 52 35 18 0 18 35 122 105 88 71 54 38 23 14 23 38 125 108 91 75 59 45 33 28 33 45 129 112 97 81 67 55 46 42 45 54 134 118 104 89 77 66 59 56 58 65 140 126 112 99 87 78 72 70 72 77 148 134 121 109 99 91 85 83 85 90 156 143 131 120 111 104 99 97 99 103 166 153 142 132 123 117 113 111 112 116
141 138 138 160 18 46 26 47 142 26 56 66 120 63 108 70 89 84 79 12 144 134 70 131 24 52 30 45 104 39 58 62 111 75 122 70 85 46 77 11 140 122 105 88 71 54 38 23 14 23 139 122 104 87 70 52 35 18 0 18 140 122 105 88 71 54 38 23 14 23 142 125 108 91 75 59 45 33 28 33 145 129 112 97 81 67 54 45 42 45 150 134 118 103 89 76 66 58 55 58 156 140 126 112 99 87 78 72 69 71 162 148 134 121 109 98 90 85 83 85 170 156 143 131 120 110 103 99 97 98 179 165 153 141 131 123 116 112 110 112
157 150 152 175 9 61 42 52 155 43 51 79 128 66 122 86 104 100 93 18 159 145 85 146 22 65 46 54 120 57 54 75 119 88 136 86 101 59 84 13 157 140 122 105 88 71 54 38 23 14 156 139 122 104 87 70 52 35 18 0 157 140 122 105 88 71 54 38 23 14 159 142 125 108 91 75 59 45 33 28 162 145 129 112 96 81 67 54 45 42 166 150 134 118 103 89 76 65 58 55 171 155 140 125 111 98 87 77 71 69 177 162 148 134 120 108 98 90 85 83 184 170 156 143 130 119 110 103 98 96 192 178 165 152 141 131 122 116 112 110
57 108 70 72 154 103 120 135 93 114 167 103 130 146 76 74 69 73 82 145 55 112 82 59 151 105 115 125 60 101 165 103 122 91 73 77 68 109 130 148 29 34 45 60 75 91 108 125 142 159 15 23 38 54 71 88 105 122 140 157 0 18 35 52 70 87 104 122 139 156 15 23 38 54 71 88 105 122 140 157 29 34 45 60 75 91 108 125 142 159 43 47 55 68 82 97 113 129 145 162 58 60 67 77 90 104 119 134 150 166 72 74 80 88 99 112 126 140 156 171 86 88 93 100 110 122 134 148 162 177 100 102 106 112 121 132 144 156 170 184
55 101 66 73 137 86 104 118 87 97 151 87 119 130 64 57 54 58 67 128 54 104 66 54 134 88 98 109 47 84 148 87 110 76 64 61 52 92 115 131 34 29 34 45 60 75 91 108 125 142 23 15 23 38 54 71 88 105 122 140 18 0 18 35 52 70 87 104 122 139 23 15 23 38 54 71 88 105 122 140 34 29 34 45 60 75 91 108 125 142 47 43 46 55 67 82 97 112 129 145 60 57 60 67 77 90 104 118 134 150 74 72 73 79 88 99 112 126 140 155 88 86 87 92 100 110 121 134 148 162 102 100 101 105 112 121 131 143 156 170
58 96 66 78 120 69 87 102 85 80 134 71 109 114 56 40 41 44 52 112 58 98 50 54 116 71 82 92 38 67 132 71 100 61 60 44 38 75 100 114 45 34 29 34 45 60 75 91 108 125 38 23 15 23 38 54 71 88 105 122 35 18 0 18 35 52 70 87 104 122 38 23 15 23 38 54 71 88 105 122 45 34 29 34 45 60 75 91 108 125 55 46 43 46 55 67 81 97 112 129 67 60 57 60 67 77 90 104 118 134 80 73 71 73 79 88 99 112 126 140 93 87 85 87 92 99 109 121 134 148 106 101 99 101 105 112 121 131 143 156
66 95 70 87 102 52 71 86 86 62 117 57 102 99 53 24 32 34 40 95 67 95 35 59 99 55 66 76 36 50 115 57 92 48 60 29 27 59 87 97 60 45 34 29 33 45 59 75 91 108 54 38 23 15 23 38 54 71 88 105 52 35 18 0 18 35 52 70 87 104 54 38 23 15 23 38 54 71 88 105 60 45 34 29 33 45 59 75 91 108 68 55 46 43 46 55 67 81 97 112 77 67 60 57 59 66 77 89 103 118 88 79 73 71 73 79 88 99 112 125 100 92 87 85 87 91 99 109 121 134 112 105 101 99 100 105 111 120 131 143
77 96 78 97 85 35 55 70 91 45 101 45 97 84 55 11 31 30 34 78 79 95 24 68 82 40 50 60 42 34 99 44 86 39 66 17 25 43 75 80 75 60 45 33 29 33 45 59 75 91 71 54 38 23 15 23 38 54 71 88 70 52 35 18 0 18 35 52 70 87 71 54 38 23 15 23 38 54 71 88 75 60 45 33 29 33 45 59 75 91 82 67 55 46 43 46 55 67 81 96 90 77 67 59 57 59 66 77 89 103 99 88 79 73 71 73 78 87 99 111 110 100 92 87 85 86 91 99 109 120 121 112 105 100 99 100 104 111 120 130
90 100 89 110 68 20 41 55 99 29 85 38 95 71 62 17 39 36 35 62 92 98 23 80 65 27 37 45 54 19 84 35 84 36 75 19 34 28 66 63 91 75 60 45 33 28 33 45 59 75 88 71 54 38 23 14 23 38 54 71 87 70 52 35 18 0 18 35 52 70 88 71 54 38 23 14 23 38 54 71 91 75 60 45 33 28 33 45 59 75 97 82 67 55 46 42 46 55 67 81 104 90 77 66 59 56 59 66 76 89 112 99 88 79 73 70 72 78 87 98 122 110 99 91 86 84 86 91 98 108 132 121 112 105 100 98 99 104 110 119
105 108 102 123 50 14 31 42 108 14 70 38 96 59 73 33 52 48 44 47 107 104 33 94 47 23 28 33 67 15 69 34 86 42 86 33 48 20 61 47 108 91 75 59 45 33 28 33 45 59 105 88 71 54 38 23 14 23 38 54 104 87 70 52 35 18 0 18 35 52 105 88 71 54 38 23 14 23 38 54 108 91 75 59 45 33 28 33 45 59 113 97 81 67 55 46 42 46 54 67 119 104 90 77 66 59 56 59 66 76 126 112 99 88 78 72 70 72 78 87 134 121 109 99 91 86 84 85 90 98 144 131 121 111 104 99 98 99 103 110
120 117 116 138 33 24 28 34 120 13 56 45 101 52 86 49 67 62 57 34 122 113 48 109 30 30 28 28 83 26 56 41 91 53 99 49 64 24 60 33 125 108 91 75 59 45 33 28 33 45 122 105 88 71 54 38 23 14 23 38 122 104 87 70 52 35 18 0 18 35 122 105 88 71 54 38 23 14 23 38 125 108 91 75 59 45 33 28 33 45 129 112 97 81 67 55 46 42 45 54 134 118 104 89 77 66 59 56 58 65 140 126 112 99 87 78 72 70 72 77 148 134 121 109 99 91 85 83 85 90 156 143 131 120 111 104 99 97 99 103
135 128 131 153 16 40 36 33 133 27 44 57 108 49 100 67 83 78 72 26 138 123 64 124 14 43 38 33 98 42 45 53 99 66 114 65 80 37 64 22 142 125 108 91 75 59 45 33 28 33 140 122 105 88 71 54 38 23 14 23 139 122 104 87 70 52 35 18 0 18 140 122 105 88 71 54 38 23 14 23 142 125 108 91 75 59 45 33 28 33 145 129 112 97 81 67 54 45 42 45 150 134 118 103 89 76 66 58 55 58 156 140 126 112 99 87 78 72 69 71 162 148 134 121 109 98 90 85 83 85 170 156 143 131 120 110 103 99 97 98
151 140 146 168 6 56 48 41 146 44 37 71 117 53 115 84 99 94 87 29 154 135 80 140 9 59 51 44 115 58 40 67 108 81 129 82 97 53 72 23 159 142 125 108 91 75 59 45 33 28 157 140 122 105 88 71 54 38 23 14 156 139 122 104 87 70 52 35 18 0 157 140 122 105 88 71 54 38 23 14 159 142 125 108 91 75 59 45 33 28 162 145 129 112 96 81 67 54 45 42 166 150 134 118 103 89 76 65 58 55 171 155 140 125 111 98 87 77 71 69 177 162 148 134 120 108 98 90 85 83 184 170 156 143 130 119 110 103 98 96
43 96 57 58 155 102 124 132 80 116 165 98 120 142 67 74 64 69 78 149 41 100 80 47 151 103 119 123 52 104 162 100 113 87 62 76 64 107 124 151 43 47 55 68 82 97 113 129 145 162 29 34 45 60 75 91 108 125 142 159 15 23 38 54 71 88 105 122 140 157 0 18 35 52 70 87 104 122 139 156 15 23 38 54 71 88 105 122 140 157 29 34 45 60 75 91 108 125 142 159 43 47 55 68 82 97 113 129 145 162 58 60 67 77 90 104 119 134 150 166 72 74 80 88 99 112 126 140 156 171 86 88 93 100 110 122 134 148 162 177
41 88 51 59 138 85 108 115 73 99 148 82 108 125 53 57 47 52 61 132 40 91 63 40 133 85 103 106 37 87 145 83 100 70 52 59 47 90 108 134 47 43 46 55 67 82 97 112 129 145 34 29 34 45 60 75 91 108 125 142 23 15 23 38 54 71 88 105 122 140 18 0 18 35 52 70 87 104 122 139 23 15 23 38 54 71 88 105 122 140 34 29 34 45 60 75 91 108 125 142 47 43 46 55 67 82 97 112 129 145 60 57 60 67 77 90 104 118 134 150 74 72 73 79 88 99 112 126 140 155 88 86 87 92 100 110 121 134 148 162
45 82 52 66 121 67 92 98 71 82 131 65 97 109 43 39 32 36 45 115 46 84 46 40 116 68 87 89 25 71 128 66 88 54 46 41 30 73 93 117 55 46 43 46 55 67 81 97 112 129 45 34 29 34 45 60 75 91 108 125 38 23 15 23 38 54 71 88 105 122 35 18 0 18 35 52 70 87 104 122 38 23 15 23 38 54 71 88 105 122 45 34 29 34 45 60 75 91 108 125 55 46 43 46 55 67 81 97 112 129 67 60 57 60 67 77 90 104 118 134 80 73 71 73 79 88 99 112 126 140 93 87 85 87 92 99 109 121 134 148
55 80 57 75 104 50 77 81 72 66 114 49 89 92 39 22 19 22 30 99 57 81 29 47 99 51 72 72 23 56 111 50 79 39 47 24 15 56 78 101 68 55 46 43 46 55 67 81 97 112 60 45 34 29 33 45 59 75 91 108 54 38 23 15 23 38 54 71 88 105 52 35 18 0 18 35 52 70 87 104 54 38 23 15 23 38 54 71 88 105 60 45 34 29 33 45 59 75 91 108 68 55 46 43 46 55 67 81 97 112 77 67 60 57 59 66 77 89 103 118 88 79 73 71 73 79 88 99 112 125 100 92 87 85 87 91 99 109 121 134
68 82 67 88 87 33 63 65 78 50 97 35 83 77 42 6 18 16 20 84 70 81 13 58 82 34 59 55 31 41 94 34 73 27 53 7 13 38 65 85 82 67 55 46 43 46 55 67 81 96 75 60 45 33 29 33 45 59 75 91 71 54 38 23 15 23 38 54 71 88 70 52 35 18 0 18 35 52 70 87 71 54 38 23 15 23 38 54 71 88 75 60 45 33 29 33 45 59 75 91 82 67 55 46 43 46 55 67 81 96 90 77 67 59 57 59 66 77 89 103 99 88 79 73 71 73 78 87 99 111 110 100 92 87 85 86 91 99 109 120
83 87 80 101 70 16 52 48 87 36 80 24 81 62 51 14 30 26 22 69 85 85 11 72 64 18 48 38 45 31 78 22 70 23 64 12 26 21 54 69 97 82 67 55 46 42 46 55 67 81 91 75 60 45 33 28 33 45 59 75 88 71 54 38 23 14 23 38 54 71 87 70 52 35 18 0 18 35 52 70 88 71 54 38 23 14 23 38 54 71 91 75 60 45 33 28 33 45 59 75 97 82 67 55 46 42 46 55 67 81 104 90 77 66 59 56 59 66 76 89 112 99 88 79 73 70 72 78 87 98 122 110 99 91 86 84 86 91 98 108
98 96 94 116 54 3 44 33 98 26 64 24 83 49 63 31 46 41 35 55 101 92 26 87 47 9 41 23 61 28 62 20 72 30 77 29 43 6 47 55 113 97 81 67 55 46 42 46 54 67 108 91 75 59 45 33 28 33 45 59 105 88 71 54 38 23 14 23 38 54 104 87 70 52 35 18 0 18 35 52 105 88 71 54 38 23 14 23 38 54 108 91 75 59 45 33 28 33 45 59 113 97 81 67 55 46 42 46 54 67 119 104 90 77 66 59 56 59 66 76 126 112 99 88 78 72 70 72 78 87 134 121 109 99 91 86 84 85 90 98
114 106 109 131 38 20 42 21 111 25 48 34 88 39 78 49 62 57 50 45 117 102 43 103 30 21 41 14 78 35 47 31 78 44 92 46 60 16 46 43 129 112 97 81 67 55 46 42 45 54 125 108 91 75 59 45 33 28 33 45 122 105 88 71 54 38 23 14 23 38 122 104 87 70 52 35 18 0 18 35 122 105 88 71 54 38 23 14 23 38 125 108 91 75 59 45 33 28 33 45 129 112 97 81 67 55 46 42 45 54 134 118 104 89 77 66 59 56 58 65 140 126 112 99 87 78 72 70 72 77 148 134 121 109 99 91 85 83 85 90
130 118 124 147 25 37 47 20 124 35 34 49 96 35 93 66 79 74 66 39 133 113 60 119 14 38 48 22 94 48 34 45 87 60 107 63 77 33 52 36 145 129 112 97 81 67 54 45 42 45 142 125 108 91 75 59 45 33 28 33 140 122 105 88 71 54 38 23 14 23 139 122 104 87 70 52 35 18 0 18 140 122 105 88 71 54 38 23 14 23 142 125 108 91 75 59 45 33 28 33 145 129 112 97 81 67 54 45 42 45 150 134 118 103 89 76 66 58 55 58 156 140 126 112 99 87 78 72 69 71 162 148 134 121 109 98 90 85 83 85
147 131 140 163 19 55 57 31 139 49 24 65 106 40 109 83 96 91 83 41 150 126 78 136 9 55 60 37 111 63 27 62 98 76 123 81 94 50 62 36 162 145 129 112 96 81 67 54 45 42 159 142 125 108 91 75 59 45 33 28 157 140 122 105 88 71 54 38 23 14 156 139 122 104 87 70 52 35 18 0 157 140 122 105 88 71 54 38 23 14 159 142 125 108 91 75 59 45 33 28 162 145 129 112 96 81 67 54 45 42 166 150 134 118 103 89 76 65 58 55 171 155 140 125 111 98 87 77 71 69 177 162 148 134 120 108 98 90 85 83
30 84 45 43 158 103 130 131 67 120 164 96 111 139 59 76 62 67 76 153 28 89 80 36 152 102 125 122 48 109 160 98 104 84 52 77 63 108 119 154 58 60 67 77 90 104 119 134 150 166 43 47 55 68 82 97 113 129 145 162 29 34 45 60 75 91 108 125 142 159 15 23 38 54 71 88 105 122 140 157 0 18 35 52 70 87 104 122 139 156 15 23 38 54 71 88 105 122 140 157 29 34 45 60 75 91 108 125 142 159 43 47 55 68 82 97 113 129 145 162 58 60 67 77 90 104 119 134 150 166 72 74 80 88 99 112 126 140 156 171
27 75 38 46 141 86 114 114 60 103 146 79 98 122 44 59 45 50 58 137 26 78 63 26 135 85 109 105 31 93 143 81 90 67 40 60 46 90 103 138 60 57 60 67 77 90 104 118 134 150 47 43 46 55 67 82 97 112 129 145 34 29 34 45 60 75 91 108 125 142 23 15 23 38 54 71 88 105 122 140 18 0 18 35 52 70 87 104 122 139 23 15 23 38 54 71 88 105 122 140 34 29 34 45 60 75 91 108 125 142 47 43 46 55 67 82 97 112 129 145 60 57 60 67 77 90 104 118 134 150 74 72 73 79 88 99 112 126 140 155
33 69 38 54 124 69 100 97 57 88 129 62 86 105 31 43 27 32 41 121 34 71 45 26 118 68 95 88 15 78 126 64 77 50 32 43 29 73 87 122 67 60 57 60 67 77 90 104 118 134 55 46 43 46 55 67 81 97 112 129 45 34 29 34 45 60 75 91 108 125 38 23 15 23 38 54 71 88 105 122 35 18 0 18 35 52 70 87 104 122 38 23 15 23 38 54 71 88 105 122 45 34 29 34 45 60 75 91 108 125 55 46 43 46 55 67 81 97 112 129 67 60 57 60 67 77 90 104 118 134 80 73 71 73 79 88 99 112 126 140
46 66 45 65 107 52 86 79 59 72 112 45 76 88 25 28 10 15 24 106 48 67 28 36 101 51 81 70 9 64 109 46 67 33 33 27 12 56 71 106 77 67 60 57 59 66 77 89 103 118 68 55 46 43 46 55 67 81 97 112 60 45 34 29 33 45 59 75 91 108 54 38 23 15 23 38 54 71 88 105 52 35 18 0 18 35 52 70 87 104 54 38 23 15 23 38 54 71 88 105 60 45 34 29 33 45 59 75 91 108 68 55 46 43 46 55 67 81 97 112 77 67 60 57 59 66 77 89 103 118 88 79 73 71 73 79 88 99 112 125
61 69 57 79 91 36 73 62 66 58 95 28 70 71 29 19 8 4 8 91 63 67 12 50 84 34 69 53 24 52 91 29 59 17 42 15 8 39 56 91 90 77 67 59 57 59 66 77 89 103 82 67 55 46 43 46 55 67 81 96 75 60 45 33 29 33 45 59 75 91 71 54 38 23 15 23 38 54 71 88 70 52 35 18 0 18 35 52 70 87 71 54 38 23 15 23 38 54 71 88 75 60 45 33 29 33 45 59 75 91 82 67 55 46 43 46 55 67 81 96 90 77 67 59 57 59 66 77 89 103 99 88 79 73 71 73 78 87 99 111
77 75 72 94 75 22 64 45 76 46 77 13 67 55 41 23 26 21 13 78 79 72 10 66 67 17 60 36 41 44 74 12 57 9 55 17 25 23 43 77 104 90 77 66 59 56 59 66 76 89 97 82 67 55 46 42 46 55 67 81 91 75 60 45 33 28 33 45 59 75 88 71 54 38 23 14 23 38 54 71 87 70 52 35 18 0 18 35 52 70 88 71 54 38 23 14 23 38 54 71 91 75 60 45 33 28 33 45 59 75 97 82 67 55 46 42 46 55 67 81 104 90 77 66 59 56 59 66 76 89 112 99 88 79 73 70 72 78 87 98
93 84 87 110 60 15 57 28 88 39 60 12 69 40 56 36 43 38 30 66 96 80 26 82 51 7 55 18 58 42 57 8 59 23 70 32 42 10 34 65 119 104 90 77 66 59 56 59 66 76 113 97 81 67 55 46 42 46 54 67 108 91 75 59 45 33 28 33 45 59 105 88 71 54 38 23 14 23 38 54 104 87 70 52 35 18 0 18 35 52 105 88 71 54 38 23 14 23 38 54 108 91 75 59 45 33 28 33 45 59 113 97 81 67 55 46 42 46 54 67 119 104 90 77 66 59 56 59 66 76 126 112 99 88 78 72 70 72 78 87
110 96 103 126 46 25 56 11 102 38 43 28 75 27 72 52 60 55 47 57 113 91 43 99 36 21 55 1 75 47 41 25 66 39 86 48 59 17 33 55 134 118 104 89 77 66 59 56 58 65 129 112 97 81 67 55 46 42 45 54 125 108 91 75 59 45 33 28 33 45 122 105 88 71 54 38 23 14 23 38 122 104 87 70 52 35 18 0 18 35 122 105 88 71 54 38 23 14 23 38 125 108 91 75 59 45 33 28 33 45 129 112 97 81 67 55 46 42 45 54 134 118 104 89 77 66 59 56 58 65 140 126 112 99 87 78 72 70 72 77
127 109 119 142 36 40 60 9 117 45 26 44 84 22 89 68 77 72 64 53 130 104 60 116 24 38 60 17 92 57 25 42 76 56 102 65 76 33 40 49 150 134 118 103 89 76 66 58 55 58 145 129 112 97 81 67 54 45 42 45 142 125 108 91 75 59 45 33 28 33 140 122 105 88 71 54 38 23 14 23 139 122 104 87 70 52 35 18 0 18 140 122 105 88 71 54 38 23 14 23 142 125 108 91 75 59 45 33 28 33 145 129 112 97 81 67 54 45 42 45 150 134 118 103 89 76 66 58 55 58 156 140 126 112 99 87 78 72 69 71
144 123 136 159 33 57 68 26 133 57 12 61 96 29 105 85 95 90 81 54 147 118 77 133 22 55 70 35 109 70 13 59 89 73 119 82 94 50 52 50 166 150 134 118 103 89 76 65 58 55 162 145 129 112 96 81 67 54 45 42 159 142 125 108 91 75 59 45 33 28 157 140 122 105 88 71 54 38 23 14 156 139 122 104 87 70 52 35 18 0 157 140 122 105 88 71 54 38 23 14 159 142 125 108 91 75 59 45 33 28 162 145 129 112 96 81 67 54 45 42 166 150 134 118 103 89 76 65 58 55 171 155 140 125 111 98 87 77 71 69
19 74 34 29 161 106 136 132 56 125 163 96 103 137 55 80 63 68 76 158 16 79 82 28 155 104 131 123 48 115 160 98 97 84 45 81 66 110 116 159 72 74 80 88 99 112 126 140 156 171 58 60 67 77 90 104 119 134 150 166 43 47 55 68 82 97 113 129 145 162 29 34 45 60 75 91 108 125 142 159 15 23 38 54 71 88 105 122 140 157 0 18 35 52 70 87 104 122 139 156 15 23 38 54 71 88 105 122 140 157 29 34 45 60 75 91 108 125 142 159 43 47 55 68 82 97 113 129 145 162 58 60 67 77 90 104 119 134 150 166
12 63 24 32 145 90 122 114 46 109 146 79 88 120 38 65 46 51 59 143 12 67 66 13 138 87 117 106 31 100 143 81 82 67 30 65 49 93 99 144 74 72 73 79 88 99 112 126 140 155 60 57 60 67 77 90 104 118 134 150 47 43 46 55 67 82 97 112 129 145 34 29 34 45 60 75 91 108 125 142 23 15 23 38 54 71 88 105 122 140 18 0 18 35 52 70 87 104 122 139 23 15 23 38 54 71 88 105 122 140 34 29 34 45 60 75 91 108 125 142 47 43 46 55 67 82 97 112 129 145 60 57 60 67 77 90 104 118 134 150
24 55 24 43 128 73 108 97 43 94 129 62 75 103 22 51 30 35 42 128 26 58 49 14 121 71 103 89 15 86 125 64 68 50 18 49 34 76 82 128 80 73 71 73 79 88 99 112 126 140 67 60 57 60 67 77 90 104 118 134 55 46 43 46 55 67 81 97 112 129 45 34 29 34 45 60 75 91 108 125 38 23 15 23 38 54 71 88 105 122 35 18 0 18 35 52 70 87 104 122 38 23 15 23 38 54 71 88 105 122 45 34 29 34 45 60 75 91 108 125 55 46 43 46 55 67 81 97 112 129 67 60 57 60 67 77 90 104 118 134
40 52 35 57 112 58 95 80 45 80 112 44 64 86 11 39 16 20 26 113 42 53 34 29 105 54 91 72 9 74 108 47 55 32 20 36 21 60 66 113 88 79 73 71 73 79 88 99 112 125 77 67 60 57 59 66 77 89 103 118 68 55 46 43 46 55 67 81 97 112 60 45 34 29 33 45 59 75 91 108 54 38 23 15 23 38 54 71 88 105 52 35 18 0 18 35 52 70 87 104 54 38 23 15 23 38 54 71 88 105 60 45 34 29 33 45 59 75 91 108 68 55 46 43 46 55 67 81 97 112 77 67 60 57 59 66 77 89 103 118
56 55 50 73 97 44 85 63 54 68 94 27 56 68 19 33 15 13 12 100 59 53 23 45 88 39 81 55 24 64 91 30 46 16 33 28 20 44 49 99 99 88 79 73 71 73 78 87 99 111 90 77 67 59 57 59 66 77 89 103 82 67 55 46 43 46 55 67 81 96 75 60 45 33 29 33 45 59 75 91 71 54 38 23 15 23 38 54 71 88 70 52 35 18 0 18 35 52 70 87 71 54 38 23 15 23 38 54 71 88 75 60 45 33 29 33 45 59 75 91 82 67 55 46 43 46 55 67 81 96 90 77 67 59 57 59 66 77 89 103
73 63 66 89 82 33 76 46 66 58 77 11 53 51 35 35 28 24 15 88 76 59 22 62 73 25 73 38 41 57 73 15 43 7 49 29 30 31 34 87 112 99 88 79 73 70 72 78 87 98 104 90 77 66 59 56 59 66 76 89 97 82 67 55 46 42 46 55 67 81 91 75 60 45 33 28 33 45 59 75 88 71 54 38 23 14 23 38 54 71 87 70 52 35 18 0 18 35 52 70 88 71 54 38 23 14 23 38 54 71 91 75 60 45 33 28 33 45 59 75 97 82 67 55 46 42 46 55 67 81 104 90 77 66 59 56 59 66 76 89
90 74 82 105 68 29 71 29 80 52 60 11 56 34 52 45 45 40 31 77 93 69 33 79 58 20 68 23 58 56 56 12 46 22 65 39 45 23 21 76 126 112 99 88 78 72 70 72 78 87 119 104 90 77 66 59 56 59 66 76 113 97 81 67 55 46 42 46 54 67 108 91 75 59 45 33 28 33 45 59 105 88 71 54 38 23 14 23 38 54 104 87 70 52 35 18 0 18 35 52 105 88 71 54 38 23 14 23 38 54 108 91 75 59 45 33 28 33 45 59 113 97 81 67 55 46 42 46 54 67 119 104 90 77 66 59 56 59 66 76
108 87 99 122 57 35 70 14 95 52 43 27 63 18 69 58 61 56 47 70 111 82 47 96 45 28 68 14 75 60 39 26 55 39 82 53 62 27 19 67 140 126 112 99 87 78 72 70 72 77 134 118 104 89 77 66 59 56 58 65 129 112 97 81 67 55 46 42 45 54 125 108 91 75 59 45 33 28 33 45 122 105 88 71 54 38 23 14 23 38 122 104 87 70 52 35 18 0 18 35 122 105 88 71 54 38 23 14 23 38 125 108 91 75 59 45 33 28 33 45 129 112 97 81 67 55 46 42 45 54 134 118 104 89 77 66 59 56 58 65
125 101 116 139 49 47 73 13 111 57 25 44 74 8 86 73 78 73 65 67 128 96 63 114 37 42 73 22 92 68 22 42 67 56 99 69 78 39 30 63 156 140 126 112 99 87 78 72 69 71 150 134 118 103 89 76 66 58 55 58 145 129 112 97 81 67 54 45 42 45 142 125 108 91 75 59 45 33 28 33 140 122 105 88 71 54 38 23 14 23 139 122 104 87 70 52 35 18 0 18 140 122 105 88 71 54 38 23 14 23 142 125 108 91 75 59 45 33 28 33 145 129 112 97 81 67 54 45 42 45 150 134 118 103 89 76 66 58 55 58
142 117 133 156 47 62 80 27 127 67 9 61 87 21 103 89 96 91 82 68 145 110 80 131 35 58 81 37 109 79 4 59 81 73 116 85 95 54 45 63 171 155 140 125 111 98 87 77 71 69 166 150 134 118 103 89 76 65 58 55 162 145 129 112 96 81 67 54 45 42 159 142 125 108 91 75 59 45 33 28 157 140 122 105 88 71 54 38 23 14 156 139 122 104 87 70 52 35 18 0 157 140 122 105 88 71 54 38 23 14 159 142 125 108 91 75 59 45 33 28 162 145 129 112 96 81 67 54 45 42 166 150 134 118 103 89 76 65 58 55
15 64 27 15 166 111 144 133 46 131 164 98 96 137 54 87 67 72 79 165 13 70 87 27 158 108 139 125 52 122 161 101 92 86 42 86 71 114 115 165 86 88 93 100 110 122 134 148 162 177 72 74 80 88 99 112 126 140 156 171 58 60 67 77 90 104 119 134 150 166 43 47 55 68 82 97 113 129 145 162 29 34 45 60 75 91 108 125 142 159 15 23 38 54 71 88 105 122 140 157 0 18 35 52 70 87 104 122 139 156 15 23 38 54 71 88 105 122 140 157 29 34 45 60 75 91 108 125 142 159 43 47 55 68 82 97 113 129 145 162
4 51 11 21 150 95 130 116 34 117 147 81 81 120 37 73 52 56 63 150 7 56 71 10 142 92 126 109 37 108 143 84 76 69 25 72 56 97 98 150 88 86 87 92 100 110 121 134 148 162 74 72 73 79 88 99 112 126 140 155 60 57 60 67 77 90 104 118 134 150 47 43 46 55 67 82 97 112 129 145 34 29 34 45 60 75 91 108 125 142 23 15 23 38 54 71 88 105 122 140 18 0 18 35 52 70 87 104 122 139 23 15 23 38 54 71 88 105 122 140 34 29 34 45 60 75 91 108 125 142 47 43 46 55 67 82 97 112 129 145
21 42 13 35 134 80 118 99 28 103 130 64 66 103 20 61 38 42 47 136 24 45 57 10 126 76 113 92 25 96 126 68 60 53 8 58 43 82 81 136 93 87 85 87 92 99 109 121 134 148 80 73 71 73 79 88 99 112 126 140 67 60 57 60 67 77 90 104 118 134 55 46 43 46 55 67 81 97 112 129 45 34 29 34 45 60 75 91 108 125 38 23 15 23 38 54 71 88 105 122 35 18 0 18 35 52 70 87 104 122 38 23 15 23 38 54 71 88 105 122 45 34 29 34 45 60 75 91 108 125 55 46 43 46 55 67 81 97 112 129
38 38 29 51 119 66 106 83 33 90 113 48 53 85 5 51 28 31 34 122 41 39 44 27 110 61 102 76 22 85 109 52 45 38 11 48 34 67 63 122 100 92 87 85 87 91 99 109 121 134 88 79 73 71 73 79 88 99 112 125 77 67 60 57 59 66 77 89 103 118 68 55 46 43 46 55 67 81 97 112 60 45 34 29 33 45 59 75 91 108 54 38 23 15 23 38 54 71 88 105 52 35 18 0 18 35 52 70 87 104 54 38 23 15 23 38 54 71 88 105 60 45 34 29 33 45 59 75 91 108 68 55 46 43 46 55 67 81 97 112
55 42 45 68 104 54 96 66 44 79 96 33 43 68 17 47 28 27 25 110 58 40 36 44 95 47 93 60 31 76 92 37 34 25 29 42 33 53 46 109 110 100 92 87 85 86 91 99 109 120 99 88 79 73 71 73 78 87 99 111 90 77 67 59 57 59 66 77 89 103 82 67 55 46 43 46 55 67 81 96 75 60 45 33 29 33 45 59 75 91 71 54 38 23 15 23 38 54 71 88 70 52 35 18 0 18 35 52 70 87 71 54 38 23 15 23 38 54 71 88 75 60 45 33 29 33 45 59 75 91 82 67 55 46 43 46 55 67 81 96
72 52 63 85 91 46 89 51 58 71 79 22 39 51 34 48 37 34 27 99 76 48 36 62 80 37 86 45 45 71 75 26 29 21 46 43 40 42 29 97 122 110 99 91 86 84 86 91 98 108 112 99 88 79 73 70 72 78 87 98 104 90 77 66 59 56 59 66 76 89 97 82 67 55 46 42 46 55 67 81 91 75 60 45 33 28 33 45 59 75 88 71 54 38 23 14 23 38 54 71 87 70 52 35 18 0 18 35 52 70 88 71 54 38 23 14 23 38 54 71 91 75 60 45 33 28 33 45 59 75 97 82 67 55 46 42 46 55 67 81
90 65 80 102 79 43 84 36 74 66 62 22 43 34 51 55 50 46 38 90 93 59 43 79 67 34 82 34 61 70 58 24 33 29 63 50 53 37 12 87 134 121 109 99 91 86 84 85 90 98 126 112 99 88 78 72 70 72 78 87 119 104 90 77 66 59 56 59 66 76 113 97 81 67 55 46 42 46 54 67 108 91 75 59 45 33 28 33 45 59 105 88 71 54 38 23 14 23 38 54 104 87 70 52 35 18 0 18 35 52 105 88 71 54 38 23 14 23 38 54 108 91 75 59 45 33 28 33 45 59 113 97 81 67 55 46 42 46 54 67
107 80 97 119 69 47 83 26 90 66 46 33 52 17 68 67 66 61 52 83 110 74 55 96 57 39 82 28 77 73 42 33 45 43 80 62 67 40 8 80 148 134 121 109 99 91 85 83 85 90 140 126 112 99 87 78 72 70 72 77 134 118 104 89 77 66 59 56 58 65 129 112 97 81 67 55 46 42 45 54 125 108 91 75 59 45 33 28 33 45 122 105 88 71 54 38 23 14 23 38 122 104 87 70 52 35 18 0 18 35 122 105 88 71 54 38 23 14 23 38 125 108 91 75 59 45 33 28 33 45 129 112 97 81 67 55 46 42 45 54
124 95 114 137 62 57 86 25 107 70 31 48 65 7 85 80 82 77 68 80 128 89 69 113 50 50 86 33 94 79 26 47 59 59 98 75 83 49 25 76 162 148 134 121 109 98 90 85 83 85 156 140 126 112 99 87 78 72 69 71 150 134 118 103 89 76 66 58 55 58 145 129 112 97 81 67 54 45 42 45 142 125 108 91 75 59 45 33 28 33 140 122 105 88 71 54 38 23 14 23 139 122 104 87 70 52 35 18 0 18 140 122 105 88 71 54 38 23 14 23 142 125 108 91 75 59 45 33 28 33 145 129 112 97 81 67 54 45 42 45
142 111 131 154 60 69 92 35 124 78 20 64 79 21 103 95 98 93 84 81 145 105 84 131 49 64 92 44 111 89 16 63 75 76 115 90 99 62 42 77 177 162 148 134 120 108 98 90 85 83 171 155 140 125 111 98 87 77 71 69 166 150 134 118 103 89 76 65 58 55 162 145 129 112 96 81 67 54 45 42 159 142 125 108 91 75 59 45 33 28 157 140 122 105 88 71 54 38 23 14 156 139 122 104 87 70 52 35 18 0 157 140 122 105 88 71 54 38 23 14 159 142 125 108 91 75 59 45 33 28 162 145 129 112 96 81 67 54 45 42
23 57 26 3 171 117 153 137 39 139 167 102 91 139 57 95 74 79 85 172 22 64 93 32 163 113 148 129 59 131 163 105 89 91 43 94 78 119 116 172 100 102 106 112 121 132 144 156 170 184 86 88 93 100 110 122 134 148 162 177 72 74 80 88 99 112 126 140 156 171 58 60 67 77 90 104 119 134 150 166 43 47 55 68 82 97 113 129 145 162 29 34 45 60 75 91 108 125 142 159 15 23 38 54 71 88 105 122 140 157 0 18 35 52 70 87 104 122 139 156 15 23 38 54 71 88 105 122 140 157 29 34 45 60 75 91 108 125 142 159
18 42 10 15 156 102 140 120 23 125 150 86 75 122 41 83 60 64 70 158 19 48 79 21 147 98 135 113 46 118 146 89 71 75 27 81 65 103 98 158 102 100 101 105 112 121 131 143 156 170 88 86 87 92 100 110 121 134 148 162 74 72 73 79 88 99 112 126 140 155 60 57 60 67 77 90 104 118 134 150 47 43 46 55 67 82 97 112 129 145 34 29 34 45 60 75 91 108 125 142 23 15 23 38 54 71 88 105 122 140 18 0 18 35 52 70 87 104 122 139 23 15 23 38 54 71 88 105 122 140 34 29 34 45 60 75 91 108 125 142
27 30 12 32 141 88 128 104 14 112 133 70 59 105 27 72 49 52 56 144 30 34 66 21 132 83 124 97 38 106 129 74 55 60 14 69 55 89 81 144 106 101 99 101 105 112 121 131 143 156 93 87 85 87 92 99 109 121 134 148 80 73 71 73 79 88 99 112 126 140 67 60 57 60 67 77 90 104 118 134 55 46 43 46 55 67 81 97 112 129 45 34 29 34 45 60 75 91 108 125 38 23 15 23 38 54 71 88 105 122 35 18 0 18 35 52 70 87 104 122 38 23 15 23 38 54 71 88 105 122 45 34 29 34 45 60 75 91 108 125
41 24 28 49 126 76 117 88 22 101 116 55 44 88 19 64 42 44 45 132 45 25 56 33 117 70 113 82 36 97 112 59 38 47 16 60 48 75 64 131 112 105 101 99 100 105 111 120 131 143 100 92 87 85 87 91 99 109 121 134 88 79 73 71 73 79 88 99 112 125 77 67 60 57 59 66 77 89 103 118 68 55 46 43 46 55 67 81 97 112 60 45 34 29 33 45 59 75 91 108 54 38 23 15 23 38 54 71 88 105 52 35 18 0 18 35 52 70 87 104 54 38 23 15 23 38 54 71 88 105 60 45 34 29 33 45 59 75 91 108
58 30 45 67 113 66 109 73 37 91 100 43 31 71 24 60 41 41 38 120 61 27 50 48 103 58 105 68 42 89 95 47 23 37 31 56 47 64 47 119 121 112 105 100 99 100 104 111 120 130 110 100 92 87 85 86 91 99 109 120 99 88 79 73 71 73 78 87 99 111 90 77 67 59 57 59 66 77 89 103 82 67 55 46 43 46 55 67 81 96 75 60 45 33 29 33 45 59 75 91 71 54 38 23 15 23 38 54 71 88 70 52 35 18 0 18 35 52 70 87 71 54 38 23 15 23 38 54 71 88 75 60 45 33 29 33 45 59 75 91
74 43 62 84 100 59 102 58 53 84 84 35 25 55 38 62 48 46 40 110 78 37 49 64 89 50 99 55 53 85 79 39 15 35 47 56 52 55 30 108 132 121 112 105 100 98 99 104 110 119 122 110 99 91 86 84 86 91 98 108 112 99 88 79 73 70 72 78 87 98 104 90 77 66 59 56 59 66 76 89 97 82 67 55 46 42 46 55 67 81 91 75 60 45 33 28 33 45 59 75 88 71 54 38 23 14 23 38 54 71 87 70 52 35 18 0 18 35 52 70 88 71 54 38 23 14 23 38 54 71 91 75 60 45 33 28 33 45 59 75
91 58 80 101 90 57 98 47 70 80 68 35 30 39 54 67 59 55 48 102 95 52 55 81 78 48 96 46 67 84 63 38 23 40 64 62 62 51 15 100 144 131 121 111 104 99 98 99 103 110 134 121 109 99 91 86 84 85 90 98 126 112 99 88 78 72 70 72 78 87 119 104 90 77 66 59 56 59 66 76 113 97 81 67 55 46 42 46 54 67 108 91 75 59 45 33 28 33 45 59 105 88 71 54 38 23 14 23 38 54 104 87 70 52 35 18 0 18 35 52 105 88 71 54 38 23 14 23 38 54 108 91 75 59 45 33 28 33 45 59
108 74 97 119 81 60 97 39 87 80 53 43 43 26 70 77 72 68 60 97 112 68 64 98 69 52 96 42 82 86 49 44 38 51 81 71 75 53 13 93 156 143 131 120 111 104 99 97 99 103 148 134 121 109 99 91 85 83 85 90 140 126 112 99 87 78 72 70 72 77 134 118 104 89 77 66 59 56 58 65 129 112 97 81 67 55 46 42 45 54 125 108 91 75 59 45 33 28 33 45 122 105 88 71 54 38 23 14 23 38 122 104 87 70 52 35 18 0 18 35 122 105 88 71 54 38 23 14 23 38 125 108 91 75 59 45 33 28 33 45
125 91 114 136 76 68 99 38 104 83 41 55 57 21 87 89 87 83 74 94 129 84 77 115 63 60 99 45 98 92 36 55 54 65 98 84 89 60 26 90 170 156 143 131 120 110 103 99 97 98 162 148 134 121 109 98 90 85 83 85 156 140 126 112 99 87 78 72 69 71 150 134 118 103 89 76 66 58 55 58 145 129 112 97 81 67 54 45 42 45 142 125 108 91 75 59 45 33 28 33 140 122 105 88 71 54 38 23 14 23 139 122 104 87 70 52 35 18 0 18 140 122 105 88 71 54 38 23 14 23 142 125 108 91 75 59 45 33 28 33
143 107 131 153 74 78 104 45 121 90 34 69 73 28 104 102 103 98 89 95 146 101 91 132 62 72 105 54 115 100 30 69 71 80 115 97 104 71 43 90 184 170 156 143 130 119 110 103 98 96 177 162 148 134 120 108 98 90 85 83 171 155 140 125 111 98 87 77 71 69 166 150 134 118 103 89 76 65 58 55 162 145 129 112 96 81 67 54 45 42 159 142 125 108 91 75 59 45 33 28 157 140 122 105 88 71 54 38 23 14 156 139 122 104 87 70 52 35 18 0 157 140 122 105 88 71 54 38 23 14 159 142 125 108 91 75 59 45 33 28
35 53 33 15 178 125 162 141 36 148 170 107 88 141 63 105 83 87 92 180 35 60 102 42 169 120 158 135 69 140 166 111 87 97 49 103 88 126 118 180 115 116 119 125 133 143 154 166 179 192 100 102 106 112 121 132 144 156 170 184 86 88 93 100 110 122 134 148 162 177 72 74 80 88 99 112 126 140 156 171 58 60 67 77 90 104 119 134 150 166 43 47 55 68 82 97 113 129 145 162 29 34 45 60 75 91 108 125 142 159 15 23 38 54 71 88 105 122 140 157 0 18 35 52 70 87 104 122 139 156 15 23 38 54 71 88 105 122 140 157
32 36 22 21 163 111 150 125 19 135 153 92 71 125 49 94 71 74 78 167 33 43 89 34 154 105 146 119 58 128 149 96 70 82 36 91 76 111 101 166 116 114 115 119 125 133 142 153 165 178 102 100 101 105 112 121 131 143 156 170 88 86 87 92 100 110 121 134 148 162 74 72 73 79 88 99 112 126 140 155 60 57 60 67 77 90 104 118 134 150 47 43 46 55 67 82 97 112 129 145 34 29 34 45 60 75 91 108 125 142 23 15 23 38 54 71 88 105 122 140 18 0 18 35 52 70 87 104 122 139 23 15 23 38 54 71 88 105 122 140
37 20 23 35 149 98 139 110 2 123 137 78 54 108 38 84 61 64 66 154 40 26 77 34 139 92 135 104 51 118 133 82 53 69 27 81 67 98 84 153 119 115 114 115 118 124 132 142 153 165 106 101 99 101 105 112 121 131 143 156 93 87 85 87 92 99 109 121 134 148 80 73 71 73 79 88 99 112 126 140 67 60 57 60 67 77 90 104 118 134 55 46 43 46 55 67 81 97 112 129 45 34 29 34 45 60 75 91 108 125 38 23 15 23 38 54 71 88 105 122 35 18 0 18 35 52 70 87 104 122 38 23 15 23 38 54 71 88 105 122
49 10 34 51 135 87 129 95 17 112 121 65 37 92 33 78 56 57 57 142 52 12 69 42 125 80 126 90 50 109 116 69 35 58 28 73 62 85 68 141 125 119 115 113 114 118 124 132 141 152 112 105 101 99 100 105 111 120 131 143 100 92 87 85 87 91 99 109 121 134 88 79 73 71 73 79 88 99 112 125 77 67 60 57 59 66 77 89 103 118 68 55 46 43 46 55 67 81 97 112 60 45 34 29 33 45 59 75 91 108 54 38 23 15 23 38 54 71 88 105 52 35 18 0 18 35 52 70 87 104 54 38 23 15 23 38 54 71 88 105
63 21 49 68 122 78 121 81 34 103 105 55 22 76 36 74 55 55 52 131 67 15 64 55 112 70 118 77 54 102 100 59 18 50 38 70 61 75 52 130 133 125 118 114 113 114 117 123 131 141 121 112 105 100 99 100 104 111 120 130 110 100 92 87 85 86 91 99 109 120 99 88 79 73 71 73 78 87 99 111 90 77 67 59 57 59 66 77 89 103 82 67 55 46 43 46 55 67 81 96 75 60 45 33 29 33 45 59 75 91 71 54 38 23 15 23 38 54 71 88 70 52 35 18 0 18 35 52 70 87 71 54 38 23 15 23 38 54 71 88
79 37 65 85 111 73 115 68 51 97 90 49 12 61 46 75 60 58 53 122 82 30 63 69 100 64 113 66 63 98 85 53 1 48 52 70 65 68 37 120 143 133 124 118 114 112 113 117 123 131 132 121 112 105 100 98 99 104 110 119 122 110 99 91 86 84 86 91 98 108 112 99 88 79 73 70 72 78 87 98 104 90 77 66 59 56 59 66 76 89 97 82 67 55 46 42 46 55 67 81 91 75 60 45 33 28 33 45 59 75 88 71 54 38 23 14 23 38 54 71 87 70 52 35 18 0 18 35 52 70 88 71 54 38 23 14 23 38 54 71
95 54 82 102 101 71 112 58 69 94 76 49 20 48 60 80 69 66 59 115 98 47 67 85 89 62 110 59 75 97 71 52 17 52 68 75 73 65 27 112 154 142 132 124 117 113 112 113 116 122 144 131 121 111 104 99 98 99 103 110 134 121 109 99 91 86 84 85 90 98 126 112 99 88 78 72 70 72 78 87 119 104 90 77 66 59 56 59 66 76 113 97 81 67 55 46 42 46 54 67 108 91 75 59 45 33 28 33 45 59 105 88 71 54 38 23 14 23 38 54 104 87 70 52 35 18 0 18 35 52 105 88 71 54 38 23 14 23 38 54
111 71 99 119 94 73 111 52 86 93 63 54 36 38 75 88 81 77 69 110 115 64 75 101 81 65 110 56 89 99 58 56 35 61 84 83 84 66 25 107 166 153 142 132 123 117 113 111 112 116 156 143 131 120 111 104 99 97 99 103 148 134 121 109 99 91 85 83 85 90 140 126 112 99 87 78 72 70 72 77 134 118 104 89 77 66 59 56 58 65 129 112 97 81 67 55 46 42 45 54 125 108 91 75 59 45 33 28 33 45 122 105 88 71 54 38 23 14 23 38 122 104 87 70 52 35 18 0 18 35 122 105 88 71 54 38 23 14 23 38
128 88 116 137 89 80 113 52 103 96 53 64 53 34 91 99 94 90 82 108 131 81 86 118 77 72 112 58 104 104 48 66 52 73 101 93 97 72 34 104 179 165 153 141 131 123 116 112 110 112 170 156 143 131 120 110 103 99 97 98 162 148 134 121 109 98 90 85 83 85 156 140 126 112 99 87 78 72 69 71 150 134 118 103 89 76 66 58 55 58 145 129 112 97 81 67 54 45 42 45 142 125 108 91 75 59 45 33 28 33 140 122 105 88 71 54 38 23 14 23 139 122 104 87 70 52 35 18 0 18 140 122 105 88 71 54 38 23 14 23
145 105 133 154 88 89 117 57 121 102 47 77 70 39 107 111 109 105 96 108 148 98 99 134 76 82 117 65 119 112 43 78 69 87 118 106 111 81 48 104 192 178 165 152 141 131 122 116 112 110 184 170 156 143 130 119 110 103 98 96 177 162 148 134 120 108 98 90 85 83 171 155 140 125 111 98 87 77 71 69 166 150 134 118 103 89 76 65 58 55 162 145 129 112 96 81 67 54 45 42 159 142 125 108 91 75 59 45 33 28 157 140 122 105 88 71 54 38 23 14 156 139 122 104 87 70 52 35 18 0 157 140 122 105 88 71 54 38 23 14
48 52 43 29 185 133 172 147 39 157 174 114 88 146 72 115 93 96 101 189 48 59 111 54 176 128 168 141 79 151 170 118 88 105 58 113 98 134 121 189 129 130 133 138 145 154 164 176 188 201 115 116 119 125 133 143 154 166 179 192 100 102 106 112 121 132 144 156 170 184 86 88 93 100 110 122 134 148 162 177 72 74 80 88 99 112 126 140 156 171 58 60 67 77 90 104 119 134 150 166 43 47 55 68 82 97 113 129 145 162 29 34 45 60 75 91 108 125 142 159 15 23 38 54 71 88 105 122 140 157 0 18 35 52 70 87 104 122 139 156
46 35 36 32 171 120 161 132 24 145 158 100 70 129 60 105 82 85 88 176 47 42 99 48 161 114 157 126 70 139 154 104 71 91 47 102 88 120 105 176 130 128 129 132 138 145 154 164 175 187 116 114 115 119 125 133 142 153 165 178 102 100 101 105 112 121 131 143 156 170 88 86 87 92 100 110 121 134 148 162 74 72 73 79 88 99 112 126 140 155 60 57 60 67 77 90 104 118 134 150 47 43 46 55 67 82 97 112 129 145 34 29 34 45 60 75 91 108 125 142 23 15 23 38 54 71 88 105 122 140 18 0 18 35 52 70 87 104 122 139
50 18 36 43 157 109 151 117 15 134 142 87 53 113 51 97 74 76 78 164 52 25 89 48 147 102 147 112 65 130 138 91 55 80 41 93 80 107 89 163 133 129 128 129 132 137 144 153 163 175 119 115 114 115 118 124 132 142 153 165 106 101 99 101 105 112 121 131 143 156 93 87 85 87 92 99 109 121 134 148 80 73 71 73 79 88 99 112 126 140 67 60 57 60 67 77 90 104 118 134 55 46 43 46 55 67 81 97 112 129 45 34 29 34 45 60 75 91 108 125 38 23 15 23 38 54 71 88 105 122 35 18 0 18 35 52 70 87 104 122
59 5 44 57 145 99 142 103 22 124 127 76 36 98 47 91 70 71 70 153 62 8 82 54 134 91 138 99 64 122 122 80 38 70 42 87 76 97 74 152 138 132 129 127 128 131 137 144 153 163 125 119 115 113 114 118 124 132 141 152 112 105 101 99 100 105 111 120 131 143 100 92 87 85 87 91 99 109 121 134 88 79 73 71 73 79 88 99 112 125 77 67 60 57 59 66 77 89 103 118 68 55 46 43 46 55 67 81 97 112 60 45 34 29 33 45 59 75 91 108 54 38 23 15 23 38 54 71 88 105 52 35 18 0 18 35 52 70 87 104
71 19 57 72 133 91 134 90 37 116 112 67 19 83 49 88 69 69 66 143 74 12 78 64 121 83 131 88 67 116 107 71 23 64 49 83 75 88 60 141 145 138 132 128 127 127 131 136 143 152 133 125 118 114 113 114 117 123 131 141 121 112 105 100 99 100 104 111 120 130 110 100 92 87 85 86 91 99 109 120 99 88 79 73 71 73 78 87 99 111 90 77 67 59 57 59 66 77 89 103 82 67 55 46 43 46 55 67 81 96 75 60 45 33 29 33 45 59 75 91 71 54 38 23 15 23 38 54 71 88 70 52 35 18 0 18 35 52 70 87
85 36 71 89 122 86 129 79 53 111 98 63 4 70 57 89 73 72 67 135 89 29 77 77 110 77 126 78 75 112 93 66 14 62 61 84 78 82 48 132 154 145 137 131 127 126 127 130 135 143 143 133 124 118 114 112 113 117 123 131 132 121 112 105 100 98 99 104 110 119 122 110 99 91 86 84 86 91 98 108 112 99 88 79 73 70 72 78 87 98 104 90 77 66 59 56 59 66 76 89 97 82 67 55 46 42 46 55 67 81 91 75 60 45 33 28 33 45 59 75 88 71 54 38 23 14 23 38 54 71 87 70 52 35 18 0 18 35 52 70
100 53 86 105 114 85 126 71 70 107 85 62 17 59 69 93 81 78 72 128 104 46 80 91 101 76 124 72 85 111 80 65 22 66 74 88 85 79 40 125 164 154 144 137 131 127 125 126 130 135 154 142 132 124 117 113 112 113 116 122 144 131 121 111 104 99 98 99 103 110 134 121 109 99 91 86 84 85 90 98 126 112 99 88 78 72 70 72 78 87 119 104 90 77 66 59 56 59 66 76 113 97 81 67 55 46 42 46 54 67 108 91 75 59 45 33 28 33 45 59 105 88 71 54 38 23 14 23 38 54 104 87 70 52 35 18 0 18 35 52
116 70 103 122 107 87 125 66 87 107 74 67 35 51 82 100 91 88 80 124 119 63 87 107 94 78 123 70 97 113 69 69 37 73 89 94 94 80 39 120 176 164 153 144 136 130 126 125 126 129 166 153 142 132 123 117 113 111 112 116 156 143 131 120 111 104 99 97 99 103 148 134 121 109 99 91 85 83 85 90 140 126 112 99 87 78 72 70 72 77 134 118 104 89 77 66 59 56 58 65 129 112 97 81 67 55 46 42 45 54 125 108 91 75 59 45 33 28 33 45 122 105 88 71 54 38 23 14 23 38 122 104 87 70 52 35 18 0 18 35
132 88 119 139 103 92 126 66 104 109 65 75 52 48 97 109 103 99 91 122 135 81 97 122 90 84 126 72 111 117 61 77 54 83 105 104 106 85 45 118 188 175 163 153 143 135 130 126 124 125 179 165 153 141 131 123 116 112 110 112 170 156 143 131 120 110 103 99 97 98 162 148 134 121 109 98 90 85 83 85 156 140 126 112 99 87 78 72 69 71 150 134 118 103 89 76 66 58 55 58 145 129 112 97 81 67 54 45 42 45 142 125 108 91 75 59 45 33 28 33 140 122 105 88 71 54 38 23 14 23 139 122 104 87 70 52 35 18 0 18
148 105 136 156 101 100 130 70 121 115 61 86 69 52 112 120 116 113 104 122 152 98 108 139 90 93 130 77 126 124 57 87 71 95 121 115 119 92 56 117 201 187 175 163 152 143 135 129 125 124 192 178 165 152 141 131 122 116 112 110 184 170 156 143 130 119 110 103 98 96 177 162 148 134 120 108 98 90 85 83 171 155 140 125 111 98 87 77 71 69 166 150 134 118 103 89 76 65 58 55 162 145 129 112 96 81 67 54 45 42 159 142 125 108 91 75 59 45 33 28 157 140 122 105 88 71 54 38 23 14 156 139 122 104 87 70 52 35 18 0
