0.0 27.652484887745093 23.0014989949123 56.19671698097572 32.789798888611074 16.371820444545996 25.270706871890344 21.915071236629753 28.6439436952387 72.77321558261039 32.76221953505037 30.530860630388922 29.330267628898536 51.29070873737077 40.70909980160677 34.41668256127943 37.245938441851344 58.785478686159735 54.742180076087855 52.40697983784236 5.7306609856735315 6.838101027088029 27.32794787256892 64.72890042515769 25.71437490776945 14.560864156573059 36.32507939822289 75.27957763517111 29.858252929537166 71.77972316692758 32.87152819508702 23.603123288406334 65.53354831391052 21.643031149077316 28.48827628898676 12.108148440281138 41.97175200439139 14.726118434745139 51.07559265910043 37.03451288101752 106.44905358657043 77.54220737400696 55.578707612999665 50.59641743610003 66.5267470796274 96.40091986583857 63.19228455038877 32.98844174350866 24.04276891609418 49.62577125051248 94.00429197445804 59.507383525218074 25.304233155972767 11.590231853681784 44.98017863961353 99.81200239851935 68.23790372382467 41.775822408961055 35.05508983600345 55.7434432120126 112.5609151401984 85.66825069903976 66.35449474049676 62.141523980707866 75.59761417772434
27.652484887745093 0.0 23.051018014284967 69.04223121128331 55.34812390801847 28.80658590826868 47.36024298839533 35.8521363915386 5.9879561998268995 86.09107765311495 15.95236052049869 28.885841377409584 47.04115974270771 54.41987470829668 59.91697364337566 35.02030396095681 49.50215170464049 77.87779061404031 72.997022631035 46.72129235357932 31.967309699831464 20.93914794385335 28.217439660199847 76.73304329746824 47.35565867631741 30.6089643524901 50.06694409016987 89.53725139214495 7.762118613510077 93.32155771990666 12.092212167336607 29.39149826642944 82.96944816438146 45.211043531479135 35.725773967238844 26.52874683644384 55.65892539130291 40.56117917442063 72.61517277252601 38.78335486176744 127.13638369338152 101.59270860254301 82.90498690090065 76.28981123341104 84.62726379460196 112.28876503023143 82.45524343964061 58.170229916956636 48.615760688058046 61.13932275726646 103.11461800226854 69.57652185402354 38.000081854740806 21.022985730636435 42.834233010271674 101.16988882270715 66.68783009474545 32.465989048694674 7.461078402171445 38.10706523461085 106.850153944676 74.9534033262571 47.052107403187506 34.707633475486915 50.89370984302113
23.0014989949123 23.051018014284967 0.0 46.002241649595945 36.372713985682516 35.82671962939036 29.023590666937174 14.929886495182236 18.897132650863718 63.04033899914201 37.40823917392622 8.041237541993004 25.995264930404613 32.816155865878365 38.56231628698155 50.25731269061702 26.60845816717868 55.871619161144764 50.81542454493759 65.79334053921943 28.6845633976779 20.773843979855386 5.724667538894429 53.69347374210786 28.67328869684852 35.45180450093812 27.412038282766414 66.50493831001238 18.509816412324618 72.06952954538274 34.54555242861281 6.627662219403244 60.39941115537359 28.557492433181373 12.696839230338659 31.562509435510893 32.82677457434066 27.61290131776243 51.890732927194726 53.69183897541104 105.1391486731373 81.85403883054028 68.8526711430262 71.94484371684275 89.47733966885399 89.3115628898199 60.42081224750327 41.46826069098799 46.72666843128305 71.00682535050825 80.54114767047054 46.63348618836196 16.041791764188684 27.10807287337957 60.06003354790087 81.14979607791219 47.667502690738004 18.813341287422226 28.81913247227755 60.84400193052597 90.94937296462008 62.79486677673302 44.82654644607114 49.70372583308829 72.9816317957152
56.19671698097572 69.04223121128331 46.002241649595945 0.0 30.66092880020654 72.55327300402388 33.88368529465512 35.310225865115164 64.7080042799452 17.12580706077519 82.63022767397449 41.556554344064956 27.146606121448595 23.35589435324258 20.154086218544286 90.47370631993029 19.85550733323781 18.959238616766786 14.948880265284751 108.05633287723835 59.201137704047696 59.43938455390983 41.17777791655358 8.559067621943747 33.03632921229835 70.46379939984459 20.075326783186863 20.50853963499089 64.03897261299448 35.35162949278742 80.25934508440973 39.71188536795322 17.910065865744883 38.17028457382984 33.31648307531629 68.29690156665721 14.281889491786595 45.66605364877182 25.086692427682525 93.21454797977681 62.61185181756987 49.90904810099607 58.79105224385335 82.56311653721107 112.12383442393319 43.436760906882874 21.819253337998752 38.21325259527327 69.56486736162009 103.02006652740704 38.20226206821488 7.256826045346488 32.260870750488046 66.5110486994603 101.0026186630378 51.36390001406876 34.93826568931667 46.88224825665238 74.63269123573924 106.47517366531393 73.64236023543509 63.087841191564756 70.22628124633896 90.98440434902635 118.40341834090205
32.789798888611074 55.34812390801847 36.372713985682516 30.66092880020654 0.0 47.72632863866268 8.01101230724936 21.516031286537913 53.34694422166172 44.409009989522 64.70061572880923 37.77328770833488 11.913125954699181 39.99581081990166 10.647004055313326 66.17402268656231 20.972017570184615 26.684380467382592 23.473117736595754 84.4921686101904 33.5310759588135 38.40684700336553 35.05733484087597 38.646063217453104 8.003289134228783 44.976873062057365 18.377825593023797 45.87631575415788 53.59482245124887 39.0368026062031 63.88405407603619 30.476198525222316 34.194970718993495 11.14722039718577 27.803359275041533 44.10217448849614 20.26061045704548 18.65244997506355 18.28621689423932 68.2456984543614 73.670904647818 46.248650809778475 35.28885822453568 52.4070570728789 81.50169354138625 65.03918986764997 30.864653149832986 8.367248979507794 39.77748537710081 74.09007542421824 68.02446650032226 36.69074528633347 21.446195569119503 44.36793421938901 76.62854322678646 81.35769768603492 57.61655209218217 49.14332555829622 62.492184223351174 88.2626025025809 101.02090493385859 82.90285027281357 77.04076773577165 85.97915540765399 106.03908899822544
16.371820444545996 28.80658590826868 35.82671962939036 72.55327300402388 47.72632863866268 0.0 40.77582215532636 38.11322242344511 32.767707134820014 89.05459860412779 24.964626272193218 43.85636425968588 45.591805597491394 66.77353484792195 56.4868120653567 18.45659710665394 53.58088721576825 74.25103004039369 70.47878329440648 36.76834306516831 14.195462160133198 15.140169525361685 41.08769924456022 81.09136939930083 41.344721423659145 3.2700114510680973 52.69578240833842 91.4693536834299 34.5331442746668 86.13412001991772 27.3849743713416 38.33718981664096 81.31194966687485 36.769833829284345 43.95798818590579 4.444119271467141 58.34049974609299 29.073996503146507 65.840987546831 20.775244673651304 120.8086143060594 90.2471112710475 63.94660604803271 49.280861288178706 56.23918283779716 112.25345059961336 78.54293605518274 46.17352088181838 22.13234852510511 35.24958533302437 110.37128853229062 75.85400602997437 41.481233377935645 9.077929697309898 28.965125339141064 115.48895102726344 83.06068421529439 53.43489722935351 34.7322724434535 44.183761544359044 126.76119396907842 98.0034080916341 74.40238636962427 62.141303488365565 67.69156154224676
25.270706871890344 47.36024298839533 29.023590666937174 33.88368529465512 8.01101230724936 40.77582215532636 0.0 14.552061614098397 45.47839219277206 49.225589176733926 56.78689829017845 31.36553846115901 8.463711841124933 38.20639789602764 15.761520742456984 59.2140676086287 19.31419589718491 33.5524494299682 29.70708507962246 77.4358722768478 26.678125564306328 30.591801059271397 28.381870152551016 42.32267746857153 0.9476071921683427 38.21026949504711 17.06913123245293 51.21407506166333 45.788800687189465 46.86503958990888 55.898011995822046 23.54015396588967 40.54291677272731 4.313458876114638 22.021361351658438 36.935843347279445 21.044319388431006 12.09221216733802 26.020209412306095 61.485257334787356 81.40935447199384 54.233074065291774 40.61762738680502 52.470744151813406 79.06572161280943 71.49176907956384 37.93078295103755 12.69908717283998 35.75808447609275 69.2160795362766 72.01903728483119 38.906528769386746 15.347444104365032 36.77254288803663 69.74055915018303 82.79181557860203 56.268491013370856 43.27376871881774 54.53359205016799 80.43645870384796 100.56941242335249 79.97452629416304 71.22076744809183 78.38128154245139 98.02860600839406
21.915071236629753 35.8521363915386 14.929886495182236 35.310225865115164 21.516031286537913 38.11322242344511 14.552061614098397 0.0 32.861654350594144 52.32196573973915 47.88526583786676 16.893289251931535 11.292485821277223 30.03482388335736 24.127487806943154 55.48538922967794 15.661301373197032 42.03175237945599 37.199515745948 72.81724864010766 26.16189420188623 24.216564170359415 13.835580035230194 43.68083525867679 14.061093362712954 36.474812066521594 15.262816702802212 55.281938860330854 32.834182269185526 57.6492732301153 46.0230470900765 9.013201066171428 47.39459696446017 15.162816267307974 8.64013046848278 33.71449279855179 21.09026924056962 17.484172051881977 37.18625545358666 58.40964742097834 91.28550087161562 66.97935743221765 55.08376331518953 63.06348108870229 85.5253139115242 77.44550471536114 46.60952716915237 27.238390048042962 41.306801004820336 71.17172032010315 72.48237790443629 37.88366234180309 3.3916129064762703 31.347864420415277 65.94489039544884 78.10731031122378 47.69117475080259 29.034159806907375 42.50123273540391 71.86490933664497 92.40632138235861 68.48524458038416 56.88866543062322 64.63128360209954 86.67685055065365
28.6439436952387 5.9879561998268995 18.897132650863718 64.7080042799452 53.34694422166172 32.767707134820014 45.47839219277206 32.861654350594144 0.0 81.64347811059393 21.90803177472723 23.773414840594363 44.154072434768096 49.04846953280381 56.96569108169186 40.66218725460641 45.49319838373237 74.60668889348015 69.60557282748029 52.70842919848258 33.60101934966 22.425805550347192 23.556739226225417 72.17302475650621 45.35830805733293 34.147561643494946 46.298002117506144 85.21328114667416 1.8897099882264843 90.50505133322753 17.879765365240942 25.484764940082012 79.28854513171194 43.819429208910286 31.526264053173144 29.908210150488475 51.719484346207814 40.095618870179315 70.01200671232168 44.41647824922818 123.9057067461474 99.50411843523845 82.72997647563453 78.626728497027 88.96521716838568 108.10157971113605 79.17133824571293 56.9653784490017 51.154786327378154 66.20705602133822 97.98202003798743 64.82125313287399 34.61152580806247 24.268597696689636 48.732085980202484 95.3746180937769 60.846285838033936 26.515601868677248 9.936684712325157 43.4655286650066 100.86379426809961 69.06197529804463 41.95761122445841 33.85497182940868 54.09907915960729
72.77321558261039 86.09107765311495 63.04033899914201 17.12580706077519 44.409009989522 89.05459860412779 49.225589176733926 52.32196573973915 81.64347811059393 0.0 99.75587336628332 58.234815171047174 43.46297613428802 36.887968692896884 33.91111516224782 107.16394778052691 36.97204684888925 22.02978753012407 22.06200205322604 124.90795736114822 75.40111415333757 76.33660626938558 58.08686967644531 9.682363142838959 48.471392590936254 86.81563432207292 37.05915014225433 4.364479542408433 80.90771583574802 31.396339622851936 97.37070148441119 56.808595256952586 14.682186326826287 53.52985932240544 50.37990691377788 84.87749344843834 31.23183274238927 61.28873197012553 32.3081578995107 109.79766563219795 49.83207707737562 46.802801821870275 65.51780907682904 93.75222156607363 125.22455623261874 27.016712709594643 21.2896434300974 50.70940792621225 84.16940162587656 118.28939627300822 24.28514066224398 17.73131065871527 49.33439390517262 83.3559667322811 117.71747398412745 45.41849570970417 42.1184230958639 62.28889380896912 91.5460208609145 123.59718642934891 71.75677002682907 69.5115254587341 83.12299841683911 106.68540727493759 135.08842269562786
32.76221953505037 15.95236052049869 37.40823917392622 82.63022767397449 64.70061572880923 24.964626272193218 56.78689829017845 47.88526583786676 21.90803177472723 99.75587336628332 0.0 44.140457703420104 58.42017039356172 69.77785105087226 71.0519432250866 22.2620995346679 62.795757049779134 89.33414643569283 84.76046816407866 31.002960646573484 34.780783192473145 26.417954600159366 42.96730971575158 90.66262524697224 57.014030838958114 27.947880187603086 62.93857270909261 102.9490013235645 23.591381615163872 103.64156459048142 4.712923485641209 43.12996984942023 95.18647057747425 53.74401895611887 49.64883680767057 25.268946497780323 68.71896752157068 47.42610027893864 82.78161525440326 25.858401671244653 138.0839443622962 110.20959333190957 87.29194283843151 74.0834810310279 75.83924509168662 125.31382515234911 93.8800931146599 65.71303627810988 47.09297757745627 50.12093459542073 117.94888816904209 83.89479301334282 50.59229839040049 21.809935937528802 28.046644048882182 117.01467799204919 82.58843686993988 48.41608631543541 16.193745524741818 23.98353278207784 122.65827044826949 90.33839291775288 60.59559269511144 39.717164651019935 43.334826376338896
30.530860630388922 28.885841377409584 8.041237541993004 41.556554344064956 37.77328770833488 43.85636425968588 31.36553846115901 16.893289251931535 23.773414840594363 58.234815171047174 44.140457703420104 0.0 26.24701041864951 25.63780691114444 37.698414666930546 58.14228258805945 23.518099978066182 53.72855439815414 48.51607533328053 73.31356648153664 36.11037520266907 28.774094042306405 3.4361123929735884 48.660685431949766 30.80166262388601 43.418785052011664 25.012390264429314 61.95837632269413 22.828417016586883 70.56936670572375 40.84889969771194 8.406792536144199 57.29897467974628 31.971519979548994 10.314934546541394 39.573828556861834 29.67464796078172 32.790188155187934 51.25987513102193 61.61624691391252 102.55436591691414 81.55075215245348 71.96113717337589 78.10914306313359 97.04856555365828 84.97027623074604 58.166689645107276 44.06354729798015 53.801906024803614 79.00955928351554 74.25330449301588 41.14174401438629 16.32735007843531 35.14784500248611 67.81599401101765 73.47320375700993 39.72983865487429 12.387901325004053 33.515842961884395 66.99264862758139 82.91097488849697 55.143642144804595 40.02793928948312 50.58135745222029 76.87349779045994
29.330267628898536 47.04115974270771 25.995264930404613 27.146606121448595 11.913125954699181 45.591805597491394 8.463711841124933 11.292485821277223 44.154072434768096 43.46297613428802 58.42017039356172 26.24701041864951 0.0 29.776570995601922 12.875827567551656 63.74421892444803 10.860595255400419 30.98884297228938 26.34029801694845 81.63331305237422 32.063540355471254 33.35043539569741 23.788499172029162 35.704561144452484 7.522838412240928 43.389702482799976 8.7066048145147 45.958654399572424 44.11463676675006 46.362178583052994 56.86341761249298 19.621196432938582 36.84780774682965 12.108216707907527 16.06620442866177 41.42504372032036 13.34661373022601 18.85066347172179 25.923075750294153 66.33801277518741 80.1289334960176 55.8843476172186 47.119908096119 60.92882958623386 87.17321787825831 67.41474907073905 35.558254779348665 19.46478711829913 43.45358162631958 76.10779814599714 65.29449153341534 31.39419780213197 10.132792778695968 40.18213690424104 74.30603990054243 74.67615920245214 47.8193977627046 37.305338385716304 53.772754834797865 82.37813710773209 92.10943364684222 71.88610690408565 65.16017332209654 75.62311308137159 97.91135531119384
51.29070873737077 54.41987470829668 32.816155865878365 23.35589435324258 39.99581081990166 66.77353484792195 38.20639789602764 30.03482388335736 49.04846953280381 36.887968692896884 69.77785105087226 25.63780691114444 29.776570995601922 0.0 33.03717916261624 82.69143626068839 19.15130907786752 41.26014865398165 36.38640963903577 98.60218017968661 56.01315673614134 51.82999180067516 27.09517274409808 27.39609138330078 37.2765349926362 65.61838171780346 21.680651610001952 41.12058496272043 47.87617884956761 58.327843389101794 66.44552526267984 28.58724253071564 41.26588962337526 41.41816813316514 22.84856897430949 62.333982907922554 20.75337480265489 46.59027233482993 44.11590745204542 85.9889193128394 85.5264623396902 72.25988147846496 74.31662129587885 90.65972065204552 115.36968714639234 63.76700250623393 44.75222227462228 48.3126308053801 71.13562608827411 100.90224184052244 49.19124594314165 19.272283848915396 26.793903344537707 58.8154373653178 92.71163989892503 48.739243551699914 18.098684455813082 25.97040315773173 58.44837247872793 92.48142297049986 62.71713232151257 43.25723373580325 46.94420667421465 70.22214391426634 100.26645070262131
40.70909980160677 59.91697364337566 38.56231628698155 20.154086218544286 10.647004055313326 56.4868120653567 15.761520742456984 24.127487806943154 56.96569108169186 33.91111516224782 71.0519432250866 37.698414666930546 12.875827567551656 33.03717916261624 0.0 74.89887353265512 15.857124814141052 18.29603524310798 14.033236460996156 93.06082163599707 42.43011207353689 45.47093847063293 35.704264671083536 28.011936980791916 15.14680585067382 53.96150804451811 13.500773939677547 35.61578484507029 56.868778120674875 33.546278970854125 69.63918803047332 32.02628748509614 24.841722744840258 19.956023798276807 27.4102462958981 52.569908973590366 12.283872832248086 27.804521258589677 13.561623481205379 77.22320933064864 67.27177077468777 43.85875079228102 41.4308288944153 62.48409260507467 92.12401835472795 55.768211722346095 22.82950327685043 18.086766353396897 50.27850565079249 84.40128707479067 57.389195841795704 26.512801797988665 22.520792170416513 52.022034387269784 85.44148058451634 71.24436649343335 49.687090215972866 47.50440117063547 66.62839744798352 94.9570038542646 91.96038059185152 76.28053451510907 74.6691153812981 87.90325441413808 110.78463782482831
34.41668256127943 35.02030396095681 50.25731269061702 90.47370631993029 66.17402268656231 18.45659710665394 59.2140676086287 55.48538922967794 40.66218725460641 107.16394778052691 22.2620995346679 58.14228258805945 63.74421892444803 82.69143626068839 74.89887353265512 0.0 71.13065980786614 92.70649188350136 88.90637496064063 18.36196793562778 32.64527221851397 31.352514058327277 55.91325978500496 98.9682375426699 59.76805862481943 21.252151528636734 70.46331951505654 109.6962445884953 42.54517836280666 104.43000628588632 26.782452008173017 54.15450314913064 99.73515809484331 55.2254799208303 60.29319348452025 22.360204087316237 76.20144837477574 47.52375868201799 84.25011842743912 3.7638146375939745 139.06296048431997 107.9487483843567 79.76312221038552 58.8742485523177 54.451783376763146 130.66575804196484 96.99899850986516 64.33437816553801 35.550806340523316 27.99372366867695 127.96772663235443 93.36715116903777 58.770444500290026 24.194208965677944 10.564502807166999 131.32076483905163 97.87149607144242 65.63043549605565 37.824809836837424 30.804484594041988 140.29149305980008 109.51242185588781 81.84759999624247 61.64316897626246 57.40664170120552
37.245938441851344 49.50215170464049 26.60845816717868 19.85550733323781 20.972017570184615 53.58088721576825 19.31419589718491 15.661301373197032 45.49319838373237 36.97204684888925 62.795757049779134 23.518099978066182 10.860595255400419 19.15130907786752 15.857124814141052 71.13065980786614 0.0 30.248446732679323 25.017837898943327 88.46596262134206 40.921336534292706 39.877266322008595 22.34545776787277 28.09005050499825 18.369448323733113 51.758534623266414 2.6118231201774122 40.17787602977434 45.00151176640673 47.26004924527234 60.51087770013582 20.115352772475198 33.94538509796829 22.892601909096243 14.001495382402831 49.22281955560872 6.246917187651368 29.077196303972066 28.964764544344174 74.0177150931156 79.07351780172328 59.07083441752235 55.86503018390054 71.74423721630501 97.81802189022793 62.79551742924532 34.65864147621227 29.223388524316672 53.86679898465866 85.6977141861388 56.84895591981008 22.27734781750548 12.474415096339134 47.008469532773184 81.60168964693696 64.17353168662783 37.075331899997444 32.027417954918555 55.42353259479274 86.67535767696047 81.25602470051845 61.936024774802185 58.85906777752382 74.0776459842867 99.52584834305573
58.785478686159735 77.87779061404031 55.871619161144764 18.959238616766786 26.684380467382592 74.25103004039369 33.5524494299682 42.03175237945599 74.60668889348015 22.02978753012407 89.33414643569283 53.72855439815414 30.98884297228938 41.26014865398165 18.29603524310798 92.70649188350136 30.248446732679323 0.0 5.255413349158342 110.96823113198624 60.08069674778148 63.732669578932565 52.29220646693515 21.671621422525384 33.072715402473804 71.58015375973136 28.765007039093863 21.712884838225325 74.36218144682765 17.328944470340325 87.85148370357973 49.24608545337962 8.222789397815339 37.48119629386975 43.83313280670919 70.47815106714674 24.279482991549102 45.23019907550378 10.652905335424093 94.86921381793066 49.30136665407235 31.08423500709121 43.55077821984601 72.26303762313105 104.60429548668978 38.426516623791116 4.57777569833389 30.98659643249534 65.53042472176848 100.11572427733361 46.135045721606936 25.822860319674856 40.00049217856866 70.2004289298263 103.20369497687844 66.22781440968812 53.88677945111442 61.77575768370497 84.40083598117874 113.24996966242772 90.82682093479221 82.04707676886014 87.22761405197862 104.30873856315847 128.63394444845989
54.742180076087855 72.997022631035 50.81542454493759 14.948880265284751 23.473117736595754 70.47878329440648 29.70708507962246 37.199515745948 69.60557282748029 22.06200205322604 84.76046816407866 48.51607533328053 26.34029801694845 36.38640963903577 14.033236460996156 88.90637496064063 25.017837898943327 5.255413349158342 0.0 107.08716603001918 56.379492490255004 59.427519977168224 47.13152494898886 19.398394983268574 29.138316345552486 67.91009942931609 23.592871688479256 22.7742263871654 69.32074993800346 22.537922250730336 83.15030933269907 44.187799088483196 10.836693168686706 33.806974915722684 38.67570592180824 66.59082480378385 19.0254593665078 41.64050584507103 10.85144317178524 91.19110982543081 54.32418782291497 35.87630947894137 44.92139553737373 71.71878392745245 103.26696545410398 41.78781257102859 9.657655109026251 28.89935567786842 63.02323895704907 97.48609117355599 46.32462937883359 22.12130146611057 35.03681389098112 66.03522040739033 99.44127914577774 64.42316835166405 49.7527080981859 56.52544537848466 79.4337878772401 108.71584063745706 88.08647474169086 77.78879544466045 82.08351136904207 99.09109676172605 123.67345935753686
52.40697983784236 46.72129235357932 65.79334053921943 108.05633287723835 84.4921686101904 36.76834306516831 77.4358722768478 72.81724864010766 52.70842919848258 124.90795736114822 31.002960646573484 73.31356648153664 81.63331305237422 98.60218017968661 93.06082163599707 18.36196793562778 88.46596262134206 110.96823113198624 107.08716603001918 0.0 50.963188763156914 48.62039997687905 71.51788811398043 116.48421564792127 77.96274543065631 39.61238012583932 87.9847575459335 127.57382961934935 54.463219315280966 122.79012430013412 35.52115308567725 70.46290957538999 117.90188022989817 73.49988540771385 76.83111410119356 40.501996383580426 93.77767977464616 65.83990839045435 102.5993700419644 16.951458540185655 157.4157930851843 126.11694511963385 97.08768907128803 73.08446131595748 60.42715613928058 148.7990204916337 115.28742747091927 82.6805106568595 52.685635893020894 33.321450968087966 145.12862377154883 110.5544725133407 76.0073629458341 41.55479425636645 8.446093999705939 146.77636327087004 112.68916066047342 79.05212094337901 46.84520788180241 23.12042296919872 153.57106156557094 121.32942774011346 90.84269544513866 64.64338166769403 49.99944470461255
5.7306609856735315 31.967309699831464 28.6845633976779 59.201137704047696 33.5310759588135 14.195462160133198 26.678125564306328 26.16189420188623 33.60101934966 75.40111415333757 34.780783192473145 36.11037520266907 32.063540355471254 56.01315673614134 42.43011207353689 32.64527221851397 40.921336534292706 60.08069674778148 56.379492490255004 50.963188763156914 0.0 11.188151886119579 32.85502263152013 67.76020451151088 27.28760231670284 11.532183035776667 39.721127569252246 77.65698907679524 34.93707569905363 72.03106781795516 35.609195116987024 28.914200040433297 67.21617873402005 22.60751886325674 33.38834973142044 10.803756391607363 45.16437763591591 14.879090690577543 51.66002087776257 34.814289853911696 106.72481036313631 76.6753270804903 52.562739794988396 45.1817733584967 60.948821730757516 98.16694377582235 64.35672038031532 32.274988149245736 18.341511830518257 45.011065825354265 97.28323938955059 63.01313315199817 29.531903712497275 12.979361615801668 43.12361792401042 104.26904857207899 73.25106205868289 47.47869858743499 39.211741500722184 56.7073156552194 117.7314131979256 91.25183127072854 72.02690905688503 66.66050112578117 78.06495408985216
6.838101027088029 20.93914794385335 20.773843979855386 59.43938455390983 38.40684700336553 15.140169525361685 30.591801059271397 24.216564170359415 22.425805550347192 76.33660626938558 26.417954600159366 28.774094042306405 33.35043539569741 51.82999180067516 45.47093847063293 31.352514058327277 39.877266322008595 63.732669578932565 59.427519977168224 48.62039997687905 11.188151886119579 0.0 25.95380002590648 67.86464897836919 30.89953519006706 14.703088660495906 39.3656395091674 79.10661404321398 23.799289318550034 77.430101787285 26.200956702917797 23.285056295517922 70.10341973980458 27.36728386426103 29.12844673022859 10.803756391607319 45.1643776359159 21.089972678898814 56.60621027860718 34.41625505112915 112.00115493469204 83.80078031762349 62.41535019939821 56.24565925125132 69.4713287232084 100.7647135122545 68.21888130216534 39.35661233876074 28.963925764227728 50.23657978907492 96.66169239503269 62.05817544442997 27.45552614605414 7.158848096396315 41.75579851737306 100.5692347522653 67.93247403641016 38.862716382698935 28.295583876499975 49.857888599705284 111.64921827066625 83.33416795124383 61.79331474710386 55.5611243606513 68.92356583138002
27.32794787256892 28.217439660199847 5.724667538894429 41.17777791655358 35.05733484087597 41.08769924456022 28.381870152551016 13.835580035230194 23.556739226225417 58.08686967644531 42.96730971575158 3.4361123929735884 23.788499172029162 27.09517274409808 35.704264671083536 55.91325978500496 22.34545776787277 52.29220646693515 47.13152494898886 71.51788811398043 32.85502263152013 25.95380002590648 0.0 48.62588737470694 27.863864258173784 40.50256371636619 23.538924829629405 61.674176251130696 22.863141129356066 68.9056943302502 39.94902262143388 5.053317978559045 56.28971729257593 28.776004091453355 8.459240854032464 36.75150251406215 28.586151341403845 29.37918587620232 49.23284533183264 59.32007685166426 101.36748252861489 79.46176397156235 68.90383843376114 74.67307123670959 93.80382606144178 84.60083918169416 56.78687879509915 41.07333597711346 50.43917094621287 76.13161442771617 75.03129384152747 41.36635061487031 13.6932843431842 32.53749028913124 65.76261611128767 75.44953973707514 42.113356788605515 15.78881075978285 33.4647310196154 66.2218985758267 85.70946485068696 58.41083458813795 43.27073955044568 52.22744754840818 77.31671051922862
64.72890042515769 76.73304329746824 53.69347374210786 8.559067621943747 38.646063217453104 81.09136939930083 42.32267746857153 43.68083525867679 72.17302475650621 9.682363142838959 90.66262524697224 48.660685431949766 35.704561144452484 27.39609138330078 28.011936980791916 98.9682375426699 28.09005050499825 21.671621422525384 19.398394983268574 116.48421564792127 67.76020451151088 67.86464897836919 48.62588737470694 0.0 41.491517151834834 79.01710899074523 28.515092017031645 13.76854079130622 71.39403364262174 35.50394090293644 88.14324322285603 47.58141983730278 17.14781248259233 46.62336112710449 41.0990897694442 76.82366708666541 22.770558629241336 54.17458488379703 30.242812040155325 101.73408712287213 58.48626210656361 50.807602764840134 64.31940854436542 89.92977429521825 120.13553373015748 36.69394295176122 22.93996805024252 45.83539537821764 77.91257571913279 111.51098641345004 29.69966552801244 8.13182673112129 40.55905315122701 74.95865988718036 109.48706912065708 45.02825050305279 34.65677703121873 52.62577699053304 82.05293396342564 114.41471451582734 69.15778962111584 62.698278076716065 73.98733590966485 97.01523214311902 125.47733759179471
25.71437490776945 47.35565867631741 28.67328869684852 33.03632921229835 8.003289134228783 41.344721423659145 0.9476071921683427 14.061093362712954 45.35830805733293 48.471392590936254 57.014030838958114 30.80166262388601 7.522838412240928 37.2765349926362 15.14680585067382 59.76805862481943 18.369448323733113 33.072715402473804 29.138316345552486 77.96274543065631 27.28760231670284 30.89953519006706 27.863864258173784 41.491517151834834 0.0 38.81749392044995 16.12152659447258 50.50670315835821 45.63030657092454 46.628230442305544 56.04911753128199 23.070260106131098 39.96853399907974 5.134013040573937 21.34103134331566 37.46121634445133 20.121282593111847 12.818767818618584 25.767620388900607 62.07644578871127 81.1199579781067 54.24884049410454 41.23404894355403 53.407657454274684 79.99581202785878 70.90894356259558 37.480998952257806 13.282440961118764 36.645219926817 70.0297936539652 71.1905421866527 38.006220297027035 14.686811887000855 37.17233222835234 70.30442589830385 81.85652298108452 55.334229175223015 42.638974540863416 54.48950402996883 80.7152316271066 99.62517834174486 79.10085314625393 70.59369804677578 78.13291154959408 98.08562564042987
14.560864156573059 30.6089643524901 35.45180450093812 70.46379939984459 44.976873062057365 3.2700114510680973 38.21026949504711 36.474812066521594 34.147561643494946 86.81563432207292 27.947880187603086 43.418785052011664 43.389702482799976 65.61838171780346 53.96150804451811 21.252151528636734 51.758534623266414 71.58015375973136 67.91009942931609 39.61238012583932 11.532183035776667 14.703088660495906 40.50256371636619 79.01710899074523 38.81749392044995 0.0 50.74881628753779 89.1342216012363 35.84786089266758 83.19344137368515 30.135734462541254 37.41816644471658 78.74677665971295 34.12538916932143 42.76993151537206 4.287587114808382 56.31796422822033 26.35117004584238 63.00502144346428 23.29201468238409 117.84517569793961 87.10460292400427 60.67742893967467 46.595075205959255 55.274440778149916 109.6978371378659 75.83131950155143 43.15101494351327 19.19579883507769 35.634180560692194 108.42297613601549 73.99237997797891 39.86296120378277 9.904135380620113 31.654082832057007 114.2509528538774 82.22333934992771 53.50610143651842 36.87758533685231 47.45353266374592 126.20125381558918 98.0190326393455 75.38884679241596 64.4515232650174 70.84696642940823
36.32507939822289 50.06694409016987 27.412038282766414 20.075326783186863 18.377825593023797 52.69578240833842 17.06913123245293 15.262816702802212 46.298002117506144 37.05915014225433 62.93857270909261 25.012390264429314 8.7066048145147 21.680651610001952 13.500773939677547 70.46331951505654 2.6118231201774122 28.765007039093863 23.592871688479256 87.9847575459335 39.721127569252246 39.3656395091674 23.538924829629405 28.515092017031645 16.12152659447258 50.74881628753779 0.0 40.05700164868215 45.90559800201791 45.56521790270714 60.82932606091659 20.81450622583765 32.990605402383736 20.81450622583755 15.085298216286606 48.38495096803518 5.827717501412995 27.32772330089243 26.805334869036567 73.26457960210274 77.85479882672713 57.02092839310106 53.25602310435274 69.39613005642835 95.86575448784724 62.41474277705812 33.249076731498995 26.650425524149917 52.05605005505066 84.28678783428107 57.683641431829436 23.29206294843123 12.348765023790873 46.44693630902359 80.9752917934388 66.00613043167499 39.5281645533966 34.102441099729624 56.19885534993988 86.88199096251778 83.56890360293102 64.5392088937202 61.168951319191834 75.5827692816307 100.39249326327823
75.27957763517111 89.53725139214495 66.50493831001238 20.50853963499089 45.87631575415788 91.4693536834299 51.21407506166333 55.281938860330854 85.21328114667416 4.364479542408433 102.9490013235645 61.95837632269413 45.958654399572424 41.12058496272043 35.61578484507029 109.6962445884953 40.17787602977434 21.712884838225325 22.7742263871654 127.57382961934935 77.65698907679524 79.10661404321398 61.674176251130696 13.76854079130622 50.50670315835821 89.1342216012363 40.05700164868215 0.0 84.52967368755503 28.657647841426883 100.682888028359 60.179767967449045 13.68803511705892 55.485491424126145 53.81369323330397 87.35793720730737 34.24675069856688 63.306287229001356 32.310778721060245 112.24067535477299 45.48123166298784 43.89198370776142 64.64743718298894 93.95156802534409 125.97350607391166 23.046407048924507 20.079822493240847 51.67313467998571 85.62638382344512 119.95204686992179 24.654679848195993 21.89091400144435 52.39676206477373 86.06090236264527 120.25966421623791 47.944625887699566 46.41702736719581 66.37175833803752 95.13515005769426 126.85030485863008 74.85681291129002 73.6823493879571 87.46077246307081 110.744917547116 138.83169211210281
29.858252929537166 7.762118613510077 18.509816412324618 64.03897261299448 53.59482245124887 34.5331442746668 45.788800687189465 32.834182269185526 1.8897099882264843 80.90771583574802 23.591381615163872 22.828417016586883 44.11463676675006 47.87617884956761 56.868778120674875 42.54517836280666 45.00151176640673 74.36218144682765 69.32074993800346 54.463219315280966 34.93707569905363 23.799289318550034 22.863141129356066 71.39403364262174 45.63030657092454 35.84786089266758 45.90559800201791 84.52967368755503 0.0 90.41445434596216 19.454188444499817 25.13544971999061 78.87874954568883 44.29534259560037 31.003365260564927 31.59347770481178 51.24253422635805 40.86655066571281 70.02005469397362 46.300391969194926 123.64243767853547 99.66184370652327 83.49996307646175 80.04208035202453 90.7521651069821 107.46393637546505 78.91701399869784 57.46385223152617 52.64119363461585 68.08008490533494 96.90896182192475 63.95757714701776 34.418593384325206 25.9528528266901 50.56980000394138 93.8942156547981 59.3349443808157 24.899832323836858 10.687460347534728 44.758195913716925 99.11034822193999 67.21695988049781 40.10253227043239 33.0626877614329 54.524346655440404
71.77972316692758 93.32155771990666 72.06952954538274 35.35162949278742 39.0368026062031 86.13412001991772 46.86503958990888 57.6492732301153 90.50505133322753 31.396339622851936 103.64156459048142 70.56936670572375 46.362178583052994 58.327843389101794 33.546278970854125 104.43000628588632 47.26004924527234 17.328944470340325 22.537922250730336 122.79012430013412 72.03106781795516 77.430101787285 68.9056943302502 35.50394090293644 46.628230442305544 83.19344137368515 45.56521790270714 28.657647841426883 90.41445434596216 0.0 102.60717617218349 65.4951030256649 18.363071251256024 50.15638042976449 60.47454907486902 82.78055535474799 41.45863227396452 57.32809381917372 20.863145669807835 106.17379448568445 34.702098079434755 15.454237471478697 40.84459866839959 74.11193537295365 108.22073104855257 33.902127354666874 13.581441465617615 40.17969481801952 73.7510081916139 107.97622679547055 51.99419061771264 41.52397773022005 56.0348667841744 83.36901441459908 114.69829786051045 76.59159204074004 69.70007901143778 79.02334511926723 100.1300961197275 127.28763583304932 103.13972300365734 97.90739185511049 104.53984059148242 121.10311776269286 144.2151793528885
32.87152819508702 12.092212167336607 34.54555242861281 80.25934508440973 63.88405407603619 27.3849743713416 55.898011995822046 46.0230470900765 17.879765365240942 97.37070148441119 4.712923485641209 40.84889969771194 56.86341761249298 66.44552526267984 69.63918803047332 26.782452008173017 60.51087770013582 87.85148370357973 83.15030933269907 35.52115308567725 35.609195116987024 26.200956702917797 39.94902262143388 88.14324322285603 56.04911753128199 30.135734462541254 60.82932606091659 100.682888028359 19.454188444499817 102.60717617218349 0.0 40.571023724613326 93.41748449770519 53.12506167433278 47.04452389596271 26.968950050440615 66.5494490717311 47.26916415879952 81.75500211279012 30.427480900547042 136.86128039466684 109.78030582458962 88.13150292682917 76.66386932362347 79.88915260309228 123.23911928699773 92.41846106813324 65.49253190612308 49.3171358898935 54.496756029764455 114.97076819693676 81.17686295579051 48.53797024433055 22.738336976059962 32.75630196601435 113.23565754251253 78.72332101494263 44.35382614993509 11.489821873075131 26.298737788101068 118.32165076883801 85.81508669379808 55.886279105413855 35.73729572300107 42.73012338765844
23.603123288406334 29.39149826642944 6.627662219403244 39.71188536795322 30.476198525222316 38.33718981664096 23.54015396588967 9.013201066171428 25.484764940082012 56.808595256952586 43.12996984942023 8.406792536144199 19.621196432938582 28.58724253071564 32.02628748509614 54.15450314913064 20.115352772475198 49.24608545337962 44.187799088483196 70.46290957538999 28.914200040433297 23.285056295517922 5.053317978559045 47.58141983730278 23.070260106131098 37.41816644471658 20.81450622583765 60.179767967449045 25.13544971999061 65.4951030256649 40.571023724613326 0.0 53.80490809001989 23.76194077070945 6.5229840452719445 33.91908138803106 26.298390325189796 24.400529163532017 45.42587058720772 57.41669223135661 98.51148645809444 75.50035651454941 63.959904304833266 69.8298613776843 89.75702968144815 82.89742117128267 53.79398783792114 36.199904319331885 46.064110464752154 72.994525327901 75.03082785332252 40.77803458197675 9.535422591879422 30.230012690773453 64.27780530007949 77.31437169984764 44.8055729368915 20.79454636037157 35.3854977053717 66.83337665200578 88.96978911542445 62.67253898707533 48.320596518147745 56.006446863762854 79.58249348965094
65.53354831391052 82.96944816438146 60.39941115537359 17.910065865744883 34.194970718993495 81.31194966687485 40.54291677272731 47.39459696446017 79.28854513171194 14.682186326826287 95.18647057747425 57.29897467974628 36.84780774682965 41.26588962337526 24.841722744840258 99.73515809484331 33.94538509796829 8.222789397815339 10.836693168686706 117.90188022989817 67.21617873402005 70.10341973980458 56.28971729257593 17.14781248259233 39.96853399907974 78.74677665971295 32.990605402383736 13.68803511705892 78.87874954568883 18.363071251256024 93.41748449770519 53.80490809001989 0.0 44.64054919764916 47.925437278219405 77.41139335789147 27.703870061446526 52.4700385048374 18.869963986769392 102.02754840325272 45.367251123156656 33.67160047364754 51.03134630960085 80.43290593589893 112.82525794780074 30.951251698686246 6.6077240849095675 39.0409777008798 73.48188721366974 108.02699405004309 38.30156357402241 23.409873827521796 44.98753793279819 76.7761610264933 110.27294858828714 59.87693930877963 51.44733610939913 64.05631553463702 89.18742827104316 119.16537163109494 85.51358740086462 79.62387032105875 88.10265462630224 107.60541208652437 133.38103911182495
21.643031149077316 45.211043531479135 28.557492433181373 38.17028457382984 11.14722039718577 36.769833829284345 4.313458876114638 15.162816267307974 43.819429208910286 53.52985932240544 53.74401895611887 31.971519979548994 12.108216707907527 41.41816813316514 19.956023798276807 55.2254799208303 22.892601909096243 37.48119629386975 33.806974915722684 73.49988540771385 22.60751886325674 27.36728386426103 28.776004091453355 46.62336112710449 5.134013040573937 34.12538916932143 20.81450622583755 55.485491424126145 44.29534259560037 50.15638042976449 53.12506167433278 23.76194077070945 44.64054919764916 0.0 23.422710938141908 33.038996360072865 25.135693729825565 7.84926708797718 29.43343256141037 57.416692231356585 84.81062334225047 56.67190751043542 40.316143658883476 49.334580652402394 75.08151121611535 75.58970680260285 41.78819794988343 13.174019210735578 31.55483572047391 64.90540896889516 76.32172138945161 43.08634790919321 16.814013014474167 33.22405948139124 65.72529695960426 86.75505528647577 59.51670728641702 44.1911067251087 52.51938709153038 77.19154595263294 104.00966243109058 82.48376814231591 71.99921755078992 77.1942733857711 95.54463644326572
