0.0 51.6753206981323 46.459790010731645 83.68207694817929 68.14991096215091 17.827840437435555 76.77841819029747 53.276469478312 95.78647150613038 38.5480625791198 13.464545095414307 43.82874499497622 46.72179128437549 34.96909927396495 86.13412001991776 46.251723352858704 106.47284567674346 6.4329997471432305 102.43005033142968 101.11347994560886 3.4679887896028 61.91462179510442 54.358936457910836 79.27696402933756 51.09727239523837 9.997617753439446 51.042236992059486 36.24895084490725 100.22566275755376 54.52611349011401 22.96551512947334 9.490115874454519 10.779980235932067 26.02373907360045 89.64171363611159 31.56164406408427 97.64774970584612 16.20940811113453 106.76156375454879 96.18192711144617 37.908880278955735 21.668986134424127 43.55286574395262 75.62410109963575 109.25201424965128 31.96584495944843 7.621454485399403 38.590301771566914 72.90534761594097 107.40587287937501 47.068859529873706 35.22496946406987 51.58439324654901 80.4731694151166 112.63100186064878 70.83785789075246 63.38464412258649 73.56629438806581 95.9226865126316 124.03668594826935 97.10421910400511 91.58805513036306 98.702603083421 116.14958202353333 140.12114930611335
51.6753206981323 0.0 14.113499038388465 33.200970642715916 46.8547264699518 69.24470492204021 44.319852358566834 3.200867786580492 44.752191422303 23.504646954116982 39.527440171878915 21.78758916238937 50.15009509014245 26.405444794635848 35.65778765191195 22.273318300931756 86.73379072989276 57.724723304407334 54.53246970860878 52.94707271627365 49.5342165615026 21.857375302247313 4.594533546262154 29.04771368567726 24.818250610577223 61.611159717018644 32.13789282957945 34.03027085438772 50.72386611149261 46.60173603522275 29.404981313573625 49.98541353274081 50.60044386004314 37.722873827021786 38.94908717768127 64.94123096744319 77.48209958331189 56.908004521332835 57.76096533839032 48.22140247672657 88.34570496816546 58.17475512865247 36.85744427178669 41.562853351364026 67.01716851351742 81.32007269762954 46.938733557230314 13.725474379480746 23.840848150231153 57.82073061363789 83.71635913541179 50.94198404436505 24.01225799423035 30.869680495193506 61.02566392941689 94.82280659998108 67.52631145045862 50.229956310735744 53.67589748721276 75.05973033642964 112.07875968802492 89.98490402293477 77.63798374519519 79.70426010927933 95.25030514540299
46.459790010731645 14.113499038388465 0.0 38.14933018257142 34.80668318861897 62.898395479072825 35.79211196483569 12.692825630291543 50.48173498802614 10.742996813736717 33.12566382909378 7.759694878987599 36.15227100965671 31.832786802717067 40.52825526059384 32.40074859544433 75.85490544644766 51.77575302156988 67.1109278072082 54.65498114920934 43.66298091513557 15.964379752533919 12.694910429698378 33.70796040576394 11.624476627564697 56.36864594168331 18.39323147229017 20.88203858963765 53.94281296379138 32.61183737391013 23.652687712949007 42.381225846123264 42.64418226945431 40.192742207823244 44.12378382953775 53.53020705819495 66.47380673123159 47.88757738074658 69.74609954462645 49.72301831630752 84.31965912917681 58.05870865608734 45.01818556299083 55.473192245460645 80.76340588381981 73.10344115462819 40.26586321629422 17.12936331672686 36.88277578995691 69.44142803471767 71.90400346739142 38.06586220059566 11.076375165055362 34.513973689454296 68.22459046537399 81.16669683257156 53.42128700437384 38.91606157775382 50.69428474357127 77.58985678367429 97.96720343611517 76.39195842723943 66.84800910912685 74.13735886036285 94.43943181886054
83.68207694817929 33.200970642715916 38.14933018257142 0.0 48.812028404592645 100.70457406132783 36.73500338023949 30.888069107400504 12.342776048791071 48.34227803338461 70.72110027212042 43.675291261841636 67.2096765196341 58.84366359463835 2.4674792873102134 51.63645928835881 77.49640487162118 89.37510822204557 42.04016851335071 21.065656539382022 81.16540343895359 26.435632123874896 29.638211064351623 4.4443221661434915 39.87699374780663 93.67896256437467 46.037347472372254 56.990119106671195 17.747493628583364 58.66758897470891 60.75685576257111 80.42122627400259 80.74306832941447 70.70184909125072 5.9859219925269365 90.47520402529862 69.7035051497595 86.0142200896017 41.63701316217149 17.07380622554415 121.05566988818076 91.36273195223718 66.59294132517162 54.008224817674964 61.595083663262315 111.2522503229711 78.04279984149805 46.894935551900026 26.50343982186552 40.007132279401375 108.05289324205792 73.45403295663822 38.86407786232751 4.493607622401199 30.410900047854124 112.02503765302176 79.13051141232494 48.66728145053979 29.499294975194825 42.032727693616096 122.47267872659022 93.21511364953743 69.08942514307985 57.03008678438047 64.23631223651142
68.14991096215091 46.8547264699518 34.80668318861897 48.812028404592645 0.0 79.78945352927275 14.9374385596521 44.14516077163478 58.51539489676201 33.727551004949895 55.81623199499727 30.12406037282577 27.554684577303107 65.81967346935485 50.0536075038584 67.19262981493489 41.38278257266448 71.16209416894665 89.29500977236319 52.296990419275964 64.70889802938476 27.41962766391406 43.23830667217722 45.903214400885766 23.281574905359285 76.42593501140803 18.529452977411967 31.966100489787944 55.33661391157465 16.40206264853661 50.402781494315995 60.22723609872798 59.629816917591924 71.96250756704292 52.93464255591513 57.065536378272135 31.990418825861862 60.89304541105394 89.86979696547832 48.44833632392364 103.91901726870005 85.81734441032279 79.52861860443195 87.63398814292225 106.90818819012122 84.06914906602744 60.558614187926885 51.59333188364097 63.64903968390491 88.51740408038924 70.21292411466385 39.36001894981049 23.736280031861508 44.4123226920413 76.00224564466119 66.22675401343423 31.785751732346892 5.434989140742831 37.99471316470959 72.47421181158708 73.72948934736282 45.28515650946492 32.5620475317013 49.64536451407037 79.14462227236356
17.827840437435555 69.24470492204021 62.898395479072825 100.70457406132783 79.78945352927275 0.0 90.26329727101874 70.6863402637865 112.91871410158183 53.924529408487544 29.996060042309463 59.18904602894652 54.822963870474624 52.30770236220162 103.13680963004255 63.68482238430708 115.08887089868136 11.53910008439679 120.212441915031 117.35127776957431 19.711470074724 77.74280281363656 71.70595061685864 96.27217859159424 65.8737210149144 8.905538338832914 64.38995132646335 49.206915822317775 116.8401253350212 64.53420070694281 40.06192688235377 20.795510305050534 20.896074173939645 42.11136708241573 106.68612911128614 30.16348348207772 106.82509128868404 19.12278122882944 124.57904408718252 112.4243296559353 24.32783668750981 29.248483957304703 59.27858252498497 92.55956587406298 126.55213344416754 15.716952224785544 22.66747321156295 56.35121303351383 90.73013387434422 125.23301597125395 38.97145138479712 42.11775613981704 66.51214124552187 97.30700218784877 130.0317984422077 66.38543247014336 68.08579196114844 85.20032913244346 110.80292728085398 140.32196154583107 94.40134133080764 95.38846981312066 108.07863080395532 129.06472806390303 155.0132282940798
76.77841819029747 44.319852358566834 35.79211196483569 36.73500338023949 14.9374385596521 90.26329727101874 0.0 41.20091888039994 45.056954048949095 39.06664056922348 63.64626439713605 34.19679255467669 41.28182300643778 67.52087255122107 37.53273485111003 66.34303664942206 43.43081137625431 80.66031627307176 78.5119923816611 37.50574385544125 73.46231605720578 22.48121761978094 39.96791911336763 34.65821011745439 26.442992957087622 85.82429218681582 25.91099945345085 41.085038369312 40.86179433282282 30.28017424418753 56.38358694196004 69.87094467378951 69.51321182553004 75.7800408008619 39.99109718180043 70.14918948851387 34.6392551800393 71.9512303822169 78.36841276619204 33.85700801816268 113.88710185151632 92.2071153035005 80.17956961898777 82.15902741474106 97.29429231230807 96.19672759065416 69.42504713363888 52.732026094653506 56.00266618482513 76.72505002026227 84.40782945012467 52.06025851861334 26.28122844447539 32.64933425468532 61.93624700573411 81.13573563050947 46.621596105989305 12.609237943075973 23.22211382318729 57.570776355755896 87.34311168870425 56.654885839391014 34.43206245774458 39.448595244109256 65.73926006822832
53.276469478312 3.200867786580492 12.692825630291543 30.888069107400504 44.14516077163478 70.6863402637865 41.20091888039994 0.0 42.687873233369125 22.837923822000075 40.79034949321393 20.450394420921814 48.8260441399351 29.37228405821871 33.3546984283182 25.472502171886205 83.75672019051237 59.20733191165147 54.74752955461901 50.25332402529612 50.989223332974824 18.72316292805906 1.4365544969116473 26.63141792306348 22.614867323125942 63.25424841928361 30.081003600286056 33.29741583856904 48.23665490439614 44.671337337179416 30.65977973612123 51.06260344608082 51.59820753013666 40.45341143630714 36.73253692543638 65.01269142158358 74.53084406505474 57.67073938229709 57.67856308396834 45.48178049425304 90.29275951548725 60.66927232582608 40.04453575750992 43.831440085514565 68.07092986189618 82.36048565113518 48.20592336420931 16.100462834842414 24.279439141633443 57.57264829758942 83.67132558878748 50.39298060807663 21.745401382639606 28.304075432517365 59.36520116144264 93.83865598076335 65.78504822349551 47.375787884439944 50.55760556857669 72.54302984512698 110.44253812952495 87.68334300539901 74.65876569394574 76.5130197660976 92.35421666962712
95.78647150613038 44.752191422303 50.48173498802614 12.342776048791071 58.51539489676201 112.91871410158183 45.056954048949095 42.687873233369125 0.0 60.680058464836925 82.92383613137241 55.98216392606016 78.80192186498991 69.59168377411103 10.034805403881007 61.431276842311796 82.43821372828349 101.54992070345114 38.22071354280033 16.202493512792216 93.3313767004768 38.41055629624785 41.51324019497677 16.77626753681133 51.92910655934743 105.78318159090642 57.78035301143678 69.22448968986633 10.498566820103907 69.77428799706671 72.91142744308816 92.70826534870125 93.04761114156629 81.72188375150091 6.431530277731763 102.70343141029737 75.49292725748693 98.35451700788546 36.101523905444246 15.029924481784867 132.98033163772035 102.65024395262822 76.06029896046363 58.549620738655065 58.870532671511214 123.58479077477715 90.27003365226554 58.472180095954 32.92645016350358 33.82520955644416 120.13814558230631 85.53583883625024 50.935643951189604 16.350973116631465 18.306370935730083 123.14112787338425 89.66728929664426 57.54605681147802 31.2684350232602 32.22920869165371 132.15463901717752 101.58821988111335 74.63431452351706 56.70266372763192 57.05173028221004
38.5480625791198 23.504646954116982 10.742996813736717 48.34227803338461 33.727551004949895 53.924529408487544 39.06664056922348 22.837923822000075 60.680058464836925 0.0 25.11418164937955 5.296626553185394 27.341293672012185 32.9977671413854 50.66216283100354 37.008410935165735 74.96510967347209 43.24341141317999 77.56892378991571 63.53584558286124 35.43845373539142 23.844985226811453 23.10021502725457 43.92932761744694 12.723334644771 48.14372869364712 15.211615323937902 10.52562422535032 63.38909723818764 26.547783110818937 17.330668961707353 33.14714007131587 33.20603788546795 38.23602094928725 54.27178872893818 42.79497832794665 65.6071327348122 37.82842205574102 80.3568371351008 58.62330961590481 76.3547606126659 53.18229924355786 47.13254284044315 63.3198894013163 90.51050960884622 63.14859087472703 31.669671205246022 20.323371447933948 47.095207694510144 80.1107081261054 61.17025196908976 27.555063572781645 13.100225131875673 44.48373675839352 78.61833336391668 71.35985636991322 45.79641114853349 38.69392564281189 57.37556033711542 86.49575943727132 89.66022275838066 70.83064779746937 66.25537868532545 78.46871451469087 101.58578898884033
13.464545095414307 39.527440171878915 33.12566382909378 70.72110027212042 55.81623199499727 29.996060042309463 63.64626439713605 40.79034949321393 82.92383613137241 25.11418164937955 0.0 30.383411014199563 37.221034534383584 28.251792740721157 73.15774837717551 38.48798783572125 95.29185143103578 18.68167603616487 92.17217946533702 87.76612860986485 10.53762766713417 48.46587324697646 41.76876916284154 66.29268756563572 37.727138256970086 23.26185971502582 38.14376774578385 23.913108082523234 87.01613332912358 43.370075408217986 10.136071693085857 10.74415555146239 11.658146179359214 24.04636681711313 76.70023076564001 31.544831665022482 86.24619168800768 18.873593683432148 96.12525673681992 82.83349051415709 51.36152261391622 30.466139238410832 40.164692382401284 68.50588753778669 100.83525166862033 41.913705000051216 7.417904458077237 27.352263605738955 61.93643289903779 96.5347165233617 49.79813359249015 27.775620065194243 38.183194545408654 67.37408950226755 100.07706950785068 69.33434296762483 55.47543565288827 61.17672645589493 82.47699564913866 110.71184585866963 93.4816399861994 83.50455143058771 87.18900048809728 103.08031869923981 126.66452145982763
43.82874499497622 21.78758916238937 7.759694878987599 43.675291261841636 30.12406037282577 59.18904602894652 34.19679255467669 20.450394420921814 55.98216392606016 5.296626553185394 30.383411014199563 0.0 28.398278002937058 35.74289005461053 45.94810801286659 38.26739903999805 71.50675480921272 48.53856452601122 74.6783096465913 58.35651680978604 40.73116530151245 18.64889370495055 20.40542689957344 39.30041980156451 7.757109671303105 53.43961523885216 12.10612195934651 13.645573902983875 58.342910192194054 25.43995664100166 22.264412757122635 38.40159157417472 38.42904092427767 42.185632383612685 49.55600984304624 46.946235473191514 62.114231772728 42.851131667943086 77.16067082063427 53.45351598731424 81.64893139584348 58.02330689806402 49.61518558713087 62.86044456482515 88.52124430218684 68.17471123189652 36.96601251455685 21.90950211822085 44.59161195962091 76.75703748425488 64.98883321166522 30.759375269088835 7.973924018203913 39.697371879400464 74.0475035135025 73.44279272944678 45.88777056794387 34.818990839885885 52.09479542471137 81.30316260178684 90.32502690861982 69.60649824218282 62.66016456383327 73.50037662231576 96.29689516172003
46.72179128437549 50.15009509014245 36.15227100965671 67.2096765196341 27.554684577303107 54.822963870474624 41.28182300643778 48.8260441399351 78.80192186498991 27.341293672012185 37.221034534383584 28.398278002937058 0.0 57.80543624486829 69.10721175748269 63.74412491846704 60.393279479800015 48.03007952867725 102.41142416535169 76.41906259821768 43.31879735986411 40.930072029245686 48.70029580550626 63.26279768187225 28.174826708891764 53.20690493687283 21.23300034155969 17.725164277278243 78.2536840434659 11.161140150098811 36.65962480474664 37.5581802133112 36.56674338206058 59.19315850434504 72.5340216079593 29.612609352940723 52.00668027130334 35.72621680391549 104.45031434740012 71.97494510503044 79.14290413346208 67.23471845687962 71.91788504603436 90.65662548689657 116.87528408039923 57.115958843397216 39.327903403558416 47.18008390096742 72.80152297000694 103.77373595848844 43.187072139505624 12.743445561580304 29.23217200486967 62.78133979131177 97.07381543096743 45.523073811529535 19.176047055707446 32.525982727441566 64.3661911590026 98.09649237505644 62.32096027882592 46.50428337958136 53.25605753832816 76.84126473082047 106.6197227257485
34.96909927396495 26.405444794635848 31.832786802717067 58.84366359463835 65.81967346935485 52.30770236220162 67.52087255122107 29.37228405821871 69.59168377411103 32.9977671413854 28.251792740721157 35.74289005461053 57.80543624486829 0.0 61.24375774936064 11.398104488024414 107.18401931016567 41.36420743379892 68.62630983010474 79.16184655218585 34.426496705954975 46.15562923072779 30.805554477096702 54.944259128374426 42.706472881950084 43.55433200990744 47.74621812866462 40.281138327406985 76.57090398293789 59.337924664392055 22.17833429509186 38.14260410962598 39.34997513441632 12.440001262585557 64.2872570566309 59.7034476931878 97.78639420585331 46.78481759389848 73.40842665142361 74.50571489138491 66.80754198891692 33.69359753734208 14.216894563597124 40.790101675615496 74.29936356375612 66.93494278623129 33.943201670880036 14.793434755656637 40.992693037083995 74.40972013991494 78.04836776238406 52.42714207606334 42.43208694334227 56.98401564484369 84.19437829033438 96.42063603832614 76.97116268912019 70.3344726099759 79.77514343325379 100.87599467552923 118.72774518789167 103.34322864732992 98.2752915427792 105.02812738026091 121.6488665966286
86.13412001991776 35.65778765191195 40.52825526059384 2.4674792873102134 50.0536075038584 103.13680963004255 37.53273485111003 33.3546984283182 10.034805403881007 50.66216283100354 73.15774837717551 45.94810801286659 69.10721175748269 61.24375774936064 0.0 53.91824862701246 77.57435832057753 91.81626701200557 41.782883697533165 19.00590786490014 83.60860587345427 28.479418305600714 32.10567329817407 6.8650631421072905 41.97171063018711 96.13058390197632 47.98656641171398 59.199948800698586 15.402137063681746 60.37859791535205 63.20350982701171 82.8298036614783 83.14200032043163 73.1304732058324 3.6099911624877494 92.6822347701746 69.96152834963583 88.37242803826936 41.027606796725564 15.274801655230583 123.52007063276587 93.81330059242555 68.84371990655038 55.432617285194716 61.6513360323063 113.6247348791153 80.47289984249252 49.356200444706786 28.125097631313658 39.253629037289315 110.17623797843248 75.57253406895089 40.969095799507755 6.370253539701732 28.24088993277563 113.76256518661245 80.6656076630062 49.66687390701628 28.661743677056723 39.63624377551511 123.77353422377041 94.14371398206892 69.28913102016944 55.979658468519 62.13899208629553
46.251723352858704 22.273318300931756 32.40074859544433 51.63645928835881 67.19262981493489 63.68482238430708 66.34303664942206 25.472502171886205 61.431276842311796 37.008410935165735 38.48798783572125 38.26739903999805 63.74412491846704 11.398104488024414 53.91824862701246 0.0 108.01959372445282 52.66759478005573 57.388978005243786 72.53258167026604 45.529749086861386 43.99942777840932 26.8378447119253 48.1515673950683 44.00722693976129 54.94762820319188 50.268980261077886 46.03386289078664 69.30997657652397 63.408093631434255 30.829937193732352 48.80972528429857 49.935870830442106 23.18094400583042 56.64665089554833 69.42946477835656 98.67216581667074 57.306436228205634 62.29528470240577 68.1211909565755 77.86499796686913 44.13029967594691 15.061868038984205 30.018118969081844 63.00925441807171 78.20194313824794 44.71673362872322 16.687680705791696 30.858081168804045 63.40988664742662 88.07635671757467 60.21962696279376 43.47620916259308 50.485408665195486 74.84778317446221 104.82636175449787 82.63075479988423 71.1468435475244 75.43647157924639 93.34990803874193 125.73274690448844 107.72055098736568 98.9614768975839 101.87096770790632 115.57109309816282
106.47284567674346 86.73379072989276 75.85490544644766 77.49640487162118 41.38278257266448 115.08887089868136 43.43081137625431 83.75672019051237 82.43821372828349 74.96510967347209 95.29185143103578 71.50675480921272 60.393279479800015 107.18401931016567 77.57435832057753 108.01959372445282 0.0 108.32008953467916 119.34687057637565 69.18581539860463 103.01174350415232 65.34851420913452 82.64245828005679 76.48063454714469 64.52882191232018 113.53445928528672 59.76702363200386 71.59142510942542 74.60620323520077 52.00986074397633 91.13401207733446 97.64774970584612 96.75746852966516 113.15853954506318 79.05485419161667 87.45927385410342 9.397853672644333 96.06193090544035 118.20059012129457 67.9581154147176 139.35250168299993 125.7326218379996 120.80079498706152 125.58478950293137 139.0856356562104 115.47381495288091 98.8921673674172 92.84290216868808 99.27050463832656 116.12125812568794 94.03242510951922 72.99871388062468 64.8868177640457 74.07130110135371 95.69528624280841 77.09125443324655 49.562099555971784 36.940080384262274 51.64847519122921 79.78338213188206 68.09743903741169 34.096830720571134 9.098316968128119 37.38740058985841 71.46823713237286
6.4329997471432305 57.724723304407334 51.77575302156988 89.37510822204557 71.16209416894665 11.53910008439679 80.66031627307176 59.20733191165147 101.54992070345114 43.24341141317999 18.68167603616487 48.53856452601122 48.03007952867725 41.36420743379892 91.81626701200557 52.66759478005573 108.32008953467916 0.0 108.83707535010973 106.37672514038563 8.22397503767606 66.92175515591528 60.24637029257116 84.95174979384399 55.52976634811403 5.271722691099196 54.7658898227502 39.669322818476374 105.69157538430188 56.73760163411645 28.641236437671157 10.934859255929593 11.620978194248814 32.03530493498417 95.35011106103468 28.803832546536945 99.7029474916911 13.962119478750237 113.1407878721697 101.44467193459201 33.269984410393036 24.127653431642454 49.52009978161944 81.95841463378349 115.65884315701737 25.589317992838595 11.584966079197098 44.8158826778004 79.2311106745773 113.76083735027105 42.59598363429828 35.821504797725716 56.09611030880227 86.05346000455015 118.56834892130102 67.71735188905078 63.47428110529172 76.59703544521004 100.49877699227996 129.3355302012809 94.7012209623488 91.49572194578268 100.84296836020695 119.84086385211727 144.73787434880515
102.43005033142968 54.53246970860878 67.1109278072082 42.04016851335071 89.29500977236319 120.212441915031 78.5119923816611 54.74752955461901 38.22071354280033 77.56892378991571 92.17217946533702 74.6783096465913 102.41142416535169 68.62630983010474 41.782883697533165 57.388978005243786 119.34687057637565 108.83707535010973 0.0 54.10555403476748 101.0748582659632 63.150403193349995 54.483058485062855 43.869753975605285 74.39482716693459 111.7188075188671 81.7948982565954 87.96475996330138 48.16525745441582 96.07869221100897 82.48126453409704 102.91345790885022 103.74919774597811 80.53815248170464 40.41450604504533 119.45483681167919 111.71529752529803 110.56186978053668 6.061426348906102 53.222871215593536 135.22396629676908 101.1410315937923 67.58951003260246 36.08353981042675 20.749655624248376 133.85330521966088 99.31811805703167 64.85617325987928 30.71499999773669 8.680588647090344 138.24844931497438 105.11426802859405 73.34995326462075 45.89392815531751 35.03027742913699 147.89601606253484 117.40614228953758 89.94415636740702 69.21328357648889 62.3360595977094 161.8590192006905 134.42287585203928 111.06472582977493 94.84689462220129 89.72842272675285
101.11347994560886 52.94707271627365 54.65498114920934 21.065656539382022 52.296990419275964 117.35127776957431 37.50574385544125 50.25332402529612 16.202493512792216 63.53584558286124 87.76612860986485 58.35651680978604 76.41906259821768 79.16184655218585 19.00590786490014 72.53258167026604 69.18581539860463 106.37672514038563 54.10555403476748 0.0 98.30276087490297 39.70763314333236 48.879791768698226 24.390876246850915 52.548711231364734 111.02014788570787 56.729117683239785 70.33490980921252 5.955159712190776 66.17795630592404 78.23873966864737 96.6355970741375 96.73648928071007 90.66689352734292 17.230751745419933 103.08016855028363 63.17516893061109 101.12329473974597 51.459445642508804 4.932645769965233 138.94686268913657 110.8495472112908 87.54293504871254 73.72015149069145 74.83520492256447 126.40855047821329 94.82150033863066 66.3168718132962 46.899395706896364 48.94889599398031 119.26192701391685 85.15604494230914 51.716007761524615 22.189809396453157 26.55331499307689 118.48708049360353 84.07750876880772 49.93714990305854 17.699226621853963 22.970819065272757 124.20336241716996 91.88881275023235 62.092337507032404 40.76994778443017 43.17110961093637
3.4679887896028 49.5342165615026 43.66298091513557 81.16540343895359 64.70889802938476 19.711470074724 73.46231605720578 50.989223332974824 93.3313767004768 35.43845373539142 10.53762766713417 40.73116530151245 43.31879735986411 34.426496705954975 83.60860587345427 45.529749086861386 103.01174350415232 8.22397503767606 101.0748582659632 98.30276087490297 0.0 58.958880974435694 52.024014903787034 76.74475973171548 47.90928403441508 12.742651725577192 47.68287161373503 32.831531968479815 97.54052676666828 51.059615243450814 20.420342958544065 6.483540151432329 7.885589521652557 26.531394281934194 87.1384082589084 29.421730522868508 94.18141237305144 14.238848593934408 105.27522247776886 93.3701151667924 40.91943888127006 24.638639433196307 43.983714873761414 75.21246134208384 108.5085436903393 32.85066272080162 4.15799149127505 36.745964359372536 71.26076796925895 105.83374867138062 45.741140507588845 31.954351264710038 48.42255253623149 77.86681592822863 110.34750948727785 68.65566590749923 60.15297346037346 70.12804906678784 92.80242243421996 121.24940925535311 94.56776577012882 88.36876963994087 95.235064030038 112.80556830330421 137.0225379287034
61.91462179510442 21.857375302247313 15.964379752533919 26.435632123874896 27.41962766391406 77.74280281363656 22.48121761978094 18.72316292805906 38.41055629624785 23.844985226811453 48.46587324697646 18.64889370495055 40.930072029245686 46.15562923072779 28.479418305600714 43.99942777840932 65.34851420913452 66.92175515591528 63.150403193349995 39.70763314333236 58.958880974435694 0.0 17.48773299736051 22.36431863579377 13.52928108949532 71.70146790985527 19.698437440165158 31.101889121078532 39.8341462249318 33.16977158380572 39.40297408265591 56.98298040800138 57.05064228608335 55.64498634318833 32.01482762528011 64.46175610567751 56.23114173511323 61.456580903534345 64.46118997595316 34.80573437545313 99.82306550262582 73.99983172205134 58.15579920595634 60.6878082222531 79.86685389644975 86.76758302404401 55.338291628010644 31.478208992562166 36.25281819922881 63.501921847101684 81.72951627118732 47.129890349557556 12.553632790967697 22.10916609893377 56.7000101620858 86.1277775919438 54.338968524846564 29.703419342819657 34.73762994435709 62.657425264575984 98.70872278300976 72.50362298152048 56.25774783452748 58.88878070200781 78.5215782364193
54.358936457910836 4.594533546262154 12.694910429698378 29.638211064351623 43.23830667217722 71.70595061685864 39.96791911336763 1.4365544969116473 41.51324019497677 23.10021502725457 41.76876916284154 20.40542689957344 48.70029580550626 30.805554477096702 32.10567329817407 26.8378447119253 82.64245828005679 60.24637029257116 54.483058485062855 48.879791768698226 52.024014903787034 17.48773299736051 0.0 25.351793953717383 22.07541562585866 64.34552501762374 29.601001719983675 33.48564835756936 46.92087117143411 44.23416507443884 31.652235948274736 51.9640170575098 52.47003850483742 41.85231445055974 35.50986549730903 65.50771708295582 73.43819656419885 58.44907767317406 57.2808252675751 44.09773083777674 91.47535683567109 62.01281062723482 41.45190741270069 44.56183061357591 68.17680720197555 83.2309157518165 49.17791566222975 17.447100623987925 24.190641389709544 57.10363229130257 84.106452111987 50.63231358878799 21.1711155307858 26.974991146825474 58.32609384314143 93.84701580396562 65.42989929223143 46.36482271802203 49.123696613436515 71.21372108784325 110.12441792444086 87.00971462170305 73.54417252249391 75.11026591476396 90.93465037937708
79.27696402933756 29.04771368567726 33.70796040576394 4.4443221661434915 45.903214400885766 96.27217859159424 34.65821011745439 26.63141792306348 16.77626753681133 43.92932761744694 66.29268756563572 39.30041980156451 63.26279768187225 54.944259128374426 6.8650631421072905 48.1515673950683 76.48063454714469 84.95174979384399 43.869753975605285 24.390876246850915 76.74475973171548 22.36431863579377 25.351793953717383 0.0 35.7016457418401 89.2727996351676 42.045370351286216 52.67005299728841 21.686741512508103 54.99546902028643 56.341661200711286 75.97790881023631 76.29876877067232 66.6755031394919 10.428911615679649 86.15044034909218 68.39233583774963 81.5783290898967 44.01932940301094 20.00135043505559 116.69649039239003 87.22002567126196 63.17748664229008 52.633228030079785 62.80062501313216 106.81135856735683 73.60870962231655 42.69262383022346 24.93833016016756 42.61481758042423 103.81178125080484 69.22622660054104 34.67721497942371 2.757225890214747 34.749814632493035 108.2717225893184 75.69315575720769 46.16251641305271 30.45222803682449 46.027542202091766 119.35766439266445 90.71790547021278 67.88234392049188 58.147010080983286 67.44571794680853
51.09727239523837 24.818250610577223 11.624476627564697 39.87699374780663 23.281574905359285 65.8737210149144 26.442992957087622 22.614867323125942 51.92910655934743 12.723334644771 37.727138256970086 7.757109671303105 28.174826708891764 42.706472881950084 41.97171063018711 44.00722693976129 64.52882191232018 55.52976634811403 74.39482716693459 52.548711231364734 47.90928403441508 13.52928108949532 22.07541562585866 35.7016457418401 0.0 60.53798749591873 7.5850082431545935 17.794937844357488 53.11858211954231 22.241049891125137 29.970676152607155 45.103267821310205 44.99039633583768 49.774293558172324 45.52362227703376 50.9770223911049 55.13284964782182 48.75759551644375 76.29926323800328 47.72215035752498 88.75919242690439 65.76792573188143 56.27999641464597 66.36450907723219 89.64290412633655 73.95199866638174 44.0255775222855 28.327433613353104 45.40345982162114 75.59989075348697 68.20969973340542 33.606753405022026 1.0578396567210286 35.60447427868527 70.20749650993632 73.68334940685283 43.57698491083356 27.631696716870625 44.976739861650834 75.34681817516532 88.3112238209922 65.16768051118707 55.58394167245206 65.7808195401181 89.21575827753954
9.997617753439446 61.611159717018644 56.36864594168331 93.67896256437467 76.42593501140803 8.905538338832914 85.82429218681582 63.25424841928361 105.78318159090642 48.14372869364712 23.26185971502582 53.43961523885216 53.20690493687283 43.55433200990744 96.13058390197632 54.94762820319188 113.53445928528672 5.271722691099196 111.7188075188671 111.02014788570787 12.742651725577192 71.70146790985527 64.34552501762374 89.2727996351676 60.53798749591873 0.0 59.946351880589084 44.88166163245308 110.19199542376761 61.99873305161307 32.94918981840232 16.200782588960173 16.88692507200268 33.20741239286343 99.6391509189443 32.644677280696634 104.9415415481082 18.51109080264927 116.18477345426466 106.087660429267 28.223579076951125 21.687766966501663 50.38845441175835 83.68083246374523 117.73196416938971 24.434453660004003 16.51245732230282 48.405910292127025 82.51336400112945 116.91291848826329 44.83767004779758 40.90321591481169 61.07826157969074 90.45915957480294 122.59685807968785 70.9690946003122 68.34848043591779 81.86075098128111 105.47803423731354 133.9582555875632 98.36390363992598 96.26949262984041 106.08886645011403 125.04621008313264 149.70950677195142
51.042236992059486 32.13789282957945 18.39323147229017 46.037347472372254 18.529452977411967 64.38995132646335 25.91099945345085 30.081003600286056 57.78035301143678 15.211615323937902 38.14376774578385 12.10612195934651 21.23300034155969 47.74621812866462 47.98656641171398 50.268980261077886 59.76702363200386 54.7658898227502 81.7948982565954 56.729117683239785 47.68287161373503 19.698437440165158 29.601001719983675 42.045370351286216 7.5850082431545935 59.946351880589084 0.0 15.185345177125319 57.951090543542044 14.659149315082802 31.98888434473918 43.96063501383817 43.60649520661486 53.44538438242435 51.45601768268298 46.389123690127136 50.40186805607438 46.301889449092315 83.55771865361056 52.059682379221734 87.97843193305748 67.64388285496743 61.69250848437783 73.69543155553959 97.21547188434835 71.00228865478826 43.60731906956794 34.01035233722514 52.97775347615292 82.77326360554189 62.75221922034276 28.42968754325624 8.57362816332358 41.63677359389636 76.08277452930719 66.55685971835211 35.995890044870215 23.588916018111767 47.032054516078084 79.13555256166134 80.72930429779744 57.99949351575758 51.04376443704453 65.12906027453337 90.95563237254136
36.24895084490725 34.03027085438772 20.88203858963765 56.990119106671195 31.966100489787944 49.206915822317775 41.085038369312 33.29741583856904 69.22448968986633 10.52562422535032 23.913108082523234 13.645573902983875 17.725164277278243 40.281138327406985 59.199948800698586 46.03386289078664 71.59142510942542 39.669322818476374 87.96475996330138 70.33490980921252 32.831531968479815 31.101889121078532 33.48564835756936 52.67005299728841 17.794937844357488 44.88166163245308 15.185345177125319 0.0 70.87503367298675 20.148210435019095 20.148210435019095 28.814003383615795 28.428808740823523 42.87028568122024 62.7936976152683 33.48515233429438 62.459435410212265 31.30358897628945 90.62483023302151 65.51544106107337 72.83048277768204 54.20253935709313 54.46424120347701 73.41385504763728 101.03285060200216 56.308231343275125 28.702591302726645 29.52802424166416 57.5744155105158 90.29156142472962 51.3545063040454 17.187285871379938 18.664786575043532 52.879104611691126 87.40068155078127 60.86308282415542 36.77822264025975 37.36032326243325 61.91755108159558 93.09460668091604 79.82258227580961 63.209831786975315 63.35694570266167 80.17171473694401 105.99852196177251
100.22566275755376 50.72386611149261 53.94281296379138 17.747493628583364 55.33661391157465 116.8401253350212 40.86179433282282 48.23665490439614 10.498566820103907 63.38909723818764 87.01613332912358 58.342910192194054 78.2536840434659 76.57090398293789 15.402137063681746 69.30997657652397 74.60620323520077 105.69157538430188 48.16525745441582 5.955159712190776 97.54052676666828 39.8341462249318 46.92087117143411 21.686741512508103 53.11858211954231 110.19199542376761 57.951090543542044 70.87503367298675 0.0 68.38778232195355 77.26592980652771 96.25848429146058 96.44835714578225 88.35912331244715 12.836252820733863 104.02557072013062 68.31191426169954 101.18936010081109 45.50882770484298 7.108726019498044 137.89317996870633 108.88338480866653 84.21057578079929 68.7169400061066 68.9012467291859 126.51464382840855 94.20558944290664 64.32927417669109 42.38681877507649 43.00992620652234 120.69747576341977 86.31249746919454 52.21748381768193 19.95835279832489 21.56056376689547 121.24515788553728 87.06971898368087 53.44841370415478 22.960383309233304 24.340804971559397 128.0760339013108 96.27331797667101 67.29375851685666 46.724351305359015 47.251422876450185
54.52611349011401 46.60173603522275 32.61183737391013 58.66758897470891 16.40206264853661 64.53420070694281 30.28017424418753 44.671337337179416 69.77428799706671 26.547783110818937 43.370075408217986 25.43995664100166 11.161140150098811 59.337924664392055 60.37859791535205 63.408093631434255 52.00986074397633 56.73760163411645 96.07869221100897 66.17795630592404 51.059615243450814 33.16977158380572 44.23416507443884 54.99546902028643 22.241049891125137 61.99873305161307 14.659149315082802 20.148210435019095 68.38778232195355 0.0 40.26729308647793 45.90560131786526 45.11733045664215 62.935289152039374 63.66943935537438 40.6831518422817 43.12186781650769 45.44591638732077 97.59628260978162 61.88681897650152 88.82818664792516 73.83621432983972 73.53828846338804 88.08363476770026 111.8227484706048 67.90001875660572 46.92400294071307 46.77743784425386 67.5959500638271 96.67012657683104 54.13247454144315 23.177507114343843 23.214620252748336 54.18016308863857 87.90285133271422 53.388007637232874 21.398275115406467 21.455634932289367 53.457026074897925 87.46321670916585 66.10809929645384 44.316301932957586 44.186086422937485 65.84609055730056 95.46636497301958
22.96551512947334 29.404981313573625 23.652687712949007 60.75685576257111 50.402781494315995 40.06192688235377 56.38358694196004 30.65977973612123 72.91142744308816 17.330668961707353 10.136071693085857 22.264412757122635 36.65962480474664 22.17833429509186 63.20350982701171 30.829937193732352 91.13401207733446 28.641236437671157 82.48126453409704 78.23873966864737 20.420342958544065 39.40297408265591 31.652235948274736 56.341661200711286 29.970676152607155 32.94918981840232 31.98888434473918 20.148210435019095 77.26592980652771 40.26729308647793 0.0 20.63753783515584 21.348524801756394 22.744238932813477 66.72622179222616 38.7518928073465 81.87271691268147 28.09097914849647 86.29242985310185 73.3110663925121 60.70880482350019 35.85384617458726 35.78089798473433 60.579551899529896 91.94741229810246 51.95332337017218 17.55397245640881 17.663246989849263 52.06431450502207 86.62707198650935 57.55685998800325 30.268024058439444 30.238332163555707 57.51002074919292 89.97383254999207 74.34014352434062 55.762868288456524 55.5638136554313 73.89165489939181 101.13068429499894 96.64375784101108 82.99427093046666 82.64869928633989 95.75119523555396 117.90038460602277
9.490115874454519 49.98541353274081 42.381225846123264 80.42122627400259 60.22723609872798 20.795510305050534 69.87094467378951 51.06260344608082 92.70826534870125 33.14714007131587 10.74415555146239 38.40159157417472 37.5581802133112 38.14260410962598 82.8298036614783 48.80972528429857 97.64774970584612 10.934859255929593 102.91345790885022 96.6355970741375 6.483540151432329 56.98298040800138 51.9640170575098 75.97790881023631 45.103267821310205 16.200782588960173 43.96063501383817 28.814003383615795 96.25848429146058 45.90560131786526 20.63753783515584 0.0 1.4516783953555434 31.708829460937142 86.40676973067264 23.328120267769894 88.9495385935674 8.732822019575394 106.84347469695746 91.7136402904364 44.01940882626768 31.07374271314899 48.870054768853905 78.7770439523726 111.43697181719568 31.33469415184489 4.301266499865702 38.078773700160816 72.63841543290413 107.22658282246645 40.434518549812516 25.799163922663286 45.728382509819824 76.88572438198103 110.12077823443052 62.425418391705286 53.915011046941096 65.66217628030275 90.06115585318506 119.60476417474514 88.13445386900382 82.11009394117079 90.06206211843488 108.97249412118074 134.28907568380967
10.779980235932067 50.60044386004314 42.64418226945431 80.74306832941447 59.629816917591924 20.896074173939645 69.51321182553004 51.59820753013666 93.04761114156629 33.20603788546795 11.658146179359214 38.42904092427767 36.56674338206058 39.34997513441632 83.14200032043163 49.935870830442106 96.75746852966516 11.620978194248814 103.74919774597811 96.73648928071007 7.885589521652557 57.05064228608335 52.47003850483742 76.29876877067232 44.99039633583768 16.88692507200268 43.60649520661486 28.428808740823523 96.44835714578225 45.11733045664215 21.348524801756394 1.4516783953555434 0.0 33.101798690634794 86.72661067512995 21.884718769653663 88.10458213477658 7.444639816954987 107.62612447304002 91.8201032210465 44.43501005451251 32.41646666822421 50.21970291434423 79.92523923585117 112.46734294356678 30.76284774611934 5.669347391340393 38.89452803998351 73.40491288922341 107.97514655834782 39.08290457068398 24.65626051205539 45.64243323826024 77.15811699311972 110.53669571703078 60.973755938711214 52.70828652028788 65.06403055671011 89.90713389733315 119.69986393429092 86.7018138759081 80.88704706470055 89.2353639412914 108.5260886249811 134.1178570568611
26.02373907360045 37.722873827021786 40.192742207823244 70.70184909125072 71.96250756704292 42.11136708241573 75.7800408008619 40.45341143630714 81.72188375150091 38.23602094928725 24.04636681711313 42.185632383612685 59.19315850434504 12.440001262585557 73.1304732058324 23.18094400583042 113.15853954506318 32.03530493498417 80.53815248170464 90.66689352734292 26.531394281934194 55.64498634318833 41.85231445055974 66.6755031394919 49.774293558172324 33.20741239286343 53.44538438242435 42.87028568122024 88.35912331244715 62.935289152039374 22.744238932813477 31.708829460937142 33.101798690634794 0.0 76.26939893438981 54.798917554046255 103.81796078771237 40.36716019896152 85.4761759875264 85.9231964149798 54.69027420417454 21.253945891150952 17.529611080833217 50.5736812841801 84.87025472965642 57.39922857664896 27.433338284162257 24.60389596480971 53.41312931205961 86.57609432186771 72.09321917367818 51.360306827708335 49.730676033139545 68.57994834298198 96.58203065013066 93.26950164482724 78.15050538176271 76.88007105797287 90.04627388545407 112.69809152475511 117.47244212517958 105.6468198159908 104.48621844735041 114.31593320244473 132.7160078826803
