0 106 109 83 140 26 118 112 102 136 98 78 125 122 47 117 49 129 60 109 3 82 53 80 98 33 85 110 78 135 95 32 132 112 24 77 45 91 49 111 129 113 97 82 68 56 47 44 48 56 125 108 91 75 60 46 35 30 35 47 122 105 88 71 54 38 23 16 25 39 121 104 86 69 52 34 17 3 19 36 121 104 87 70 53 36 21 12 22 38 124 107 90 74 58 43 31 26 32 44 127 111 95 80 65 53 43 40 44 53 132 117 102 87 75 64 56 54 57 64 139 124 110 97 85 76 70 67 70 76 146 132 119 107 97 88 83 81 83 88
106 0 21 43 35 85 25 49 51 32 26 32 22 17 64 17 100 27 99 15 105 32 58 33 14 79 22 51 58 30 14 75 31 10 84 29 99 16 98 12 95 91 91 95 101 109 120 132 145 158 81 77 77 81 88 98 109 122 136 151 68 63 63 68 76 87 100 114 129 145 55 49 49 55 65 78 92 107 123 139 43 35 36 43 56 70 86 102 118 135 32 22 22 34 49 65 81 98 115 132 26 10 11 28 45 62 79 97 114 131 27 12 13 29 45 62 80 97 114 131 35 25 25 36 50 66 82 99 116 133 45 38 39 46 58 72 87 103 119 136
109 21 0 32 44 91 44 70 71 30 45 31 20 29 73 12 94 23 113 35 109 48 68 30 15 87 33 72 75 33 32 80 24 14 89 36 93 23 110 31 75 73 76 82 91 102 115 128 143 158 61 59 62 69 80 92 106 121 137 152 48 45 49 58 70 84 99 115 131 148 34 31 36 48 62 78 94 110 127 144 23 17 26 40 57 73 90 108 125 142 16 3 20 37 54 72 89 106 124 141 20 13 23 39 56 73 90 107 124 141 31 27 33 46 61 76 93 110 126 143 44 41 46 55 68 82 98 114 130 147 58 56 59 66 77 90 104 119 135 151
83 43 32 0 75 70 66 83 80 62 57 19 52 57 58 43 62 55 101 55 83 49 55 15 29 68 35 84 74 65 43 58 55 42 66 30 62 30 96 53 64 55 51 52 59 70 83 97 112 128 53 42 37 39 48 61 75 91 107 123 44 31 23 26 39 54 70 86 103 120 39 23 9 16 33 50 67 84 101 118 39 22 8 16 32 49 67 84 101 118 44 30 21 25 38 53 69 86 103 120 52 41 35 38 47 60 75 90 107 123 63 54 49 51 58 69 82 97 112 128 74 67 64 65 70 80 91 104 118 133 87 80 78 79 83 91 101 113 126 140
140 35 44 75 0 118 28 56 63 21 47 66 26 19 96 32 134 26 125 32 139 61 90 67 47 111 56 59 81 13 45 108 30 33 117 64 133 51 127 29 114 115 119 125 133 143 154 166 179 193 100 101 106 113 122 132 144 157 171 185 85 87 92 100 110 122 135 149 164 179 71 73 80 89 100 113 127 142 157 172 57 60 67 78 91 105 120 135 151 167 43 47 56 68 83 98 114 130 147 163 28 34 46 61 77 93 110 126 143 160 14 24 39 56 73 90 107 124 141 158 2 20 37 54 71 89 106 123 141 158 16 25 40 56 73 90 107 124 141 159
26 85 91 70 118 0 94 87 77 116 74 61 105 100 23 97 58 110 43 86 24 58 29 63 79 8 63 85 53 114 73 13 113 91 6 57 54 71 34 89 125 110 97 85 75 68 65 66 72 82 118 103 88 75 63 55 51 53 60 71 113 96 81 66 52 42 37 40 49 62 109 92 75 59 44 30 23 28 40 55 107 89 72 55 38 22 10 18 34 51 106 89 72 55 37 20 6 17 34 51 108 91 74 58 42 28 20 25 38 54 111 95 79 64 50 39 33 37 47 60 116 101 86 72 60 51 47 50 57 69 123 108 94 82 71 64 61 63 69 79
118 25 44 66 28 94 0 31 37 39 21 52 35 20 72 35 120 39 98 11 117 36 66 54 38 87 37 34 54 32 25 86 44 30 95 46 118 37 100 13 118 115 115 118 122 129 138 149 160 173 104 101 101 104 109 117 127 138 151 164 91 87 87 90 97 106 116 129 142 156 77 73 73 77 84 94 106 120 134 149 64 59 59 64 73 84 98 112 127 143 51 45 45 51 62 75 90 105 121 138 40 31 31 40 53 68 84 100 117 134 30 18 18 31 47 63 80 97 114 132 26 9 10 27 44 62 79 96 113 131 29 16 16 30 46 63 80 97 114 131
112 49 70 83 56 87 31 0 11 70 27 66 65 50 65 64 126 69 78 36 110 37 60 70 60 79 49 4 36 62 41 83 74 57 89 56 124 55 82 41 142 137 133 132 133 137 142 149 158 168 129 123 119 118 119 123 129 137 146 157 116 110 106 104 106 110 116 125 136 147 104 96 92 90 92 97 104 114 125 138 92 83 78 76 78 84 93 103 116 129 80 70 64 62 65 71 82 94 107 122 70 58 50 48 51 60 72 85 100 116 61 47 37 34 39 49 63 79 94 111 54 39 25 20 27 41 57 74 91 108 51 34 17 6 20 37 54 71 89 106
102 51 71 80 63 77 37 11 0 75 26 62 68 54 56 66 119 73 68 38 101 32 51 66 59 70 45 8 26 68 40 74 78 59 80 52 116 54 72 43 141 134 130 127 127 129 134 140 149 158 128 121 116 113 113 116 121 128 137 148 116 108 102 99 99 102 108 116 126 137 104 95 89 85 85 89 95 105 116 128 93 83 75 71 71 76 83 94 106 119 82 71 62 57 58 63 72 84 97 112 73 60 49 43 44 51 62 75 90 106 66 51 38 30 30 40 53 68 84 101 61 45 29 16 18 31 47 64 81 98 60 42 25 8 10 28 45 62 80 97
136 32 30 62 21 116 39 70 75 0 53 58 12 21 96 20 123 8 130 38 136 63 90 58 38 110 53 73 88 10 45 105 9 25 114 59 123 45 130 33 94 96 102 110 120 131 144 157 172 186 80 83 89 98 109 122 135 150 165 180 65 69 77 87 99 113 128 143 159 174 51 56 65 77 91 106 121 137 153 170 37 43 55 69 84 100 116 133 150 166 23 33 47 63 79 96 113 130 147 164 10 25 42 59 76 94 111 128 145 163 10 25 42 59 76 94 111 128 145 163 23 32 47 62 79 96 113 130 147 164 37 43 55 69 84 100 116 133 149 166
98 26 45 57 47 74 21 27 26 53 0 40 45 33 52 42 104 50 79 16 97 17 46 44 34 67 23 28 36 47 15 67 55 34 75 31 102 29 80 20 116 110 107 107 109 114 122 131 141 153 103 97 93 93 96 101 110 120 131 144 91 83 79 79 82 89 98 109 122 136 79 70 65 65 69 77 87 100 114 128 67 57 51 51 56 66 78 92 107 122 57 45 38 37 44 56 70 85 101 117 50 35 24 23 33 48 64 80 97 114 45 28 13 11 27 43 61 78 95 112 45 28 12 11 26 43 60 78 95 112 49 35 23 23 33 48 64 80 97 114
78 32 31 19 66 61 52 66 62 58 40 0 47 48 44 39 69 52 86 41 78 31 40 5 21 57 18 66 56 59 28 49 54 35 58 11 68 16 83 41 82 73 68 67 71 78 89 101 114 129 70 60 54 53 58 67 79 92 107 122 60 48 41 39 45 56 70 85 101 117 52 38 27 26 34 48 63 80 96 113 47 31 16 12 26 43 60 77 94 111 46 29 12 8 24 42 59 76 93 111 50 34 22 19 30 45 61 78 95 112 56 43 34 33 40 52 67 82 98 115 66 55 48 47 52 62 75 89 104 120 76 67 62 61 65 73 84 97 111 126
125 22 20 52 26 105 35 65 68 12 45 47 0 16 85 9 113 6 121 31 125 53 79 47 27 100 42 67 79 14 36 94 10 14 103 49 112 34 120 26 89 90 94 101 110 121 133 147 161 176 75 76 81 89 99 111 125 139 154 169 61 62 68 77 89 102 117 132 148 163 47 48 56 67 80 95 110 126 142 159 32 35 45 58 73 89 105 122 139 156 18 23 36 52 68 85 102 119 136 153 5 14 31 49 66 83 101 118 135 152 12 18 33 50 67 84 101 118 136 153 26 29 40 55 71 87 104 120 137 154 40 42 51 63 77 92 108 124 141 157
122 17 29 57 19 100 20 50 54 21 33 48 16 0 79 18 116 20 111 18 121 45 73 49 29 94 37 52 68 15 28 90 25 16 99 45 115 33 111 13 102 102 104 108 116 125 136 148 161 175 88 87 90 95 104 114 126 139 153 167 74 73 76 83 92 104 117 131 145 161 60 59 63 71 82 94 109 123 139 155 46 45 50 60 72 87 102 118 134 150 33 31 38 50 65 80 97 113 130 147 21 17 28 43 59 76 93 110 127 145 13 6 23 40 57 75 92 109 127 144 18 14 26 42 59 76 93 110 127 144 30 28 35 48 63 79 96 112 129 146
47 64 73 58 96 23 72 65 56 96 52 44 85 79 0 78 68 90 44 64 46 36 6 47 60 16 43 64 34 93 52 18 93 71 24 38 65 52 39 67 118 106 95 87 81 78 80 85 93 103 109 96 84 74 67 64 66 72 82 93 102 87 74 62 54 50 53 60 71 85 95 80 65 51 41 37 40 49 63 77 91 74 58 43 29 23 28 40 56 72 89 71 54 37 21 9 19 35 52 69 88 71 54 37 20 6 18 34 52 69 90 74 57 41 28 20 26 39 55 71 95 79 64 50 39 34 38 48 61 76 101 86 72 60 52 48 51 58 70 83
117 17 12 43 32 97 35 64 66 20 42 39 9 18 78 0 105 13 115 29 117 48 73 39 19 92 36 66 75 22 30 87 16 8 96 41 104 27 114 24 85 84 87 93 102 113 125 138 153 167 71 70 74 81 91 103 116 131 145 161 57 56 60 69 81 94 109 124 139 155 43 42 48 59 72 87 102 118 135 151 29 28 36 50 65 81 97 114 131 148 17 15 28 44 61 78 95 112 129 146 11 8 25 42 59 77 94 111 128 146 20 18 30 45 61 78 95 112 129 147 33 32 39 52 67 82 99 115 132 149 46 46 51 61 74 88 104 120 136 152
49 100 94 62 134 58 120 126 119 123 104 69 113 116 68 105 0 116 100 109 51 90 71 68 88 63 84 125 100 126 95 52 117 102 53 75 4 85 91 109 87 70 53 36 20 11 21 37 54 71 86 69 52 34 17 4 19 36 53 71 88 71 54 39 24 18 26 40 56 73 92 76 61 47 36 32 37 48 62 77 98 83 69 57 49 46 49 58 70 84 105 91 79 69 62 60 62 69 80 92 114 101 90 81 76 74 76 82 90 101 123 112 102 94 89 88 89 94 102 112 134 123 114 108 103 102 103 107 114 123 145 135 127 121 117 116 117 120 126 134
129 27 23 55 26 110 39 69 73 8 50 52 6 20 90 13 116 0 126 36 129 59 85 51 32 105 48 72 85 14 41 99 5 19 108 54 116 39 125 31 89 90 95 103 113 124 137 151 165 180 74 76 82 91 102 115 128 143 158 173 60 63 70 80 92 106 121 136 152 168 46 49 58 70 84 99 115 131 147 164 31 37 48 62 78 94 110 127 144 161 17 26 40 56 73 90 107 124 141 159 3 19 37 54 71 89 106 123 140 158 13 23 38 55 72 89 106 124 141 158 27 33 45 60 76 92 109 126 143 160 41 45 55 67 82 97 113 129 146 163
60 99 113 101 125 43 98 78 68 130 79 86 121 111 44 115 100 126 0 94 57 68 47 90 99 39 81 75 45 126 86 52 130 108 48 78 97 91 11 99 162 149 137 126 117 110 105 103 104 108 153 139 126 115 105 97 91 89 90 95 145 131 117 104 93 84 78 75 77 82 138 123 108 95 82 72 65 62 63 70 133 117 101 86 72 60 52 48 50 58 128 112 95 79 64 50 39 34 37 47 125 108 91 74 58 42 28 20 25 39 124 106 89 72 55 37 21 7 17 34 124 107 89 72 55 38 21 9 18 34 125 108 92 75 59 43 30 22 27 40
109 15 35 55 32 86 11 36 38 38 16 41 31 18 64 29 109 36 94 0 108 29 58 44 27 80 26 38 51 32 15 78 40 22 86 35 108 27 95 6 109 106 105 107 112 119 128 139 151 163 96 92 91 93 99 107 117 129 141 155 82 78 77 80 86 95 107 119 133 148 69 64 63 66 74 85 97 111 126 141 57 50 48 53 63 75 89 104 119 136 45 36 34 41 53 67 82 98 115 131 35 23 21 30 45 61 78 94 111 129 30 13 8 24 41 58 75 93 110 127 31 15 11 25 42 59 76 93 110 127 38 26 24 33 47 62 79 95 112 129
3 105 109 83 139 24 117 110 101 136 97 78 125 121 46 117 51 129 57 108 0 81 52 80 98 32 84 109 77 134 95 31 132 111 23 77 47 91 47 111 130 114 99 84 70 58 50 46 49 58 126 109 93 77 61 48 37 32 37 48 123 106 89 72 55 39 26 19 26 40 122 104 87 70 52 35 18 5 18 36 122 105 87 70 53 36 20 10 20 37 124 107 90 73 57 42 29 24 30 42 127 111 95 79 64 51 41 38 41 51 132 116 101 87 73 62 54 51 54 62 138 123 109 96 84 74 68 65 67 74 145 131 118 106 95 87 81 79 81 86
82 32 48 49 61 58 36 37 32 63 17 31 53 45 36 48 90 59 68 29 81 0 30 35 34 52 16 37 28 59 18 51 63 41 59 20 87 26 67 32 112 104 98 96 96 100 106 115 125 137 100 91 85 82 82 87 94 104 115 128 88 78 71 68 69 74 82 93 106 120 78 66 58 54 55 61 71 84 98 113 69 56 45 40 41 50 62 76 91 107 62 47 33 26 28 40 54 70 86 103 58 41 25 12 17 33 49 66 83 101 57 40 22 6 14 31 48 65 83 100 59 43 28 18 22 35 51 68 84 101 65 51 39 32 34 44 57 72 88 105
53 58 68 55 90 29 66 60 51 90 46 40 79 73 6 73 71 85 47 58 52 30 0 44 55 22 38 59 30 87 46 23 88 66 30 33 68 47 43 61 117 105 95 87 82 81 84 90 98 109 107 94 83 74 69 67 70 77 87 99 99 85 72 62 55 53 57 66 77 90 92 77 62 50 42 39 45 55 68 83 87 70 55 40 29 26 33 46 62 78 84 67 50 33 18 12 24 41 57 74 83 66 49 31 14 6 22 39 56 74 85 68 51 36 22 18 28 43 59 76 89 73 58 44 34 32 38 50 64 80 95 80 66 55 47 46 50 60 72 86
80 33 30 15 67 63 54 70 66 58 44 5 47 49 47 39 68 51 90 44 80 35 44 0 21 59 21 70 60 59 31 51 53 35 60 16 66 18 86 43 77 69 64 64 69 77 88 100 114 129 66 56 50 50 56 66 78 92 107 123 56 44 37 36 44 56 70 86 102 118 49 34 23 23 34 48 64 81 98 115 44 27 12 11 27 44 61 78 96 113 45 28 12 12 27 44 61 79 96 113 49 34 24 24 34 49 65 81 98 115 57 45 37 37 44 56 70 86 102 118 67 57 51 51 56 66 78 92 107 123 78 70 65 65 69 77 88 101 114 129
98 14 15 29 47 79 38 60 59 38 34 21 27 29 60 19 88 32 99 27 98 34 55 21 0 74 19 61 61 39 19 68 35 15 77 23 87 9 97 25 83 79 78 81 88 97 108 121 134 149 70 65 64 68 75 86 98 112 127 142 57 51 50 55 64 76 90 105 121 137 46 37 36 42 54 68 83 99 116 132 36 24 22 32 46 62 79 95 112 129 30 13 9 25 42 59 76 93 111 128 30 14 10 25 42 59 76 93 111 128 36 25 23 32 47 62 79 96 112 130 46 38 37 43 55 69 84 100 116 133 58 52 51 56 65 77 91 105 121 137
33 79 87 68 111 8 87 79 70 110 67 57 100 94 16 92 63 105 39 80 32 52 22 59 74 0 58 77 45 108 67 13 108 86 12 52 60 66 31 83 125 111 99 88 79 73 71 74 80 89 118 103 89 77 66 60 58 61 68 79 111 96 81 67 55 46 44 48 57 69 106 90 74 58 44 34 30 36 47 62 103 86 69 53 37 22 16 25 40 57 102 85 68 50 33 16 3 20 37 54 103 86 69 52 35 20 13 23 39 56 106 89 73 57 42 31 27 33 46 60 110 94 79 65 52 44 41 45 55 68 116 101 87 74 64 57 55 58 66 77
85 22 33 35 56 63 37 49 45 53 23 18 42 37 43 36 84 48 81 26 84 16 38 21 19 58 0 49 43 51 12 54 51 29 63 10 82 11 79 27 97 89 85 85 88 94 102 113 125 138 84 76 71 71 74 81 91 103 116 130 73 63 57 57 61 69 81 94 108 124 62 51 44 43 48 59 72 87 102 118 54 40 30 29 37 50 65 81 97 114 48 32 18 15 28 44 60 77 94 111 46 29 11 7 24 41 59 76 93 111 48 32 19 16 28 44 61 77 94 112 54 41 31 30 38 50 65 81 98 114 63 52 45 44 49 60 73 87 103 118
110 51 72 84 59 85 34 4 8 73 28 66 67 52 64 66 125 72 75 38 109 37 59 70 61 77 49 0 33 65 42 81 77 59 87 56 123 56 80 43 144 138 134 132 133 136 141 148 156 166 130 124 120 118 119 122 128 135 145 155 118 111 106 104 105 109 115 123 134 145 105 97 92 90 91 96 103 112 123 136 93 84 78 76 77 83 91 101 114 127 82 72 65 62 64 70 80 92 105 119 72 60 52 48 50 58 69 83 98 113 64 50 39 34 37 47 61 76 92 108 57 41 27 20 25 39 54 71 88 105 54 37 20 6 17 34 51 68 86 103
78 58 75 74 81 53 54 36 26 88 36 56 79 68 34 75 100 85 45 51 77 28 30 60 61 45 43 33 0 82 45 51 89 67 56 45 97 54 48 55 137 128 120 114 111 111 113 118 125 134 126 115 107 101 97 97 100 105 113 123 115 104 94 87 83 83 86 92 101 112 105 93 82 74 70 69 73 80 91 103 97 83 71 61 56 55 60 69 81 94 89 74 61 49 42 41 48 59 72 87 84 68 52 38 29 28 37 50 65 82 80 63 47 30 16 15 28 44 61 78 80 62 45 28 10 8 25 43 60 77 81 64 48 32 19 18 30 45 62 79
135 30 33 65 13 114 32 62 68 10 47 59 14 15 93 22 126 14 126 32 134 59 87 59 39 108 51 65 82 0 42 104 17 24 113 58 125 44 126 28 102 103 108 114 123 134 146 159 172 187 87 89 94 102 112 124 137 150 165 180 73 75 81 91 102 114 128 143 158 174 59 62 69 80 92 106 121 136 152 168 45 48 58 70 84 99 115 131 147 164 30 36 48 62 78 94 110 127 144 161 16 25 40 57 73 90 107 125 142 159 3 20 37 55 72 89 106 124 141 158 14 24 39 56 73 90 107 124 142 159 28 34 46 61 77 93 110 127 144 161
95 14 32 43 45 73 25 41 40 45 15 28 36 28 52 30 95 41 86 15 95 18 46 31 19 67 12 42 45 42 0 64 45 23 73 21 93 15 85 16 102 96 94 94 98 105 114 124 136 149 89 82 80 80 85 92 102 114 127 141 76 69 65 67 72 81 92 105 119 134 64 56 51 53 60 70 83 97 112 128 54 43 37 39 48 61 75 91 107 123 45 31 23 27 38 53 70 86 103 120 40 23 10 16 32 49 66 84 101 118 39 22 8 15 32 49 66 83 101 118 44 30 21 25 37 52 69 85 102 119 52 41 35 37 46 59 74 90 106 122
32 75 80 58 108 13 86 83 74 105 67 49 94 90 18 87 52 99 52 78 31 51 23 51 68 13 54 81 51 104 64 0 102 81 10 46 48 61 44 80 113 99 86 75 67 62 62 67 76 87 106 91 77 64 54 48 49 55 65 78 100 84 69 54 42 35 35 43 56 71 96 80 63 47 32 21 22 34 49 65 95 77 60 43 26 10 12 28 45 63 95 78 60 43 27 12 14 29 46 63 97 80 64 48 34 24 25 36 50 66 101 85 70 56 45 38 38 46 58 72 107 92 79 66 57 51 52 57 67 80 115 101 88 78 69 65 65 70 78 89
132 31 24 55 30 113 44 74 78 9 55 54 10 25 93 16 117 5 130 40 132 63 88 53 35 108 51 77 89 17 45 102 0 23 111 56 116 42 129 35 85 88 93 102 112 124 137 151 166 181 71 74 81 90 102 115 129 144 160 175 57 61 69 80 93 107 122 138 154 170 42 48 58 71 85 101 117 133 150 166 28 36 48 63 79 96 113 129 146 163 14 26 42 59 76 93 110 127 144 162 6 23 40 57 75 92 109 127 144 161 17 28 43 59 76 93 110 127 145 162 31 38 50 65 80 97 113 130 147 164 45 50 60 72 87 102 118 134 150 167
112 10 14 42 33 91 30 57 59 25 34 35 14 16 71 8 102 19 108 22 111 41 66 35 15 86 29 59 67 24 23 81 23 0 90 35 101 21 107 18 89 87 89 93 101 111 122 135 149 163 75 73 75 80 89 100 113 127 141 156 61 59 61 68 78 91 105 119 135 150 48 44 48 56 68 82 97 113 129 146 35 30 35 46 60 76 92 109 125 142 24 16 24 39 55 72 89 106 123 140 18 2 18 35 53 70 87 105 122 139 22 13 22 38 54 71 88 105 122 140 33 28 33 45 59 75 91 108 125 142 45 42 45 54 67 81 96 112 128 145
24 84 89 66 117 6 95 89 80 114 75 58 103 99 24 96 53 108 48 86 23 59 30 60 77 12 63 87 56 113 73 10 111 90 0 55 49 70 39 88 120 105 92 80 69 63 60 63 70 80 114 98 83 69 58 49 46 50 58 70 109 92 76 61 47 37 32 37 48 62 105 88 71 55 39 25 19 26 40 56 104 86 69 52 35 18 5 19 36 53 104 87 70 53 36 20 10 21 37 54 106 90 73 57 42 29 24 30 43 58 110 94 79 64 51 42 38 42 52 65 116 101 86 73 62 55 52 55 63 74 123 109 96 84 74 68 66 68 74 84
77 29 36 30 64 57 46 56 52 59 31 11 49 45 38 41 75 54 78 35 77 20 33 16 23 52 10 56 45 58 21 46 56 35 55 0 73 15 75 36 92 84 79 77 79 85 93 104 116 130 81 71 65 63 65 72 82 94 108 122 71 59 51 49 52 60 72 86 100 116 62 48 38 35 39 50 64 79 95 111 55 39 26 21 28 42 57 74 91 108 51 34 18 7 20 37 54 71 89 106 52 35 18 9 21 37 54 72 89 106 56 41 28 23 29 43 58 74 91 108 63 50 40 37 41 51 65 80 95 112 72 61 53 51 54 62 74 87 102 117
45 99 93 62 133 54 118 124 116 123 102 68 112 115 65 104 4 116 97 108 47 87 68 66 87 60 82 123 97 125 93 48 116 101 49 73 0 83 87 108 89 72 55 39 23 14 22 37 53 70 88 71 53 36 19 2 17 34 51 69 89 72 55 39 24 15 22 37 53 70 93 76 61 46 34 29 33 44 59 74 98 83 68 56 46 43 45 54 66 80 105 91 78 67 60 56 59 66 76 88 113 100 89 79 73 70 72 78 87 98 122 110 100 92 87 84 86 90 98 108 133 122 112 105 100 98 99 103 110 119 143 133 125 118 114 112 113 117 123 131
91 16 23 30 51 71 37 55 54 45 29 16 34 33 52 27 85 39 91 27 91 26 47 18 9 66 11 56 54 44 15 61 42 21 70 15 83 0 89 25 88 82 80 81 86 94 104 116 129 143 75 68 66 67 73 82 94 107 121 136 63 55 51 54 61 72 85 99 114 130 52 42 37 40 50 63 77 93 109 125 43 30 23 28 40 55 72 88 105 122 38 21 9 18 34 51 69 86 103 120 37 20 6 17 34 51 68 85 103 120 42 28 20 26 39 54 71 88 104 121 50 39 34 38 48 61 76 92 108 124 61 52 49 51 59 70 83 98 113 129
49 98 110 96 127 34 100 82 72 130 80 83 120 111 39 114 91 125 11 95 47 67 43 86 97 31 79 80 48 126 85 44 129 107 39 75 87 89 0 99 155 142 129 118 108 100 95 93 94 98 147 133 119 107 96 87 81 79 80 85 140 125 110 97 85 75 68 65 67 73 134 118 103 88 75 63 55 51 53 61 129 113 97 81 66 53 42 37 40 50 126 109 92 75 59 44 31 24 28 40 124 107 89 72 55 38 22 10 18 34 124 106 89 72 55 37 20 5 16 33 125 108 91 74 57 41 27 19 24 38 128 111 95 79 63 49 38 33 36 46
111 12 31 53 29 89 13 41 43 33 20 41 26 13 67 24 109 31 99 6 111 32 61 43 25 83 27 43 55 28 16 80 35 18 88 36 108 25 99 0 105 103 102 105 111 119 128 139 152 165 92 88 88 92 98 107 118 130 143 157 78 74 74 78 86 96 108 121 135 150 65 60 60 65 74 86 99 113 128 144 52 46 46 53 63 77 91 106 122 139 40 32 33 41 54 69 85 101 118 135 30 19 20 32 48 64 81 98 115 132 26 8 10 28 45 62 79 97 114 131 28 15 16 30 46 63 80 97 115 132 37 28 28 38 52 67 83 100 117 134
129 95 75 64 114 125 118 142 141 94 116 82 89 102 118 85 87 89 162 109 130 112 117 77 83 125 97 144 137 102 102 113 85 89 120 92 89 88 155 105 0 18 35 52 70 87 104 122 139 156 15 23 38 54 71 88 105 122 140 157 29 34 45 60 75 91 108 125 142 159 43 47 55 68 82 97 113 129 145 162 58 60 67 77 90 104 119 134 150 166 72 74 80 88 99 112 126 140 156 171 86 88 93 100 110 122 134 148 162 177 100 102 106 112 121 132 144 156 170 184 115 116 119 125 133 143 154 166 179 192 129 130 133 138 145 154 164 176 188 201
113 91 73 55 115 110 115 137 134 96 110 73 90 102 106 84 70 90 149 106 114 104 105 69 79 111 89 138 128 103 96 99 88 87 105 84 72 82 142 103 18 0 18 35 52 70 87 104 122 139 23 15 23 38 54 71 88 105 122 140 34 29 34 45 60 75 91 108 125 142 47 43 46 55 67 82 97 112 129 145 60 57 60 67 77 90 104 118 134 150 74 72 73 79 88 99 112 126 140 155 88 86 87 92 100 110 121 134 148 162 102 100 101 105 112 121 131 143 156 170 116 114 115 119 125 133 142 153 165 178 130 128 129 132 138 145 154 164 175 187
97 91 76 51 119 97 115 133 130 102 107 68 94 104 95 87 53 95 137 105 99 98 95 64 78 99 85 134 120 108 94 86 93 89 92 79 55 80 129 102 35 18 0 18 35 52 70 87 104 122 38 23 15 23 38 54 71 88 105 122 45 34 29 34 45 60 75 91 108 125 55 46 43 46 55 67 81 97 112 129 67 60 57 60 67 77 90 104 118 134 80 73 71 73 79 88 99 112 126 140 93 87 85 87 92 99 109 121 134 148 106 101 99 101 105 112 121 131 143 156 119 115 114 115 118 124 132 142 153 165 133 129 128 129 132 137 144 153 163 175
82 95 82 52 125 85 118 132 127 110 107 67 101 108 87 93 36 103 126 107 84 96 87 64 81 88 85 132 114 114 94 75 102 93 80 77 39 81 118 105 52 35 18 0 18 35 52 70 87 104 54 38 23 15 23 38 54 71 88 105 60 45 34 29 33 45 59 75 91 108 68 55 46 43 46 55 67 81 97 112 77 67 60 57 59 66 77 89 103 118 88 79 73 71 73 79 88 99 112 125 100 92 87 85 87 91 99 109 121 134 112 105 101 99 100 105 111 120 131 143 125 119 115 113 114 118 124 132 141 152 138 132 129 127 128 131 137 144 153 163
68 101 91 59 133 75 122 133 127 120 109 71 110 116 81 102 20 113 117 112 70 96 82 69 88 79 88 133 111 123 98 67 112 101 69 79 23 86 108 111 70 52 35 18 0 18 35 52 70 87 71 54 38 23 15 23 38 54 71 88 75 60 45 33 29 33 45 59 75 91 82 67 55 46 43 46 55 67 81 96 90 77 67 59 57 59 66 77 89 103 99 88 79 73 71 73 78 87 99 111 110 100 92 87 85 86 91 99 109 120 121 112 105 100 99 100 104 111 120 130 133 125 118 114 113 114 117 123 131 141 145 138 132 128 127 127 131 136 143 152
56 109 102 70 143 68 129 137 129 131 114 78 121 125 78 113 11 124 110 119 58 100 81 77 97 73 94 136 111 134 105 62 124 111 63 85 14 94 100 119 87 70 52 35 18 0 18 35 52 70 88 71 54 38 23 14 23 38 54 71 91 75 60 45 33 28 33 45 59 75 97 82 67 55 46 42 46 55 67 81 104 90 77 66 59 56 59 66 76 89 112 99 88 79 73 70 72 78 87 98 122 110 99 91 86 84 86 91 98 108 132 121 112 105 100 98 99 104 110 119 143 133 124 118 114 112 113 117 123 131 154 145 137 131 127 126 127 130 135 143
47 120 115 83 154 65 138 142 134 144 122 89 133 136 80 125 21 137 105 128 50 106 84 88 108 71 102 141 113 146 114 62 137 122 60 93 22 104 95 128 104 87 70 52 35 18 0 18 35 52 105 88 71 54 38 23 14 23 38 54 108 91 75 59 45 33 28 33 45 59 113 97 81 67 55 46 42 46 54 67 119 104 90 77 66 59 56 59 66 76 126 112 99 88 78 72 70 72 78 87 134 121 109 99 91 86 84 85 90 98 144 131 121 111 104 99 98 99 103 110 154 142 132 124 117 113 112 113 116 122 164 154 144 137 131 127 125 126 130 135
44 132 128 97 166 66 149 149 140 157 131 101 147 148 85 138 37 151 103 139 46 115 90 100 121 74 113 148 118 159 124 67 151 135 63 104 37 116 93 139 122 104 87 70 52 35 18 0 18 35 122 105 88 71 54 38 23 14 23 38 125 108 91 75 59 45 33 28 33 45 129 112 97 81 67 55 46 42 45 54 134 118 104 89 77 66 59 56 58 65 140 126 112 99 87 78 72 70 72 77 148 134 121 109 99 91 85 83 85 90 156 143 131 120 111 104 99 97 99 103 166 153 142 132 123 117 113 111 112 116 176 164 153 144 136 130 126 125 126 129
48 145 143 112 179 72 160 158 149 172 141 114 161 161 93 153 54 165 104 151 49 125 98 114 134 80 125 156 125 172 136 76 166 149 70 116 53 129 94 152 139 122 104 87 70 52 35 18 0 18 140 122 105 88 71 54 38 23 14 23 142 125 108 91 75 59 45 33 28 33 145 129 112 97 81 67 54 45 42 45 150 134 118 103 89 76 66 58 55 58 156 140 126 112 99 87 78 72 69 71 162 148 134 121 109 98 90 85 83 85 170 156 143 131 120 110 103 99 97 98 179 165 153 141 131 123 116 112 110 112 188 175 163 153 143 135 130 126 124 125
56 158 158 128 193 82 173 168 158 186 153 129 176 175 103 167 71 180 108 163 58 137 109 129 149 89 138 166 134 187 149 87 181 163 80 130 70 143 98 165 156 139 122 104 87 70 52 35 18 0 157 140 122 105 88 71 54 38 23 14 159 142 125 108 91 75 59 45 33 28 162 145 129 112 96 81 67 54 45 42 166 150 134 118 103 89 76 65 58 55 171 155 140 125 111 98 87 77 71 69 177 162 148 134 120 108 98 90 85 83 184 170 156 143 130 119 110 103 98 96 192 178 165 152 141 131 122 116 112 110 201 187 175 163 152 143 135 129 125 124
125 81 61 53 100 118 104 129 128 80 103 70 75 88 109 71 86 74 153 96 126 100 107 66 70 118 84 130 126 87 89 106 71 75 114 81 88 75 147 92 15 23 38 54 71 88 105 122 140 157 0 18 35 52 70 87 104 122 139 156 15 23 38 54 71 88 105 122 140 157 29 34 45 60 75 91 108 125 142 159 43 47 55 68 82 97 113 129 145 162 58 60 67 77 90 104 119 134 150 166 72 74 80 88 99 112 126 140 156 171 86 88 93 100 110 122 134 148 162 177 100 102 106 112 121 132 144 156 170 184 115 116 119 125 133 143 154 166 179 192
108 77 59 42 101 103 101 123 121 83 97 60 76 87 96 70 69 76 139 92 109 91 94 56 65 103 76 124 115 89 82 91 74 73 98 71 71 68 133 88 23 15 23 38 54 71 88 105 122 140 18 0 18 35 52 70 87 104 122 139 23 15 23 38 54 71 88 105 122 140 34 29 34 45 60 75 91 108 125 142 47 43 46 55 67 82 97 112 129 145 60 57 60 67 77 90 104 118 134 150 74 72 73 79 88 99 112 126 140 155 88 86 87 92 100 110 121 134 148 162 102 100 101 105 112 121 131 143 156 170 116 114 115 119 125 133 142 153 165 178
91 77 62 37 106 88 101 119 116 89 93 54 81 90 84 74 52 82 126 91 93 85 83 50 64 89 71 120 107 94 80 77 81 75 83 65 53 66 119 88 38 23 15 23 38 54 71 88 105 122 35 18 0 18 35 52 70 87 104 122 38 23 15 23 38 54 71 88 105 122 45 34 29 34 45 60 75 91 108 125 55 46 43 46 55 67 81 97 112 129 67 60 57 60 67 77 90 104 118 134 80 73 71 73 79 88 99 112 126 140 93 87 85 87 92 99 109 121 134 148 106 101 99 101 105 112 121 131 143 156 119 115 114 115 118 124 132 142 153 165
75 81 69 39 113 75 104 118 113 98 93 53 89 95 74 81 34 91 115 93 77 82 74 50 68 77 71 118 101 102 80 64 90 80 69 63 36 67 107 92 54 38 23 15 23 38 54 71 88 105 52 35 18 0 18 35 52 70 87 104 54 38 23 15 23 38 54 71 88 105 60 45 34 29 33 45 59 75 91 108 68 55 46 43 46 55 67 81 97 112 77 67 60 57 59 66 77 89 103 118 88 79 73 71 73 79 88 99 112 125 100 92 87 85 87 91 99 109 121 134 112 105 101 99 100 105 111 120 131 143 125 119 115 113 114 118 124 132 141 152
60 88 80 48 122 63 109 119 113 109 96 58 99 104 67 91 17 102 105 99 61 82 69 56 75 66 74 119 97 112 85 54 102 89 58 65 19 73 96 98 71 54 38 23 15 23 38 54 71 88 70 52 35 18 0 18 35 52 70 87 71 54 38 23 15 23 38 54 71 88 75 60 45 33 29 33 45 59 75 91 82 67 55 46 43 46 55 67 81 96 90 77 67 59 57 59 66 77 89 103 99 88 79 73 71 73 78 87 99 111 110 100 92 87 85 86 91 99 109 120 121 112 105 100 99 100 104 111 120 130 133 125 118 114 113 114 117 123 131 141
46 98 92 61 132 55 117 123 116 122 101 67 111 114 64 103 4 115 97 107 48 87 67 66 86 60 81 122 97 124 92 48 115 100 49 72 2 82 87 107 88 71 54 38 23 14 23 38 54 71 87 70 52 35 18 0 18 35 52 70 88 71 54 38 23 14 23 38 54 71 91 75 60 45 33 28 33 45 59 75 97 82 67 55 46 42 46 55 67 81 104 90 77 66 59 56 59 66 76 89 112 99 88 79 73 70 72 78 87 98 122 110 99 91 86 84 86 91 98 108 132 121 112 105 100 98 99 104 110 119 143 133 124 118 114 112 113 117 123 131
35 109 106 75 144 51 127 129 121 135 110 79 125 126 66 116 19 128 91 117 37 94 70 78 98 58 91 128 100 137 102 49 129 113 46 82 17 94 81 118 105 88 71 54 38 23 14 23 38 54 104 87 70 52 35 18 0 18 35 52 105 88 71 54 38 23 14 23 38 54 108 91 75 59 45 33 28 33 45 59 113 97 81 67 55 46 42 46 54 67 119 104 90 77 66 59 56 59 66 76 126 112 99 88 78 72 70 72 78 87 134 121 109 99 91 86 84 85 90 98 144 131 121 111 104 99 98 99 103 110 154 142 132 124 117 113 112 113 116 122
30 122 121 91 157 53 138 137 128 150 120 92 139 139 72 131 36 143 89 129 32 104 77 92 112 61 103 135 105 150 114 55 144 127 50 94 34 107 79 130 122 105 88 71 54 38 23 14 23 38 122 104 87 70 52 35 18 0 18 35 122 105 88 71 54 38 23 14 23 38 125 108 91 75 59 45 33 28 33 45 129 112 97 81 67 55 46 42 45 54 134 118 104 89 77 66 59 56 58 65 140 126 112 99 87 78 72 70 72 77 148 134 121 109 99 91 85 83 85 90 156 143 131 120 111 104 99 97 99 103 166 153 142 132 123 117 113 111 112 116
35 136 137 107 171 60 151 146 137 165 131 107 154 153 82 145 53 158 90 141 37 115 87 107 127 68 116 145 113 165 127 65 160 141 58 108 51 121 80 143 140 122 105 88 71 54 38 23 14 23 139 122 104 87 70 52 35 18 0 18 140 122 105 88 71 54 38 23 14 23 142 125 108 91 75 59 45 33 28 33 145 129 112 97 81 67 54 45 42 45 150 134 118 103 89 76 66 58 55 58 156 140 126 112 99 87 78 72 69 71 162 148 134 121 109 98 90 85 83 85 170 156 143 131 120 110 103 99 97 98 179 165 153 141 131 123 116 112 110 112
47 151 152 123 185 71 164 157 148 180 144 122 169 167 93 161 71 173 95 155 48 128 99 123 142 79 130 155 123 180 141 78 175 156 70 122 69 136 85 157 157 140 122 105 88 71 54 38 23 14 156 139 122 104 87 70 52 35 18 0 157 140 122 105 88 71 54 38 23 14 159 142 125 108 91 75 59 45 33 28 162 145 129 112 96 81 67 54 45 42 166 150 134 118 103 89 76 65 58 55 171 155 140 125 111 98 87 77 71 69 177 162 148 134 120 108 98 90 85 83 184 170 156 143 130 119 110 103 98 96 192 178 165 152 141 131 122 116 112 110
122 68 48 44 85 113 91 116 116 65 91 60 61 74 102 57 88 60 145 82 123 88 99 56 57 111 73 118 115 73 76 100 57 61 109 71 89 63 140 78 29 34 45 60 75 91 108 125 142 159 15 23 38 54 71 88 105 122 140 157 0 18 35 52 70 87 104 122 139 156 15 23 38 54 71 88 105 122 140 157 29 34 45 60 75 91 108 125 142 159 43 47 55 68 82 97 113 129 145 162 58 60 67 77 90 104 119 134 150 166 72 74 80 88 99 112 126 140 156 171 86 88 93 100 110 122 134 148 162 177 100 102 106 112 121 132 144 156 170 184
105 63 45 31 87 96 87 110 108 69 83 48 62 73 87 56 71 63 131 78 106 78 85 44 51 96 63 111 104 75 69 84 61 59 92 59 72 55 125 74 34 29 34 45 60 75 91 108 125 142 23 15 23 38 54 71 88 105 122 140 18 0 18 35 52 70 87 104 122 139 23 15 23 38 54 71 88 105 122 140 34 29 34 45 60 75 91 108 125 142 47 43 46 55 67 82 97 112 129 145 60 57 60 67 77 90 104 118 134 150 74 72 73 79 88 99 112 126 140 155 88 86 87 92 100 110 121 134 148 162 102 100 101 105 112 121 131 143 156 170
88 63 49 23 92 81 87 106 102 77 79 41 68 76 74 60 54 70 117 77 89 71 72 37 50 81 57 106 94 81 65 69 69 61 76 51 55 51 110 74 45 34 29 34 45 60 75 91 108 125 38 23 15 23 38 54 71 88 105 122 35 18 0 18 35 52 70 87 104 122 38 23 15 23 38 54 71 88 105 122 45 34 29 34 45 60 75 91 108 125 55 46 43 46 55 67 81 97 112 129 67 60 57 60 67 77 90 104 118 134 80 73 71 73 79 88 99 112 126 140 93 87 85 87 92 99 109 121 134 148 106 101 99 101 105 112 121 131 143 156
71 68 58 26 100 66 90 104 99 87 79 39 77 83 62 69 39 80 104 80 72 68 62 36 55 67 57 104 87 91 67 54 80 68 61 49 39 54 97 78 60 45 34 29 33 45 59 75 91 108 54 38 23 15 23 38 54 71 88 105 52 35 18 0 18 35 52 70 87 104 54 38 23 15 23 38 54 71 88 105 60 45 34 29 33 45 59 75 91 108 68 55 46 43 46 55 67 81 97 112 77 67 60 57 59 66 77 89 103 118 88 79 73 71 73 79 88 99 112 125 100 92 87 85 87 91 99 109 121 134 112 105 101 99 100 105 111 120 131 143
54 76 70 39 110 52 97 106 99 99 82 45 89 92 54 81 24 92 93 86 55 69 55 44 64 55 61 105 83 102 72 42 93 78 47 52 24 61 85 86 75 60 45 33 29 33 45 59 75 91 71 54 38 23 15 23 38 54 71 88 70 52 35 18 0 18 35 52 70 87 71 54 38 23 15 23 38 54 71 88 75 60 45 33 29 33 45 59 75 91 82 67 55 46 43 46 55 67 81 96 90 77 67 59 57 59 66 77 89 103 99 88 79 73 71 73 78 87 99 111 110 100 92 87 85 86 91 99 109 120 121 112 105 100 99 100 104 111 120 130
38 87 84 54 122 42 106 110 102 113 89 56 102 104 50 94 18 106 84 95 39 74 53 56 76 46 69 109 83 114 81 35 107 91 37 60 15 72 75 96 91 75 60 45 33 28 33 45 59 75 88 71 54 38 23 14 23 38 54 71 87 70 52 35 18 0 18 35 52 70 88 71 54 38 23 14 23 38 54 71 91 75 60 45 33 28 33 45 59 75 97 82 67 55 46 42 46 55 67 81 104 90 77 66 59 56 59 66 76 89 112 99 88 79 73 70 72 78 87 98 122 110 99 91 86 84 86 91 98 108 132 121 112 105 100 98 99 104 110 119
23 100 99 70 135 37 116 116 108 128 98 70 117 117 53 109 26 121 78 107 26 82 57 70 90 44 81 115 86 128 92 35 122 105 32 72 22 85 68 108 108 91 75 59 45 33 28 33 45 59 105 88 71 54 38 23 14 23 38 54 104 87 70 52 35 18 0 18 35 52 105 88 71 54 38 23 14 23 38 54 108 91 75 59 45 33 28 33 45 59 113 97 81 67 55 46 42 46 54 67 119 104 90 77 66 59 56 59 66 76 126 112 99 88 78 72 70 72 78 87 134 121 109 99 91 86 84 85 90 98 144 131 121 111 104 99 98 99 103 110
16 114 115 86 149 40 129 125 116 143 109 85 132 131 60 124 40 136 75 119 19 93 66 86 105 48 94 123 92 143 105 43 138 119 37 86 37 99 65 121 125 108 91 75 59 45 33 28 33 45 122 105 88 71 54 38 23 14 23 38 122 104 87 70 52 35 18 0 18 35 122 105 88 71 54 38 23 14 23 38 125 108 91 75 59 45 33 28 33 45 129 112 97 81 67 55 46 42 45 54 134 118 104 89 77 66 59 56 58 65 140 126 112 99 87 78 72 70 72 77 148 134 121 109 99 91 85 83 85 90 156 143 131 120 111 104 99 97 99 103
25 129 131 103 164 49 142 136 126 159 122 101 148 145 71 139 56 152 77 133 26 106 77 102 121 57 108 134 101 158 119 56 154 135 48 100 53 114 67 135 142 125 108 91 75 59 45 33 28 33 140 122 105 88 71 54 38 23 14 23 139 122 104 87 70 52 35 18 0 18 140 122 105 88 71 54 38 23 14 23 142 125 108 91 75 59 45 33 28 33 145 129 112 97 81 67 54 45 42 45 150 134 118 103 89 76 66 58 55 58 156 140 126 112 99 87 78 72 69 71 162 148 134 121 109 98 90 85 83 85 170 156 143 131 120 110 103 99 97 98
39 145 148 120 179 62 156 147 137 174 136 117 163 161 85 155 73 168 82 148 40 120 90 118 137 69 124 145 112 174 134 71 170 150 62 116 70 130 73 150 159 142 125 108 91 75 59 45 33 28 157 140 122 105 88 71 54 38 23 14 156 139 122 104 87 70 52 35 18 0 157 140 122 105 88 71 54 38 23 14 159 142 125 108 91 75 59 45 33 28 162 145 129 112 96 81 67 54 45 42 166 150 134 118 103 89 76 65 58 55 171 155 140 125 111 98 87 77 71 69 177 162 148 134 120 108 98 90 85 83 184 170 156 143 130 119 110 103 98 96
121 55 34 39 71 109 77 104 104 51 79 52 47 60 95 43 92 46 138 69 122 78 92 49 46 106 62 105 105 59 64 96 42 48 105 62 93 52 134 65 43 47 55 68 82 97 113 129 145 162 29 34 45 60 75 91 108 125 142 159 15 23 38 54 71 88 105 122 140 157 0 18 35 52 70 87 104 122 139 156 15 23 38 54 71 88 105 122 140 157 29 34 45 60 75 91 108 125 142 159 43 47 55 68 82 97 113 129 145 162 58 60 67 77 90 104 119 134 150 166 72 74 80 88 99 112 126 140 156 171 86 88 93 100 110 122 134 148 162 177
104 49 31 23 73 92 73 96 95 56 70 38 48 59 80 42 76 49 123 64 104 66 77 34 37 90 51 97 93 62 56 80 48 44 88 48 76 42 118 60 47 43 46 55 67 82 97 112 129 145 34 29 34 45 60 75 91 108 125 142 23 15 23 38 54 71 88 105 122 140 18 0 18 35 52 70 87 104 122 139 23 15 23 38 54 71 88 105 122 140 34 29 34 45 60 75 91 108 125 142 47 43 46 55 67 82 97 112 129 145 60 57 60 67 77 90 104 118 134 150 74 72 73 79 88 99 112 126 140 155 88 86 87 92 100 110 121 134 148 162
86 49 36 9 80 75 73 92 89 65 65 27 56 63 65 48 61 58 108 63 87 58 62 23 36 74 44 92 82 69 51 63 58 48 71 38 61 37 103 60 55 46 43 46 55 67 81 97 112 129 45 34 29 34 45 60 75 91 108 125 38 23 15 23 38 54 71 88 105 122 35 18 0 18 35 52 70 87 104 122 38 23 15 23 38 54 71 88 105 122 45 34 29 34 45 60 75 91 108 125 55 46 43 46 55 67 81 97 112 129 67 60 57 60 67 77 90 104 118 134 80 73 71 73 79 88 99 112 126 140 93 87 85 87 92 99 109 121 134 148
69 55 48 16 89 59 77 90 85 77 65 26 67 71 51 59 47 70 95 66 70 54 50 23 42 58 43 90 74 80 53 47 71 56 55 35 46 40 88 65 68 55 46 43 46 55 67 81 97 112 60 45 34 29 33 45 59 75 91 108 54 38 23 15 23 38 54 71 88 105 52 35 18 0 18 35 52 70 87 104 54 38 23 15 23 38 54 71 88 105 60 45 34 29 33 45 59 75 91 108 68 55 46 43 46 55 67 81 97 112 77 67 60 57 59 66 77 89 103 118 88 79 73 71 73 79 88 99 112 125 100 92 87 85 87 91 99 109 121 134
52 65 62 33 100 44 84 92 85 91 69 34 80 82 41 72 36 84 82 74 52 55 42 34 54 44 48 91 70 92 60 32 85 68 39 39 34 50 75 74 82 67 55 46 43 46 55 67 81 96 75 60 45 33 29 33 45 59 75 91 71 54 38 23 15 23 38 54 71 88 70 52 35 18 0 18 35 52 70 87 71 54 38 23 15 23 38 54 71 88 75 60 45 33 29 33 45 59 75 91 82 67 55 46 43 46 55 67 81 96 90 77 67 59 57 59 66 77 89 103 99 88 79 73 71 73 78 87 99 111 110 100 92 87 85 86 91 99 109 120
34 78 78 50 113 30 94 97 89 106 77 48 95 94 37 87 32 99 72 85 35 61 39 48 68 34 59 96 69 106 70 21 101 82 25 50 29 63 63 86 97 82 67 55 46 42 46 55 67 81 91 75 60 45 33 28 33 45 59 75 88 71 54 38 23 14 23 38 54 71 87 70 52 35 18 0 18 35 52 70 88 71 54 38 23 14 23 38 54 71 91 75 60 45 33 28 33 45 59 75 97 82 67 55 46 42 46 55 67 81 104 90 77 66 59 56 59 66 76 89 112 99 88 79 73 70 72 78 87 98 122 110 99 91 86 84 86 91 98 108
17 92 94 67 127 23 106 104 95 121 87 63 110 109 40 102 37 115 65 97 18 71 45 64 83 30 72 103 73 121 83 22 117 97 19 64 33 77 55 99 113 97 81 67 55 46 42 46 54 67 108 91 75 59 45 33 28 33 45 59 105 88 71 54 38 23 14 23 38 54 104 87 70 52 35 18 0 18 35 52 105 88 71 54 38 23 14 23 38 54 108 91 75 59 45 33 28 33 45 59 113 97 81 67 55 46 42 46 54 67 119 104 90 77 66 59 56 59 66 76 126 112 99 88 78 72 70 72 78 87 134 121 109 99 91 86 84 85 90 98
3 107 110 84 142 28 120 114 105 137 100 80 126 123 49 118 48 131 62 111 5 84 55 81 99 36 87 112 80 136 97 34 133 113 26 79 44 93 51 113 129 112 97 81 67 55 46 42 45 54 125 108 91 75 59 45 33 28 33 45 122 105 88 71 54 38 23 14 23 38 122 104 87 70 52 35 18 0 18 35 122 105 88 71 54 38 23 14 23 38 125 108 91 75 59 45 33 28 33 45 129 112 97 81 67 55 46 42 45 54 134 118 104 89 77 66 59 56 58 65 140 126 112 99 87 78 72 70 72 77 148 134 121 109 99 91 85 83 85 90
19 123 127 101 157 40 134 125 116 153 114 96 142 139 63 135 62 147 63 126 18 98 68 98 116 47 102 123 91 152 112 49 150 129 40 95 59 109 53 128 145 129 112 97 81 67 54 45 42 45 142 125 108 91 75 59 45 33 28 33 140 122 105 88 71 54 38 23 14 23 139 122 104 87 70 52 35 18 0 18 140 122 105 88 71 54 38 23 14 23 142 125 108 91 75 59 45 33 28 33 145 129 112 97 81 67 54 45 42 45 150 134 118 103 89 76 66 58 55 58 156 140 126 112 99 87 78 72 69 71 162 148 134 121 109 98 90 85 83 85
36 139 144 118 172 55 149 138 128 170 128 113 159 155 77 151 77 164 70 141 36 113 83 115 132 62 118 136 103 168 128 65 166 146 56 111 74 125 61 144 162 145 129 112 96 81 67 54 45 42 159 142 125 108 91 75 59 45 33 28 157 140 122 105 88 71 54 38 23 14 156 139 122 104 87 70 52 35 18 0 157 140 122 105 88 71 54 38 23 14 159 142 125 108 91 75 59 45 33 28 162 145 129 112 96 81 67 54 45 42 166 150 134 118 103 89 76 65 58 55 171 155 140 125 111 98 87 77 71 69 177 162 148 134 120 108 98 90 85 83
121 43 23 39 57 107 64 92 93 37 67 47 32 46 91 29 98 31 133 57 122 69 87 44 36 103 54 93 97 45 54 95 28 35 104 55 98 43 129 52 58 60 67 77 90 104 119 134 150 166 43 47 55 68 82 97 113 129 145 162 29 34 45 60 75 91 108 125 142 159 15 23 38 54 71 88 105 122 140 157 0 18 35 52 70 87 104 122 139 156 15 23 38 54 71 88 105 122 140 157 29 34 45 60 75 91 108 125 142 159 43 47 55 68 82 97 113 129 145 162 58 60 67 77 90 104 119 134 150 166 72 74 80 88 99 112 126 140 156 171
104 35 17 22 60 89 59 83 83 43 57 31 35 45 74 28 83 37 117 50 105 56 70 27 24 86 40 84 83 48 43 77 36 30 86 39 83 30 113 46 60 57 60 67 77 90 104 118 134 150 47 43 46 55 67 82 97 112 129 145 34 29 34 45 60 75 91 108 125 142 23 15 23 38 54 71 88 105 122 140 18 0 18 35 52 70 87 104 122 139 23 15 23 38 54 71 88 105 122 140 34 29 34 45 60 75 91 108 125 142 47 43 46 55 67 82 97 112 129 145 60 57 60 67 77 90 104 118 134 150 74 72 73 79 88 99 112 126 140 155
87 36 26 8 67 72 59 78 75 55 51 16 45 50 58 36 69 48 101 48 87 45 55 12 22 69 30 78 71 58 37 60 48 35 69 26 68 23 97 46 67 60 57 60 67 77 90 104 118 134 55 46 43 46 55 67 81 97 112 129 45 34 29 34 45 60 75 91 108 125 38 23 15 23 38 54 71 88 105 122 35 18 0 18 35 52 70 87 104 122 38 23 15 23 38 54 71 88 105 122 45 34 29 34 45 60 75 91 108 125 55 46 43 46 55 67 81 97 112 129 67 60 57 60 67 77 90 104 118 134 80 73 71 73 79 88 99 112 126 140
70 43 40 16 78 55 64 76 71 69 51 12 58 60 43 50 57 62 86 53 70 40 40 11 32 53 29 76 61 70 39 43 63 46 52 21 56 28 81 53 77 67 60 57 59 66 77 89 103 118 68 55 46 43 46 55 67 81 97 112 60 45 34 29 33 45 59 75 91 108 54 38 23 15 23 38 54 71 88 105 52 35 18 0 18 35 52 70 87 104 54 38 23 15 23 38 54 71 88 105 60 45 34 29 33 45 59 75 91 108 68 55 46 43 46 55 67 81 97 112 77 67 60 57 59 66 77 89 103 118 88 79 73 71 73 79 88 99 112 125
53 56 57 32 91 38 73 78 71 84 56 26 73 72 29 65 49 78 72 63 53 41 29 27 46 37 37 77 56 84 48 26 79 60 35 28 46 40 66 63 90 77 67 59 57 59 66 77 89 103 82 67 55 46 43 46 55 67 81 96 75 60 45 33 29 33 45 59 75 91 71 54 38 23 15 23 38 54 71 88 70 52 35 18 0 18 35 52 70 87 71 54 38 23 15 23 38 54 71 88 75 60 45 33 29 33 45 59 75 91 82 67 55 46 43 46 55 67 81 96 90 77 67 59 57 59 66 77 89 103 99 88 79 73 71 73 78 87 99 111
36 70 73 49 105 22 84 84 76 100 66 43 89 87 23 81 46 94 60 75 36 50 26 44 62 22 50 83 55 99 61 10 96 76 18 42 43 55 53 77 104 90 77 66 59 56 59 66 76 89 97 82 67 55 46 42 46 55 67 81 91 75 60 45 33 28 33 45 59 75 88 71 54 38 23 14 23 38 54 71 87 70 52 35 18 0 18 35 52 70 88 71 54 38 23 14 23 38 54 71 91 75 60 45 33 28 33 45 59 75 97 82 67 55 46 42 46 55 67 81 104 90 77 66 59 56 59 66 76 89 112 99 88 79 73 70 72 78 87 98
21 86 90 67 120 10 98 93 83 116 78 60 105 102 28 97 49 110 52 89 20 62 33 61 79 16 65 91 60 115 75 12 113 92 5 57 45 72 42 91 119 104 90 77 66 59 56 59 66 76 113 97 81 67 55 46 42 46 54 67 108 91 75 59 45 33 28 33 45 59 105 88 71 54 38 23 14 23 38 54 104 87 70 52 35 18 0 18 35 52 105 88 71 54 38 23 14 23 38 54 108 91 75 59 45 33 28 33 45 59 113 97 81 67 55 46 42 46 54 67 119 104 90 77 66 59 56 59 66 76 126 112 99 88 78 72 70 72 78 87
12 102 108 84 135 18 112 103 94 133 92 77 122 118 40 114 58 127 48 104 10 76 46 78 95 25 81 101 69 131 91 28 129 109 19 74 54 88 37 106 134 118 104 89 77 66 59 56 58 65 129 112 97 81 67 55 46 42 45 54 125 108 91 75 59 45 33 28 33 45 122 105 88 71 54 38 23 14 23 38 122 104 87 70 52 35 18 0 18 35 122 105 88 71 54 38 23 14 23 38 125 108 91 75 59 45 33 28 33 45 129 112 97 81 67 55 46 42 45 54 134 118 104 89 77 66 59 56 58 65 140 126 112 99 87 78 72 70 72 77
22 118 125 101 151 34 127 116 106 150 107 94 139 134 56 131 70 144 50 119 20 91 62 96 112 40 97 114 81 147 107 45 146 125 36 91 66 105 40 122 150 134 118 103 89 76 66 58 55 58 145 129 112 97 81 67 54 45 42 45 142 125 108 91 75 59 45 33 28 33 140 122 105 88 71 54 38 23 14 23 139 122 104 87 70 52 35 18 0 18 140 122 105 88 71 54 38 23 14 23 142 125 108 91 75 59 45 33 28 33 145 129 112 97 81 67 54 45 42 45 150 134 118 103 89 76 66 58 55 58 156 140 126 112 99 87 78 72 69 71
38 135 142 118 167 51 143 129 119 166 122 111 156 150 72 148 84 161 58 136 37 107 78 113 129 57 114 127 94 164 123 63 163 142 53 108 80 122 50 139 166 150 134 118 103 89 76 65 58 55 162 145 129 112 96 81 67 54 45 42 159 142 125 108 91 75 59 45 33 28 157 140 122 105 88 71 54 38 23 14 156 139 122 104 87 70 52 35 18 0 157 140 122 105 88 71 54 38 23 14 159 142 125 108 91 75 59 45 33 28 162 145 129 112 96 81 67 54 45 42 166 150 134 118 103 89 76 65 58 55 171 155 140 125 111 98 87 77 71 69
124 32 16 44 43 106 51 80 82 23 57 46 18 33 89 17 105 17 128 45 124 62 84 45 30 102 48 82 89 30 45 95 14 24 104 51 105 38 126 40 72 74 80 88 99 112 126 140 156 171 58 60 67 77 90 104 119 134 150 166 43 47 55 68 82 97 113 129 145 162 29 34 45 60 75 91 108 125 142 159 15 23 38 54 71 88 105 122 140 157 0 18 35 52 70 87 104 122 139 156 15 23 38 54 71 88 105 122 140 157 29 34 45 60 75 91 108 125 142 159 43 47 55 68 82 97 113 129 145 162 58 60 67 77 90 104 119 134 150 166
107 22 3 30 47 89 45 70 71 33 45 29 23 31 71 15 91 26 112 36 107 47 67 28 13 85 32 72 74 36 31 78 26 16 87 34 91 21 109 32 74 72 73 79 88 99 112 126 140 155 60 57 60 67 77 90 104 118 134 150 47 43 46 55 67 82 97 112 129 145 34 29 34 45 60 75 91 108 125 142 23 15 23 38 54 71 88 105 122 140 18 0 18 35 52 70 87 104 122 139 23 15 23 38 54 71 88 105 122 140 34 29 34 45 60 75 91 108 125 142 47 43 46 55 67 82 97 112 129 145 60 57 60 67 77 90 104 118 134 150
90 22 20 21 56 72 45 64 62 47 38 12 36 38 54 28 79 40 95 34 90 33 50 12 9 68 18 65 61 48 23 60 42 24 70 18 78 9 92 33 80 73 71 73 79 88 99 112 126 140 67 60 57 60 67 77 90 104 118 134 55 46 43 46 55 67 81 97 112 129 45 34 29 34 45 60 75 91 108 125 38 23 15 23 38 54 71 88 105 122 35 18 0 18 35 52 70 87 104 122 38 23 15 23 38 54 71 88 105 122 45 34 29 34 45 60 75 91 108 125 55 46 43 46 55 67 81 97 112 129 67 60 57 60 67 77 90 104 118 134
74 34 37 25 68 55 51 62 57 63 37 8 52 50 37 44 69 56 79 41 73 26 33 12 25 50 15 62 49 62 27 43 59 39 53 7 67 18 75 41 88 79 73 71 73 79 88 99 112 125 77 67 60 57 59 66 77 89 103 118 68 55 46 43 46 55 67 81 97 112 60 45 34 29 33 45 59 75 91 108 54 38 23 15 23 38 54 71 88 105 52 35 18 0 18 35 52 70 87 104 54 38 23 15 23 38 54 71 88 105 60 45 34 29 33 45 59 75 91 108 68 55 46 43 46 55 67 81 97 112 77 67 60 57 59 66 77 89 103 118
58 49 54 38 83 37 62 65 58 79 44 24 68 65 21 61 62 73 64 53 57 28 18 27 42 33 28 64 42 78 38 27 76 55 36 20 60 34 59 54 99 88 79 73 71 73 78 87 99 111 90 77 67 59 57 59 66 77 89 103 82 67 55 46 43 46 55 67 81 96 75 60 45 33 29 33 45 59 75 91 71 54 38 23 15 23 38 54 71 88 70 52 35 18 0 18 35 52 70 87 71 54 38 23 15 23 38 54 71 88 75 60 45 33 29 33 45 59 75 91 82 67 55 46 43 46 55 67 81 96 90 77 67 59 57 59 66 77 89 103
43 65 72 53 98 20 75 71 63 96 56 42 85 80 9 78 60 90 50 67 42 40 12 44 59 16 44 70 41 94 53 12 93 72 20 37 56 51 44 69 112 99 88 79 73 70 72 78 87 98 104 90 77 66 59 56 59 66 76 89 97 82 67 55 46 42 46 55 67 81 91 75 60 45 33 28 33 45 59 75 88 71 54 38 23 14 23 38 54 71 87 70 52 35 18 0 18 35 52 70 88 71 54 38 23 14 23 38 54 71 91 75 60 45 33 28 33 45 59 75 97 82 67 55 46 42 46 55 67 81 104 90 77 66 59 56 59 66 76 89
31 81 89 69 114 6 90 82 72 113 70 59 102 97 19 95 62 107 39 82 29 54 24 61 76 3 60 80 48 110 70 14 110 89 10 54 59 69 31 85 126 112 99 88 78 72 70 72 78 87 119 104 90 77 66 59 56 59 66 76 113 97 81 67 55 46 42 46 54 67 108 91 75 59 45 33 28 33 45 59 105 88 71 54 38 23 14 23 38 54 104 87 70 52 35 18 0 18 35 52 105 88 71 54 38 23 14 23 38 54 108 91 75 59 45 33 28 33 45 59 113 97 81 67 55 46 42 46 54 67 119 104 90 77 66 59 56 59 66 76
26 98 106 86 130 17 105 94 84 130 85 76 119 113 35 112 69 124 34 98 24 70 41 79 93 20 77 92 59 127 86 29 127 106 21 71 66 86 24 101 140 126 112 99 87 78 72 70 72 77 134 118 104 89 77 66 59 56 58 65 129 112 97 81 67 55 46 42 45 54 125 108 91 75 59 45 33 28 33 45 122 105 88 71 54 38 23 14 23 38 122 104 87 70 52 35 18 0 18 35 122 105 88 71 54 38 23 14 23 38 125 108 91 75 59 45 33 28 33 45 129 112 97 81 67 55 46 42 45 54 134 118 104 89 77 66 59 56 58 65
32 115 124 103 147 34 121 107 97 147 101 93 136 130 52 129 80 141 37 115 30 86 57 96 111 37 94 105 72 144 103 46 144 123 37 89 76 103 28 118 156 140 126 112 99 87 78 72 69 71 150 134 118 103 89 76 66 58 55 58 145 129 112 97 81 67 54 45 42 45 142 125 108 91 75 59 45 33 28 33 140 122 105 88 71 54 38 23 14 23 139 122 104 87 70 52 35 18 0 18 140 122 105 88 71 54 38 23 14 23 142 125 108 91 75 59 45 33 28 33 145 129 112 97 81 67 54 45 42 45 150 134 118 103 89 76 66 58 55 58
44 132 141 120 163 51 138 122 112 164 117 111 153 147 69 146 92 159 47 131 42 103 74 113 128 54 111 119 87 161 120 63 162 140 54 106 88 120 40 135 171 155 140 125 111 98 87 77 71 69 166 150 134 118 103 89 76 65 58 55 162 145 129 112 96 81 67 54 45 42 159 142 125 108 91 75 59 45 33 28 157 140 122 105 88 71 54 38 23 14 156 139 122 104 87 70 52 35 18 0 157 140 122 105 88 71 54 38 23 14 159 142 125 108 91 75 59 45 33 28 162 145 129 112 96 81 67 54 45 42 166 150 134 118 103 89 76 65 58 55
127 26 20 52 28 108 40 70 73 10 50 50 5 21 88 11 114 3 125 35 127 58 83 49 30 103 46 72 84 16 40 97 6 18 106 52 113 37 124 30 86 88 93 100 110 122 134 148 162 177 72 74 80 88 99 112 126 140 156 171 58 60 67 77 90 104 119 134 150 166 43 47 55 68 82 97 113 129 145 162 29 34 45 60 75 91 108 125 142 159 15 23 38 54 71 88 105 122 140 157 0 18 35 52 70 87 104 122 139 156 15 23 38 54 71 88 105 122 140 157 29 34 45 60 75 91 108 125 142 159 43 47 55 68 82 97 113 129 145 162
111 10 13 41 34 91 31 58 60 25 35 34 14 17 71 8 101 19 108 23 111 41 66 34 14 86 29 60 68 25 23 80 23 2 90 35 100 20 107 19 88 86 87 92 100 110 121 134 148 162 74 72 73 79 88 99 112 126 140 155 60 57 60 67 77 90 104 118 134 150 47 43 46 55 67 82 97 112 129 145 34 29 34 45 60 75 91 108 125 142 23 15 23 38 54 71 88 105 122 140 18 0 18 35 52 70 87 104 122 139 23 15 23 38 54 71 88 105 122 140 34 29 34 45 60 75 91 108 125 142 47 43 46 55 67 82 97 112 129 145
95 11 23 35 46 74 31 50 49 42 24 22 31 28 54 25 90 37 91 21 95 25 49 24 10 69 11 52 52 40 10 64 40 18 73 18 89 6 89 20 93 87 85 87 92 99 109 121 134 148 80 73 71 73 79 88 99 112 126 140 67 60 57 60 67 77 90 104 118 134 55 46 43 46 55 67 81 97 112 129 45 34 29 34 45 60 75 91 108 125 38 23 15 23 38 54 71 88 105 122 35 18 0 18 35 52 70 87 104 122 38 23 15 23 38 54 71 88 105 122 45 34 29 34 45 60 75 91 108 125 55 46 43 46 55 67 81 97 112 129
80 28 39 38 61 58 40 48 43 59 23 19 49 43 37 42 81 54 74 30 79 12 31 24 25 52 7 48 38 57 16 48 57 35 57 9 79 17 72 32 100 92 87 85 87 91 99 109 121 134 88 79 73 71 73 79 88 99 112 125 77 67 60 57 59 66 77 89 103 118 68 55 46 43 46 55 67 81 97 112 60 45 34 29 33 45 59 75 91 108 54 38 23 15 23 38 54 71 88 105 52 35 18 0 18 35 52 70 87 104 54 38 23 15 23 38 54 71 88 105 60 45 34 29 33 45 59 75 91 108 68 55 46 43 46 55 67 81 97 112
65 45 56 47 77 42 53 51 44 76 33 30 66 59 20 59 76 71 58 45 64 17 14 34 42 35 24 50 29 73 32 34 75 53 42 21 73 34 55 48 110 100 92 87 85 86 91 99 109 120 99 88 79 73 71 73 78 87 99 111 90 77 67 59 57 59 66 77 89 103 82 67 55 46 43 46 55 67 81 96 75 60 45 33 29 33 45 59 75 91 71 54 38 23 15 23 38 54 71 88 70 52 35 18 0 18 35 52 70 87 71 54 38 23 15 23 38 54 71 88 75 60 45 33 29 33 45 59 75 91 82 67 55 46 43 46 55 67 81 96
53 62 73 60 93 28 68 60 51 94 48 45 83 76 6 77 74 89 42 61 51 33 6 49 59 20 41 58 28 90 49 24 92 70 29 37 70 51 38 64 122 110 99 91 86 84 86 91 98 108 112 99 88 79 73 70 72 78 87 98 104 90 77 66 59 56 59 66 76 89 97 82 67 55 46 42 46 55 67 81 91 75 60 45 33 28 33 45 59 75 88 71 54 38 23 14 23 38 54 71 87 70 52 35 18 0 18 35 52 70 88 71 54 38 23 14 23 38 54 71 91 75 60 45 33 28 33 45 59 75 97 82 67 55 46 42 46 55 67 81
43 79 90 75 110 20 84 72 62 111 64 61 101 93 18 94 76 106 28 78 41 49 22 65 76 13 59 69 37 107 66 25 109 87 24 54 72 68 22 81 134 121 109 99 91 86 84 85 90 98 126 112 99 88 78 72 70 72 78 87 119 104 90 77 66 59 56 59 66 76 113 97 81 67 55 46 42 46 54 67 108 91 75 59 45 33 28 33 45 59 105 88 71 54 38 23 14 23 38 54 104 87 70 52 35 18 0 18 35 52 105 88 71 54 38 23 14 23 38 54 108 91 75 59 45 33 28 33 45 59 113 97 81 67 55 46 42 46 54 67
40 97 107 90 126 25 100 85 75 128 80 78 118 110 34 111 82 123 20 94 38 66 39 81 93 23 76 83 50 125 84 36 127 105 30 72 78 85 10 98 148 134 121 109 99 91 85 83 85 90 140 126 112 99 87 78 72 70 72 77 134 118 104 89 77 66 59 56 58 65 129 112 97 81 67 55 46 42 45 54 125 108 91 75 59 45 33 28 33 45 122 105 88 71 54 38 23 14 23 38 122 104 87 70 52 35 18 0 18 35 122 105 88 71 54 38 23 14 23 38 125 108 91 75 59 45 33 28 33 45 129 112 97 81 67 55 46 42 45 54
44 114 124 107 143 38 117 100 90 145 97 95 135 127 52 128 90 140 25 111 41 83 56 98 111 39 93 98 65 142 101 50 144 122 43 89 87 103 18 115 162 148 134 121 109 98 90 85 83 85 156 140 126 112 99 87 78 72 69 71 150 134 118 103 89 76 66 58 55 58 145 129 112 97 81 67 54 45 42 45 142 125 108 91 75 59 45 33 28 33 140 122 105 88 71 54 38 23 14 23 139 122 104 87 70 52 35 18 0 18 140 122 105 88 71 54 38 23 14 23 142 125 108 91 75 59 45 33 28 33 145 129 112 97 81 67 54 45 42 45
53 131 141 123 160 54 134 116 106 163 114 112 152 145 69 146 101 158 39 129 51 101 74 115 128 56 111 113 82 159 118 66 161 139 58 106 98 120 34 132 177 162 148 134 120 108 98 90 85 83 171 155 140 125 111 98 87 77 71 69 166 150 134 118 103 89 76 65 58 55 162 145 129 112 96 81 67 54 45 42 159 142 125 108 91 75 59 45 33 28 157 140 122 105 88 71 54 38 23 14 156 139 122 104 87 70 52 35 18 0 157 140 122 105 88 71 54 38 23 14 159 142 125 108 91 75 59 45 33 28 162 145 129 112 96 81 67 54 45 42
132 27 31 63 14 111 30 61 66 10 45 56 12 13 90 20 123 13 124 30 132 57 85 57 36 106 48 64 80 3 39 101 17 22 110 56 122 42 124 26 100 102 106 112 121 132 144 156 170 184 86 88 93 100 110 122 134 148 162 177 72 74 80 88 99 112 126 140 156 171 58 60 67 77 90 104 119 134 150 166 43 47 55 68 82 97 113 129 145 162 29 34 45 60 75 91 108 125 142 159 15 23 38 54 71 88 105 122 140 157 0 18 35 52 70 87 104 122 139 156 15 23 38 54 71 88 105 122 140 157 29 34 45 60 75 91 108 125 142 159
117 12 27 54 24 95 18 47 51 25 28 43 18 6 74 18 112 23 106 13 116 40 68 45 25 89 32 50 63 20 22 85 28 13 94 41 110 28 106 8 102 100 101 105 112 121 131 143 156 170 88 86 87 92 100 110 121 134 148 162 74 72 73 79 88 99 112 126 140 155 60 57 60 67 77 90 104 118 134 150 47 43 46 55 67 82 97 112 129 145 34 29 34 45 60 75 91 108 125 142 23 15 23 38 54 71 88 105 122 140 18 0 18 35 52 70 87 104 122 139 23 15 23 38 54 71 88 105 122 140 34 29 34 45 60 75 91 108 125 142
102 13 33 49 39 79 18 37 38 42 13 34 33 23 57 30 102 38 89 8 101 22 51 37 23 73 19 39 47 37 8 70 43 22 79 28 100 20 89 10 106 101 99 101 105 112 121 131 143 156 93 87 85 87 92 99 109 121 134 148 80 73 71 73 79 88 99 112 126 140 67 60 57 60 67 77 90 104 118 134 55 46 43 46 55 67 81 97 112 129 45 34 29 34 45 60 75 91 108 125 38 23 15 23 38 54 71 88 105 122 35 18 0 18 35 52 70 87 104 122 38 23 15 23 38 54 71 88 105 122 45 34 29 34 45 60 75 91 108 125
87 29 46 51 56 64 31 34 30 59 11 33 50 40 41 45 94 55 72 24 87 6 36 37 32 57 16 34 30 55 15 56 59 38 64 23 92 26 72 28 112 105 101 99 100 105 111 120 131 143 100 92 87 85 87 91 99 109 121 134 88 79 73 71 73 79 88 99 112 125 77 67 60 57 59 66 77 89 103 118 68 55 46 43 46 55 67 81 97 112 60 45 34 29 33 45 59 75 91 108 54 38 23 15 23 38 54 71 88 105 52 35 18 0 18 35 52 70 87 104 54 38 23 15 23 38 54 71 88 105 60 45 34 29 33 45 59 75 91 108
75 45 61 58 73 50 47 39 30 76 27 40 67 57 28 61 89 72 55 41 73 14 22 44 47 42 28 37 16 72 32 45 76 54 51 29 87 39 55 45 121 112 105 100 99 100 104 111 120 130 110 100 92 87 85 86 91 99 109 120 99 88 79 73 71 73 78 87 99 111 90 77 67 59 57 59 66 77 89 103 82 67 55 46 43 46 55 67 81 96 75 60 45 33 29 33 45 59 75 91 71 54 38 23 15 23 38 54 71 88 70 52 35 18 0 18 35 52 70 87 71 54 38 23 15 23 38 54 71 88 75 60 45 33 29 33 45 59 75 91
64 62 76 69 90 39 63 49 40 94 43 52 84 75 20 78 88 89 37 58 62 31 18 56 62 31 44 47 15 89 49 38 93 71 42 43 84 54 37 62 132 121 112 105 100 98 99 104 110 119 122 110 99 91 86 84 86 91 98 108 112 99 88 79 73 70 72 78 87 98 104 90 77 66 59 56 59 66 76 89 97 82 67 55 46 42 46 55 67 81 91 75 60 45 33 28 33 45 59 75 88 71 54 38 23 14 23 38 54 71 87 70 52 35 18 0 18 35 52 70 88 71 54 38 23 14 23 38 54 71 91 75 60 45 33 28 33 45 59 75
56 80 93 82 107 33 80 63 53 111 61 67 101 92 26 95 89 106 21 75 54 48 28 70 79 27 61 61 28 106 66 38 110 88 38 58 86 71 20 79 144 131 121 111 104 99 98 99 103 110 134 121 109 99 91 86 84 85 90 98 126 112 99 88 78 72 70 72 78 87 119 104 90 77 66 59 56 59 66 76 113 97 81 67 55 46 42 46 54 67 108 91 75 59 45 33 28 33 45 59 105 88 71 54 38 23 14 23 38 54 104 87 70 52 35 18 0 18 35 52 105 88 71 54 38 23 14 23 38 54 108 91 75 59 45 33 28 33 45 59
54 97 110 97 124 37 97 79 68 128 78 82 118 109 39 112 94 124 7 93 51 65 43 86 96 33 77 76 44 124 83 46 127 105 42 74 90 88 5 97 156 143 131 120 111 104 99 97 99 103 148 134 121 109 99 91 85 83 85 90 140 126 112 99 87 78 72 70 72 77 134 118 104 89 77 66 59 56 58 65 129 112 97 81 67 55 46 42 45 54 125 108 91 75 59 45 33 28 33 45 122 105 88 71 54 38 23 14 23 38 122 104 87 70 52 35 18 0 18 35 122 105 88 71 54 38 23 14 23 38 125 108 91 75 59 45 33 28 33 45
57 114 126 112 141 47 114 94 84 145 95 98 136 127 55 129 102 141 17 110 54 83 59 102 112 46 94 92 61 141 101 58 145 122 52 91 98 104 16 114 170 156 143 131 120 110 103 99 97 98 162 148 134 121 109 98 90 85 83 85 156 140 126 112 99 87 78 72 69 71 150 134 118 103 89 76 66 58 55 58 145 129 112 97 81 67 54 45 42 45 142 125 108 91 75 59 45 33 28 33 140 122 105 88 71 54 38 23 14 23 139 122 104 87 70 52 35 18 0 18 140 122 105 88 71 54 38 23 14 23 142 125 108 91 75 59 45 33 28 33
64 131 143 128 158 60 132 111 101 163 112 115 153 144 71 147 112 158 34 127 62 100 76 118 130 60 112 108 78 158 118 72 162 140 65 108 108 121 33 131 184 170 156 143 130 119 110 103 98 96 177 162 148 134 120 108 98 90 85 83 171 155 140 125 111 98 87 77 71 69 166 150 134 118 103 89 76 65 58 55 162 145 129 112 96 81 67 54 45 42 159 142 125 108 91 75 59 45 33 28 157 140 122 105 88 71 54 38 23 14 156 139 122 104 87 70 52 35 18 0 157 140 122 105 88 71 54 38 23 14 159 142 125 108 91 75 59 45 33 28
139 35 44 74 2 116 26 54 61 23 45 66 26 18 95 33 134 27 124 31 138 59 89 67 46 110 54 57 80 14 44 107 31 33 116 63 133 50 125 28 115 116 119 125 133 143 154 166 179 192 100 102 106 112 121 132 144 156 170 184 86 88 93 100 110 122 134 148 162 177 72 74 80 88 99 112 126 140 156 171 58 60 67 77 90 104 119 134 150 166 43 47 55 68 82 97 113 129 145 162 29 34 45 60 75 91 108 125 142 159 15 23 38 54 71 88 105 122 140 157 0 18 35 52 70 87 104 122 139 156 15 23 38 54 71 88 105 122 140 157
124 25 41 67 20 101 9 39 45 32 28 55 29 14 79 32 123 33 107 15 123 43 73 57 38 94 41 41 62 24 30 92 38 28 101 50 122 39 108 15 116 114 115 119 125 133 142 153 165 178 102 100 101 105 112 121 131 143 156 170 88 86 87 92 100 110 121 134 148 162 74 72 73 79 88 99 112 126 140 155 60 57 60 67 77 90 104 118 134 150 47 43 46 55 67 82 97 112 129 145 34 29 34 45 60 75 91 108 125 142 23 15 23 38 54 71 88 105 122 140 18 0 18 35 52 70 87 104 122 139 23 15 23 38 54 71 88 105 122 140
110 25 46 64 37 86 10 25 29 47 12 48 40 26 64 39 114 45 89 11 109 28 58 51 37 79 31 27 45 39 21 79 50 33 86 40 112 34 91 16 119 115 114 115 118 124 132 142 153 165 106 101 99 101 105 112 121 131 143 156 93 87 85 87 92 99 109 121 134 148 80 73 71 73 79 88 99 112 126 140 67 60 57 60 67 77 90 104 118 134 55 46 43 46 55 67 81 97 112 129 45 34 29 34 45 60 75 91 108 125 38 23 15 23 38 54 71 88 105 122 35 18 0 18 35 52 70 87 104 122 38 23 15 23 38 54 71 88 105 122
97 36 55 65 54 72 27 20 16 62 11 47 55 42 50 52 108 60 72 25 96 18 44 51 43 65 30 20 28 56 25 66 65 45 73 37 105 38 74 30 125 119 115 113 114 118 124 132 141 152 112 105 101 99 100 105 111 120 131 143 100 92 87 85 87 91 99 109 121 134 88 79 73 71 73 79 88 99 112 125 77 67 60 57 59 66 77 89 103 118 68 55 46 43 46 55 67 81 97 112 60 45 34 29 33 45 59 75 91 108 54 38 23 15 23 38 54 71 88 105 52 35 18 0 18 35 52 70 87 104 54 38 23 15 23 38 54 71 88 105
85 50 68 70 71 60 44 27 18 79 26 52 71 59 39 67 103 76 55 42 84 22 34 56 55 52 38 25 10 73 37 57 80 59 62 41 100 48 57 46 133 125 118 114 113 114 117 123 131 141 121 112 105 100 99 100 104 111 120 130 110 100 92 87 85 86 91 99 109 120 99 88 79 73 71 73 78 87 99 111 90 77 67 59 57 59 66 77 89 103 82 67 55 46 43 46 55 67 81 96 75 60 45 33 29 33 45 59 75 91 71 54 38 23 15 23 38 54 71 88 70 52 35 18 0 18 35 52 70 87 71 54 38 23 15 23 38 54 71 88
76 66 82 80 89 51 62 41 31 96 43 62 87 76 34 82 102 92 38 59 74 35 32 66 69 44 50 39 8 90 52 51 97 75 55 51 98 61 41 63 143 133 124 118 114 112 113 117 123 131 132 121 112 105 100 98 99 104 110 119 122 110 99 91 86 84 86 91 98 108 112 99 88 79 73 70 72 78 87 98 104 90 77 66 59 56 59 66 76 89 97 82 67 55 46 42 46 55 67 81 91 75 60 45 33 28 33 45 59 75 88 71 54 38 23 14 23 38 54 71 87 70 52 35 18 0 18 35 52 70 88 71 54 38 23 14 23 38 54 71
70 82 98 91 106 47 79 57 47 113 60 75 104 93 38 99 103 109 21 76 68 51 38 78 84 41 65 54 25 107 69 52 113 91 52 65 99 76 27 80 154 142 132 124 117 113 112 113 116 122 144 131 121 111 104 99 98 99 103 110 134 121 109 99 91 86 84 85 90 98 126 112 99 88 78 72 70 72 78 87 119 104 90 77 66 59 56 59 66 76 113 97 81 67 55 46 42 46 54 67 108 91 75 59 45 33 28 33 45 59 105 88 71 54 38 23 14 23 38 54 104 87 70 52 35 18 0 18 35 52 105 88 71 54 38 23 14 23 38 54
67 99 114 104 123 50 96 74 64 130 78 89 120 110 48 115 107 126 9 93 65 68 50 92 100 45 81 71 43 124 85 57 130 108 55 80 103 92 19 97 166 153 142 132 123 117 113 111 112 116 156 143 131 120 111 104 99 97 99 103 148 134 121 109 99 91 85 83 85 90 140 126 112 99 87 78 72 70 72 77 134 118 104 89 77 66 59 56 58 65 129 112 97 81 67 55 46 42 45 54 125 108 91 75 59 45 33 28 33 45 122 105 88 71 54 38 23 14 23 38 122 104 87 70 52 35 18 0 18 35 122 105 88 71 54 38 23 14 23 38
70 116 130 118 141 57 113 91 81 147 95 104 137 127 61 132 114 143 18 110 67 84 64 107 116 55 98 88 60 142 102 67 147 125 63 95 110 108 24 115 179 165 153 141 131 123 116 112 110 112 170 156 143 131 120 110 103 99 97 98 162 148 134 121 109 98 90 85 83 85 156 140 126 112 99 87 78 72 69 71 150 134 118 103 89 76 66 58 55 58 145 129 112 97 81 67 54 45 42 45 142 125 108 91 75 59 45 33 28 33 140 122 105 88 71 54 38 23 14 23 139 122 104 87 70 52 35 18 0 18 140 122 105 88 71 54 38 23 14 23
76 133 147 133 158 69 131 108 98 164 112 120 154 144 76 149 123 160 34 127 74 101 80 123 133 68 114 105 77 159 119 80 164 142 74 112 119 124 38 132 192 178 165 152 141 131 122 116 112 110 184 170 156 143 130 119 110 103 98 96 177 162 148 134 120 108 98 90 85 83 171 155 140 125 111 98 87 77 71 69 166 150 134 118 103 89 76 65 58 55 162 145 129 112 96 81 67 54 45 42 159 142 125 108 91 75 59 45 33 28 157 140 122 105 88 71 54 38 23 14 156 139 122 104 87 70 52 35 18 0 157 140 122 105 88 71 54 38 23 14
146 45 58 87 16 123 29 51 60 37 49 76 40 30 101 46 145 41 125 38 145 65 95 78 58 116 63 54 81 28 52 115 45 45 123 72 143 61 128 37 129 130 133 138 145 154 164 176 188 201 115 116 119 125 133 143 154 166 179 192 100 102 106 112 121 132 144 156 170 184 86 88 93 100 110 122 134 148 162 177 72 74 80 88 99 112 126 140 156 171 58 60 67 77 90 104 119 134 150 166 43 47 55 68 82 97 113 129 145 162 29 34 45 60 75 91 108 125 142 159 15 23 38 54 71 88 105 122 140 157 0 18 35 52 70 87 104 122 139 156
132 38 56 80 25 108 16 34 42 43 35 67 42 28 86 46 135 45 108 26 131 51 80 70 52 101 52 37 64 34 41 101 50 42 109 61 133 52 111 28 130 128 129 132 138 145 154 164 175 187 116 114 115 119 125 133 142 153 165 178 102 100 101 105 112 121 131 143 156 170 88 86 87 92 100 110 121 134 148 162 74 72 73 79 88 99 112 126 140 155 60 57 60 67 77 90 104 118 134 150 47 43 46 55 67 82 97 112 129 145 34 29 34 45 60 75 91 108 125 142 23 15 23 38 54 71 88 105 122 140 18 0 18 35 52 70 87 104 122 139
119 39 59 78 40 94 16 17 25 55 23 62 51 35 72 51 127 55 92 24 118 39 66 65 51 87 45 20 48 46 35 88 60 45 96 53 125 49 95 28 133 129 128 129 132 137 144 153 163 175 119 115 114 115 118 124 132 142 153 165 106 101 99 101 105 112 121 131 143 156 93 87 85 87 92 99 109 121 134 148 80 73 71 73 79 88 99 112 126 140 67 60 57 60 67 77 90 104 118 134 55 46 43 46 55 67 81 97 112 129 45 34 29 34 45 60 75 91 108 125 38 23 15 23 38 54 71 88 105 122 35 18 0 18 35 52 70 87 104 122
107 46 66 79 56 82 30 6 8 69 23 61 63 48 60 61 121 67 75 33 106 32 55 65 56 74 44 6 32 61 37 78 72 54 84 51 118 51 79 38 138 132 129 127 128 131 137 144 153 163 125 119 115 113 114 118 124 132 141 152 112 105 101 99 100 105 111 120 131 143 100 92 87 85 87 91 99 109 121 134 88 79 73 71 73 79 88 99 112 125 77 67 60 57 59 66 77 89 103 118 68 55 46 43 46 55 67 81 97 112 60 45 34 29 33 45 59 75 91 108 54 38 23 15 23 38 54 71 88 105 52 35 18 0 18 35 52 70 87 104
97 58 77 83 73 71 46 20 10 84 33 65 77 63 52 74 117 82 59 47 95 34 47 69 65 64 49 17 19 77 46 69 87 67 74 54 114 59 63 52 145 138 132 128 127 127 131 136 143 152 133 125 118 114 113 114 117 123 131 141 121 112 105 100 99 100 104 111 120 130 110 100 92 87 85 86 91 99 109 120 99 88 79 73 71 73 78 87 99 111 90 77 67 59 57 59 66 77 89 103 82 67 55 46 43 46 55 67 81 96 75 60 45 33 29 33 45 59 75 91 71 54 38 23 15 23 38 54 71 88 70 52 35 18 0 18 35 52 70 87
88 72 90 91 90 64 63 37 28 100 48 73 92 79 48 88 116 97 43 62 87 44 46 77 77 57 60 34 18 93 59 65 102 81 68 62 112 70 49 67 154 145 137 131 127 126 127 130 135 143 143 133 124 118 114 112 113 117 123 131 132 121 112 105 100 98 99 104 110 119 122 110 99 91 86 84 86 91 98 108 112 99 88 79 73 70 72 78 87 98 104 90 77 66 59 56 59 66 76 89 97 82 67 55 46 42 46 55 67 81 91 75 60 45 33 28 33 45 59 75 88 71 54 38 23 14 23 38 54 71 87 70 52 35 18 0 18 35 52 70
83 87 104 101 107 61 80 54 45 116 64 84 108 96 51 104 117 113 30 79 81 57 50 88 91 55 73 51 30 110 74 65 118 96 66 74 113 83 38 83 164 154 144 137 131 127 125 126 130 135 154 142 132 124 117 113 112 113 116 122 144 131 121 111 104 99 98 99 103 110 134 121 109 99 91 86 84 85 90 98 126 112 99 88 78 72 70 72 78 87 119 104 90 77 66 59 56 59 66 76 113 97 81 67 55 46 42 46 54 67 108 91 75 59 45 33 28 33 45 59 105 88 71 54 38 23 14 23 38 54 104 87 70 52 35 18 0 18 35 52
81 103 119 113 124 63 97 71 62 133 80 97 124 112 58 120 120 129 22 95 79 72 60 101 105 58 87 68 45 127 90 70 134 112 68 87 117 98 33 100 176 164 153 144 136 130 126 125 126 129 166 153 142 132 123 117 113 111 112 116 156 143 131 120 111 104 99 97 99 103 148 134 121 109 99 91 85 83 85 90 140 126 112 99 87 78 72 70 72 77 134 118 104 89 77 66 59 56 58 65 129 112 97 81 67 55 46 42 45 54 125 108 91 75 59 45 33 28 33 45 122 105 88 71 54 38 23 14 23 38 122 104 87 70 52 35 18 0 18 35
83 119 135 126 141 69 114 89 80 149 97 111 141 129 70 136 126 146 27 112 81 88 72 114 121 66 103 86 62 144 106 78 150 128 74 102 123 113 36 117 188 175 163 153 143 135 130 126 124 125 179 165 153 141 131 123 116 112 110 112 170 156 143 131 120 110 103 99 97 98 162 148 134 121 109 98 90 85 83 85 156 140 126 112 99 87 78 72 69 71 150 134 118 103 89 76 66 58 55 58 145 129 112 97 81 67 54 45 42 45 142 125 108 91 75 59 45 33 28 33 140 122 105 88 71 54 38 23 14 23 139 122 104 87 70 52 35 18 0 18
88 136 151 140 159 79 131 106 97 166 114 126 157 146 83 152 134 163 40 129 86 105 86 129 137 77 118 103 79 161 122 89 167 145 84 117 131 129 46 134 201 187 175 163 152 143 135 129 125 124 192 178 165 152 141 131 122 116 112 110 184 170 156 143 130 119 110 103 98 96 177 162 148 134 120 108 98 90 85 83 171 155 140 125 111 98 87 77 71 69 166 150 134 118 103 89 76 65 58 55 162 145 129 112 96 81 67 54 45 42 159 142 125 108 91 75 59 45 33 28 157 140 122 105 88 71 54 38 23 14 156 139 122 104 87 70 52 35 18 0
