0.0 26.285505046738624 44.75178221985125 39.98798237898622 48.33779826917617 4.873078828798416 19.761050587863473 39.25351992624435 27.605766979369957 7.419638814322011 39.85260749701297 29.26614687692632 38.662033801637946 49.78963854070076 9.435102110223482 21.667965963838526 34.96462408645849 11.120049963174093 31.820899530367875 41.48501654236419 6.871123691379606 21.908130340558404 30.47597379646835 49.11643444929366 32.4901338067989 8.7594889319408 44.81873857961387 37.78761876141841 32.03303524173735 47.6225120195384 49.080155267428125 6.020343302967875 24.25763299488327 48.897880182353795 16.91092300292482 29.933308019707404 37.77328770833496 16.45257834434643 22.45019037632607 49.888314905460696 95.25867723365928 72.25371409465292 61.33321713609585 68.53983192816516 89.60153073036777 79.89115674701969 50.53418933150849 33.461086080414056 45.61158731670427 73.72938450029189 72.67793092052453 38.253073966445605 6.274356163786355 31.785079440825992 66.1518620844929 75.97850122253611 44.15248417374438 22.82532492330507 38.56674014729933 69.6321464685809 88.62574058458458 63.34121080556207 50.640895666775975 59.25956359726231 82.78705017851757
26.285505046738624 0.0 70.81430227908653 31.303794423831324 50.287644258655305 22.086950066842086 43.15189589875143 41.7966543351556 33.40291100949885 30.53829501483215 47.74992146796668 45.73097303830941 44.888482559345505 49.7550654557995 29.384392476060114 24.401205860813878 18.87287185128447 25.82437101641367 8.1283852472448 46.02104184012991 20.1254491490896 4.378899202755999 50.85765216480946 26.832337135582172 35.21021079495019 17.531709047949853 43.77189118559077 34.88447815245683 40.00396520545506 22.360540488033873 54.961361884366966 31.928854010102526 37.650692028996986 47.877223999026356 16.47037640851759 37.96040959622081 13.645945873502729 36.725584184309554 9.290780567603433 54.198030738673964 81.24705144383631 52.17190246839197 35.17899743087976 46.34702501649834 73.84688219464891 73.52917907865204 39.22163688483039 8.061443689057203 31.408444712746853 65.59609267846905 76.17647530581118 43.94327742043087 21.307596731902844 37.038649195990125 68.4438105141278 88.26101264965646 62.4492544362099 49.0369237673622 57.4816309216892 81.23092626442325 106.62025822969811 86.2839332295891 76.92004484993669 82.36023291102123 100.22205909330822
44.75178221985125 70.81430227908653 0.0 79.11754425893677 66.95821371163365 49.40246930831383 35.674942688803355 61.641834044142975 54.20790434223686 40.608296062848666 54.83126822260402 39.309471043747564 65.93697190508541 70.32609319561966 42.60822720066012 60.7983091912927 78.183098427567 50.31712276328142 76.55626823748021 60.13499579860309 50.70065685832453 66.45009727484769 40.78123659456707 93.24560191719588 58.78488509723855 53.44485121028463 68.62518320698481 66.73068137574802 52.5113032976702 92.36700171148854 61.860343809953676 38.91349416935508 52.07421930644854 70.98885922069071 57.64927925499793 52.03716988658272 82.47473789333927 42.87572919530437 66.94368513681995 64.59057529205268 132.17915722175945 114.69356131233137 105.98364053429528 108.19004931688586 120.71568720074949 110.71464325347871 89.38072776882757 78.19739633330515 81.45849939324846 97.72859093506587 92.91123341079135 66.30976600274266 50.559654666521496 55.77076414013114 77.84139917423096 81.21472862998999 48.775309464742584 23.602426603760232 33.614927208376805 64.01325786307387 78.40824749791862 43.990538924598916 10.83214857908646 26.35065577165582 60.54942084894985
39.98798237898622 31.303794423831324 79.11754425893677 0.0 80.17190595069843 35.582189718913156 43.75066052822374 71.18133484829883 60.99845553841685 47.31308787914483 75.37124758471192 68.43620169578847 22.85316499273389 80.14007309281462 48.46587324697646 18.86997905487122 13.541222489712732 30.16136831787322 25.530750165394668 74.91629355527192 38.68711397542229 31.523643968353227 43.86698575108751 23.876199634127435 64.1474458983213 34.97522089073392 74.21954484793623 65.4050401575302 67.18096333521994 31.23083741041587 83.67437438549294 45.35230486445864 28.46348865884075 78.43438526054487 43.12158202447989 64.9683892028908 25.421666449446437 36.28397297438803 23.88233496796891 83.45778692269369 55.274942134898474 36.62880376116164 44.9760872599509 71.4062791956675 102.80901767000748 42.599503395381284 10.604360116234858 28.373235068980975 62.38975664273479 96.82342821042668 46.67392878404329 21.745170845801677 34.089521245826596 65.16275499893788 98.61602301709775 64.39341822022834 49.222440624484705 55.62367224682579 78.4853175399811 107.79937441847169 87.85656236637396 77.21612242558912 81.24421216161694 98.15117366624675 122.72498606997989
48.33779826917617 50.287644258655305 66.95821371163365 80.17190595069843 0.0 49.931033576417384 65.15113226869501 9.246985775022527 20.776111398042573 42.91021639444196 12.133327796264403 28.17990107969197 86.14971308050318 3.7726757262196156 39.67417454788815 66.22485402072994 68.97859161765018 58.53935988448733 58.10168400391615 7.398420690992237 44.85107063895954 48.89713493056219 76.92792810543966 75.36689580315299 16.37175618802382 47.66159581253708 7.465017859932387 15.727204862191845 17.065465850648874 67.57741557306733 8.151831984519802 47.53218493034102 72.53162325615114 5.603938646107179 37.319776202693205 18.829467937411714 62.43075040960759 64.3552710417128 56.30764511545731 5.3803154576049375 131.40948688052478 100.62592939968457 73.33145650140231 54.992979369461416 55.36924661525674 122.75565608125935 89.14206872657446 56.731896030512324 29.758191000062755 30.78041796775826 120.16656061456081 85.5753771808409 51.00139544352138 16.55275694771013 18.485114438297693 124.02275164150336 90.86321503954221 59.37542513705013 34.49050179720707 35.335317457058 133.76777989394134 103.65901159285995 77.40381738483045 60.268563321587315 60.56432137201301
4.873078828798416 22.086950066842086 49.40246930831383 35.582189718913156 49.931033576417384 0.0 21.9851586511765 40.71619432962716 29.19022327815096 11.787278988362855 42.33935117038573 33.06852677692612 36.276636502011236 51.050880882161465 12.984474998970292 17.756261711997283 30.108230843227467 8.627233381921945 27.166475693115313 43.38970248279856 5.321134293183754 17.751844719683046 31.641304402532036 44.26447674320937 33.714821569184735 4.873078828798336 45.77393722112866 38.158688155812605 34.28457961298466 42.98171560442383 51.39862439865834 10.882619646068733 22.9270966199897 49.958672106852795 15.507439993024725 32.10575317884936 33.07234792790828 17.069131232452985 17.632127192971645 51.940262256926914 90.79731709315627 67.40213078882189 56.89228844379899 65.76631767577585 88.36557815669602 76.16159720109233 46.06437976263677 28.9500127952951 44.14880929565013 73.85776497338772 70.34958572736225 35.752251325237324 1.4957055089691966 33.482908960419046 68.07956850090392 75.4296190482267 44.85515335773455 27.003374612351514 42.90943722619699 73.13068761081763 89.56693707048228 65.75080940866809 54.94448787694798 64.10475526390886 87.14779191358896
19.761050587863473 43.15189589875143 35.674942688803355 43.75066052822374 65.15113226869501 21.9851586511765 0.0 56.56976462395253 45.20218941923755 22.583702472832517 54.93091506778564 40.66454396502039 31.25855912176188 67.18306496763199 25.978238993233145 26.240868921335128 44.81518221448803 17.805260427881745 46.45686102451051 57.87462109693007 26.36660042536673 39.03668696373903 11.807373482234958 60.47026985819321 50.4128971774508 26.84289859889054 62.801954834200195 56.62029805280158 48.12309414174871 61.75601350286231 64.21220245455032 17.94014348537661 16.49347782526731 66.64100111313563 36.65175179087831 46.326196135765144 51.76744931017066 7.670203481828771 36.33178116095243 65.66244244096649 96.57536302829811 79.93684919307665 76.47051812252074 87.75147630486323 109.30527989131105 76.17532829070473 53.83434979095362 48.87129196853201 65.37184810145081 92.48439464663916 62.25287336553414 31.441567655389417 22.28386869603774 48.983835339876954 81.83586095416571 59.540990784750186 25.716028167757155 13.128279136481108 45.5877440626053 79.86855571247548 69.36733756865404 43.77649763034917 37.62664658796883 57.53238989924717 87.17233395112711
39.25351992624435 41.7966543351556 61.641834044142975 71.18133484829883 9.246985775022527 40.71619432962716 56.56976462395253 0.0 11.648071999533633 34.11986804438796 9.393629813662391 22.339715438326703 76.91277304787324 10.62684227781452 30.81290127406776 56.989986622886285 60.28694775962355 49.33281013486267 49.759896228549266 4.678092022595658 35.614273211953446 40.10849230589522 68.28822343969163 67.52029176071446 7.140013514734955 38.415598650939955 7.016270804084005 9.114499946898178 9.351350399794866 60.24888950719852 13.357898757642285 38.77343882777302 63.3873301517485 10.189941787865973 28.182998238250384 10.548997806338583 54.39773766324502 55.408010449570995 47.36630632407371 12.408928550617702 123.04235369637696 92.93249727987626 67.29247686446017 53.055687546020316 59.129811997599674 113.72915378211763 80.32202260458428 48.61868408559695 25.899185339676922 37.04863550289075 110.92236383764438 76.33397900797758 41.77123615752124 7.592776576998832 27.664392443267875 115.09912299667545 82.23279218618482 51.686481356140305 31.234417684082004 40.92091873718023 125.56423936793985 96.2166345658366 71.71953363553979 58.51948755675976 64.03247242858153
27.605766979369957 33.40291100949885 54.20790434223686 60.99845553841685 20.776111398042573 29.19022327815096 45.20218941923755 11.648071999533633 0.0 22.64491170704599 14.506573226089271 16.76913667208183 65.45220616197794 22.21957411594267 19.288350154633616 45.86975759215703 51.01031860507983 37.78186077870118 41.53124373795783 14.280047906164896 24.192450824393838 30.90785671432719 56.84918388905602 60.062549686991225 5.276993947193189 27.208765926104768 17.60094762524508 12.722302234056778 6.608126805849459 53.95472684027806 22.74380386306324 27.306221410209677 51.761056572179875 21.482646469422455 17.984630204537016 4.687335561227723 46.77985731081057 43.787052896716155 37.537545200559904 22.896142323676596 114.14512918720054 85.5054509357259 63.15099600697549 55.31463630882543 67.27677325930064 103.32286682813594 70.56431276816343 40.96180241924452 27.771493892790666 47.5340097549932 99.50667809102559 64.90302085792916 30.299829417899904 4.314119089506001 38.91012720075009 103.4748636179179 70.78464429225818 41.33670677158701 28.316422419945308 47.85138685088581 114.42016386174491 85.86889781314272 63.63768267312305 55.86443442149128 67.72524450961423
7.419638814322011 30.53829501483215 40.608296062848666 47.31308787914483 42.91021639444196 11.787278988362855 22.583702472832517 34.11986804438796 22.64491170704599 0.0 33.52378447555415 21.940156612280948 45.55080368231496 44.74670735395654 3.4064066878155166 29.086482744260234 41.59242054373621 18.407990287163514 37.06252074683379 35.77856623224341 10.611990421910129 26.252110649473313 34.20459219599067 55.09589269813689 27.834943007638643 14.046324826257598 40.23454571992059 34.146976912707665 26.086651974676986 52.64767288099381 42.84070690583521 4.661496062372759 30.644001868452673 44.11714785140786 17.38607406899432 24.132640294803675 43.09258695394923 21.567818457938273 28.445093336973823 43.92393038108479 102.56073292766118 78.85214294755073 65.66116538960016 69.28122775262969 87.65363701978775 87.28287712219789 57.82649869681059 38.26662764176248 44.49261913902241 69.9262400800025 79.41174170888773 45.209316888644764 13.281292717069752 26.528398545048645 60.216043650466126 81.13292324830114 48.14218717966648 21.15742441289066 31.184138580026534 62.3867923520637 91.90900050662 64.53876200290757 47.72893036136734 52.77936483740466 75.41938396892726
39.85260749701297 47.74992146796668 54.83126822260402 75.37124758471192 12.133327796264403 42.33935117038573 54.93091506778564 9.393629813662391 14.506573226089271 33.52378447555415 0.0 16.196684763381988 78.4459922126208 15.5363576963664 30.592497343076687 59.64668395019389 65.51594812270159 50.69081839880009 55.866729464439565 5.747820466462459 37.73362354459188 45.393149608640876 66.73357692149494 74.21769883095502 13.082243406713985 41.05865330853281 15.117863571854269 18.252406150515164 8.207470007086034 67.61654171260405 9.3292539119731 37.9499254199918 64.02063805482761 16.45571881616269 32.47715305027534 10.429271798283805 60.952337270909204 55.05735840214422 52.02664655732245 10.857474579035545 128.64546630064785 99.69041043444054 75.64045996993266 62.44645513125145 66.87615162316527 117.54411976116958 85.03103478260937 55.124995444633754 35.243223903119386 42.897971998115985 112.50550068182622 77.98592535295164 43.60017200885137 10.723759687682765 26.90495532581318 114.33426995311635 80.57808053758654 48.043464717513714 22.767687693243076 33.51725474704398 122.72371040260361 91.99630835006012 65.2712809933695 49.51936201471957 55.125330170073724
29.26614687692632 45.73097303830941 39.309471043747564 68.43620169578847 28.17990107969197 33.06852677692612 40.66454396502039 22.339715438326703 16.76913667208183 21.940156612280948 16.196684763381988 0.0 67.28912236973082 31.310466517541347 20.085757491669774 50.77942817724984 60.9018150883563 40.341007767100685 53.57458578593108 21.036372591808618 29.82130537751367 42.23749319035699 52.30074274577669 72.39886313951415 20.31622105868193 33.593516925988396 29.31577890635984 28.212191112296757 13.374491243385867 67.69677913765443 24.707248573239536 25.519708352022715 52.066208332777826 31.788030523630514 29.27440311574828 13.344426341817401 59.36042488720841 42.19425438472705 47.10111998134228 26.849238271339445 123.36469148066669 97.36933902399718 78.34208238836172 72.03421534520082 81.45628953790711 109.13383267512033 78.75627812273518 53.75616438821012 44.40399794587159 58.72410761882687 100.90058917361165 67.0013728854114 34.5295251524361 17.036470054690863 42.226100726830204 100.15564182242973 65.88463062909291 32.330611669761 12.025152072650027 40.4819965841902 107.05546738732535 75.87728005490789 49.484085510645784 39.17668144922961 54.916068508663756
38.662033801637946 44.888482559345505 65.93697190508541 22.85316499273389 86.14971308050318 36.276636502011236 31.25855912176188 76.91277304787324 65.45220616197794 45.55080368231496 78.4459922126208 67.28912236973082 0.0 87.10267572551444 48.06971207279259 21.0896189799953 33.070150295548 27.769542613839523 42.46298861235244 79.66633898480978 41.298871912721374 42.90188968627439 25.893422480556364 46.441584689744424 69.84575210187809 38.66203380163794 81.62956314126066 73.5217490892698 70.4889221983683 52.6156392868288 87.59993273483272 41.77388005918564 15.562688141392474 85.86993654758491 49.86146064233563 68.33138304350915 44.80344269880243 26.07038320306332 35.615245269093975 88.21086561423476 66.99920457109437 57.42950633407046 67.0983795089565 90.00570213741085 118.72089053336755 44.959465631565095 29.210393667113497 45.606778936664696 75.50858964411354 108.24949687081794 34.080403038014296 1.1209118999958798 35.15527574502332 69.75231020472641 104.35387171566963 43.695575936959834 27.243805137572078 44.384527737959246 74.78360454490661 107.74984239652132 65.30543169449463 55.46269180483769 65.43863440706181 88.7868992619585 117.80834436731537
49.78963854070076 49.7550654557995 70.32609319561966 80.14007309281462 3.7726757262196156 51.050880882161465 67.18306496763199 10.62684227781452 22.21957411594267 44.74670735395654 15.5363576963664 31.310466517541347 87.10267572551444 0.0 41.43706141257299 66.86572360307726 68.57470673718042 59.6781138528542 57.39545572644807 10.276249513923178 45.86576228166082 48.68388731540601 78.91042949115821 74.21575736524674 17.3495554588743 48.46858367182591 5.984793667078866 14.870666376044081 19.450599362916282 66.11925689949314 11.75177839244292 49.400098655215075 73.83892330136267 2.33586906496313 37.719679684821706 20.979071457966477 61.458180678042034 66.00596962939744 56.26129805473739 8.758784073650636 130.58496691362564 99.31713615355989 71.20506504538905 51.68400960795367 51.64416925420844 122.73707304862522 88.8489569539774 55.84559829128156 27.169287643607575 27.430916493346846 121.0231401753263 86.48810175334967 52.04456388476908 18.219086505905373 18.710617156531377 125.69443760864141 92.85516224711346 61.96694543656968 38.112401646033234 38.21046524111107 136.09480697867636 106.3942649427379 80.6998300907631 64.03097205270458 63.89247240862497
9.435102110223482 29.384392476060114 42.60822720066012 48.46587324697646 39.67417454788815 12.984474998970292 25.978238993233145 30.81290127406776 19.288350154633616 3.4064066878155166 30.592497343076687 20.085757491669774 48.06971207279259 41.43706141257299 0.0 30.70229709803356 41.846892999906984 20.536165269130677 36.35519241835686 32.60634712801907 10.340416941928545 25.231207313859148 37.569002248639734 54.74419886629309 24.456406710210477 14.083967779190042 36.863013744535095 30.743285151462608 22.973404660336087 51.69316274624748 39.876670799977816 8.04022271247868 33.431410109697154 40.76974769745968 15.0430517014356 20.9631424473588 42.3750961178779 24.697754285091893 28.341884432945346 40.84736646045552 103.57531673370713 78.94405959111818 64.27487353820247 66.52165593984024 84.34321885237797 89.08607380540263 58.87525382090436 37.29735512344867 41.36085234545846 66.52200940301073 82.04827138543415 47.675485458217366 14.4512415738866 23.22882359072945 57.14167919146751 84.34859820250011 51.49953629058154 24.177768426397055 30.195575217315376 60.28123313262685 95.31321099887482 67.85296397061255 50.18216193716549 53.17219351446392 74.37152061650617
21.667965963838526 24.401205860813878 60.7983091912927 18.86997905487122 66.22485402072994 17.756261711997283 26.240868921335128 56.989986622886285 45.86975759215703 29.086482744260234 59.64668395019389 50.77942817724984 21.0896189799953 66.86572360307726 30.70229709803356 0.0 18.876104867556652 11.309476623956504 23.820822482248868 60.142375848377604 21.920810688685307 21.966433889527124 29.649853067527843 34.58883964556521 49.854098692662355 18.663386324751773 61.223202553789 52.873125418710664 51.48178115360162 37.347340892032136 68.49843635246911 26.68631613240317 14.38837040549444 65.48767347370016 29.224040254781237 49.26814953072332 27.86773872006648 18.570684819519514 15.180232027803195 68.76402745261552 73.97017916249368 53.9399616167848 52.366557587456725 70.49679488057421 97.93949490758114 58.40542482133757 29.462528107245326 26.82782616215303 54.46346234793061 87.22184350992778 54.31306199511267 20.272895475524894 16.337857907405663 50.176833632753365 84.63661966410076 63.9355839355722 39.222376386517325 37.200300948295805 60.201010265042044 90.880650018402 82.61161713368824 65.1934780259627 63.80030157974173 79.28143540079412 104.38099505226045
34.96462408645849 18.87287185128447 78.183098427567 13.541222489712732 68.97859161765018 30.108230843227467 44.81518221448803 60.28694775962355 51.01031860507983 41.59242054373621 65.51594812270159 60.9018150883563 33.070150295548 68.57470673718042 41.846892999906984 18.876104867556652 0.0 27.928927371522743 12.15719844789919 64.33789053648894 31.513242236293834 20.211193775508114 48.35251540994059 15.717412043722558 53.47635739779792 27.765963869147757 62.59687007886994 53.710951121729195 57.483056923428855 19.660545602759726 73.24511899658414 40.91398645172983 32.723423869787666 66.72593164490458 33.09775291778658 55.32929932852822 12.118806429013988 37.18772683664785 13.823463228659708 72.68935408875359 63.15008663074598 37.295674248617615 34.47950545119399 58.15101355100324 89.26970124175374 54.7930436661011 20.355839541639085 14.876053860035947 49.22487134773313 83.78384776138618 60.1286291631474 31.96725583432721 28.69148249193553 54.94851418451774 87.23714561939234 76.33755091871681 56.68834326101798 54.72215543169791 71.90451849934091 98.69551518227217 98.17362324494388 83.60157400075823 82.0677260332054 94.21107017720259 115.80615456746969
11.120049963174093 25.82437101641367 50.31712276328142 30.16136831787322 58.53935988448733 8.627233381921945 17.805260427881745 49.33281013486267 37.78186077870118 18.407990287163514 50.69081839880009 40.341007767100685 27.769542613839523 59.6781138528542 20.536165269130677 11.309476623956504 27.928927371522743 0.0 28.653877906848315 51.94033189115438 13.87292656996258 21.97275855401432 25.155872636624956 43.2983660308384 42.341082554145636 12.068201415837294 54.38892842486497 46.687006441721884 42.719412473999725 43.99921838233208 59.830738990631495 15.518904759618636 14.420200524391205 58.57985610610636 23.570689993904967 40.563681051116205 33.99058489550603 10.91462852514311 18.532890055123207 60.461060836687274 85.26923791531422 64.49077364589537 58.669110297344695 71.55317454898712 95.8771961376116 68.92133335582945 40.76166412723197 31.108081881404377 51.65993301800828 82.2473162198904 61.84796708921366 27.295193967999463 7.729069317518277 42.063092246790845 76.64021962579638 67.05190737466626 37.54537845403649 26.799140771240463 49.20948883223412 80.74524740315393 82.23426070126038 60.45956231779999 54.2498038543642 68.01118482436253 93.28879248680522
31.820899530367875 8.1283852472448 76.55626823748021 25.530750165394668 58.10168400391615 27.166475693115313 46.45686102451051 49.759896228549266 41.53124373795783 37.06252074683379 55.866729464439565 53.57458578593108 42.46298861235244 57.39545572644807 36.35519241835686 23.820822482248868 12.15719844789919 28.653877906848315 0.0 54.044118573343006 26.451750131972116 11.36586659010255 52.633835444174665 18.831657664857925 43.26565602939864 23.24892228577448 51.41368776006725 42.54905529995925 48.132286440559675 15.815254801662885 62.98354088599287 37.75236537163271 38.08664405906409 55.44443663304357 24.421966328254904 46.086397760062134 6.031530072788908 39.37421971228261 10.128645954986654 62.140538760730784 73.31809012270261 44.07318353742786 30.069675953878765 47.5474715832938 77.53821917523085 66.81683190797902 32.245295913031676 3.1438078348997127 37.07913542373136 71.656788769271 71.7429890371118 41.42533054768859 26.07490550020121 45.150686968109 76.10590989766165 86.15802743072499 63.01827872056828 53.983315910959135 65.2065220884187 89.35535703316228 106.26761794075092 88.34798341815372 81.93075224906089 89.52459212054869 108.21912706690021
41.48501654236419 46.02104184012991 60.13499579860309 74.91629355527192 7.398420690992237 43.38970248279856 57.87462109693007 4.678092022595658 14.280047906164896 35.77856623224341 5.747820466462459 21.036372591808618 79.66633898480978 10.276249513923178 32.60634712801907 60.142375848377604 64.33789053648894 51.94033189115438 54.044118573343006 0.0 38.45584316173236 44.12785044584831 69.66637351732889 71.97079913417136 10.861538678945521 41.485016542364185 9.386435781717626 13.748943824067542 9.751896292230894 64.82679655554205 8.940599179598754 40.3677527922316 65.73722834407529 10.879396349542839 31.798779968563544 11.647659097078321 58.80263133556539 57.30271872567971 51.208135023889895 8.624682724600664 127.24912942523939 97.4096980195791 71.97047930872775 57.14580311017397 61.20725474135776 117.37770166865718 84.23801033737342 53.00375713596511 30.29178939056283 37.691180503671426 113.73661698842001 79.13453681906539 44.535224137049674 9.967540222109772 24.70165834502963 116.90966090452483 83.59063857467919 51.978469980768224 28.477504561645336 36.263144253272145 126.38447356985002 96.28790404659658 70.45908209022338 55.24853402506087 59.4568352297913
6.871123691379606 20.1254491490896 50.70065685832453 38.68711397542229 44.85107063895954 5.321134293183754 26.36660042536673 35.614273211953446 24.192450824393838 10.611990421910129 37.73362354459188 29.82130537751367 41.298871912721374 45.86576228166082 10.340416941928545 21.920810688685307 31.513242236293834 13.87292656996258 26.451750131972116 38.45584316173236 0.0 15.77933765841043 36.581758035640405 44.559446743880855 28.561106400188333 3.788672445336604 40.525993731775706 32.844222209317635 29.585991667639817 42.07171801647127 46.65043936186166 11.901113139772242 28.233732883845875 44.72704228672344 10.41226246106267 27.37907426772571 32.481229726035885 22.12303390407027 18.02544250672221 47.04886654517689 93.54778414472297 68.61113089000922 55.304445965563914 61.680396431992264 83.33760233483594 80.11087319734133 48.943711221367664 27.713927926771877 39.1851605036875 68.54000201138405 75.3273830981712 40.72812022707293 6.180559036311023 28.503916270054763 63.09993324416237 80.75034583969511 49.97407594276627 29.47942106267413 40.44134460009626 69.25898156073326 94.64097809150174 70.08084069317435 57.10100580213013 63.28125021840351 84.51804262147847
21.908130340558404 4.378899202755999 66.45009727484769 31.523643968353227 48.89713493056219 17.751844719683046 39.03668696373903 40.10849230589522 30.90785671432719 26.252110649473313 45.393149608640876 42.23749319035699 42.90188968627439 48.68388731540601 25.231207313859148 21.966433889527124 20.211193775508114 21.97275855401432 11.36586659010255 44.12785044584831 15.77933765841043 0.0 47.11322532563872 30.16505490077028 33.26638243490355 13.157201872666016 42.738917414459586 33.89790694162801 37.44402164657278 26.465474647565742 53.03400518787197 27.55587469512548 34.477272129149796 46.935809941459404 13.253643261319946 35.327737896160656 17.285289866737507 32.80904861302327 7.849392294640796 52.50093415451471 83.26253571356504 55.23068213187959 39.53518261382681 49.703693027440984 75.97833610479594 74.08558771928472 40.24570142054048 12.06691859924731 32.655113423439346 66.19633077035856 75.07031685641574 42.014824618565356 17.023147080963348 34.77324574202054 67.25636576833924 85.86778180658044 59.05088413950286 44.67161745692971 53.84157704449323 78.72161681882764 103.44924070817098 82.37051676427404 72.54522728940665 78.3292366617835 96.96844833122394
30.47597379646835 50.85765216480946 40.78123659456707 43.86698575108751 76.92792810543966 31.641304402532036 11.807373482234958 68.28822343969163 56.84918388905602 34.20459219599067 66.73357692149494 52.30074274577669 25.893422480556364 78.91042949115821 37.569002248639734 29.649853067527843 48.35251540994059 25.155872636624956 52.633835444174665 69.66637351732889 36.581758035640405 47.11322532563872 0.0 63.955293981360946 62.0240958206508 36.263174070003664 74.43201537128282 68.00086968446833 59.914492212972135 66.94320670220576 76.00853868837434 29.543119862266114 15.762118574640715 78.3197691586884 46.993859215671144 58.098987633303985 57.27813497964043 14.612629632713894 42.82663342513 77.46974809054066 92.88612070408936 80.46043666029357 81.9430482974708 96.696304527686 119.91838182465585 70.09648276568394 52.85507802015963 55.394987274264665 75.7519169643696 103.93702033994487 52.923953832363516 26.466532271183677 31.541302441740445 60.69657467270351 93.63833927413843 47.856409028746135 13.94474098127275 22.215526605122825 56.45757122875127 90.97383679465906 58.14996999600389 35.71587371698369 39.55579573641571 65.18075661876648 96.57760509535984
49.11643444929366 26.832337135582172 93.24560191719588 23.876199634127435 75.36689580315299 44.26447674320937 60.47026985819321 67.52029176071446 60.062549686991225 55.09589269813689 74.21769883095502 72.39886313951415 46.441584689744424 74.21575736524674 54.74419886629309 34.58883964556521 15.717412043722558 43.2983660308384 18.831657664857925 71.97079913417136 44.559446743880855 30.16505490077028 63.955293981360946 0.0 61.371831742939904 41.05491386304539 68.31399512175253 59.64157379505406 66.6697927415986 10.037149840849372 80.86329238972 55.1367740840841 48.24846708025644 72.11036136496669 43.24459388392431 64.67650972355307 13.282705237220966 52.86643958664401 26.707622086114426 79.75294109161862 56.91232065049251 25.473937684651048 21.299774128712684 51.51008514991802 85.13370063441695 56.11294905264387 23.651675404515668 19.104758989526207 50.65010613229152 84.62107334977621 68.24321010110206 45.32136417146833 42.96205894009544 63.5001818816103 92.809642934037 88.11551607708356 71.6429259247078 69.97024662129635 83.9864507246396 107.73288408057259 111.66965148684487 98.9710757776816 97.54541172577528 107.84067687185046 127.03852390140388
32.4901338067989 35.21021079495019 58.78488509723855 64.1474458983213 16.37175618802382 33.714821569184735 50.4128971774508 7.140013514734955 5.276993947193189 27.834943007638643 13.082243406713985 20.31622105868193 69.84575210187809 17.3495554588743 24.456406710210477 49.854098692662355 53.47635739779792 42.341082554145636 43.26565602939864 10.861538678945521 28.561106400188333 33.26638243490355 62.0240958206508 61.371831742939904 0.0 31.29749031546054 12.412799122976917 7.966716035779375 7.477412149502768 54.56973909806384 19.780865767473696 32.4918737846032 56.49028968123356 16.413619356691996 21.082545034640617 6.971895823245581 48.14744171439216 48.797970112345375 40.384747211904816 19.314253121134648 116.41009457134912 86.84000197858508 62.65670736625283 52.01289477644126 62.28660112267516 106.66415438152617 73.39691114953914 42.32982503651312 24.317984997195904 42.25822389236125 103.83062891883917 69.25422761430511 34.73256073017655 3.3775285275142055 34.8040057276865 108.45283457616273 75.94961723186445 46.577964899229976 31.07257146970329 46.436386688131584 119.66970817225709 91.12430851085102 68.41949022350788 58.767339390600014 67.976173856861
8.7594889319408 17.531709047949853 53.44485121028463 34.97522089073392 47.66159581253708 4.873078828798336 26.84289859889054 38.415598650939955 27.208765926104768 14.046324826257598 41.05865330853281 33.593516925988396 38.66203380163794 48.46858367182591 14.083967779190042 18.663386324751773 27.765963869147757 12.068201415837294 23.24892228577448 41.485016542364185 3.788672445336604 13.157201872666016 36.263174070003664 41.05491386304539 31.29749031546054 0.0 42.967534081557915 34.95102234279034 32.87011820846184 38.999650110171046 49.845422099328715 14.543812569783826 26.43415301356346 47.20893367393224 11.531128001846646 30.651131229808968 29.251213750164897 21.65154246451993 14.404413005110442 50.10458629840222 89.7715095318252 64.92020862232184 52.584630308451636 60.913491902270984 83.9676362666961 76.59139811173002 45.18951817982643 24.754503160946477 39.72808685473823 70.275877286515 72.55820767766163 38.02721713263843 4.722199921596236 31.517983582997108 66.02515879546509 79.08420841531243 49.26050887546187 31.523301671922013 44.2230082857112 72.8866618463465 93.99490013697539 70.59477176784465 59.38844731578239 66.82169463301605 88.30671207479722
44.81873857961387 43.77189118559077 68.62518320698481 74.21954484793623 7.465017859932387 45.77393722112866 62.801954834200195 7.016270804084005 17.60094762524508 40.23454571992059 15.117863571854269 29.31577890635984 81.62956314126066 5.984793667078866 36.863013744535095 61.223202553789 62.59687007886994 54.38892842486497 51.41368776006725 9.386435781717626 40.525993731775706 42.738917414459586 74.43201537128282 68.31399512175253 12.412799122976917 42.967534081557915 0.0 8.88769730536987 16.348204529860766 60.330093573957114 15.02509377462695 44.89407023411624 68.65898846586305 4.267839588471826 32.014822923624145 17.39183622835925 55.51001365572408 61.177288465101554 50.348935480141535 12.684721458564631 124.62035091139458 93.47281784546314 65.87043827991435 48.32672917553452 52.21917289346449 116.81075287235734 82.8796077241899 49.88139793680786 22.408155608330713 30.181850665088312 115.46424875355657 80.98855906566459 46.702823418657054 14.07173718867203 24.692649032807964 120.79723536414063 88.36027096330633 58.463081797150544 37.72473218264183 42.69903910280506 132.00233963532338 103.02489923710255 78.73002662433983 64.6334229405829 67.46344692229165
37.78761876141841 34.88447815245683 66.73068137574802 65.4050401575302 15.727204862191845 38.158688155812605 56.62029805280158 9.114499946898178 12.722302234056778 34.146976912707665 18.252406150515164 28.212191112296757 73.5217490892698 14.870666376044081 30.743285151462608 52.873125418710664 53.710951121729195 46.687006441721884 42.54905529995925 13.748943824067542 32.844222209317635 33.89790694162801 68.00086968446833 59.64157379505406 7.966716035779375 34.95102234279034 8.88769730536987 0.0 15.033399762491976 51.90774371752999 21.950010022708177 38.721949301396805 61.076759139807045 13.0405605099521 23.678156805407227 14.890048519526308 46.73853608522344 54.23990324195318 41.55609836072299 20.33720031154978 115.7969831320466 84.90416172507736 58.33787331814505 44.63982144995816 54.56129824500879 107.9827591419992 74.00088286088032 41.07108327196527 17.099295978403394 35.95534438354694 107.18220968930875 72.83861822290874 38.95837075241629 11.175737789932235 33.569207542834334 113.5438267195796 81.83353479453854 53.81523512297274 38.603846056228996 49.79216418623505 125.98698061758483 98.23359898446708 76.30025547667151 66.24489669005665 73.14240921428353
32.03303524173735 40.00396520545506 52.5113032976702 67.18096333521994 17.065465850648874 34.28457961298466 48.12309414174871 9.351350399794866 6.608126805849459 26.086651974676986 8.207470007086034 13.374491243385867 70.4889221983683 19.450599362916282 22.973404660336087 51.48178115360162 57.483056923428855 42.719412473999725 48.132286440559675 9.751896292230894 29.585991667639817 37.44402164657278 59.914492212972135 66.6697927415986 7.477412149502768 32.87011820846184 16.348204529860766 15.033399762491976 0.0 60.490162531120625 17.1161562096156 30.650238269472624 56.280045435214014 19.400256621145353 24.39358328970349 2.222279508499589 53.38708941299964 47.64240181887798 43.91659927086706 17.879273810204854 120.6320999793338 92.11357744459332 69.37221108713544 59.454866179064304 68.2058903194812 109.33668443324096 76.88433942760159 47.56813342556584 31.76613871229685 46.37113760468816 104.56678081595555 70.00202691226573 35.51351833111236 4.121927644935526 34.17052357803363 107.19731948873927 73.83912010901275 42.520694383626314 23.63570779864528 41.28107745008387 116.72891497297464 86.98830706447137 62.47474827030538 51.32275722448891 61.31687597756179
47.6225120195384 22.360540488033873 92.36700171148854 31.23083741041587 67.57741557306733 42.98171560442383 61.75601350286231 60.24888950719852 53.95472684027806 52.64767288099381 67.61654171260405 67.69677913765443 52.6156392868288 66.11925689949314 51.69316274624748 37.347340892032136 19.660545602759726 43.99921838233208 15.815254801662885 64.82679655554205 42.07171801647127 26.465474647565742 66.94320670220576 10.037149840849372 54.56973909806384 38.999650110171046 60.330093573957114 51.90774371752999 60.490162531120625 0.0 73.58912831783523 53.53146013379062 51.67259292790068 63.93535587418471 38.50537580602169 58.637908735963 10.032107332418697 54.44069714670807 25.714594842438984 72.22069328634201 66.24711071758063 33.312970075778615 15.022604726397494 41.67077766193226 75.1137747005408 66.10601744841374 33.0340934113203 14.399578248744485 41.45232347678112 74.99395396363094 77.10941066036332 51.50374354768763 41.88353218492783 57.01442992147312 84.50964709355243 95.47856654358456 76.11712894070247 69.75841866695262 79.58275969269272 100.97204223431974 117.81642844311172 102.54080396459509 97.68924749890246 104.72071719805345 121.59085111880177
49.080155267428125 54.961361884366966 61.860343809953676 83.67437438549294 8.151831984519802 51.39862439865834 64.21220245455032 13.357898757642285 22.74380386306324 42.84070690583521 9.3292539119731 24.707248573239536 87.59993273483272 11.75177839244292 39.876670799977816 68.49843635246911 73.24511899658414 59.830738990631495 62.98354088599287 8.940599179598754 46.65043936186166 53.03400518787197 76.00853868837434 80.86329238972 19.780865767473696 49.845422099328715 15.02509377462695 21.950010022708177 17.1161562096156 73.58912831783523 0.0 47.27808058554119 73.28845542800764 13.751616904547223 40.56120495119195 19.294835225767866 67.71633296779311 64.38305697410931 60.04200604773008 3.167205190870356 136.18556478780138 106.28537683288543 80.25856504878902 63.09576741392922 62.57393335753923 126.05847934444644 93.08729576184524 61.924003844503524 37.39990742350845 36.84775572841576 121.67531817239727 87.11702758554972 52.6186640427687 18.51823380599627 17.6629563861122 123.64869156258746 89.82782915784047 56.95545198879166 28.524599659181835 27.896715126532335 131.69305233273985 100.5196706614014 72.52691852845511 53.01800825300639 52.50209571725236
6.020343302967875 31.928854010102526 38.91349416935508 45.35230486445864 47.53218493034102 10.882619646068733 17.94014348537661 38.77343882777302 27.306221410209677 4.661496062372759 37.9499254199918 25.519708352022715 41.77388005918564 49.400098655215075 8.04022271247868 26.68631613240317 40.91398645172983 15.518904759618636 37.75236537163271 40.3677527922316 11.901113139772242 27.55587469512548 29.543119862266114 55.1367740840841 32.4918737846032 14.543812569783826 44.89407023411624 38.721949301396805 30.650238269472624 53.53146013379062 47.27808058554119 0.0 26.586322316242267 48.77837292694617 20.59023563806954 28.730516868817848 43.72770637624125 17.117318886243034 28.466024371608103 48.44467962001388 100.60196675889632 78.18390451654899 67.07799018586056 72.67019501087437 91.96316845025055 84.32165558563635 55.94429869423326 39.296465181143965 48.51272471421806 74.54918783290876 75.43001449985168 41.50130523324207 12.242615343831806 31.18103543289729 64.72622618904407 76.54719715061556 43.48085771322183 17.791721560285037 33.72468676662065 65.97736287330497 87.28969472745324 60.286274241503754 45.21276106882788 53.37384669355956 77.76989201362024
24.25763299488327 37.650692028996986 52.07421930644854 28.46348865884075 72.53162325615114 22.9270966199897 16.49347782526731 63.3873301517485 51.761056572179875 30.644001868452673 64.02063805482761 52.066208332777826 15.562688141392474 73.83892330136267 33.431410109697154 14.38837040549444 32.723423869787666 14.420200524391205 38.08664405906409 65.73722834407529 28.233732883845875 34.477272129149796 15.762118574640715 48.24846708025644 56.49028968123356 26.43415301356346 68.65898846586305 61.076759139807045 56.280045435214014 51.67259292790068 73.28845542800764 26.586322316242267 0.0 72.81967271172064 37.962000299811706 54.18928380323409 42.25577056684073 10.527469231498992 28.842920320830626 74.14384103004964 80.11235380543457 65.08240957622905 66.69502180581557 83.997064974745 109.80693514660186 60.00942894526566 38.0094374628356 41.026002593604616 65.69914930945991 96.66671262193019 48.844538328891645 15.509023822933678 22.138746343387513 55.98724617008387 90.40947268993193 52.65007727748175 24.964502551376697 29.483351460953493 59.2465654236709 92.4439770391195 68.99155507028574 50.91939849017053 53.108783620898684 73.77742158806062 102.27648926735716
48.897880182353795 47.877223999026356 70.98885922069071 78.43438526054487 5.603938646107179 49.958672106852795 66.64100111313563 10.189941787865973 21.482646469422455 44.11714785140786 16.45571881616269 31.788030523630514 85.86993654758491 2.33586906496313 40.76974769745968 65.48767347370016 66.72593164490458 58.57985610610636 55.44443663304357 10.879396349542839 44.72704228672344 46.935809941459404 78.3197691586884 72.11036136496669 16.413619356691996 47.20893367393224 4.267839588471826 13.0405605099521 19.400256621145353 63.93535587418471 13.751616904547223 48.77837292694617 72.81967271172064 0.0 36.28194742723824 20.73195860075181 59.41403460071601 65.20865078209872 54.57259457528865 10.875287424698392 128.5640306759411 97.16120680213925 68.89630963192906 49.476399490999945 50.43746608731305 121.01835493231137 87.03077528425274 53.83415805527139 24.833936693271976 27.02183119699027 119.72071635408408 85.23401381083065 50.906555136807775 17.690976829272106 20.719966847611357 124.86613232019432 92.25920942721184 61.861147278710185 39.20038848386722 40.513805901802115 135.72351750528398 106.37226083505459 81.26510793945168 65.48093529748711 66.0777060288657
