0.0 53.2754837677298 40.53576577178863 10.411038995243334 31.755272362292512 25.06774853332137 12.714192491032126 58.05474573293363 52.096361633629996 27.74095732506758 34.12704281173228 45.680052459030435 26.318344128909832 24.7088511457143 50.70925951738203 19.308502188487605 30.689251824224087 44.76471880157452 39.664469171498126 19.431753434334517 33.807229846207726 54.302460594207986 24.955495275231463 4.7092935047059825 15.076591909089661 32.41268205078297 15.31639900106751 45.5050845523573 38.90737945796285 9.246985775022527 35.56700629963627 52.454550733089704 23.769526283575836 3.7861277173195442 48.86327641217111 5.172577586828463 6.217274007597585 42.7725481318449 46.63371183708541 43.071465863644995 35.76100464828886 36.62391963432263 56.8471602148576 36.00410258419695 44.88129761239491 13.213505269086943
53.2754837677298 0.0 75.0844751594161 56.472442620237366 71.2661886072883 28.20778877373912 41.94476441909447 51.58255984388581 9.934745156946498 31.748049838328072 80.04508250693237 21.586482702676115 77.44350168427755 56.90421016733108 52.33639414990441 35.30696239552454 32.27302164489065 61.78886554813493 18.66599016748962 42.4374334443477 74.90025343795588 29.763822155346908 37.746661865283095 54.19537441652201 39.06822554966663 33.721754402374174 38.25441372914547 39.658324662302554 17.793896761896857 61.5663478213042 82.47217914974456 14.586293527656165 76.10807770267992 56.667607884900384 50.80311268435642 48.38812681248249 47.0811905603924 60.57418758989742 20.17261832037446 34.76866673627094 85.21758074432101 75.42197469240975 97.45702869910164 84.76717430061144 94.48378423631138 41.721581034970505
40.53576577178863 75.0844751594161 0.0 30.142694252414227 68.63443501713614 53.08997832267753 49.56313441858117 97.21604299861046 78.90914110552092 43.71944395712712 65.71084345491774 56.63492624525396 53.022597642409046 19.30593670142888 90.56444147116197 53.516880423703185 42.811464366440866 85.26878438992885 69.97585703712214 58.45579796135953 69.35152564457529 88.56977274450226 62.72408983787163 44.86912181228865 50.209305969697034 69.1679516892778 49.026483216795754 83.50286872479157 68.37351932382356 43.54029260340529 65.64463772741202 66.11991155563517 48.34823843387531 38.06534129019158 88.64058373791444 43.61931981933433 42.1554794872936 83.28215703587476 78.2462074498221 79.98457851983112 62.117172127631626 72.90648051942287 88.52868303555114 63.42667606139773 68.28367513975061 50.18999264007588
10.411038995243334 56.472442620237366 30.142694252414227 0.0 40.805236713751874 29.18283267517684 20.659646264080493 67.79806568529553 57.03246487429779 26.848588378258672 41.11630969547879 44.870984457149994 30.82354528257545 15.082395929896466 60.74189873938877 26.10818221378786 28.747947011827044 55.175692437990634 45.57396634978385 28.89059754887497 42.360561563184085 62.07177471621495 33.82653441612904 14.894756649962266 22.115575653746244 40.92048085525071 21.52295823056618 54.70407720795744 44.44765843386801 15.692804500145863 42.01858730971601 52.902976872207454 27.047788636454317 8.4952472779098 58.8571560287936 13.795219937751531 12.84707723503325 53.183585981762086 53.24722424044035 51.78709089214744 40.781817918653765 45.51387387136318 64.38811297626005 41.447108403971896 49.25486586551479 21.268294276481587
31.755272362292512 71.2661886072883 68.63443501713614 40.805236713751874 0.0 47.05687488449605 33.72230744408848 48.33113503173655 65.8161707826665 55.88332810800499 11.695360968372679 71.73717287350583 20.616330435669887 55.87023532315246 39.396539117379966 38.320530654985866 59.46968248495592 25.46718435573244 53.08522746928929 29.223598007545235 3.7673318708965855 57.5667718577814 33.52457625963774 27.178110802309725 36.25810052520407 38.70061533454181 37.97909643019759 43.01331869844552 53.582602018693194 25.408137388332953 14.509158468715752 75.98455198997249 24.253755159901083 32.364620344840176 38.478961452883176 32.455234913909955 34.92961759075818 24.210136601119462 56.109100653373645 44.29449196598148 20.255603573993106 4.938491649815704 26.90210275344766 18.744697462598616 27.360293719164858 33.53107595881353
25.06774853332137 28.20778877373912 53.08997832267753 29.18283267517684 47.05687488449605 0.0 14.350424874507015 48.226477578512906 27.84966610952775 13.252090593579517 54.059301453978826 24.866908580487053 49.80659163972924 33.78804476650269 44.04437604074762 8.741576082871491 16.82003473006187 46.336010398722465 17.00046150880892 18.41595273357525 50.35346853826687 35.62077548853839 17.083510101040417 26.19734364496829 11.450101887414592 19.563754962853054 10.270798624994457 33.568369064905944 15.579133074112834 33.486464464362015 56.22445712134819 29.170415251768638 48.134867340141014 28.488461052699645 42.051449563877476 20.214994521415857 18.878467683888523 44.55227473805317 25.18917765361277 29.014480541744096 58.18501612057314 51.74108293168546 73.9557023724316 57.95330365280869 67.51419187996241 14.281506804358314
12.714192491032126 41.94476441909447 49.56313441858117 20.659646264080493 33.72230744408848 14.350424874507015 0.0 47.652913259243455 39.807285015253164 22.312686899595217 39.877078866722314 38.222350387830645 35.57297858737605 31.26905165390255 41.22004677563512 6.823196637114162 26.00622178446963 38.66557959355326 27.11917870760539 9.224471982281495 36.77629381601722 41.766690689797215 13.246287663621235 12.370952809261977 2.9135465933850266 20.267405883568387 4.313704521551193 34.1455785711716 26.50454609301814 19.789112066432835 41.96708928664222 43.408032491895305 34.17889885600503 16.494648816552694 39.25887601211204 7.581739221892713 7.818740360337182 36.69559269785024 33.92683233201382 31.127538742203306 43.83511725936796 38.57023290577952 60.52777029531335 43.60852420628252 53.16412828362011 0.6270069003310792
58.05474573293363 51.58255984388581 97.21604299861046 67.79806568529553 48.33113503173655 48.226477578512906 47.652913259243455 0.0 41.8583651999828 61.4023660245106 60.02082020415708 66.4232584856224 66.4355057933358 78.68803441207918 8.936401146777733 44.383901161751076 64.77405749087544 23.99270880225247 36.95979778555416 38.914077917486445 51.60689779072117 22.602115066812658 34.55452704896547 54.75216700733704 47.17304053437758 28.950913252835903 48.558376043942964 14.671519634105177 38.916274552604584 59.82534685749055 62.821171804666655 64.20696979034321 68.39861234341225 61.43099106384407 10.085299236566273 54.00299134715109 55.17317932442239 24.624250426277555 31.661849914418976 19.536391102260975 68.51479547886882 49.41865092265843 65.472779592073 67.06225634308112 75.47585075714552 47.02605040671434
52.096361633629996 9.934745156946498 78.90914110552092 57.03246487429779 65.8161707826665 27.84966610952775 39.807285015253164 41.8583651999828 0.0 35.24417421324546 75.44026024013658 29.53945858041497 74.38526503451578 60.00437309399369 43.168241542839056 32.98645876990595 36.75056998009706 53.70870870472792 13.105215578899147 38.1668390273644 69.54224538619602 19.838103837188296 32.69260078552777 52.14864923638357 37.13135206629693 27.212730811488246 36.784858215452715 30.629783862017337 13.33388850686761 59.55401917632596 78.01505192298555 24.03546512825296 73.62849807245246 55.7366431155238 41.75010256938923 46.972091344644134 46.13108722296407 52.66477137953316 11.127213874976393 26.01982301468082 81.37614492699777 69.63413167006011 91.26135845628153 80.73057502891051 90.47955885050897 39.45199948454186
27.74095732506758 31.748049838328072 43.71944395712712 26.848588378258672 55.88332810800499 13.252090593579517 22.312686899595217 61.4023660245106 35.24417421324546 0.0 60.91946008329835 18.182338138035636 54.05930145397741 25.16900857345403 57.28350382578927 19.848964774806745 3.8024136632705514 58.80754894489523 27.74866661941683 29.55598678398799 58.77434545299597 47.27942181894353 29.721035049947655 30.817247980929537 20.143195569873733 32.8153104313528 18.273440711687968 46.731733100019305 25.889809183603486 36.987943100090106 62.686713613246454 26.08739397573642 51.3516317761298 30.039358525991418 55.287638826435874 24.476502665103233 22.193359473820923 56.94985772935134 36.005427865005785 42.05477886430704 63.41725264235114 60.77388019739705 82.5123324287145 63.55568693480292 72.59622096215851 22.603084970220362
34.12704281173228 80.04508250693237 65.71084345491774 41.11630969547879 11.695360968372679 54.059301453978826 39.877078866722314 60.02082020415708 75.44026024013658 60.91946008329835 0.0 77.95941078682975 13.094663661135826 55.90687912177679 51.08767682284664 45.56210718668912 64.22712712639401 36.92751405112848 62.449623329036235 37.61818098030226 8.583374018226243 68.63993488638864 42.75615842107855 30.266257964379378 42.69663034470056 48.76229254997017 44.17157990375066 54.383552534510464 62.70064016874268 25.648387657727042 2.8308597265862394 83.22523584012336 17.715826822072728 33.40516051640829 50.173275740039706 36.47655877162057 38.84177433704025 35.778371875262714 66.29104059673497 55.32100665266571 8.80894282228642 11.722166787393975 23.33434369287192 7.147029178104294 15.81708062208829 39.85269074283094
45.680052459030435 21.586482702676115 56.63492624525396 44.870984457149994 71.73717287350583 24.866908580487053 38.222350387830645 66.4232584856224 29.53945858041497 18.182338138035636 77.95941078682975 0.0 71.94048398019929 40.367688973848914 64.61384560733389 33.561719029396144 16.219927667876966 69.9095641281815 29.46364824945409 43.27163679632642 74.92345696783927 47.35648196594751 41.20434596243198 48.368848669349255 35.537228837895015 41.14840282044891 33.909661946364125 52.4045124504929 27.512916354885572 54.90037091511153 79.91238207574465 9.499506464263703 69.40644502685873 48.15772577431975 62.75570751037434 41.96708928664222 39.85309349159334 68.2671883665 35.833108844910555 47.23690466821369 81.08895218096893 76.48751245274397 98.62876475218066 81.11072974248442 90.34460481133044 38.33129454428497
26.318344128909832 77.44350168427755 53.022597642409046 30.82354528257545 20.616330435669887 49.80659163972924 35.57297858737605 66.4355057933358 74.38526503451578 54.05930145397741 13.094663661135826 71.94048398019929 0.0 44.849737427397244 57.62454527557198 42.13655739838885 56.95959708768444 45.24101034135859 61.30334499725556 36.46657257951385 19.30593342703452 71.05146452303937 42.40661251067236 23.769069261541283 38.480643177808645 49.481382760351956 39.53617905150001 58.19021793898096 61.12915106984677 17.071358353887305 12.641073374342856 78.35149017335029 4.690224416904664 24.384371286610456 56.352045060906256 30.108371330731874 32.10594118941887 43.71417710355988 66.56357762936587 57.9654382236762 9.968127819185845 23.07654285953242 35.511652452332115 10.802064695952343 18.659311540942554 35.753185286537786
24.7088511457143 56.90421016733108 19.30593670142888 15.082395929896466 55.87023532315246 33.78804476650269 31.26905165390255 78.68803441207918 60.00437309399369 25.16900857345403 55.90687912177679 40.367688973848914 44.849737427397244 0.0 72.48641062324293 34.538380435038796 24.99215998640776 68.77514810683314 50.70136072468641 40.42779160595731 57.43909882249692 69.27489167327502 44.13929390354707 29.407518621961394 31.515171037101595 50.2374408134118 30.17037640413641 64.68358949234839 49.12679985016808 30.739267176194357 56.62029805280158 49.571853667420946 40.653557504710015 23.51052706793547 70.52104565302692 26.407516651486926 24.49371826903871 66.7735533114483 58.95708659821258 60.96759262970294 54.77863043798538 60.593612918442496 79.23377444004518 55.634986696677935 62.71677660434249 31.88626231593258
50.70925951738203 52.33639414990441 90.56444147116197 60.74189873938877 39.396539117379966 44.04437604074762 41.22004677563512 8.936401146777733 43.168241542839056 57.28350382578927 51.08767682284664 64.61384560733389 57.62454527557198 72.48641062324293 0.0 38.91599484537615 60.85579385634234 15.45506745540821 35.64929686106587 32.134621305979785 42.687078925704576 25.88285599780558 28.65841617081773 47.110169612705256 41.1610170776814 24.507112656171657 42.72395803763625 12.703636819747379 37.43146742043453 51.73772152336887 53.88999208809996 63.679777382597905 59.7079459914744 53.92004038733004 2.008137489544136 47.0057084562963 48.41185755193335 15.867358121450378 32.20147246128512 17.777593679460733 59.57907325731361 40.556455393447656 57.30376905725118 58.126017926162824 66.56787147578726 40.601310885799634
19.308502188487605 35.30696239552454 53.516880423703185 26.10818221378786 38.320530654985866 8.741576082871491 6.823196637114162 44.383901161751076 32.98645876990595 19.848964774806745 45.56210718668912 33.561719029396144 42.13655739838885 34.538380435038796 38.91599484537615 0.0 23.648267281274556 38.997459287917266 20.36571380369572 9.901412818414562 41.63682710846436 35.977990955621905 10.336381507524505 19.18745038634624 4.2363284427540115 15.699309046334516 4.619474115787357 30.17037640413632 19.69378446043331 26.604329016079436 47.804338817365334 37.78369003517916 40.916791949762604 23.046637132323898 36.91059672848963 14.136807804973492 13.73753408255935 37.122970990282845 27.43835181023583 26.46856580342879 50.08467003417078 42.99950806764301 65.21700633134833 49.74556754144058 59.39534618582519 6.498064027746317
30.689251824224087 32.27302164489065 42.811464366440866 28.747947011827044 59.46968248495592 16.82003473006187 26.00622178446963 64.77405749087544 36.75056998009706 3.8024136632705514 64.22712712639401 16.219927667876966 56.95959708768444 24.99215998640776 60.85579385634234 23.648267281274556 0.0 62.59381589430416 30.347999134771793 33.35616034014248 62.30525972534972 49.94115781470569 33.47461216384513 34.01618505518662 23.900754487902088 36.35736984427568 22.022457274753705 50.10570791084611 28.41917892385456 39.912167141855974 65.92613206667788 24.883835747382662 54.07380971546231 32.72613125210063 58.865372751057826 27.7508961786247 25.398790983555568 60.740224019797644 38.485651185509376 45.34362457269373 66.44632119130502 64.37341004785323 86.01850164135492 66.64897802861141 75.56380298097018 26.316182582000817
44.76471880157452 61.78886554813493 85.26878438992885 55.175692437990634 25.46718435573244 46.336010398722465 38.66557959355326 23.99270880225247 53.70870870472792 58.80754894489523 36.92751405112848 69.9095641281815 45.24101034135859 68.77514810683314 15.45506745540821 38.997459287917266 62.59381589430416 0.0 43.4695790457884 29.76081299425212 28.355978002904216 39.302289284742464 29.256027859544925 40.40973368054893 39.701582407005205 29.073418745564933 41.54996487353409 24.19251637546722 44.83711628533271 43.14030495215663 39.649411778135715 70.96938612886764 48.06548684667443 47.27117602092108 15.297263889625132 42.367632252034085 44.35418776710357 2.001693773245061 42.63659308532398 27.91696319490338 45.657919119022374 25.770346214275502 41.90355747761415 44.06883030525527 51.95220912947281 38.13097039643719
39.664469171498126 18.66599016748962 69.97585703712214 45.57396634978385 53.08522746928929 17.00046150880892 27.11917870760539 36.95979778555416 13.105215578899147 27.74866661941683 62.449623329036235 29.46364824945409 61.30334499725556 50.70136072468641 35.64929686106587 20.36571380369572 30.347999134771793 43.4695790457884 0.0 25.06816079684456 56.778917760188705 19.593639929206972 19.70333594687155 39.354058471699794 24.589465552611863 15.056245872185503 24.505286212868523 23.134479207454564 2.0210100384379963 46.72317920599224 64.99651488472371 28.079853590418953 60.63160161249423 43.38367493304721 33.89622736398586 34.496317001477784 33.91554243873381 42.15479744607301 8.320660089947578 17.955434524542024 68.28175535910304 57.07281476389845 78.96488753277657 67.65233816710114 77.40286273981232 26.715288793542708
19.431753434334517 42.4374334443477 58.45579796135953 28.89059754887497 29.223598007545235 18.41595273357525 9.224471982281495 38.914077917486445 38.1668390273644 29.55598678398799 37.61818098030226 43.27163679632642 36.46657257951385 40.42779160595731 32.134621305979785 9.901412818414562 33.35616034014248 29.76081299425212 25.06816079684456 0.0 32.72604804712687 35.85869810249065 6.1213372533855805 16.936329752789078 9.940897624896124 13.65876652799965 11.793456631913903 26.07403350974796 25.153407039796836 23.543532626250133 40.08290814424207 46.84976703554897 36.253610192819515 23.032990275447368 30.195802063007644 15.100819722576148 16.306695715007393 27.822904414281975 30.13108750090751 23.852003252887016 43.21417212579337 33.71526012450225 55.98138889210892 42.603475255046085 52.354121065820706 8.630431915007378
33.807229846207726 74.90025343795588 69.35152564457529 42.360561563184085 3.7673318708965855 50.35346853826687 36.77629381601722 51.60689779072117 69.54224538619602 58.77434545299597 8.583374018226243 74.92345696783927 19.30593342703452 57.43909882249692 42.687078925704576 41.63682710846436 62.30525972534972 28.355978002904216 56.778917760188705 32.72604804712687 0.0 61.29856829120361 37.17700689563714 29.367244559965073 39.39215308887415 42.448394350565735 41.066647562477094 46.68577432390084 57.247577193475934 26.729317890680537 11.295473809030497 79.37549847914902 23.381672971703733 34.04335932256905 41.8478784259211 34.96559775767697 37.43432469347828 27.241801741770352 59.86948287603784 48.03710551306358 17.369412856479197 3.7926862455136106 23.758468960768766 15.730392535791763 23.899968882349498 36.62246204875064
54.302460594207986 29.763822155346908 88.56977274450226 62.07177471621495 57.5667718577814 35.62077548853839 41.766690689797215 22.602115066812658 19.838103837188296 47.27942181894353 68.63993488638864 47.35648196594751 71.05146452303937 69.27489167327502 25.88285599780558 35.977990955621905 49.94115781470569 39.302289284742464 19.593639929206972 35.85869810249065 61.29856829120361 0.0 29.783927253780337 52.61662449278323 39.97565731672387 22.20245301363608 40.5882932308225 15.264927317971335 21.541081295166354 59.4018723114636 71.42848339690634 43.4036486723316 71.56318482376203 58.07594549529093 24.966949547441256 49.2975590434931 49.46002834729404 38.82285436458227 11.700318463320194 13.320778339139922 76.00950170832537 60.359536820740374 80.21734025777462 74.96186635993544 84.40928838997745 41.20947740043711
24.955495275231463 37.746661865283095 62.72408983787163 33.82653441612904 33.52457625963774 17.083510101040417 13.246287663621235 34.55452704896547 32.69260078552777 29.721035049947655 42.75615842107855 41.20434596243198 42.40661251067236 44.13929390354707 28.65841617081773 10.336381507524505 33.47461216384513 29.256027859544925 19.70333594687155 6.1213372533855805 37.17700689563714 29.783927253780337 0.0 22.870925646843755 12.627767335246839 7.589726322320572 14.094927044805102 20.901696449621163 20.074842722634504 29.630184304528655 45.322545275219184 43.64492806520554 42.32758951792696 28.660298818070533 26.658828485476185 20.245848122275245 20.99266870938096 27.46896942321794 24.16121014946329 18.118970115383007 48.802122234742406 37.69924969816898 59.83067602476646 48.09214298242755 57.83238325671891 12.622967813366728
4.7092935047059825 54.19537441652201 44.86912181228865 14.894756649962266 27.178110802309725 26.19734364496829 12.370952809261977 54.75216700733704 52.14864923638357 30.817247980929537 30.266257964379378 48.368848669349255 23.769069261541283 29.407518621961394 47.110169612705256 19.18745038634624 34.01618505518662 40.40973368054893 39.354058471699794 16.936329752789078 29.367244559965073 52.61662449278323 22.870925646843755 0.0 15.169680773761298 30.456831023827995 15.966085360311714 42.785570136954924 38.82701833961563 7.418172296157272 31.910606913386633 54.584969083342536 21.94263128564365 6.914486645825672 45.31852737377459 6.401759382707031 8.626987782092618 38.42791745785954 45.785155921984504 40.78606768031085 32.7201035116197 32.073773594061464 52.64249802389722 32.77333772338228 41.985499831233675 12.69931094848735
15.076591909089661 39.06822554966663 50.209305969697034 22.115575653746244 36.25810052520407 11.450101887414592 2.9135465933850266 47.17304053437758 37.13135206629693 20.143195569873733 42.69663034470056 35.537228837895015 38.480643177808645 31.515171037101595 41.1610170776814 4.2363284427540115 23.900754487902088 39.701582407005205 24.589465552611863 9.940897624896124 39.39215308887415 39.97565731672387 12.627767335246839 15.169680773761298 0.0 19.045643191106784 1.8972108010545519 33.293659992368354 23.87377211034288 22.57982992870074 44.81665539163053 40.54938468458335 37.04172534946396 18.810674279144855 39.17372632817404 9.90691559104983 9.552219517528297 37.76181621776858 31.65598138969567 29.928887046987246 46.740933780617965 41.065175781182695 63.11947440382887 46.5032538058748 56.069466672364314 2.8452263923140793
32.41268205078297 33.721754402374174 69.1679516892778 40.92048085525071 38.70061533454181 19.563754962853054 20.267405883568387 28.950913252835903 27.212730811488246 32.8153104313528 48.76229254997017 41.14840282044891 49.481382760351956 50.2374408134118 24.507112656171657 15.699309046334516 36.35736984427568 29.073418745564933 15.056245872185503 13.65876652799965 42.448394350565735 22.20245301363608 7.589726322320572 30.456831023827995 19.045643191106784 0.0 20.141545654959504 14.510494363019248 16.097820554702487 37.20016506667998 51.43270268701705 41.90770675207571 49.646193517604694 36.14812444603748 22.523952301356964 27.573222206601695 28.086088784002015 27.589837083582317 17.528848547054263 10.889736739653957 55.343976570338675 42.42904377096431 64.09321475703884 54.50446740063503 64.18482437425006 19.66594783097204
15.31639900106751 38.25441372914547 49.026483216795754 21.52295823056618 37.97909643019759 10.270798624994457 4.313704521551193 48.558376043942964 36.784858215452715 18.273440711687968 44.17157990375066 33.909661946364125 39.53617905150001 30.17037640413641 42.72395803763625 4.619474115787357 22.022457274753705 41.54996487353409 24.505286212868523 11.793456631913903 41.066647562477094 40.5882932308225 14.094927044805102 15.966085360311714 1.8972108010545519 20.141545654959504 0.0 34.52510147098028 23.643927091138192 23.313300080885345 46.239136691276606 39.167640276215536 37.90770735776511 18.95771170694161 40.7297414355699 10.232395393719536 9.41167448942222 39.61548957698176 31.8537101884664 30.97836816486286 47.98694845019323 42.80747178507689 64.8114206993957 47.80422515182094 57.31553084513682 4.448462939811952
45.5050845523573 39.658324662302554 83.50286872479157 54.70407720795744 43.01331869844552 33.568369064905944 34.1455785711716 14.671519634105177 30.629783862017337 46.731733100019305 54.383552534510464 52.4045124504929 58.19021793898096 64.68358949234839 12.703636819747379 30.17037640413632 50.10570791084611 24.19251637546722 23.134479207454564 26.07403350974796 46.68577432390084 15.264927317971335 20.901696449621163 42.785570136954924 33.293659992368354 14.510494363019248 34.52510147098028 0.0 24.9870507262792 48.73417925736089 57.204166920433835 51.061459045192706 59.32086671062899 49.09517681783211 11.149827347739857 41.02598460259555 41.886280084385646 23.606184807839284 19.573886966628244 5.181529374374139 62.16440622301625 45.478130963695534 64.97557429640524 60.97995940396708 70.20057220984425 33.52322741926723
38.90737945796285 17.793896761896857 68.37351932382356 44.44765843386801 53.582602018693194 15.579133074112834 26.50454609301814 38.916274552604584 13.33388850686761 25.889809183603486 62.70064016874268 27.512916354885572 61.12915106984677 49.12679985016808 37.43146742043453 19.69378446043331 28.41917892385456 44.83711628533271 2.0210100384379963 25.153407039796836 57.247577193475934 21.541081295166354 20.074842722634504 38.82701833961563 23.87377211034288 16.097820554702487 23.643927091138192 24.9870507262792 0.0 46.227444242156224 65.20740238065244 26.416815379622964 60.30478852200579 42.59056709172826 35.652208637503 33.75698705573069 33.04521656437231 43.47066794688145 10.11602478600681 19.80565169944791 68.32648657463116 57.670171911669016 79.66878135618538 67.74929267394629 77.49851822690262 26.13648848114954
9.246985775022527 61.5663478213042 43.54029260340529 15.692804500145863 25.408137388332953 33.486464464362015 19.789112066432835 59.82534685749055 59.55401917632596 36.987943100090106 25.648387657727042 54.90037091511153 17.071358353887305 30.739267176194357 51.73772152336887 26.604329016079436 39.912167141855974 43.14030495215663 46.72317920599224 23.543532626250133 26.729317890680537 59.4018723114636 29.630184304528655 7.418172296157272 22.57982992870074 37.20016506667998 23.313300080885345 48.73417925736089 46.227444242156224 0.0 26.811091032445013 61.51272848878213 14.708866563496345 7.768673426508277 50.06601302063975 13.341712595591058 15.145446815755843 41.23406306448537 53.00469017757635 47.18074319821536 26.58151435194354 29.98809734990584 48.79955186287195 26.906857606958475 35.651989673709465 20.112744131602977
35.56700629963627 82.47217914974456 65.64463772741202 42.01858730971601 14.509158468715752 56.22445712134819 41.96708928664222 62.821171804666655 78.01505192298555 62.686713613246454 2.8308597265862394 79.91238207574465 12.641073374342856 56.62029805280158 53.88999208809996 47.804338817365334 65.92613206667788 39.649411778135715 64.99651488472371 40.08290814424207 11.295473809030497 71.42848339690634 45.322545275219184 31.910606913386633 44.81665539163053 51.43270268701705 46.239136691276606 57.204166920433835 65.20740238065244 26.811091032445013 0.0 85.366005084385 17.33077498213385 34.57601572410711 52.98773507822852 38.21066414707407 40.52920710885139 38.531701243370165 68.96011703113575 58.108228848868904 6.358647070262573 14.21598532438206 22.93960480601776 4.56552594080451 13.000305467338615 41.97171961409811
52.454550733089704 14.586293527656165 66.11991155563517 52.902976872207454 75.98455198997249 29.170415251768638 43.408032491895305 64.20696979034321 24.03546512825296 26.08739397573642 83.22523584012336 9.499506464263703 78.35149017335029 49.571853667420946 63.679777382597905 37.78369003517916 24.883835747382662 70.96938612886764 28.079853590418953 46.84976703554897 79.37549847914902 43.4036486723316 43.64492806520554 54.584969083342536 40.54938468458335 41.90770675207571 39.167640276215536 51.061459045192706 26.416815379622964 61.51272848878213 85.366005084385 0.0 76.19278124944891 55.27975799968886 61.956019190090835 48.25402883581065 46.37148172176635 69.49663245320743 32.61814500787203 45.916333188414455 87.10492659902538 80.55372888798496 102.81925925749347 86.96266084532475 96.425698352154 43.39428571098442
23.769526283575836 76.10807770267992 48.34823843387531 27.047788636454317 24.253755159901083 48.134867340141014 34.17889885600503 68.39861234341225 73.62849807245246 51.3516317761298 17.715826822072728 69.40644502685873 4.690224416904664 40.653557504710015 59.7079459914744 40.916791949762604 54.07380971546231 48.06548684667443 60.63160161249423 36.253610192819515 23.381672971703733 71.56318482376203 42.32758951792696 21.94263128564365 37.04172534946396 49.646193517604694 37.90770735776511 59.32086671062899 60.30478852200579 14.708866563496345 17.33077498213385 76.19278124944891 0.0 21.348304825557317 58.32561711186038 28.04761359535474 29.824009557491973 46.43713758487872 66.35028938815704 58.690544895966696 14.20183550383795 27.174233761759005 40.180575009181126 15.260874533365165 22.22126451355811 34.4345495125928
3.7861277173195442 56.667607884900384 38.06534129019158 8.4952472779098 32.364620344840176 28.488461052699645 16.494648816552694 61.43099106384407 55.7366431155238 30.039358525991418 33.40516051640829 48.15772577431975 24.384371286610456 23.51052706793547 53.92004038733004 23.046637132323898 32.72613125210063 47.27117602092108 43.38367493304721 23.032990275447368 34.04335932256905 58.07594549529093 28.660298818070533 6.914486645825672 18.810674279144855 36.14812444603748 18.95771170694161 49.09517681783211 42.59056709172826 7.768673426508277 34.57601572410711 55.27975799968886 21.348304825557317 0.0 52.10590516858856 8.931277950211665 9.641612584064466 45.29520845236801 50.40525647042422 46.763624697767895 34.125389169321416 37.11432045138432 56.49718097120188 34.54854389772026 43.04358477131463 16.998021084235763
48.86327641217111 50.80311268435642 88.64058373791444 58.8571560287936 38.478961452883176 42.051449563877476 39.25887601211204 10.085299236566273 41.75010256938923 55.287638826435874 50.173275740039706 62.75570751037434 56.352045060906256 70.52104565302692 2.008137489544136 36.91059672848963 58.865372751057826 15.297263889625132 33.89622736398586 30.195802063007644 41.8478784259211 24.966949547441256 26.658828485476185 45.31852737377459 39.17372632817404 22.523952301356964 40.7297414355699 11.149827347739857 35.652208637503 50.06601302063975 52.98773507822852 61.956019190090835 58.32561711186038 52.10590516858856 0.0 45.105771542288686 46.48528903944464 15.455771367873528 30.719703176949142 16.11675191821236 58.58453757137721 39.86060221880749 57.195190950375505 57.166991183189964 65.74748888175999 38.639084083516224
5.172577586828463 48.38812681248249 43.61931981933433 13.795219937751531 32.455234913909955 20.214994521415857 7.581739221892713 54.00299134715109 46.972091344644134 24.476502665103233 36.47655877162057 41.96708928664222 30.108371330731874 26.407516651486926 47.0057084562963 14.136807804973492 27.7508961786247 42.367632252034085 34.496317001477784 15.100819722576148 34.96559775767697 49.2975590434931 20.245848122275245 6.401759382707031 9.90691559104983 27.573222206601695 10.232395393719536 41.02598460259555 33.75698705573069 13.341712595591058 38.21066414707407 48.25402883581065 28.04761359535474 8.931277950211665 45.105771542288686 0.0 2.474558307197493 40.36604183027122 41.47424998441029 38.34052595852641 39.12186289432673 37.392768982475005 58.5087221184328 39.16647444333485 48.38485121571142 8.10734934208841
6.217274007597585 47.0811905603924 42.1554794872936 12.84707723503325 34.92961759075818 18.878467683888523 7.818740360337182 55.17317932442239 46.13108722296407 22.193359473820923 38.84177433704025 39.85309349159334 32.10594118941887 24.49371826903871 48.41185755193335 13.73753408255935 25.398790983555568 44.35418776710357 33.91554243873381 16.306695715007393 37.43432469347828 49.46002834729404 20.99266870938096 8.626987782092618 9.552219517528297 28.086088784002015 9.41167448942222 41.886280084385646 33.04521656437231 15.145446815755843 40.52920710885139 46.37148172176635 29.824009557491973 9.641612584064466 46.48528903944464 2.474558307197493 0.0 42.35451893243803 41.172207755515736 38.94392732991341 41.27460181876344 39.86722103878908 60.959504167546164 41.37326180730887 50.50276846358587 8.423506099987398
42.7725481318449 60.57418758989742 83.28215703587476 53.183585981762086 24.210136601119462 44.55227473805317 36.69559269785024 24.624250426277555 52.66477137953316 56.94985772935134 35.778371875262714 68.2671883665 43.71417710355988 66.7735533114483 15.867358121450378 37.122970990282845 60.740224019797644 2.001693773245061 42.15479744607301 27.822904414281975 27.241801741770352 38.82285436458227 27.46896942321794 38.42791745785954 37.76181621776858 27.589837083582317 39.61548957698176 23.606184807839284 43.47066794688145 41.23406306448537 38.531701243370165 69.49663245320743 46.43713758487872 45.29520845236801 15.455771367873528 40.36604183027122 42.35451893243803 0.0 41.64021112392113 27.058634511896933 44.45481977598197 24.84154649919621 41.8595555252269 42.90193428792951 50.985563090709206 36.164193397694824
46.63371183708541 20.17261832037446 78.2462074498221 53.24722424044035 56.109100653373645 25.18917765361277 33.92683233201382 31.661849914418976 11.127213874976393 36.005427865005785 66.29104059673497 35.833108844910555 66.56357762936587 58.95708659821258 32.20147246128512 27.43835181023583 38.485651185509376 42.63659308532398 8.320660089947578 30.13108750090751 59.86948287603784 11.700318463320194 24.16121014946329 45.785155921984504 31.65598138969567 17.528848547054263 31.8537101884664 19.573886966628244 10.11602478600681 53.00469017757635 68.96011703113575 32.61814500787203 66.35028938815704 50.40525647042422 30.719703176949142 41.47424998441029 41.172207755515736 41.64021112392113 0.0 14.893036812242132 72.79404389746708 59.654789947424256 80.92059462557681 71.99233697901509 81.6898599237109 33.45139810109739
43.071465863644995 34.76866673627094 79.98457851983112 51.78709089214744 44.29449196598148 29.014480541744096 31.127538742203306 19.536391102260975 26.01982301468082 42.05477886430704 55.32100665266571 47.23690466821369 57.9654382236762 60.96759262970294 17.777593679460733 26.46856580342879 45.34362457269373 27.91696319490338 17.955434524542024 23.852003252887016 48.03710551306358 13.320778339139922 18.118970115383007 40.78606768031085 29.928887046987246 10.889736739653957 30.97836816486286 5.181529374374139 19.80565169944791 47.18074319821536 58.108228848868904 45.916333188414455 58.690544895966696 46.763624697767895 16.11675191821236 38.34052595852641 38.94392732991341 27.058634511896933 14.893036812242132 0.0 62.71043381986953 47.215242797073024 67.55507270328482 61.649132217582206 71.08852084911662 30.520433848562025
35.76100464828886 85.21758074432101 62.117172127631626 40.781817918653765 20.255603573993106 58.18501612057314 43.83511725936796 68.51479547886882 81.37614492699777 63.41725264235114 8.80894282228642 81.08895218096893 9.968127819185845 54.77863043798538 59.57907325731361 50.08467003417078 66.44632119130502 45.657919119022374 68.28175535910304 43.21417212579337 17.369412856479197 76.00950170832537 48.802122234742406 32.7201035116197 46.740933780617965 55.343976570338675 47.98694845019323 62.16440622301625 68.32648657463116 26.58151435194354 6.358647070262573 87.10492659902538 14.20183550383795 34.125389169321416 58.58453757137721 39.12186289432673 41.27460181876344 44.45481977598197 72.79404389746708 62.71043381986953 0.0 20.500699331678774 26.807840687382132 1.8588758180328115 9.329446936809093 43.9280805375878
36.62391963432263 75.42197469240975 72.90648051942287 45.51387387136318 4.938491649815704 51.74108293168546 38.57023290577952 49.41865092265843 69.63413167006011 60.77388019739705 11.722166787393975 76.48751245274397 23.07654285953242 60.593612918442496 40.556455393447656 42.99950806764301 64.37341004785323 25.770346214275502 57.07281476389845 33.71526012450225 3.7926862455136106 60.359536820740374 37.69924969816898 32.073773594061464 41.065175781182695 42.42904377096431 42.80747178507689 45.478130963695534 57.670171911669016 29.98809734990584 14.21598532438206 80.55372888798496 27.174233761759005 37.11432045138432 39.86060221880749 37.392768982475005 39.86722103878908 24.84154649919621 59.654789947424256 47.215242797073024 20.500699331678774 0.0 22.266620457447296 18.76671073824708 26.182210986506764 38.36277845567947
56.8471602148576 97.45702869910164 88.52868303555114 64.38811297626005 26.90210275344766 73.9557023724316 60.52777029531335 65.472779592073 91.26135845628153 82.5123324287145 23.33434369287192 98.62876475218066 35.511652452332115 79.23377444004518 57.30376905725118 65.21700633134833 86.01850164135492 41.90355747761415 78.96488753277657 55.98138889210892 23.758468960768766 80.21734025777462 59.83067602476646 52.64249802389722 63.11947440382887 64.09321475703884 64.8114206993957 64.97557429640524 79.66878135618538 48.79955186287195 22.93960480601776 102.81925925749347 40.180575009181126 56.49718097120188 57.195190950375505 58.5087221184328 60.959504167546164 41.8595555252269 80.92059462557681 67.55507270328482 26.807840687382132 22.266620457447296 0.0 25.288591482414283 24.14741135335025 60.36454474387239
36.00410258419695 84.76717430061144 63.42667606139773 41.447108403971896 18.744697462598616 57.95330365280869 43.60852420628252 67.06225634308112 80.73057502891051 63.55568693480292 7.147029178104294 81.11072974248442 10.802064695952343 55.634986696677935 58.126017926162824 49.74556754144058 66.64897802861141 44.06883030525527 67.65233816710114 42.603475255046085 15.730392535791763 74.96186635993544 48.09214298242755 32.77333772338228 46.5032538058748 54.50446740063503 47.80422515182094 60.97995940396708 67.74929267394629 26.906857606958475 4.56552594080451 86.96266084532475 15.260874533365165 34.54854389772026 57.166991183189964 39.16647444333485 41.37326180730887 42.90193428792951 71.99233697901509 61.649132217582206 1.8588758180328115 18.76671073824708 25.288591482414283 0.0 9.750933767167291 43.675291261841636
44.88129761239491 94.48378423631138 68.28367513975061 49.25486586551479 27.360293719164858 67.51419187996241 53.16412828362011 75.47585075714552 90.47955885050897 72.59622096215851 15.81708062208829 90.34460481133044 18.659311540942554 62.71677660434249 66.56787147578726 59.39534618582519 75.56380298097018 51.95220912947281 77.40286273981232 52.354121065820706 23.899968882349498 84.40928838997745 57.83238325671891 41.985499831233675 56.069466672364314 64.18482437425006 57.31553084513682 70.20057220984425 77.49851822690262 35.651989673709465 13.000305467338615 96.425698352154 22.22126451355811 43.04358477131463 65.74748888175999 48.38485121571142 50.50276846358587 50.985563090709206 81.6898599237109 71.08852084911662 9.329446936809093 26.182210986506764 24.14741135335025 9.750933767167291 0.0 53.255165521020274
13.213505269086943 41.721581034970505 50.18999264007588 21.268294276481587 33.53107595881353 14.281506804358314 0.6270069003310792 47.02605040671434 39.45199948454186 22.603084970220362 39.85269074283094 38.33129454428497 35.753185286537786 31.88626231593258 40.601310885799634 6.498064027746317 26.316182582000817 38.13097039643719 26.715288793542708 8.630431915007378 36.62246204875064 41.20947740043711 12.622967813366728 12.69931094848735 2.8452263923140793 19.66594783097204 4.448462939811952 33.52322741926723 26.13648848114954 20.112744131602977 41.97171961409811 43.39428571098442 34.4345495125928 16.998021084235763 38.639084083516224 8.10734934208841 8.423506099987398 36.164193397694824 33.45139810109739 30.520433848562025 43.9280805375878 38.36277845567947 60.36454474387239 43.675291261841636 53.255165521020274 0.0
