0.0 45.85413050754888 66.64209395693665 45.212655661236695 35.711714168574424 20.063280974112363 25.47276290817277 31.638277769982984 43.881727778758254 15.176323524061702 17.66692108415844 29.934422568408603 44.00224828328275 11.020412109474892 24.837265445155275 69.1588390217907 15.779479208011836 47.19776355860881 51.891116831037984 41.96708928664081 5.688756625294527 64.88046187552654 55.59756401614312 45.03908586735609 20.79103415526615 32.15294038683943 29.475210427134815 37.75180300292039 45.826107405062096 6.672438879273578 10.036606760830212 34.79800414332641 46.380323329955665 14.410037033315776 34.28744863201504 49.088673894119154 5.81645728261301 5.683939995796177 50.961644432882565 48.23934729483888 78.64574794785187 51.925624629271994 40.027618769705526 53.879244466815685 81.23151268173457 68.5803433402763 35.0426881309661 12.147759469765743 38.23607849628361 71.91160481677092 69.38789022518809 36.583911339922835 16.029199790119993 39.62748214192836 72.65389771963069 80.74276906287619 55.022194595549095 43.93524249662486 56.81536466248676 83.18943612687825 99.0823517399764 79.34148451130828 71.88590059628153 80.2174983884093 100.4831537754324
45.85413050754888 0.0 110.65676217248972 90.25016745128141 70.21416083997623 57.58155049081639 69.65941885596361 14.276080387024919 89.50594542466109 30.680586213289715 42.845343855543234 25.71971677571766 10.980163222718103 44.690769207283644 22.744213320752216 105.10651915748667 49.57101182955675 92.86460576078176 97.74440496208102 85.21552724750188 40.34199350449072 19.10491605038525 101.4224854601998 89.31789977211581 57.07713502429015 62.63475110029322 66.05956082050633 14.375010007429362 91.14934236155645 41.35141909697304 54.367248498958894 78.93019589621431 5.81300981786264 41.13237495449403 19.4372535254889 83.92562593523995 47.58737463191823 48.172379665552 96.61412953627121 92.78176802443024 32.96044317582627 20.375475394015915 46.24690874596492 79.10272136471494 113.0068664882165 28.547647363181692 12.092435352545506 43.27052695945958 77.41642397918231 111.84417547557508 46.41452993834999 38.38335849739346 56.454250195457476 85.41492290989095 117.46983561802045 71.44463474033184 66.30422208429495 77.9931589022318 100.81857338702157 128.99847121381683 98.31013158422395 94.41908197968668 102.7605177796454 120.82700396285854 145.02856839891643
66.64209395693665 110.65676217248972 0.0 22.12809187539472 71.57029201128402 67.89566575145805 52.692002073789716 97.08620589853022 25.80536882056741 81.05292050946488 68.89023416072145 96.22852037843498 110.43050381204024 65.98748560834126 91.36945888555286 78.02328455684547 72.81890094212001 23.682744686047613 26.5149807839414 25.481145806305786 71.40171157011615 129.661808923179 27.502198440714945 45.19622831145504 69.40591654905987 76.788261135055 68.08282375262485 104.31246028363871 22.46968331979079 72.81890094212001 56.95767012034921 48.748740009782345 112.21626666267183 69.82551135243943 100.92068579322213 73.26996623376986 67.61976532641897 66.9089350073136 20.962593981504607 18.504255343438835 142.05631703557955 110.02976976264509 80.17427086883504 56.07216455746837 47.48759861136945 135.16308666264754 101.06037151972423 67.46987537581457 35.86106762458829 20.364060395582328 133.87622152102162 99.34871656740036 64.90258501339108 30.81195972837219 9.014513091319749 138.35232268079125 105.2495909312087 73.54194545830279 46.19728611446237 35.42302781550405 148.0694345610631 117.6225139694232 90.22378565276829 69.57287237599246 62.73129214659037
45.212655661236695 90.25016745128141 22.12809187539472 0.0 50.95923777586252 45.90694975148655 31.018428409558958 76.34348679342456 5.712996862693973 60.02791859525564 50.11629633842705 74.42114312986018 89.20706685510217 46.087553743917844 70.04916730397825 64.18528978269087 50.690891307004385 6.809207445369024 14.921503803664853 10.134418121891146 50.273989112075604 109.35011617376917 18.899108518515412 28.4314170502027 47.43223875199397 55.42635483153924 46.84024295851249 82.96100374907576 2.4760757496319528 51.14867811321063 35.93108951900388 28.642597050985906 91.36085798913678 50.34670880128754 79.33913486937156 54.948356280693 45.73195104346417 45.02389508495799 8.794522531371145 4.332882546409619 122.35984011909706 91.77541042463393 65.33244074800398 50.08728423844375 56.07094295904579 113.7697847050464 80.08129085241511 47.72114264144619 23.1613221440833 34.5026275828292 111.75620448287906 77.22094722067516 42.796657377343465 9.74098657698882 27.4421846821223 116.66024392714463 84.1007520059501 54.139568063682354 34.41048590921819 42.80073153002162 127.68707633847005 98.70427886488388 74.67168688011282 61.67631581683269 66.5346225747735
35.711714168574424 70.21416083997623 71.57029201128402 50.95923777586252 0.0 15.680733257692687 21.173315165240524 57.25525955010951 46.094678210017534 44.76991262324439 53.281399326980065 45.23698314411128 63.2120056695506 46.43182443382824 48.02019461252221 35.21307294546551 22.26062781159875 47.895178214090535 46.737993403259175 54.97305073343301 39.72356077159831 86.89252798822346 48.14689188714008 29.190264644089346 15.191527708125166 8.358639369898954 6.423541199080302 57.058287458597356 49.757822063860026 34.461337101733946 38.234414687606765 22.832329536163595 67.95982660421545 50.1215142875276 51.85127525359306 14.059326033037996 30.11247764181108 30.0843658492498 50.74450147482571 55.279573005879776 101.94480129298293 82.8566014266904 75.71282572298765 83.63246528028745 103.20410945440385 82.926106135026 58.15070381959212 47.76064511839701 59.79518108876663 85.23296153531832 70.38407101628518 38.42319549422244 19.839686988048314 41.30049801512183 73.57102569237422 68.00284920495329 33.90926707252411 8.375104786448805 37.21961123346763 71.38143760066863 76.73439938370426 49.010329456856496 36.20338965434597 51.12912219116448 79.45135325381847
20.063280974112363 57.58155049081639 67.89566575145805 45.90694975148655 15.680733257692687 0.0 15.661233741060755 43.85451695710003 42.26206482936703 29.875019518579148 37.69155302192084 34.40011164658389 52.10348683464032 30.896075407130116 34.86088736370404 50.03366513082496 8.01483898414611 44.92038887998012 46.502527280552435 47.10515354098454 24.08792726484459 75.39270697077369 49.147747367306096 33.144444342415376 1.5545620219524072 12.978155862762224 9.63619376100748 45.647470554060625 45.43129291612594 19.05614104900469 23.800589984234204 23.290191177575718 56.193241681779554 34.46934273147221 40.74440517767546 29.360066002067487 14.43174446369364 14.412815434827847 48.40488898866645 49.94553805043241 90.18192524088303 68.36929686991539 60.089311396409954 70.29845951171475 93.10104698891703 74.21857668614668 45.54207045471824 32.165158289353776 48.88710264430593 78.3590095174727 66.91468994585266 32.44573358144448 4.767557948790534 37.25033790483051 71.74468498307489 70.99559388350445 40.129236622198434 23.982913180811526 43.98690520211367 75.42783800159295 84.8337246111443 61.2122392488371 51.883689076344815 63.49565108644048 88.12649872382063
25.47276290817277 69.65941885596361 52.692002073789716 31.018428409558958 21.173315165240524 15.661233741060755 0.0 55.447038283180795 26.906630907194028 39.61267658477434 40.2215099481424 48.609038625933216 65.63711356302123 33.508449444326594 47.166284657511 46.798568567334236 22.23788222542068 29.401006845276775 30.893914618889113 33.93353862404196 31.050785067332008 88.22534079565077 33.70191659342004 19.750965613711184 17.07135835388872 24.483152817360875 16.101102794699997 59.125552050146766 30.262051401623886 28.422157271886256 22.41429313851072 9.381500217520538 69.12962522280185 38.06719740290532 54.576564972106304 29.828708681220924 22.2018100845092 21.681994071417673 32.814315220422465 35.224691540502846 102.61118843698537 77.375997701905 61.96625410830032 63.932549437028264 82.034795715604 88.770740234438 57.98768249700753 35.20982634030389 38.88092039585183 64.64173281294737 82.57265680901591 48.06587684837261 14.045189949561111 21.887443502103796 56.17567965069344 85.69197599118678 53.20128760951249 26.692379802762513 31.455256447352742 60.5080743304788 97.23593770089869 70.16186236575253 52.77641085669845 55.16172059049084 75.4657840167719
31.638277769982984 14.276080387024919 97.08620589853022 76.34348679342456 57.25525955010951 43.85451695710003 55.447038283180795 0.0 75.4111510331848 16.467074956730265 30.81795660867598 15.850710521077227 14.573465906478502 31.45495509255091 9.246679503933814 92.41347260232509 35.89724286860247 78.75496710374759 83.51146574907438 71.75064969855838 26.196677431502373 33.242401876442734 87.16704868081715 75.14164597336945 43.47295209479644 50.09842484659398 52.67833857140402 10.621172663707588 77.15822236814407 27.090145457904313 40.41245544040491 64.7476068208529 15.150255997860956 28.459214311203922 12.155373531834291 71.18846770722357 33.32983261801113 33.908158457917104 82.5120621908568 79.0193285810152 47.22066066424658 26.80513946387592 40.02600278593901 69.86048228773407 102.73136697522834 39.08562628910169 4.780520768851629 30.213820178596784 64.79005197790929 99.38551753332331 49.30667897108639 30.298937992808163 42.42333633762032 71.2480881046842 103.67100568913403 70.28603370682308 58.34364678395898 65.28877120723153 86.69517928218768 114.73566364902209 95.15501578809466 86.49033291207864 91.11194333836129 107.31683289865937 130.8706494830551
43.881727778758254 89.50594542466109 25.80536882056741 5.712996862693973 46.094678210017534 42.26206482936703 26.906630907194028 75.4111510331848 0.0 58.96633704824273 50.788060135992815 72.33343298306475 87.77784179540262 46.12290201621292 68.61394094664789 58.482417078966655 47.661621114234435 3.3980400028437674 10.78647395830389 14.883637975364685 49.21510986679462 108.5995343713517 15.046829830991218 22.721467946850858 43.75069777085524 51.01403667606662 42.33114882919117 81.42572366302741 3.772408901393494 49.42374701061176 35.2307182354252 23.473924096866497 90.25855304540165 50.59079958389413 77.55241968091019 49.45971351051903 43.68992908284413 42.99516429095376 7.110573040780692 9.805621232061212 121.97189195502312 92.30361838536977 67.50977468197499 54.68068727713394 61.78334418269746 112.09320562116419 78.92379225938896 47.831825718320665 27.23311307599426 39.87783436451845 108.75706099686096 74.15491731953637 39.55577845154396 5.022136537066564 29.675553948246975 112.54696529747737 79.56104764828297 48.8665487850338 28.995814527238064 41.090306800392575 122.80473070289433 93.39134217241696 68.97590869374189 56.46416073514343 63.35234167666161
15.176323524061702 30.680586213289715 81.05292050946488 60.02791859525564 44.76991262324439 29.875019518579148 39.61267658477434 16.467074956730265 58.96633704824273 0.0 18.938703303279013 18.58746300495216 29.40851146388092 16.787592371382225 10.743674384560803 79.78566627208887 22.512507414933268 62.30302648656454 67.06406617431276 55.905012023507076 9.765621859774662 49.706700692139485 70.74957397099388 59.363164558099896 29.877873628908162 38.85556102668731 39.343598525953844 23.48159214772235 60.775471022834495 11.311392707514972 24.141512853242816 48.98628974945755 31.339945174915737 15.471977494077269 20.971978353120527 58.80806860150078 17.431866571525862 17.931762288766656 66.0625120479712 62.83130540475865 63.516976377678645 38.54259970569127 36.48959297151162 59.76856613351101 90.59749057717679 54.23195660496116 20.056607968696024 16.071210976264474 50.091456500126576 84.58651251458447 58.71064284948389 30.057583795932402 27.474009368231286 54.781640402266916 87.41898619072353 74.5109443102706 54.67244060553739 53.113783386044545 71.04840246996315 98.33351557076918 96.20711361086899 81.60269836534071 80.35498456086093 93.00310854693899 115.05200713025957
17.66692108415844 42.845343855543234 68.89023416072145 50.11629633842705 53.281399326980065 37.69155302192084 40.2215099481424 30.81795660867598 50.788060135992815 18.938703303279013 0.0 37.47823066362861 45.34491164247268 6.923743453128662 28.899913744117548 85.96676263235108 33.090890775314165 54.16404504250531 60.61556368709997 43.48268940722447 15.201234870992382 61.40607018984031 64.75213804268115 58.41027900968165 38.455330492292234 49.7680259825734 46.97169671339213 40.39747579814272 51.519720805144544 21.22536540370573 18.047225950793628 48.89533617857213 45.541056627183956 3.7896221970444914 39.05691052307245 66.40755851373808 23.450367269252975 23.35085772770514 57.71046755595091 51.88414546495561 73.22431362693834 41.65911685553452 22.450132213376353 40.833556836278206 72.28827567164703 69.8531630974277 35.462323027440426 5.52649375230537 34.61736169609652 69.00025469016805 77.39199894874668 48.553455539016504 33.469194485139504 47.72597097667024 76.3556286273234 93.23040269653251 70.9577623203888 61.423776420330306 70.03953752370344 91.83122319280852 113.95819149529551 96.38527280494439 89.37823876031477 95.29698663404962 112.11270715175375
29.934422568408603 25.71971677571766 96.22852037843498 74.42114312986018 45.23698314411128 34.40011164658389 48.609038625933216 15.850710521077227 72.33343298306475 18.58746300495216 37.47823066362861 0.0 18.001118204490528 35.053761991940235 9.472915379203398 79.70603352616168 26.6372795974033 75.4826683615115 78.86677310392308 71.86646630162502 26.22612729623255 41.66069694831434 82.05778142749332 67.43194386842261 33.55447691008265 37.3349415324359 41.77708452540504 11.854148338328372 74.73569116484039 23.473117736595754 39.95681921482467 57.30808950555459 22.78915773320414 34.05886718526797 6.616169166940558 58.63129070920286 28.701607902446618 29.406837219988585 79.21689558527042 77.7361824522008 56.70830032364515 42.343403877803226 52.5824660915867 78.30508917179779 109.05630472644373 40.17521344527111 14.34843582759671 34.53343300829214 67.63201112826704 101.73726167101994 40.22974251292426 14.499027160100518 34.59569132808439 67.66352335087171 101.7580138849787 56.82415241449546 42.49701327521706 52.70509541654696 78.38671528994942 109.1143725151894 80.28457106651764 70.66193770478463 77.04130717222924 96.29316207425109 122.49138578418892
44.00224828328275 10.980163222718103 110.43050381204024 89.20706685510217 63.2120056695506 52.10348683464032 65.63711356302123 14.573465906478502 87.77784179540262 29.40851146388092 45.34491164247268 18.001118204490528 0.0 45.52362227703376 19.17304219017059 97.4598855678179 44.18597609254291 91.05050041213366 95.15112390471455 85.31298321791105 39.031672678252214 23.687342952858568 98.5706057117418 84.87269088846647 51.35260799457615 55.23350778432866 59.75486951715036 6.512082876536195 89.82065353878185 38.4069830186715 53.47635105947437 74.61357576456672 5.74853898887077 42.84553533224252 11.426436306335628 76.48441256407939 44.39099072247132 45.05225133500735 94.81516704452376 92.14228092899872 38.77145369118378 31.22246396685037 53.30380823584092 84.2768459890064 117.29754749212722 24.858500942898047 9.883393414784601 44.410271778019215 79.00454031981687 113.60465184416645 36.66537752302462 28.590623431840957 51.82024481807839 83.35521569162036 116.64341549181748 60.682771853577684 55.98239019485821 70.57231561788014 96.02952649036695 125.92729127678724 87.36108216708764 83.94856753169856 94.11420008599164 114.29051000220981 140.2208117262272
11.020412109474892 44.690769207283644 65.98748560834126 46.087553743917844 46.43182443382824 30.896075407130116 33.508449444326594 31.45495509255091 46.12290201621292 16.787592371382225 6.923743453128662 35.053761991940235 45.52362227703376 0.0 27.493074512785753 79.05532813513105 26.72377278895476 49.5207147668343 55.49810386827264 40.5287927407419 9.905066119938231 63.674323638975686 59.53775873638646 52.05628187268261 31.7163413574113 43.165496661196684 40.099368162323344 39.95729391619385 47.25009397243916 15.577885627773778 11.773228803721548 42.34442584478682 46.58124547586615 4.713338988683938 37.75064465173965 59.4942582632111 16.83636657828231 16.668730785806645 53.1729081096618 48.30879654876896 76.3187215616014 46.32132773013099 29.353382180300237 44.411869913718824 74.01381515587532 70.35645972099184 35.765651170686596 1.7850942616616947 33.49695057839545 68.08640990130311 75.28348707934727 44.61124371407979 26.600060796588014 42.65916001279598 72.98551336676596 89.31529687908194 65.41076689741945 54.540907150080336 63.76243907885921 86.89869204467225 108.98970552350458 90.24559092343716 82.48938187682215 88.65354045815502 106.34436054519573
24.837265445155275 22.744213320752216 91.36945888555286 70.04916730397825 48.02019461252221 34.86088736370404 47.166284657511 9.246679503933814 68.61394094664789 10.743674384560803 28.899913744117548 9.472915379203398 19.17304219017059 27.493074512785753 0.0 83.16862618597467 26.86093019518538 71.89456010632084 76.13235578619826 66.39022408462348 20.00575890473674 41.05914404156745 79.63037189279116 66.7198678091006 34.40330140266051 40.85858941793382 43.52330446879656 12.943013980573983 70.6484750825107 19.318817063986465 34.42430729831014 56.35440536717041 22.00835724426966 25.735707159611948 10.273638424011637 61.943229660993666 25.419732436172307 26.05811473813739 75.65989542362199 73.02914485992403 55.55328116368617 35.705602249945066 43.10967299439406 69.5473124489591 101.04476394603354 43.79363081060938 10.83174236846741 26.67629637088414 60.834008051108405 95.31412217084284 48.51108555556523 23.425922178816265 33.75007221830074 64.21998175150019 97.48943467844465 66.2757285157009 50.687344759837956 56.04236917082015 78.14789095323535 107.08988781324587 89.63931142492613 78.6035009237387 81.9545559911538 98.23096672036232 122.3798638638611
69.1588390217907 105.10651915748667 78.02328455684547 64.18528978269087 35.21307294546551 50.03366513082496 46.798568567334236 92.41347260232509 58.482417078966655 79.78566627208887 85.96676263235108 79.70603352616168 97.4598855678179 79.05532813513105 83.16862618597467 0.0 57.312913474526034 58.178392691527385 52.161877863953755 72.37718627968212 73.85962309407466 121.09187161179176 50.53633616757488 35.94215007509994 49.91715172179392 42.47209579553242 40.45702557718874 91.55336602563379 61.98108690117652 69.08590656592823 68.86415622687105 40.41029382603728 102.48900426066814 83.25745235928541 86.29495120604138 21.225911701490336 64.03639858633242 63.85258962056496 58.98184085541984 68.02068215127177 136.1998562170841 118.04527120688056 108.22938423192251 109.02816842104855 120.23024473068989 115.0488809009868 93.10939477524215 80.60523758349707 81.97426297724107 96.6285971617604 97.51201820221114 70.54047792801583 53.274070492125276 55.63359036076268 75.80810243680021 85.83507570654336 53.42936409024896 27.139953622946862 31.83238333018598 60.703110171810664 82.54433402318004 48.01765209991414 13.880807462844096 21.78331442260792 56.135575417273486
15.779479208011836 49.57101182955675 72.81890094212001 50.690891307004385 22.26062781159875 8.01483898414611 22.23788222542068 35.89724286860247 47.661621114234435 22.512507414933268 33.090890775314165 26.6372795974033 44.18597609254291 26.72377278895476 26.86093019518538 57.312913474526034 0.0 50.564273293295784 52.99509186311263 50.44983704085244 18.32014127304104 67.40276899296722 55.926084593967396 40.79652600859096 7.586731188059772 16.962023942677938 16.959477663682847 37.70971280050085 50.537374141237315 12.552207314486285 22.64388670509693 30.691431395582566 48.20056614214024 29.546863026473396 32.873832026183784 36.295736486055695 10.09412366034675 10.46259203831324 54.188381048197364 54.49193898209667 82.17312069839939 60.77684490985997 55.04565360957261 69.00013824638036 94.2698794225617 66.67634299810729 37.52756803120446 27.672055019460764 50.17975204879772 81.64014344753967 61.115301847887366 26.53656198050701 8.255452334246705 42.7430723562534 77.33461285460291 67.9742492377659 39.767794646384786 30.615252102063035 51.845415132435306 82.66460982600627 84.27300560238257 63.56204225187548 58.078534654063674 71.42050399353086 96.03879332592363
47.19776355860881 92.86460576078176 23.682744686047613 6.809207445369024 47.895178214090535 44.92038887998012 29.401006845276775 78.75496710374759 3.3980400028437674 62.30302648656454 54.16404504250531 75.4826683615115 91.05050041213366 49.5207147668343 71.89456010632084 58.178392691527385 50.564273293295784 0.0 8.170471105397356 16.854043318108868 52.55838599758933 111.954468244215 12.281810370847817 22.90804764685293 46.38575996511722 53.18308943797459 44.458055359581635 84.68309237595001 4.333132388631998 52.67171274192257 38.61360166613157 25.090518658249717 93.57806682702278 53.98588774303589 80.76445735336902 50.37761756712708 46.88396905408036 46.193351749356665 3.765655722260529 9.938858676326607 125.35315048877868 95.69424638587954 70.6835020867056 56.83061118493154 62.11337612526422 115.31340173574876 82.23975832558133 51.22902896328394 29.66963595562887 39.12798892585767 111.60278000680819 77.00078637840075 42.401840741724556 7.846368040852817 26.834106698940175 114.83666792804868 81.57613967092641 50.16685409422064 27.813672171952597 37.75351498582339 124.47480867331015 94.55142767881968 69.14306449031102 54.92131343713306 60.388197396155206
51.891116831037984 97.74440496208102 26.5149807839414 14.921503803664853 46.737993403259175 46.502527280552435 30.893914618889113 83.51146574907438 10.78647395830389 67.06406617431276 60.61556368709997 78.86677310392308 95.15112390471455 55.49810386827264 76.13235578619826 52.161877863953755 52.99509186311263 8.170471105397356 0.0 25.017227086155284 57.449712991949404 116.74844702530248 4.281277434049974 18.81989438140989 47.8565429673972 53.004376407702026 44.31577655342639 88.69585949903463 12.459430116400446 56.81462334202838 44.123809832434986 24.311588374827735 98.05185240737467 60.09236942051629 84.49286913755282 46.9351443111621 50.760750938412734 50.10290938105226 7.131292943424663 17.45158156636382 130.50208454046384 101.81913566406492 78.09130501593125 64.99338941742198 68.88252779549471 118.98449470769518 86.71839142297709 57.250998812335474 37.81669398577027 44.467469553361 113.39052690956618 78.94387843034652 44.7405086121717 12.889650912548241 26.93373184259242 114.59133253973211 80.64353731746053 47.649074776503376 20.792694425415178 31.449730593943706 122.38700900731392 91.28962869398634 63.90481201351046 47.2087497155644 52.61482169055307
41.96708928664081 85.21552724750188 25.481145806305786 10.134418121891146 54.97305073343301 47.10515354098454 33.93353862404196 71.75064969855838 14.883637975364685 55.905012023507076 43.48268940722447 71.86646630162502 85.31298321791105 40.5287927407419 66.39022408462348 72.37718627968212 50.44983704085244 16.854043318108868 25.017227086155284 0.0 46.38593555156756 104.19774763576005 29.032346672907934 36.44867002383132 48.6594376445857 58.14533880955459 50.007452629822836 79.31165270659035 12.566516491249075 48.405001149015796 32.03296936555674 34.240882698110774 86.89761768507825 44.345467586823915 76.17410255547007 61.03969358423874 43.75055814913185 43.045144488190424 18.828495293375823 9.3561817682514 116.58994726119127 84.85303190303834 56.583406614901214 39.976873897381665 48.88192560654326 110.12797674137332 75.81863068647259 41.99535559435391 13.17598794138593 31.280266293961148 110.62694311883209 76.53496672964955 43.263509471902935 16.754429341524165 32.93235619552743 117.99854800868273 86.76081986091026 59.38046601855358 43.81160780602713 52.03548371476545 131.08808089739009 103.72022401127202 82.01487599979842 71.3424838805623 76.47100910481095
5.688756625294527 40.34199350449072 71.40171157011615 50.273989112075604 39.72356077159831 24.08792726484459 31.050785067332008 26.196677431502373 49.21510986679462 9.765621859774662 15.201234870992382 26.22612729623255 39.031672678252214 9.905066119938231 20.00575890473674 73.85962309407466 18.32014127304104 52.55838599758933 57.449712991949404 46.38593555156756 0.0 59.410187960587905 61.19744134324522 50.679171519516586 24.54850151451146 35.254301554543524 33.702314524396826 32.93773432818103 51.01003815347669 6.036613320558287 14.444847907941153 40.40412921153359 41.10426555999765 11.479867127199288 29.881514383991668 53.428707169890075 9.82604818652093 10.054242427375291 56.31540145679797 53.121799464101876 73.05438244116145 46.32596137889579 36.74336847032644 54.30362861415755 83.32179522565302 63.77866127810725 29.808129179338813 10.207083988588437 41.40890761142907 75.63110314689447 66.28455475932674 34.80597994019163 20.59410218467571 45.07354673518761 77.6786904560368 79.46507329842265 55.811031332624495 48.06094237232257 62.44715177326095 88.79329347614278 99.15026442662331 81.23213922422434 75.90314609760487 85.54914593677604 106.1638676302129
64.88046187552654 19.10491605038525 129.661808923179 109.35011617376917 86.89252798822346 75.39270697077369 88.22534079565077 33.242401876442734 108.5995343713517 49.706700692139485 61.40607018984031 41.66069694831434 23.687342952858568 63.674323638975686 41.05914404156745 121.09187161179176 67.40276899296722 111.954468244215 116.74844702530248 104.19774763576005 59.410187960587905 0.0 120.38233431532522 107.75114525767559 74.73219254795592 78.91921634980486 83.32762953907154 29.89841598823798 110.25425751931743 60.13733497425477 73.47214964705239 97.39987808440958 19.20300137833891 59.95864567046979 35.053323670293125 100.15830017175087 66.34194494257159 66.95139262618336 115.70633957819366 111.85471609155827 15.10896378374374 28.10208749948766 61.20478285373246 95.37911277406006 129.78126386294397 18.82367945677171 30.242716029416894 62.20741074401137 96.01953522097061 130.24818405754476 45.81239004485662 51.41083259295214 74.71403632640182 104.48021644945037 136.54617871345388 73.90205796248617 77.29802251336822 94.2507470526995 119.10571470173542 147.9320389328217 102.18785186419053 104.45172874425795 117.35681246173672 137.94828901958545 163.34469891579653
55.59756401614312 101.4224854601998 27.502198440714945 18.899108518515412 48.14689188714008 49.147747367306096 33.70191659342004 87.16704868081715 15.046829830991218 70.74957397099388 64.75213804268115 82.05778142749332 98.5706057117418 59.53775873638646 79.63037189279116 50.53633616757488 55.926084593967396 12.281810370847817 4.281277434049974 29.032346672907934 61.19744134324522 120.38233431532522 0.0 19.317402729266277 50.4450914317516 54.82728091926934 46.23911712104069 92.09405261114503 16.475054097222944 60.332839294277015 48.07814266519707 26.347600817902755 101.59607784216277 64.15517988699365 87.7973462826689 47.09204511133137 54.21705282514726 53.5730368958214 10.513007567218661 21.02599303688702 134.24245043845067 105.85396596309491 82.36414503476058 68.97395403518081 71.59416146410656 122.22065766936795 90.27886254597776 61.29828158181888 41.94649054906263 46.436615474438554 115.8766121181114 81.57000549650088 47.6947963107852 17.052056515067505 26.487787857019374 116.14483377972287 81.94709629745192 48.330950959787934 18.742601238592624 27.596003935415368 122.98205203512123 91.29760050237054 62.77529349895034 44.05725789782217 48.3338944942168
45.03908586735609 89.31789977211581 45.19622831145504 28.4314170502027 29.190264644089346 33.144444342415376 19.750965613711184 75.14164597336945 22.721467946850858 59.363164558099896 58.41027900968165 67.43194386842261 84.87269088846647 52.05628187268261 66.7198678091006 35.94215007509994 40.79652600859096 22.90804764685293 18.81989438140989 36.44867002383132 50.679171519516586 107.75114525767559 19.317402729266277 0.0 34.17782960507387 36.41083345226631 28.186421566191893 78.36875091781177 26.35255501298634 48.16349897731207 40.38141637479287 10.395593705389093 88.59458497167961 56.742819727575736 73.63817680754461 28.117862576191897 41.95061535999121 41.43294296027193 24.533036174222026 32.446094633028515 122.24573270170345 96.9549989578853 79.06498332402397 74.14188062371127 84.48379990802076 107.36193178166499 77.55160356197061 53.82128404892071 46.626415282552266 62.01715223718496 98.43656569553367 64.7634836045185 33.07125533770453 19.696568970024405 45.57465860954612 97.12694585734167 62.773793895009305 29.02253390650883 11.786366478779364 42.78296484861655 103.72202035350814 72.4774928729564 46.28761977473078 37.774698156658495 55.73274802654551
20.79103415526615 57.07713502429015 69.40591654905987 47.43223875199397 15.191527708125166 1.5545620219524072 17.07135835388872 43.47295209479644 43.75069777085524 29.877873628908162 38.455330492292234 33.55447691008265 51.35260799457615 31.7163413574113 34.40330140266051 49.91715172179392 7.586731188059772 46.38575996511722 47.8565429673972 48.6594376445857 24.54850151451146 74.73219254795592 50.4450914317516 34.17782960507387 0.0 11.76936629659692 9.465726547140122 44.92327985413029 46.93879407191413 19.29533862595646 25.021009882598747 24.458863965872343 55.54530408048705 35.160158080548 39.96183704495496 29.06639553337828 15.060613844603143 15.109478667563526 49.85371123916691 51.47966143844633 89.57261774245033 68.28302573977457 60.80025732419327 71.59296689936366 94.60029841101947 73.22673684546672 45.01011911945897 32.93174779762556 50.37779827271416 79.91356868671272 65.537988953479 31.125260334173028 6.09833095347547 38.7356608916729 73.202234827589 69.44446572749436 38.61664418649596 23.554200908363125 44.86868993954064 76.5927025078176 83.33092066160033 59.94389889314658 51.354673369335664 63.844629577393064 88.93690887809149
32.15294038683943 62.63475110029322 76.788261135055 55.42635483153924 8.358639369898954 12.978155862762224 24.483152817360875 50.09842484659398 51.01403667606662 38.85556102668731 49.7680259825734 37.3349415324359 55.23350778432866 43.165496661196684 40.85858941793382 42.47209579553242 16.962023942677938 53.18308943797459 53.004376407702026 58.14533880955459 35.254301554543524 78.91921634980486 54.82728091926934 36.41083345226631 11.76936629659692 0.0 8.740483543040256 49.187739791314314 54.52159534162751 29.50903433757153 36.76963538915128 28.69856756319551 60.11884680650936 46.32930400303148 43.946430538552114 21.310636332465055 26.33916827134082 26.49953994318393 56.31177731392593 59.668926390659 94.0025522412239 76.20486841411395 71.92105460771387 83.26372683295006 105.29868137327034 74.59210637481125 50.64319161207314 44.27528301017108 61.24284301510686 89.08360264846365 62.351864208121626 30.064873463840662 17.74508398184308 46.051374980916165 79.50735822956638 61.70813116336811 28.71878102990317 15.378381073403665 45.200355236209184 79.02215455750395 72.9685023681911 48.242643910809825 41.53462395377249 59.31036355037601 87.77890067334577
29.475210427134815 66.05956082050633 68.08282375262485 46.84024295851249 6.423541199080302 9.63619376100748 16.101102794699997 52.67833857140402 42.33114882919117 39.343598525953844 46.97169671339213 41.77708452540504 59.75486951715036 40.099368162323344 43.52330446879656 40.45702557718874 16.959477663682847 44.458055359581635 44.31577655342639 50.007452629822836 33.702314524396826 83.32762953907154 46.23911712104069 28.186421566191893 9.465726547140122 8.740483543040256 0.0 53.431418053621606 45.870101133898984 28.67375481879619 31.818457721337424 20.004532784877995 64.21585173893097 43.871018350628596 48.32900743568928 19.728578075118886 23.977269846172156 23.901015105682735 47.572629329522684 51.108851514083 98.27978593228536 77.72679315277416 69.41723179364698 77.40031920007954 97.76311369766951 80.62860783434378 53.96771771213678 41.459345373358964 54.03758592770314 80.72214489826273 70.25403637396424 36.899166883014516 13.502527100460359 37.38901966072892 70.77012205650655 70.44840276466262 37.26452964019938 14.462475241818693 37.74296642534584 70.95597326969616 81.1357770301249 54.71565552621088 42.419460523496404 54.77077075432931 81.21011669121575
37.75180300292039 14.375010007429362 104.31246028363871 82.96100374907576 57.058287458597356 45.647470554060625 59.125552050146766 10.621172663707588 81.42572366302741 23.48159214772235 40.39747579814272 11.854148338328372 6.512082876536195 39.95729391619385 12.943013980573983 91.55336602563379 37.70971280050085 84.68309237595001 88.69585949903463 79.31165270659035 32.93773432818103 29.89841598823798 92.09405261114503 78.36875091781177 44.92327985413029 49.187739791314314 53.431418053621606 0.0 83.52569167531037 32.01364435329267 47.365476987967575 68.10408530838244 10.93622543212247 37.630838150506015 5.263213931087656 70.4854369818554 37.944698791925525 38.61176192652752 88.44601557097741 85.96667703899011 44.89905475421446 33.04394073629748 50.62323744197828 80.1770264270503 112.64471674831833 30.850651495489373 6.1238687227005375 38.96273663706046 73.44073755102309 107.99927326369168 38.68898958162434 24.032825566057358 45.31179613385463 76.96482577936975 110.40313998879695 60.42449612369456 52.07778776096688 64.55907042990671 89.5458124153943 119.43128909603571 86.10740663962036 80.25545249427016 88.66858393350473 108.0649149426782 133.748502214754
45.826107405062096 91.14934236155645 22.46968331979079 2.4760757496319528 49.757822063860026 45.43129291612594 30.262051401623886 77.15822236814407 3.772408901393494 60.775471022834495 51.519720805144544 74.73569116484039 89.82065353878185 47.25009397243916 70.6484750825107 61.98108690117652 50.537374141237315 4.333132388631998 12.459430116400446 12.566516491249075 51.01003815347669 110.25425751931743 16.475054097222944 26.35255501298634 46.93879407191413 54.52159534162751 45.870101133898984 83.52569167531037 0.0 51.60240359685279 36.782177724220645 27.206559550005323 92.1136694948906 51.59456688524899 79.79172958132887 53.22984884289769 46.03635634254989 45.3329956723487 6.607302951185387 6.094973425581631 123.41192610741797 93.16072685500374 67.24685856980842 52.53722856964354 58.24931093056652 114.28514417995338 80.80508992212917 48.914964675457064 25.50936722732845 36.10574329569324 111.65092925135833 77.0699146479858 42.52608232148783 8.486330420133887 27.026322779998896 115.95277106919474 83.12570315312574 52.6265659011906 32.00099781177529 40.90730732054283 126.48471589166941 97.15831960998142 72.63526394918591 59.21833209040655 64.28473326085663
6.672438879273578 41.35141909697304 72.81890094212001 51.14867811321063 34.461337101733946 19.05614104900469 28.422157271886256 27.090145457904313 49.42374701061176 11.311392707514972 21.22536540370573 23.473117736595754 38.4069830186715 15.577885627773778 19.318817063986465 69.08590656592823 12.552207314486285 52.67171274192257 56.81462334202838 48.405001149015796 6.036613320558287 60.13733497425477 60.332839294277015 48.16349897731207 19.29533862595646 29.50903433757153 28.67375481879619 32.01364435329267 51.60240359685279 0.0 16.656982921963955 37.77199976646543 41.26358075660159 17.51553926081781 28.195016773913522 48.35631680054664 6.2412356978733845 6.8219975407297415 56.43386771612937 54.349299405576254 74.30834789666184 49.74368498054435 42.6843955780876 59.70176595899861 87.75798478268845 62.689915334487324 29.955708400986378 16.10943961875883 44.905837279197584 78.53919401473996 62.724654683805 30.027675256305088 16.241636954537384 44.95298404134921 78.56590412518077 74.39624170623895 49.87368439004214 42.834420254059395 59.80811209049268 87.82967911828968 93.44083432007453 75.19589728121943 70.51534676162655 81.76284609794249 103.88777399514223
10.036606760830212 54.367248498958894 56.95767012034921 35.93108951900388 38.234414687606765 23.800589984234204 22.41429313851072 40.41245544040491 35.2307182354252 24.141512853242816 18.047225950793628 39.95681921482467 53.47635105947437 11.773228803721548 34.42430729831014 68.86415622687105 22.64388670509693 38.61360166613157 44.123809832434986 32.03296936555674 14.444847907941153 73.47214964705239 48.07814266519707 40.38141637479287 25.021009882598747 36.76963538915128 31.818457721337424 47.365476987967575 36.782177724220645 16.656982921963955 0.0 30.87198691202067 55.44497832145393 16.48655781926654 44.14130531663598 50.26720104700662 13.300804119674439 12.69714870938817 42.33873749365346 38.69068311597649 86.74126008752711 57.85264569692542 39.555480968723295 46.66013913060194 72.00365366435969 78.21338127376835 44.19432785265254 13.557151716913946 28.44830847868926 61.88431378147058 79.3702331935248 46.19269166902201 19.045845813365414 31.409749356641573 63.28703737176755 89.83840212545635 62.360217281385715 45.841786792293355 52.0476382551936 75.57286810782716 106.91653494719623 84.95960059636553 73.48382010611637 77.30691882795605 94.59174053135919
34.79800414332641 78.93019589621431 48.748740009782345 28.642597050985906 22.832329536163595 23.290191177575718 9.381500217520538 64.7476068208529 23.473924096866497 48.98628974945755 48.89533617857213 57.30808950555459 74.61357576456672 42.34442584478682 56.35440536717041 40.41029382603728 30.691431395582566 25.090518658249717 24.311588374827735 34.240882698110774 40.40412921153359 97.39987808440958 26.347600817902755 10.395593705389093 24.458863965872343 28.69856756319551 20.004532784877995 68.10408530838244 27.206559550005323 37.77199976646543 30.87198691202067 0.0 78.25955811938866 46.98105262509971 63.43437905197855 26.798901749912282 31.565036569535106 31.054532760019008 27.916427865517836 32.97130638185032 111.86471148212983 86.72071233883707 70.15708013558076 68.68999571289686 83.12268524534035 97.36138567945193 67.18552510636061 44.08371674851814 42.043754801799075 63.14114736272094 89.60348744595034 55.46863986877625 22.79488635177732 18.902260902821837 50.89043013416074 90.34618607672424 56.649714553973695 25.510707585825013 22.073773265790987 52.13977323536509 99.39907896120673 70.07958068755552 48.34185140995281 46.449303595425334 66.12833923277671
46.380323329955665 5.81300981786264 112.21626666267183 91.36085798913678 67.95982660421545 56.193241681779554 69.12962522280185 15.150255997860956 90.25855304540165 31.339945174915737 45.541056627183956 22.78915773320414 5.74853898887077 46.58124547586615 22.00835724426966 102.48900426066814 48.20056614214024 93.57806682702278 98.05185240737467 86.89761768507825 41.10426555999765 19.20300137833891 101.59607784216277 88.59458497167961 55.54530408048705 60.11884680650936 64.21585173893097 10.93622543212247 92.1136694948906 41.26358075660159 55.44497832145393 78.25955811938866 0.0 43.43087112680531 16.19455674573652 81.41953176937193 47.412260691002196 48.042040760477406 97.34180452255477 94.10453434256557 34.06416133888261 26.154105505124747 51.01519851734043 83.16193132965739 116.72234688540759 24.492476162802305 11.344257359435842 45.302947057890435 79.81776681827853 114.38640145665522 40.63724772321554 34.21333853942849 55.53874925123204 85.98480275755952 118.73101298195593 65.68729550370492 61.721623697399636 75.49224021133551 99.91686189067433 129.08315809053326 92.68243889116252 89.697047911912 99.47755656207651 118.91470069889778 144.15382667764135
14.410037033315776 41.13237495449403 69.82551135243943 50.34670880128754 50.1215142875276 34.46934273147221 38.06719740290532 28.459214311203922 50.59079958389413 15.471977494077269 3.7896221970444914 34.05886718526797 42.84553533224252 4.713338988683938 25.735707159611948 83.25745235928541 29.546863026473396 53.98588774303589 60.09236942051629 44.345467586823915 11.479867127199288 59.95864567046979 64.15517988699365 56.742819727575736 35.160158080548 46.32930400303148 43.871018350628596 37.630838150506015 51.59456688524899 17.51553926081781 16.48655781926654 46.98105262509971 43.43087112680531 0.0 35.97334060965941 63.43112354082546 20.10300008925405 20.063280974112363 57.60997517847867 52.40105605870955 72.26851999509783 41.74559412351486 25.64160314149018 44.352345273288584 75.31009751212049 67.54021836277686 32.98041666447944 2.9306952718860866 36.39126778136203 70.95712840325324 74.12109885321621 44.8486594878075 30.39249116143373 47.2317803902849 77.02476833548319 89.55140597088293 67.18426011895393 58.333376606498334 68.45895389097947 91.46180312830094 110.17299051667953 92.70669933416382 86.28837899506298 93.22845373343931 111.05004640897062
