0.0 9.413622016748981 14.099473014070522 35.30574256277383 66.26734242593787 27.996686073931468 55.02927678317365 23.072379872643815 34.96909927396495 48.38553004767306 48.34734088368738 41.82757735509094 17.41739971505281 36.46902594090809 23.198759368300006 50.528526070767775 17.82702120698443 41.57000523727056 29.28222648444187 61.281273106476874 27.35036464423647 7.462122645899945 45.832119621051504 47.80764772495321 77.77561128437064 29.73190749049705 43.66211455909672 8.895366364333297 38.72052637922678 58.025345515008915 43.44004207028017 28.373596970887743 14.64919316203093 6.6727453729644575 41.332766186791105 73.51525297372167 27.267718065116007 33.946417007212624 29.463569658141946 56.440635978870034 68.77873121970258 37.41751342155735 21.55161979090868 43.860231225475566 76.01192678222353 65.71940117729505 31.501981753879896 7.782257532532319 39.03339243203473 73.35871748988401 74.17409905634904 46.52171982836401 34.95103028368916 51.7079227715594 80.75069469560928 90.98746144633446 70.1119806943045 62.82864417136673 73.30732716303389 95.89195429188966 112.4706386576233 96.15859523805729 90.76342245746531 98.10308260075166 115.78049626201295
9.413622016748981 0.0 23.51052706793547 32.15864837608654 70.59356361160714 23.87436256174033 51.05515016605908 16.659940117409093 27.748117359606205 47.01428972195613 43.38789936924388 33.08409026030422 8.017476474334012 39.851643799743364 13.833136655022933 54.64716876122299 12.710843869153157 36.10123846552383 22.05050454043942 56.7608214599186 26.126666206029974 3.5565329903929532 37.94072837585353 41.37641994836381 81.55060752892862 21.67117387366914 44.05405128915528 3.109903499338263 29.971436564192707 56.87562066622168 37.90245902358981 25.858294946372016 7.22330524066234 8.791617591683208 35.13271825386789 78.1393197691809 32.106355237437896 29.592889449377964 23.477096147048755 52.15315143457584 65.43836032747276 37.30410496402702 29.93079201404752 52.86726012086762 84.1954921190756 58.961945665458835 24.35827545656385 10.246684608198844 44.8499489785968 79.4537331847063 65.32867352793508 37.11313143793361 29.69465543855557 52.73518459671869 84.1134110790255 81.58497084917224 61.186012840737334 56.799134939628615 71.43772222295503 96.82637784070079 103.15614539258414 87.70530758852439 84.48649213829934 94.7545748601368 114.95045578836731
14.099473014070522 23.51052706793547 0.0 43.84729588696782 62.353536751108884 37.628397872828366 63.4946667461813 35.11708502861102 47.06788207597632 53.92956208827111 58.16368943699874 55.22568608607795 31.516711930603925 36.12490299078577 37.24701182156886 47.70880969966987 29.543119862266114 52.17397224100286 41.604437818840005 70.21105254367734 34.63620858980988 21.302281368362838 58.660438824474866 58.72110052110147 74.44470444636323 42.71608207077217 47.15315788093131 22.739189177331312 52.1517280827994 62.80523260313669 54.042867629705505 36.91373928348343 28.00111872143443 17.94014348537665 52.204713316835324 68.86329763626694 25.812261748089266 43.836473490248956 41.12334643052983 65.2303128742192 75.3653466764685 41.38473518427 11.845225478890141 31.028610359134706 64.65363244841156 76.64876075546024 43.6577735957978 18.215881481175362 33.9482540614826 66.09083175716711 87.52348137077621 60.62118790684593 45.65425623804397 53.744840311688755 78.02255228686889 105.05148832561827 83.78171955233397 73.46895165916744 78.55409716473011 96.6361966384708 126.49587245629652 109.2664344089351 101.34966663938448 104.87616254517172 118.83146600905641
35.30574256277383 32.15864837608654 43.84729588696782 0.0 51.72314059035549 54.409679533689726 19.823380684712717 45.66610793977825 52.93577760765646 16.074353719682797 14.811409198519632 50.993543417883565 30.875914493249923 25.28549455092269 34.044452312615526 37.67454905474081 43.7746081968351 11.284559206504127 48.37489272845165 26.386564156411364 9.478031766818685 30.24257053020291 25.404272752669172 66.68169225994764 59.83004726877926 45.80539038386533 17.826308435348434 29.533073467308604 48.63508869411191 25.703904744795217 12.703527230590021 7.020133480267584 37.64068484199153 39.65494677588149 61.61957136756629 59.50424003847086 27.282479928052467 4.9791461865507 12.661861734211318 21.425780283745137 94.89883417857921 69.39062321400351 54.946564582508614 60.149711866761784 81.31203615941568 81.91027988826355 50.39505271563755 27.656273551000194 37.214490956623024 66.33104815564771 77.4711521658523 42.87944246754709 8.388571086301292 26.399697603047123 60.97847417174896 82.9655687089615 52.07739002633019 30.588574712365087 39.42213394069228 67.58243689275065 96.71484920825212 71.83199236532353 57.97152751653997 62.89952849432017 83.34742451577746
66.26734242593787 70.59356361160714 62.353536751108884 51.72314059035549 0.0 93.88744264092193 55.326982438336636 87.2506385834062 97.79791256780103 40.757673938578975 59.751894690158984 99.61426425267588 74.48746440490159 30.89141087814133 79.90954571114925 15.950478853056 82.96557205082175 61.42368409953905 92.27042855107685 60.4674071127304 49.115432193837755 67.12009447013833 76.6146511643353 111.73495953677686 12.227740644941738 91.03124582962552 34.18622715267453 67.55129386805989 96.81021637084989 38.65232019624561 62.033151536322336 52.106810018450275 77.8126307306197 72.93387150401735 105.64268064142757 7.848548838778131 39.00714531442019 56.59651690916929 63.037768883396566 57.54634687753723 135.04357047553924 102.76832407179347 72.66849355265555 48.93782276201119 43.63404700406112 128.85512600893287 94.56866505130465 60.64380728552626 28.407047655467057 18.196136759134884 128.59904144024048 94.22265646961428 60.10786819747551 27.255347010697147 16.358586631010997 134.30926846929964 101.81042159508094 71.32017294017805 46.931811886514815 41.39378748640964 145.28370744587073 115.78214688134531 89.9912213029702 72.01457338179006 68.32673080367012
27.996686073931468 23.87436256174033 37.628397872828366 54.409679533689726 93.88744264092193 0.0 71.67786849398131 9.064090151129804 13.055651254077413 70.02908625570613 63.02442261812908 25.158736574360947 23.604603764053003 63.433159978968966 22.273113694685975 78.00500090679263 11.163754461105738 55.449996262885364 10.761593867288491 76.44580622886821 49.65646543330631 27.09817578627138 51.43619935229956 21.3171176031487 105.11329448806677 14.526574814236218 67.79057632126651 26.980677266386454 23.032162934962038 79.87603898108047 57.00091156896316 48.83614240840784 17.081985601409297 21.422674228816163 14.922656505118482 101.27607593907912 54.94911659417882 50.89590462340692 43.379018519584776 72.33243121907388 41.56767524875764 17.85096812790654 36.114966893047516 68.44540114042844 102.2746467784949 39.10468243744757 11.035613624148768 33.30533815219364 67.01909080719759 101.33471131632173 54.190899096652636 38.94030943616 49.90858293522441 76.55201107400057 107.81641315039131 77.13769180561273 67.09892801604718 73.81784953989735 93.75846524794726 120.52796697390298 102.80911597816673 95.28572511329195 99.91847022550631 115.25063198153158 137.75482512196425
55.02927678317365 51.05515016605908 63.4946667461813 19.823380684712717 55.326982438336636 71.67786849398131 0.0 62.65369709071362 67.80456776496698 15.472503331825454 9.284528844173266 62.89681177596197 48.24085931760645 38.22514461927494 49.85845103610863 45.40747513051778 61.71772168540134 16.517805126359377 64.10239944115256 7.012317967127455 28.860524282390315 49.55161050014667 28.22965338435437 80.67987990191087 59.79464981081825 60.945599483292526 24.602061728396993 48.69093903883829 61.19618484758057 17.783244835968233 15.301947457093684 26.84280841834644 55.68915731508542 59.02971759456976 76.4948789206907 62.30414541830982 43.991606490425035 21.465468517565967 28.341884432945346 2.3517574125453113 110.48989550690807 87.74243720891519 74.72751572582354 76.57947485405377 92.40875702104772 93.87326980635515 65.83396007333606 47.44305200076247 50.62004975904264 72.58614924484084 83.68645308007456 50.417863269474324 21.8024680582294 28.347530043427493 59.38573460889376 82.35177855189633 48.19118237235861 16.05668456499992 24.250703351099446 57.56065096790391 90.26285209085425 60.62516198828832 39.97829691713029 43.7715014937584 68.03271729020793
23.072379872643815 16.659940117409093 35.11708502861102 45.66610793977825 87.2506385834062 9.064090151129804 62.65369709071362 0.0 11.995461351922835 61.444693620646746 53.967852020681796 21.25990419917782 14.79072713489128 56.47598396809101 13.258297719573045 71.30264965274785 5.5811155582435426 46.39409357596204 6.50711163270188 67.3834342137546 41.46575450485385 20.163411063241963 42.680489942311226 24.895730932753494 98.15180714186376 8.543719009295021 59.706251168574596 19.703713377083712 18.456065367496677 71.25729028907539 47.938982530500546 40.35622871843552 9.438136765841897 17.31285007268009 18.53715871605806 94.79876936455645 48.69652298503252 42.00329313632809 34.391529148997655 63.28480829006986 49.535407290305 26.39982032478143 36.53746631457239 66.08982047079225 98.97264414134249 42.710407220244846 8.55280282466281 26.776411692939725 61.28340922219215 95.8602655138562 52.902149741756865 32.228348057660234 40.90880928923479 68.58010078726485 100.63679773094972 73.32855318865667 59.94533547426837 64.84284795685345 84.91485011718241 112.29983865026178 97.77192691140961 87.96212146275596 91.1593318138527 106.19518155113524 128.99423720312836
34.96909927396495 27.748117359606205 47.06788207597632 52.93577760765646 97.79791256780103 13.055651254077413 67.80456776496698 11.995461351922835 0.0 69.0049910093693 58.67042639515333 12.357394997126917 23.45900462696526 66.9079691844313 18.94119704658638 81.86749778396246 17.535783425338796 51.2890008571233 5.725462468349917 71.62444635162326 50.38226846316316 31.303830790583234 43.99526561278901 14.039678131235888 108.33629485620719 7.13948927195935 68.53191466606293 30.5926728618737 10.755463835918356 78.58803051676462 52.55930475141861 48.62167332729782 20.714548040372723 29.30791694905139 8.732822019575345 105.45863250587199 59.77941058959006 48.656615998431676 40.63962673955347 68.04983361269927 42.69723033803243 29.188601034763494 47.70464602668571 78.06618951121595 110.94036464043803 31.23016601798615 3.4671457722810435 37.99438556877384 72.59462772366776 107.19720620694328 41.67164457376702 27.68105304577567 46.80592902540481 77.52540773126071 110.5641092446597 64.08290105336839 55.80851312822318 67.21127436083887 91.18615025016663 120.44611211662804 89.9192139573928 84.00556685092414 91.77756384939168 110.3812616769732 135.42392833845588
48.38553004767306 47.01428972195613 53.92956208827111 16.074353719682797 40.757673938578975 70.02908625570613 15.472503331825454 61.444693620646746 69.0049910093693 0.0 19.061111494736515 66.80758361785816 46.67925567928828 23.704429951176234 50.09833753497444 29.956479891039148 59.16907749687761 22.05934000632321 64.39217028127938 21.89214269679481 21.15018028001871 44.59994940628125 37.17788479193098 82.75365440882968 46.7221794927442 61.8719504516641 9.407697159474234 44.14263197167572 64.5437080440754 9.868104274211307 22.191449855489193 21.229515283579342 53.05436315000423 53.64624241873897 77.68098609287695 48.09044124185696 31.131655114539544 20.61360247014426 28.61947358840062 17.821562345230276 110.83829005480925 84.27218412355705 65.67537948918886 62.60582965349638 76.94481349580636 97.83696282175391 66.43554096190971 40.62170534491896 35.79660349081385 57.51089229033288 91.87944182899072 57.39189350878517 23.252543312428976 13.50502946105388 47.105674724695405 94.3105130764369 61.17442570566425 31.384596207269084 24.95035937661801 51.525654020482826 104.5464897116556 75.8887218196251 54.6171554312787 51.00759959377297 67.93616670331812
48.34734088368738 43.38789936924388 58.16368943699874 14.811409198519632 59.751894690158984 63.02442261812908 9.284528844173266 53.967852020681796 58.67042639515333 19.061111494736515 0.0 53.6125040244906 39.82903034812004 38.03270871535952 40.99050614260376 47.90026099694092 53.385215931728744 7.574750320369447 55.11240026556378 13.48885682805827 24.2667627123817 42.276612948770094 19.45952128915788 71.43952076922079 65.64356750148755 51.87536629765463 26.427715121996222 41.27785391654656 51.91862207419198 24.89573093275208 6.115883179230124 21.36546709258321 47.462438549458135 51.7135244598909 67.33783338587072 67.14154538441043 41.71580855701702 14.45796338277152 20.064751111841662 9.39317777205027 101.36748252861489 79.46176397156235 68.90383843376114 74.67307123670959 93.80382606144178 84.60083918169416 56.78687879509915 41.07333597711346 50.43917094621287 76.13161442771617 75.03129384152747 41.36635061487031 13.6932843431842 32.53749028913124 65.76261611128767 75.44953973707514 42.113356788605515 15.78881075978285 33.4647310196154 66.2218985758267 85.70946485068696 58.41083458813795 43.27073955044568 52.22744754840818 77.31671051922862
41.82757735509094 33.08409026030422 55.22568608607795 50.993543417883565 99.61426425267588 25.158736574360947 62.89681177596197 21.25990419917782 12.357394997126917 66.80758361785816 53.6125040244906 0.0 26.37298694340638 69.02239807623688 20.273761257037556 83.93651293056998 26.53782390304205 46.77288153513808 15.259305579559136 65.69197868144671 50.694255152353655 36.395257470051774 36.46307614633956 19.107810141833482 109.34543488449974 12.801806354729159 68.03028512223028 35.30417222338375 3.11410345483689 75.86412056033436 47.69199900502988 48.157344340622174 27.27266038249713 37.35165754467089 17.62934037336042 107.42360710441346 63.39588523129778 46.2237794281366 38.336916145177895 62.73707892889022 50.036195454744366 41.49284106462099 57.745234677987824 85.68657806368677 117.23774330415114 31.14484305228958 14.216332874699004 42.76748988167777 76.49093710908188 110.7588367915418 32.350095694678075 16.671220117477947 43.63691297425774 76.97584343501421 111.09109089322 52.28000408346103 44.148928735090365 59.664677769762676 86.97951725038362 118.17705297641898 77.6525313924788 72.21913637161796 82.43812301333872 103.78457030393079 130.92433836340433
17.41739971505281 8.017476474334012 31.516711930603925 30.875914493249923 74.48746440490159 23.604603764053003 48.24085931760645 14.79072713489128 23.45900462696526 46.67925567928828 39.82903034812004 26.37298694340638 0.0 43.60979673845809 6.222342628314633 58.5967481183885 13.563643960831996 32.28321837706591 18.19764873061922 53.31525368051215 27.079573121013976 10.59754219514234 31.445815715818547 37.494420441806966 84.89884203716912 16.553120097653764 45.320457572595444 9.299124622627852 23.314408820000708 56.47810548300637 33.941994154177976 25.681961761208537 7.843827935685876 15.882150449731444 31.744325911123855 82.19871445929196 37.1779580103532 27.29297262597767 19.899796912678536 49.01848902391668 64.19351429252508 39.63760591351815 37.633805976368386 60.467329413453044 91.05560677093688 54.367900345933194 20.418018096850854 16.515930031657557 50.234550196536254 84.67052455783357 58.224262072557934 29.10507817120882 26.438450155148555 54.274514347617 87.1051052369395 73.64353886801521 53.495284945579 51.912676495139124 70.1634678841182 97.70211995781375 95.16128899395952 80.37847931850219 79.12309601626613 91.95087862636207 114.21120437970434
36.46902594090809 39.851643799743364 36.12490299078577 25.28549455092269 30.89141087814133 63.433159978968966 38.22514461927494 56.47598396809101 66.9079691844313 23.704429951176234 38.03270871535952 69.02239807623688 43.60979673845809 0.0 49.11602632929441 14.988846215285022 52.38140377601485 36.489108634339495 61.39214081262875 45.09026498889201 19.515166843142215 36.43455893068584 50.43660212878224 80.85612444255408 41.70694987572532 60.145872904601234 14.45573006588409 36.77814147476715 66.15448535588808 29.85728212397395 37.731643815028654 23.05422332879853 47.048400696836985 43.01629811008875 74.79706408273914 38.589211245449505 10.313260357041562 29.37366498282035 34.13502286326443 40.52207183164208 104.870295602588 73.77226514057918 47.76756926217912 38.93532597031633 56.08033443003176 97.97282624947012 63.68754998276683 30.13943481700877 12.470734069120365 42.396993457390714 98.89382952893071 65.08265623633397 32.960028242990646 18.216022509888838 44.40869493382353 107.43236485288564 77.33874280423521 53.062832604440565 45.220152758663474 60.57124048068798 121.99895179448606 96.39808444153851 78.07808946260403 72.7635647327065 82.99178019693636
23.198759368300006 13.833136655022933 37.24701182156886 34.044452312615526 79.90954571114925 22.273113694685975 49.85845103610863 13.258297719573045 18.94119704658638 50.09833753497444 40.99050614260376 20.273761257037556 6.222342628314633 49.11602632929441 0.0 64.09365613928655 14.503830120009948 33.440315636696454 14.40492219986298 54.32536919427399 31.654257224525622 16.727930936774765 29.64443526841075 32.861441982759 90.05752969802916 11.80242754721243 49.68575800060651 15.477621601630917 17.257069344384284 59.73358331607371 34.911489885869806 29.72084892948864 10.681195188513188 20.58886143365006 27.585072561630085 87.66979319878014 43.13527330071312 29.89673466567029 21.96623406791699 50.359009119513104 61.01946215968289 39.57067745100695 42.46327437906252 66.59765936858095 97.27381045470142 49.12389407131122 16.35991029590529 22.737396597527297 56.224412723967625 90.55513685713646 52.00501864996688 23.586804537852387 28.3372531825206 58.68994525160223 92.09162076560625 67.8045214730237 49.31423776338834 51.586290776969875 72.69943040982248 101.5090114344854 89.9546691653974 76.77375491320505 78.04690245384565 93.18353460746458 116.91777392047092
50.528526070767775 54.64716876122299 47.70880969966987 37.67454905474081 15.950478853056 78.00500090679263 45.40747513051778 71.30264965274785 81.86749778396246 29.956479891039148 47.90026099694092 83.93651293056998 58.5967481183885 14.988846215285022 64.09365613928655 0.0 67.04829745117533 48.20462876397231 76.32873031167036 51.54730904680138 33.79939279952296 51.17967459965736 63.03702234154894 95.79267596050812 27.25891665113302 75.12814822603949 21.474248355654034 51.601981181729876 81.09136660079518 31.562062088707233 49.10071781904638 37.03649525467915 61.864906684071805 57.177383974962005 89.69282427906127 23.602460495577525 23.281976478427367 42.32643919944064 48.12562421838703 47.749309426626866 119.26003835728277 87.36633564940153 58.63122179259674 40.46217298313057 47.23958537308403 112.95599083195371 78.62848500265571 44.72888419625824 14.620504363101999 28.66525515374361 113.44214015060957 79.31891164111934 45.920691028844274 17.910318926712748 30.458147062607782 120.63639718342755 89.21896434514063 61.33289721661703 44.252032421381735 50.49334487626823 133.45794368396943 105.77307874126231 83.42434234845659 71.59645847447642 75.41379248944874
17.82702120698443 12.710843869153157 29.543119862266114 43.7746081968351 82.96557205082175 11.163754461105738 61.71772168540134 5.5811155582435426 17.535783425338796 59.16907749687761 53.385215931728744 26.53782390304205 13.563643960831996 52.38140377601485 14.503830120009948 67.04829745117533 0.0 45.84496178638458 12.086009014826516 66.87314746438356 38.59300649728505 15.9730029689175 44.00019684078319 29.981789932193095 94.08424957229086 13.736148911737045 56.67153820726465 15.817998089323966 23.62572544225932 69.03343646326528 47.505421702117715 37.940852697270856 6.134675367180607 11.807373482234935 23.507113550857873 90.42248113612439 44.146774146790136 40.55725222350099 33.40430224373645 62.546044835642405 52.728277662481275 26.076684159642713 31.21794416315195 60.530744322685536 93.53195372678903 47.9067667319136 14.11502578027311 22.32181485908686 56.49908579951456 90.99936145652136 58.410077783392 36.13396655752933 39.93021436350516 65.40651822565493 96.7286687619228 78.2958762795346 63.239377869425354 65.29144603511139 83.19559049803493 109.42951599192877 102.22731738411164 90.99310943119777 92.21584989827419 105.46314732981504 127.02709701714699
41.57000523727056 36.10123846552383 52.17397224100286 11.284559206504127 61.42368409953905 55.449996262885364 16.517805126359377 46.39409357596204 51.2890008571233 22.05934000632321 7.574750320369447 46.77288153513808 32.28321837706591 36.489108634339495 33.440315636696454 48.20462876397231 45.84496178638458 0.0 47.61459518906245 21.038596102066087 19.802120658363684 35.19816879793434 15.263312932971418 64.24612954089075 68.4905999456142 44.43088248695226 27.263979301874528 34.13059583843489 44.91893088756904 29.822997236632556 1.8784838810782554 16.32258679438239 39.9526782050041 44.56347717809258 59.98434101822882 69.06728736752515 38.33069868435331 8.620053080318906 12.645882071052757 16.918803448474414 93.97215961953569 71.92070252798948 62.52348095081026 70.99691147350687 92.5565489685875 77.88287777343878 49.325035552842365 34.56886654531701 48.496235486638284 76.83484950505203 69.95029335237547 35.651518639515736 6.623562432931856 34.80755570406372 69.09496252014037 72.88852085102032 41.07151095279398 21.350573933726267 40.24512961863252 71.96067929088679 85.58503058685154 60.666712326631135 49.3042505833316 59.801127784735115 84.3578523921136
29.28222648444187 22.05050454043942 41.604437818840005 48.37489272845165 92.27042855107685 10.761593867288491 64.10239944115256 6.50711163270188 5.725462468349917 64.39217028127938 55.11240026556378 15.259305579559136 18.19764873061922 61.39214081262875 14.40492219986298 76.32873031167036 12.086009014826516 47.61459518906245 0.0 68.30505391877402 45.26447454337971 25.60703753083237 41.78480701053929 19.464596521964744 102.91019299948559 3.856077817574149 63.48657338928984 24.927554875255055 12.72294972344519 74.07813790980573 49.0024559392926 43.70340691838103 14.990560727251687 23.74821169787071 13.548102082588853 99.90538470131416 54.11746783221268 44.295713897201956 36.36978930534928 64.50387865795808 46.614564104357704 28.431691606250556 42.87940322565061 72.55180209108474 105.2792637896391 36.91152399989463 2.3109187671195177 32.296663957423405 66.90039667809323 101.5042169777738 46.459540565366446 28.179155401233285 42.713927496047575 72.45504342983781 105.21324036189579 67.53485877005626 56.34260703081204 64.67467598653462 87.09724558949384 115.68854217631014 92.57282775115199 84.53684396839651 90.09962048075387 107.1639832425865 131.32026143899463
61.281273106476874 56.7608214599186 70.21105254367734 26.386564156411364 60.4674071127304 76.44580622886821 7.012317967127455 67.3834342137546 71.62444635162326 21.89214269679481 13.48885682805827 65.69197868144671 53.31525368051215 45.09026498889201 54.32536919427399 51.54730904680138 66.87314746438356 21.038596102066087 68.30505391877402 0.0 35.62300778358496 55.49767372804197 29.695377852483 84.0136666943941 63.92061288983024 64.96573212451509 31.220589358890432 54.555142871384255 64.26134408032559 21.955393090804755 19.445236136562297 33.383484978306214 60.94946933103174 64.96734723735452 80.21813420952482 67.1324191359746 51.003307187684285 27.39175738289095 33.53948749110905 4.9947837105345245 114.28228920583976 92.94981582615695 81.32417880438555 83.56017602268277 98.72036840417653 96.29196594386313 69.90118217669608 53.805277613364964 57.4337931400636 78.08375859099334 84.09206777591037 52.016606470655546 27.107586670048622 34.04052852284926 63.06771226067354 80.36521008088222 45.808837874122496 11.54064473320065 23.722933035130296 58.1998525786003 86.21746431394179 55.35681488836543 33.01724110031805 38.8681735996205 65.77360474983341
27.35036464423647 26.126666206029974 34.63620858980988 9.478031766818685 49.115432193837755 49.65646543330631 28.860524282390315 41.46575450485385 50.38226846316316 21.15018028001871 24.2667627123817 50.694255152353655 27.079573121013976 19.515166843142215 31.654257224525622 33.79939279952296 38.59300649728505 19.802120658363684 45.26447454337971 35.62300778358496 0.0 23.522513133819903 31.81999946807353 64.40630436270976 58.6553167428095 43.31291457033626 18.256137321244868 23.159957153132716 47.9921841681989 30.934368938113128 21.478998039168573 3.787076304495491 32.57449663567542 32.49615035807438 58.80051327561468 56.95849580222575 18.759300658008375 11.353885417370028 14.641236543938431 30.63194197914314 90.98660934257256 63.230533820369665 45.9614245725437 51.2017529483133 74.33438824486079 80.72554710583967 47.45881040332741 19.568141291398124 30.138585928097157 61.87572471741367 79.6432999607542 45.611122247770936 14.57895051048336 27.195021686695753 60.50987268493636 88.07892384774236 59.010318060165034 40.01703746984113 45.992757882380346 70.88109131994119 103.73551861058432 80.3603617714933 67.44838533966801 70.96159979665055 88.97516297226696
7.462122645899945 3.5565329903929532 21.302281368362838 30.24257053020291 67.12009447013833 27.09817578627138 49.55161050014667 20.163411063241963 31.303830790583234 44.59994940628125 42.276612948770094 36.395257470051774 10.59754219514234 36.43455893068584 16.727930936774765 51.17967459965736 15.9730029689175 35.19816879793434 25.60703753083237 55.49767372804197 23.522513133819903 0.0 38.4855717920442 44.92329673039966 78.1414652964296 25.18058996934507 41.167572894825206 1.44243836789862 33.28867025195954 54.42943174647272 37.04159687398076 23.653918676238188 10.743335345911031 9.479829752193147 38.6633813536474 74.6443016797964 28.561867427233167 28.135204065771028 22.755138642406138 50.78026027480653 68.65460012340029 39.70816171764128 28.893960345207088 49.87807765467719 80.84320110576847 62.51847076380414 27.91476644406757 6.6905605363358145 41.29343084117975 75.897204669617 68.55016019771409 39.52897716108727 28.649515412258033 49.738200179645105 80.75779532907345 84.17306455943988 62.66267452986934 56.239752337384836 69.2387296893307 93.91425140155474 105.1967866431278 88.72040899586305 84.08908382603727 93.0878781585384 112.491991245102
45.832119621051504 37.94072837585353 58.660438824474866 25.404272752669172 76.6146511643353 51.43619935229956 28.22965338435437 42.680489942311226 43.99526561278901 37.17788479193098 19.45952128915788 36.46307614633956 31.445815715818547 50.43660212878224 29.64443526841075 63.03702234154894 44.00019684078319 15.263312932971418 41.78480701053929 29.695377852483 31.81999946807353 38.4855717920442 0.0 55.26944555134294 83.74117163118432 38.06976762909918 42.429077045299714 37.11720163351118 35.39259139665153 44.211568125474095 14.990054534836796 28.033177428581727 39.09765373918384 46.691929073421704 52.196230156997636 84.28913741408046 50.431872650637686 21.063534000306714 18.46223330699231 27.499221028063243 86.02458249276566 69.07920256546217 67.36774178284217 81.8514386603555 106.09275356409205 66.67070628786881 42.93973745021576 40.46585315915291 61.85447223762049 91.70219432148484 55.574141861061676 22.355679274760483 17.49057125932245 50.06911528099394 84.27790375850248 57.713193539682024 27.2007206817327 23.31938122806166 52.36941582950511 85.65141987063103 71.91628217746442 50.637098411841215 48.48806022149944 67.32666921612278 95.44360086324481
47.80764772495321 41.37641994836381 58.72110052110147 66.68169225994764 111.73495953677686 21.3171176031487 80.67987990191087 24.895730932753494 14.039678131235888 82.75365440882968 71.43952076922079 19.107810141833482 37.494420441806966 80.85612444255408 32.861441982759 95.79267596050812 29.981789932193095 64.24612954089075 19.464596521964744 84.0136666943941 64.40630436270976 44.92329673039966 55.26944555134294 0.0 122.34630742676336 21.099660713124322 82.52761912304273 44.321803885695104 19.878685925191583 92.23987596966617 65.37793249411837 62.581464830859545 34.195330974801166 41.64537926124777 6.526291038245009 119.36611113466127 73.48276893872466 62.26892741996116 54.22512106981419 80.74126923791967 30.92917850701914 30.376804202536086 57.30382370476221 89.66352667449411 123.24856853746135 17.967592832929185 17.16922464929622 51.590545560629124 86.15823083583784 120.74664104481056 36.108126558088045 35.59142167801474 60.20412628574405 91.52682326720932 124.59782085905896 62.44554047999575 61.95640275740138 78.56545286836577 104.40904725906823 134.2562927194529 90.05350038142173 89.4995819447616 101.51561077472438 122.4555638406425 148.593448088829
77.77561128437064 81.55060752892862 74.44470444636323 59.83004726877926 12.227740644941738 105.11329448806677 59.79464981081825 98.15180714186376 108.33629485620719 46.7221794927442 65.64356750148755 109.34543488449974 84.89884203716912 41.70694987572532 90.05752969802916 27.25891665113302 94.08424957229086 68.4905999456142 102.91019299948559 63.92061288983024 58.6553167428095 78.1414652964296 83.74117163118432 122.34630742676336 0.0 101.43884222295985 42.008050837595015 78.46915161249068 106.64493510924802 42.12741020503702 68.81854886384787 61.28531593389057 88.73558567687716 84.41586856996378 116.38481578165677 8.723546906834917 50.54072102410524 64.80312494326424 71.84464809118673 61.82087698262372 146.46555714710718 114.58502495330211 84.86519368279313 60.57457304123506 50.31164225317175 139.16910012567593 105.1892982536206 71.80795664179038 40.53172757642984 22.893304200725012 137.28470468521394 102.70654691430728 68.15448203760201 33.708842590481744 4.732094673919271 141.02958739683584 107.6164330114485 75.28667240256316 46.36489711545741 32.03371011972488 149.98247108894068 119.00720365718597 90.69438956558714 68.43255780056829 59.45874645576241
29.73190749049705 21.67117387366914 42.71608207077217 45.80539038386533 91.03124582962552 14.526574814236218 60.945599483292526 8.543719009295021 7.13948927195935 61.8719504516641 51.87536629765463 12.801806354729159 16.553120097653764 60.145872904601234 11.80242754721243 75.12814822603949 13.736148911737045 44.43088248695226 3.856077817574149 64.96573212451509 43.31291457033626 25.18058996934507 38.06976762909918 21.099660713124322 101.43884222295985 0.0 61.42948691347898 24.31516940779449 9.925908619759094 71.46901209473191 45.75950248716308 41.498386353466074 15.093555472969467 24.779229425919183 15.821186273238583 98.7303740049569 53.36273341410743 41.55655434406491 33.5544769100827 61.26716636660419 49.569289188632894 32.26776478233042 44.945934095300096 73.4431717276994 105.65271453469425 37.827923771316875 4.945872976558609 31.82492131207776 66.30266727594456 100.86682246231652 44.84381332128137 24.47765233794078 39.776703681137576 70.42769106226118 103.59911197237274 64.78525071960473 52.58571295955008 61.05887290662543 84.17787696169195 113.30685872056998 89.38294357198316 80.76288176848202 86.31744882416918 103.79541078637082 128.41728487144618
43.66211455909672 44.05405128915528 47.15315788093131 17.826308435348434 34.18622715267453 67.79057632126651 24.602061728396993 59.706251168574596 68.53191466606293 9.407697159474234 26.427715121996222 68.03028512223028 45.320457572595444 14.45573006588409 49.68575800060651 21.474248355654034 56.67153820726465 27.263979301874528 63.48657338928984 31.220589358890432 18.256137321244868 41.167572894825206 42.429077045299714 82.52761912304273 42.008050837595015 61.42948691347898 0.0 41.00092467354906 65.48787255028151 15.939424696078182 27.961945276225904 20.008133509018574 50.72272388631296 49.544173264977005 77.00818547708944 41.88498965886103 22.801054339052378 22.79597008092632 29.979078288916664 26.949281721133744 109.20632034970141 80.65954986342561 58.99750199022213 53.387706231877594 67.93076468990662 98.54670641104578 65.66393129026315 36.15096855191862 26.398395956520382 49.816666067416556 95.27957146417003 60.698566924365494 26.178036227777053 9.006519894718277 43.2642980560874 100.13134804945265 67.9977315930672 40.198659593195636 31.670318227078802 52.77235992882922 112.05208344541876 84.43828703454655 64.02161227651479 58.842985732563335 72.25658940236595
8.895366364333297 3.109903499338263 22.739189177331312 29.533073467308604 67.55129386805989 26.980677266386454 48.69093903883829 19.703713377083712 30.5926728618737 44.14263197167572 41.27785391654656 35.30417222338375 9.299124622627852 36.77814147476715 15.477621601630917 51.601981181729876 15.817998089323966 34.13059583843489 24.927554875255055 54.555142871384255 23.159957153132716 1.44243836789862 37.11720163351118 44.321803885695104 78.46915161249068 24.31516940779449 41.00092467354906 0.0 32.204753888330224 53.99265862333663 35.963555301131066 23.070449480222397 10.27056232882304 10.43892674118135 38.124159491774925 75.11717409530621 29.190347440071676 27.23983808416541 21.61891106976535 49.87329651831513 68.54622202077205 40.13005258289541 30.283578220198592 51.17232183491331 81.94483117617803 61.82271445218869 27.238452223576747 7.528141558882211 42.02697859257384 76.62059333107419 67.3890056128499 38.13868238692486 27.616672073320565 49.65523662382106 81.01509079957734 82.80237705294152 61.223016418054335 55.09153763931833 68.67818421047217 93.77155293212107 103.76310771529184 87.30920805234075 82.90798001190002 92.29999209375592 112.06946051940041
38.72052637922678 29.971436564192707 52.1517280827994 48.63508869411191 96.81021637084989 23.032162934962038 61.19618484758057 18.456065367496677 10.755463835918356 64.5437080440754 51.91862207419198 3.11410345483689 23.314408820000708 66.15448535588808 17.257069344384284 81.09136660079518 23.62572544225932 44.91893088756904 12.72294972344519 64.26134408032559 47.9921841681989 33.28867025195954 35.39259139665153 19.878685925191583 106.64493510924802 9.925908619759094 65.48787255028151 32.204753888330224 0.0 73.71872876023606 45.92627098720879 45.55192942017203 24.181323035074083 34.2986690233832 17.35639710154354 104.60856822296454 60.392308606784155 43.93234317883597 35.97539226242029 61.13652501636787 50.68354354716905 39.88610051284339 54.84344780222539 82.58044468400408 114.13185026569197 33.29328638037442 11.99664709771174 39.67679389002776 73.48080166535253 107.79360028064019 35.45404871072698 17.06175438097694 41.473681607117825 74.45722248634013 108.4552377958066 54.90403521954777 45.08263932853466 58.696254463598734 85.16378831711116 115.99700868872779 79.87949284826806 73.26556340693006 82.15656497877795 102.59779987695849 129.21944470106604
58.025345515008915 56.87562066622168 62.80523260313669 25.703904744795217 38.65232019624561 79.87603898108047 17.783244835968233 71.25729028907539 78.58803051676462 9.868104274211307 24.89573093275208 75.86412056033436 56.47810548300637 29.85728212397395 59.73358331607371 31.562062088707233 69.03343646326528 29.822997236632556 74.07813790980573 21.955393090804755 30.934368938113128 54.42943174647272 44.211568125474095 92.23987596966617 42.12741020503702 71.46901209473191 15.939424696078182 53.99265862333663 73.71872876023606 0.0 29.48853224591853 31.09614380672283 62.916273593534974 63.41338640134757 87.28962906567793 45.187444176172725 38.73223355890959 29.971033737341475 38.01531371643631 19.72197611908639 120.5910365130392 94.11849900876702 74.62672760300484 68.37227465476693 78.58212432017632 106.98221461730411 76.09046230075602 50.29060363962926 40.78422892916387 56.50118581182552 99.63887440706563 65.4707389090197 32.24563881407484 13.711163368368672 41.6060330778945 99.95207942063527 65.9420645203132 33.18348350874717 15.772802362694552 42.323386242478904 107.85513119181807 77.30180820964979 52.08865847659109 42.96167703646654 58.07754823055172
43.44004207028017 37.90245902358981 54.042867629705505 12.703527230590021 62.033151536322336 57.00091156896316 15.301947457093684 47.938982530500546 52.55930475141861 22.191449855489193 6.115883179230124 47.69199900502988 33.941994154177976 37.731643815028654 34.911489885869806 49.10071781904638 47.505421702117715 1.8784838810782554 49.0024559392926 19.445236136562297 21.478998039168573 37.04159687398076 14.990054534836796 65.37793249411837 68.81854886384787 45.75950248716308 27.961945276225904 35.963555301131066 45.92627098720879 29.48853224591853 0.0 18.064063252453746 41.64729436329898 46.39211570031319 61.23187276706195 69.62528519990755 39.90025020775258 10.411038995243418 14.429125202389956 15.50824597057463 95.25576224683816 73.57479189026516 64.40196133350854 72.64122870632193 93.81181404211699 78.75049819653093 50.67158251656371 36.447302780433944 49.840051988616565 77.6819411524563 70.15653175384416 36.050808550249535 8.49915557685761 35.20885531970667 69.29606294244832 72.35072439078208 40.118290838648974 19.47239489080972 39.290177256777426 71.43604732895753 84.4966757500975 59.1357835938372 47.425771261902405 58.276726477629936 83.29441822981876
28.373596970887743 25.858294946372016 36.91373928348343 7.020133480267584 52.106810018450275 48.83614240840784 26.84280841834644 40.35622871843552 48.62167332729782 21.229515283579342 21.36546709258321 48.157344340622174 25.681961761208537 23.05422332879853 29.72084892948864 37.03649525467915 37.940852697270856 16.32258679438239 43.70340691838103 33.383484978306214 3.787076304495491 23.653918676238188 28.033177428581727 62.581464830859545 61.28531593389057 41.498386353466074 20.008133509018574 23.070449480222397 45.55192942017203 31.09614380672283 18.064063252453746 0.0 31.830362884677715 32.959065350441406 57.16985224208298 59.95525009751698 22.512258683411343 7.744118816797064 11.119199359013495 28.434030431815987 89.86083180675779 63.160438623053174 47.94082951503172 54.79247645742732 78.10837363557816 78.54450045768832 45.83685529715971 20.679530709967757 33.89860783021214 65.31029911741098 76.50568727350858 42.282418555426496 10.832297985747035 29.01253983163358 62.93623187303747 84.419382067789 55.22332677450854 36.97875144336738 45.60777109151347 72.02456523116788 99.94849363112499 76.72277123031353 64.63620650794526 69.74287117643472 89.13512376889223
14.64919316203093 7.22330524066234 28.00111872143443 37.64068484199153 77.8126307306197 17.081985601409297 55.68915731508542 9.438136765841897 20.714548040372723 53.05436315000423 47.462438549458135 27.27266038249713 7.843827935685876 47.048400696836985 10.681195188513188 61.864906684071805 6.134675367180607 39.9526782050041 14.990560727251687 60.94946933103174 32.57449663567542 10.743335345911031 39.09765373918384 34.195330974801166 88.73558567687716 15.093555472969467 50.72272388631296 10.27056232882304 24.181323035074083 62.916273593534974 41.64729436329898 31.830362884677715 0.0 10.367796431364521 27.920088183860575 85.36246779157611 39.30166541144015 34.46216353543344 27.426212026901794 56.563802680824544 58.52457823134973 32.05395802983983 32.00978471733487 58.45200196718625 90.5731023759675 51.86127613157462 17.28218216106216 17.395691112503062 51.97500080900316 86.57393221802114 59.616387918109794 33.98911038763847 33.92997441310998 59.51524447229371 91.25635927054812 77.57990829637087 59.97636711319308 59.753467470738066 77.06217593171397 103.44791377428002 100.41432534541217 87.31694574653181 86.94925125846454 99.45253427831446 120.8972780964239
6.6727453729644575 8.791617591683208 17.94014348537665 39.65494677588149 72.93387150401735 21.422674228816163 59.02971759456976 17.31285007268009 29.30791694905139 53.64624241873897 51.7135244598909 37.35165754467089 15.882150449731444 43.01629811008875 20.58886143365006 57.177383974962005 11.807373482234935 44.56347717809258 23.74821169787071 64.96734723735452 32.49615035807438 9.479829752193147 46.691929073421704 41.64537926124777 84.41586856996378 24.779229425919183 49.544173264977005 10.43892674118135 34.2986690233832 63.41338640134757 46.39211570031319 32.959065350441406 10.367796431364521 0.0 35.132718253867914 80.1879843142912 33.92972241642133 37.613879832265404 32.017892171832706 60.25862202626928 62.11003574396769 31.16041676959443 21.889121575667158 48.80719978088579 81.73126020322623 59.605234278731906 25.863066241909877 13.411389805894055 45.66930584874634 79.91469549430774 69.60531248469714 44.14918000605803 38.05559865978337 57.811201411704985 87.35484733341178 87.94276256607851 69.36608644126551 65.45342167339601 78.4309815692558 102.0463587304581 110.54279212877024 96.20938522195301 93.20658718318914 102.5347509931489 121.38355573309661
