0 138 95 44 116 17 146 192 167 201 108 36 136 91 87 82 112 77 59 93 13 135 79 54 119 25 151 188 154 154 91 34 107 108 103 78 105 99 94 103 115 117 122 128 137 147 159 171 184 198 101 103 109 116 126 137 149 162 176 190 87 90 96 104 115 127 140 154 168 184 72 76 83 93 105 118 132 147 162 178 58 63 71 82 95 110 125 140 156 172 44 50 60 73 88 103 119 135 152 168 30 38 51 66 82 98 115 132 148 165 17 29 44 61 78 95 112 129 146 164 7 25 42 59 77 94 111 128 146 163 16 28 44 61 78 95 112 129 146 164
138 0 90 107 50 138 18 58 63 72 34 104 32 49 55 70 107 66 84 92 136 13 75 87 49 138 20 52 18 24 82 108 43 34 56 79 107 61 82 85 137 122 107 93 81 71 64 61 64 70 131 115 100 85 71 59 51 48 50 58 127 110 94 78 63 49 38 34 38 48 124 106 90 73 56 41 27 20 26 40 122 105 88 70 53 36 19 6 18 35 122 105 88 71 53 36 20 9 19 36 124 107 90 74 57 42 29 23 28 41 127 111 95 79 64 51 41 36 40 50 132 116 101 86 73 61 53 50 53 61 138 123 109 95 83 73 67 64 66 72
95 90 0 52 42 105 85 123 147 127 60 78 110 68 50 32 24 46 47 4 101 96 28 53 45 111 89 123 107 91 10 85 47 61 100 25 20 30 8 9 49 37 31 34 44 58 73 89 105 122 42 27 17 22 36 52 68 85 102 119 39 21 4 15 32 49 66 84 101 118 40 25 13 19 34 51 67 84 102 119 47 34 27 30 41 56 71 88 104 121 56 46 41 43 52 64 78 93 109 125 67 59 55 57 63 73 86 100 114 130 79 73 69 71 76 84 95 108 122 136 92 86 84 84 89 96 106 117 130 144 105 100 98 98 102 108 117 127 139 152
44 107 52 0 76 54 110 156 149 163 74 34 114 64 53 42 69 42 24 49 51 107 38 23 79 61 116 153 124 119 48 40 69 74 89 36 63 58 51 59 79 77 79 85 93 104 117 130 145 159 65 63 65 72 82 94 108 123 138 153 51 49 52 61 72 86 101 116 132 148 38 34 39 50 64 79 95 111 128 145 26 20 28 42 58 74 91 108 125 142 17 6 20 37 54 72 89 106 123 141 18 10 21 38 55 72 89 106 124 141 28 24 30 43 59 75 92 108 125 142 41 38 42 52 66 80 96 112 129 145 54 52 55 63 75 88 102 118 133 149
116 50 42 76 0 121 43 83 110 89 28 88 75 48 36 35 58 43 58 45 118 58 39 64 3 125 47 82 66 49 37 94 16 29 78 41 58 19 36 37 88 72 58 45 37 37 43 55 69 84 83 66 50 35 24 23 33 47 63 80 80 63 46 29 13 11 26 43 60 77 80 63 46 29 13 10 26 43 60 77 83 66 50 35 23 22 32 47 63 79 87 72 57 45 36 36 43 54 69 84 94 79 67 56 50 49 55 64 77 91 102 89 78 69 64 63 67 75 86 99 111 99 89 82 78 77 80 87 97 108 122 111 102 95 92 91 94 100 108 118
17 138 105 54 121 0 146 193 160 203 109 34 132 90 89 88 123 80 65 103 5 133 86 58 124 9 152 189 152 155 100 30 110 109 97 85 117 105 103 112 129 130 133 138 145 154 164 175 187 200 115 116 119 125 133 143 153 165 178 192 101 102 106 112 121 132 143 156 170 184 86 88 93 100 110 121 134 148 162 177 72 74 80 88 99 112 126 140 155 171 58 60 67 77 90 103 118 134 149 165 44 47 55 67 81 96 112 128 145 161 29 34 45 59 75 91 108 124 141 158 15 23 37 54 71 88 105 122 139 156 1 17 34 52 69 86 104 121 138 156
146 18 85 110 43 146 0 47 77 58 38 113 49 58 59 70 99 70 88 87 144 31 75 93 41 148 6 43 27 9 78 117 42 38 71 79 100 58 78 79 129 113 97 82 68 56 47 44 47 56 125 108 92 76 60 46 35 30 35 46 123 105 88 71 55 38 24 16 24 39 121 104 87 70 52 35 18 2 18 35 122 105 88 71 54 37 21 12 22 37 124 107 91 74 58 44 31 26 32 44 128 112 96 80 66 53 44 40 44 53 133 117 102 88 75 64 57 54 57 64 139 125 110 97 86 76 70 68 70 76 147 133 120 108 97 89 83 81 83 88
192 58 123 156 83 193 47 0 92 17 85 159 81 104 105 115 132 116 134 126 191 67 119 139 80 194 42 9 50 38 118 164 87 84 112 122 135 100 117 116 161 144 127 110 93 76 59 43 28 19 160 143 126 108 91 74 57 39 22 6 161 143 126 109 92 74 57 40 24 11 162 145 128 111 94 77 61 46 32 24 165 148 131 115 99 83 68 54 43 38 168 152 136 120 105 90 76 64 56 51 173 157 142 127 112 98 86 76 69 65 179 164 149 134 121 108 97 88 82 79 186 171 157 143 130 119 109 100 95 92 193 179 165 152 140 130 121 113 108 106
167 63 147 149 110 160 77 92 0 108 87 132 37 86 101 120 166 111 126 148 160 52 126 126 110 157 77 84 52 78 138 134 100 87 64 130 166 118 139 144 195 181 168 155 143 133 124 117 112 110 187 173 159 145 133 121 112 104 98 96 181 165 151 136 123 111 100 91 85 82 175 159 143 128 114 101 89 79 72 69 169 153 137 121 106 92 79 67 59 55 165 149 132 116 100 84 70 57 46 41 162 145 128 112 95 78 63 48 35 28 161 143 126 109 92 75 58 41 25 14 160 143 125 108 91 74 56 39 22 4 161 143 126 109 92 75 58 41 26 15
201 72 127 163 89 203 58 17 108 0 95 169 96 116 115 122 133 125 143 129 201 82 126 148 86 205 53 25 65 50 123 174 95 95 126 129 136 107 122 119 161 144 127 109 92 75 58 40 23 6 162 145 127 110 93 76 59 42 26 14 163 146 129 113 96 79 63 48 35 27 166 150 133 117 101 85 70 57 46 41 170 154 138 122 107 92 79 67 58 54 175 159 144 129 114 101 89 79 71 68 181 166 151 137 123 111 100 91 84 81 188 173 159 145 133 121 111 103 98 95 196 181 168 155 143 132 123 116 111 109 204 190 177 165 154 144 136 129 125 122
108 34 60 74 28 109 38 85 87 95 0 75 51 24 22 36 80 33 51 61 107 37 42 55 29 111 44 81 51 47 51 80 14 1 50 46 79 31 52 57 108 95 82 72 65 62 64 70 80 92 101 86 72 61 52 48 51 59 70 83 95 79 64 50 39 34 38 48 61 76 91 74 57 42 28 21 26 39 55 71 89 71 54 37 20 7 18 34 51 69 89 71 54 37 21 8 18 35 52 69 91 74 58 43 29 22 28 40 56 72 95 80 65 51 41 36 40 49 62 77 102 87 74 62 54 50 53 60 71 84 109 96 84 74 67 64 66 72 81 93
36 104 78 34 88 34 113 159 132 169 75 0 101 56 55 56 99 46 33 76 32 100 55 26 91 37 118 155 119 121 71 7 76 75 69 55 93 73 75 84 112 109 108 110 115 122 131 142 154 166 98 94 94 97 102 110 120 132 144 158 85 80 80 83 89 99 110 122 136 150 71 66 66 70 77 88 100 114 128 143 58 52 52 57 66 78 92 106 122 138 47 39 38 44 56 70 85 101 117 133 36 25 24 33 48 63 80 96 113 130 29 14 11 26 43 60 77 94 111 129 29 13 10 25 42 60 77 94 111 129 35 23 22 32 47 63 79 96 113 130
136 32 110 114 75 132 49 81 37 96 51 101 0 50 65 83 130 74 91 111 131 19 89 92 75 130 51 73 32 54 101 104 64 50 37 93 129 81 102 107 158 145 132 120 110 101 95 92 92 96 151 136 122 110 98 89 82 79 79 83 144 128 114 100 87 77 69 65 65 70 138 122 106 92 78 66 56 51 52 58 133 117 101 85 69 56 44 37 38 46 130 113 96 80 63 47 33 24 25 36 128 111 94 77 60 43 26 11 14 30 128 111 94 76 59 42 25 9 12 29 130 112 95 79 62 46 31 20 22 34 132 116 99 83 68 53 41 34 35 43
91 49 68 64 48 90 58 104 86 116 24 56 50 0 18 37 90 25 41 68 88 45 42 42 50 90 63 100 64 67 58 60 32 23 33 46 88 43 60 68 116 104 95 88 84 84 87 94 102 113 106 93 83 75 70 70 74 81 92 104 97 83 71 62 57 56 61 70 82 95 89 75 61 50 43 43 49 60 73 88 84 68 52 39 29 29 38 51 66 82 80 63 46 30 17 16 29 45 62 79 79 62 44 27 10 8 26 43 60 78 80 63 47 31 18 17 30 45 62 79 84 68 53 40 31 30 39 52 67 83 90 75 62 51 44 44 50 61 74 88
87 55 50 53 36 89 59 105 101 115 22 55 65 18 0 20 73 11 30 50 86 55 25 34 38 91 65 102 72 68 40 61 22 22 51 29 70 26 43 50 98 87 78 72 70 72 78 87 99 112 88 76 65 58 56 59 66 77 90 104 80 66 54 45 42 46 55 68 82 97 74 58 43 32 28 33 46 60 76 92 70 53 36 21 14 23 39 55 72 89 68 51 34 16 2 19 37 54 71 88 70 53 37 22 15 24 39 56 73 90 74 59 45 34 29 35 47 61 77 93 81 67 55 46 43 47 56 69 83 98 89 77 67 60 57 60 68 78 91 105
82 70 32 42 35 88 70 115 120 122 36 56 83 37 20 0 55 15 23 32 84 72 6 30 38 92 75 112 87 78 22 62 28 37 70 10 51 18 25 34 79 68 61 58 60 67 77 90 104 118 69 57 48 44 47 56 68 81 97 112 61 47 35 30 34 45 60 75 91 108 55 39 24 16 23 38 54 71 88 105 53 36 19 2 17 34 52 69 86 104 55 38 23 13 21 37 53 70 87 104 60 45 33 27 32 44 58 74 90 107 67 55 45 41 45 53 66 80 95 111 77 66 58 55 58 65 75 88 102 117 88 78 72 70 71 77 86 97 110 124
112 107 24 69 58 123 99 132 166 133 80 99 130 90 73 55 0 69 69 24 119 115 51 75 59 130 103 133 123 104 33 105 67 81 123 48 7 50 31 24 31 15 11 25 42 59 76 93 110 128 30 13 8 24 41 58 76 93 110 127 35 23 21 31 45 61 78 95 112 129 45 36 35 41 53 67 83 99 115 132 57 50 49 53 63 75 89 104 120 136 69 64 63 66 74 85 97 111 126 141 82 78 77 80 86 96 107 120 133 148 96 92 91 93 99 107 117 129 142 155 109 106 105 107 112 119 128 139 151 164 123 120 119 121 125 132 140 150 161 173
77 66 46 42 43 80 70 116 111 125 33 46 74 25 11 15 69 0 19 46 77 66 19 23 45 83 75 113 83 78 37 52 30 33 56 22 66 28 39 48 92 82 75 72 73 77 85 96 108 122 82 70 62 58 59 65 74 86 100 114 72 59 49 44 45 53 64 78 92 108 65 50 37 30 32 42 55 71 87 103 60 43 28 16 20 34 50 66 83 100 58 40 23 6 13 30 47 65 82 99 59 42 26 15 18 33 49 66 83 100 64 49 36 28 30 40 54 70 86 103 71 58 47 42 43 51 63 76 91 107 80 69 60 56 57 63 73 85 99 113
59 84 47 24 58 65 88 134 126 143 51 33 91 41 30 23 69 19 0 45 61 84 22 7 60 69 94 131 101 97 39 39 48 51 67 23 64 41 42 52 87 80 77 78 82 90 100 112 125 139 74 67 63 64 70 79 90 103 117 132 63 54 49 50 57 68 81 95 111 126 53 41 35 37 46 59 73 89 105 122 45 30 21 24 37 52 68 85 102 119 40 23 8 15 31 48 65 83 100 117 41 24 10 16 32 49 66 83 100 117 46 32 23 26 38 53 69 85 102 119 54 43 37 39 48 60 75 90 106 122 65 56 51 53 59 70 82 97 112 127
93 92 4 49 45 103 87 126 148 129 61 76 111 68 50 32 24 46 45 0 99 97 28 52 47 109 92 125 109 93 11 83 49 62 101 24 20 31 10 12 48 37 32 36 47 61 76 92 108 125 40 26 18 25 39 54 71 88 105 122 36 19 4 17 34 52 69 86 104 121 38 22 11 20 36 53 70 87 104 121 44 31 25 30 42 57 73 90 106 123 53 43 39 43 52 64 79 94 110 127 64 57 53 56 63 74 87 101 116 132 77 70 68 69 75 84 96 109 123 138 90 84 82 83 88 96 106 118 131 145 103 98 96 97 101 108 117 128 140 153
13 136 101 51 118 5 144 191 160 201 107 32 131 88 86 84 119 77 61 99 0 131 82 55 121 13 149 186 151 153 96 28 107 107 96 82 113 101 99 108 125 126 129 134 142 151 161 172 185 198 111 112 115 121 130 139 150 163 176 189 97 98 102 109 118 129 141 154 167 182 82 84 89 97 107 118 131 145 160 175 68 70 76 85 96 109 123 138 153 169 54 56 63 74 87 101 116 132 148 164 40 43 52 65 79 95 111 127 143 160 25 30 42 57 73 90 106 123 140 157 11 20 36 53 70 87 104 121 139 156 4 17 35 52 69 86 104 121 138 156
135 13 96 107 58 133 31 67 52 82 37 100 19 45 55 72 115 66 84 97 131 0 78 86 58 133 33 61 20 36 88 104 49 37 45 82 114 67 88 92 144 129 116 103 92 83 77 74 76 81 137 122 107 93 81 70 63 60 62 69 132 115 100 85 71 59 50 47 49 57 127 111 94 78 63 49 38 33 36 47 124 107 90 73 57 41 27 19 25 39 123 106 88 71 54 37 20 5 17 34 123 106 89 72 54 38 21 10 19 35 125 108 91 75 59 43 30 24 29 41 128 112 96 80 65 52 42 37 41 50 133 117 102 88 74 63 55 51 54 61
79 75 28 38 39 86 75 119 126 126 42 55 89 42 25 6 51 19 22 28 82 78 0 29 42 90 81 117 93 83 19 61 34 42 74 5 47 21 22 32 74 64 58 57 61 69 80 93 107 123 64 52 44 43 48 58 71 86 101 117 55 41 31 29 36 49 64 80 96 113 50 33 19 15 27 42 59 76 93 110 47 30 13 5 23 40 57 75 92 109 50 33 19 16 27 42 59 76 93 110 55 42 31 29 36 49 64 80 96 113 64 52 45 43 48 58 71 86 101 117 74 65 58 57 61 69 80 93 108 123 86 77 72 71 74 81 91 102 116 130
54 87 53 23 64 58 93 139 126 148 55 26 92 42 34 30 75 23 7 52 55 86 29 0 67 62 98 135 104 101 46 33 53 55 66 30 70 47 49 59 92 86 84 85 89 97 106 118 131 145 79 72 69 71 76 85 96 109 123 137 67 59 55 57 64 74 87 100 115 131 56 46 41 44 52 64 78 94 109 126 46 34 27 31 42 57 72 89 105 122 40 24 13 20 35 51 68 85 103 120 38 20 4 15 33 50 67 85 102 119 41 26 17 22 36 52 69 86 103 120 48 37 31 34 44 58 74 90 106 123 58 49 45 47 55 67 80 95 111 127
119 49 45 79 3 124 41 80 110 86 29 91 75 50 38 38 59 45 60 47 121 58 42 67 0 127 45 79 64 47 39 97 18 30 79 44 60 22 38 39 89 73 59 46 37 35 41 52 66 82 85 68 52 36 24 21 30 44 60 77 83 65 48 31 14 8 23 40 57 75 83 66 48 32 16 10 24 41 58 75 85 69 53 38 26 23 32 45 61 78 90 75 60 47 39 37 43 54 67 83 97 82 70 59 52 51 55 64 76 89 105 92 80 71 66 65 68 75 86 98 114 102 92 84 80 79 81 87 96 107 124 113 104 97 93 92 95 100 108 118
25 138 111 61 125 9 148 194 157 205 111 37 130 90 91 92 130 83 69 109 13 133 90 62 127 0 153 189 152 156 105 31 113 111 95 90 123 109 108 118 137 137 139 144 150 158 168 178 190 202 122 123 126 131 138 146 157 168 180 193 108 109 112 117 125 135 146 158 171 185 94 95 98 105 113 124 136 149 163 177 80 80 85 92 102 114 127 141 155 171 65 66 72 81 92 105 119 134 149 165 51 53 59 70 82 97 112 127 143 160 37 39 48 60 75 90 106 123 139 156 23 26 38 53 69 86 102 119 136 153 9 16 32 49 66 83 100 118 135 152
151 20 89 116 47 152 6 42 77 53 44 118 51 63 65 75 103 75 94 92 149 33 81 98 45 153 0 38 25 4 83 122 48 43 75 84 105 63 83 83 133 117 101 86 71 58 48 42 44 51 130 113 96 80 64 49 36 29 31 41 127 110 93 76 59 42 27 15 19 33 126 109 92 75 57 40 23 5 13 30 127 110 93 76 59 42 27 15 19 33 130 113 96 80 64 49 36 29 31 41 133 117 101 86 71 58 48 42 44 51 138 123 108 93 80 69 60 56 57 63 145 130 115 102 90 80 73 70 70 75 152 138 124 112 101 93 86 83 84 88
188 52 123 153 82 189 43 9 84 25 81 155 73 100 102 112 133 113 131 125 186 61 117 135 79 189 38 0 43 35 118 159 85 81 106 120 135 99 117 116 163 146 129 112 95 79 62 47 34 27 161 144 127 109 92 75 58 41 25 13 161 143 126 109 91 74 57 40 22 5 161 144 127 110 93 76 59 42 27 16 163 146 129 113 96 80 64 49 37 30 166 150 133 117 101 86 71 58 48 43 171 154 138 123 108 93 80 69 61 57 176 160 145 130 116 103 91 81 74 71 182 167 152 138 125 113 102 93 87 84 189 174 160 147 135 123 114 106 100 98
154 18 107 124 66 152 27 50 52 65 51 119 32 64 72 87 123 83 101 109 151 20 93 104 64 152 25 43 0 27 99 123 61 51 64 96 124 78 99 102 153 137 122 108 94 82 72 65 63 65 148 132 116 100 86 72 60 52 49 52 144 127 110 94 78 63 50 40 35 39 141 124 107 90 73 57 41 28 21 27 139 122 105 88 70 53 36 20 8 19 139 122 105 88 70 53 36 19 7 19 141 124 107 90 73 57 41 27 21 27 144 127 110 94 78 63 49 39 35 38 148 131 115 100 85 72 60 52 48 51 153 137 122 107 94 82 72 65 62 64
154 24 91 119 49 155 9 38 78 50 47 121 54 67 68 78 104 78 97 93 153 36 83 101 47 156 4 35 27 0 85 126 50 47 79 86 106 65 85 85 134 118 102 86 71 57 46 39 40 48 131 114 97 81 64 49 35 26 27 37 129 112 95 77 60 43 27 13 15 30 129 111 94 77 59 42 25 8 11 28 130 113 96 79 62 45 30 19 20 33 132 116 99 83 67 52 40 32 33 42 136 120 104 89 74 62 51 46 46 53 142 126 111 97 84 72 64 59 60 65 148 133 119 106 94 84 77 73 73 77 155 141 128 116 105 96 90 87 87 90
91 82 10 48 37 100 78 118 138 123 51 71 101 58 40 22 33 37 39 11 96 88 19 46 39 105 83 118 99 85 0 78 39 52 91 17 30 21 4 13 58 47 39 39 46 58 72 87 103 119 50 36 26 26 36 50 65 82 98 115 45 28 14 13 28 45 62 79 96 113 44 27 10 10 27 44 61 78 96 113 48 33 21 21 32 47 64 80 97 114 55 42 34 34 42 54 69 85 101 117 64 54 48 48 54 64 77 91 106 122 76 67 62 62 66 75 86 99 113 128 87 80 76 76 80 87 96 108 121 135 100 94 90 90 93 99 107 118 130 143
34 108 85 40 94 30 117 164 134 174 80 7 104 60 61 62 105 52 39 83 28 104 61 33 97 31 122 159 123 126 78 0 82 80 70 62 100 79 81 90 118 115 114 117 121 128 137 147 159 171 104 101 100 103 108 116 126 137 149 163 90 86 86 89 96 104 115 127 141 155 77 72 72 76 83 93 105 118 133 148 63 58 58 63 72 83 96 111 126 141 51 44 44 50 61 74 89 104 120 137 39 31 30 39 52 67 83 99 116 133 31 18 17 30 46 62 79 96 113 131 27 10 9 26 43 61 78 95 113 130 30 17 17 30 46 62 79 96 113 131
107 43 47 69 16 110 42 87 100 95 14 76 64 32 22 28 67 30 48 49 107 49 34 53 18 113 48 85 61 50 39 82 0 15 62 37 66 19 40 44 96 82 69 59 53 52 57 66 78 92 89 73 59 47 39 38 45 56 70 85 84 67 51 37 26 25 34 48 64 80 81 64 47 30 15 12 26 43 60 77 80 63 46 29 12 9 25 42 59 77 82 66 49 34 22 20 31 46 62 79 87 71 56 43 35 34 41 53 67 83 93 79 65 55 48 47 53 63 75 89 101 88 76 67 62 61 65 73 84 97 110 98 88 80 76 75 78 85 95 106
108 34 61 74 29 109 38 84 87 95 1 75 50 23 22 37 81 33 51 62 107 37 42 55 30 111 43 81 51 47 52 80 15 0 49 46 80 32 53 58 109 95 83 73 66 63 65 71 80 92 101 87 73 61 53 49 51 59 70 83 95 80 64 51 40 35 38 48 61 76 91 74 58 42 29 21 26 39 55 71 89 72 55 37 21 7 17 34 51 68 89 72 55 38 21 8 18 34 51 68 91 75 58 43 29 22 27 40 55 71 96 80 65 51 41 36 39 48 62 76 102 87 73 62 53 50 52 59 70 84 109 96 84 74 66 64 65 71 81 92
103 56 100 89 78 97 71 112 64 126 50 69 37 33 51 70 123 56 67 101 96 45 74 66 79 95 75 106 64 79 91 70 62 49 0 78 120 75 93 101 148 137 128 120 114 111 111 113 118 125 137 126 115 107 101 97 97 100 105 113 128 115 104 94 88 84 83 86 93 102 119 105 93 82 74 70 69 73 81 91 111 97 83 71 62 56 56 60 69 81 105 89 74 61 49 42 42 48 59 73 100 84 68 52 39 29 28 37 51 66 97 80 63 47 30 17 16 29 45 62 97 79 62 45 27 10 8 26 43 60 98 81 64 47 31 18 17 30 45 62
78 79 25 36 41 85 79 122 130 129 46 55 93 46 29 10 48 22 23 24 82 82 5 30 44 90 84 120 96 86 17 62 37 46 78 0 44 23 20 30 70 61 56 55 60 70 81 95 110 125 60 49 42 42 48 59 73 88 103 120 51 38 28 28 37 51 66 82 99 116 46 29 15 15 29 45 62 79 96 113 44 27 10 9 26 44 61 78 96 113 47 31 19 19 31 46 63 80 97 114 54 41 32 32 40 53 68 84 100 117 63 52 46 46 52 62 75 90 105 121 74 65 60 60 64 73 84 97 112 127 85 78 74 74 77 85 94 106 120 134
105 107 20 63 58 117 100 135 166 136 79 93 129 88 70 51 7 66 64 20 113 114 47 70 60 123 105 135 124 106 30 100 66 80 120 44 0 48 28 23 30 17 18 31 46 63 80 97 114 131 26 9 9 27 44 61 79 96 113 131 30 17 17 30 46 63 80 97 114 131 38 30 30 39 52 67 83 100 117 133 50 43 43 50 61 74 89 105 121 137 63 57 57 62 71 83 96 111 126 142 76 72 71 75 83 93 105 119 133 148 89 86 85 89 95 104 115 127 141 155 103 100 100 102 108 116 126 137 149 163 117 114 114 116 121 128 137 147 159 171
99 61 30 58 19 105 58 100 118 107 31 73 81 43 26 18 50 28 41 31 101 67 21 47 22 109 63 99 78 65 21 79 19 32 75 23 48 0 22 27 78 64 53 46 45 50 60 73 87 103 71 56 42 33 31 38 51 65 81 97 66 49 33 20 17 29 44 60 77 94 64 47 29 12 7 24 41 58 76 93 65 48 32 17 14 27 43 60 77 94 69 54 39 29 27 35 49 64 80 96 76 62 50 42 41 47 57 71 85 101 84 72 62 56 55 59 68 79 93 107 94 83 75 70 69 72 80 90 101 115 105 95 88 84 83 86 92 101 111 124
94 82 8 51 36 103 78 117 139 122 52 75 102 60 43 25 31 39 42 10 99 88 22 49 38 108 83 117 99 85 4 81 40 53 93 20 28 22 0 10 57 45 37 36 43 55 69 85 101 117 49 34 23 23 33 48 64 80 97 114 45 28 12 11 26 43 61 78 95 112 45 28 13 11 27 44 61 78 95 112 50 35 24 23 34 48 64 80 97 114 57 45 38 37 44 56 70 85 101 118 67 57 51 51 56 66 78 92 107 122 79 70 65 65 69 77 88 100 114 129 91 83 79 79 82 89 98 110 122 136 103 97 93 93 96 101 110 120 132 144
103 85 9 59 37 112 79 116 144 119 57 84 107 68 50 34 24 48 52 12 108 92 32 59 39 118 83 116 102 85 13 90 44 58 101 30 23 27 10 0 52 38 28 27 36 49 65 81 97 114 47 30 16 14 27 44 60 78 95 112 45 28 11 8 25 42 60 77 94 111 49 33 20 19 30 45 62 79 96 113 55 42 33 32 40 52 67 83 99 116 64 54 47 46 52 62 75 89 104 120 75 66 61 60 64 73 84 97 111 126 87 79 75 74 78 85 94 106 119 133 99 93 89 88 91 97 105 116 128 141 112 106 103 102 105 110 117 127 138 150
115 137 49 79 88 129 129 161 195 161 108 112 158 116 98 79 31 92 87 48 125 144 74 92 89 137 133 163 153 134 58 118 96 109 148 70 30 78 57 52 0 18 35 52 70 87 104 122 139 156 15 23 38 54 71 88 105 122 140 157 29 34 45 60 75 91 108 125 142 159 43 47 55 68 82 97 113 129 145 162 58 60 67 77 90 104 119 134 150 166 72 74 80 88 99 112 126 140 156 171 86 88 93 100 110 122 134 148 162 177 100 102 106 112 121 132 144 156 170 184 115 116 119 125 133 143 154 166 179 192 129 130 133 138 145 154 164 176 188 201
117 122 37 77 72 130 113 144 181 144 95 109 145 104 87 68 15 82 80 37 126 129 64 86 73 137 117 146 137 118 47 115 82 95 137 61 17 64 45 38 18 0 18 35 52 70 87 104 122 139 23 15 23 38 54 71 88 105 122 140 34 29 34 45 60 75 91 108 125 142 47 43 46 55 67 82 97 112 129 145 60 57 60 67 77 90 104 118 134 150 74 72 73 79 88 99 112 126 140 155 88 86 87 92 100 110 121 134 148 162 102 100 101 105 112 121 131 143 156 170 116 114 115 119 125 133 142 153 165 178 130 128 129 132 138 145 154 164 175 187
122 107 31 79 58 133 97 127 168 127 82 108 132 95 78 61 11 75 77 32 129 116 58 84 59 139 101 129 122 102 39 114 69 83 128 56 18 53 37 28 35 18 0 18 35 52 70 87 104 122 38 23 15 23 38 54 71 88 105 122 45 34 29 34 45 60 75 91 108 125 55 46 43 46 55 67 81 97 112 129 67 60 57 60 67 77 90 104 118 134 80 73 71 73 79 88 99 112 126 140 93 87 85 87 92 99 109 121 134 148 106 101 99 101 105 112 121 131 143 156 119 115 114 115 118 124 132 142 153 165 133 129 128 129 132 137 144 153 163 175
128 93 34 85 45 138 82 110 155 109 72 110 120 88 72 58 25 72 78 36 134 103 57 85 46 144 86 112 108 86 39 117 59 73 120 55 31 46 36 27 52 35 18 0 18 35 52 70 87 104 54 38 23 15 23 38 54 71 88 105 60 45 34 29 33 45 59 75 91 108 68 55 46 43 46 55 67 81 97 112 77 67 60 57 59 66 77 89 103 118 88 79 73 71 73 79 88 99 112 125 100 92 87 85 87 91 99 109 121 134 112 105 101 99 100 105 111 120 131 143 125 119 115 113 114 118 124 132 141 152 138 132 129 127 128 131 137 144 153 163
137 81 44 93 37 145 68 93 143 92 65 115 110 84 70 60 42 73 82 47 142 92 61 89 37 150 71 95 94 71 46 121 53 66 114 60 46 45 43 36 70 52 35 18 0 18 35 52 70 87 71 54 38 23 15 23 38 54 71 88 75 60 45 33 29 33 45 59 75 91 82 67 55 46 43 46 55 67 81 96 90 77 67 59 57 59 66 77 89 103 99 88 79 73 71 73 78 87 99 111 110 100 92 87 85 86 91 99 109 120 121 112 105 100 99 100 104 111 120 130 133 125 118 114 113 114 117 123 131 141 145 138 132 128 127 127 131 136 143 152
147 71 58 104 37 154 56 76 133 75 62 122 101 84 72 67 59 77 90 61 151 83 69 97 35 158 58 79 82 57 58 128 52 63 111 70 63 50 55 49 87 70 52 35 18 0 18 35 52 70 88 71 54 38 23 14 23 38 54 71 91 75 60 45 33 28 33 45 59 75 97 82 67 55 46 42 46 55 67 81 104 90 77 66 59 56 59 66 76 89 112 99 88 79 73 70 72 78 87 98 122 110 99 91 86 84 86 91 98 108 132 121 112 105 100 98 99 104 110 119 143 133 124 118 114 112 113 117 123 131 154 145 137 131 127 126 127 130 135 143
159 64 73 117 43 164 47 59 124 58 64 131 95 87 78 77 76 85 100 76 161 77 80 106 41 168 48 62 72 46 72 137 57 65 111 81 80 60 69 65 104 87 70 52 35 18 0 18 35 52 105 88 71 54 38 23 14 23 38 54 108 91 75 59 45 33 28 33 45 59 113 97 81 67 55 46 42 46 54 67 119 104 90 77 66 59 56 59 66 76 126 112 99 88 78 72 70 72 78 87 134 121 109 99 91 86 84 85 90 98 144 131 121 111 104 99 98 99 103 110 154 142 132 124 117 113 112 113 116 122 164 154 144 137 131 127 125 126 130 135
171 61 89 130 55 175 44 43 117 40 70 142 92 94 87 90 93 96 112 92 172 74 93 118 52 178 42 47 65 39 87 147 66 71 113 95 97 73 85 81 122 104 87 70 52 35 18 0 18 35 122 105 88 71 54 38 23 14 23 38 125 108 91 75 59 45 33 28 33 45 129 112 97 81 67 55 46 42 45 54 134 118 104 89 77 66 59 56 58 65 140 126 112 99 87 78 72 70 72 77 148 134 121 109 99 91 85 83 85 90 156 143 131 120 111 104 99 97 99 103 166 153 142 132 123 117 113 111 112 116 176 164 153 144 136 130 126 125 126 129
184 64 105 145 69 187 47 28 112 23 80 154 92 102 99 104 110 108 125 108 185 76 107 131 66 190 44 34 63 40 103 159 78 80 118 110 114 87 101 97 139 122 104 87 70 52 35 18 0 18 140 122 105 88 71 54 38 23 14 23 142 125 108 91 75 59 45 33 28 33 145 129 112 97 81 67 54 45 42 45 150 134 118 103 89 76 66 58 55 58 156 140 126 112 99 87 78 72 69 71 162 148 134 121 109 98 90 85 83 85 170 156 143 131 120 110 103 99 97 98 179 165 153 141 131 123 116 112 110 112 188 175 163 153 143 135 130 126 124 125
198 70 122 159 84 200 56 19 110 6 92 166 96 113 112 118 128 122 139 125 198 81 123 145 82 202 51 27 65 48 119 171 92 92 125 125 131 103 117 114 156 139 122 104 87 70 52 35 18 0 157 140 122 105 88 71 54 38 23 14 159 142 125 108 91 75 59 45 33 28 162 145 129 112 96 81 67 54 45 42 166 150 134 118 103 89 76 65 58 55 171 155 140 125 111 98 87 77 71 69 177 162 148 134 120 108 98 90 85 83 184 170 156 143 130 119 110 103 98 96 192 178 165 152 141 131 122 116 112 110 201 187 175 163 152 143 135 129 125 124
101 131 42 65 83 115 125 160 187 162 101 98 151 106 88 69 30 82 74 40 111 137 64 79 85 122 130 161 148 131 50 104 89 101 137 60 26 71 49 47 15 23 38 54 71 88 105 122 140 157 0 18 35 52 70 87 104 122 139 156 15 23 38 54 71 88 105 122 140 157 29 34 45 60 75 91 108 125 142 159 43 47 55 68 82 97 113 129 145 162 58 60 67 77 90 104 119 134 150 166 72 74 80 88 99 112 126 140 156 171 86 88 93 100 110 122 134 148 162 177 100 102 106 112 121 132 144 156 170 184 115 116 119 125 133 143 154 166 179 192
103 115 27 63 66 116 108 143 173 145 86 94 136 93 76 57 13 70 67 26 112 122 52 72 68 123 113 144 132 114 36 101 73 87 126 49 9 56 34 30 23 15 23 38 54 71 88 105 122 140 18 0 18 35 52 70 87 104 122 139 23 15 23 38 54 71 88 105 122 140 34 29 34 45 60 75 91 108 125 142 47 43 46 55 67 82 97 112 129 145 60 57 60 67 77 90 104 118 134 150 74 72 73 79 88 99 112 126 140 155 88 86 87 92 100 110 121 134 148 162 102 100 101 105 112 121 131 143 156 170 116 114 115 119 125 133 142 153 165 178
109 100 17 65 50 119 92 126 159 127 72 94 122 83 65 48 8 62 63 18 115 107 44 69 52 126 96 127 116 97 26 100 59 73 115 42 9 42 23 16 38 23 15 23 38 54 71 88 105 122 35 18 0 18 35 52 70 87 104 122 38 23 15 23 38 54 71 88 105 122 45 34 29 34 45 60 75 91 108 125 55 46 43 46 55 67 81 97 112 129 67 60 57 60 67 77 90 104 118 134 80 73 71 73 79 88 99 112 126 140 93 87 85 87 92 99 109 121 134 148 106 101 99 101 105 112 121 131 143 156 119 115 114 115 118 124 132 142 153 165
116 85 22 72 35 125 76 108 145 110 61 97 110 75 58 44 24 58 64 25 121 93 43 71 36 131 80 109 100 81 26 103 47 61 107 42 27 33 23 14 54 38 23 15 23 38 54 71 88 105 52 35 18 0 18 35 52 70 87 104 54 38 23 15 23 38 54 71 88 105 60 45 34 29 33 45 59 75 91 108 68 55 46 43 46 55 67 81 97 112 77 67 60 57 59 66 77 89 103 118 88 79 73 71 73 79 88 99 112 125 100 92 87 85 87 91 99 109 121 134 112 105 101 99 100 105 111 120 131 143 125 119 115 113 114 118 124 132 141 152
126 71 36 82 24 133 60 91 133 93 52 102 98 70 56 47 41 59 70 39 130 81 48 76 24 138 64 92 86 64 36 108 39 53 101 48 44 31 33 27 71 54 38 23 15 23 38 54 71 88 70 52 35 18 0 18 35 52 70 87 71 54 38 23 15 23 38 54 71 88 75 60 45 33 29 33 45 59 75 91 82 67 55 46 43 46 55 67 81 96 90 77 67 59 57 59 66 77 89 103 99 88 79 73 71 73 78 87 99 111 110 100 92 87 85 86 91 99 109 120 121 112 105 100 99 100 104 111 120 130 133 125 118 114 113 114 117 123 131 141
137 59 52 94 23 143 46 74 121 76 48 110 89 70 59 56 58 65 79 54 139 70 58 85 21 146 49 75 72 49 50 116 38 49 97 59 61 38 48 44 88 71 54 38 23 14 23 38 54 71 87 70 52 35 18 0 18 35 52 70 88 71 54 38 23 14 23 38 54 71 91 75 60 45 33 28 33 45 59 75 97 82 67 55 46 42 46 55 67 81 104 90 77 66 59 56 59 66 76 89 112 99 88 79 73 70 72 78 87 98 122 110 99 91 86 84 86 91 98 108 132 121 112 105 100 98 99 104 110 119 143 133 124 118 114 112 113 117 123 131
149 51 68 108 33 153 35 57 112 59 51 120 82 74 66 68 76 74 90 71 150 63 71 96 30 157 36 58 60 35 65 126 45 51 97 73 79 51 64 60 105 88 71 54 38 23 14 23 38 54 104 87 70 52 35 18 0 18 35 52 105 88 71 54 38 23 14 23 38 54 108 91 75 59 45 33 28 33 45 59 113 97 81 67 55 46 42 46 54 67 119 104 90 77 66 59 56 59 66 76 126 112 99 88 78 72 70 72 78 87 134 121 109 99 91 86 84 85 90 98 144 131 121 111 104 99 98 99 103 110 154 142 132 124 117 113 112 113 116 122
162 48 85 123 47 165 30 39 104 42 59 132 79 81 77 81 93 86 103 88 163 60 86 109 44 168 29 41 52 26 82 137 56 59 100 88 96 65 80 78 122 105 88 71 54 38 23 14 23 38 122 104 87 70 52 35 18 0 18 35 122 105 88 71 54 38 23 14 23 38 125 108 91 75 59 45 33 28 33 45 129 112 97 81 67 55 46 42 45 54 134 118 104 89 77 66 59 56 58 65 140 126 112 99 87 78 72 70 72 77 148 134 121 109 99 91 85 83 85 90 156 143 131 120 111 104 99 97 99 103 166 153 142 132 123 117 113 111 112 116
176 50 102 138 63 178 35 22 98 26 70 144 79 92 90 97 110 100 117 105 176 62 101 123 60 180 31 25 49 27 98 149 70 70 105 103 113 81 97 95 140 122 105 88 71 54 38 23 14 23 139 122 104 87 70 52 35 18 0 18 140 122 105 88 71 54 38 23 14 23 142 125 108 91 75 59 45 33 28 33 145 129 112 97 81 67 54 45 42 45 150 134 118 103 89 76 66 58 55 58 156 140 126 112 99 87 78 72 69 71 162 148 134 121 109 98 90 85 83 85 170 156 143 131 120 110 103 99 97 98 179 165 153 141 131 123 116 112 110 112
190 58 119 153 80 192 46 6 96 14 83 158 83 104 104 112 127 114 132 122 189 69 117 137 77 193 41 13 52 37 115 163 85 83 113 120 131 97 114 112 157 140 122 105 88 71 54 38 23 14 156 139 122 104 87 70 52 35 18 0 157 140 122 105 88 71 54 38 23 14 159 142 125 108 91 75 59 45 33 28 162 145 129 112 96 81 67 54 45 42 166 150 134 118 103 89 76 65 58 55 171 155 140 125 111 98 87 77 71 69 177 162 148 134 120 108 98 90 85 83 184 170 156 143 130 119 110 103 98 96 192 178 165 152 141 131 122 116 112 110
87 127 39 51 80 101 123 161 181 163 95 85 144 97 80 61 35 72 63 36 97 132 55 67 83 108 127 161 144 129 45 90 84 95 128 51 30 66 45 45 29 34 45 60 75 91 108 125 142 159 15 23 38 54 71 88 105 122 140 157 0 18 35 52 70 87 104 122 139 156 15 23 38 54 71 88 105 122 140 157 29 34 45 60 75 91 108 125 142 159 43 47 55 68 82 97 113 129 145 162 58 60 67 77 90 104 119 134 150 166 72 74 80 88 99 112 126 140 156 171 86 88 93 100 110 122 134 148 162 177 100 102 106 112 121 132 144 156 170 184
90 110 21 49 63 102 105 143 165 146 79 80 128 83 66 47 23 59 54 19 98 115 41 59 65 109 110 143 127 112 28 86 67 80 115 38 17 49 28 28 34 29 34 45 60 75 91 108 125 142 23 15 23 38 54 71 88 105 122 140 18 0 18 35 52 70 87 104 122 139 23 15 23 38 54 71 88 105 122 140 34 29 34 45 60 75 91 108 125 142 47 43 46 55 67 82 97 112 129 145 60 57 60 67 77 90 104 118 134 150 74 72 73 79 88 99 112 126 140 155 88 86 87 92 100 110 121 134 148 162 102 100 101 105 112 121 131 143 156 170
96 94 4 52 46 106 88 126 151 129 64 80 114 71 54 35 21 49 49 4 102 100 31 55 48 112 93 126 110 95 14 86 51 64 104 28 17 33 12 11 45 34 29 34 45 60 75 91 108 125 38 23 15 23 38 54 71 88 105 122 35 18 0 18 35 52 70 87 104 122 38 23 15 23 38 54 71 88 105 122 45 34 29 34 45 60 75 91 108 125 55 46 43 46 55 67 81 97 112 129 67 60 57 60 67 77 90 104 118 134 80 73 71 73 79 88 99 112 126 140 93 87 85 87 92 99 109 121 134 148 106 101 99 101 105 112 121 131 143 156
104 78 15 61 29 112 71 109 136 113 50 83 100 62 45 30 31 44 50 17 109 85 29 57 31 117 76 109 94 77 13 89 37 51 94 28 30 20 11 8 60 45 34 29 33 45 59 75 91 108 54 38 23 15 23 38 54 71 88 105 52 35 18 0 18 35 52 70 87 104 54 38 23 15 23 38 54 71 88 105 60 45 34 29 33 45 59 75 91 108 68 55 46 43 46 55 67 81 97 112 77 67 60 57 59 66 77 89 103 118 88 79 73 71 73 79 88 99 112 125 100 92 87 85 87 91 99 109 121 134 112 105 101 99 100 105 111 120 131 143
115 63 32 72 13 121 55 92 123 96 39 89 87 57 42 34 45 45 57 34 118 71 36 64 14 125 59 91 78 60 28 96 26 40 88 37 46 17 26 25 75 60 45 33 29 33 45 59 75 91 71 54 38 23 15 23 38 54 71 88 70 52 35 18 0 18 35 52 70 87 71 54 38 23 15 23 38 54 71 88 75 60 45 33 29 33 45 59 75 91 82 67 55 46 43 46 55 67 81 96 90 77 67 59 57 59 66 77 89 103 99 88 79 73 71 73 78 87 99 111 110 100 92 87 85 86 91 99 109 120 121 112 105 100 99 100 104 111 120 130
127 49 49 86 11 132 38 74 111 79 34 99 77 56 46 45 61 53 68 52 129 59 49 74 8 135 42 74 63 43 45 104 25 35 84 51 63 29 43 42 91 75 60 45 33 28 33 45 59 75 88 71 54 38 23 14 23 38 54 71 87 70 52 35 18 0 18 35 52 70 88 71 54 38 23 14 23 38 54 71 91 75 60 45 33 28 33 45 59 75 97 82 67 55 46 42 46 55 67 81 104 90 77 66 59 56 59 66 76 89 112 99 88 79 73 70 72 78 87 98 122 110 99 91 86 84 86 91 98 108 132 121 112 105 100 98 99 104 110 119
140 38 66 101 26 143 24 57 100 63 38 110 69 61 55 60 78 64 81 69 141 50 64 87 23 146 27 57 50 27 62 115 34 38 83 66 80 44 61 60 108 91 75 59 45 33 28 33 45 59 105 88 71 54 38 23 14 23 38 54 104 87 70 52 35 18 0 18 35 52 105 88 71 54 38 23 14 23 38 54 108 91 75 59 45 33 28 33 45 59 113 97 81 67 55 46 42 46 54 67 119 104 90 77 66 59 56 59 66 76 126 112 99 88 78 72 70 72 78 87 134 121 109 99 91 86 84 85 90 98 144 131 121 111 104 99 98 99 103 110
154 34 84 116 43 156 16 40 91 48 48 122 65 70 68 75 95 78 95 86 154 47 80 100 40 158 15 40 40 13 79 127 48 48 86 82 97 60 78 77 125 108 91 75 59 45 33 28 33 45 122 105 88 71 54 38 23 14 23 38 122 104 87 70 52 35 18 0 18 35 122 105 88 71 54 38 23 14 23 38 125 108 91 75 59 45 33 28 33 45 129 112 97 81 67 55 46 42 45 54 134 118 104 89 77 66 59 56 58 65 140 126 112 99 87 78 72 70 72 77 148 134 121 109 99 91 85 83 85 90 156 143 131 120 111 104 99 97 99 103
168 38 101 132 60 170 24 24 85 35 61 136 65 82 82 91 112 92 111 104 167 49 96 115 57 171 19 22 35 15 96 141 64 61 93 99 114 77 95 94 142 125 108 91 75 59 45 33 28 33 140 122 105 88 71 54 38 23 14 23 139 122 104 87 70 52 35 18 0 18 140 122 105 88 71 54 38 23 14 23 142 125 108 91 75 59 45 33 28 33 145 129 112 97 81 67 54 45 42 45 150 134 118 103 89 76 66 58 55 58 156 140 126 112 99 87 78 72 69 71 162 148 134 121 109 98 90 85 83 85 170 156 143 131 120 110 103 99 97 98
184 48 118 148 77 184 39 11 82 27 76 150 70 95 97 108 129 108 126 121 182 57 113 131 75 185 33 5 39 30 113 155 80 76 102 116 131 94 112 111 159 142 125 108 91 75 59 45 33 28 157 140 122 105 88 71 54 38 23 14 156 139 122 104 87 70 52 35 18 0 157 140 122 105 88 71 54 38 23 14 159 142 125 108 91 75 59 45 33 28 162 145 129 112 96 81 67 54 45 42 166 150 134 118 103 89 76 65 58 55 171 155 140 125 111 98 87 77 71 69 177 162 148 134 120 108 98 90 85 83 184 170 156 143 130 119 110 103 98 96
72 124 40 38 80 86 121 162 175 166 91 71 138 89 74 55 45 65 53 38 82 127 50 56 83 94 126 161 141 129 44 77 81 91 119 46 38 64 45 49 43 47 55 68 82 97 113 129 145 162 29 34 45 60 75 91 108 125 142 159 15 23 38 54 71 88 105 122 140 157 0 18 35 52 70 87 104 122 139 156 15 23 38 54 71 88 105 122 140 157 29 34 45 60 75 91 108 125 142 159 43 47 55 68 82 97 113 129 145 162 58 60 67 77 90 104 119 134 150 166 72 74 80 88 99 112 126 140 156 171 86 88 93 100 110 122 134 148 162 177
76 106 25 34 63 88 104 145 159 150 74 66 122 75 58 39 36 50 41 22 84 111 33 46 66 95 109 144 124 111 27 72 64 74 105 29 30 47 28 33 47 43 46 55 67 82 97 112 129 145 34 29 34 45 60 75 91 108 125 142 23 15 23 38 54 71 88 105 122 140 18 0 18 35 52 70 87 104 122 139 23 15 23 38 54 71 88 105 122 140 34 29 34 45 60 75 91 108 125 142 47 43 46 55 67 82 97 112 129 145 60 57 60 67 77 90 104 118 134 150 74 72 73 79 88 99 112 126 140 155 88 86 87 92 100 110 121 134 148 162
83 90 13 39 46 93 87 128 143 133 57 66 106 61 43 24 35 37 35 11 89 94 19 41 48 98 92 127 107 94 10 72 47 58 93 15 30 29 13 20 55 46 43 46 55 67 81 97 112 129 45 34 29 34 45 60 75 91 108 125 38 23 15 23 38 54 71 88 105 122 35 18 0 18 35 52 70 87 104 122 38 23 15 23 38 54 71 88 105 122 45 34 29 34 45 60 75 91 108 125 55 46 43 46 55 67 81 97 112 129 67 60 57 60 67 77 90 104 118 134 80 73 71 73 79 88 99 112 126 140 93 87 85 87 92 99 109 121 134 148
93 73 19 50 29 100 70 111 128 117 42 70 92 50 32 16 41 30 37 20 97 78 15 44 32 105 75 110 90 77 10 76 30 42 82 15 39 12 11 19 68 55 46 43 46 55 67 81 97 112 60 45 34 29 33 45 59 75 91 108 54 38 23 15 23 38 54 71 88 105 52 35 18 0 18 35 52 70 87 104 54 38 23 15 23 38 54 71 88 105 60 45 34 29 33 45 59 75 91 108 68 55 46 43 46 55 67 81 97 112 77 67 60 57 59 66 77 89 103 118 88 79 73 71 73 79 88 99 112 125 100 92 87 85 87 91 99 109 121 134
105 56 34 64 13 110 52 94 114 101 28 77 78 43 28 23 53 32 46 36 107 63 27 52 16 113 57 93 73 59 27 83 15 29 74 29 52 7 27 30 82 67 55 46 43 46 55 67 81 96 75 60 45 33 29 33 45 59 75 91 71 54 38 23 15 23 38 54 71 88 70 52 35 18 0 18 35 52 70 87 71 54 38 23 15 23 38 54 71 88 75 60 45 33 29 33 45 59 75 91 82 67 55 46 43 46 55 67 81 96 90 77 67 59 57 59 66 77 89 103 99 88 79 73 71 73 78 87 99 111 110 100 92 87 85 86 91 99 109 120
118 41 51 79 10 121 35 77 101 85 21 88 66 43 33 38 67 42 59 53 118 49 42 64 10 124 40 76 57 42 44 93 12 21 70 45 67 24 44 45 97 82 67 55 46 42 46 55 67 81 91 75 60 45 33 28 33 45 59 75 88 71 54 38 23 14 23 38 54 71 87 70 52 35 18 0 18 35 52 70 88 71 54 38 23 14 23 38 54 71 91 75 60 45 33 28 33 45 59 75 97 82 67 55 46 42 46 55 67 81 104 90 77 66 59 56 59 66 76 89 112 99 88 79 73 70 72 78 87 98 122 110 99 91 86 84 86 91 98 108
132 27 67 95 26 134 18 61 89 70 26 100 56 49 46 54 83 55 73 70 131 38 59 78 24 136 23 59 41 25 61 105 26 26 69 62 83 41 61 62 113 97 81 67 55 46 42 46 54 67 108 91 75 59 45 33 28 33 45 59 105 88 71 54 38 23 14 23 38 54 104 87 70 52 35 18 0 18 35 52 105 88 71 54 38 23 14 23 38 54 108 91 75 59 45 33 28 33 45 59 113 97 81 67 55 46 42 46 54 67 119 104 90 77 66 59 56 59 66 76 126 112 99 88 78 72 70 72 78 87 134 121 109 99 91 86 84 85 90 98
147 20 84 111 43 148 2 46 79 57 39 114 51 60 60 71 99 71 89 87 145 33 76 94 41 149 5 42 28 8 78 118 43 39 73 79 100 58 78 79 129 112 97 81 67 55 46 42 45 54 125 108 91 75 59 45 33 28 33 45 122 105 88 71 54 38 23 14 23 38 122 104 87 70 52 35 18 0 18 35 122 105 88 71 54 38 23 14 23 38 125 108 91 75 59 45 33 28 33 45 129 112 97 81 67 55 46 42 45 54 134 118 104 89 77 66 59 56 58 65 140 126 112 99 87 78 72 70 72 77 148 134 121 109 99 91 85 83 85 90
162 26 102 128 60 162 18 32 72 46 55 128 52 73 76 88 115 87 105 104 160 36 93 109 58 163 13 27 21 11 96 133 60 55 81 96 117 76 95 96 145 129 112 97 81 67 54 45 42 45 142 125 108 91 75 59 45 33 28 33 140 122 105 88 71 54 38 23 14 23 139 122 104 87 70 52 35 18 0 18 140 122 105 88 71 54 38 23 14 23 142 125 108 91 75 59 45 33 28 33 145 129 112 97 81 67 54 45 42 45 150 134 118 103 89 76 66 58 55 58 156 140 126 112 99 87 78 72 69 71 162 148 134 121 109 98 90 85 83 85
178 40 119 145 77 177 35 24 69 41 71 143 58 88 92 105 132 103 122 121 175 47 110 126 75 177 30 16 27 28 113 148 77 71 91 113 133 93 112 113 162 145 129 112 96 81 67 54 45 42 159 142 125 108 91 75 59 45 33 28 157 140 122 105 88 71 54 38 23 14 156 139 122 104 87 70 52 35 18 0 157 140 122 105 88 71 54 38 23 14 159 142 125 108 91 75 59 45 33 28 162 145 129 112 96 81 67 54 45 42 166 150 134 118 103 89 76 65 58 55 171 155 140 125 111 98 87 77 71 69 177 162 148 134 120 108 98 90 85 83
58 122 47 26 83 72 122 165 169 170 89 58 133 84 70 53 57 60 45 44 68 124 47 46 85 80 127 163 139 130 48 63 80 89 111 44 50 65 50 55 58 60 67 77 90 104 119 134 150 166 43 47 55 68 82 97 113 129 145 162 29 34 45 60 75 91 108 125 142 159 15 23 38 54 71 88 105 122 140 157 0 18 35 52 70 87 104 122 139 156 15 23 38 54 71 88 105 122 140 157 29 34 45 60 75 91 108 125 142 159 43 47 55 68 82 97 113 129 145 162 58 60 67 77 90 104 119 134 150 166 72 74 80 88 99 112 126 140 156 171
63 105 34 20 66 74 105 148 153 154 71 52 117 68 53 36 50 43 30 31 70 107 30 34 69 80 110 146 122 113 33 58 63 72 97 27 43 48 35 42 60 57 60 67 77 90 104 118 134 150 47 43 46 55 67 82 97 112 129 145 34 29 34 45 60 75 91 108 125 142 23 15 23 38 54 71 88 105 122 140 18 0 18 35 52 70 87 104 122 139 23 15 23 38 54 71 88 105 122 140 34 29 34 45 60 75 91 108 125 142 47 43 46 55 67 82 97 112 129 145 60 57 60 67 77 90 104 118 134 150 74 72 73 79 88 99 112 126 140 155
71 88 27 28 50 80 88 131 137 138 54 52 101 52 36 19 49 28 21 25 76 90 13 27 53 85 93 129 105 96 21 58 46 55 83 10 43 32 24 33 67 60 57 60 67 77 90 104 118 134 55 46 43 46 55 67 81 97 112 129 45 34 29 34 45 60 75 91 108 125 38 23 15 23 38 54 71 88 105 122 35 18 0 18 35 52 70 87 104 122 38 23 15 23 38 54 71 88 105 122 45 34 29 34 45 60 75 91 108 125 55 46 43 46 55 67 81 97 112 129 67 60 57 60 67 77 90 104 118 134 80 73 71 73 79 88 99 112 126 140
82 70 30 42 35 88 71 115 121 122 37 57 85 39 21 2 53 16 24 30 85 73 5 31 38 92 76 113 88 79 21 63 29 37 71 9 50 17 23 32 77 67 60 57 59 66 77 89 103 118 68 55 46 43 46 55 67 81 97 112 60 45 34 29 33 45 59 75 91 108 54 38 23 15 23 38 54 71 88 105 52 35 18 0 18 35 52 70 87 104 54 38 23 15 23 38 54 71 88 105 60 45 34 29 33 45 59 75 91 108 68 55 46 43 46 55 67 81 97 112 77 67 60 57 59 66 77 89 103 118 88 79 73 71 73 79 88 99 112 125
95 53 41 58 23 99 54 99 106 107 20 66 69 29 14 17 63 20 37 42 96 57 23 42 26 102 59 96 70 62 32 72 12 21 62 26 61 14 34 40 90 77 67 59 57 59 66 77 89 103 82 67 55 46 43 46 55 67 81 96 75 60 45 33 29 33 45 59 75 91 71 54 38 23 15 23 38 54 71 88 70 52 35 18 0 18 35 52 70 87 71 54 38 23 15 23 38 54 71 88 75 60 45 33 29 33 45 59 75 91 82 67 55 46 43 46 55 67 81 96 90 77 67 59 57 59 66 77 89 103 99 88 79 73 71 73 78 87 99 111
110 36 56 74 22 112 37 83 92 92 7 78 56 29 23 34 75 34 52 57 109 41 40 57 23 114 42 80 53 45 47 83 9 7 56 44 74 27 48 52 104 90 77 66 59 56 59 66 76 89 97 82 67 55 46 42 46 55 67 81 91 75 60 45 33 28 33 45 59 75 88 71 54 38 23 14 23 38 54 71 87 70 52 35 18 0 18 35 52 70 88 71 54 38 23 14 23 38 54 71 91 75 60 45 33 28 33 45 59 75 97 82 67 55 46 42 46 55 67 81 104 90 77 66 59 56 59 66 76 89 112 99 88 79 73 70 72 78 87 98
125 19 71 91 32 126 21 68 79 79 18 92 44 38 39 52 89 50 68 73 123 27 57 72 32 127 27 64 36 30 64 96 25 17 56 61 89 43 64 67 119 104 90 77 66 59 56 59 66 76 113 97 81 67 55 46 42 46 54 67 108 91 75 59 45 33 28 33 45 59 105 88 71 54 38 23 14 23 38 54 104 87 70 52 35 18 0 18 35 52 105 88 71 54 38 23 14 23 38 54 108 91 75 59 45 33 28 33 45 59 113 97 81 67 55 46 42 46 54 67 119 104 90 77 66 59 56 59 66 76 126 112 99 88 78 72 70 72 78 87
140 6 88 108 47 140 12 54 67 67 34 106 37 51 55 69 104 66 85 90 138 19 75 89 45 141 15 49 20 19 80 111 42 34 60 78 105 60 80 83 134 118 104 89 77 66 59 56 58 65 129 112 97 81 67 55 46 42 45 54 125 108 91 75 59 45 33 28 33 45 122 105 88 71 54 38 23 14 23 38 122 104 87 70 52 35 18 0 18 35 122 105 88 71 54 38 23 14 23 38 125 108 91 75 59 45 33 28 33 45 129 112 97 81 67 55 46 42 45 54 134 118 104 89 77 66 59 56 58 65 140 126 112 99 87 78 72 70 72 77
156 18 104 125 63 155 22 43 59 58 51 122 38 66 72 86 120 83 102 106 153 25 92 105 61 155 19 37 8 20 97 126 59 51 69 96 121 77 97 99 150 134 118 103 89 76 66 58 55 58 145 129 112 97 81 67 54 45 42 45 142 125 108 91 75 59 45 33 28 33 140 122 105 88 71 54 38 23 14 23 139 122 104 87 70 52 35 18 0 18 140 122 105 88 71 54 38 23 14 23 142 125 108 91 75 59 45 33 28 33 145 129 112 97 81 67 54 45 42 45 150 134 118 103 89 76 66 58 55 58 156 140 126 112 99 87 78 72 69 71
172 35 121 142 79 171 37 38 55 54 69 138 46 82 89 104 136 100 119 123 169 39 109 122 78 171 33 30 19 33 114 141 77 68 81 113 137 94 114 116 166 150 134 118 103 89 76 65 58 55 162 145 129 112 96 81 67 54 45 42 159 142 125 108 91 75 59 45 33 28 157 140 122 105 88 71 54 38 23 14 156 139 122 104 87 70 52 35 18 0 157 140 122 105 88 71 54 38 23 14 159 142 125 108 91 75 59 45 33 28 162 145 129 112 96 81 67 54 45 42 166 150 134 118 103 89 76 65 58 55 171 155 140 125 111 98 87 77 71 69
44 122 56 17 87 58 124 168 165 175 89 47 130 80 68 55 69 58 40 53 54 123 50 40 90 65 130 166 139 132 55 51 82 89 105 47 63 69 57 64 72 74 80 88 99 112 126 140 156 171 58 60 67 77 90 104 119 134 150 166 43 47 55 68 82 97 113 129 145 162 29 34 45 60 75 91 108 125 142 159 15 23 38 54 71 88 105 122 140 157 0 18 35 52 70 87 104 122 139 156 15 23 38 54 71 88 105 122 140 157 29 34 45 60 75 91 108 125 142 159 43 47 55 68 82 97 113 129 145 162 58 60 67 77 90 104 119 134 150 166
50 105 46 6 72 60 107 152 149 159 71 39 113 63 51 38 64 40 23 43 56 106 33 24 75 66 113 150 122 116 42 44 66 72 89 31 57 54 45 54 74 72 73 79 88 99 112 126 140 155 60 57 60 67 77 90 104 118 134 150 47 43 46 55 67 82 97 112 129 145 34 29 34 45 60 75 91 108 125 142 23 15 23 38 54 71 88 105 122 140 18 0 18 35 52 70 87 104 122 139 23 15 23 38 54 71 88 105 122 140 34 29 34 45 60 75 91 108 125 142 47 43 46 55 67 82 97 112 129 145 60 57 60 67 77 90 104 118 134 150
60 88 41 20 57 67 91 136 132 144 54 38 96 46 34 23 63 23 8 39 63 88 19 13 60 72 96 133 105 99 34 44 49 55 74 19 57 39 38 47 80 73 71 73 79 88 99 112 126 140 67 60 57 60 67 77 90 104 118 134 55 46 43 46 55 67 81 97 112 129 45 34 29 34 45 60 75 91 108 125 38 23 15 23 38 54 71 88 105 122 35 18 0 18 35 52 70 87 104 122 38 23 15 23 38 54 71 88 105 122 45 34 29 34 45 60 75 91 108 125 55 46 43 46 55 67 81 97 112 129 67 60 57 60 67 77 90 104 118 134
73 71 43 37 45 77 74 120 116 129 37 44 80 30 16 13 66 6 15 43 74 71 16 20 47 81 80 117 88 83 34 50 34 38 61 19 62 29 37 46 88 79 73 71 73 79 88 99 112 125 77 67 60 57 59 66 77 89 103 118 68 55 46 43 46 55 67 81 97 112 60 45 34 29 33 45 59 75 91 108 54 38 23 15 23 38 54 71 88 105 52 35 18 0 18 35 52 70 87 104 54 38 23 15 23 38 54 71 88 105 60 45 34 29 33 45 59 75 91 108 68 55 46 43 46 55 67 81 97 112 77 67 60 57 59 66 77 89 103 118
88 53 52 54 36 90 58 105 100 114 21 56 63 17 2 21 74 13 31 52 87 54 27 35 39 92 64 101 70 67 42 61 22 21 49 31 71 27 44 52 99 88 79 73 71 73 78 87 99 111 90 77 67 59 57 59 66 77 89 103 82 67 55 46 43 46 55 67 81 96 75 60 45 33 29 33 45 59 75 91 71 54 38 23 15 23 38 54 71 88 70 52 35 18 0 18 35 52 70 87 71 54 38 23 15 23 38 54 71 88 75 60 45 33 29 33 45 59 75 91 82 67 55 46 43 46 55 67 81 96 90 77 67 59 57 59 66 77 89 103
103 36 64 72 36 103 44 90 84 101 8 70 47 16 19 37 85 30 48 64 101 37 42 51 37 105 49 86 53 52 54 74 20 8 42 46 83 35 56 62 112 99 88 79 73 70 72 78 87 98 104 90 77 66 59 56 59 66 76 89 97 82 67 55 46 42 46 55 67 81 91 75 60 45 33 28 33 45 59 75 88 71 54 38 23 14 23 38 54 71 87 70 52 35 18 0 18 35 52 70 88 71 54 38 23 14 23 38 54 71 91 75 60 45 33 28 33 45 59 75 97 82 67 55 46 42 46 55 67 81 104 90 77 66 59 56 59 66 76 89
119 20 78 89 43 118 31 76 70 89 18 85 33 29 37 53 97 47 65 79 116 20 59 68 43 119 36 71 36 40 69 89 31 18 42 63 96 49 70 75 126 112 99 88 78 72 70 72 78 87 119 104 90 77 66 59 56 59 66 76 113 97 81 67 55 46 42 46 54 67 108 91 75 59 45 33 28 33 45 59 105 88 71 54 38 23 14 23 38 54 104 87 70 52 35 18 0 18 35 52 105 88 71 54 38 23 14 23 38 54 108 91 75 59 45 33 28 33 45 59 113 97 81 67 55 46 42 46 54 67 119 104 90 77 66 59 56 59 66 76
135 9 93 106 54 134 26 64 57 79 35 101 24 45 54 70 111 65 83 94 132 5 76 85 54 134 29 58 19 32 85 104 46 34 48 80 111 64 85 89 140 126 112 99 87 78 72 70 72 77 134 118 104 89 77 66 59 56 58 65 129 112 97 81 67 55 46 42 45 54 125 108 91 75 59 45 33 28 33 45 122 105 88 71 54 38 23 14 23 38 122 104 87 70 52 35 18 0 18 35 122 105 88 71 54 38 23 14 23 38 125 108 91 75 59 45 33 28 33 45 129 112 97 81 67 55 46 42 45 54 134 118 104 89 77 66 59 56 58 65
152 19 109 123 69 149 32 56 46 71 52 117 25 62 71 87 126 82 100 110 148 17 93 103 67 149 31 48 7 33 101 120 62 51 59 97 126 80 101 104 156 140 126 112 99 87 78 72 69 71 150 134 118 103 89 76 66 58 55 58 145 129 112 97 81 67 54 45 42 45 142 125 108 91 75 59 45 33 28 33 140 122 105 88 71 54 38 23 14 23 139 122 104 87 70 52 35 18 0 18 140 122 105 88 71 54 38 23 14 23 142 125 108 91 75 59 45 33 28 33 145 129 112 97 81 67 54 45 42 45 150 134 118 103 89 76 66 58 55 58
168 36 125 141 84 165 44 51 41 68 69 133 36 79 88 104 141 99 117 127 164 34 110 120 83 165 41 43 19 42 117 137 79 68 73 114 142 96 118 120 171 155 140 125 111 98 87 77 71 69 166 150 134 118 103 89 76 65 58 55 162 145 129 112 96 81 67 54 45 42 159 142 125 108 91 75 59 45 33 28 157 140 122 105 88 71 54 38 23 14 156 139 122 104 87 70 52 35 18 0 157 140 122 105 88 71 54 38 23 14 159 142 125 108 91 75 59 45 33 28 162 145 129 112 96 81 67 54 45 42 166 150 134 118 103 89 76 65 58 55
30 124 67 18 94 44 128 173 162 181 91 36 128 79 70 60 82 59 41 64 40 123 55 38 97 51 133 171 141 136 64 39 87 91 100 54 76 76 67 75 86 88 93 100 110 122 134 148 162 177 72 74 80 88 99 112 126 140 156 171 58 60 67 77 90 104 119 134 150 166 43 47 55 68 82 97 113 129 145 162 29 34 45 60 75 91 108 125 142 159 15 23 38 54 71 88 105 122 140 157 0 18 35 52 70 87 104 122 139 156 15 23 38 54 71 88 105 122 140 157 29 34 45 60 75 91 108 125 142 159 43 47 55 68 82 97 113 129 145 162
38 107 59 10 79 47 112 157 145 166 74 25 111 62 53 45 78 42 24 57 43 106 42 20 82 53 117 154 124 120 54 31 71 75 84 41 72 62 57 66 88 86 87 92 100 110 121 134 148 162 74 72 73 79 88 99 112 126 140 155 60 57 60 67 77 90 104 118 134 150 47 43 46 55 67 82 97 112 129 145 34 29 34 45 60 75 91 108 125 142 23 15 23 38 54 71 88 105 122 140 18 0 18 35 52 70 87 104 122 139 23 15 23 38 54 71 88 105 122 140 34 29 34 45 60 75 91 108 125 142 47 43 46 55 67 82 97 112 129 145
51 90 55 21 67 55 96 142 128 151 58 24 94 44 37 33 77 26 10 53 52 89 31 4 70 59 101 138 107 104 48 30 56 58 68 32 71 50 51 61 93 87 85 87 92 99 109 121 134 148 80 73 71 73 79 88 99 112 126 140 67 60 57 60 67 77 90 104 118 134 55 46 43 46 55 67 81 97 112 129 45 34 29 34 45 60 75 91 108 125 38 23 15 23 38 54 71 88 105 122 35 18 0 18 35 52 70 87 104 122 38 23 15 23 38 54 71 88 105 122 45 34 29 34 45 60 75 91 108 125 55 46 43 46 55 67 81 97 112 129
66 74 57 38 56 67 80 127 112 137 43 33 77 27 22 27 80 15 16 56 65 72 29 15 59 70 86 123 90 89 48 39 43 43 52 32 75 42 51 60 100 92 87 85 87 91 99 109 121 134 88 79 73 71 73 79 88 99 112 125 77 67 60 57 59 66 77 89 103 118 68 55 46 43 46 55 67 81 97 112 60 45 34 29 33 45 59 75 91 108 54 38 23 15 23 38 54 71 88 105 52 35 18 0 18 35 52 70 87 104 54 38 23 15 23 38 54 71 88 105 60 45 34 29 33 45 59 75 91 108 68 55 46 43 46 55 67 81 97 112
82 57 63 55 50 81 66 112 95 123 29 48 60 10 15 32 86 18 32 63 79 54 36 33 52 82 71 108 73 74 54 52 35 29 39 40 83 41 56 64 110 100 92 87 85 86 91 99 109 120 99 88 79 73 71 73 78 87 99 111 90 77 67 59 57 59 66 77 89 103 82 67 55 46 43 46 55 67 81 96 75 60 45 33 29 33 45 59 75 91 71 54 38 23 15 23 38 54 71 88 70 52 35 18 0 18 35 52 70 87 71 54 38 23 15 23 38 54 71 88 75 60 45 33 29 33 45 59 75 91 82 67 55 46 43 46 55 67 81 96
98 42 73 72 49 96 53 98 78 111 22 63 43 8 24 44 96 33 49 74 95 38 49 50 51 97 58 93 57 62 64 67 34 22 29 53 93 47 66 73 122 110 99 91 86 84 86 91 98 108 112 99 88 79 73 70 72 78 87 98 104 90 77 66 59 56 59 66 76 89 97 82 67 55 46 42 46 55 67 81 91 75 60 45 33 28 33 45 59 75 88 71 54 38 23 14 23 38 54 71 87 70 52 35 18 0 18 35 52 70 88 71 54 38 23 14 23 38 54 71 91 75 60 45 33 28 33 45 59 75 97 82 67 55 46 42 46 55 67 81
115 29 86 89 55 112 44 86 63 100 28 80 26 26 39 58 107 49 66 87 111 21 64 67 55 112 48 80 41 51 77 83 41 27 28 68 105 57 78 84 134 121 109 99 91 86 84 85 90 98 126 112 99 88 78 72 70 72 78 87 119 104 90 77 66 59 56 59 66 76 113 97 81 67 55 46 42 46 54 67 108 91 75 59 45 33 28 33 45 59 105 88 71 54 38 23 14 23 38 54 104 87 70 52 35 18 0 18 35 52 105 88 71 54 38 23 14 23 38 54 108 91 75 59 45 33 28 33 45 59 113 97 81 67 55 46 42 46 54 67
132 23 100 106 64 128 40 76 48 91 40 96 11 43 56 74 120 66 83 101 127 10 80 85 64 127 42 69 27 46 91 99 53 40 37 84 119 71 92 97 148 134 121 109 99 91 85 83 85 90 140 126 112 99 87 78 72 70 72 77 134 118 104 89 77 66 59 56 58 65 129 112 97 81 67 55 46 42 45 54 125 108 91 75 59 45 33 28 33 45 122 105 88 71 54 38 23 14 23 38 122 104 87 70 52 35 18 0 18 35 122 105 88 71 54 38 23 14 23 38 125 108 91 75 59 45 33 28 33 45 129 112 97 81 67 55 46 42 45 54
148 28 114 124 77 145 44 69 35 84 56 113 14 60 73 90 133 83 100 116 143 19 96 102 76 143 44 61 21 46 106 116 67 55 51 100 133 85 107 111 162 148 134 121 109 98 90 85 83 85 156 140 126 112 99 87 78 72 69 71 150 134 118 103 89 76 66 58 55 58 145 129 112 97 81 67 54 45 42 45 142 125 108 91 75 59 45 33 28 33 140 122 105 88 71 54 38 23 14 23 139 122 104 87 70 52 35 18 0 18 140 122 105 88 71 54 38 23 14 23 142 125 108 91 75 59 45 33 28 33 145 129 112 97 81 67 54 45 42 45
165 41 130 141 91 161 53 65 28 81 72 130 30 78 90 107 148 100 117 132 160 35 113 119 89 160 51 57 27 53 122 133 83 71 66 117 148 101 122 126 177 162 148 134 120 108 98 90 85 83 171 155 140 125 111 98 87 77 71 69 166 150 134 118 103 89 76 65 58 55 162 145 129 112 96 81 67 54 45 42 159 142 125 108 91 75 59 45 33 28 157 140 122 105 88 71 54 38 23 14 156 139 122 104 87 70 52 35 18 0 157 140 122 105 88 71 54 38 23 14 159 142 125 108 91 75 59 45 33 28 162 145 129 112 96 81 67 54 45 42
17 127 79 28 102 29 133 179 161 188 95 29 128 80 74 67 96 64 46 77 25 125 64 41 105 37 138 176 144 142 76 31 93 96 97 63 89 84 79 87 100 102 106 112 121 132 144 156 170 184 86 88 93 100 110 122 134 148 162 177 72 74 80 88 99 112 126 140 156 171 58 60 67 77 90 104 119 134 150 166 43 47 55 68 82 97 113 129 145 162 29 34 45 60 75 91 108 125 142 159 15 23 38 54 71 88 105 122 140 157 0 18 35 52 70 87 104 122 139 156 15 23 38 54 71 88 105 122 140 157 29 34 45 60 75 91 108 125 142 159
29 111 73 24 89 34 117 164 143 173 80 14 111 63 59 55 92 49 32 70 30 108 52 26 92 39 123 160 127 126 67 18 79 80 80 52 86 72 70 79 102 100 101 105 112 121 131 143 156 170 88 86 87 92 100 110 121 134 148 162 74 72 73 79 88 99 112 126 140 155 60 57 60 67 77 90 104 118 134 150 47 43 46 55 67 82 97 112 129 145 34 29 34 45 60 75 91 108 125 142 23 15 23 38 54 71 88 105 122 140 18 0 18 35 52 70 87 104 122 139 23 15 23 38 54 71 88 105 122 140 34 29 34 45 60 75 91 108 125 142
44 95 69 30 78 45 102 149 126 159 65 11 94 47 45 45 91 36 23 68 42 91 45 17 80 48 108 145 110 111 62 17 65 65 63 46 85 62 65 75 106 101 99 101 105 112 121 131 143 156 93 87 85 87 92 99 109 121 134 148 80 73 71 73 79 88 99 112 126 140 67 60 57 60 67 77 90 104 118 134 55 46 43 46 55 67 81 97 112 129 45 34 29 34 45 60 75 91 108 125 38 23 15 23 38 54 71 88 105 122 35 18 0 18 35 52 70 87 104 122 38 23 15 23 38 54 71 88 105 122 45 34 29 34 45 60 75 91 108 125
61 79 71 43 69 59 88 134 109 145 51 26 76 31 34 41 93 28 26 69 57 75 43 22 71 60 93 130 94 97 62 30 55 51 47 46 89 56 65 74 112 105 101 99 100 105 111 120 131 143 100 92 87 85 87 91 99 109 121 134 88 79 73 71 73 79 88 99 112 125 77 67 60 57 59 66 77 89 103 118 68 55 46 43 46 55 67 81 97 112 60 45 34 29 33 45 59 75 91 108 54 38 23 15 23 38 54 71 88 105 52 35 18 0 18 35 52 70 87 104 54 38 23 15 23 38 54 71 88 105 60 45 34 29 33 45 59 75 91 108
78 64 76 59 64 75 75 121 92 133 41 43 59 18 29 45 99 30 38 75 73 59 48 36 66 75 80 116 78 84 66 46 48 41 30 52 95 55 69 78 121 112 105 100 99 100 104 111 120 130 110 100 92 87 85 86 91 99 109 120 99 88 79 73 71 73 78 87 99 111 90 77 67 59 57 59 66 77 89 103 82 67 55 46 43 46 55 67 81 96 75 60 45 33 29 33 45 59 75 91 71 54 38 23 15 23 38 54 71 88 70 52 35 18 0 18 35 52 70 87 71 54 38 23 15 23 38 54 71 88 75 60 45 33 29 33 45 59 75 91
95 51 84 75 63 91 64 108 75 121 36 60 42 17 35 53 107 40 53 84 90 43 58 52 65 90 69 103 63 72 75 62 47 36 17 62 104 59 77 85 132 121 112 105 100 98 99 104 110 119 122 110 99 91 86 84 86 91 98 108 112 99 88 79 73 70 72 78 87 98 104 90 77 66 59 56 59 66 76 89 97 82 67 55 46 42 46 55 67 81 91 75 60 45 33 28 33 45 59 75 88 71 54 38 23 14 23 38 54 71 87 70 52 35 18 0 18 35 52 70 88 71 54 38 23 14 23 38 54 71 91 75 60 45 33 28 33 45 59 75
112 41 95 92 67 108 57 97 58 111 40 77 25 30 47 66 117 54 69 96 106 30 71 69 68 106 60 91 49 64 86 79 53 39 16 75 115 68 88 94 144 131 121 111 104 99 98 99 103 110 134 121 109 99 91 86 84 85 90 98 126 112 99 88 78 72 70 72 78 87 119 104 90 77 66 59 56 59 66 76 113 97 81 67 55 46 42 46 54 67 108 91 75 59 45 33 28 33 45 59 105 88 71 54 38 23 14 23 38 54 104 87 70 52 35 18 0 18 35 52 105 88 71 54 38 23 14 23 38 54 108 91 75 59 45 33 28 33 45 59
129 36 108 108 75 124 54 88 41 103 49 94 9 45 61 80 129 70 85 109 123 24 86 86 75 123 56 81 39 59 99 96 63 48 29 90 127 79 100 106 156 143 131 120 111 104 99 97 99 103 148 134 121 109 99 91 85 83 85 90 140 126 112 99 87 78 72 70 72 77 134 118 104 89 77 66 59 56 58 65 129 112 97 81 67 55 46 42 45 54 125 108 91 75 59 45 33 28 33 45 122 105 88 71 54 38 23 14 23 38 122 104 87 70 52 35 18 0 18 35 122 105 88 71 54 38 23 14 23 38 125 108 91 75 59 45 33 28 33 45
146 40 122 125 86 141 57 82 25 98 62 111 12 62 77 95 142 86 102 123 140 29 101 103 86 139 57 74 35 60 113 113 75 62 45 105 141 93 114 119 170 156 143 131 120 110 103 99 97 98 162 148 134 121 109 98 90 85 83 85 156 140 126 112 99 87 78 72 69 71 150 134 118 103 89 76 66 58 55 58 145 129 112 97 81 67 54 45 42 45 142 125 108 91 75 59 45 33 28 33 140 122 105 88 71 54 38 23 14 23 139 122 104 87 70 52 35 18 0 18 140 122 105 88 71 54 38 23 14 23 142 125 108 91 75 59 45 33 28 33
164 50 136 142 99 158 64 79 14 95 77 129 29 79 93 111 155 103 119 138 157 41 117 120 98 156 63 71 38 65 128 131 89 76 62 121 155 107 129 133 184 170 156 143 130 119 110 103 98 96 177 162 148 134 120 108 98 90 85 83 171 155 140 125 111 98 87 77 71 69 166 150 134 118 103 89 76 65 58 55 162 145 129 112 96 81 67 54 45 42 159 142 125 108 91 75 59 45 33 28 157 140 122 105 88 71 54 38 23 14 156 139 122 104 87 70 52 35 18 0 157 140 122 105 88 71 54 38 23 14 159 142 125 108 91 75 59 45 33 28
7 132 92 41 111 15 139 186 160 196 102 29 130 84 81 77 109 71 54 90 11 128 74 48 114 23 145 182 148 148 87 27 101 102 97 74 103 94 91 99 115 116 119 125 133 143 154 166 179 192 100 102 106 112 121 132 144 156 170 184 86 88 93 100 110 122 134 148 162 177 72 74 80 88 99 112 126 140 156 171 58 60 67 77 90 104 119 134 150 166 43 47 55 68 82 97 113 129 145 162 29 34 45 60 75 91 108 125 142 159 15 23 38 54 71 88 105 122 140 157 0 18 35 52 70 87 104 122 139 156 15 23 38 54 71 88 105 122 140 157
25 116 86 38 99 23 125 171 143 181 87 13 112 68 67 66 106 58 43 84 20 112 65 37 102 26 130 167 131 133 80 10 88 87 79 65 100 83 83 93 116 114 115 119 125 133 142 153 165 178 102 100 101 105 112 121 131 143 156 170 88 86 87 92 100 110 121 134 148 162 74 72 73 79 88 99 112 126 140 155 60 57 60 67 77 90 104 118 134 150 47 43 46 55 67 82 97 112 129 145 34 29 34 45 60 75 91 108 125 142 23 15 23 38 54 71 88 105 122 140 18 0 18 35 52 70 87 104 122 139 23 15 23 38 54 71 88 105 122 140
42 101 84 42 89 37 110 157 125 168 74 10 95 53 55 58 105 47 37 82 36 96 58 31 92 38 115 152 115 119 76 9 76 73 62 60 100 75 79 89 119 115 114 115 118 124 132 142 153 165 106 101 99 101 105 112 121 131 143 156 93 87 85 87 92 99 109 121 134 148 80 73 71 73 79 88 99 112 126 140 67 60 57 60 67 77 90 104 118 134 55 46 43 46 55 67 81 97 112 129 45 34 29 34 45 60 75 91 108 125 38 23 15 23 38 54 71 88 105 122 35 18 0 18 35 52 70 87 104 122 38 23 15 23 38 54 71 88 105 122
59 86 84 52 82 54 97 143 108 155 62 25 79 40 46 55 107 42 39 83 53 80 57 34 84 53 102 138 100 106 76 26 67 62 45 60 102 70 79 88 125 119 115 113 114 118 124 132 141 152 112 105 101 99 100 105 111 120 131 143 100 92 87 85 87 91 99 109 121 134 88 79 73 71 73 79 88 99 112 125 77 67 60 57 59 66 77 89 103 118 68 55 46 43 46 55 67 81 97 112 60 45 34 29 33 45 59 75 91 108 54 38 23 15 23 38 54 71 88 105 52 35 18 0 18 35 52 70 87 104 54 38 23 15 23 38 54 71 88 105
77 73 89 66 78 71 86 130 91 143 54 42 62 31 43 58 112 43 48 88 70 65 61 44 80 69 90 125 85 94 80 43 62 53 27 64 108 69 82 91 133 125 118 114 113 114 117 123 131 141 121 112 105 100 99 100 104 111 120 130 110 100 92 87 85 86 91 99 109 120 99 88 79 73 71 73 78 87 99 111 90 77 67 59 57 59 66 77 89 103 82 67 55 46 43 46 55 67 81 96 75 60 45 33 29 33 45 59 75 91 71 54 38 23 15 23 38 54 71 88 70 52 35 18 0 18 35 52 70 87 71 54 38 23 15 23 38 54 71 88
94 61 96 80 77 88 76 119 74 132 50 60 46 30 47 65 119 51 60 96 87 52 69 58 79 86 80 113 72 84 87 61 61 50 10 73 116 72 89 97 143 133 124 118 114 112 113 117 123 131 132 121 112 105 100 98 99 104 110 119 122 110 99 91 86 84 86 91 98 108 112 99 88 79 73 70 72 78 87 98 104 90 77 66 59 56 59 66 76 89 97 82 67 55 46 42 46 55 67 81 91 75 60 45 33 28 33 45 59 75 88 71 54 38 23 14 23 38 54 71 87 70 52 35 18 0 18 35 52 70 88 71 54 38 23 14 23 38 54 71
111 53 106 96 80 105 70 109 56 123 53 77 31 39 56 75 128 63 75 106 104 42 80 74 81 102 73 102 60 77 96 78 65 52 8 84 126 80 98 105 154 142 132 124 117 113 112 113 116 122 144 131 121 111 104 99 98 99 103 110 134 121 109 99 91 86 84 85 90 98 126 112 99 88 78 72 70 72 78 87 119 104 90 77 66 59 56 59 66 76 113 97 81 67 55 46 42 46 54 67 108 91 75 59 45 33 28 33 45 59 105 88 71 54 38 23 14 23 38 54 104 87 70 52 35 18 0 18 35 52 105 88 71 54 38 23 14 23 38 54
128 50 117 112 87 122 68 100 39 116 60 94 20 52 69 88 139 76 90 118 121 37 93 90 87 119 70 93 52 73 108 95 73 59 26 97 137 90 110 116 166 153 142 132 123 117 113 111 112 116 156 143 131 120 111 104 99 97 99 103 148 134 121 109 99 91 85 83 85 90 140 126 112 99 87 78 72 70 72 77 134 118 104 89 77 66 59 56 58 65 129 112 97 81 67 55 46 42 45 54 125 108 91 75 59 45 33 28 33 45 122 105 88 71 54 38 23 14 23 38 122 104 87 70 52 35 18 0 18 35 122 105 88 71 54 38 23 14 23 38
146 53 130 129 97 139 70 95 22 111 71 111 22 67 83 102 151 91 106 131 139 41 108 106 96 136 70 87 48 73 121 113 84 70 43 112 149 101 122 128 179 165 153 141 131 123 116 112 110 112 170 156 143 131 120 110 103 99 97 98 162 148 134 121 109 98 90 85 83 85 156 140 126 112 99 87 78 72 69 71 150 134 118 103 89 76 66 58 55 58 145 129 112 97 81 67 54 45 42 45 142 125 108 91 75 59 45 33 28 33 140 122 105 88 71 54 38 23 14 23 139 122 104 87 70 52 35 18 0 18 140 122 105 88 71 54 38 23 14 23
163 61 144 145 108 156 76 92 4 109 84 129 34 83 98 117 164 107 122 145 156 50 123 123 107 153 75 84 51 77 135 130 97 84 60 127 163 115 136 141 192 178 165 152 141 131 122 116 112 110 184 170 156 143 130 119 110 103 98 96 177 162 148 134 120 108 98 90 85 83 171 155 140 125 111 98 87 77 71 69 166 150 134 118 103 89 76 65 58 55 162 145 129 112 96 81 67 54 45 42 159 142 125 108 91 75 59 45 33 28 157 140 122 105 88 71 54 38 23 14 156 139 122 104 87 70 52 35 18 0 157 140 122 105 88 71 54 38 23 14
16 138 105 54 122 1 147 193 161 204 109 35 132 90 89 88 123 80 65 103 4 133 86 58 124 9 152 189 153 155 100 30 110 109 98 85 117 105 103 112 129 130 133 138 145 154 164 176 188 201 115 116 119 125 133 143 154 166 179 192 100 102 106 112 121 132 144 156 170 184 86 88 93 100 110 122 134 148 162 177 72 74 80 88 99 112 126 140 156 171 58 60 67 77 90 104 119 134 150 166 43 47 55 68 82 97 113 129 145 162 29 34 45 60 75 91 108 125 142 159 15 23 38 54 71 88 105 122 140 157 0 18 35 52 70 87 104 122 139 156
28 123 100 52 111 17 133 179 143 190 96 23 116 75 77 78 120 69 56 98 17 117 77 49 113 16 138 174 137 141 94 17 98 96 81 78 114 95 97 106 130 128 129 132 138 145 154 164 175 187 116 114 115 119 125 133 142 153 165 178 102 100 101 105 112 121 131 143 156 170 88 86 87 92 100 110 121 134 148 162 74 72 73 79 88 99 112 126 140 155 60 57 60 67 77 90 104 118 134 150 47 43 46 55 67 82 97 112 129 145 34 29 34 45 60 75 91 108 125 142 23 15 23 38 54 71 88 105 122 140 18 0 18 35 52 70 87 104 122 139
44 109 98 55 102 34 120 165 126 177 84 22 99 62 67 72 119 60 51 96 35 102 72 45 104 32 124 160 122 128 90 17 88 84 64 74 114 88 93 103 133 129 128 129 132 137 144 153 163 175 119 115 114 115 118 124 132 142 153 165 106 101 99 101 105 112 121 131 143 156 93 87 85 87 92 99 109 121 134 148 80 73 71 73 79 88 99 112 126 140 67 60 57 60 67 77 90 104 118 134 55 46 43 46 55 67 81 97 112 129 45 34 29 34 45 60 75 91 108 125 38 23 15 23 38 54 71 88 105 122 35 18 0 18 35 52 70 87 104 122
61 95 98 63 95 52 108 152 109 165 74 32 83 51 60 70 121 56 53 97 52 88 71 47 97 49 112 147 107 116 90 30 80 74 47 74 116 84 93 102 138 132 129 127 128 131 137 144 153 163 125 119 115 113 114 118 124 132 141 152 112 105 101 99 100 105 111 120 131 143 100 92 87 85 87 91 99 109 121 134 88 79 73 71 73 79 88 99 112 125 77 67 60 57 59 66 77 89 103 118 68 55 46 43 46 55 67 81 97 112 60 45 34 29 33 45 59 75 91 108 54 38 23 15 23 38 54 71 88 105 52 35 18 0 18 35 52 70 87 104
78 83 102 75 92 69 97 140 92 154 67 47 68 44 57 71 125 57 59 101 69 74 74 55 93 66 101 135 94 105 93 46 76 66 31 77 121 83 96 105 145 138 132 128 127 127 131 136 143 152 133 125 118 114 113 114 117 123 131 141 121 112 105 100 99 100 104 111 120 130 110 100 92 87 85 86 91 99 109 120 99 88 79 73 71 73 78 87 99 111 90 77 67 59 57 59 66 77 89 103 82 67 55 46 43 46 55 67 81 96 75 60 45 33 29 33 45 59 75 91 71 54 38 23 15 23 38 54 71 88 70 52 35 18 0 18 35 52 70 87
95 73 108 88 91 86 89 130 75 144 64 63 53 44 60 77 132 63 70 108 86 63 81 67 92 83 93 123 82 96 99 62 75 64 18 85 128 86 101 110 154 145 137 131 127 126 127 130 135 143 143 133 124 118 114 112 113 117 123 131 132 121 112 105 100 98 99 104 110 119 122 110 99 91 86 84 86 91 98 108 112 99 88 79 73 70 72 78 87 98 104 90 77 66 59 56 59 66 76 89 97 82 67 55 46 42 46 55 67 81 91 75 60 45 33 28 33 45 59 75 88 71 54 38 23 14 23 38 54 71 87 70 52 35 18 0 18 35 52 70
112 67 117 102 94 104 83 121 58 136 66 79 41 50 68 86 140 73 82 117 104 55 91 80 95 100 86 114 72 90 107 79 78 65 17 94 137 92 110 117 164 154 144 137 131 127 125 126 130 135 154 142 132 124 117 113 112 113 116 122 144 131 121 111 104 99 98 99 103 110 134 121 109 99 91 86 84 85 90 98 126 112 99 88 78 72 70 72 78 87 119 104 90 77 66 59 56 59 66 76 113 97 81 67 55 46 42 46 54 67 108 91 75 59 45 33 28 33 45 59 105 88 71 54 38 23 14 23 38 54 104 87 70 52 35 18 0 18 35 52
129 64 127 118 100 121 81 113 41 129 72 96 34 61 78 97 150 85 97 128 121 51 102 95 100 118 83 106 65 87 118 96 85 71 30 106 147 101 120 127 176 164 153 144 136 130 126 125 126 129 166 153 142 132 123 117 113 111 112 116 156 143 131 120 111 104 99 97 99 103 148 134 121 109 99 91 85 83 85 90 140 126 112 99 87 78 72 70 72 77 134 118 104 89 77 66 59 56 58 65 129 112 97 81 67 55 46 42 45 54 125 108 91 75 59 45 33 28 33 45 122 105 88 71 54 38 23 14 23 38 122 104 87 70 52 35 18 0 18 35
146 66 139 133 108 138 83 108 26 125 81 113 35 74 91 110 161 99 112 140 138 54 116 111 108 135 84 100 62 87 130 113 95 81 45 120 159 111 132 138 188 175 163 153 143 135 130 126 124 125 179 165 153 141 131 123 116 112 110 112 170 156 143 131 120 110 103 99 97 98 162 148 134 121 109 98 90 85 83 85 156 140 126 112 99 87 78 72 69 71 150 134 118 103 89 76 66 58 55 58 145 129 112 97 81 67 54 45 42 45 142 125 108 91 75 59 45 33 28 33 140 122 105 88 71 54 38 23 14 23 139 122 104 87 70 52 35 18 0 18
164 72 152 149 118 156 88 106 15 122 93 130 43 88 105 124 173 113 127 153 156 61 130 127 118 152 88 98 64 90 143 131 106 92 62 134 171 124 144 150 201 187 175 163 152 143 135 129 125 124 192 178 165 152 141 131 122 116 112 110 184 170 156 143 130 119 110 103 98 96 177 162 148 134 120 108 98 90 85 83 171 155 140 125 111 98 87 77 71 69 166 150 134 118 103 89 76 65 58 55 162 145 129 112 96 81 67 54 45 42 159 142 125 108 91 75 59 45 33 28 157 140 122 105 88 71 54 38 23 14 156 139 122 104 87 70 52 35 18 0
