0.0 37.329318987376 93.53344981193924 7.092763970033176 7.092763970033176 75.00010284513881 39.705180685302786 4.758016019325455 71.72717132591592 83.13895677561368 25.74148690204088 21.754945432235417 47.70154114350268 26.505943791127898 17.612608843700563 44.261727189077526 56.79424693397477 80.36768315077968 41.23973126836884 55.60523038780313 5.3272883256539405 34.36859333339257 91.22031312436984 9.940227546188408 3.4641448441355385 43.835240892728464 57.107055067512476 2.8545697258056326 68.67068288458029 84.32098636659005 27.060940575819533 17.676626868159637 38.090396198642225 30.61206258366188 18.18023611646378 44.1412434706345 57.312533527788965 79.76892345365408 36.63865911409444 69.6329537943515 18.88080276182184 60.23058603135861 93.39723929627979 61.75664896115488 7.205050601942704 39.647741644037815 43.21629830149455 41.90716152006213
37.329318987376 0.0 59.321925558420446 31.52373056281903 31.52373056281903 47.57424744115035 37.16076419758341 40.23348457116648 42.06830153980062 53.25440044570008 21.310636332465055 51.06538592460422 19.507438323335766 11.443889588449121 29.27909159734172 14.747101523229494 34.14074749171521 48.78698906487526 16.80901354412558 29.733777657463367 32.051572749432864 10.356466814944804 56.602324338743195 33.122802365737705 35.31022586511514 41.94194645788607 48.96059461698179 39.8708558717487 39.06395329217405 54.899456949852095 18.035111634315925 49.8551682943804 11.220239067584545 11.521852543456859 29.43363015731743 13.195299875909761 37.450207848544544 49.51187661592267 17.53509030257786 43.59654648236437 32.58168606519589 33.79219251421387 62.971251945646806 45.5998276177475 33.31045803679634 37.93048079873505 47.92255107249058 31.94732760421878
93.53344981193924 59.321925558420446 0.0 89.16842869608902 89.16842869608902 26.922504291730412 67.5351739246278 97.38792172916179 25.0168040641454 18.216896033150935 68.99954212036499 110.13891101748816 65.54071663408274 67.79268847293558 88.58115012010835 49.2717634012632 42.580097329909194 15.763111284559303 52.6403449476758 40.52064874696389 88.76429975961392 68.01042614150404 3.2600910526837987 86.07712488440438 92.44289133707568 68.45142333576564 61.41587589795495 95.51915412344455 27.343966272022165 19.1182985175352 66.88882446411237 108.44088035416527 66.35071755275392 62.96696541709393 88.74979572901019 49.47040404442411 45.41113758466644 18.8418661294836 57.61917967368706 31.757373788178896 80.57284627659817 36.75740544572464 15.666205777576788 49.37953373482486 87.5706275794892 68.39589724970725 76.66977997066503 60.200821039556565
7.092763970033176 31.52373056281903 89.16842869608902 0.0 0.0 72.13529600431988 40.25887295883237 8.743531533979564 68.33055215651615 79.83112667513947 23.675955144716106 22.327264822356483 40.71635408004576 21.4225147455267 11.093760536985622 40.09658362350628 54.44784214132168 76.6290786782929 37.71774700154015 52.6069003800059 3.1549405905932066 27.61460624113026 86.71859971357833 12.173818063659208 4.029350152861289 44.82058966652172 57.524990315396316 9.943005335315009 65.23764903105493 81.13217286250146 24.158248346163525 19.545822488957988 31.28273525650968 26.36780225306042 11.704527607314759 39.726428745960014 55.513308316251724 76.33919876331088 33.56535423701831 66.9649930003874 20.464565889354642 57.26527796170706 90.04940574946905 60.81323611267626 9.490608798659473 40.36885747410131 45.50266838369089 41.13729145392547
7.092763970033176 31.52373056281903 89.16842869608902 0.0 0.0 72.13529600431988 40.25887295883237 8.743531533979564 68.33055215651615 79.83112667513947 23.675955144716106 22.327264822356483 40.71635408004576 21.4225147455267 11.093760536985622 40.09658362350628 54.44784214132168 76.6290786782929 37.71774700154015 52.6069003800059 3.1549405905932066 27.61460624113026 86.71859971357833 12.173818063659208 4.029350152861289 44.82058966652172 57.524990315396316 9.943005335315009 65.23764903105493 81.13217286250146 24.158248346163525 19.545822488957988 31.28273525650968 26.36780225306042 11.704527607314759 39.726428745960014 55.513308316251724 76.33919876331088 33.56535423701831 66.9649930003874 20.464565889354642 57.26527796170706 90.04940574946905 60.81323611267626 9.490608798659473 40.36885747410131 45.50266838369089 41.13729145392547
75.00010284513881 47.57424744115035 26.922504291730412 72.13529600431988 72.13529600431988 0.0 42.84197300749097 79.39082519359788 6.965369563088453 9.572694751949031 49.27509033474907 94.31764796437062 61.15811361488706 52.22121991068132 74.55601238783866 33.56823254944876 18.660214237685693 11.676452534554699 34.602576139903476 19.530768681930223 70.94639879135526 57.82019481140542 26.79394374635699 66.20551847035028 74.7192733603048 42.864730898547144 34.60257613990352 76.47000707113258 9.121463692199573 9.9775057254921 48.09337284805119 91.63684306460945 57.647871605797974 46.33758663405951 74.88808038113962 34.707354936690095 20.003650742218095 8.094487017336718 38.57832855025157 5.690452784629573 59.1773251422065 14.872853592488696 19.205278148123927 22.54503721040784 68.25068720237752 43.60860896598735 50.79888071010654 36.2819827119232
39.705180685302786 37.16076419758341 67.5351739246278 40.25887295883237 40.25887295883237 42.84197300749097 0.0 44.45958742463122 42.59560320779812 52.297278619803606 19.298871513348704 61.400582787153624 56.61052702595918 30.806120959252592 48.03816781015983 28.46340192605759 24.978840673477603 52.01567687481958 23.39818057881794 27.581923013669236 37.74837647862023 44.53137379303251 66.26873423255994 29.765071740147004 41.00516333608585 5.065759226244818 17.405785955807296 40.023054920777 40.19720756999171 52.81675562867999 21.43086740216785 57.35499988767711 47.19139579141548 26.41296524678415 48.606743208915184 30.049012568742175 22.83892425579059 49.84868053833514 20.093211716782534 37.176860709936186 20.879836409638585 30.827933878623067 61.996003494174126 23.77764239229887 32.55178648385406 0.9482459877281243 11.383837732912635 7.759694878987599
4.758016019325455 40.23348457116648 97.38792172916179 8.743531533979564 8.743531533979564 79.39082519359788 44.45958742463122 0.0 75.95537428985516 87.40479654343869 30.21386280888888 17.050853798090703 48.92843281730677 29.8748771193042 17.000772190741237 48.15620060179637 61.29328861305663 84.4812769601377 45.37757730589104 59.93835842500992 8.628676156817141 36.18717193530349 95.00672741656639 14.694920301241819 4.9791461865507 48.566574268825605 61.85980581078417 5.254741816832885 72.88387648666051 88.62493125895035 31.33339569215396 12.920643721109817 39.79631595718233 34.42592687788271 17.47498541638887 47.92194182100634 61.91710279253768 83.99238745310889 40.90716516505476 74.07029074841964 23.62103130176907 64.57926578819075 97.65603309984157 66.47226273186044 11.95659439488845 44.396764436077206 47.77816260028546 46.622486642571786
71.72717132591592 42.06830153980062 25.0168040641454 68.33055215651615 68.33055215651615 6.965369563088453 42.59560320779812 75.95537428985516 0.0 11.51607626365234 46.24038543650826 90.27474405821474 54.674432646789626 47.75945402139087 69.90429745849197 28.7476407633868 17.616882368166564 9.431724502546574 30.621780590202373 16.40718592233762 67.39377545505158 52.151723527904636 24.065981216546078 63.389466144408615 71.1609740515519 43.43696435504861 37.16116009269624 73.39643942635405 3.1038783783100645 12.955436848301126 44.66628578085812 87.87597649669637 51.713688380125724 42.11106463136773 70.19726573361064 29.642602145994434 20.4389202366467 8.041942609954033 35.08981936161931 8.048586560148937 56.99021851428845 12.108148440281134 21.71996191794251 25.395205459478554 65.22811657160793 43.44205984955647 51.67205233463578 35.40634762879055
83.13895677561368 53.25440044570008 18.216896033150935 79.83112667513947 79.83112667513947 9.572694751949031 52.297278619803606 87.40479654343869 11.51607626365234 0.0 57.55777796786923 101.79075222399426 64.60404462754798 59.2645611719492 81.36798560391762 40.23161218236616 27.740957325068994 6.344462600296211 42.11489729072089 27.60046275738188 78.86021510469536 63.184044494668605 18.760869257630638 74.65872511750852 82.63022767397449 52.42556515439466 43.981553427380945 84.75688336651629 14.619122141018227 1.9860731656754762 56.087388457457244 99.3769434991468 62.50554394733411 53.627067689469825 81.65249967659052 41.07184427207074 29.485402542665742 3.770179678743088 46.506824415549346 15.141545619997634 67.98760122741712 23.063894183855233 10.25986947382435 31.94353991800039 76.5668374478359 53.08040792673662 60.3715676269699 45.56185395795165
25.74148690204088 21.310636332465055 68.99954212036499 23.675955144716106 23.675955144716106 49.27509033474907 19.298871513348704 30.21386280888888 46.24038543650826 57.55777796786923 0.0 45.96066985253532 39.607697029855444 12.112896961360214 29.489726216830686 20.536636709162035 31.079515316337016 55.1238574922633 16.40794029509859 29.963597728564483 21.984383559937083 26.339168271340732 66.9351136708182 17.175391030583516 25.714307847370783 24.352150542597226 35.33273913811717 27.21532447514119 43.22700790510768 58.680175859538984 3.2946506510553824 42.76499109541443 29.478068340067924 9.880637376950641 30.01518013022972 21.07351599048333 31.870997666296628 54.271788728938205 11.380905569259147 43.891630782116046 12.442731704860174 34.557104549023435 67.81537897801013 37.25784489922535 19.011358811020074 19.77277826623315 28.33645476011342 17.93569763614281
21.754945432235417 51.06538592460422 110.13891101748816 22.327264822356483 22.327264822356483 94.31764796437062 61.400582787153624 17.050853798090703 90.27474405821474 101.79075222399426 45.96066985253532 0.0 53.9795781537133 42.65360904008734 22.059570324059035 61.70534549393409 76.76512829121708 98.30214582798028 59.767733984721765 74.79064193507617 24.094546552222912 44.10551580287395 107.52382082466809 31.66886264504727 20.531409358508416 65.58675256042274 78.80602191090178 21.987035259071124 87.17228786013546 103.1543443187137 46.470824577290024 5.12305226218995 47.051880199644785 48.16368488776313 22.05050454043942 61.115329873851884 77.82396290631071 98.2351962013574 55.80540691393038 89.21477042046483 40.629011924237744 79.44637807777599 111.9588131865856 82.91836282554213 28.85137130621342 61.37001860204674 64.76204189726145 63.12279070598038
47.70154114350268 19.507438323335766 65.54071663408274 40.71635408004576 40.71635408004576 61.15811361488706 56.61052702595918 48.92843281730677 54.674432646789626 64.60404462754798 39.607697029855444 53.9795781537133 0.0 27.819152653276284 33.063894463852975 32.37040033631311 51.315282942233665 59.03336046901085 35.69633590614608 46.166190931580154 42.587261232927936 14.136540295461996 62.405834869609386 47.07632323550335 44.72156426717526 61.43099106384398 68.17203298824066 50.54377006338127 52.06414211847313 66.48369396039 36.50934055625222 54.638028096934036 10.446984862507508 30.443620586132237 32.83054596520996 30.52689146639404 55.188677491783324 60.88153039215624 37.01721647917134 58.34796536537339 49.22593634858132 49.41331097681536 73.15640294696155 63.72140388573374 46.23101888530514 57.36040028760406 67.1982139932058 51.42334882376531
26.505943791127898 11.443889588449121 67.79268847293558 21.4225147455267 21.4225147455267 52.22121991068132 30.806120959252592 29.8748771193042 47.75945402139087 59.2645611719492 12.112896961360214 42.65360904008734 27.819152653276284 0.0 22.366293225104187 19.068783956736333 35.87533972518222 55.64988058466237 17.767746547931818 32.89743478039748 21.376267724268025 14.246541101333277 65.31171989041133 21.682378364725608 24.895730932753494 35.859189376111594 45.486668041145755 28.89489533093043 44.65641816527967 60.69436856933412 9.410535219747633 40.668347656764965 17.50969353099579 6.121943349851271 22.72595486664592 18.4740842931248 38.039709068631346 55.66272065942149 15.074407235429375 47.440022542235354 21.693950322993924 37.47692996980291 69.37845577285019 45.024043521029355 21.965957646261245 31.394575440824244 40.40065961454503 27.66852635346046
17.612608843700563 29.27909159734172 88.58115012010835 11.093760536985622 11.093760536985622 74.55601238783866 48.03816781015983 17.000772190741237 69.90429745849197 81.36798560391762 29.489726216830686 22.059570324059035 33.063894463852975 22.366293225104187 0.0 41.161853141477216 58.09707867552263 77.43232740850051 40.1253236937139 55.2635614843803 14.165116885912582 22.08631863628818 85.87952602926525 22.71149263614665 14.15171613196809 52.90370626942643 64.74350821868664 20.289668302406668 66.81001124895228 82.85927934060939 28.750431260542765 21.793402088734517 25.179613598320465 28.392434872876617 0.6305060172996475 40.30658882656062 59.950819615290115 77.71213267355763 37.009474943401045 69.80630028267124 30.029533887955257 59.84060909048887 91.38320568387 66.31107173100074 20.294453271662036 48.31302943492197 54.74150285464295 47.408988195465
44.261727189077526 14.747101523229494 49.2717634012632 40.09658362350628 40.09658362350628 33.56823254944876 28.46340192605759 48.15620060179637 28.7476407633868 40.23161218236616 20.536636709162035 61.70534549393409 32.37040033631311 19.068783956736333 41.161853141477216 0.0 19.435998405124113 36.60466291367731 5.166787408065983 15.029095748172574 39.52759544875543 25.07048493413459 46.983107621238396 37.120765757856624 43.23378345167242 32.42399815593868 36.40371653051172 46.273329840432 25.650508521592904 41.70056647300651 17.958015701529185 59.56199974709691 25.78424273108694 13.744468614695492 41.46201208467228 1.873044015546206 22.9605504454671 36.60796882592531 9.892606386122415 29.192551740216306 32.866001702420775 19.251593511888277 50.31700030165208 31.380117125536163 38.41568323375503 29.380114090972633 39.846780513263425 21.472233471778647
56.79424693397477 34.14074749171521 42.580097329909194 54.44784214132168 54.44784214132168 18.660214237685693 24.978840673477603 61.29328861305663 17.616882368166564 27.740957325068994 31.079515316337016 76.76512829121708 51.315282942233665 35.87533972518222 58.09707867552263 19.435998405124113 0.0 27.04026641949757 18.29298459683309 5.650469856041738 53.00298491552418 44.39374514889042 41.41645477679902 47.75144749881921 56.75623731891943 26.028917815410136 22.28393054627218 58.12276627683847 15.286876720591888 28.513087406683315 30.29435928107109 73.78406618196317 45.22018950532694 29.764526659678804 58.49791595620665 21.132765197253647 4.5872860806239535 25.019255774343012 21.150753318877786 13.04286640167751 40.53591690470459 6.224217074539443 37.78064867550259 13.160469366034778 49.904134048606416 25.827590047876786 34.35168625838635 17.88105487535347
80.36768315077968 48.78698906487526 15.763111284559303 76.6290786782929 76.6290786782929 11.676452534554699 52.01567687481958 84.4812769601377 9.431724502546574 6.344462600296211 55.1238574922633 98.30214582798028 59.03336046901085 55.64988058466237 77.43232740850051 36.60466291367731 27.04026641949757 0.0 39.128302459385814 25.614556486283462 75.87424715586964 58.455209496035835 15.230958479700016 72.29922102549776 79.62263607722123 52.755366953474706 45.75737921538253 82.14520196159181 12.108067725615278 8.31546027291435 53.35414199658766 96.13762635109319 57.526123067615124 50.270360009856475 77.68118843714117 37.21660547949449 29.68044786048331 3.974525173714487 43.83339760692436 16.058854615203444 66.16328548071806 21.482930482107207 14.291489007222161 33.76223507564987 74.03006445547723 52.85748128058622 60.94215085439319 44.83654115021411
41.23973126836884 16.80901354412558 52.6403449476758 37.71774700154015 37.71774700154015 34.602576139903476 23.39818057881794 45.37757730589104 30.621780590202373 42.11489729072089 16.40794029509859 59.767733984721765 35.69633590614608 17.767746547931818 40.1253236937139 5.166787408065983 18.29298459683309 39.128302459385814 0.0 15.156046415575704 36.791562708300035 26.63854519355908 50.537079041334955 33.43730395025018 40.55358433638726 27.50202811552073 32.49743130115213 43.05169041711015 27.535213413049416 43.41961163801104 14.281146171735507 57.26322030989405 28.016248879532778 11.76137363247122 40.49190365667997 6.652378913236374 21.008379658019734 38.6442323776748 5.133836312965569 29.698996164309754 28.44137340838032 19.77249549155033 52.34148303702221 28.87727406669336 34.99513607233713 24.305054740945014 34.77239601543763 16.639177999390487
55.60523038780313 29.733777657463367 40.52064874696389 52.6069003800059 52.6069003800059 19.530768681930223 27.581923013669236 59.93835842500992 16.40718592233762 27.60046275738188 29.963597728564483 74.79064193507617 46.166190931580154 32.89743478039748 55.2635614843803 15.029095748172574 5.650469856041738 25.614556486283462 15.156046415575704 0.0 51.45513998790761 40.0804872500235 38.980747681027886 47.06002586616427 55.22909936230961 29.487196640589335 27.493799575845173 57.17344316374141 13.51482536349577 28.722590608214066 28.609648030887552 72.1168620179985 40.6035216475354 26.917411202210133 55.621219747039355 16.54386682032517 10.193171046539835 24.38274957365787 19.062549108795572 14.544805200465271 40.58797611920207 4.658435639106172 37.854869485753554 18.810111584113343 48.974874382719264 28.494638703728466 37.83801766128151 19.953928740761754
5.3272883256539405 32.051572749432864 88.76429975961392 3.1549405905932066 3.1549405905932066 70.94639879135526 37.74837647862023 8.628676156817141 67.39377545505158 78.86021510469536 21.984383559937083 24.094546552222912 42.587261232927936 21.376267724268025 14.165116885912582 39.52759544875543 53.00298491552418 75.87424715586964 36.791562708300035 51.45513998790761 0.0 29.11348526852139 86.39283596369071 9.085454454975913 3.7739941315941543 42.20713970829321 55.09142173106779 8.05954917766373 64.31592701639394 80.10421311843179 22.85305737666635 20.785918099547725 32.85391235240203 25.79933194911957 14.78355083831736 39.3027055942347 53.8413693051746 75.42606907880932 32.398038342454846 65.68055425240956 17.59371429708792 56.10545421038929 89.1049005656142 58.82491092628303 6.349247671893599 37.81286906907098 42.60130870811557 39.043882382581174
34.36859333339257 10.356466814944804 68.01042614150404 27.61460624113026 27.61460624113026 57.82019481140542 44.53137379303251 36.18717193530349 52.151723527904636 63.184044494668605 26.339168271340732 44.10551580287395 14.136540295461996 14.246541101333277 22.08631863628818 25.07048493413459 44.39374514889042 58.455209496035835 26.63854519355908 40.0804872500235 29.11348526852139 0.0 65.13614457098755 32.99768653145191 31.64059959301288 49.523969830915256 57.94336702835685 37.16418625407854 49.190136775048906 64.88109002658784 23.472454866788375 43.759107219191655 3.7915463922254147 18.18833909294594 22.059463515567728 23.549311776883076 47.553134637680735 59.42262167751415 26.30048674505124 53.931371357744794 35.19918145090623 44.14678290802575 72.71872162486565 55.51088817288014 32.27964526349844 45.19027657545357 54.52277402836799 40.393766968950644
91.22031312436984 56.602324338743195 3.2600910526837987 86.71859971357833 86.71859971357833 26.79394374635699 66.26873423255994 95.00672741656639 24.065981216546078 18.760869257630638 66.9351136708182 107.52382082466809 62.405834869609386 65.31171989041133 85.87952602926525 46.983107621238396 41.41645477679902 15.230958479700016 50.537079041334955 38.980747681027886 86.39283596369071 65.13614457098755 0.0 83.94344001436971 90.04929722053522 67.40930742577456 60.956783527533155 93.25640640784468 26.130216205545533 19.94539875387435 64.73188731336855 105.915815359956 63.400905407673875 60.617369694805 86.03550315008772 47.09355084060936 44.49686668694879 18.729841794693122 55.56874780753365 31.264491231325604 78.66174228058065 35.44103156778506 17.890004512332183 48.98342216728848 85.36590235983095 67.14636825465553 75.68602888904077 58.82292716204173
9.940227546188408 33.122802365737705 86.07712488440438 12.173818063659208 12.173818063659208 66.20551847035028 29.765071740147004 14.694920301241819 63.389466144408615 74.65872511750852 17.175391030583516 31.66886264504727 47.07632323550335 21.682378364725608 22.71149263614665 37.120765757856624 47.75144749881921 72.29922102549776 33.43730395025018 47.06002586616427 9.085454454975913 32.99768653145191 83.94344001436971 0.0 11.59074820908521 33.92307292441168 47.16690206157691 10.536703415103927 60.38813231327745 75.73581364699771 19.21557558376117 27.601071317102406 36.77514579289636 24.145326603454095 23.34175492736708 37.32702533743597 47.94342290043657 71.4123848097777 28.51461278159406 60.72411967766207 8.968172455910155 51.612980631572526 84.90854996802919 52.016214707354656 2.8964285134437384 29.71006904748409 33.70044382070173 32.193056498226184
3.4641448441355385 35.31022586511514 92.44289133707568 4.029350152861289 4.029350152861289 74.7192733603048 41.00516333608585 4.9791461865507 71.1609740515519 82.63022767397449 25.714307847370783 20.531409358508416 44.72156426717526 24.895730932753494 14.15171613196809 43.23378345167242 56.75623731891943 79.62263607722123 40.55358433638726 55.22909936230961 3.7739941315941543 31.64059959301288 90.04929722053522 11.59074820908521 0.0 45.342572048511364 58.393020843051026 6.180881649833535 68.08173783027738 83.8768400619693 26.626147047671164 17.053216630263226 35.31186746562534 29.49419042371034 14.71727312553071 42.97304887934555 57.54984169291871 79.19195054104388 36.17195627327708 69.44883373814382 20.480226001218828 59.87928662466928 92.87367901185094 62.41824612257947 8.694322770041198 41.022822777926415 45.28103056012019 42.602965415087354
43.835240892728464 41.94194645788607 68.45142333576564 44.82058966652172 44.82058966652172 42.864730898547144 5.065759226244818 48.566574268825605 43.43696435504861 52.42556515439466 24.352150542597226 65.58675256042274 61.43099106384398 35.859189376111594 52.90370626942643 32.42399815593868 26.028917815410136 52.755366953474706 27.50202811552073 29.487196640589335 42.20713970829321 49.523969830915256 67.40930742577456 33.92307292441168 45.342572048511364 0.0 13.636000060165893 43.9440398508003 41.2891161094756 52.75814177490116 26.492532096877774 61.39451664803364 52.12751536873226 31.37044574585469 53.47957633701131 34.10076467491585 23.097442914498117 50.27181139865998 24.646875187956066 37.313026297323155 24.958057912803035 32.158126123482276 61.78839024662263 22.13008105583044 36.76732989119221 4.613845499126284 8.359971440454013 10.98484371172656
57.107055067512476 48.96059461698179 61.41587589795495 57.524990315396316 57.524990315396316 34.60257613990352 17.405785955807296 61.85980581078417 37.16116009269624 43.981553427380945 35.33273913811717 78.80602191090178 68.17203298824066 45.486668041145755 64.74350821868664 36.40371653051172 22.28393054627218 45.75737921538253 32.49743130115213 27.493799575845173 55.09142173106779 57.94336702835685 60.956783527533155 47.16690206157691 58.393020843051026 13.636000060165893 0.0 57.372253811348344 35.811282766149304 43.87975521146751 36.68336754876106 74.7467697544 59.94580794250011 40.056880994415565 65.28592474016708 38.26911680046682 17.884340177302256 42.603445922803125 31.662637476267008 29.698996164309804 38.25845947191801 28.200204626758193 52.34148303702223 12.057542473474763 49.95756018371248 17.476127227923612 18.757404263721643 17.819758980709437
2.8545697258056326 39.8708558717487 95.51915412344455 9.943005335315009 9.943005335315009 76.47000707113258 40.023054920777 5.254741816832885 73.39643942635405 84.75688336651629 27.21532447514119 21.987035259071124 50.54377006338127 28.89489533093043 20.289668302406668 46.273329840432 58.12276627683847 82.14520196159181 43.05169041711015 57.17344316374141 8.05954917766373 37.16418625407854 93.25640640784468 10.536703415103927 6.180881649833535 43.9440398508003 57.372253811348344 0.0 70.35912906266857 85.89375441935769 28.79176415255853 17.501868139531265 40.89621387562178 32.726156752285476 20.84204504350412 46.23492887511263 58.43686916382328 81.43617866659386 38.32889749632057 71.04206745875324 19.15279531967134 61.772328580429665 95.01635060032483 62.53988626451097 8.22204888822134 39.89828689471269 42.77979885424693 42.72634637587257
68.67068288458029 39.06395329217405 27.343966272022165 65.23764903105493 65.23764903105493 9.121463692199573 40.19720756999171 72.88387648666051 3.1038783783100645 14.619122141018227 43.22700790510768 87.17228786013546 52.06414211847313 44.65641816527967 66.81001124895228 25.650508521592904 15.286876720591888 12.108067725615278 27.535213413049416 13.51482536349577 64.31592701639394 49.190136775048906 26.130216205545533 60.38813231327745 68.08173783027738 41.2891161094756 35.811282766149304 70.35912906266857 0.0 16.050058859731156 41.610575211429534 84.78253756282035 48.829756976715295 39.00870610124221 67.10506794297821 26.56309013760406 18.543552521412476 11.11021276818254 32.03929428405189 8.192200448207759 54.09181375136638 9.43294393405004 24.8119022584666 24.348709428069498 62.200369158855786 41.062969985792336 49.5848497533786 32.87077891606986
84.32098636659005 54.899456949852095 19.1182985175352 81.13217286250146 81.13217286250146 9.9775057254921 52.81675562867999 88.62493125895035 12.955436848301126 1.9860731656754762 58.680175859538984 103.1543443187137 66.48369396039 60.69436856933412 82.85927934060939 41.70056647300651 28.513087406683315 8.31546027291435 43.41961163801104 28.722590608214066 80.10421311843179 64.88109002658784 19.94539875387435 75.73581364699771 83.8768400619693 52.75814177490116 43.87975521146751 85.89375441935769 16.050058859731156 0.0 57.29300354791076 100.67500192413107 64.26014931491552 54.999741927687495 83.15269529916499 42.59323133770722 29.97783144790774 5.602187605222146 47.7179744335208 15.660997990391538 68.92360559188637 24.12733454986121 9.267564649140233 31.894993687099433 77.6907793999645 53.57998635875582 60.60879312228554 46.23492887511405
27.060940575819533 18.035111634315925 66.88882446411237 24.158248346163525 24.158248346163525 48.09337284805119 21.43086740216785 31.33339569215396 44.66628578085812 56.087388457457244 3.2946506510553824 46.470824577290024 36.50934055625222 9.410535219747633 28.750431260542765 17.958015701529185 30.29435928107109 53.35414199658766 14.281146171735507 28.609648030887552 22.85305737666635 23.472454866788375 64.73188731336855 19.21557558376117 26.626147047671164 26.492532096877774 36.68336754876106 28.79176415255853 41.610575211429534 57.29300354791076 0.0 43.57268533657114 26.485125132944606 6.585989022036238 29.234772628581776 18.31437506152628 31.551364904160007 52.707998012010364 9.580629302881627 42.84653279985093 15.47691588663534 33.256212340768236 66.34359299442511 37.56919482958598 20.714052949374842 21.99970723024196 31.053418392058607 18.950543063138845
17.676626868159637 49.8551682943804 108.44088035416527 19.545822488957988 19.545822488957988 91.63684306460945 57.35499988767711 12.920643721109817 87.87597649669637 99.3769434991468 42.76499109541443 5.12305226218995 54.638028096934036 40.668347656764965 21.793402088734517 59.56199974709691 73.78406618196317 96.13762635109319 57.26322030989405 72.1168620179985 20.785918099547725 43.759107219191655 105.915815359956 27.601071317102406 17.053216630263226 61.39451664803364 74.7467697544 17.501868139531265 84.78253756282035 100.67500192413107 43.57268533657114 0.0 46.95514255698856 45.86771156437099 21.930563612255096 59.1116169018513 74.60119172690095 95.88267625908108 53.058641146903 86.41917371810027 36.489772223547185 76.77399263434668 109.59441950865939 79.34456769260169 24.877115292381372 57.27479065900222 60.218841221038886 59.49952377946247
38.090396198642225 11.220239067584545 66.35071755275392 31.28273525650968 31.28273525650968 57.647871605797974 47.19139579141548 39.79631595718233 51.713688380125724 62.50554394733411 29.478068340067924 47.051880199644785 10.446984862507508 17.50969353099579 25.179613598320465 25.78424273108694 45.22018950532694 57.526123067615124 28.016248879532778 40.6035216475354 32.85391235240203 3.7915463922254147 63.400905407673875 36.77514579289636 35.31186746562534 52.12751536873226 59.94580794250011 40.89621387562178 48.829756976715295 64.26014931491552 26.485125132944606 46.95514255698856 0.0 20.78310347326299 25.093212417146013 24.115157085573095 48.632437496576536 58.73545534278329 28.315063509221204 54.04997350219094 38.78637345111593 44.45121341505704 71.8173770781592 56.818525372119424 36.07114858766832 47.88878523077979 57.44585505126918 42.62806603007058
30.61206258366188 11.521852543456859 62.96696541709393 26.36780225306042 26.36780225306042 46.33758663405951 26.41296524678415 34.42592687788271 42.11106463136773 53.627067689469825 9.880637376950641 48.16368488776313 30.443620586132237 6.121943349851271 28.392434872876617 13.744468614695492 29.764526659678804 50.270360009856475 11.76137363247122 26.917411202210133 25.79933194911957 18.18833909294594 60.617369694805 24.145326603454095 29.49419042371034 31.37044574585469 40.056880994415565 32.726156752285476 39.00870610124221 54.999741927687495 6.585989022036238 45.86771156437099 20.78310347326299 0.0 28.77257373095422 13.529292264408523 31.92864211189048 50.0788361189014 9.014542244489501 41.45970266042294 21.77275664162213 31.529501769154262 63.8019883433258 39.017687965121205 25.093439124219234 27.1057830172033 36.764475458514845 22.33145207525853
18.18023611646378 29.43363015731743 88.74979572901019 11.704527607314759 11.704527607314759 74.88808038113962 48.606743208915184 17.47498541638887 70.19726573361064 81.65249967659052 30.01518013022972 22.05050454043942 32.83054596520996 22.72595486664592 0.6305060172996475 41.46201208467228 58.49791595620665 77.68118843714117 40.49190365667997 55.621219747039355 14.78355083831736 22.059463515567728 86.03550315008772 23.34175492736708 14.71727312553071 53.47957633701131 65.28592474016708 20.84204504350412 67.10506794297821 83.15269529916499 29.234772628581776 21.930563612255096 25.093212417146013 28.77257373095422 0.0 40.583980604690346 60.38505404016212 77.99021145580848 37.428226282610474 70.16140437704117 30.65106918010106 60.190234479245866 91.65290013644518 66.78631914578625 20.921746636678247 48.88660420450922 55.34940588392818 47.926424304996736
44.1412434706345 13.195299875909761 49.47040404442411 39.726428745960014 39.726428745960014 34.707354936690095 30.049012568742175 47.92194182100634 29.642602145994434 41.07184427207074 21.07351599048333 61.115329873851884 30.52689146639404 18.4740842931248 40.30658882656062 1.873044015546206 21.132765197253647 37.21660547949449 6.652378913236374 16.54386682032517 39.3027055942347 23.549311776883076 47.09355084060936 37.32702533743597 42.97304887934555 34.10076467491585 38.26911680046682 46.23492887511263 26.56309013760406 42.59323133770722 18.31437506152628 59.1116169018513 24.115157085573095 13.529292264408523 40.583980604690346 0.0 24.746502976600315 37.406425156386625 10.960587700617658 30.49755606969565 33.4880969317137 20.624853961894 51.07997714946262 33.20533112138933 38.49250534875555 30.957004276249627 41.424594720330546 23.178887497606134
57.312533527788965 37.450207848544544 45.41113758466644 55.513308316251724 55.513308316251724 20.003650742218095 22.83892425579059 61.91710279253768 20.4389202366467 29.485402542665742 31.870997666296628 77.82396290631071 55.188677491783324 38.039709068631346 59.950819615290115 22.9605504454671 4.5872860806239535 29.68044786048331 21.008379658019734 10.193171046539835 53.8413693051746 47.553134637680735 44.49686668694879 47.94342290043657 57.54984169291871 23.097442914498117 17.884340177302256 58.43686916382328 18.543552521412476 29.97783144790774 31.551364904160007 74.60119172690095 48.632437496576536 31.92864211189048 60.38505404016212 24.746502976600315 0.0 27.19010435373048 23.00354768716689 14.347960168550639 40.21213565554187 10.319431756981555 39.166024732804786 8.723932454792164 50.26775160353416 23.60592860484692 31.26218556839562 16.549678267989563
79.76892345365408 49.51187661592267 18.8418661294836 76.33919876331088 76.33919876331088 8.094487017336718 49.84868053833514 83.99238745310889 8.041942609954033 3.770179678743088 54.271788728938205 98.2351962013574 60.88153039215624 55.66272065942149 77.71213267355763 36.60796882592531 25.019255774343012 3.974525173714487 38.6442323776748 24.38274957365787 75.42606907880932 59.42262167751415 18.729841794693122 71.4123848097777 79.19195054104388 50.27181139865998 42.603445922803125 81.43617866659386 11.11021276818254 5.602187605222146 52.707998012010364 95.88267625908108 58.73545534278329 50.0788361189014 77.99021145580848 37.406425156386625 27.19010435373048 0.0 43.131758089892266 13.068978361897118 64.92119657582462 19.955191922476658 13.723650456494338 30.554832692465702 73.26483034516852 50.6604880523583 58.35268991491292 42.90011426428321
36.63865911409444 17.53509030257786 57.61917967368706 33.56535423701831 33.56535423701831 38.57832855025157 20.093211716782534 40.90716516505476 35.08981936161931 46.506824415549346 11.380905569259147 55.80540691393038 37.01721647917134 15.074407235429375 37.009474943401045 9.892606386122415 21.150753318877786 43.83339760692436 5.133836312965569 19.062549108795572 32.398038342454846 26.30048674505124 55.56874780753365 28.51461278159406 36.17195627327708 24.646875187956066 31.662637476267008 38.32889749632057 32.03929428405189 47.7179744335208 9.580629302881627 53.058641146903 28.315063509221204 9.014542244489501 37.428226282610474 10.960587700617658 23.00354768716689 43.131758089892266 0.0 33.41036082076823 23.30919917183858 23.71757191003383 56.7629708944338 30.006707606327325 30.196909854172034 20.93728704817823 31.28248836491689 14.412316183795024
69.6329537943515 43.59654648236437 31.757373788178896 66.9649930003874 66.9649930003874 5.690452784629573 37.176860709936186 74.07029074841964 8.048586560148937 15.141545619997634 43.891630782116046 89.21477042046483 58.34796536537339 47.440022542235354 69.80630028267124 29.192551740216306 13.04286640167751 16.058854615203444 29.698996164309754 14.544805200465271 65.68055425240956 53.931371357744794 31.264491231325604 60.72411967766207 69.44883373814382 37.313026297323155 29.698996164309804 71.04206745875324 8.192200448207759 15.660997990391538 42.84653279985093 86.41917371810027 54.04997350219094 41.45970266042294 70.16140437704117 30.49755606969565 14.347960168550639 13.068978361897118 33.41036082076823 0.0 53.57870309957864 9.991615197943931 24.895730932753494 17.724720600966947 62.82002484080254 37.951385789758554 45.32768623577322 30.592534290754177
18.88080276182184 32.58168606519589 80.57284627659817 20.464565889354642 20.464565889354642 59.1773251422065 20.879836409638585 23.62103130176907 56.99021851428845 67.98760122741712 12.442731704860174 40.629011924237744 49.22593634858132 21.693950322993924 30.029533887955257 32.866001702420775 40.53591690470459 66.16328548071806 28.44137340838032 40.58797611920207 17.59371429708792 35.19918145090623 78.66174228058065 8.968172455910155 20.480226001218828 24.958057912803035 38.25845947191801 19.15279531967134 54.09181375136638 68.92360559188637 15.47691588663534 36.489772223547185 38.78637345111593 21.77275664162213 30.65106918010106 33.4880969317137 40.21213565554187 64.92119657582462 23.30919917183858 53.57870309957864 0.0 44.96937009117128 78.17064282450802 43.61948366284581 11.831026440677144 20.785035635213404 25.03849770316774 23.977101306200883
60.23058603135861 33.79219251421387 36.75740544572464 57.26527796170706 57.26527796170706 14.872853592488696 30.827933878623067 64.57926578819075 12.108148440281134 23.063894183855233 34.557104549023435 79.44637807777599 49.41331097681536 37.47692996980291 59.84060909048887 19.251593511888277 6.224217074539443 21.482930482107207 19.77249549155033 4.658435639106172 56.10545421038929 44.14678290802575 35.44103156778506 51.612980631572526 59.87928662466928 32.158126123482276 28.200204626758193 61.772328580429665 9.43294393405004 24.12733454986121 33.256212340768236 76.77399263434668 44.45121341505704 31.529501769154262 60.190234479245866 20.624853961894 10.319431756981555 19.955191922476658 23.71757191003383 9.991615197943931 44.96937009117128 0.0 33.300942679855154 17.987737801274168 53.56592930571668 31.705656492483055 40.50137079156723 23.44435235654694
93.39723929627979 62.971251945646806 15.666205777576788 90.04940574946905 90.04940574946905 19.205278148123927 61.996003494174126 97.65603309984157 21.71996191794251 10.25986947382435 67.81537897801013 111.9588131865856 73.15640294696155 69.37845577285019 91.38320568387 50.31700030165208 37.78064867550259 14.291489007222161 52.34148303702221 37.854869485753554 89.1049005656142 72.71872162486565 17.890004512332183 84.90854996802919 92.87367901185094 61.78839024662263 52.34148303702223 95.01635060032483 24.8119022584666 9.267564649140233 66.34359299442511 109.59441950865939 71.8173770781592 63.8019883433258 91.65290013644518 51.07997714946262 39.166024732804786 13.723650456494338 56.7629708944338 24.895730932753494 78.17064282450802 33.300942679855154 0.0 40.51591064227167 86.82517998990657 62.746119999706586 69.52452185723881 55.48539194200344
61.75664896115488 45.5998276177475 49.37953373482486 60.81323611267626 60.81323611267626 22.54503721040784 23.77764239229887 66.47226273186044 25.395205459478554 31.94353991800039 37.25784489922535 82.91836282554213 63.72140388573374 45.024043521029355 66.31107173100074 31.380117125536163 13.160469366034778 33.76223507564987 28.87727406669336 18.810111584113343 58.82491092628303 55.51088817288014 48.98342216728848 52.016214707354656 62.41824612257947 22.13008105583044 12.057542473474763 62.53988626451097 24.348709428069498 31.894993687099433 37.56919482958598 79.34456769260169 56.818525372119424 39.017687965121205 66.78631914578625 33.20533112138933 8.723932454792164 30.554832692465702 30.006707606327325 17.724720600966947 43.61948366284581 17.987737801274168 40.51591064227167 0.0 54.572392834298036 24.291275280554014 29.270737814583423 19.849999633560763
7.205050601942704 33.31045803679634 87.5706275794892 9.490608798659473 9.490608798659473 68.25068720237752 32.55178648385406 11.95659439488845 65.22811657160793 76.5668374478359 19.011358811020074 28.85137130621342 46.23101888530514 21.965957646261245 20.294453271662036 38.41568323375503 49.904134048606416 74.03006445547723 34.99513607233713 48.974874382719264 6.349247671893599 32.27964526349844 85.36590235983095 2.8964285134437384 8.694322770041198 36.76732989119221 49.95756018371248 8.22204888822134 62.200369158855786 77.6907793999645 20.714052949374842 24.877115292381372 36.07114858766832 25.093439124219234 20.921746636678247 38.49250534875555 50.26775160353416 73.26483034516852 30.196909854172034 62.82002484080254 11.831026440677144 53.56592930571668 86.82517998990657 54.572392834298036 0.0 32.51953550043998 36.59356458094981 34.7260637482829
39.647741644037815 37.93048079873505 68.39589724970725 40.36885747410131 40.36885747410131 43.60860896598735 0.9482459877281243 44.396764436077206 43.44205984955647 53.08040792673662 19.77277826623315 61.37001860204674 57.36040028760406 31.394575440824244 48.31302943492197 29.380114090972633 25.827590047876786 52.85748128058622 24.305054740945014 28.494638703728466 37.81286906907098 45.19027657545357 67.14636825465553 29.71006904748409 41.022822777926415 4.613845499126284 17.476127227923612 39.89828689471269 41.062969985792336 53.57998635875582 21.99970723024196 57.27479065900222 47.88878523077979 27.1057830172033 48.88660420450922 30.957004276249627 23.60592860484692 50.6604880523583 20.93728704817823 37.951385789758554 20.785035635213404 31.705656492483055 62.746119999706586 24.291275280554014 32.51953550043998 0.0 10.46826704901368 8.701593315375678
