0.0 15.511224659327667 65.04064330273621 27.082805367515036 10.227596083959515 44.374802172304506 50.151539310293465 46.27246298005281 49.93059943943728 30.988906942174125 14.31620758522591 17.407524319344823 25.690876150299793 53.93860273139212 21.361053733890778 39.299314998146244 8.633826311862276 9.331320493686308 41.89139185191513 13.76866562600891 14.633998387154634 7.20123449538442 48.31343924461968 27.207903807211725 12.691536719791463 45.037440009048424 44.96216924865878 19.767594009390518 47.16432080076741 24.376345664006966 9.205163583041294 18.716166306201544 27.335799280140314 54.82000100172721 17.086798921686782 44.38022781334956 5.625661291467468 11.745815342936087 41.42668719526437 13.20592519270234 8.298055725916885 7.756350318685206 30.359219834931455 46.438914167910944 49.03942422154612 34.88226596855143 53.64552589917104 26.376467182868602
15.511224659327667 0.0 50.70321433515359 14.990155646143847 20.61835063858204 31.606089124810996 35.95089300285945 57.83519958128069 60.29382651931862 43.8985299337053 4.447918246227969 2.2241123132326868 27.076715910117713 39.42112703749364 36.06990820243786 49.743005272067826 20.23147272585753 13.180004911257756 26.40734850973999 27.78998778118471 21.95039629658907 9.290259382809618 33.97411460826619 17.114441274658066 27.59640395479244 32.310660037287036 30.46103245267551 35.22653741505148 56.24826766525058 38.66012122140622 7.771592260931188 4.444226582386179 27.624112865014723 40.45147774840688 31.73036629315622 54.49076744660681 20.157338235590423 3.790620604633972 25.917084515971077 26.456325174081222 23.63854877018707 16.671799573901012 16.254651636910953 58.47379001286656 57.85027659440306 43.42994562918895 67.81393154089014 41.81438042249017
65.04064330273621 50.70321433515359 0.0 38.324169363145145 71.29986320314842 22.232395092546472 14.890380306600514 108.0573149741258 109.82146769400998 94.58764073357652 54.15093632595575 48.50183388028819 55.943090836306396 11.326823409162278 86.34991695901634 99.57612490375807 65.74876150853261 57.99614790902857 27.80572519749261 73.55188389754265 62.54537667364816 59.91331527978477 16.759695752998145 39.54844222306694 77.70278196107272 21.762049431987723 20.24229686298624 84.39589489205198 105.01309194767765 89.16905050593736 58.47435554291964 49.7270049523104 54.18811626786087 10.2562785815182 82.03031384550027 104.00812194058098 68.07128172895095 53.97741345391833 29.88156273252726 71.51572948419987 72.06411493427628 62.148284298409116 34.720746153225676 108.88063064679922 86.59655892697322 92.42291884381702 108.9963223664623 90.96105448563067
27.082805367515036 14.990155646143847 38.324169363145145 0.0 34.712565800141675 17.31675921429963 23.5066814291713 72.21450801116916 75.00085601288573 57.63720474932091 19.36869112866984 12.941482103629056 22.748562805008863 27.575553151869784 48.43134729411494 64.38433280400787 27.50833442065162 19.678483169655042 20.45873151860973 35.41049189309188 25.139452453161148 23.07096033959906 21.864767150421578 4.035587397404013 39.76282998526213 17.99044953909429 18.87495646594246 46.11404031518182 71.14158003736303 51.44822437726383 22.130696464418655 16.638070804989948 22.025473647341066 28.258564622798012 44.16940375633903 69.22448968986633 29.760851286257534 17.17495384296647 21.447509783854635 33.45469335226208 33.76427998594523 23.853636927999023 5.708731419477304 72.68628075131338 56.25277694356479 58.33048229967993 72.91191822085985 52.65831718862506
10.227596083959515 20.61835063858204 71.29986320314842 34.712565800141675 0.0 51.89219925513795 56.56891973953133 37.50454054830825 40.5492168816976 23.287794036128933 17.30991492997695 22.83512594949106 35.9117383604384 59.99944051654902 16.935549402055713 29.881329709410704 17.98632096264364 19.330670613174835 45.9786627202636 20.014001129179274 24.56496720572136 11.651797211586274 54.586680114930225 35.65351372289151 10.19885145677445 52.584972729352664 51.059998145566794 18.742703856792605 37.31938930606724 18.8004877053129 12.858201590353424 21.97895996675165 37.56270485729308 61.05430561530098 12.911956063371614 34.859546666371976 13.611710069418926 17.622964656225804 44.99790536553501 20.48193438630051 13.150630393603684 17.92774615943489 36.83036836775852 37.99386616424096 57.04843791404158 24.822721605725302 56.76164985777319 24.52797673373763
44.374802172304506 31.606089124810996 22.232395092546472 17.31675921429963 51.89219925513795 0.0 9.10512989928258 89.34607115516258 91.89939143868028 74.9279574822997 35.70413582769466 29.40720895364864 33.8678559628927 13.349277773325284 65.69798372450313 81.34446808666317 44.037297901711284 36.53894152289495 19.353252501723457 51.68513790066854 40.42866826976359 40.24261284907203 8.84901214836002 17.682142222354265 57.03607542210122 0.7113065980788735 8.95001094784706 63.12699257890521 87.76007017379858 68.74947826828436 39.144710798613495 32.0087969135394 32.21363555387674 13.297596494014511 61.454927953788975 86.09446681372089 46.75498872248231 34.27351218155515 21.721516638307843 49.59614637056967 50.77506325782624 40.56855466029364 15.648745157729559 89.88587977161548 65.5774651591548 74.9488301013847 86.81212608410526 69.60211887478147
50.151539310293465 35.95089300285945 14.890380306600514 23.5066814291713 56.56891973953133 9.10512989928258 0.0 93.56457070181645 95.56950523511897 79.84781326589469 39.54952020565813 33.736924353271526 42.54538204788051 4.354405184141179 71.46836744585694 85.20731803594165 50.997048571746475 43.18354283014914 15.981089716763622 58.85748925560603 48.10314126792081 45.10760740021352 2.13391979423662 25.025376193348315 62.81754899963866 8.965965289231846 5.7254358752188805 69.52200993786138 90.97550806041953 74.30773489585414 43.71838660545402 35.26191182686491 40.99827639661567 4.76001636343717 67.15198690511137 89.74729787941642 53.21490109046966 39.149670430689525 18.42841962103999 56.85753988330046 57.20014541641083 47.35910090259454 19.855587588574917 94.31253149434549 74.62898901445945 78.27591191506441 95.18011251167592 76.09474470043092
46.27246298005281 57.83519958128069 108.0573149741258 72.21450801116916 37.50454054830825 89.34607115516258 93.56457070181645 0.0 6.593500961918206 15.951419215576834 54.02600186303792 60.056756617425066 69.71317005513795 96.7336237880089 28.033305669668113 9.028403188733868 50.81156922438626 55.485400083240435 81.42139113537124 47.02814237680108 57.476208042096495 49.14474369557814 91.52030110147987 73.07622913741969 35.05208429534424 90.04307033144677 87.93446002486687 34.10713003612276 11.10957407921272 24.441343688796305 50.20401940706385 58.3396524697127 71.74233950778729 97.89254207906743 30.985487661332414 7.1185571052266035 46.384883052502474 55.0830383437413 79.98132382663535 48.95189676460879 43.0425933621259 52.695393317992476 74.08093002420358 2.4687951627248834 78.28654907526946 17.376247487884488 61.14030562868893 31.464844510054668
49.93059943943728 60.29382651931862 109.82146769400998 75.00085601288573 40.5492168816976 91.89939143868028 95.56950523511897 6.593500961918206 0.0 21.06549378639854 56.25919000013904 62.49303868699548 74.20482543917689 98.53561764160519 33.23544516844412 10.669598971180275 55.20352228929985 59.247508090318604 82.7057088922009 52.06698660885403 61.98890492366961 52.01813468276524 93.4887342053724 76.17353246948726 39.51988390153547 92.60431363834016 89.88130528285537 39.57132239956968 6.593500961918058 29.72899664020372 52.870661795715414 60.33319064790726 76.16877197720713 99.75914201580007 35.730046858690216 5.822747624181456 50.65480155476546 57.82995540848268 81.10956593284199 53.88840639844449 47.56493850119721 56.770832689883804 76.42104055769168 8.77288358816741 84.36623731086728 17.488337652332135 67.73127414192355 37.48574278699644
30.988906942174125 43.8985299337053 94.58764073357652 57.63720474932091 23.287794036128933 74.9279574822997 79.84781326589469 15.951419215576834 21.06549378639854 0.0 40.52598984456484 46.110913858220826 53.78830706884844 83.28577552349323 12.182424661151368 12.165165634163863 34.942947373354095 40.008314194912664 68.95027398659295 31.11971354449689 41.556098360723006 34.79311624928798 77.87164135313726 58.129174627003664 19.21533170665883 75.61081003734022 74.3476749472642 18.5283598703975 21.14873176616392 8.665047822055666 36.129447121017 45.11890899392526 55.83235285624595 84.3418224592166 15.053218642169744 16.752588007820655 30.592517039515037 40.783607675425515 67.79772126606288 33.01620651287553 27.143976264889677 36.99318956451547 60.072497488724615 15.660964434958814 63.83195858474219 15.140733394129386 50.98893578007646 17.306154451024785
14.31620758522591 4.447918246227969 54.15093632595575 19.36869112866984 17.30991492997695 35.70413582769466 39.54952020565813 54.02600186303792 56.25919000013904 40.52598984456484 0.0 6.432350313835102 30.35481672747139 42.828491313586895 33.53056574107247 45.77393722112865 20.704252836158396 14.838394037903312 28.762241154463993 27.64765121406444 23.707858646963764 7.197482646901115 37.5198889533138 21.562045363140573 25.34816919783976 36.41275692676222 33.95068624781655 33.427843974650834 52.059153899283416 35.859868289405256 5.223493994392479 4.738834033515879 31.11375586989825 43.935329016720964 29.2295722517847 50.443324571067464 19.61044963303127 4.875360264165807 27.932352399047023 26.622723549206665 22.610672874022207 17.54523276343384 20.1623767345601 54.76475983706665 59.873030413557466 39.24556259842335 67.76637703935103 39.91220443062573
17.407524319344823 2.2241123132326868 48.50183388028819 12.941482103629056 22.83512594949106 29.40720895364864 33.736924353271526 60.056756617425066 62.49303868699548 46.110913858220826 6.432350313835102 0.0 26.716254058010147 37.22802710373436 38.17361211577127 51.95089683314489 21.519632625529034 14.081917047172338 24.492263761324455 29.24523012531815 22.616998486403862 11.442818254266214 31.765866823125183 15.308882403319092 29.658714828146103 30.11280620215654 28.260946650857402 37.16809504976321 58.41003405197433 40.80624255839533 9.98146777200196 4.716228719238781 27.088841612076727 38.248205170633035 33.83296945911565 56.687288672454685 21.81499238362518 5.68827748648693 24.12027764981421 27.80371202323556 25.41462810482018 17.850679337390144 14.030705364246073 60.697836460951834 58.187076199334456 45.59183206505248 69.120482258526 43.769922332926406
25.690876150299793 27.076715910117713 55.943090836306396 22.748562805008863 35.9117383604384 33.8678559628927 42.54538204788051 69.71317005513795 74.20482543917689 53.78830706884844 30.35481672747139 26.716254058010147 0.0 46.89978678644612 42.041573166109046 63.8175688319727 19.008231367194195 17.220667903811233 43.176988053097396 23.54834970514445 12.238057492458365 27.920143872424585 41.54317213800655 19.209283848421325 34.71191188676522 34.26369612786074 39.48606590307862 37.03555660436195 72.17543672985941 45.630775712092486 28.724946873423075 31.31679596570781 2.2247257474476507 47.070769975404566 38.73531124729777 68.9477452556242 23.609603703584764 25.537391027916534 44.18987848569273 21.376026540709184 26.68145720657509 18.01002375118726 28.455610310096635 69.40064205460217 33.5069100572681 60.29001542651589 53.11834861608092 42.430468352230164
53.93860273139212 39.42112703749364 11.326823409162278 27.575553151869784 59.99944051654902 13.349277773325284 4.354405184141179 96.7336237880089 98.53561764160519 83.28577552349323 42.828491313586895 37.22802710373436 46.89978678644612 0.0 75.19286434838905 88.26663808252026 55.08348182036662 47.21881700086465 17.176107718578944 62.97859379085811 52.34189843649795 48.65686360158527 5.710819195119332 29.271932583669113 66.56535554216703 13.140326133184052 8.988925052236306 73.42991652366646 93.78151341506711 77.96184450685303 47.188952690590384 38.400651895037214 45.34972552727822 1.557051743905956 70.8640705558589 92.71943172947333 57.17447358583576 42.744972286737976 19.46283609678657 61.001435496477576 61.14069854446156 51.4153143537191 23.57940154105742 97.5538112056751 78.92254952683521 81.15820027573055 99.50844006411742 80.01963024534301
21.361053733890778 36.06990820243786 86.34991695901634 48.43134729411494 16.935549402055713 65.69798372450313 71.46836744585694 28.033305669668113 33.23544516844412 12.182424661151368 33.53056574107247 38.17361211577127 42.041573166109046 75.19286434838905 0.0 23.7959960577985 23.547598512347175 29.586866010408638 62.253940147342206 19.00179960281226 29.881400338129726 26.80033610375548 69.6021188747815 48.34277792814294 8.670050585552938 66.35412460238581 66.2050325559037 6.615379146354121 32.80247991004643 3.610428454708699 28.519345649960943 38.26924667079121 44.14091929542157 76.11234159092788 4.340650064880817 28.686863454928723 19.566170304490253 32.52957137512603 61.46190468124482 20.96443723210172 15.760010087210128 26.089057240787167 51.63383272046944 27.480245514867324 52.39047375227339 23.926934154846432 43.65720062612089 8.70528848188463
39.299314998146244 49.743005272067826 99.57612490375807 64.38433280400787 29.881329709410704 81.34446808666317 85.20731803594165 9.028403188733868 10.669598971180275 12.165165634163863 45.77393722112865 51.95089683314489 63.8175688319727 88.26663808252026 23.7959960577985 0.0 44.81133470218894 48.62455492487555 72.70854351447694 42.17073893131263 51.641317407489645 41.37280640858283 83.14105844932087 65.51453099481579 29.26202536940512 82.0475752940216 79.54091277049466 30.35922090478508 9.02840318873376 20.52595038980115 42.26103764992888 49.94553805043237 65.74508345602239 89.46043963462337 25.7337449225901 5.130256460304205 40.21809462624614 47.20954637355527 71.2095223216442 43.883507857843696 37.28290970060519 46.23680241356005 65.92063208273836 10.728475695715913 75.93493513612097 8.407416304249676 62.37704884289634 29.457129110081517
8.633826311862276 20.23147272585753 65.74876150853261 27.50833442065162 17.98632096264364 44.037297901711284 50.997048571746475 50.81156922438626 55.20352228929985 34.942947373354095 20.704252836158396 21.519632625529034 19.008231367194195 55.08348182036662 23.547598512347175 44.81133470218894 0.0 8.000451915212258 45.29533815527656 7.993832075016076 6.874547053433142 14.546562417227612 49.37281296156655 26.355892034686583 15.760484145359014 44.637630535344556 46.31957558181742 19.51903282479084 53.21750353585972 27.05839998919275 16.329698316280076 24.311715102926843 20.968721348129577 55.75433758016145 19.92636076157663 49.94131475510665 4.662079715485222 16.662592695565937 45.275434790738295 6.308118169348052 7.8243725788647795 3.788124572761815 32.002167505664 50.59827842447882 40.48057022777437 41.53456475863817 47.6068068999173 25.75742161972225
9.331320493686308 13.180004911257756 57.99614790902857 19.678483169655042 19.330670613174835 36.53894152289495 43.18354283014914 55.485400083240435 59.247508090318604 40.008314194912664 14.838394037903312 14.081917047172338 17.220667903811233 47.21881700086465 29.586866010408638 48.62455492487555 8.000451915212258 0.0 37.356640983153554 15.994272877503757 8.889286134039855 10.808849116342582 41.51212553571519 18.92357278692431 21.086577566858832 37.16443960250876 38.40201619656027 26.59061037397931 56.48025372179815 32.87276198943228 11.888438543175756 17.546030805008364 18.59667254762197 47.932437515184574 25.522343274198796 53.709480028091605 10.232301681105016 10.124818809812101 37.41085332631738 14.236527868614267 14.249986530603797 4.2314095857992395 24.018300673167722 55.56898488806465 45.03870214738884 44.127104555257425 55.23677039386865 33.069439180043396
41.89139185191513 26.40734850973999 27.80572519749261 20.45873151860973 45.9786627202636 19.353252501723457 15.981089716763622 81.42139113537124 82.7057088922009 68.95027398659295 28.762241154463993 24.492263761324455 43.176988053097396 17.176107718578944 62.253940147342206 72.70854351447694 45.29533815527656 37.356640983153554 0.0 53.244108633570384 44.548469877256345 35.518154086060825 14.006420268379259 24.024363578787277 53.917581488854005 19.832018127805405 11.193000288804809 61.632587050579396 77.63768597196106 64.62150372344563 33.74047617655233 24.034402368568387 42.33274551393633 18.66566398821809 57.93368059395503 76.92792810543966 46.195804081757515 30.147330051658127 2.4778648593482724 51.58136160970388 49.88216175653967 41.51050679613412 14.759061217408979 82.44631847803765 76.6816106094542 65.22629315383357 92.35615750526719 68.22167457722152
13.76866562600891 27.78998778118471 73.55188389754265 35.41049189309188 20.014001129179274 51.68513790066854 58.85748925560603 47.02814237680108 52.06698660885403 31.11971354449689 27.64765121406444 29.24523012531815 23.54834970514445 62.97859379085811 19.00179960281226 42.17073893131263 7.993832075016076 15.994272877503757 53.244108633570384 0.0 11.984526972564632 20.826652701579967 57.26842526972413 34.04484291915544 13.403519258589968 52.26601206242507 54.256963162307564 13.514825363494356 50.99464321674189 22.60687830192466 22.788378557850194 31.645895769483086 25.72961159088685 63.617333048398024 16.43756166757729 47.223098765775916 8.15624419679498 24.08743073335743 53.171316627336154 2.223602066627489 6.864521609593445 11.77467359423888 39.98687350151211 46.46706232132329 37.12633799611461 40.36776276684455 40.13481280043543 19.001799602812284
14.633998387154634 21.95039629658907 62.54537667364816 25.139452453161148 24.56496720572136 40.42866826976359 48.10314126792081 57.476208042096495 61.98890492366961 41.556098360723006 23.707858646963764 22.616998486403862 12.238057492458365 52.34189843649795 29.881400338129726 51.641317407489645 6.874547053433142 8.889286134039855 44.548469877256345 11.984526972564632 0.0 18.93889477450244 46.670233535758555 23.07776901379372 22.480346609714722 40.97107266317478 43.9098282037019 25.176366842491813 60.08288537055909 33.45469888951376 20.350869057203354 26.362500531817627 14.281485569258528 52.84539458163893 26.503014914480655 56.769847081081316 11.534339832417729 19.01340423532307 44.90493551589871 9.762519458207997 14.444596577762178 7.071741599145007 30.31757485338348 57.179241710457184 36.16769106521431 48.399405355665124 47.880186400860964 30.957794003205844
7.20123449538442 9.290259382809618 59.91331527978477 23.07096033959906 11.651797211586274 40.24261284907203 45.10760740021352 49.14474369557814 52.01813468276524 34.79311624928798 7.197482646901115 11.442818254266214 27.920143872424585 48.65686360158527 26.80033610375548 41.37280640858283 14.546562417227612 10.808849116342582 35.518154086060825 20.826652701579967 18.93889477450244 0.0 43.16232759619949 24.184424334674624 18.399558154035656 40.93465638807932 39.68034814945339 26.300956569068653 48.432652995977875 29.370454529723457 2.0067813257998606 11.780452842182566 29.13943782892407 49.65716127478442 22.46406469071415 46.272506898133095 12.685854808094334 5.992264090454787 34.8549313748255 20.024636827997984 15.459306556376317 12.045767821557922 25.289552811233772 49.64490517421417 54.759952473114666 35.701223382139034 60.82695570779391 32.82682692377316
48.31343924461968 33.97411460826619 16.759695752998145 21.864767150421578 54.586680114930225 8.84901214836002 2.13391979423662 91.52030110147987 93.4887342053724 77.87164135313726 37.5198889533138 31.765866823125183 41.54317213800655 5.710819195119332 69.6021188747815 83.14105844932087 49.37281296156655 41.51212553571519 14.006420268379259 57.26842526972413 46.670233535758555 43.16232759619949 0.0 23.617236701215866 60.96149982016365 8.878394786968382 3.612210099115785 67.75767177125691 88.87324332424612 72.41003563015168 41.745187176028615 33.19933705935539 40.07140781826125 6.510327547248559 65.27932592276304 87.66701591238014 51.48452277584263 37.21975327390802 16.47042529748532 55.293606652725074 55.45665260338605 45.70644543548694 17.968300316138876 92.28439588247763 73.9457554126944 76.18190477420711 93.94992236354993 74.34209332132274
27.207903807211725 17.114441274658066 39.54844222306694 4.035587397404013 35.65351372289151 17.682142222354265 25.025376193348315 73.07622913741969 76.17353246948726 58.129174627003664 21.562045363140573 15.308882403319092 19.209283848421325 29.271932583669113 48.34277792814294 65.51453099481579 26.355892034686583 18.92357278692431 24.024363578787277 34.04484291915544 23.07776901379372 24.184424334674624 23.617236701215866 0.0 39.72594500120113 18.28746498836467 21.004601409850196 45.505269957443566 72.59610453003661 51.510032698976524 23.548494450271868 19.498552230516356 18.30853791612537 29.769130036353225 44.16882862018582 70.44419359172069 29.155778208532567 18.58967745474156 25.181607856278504 31.982920766951263 33.17339376236325 22.89955158666336 9.468968261850573 73.41574054115198 52.68380924636638 59.831274859788216 70.43866913425717 51.94928074029489
12.691536719791463 27.59640395479244 77.70278196107272 39.76282998526213 10.19885145677445 57.03607542210122 62.81754899963866 35.05208429534424 39.51988390153547 19.21533170665883 25.34816919783976 29.658714828146103 34.71191188676522 66.56535554216703 8.670050585552938 29.26202536940512 15.760484145359014 21.086577566858832 53.917581488854005 13.403519258589968 22.480346609714722 18.399558154035656 60.96149982016365 39.72594500120113 0.0 57.69396494252019 57.58015112487864 8.582960090245283 37.89898965150582 11.798405191102617 20.213644675706764 30.064178869784246 36.71182288245036 67.47098813012404 4.4458800418655535 34.37761781843515 11.380905569259147 23.98604353167295 53.230424279389936 14.833773669809549 8.045059420184216 17.826494743992527 42.995045912695595 34.876085629236776 49.89514982025825 26.971290761446564 46.7350464012691 14.704055075200868
45.037440009048424 32.310660037287036 21.762049431987723 17.99044953909429 52.584972729352664 0.7113065980788735 8.965965289231846 90.04307033144677 92.60431363834016 75.61081003734022 36.41275692676222 30.11280620215654 34.26369612786074 13.140326133184052 66.35412460238581 82.0475752940216 44.637630535344556 37.16443960250876 19.832018127805405 52.26601206242507 40.97107266317478 40.93465638807932 8.878394786968382 18.28746498836467 57.69396494252019 0.0 9.256407425866794 63.75441578369892 88.46926208483573 69.41317553680868 39.84304916786034 32.72010351161828 32.582895930804334 13.01015892820479 62.11497455941686 86.79986770810912 47.38478963384509 34.96784858533916 22.217737283434783 50.17088254402745 51.40498373351923 41.182272800132125 16.36005175580843 90.5788272799626 65.82557645911228 75.65772633270248 87.2504579721157 70.22250763535946
44.96216924865878 30.46103245267551 20.24229686298624 18.87495646594246 51.059998145566794 8.95001094784706 5.7254358752188805 87.93446002486687 89.88130528285537 74.3476749472642 33.95068624781655 28.260946650857402 39.48606590307862 8.988925052236306 66.2050325559037 79.54091277049466 46.31957558181742 38.40201619656027 11.193000288804809 54.256963162307564 43.9098282037019 39.68034814945339 3.612210099115785 21.004601409850196 57.58015112487864 9.256407425866794 0.0 64.49262572857558 85.26103598751433 68.97416010745732 38.23207656016283 29.604156019506163 38.14475565404375 9.994873859948829 61.87568550316433 84.05983229169227 48.27688562844209 33.75989535821411 13.66639277542475 52.32126109562609 52.227404492521444 42.61693309343142 14.607957444545814 88.71111172831037 72.32254940184595 72.5705049523288 91.44321760232926 71.08975366175281
19.767594009390518 35.22653741505148 84.39589489205198 46.11404031518182 18.742703856792605 63.12699257890521 69.52200993786138 34.10713003612276 39.57132239956968 18.5283598703975 33.427843974650834 37.16809504976321 37.03555660436195 73.42991652366646 6.615379146354121 30.35922090478508 19.51903282479084 26.59061037397931 61.632587050579396 13.514825363494356 25.176366842491813 26.300956569068653 67.75767177125691 45.505269957443566 8.582960090245283 63.75441578369892 64.49262572857558 0.0 39.37857360062078 9.879908274561398 28.217540590487044 38.0784107286201 39.20190781165817 74.23921478550167 6.9940714996353215 35.19352301586651 16.375543611644964 31.49136486662397 61.096136408989324 15.661180686786556 12.358121295220995 22.654655698229245 49.8963537516338 33.33213455279787 45.77931818660082 30.425915741500347 38.72404422543563 6.6153791463541785
47.16432080076741 56.24826766525058 105.01309194767765 71.14158003736303 37.31938930606724 87.76007017379858 90.97550806041953 11.10957407921272 6.593500961918058 21.14873176616392 52.059153899283416 58.41003405197433 72.17543672985941 93.78151341506711 32.80247991004643 9.02840318873376 53.21750353585972 56.48025372179815 77.63768597196106 50.99464321674189 60.08288537055909 48.432652995977875 88.87324332424612 72.59610453003661 37.89898965150582 88.46926208483573 85.26103598751433 39.37857360062078 0.0 29.553856570179953 49.08408843978745 55.90207426472197 74.0442411521634 95.0493512534726 34.57169189718594 4.819793459628247 48.5786784640697 54.06287722157355 75.94439008597344 52.64435072647549 45.852146595370534 54.384486817443005 72.1683790058576 13.57836568218032 84.95724898067498 12.818438880658295 70.5988547895219 38.3874376985199
24.376345664006966 38.66012122140622 89.16905050593736 51.44822437726383 18.8004877053129 68.74947826828436 74.30773489585414 24.441343688796305 29.72899664020372 8.665047822055666 35.859868289405256 40.80624255839533 45.630775712092486 77.96184450685303 3.610428454708699 20.52595038980115 27.05839998919275 32.87276198943228 64.62150372344563 22.60687830192466 33.45469888951376 29.370454529723457 72.41003563015168 51.510032698976524 11.798405191102617 69.41317553680868 68.97416010745732 9.879908274561398 29.553856570179953 0.0 30.9900036576798 40.588159388085515 47.7231193764041 78.91833862315755 7.353604113308054 25.31874254859282 22.97406083903357 35.22196615440164 63.72706552398417 24.574789872537142 19.245633105106 29.488532245918513 54.45313465709543 23.8699416142399 55.44618344502761 21.450518266739827 45.01404185558243 9.977920159111832
9.205163583041294 7.771592260931188 58.47435554291964 22.130696464418655 12.858201590353424 39.144710798613495 43.71838660545402 50.20401940706385 52.870661795715414 36.129447121017 5.223493994392479 9.98146777200196 28.724946873423075 47.188952690590384 28.519345649960943 42.26103764992888 16.329698316280076 11.888438543175756 33.74047617655233 22.788378557850194 20.350869057203354 2.0067813257998606 41.745187176028615 23.548494450271868 20.213644675706764 39.84304916786034 38.23207656016283 28.217540590487044 49.08408843978745 30.9900036576798 0.0 9.870703636780917 29.821731144969473 48.22299393344925 24.194489311432143 47.0941259758701 14.66097529966228 4.9791461865507 33.01693761887926 21.936412156662193 17.465836097364086 13.615736765063504 23.974955871620097 50.785137476525584 56.34420834493971 36.29799169834734 62.817354846435194 34.71942610304155
18.716166306201544 4.444226582386179 49.7270049523104 16.638070804989948 21.97895996675165 32.0087969135394 35.26191182686491 58.3396524697127 60.33319064790726 45.11890899392526 4.738834033515879 4.716228719238781 31.31679596570781 38.400651895037214 38.26924667079121 49.94553805043237 24.311715102926843 17.546030805008364 24.034402368568387 31.645895769483086 26.362500531817627 11.780452842182566 33.19933705935539 19.498552230516356 30.064178869784246 32.72010351161828 29.604156019506163 38.0784107286201 55.90207426472197 40.588159388085515 9.870703636780917 0.0 31.754326412593176 39.552985344628446 33.96688820812243 54.51050799692515 23.776809770780538 7.651693623773995 23.194673551563273 30.443620586132237 26.99990152886431 20.866160259664937 16.36005175580985 59.15600859685667 62.29435286634511 43.130720372260036 71.76533164723935 44.58949245349079
27.335799280140314 27.624112865014723 54.18811626786087 22.025473647341066 37.56270485729308 32.21363555387674 40.99827639661567 71.74233950778729 76.16877197720713 55.83235285624595 31.11375586989825 27.088841612076727 2.2247257474476507 45.34972552727822 44.14091929542157 65.74508345602239 20.968721348129577 18.59667254762197 42.33274551393633 25.72961159088685 14.281485569258528 29.13943782892407 40.07140781826125 18.30853791612537 36.71182288245036 32.582895930804334 38.14475565404375 39.20190781165817 74.0442411521634 47.7231193764041 29.821731144969473 31.754326412593176 0.0 45.46802650673885 40.78047548526767 70.87503367298673 25.527623531676856 26.364501424105626 43.45307970782819 23.54843654123187 28.699801240019326 19.740979960927643 27.70093082020985 71.46025838264937 34.42953136383823 62.06966588871348 54.99228791445805 44.634594421087485
54.82000100172721 40.45147774840688 10.2562785815182 28.258564622798012 61.05430561530098 13.297596494014511 4.76001636343717 97.89254207906743 99.75914201580007 84.3418224592166 43.935329016720964 38.248205170633035 47.070769975404566 1.557051743905956 76.11234159092788 89.46043963462337 55.75433758016145 47.932437515184574 18.66566398821809 63.617333048398024 52.84539458163893 49.65716127478442 6.510327547248559 29.769130036353225 67.47098813012404 13.01015892820479 9.994873859948829 74.23921478550167 95.0493512534726 78.91833862315755 48.22299393344925 39.552985344628446 45.46802650673885 0.0 71.78965344093635 93.94047729942673 57.946482021424906 43.721759323221576 20.972761491226915 61.61741749938415 61.92656165196763 52.11212008893493 24.478571588843558 98.68757288622844 78.83092783283841 82.40341547542594 99.8310532981609 80.81786658405338
17.086798921686782 31.73036629315622 82.03031384550027 44.16940375633903 12.911956063371614 61.454927953788975 67.15198690511137 30.985487661332414 35.730046858690216 15.053218642169744 29.2295722517847 33.83296945911565 38.73531124729777 70.8640705558589 4.340650064880817 25.7337449225901 19.92636076157663 25.522343274198796 57.93368059395503 16.43756166757729 26.503014914480655 22.46406469071415 65.27932592276304 44.16882862018582 4.4458800418655535 62.11497455941686 61.87568550316433 6.9940714996353215 34.57169189718594 7.353604113308054 24.194489311432143 33.96688820812243 40.78047548526767 71.78965344093635 0.0 30.794355289327065 15.698389707657347 28.18976491665508 57.16155787700402 18.17557930832034 12.10827288444632 22.191449855489193 47.31130575028938 30.686496833493315 51.672212419715486 24.438918054543848 45.66216532521423 11.749180147625104
44.38022781334956 54.49076744660681 104.00812194058098 69.22448968986633 34.859546666371976 86.09446681372089 89.74729787941642 7.1185571052266035 5.822747624181456 16.752588007820655 50.443324571067464 56.687288672454685 68.9477452556242 92.71943172947333 28.686863454928723 5.130256460304205 49.94131475510665 53.709480028091605 76.92792810543966 47.223098765775916 56.769847081081316 46.272506898133095 87.66701591238014 70.44419359172069 34.37761781843515 86.79986770810912 84.05983229169227 35.19352301586651 4.819793459628247 25.31874254859282 47.0941259758701 54.51050799692515 70.87503367298673 93.94047729942673 30.794355289327065 0.0 45.34821111394992 52.05931012653414 75.35087031072726 48.96092923758995 42.404186043777386 51.356953217564545 70.60563176036571 9.50338738685333 80.56749582222834 11.760988612042935 65.78547767724447 33.84522682443953
5.625661291467468 20.157338235590423 68.07128172895095 29.760851286257534 13.611710069418926 46.75498872248231 53.21490109046966 46.384883052502474 50.65480155476546 30.592517039515037 19.61044963303127 21.81499238362518 23.609603703584764 57.17447358583576 19.566170304490253 40.21809462624614 4.662079715485222 10.232301681105016 46.195804081757515 8.15624419679498 11.534339832417729 12.685854808094334 51.48452277584263 29.155778208532567 11.380905569259147 47.38478963384509 48.27688562844209 16.375543611644964 48.5786784640697 22.97406083903357 14.66097529966228 23.776809770780538 25.527623531676856 57.946482021424906 15.698389707657347 45.34821111394992 0.0 16.38137462699059 45.92691844522354 7.63602053223568 4.020196285476084 6.522891297552532 33.72947145065067 46.25161446018648 43.9053177312324 36.87322591676518 48.171302679140005 22.897875481805062
11.745815342936087 3.790620604633972 53.97741345391833 17.17495384296647 17.622964656225804 34.27351218155515 39.149670430689525 55.0830383437413 57.82995540848268 40.783607675425515 4.875360264165807 5.68827748648693 25.537391027916534 42.744972286737976 32.52957137512603 47.20954637355527 16.662592695565937 10.124818809812101 30.147330051658127 24.08743073335743 19.01340423532307 5.992264090454787 37.21975327390802 18.58967745474156 23.98604353167295 34.96784858533916 33.75989535821411 31.49136486662397 54.06287722157355 35.22196615440164 4.9791461865507 7.651693623773995 26.364501424105626 43.721759323221576 28.18976491665508 52.05931012653414 16.38137462699059 0.0 29.696572929567854 22.82132550017733 19.84830201344186 13.228634038744424 19.31316275864404 55.61391207843377 55.14048199430999 41.27458720363209 64.1680969733317 38.08922494345581
41.42668719526437 25.917084515971077 29.88156273252726 21.447509783854635 44.99790536553501 21.721516638307843 18.42841962103999 79.98132382663535 81.10956593284199 67.79772126606288 27.932352399047023 24.12027764981421 44.18987848569273 19.46283609678657 61.46190468124482 71.2095223216442 45.275434790738295 37.41085332631738 2.4778648593482724 53.171316627336154 44.90493551589871 34.8549313748255 16.47042529748532 25.181607856278504 53.230424279389936 22.217737283434783 13.66639277542475 61.096136408989324 75.94439008597344 63.72706552398417 33.01693761887926 23.194673551563273 43.45307970782819 20.972761491226915 57.16155787700402 75.35087031072726 45.92691844522354 29.696572929567854 0.0 51.58023270515393 49.52603723326429 41.50580653750146 15.753082764287244 81.06222716377596 77.68429881841554 63.62153267298663 92.57683589235812 67.65856627655702
13.20592519270234 26.456325174081222 71.51572948419987 33.45469335226208 20.48193438630051 49.59614637056967 56.85753988330046 48.95189676460879 53.88840639844449 33.01620651287553 26.622723549206665 27.80371202323556 21.376026540709184 61.001435496477576 20.96443723210172 43.883507857843696 6.308118169348052 14.236527868614267 51.58136160970388 2.223602066627489 9.762519458207997 20.024636827997984 55.293606652725074 31.982920766951263 14.833773669809549 50.17088254402745 52.32126109562609 15.661180686786556 52.64435072647549 24.574789872537142 21.936412156662193 30.443620586132237 23.54843654123187 61.61741749938415 18.17557930832034 48.96092923758995 7.63602053223568 22.82132550017733 51.58023270515393 0.0 7.511430216177515 10.076473878977477 38.13549986445022 48.44467962001388 36.581011510766935 41.773563226841695 41.35780875323665 21.22250569308821
8.298055725916885 23.63854877018707 72.06411493427628 33.76427998594523 13.150630393603684 50.77506325782624 57.20014541641083 43.0425933621259 47.56493850119721 27.143976264889677 22.610672874022207 25.41462810482018 26.68145720657509 61.14069854446156 15.760010087210128 37.28290970060519 7.8243725788647795 14.249986530603797 49.88216175653967 6.864521609593445 14.444596577762178 15.459306556376317 55.45665260338605 33.17339376236325 8.045059420184216 51.40498373351923 52.227404492521444 12.358121295220995 45.852146595370534 19.245633105106 17.465836097364086 26.99990152886431 28.699801240019326 61.92656165196763 12.10827288444632 42.404186043777386 4.020196285476084 19.84830201344186 49.52603723326429 7.511430216177515 0.0 10.437578630301699 37.65744895590054 42.79113324064847 43.939084904698035 34.57959662707696 45.59000261341194 18.897132650863718
7.756350318685206 16.671799573901012 62.148284298409116 23.853636927999023 17.92774615943489 40.56855466029364 47.35910090259454 52.695393317992476 56.770832689883804 36.99318956451547 17.54523276343384 17.850679337390144 18.01002375118726 51.4153143537191 26.089057240787167 46.23680241356005 3.788124572761815 4.2314095857992395 41.51050679613412 11.77467359423888 7.071741599145007 12.045767821557922 45.70644543548694 22.89955158666336 17.826494743992527 41.182272800132125 42.61693309343142 22.654655698229245 54.384486817443005 29.488532245918513 13.615736765063504 20.866160259664937 19.740979960927643 52.11212008893493 22.191449855489193 51.356953217564545 6.522891297552532 13.228634038744424 41.50580653750146 10.076473878977477 10.437578630301699 0.0 28.249562182853293 52.63668825782249 42.73399332032479 42.33020669969019 51.27962640436297 29.05454548676531
30.359219834931455 16.254651636910953 34.720746153225676 5.708731419477304 36.83036836775852 15.648745157729559 19.855587588574917 74.08093002420358 76.42104055769168 60.072497488724615 20.1623767345601 14.030705364246073 28.455610310096635 23.57940154105742 51.63383272046944 65.92063208273836 32.002167505664 24.018300673167722 14.759061217408979 39.98687350151211 30.31757485338348 25.289552811233772 17.968300316138876 9.468968261850573 42.995045912695595 16.36005175580843 14.607957444545814 49.8963537516338 72.1683790058576 54.45313465709543 23.974955871620097 16.36005175580985 27.70093082020985 24.478571588843558 47.31130575028938 70.60563176036571 33.72947145065067 19.31316275864404 15.753082764287244 38.13549986445022 37.65744895590054 28.249562182853293 0.0 74.72836322756771 61.96090297689159 59.36770239537881 78.1908668212934 56.498344978070676
46.438914167910944 58.47379001286656 108.88063064679922 72.68628075131338 37.99386616424096 89.88587977161548 94.31253149434549 2.4687951627248834 8.77288358816741 15.660964434958814 54.76475983706665 60.697836460951834 69.40064205460217 97.5538112056751 27.480245514867324 10.728475695715913 50.59827842447882 55.56898488806465 82.44631847803765 46.46706232132329 57.179241710457184 49.64490517421417 92.28439588247763 73.41574054115198 34.876085629236776 90.5788272799626 88.71111172831037 33.33213455279787 13.57836568218032 23.8699416142399 50.785137476525584 59.15600859685667 71.46025838264937 98.68757288622844 30.686496833493315 9.50338738685333 46.25161446018648 55.61391207843377 81.06222716377596 48.44467962001388 42.79113324064847 52.63668825782249 74.72836322756771 0.0 76.94751304474059 19.135237352512505 59.11916625817182 30.27129019724841
49.03942422154612 57.85027659440306 86.59655892697322 56.25277694356479 57.04843791404158 65.5774651591548 74.62898901445945 78.28654907526946 84.36623731086728 63.83195858474219 59.873030413557466 58.187076199334456 33.5069100572681 78.92254952683521 52.39047375227339 75.93493513612097 40.48057022777437 45.03870214738884 76.6816106094542 37.12633799611461 36.16769106521431 54.759952473114666 73.9457554126944 52.68380924636638 49.89514982025825 65.82557645911228 72.32254940184595 45.77931818660082 84.95724898067498 55.44618344502761 56.34420834493971 62.29435286634511 34.42953136383823 78.83092783283841 51.672212419715486 80.56749582222834 43.9053177312324 55.14048199430999 77.68429881841554 36.581011510766935 43.939084904698035 42.73399332032479 61.96090297689159 76.94751304474059 0.0 76.05529285617031 31.494388659785365 46.88050051625093
34.88226596855143 43.42994562918895 92.42291884381702 58.33048229967993 24.822721605725302 74.9488301013847 78.27591191506441 17.376247487884488 17.488337652332135 15.140733394129386 39.24556259842335 45.59183206505248 60.29001542651589 81.15820027573055 23.926934154846432 8.407416304249676 41.53456475863817 44.127104555257425 65.22629315383357 40.36776276684455 48.399405355665124 35.701223382139034 76.18190477420711 59.831274859788216 26.971290761446564 75.65772633270248 72.5705049523288 30.425915741500347 12.818438880658295 21.450518266739827 36.29799169834734 43.130720372260036 62.06966588871348 82.40341547542594 24.438918054543848 11.760988612042935 36.87322591676518 41.27458720363209 63.62153267298663 41.773563226841695 34.57959662707696 42.33020669969019 59.36770239537881 19.135237352512505 76.05529285617031 0.0 65.92230037914521 31.341354294099805
