0.0 24.438663076090453 59.432776833106225 37.24434914646953 31.396777909098894 21.93349318084386 49.42072205148936 50.171744828844965 35.58717552791057 33.95227968704892 57.572347807788624 15.99685246972491 15.809270439546912 48.53829091649297 35.94809907498434 11.984092640975764 15.95779115320414 25.726784437815553 36.684012418882055 15.846384979680103 25.676748790339996 12.864453524543055 52.93344355295123 34.19391471712657 29.591935906118536 22.05211654565781 45.701135899062976 44.95788881077778 45.56191349090766 26.513421643057693 49.58929371740485 35.07947944655752 31.358986914225596 23.303758052143213 23.97756215478137 15.018099800921473 32.16689579123801 31.03775762098651 9.012124942971267 16.455920593816792 87.55783100291153 64.15251361819148 54.40140121126454 64.79410560573972 88.49766101608665 73.24013159899485 42.83027640731394 26.449743865132685 44.26721130819635 74.9294582682707 68.2262935767464 33.640111162107544 1.8279476650264808 35.635376751514265 70.22302421334004 74.42140199940667 44.80244182547231 29.509486883091196 46.14323507822708 76.04224993683653 89.52776217816779 66.79212176267441 57.46254727402249 67.36089837844007 90.37602780695303
24.438663076090453 0.0 53.6965722799967 40.011680687915096 31.205114952675668 7.222298629161887 29.708349841204022 28.697658067770412 36.86939800085378 24.46559885537627 80.00325917762828 21.662303995197952 12.473295799881475 41.96249994384812 42.46391103393838 12.953572020604875 21.458390779019016 9.579871119814555 42.057229486543925 15.172047368104355 15.698813321860394 24.86494431865566 48.070027402548725 36.239793484598884 19.007060086988304 3.4333616546695946 26.527288784298943 20.58363252501785 45.16594399800215 20.627891344281675 72.67483345567256 37.179497733959224 48.836142408407895 33.74445010812779 20.073755341256412 9.450050746395545 31.32266041495998 53.1307886487149 15.889680106220938 27.99746170498424 82.29103117424393 51.942825005801 31.92390407663454 41.65392607869157 69.61177190873282 76.10405700726734 41.55807122546941 7.5613016844109255 27.96654234104411 62.465477713949944 80.00921777875972 48.281676314992424 25.60484458704126 37.08016080586832 67.00082868807338 92.74007364710924 67.1577498956846 53.05097138665751 59.27434388526997 81.2852397705817 111.30786460456193 90.90697220341174 80.82970711888808 84.83827319199355 101.27364282073064
59.432776833106225 53.6965722799967 0.0 24.699373605612585 28.077002239577126 60.202981032905356 78.18249113905286 74.70789007327117 24.811391216677972 78.15993508099241 80.98132594499825 69.88557072254966 61.78815141195554 95.65496986730828 92.68027654565569 57.82978880246699 43.548896068453416 63.27047334477481 92.8251873508059 64.52588192561296 69.09393964954702 46.93282991436225 6.5195675458925 26.35845519584235 72.66965586214366 51.46869557742585 76.25889634105569 55.016596665010596 16.043277642212733 73.64218015133444 78.75579259460056 89.08003968428586 90.66968687647143 81.09134704153014 72.4365295141966 55.275236162551934 83.85679382082292 62.96019606913851 54.0628674754668 73.97588620018163 135.84500492119034 104.03839877012189 74.75909918656355 52.42774877736607 47.99193903023831 128.74259076335122 94.66819976154594 61.19091891830764 30.35516780976454 22.212406676681013 127.5262143430743 93.02266810068565 58.637456305058386 24.86642010458063 13.898902160861503 132.3583215236106 99.48594082636579 68.34477867163619 42.88816068042319 37.45142303618113 142.6252162842737 112.67077376707712 86.26835900561929 67.70917099602865 64.199762287981
37.24434914646953 40.011680687915096 24.699373605612585 0.0 8.887233834328736 44.733311142113635 68.96922639920325 66.87510454055544 3.411891346863466 62.854080744206996 59.53127412476232 50.34468487643488 43.91484013163249 80.09957917617015 72.56847365912502 39.08167087737071 22.606617268473165 48.68962517187041 73.04492076857049 46.20640659218039 53.21490377487922 24.383675735193155 18.517586539257337 3.775276138773146 57.31051675950247 36.86317894234533 66.1347320854457 50.42949689155221 8.887967689509619 56.866691785821644 55.940755474840536 70.29485135997814 67.62047933061775 60.221293354488665 55.067269630260014 37.68018433885771 65.91744706004016 38.75684993646734 34.12624527415024 53.1282423602744 120.62528826241287 91.84457317283061 68.66716018164782 58.22130167876892 66.77611000532819 109.6540779296724 77.02085466911865 47.278360903100484 30.54686357780346 45.00904851768867 105.23575808749187 70.65047669270326 36.10081983254405 3.1468694415101 33.337526018113834 108.17651560758131 74.92204707210135 43.80993046343618 24.90279379208058 41.42258480526043 117.92693529449703 88.30428149554051 63.900941390581345 52.57199454478461 61.96046344720673
31.396777909098894 31.205114952675668 28.077002239577126 8.887233834328736 0.0 36.18447781063627 60.08227512750407 58.017831378489426 5.664347915749833 54.40899956187649 63.41169708457948 43.000298463203514 35.907219257335385 71.77734270043895 65.59942369006183 31.3051141203881 15.661118083488601 40.04266913959856 65.93072153572808 38.36435260083228 44.81198488485963 18.86753860407943 21.562662099855302 5.194402770808957 48.841708115856456 28.11533194946611 57.25189483501854 41.956920590488544 14.873140701009113 48.683082105472934 58.711826665765116 62.7805543743225 62.5927373852145 53.58224066299853 47.02050749665253 29.51076784561343 58.10398965358488 40.009135799892015 26.786575644674734 46.441460269202864 112.34298594950528 83.10698166740323 59.89488008569312 51.602570377788325 64.28884996393641 102.37048165196671 69.17531238264264 38.54316434558481 24.099181264508186 45.50614137543876 99.58893334372524 65.02790344190012 30.563947855058675 5.876707570096038 39.112281654038554 104.57389290751073 72.367227023946 43.96779083438634 32.002380062106596 50.09962718086987 116.33093951697785 88.37605918743411 66.95187133827028 59.578210830549686 70.79094736164647
21.93349318084386 7.222298629161887 60.202981032905356 44.733311142113635 36.18447781063627 0.0 28.07112717830234 28.336701036153496 41.79332373236338 18.282012758601095 79.21362549157897 15.173841835283149 6.8810244824840385 35.776160609151546 35.26064592458169 10.04476105091829 23.972941447542432 4.32227240567152 34.83710458684236 8.939475232044016 8.896516840404196 26.10402449801993 54.38429870345303 40.9743304695977 12.704078456580046 8.739548527185635 24.48101608049947 25.39329839529588 50.67176590631751 13.572957309924915 71.42418546811348 29.980572939291314 42.62070024733637 26.96050984924087 12.864853511804434 8.311163587331162 24.184424334674624 52.41569246935481 15.01543510937619 21.720160849634134 76.31462513290353 47.34640933178715 32.46962619834811 47.55738066757098 76.57653666669654 69.0702225594794 34.614005095841854 4.518525110052557 35.17895401524023 69.63874322587176 72.87090849270126 41.625091952406294 23.451457436141904 41.977815952911165 73.27446218710239 86.26883655898345 62.00974624079652 51.409216420768836 61.93067797388454 86.15516613738166 105.67403830034117 86.80834804079373 79.36691213527182 86.35539779979527 104.9291820704638
49.42072205148936 29.708349841204022 78.18249113905286 68.96922639920325 60.08227512750407 28.07112717830234 0.0 5.134720571226526 65.6749661309254 20.692530789033007 106.9884054627232 37.21700115468636 33.61169070892716 27.900095997284136 44.51418039105148 37.95825802407833 51.03146166136997 23.891252053781965 43.00481670368099 33.948209376690656 24.489457745507234 53.88853166159469 73.58660218768746 65.24932467744958 21.6432063230911 33.12762623888358 3.765663839758503 24.461107403903444 72.92515820465499 26.37300045676471 98.96647482582415 36.898779618758596 60.75165640442195 44.11172954015486 28.69668313910802 36.295736486055695 31.609824589484443 80.31870661656392 43.085933955618586 42.81515842220964 61.351558697311035 27.0713332335303 9.826200760577304 43.07093184077214 77.51457880790096 65.16003517071847 34.78863881418359 23.86447328765847 48.203954897632 80.45230846780574 79.52163530584487 57.175434572998945 51.080078721390336 65.90996019387569 92.05365581810895 99.98737917356335 83.12088744422007 78.83794188437575 88.97467868992297 109.60063425781581 123.55960878375126 110.13716763544875 106.71478696099453 114.19512734149451 130.7196991595166
50.171744828844965 28.697658067770412 74.70789007327117 66.87510454055544 58.017831378489426 28.336701036153496 5.134720571226526 0.0 63.52638712196138 24.215380868944102 107.54859542082625 39.21686544858435 34.47196840724115 32.92685312785963 48.56504642855084 38.37923217574919 50.152140652687095 24.451796251696894 47.136925783278315 35.22734029640647 26.339168271340732 53.421070918234186 70.36079415686851 63.21045026308754 24.14844084496499 32.12194861244001 7.068750291207609 20.2010692310088 70.30250515896792 29.022192610057484 99.73826187921144 40.996274051713094 63.93423483215275 47.14778948208765 31.13319133269678 36.26401328398926 35.43224658814349 80.73258011185143 43.16876447771155 45.17389090978528 66.21650064281548 31.76457924483312 5.310940198974368 37.97733180426131 72.46518771187984 70.26520206262106 39.45234538646912 23.887650977254896 44.49264612452242 76.04876479070907 84.16452465998302 60.6897337567015 51.74574630334166 63.77148769515115 88.60465523791399 104.03801275654274 85.96007961791689 79.68119052450515 87.77117183939782 107.01959976671954 127.1129717629952 112.57863772517021 107.6327941173541 113.5355172852355 128.80386491202913
35.58717552791057 36.86939800085378 24.811391216677972 3.411891346863466 5.664347915749833 41.79332373236338 65.6749661309254 63.52638712196138 0.0 59.9873484283316 61.65592410656075 48.05761127768843 41.28778389056412 77.3131743428728 70.48389140846403 36.56539533956854 20.387017243456068 45.68249242045438 70.89160566660996 43.66804058844527 50.3713708114034 22.76181113851688 18.378741261636783 1.55203609696054 54.427081894718654 33.77483318908298 62.87653532937471 47.01799412948129 9.977543356480785 54.153911983564605 57.67384155947471 67.94375515009362 66.39096202421321 58.27696010841211 52.42926534940278 34.958855802448895 63.41062282457545 39.87570672870113 31.805279746625697 51.15142146314829 117.86869172364624 88.76802609355802 65.2785653842399 55.11455721502473 64.87474402583919 107.4350014314683 74.50252934304565 44.20196662110592 27.419709281645922 44.09882867419818 103.77450108165898 69.17082296763735 34.56751133350428 0.2781080055325833 34.642405557820766 107.58101802417056 74.7110040391581 44.5492069319828 27.970852344025108 44.440345998531505 118.1347472243908 89.11776006856964 65.74895657701325 55.66568869532635 65.33916116121566
33.95227968704892 24.46559885537627 78.15993508099241 62.854080744206996 54.40899956187649 18.282012758601095 20.692530789033007 24.215380868944102 59.9873484283316 0.0 90.44476689530839 18.89816932551406 19.779293551457855 17.53274803238271 24.61871884219149 24.953846684883533 41.29197213875205 14.889542126951506 23.350524102740877 18.469326807395753 9.654330128079636 42.32277960523132 72.4822516702204 59.11514327456511 5.578067526946209 26.840639699540446 17.328148288004805 34.149408267824164 68.95143327376408 7.479311051948496 81.96351554094382 17.246119245688984 40.076737767782475 23.5523398188256 10.079652448664467 25.350799801187353 11.324207581811429 64.61207983545376 30.585962033226654 23.283776935339247 58.03549754055912 30.371466087378153 29.522459286708933 56.70597785861743 89.18745943082779 52.688297962605255 18.324811455413606 17.04097537657602 51.37942314703653 85.93107446251372 61.51214153122296 36.527184224349604 35.770957934037725 60.164127918928955 91.40414518544937 79.94449273243266 62.59135898548263 61.95981417603818 78.45471928150282 104.24035414595603 102.94679719614285 89.92207700703048 89.26712326464963 101.22233518933953 122.1392871502006
57.572347807788624 80.00325917762828 80.98132594499825 59.53127412476232 63.41169708457948 79.21362549157897 106.9884054627232 107.54859542082625 61.65592410656075 90.44476689530839 0.0 71.54873785889443 73.37826155038684 102.02862344334866 81.95239937258566 69.17690957235928 60.357312848148894 83.20172077410109 83.57742834317756 73.25774317425177 83.04998268553837 55.75155288489587 76.18106082657722 60.490697892558686 86.73955639827781 76.86362942517688 103.27296651291269 98.94425784778241 66.04644058521777 83.01357354136692 9.006081570726076 85.40341296937416 63.69197928918337 71.50775120198773 80.4008584691694 71.41246203693053 85.31633376582757 26.884914156948454 64.49855211754569 68.11942032364544 136.01171324798338 119.4548548656169 111.50941704129568 113.99056697295818 126.28523333868839 113.85641922081358 93.7252281203819 83.66762052597393 87.24013534471358 103.0346051424203 94.9542275972133 69.81188630949985 55.90963944283671 61.423694754007165 82.55087494098936 81.59948094982096 50.37390158498292 28.485509218779466 38.472823073062266 67.40720733029916 76.74587217073972 42.14313561818628 7.550713613699208 27.07096385941066 61.67264632182661
15.99685246972491 21.662303995197952 69.88557072254966 50.34468487643488 43.000298463203514 15.173841835283149 37.21700115468636 39.21686544858435 48.05761127768843 18.89816932551406 71.54873785889443 0.0 9.329124653036326 32.543572200252804 22.79667425972133 12.092212167336607 27.73908638340751 16.61449464477062 22.97883786325892 6.498647050106679 12.877697285034927 26.90585209935147 63.61191076662868 46.87046421469182 15.705344161973963 21.517613544395054 33.468747543257464 40.41328988636363 57.842768995102176 11.510639513017129 63.071183339524325 19.978506761983652 27.45481654029153 12.20337807604075 8.910977835799892 15.146485822346346 16.28835422049719 45.877569600567774 16.252367550866076 6.595556303310543 71.80179976235833 48.51630705954546 44.12464552251927 62.72922225432669 91.2016721142247 59.38418532411363 27.198738890951905 18.652387676746812 48.48610082261995 82.15073108614865 59.11901143076402 26.620216975082045 17.806325779515305 48.16996336371836 81.96631228631281 71.14231076349803 47.54395332018336 43.0632921369654 61.99425197541581 90.70252444998792 90.691260140549 73.45105287699973 70.4270468181197 83.18437311559336 106.17942450512712
15.809270439546912 12.473295799881475 61.78815141195554 43.91484013163249 35.907219257335385 6.8810244824840385 33.61169070892716 34.47196840724115 41.28778389056412 19.779293551457855 73.37826155038684 9.329124653036326 0.0 36.38356427219153 31.398590778963907 5.17468353002538 21.739353050848354 10.052473360703438 31.303818660656095 2.91349460471533 10.464010807683936 22.54647701823128 55.66767785932411 40.260972418839046 14.662841773830671 12.194857118466263 29.895314099559453 32.11713722098665 50.74683034429872 13.060321763050549 65.38057984620387 27.291895327988982 36.36708444470165 21.527132298638488 11.152435690632702 6.523123209085014 22.24571440706659 46.764383955064524 10.810031905411924 15.530378698964386 76.78050088788382 50.057326452199256 38.87224475971541 53.95546089355177 81.89112878611182 66.96408246962577 33.28118885004058 11.222248069710446 39.23126689796287 73.12385303909785 68.31582666391864 35.90016740816839 17.47685509397091 41.43558259460668 74.31839034041396 80.27344744620065 55.220277197395056 45.27191104433214 58.69094574838519 85.05599663108532 99.06770113871099 79.93064255263059 73.19941923743264 81.988727782796 102.37625280158232
48.53829091649297 41.96249994384812 95.65496986730828 80.09957917617015 71.77734270043895 35.776160609151546 27.900095997284136 32.92685312785963 77.3131743428728 17.53274803238271 102.02862344334866 32.543572200252804 36.38356427219153 0.0 23.425422343890116 41.465776699558134 58.122911384954755 32.402775502815466 21.533381993681136 34.478147586908676 26.982709273154594 58.549175331518235 90.0086450903569 76.38771371935984 23.090233641057072 44.37249138539964 26.410608593273093 48.697656828521076 86.40477352099934 23.32354702870201 93.19790118711256 17.288659328176816 43.611024929433604 30.686131112273085 25.393782298974106 42.429544977530725 16.839149389372984 77.61539649143056 46.95157479881738 34.19425105058273 40.568711354561316 18.298933620221653 37.666025615092174 69.98182537558125 103.78357366750437 37.56405858744186 10.111533303087688 34.47143991795885 68.3313229081194 102.68842031476196 52.7549259659864 38.231901017294575 50.3497768513771 77.48127215098474 108.93310226864261 75.90660921306356 66.431007246482 73.88580270706339 94.33934849778092 121.38979043065548 101.72060810890913 94.63760258372453 99.80054084711169 115.57983606169428 138.39048908402967
35.94809907498434 42.46391103393838 92.68027654565569 72.56847365912502 65.59942369006183 35.26064592458169 44.51418039105148 48.56504642855084 70.48389140846403 24.61871884219149 81.95239937258566 22.79667425972133 31.398590778963907 23.425422343890116 0.0 34.876726705663366 50.09781236576227 34.394730627064206 1.8962173125469794 28.514900178270967 28.004904110360066 48.43955742225037 86.39396860787515 69.22578187305527 26.98432715105779 43.23463227304253 41.52657585010155 57.56098492201196 80.36876660759111 22.96127802486345 72.96257252456135 7.623668371846435 20.417796420919803 12.719554612562273 22.639843204564915 37.72022444434147 13.314039276433835 59.85869307486792 38.825226475419704 19.53920378538504 54.38478457245543 41.62005169216864 53.8662506927165 80.40981019188585 111.46623944439912 37.292144342857064 13.401672974660896 36.92365815812517 70.29906905089267 104.47685184445295 37.829832136314835 14.819798239892194 37.456731539671516 70.5778800524855 104.66287625000155 55.487647286633106 43.03825228613165 54.95926953844161 81.13919796281832 111.98855107606741 79.58617072058694 71.25661904293838 78.84039265401712 98.73633494349328 125.206528290886
11.984092640975764 12.953572020604875 57.82978880246699 39.08167087737071 31.3051141203881 10.04476105091829 37.95825802407833 38.37923217574919 36.56539533956854 24.953846684883533 69.17690957235928 12.092212167336607 5.17468353002538 41.465776699558134 34.876726705663366 0.0 16.701298526394236 14.07150638660297 34.99567790399817 7.127516509091019 15.579829689065848 17.375188986418962 51.59015113666671 35.477945089836865 19.800846600328658 11.284559206504063 34.303746160271864 33.50831936486669 46.177821111043905 18.16331589149982 61.382436978497495 31.50304557045414 37.1549949053328 23.88140125516981 16.117673043331727 3.789949613845544 26.848588378258704 42.402173814986746 5.6428899788880456 17.11302406196324 81.77564154655431 55.215610755023754 42.48635916186621 54.371285455909884 80.6362299003282 71.15863820456768 37.94697599753693 14.534250890740367 37.11288423136829 70.2733104980683 70.93821487397226 37.53583887403647 13.434989409409585 36.70026636018935 70.05834019851355 81.19909454834146 54.366019608323995 41.3866640045622 53.5244669660955 80.07310352050048 98.72512575388811 77.97473294755876 69.34138283597629 77.0139964058032 97.20516335853705
15.95779115320414 21.458390779019016 43.548896068453416 22.606617268473165 15.661118083488601 23.972941447542432 51.03146166136997 50.152140652687095 20.387017243456068 41.29197213875205 60.357312848148894 27.73908638340751 21.739353050848354 58.122911384954755 50.09781236576227 16.701298526394236 0.0 28.248746756611098 50.50928127464316 23.806477383920242 31.67981919791163 5.212851745361783 37.071147392080576 19.152046807822963 35.89777173681897 18.030489430223977 47.7009866400173 38.674689790796776 30.285389381894667 34.79959097783976 53.855357029299974 47.690190064063856 47.31300835009998 37.95382592069359 32.81592774878104 15.999061884886142 43.40968089921364 34.0059062343155 11.530806997322953 30.816186363802846 98.4765451239869 71.18268846349794 53.20830288999972 54.68157842741724 74.45689830667548 87.0791049105089 54.51191037286731 27.4803577108237 30.555450814753268 59.21946399803738 83.9889210936621 49.4749846084728 15.370859751325153 20.484300059940583 54.75220324662918 90.06533880258144 59.12429612483109 35.699204276739906 38.05282690268201 63.37535593667653 103.70915654423645 78.1998279328187 62.20626855114304 63.39408038377823 81.0109982074115
25.726784437815553 9.579871119814555 63.27047334477481 48.68962517187041 40.04266913959856 4.32227240567152 23.891252053781965 24.451796251696894 45.68249242045438 14.889542126951506 83.20172077410109 16.61449464477062 10.052473360703438 32.402775502815466 34.394730627064206 14.07150638660297 28.248746756611098 0.0 33.749547777387576 11.235822926002287 6.52349455987085 30.424508937254195 57.60741486324032 44.91980545363991 9.436617525957464 12.064646279135363 20.256627803809145 24.091424981279758 54.35526315613851 11.65449772074573 75.31006470541101 28.445105203328197 43.82587555782502 27.52455202101594 11.791722527386582 12.625938913185651 22.370645316128055 56.463226096252704 19.25241622544463 23.180997922167425 72.80544428811633 43.22295501959385 28.82105388992699 46.775213930636305 77.07156617846161 66.79049492222344 32.19118839396932 2.5356287856572943 37.032966682722545 71.63313642561617 72.21446302331415 42.22921832928959 27.322608428825827 45.87573238490075 76.53417897904244 86.96243450321714 64.10369596442641 55.23492689909328 66.23673418200144 90.1027594036794 107.25411470094453 89.52133914669066 83.18301254129022 90.66132229475797 109.15244163665098
36.684012418882055 42.057229486543925 92.8251873508059 73.04492076857049 65.93072153572808 34.83710458684236 43.00481670368099 47.136925783278315 70.89160566660996 23.350524102740877 83.57742834317756 22.97883786325892 31.303818660656095 21.533381993681136 1.8962173125469794 34.99567790399817 50.50928127464316 33.749547777387576 0.0 28.452263923146457 27.294581879884824 49.03458884688658 86.57673150592488 69.65791947991676 26.017897600384607 42.97350056885525 40.082901773216406 56.63940631230513 80.74012829014586 22.195825353223945 74.59501653542564 6.145594424882994 22.296353895797623 13.670397677118832 22.080240264702855 37.70449447863463 12.140014663818292 61.23874698604187 39.144710798613495 20.22894928250937 52.93421326443533 39.723835696767324 52.42860569621333 79.46293256558256 110.79160614141105 36.64751981488413 11.505599368049936 36.28455233620328 69.96863920938912 104.25691353791136 38.61924560911452 16.715940166005197 38.23935278272168 70.99241134217729 104.94020085861474 56.98454833230503 44.93446601397443 56.442789023642035 82.14186106121053 112.71023446015539 81.30386547878857 73.15278628257431 80.54247900800442 100.08796577095337 126.26503886460804
15.846384979680103 15.172047368104355 64.52588192561296 46.20640659218039 38.36435260083228 8.939475232044016 33.948209376690656 35.22734029640647 43.66804058844527 18.469326807395753 73.25774317425177 6.498647050106679 2.91349460471533 34.478147586908676 28.514900178270967 7.127516509091019 23.806477383920242 11.235822926002287 28.452263923146457 0.0 9.832983442967997 24.102029120435564 58.36716203870924 42.594568452842275 13.784037159365653 15.081976981631628 30.192039314050504 34.331116058022914 53.22988671824022 11.307210779646526 65.09314468827795 24.58233238154279 33.77900858013549 18.66409226463003 9.084367316157174 9.268182214391405 19.74516246668132 46.86608753374887 12.476789070523331 12.877817291243279 74.68879721469645 48.84005451386888 39.83854008777054 56.42421008609837 84.70594753016327 64.26931431501198 30.834635824308066 12.87853342021719 42.140127342659305 76.03009860954306 65.40503980540717 33.1164135769057 17.618838478871574 43.806381903012635 76.9572850766911 77.59015031610365 53.13293526216895 44.95332586156733 60.11081030656682 87.1816083703879 96.73511164990286 78.29375283984834 72.77975285512005 82.81680929911073 103.99570261626766
25.676748790339996 15.698813321860394 69.09393964954702 53.21490377487922 44.81198488485963 8.896516840404196 24.489457745507234 26.339168271340732 50.3713708114034 9.654330128079636 83.04998268553837 12.877697285034927 10.464010807683936 26.982709273154594 28.004904110360066 15.579829689065848 31.67981919791163 6.52349455987085 27.294581879884824 9.832983442967997 0.0 32.927239071383305 63.28011599025972 49.48166091183786 4.237222908917717 17.625277158853144 20.725326751958647 29.86296792904004 59.422736742427375 5.135192807685456 74.82752951419516 21.925459264377867 38.84931603516996 22.152806144515765 5.6935491613043165 15.708836993046807 15.849751895459276 56.698707316770815 21.217794983132734 18.976874264265167 67.55006216812498 39.66046339181825 31.26868224983227 52.70052465187912 83.49728608144284 60.41837888830806 25.859267544813118 9.048605695183438 43.4730623341593 78.05633458599846 65.83410601471002 36.690224300747644 27.441878736157463 50.54485100211813 82.166588841037 81.32784811277659 60.044367548889625 54.692140689756954 69.0791677399818 94.59085347220177 102.42323175795772 86.29039839506146 82.43948864271911 92.41876271664846 112.60953821107084
12.864453524543055 24.86494431865566 46.93282991436225 24.383675735193155 18.86753860407943 26.10402449801993 53.88853166159469 53.421070918234186 22.76181113851688 42.32277960523132 55.75155288489587 26.90585209935147 22.54647701823128 58.549175331518235 48.43955742225037 17.375188986418962 5.212851745361783 30.424508937254195 49.03458884688658 24.102029120435564 32.927239071383305 0.0 40.41432859488035 21.3482730389335 37.1587240866695 21.52975432941762 50.41811847056619 43.19720689150349 32.726004289228 35.39097555247645 49.005940881507705 46.80191760874607 43.756156758236195 35.94301750367756 33.17172745306987 17.80339040059999 43.066251521491345 29.162050653992917 11.736982612774668 28.912114143995154 98.5211203541827 72.58291455457586 56.78857052075792 59.8029926234822 79.51508058115076 85.67975965953146 54.079777888921186 30.051006331681908 35.72594338444718 63.59608890447448 81.01279867135852 46.40929136694301 11.807858242614095 22.800945635079273 57.40379030961587 85.86391943981425 54.36840596239991 30.56261291380332 36.153310851946486 63.83485959215834 98.84124767023249 73.01287605367932 57.3320208058417 60.31445815396053 79.89680736794043
52.93344355295123 48.070027402548725 6.5195675458925 18.517586539257337 21.562662099855302 54.38429870345303 73.58660218768746 70.36079415686851 18.378741261636783 72.4822516702204 76.18106082657722 63.61191076662868 55.66767785932411 90.0086450903569 86.39396860787515 51.59015113666671 37.071147392080576 57.60741486324032 86.57673150592488 58.36716203870924 63.28011599025972 40.41432859488035 0.0 19.93000576795362 66.95410572796533 45.68100547467751 71.47083147412823 51.10088038535688 10.276249513923116 67.72520237363857 73.4919852456676 82.94552983395812 84.15485030222196 74.71063206902996 66.43298903671493 49.14534413042095 77.81918345225739 57.11465641172824 47.693999131521124 67.58561958595368 130.34842413687693 99.00878450640154 70.7783591442879 51.100115638636176 51.06541389121679 122.62886506391958 88.70079389014896 55.611772831326846 26.689958211948824 26.96079770099125 121.058757568254 86.53747601068562 52.12581086717243 18.447736901760972 18.931224710300242 125.86852806192158 93.08852237381298 62.312843507691206 38.66702422490382 38.75845569008881 136.38460714892548 106.76131222283757 81.1786477027098 64.62775128895771 64.48486621550337
34.19391471712657 36.239793484598884 26.35845519584235 3.775276138773146 5.194402770808957 40.9743304695977 65.24932467744958 63.21045026308754 1.55203609696054 59.11514327456511 60.490697892558686 46.87046421469182 40.260972418839046 76.38771371935984 69.22578187305527 35.477945089836865 19.152046807822963 44.91980545363991 69.65791947991676 42.594568452842275 49.48166091183786 21.3482730389335 19.93000576795362 0.0 53.56642152160077 33.087948689813146 62.39325263553436 47.03812968807139 11.380905569257733 53.17986793925956 56.37998981302265 66.78792834579862 64.92238862304734 56.97077062123384 51.411407087234906 33.985211677208476 62.325783093413136 38.447192390985144 30.624549974344657 49.85342803597306 116.92627538581509 88.06976381681594 65.0815334493477 55.764881151380145 66.17122653053202 106.22965478758347 73.4248925023727 43.503207487473375 28.083486695254788 45.60344645908264 102.35210902383044 67.74854470519998 33.14560018119208 1.5002422215528832 36.06556606692984 106.04453891393045 73.15928368849353 43.0576013958332 27.39476187928943 45.18659769616464 116.58973146245282 87.62657952466954 64.48615489800413 55.07545449258092 65.59681380950832
29.591935906118536 19.007060086988304 72.66965586214366 57.31051675950247 48.841708115856456 12.704078456580046 21.6432063230911 24.14844084496499 54.427081894718654 5.578067526946209 86.73955639827781 15.705344161973963 14.662841773830671 23.090233641057072 26.98432715105779 19.800846600328658 35.89777173681897 9.436617525957464 26.017897600384607 13.784037159365653 4.237222908917717 37.1587240866695 66.95410572796533 53.56642152160077 0.0 21.28836488253432 17.937645981476624 30.624301345032805 63.37355851432171 4.889044876856542 78.42143637924133 20.225140538551425 39.961301289963174 23.12770325641519 7.056570773657111 19.91146428678842 14.000267689957571 60.54426789092594 25.442053911033963 21.177486732538753 63.61182724997278 35.42570308688743 29.29738009035757 53.44654047748862 85.14440125738591 57.55047239969163 22.963350616763506 11.7229885493063 46.286022084038045 80.8839762317528 64.61620887665933 37.18316659823096 31.380869659654824 54.605565253287836 85.86975140319764 81.46169663698842 61.81220495641134 58.311914425247124 73.3116639173837 98.71023648798966 103.41265448045091 88.5531380334286 85.92933634004252 96.54405663818109 116.84335812440062
22.05211654565781 3.4333616546695946 51.46869557742585 36.86317894234533 28.11533194946611 8.739548527185635 33.12762623888358 32.12194861244001 33.77483318908298 26.840639699540446 76.86362942517688 21.517613544395054 12.194857118466263 44.37249138539964 43.23463227304253 11.284559206504063 18.030489430223977 12.064646279135363 42.97350056885525 15.081976981631628 17.625277158853144 21.52975432941762 45.68100547467751 33.087948689813146 21.28836488253432 0.0 29.91807581362547 22.976653352952685 42.302786746989696 22.272036944478742 69.64182164120507 38.41569112568803 48.128663961903904 33.71983176561113 21.348396861619115 7.513874557040207 32.774230012126765 50.01606054130588 13.212171533203314 27.535269190109513 84.84364285704729 54.993794166881514 35.284874665206864 43.134193900772075 69.79202179847933 77.72306345625539 43.32877338555294 10.428050163447635 27.110136008207487 61.286444958147996 80.45075464963591 48.0090439869265 23.070717189539668 33.97783078947842 64.58771775685338 92.15621004829926 65.62583314632279 50.15515218708909 55.849216606836755 78.21468589673732 110.00949241520222 88.78576894615304 77.83619972158998 81.41727140344759 97.94798136638303
45.701135899062976 26.527288784298943 76.25889634105569 66.1347320854457 57.25189483501854 24.48101608049947 3.765663839758503 7.068750291207609 62.87653532937471 17.328148288004805 103.27296651291269 33.468747543257464 29.895314099559453 26.410608593273093 41.52657585010155 34.303746160271864 47.7009866400173 20.256627803809145 40.082901773216406 30.192039314050504 20.725326751958647 50.41811847056619 71.47083147412823 62.39325263553436 17.937645981476624 29.91807581362547 0.0 23.680626607886683 70.38934793780359 22.707792596202907 95.22934839943255 33.94563027207952 57.28612192565573 40.581562503649316 24.994216734933644 32.7467539685959 28.44778862244448 76.62961102589999 39.49168075663632 39.11511603872643 61.81364193060227 28.093541545685074 12.345871098080373 43.70865702019826 77.86735883903107 63.93934060485855 32.46699111179804 20.3671127912578 46.587343687124275 79.50339261217704 77.14664667821222 53.85500452425852 47.370132111340396 63.10553704536944 90.08606818031598 97.00988285958093 79.54815720740163 75.09757532687532 85.70954957192023 106.99230120332683 120.27459650608579 106.47324812655886 102.96491319981548 110.73229392134273 127.73470657473919
44.95788881077778 20.58363252501785 55.016596665010596 50.42949689155221 41.956920590488544 25.39329839529588 24.461107403903444 20.2010692310088 47.01799412948129 34.149408267824164 98.94425784778241 40.41328988636363 32.11713722098665 48.697656828521076 57.56098492201196 33.50831936486669 38.674689790796776 24.091424981279758 56.63940631230513 34.331116058022914 29.86296792904004 43.19720689150349 51.10088038535688 47.03812968807139 30.624301345032805 22.976653352952685 23.680626607886683 0.0 52.3541069403048 34.68874501970548 92.09958638008102 50.81996457643771 67.8252511238415 51.615014468369296 35.53293947323093 30.026985872994008 44.60090063914297 72.30441824240043 36.18844643054898 47.00563878114089 85.49021445823065 51.495115866357416 19.742556868279294 22.861354924951502 55.23011814225757 86.00334315501117 52.334850981159256 21.82081420213651 24.66189266085914 55.99213943696706 95.23923395923943 66.31358676640309 46.035740739249306 47.285352834988544 68.90092373645534 111.04184312492052 87.33451339962193 72.9321493213055 73.5230198541481 88.80836313213194 131.05619479103612 111.48196053617477 100.37624516062417 100.58436956229018 112.0433038963182
45.56191349090766 45.16594399800215 16.043277642212733 8.887967689509619 14.873140701009113 50.67176590631751 72.92515820465499 70.30250515896792 9.977543356480785 68.95143327376408 66.04644058521777 57.842768995102176 50.74683034429872 86.40477352099934 80.36876660759111 46.177821111043905 30.285389381894667 54.35526315613851 80.74012829014586 53.22988671824022 59.422736742427375 32.726004289228 10.276249513923116 11.380905569257733 63.37355851432171 42.302786746989696 70.38934793780359 52.3541069403048 0.0 63.43702950188138 63.22515845424972 77.65117628162346 76.27391631406121 68.22007519383993 61.83422110075936 44.31372570828944 72.9637335651101 46.95009693670155 41.60445879524267 61.08849130991233 126.96860434315434 97.04633276958299 71.48250537074588 56.53583024587819 60.643592305422565 117.2239304963261 84.02558657676671 52.66865818016639 29.707153119172343 37.22742773408414 113.73295313451618 79.12931926411076 44.52603866696635 9.926806395328642 24.68540590543176 117.05672555687978 83.79431120398863 52.30235143543921 29.05899387957096 36.717217613453236 126.65971329081559 96.6455778570358 70.94256561936652 55.858058196119586 60.018271107939974
26.513421643057693 20.627891344281675 73.64218015133444 56.866691785821644 48.683082105472934 13.572957309924915 26.37300045676471 29.022192610057484 54.153911983564605 7.479311051948496 83.01357354136692 11.510639513017129 13.060321763050549 23.32354702870201 22.96127802486345 18.16331589149982 34.79959097783976 11.65449772074573 22.195825353223945 11.307210779646526 5.135192807685456 35.39097555247645 67.72520237363857 53.17986793925956 4.889044876856542 22.272036944478742 22.707792596202907 34.68874501970548 63.43702950188138 0.0 74.56922156747808 16.791008273081125 35.08438324026098 18.250070754024243 2.612752101819055 19.196756195460456 10.743617843051158 57.133303231859635 23.70610857019885 16.486361139257433 63.76563981047102 37.68108730457379 34.18343122318697 57.5498454358732 88.60190493750622 55.50306185784868 21.058123188306773 14.18285706986791 48.51511643753827 83.07306312554269 60.77537984748847 32.41717537569712 28.33623209213501 54.31255071489449 86.55406753595703 76.84525093411953 56.93957923844254 54.53290978533747 71.41680676624878 98.09017177982467 98.56521211446162 83.76781222685301 81.93727690908467 93.83556887216 115.28762412972704
49.58929371740485 72.67483345567256 78.75579259460056 55.940755474840536 58.711826665765116 71.42418546811348 98.96647482582415 99.73826187921144 57.67384155947471 81.96351554094382 9.006081570726076 63.071183339524325 65.38057984620387 93.19790118711256 72.96257252456135 61.382436978497495 53.855357029299974 75.31006470541101 74.59501653542564 65.09314468827795 74.82752951419516 49.005940881507705 73.4919852456676 56.37998981302265 78.42143637924133 69.64182164120507 95.22934839943255 92.09958638008102 63.22515845424972 74.56922156747808 0.0 76.49294935679197 54.71145466529776 62.61967204871977 71.95921489119232 63.82847686117427 76.53304846911882 19.852663113767754 56.953893162263995 59.41412901876408 127.00563249927917 110.72617614621593 103.84981512412979 108.18467886757854 122.54675843587182 104.95086667107371 84.80289147835134 75.9152005796189 82.03320208590108 100.45156095491669 86.54523416198523 60.821856141272754 47.99300042474597 57.46448705656313 81.82796424657147 74.54402448943159 42.234934400134826 20.139869741479803 37.71320187212774 69.5255594039879 72.2149362345869 38.014664784915155 8.371716022205792 33.0137802549701 67.1162194361243
35.07947944655752 37.179497733959224 89.08003968428586 70.29485135997814 62.7805543743225 29.980572939291314 36.898779618758596 40.996274051713094 67.94375515009362 17.246119245688984 85.40341296937416 19.978506761983652 27.291895327988982 17.288659328176816 7.623668371846435 31.50304557045414 47.690190064063856 28.445105203328197 6.145594424882994 24.58233238154279 21.925459264377867 46.80191760874607 82.94552983395812 66.78792834579862 20.225140538551425 38.41569112568803 33.94563027207952 50.81996457643771 77.65117628162346 16.791008273081125 76.49294935679197 0.0 26.5598158051228 13.936153051936959 17.117779611696054 33.80740558573959 6.224881665756036 61.89533788093351 36.17044223425817 19.005651524823477 52.731806118225094 35.55718586921033 46.29053386371796 73.59445326673537 105.28201909573258 39.68699797372806 8.354060372721362 30.9737997957519 65.14457502652652 99.61480045393743 44.44138341901561 21.58932344265893 36.76964591615464 68.06438483070471 101.53009283546008 63.09165427427424 49.52995554851349 57.6253656733906 81.13541554536229 110.63469236763427 87.12923937964374 77.65970353156175 82.85705216104678 100.47033877980867 125.37154060625664
31.358986914225596 48.836142408407895 90.66968687647143 67.62047933061775 62.5927373852145 42.62070024733637 60.75165640442195 63.93423483215275 66.39096202421321 40.076737767782475 63.69197928918337 27.45481654029153 36.36708444470165 43.611024929433604 20.417796420919803 37.1549949053328 47.31300835009998 43.82587555782502 22.296353895797623 33.77900858013549 38.84931603516996 43.756156758236195 84.15485030222196 64.92238862304734 39.961301289963174 48.128663961903904 57.28612192565573 67.8252511238415 76.27391631406121 35.08438324026098 54.71145466529776 26.5598158051228 0.0 16.834370955011764 33.32378306284799 40.885488083297986 29.88423639440476 44.89811391331081 38.39139589285622 20.907970774391462 72.61449821368204 61.89606801765353 69.16762562298743 90.17747470930107 117.79037637024106 50.555448190035456 33.74968987982961 46.01154207439303 74.0939582740602 106.10183557418073 38.012571951895026 6.191686066582253 32.0401649183624 66.4052799206402 100.9336617603681 44.04810442390329 23.001573459463508 38.89413140900993 69.9376774892523 103.26978360033087 63.57408868258705 51.100095224076966 59.796136959481956 83.27508355707357 112.64414928747362
23.303758052143213 33.74445010812779 81.09134704153014 60.221293354488665 53.58224066299853 26.96050984924087 44.11172954015486 47.14778948208765 58.27696010841211 23.5523398188256 71.50775120198773 12.20337807604075 21.527132298638488 30.686131112273085 12.719554612562273 23.88140125516981 37.95382592069359 27.52455202101594 13.670397677118832 18.66409226463003 22.152806144515765 35.94301750367756 74.71063206902996 56.97077062123384 23.12770325641519 33.71983176561113 40.581562503649316 51.615014468369296 68.22007519383993 18.250070754024243 62.61967204871977 13.936153051936959 16.834370955011764 0.0 16.547244523635168 27.209588678043033 14.56572225499771 48.067586009900474 27.02965072699012 7.140870368477101 66.20054497556727 48.6288089884195 52.3623972235171 74.25423148200464 103.34588435156307 49.97242917504057 22.288911806035834 29.85288586665908 60.66664069188532 94.1516600178314 47.0580526328528 14.717595083614073 24.771105731203942 58.35632390661468 92.69393824432292 59.448954578379826 39.04117235216067 43.69296541428601 68.47455340889384 99.31405163140215 80.35124186684135 66.47960128691606 69.11962885757454 86.77718126138762 112.59576221055846
