0.0 52.34458683202998 33.72672883801595 27.78426326931294 56.20115874725567 44.03560163653197 50.28998201955081 32.984777132890436 31.354007633400915 68.06774852428283 38.785863388620164 17.599113109575107 32.97776987295287 59.779148587266945 31.697201640827778 47.0163851562025 35.78045476623158 41.8898429875561 20.471249501839964 32.77414680122741 5.663253198169342 49.50122620795359 31.721510875104894 17.946978907820178 43.71433331560814 39.13969239006014 50.898205808360196 25.092834759651055 81.2419620923493 21.67816288877784 32.30212266615049 17.12812845272897 31.441050121171177 4.245274836900405 80.49587832268358 51.16310914551412 48.94047800458538 44.2300829255714 21.426438913633397 39.12186289432673 76.17705380401044 60.62113760997504 62.78285450810458 81.26030403126308 107.97950220540793 56.891951214011875 33.648582141424164 37.71731132747761 64.09211803194317 95.85321663756785 47.66846809518004 13.291634429714863 21.815281229321748 56.30275036305372 90.87874974821639 53.94223522967034 28.430589036778038 33.19147359342078 61.56209321092455 94.19634067345494 71.75725349473116 55.01893750297554 57.44442471268018 77.2491991466568 105.02292129421512
52.34458683202998 0.0 37.251286486395735 32.736576744369906 36.661169622416736 9.448547399871849 27.42922898866799 67.84103412903185 24.72624817197868 35.5344805684571 73.57830112992033 58.3573919936228 29.481146144517187 14.983794698728031 26.79751403548838 14.080614112737964 47.80440509405872 34.91723533541142 58.541919234502224 23.6362821656045 50.32673916208759 40.813621138143034 31.874659938680423 37.71993544719975 34.59145997446982 13.59976438288942 35.07486083585442 27.714050720935408 31.78905018086102 32.10597880603394 65.21610219608665 55.53839468999227 27.04695163091715 55.96016914350143 31.283471040567477 9.139565994742954 52.07633392983732 28.78392663731951 50.354117089981436 17.80312602226217 108.011277759327 77.82613592070355 53.31223094182122 44.96994253257434 59.97676819261998 99.56747087492018 65.72872260866266 33.4917526202472 17.83196035306695 43.69335104090206 98.69664733648872 64.41427669883662 30.85809448668672 12.251410273159573 41.74714622160977 105.5863951147542 74.45615801039334 48.30918385792847 38.969990663413625 55.66298813184506 118.89481284743482 92.21575835220969 72.56916413721109 66.5100669830305 77.3024085571235
33.72672883801595 37.251286486395735 0.0 39.0377245285988 22.913902515194067 28.180342651174232 19.456511003428048 64.14651283502015 15.145581034981769 36.32457471060148 70.35363669173938 49.34372731725081 41.15797409740491 35.834288280965886 12.060924807239607 42.12527903916717 10.620176217601898 52.308981279245586 51.476185727301115 15.407688922991403 28.513746926882988 61.009261913721296 6.28927430279435 33.67853360915916 53.38915182744482 26.039598390742565 17.620445321952655 20.460132609452465 56.28427315817358 30.116882621786456 62.644455616186704 47.67593089592653 37.23145082493711 34.86030426955224 55.390211720097284 42.258465189781155 19.217565769842974 49.99582570281841 47.687003247484526 19.5734042994211 108.22172047441977 86.8594889703488 75.97330530850331 79.96285181463755 97.0098679310225 90.57999362886449 63.793299051254444 48.26224795346058 54.623382974746065 77.67234497431235 79.28887017422417 46.57461455780292 21.130813424939742 33.44659321978975 64.69686767679491 77.18820850197098 42.936103652653266 11.128861666813933 28.267423426079652 62.20205778198397 84.96256727582511 55.61066906937599 36.895582440287065 44.998336706251386 71.29688227643432
27.78426326931294 32.736576744369906 39.0377245285988 0.0 54.57464678855184 28.140148818782308 45.51041400150309 35.110221418283764 25.908987752682652 61.1819897315522 40.912525607956745 26.795070240017143 5.293766767054227 45.29495960180756 28.67038743464847 22.270763533076664 47.31426593174136 15.02609309200541 26.385904204878713 26.637041764313505 29.22674943595269 23.56653532200246 33.295297249673574 9.943472354283472 16.65905261472831 23.85319530825679 50.19673396794665 18.66628337747933 64.49404043761633 9.401477557884204 32.51431610187168 23.8821793022788 5.724812829459431 32.02952220812501 63.9584570895231 27.769051701496267 58.24211274991054 16.44748385960025 17.793760120146455 29.17042181374843 76.46036912568945 49.56943801491635 38.247825263809354 53.51157728945934 81.60212916649067 66.86428695673214 33.08178821315495 10.622096816407675 39.0654010403479 73.03584438034615 68.47918854657263 36.207235257008875 18.093553299610527 41.69697377755483 74.46305619883131 80.63420329746542 55.73862480121072 45.89691703683931 59.16986427306545 85.38402560188001 99.53971948091494 80.50958340157477 73.82531829557273 82.54277413117661 102.8162868301527
56.20115874725567 36.661169622416736 22.913902515194067 54.57464678855184 0.0 31.459904249712654 9.746196573238986 84.72087755154324 29.072201887560865 14.87338829058899 90.9830984356474 70.66014084081178 54.74535386096003 26.24566457212588 26.888187907926444 47.862223075485986 27.208835240262637 64.5990813600083 72.427698453573 28.11362244069517 51.21594914453229 72.5389783263033 24.710724495420628 52.367043684138196 65.10741423107719 33.07111889183227 5.316921230995637 37.12507323308811 40.835357631059644 47.41705281604805 82.87790732301006 68.64997795749917 50.80757308184062 57.648991142633136 39.895057115386855 45.03280488739216 21.710167510474943 60.25579206453947 67.25082769935509 26.00489770319034 128.62821072644067 104.12923041614164 86.80611243447905 81.37831520564438 90.0237952843134 112.71735272895229 83.89387784070072 61.36743351567155 53.745130751460906 66.37706146864086 102.19994767242855 69.27185351258566 39.33435373243126 26.279923670057766 47.211425554073074 98.81411447363013 64.2202944368338 29.649916685793798 5.370590747108316 39.66639981204998 103.26393538951726 70.81801386554213 41.9735505618796 30.053351384109106 49.39095095201715
44.03560163653197 9.448547399871849 28.180342651174232 28.140148818782308 31.459904249712654 0.0 21.729827163281012 62.775472571633934 15.287506488317327 34.14280795236276 68.76886783716799 51.85838962679921 26.24819948779124 17.288786709655497 17.371029259233396 16.440213786563188 38.79243257170591 34.35151517563556 52.44236938864228 14.187766242672051 41.570513451498336 41.672006088991346 22.578327681124584 30.99233566739345 34.54260891551877 4.9791461865507 28.766356709214023 19.00296714010489 37.780553238536065 25.17625882549305 60.32995292068362 49.157987690514425 22.90578409850989 47.44558455248006 37.11736162715728 14.592740984846985 44.150661182233485 29.263968676675635 44.84644829703999 8.607342985627822 104.5755028768681 76.24397663558318 55.54327596563819 52.45731978175915 69.37786862139184 93.94290281484085 61.00636397522873 31.829668072127703 26.444715197400733 52.72913826699723 91.091494284013 56.559851653327485 22.253703080481984 13.648874537828167 47.6677065224774 96.7121504200367 65.15285966171261 39.13290100113389 34.82393566813248 57.34860753431407 109.50775163480219 82.82120065203296 64.1992054821678 61.46956800991727 76.35614381330477
50.28998201955081 27.42922898866799 19.456511003428048 45.51041400150309 9.746196573238986 21.729827163281012 0.0 76.9197576916715 20.775154360989024 17.77782581580014 83.16770913764752 63.43936951619464 45.35231720787161 19.243943501760118 19.17127576889731 38.15184590000254 27.21225054612534 54.98714384782767 64.95232604560736 19.62153606829303 45.78395267291602 62.84785164554125 18.754685151000082 44.19611794677542 55.45064070543189 23.391667238804708 7.761511843848693 28.888579625230935 37.62083920351563 38.93519613108526 74.91930126165941 61.232940030821716 41.46505459736185 52.30814596510433 36.698099057647354 35.51045388329573 26.429440232941875 50.5397202120478 59.152945756353276 16.524001119422323 120.53576881192687 95.06266347677924 77.0694545616851 72.36880601201497 83.24385718785761 105.91034284508439 75.86489462805469 51.85344380089993 44.90983092809273 61.15408471321669 97.39637954545609 63.56451173096384 31.459316743813186 18.26962298185507 45.52712041591387 96.62366588373848 62.3851207567516 29.026293314221878 13.711310808001327 43.91271243480166 103.76532894536818 72.86878065495061 47.405689513931826 39.74373037976643 57.50350696227912
32.984777132890436 67.84103412903185 64.14651283502015 35.110221418283764 84.72087755154324 62.775472571633934 76.9197576916715 0.0 56.147625569780914 94.00122021534254 6.262234257959613 15.404741625598886 38.739066490961946 80.061216416745 57.93120809030165 56.417198894250916 68.20644697477974 38.922634999790105 12.78429287223198 57.33921460812033 38.561710413365056 41.273120714853995 60.34157591486032 32.832207868108526 40.542377542046225 58.12269961728712 79.67344977433052 48.053661843644356 99.60400553359472 38.42594195818046 2.914641193367373 16.53580786554038 40.79545046110076 34.656612006118955 99.06548081981983 62.267173231834015 81.22708204571266 45.02792796560778 18.028223635491972 61.91969296825766 44.08433208731996 30.371516210745035 47.91937040927368 77.87772162682973 110.58231952878013 31.99681640705139 3.3516557758760093 37.329951353827454 71.90737983755788 106.50197940652734 41.38587893318846 26.342124042578867 45.495768184425465 76.42423205854439 109.57327442270956 63.32750778723705 54.50148349344444 65.76660445166654 89.86031891836971 119.2447217526163 88.9742221922105 82.7080174275384 90.33017224589659 108.96414009433965 134.09529286089486
31.354007633400915 24.72624817197868 15.145581034981769 25.908987752682652 29.072201887560865 15.287506488317327 20.775154360989024 56.147625569780914 0.0 38.045642841168124 62.393749246287186 42.89080135880188 27.021427237499275 28.696106254849557 3.122949331166716 27.19618010132485 25.398883025901526 37.86795976493821 44.27042077491912 1.4226131961563322 27.854076995712546 46.438879636129286 8.860894640745958 23.440019568850406 38.794346050470025 11.755892020613675 24.423336498501254 8.123621008648282 50.256865888409315 18.34581329433326 54.14670906794413 40.58712073190481 23.00885031932558 34.1657729498481 49.47070799381643 28.002788638969246 33.7853956888693 35.05207261989889 38.39295616272138 8.045143850486738 99.79453624169817 75.25322993407018 61.33457612325124 65.23491628852172 84.52242802957467 85.48436636572346 55.100225877336555 34.048882508201636 40.95670175084256 67.75256413138365 79.02246185515803 44.52834727402728 10.763453081116069 25.372901124569108 59.72076924067084 82.2795723196853 50.03324402190971 25.130993919795305 33.98017165094413 63.81677786753353 94.25328892242607 67.80604997145579 52.02347081807505 56.65708943576555 78.15633828805535
68.06774852428283 35.5344805684571 36.32457471060148 61.1819897315522 14.87338829058899 34.14280795236276 17.77782581580014 94.00122021534254 38.045642841168124 0.0 100.21526385616241 80.92743561529409 60.105570284782125 21.21308149565521 36.780195844130866 49.01400158445784 41.926137705175044 68.45780570386383 82.30334299155302 36.77284041773045 63.52623560399011 75.46635922301259 36.472368450664746 61.169351146955464 68.56172185384465 37.56373332311503 19.364949316349225 46.0230470900765 28.202491165527086 55.655250267440586 91.87494678527038 78.6311311902294 56.48492163643799 70.04781927340106 27.297160769977225 44.66619666024196 36.140629307373466 63.0870945528635 76.0659667415642 32.24511937612878 137.21657688924668 110.21886795994156 88.67213578016587 77.2789454276882 80.4739838974121 123.4909546721647 92.75093454132168 65.9565236441921 49.92591858581542 55.04306373545052 115.08764398877138 81.34078959845333 48.80909474412715 23.30615435857463 33.149228594286434 113.19873564322734 78.67069195352 44.26121827436549 11.130443087035005 26.145204780369347 118.13722734838375 85.56296868117113 55.501987259408146 35.13902996857058 42.23581563212718
38.785863388620164 73.57830112992033 70.35363669173938 40.912525607956745 90.9830984356474 68.76886783716799 83.16770913764752 6.262234257959613 62.393749246287186 100.21526385616241 0.0 21.340044615401933 44.276259201502334 86.04119475530585 64.19078185803194 61.80133203106223 74.23276217368495 43.46275236621961 18.906141261147553 63.57893155280985 44.411636069468805 44.845775288352804 66.59408296773785 39.04875940493622 44.97125077169178 64.1661920753589 85.93421646747491 54.29396887380353 105.36530996435101 44.60317906092489 8.439764536145919 22.69259780292557 46.54778599604779 40.16825907618204 104.84530782449433 67.70897870322132 87.29193203950504 49.79543675638556 24.178624022479763 68.0991999780299 37.86833322862518 27.5606835532496 49.799723838519384 81.211294231105 114.4787173506819 27.01169614391209 7.853235265412507 42.29147944741089 76.87860246987077 111.47611473199395 40.44775292895741 30.979806008345637 51.75241732699601 82.41185396118408 115.32541481386924 64.44475178402121 58.768743579783546 71.75787008707485 96.12182959061656 125.39700089113639 90.99892521939691 86.85379326998185 95.92218378324279 115.1227874825849 140.3572369617519
17.599113109575107 58.3573919936228 49.34372731725081 26.795070240017143 70.66014084081178 51.85838962679921 63.43936951619464 15.404741625598886 42.89080135880188 80.92743561529409 21.340044615401933 0.0 31.659113026798387 68.9609146303505 44.27042077491916 49.05107732211784 52.89430168923717 36.26676696368035 3.1561456519801157 44.19090031306774 23.157945177859354 41.66225128893095 46.01062170676115 20.866623514969557 38.14109589458396 46.9485887756167 65.49233518492485 35.05116510608716 89.54315241227106 26.68410173889113 14.761410766512652 2.9143539913458367 32.309739371409684 19.568267088151572 88.91360790691465 54.421264782305954 65.96571243300161 40.955926725668505 10.249796608841875 49.49583810324964 59.06949073229159 43.79108473271235 52.353899036662405 77.19468674650625 107.57288623784584 42.61955015065645 16.131650955080282 33.14942075720868 65.82087706048942 99.80351418568075 41.819792884283196 13.903915258039326 32.13399730451457 65.32013354738811 99.47711822848918 57.329012284528076 41.435842195158784 50.41888143374474 75.90796670358964 106.66206649741359 80.18416387681201 69.5052050612529 75.01471181477562 93.90527413316083 120.01647425145707
32.97776987295287 29.481146144517187 41.15797409740491 5.293766767054227 54.74535386096003 26.24819948779124 45.35231720787161 38.739066490961946 27.021427237499275 60.105570284782125 44.276259201502334 31.659113026798387 0.0 42.934747515561234 30.00415126921464 17.782664951967593 50.09338859512271 11.268724054471964 30.996869635496815 27.499324147416722 34.15587755162153 20.033270345799778 35.126577273877594 15.04974296653561 12.598961240749862 22.554371145524698 50.69279518016342 20.763272424499153 61.23067834686247 13.23504826438574 36.01311967492065 28.747567115092053 4.015935793470276 37.221244723235706 60.74805579455156 23.547656207821035 60.337863639824434 11.358378392573552 22.19308615738654 28.828419785452844 78.69984658014948 50.11380759086203 34.98502462376906 48.28395760560144 76.37774252616441 70.69796015828277 36.42676925267682 7.104288481189826 34.18897132794462 68.4262672889173 73.44945455874614 41.47152577165869 20.97136903013682 39.427845269462445 71.16289370534479 85.92732741729425 60.74788042047416 48.907175024259665 59.062051924229785 83.54368678130632 104.70977784563377 85.07672492447266 76.85505181722415 83.48704795276194 102.11862553311964
59.779148587266945 14.983794698728031 35.834288280965886 45.29495960180756 26.24566457212588 17.288786709655497 19.243943501760118 80.061216416745 28.696106254849557 21.21308149565521 86.04119475530585 68.9609146303505 42.934747515561234 0.0 29.26378377548157 29.01430853763132 45.27981986120705 49.57782243828438 69.65237807226902 27.286110190497013 56.53918349046398 55.7653101755423 32.36361563346044 48.128794826208534 49.37707964132123 22.0602533127726 26.653625699670986 34.87626693336957 21.561705012762662 42.301751589768166 77.60392581564452 66.30702601922327 39.888147616032235 62.794390414467024 20.77547563499196 24.029453198581948 45.6656575104808 43.632477201813394 62.133939687006006 20.71198377253268 121.58485128461132 92.31570169714075 68.23703960353097 56.43749149573783 64.1005413251087 111.19268702920441 78.26474473170386 47.76782577026322 28.86171135057701 42.179021775596674 107.3351159207042 72.73331530634665 38.13525401648054 3.648895731473579 31.099608983484007 110.69762774963982 77.56630384297898 46.625514311452754 26.947839779241978 40.90567129313429 120.67802054612555 91.12912536082109 66.63817680739325 54.5121271159071 62.42830826902233
31.697201640827778 26.79751403548838 12.060924807239607 28.67038743464847 26.888187907926444 17.371029259233396 19.17127576889731 57.93120809030165 3.122949331166716 36.780195844130866 64.19078185803194 44.27042077491916 30.00415126921464 29.26378377548157 0.0 30.148007639121957 22.415117181800547 40.92009858700908 45.82392661729116 3.4311607547572467 27.74804081505036 49.515457407625036 5.799583786841001 25.483590520056897 41.871200499129 14.364483246608543 22.04019032281621 10.345355153130248 50.77108304218517 20.701797836652396 56.02791884388684 42.08813722526086 25.999645632508102 34.194571390199236 49.95460497930648 30.683999325442322 30.670250836842925 38.170569806079136 40.36575366530827 9.280884531406116 101.7584885227502 77.81550248000505 64.42429437635738 68.12122890080751 86.7484224007873 86.74985834309666 57.02625243502497 37.05777008727609 43.46714269637389 69.28445697046418 79.2755860717423 44.97193190146336 12.457286113410747 26.129418327341096 60.04300320091466 81.43772368124282 48.64942497440795 22.277270432051658 31.947355465122357 62.76811913890783 92.56333464835241 65.45876095833391 48.95443895046349 53.87981108287911 76.18622076262295
47.0163851562025 14.080614112737964 42.12527903916717 22.270763533076664 47.862223075485986 16.440213786563188 38.15184590000254 56.417198894250916 27.19618010132485 49.01400158445784 61.80133203106223 49.05107732211784 17.782664951967593 29.01430853763132 30.148007639121957 0.0 52.563001958071794 21.03792381557034 48.62833352222572 26.741220916703057 46.49773920919721 26.751027501042337 35.936151454706796 29.937824597891773 20.58165846705635 16.343064193046796 45.18185449279352 25.87244749885072 44.60175109741064 25.345988542305946 53.646118887532516 46.14095565166212 16.783536850823452 51.07687054305265 44.22250850378075 5.989088093435811 59.66892142396671 14.735337068671534 39.91189394550421 23.721904890868817 94.89810338812177 63.974440659575684 39.68171741688516 38.096967669323845 61.01597989925605 88.40783454138561 53.98108358352839 20.16985423099432 17.162229251001232 50.76528995628822 90.61266573200679 57.489477897758135 28.182810791477888 26.045104275585803 54.380786743299815 100.94432811672698 72.56689776648822 52.315961148412065 51.01737741582168 69.73803606377363 117.27377572306219 93.7901301947623 78.9606104774786 77.89548722694421 91.07895087329744
35.78045476623158 47.80440509405872 10.620176217601898 47.31426593174136 27.208835240262637 38.79243257170591 27.21225054612534 68.20644697477974 25.398883025901526 41.926137705175044 74.23276217368495 52.89430168923717 50.09338859512271 45.27981986120705 22.415117181800547 52.563001958071794 0.0 61.355908754908086 55.42871573339145 25.82896050364732 30.131927329766548 70.1163729860979 16.636338292122705 40.491530103593 62.57912562732681 36.60516664892115 22.608373305005255 29.41822510860878 64.8230519123209 38.00517823221518 67.09112389474285 51.72706043923139 46.30880494501007 35.64638521730467 63.90299492225718 52.860396127148796 13.168175650607507 59.6183222933692 53.17312965964773 30.185199169674434 111.88136833522849 93.16911039511155 85.07783486554044 90.50251456925454 107.4145455901225 92.03732341214106 68.34530484194552 57.14965305134945 65.23707037882365 87.40971465735153 77.56018338596566 47.31116411340565 29.25659198826426 43.22485190372151 72.63377445508249 71.77548583351798 37.180899620518076 2.8235818399760766 32.06836946410022 66.66065116414495 76.67681030719231 45.86228203856737 26.873870939803563 41.664149044341045 71.72473800958923
41.8898429875561 34.91723533541142 52.308981279245586 15.02609309200541 64.5990813600083 34.35151517563556 54.98714384782767 38.922634999790105 37.86795976493821 68.45780570386383 43.46275236621961 36.26676696368035 11.268724054471964 49.57782243828438 40.92009858700908 21.03792381557034 61.355908754908086 0.0 34.67929530112758 38.2068736399653 43.96005784701973 8.764564502449646 46.207294435504956 24.667288116411406 1.89497487024838 31.62951499884739 60.87114828281193 31.98997012152069 65.5036813666698 24.182843615685485 36.01311967492063 33.54022889901625 15.08927192006814 46.08895758910637 65.1602427328983 26.8835461045004 71.44021786948262 6.671111937664678 26.020209412306095 38.61690127204172 74.29756442885295 42.942313037364315 23.723401819929663 40.943872739783835 72.00586789938193 70.4738442246166 35.993905913484404 4.406116843446237 33.736041972764276 68.20323489362487 77.49247868926271 48.213527135138236 32.23101240790232 46.34615560914769 75.17930656314121 92.92810837592576 70.22059570974645 60.174862265001344 68.59941171458567 90.47390661398994 113.39338424943897 95.47028551385846 88.12373695596814 93.87072168962476 110.690259466962
20.471249501839964 58.541919234502224 51.476185727301115 26.385904204878713 72.427698453573 52.44236938864228 64.95232604560736 12.78429287223198 44.27042077491912 82.30334299155302 18.906141261147553 3.1561456519801157 30.996869635496815 69.65237807226902 45.82392661729116 48.62833352222572 55.42871573339145 34.67929530112758 0.0 45.53063226074038 25.948698687763574 39.595386416347466 47.87995405660697 21.56697003770126 36.527542871391205 47.59372115896051 67.31067855392767 36.29665591218389 89.96563089844632 27.37930728837228 11.836291064098464 3.8033732933527484 32.033469625040055 22.632712596973477 89.36091478271463 54.15001913355999 68.44283555407674 39.70885498172386 8.900472732814189 50.57696016990165 56.763021777330465 40.65644554575953 49.78629291075694 75.49321713355998 106.37010471715831 41.58171683887095 13.177448873113164 31.829273780213008 65.17216972727552 99.38094521318887 42.91025974793963 16.877983882263862 33.515543123765674 66.00428974276424 99.92342188128816 59.655577217376226 44.57133326536514 53.00222190201146 77.63171533155541 107.88395081818558 82.9544079452797 72.65507617005042 77.91558034140127 96.21676827212227 121.81644634620724
32.77414680122741 23.6362821656045 15.407688922991403 26.637041764313505 28.11362244069517 14.187766242672051 19.62153606829303 57.33921460812033 1.4226131961563322 36.77284041773045 63.57893155280985 44.19090031306774 27.499324147416722 27.286110190497013 3.4311607547572467 26.741220916703057 25.82896050364732 38.2068736399653 45.53063226074038 0.0 29.271151399080335 46.71266008116074 9.195505379885459 24.57636281768922 39.07301252759813 10.952287918586196 23.577068279302306 9.285570419214332 48.847623868513246 19.36374901512622 55.308097037039474 41.86197893338951 23.483694932915224 35.58745592190732 48.05950163955087 27.266504229101972 33.71891190211651 35.1606188213922 39.53301390679791 6.669685110875577 100.91559060867668 76.08949683373768 61.563375032953275 64.69365718851444 83.51809344724224 86.79636023282912 56.246010954317704 34.47394483637807 40.10144041052706 66.50286985866934 80.44247264791204 45.94300699306453 12.057460583582856 23.97621317469353 58.302566144073275 83.64309286411302 51.29435034173894 25.707929516824937 32.94736367696976 62.490029417486774 95.44163054541677 68.73598289086338 52.29693155044792 56.03664835649679 77.07169436363102
5.663253198169342 50.32673916208759 28.513746926882988 29.22674943595269 51.21594914453229 41.570513451498336 45.78395267291602 38.561710413365056 27.854076995712546 63.52623560399011 44.411636069468805 23.157945177859354 34.15587755162153 56.53918349046398 27.74804081505036 46.49773920919721 30.131927329766548 43.96005784701973 25.948698687763574 29.271151399080335 0.0 52.006206939993774 27.055055189843475 19.32574161417791 45.7095776869835 36.82962659549825 45.900087650072834 22.628740661945383 78.09298385535901 21.67121677521665 37.78256541603683 22.47471419578427 32.007839710252256 6.52451762035041 77.31424430997039 50.11960609659898 43.29632174485426 45.51406400758361 25.96748811206668 35.83450052110662 81.83986750769851 65.71612050131822 65.83485618314239 82.12565554319343 107.46996566992676 62.31421024654749 39.11192692083311 39.639054890928215 63.30557901320505 94.01472124898065 51.65895607813777 18.068683792755373 19.472038949615488 53.166687348759176 87.5733199229868 55.26838183508499 26.624816974251754 27.532047066065555 56.58614884290636 89.67060139408976 70.99913832456289 51.73907204909035 52.03645708367236 71.64817869824635 99.76942171948822
49.50122620795359 40.813621138143034 61.009261913721296 23.56653532200246 72.5389783263033 41.672006088991346 62.84785164554125 41.273120714853995 46.438879636129286 75.46635922301259 44.845775288352804 41.66225128893095 20.033270345799778 55.7653101755423 49.515457407625036 26.751027501042337 70.1163729860979 8.764564502449646 39.595386416347466 46.71266008116074 52.006206939993774 0.0 54.875383618355684 32.88807125748141 7.6445707281009305 39.46786939052224 69.01402999868296 40.736569257822744 69.89077803578499 32.85124687754938 38.395577384467465 39.166747450088494 23.827410549021867 53.624478741558306 69.64742861948854 32.06299713269896 80.10413921296428 12.411786898577674 31.578431239391275 46.68554044832419 71.93878516477396 38.75914306843375 14.973428631670988 36.61947558068102 69.66073823754827 71.56033837272776 38.05868079573399 13.072697544282574 35.89120699530096 69.28429215457638 81.6005718066652 54.5170647789163 40.99254552268465 52.75877773942002 79.25534601611564 98.93641794534778 77.93025933492392 68.93908071622008 76.33367138451595 96.41484807925073 120.45740980508793 103.68862179908282 96.8883011812013 102.06872892805647 117.65788476064347
31.721510875104894 31.874659938680423 6.28927430279435 33.295297249673574 24.710724495420628 22.578327681124584 18.754685151000082 60.34157591486032 8.860894640745958 36.472368450664746 66.59408296773785 46.01062170676115 35.126577273877594 32.36361563346044 5.799583786841001 35.936151454706796 16.636338292122705 46.207294435504956 47.87995405660697 9.195505379885459 27.055055189843475 54.875383618355684 0.0 28.78173413509502 47.24228270214444 20.010828465978644 19.493040508120295 14.629022903610295 53.511543393621075 24.683230512791322 58.64393817115433 44.0853059677386 31.16428106095141 33.575658156702794 52.65276587257937 36.312873797645246 25.233025046875646 43.74797752614583 43.290018825162804 14.073115860828457 104.38865060981576 81.78560953257592 69.82507830356242 73.87122090689336 91.83209177952855 88.01331617015845 59.725907489648925 42.223749168178315 48.921638657403314 73.47536478701286 78.64234358095531 44.94224820928149 15.806454139868993 29.57588813680409 62.405714272794334 78.815625574426 45.242011970080036 16.63210095310803 30.02106326898168 62.615908682484125 88.47709395768577 60.40102973874415 43.164705737046 49.728446983716914 74.00989290242728
17.946978907820178 37.71993544719975 33.67853360915916 9.943472354283472 52.367043684138196 30.99233566739345 44.19611794677542 32.832207868108526 23.440019568850406 61.169351146955464 39.04875940493622 20.866623514969557 15.04974296653561 48.128794826208534 25.483590520056897 29.937824597891773 40.491530103593 24.667288116411406 21.56697003770126 24.57636281768922 19.32574161417791 32.88807125748141 28.78173413509502 0.0 26.396495654070105 26.091466339294335 47.500469175077406 15.316399001067454 68.69201788179417 5.8270931190054345 30.74031924985703 18.179026959983165 13.641592739046978 22.185661414617048 68.05613331868848 34.72056192195287 52.428439421186184 26.360348036887487 14.95684226965488 29.140200392738645 76.3547606126659 53.18229924355786 47.13254284044315 63.3198894013163 90.51050960884622 63.14859087472703 31.669671205246022 20.323371447933948 47.095207694510144 80.1107081261054 61.17025196908976 27.555063572781645 13.100225131875673 44.48373675839352 78.61833336391668 71.35985636991322 45.79641114853349 38.69392564281189 57.37556033711542 86.49575943727132 89.66022275838066 70.83064779746937 66.25537868532545 78.46871451469087 101.58578898884033
43.71433331560814 34.59145997446982 53.38915182744482 16.65905261472831 65.10741423107719 34.54260891551877 55.45064070543189 40.542377542046225 38.794346050470025 68.56172185384465 44.97125077169178 38.14109589458396 12.598961240749862 49.37707964132123 41.871200499129 20.58165846705635 62.57912562732681 1.89497487024838 36.527542871391205 39.07301252759813 45.7095776869835 7.6445707281009305 47.24228270214444 26.396495654070105 0.0 32.06015109007752 61.48989483337141 33.17164790570877 64.8230519123209 25.689400566570203 37.62937363158419 35.42186225837492 16.270755131422526 47.920145156568324 64.50364092356432 26.308793017507643 72.4676836287439 5.879563090563996 27.892632643696533 39.181562864594106 75.25445420707963 43.46531347684995 22.584919590256597 39.061083317192164 70.2588242613316 71.98038495939336 37.57132145154646 6.073416824466204 32.5118810257954 66.87310553088454 79.31325001912884 50.108181093384076 33.55443954305067 46.214753386551884 74.43479606248151 94.82308206495647 72.01977017372647 61.45777424279994 69.00760139531607 90.23203644784248 115.25405513815487 97.15710574870374 89.38795610224558 94.52834349572777 110.79578638076052
39.13969239006014 13.59976438288942 26.039598390742565 23.85319530825679 33.07111889183227 4.9791461865507 23.391667238804708 58.12269961728712 11.755892020613675 37.56373332311503 64.1661920753589 46.9485887756167 22.554371145524698 22.0602533127726 14.364483246608543 16.343064193046796 36.60516664892115 31.62951499884739 47.59372115896051 10.952287918586196 36.82962659549825 39.46786939052224 20.010828465978644 26.091466339294335 32.06015109007752 0.0 29.694176621955823 14.204303689925933 42.75032879919022 20.26662383182896 55.727565371312934 44.26887293453366 18.932169454581746 42.609958923653345 42.08135276348607 16.32030703364787 43.32923432898134 27.210173134855157 40.140376392350305 7.513580396900669 100.29220726234168 72.66499103908487 53.820797370577246 53.92549266755531 72.89747946401214 89.13414051717416 56.44459003336456 28.669362071096398 29.201313987028474 57.25683361003823 86.11951119905757 51.599630041756 17.41629765981067 18.411600157557135 52.626044968302864 92.0520650879077 60.90830162791633 36.61821140718706 36.97024865787795 61.542983716127935 105.43183551424801 79.54765724360423 62.72615491063047 62.73829892792493 79.57638280568322
50.898205808360196 35.07486083585442 17.620445321952655 50.19673396794665 5.316921230995637 28.766356709214023 7.761511843848693 79.67344977433052 24.423336498501254 19.364949316349225 85.93421646747491 65.49233518492485 50.69279518016342 26.653625699670986 22.04019032281621 45.18185449279352 22.608373305005255 60.87114828281193 67.31067855392767 23.577068279302306 45.900087650072834 69.01402999868296 19.493040508120295 47.500469175077406 61.48989483337141 29.694176621955823 0.0 32.362582275508835 43.483935186039275 42.70583988526669 77.87931283781161 63.52451393574905 46.710836485943695 52.33207368737545 42.54517836280666 42.921111240044404 19.218232594030958 56.86683623880379 62.320723337390135 22.33322461518955 123.64243767853547 99.66184370652327 83.49996307646175 80.04208035202453 90.7521651069821 107.46393637546505 78.91701399869784 57.46385223152617 52.64119363461585 68.08008490533494 96.90896182192475 63.95757714701776 34.418593384325206 25.9528528266901 50.56980000394138 93.8942156547981 59.3349443808157 24.899832323836858 10.687460347534728 44.758195913716925 99.11034822193999 67.21695988049781 40.10253227043239 33.0626877614329 54.524346655440404
25.092834759651055 27.714050720935408 20.460132609452465 18.66628337747933 37.12507323308811 19.00296714010489 28.888579625230935 48.053661843644356 8.123621008648282 46.0230470900765 54.29396887380353 35.05116510608716 20.763272424499153 34.87626693336957 10.345355153130248 25.87244749885072 29.41822510860878 31.98997012152069 36.29665591218389 9.285570419214332 22.628740661945383 40.736569257822744 14.629022903610295 15.316399001067454 33.17164790570877 14.204303689925933 32.362582275508835 0.0 56.22408304128971 10.356466814944874 46.03097100927202 32.65803080906273 16.90988774407873 28.442971994686893 55.495811662949905 28.38385408774162 39.67589447626671 30.31695013673194 30.270035534621528 14.564746005284011 91.6709765661018 67.49897620351484 55.7086104524224 63.60487729336579 85.92150603225969 77.67041224456744 46.97887091122006 27.859918524720406 41.715407019304145 71.40738533020735 72.47717787309486 37.87380363880444 3.2807173249634833 31.336171188183904 65.93938548225437 77.87398565023507 47.31160705434731 28.412276335774333 42.08284085966863 71.62061369910043 92.01573528539258 67.96217837404419 56.263773987142294 64.08712244118826 86.27571319506524
81.2419620923493 31.78905018086102 56.28427315817358 64.49404043761633 40.835357631059644 37.780553238536065 37.62083920351563 99.60400553359472 50.256865888409315 28.202491165527086 105.36530996435101 89.54315241227106 61.23067834686247 21.561705012762662 50.77108304218517 44.60175109741064 64.8230519123209 65.5036813666698 89.96563089844632 48.847623868513246 78.09298385535901 69.89077803578499 53.511543393621075 68.69201788179417 64.8230519123209 42.75032879919022 43.483935186039275 56.22408304128971 0.0 62.90268351561617 96.99550810676007 86.79648584178253 58.82354563213392 84.32428555226383 0.9410729897011568 38.654773554793145 62.41900724505113 58.95718777530512 81.99310380013995 42.25887304785221 139.4725377575944 108.25163048224483 79.86890267666959 58.60432688438124 53.70932924594114 131.23704491376955 97.51667651081809 64.73549397672213 35.59084020429306 27.15830215960416 128.687974040109 94.09054850408288 59.50060756391747 24.9493008034544 9.973326833073346 132.15492792937752 98.73723057527391 66.54317078447687 38.75285287635602 31.151417081502622 141.19525818079927 110.44219620584127 82.78675430926114 62.4868377740557 57.8822366745838
21.67816288877784 32.10597880603394 30.116882621786456 9.401477557884204 47.41705281604805 25.17625882549305 38.93519613108526 38.42594195818046 18.34581329433326 55.655250267440586 44.60317906092489 26.68410173889113 13.23504826438574 42.301751589768166 20.701797836652396 25.345988542305946 38.00517823221518 24.182843615685485 27.37930728837228 19.36374901512622 21.67121677521665 32.85124687754938 24.683230512791322 5.8270931190054345 25.689400566570203 20.26662383182896 42.70583988526669 10.356466814944874 62.90268351561617 0.0 36.2312717712881 24.006008753653163 10.452660347871383 25.775402709811004 62.260128945292145 29.702455961438815 49.23257222828358 24.365344257535245 20.42726301655324 23.496308156220838 81.64564275956032 57.178869923059224 47.61979970485855 60.503532597846934 86.3048061450333 68.95747626309962 37.095747435592216 19.79652287668799 42.45653133800413 74.88697272185527 66.61952725571606 32.58885228811782 8.986556329935958 38.656643871807205 72.82010062969755 75.59836458458253 48.24165846691396 36.52712474286652 52.30709721583048 80.82488690233089 92.66021005842879 71.91449729559487 64.4379406548176 74.34765868915026 96.42444394626762
32.30212266615049 65.21610219608665 62.644455616186704 32.51431610187168 82.87790732301006 60.32995292068362 74.91930126165941 2.914641193367373 54.14670906794413 91.87494678527038 8.439764536145919 14.761410766512652 36.01311967492065 77.60392581564452 56.02791884388684 53.646118887532516 67.09112389474285 36.01311967492063 11.836291064098464 55.308097037039474 37.78256541603683 38.395577384467465 58.64393817115433 30.74031924985703 37.62937363158419 55.727565371312934 77.87931283781161 46.03097100927202 96.99550810676007 36.2312717712881 0.0 15.39602546067545 38.17207322363041 34.30113587948662 96.46735058526373 59.516022924965284 80.03199922916998 42.13617492204057 15.808986643807991 59.719969080862455 45.76404018533944 29.610680777708968 45.3219001333311 75.00795971504614 107.67149382388878 34.80544514242279 1.4016834472749926 34.458160127268634 69.04794899323241 103.64713261316945 43.99879310758974 26.828951040427423 43.57214355533372 73.9737185424042 106.9604162126537 65.3278688997688 55.04757113140596 64.71116245188351 87.97516029838332 116.9893924094744 90.59136911339945 83.26559975239552 89.74542956936976 107.56413080449998 132.21407042676356
17.12812845272897 55.53839468999227 47.67593089592653 23.8821793022788 68.64997795749917 49.157987690514425 61.232940030821716 16.53580786554038 40.58712073190481 78.6311311902294 22.69259780292557 2.9143539913458367 28.747567115092053 66.30702601922327 42.08813722526086 46.14095565166212 51.72706043923139 33.54022889901625 3.8033732933527484 41.86197893338951 22.47471419578427 39.166747450088494 44.0853059677386 18.179026959983165 35.42186225837492 44.26887293453366 63.52451393574905 32.65803080906273 86.79648584178253 24.006008753653163 15.39602546067545 0.0 29.406187128345437 19.663662063531763 86.1748267179438 51.523418044327244 64.71278294846726 38.119395885752645 7.602907297457765 47.01754021235123 60.556382387873526 43.57906328820492 50.25945152862054 74.48294153915364 104.7101861955503 45.07217053754995 16.690402205081604 30.339556670577565 62.906741105692916 96.89622107366242 44.72080165220327 15.726048663274765 29.824787184433173 62.662413554730016 96.73928381052905 59.7697739397498 42.4894550114785 49.326483146468014 73.86250966408022 104.27396112638762 82.15131310782989 70.37482480856896 74.50605459796819 92.4361772226152 118.03601156991454
31.441050121171177 27.04695163091715 37.23145082493711 5.724812829459431 50.80757308184062 22.90578409850989 41.46505459736185 40.79545046110076 23.00885031932558 56.48492163643799 46.54778599604779 32.309739371409684 4.015935793470276 39.888147616032235 25.999645632508102 16.783536850823452 46.30880494501007 15.08927192006814 32.033469625040055 23.483694932915224 32.007839710252256 23.827410549021867 31.16428106095141 13.641592739046978 16.270755131422526 18.932169454581746 46.710836485943695 16.90988774407873 58.82354563213392 10.452660347871383 38.17207322363041 29.406187128345437 0.0 35.646385217304726 58.2983904456344 22.12980463299306 56.38893967287745 14.045086312939166 23.506674128344066 24.950393494103537 81.71453310239941 53.79545916084229 38.80029496839776 50.11785420858329 76.89577809313192 72.58360320874326 38.70409347021461 11.067356738018615 33.79079839603762 67.49816193463035 73.83062964385789 40.97453134466288 17.36983531913209 36.32297831930057 68.7884797314819 85.00001023657043 58.623008757839486 45.200961958768225 55.17618289892589 80.25278653928464 102.909657704154 82.28694228724214 73.12067809494795 79.47877535859963 98.39648048733143
4.245274836900405 55.96016914350143 34.86030426955224 32.02952220812501 57.648991142633136 47.44558455248006 52.30814596510433 34.656612006118955 34.1657729498481 70.04781927340106 40.16825907618204 19.568267088151572 37.221244723235706 62.794390414467024 34.194571390199236 51.07687054305265 35.64638521730467 46.08895758910637 22.632712596973477 35.58745592190732 6.52451762035041 53.624478741558306 33.575658156702794 22.185661414617048 47.920145156568324 42.609958923653345 52.33207368737545 28.442971994686893 84.32428555226383 25.775402709811004 34.30113587948662 19.663662063531763 35.646385217304726 0.0 83.55828110750296 55.10239684098945 48.78552162000227 48.47517880270925 24.82926869283757 42.083951717702305 77.00929358687516 63.21189681831806 66.75203788910369 85.50265076206256 112.07296762464367 56.415349710215494 35.68223757493474 41.935473418796356 68.1085695072913 99.56807724424284 45.144247415791476 11.791477402204798 25.19778772538069 59.3773675360788 93.86835860443244 49.96429466268527 24.356915976134896 32.93831756480457 63.01944910491701 96.19154827767845 67.51258063482092 51.340601353695625 55.75455930158037 77.3051689759796 106.01137744803258
