0.0 28.733097304011807 23.113025855857813 22.059322897422845 63.48657338928979 26.23653379267033 23.600028855237262 35.57081803543817 30.110374838257226 43.69025859502541 37.652113178586895 21.78112750744033 16.8021878084341 27.362981586977426 15.779237541423049 34.91578077522229 71.3569228084935 6.218063922359337 40.088814439127994 29.084668058909816 32.78702627094731 34.597669702261605 56.19671428679336 24.57554204434517 62.591645357688016 29.0683438560079 23.498306908716756 11.814317727998748 17.082731799468096 33.53056574107247 45.75042104843436 32.74351656648023 15.509848121343502 39.13607476842379 20.997266483491483 25.989494998803572 50.12294891445567 8.735145343082612 27.887843504903756 37.81954543939107 20.15647995523562 39.35074432987635 61.85785386260788 28.479217621377675 16.181022278376542 46.99315033280221
28.733097304011807 0.0 23.82945813935924 38.44960670272297 81.51657360496401 26.578117264159985 26.644457497383883 48.343548242838864 48.31746277596807 30.397918072541035 62.501293574227155 34.292011504540966 11.999824995993988 46.470604231994 24.514243212639414 31.280127850027785 86.69307467393467 22.556440840104113 46.48745131167074 36.525754006541696 32.58280932517567 53.49297995731704 65.42090951992952 42.69673658093028 81.6267131705162 23.091509988908385 27.940837055468023 17.021696773591408 34.389890392355994 28.433397562684288 70.06430025953325 40.419731223288615 20.20023576836751 46.40411551306855 22.902901723805453 26.952795168967285 66.18224669848759 20.207405818478406 37.00373041409742 34.95475210188998 35.9279391612864 36.22234823932069 56.9183054687084 37.38773194983975 12.611906147969451 68.10931138547728
23.113025855857813 23.82945813935924 0.0 16.99903121814771 58.046314117584714 3.6110342243585323 2.8404269823521866 24.640854386793638 26.11987956410822 21.24513089474868 43.0788567185015 12.033561119151939 17.8262915112803 24.92227650170528 32.48649644362278 48.368848669349255 62.88072642517902 19.463617549466658 23.10259284513279 12.696428066509712 10.833416321557488 31.137578304133676 41.92495647709854 21.23671380560333 58.38065623592077 6.603228348258213 4.226044953775533 17.476139835565025 14.993049038706365 10.418407192988555 49.72547073574003 51.79611359206059 8.42357507152912 22.840723149664807 35.12469630783115 40.77703044921727 42.57173862956214 17.738738440425475 13.261464355558825 15.300865955185849 41.422278629835084 16.85454496890098 39.70683523859206 47.71046372887136 17.793581619772652 45.93272991803252
22.059322897422845 38.44960670272297 16.99903121814771 0.0 43.78414100088029 16.946579686823906 14.660975299662365 13.514825363494356 9.901367563711194 35.40659282414268 26.14365066963181 5.054275346479321 28.687932265680754 8.100570637576695 37.03766694427516 55.737796944191196 50.4321971053599 23.093091124021704 19.490681744638024 10.98019340808476 19.026053098571555 15.07514101938118 34.165843947668435 4.3184901100501145 43.542842031580655 22.690407476165937 13.305120746622334 25.334069605385015 5.133718529106627 23.328670661937732 32.7412038030327 54.80227109715273 18.327638667680073 18.277810872994998 41.55018692840641 47.03103130357943 29.15993593827875 23.30017171521557 9.012124942971415 23.792395363014474 42.04076906913609 24.949167689120323 44.410383210890444 50.53714603509736 28.31268282075891 29.672112470540288
63.48657338928979 81.51657360496401 58.046314117584714 43.78414100088029 0.0 56.0528908679818 55.212137603659315 33.48671207013854 34.07238001889023 67.45897820232238 31.322766945246293 47.33786023551877 72.44645888225294 36.53405558279747 79.25710576881723 98.37661525320591 10.898332854750086 66.21229710008708 39.070388999737794 45.71226632151014 52.588946704187634 29.112499726971368 25.980475580593026 39.95393645843741 3.3067964256690217 61.250507876388426 53.82526607161479 69.06089289750628 48.63564460283194 58.32590722397818 25.679500464949196 94.7433742255981 61.8589498220595 38.33997153525976 84.30699876965915 89.46614949380982 15.583420473506228 66.8223449262315 44.81920446504136 53.851382266535786 81.24436762879074 53.71195577119028 55.721925141633946 90.65418454040535 72.08506968974758 17.82727668951002
26.23653379267033 26.578117264159985 3.6110342243585323 16.946579686823906 56.0528908679818 0.0 2.877102194865543 22.568479682035026 25.27443609799702 19.24580650860351 43.03696657066807 11.903405792656146 21.348304825557314 24.451669440031267 36.08251616859432 51.929093512910576 60.41499736638282 22.913952988422277 19.965384645353353 10.344625892903633 7.222382400692931 30.095152587769977 38.87980169066589 20.949446511893683 56.56291852603285 5.803803500061493 3.8183671173763694 21.084647558464987 16.024960099957692 7.573751892524714 49.29788662216562 55.38921019988974 11.981575387512834 19.83010584182157 38.73157010521869 44.38044492259404 40.494743542652095 21.276093160265486 11.362871325698306 11.787201215948341 44.894070234116285 13.341596470882825 36.17499198865262 51.29405167956826 21.33919794236055 44.79880926945793
23.600028855237262 26.644457497383883 2.8404269823521866 14.660975299662365 55.212137603659315 2.877102194865543 0.0 21.800442398119152 23.495909248703036 22.08201669266882 40.804235213792914 9.618517617498686 20.159001458716546 22.430707026444747 34.124854821127265 50.537092436577346 60.05432215123807 20.610966515906384 20.538051690570356 9.895540472220972 9.325034314318886 28.46210747722674 39.27015340678139 18.81034236995845 55.562138823342494 8.12595433805486 1.4384460521672449 19.296133988028537 13.295097235488196 10.44414705782346 47.28282733807461 53.38840493068837 10.036245388432448 20.20193833355806 37.07150470361159 42.750722862745 39.73248097173813 19.15481779298754 10.421041237021658 14.23621230061476 42.57133713310275 15.777331660533616 38.48931921072003 49.24936293920992 20.072068724422557 43.24449513701806
35.57081803543817 48.343548242838864 24.640854386793638 13.514825363494356 33.48671207013854 22.568479682035026 21.800442398119152 0.0 9.4126482412611 36.14140783073417 27.09193919408445 15.083582459026571 40.274202445731625 11.536267523468654 50.35066095236908 68.79163003349056 38.44255226360288 36.22335746759461 10.071184171887825 12.236328685554701 19.799989035330825 11.042233183731517 20.666288513233432 11.98634542502532 34.035875662667635 27.861628120212 20.44477416200827 37.696874605465496 18.536339711618854 25.53309826374446 30.829730230476045 68.31092577449432 29.41528162841883 8.646735088205467 54.646670441368975 60.21269548348904 17.948669921005095 36.092395368675085 11.379426515310776 22.37294753758935 55.537872450817815 22.772390179104086 35.96137354513097 64.04481705886805 40.0067917873356 23.773383988449268
30.110374838257226 48.31746277596807 26.11987956410822 9.901367563711194 34.07238001889023 25.27443609799702 23.495909248703036 9.4126482412611 0.0 42.03510888472328 18.918238349984037 14.238445961690731 38.53786709973742 2.845226392315494 45.694960940239696 64.68773676428754 41.298839998083054 32.23572594820227 19.116478200942602 16.354735006452916 25.106071158056473 5.17731627217624 28.2396327253056 5.882135275435736 33.70174041756945 31.057898410189267 22.06264951938975 35.00059549910774 14.573711434617334 30.36863698321611 24.209951575682073 62.49233021278894 28.226941672598656 17.673313199021603 50.52718323579066 55.849095282800135 20.02068413413381 32.75726419281883 14.568555217487521 28.9183048320917 49.27326050655619 29.68589655090733 45.205333009419824 58.26985459922195 38.14661440826187 19.897222206811477
43.69025859502541 30.397918072541035 21.24513089474868 35.40659282414268 67.45897820232238 19.24580650860351 22.08201669266882 36.14140783073417 42.03510888472328 0.0 60.76039797845582 30.578197060761212 32.78522106553411 41.970750967316015 49.52955479699099 61.23399697440955 69.09794688615543 38.97872328198097 28.424859021269967 25.694792507933595 16.929445106579504 46.11481957641706 44.763013411625856 38.925940781984735 68.74975382461115 14.75939888849407 23.0289674129686 35.148197242678854 35.21719993183639 12.088049451122426 66.13903466267156 68.22268148896998 28.188103820152794 29.27920151899377 50.386260244612274 55.500720747472876 52.295556071665054 36.70877033331264 27.56166520985228 13.836702995265616 59.98750559844537 13.768641298487974 27.385570335867467 64.52769866386066 33.122016227860136 59.905850445657734
37.652113178586895 62.501293574227155 43.0788567185015 26.14365066963181 31.322766945246293 43.03696657066807 40.804235213792914 27.09193919408445 18.918238349984037 60.76039797845582 0.0 31.193395012787384 51.221092028603124 18.803714022871194 52.83828735745122 71.66259530861778 41.64345707032468 42.235176075021975 37.15845801575424 35.089025249322574 43.857944151174586 16.08542348904522 39.77127522308048 22.09953251431572 29.190679473880127 48.81266010686688 39.44595458552252 46.68969989180666 28.683037048146243 48.891524827288876 8.132555680354171 65.70654010298995 42.62914503805295 35.73833365039581 58.339652177465126 62.799006593299396 25.087877671687846 43.75344287457869 33.19924371137302 47.82463667481457 52.290237540480256 48.604133348775356 62.706437541940815 61.85823519762343 50.69763316443716 13.745966353837586
21.78112750744033 34.292011504540966 12.033561119151939 5.054275346479321 47.33786023551877 11.903405792656146 9.618517617498686 15.083582459026571 14.238445961690731 30.578197060761212 31.193395012787384 0.0 25.332878252415462 12.891676038681327 35.65236140266109 53.81026505820991 53.27092292156024 21.421052208824598 18.31619722987679 7.757783510008785 14.621508007863214 19.358767932557267 35.05735716471752 9.209991685411 47.34823876571384 17.636690038485387 8.252639049812668 22.61333883253206 5.681571760237641 18.491632063099736 37.70011165429158 54.14834679803068 14.5640686655289 17.35672412602284 39.715841401311884 45.33098468840759 32.241734856490666 21.0848229074557 6.21688464021389 19.624007364007255 41.92536150498549 20.908133385054644 41.64132556274087 49.88823947017683 25.031791020026176 34.133413948006066
16.8021878084341 11.999824995993988 17.8262915112803 28.687932265680754 72.44645888225294 21.348304825557314 20.159001458716546 40.274202445731625 38.53786709973742 32.78522106553411 51.221092028603124 25.332878252415462 0.0 36.37036734548912 16.769799767592026 30.61123392477456 78.60121079231736 10.593584100458193 40.65354073160199 29.58643476929424 28.45910793200048 43.674501475654125 59.190024040337484 32.70513550811726 72.22689455017681 20.531456956940406 21.08447223077328 5.024570001986844 24.057506389566136 26.215370784707684 58.97977411218523 35.55279066538102 10.870021318684175 40.2294873364226 17.960810887379836 23.435243720017645 57.54379502551761 8.207710623366786 29.483112177666683 32.305836722123715 27.61389631409713 33.802676989341094 56.32774811035375 31.769189813041454 0.621685355285756 57.90839954726329
27.362981586977426 46.470604231994 24.92227650170528 8.100570637576695 36.53405558279747 24.451669440031267 22.430707026444747 11.536267523468654 2.845226392315494 41.970750967316015 18.803714022871194 12.891676038681327 36.37036734548912 0.0 43.00068819825831 62.033372030720614 44.00199769642651 29.683966565131357 20.7363696906052 16.34847701960649 25.096422377869057 7.424775292007896 30.973078745784637 3.7886237825434423 36.01945918911465 30.25481425121885 21.022056363449213 32.663344679896035 12.313699006817298 30.08930771610705 24.860918020327222 59.67564036157495 26.29092114775785 19.31025684041935 47.89234539242482 53.17349968025719 22.76368139972636 30.315410013251043 14.42341912625527 29.255178686735675 46.43970870031945 30.14824181654319 46.820814310146694 55.45766448709287 35.955858526890395 21.646061626145727
15.779237541423049 24.514243212639414 32.48649644362278 37.03766694427516 79.25710576881723 36.08251616859432 34.124854821127265 50.35066095236908 45.694960940239696 49.52955479699099 52.83828735745122 35.65236140266109 16.769799767592026 43.00068819825831 0.0 19.138187406206757 86.99251769492312 14.239661762827216 53.380819469227475 42.008679228300444 43.282630260489874 50.30654528657606 70.69646951917538 40.012261372326016 78.369753303999 36.61507788138088 34.59900656926236 15.06756665345112 31.90966244816562 42.105468635229435 60.97075102451057 19.311736066181155 24.13011207435684 52.64038501954822 5.606124967859605 10.210631846746189 65.70942348507499 15.053038723856089 41.255782688561936 47.72716457723163 11.42094171406803 49.27244440731815 72.09678100931232 15.275324374613865 16.41003632036419 62.72786272576595
34.91578077522229 31.280127850027785 48.368848669349255 55.737796944191196 98.37661525320591 51.929093512910576 50.537092436577346 68.79163003349056 64.68773676428754 61.23399697440955 71.66259530861778 53.81026505820991 30.61123392477456 62.033372030720614 19.138187406206757 0.0 105.97331592316402 32.6463071200575 70.75142807542147 59.43293009014652 59.067880009284565 69.37845577285019 88.76269099923779 58.93528964838722 97.50734434121185 50.882845255564796 51.30805913245368 31.517180415285758 50.61001826869644 56.607215803545415 79.78565578327843 14.247216492361932 40.662783840792514 70.1760297920023 14.189500358586317 8.937722987771545 84.66745522568037 32.725443363826564 58.972396296956504 62.84462704159545 21.740147803146353 64.3189583656944 86.55380455047691 14.4669376505476 30.592448192278347 81.85085907854034
71.3569228084935 86.69307467393467 62.88072642517902 50.4321971053599 10.898332854750086 60.41499736638282 60.05432215123807 38.44255226360288 41.298839998083054 69.09794688615543 41.64345707032468 53.27092292156024 78.60121079231736 44.00199769642651 86.99251769492312 105.97331592316402 0.0 73.42438453598857 41.591234463745685 50.20429586821335 55.8613117951661 36.8008448395363 24.667773846017358 47.04152035964282 13.950229012285542 65.11214720296523 58.75288916175926 75.682791815752 55.5004740040663 61.404791869529696 36.464592751041096 103.34541484696283 67.78401049399507 41.211984717325386 91.79953542865908 97.14666195432596 21.310428236627057 73.73234683257175 49.70082448538169 56.13575016911952 89.92607193397262 55.69863284487137 53.146512914341116 99.18115792166849 78.30256169072149 27.91981573700021
6.218063922359337 22.556440840104113 19.463617549466658 23.093091124021704 66.21229710008708 22.913952988422277 20.610966515906384 36.22335746759461 32.23572594820227 38.97872328198097 42.235176075021975 21.421052208824598 10.593584100458193 29.683966565131357 14.239661762827216 32.6463071200575 73.42438453598857 0.0 39.201691794969925 27.85307805357595 29.929647600906513 37.100486225899985 56.4754573330509 26.407681169651465 65.5929898385175 24.7338723361296 20.86972438681179 5.5962576585539106 17.969298665189708 29.714445040922488 50.22242244474061 33.09272463094679 11.147597709713466 38.43089454238121 18.462063433104912 23.991108053417058 52.115475278179254 2.5871710849873013 27.036854864972987 34.700804996733126 21.981590756228908 36.25492743982345 59.06750309541295 28.88050453782098 9.9733293180867 50.4435659874341
40.088814439127994 46.48745131167074 23.10259284513279 19.490681744638024 39.070388999737794 19.965384645353353 20.538051690570356 10.071184171887825 19.116478200942602 28.424859021269967 37.15845801575424 18.31619722987679 40.65354073160199 20.7363696906052 53.380819469227475 70.75142807542147 41.591234463745685 39.201691794969925 0.0 11.380905569259147 14.37701358924886 21.088334480381885 18.93373556200859 19.914818556070387 40.32584754092459 23.87276492558741 19.570063338832977 39.24652419275997 23.506908884667524 19.81936103601207 40.59090311894435 72.22905510020519 30.109997306330886 1.4441189386037925 56.9591726374048 62.64458408623821 23.88586217911704 38.41055629624785 12.237834576817972 14.794237245348448 60.214956146827205 14.658003377000828 26.10623967355969 67.98600358541347 40.53323052119264 32.716804330739606
29.084668058909816 36.525754006541696 12.696428066509712 10.98019340808476 45.71226632151014 10.344625892903633 9.895540472220972 12.236328685554701 16.354735006452916 25.694792507933595 35.089025249322574 7.757783510008785 29.58643476929424 16.34847701960649 42.008679228300444 59.43293009014652 50.20429586821335 27.85307805357595 11.380905569259147 0.0 8.771330400172177 20.67090033092004 29.603722815552942 13.623085239407098 46.262013212138264 15.670469478071782 8.67882355341538 27.915948066567054 13.415897170718436 14.068903352072082 40.52969498025946 60.91909689508917 18.8702743058573 10.743137807099473 45.59169976151351 51.274503118704736 30.150410828599455 27.029650726988706 2.0094934344045545 13.031229228630226 49.10307499990495 14.075934678447933 33.90657244695393 56.68633192893712 29.421413653278577 35.05726902295893
32.78702627094731 32.58280932517567 10.833416321557488 19.026053098571555 52.588946704187634 7.222382400692931 9.325034314318886 19.799989035330825 25.106071158056473 16.929445106579504 43.857944151174586 14.621508007863214 28.45910793200048 25.096422377869057 43.282630260489874 59.067880009284565 55.8613117951661 29.929647600906513 14.37701358924886 8.771330400172177 0.0 29.266128787430066 33.13444988267728 22.204404731675492 53.47964657349331 9.594132052751398 9.289217126297842 28.304001569384287 19.97918352072723 5.761768854385705 49.23610668449906 62.58221928718784 19.157844743747287 14.649881103920517 45.94745166355054 51.59058913089088 37.05725942599833 28.407289212229752 10.673600808251686 5.176263133775353 51.89583094376864 6.6371619964119635 29.1682559758462 58.47204868127561 28.47963009016448 43.35566513359273
34.597669702261605 53.49297995731704 31.137578304133676 15.07514101938118 29.112499726971368 30.095152587769977 28.46210747722674 11.042233183731517 5.17731627217624 46.11481957641706 16.08542348904522 19.358767932557267 43.674501475654125 7.424775292007896 50.30654528657606 69.37845577285019 36.8008448395363 37.100486225899985 21.088334480381885 20.67090033092004 29.266128787430066 0.0 26.343418481406175 10.97143676150843 28.61369955851685 35.83571554924597 27.02416207710883 40.05815390660044 19.656243811215454 34.7346635174848 20.090317073307702 66.61129097164518 33.40239297930015 19.676348943948405 55.259769294639575 60.49795559406135 15.761996891828836 37.73733224176093 19.04945594840003 32.64782139477959 53.25588314880531 33.25045461043312 46.68751112570003 62.425030526979036 43.27528065950295 14.798335454766496
56.19671428679336 65.42090951992952 41.92495647709854 34.165843947668435 25.980475580593026 38.87980169066589 39.27015340678139 20.666288513233432 28.2396327253056 44.763013411625856 39.77127522308048 35.05735716471752 59.190024040337484 30.973078745784637 70.69646951917538 88.76269099923779 24.667773846017358 56.4754573330509 18.93373556200859 29.603722815552942 33.13444988267728 26.343418481406175 0.0 32.40145563137861 28.410665178071135 42.71197748374885 38.190150302030865 57.31382648948521 39.12186289432673 38.25853105266406 39.35126928896891 88.91551263639873 48.43582633397666 19.084648390595554 74.73510662268048 80.37072405752976 15.92918797414345 56.07675230288464 29.83390523300485 32.41870755463682 76.20209014429541 31.76265522753404 29.741510487133205 84.64778606848132 59.02068451068073 29.130885816074546
24.57554204434517 42.69673658093028 21.23671380560333 4.3184901100501145 39.95393645843741 20.949446511893683 18.81034236995845 11.98634542502532 5.882135275435736 38.925940781984735 22.09953251431572 9.209991685411 32.70513550811726 3.7886237825434423 40.012261372326016 58.93528964838722 47.04152035964282 26.407681169651465 19.914818556070387 13.623085239407098 22.204404731675492 10.97143676150843 32.40145563137861 0.0 39.56711982104796 26.738485826767384 17.420887615858927 29.12020560306901 8.696028378969139 26.926478983936118 28.490591519522344 57.178388496610104 22.529366610643738 18.55692572284674 44.75827452867488 50.129119846529 25.732819552213726 26.882307860393894 11.624476627564697 26.654055269086072 44.118559815686254 27.66852635346038 45.686116848382575 52.93298266979366 32.30409546464875 25.412940869101615
62.591645357688016 81.6267131705162 58.38065623592077 43.542842031580655 3.3067964256690217 56.56291852603285 55.562138823342494 34.035875662667635 33.70174041756945 68.74975382461115 29.190679473880127 47.34823876571384 72.22689455017681 36.01945918911465 78.369753303999 97.50734434121185 13.950229012285542 65.5929898385175 40.32584754092459 46.262013212138264 53.47964657349331 28.61369955851685 28.410665178071135 39.56711982104796 0.0 61.895337880933575 54.15482521055299 68.67184811122306 48.261821997307294 59.23771589517622 23.07297195805807 93.42827221970549 61.77389456827154 39.50017229537685 83.51146574907438 88.57826143972352 16.48145710919298 66.32598348588782 45.241951184051544 55.03315458980712 79.9159892651369 54.98135382029302 58.10614514230768 89.38171973162513 71.84276070833003 16.09883945025566
29.0683438560079 23.091509988908385 6.603228348258213 22.690407476165937 61.250507876388426 5.803803500061493 8.12595433805486 27.861628120212 31.057898410189267 14.75939888849407 48.81266010686688 17.636690038485387 20.531456956940406 30.25481425121885 36.61507788138088 50.882845255564796 65.11214720296523 24.7338723361296 23.87276492558741 15.670469478071782 9.594132052751398 35.83571554924597 42.71197748374885 26.738485826767384 61.895337880933575 0.0 9.403947098366222 21.641246237524737 21.353197237809493 5.724733555024782 55.10152960208932 55.818615968296506 13.668969654436253 24.012714091616033 38.4693139503894 43.96647038863161 45.667283124829716 22.659788129844905 16.933757461101557 12.108410145249204 46.35738173852247 13.514825363494356 35.79747490926256 51.876865771434595 20.691711319452004 50.49295628615875
23.498306908716756 27.940837055468023 4.226044953775533 13.305120746622334 53.82526607161479 3.8183671173763694 1.4384460521672449 20.44477416200827 22.06264951938975 23.0289674129686 39.44595458552252 8.252639049812668 21.08447223077328 21.022056363449213 34.59900656926236 51.30805913245368 58.75288916175926 20.86972438681179 19.570063338832977 8.67882355341538 9.289217126297842 27.02416207710883 38.190150302030865 17.420887615858927 54.15482521055299 9.403947098366222 0.0 19.926341824975594 12.210217858499655 11.179869459082353 45.87935297447091 53.8093591399814 10.669598971180275 19.16163435142037 37.71976748294255 43.40750267217727 38.36216227623759 19.566309112336036 9.072883889205073 14.365655388250692 42.758918422685696 15.88021856058054 38.4058117229688 49.64392286038549 20.96430768144517 41.80607705331005
11.814317727998748 17.021696773591408 17.476139835565025 25.334069605385015 69.06089289750628 21.084647558464987 19.296133988028537 37.696874605465496 35.00059549910774 35.148197242678854 46.68969989180666 22.61333883253206 5.024570001986844 32.663344679896035 15.06756665345112 31.517180415285758 75.682791815752 5.5962576585539106 39.24652419275997 27.915948066567054 28.304001569384287 40.05815390660044 57.31382648948521 29.12020560306901 68.67184811122306 21.641246237524737 19.926341824975594 0.0 20.42764979548766 27.061012439377865 54.54613198154245 34.37066936821149 9.26792144463015 38.658962506554246 17.79348005414152 23.481299213008658 54.46424241488006 3.1896584703899933 27.486909227877586 32.66913550453673 24.862850186915175 34.212157467416 57.02963985821074 30.338092893335038 4.409964359295057 53.98127180852274
17.082731799468096 34.389890392355994 14.993049038706365 5.133718529106627 48.63564460283194 16.024960099957692 13.295097235488196 18.536339711618854 14.573711434617334 35.21719993183639 28.683037048146243 5.681571760237641 24.057506389566136 12.313699006817298 31.90966244816562 50.61001826869644 55.5004740040663 17.969298665189708 23.506908884667524 13.415897170718436 19.97918352072723 19.656243811215454 39.12186289432673 8.696028378969139 48.261821997307294 21.353197237809493 12.210217858499655 20.42764979548766 0.0 23.244568585529997 35.878090332666346 49.795327516833815 14.205836807261374 22.424479616182325 36.42139736030687 41.89743117718147 34.20566404988281 18.25683551392001 11.760087681864185 25.080337675560628 37.17547381131861 26.41868514352915 47.316626229292545 45.527855292933324 23.64226297223906 33.88753351327625
33.53056574107247 28.433397562684288 10.418407192988555 23.328670661937732 58.32590722397818 7.573751892524714 10.44414705782346 25.53309826374446 30.36863698321611 12.088049451122426 48.891524827288876 18.491632063099736 26.215370784707684 30.08930771610705 42.105468635229435 56.607215803545415 61.404791869529696 29.714445040922488 19.81936103601207 14.068903352072082 5.761768854385705 34.7346635174848 38.25853105266406 26.926478983936118 59.23771589517622 5.724733555024782 11.179869459082353 27.061012439377865 23.244568585529997 0.0 54.572960155311776 61.364115399335795 18.56852554292319 20.229372277162664 44.12433712084314 49.647361999682474 42.80714863645444 27.808863659428503 15.800292524259913 6.523262423513433 51.56498364019641 7.849430861473214 30.12303929379974 57.38035629863362 26.356033193766436 48.99137107593342
45.75042104843436 70.06430025953325 49.72547073574003 32.7412038030327 25.679500464949196 49.29788662216562 47.28282733807461 30.829730230476045 24.209951575682073 66.13903466267156 8.132555680354171 37.70011165429158 58.97977411218523 24.860918020327222 60.97075102451057 79.78565578327843 36.464592751041096 50.22242244474061 40.59090311894435 40.52969498025946 49.23610668449906 20.090317073307702 39.35126928896891 28.490591519522344 23.07297195805807 55.10152960208932 45.87935297447091 54.54613198154245 35.878090332666346 54.572960155311776 0.0 73.63156829717845 50.01575669303984 39.24750576134408 66.47005885725193 70.92743254479599 23.57121634279574 51.663080617047534 38.77565823139582 52.73668180317478 60.264502219456126 53.335792842655465 65.02325976072301 69.83128364671327 58.47161407388726 10.363582622729815
32.74351656648023 40.419731223288615 51.79611359206059 54.80227109715273 94.7433742255981 55.38921019988974 53.38840493068837 68.31092577449432 62.49233021278894 68.22268148896998 65.70654010298995 54.14834679803068 35.55279066538102 59.67564036157495 19.311736066181155 14.247216492361932 103.34541484696283 33.09272463094679 72.22905510020519 60.91909689508917 62.58221928718784 66.61129097164518 88.91551263639873 57.178388496610104 93.42827221970549 55.818615968296506 53.8093591399814 34.37066936821149 49.795327516833815 61.364115399335795 73.63156829717845 0.0 43.42464761135845 71.40231982589394 17.909262146374974 13.526572594771116 82.3456209368385 34.24685737508442 60.01083335768301 67.03719936682498 13.513073410630211 68.58160557200844 91.39723843780588 4.267839588471826 35.28780275543671 77.37946952272522
15.509848121343502 20.20023576836751 8.42357507152912 18.327638667680073 61.8589498220595 11.981575387512834 10.036245388432448 29.41528162841883 28.226941672598656 28.188103820152794 42.62914503805295 14.5640686655289 10.870021318684175 26.29092114775785 24.13011207435684 40.662783840792514 67.78401049399507 11.147597709713466 30.109997306330886 18.8702743058573 19.157844743747287 33.40239297930015 48.43582633397666 22.529366610643738 61.77389456827154 13.668969654436253 10.669598971180275 9.26792144463015 14.205836807261374 18.56852554292319 50.01575669303984 43.42464761135845 0.0 29.590238068893907 27.058177225937957 32.74363590042242 46.80518018997946 9.317452772621667 18.650808842986393 23.724436914847274 33.03718533606673 25.27810421260993 48.13032810449413 39.317220885722655 10.635753849269324 47.93680343765659
39.13607476842379 46.40411551306855 22.840723149664807 18.277810872994998 38.33997153525976 19.83010584182157 20.20193833355806 8.646735088205467 17.673313199021603 29.27920151899377 35.73833365039581 17.35672412602284 40.2294873364226 19.31025684041935 52.64038501954822 70.1760297920023 41.211984717325386 38.43089454238121 1.4441189386037925 10.743137807099473 14.649881103920517 19.676348943948405 19.084648390595554 18.55692572284674 39.50017229537685 24.012714091616033 19.16163435142037 38.658962506554246 22.424479616182325 20.229372277162664 39.24750576134408 71.40231982589394 29.590238068893907 0.0 56.31762647148491 61.996484827701 23.027475947841417 37.71997550601049 11.398184181300504 15.534281311523177 59.28198410556598 15.521331857003174 27.544685699425695 67.15208804977364 40.08844496310459 31.498068942238334
20.997266483491483 22.902901723805453 35.12469630783115 41.55018692840641 84.30699876965915 38.73157010521869 37.07150470361159 54.646670441368975 50.52718323579066 50.386260244612274 58.339652177465126 39.715841401311884 17.960810887379836 47.89234539242482 5.606124967859605 14.189500358586317 91.79953542865908 18.462063433104912 56.9591726374048 45.59169976151351 45.94745166355054 55.259769294639575 74.73510662268048 44.75827452867488 83.51146574907438 38.4693139503894 37.71976748294255 17.79348005414152 36.42139736030687 44.12433712084314 66.47005885725193 17.909262146374974 27.058177225937957 56.31762647148491 0.0 5.690452784629573 70.49101847350082 18.659698212794485 45.023731011440866 50.08197098488366 14.386798283531826 51.60155881805785 74.24736569749707 14.5454569938059 17.77782581580014 67.98557748712881
25.989494998803572 26.952795168967285 40.77703044921727 47.03103130357943 89.46614949380982 44.38044492259404 42.750722862745 60.21269548348904 55.849095282800135 55.500720747472876 62.799006593299396 45.33098468840759 23.435243720017645 53.17349968025719 10.210631846746189 8.937722987771545 97.14666195432596 23.991108053417058 62.64458408623821 51.274503118704736 51.59058913089088 60.49795559406135 80.37072405752976 50.129119846529 88.57826143972352 43.96647038863161 43.40750267217727 23.481299213008658 41.89743117718147 49.647361999682474 70.92743254479599 13.526572594771116 32.74363590042242 61.996484827701 5.690452784629573 0.0 75.85051627457938 24.31119251304556 50.69016264716088 55.66871732983689 14.654615164606819 57.181235147572586 79.76295626395944 11.062031117374223 23.29552024836586 72.91313610158515
50.12294891445567 66.18224669848759 42.57173862956214 29.15993593827875 15.583420473506228 40.494743542652095 39.73248097173813 17.948669921005095 20.02068413413381 52.295556071665054 25.087877671687846 32.241734856490666 57.54379502551761 22.76368139972636 65.70942348507499 84.66745522568037 21.310428236627057 52.115475278179254 23.88586217911704 30.150410828599455 37.05725942599833 15.761996891828836 15.92918797414345 25.732819552213726 16.48145710919298 45.667283124829716 38.36216227623759 54.46424241488006 34.20566404988281 42.80714863645444 23.57121634279574 82.3456209368385 46.80518018997946 23.027475947841417 70.49101847350082 75.85051627457938 0.0 52.45221724006865 29.316913976985084 38.556681543462005 69.01190900661064 38.52794663627656 43.87523337929707 78.14799255638916 57.21956928539332 13.254883229604554
8.735145343082612 20.207405818478406 17.738738440425475 23.30017171521557 66.8223449262315 21.276093160265486 19.15481779298754 36.092395368675085 32.75726419281883 36.70877033331264 43.75344287457869 21.0848229074557 8.207710623366786 30.315410013251043 15.053038723856089 32.725443363826564 73.73234683257175 2.5871710849873013 38.41055629624785 27.029650726988706 28.407289212229752 37.73733224176093 56.07675230288464 26.882307860393894 66.32598348588782 22.659788129844905 19.566309112336036 3.1896584703899933 18.25683551392001 27.808863659428503 51.663080617047534 34.24685737508442 9.317452772621667 37.71997550601049 18.659698212794485 24.31119251304556 52.45221724006865 0.0 26.38487147802636 33.03825477728342 23.75612376003672 34.592372049171765 57.44267078271221 30.095964816407644 7.596080523651488 51.419413949694984
27.887843504903756 37.00373041409742 13.261464355558825 9.012124942971415 44.81920446504136 11.362871325698306 10.421041237021658 11.379426515310776 14.568555217487521 27.56166520985228 33.19924371137302 6.21688464021389 29.483112177666683 14.42341912625527 41.255782688561936 58.972396296956504 49.70082448538169 27.036854864972987 12.237834576817972 2.0094934344045545 10.673600808251686 19.04945594840003 29.83390523300485 11.624476627564697 45.241951184051544 16.933757461101557 9.072883889205073 27.486909227877586 11.760087681864185 15.800292524259913 38.77565823139582 60.01083335768301 18.650808842986393 11.398184181300504 45.023731011440866 50.69016264716088 29.316913976985084 26.38487147802636 0.0 15.034085206431076 47.99081114033029 16.085423489045304 35.66094476109472 55.763310063802116 29.277665343324962 33.58871636678158
37.81954543939107 34.95475210188998 15.300865955185849 23.792395363014474 53.851382266535786 11.787201215948341 14.23621230061476 22.37294753758935 28.9183048320917 13.836702995265616 47.82463667481457 19.624007364007255 32.305836722123715 29.255178686735675 47.72716457723163 62.84462704159545 56.13575016911952 34.700804996733126 14.794237245348448 13.031229228630226 5.176263133775353 32.64782139477959 32.41870755463682 26.654055269086072 55.03315458980712 12.108410145249204 14.365655388250692 32.66913550453673 25.080337675560628 6.523262423513433 52.73668180317478 67.03719936682498 23.724436914847274 15.534281311523177 50.08197098488366 55.66871732983689 38.556681543462005 33.03825477728342 15.034085206431076 0.0 56.681260419208094 1.5547568565014667 24.406133622583845 62.978043581547894 32.39622278382182 46.14536366856261
20.15647995523562 35.9279391612864 41.422278629835084 42.04076906913609 81.24436762879074 44.894070234116285 42.57133713310275 55.537872450817815 49.27326050655619 59.98750559844537 52.290237540480256 41.92536150498549 27.61389631409713 46.43970870031945 11.42094171406803 21.740147803146353 89.92607193397262 21.981590756228908 60.214956146827205 49.10307499990495 51.89583094376864 53.25588314880531 76.20209014429541 44.118559815686254 79.9159892651369 46.35738173852247 42.758918422685696 24.862850186915175 37.17547381131861 51.56498364019641 60.264502219456126 13.513073410630211 33.03718533606673 59.28198410556598 14.386798283531826 14.654615164606819 69.01190900661064 23.75612376003672 47.99081114033029 56.681260419208094 0.0 58.23557551356798 81.0466000884041 9.56833065567166 27.17179601170829 63.86659373945352
39.35074432987635 36.22234823932069 16.85454496890098 24.949167689120323 53.71195577119028 13.341596470882825 15.777331660533616 22.772390179104086 29.68589655090733 13.768641298487974 48.604133348775356 20.908133385054644 33.802676989341094 30.14824181654319 49.27244440731815 64.3189583656944 55.69863284487137 36.25492743982345 14.658003377000828 14.075934678447933 6.6371619964119635 33.25045461043312 31.76265522753404 27.66852635346038 54.98135382029302 13.514825363494356 15.88021856058054 34.212157467416 26.41868514352915 7.849430861473214 53.335792842655465 68.58160557200844 25.27810421260993 15.521331857003174 51.60155881805785 57.181235147572586 38.52794663627656 34.592372049171765 16.085423489045304 1.5547568565014667 58.23557551356798 0.0 22.85305737666635 64.5257417277179 33.900611288695345 46.50898604811106
61.85785386260788 56.9183054687084 39.70683523859206 44.410383210890444 55.721925141633946 36.17499198865262 38.48931921072003 35.96137354513097 45.205333009419824 27.385570335867467 62.706437541940815 41.64132556274087 56.32774811035375 46.820814310146694 72.09678100931232 86.55380455047691 53.146512914341116 59.06750309541295 26.10623967355969 33.90657244695393 29.1682559758462 46.68751112570003 29.741510487133205 45.686116848382575 58.10614514230768 35.79747490926256 38.4058117229688 57.02963985821074 47.316626229292545 30.12303929379974 65.02325976072301 91.39723843780588 48.13032810449413 27.544685699425695 74.24736569749707 79.76295626395944 43.87523337929707 57.44267078271221 35.66094476109472 24.406133622583845 81.0466000884041 22.85305737666635 0.0 87.36085465012738 56.47728082232793 55.826483786048385
28.479217621377675 37.38773194983975 47.71046372887136 50.53714603509736 90.65418454040535 51.29405167956826 49.24936293920992 64.04481705886805 58.26985459922195 64.52769866386066 61.85823519762343 49.88823947017683 31.769189813041454 55.45766448709287 15.275324374613865 14.4669376505476 99.18115792166849 28.88050453782098 67.98600358541347 56.68633192893712 58.47204868127561 62.425030526979036 84.64778606848132 52.93298266979366 89.38171973162513 51.876865771434595 49.64392286038549 30.338092893335038 45.527855292933324 57.38035629863362 69.83128364671327 4.267839588471826 39.317220885722655 67.15208804977364 14.5454569938059 11.062031117374223 78.14799255638916 30.095964816407644 55.763310063802116 62.978043581547894 9.56833065567166 64.5257417277179 87.36085465012738 0.0 31.472008898138984 73.35642592692092
16.181022278376542 12.611906147969451 17.793581619772652 28.31268282075891 72.08506968974758 21.33919794236055 20.072068724422557 40.0067917873356 38.14661440826187 33.122016227860136 50.69763316443716 25.031791020026176 0.621685355285756 35.955858526890395 16.41003632036419 30.592448192278347 78.30256169072149 9.9733293180867 40.53323052119264 29.421413653278577 28.47963009016448 43.27528065950295 59.02068451068073 32.30409546464875 71.84276070833003 20.691711319452004 20.96430768144517 4.409964359295057 23.64226297223906 26.356033193766436 58.47161407388726 35.28780275543671 10.635753849269324 40.08844496310459 17.77782581580014 23.29552024836586 57.21956928539332 7.596080523651488 29.277665343324962 32.39622278382182 27.17179601170829 33.900611288695345 56.47728082232793 31.472008898138984 0.0 57.47141487511769
46.99315033280221 68.10931138547728 45.93272991803252 29.672112470540288 17.82727668951002 44.79880926945793 43.24449513701806 23.773383988449268 19.897222206811477 59.905850445657734 13.745966353837586 34.133413948006066 57.90839954726329 21.646061626145727 62.72786272576595 81.85085907854034 27.91981573700021 50.4435659874341 32.716804330739606 35.05726902295893 43.35566513359273 14.798335454766496 29.130885816074546 25.412940869101615 16.09883945025566 50.49295628615875 41.80607705331005 53.98127180852274 33.88753351327625 48.99137107593342 10.363582622729815 77.37946952272522 47.93680343765659 31.498068942238334 67.98557748712881 72.91313610158515 13.254883229604554 51.419413949694984 33.58871636678158 46.14536366856261 63.86659373945352 46.50898604811106 55.826483786048385 73.35642592692092 57.47141487511769 0.0
