0.0 54.227542654075464 16.909602528818112 38.789547359780926 42.09924004967954 31.79675350973358 43.671548201056304 38.49131137103745 10.855514480965585 32.02071252313787 7.7559288262360715 37.772215864589924 32.06341323942949 45.97333968876744 10.958916221947742 59.75298313331809 12.198505956168527 22.838745647606473 25.72183889700971 24.613875952090403 5.207380699997535 61.535253804731575 30.747384167399257 36.38876589650213 23.270006888913034 40.00811063224457 49.103052501267086 29.482456762903723 15.058093992303805 5.636538567012578 4.876881116018478 46.53421093988287 24.312977108116073 9.293908465869055 7.9976147823767665 22.570154383324915 30.427153337229996 50.57705335438407 28.637820740432385 43.94826295109426 46.50221611169182 21.055202412320334 39.62060009407709 54.774135316365445 30.60341073568307 29.398306831309007
54.227542654075464 0.0 70.93960542105002 47.81105448579385 85.03157907331722 62.883597340196765 64.16958896199293 69.94973735018142 44.31381674044905 22.718359683907668 46.86872651430215 75.92936527447114 69.14005781299373 45.57168619606158 54.75734581570831 87.11584403666852 49.01158820267591 60.81695345707295 79.49134072453076 46.601372790985 59.41121907450267 17.014788489564793 60.311495517205664 38.352463138912746 76.05937474895835 70.05087222601915 59.94307816177735 57.2674642010033 45.58171095430847 48.69054737761472 49.55134972954109 88.02295313670275 61.06649658662154 48.38669650323955 49.318931606639325 51.97333102838607 84.58162656007106 101.91850254108532 81.73167054697021 24.510495567538516 80.7245805221453 33.45602351496993 30.825492990300116 83.9956712241226 53.561234997920366 79.28363094825666
16.909602528818112 70.93960542105002 0.0 51.476248070932364 32.837216405270894 38.516769892584975 51.68773121124767 42.99268644272869 27.630897556238132 48.91035408025146 24.07430839954841 32.7744798981258 35.334454164617966 59.42259137412474 22.128730975876714 62.22980135118365 24.173123004767824 29.477532771100638 8.884277961043585 37.92442877369285 11.98181322970637 78.38920413539044 33.5697292129812 51.180260503207485 8.012542903387839 44.82407763619338 59.246743533878586 38.59181857410459 30.222139100762874 22.546121337490074 21.40634997424675 37.50245761952843 30.973274125935657 23.29634421235217 23.686004587139944 33.93992500628202 14.757349379644555 34.75147676544732 12.330680343579346 58.42901310065219 47.723005850248605 37.53253774218344 53.086129674942455 57.105349368830865 41.27923372092843 16.7199349384914
38.789547359780926 47.81105448579385 51.476248070932364 0.0 80.8683593035132 19.990682460211737 16.45855599409838 24.75187359015722 30.8967216560868 31.913443093798985 37.698199789160704 76.21381611753537 27.475157498845924 8.352026899396051 29.54983733933928 39.34456520996773 45.77193549221978 24.482682542405584 59.606658483784614 14.175805469722071 41.273256639716045 42.98176349869218 66.3343484420671 9.582174633614128 59.375504327918804 24.194125577324186 13.571622823047619 15.60106296253725 24.17712487044314 35.34085523024166 37.810313105622996 85.32224864307882 23.537235140084473 42.34103098166147 30.956879227998495 17.56216062247145 58.84115301762964 85.93510250971299 63.62016700161865 56.2709583341295 34.84208668803616 36.0064786967429 56.959618338843704 36.49534825393552 11.388764318400943 67.1505374815928
42.09924004967954 85.03157907331722 32.837216405270894 80.8683593035132 0.0 70.82197637805369 83.80365258238534 75.75580449728628 51.374532636913244 67.3251055792893 44.90817915127605 10.32923695693669 68.13972746463148 88.03819680322891 51.844713392021575 94.97380058350393 38.51185609343425 61.56045842628974 29.33265510152928 66.69876233705122 39.94263438455913 97.23215716154482 25.8902233060271 78.08792876940161 25.67890914380002 77.56739094428762 90.50915029561037 70.07731183031622 57.038404756310975 46.17177576805469 43.830005449912065 4.669834391699096 63.103325937994924 40.91156241238763 50.03433876861264 64.12252892647506 38.415693099299375 25.029505947897857 25.614768875827526 64.51359165878434 80.4076489179721 54.727728664750416 57.511701952820076 89.85944546013839 72.03222563758456 16.66062386082231
31.79675350973358 62.883597340196765 38.516769892584975 19.990682460211737 70.82197637805369 0.0 13.211229361571748 7.759937579036127 29.58697039127686 42.47431667662082 34.87635344314307 68.52015118715721 7.484650299167428 27.943065240703348 20.861547178052973 28.879339964789487 42.696672784827754 9.315123899239898 45.201955088636836 16.605920840986872 31.699463236548414 61.391232974713795 62.50156133456463 26.495957527236165 46.44175297882467 8.736131680953351 21.805298133013114 5.617939181561583 22.91324439958555 31.29749031546054 33.454680840628384 75.47599851931913 7.762361071763464 39.126843457723645 26.325721428465034 12.420940017506368 42.047202982863716 70.8911570813934 49.513049073439106 64.6899197077823 18.27855415913522 40.34001768214471 63.19287473240509 24.275455537997722 9.689087969715311 55.21222190005297
43.671548201056304 64.16958896199293 51.68773121124767 16.45855599409838 83.80365258238534 13.211229361571748 0.0 12.1095681531906 39.29979807008973 46.76435207252689 45.4317708885151 81.0649338013129 18.584989374844465 21.649611915973686 32.78897998394338 22.949681127469976 53.57437278346715 22.275577317481517 58.400480171743695 22.83797326820727 44.26337187868309 59.11503352006756 73.94493524227916 25.817588062163985 59.63285627937504 10.625171328518585 10.007868274044181 14.195462160133223 32.105339981853305 42.166992458368064 44.519765729220886 88.44333650429706 20.74896351780728 49.963084992121736 37.167860167585346 21.662129968368934 54.89981860407435 83.97416365332994 62.7170043729567 70.65146875621406 19.81955310945496 47.98656641171398 70.3539266422375 20.067766371924648 14.226131961573223 68.35886205345861
38.49131137103745 69.94973735018142 42.99268644272869 24.75187359015722 75.75580449728628 7.759937579036127 12.1095681531906 0.0 37.169230948006806 50.01744417618757 42.193290140678954 74.24446156932235 7.7353637325337505 31.822669669677442 27.740957325068994 21.41956676688089 49.82663657722862 15.661065194094565 48.713054192667286 24.15751001581053 37.73563662286949 67.39837286208079 69.2260804232255 32.610495435065644 50.66436245729768 1.8866823191648292 22.094473879171517 13.01195282444483 30.620673271671695 38.5366617313125 40.58755735420371 80.42561653420388 14.226131961573223 46.30218196721603 33.63946006409365 20.180867688851098 44.07846718955692 73.50421150016767 53.06450050892433 72.43510492904555 10.789350757330217 48.09337284805119 70.94639879135526 16.649630973069492 16.389438455839755 59.662654953192984
10.855514480965585 44.31381674044905 27.630897556238132 30.8967216560868 51.374532636913244 29.58697039127686 39.29979807008973 37.169230948006806 0.0 21.717046189004453 6.819600095925671 45.699109801650586 32.37200053842536 37.18337472386537 11.78619524635252 58.46629500424766 14.89871427208556 22.402402672888243 36.49442067628969 17.298673646983307 15.66564637104558 50.759312897843394 35.523324380417144 26.76997031291631 34.11813298117423 38.31647968630487 42.79467661115639 25.614632954802925 7.222173010454911 5.444424296247304 7.5787439988773775 55.60375213533264 23.495493854697354 11.444961096966127 5.222784545893043 17.78266495196618 40.430168147950965 61.393131402199714 39.49016636055817 37.55019766803929 46.763483264988025 12.696905228550904 34.672005401700986 53.812077562131364 25.175503084569677 39.892635360714046
32.02071252313787 22.718359683907668 48.91035408025146 31.913443093798985 67.3251055792893 42.47431667662082 46.76435207252689 50.01744417618757 21.717046189004453 0.0 25.110895084744453 59.440771935190675 47.96014881291316 33.48374651062855 32.06792949280496 69.24447226420949 29.114306347421657 38.96698869086584 57.64954340894063 25.87593089559892 37.12479953580042 30.271376314058866 45.28205224525276 22.838834934570027 54.659672652782845 50.4713908303648 45.43129291612594 37.00872771547938 23.030223166040653 26.39779471947194 27.572295953342262 70.93750698572457 39.41949319186746 27.560281489978685 26.634959974234448 30.617822065525868 62.130757886978444 81.36163654135125 60.24761785090131 24.387860898657994 60.7331942851591 12.654523778795935 25.883488909499846 65.4486935777362 33.999142847348985 58.997574854294946
7.7559288262360715 46.86872651430215 24.07430839954841 37.698199789160704 44.90817915127605 34.87635344314307 45.4317708885151 42.193290140678954 6.819600095925671 25.110895084744453 0.0 38.94014345370175 36.622058097955076 43.98367967004725 14.885056916768734 63.6106080141075 8.21717154581356 26.78855938134499 32.65834024148334 23.960762321415597 12.902264698473461 55.14016297066506 28.843411467227156 33.45677657778823 29.549234915944144 43.50144041303488 49.41563907210573 31.452729428941144 13.747506983211393 3.7708563049062183 2.8825656049360835 49.053572150351116 28.083308586678562 4.664270437042477 8.558615331978272 23.770669837203933 38.045278852361186 56.41038681105424 35.14106105447113 36.31523411147333 51.177547348262934 13.473514772628592 32.28236238993019 58.802633835142736 31.490242353467455 34.34440534832799
37.772215864589924 75.92936527447114 32.7744798981258 76.21381611753537 10.32923695693669 68.52015118715721 81.0649338013129 74.24446156932235 45.699109801650586 59.440771935190675 38.94014345370175 0.0 66.90138923538596 82.86501875084171 48.36092385293718 94.47105514945714 31.603033233392004 59.2157640738066 32.05357752510638 62.10946991163389 36.83982929047331 88.85655446163443 15.934787797601517 72.38776314005618 27.29229584259313 75.9688749408047 86.87380318343787 66.98172793702564 52.04749250925453 40.89587542107666 38.43889043664964 12.196356712535074 60.766447612799666 34.531242995446206 45.31563965207693 60.33251390275198 41.92816662276446 34.55242967265738 29.303834759519237 54.66652092198509 80.14372264054812 47.07839207298483 47.61645600270715 89.34464927326951 68.3624036312545 19.750745193039343
32.06341323942949 69.14005781299373 35.334454164617966 27.475157498845924 68.13972746463148 7.484650299167428 18.584989374844465 7.7353637325337505 32.37200053842536 47.96014881291316 36.622058097955076 66.90138923538596 0.0 35.39819095856593 21.779770229072177 27.851045890860522 43.83683908003393 9.970844796544904 40.97964793364376 22.53898009401411 30.744615852799846 68.4945626932531 62.607505831120974 33.692360594325415 42.95709910718991 9.611155959983625 28.138243795197805 12.550726747669573 26.56720968468727 32.87177027465593 34.70777601193531 72.80902684710472 8.952533381237522 40.42064605302299 28.217439660199823 17.346711838814205 36.55189396716573 65.89184170330786 45.33113935531304 69.03037400018029 14.559573360495902 44.187133266315996 66.87759449792735 22.795441799870225 16.902785916442358 51.97395146541055
45.97333968876744 45.57168619606158 59.42259137412474 8.352026899396051 88.03819680322891 27.943065240703348 21.649611915973686 31.822669669677442 37.18337472386537 33.48374651062855 43.98367967004725 82.86501875084171 35.39819095856593 0.0 37.34874891913328 43.40718978904491 51.79929691355861 32.8346987738275 67.68809134512637 21.61696110443418 48.8552589612348 38.007079135456536 72.07327934534511 11.303193234954211 67.25307195092532 30.97047621929173 14.69733501851542 23.8742822820681 31.006865145856512 42.036234984120846 44.46600089378494 92.41601281709893 31.88172058649557 48.530084133205705 38.0070791354566 25.671826750552082 67.1535364373657 94.01223518391669 71.64239614149983 57.629428864089626 41.22187814773608 40.12214234215173 59.30662663116068 41.350589153034676 19.72812334660585 74.80418478324702
10.958916221947742 54.75734581570831 22.128730975876714 29.54983733933928 51.844713392021575 20.861547178052973 32.78897998394338 27.740957325068994 11.78619524635252 32.06792949280496 14.885056916768734 48.36092385293718 21.779770229072177 37.34874891913328 0.0 49.11541841631064 22.130419337225447 12.108272884446324 30.63476101754035 15.797460868124546 11.908086099362869 59.01986891199803 41.64109550678454 29.190442683218457 29.905936587297703 29.19008898690354 38.70526270784511 18.63664597755139 9.476238446400803 11.118349236035925 12.940323629980432 56.40348154048707 13.51482536349577 18.662737373488472 6.814808216938502 12.29813977067617 31.986941070743352 56.851041991668396 34.42619036803481 49.32711088418638 36.3387229894958 24.46591026156397 46.23570923830469 44.21007605442369 20.194056098377214 37.614014287670216
59.75298313331809 87.11584403666852 62.22980135118365 39.34456520996773 94.97380058350393 28.879339964789487 22.949681127469976 21.41956676688089 58.46629500424766 69.24447226420949 63.6106080141075 94.47105514945714 27.851045890860522 43.40718978904491 49.11541841631064 0.0 71.22853870837659 37.0086723610846 66.5054799152131 44.06801964927504 58.5943520915151 81.39654737881037 90.41342844480411 48.76580836123722 69.36483461805227 20.154710735711227 29.019725744363818 33.3275712677831 51.72266954147579 59.95605290743807 61.99587234072948 99.61751368119972 35.61379804283607 67.71417890484081 55.054809174508485 41.047863304447304 59.86130116065089 89.08001263367045 70.76308548568481 92.64599774308081 14.612054337562716 68.9019586364508 91.6911959107268 5.129555315716254 35.43994060380804 78.45838902014411
12.198505956168527 49.01158820267591 24.173123004767824 45.77193549221978 38.51185609343425 42.696672784827754 53.57437278346715 49.82663657722862 14.89871427208556 29.114306347421657 8.21717154581356 31.603033233392004 43.83683908003393 51.79929691355861 22.130419337225447 71.22853870837659 0.0 34.23421186829309 31.71745452548804 32.153184630249065 15.887724824765403 59.34021094589721 20.638976799823375 41.015011765319464 27.585682876967784 51.21787451528372 57.62483338542293 39.52402895307427 21.955024502470962 11.449837107408193 9.246985775022527 42.384563031980356 35.61474992825964 3.6115371918272325 16.46777060098417 31.91652031682636 38.90591346448211 52.91454373081504 33.26066900884541 34.27105256205339 58.369486962271765 16.465660047664738 28.983536334427058 66.3387394397483 39.69071159082296 30.299666776875043
22.838745647606473 60.81695345707295 29.477532771100638 24.482682542405584 61.56045842628974 9.315123899239898 22.275577317481517 15.661065194094565 22.402402672888243 38.96698869086584 26.78855938134499 59.2157640738066 9.970844796544904 32.8346987738275 12.108272884446324 37.0086723610846 34.23421186829309 0.0 36.60381374389692 14.946107514348785 22.416728204415133 61.88209517998868 53.5832348318127 28.097786509669188 37.461179969637215 17.17269810726451 29.933236573387095 9.495932536847064 16.798522084255165 23.068009692968406 25.02075000414989 66.20856237426662 1.5527633986052574 30.74541396911882 18.311140410934872 9.169737205631206 34.57697220176654 62.658314050762186 40.85196286208832 59.25904967268639 24.445063432809484 34.33525494317932 56.950133028310844 32.1046276647404 13.152644758797782 46.105117492023595
25.72183889700971 79.49134072453076 8.884277961043585 59.606658483784614 29.33265510152928 45.201955088636836 58.400480171743695 48.713054192667286 36.49442067628969 57.64954340894063 32.65834024148334 32.05357752510638 40.97964793364376 67.68809134512637 30.63476101754035 66.5054799152131 31.71745452548804 36.60381374389692 0.0 46.35955827366796 20.862210587815017 87.2443579750375 36.92224073866929 59.8064752534824 5.295196487215322 50.59079958389404 66.53565171190506 45.997275860458 39.02377435146449 31.35234440207255 30.084365849249714 33.808411099371476 38.01410266376092 31.38600992313357 32.56040241421837 42.049793997056675 9.980103490978474 26.329324702428657 4.351493197080236 65.86313908379674 51.89583094376859 46.03684449246835 60.13705488438886 61.45033656839909 49.03993775943535 12.803518765415477
24.613875952090403 46.601372790985 37.92442877369285 14.175805469722071 66.69876233705122 16.605920840986872 22.83797326820727 24.15751001581053 17.298673646983307 25.87593089559892 23.960762321415597 62.10946991163389 22.53898009401411 21.61696110443418 15.797460868124546 44.06801964927504 32.153184630249065 14.946107514348785 46.35955827366796 0.0 27.246970373807805 46.93616463812902 52.79215304694339 13.870171716735664 45.687540176943415 24.69364601326953 25.496580437790968 11.146245596494639 10.2265109915403 21.326328589233754 23.800746262163944 71.14728977195453 14.833299000429944 28.624605952491006 16.80542204298032 5.78480778735966 46.78778664263284 72.62647956676766 50.20882449177511 48.599219381498656 34.85732156706981 25.176799045288945 47.74528637890749 39.95320478788759 8.737527276611416 53.19048164855631
5.207380699997535 59.41121907450267 11.98181322970637 41.273256639716045 39.94263438455913 31.699463236548414 44.26337187868309 37.73563662286949 15.66564637104558 37.12479953580042 12.902264698473461 36.83982929047331 30.744615852799846 48.8552589612348 11.908086099362869 58.5943520915151 15.887724824765403 22.416728204415133 20.862210587815017 27.246970373807805 0.0 66.42264460387571 32.06432639947434 39.89369044485366 18.933002579628415 39.38764831446786 50.57763153052599 30.278560055972573 18.609892124822814 10.739379843326066 10.04576897204011 44.511780934748025 23.96223366603358 13.64153937576042 11.811456568187344 24.202289583393256 25.22033041508385 46.2803661410215 24.05120038146736 48.85642828449886 44.8123156789563 26.260848145542223 44.27338893449429 53.525082955477025 32.089591711536286 25.951912393087063
61.535253804731575 17.014788489564793 78.38920413539044 42.98176349869218 97.23215716154482 61.391232974713795 59.11503352006756 67.39837286208079 50.759312897843394 30.271376314058866 55.14016297066506 88.85655446163443 68.4945626932531 38.007079135456536 59.01986891199803 81.39654737881037 59.34021094589721 61.88209517998868 87.2443579750375 46.93616463812902 66.42264460387571 0.0 73.85642592045828 34.90907514080648 84.603474404958 67.03891248758701 52.620556655556506 55.96436334454775 49.56451605376744 55.92302664435312 57.41143143658332 100.6499541195481 61.701743336568704 57.821853963857066 55.03787237303261 52.71750238080401 90.69553115750921 111.53549253566945 90.10801254938191 40.93185497023907 77.76750088055887 42.88021303899514 46.68141232538688 79.12658947935456 51.70432669806273 89.25081922590337
30.747384167399257 60.311495517205664 33.5697292129812 66.3343484420671 25.8902233060271 62.50156133456463 73.94493524227916 69.2260804232255 35.523324380417144 45.28205224525276 28.843411467227156 15.934787797601517 62.607505831120974 72.07327934534511 41.64109550678454 90.41342844480411 20.638976799823375 53.5832348318127 36.92224073866929 52.79215304694339 32.06432639947434 73.85642592045828 0.0 61.05378047522531 31.629712325940297 70.75465532102383 78.25904832046423 59.79255627388717 42.58998261077217 31.828111360365007 29.436598738900006 28.126202771076482 55.060360542628075 24.188381519078042 36.79341743837112 52.35368274771818 46.59951893812093 47.99291694690925 35.90737352760939 38.733293736668315 76.8439848382361 33.57433025909422 31.689348259954098 85.39329901016733 60.22762960979482 27.9672415420792
36.38876589650213 38.352463138912746 51.180260503207485 9.582174633614128 78.08792876940161 26.495957527236165 25.817588062163985 32.610495435065644 26.76997031291631 22.838834934570027 33.45677657778823 72.38776314005618 33.692360594325415 11.303193234954211 29.190442683218457 48.76580836123722 41.015011765319464 28.097786509669188 59.8064752534824 13.870171716735664 39.89369044485366 34.90907514080648 61.05378047522531 0.0 58.72763091560493 32.39463881060823 22.74755112711987 21.14189678310284 21.370989881047787 31.917844597238098 34.26548562667951 82.35691076836484 27.61866940204454 37.88017218381601 28.413528588679704 19.320979025214047 60.63357577297234 85.9280571888455 63.510692801855704 47.213232438239864 43.16813564819682 28.8205480420482 48.40539462370663 45.69735148516403 16.821520153656344 65.69720131304213
23.270006888913034 76.05937474895835 8.012542903387839 59.375504327918804 25.67890914380002 46.44175297882467 59.63285627937504 50.66436245729768 34.11813298117423 54.659672652782845 29.549234915944144 27.29229584259313 42.95709910718991 67.25307195092532 29.905936587297703 69.36483461805227 27.585682876967784 37.461179969637215 5.295196487215322 45.687540176943415 18.933002579628415 84.603474404958 31.629712325940297 58.72763091560493 0.0 52.5153633776959 67.25774568912526 46.60342983978327 37.52948681876649 28.77268338052612 27.19222354837036 30.290751880491715 38.947608002094384 27.689184848140158 30.723793729804417 41.87149411127048 15.168473693822152 27.35932189744014 5.689332434233413 61.43373259629139 54.775544358905414 42.662692054036675 55.524257180274184 64.26197799849874 49.27494049463205 9.094863979216546
40.00811063224457 70.05087222601915 44.82407763619338 24.194125577324186 77.56739094428762 8.736131680953351 10.625171328518585 1.8866823191648292 38.31647968630487 50.4713908303648 43.50144041303488 75.9688749408047 9.611155959983625 30.97047621929173 29.19008898690354 20.154710735711227 51.21787451528372 17.17269810726451 50.59079958389404 24.69364601326953 39.38764831446786 67.03891248758701 70.75465532102383 32.39463881060823 52.5153633776959 0.0 20.632719158558313 13.591459222823435 31.637314912833364 39.87697673063902 41.97171422305022 82.23700231497155 15.697928947021163 47.67385614895634 34.94284383354805 21.056179513864837 45.95753058582857 75.38867760701037 54.942290131544354 73.1635861764518 10.773665214400335 48.99390937920497 71.83891716521921 15.551694919577292 16.590194763981547 61.50427456714027
49.103052501267086 59.94307816177735 59.246743533878586 13.571622823047619 90.50915029561037 21.805298133013114 10.007868274044181 22.094473879171517 42.79467661115639 45.43129291612594 49.41563907210573 86.87380318343787 28.138243795197805 14.69733501851542 38.70526270784511 29.019725744363818 57.62483338542293 29.933236573387095 66.53565171190506 25.496580437790968 50.57763153052599 52.620556655556506 78.25904832046423 22.74755112711987 67.25774568912526 20.632719158558313 0.0 20.655872248658536 35.66991553168779 46.587120313628006 49.04447467611493 95.08851917537739 28.527468544559046 54.072950261879704 41.79513827215791 26.54662170274096 63.84327961352872 92.5053194622996 70.78408742361069 69.8096747749835 29.296237776818476 49.273635387474265 70.51912479375542 27.51856653708804 18.53108272980115 75.6891146458094
29.482456762903723 57.2674642010033 38.59181857410459 15.60106296253725 70.07731183031622 5.617939181561583 14.195462160133223 13.01195282444483 25.614632954802925 37.00872771547938 31.452729428941144 66.98172793702564 12.550726747669573 23.8742822820681 18.63664597755139 33.3275712677831 39.52402895307427 9.495932536847064 45.997275860458 11.146245596494639 30.278560055972573 55.96436334454775 59.79255627388717 21.14189678310284 46.60342983978327 13.591459222823435 20.655872248658536 0.0 18.5882131902722 28.082649897905185 30.398320338600787 74.6883445738212 8.266581515507376 35.91461038497751 23.067185147796234 7.849074869111741 44.02736693348484 72.12396754833942 50.21000733878665 59.579299465281274 23.736714634113866 35.574608697977425 58.378816957793056 29.00736717962152 4.409127656186664 55.05329754380647
15.058093992303805 45.58171095430847 30.222139100762874 24.17712487044314 57.038404756310975 22.91324439958555 32.105339981853305 30.620673271671695 7.222173010454911 23.030223166040653 13.747506983211393 52.04749250925453 26.56720968468727 31.006865145856512 9.476238446400803 51.72266954147579 21.955024502470962 16.798522084255165 39.02377435146449 10.2265109915403 18.609892124822814 49.56451605376744 42.58998261077217 21.370989881047787 37.52948681876649 31.637314912833364 35.66991553168779 18.5882131902722 0.0 11.163837670622309 13.63440265383352 61.40916369933615 17.62325855102412 18.408487563054404 7.061338958052946 10.742293175904306 41.26320753391814 64.84696164825573 42.5096735250821 42.477370307470096 40.61702609937608 17.638550770254653 40.4299163215919 47.18653385619672 17.956535234255156 44.32710051657549
5.636538567012578 48.69054737761472 22.546121337490074 35.34085523024166 46.17177576805469 31.29749031546054 42.166992458368064 38.5366617313125 5.444424296247304 26.39779471947194 3.7708563049062183 40.89587542107666 32.87177027465593 42.036234984120846 11.118349236035925 59.95605290743807 11.449837107408193 23.068009692968406 31.35234440207255 21.326328589233754 10.739379843326066 55.92302664435312 31.828111360365007 31.917844597238098 28.77268338052612 39.87697673063902 46.587120313628006 28.082649897905185 11.163837670622309 0.0 2.474558307197538 50.46494895193321 24.38499022134053 7.849450152233087 5.01832604509907 20.533809726830835 35.8975179290791 55.997770026070846 34.206268309489126 39.563426433620414 47.42994243853787 15.774401402418073 35.80097207254269 55.122217149740436 28.40624745814102 34.4489752697472
4.876881116018478 49.55134972954109 21.40634997424675 37.810313105622996 43.830005449912065 33.454680840628384 44.519765729220886 40.58755735420371 7.5787439988773775 27.572295953342262 2.8825656049360835 38.43889043664964 34.70777601193531 44.46600089378494 12.940323629980432 61.99587234072948 9.246985775022527 25.02075000414989 30.084365849249714 23.800746262163944 10.04576897204011 57.41143143658332 29.436598738900006 34.26548562667951 27.19222354837036 41.97171422305022 49.04447467611493 30.398320338600787 13.63440265383352 2.474558307197538 0.0 48.093240280911424 26.384922989322376 5.724905392060365 7.3568365443383685 22.918513581006717 35.22972015693414 54.26110295636597 32.72190327469238 39.164889816914574 49.261946635340536 16.245769552084088 35.02406529310022 57.12152649627559 30.82605264116097 32.464178537810476
46.53421093988287 88.02295313670275 37.50245761952843 85.32224864307882 4.669834391699096 75.47599851931913 88.44333650429706 80.42561653420388 55.60375213533264 70.93750698572457 49.053572150351116 12.196356712535074 72.80902684710472 92.41601281709893 56.40348154048707 99.61751368119972 42.384563031980356 66.20856237426662 33.808411099371476 71.14728977195453 44.511780934748025 100.6499541195481 28.126202771076482 82.35691076836484 30.290751880491715 82.23700231497155 95.08851917537739 74.6883445738212 61.40916369933615 50.46494895193321 48.093240280911424 0.0 67.75259593095349 44.94112621396834 54.43393640755692 68.66712523490004 42.696906791174406 26.61460016639636 29.98085649706321 66.85061075323101 85.04487155657182 58.409861876490815 59.79345496958638 94.50523933587111 76.59659048362883 21.235518293361046
24.312977108116073 61.06649658662154 30.973274125935657 23.537235140084473 63.103325937994924 7.762361071763464 20.74896351780728 14.226131961573223 23.495493854697354 39.41949319186746 28.083308586678562 60.766447612799666 8.952533381237522 31.88172058649557 13.51482536349577 35.61379804283607 35.61474992825964 1.5527633986052574 38.01410266376092 14.833299000429944 23.96223366603358 61.701743336568704 55.060360542628075 27.61866940204454 38.947608002094384 15.697928947021163 28.527468544559046 8.266581515507376 17.62325855102412 24.38499022134053 26.384922989322376 67.75259593095349 0.0 32.106242257428505 19.56658677911987 9.149311300546945 35.762887505761285 64.01065785436305 42.27686795805113 60.09716573149219 23.272944010394067 35.235409110769844 57.932545222758414 30.742656920482528 12.15433120799074 47.61788673724333
9.293908465869055 48.38669650323955 23.29634421235217 42.34103098166147 40.91156241238763 39.126843457723645 49.963084992121736 46.30218196721603 11.444961096966127 27.560281489978685 4.664270437042477 34.531242995446206 40.42064605302299 48.530084133205705 18.662737373488472 67.71417890484081 3.6115371918272325 30.74541396911882 31.38600992313357 28.624605952491006 13.64153937576042 57.821853963857066 24.188381519078042 37.88017218381601 27.689184848140158 47.67385614895634 54.072950261879704 35.91461038497751 18.408487563054404 7.849450152233087 5.724905392060365 44.94112621396834 32.106242257428505 0.0 12.864688707065923 28.305947138475226 37.83334885045903 53.86939951111432 33.371962226159674 35.413175111516246 54.97061484936417 15.12679164944564 30.640069038474287 62.8450153904031 36.09145345050092 31.438136001171973
7.9976147823767665 49.318931606639325 23.686004587139944 30.956879227998495 50.03433876861264 26.325721428465034 37.167860167585346 33.63946006409365 5.222784545893043 26.634959974234448 8.558615331978272 45.31563965207693 28.217439660199823 38.0070791354566 6.814808216938502 55.054809174508485 16.46777060098417 18.311140410934872 32.56040241421837 16.80542204298032 11.811456568187344 55.03787237303261 36.79341743837112 28.413528588679704 30.723793729804417 34.94284383354805 41.79513827215791 23.067185147796234 7.061338958052946 5.01832604509907 7.3568365443383685 54.43393640755692 19.56658677911987 12.864688707065923 0.0 15.563309196878476 35.74934339795626 58.0809561948292 35.85596437787135 42.594333225141895 42.7475882119213 17.87278711176442 39.42135629848559 50.258133625119825 23.493322443641336 37.303842109484656
22.570154383324915 51.97333102838607 33.93992500628202 17.56216062247145 64.12252892647506 12.420940017506368 21.662129968368934 20.180867688851098 17.78266495196618 30.617822065525868 23.770669837203933 60.33251390275198 17.346711838814205 25.671826750552082 12.29813977067617 41.047863304447304 31.91652031682636 9.169737205631206 42.049793997056675 5.78480778735966 24.202289583393256 52.71750238080401 52.35368274771818 19.320979025214047 41.87149411127048 21.056179513864837 26.54662170274096 7.849074869111741 10.742293175904306 20.533809726830835 22.918513581006717 68.66712523490004 9.149311300546945 28.305947138475226 15.563309196878476 0.0 41.72169741422038 68.37910692032465 46.058547436976376 52.29968712511733 30.551755214100844 27.938902126670936 50.787666007717895 36.59667332831409 8.033463984788979 49.830778846874814
30.427153337229996 84.58162656007106 14.757349379644555 58.84115301762964 38.415693099299375 42.047202982863716 54.89981860407435 44.07846718955692 40.430168147950965 62.130757886978444 38.045278852361186 41.92816662276446 36.55189396716573 67.1535364373657 31.986941070743352 59.86130116065089 38.90591346448211 34.57697220176654 9.980103490978474 46.78778664263284 25.22033041508385 90.69553115750921 46.59951893812093 60.63357577297234 15.168473693822152 45.95753058582857 63.84327961352872 44.02736693348484 41.26320753391814 35.8975179290791 35.22972015693414 42.696906791174406 35.762887505761285 37.83334885045903 35.74934339795626 41.72169741422038 0.0 29.525973919749163 12.864594598311472 73.12707527715382 45.422527431876745 51.47129897687453 67.8418493137252 54.952840624994344 47.6716919545865 22.368937993489045
50.57705335438407 101.91850254108532 34.75147676544732 85.93510250971299 25.029505947897857 70.8911570813934 83.97416365332994 73.50421150016767 61.393131402199714 81.36163654135125 56.41038681105424 34.55242967265738 65.89184170330786 94.01223518391669 56.851041991668396 89.08001263367045 52.91454373081504 62.658314050762186 26.329324702428657 72.62647956676766 46.2803661410215 111.53549253566945 47.99291694690925 85.9280571888455 27.35932189744014 75.38867760701037 92.5053194622996 72.12396754833942 64.84696164825573 55.997770026070846 54.26110295636597 26.61460016639636 64.01065785436305 53.86939951111432 58.0809561948292 68.37910692032465 29.525973919749163 0.0 22.427216883320863 84.52886492613017 74.7894996462694 68.99122776595924 77.90599650673883 84.26173837449868 75.30230920781122 22.646400480730108
28.637820740432385 81.73167054697021 12.330680343579346 63.62016700161865 25.614768875827526 49.513049073439106 62.7170043729567 53.06450050892433 39.49016636055817 60.24761785090131 35.14106105447113 29.303834759519237 45.33113935531304 71.64239614149983 34.42619036803481 70.76308548568481 33.26066900884541 40.85196286208832 4.351493197080236 50.20882449177511 24.05120038146736 90.10801254938191 35.90737352760939 63.510692801855704 5.689332434233413 54.942290131544354 70.78408742361069 50.21000733878665 42.5096735250821 34.206268309489126 32.72190327469238 29.98085649706321 42.27686795805113 33.371962226159674 35.85596437787135 46.058547436976376 12.864594598311472 22.427216883320863 0.0 67.01020168497197 56.158845075986235 48.3187313238862 61.018821710098116 65.71985010754568 53.172714960104365 9.582020662600112
43.94826295109426 24.510495567538516 58.42901310065219 56.2709583341295 64.51359165878434 64.6899197077823 70.65146875621406 72.43510492904555 37.55019766803929 24.387860898657994 36.31523411147333 54.66652092198509 69.03037400018029 57.629428864089626 49.32711088418638 92.64599774308081 34.27105256205339 59.25904967268639 65.86313908379674 48.599219381498656 48.85642828449886 40.93185497023907 38.733293736668315 47.213232438239864 61.43373259629139 73.1635861764518 69.8096747749835 59.579299465281274 42.477370307470096 39.563426433620414 39.164889816914574 66.85061075323101 60.09716573149219 35.413175111516246 42.594333225141895 52.29968712511733 73.12707527715382 84.52886492613017 67.01020168497197 0.0 82.83531549375526 24.992000862709812 7.083860578228139 88.54246799939034 57.21047013533765 62.267705688959516
46.50221611169182 80.7245805221453 47.723005850248605 34.84208668803616 80.4076489179721 18.27855415913522 19.81955310945496 10.789350757330217 46.763483264988025 60.7331942851591 51.177547348262934 80.14372264054812 14.559573360495902 41.22187814773608 36.3387229894958 14.612054337562716 58.369486962271765 24.445063432809484 51.89583094376859 34.85732156706981 44.8123156789563 77.76750088055887 76.8439848382361 43.16813564819682 54.775544358905414 10.773665214400335 29.296237776818476 23.736714634113866 40.61702609937608 47.42994243853787 49.261946635340536 85.04487155657182 23.272944010394067 54.97061484936417 42.7475882119213 30.551755214100844 45.422527431876745 74.7894996462694 56.158845075986235 82.83531549375526 0.0 58.23557551356798 81.0466000884041 9.56833065567166 27.17179601170829 63.86659373945352
21.055202412320334 33.45602351496993 37.53253774218344 36.0064786967429 54.727728664750416 40.34001768214471 47.98656641171398 48.09337284805119 12.696905228550904 12.654523778795935 13.473514772628592 47.07839207298483 44.187133266315996 40.12214234215173 24.46591026156397 68.9019586364508 16.465660047664738 34.33525494317932 46.03684449246835 25.176799045288945 26.260848145542223 42.88021303899514 33.57433025909422 28.8205480420482 42.662692054036675 48.99390937920497 49.273635387474265 35.574608697977425 17.638550770254653 15.774401402418073 16.245769552084088 58.409861876490815 35.235409110769844 15.12679164944564 17.87278711176442 27.938902126670936 51.47129897687453 68.99122776595924 48.3187313238862 24.992000862709812 58.23557551356798 0.0 22.85305737666635 64.5257417277179 33.900611288695345 46.50898604811106
39.62060009407709 30.825492990300116 53.086129674942455 56.959618338843704 57.511701952820076 63.19287473240509 70.3539266422375 70.94639879135526 34.672005401700986 25.883488909499846 32.28236238993019 47.61645600270715 66.87759449792735 59.30662663116068 46.23570923830469 91.6911959107268 28.983536334427058 56.950133028310844 60.13705488438886 47.74528637890749 44.27338893449429 46.68141232538688 31.689348259954098 48.40539462370663 55.524257180274184 71.83891716521921 70.51912479375542 58.378816957793056 40.4299163215919 35.80097207254269 35.02406529310022 59.79345496958638 57.932545222758414 30.640069038474287 39.42135629848559 50.787666007717895 67.8418493137252 77.90599650673883 61.018821710098116 7.083860578228139 81.0466000884041 22.85305737666635 0.0 87.36085465012738 56.47728082232793 55.826483786048385
54.774135316365445 83.9956712241226 57.105349368830865 36.49534825393552 89.85944546013839 24.275455537997722 20.067766371924648 16.649630973069492 53.812077562131364 65.4486935777362 58.802633835142736 89.34464927326951 22.795441799870225 41.350589153034676 44.21007605442369 5.129555315716254 66.3387394397483 32.1046276647404 61.45033656839909 39.95320478788759 53.525082955477025 79.12658947935456 85.39329901016733 45.69735148516403 64.26197799849874 15.551694919577292 27.51856653708804 29.00736717962152 47.18653385619672 55.122217149740436 57.12152649627559 94.50523933587111 30.742656920482528 62.8450153904031 50.258133625119825 36.59667332831409 54.952840624994344 84.26173837449868 65.71985010754568 88.54246799939034 9.56833065567166 64.5257417277179 87.36085465012738 0.0 31.472008898138984 73.35642592692092
30.60341073568307 53.561234997920366 41.27923372092843 11.388764318400943 72.03222563758456 9.689087969715311 14.226131961573223 16.389438455839755 25.175503084569677 33.999142847348985 31.490242353467455 68.3624036312545 16.902785916442358 19.72812334660585 20.194056098377214 35.43994060380804 39.69071159082296 13.152644758797782 49.03993775943535 8.737527276611416 32.089591711536286 51.70432669806273 60.22762960979482 16.821520153656344 49.27494049463205 16.590194763981547 18.53108272980115 4.409127656186664 17.956535234255156 28.40624745814102 30.82605264116097 76.59659048362883 12.15433120799074 36.09145345050092 23.493322443641336 8.033463984788979 47.6716919545865 75.30230920781122 53.172714960104365 57.21047013533765 27.17179601170829 33.900611288695345 56.47728082232793 31.472008898138984 0.0 57.47141487511769
29.398306831309007 79.28363094825666 16.7199349384914 67.1505374815928 16.66062386082231 55.21222190005297 68.35886205345861 59.662654953192984 39.892635360714046 58.997574854294946 34.34440534832799 19.750745193039343 51.97395146541055 74.80418478324702 37.614014287670216 78.45838902014411 30.299666776875043 46.105117492023595 12.803518765415477 53.19048164855631 25.951912393087063 89.25081922590337 27.9672415420792 65.69720131304213 9.094863979216546 61.50427456714027 75.6891146458094 55.05329754380647 44.32710051657549 34.4489752697472 32.464178537810476 21.235518293361046 47.61788673724333 31.438136001171973 37.303842109484656 49.830778846874814 22.368937993489045 22.646400480730108 9.582020662600112 62.267705688959516 63.86659373945352 46.50898604811106 55.826483786048385 73.35642592692092 57.47141487511769 0.0
