0.0 45.355976627406896 21.218006485835875 16.942616833726618 27.922592614263735 17.117619958904697 36.37523957470663 62.747651600023424 43.231451338514454 18.493342199128023 20.396825470344943 59.37233127377829 22.18352353890032 28.897072231831764 69.71084229766178 27.60865646574418 42.237091482615554 36.954171978392814 12.626549087632217 16.101049482023456 4.733568617542086 45.540856835561776 16.568240193592874 37.12899236634896 30.897060508871288 21.564155003244814 37.260423650793996 65.44318852613996 42.083906744175934 21.065723710064326 30.5272374960232 60.39137914202428 17.109825773976613 25.103165552821384 43.70173599157599 25.73397441364038 44.29686778850403 19.39418533211653 19.346412025822225 4.028330986513083 22.616430827627486 11.284485886656848 20.074661323413572 31.775692796247498 69.71922868280814 65.10141687427236 53.36267101433772
45.355976627406896 0.0 24.18653276687474 37.199515745948 19.526629560688097 38.88788654422764 24.79492697340569 47.67874288592281 45.833831203350634 40.86107467037114 32.72272419912855 15.703486141638685 23.60413041074223 48.18675984985 56.28798391180678 48.23803562379234 5.690452784629573 47.027276414768814 56.295417580609374 53.77949145123546 44.26764159202327 41.76404307340679 29.189396733937137 11.120049963174093 21.56099107035153 43.061342841106494 24.413242168474973 53.139869459152955 36.30846006607025 38.767054095952155 30.15537842783008 17.51896547258227 31.57460561023165 53.92359877260136 52.54397163788459 45.15565568568848 2.0071203872214216 35.90338587814006 26.028894210970865 46.14692177214036 48.85858061319262 52.60246153092045 39.47543082159642 39.02861202028254 55.089458617265905 19.75064633431133 43.72097645755447
21.218006485835875 24.18653276687474 0.0 17.782664951967593 9.843383795483238 17.931019819921488 20.967291386553228 50.490898577771254 37.230613266324944 22.05050454043942 13.53131092385388 38.71931782315847 2.224350723955903 30.979358314478432 58.6582105875933 30.42404946715158 21.54483804508622 34.317736382375784 32.24948851582238 31.772562180085092 20.64190231747569 36.48363860053914 5.222252291463282 17.185889919510814 15.550808107043345 23.67887133071274 21.56764304008159 54.58649526802598 31.3384926222909 21.57027886611491 19.18745038634624 39.963868654561466 9.655626254581389 33.63067812424602 41.34350335893372 27.25762049763164 23.081483015623665 17.96004107201998 1.8978498890031668 22.38311837449826 28.804646574270638 28.814560669421663 19.88171338143055 28.193521595307995 58.14953238743185 43.90990885436604 42.56029321221002
16.942616833726618 37.199515745948 17.782664951967593 0.0 17.673438043366406 27.671602336954564 38.59476764702622 67.91009942931609 52.36533703237342 4.267839588471826 26.975598830385675 48.50562170369272 19.92652411943254 41.654877607807165 75.87424715586967 40.62556553775013 32.567091817668185 47.76491463607135 29.228702351477114 17.007932728659707 12.69729304192093 52.7935222463824 17.117845782996884 26.72357039766595 17.49258545484525 33.65027707097722 39.24753651313242 71.72179220971593 48.07356873414964 4.755216227589917 35.590940343876085 48.997853048157715 22.040276638279327 40.36885747410131 54.92396588072009 37.96961366337174 36.83099997626735 2.523952499643541 16.408439234294875 14.528754673540165 36.77150881246528 28.210681585073697 30.673904287317985 15.050355386363028 75.47978510239562 56.224032992466206 59.54294306495097
27.922592614263735 19.526629560688097 9.843383795483238 17.673438043366406 0.0 27.748719829580374 26.90833259117542 56.09281115299704 45.642974176310744 21.404866962262464 23.25801109613055 31.773841599996647 11.214488796037429 40.751745099824134 64.58416640832468 40.23370334349332 15.08820068575266 43.52436283145918 40.045705894990384 34.34982127045269 25.850245979690527 44.024943203061454 14.521545520193342 9.442858595949605 6.131036878849505 33.52134255401645 27.236677677544424 60.714094231421946 38.5624946218773 19.537648172495388 27.32079768352944 32.61748265295334 19.48779276493711 43.40069948456439 50.397125528973866 37.05434335817873 19.195982969581653 16.46540048164787 10.776006982009385 27.836797944290055 38.61879856289789 37.172156736717426 29.720238975661694 22.372477818607067 63.84883139636705 38.74113552797116 49.14510967979632
17.117619958904697 38.88788654422764 17.931019819921488 27.671602336954564 27.748719829580374 0.0 21.9328340524796 45.868157640198255 26.21793761950919 31.08749617813453 6.320737301565645 54.446472931683005 17.00183539908471 14.105675912662335 52.640373555507715 13.218470485749302 37.86155363099862 20.464230665909223 21.0798527224492 33.106160504007704 20.542538982114653 28.452263923146457 13.507059742507955 34.51583029411017 33.17611378655651 6.14935549375924 22.878608655464646 48.37286382705122 25.277527807328518 32.423807286646166 14.846242049056588 56.0256432890483 8.280487240034372 15.74559685665304 27.519513359194388 10.351996891028566 37.268190314262064 29.338103975578008 17.065114562077213 20.86635067742242 10.873636301081481 16.47824003859386 3.1094162485000534 41.97391606835125 52.69562209068279 57.557797361924585 36.362479914241185
36.37523957470663 24.79492697340569 20.967291386553228 38.59476764702622 26.90833259117542 21.9328340524796 0.0 29.579111271819304 21.136196302643874 42.84445124744954 16.387234189533725 39.78091324762119 18.75700085994078 25.604946303979858 37.88401367353689 26.079279730881183 26.999901528864466 22.52146887156547 42.94942965382791 50.56339269145518 38.01722240692016 17.823610980159184 22.08605792695402 27.257018514483736 32.82677457434066 23.128033892782383 0.9464898442609314 33.91222394110427 12.197341152831042 42.53187475624518 7.566762811024374 41.86333752039053 19.333204998970455 33.31624174087021 27.753100328490465 23.477300914410662 22.7929018608955 38.92010167412665 22.19237633437126 39.18019468986523 28.612364887393863 38.390255535247036 20.685017675189673 48.58189241197427 37.28290970060517 39.62872289309818 22.238009940776173
62.747651600023424 47.67874288592281 50.490898577771254 67.91009942931609 56.09281115299704 45.868157640198255 29.579111271819304 0.0 22.84177093422434 72.11711098814925 42.6783958847211 58.344776908000284 48.26953801164502 39.72557877337337 8.667149657356966 41.03001375546908 52.07656957921517 30.581246285810295 65.51671244635698 78.2462318933013 65.44319314458663 17.96318506947297 50.96695252947174 54.40947268585306 61.749746049132916 43.28363726821888 29.075519463035313 5.713838140942055 20.665293432955455 72.00213122062718 32.77333772338228 60.69939267858947 47.01245809498562 48.929588423228395 28.336014221875473 40.576757361509735 45.911415875004565 68.39200736413059 51.60451644346989 66.1987710681288 46.317385377374485 60.91198728364178 43.22552933617047 78.09737331168232 7.757274545286151 52.75298429770596 9.753437456535915
43.231451338514454 45.833831203350634 37.230613266324944 52.36533703237342 45.642974176310744 26.21793761950919 21.136196302643874 22.84177093422434 0.0 56.2288050563333 25.38979950530474 60.37653407839309 35.176039915767404 17.105667281308428 27.733198150809553 18.471203919606747 48.10495801203636 7.7664865477104765 43.75475447398109 59.29599095501108 46.75434013624079 6.285781931918201 35.56223766682925 47.89490490945584 51.77360593891811 22.05935712628172 21.4367663828056 23.5939317937061 9.99458325098991 56.96185967104419 18.322187343116145 62.550044100676736 30.329066521921675 26.170759460723655 7.611778902646283 18.588651689405392 43.82678188192177 53.523649547870626 37.61602935836899 47.06065652222522 23.999750342519274 39.301942600788855 23.178385716070093 65.17194102381359 28.208416635253965 58.699262751206064 13.388297841236499
18.493342199128023 40.86107467037114 22.05050454043942 4.267839588471826 21.404866962262464 31.08749617813453 42.84445124744954 72.11711098814925 56.2288050563333 0.0 30.86246283927159 51.49532711123799 24.19261974162292 44.89247372027378 80.04296941725994 43.80067679333418 36.02593061195022 51.385812874220456 30.0641549875896 14.509426055617395 13.847782943953241 56.8394915348166 21.234602304135212 30.14577359732775 20.38375611093755 36.92756825984431 43.503178574586315 75.87860357787856 52.193179138242265 3.2373640712034897 39.70486873404788 51.84379850792561 25.96328146138061 42.9350804174283 58.51935530594547 41.273361601929466 40.599686813870726 4.959041252047154 20.66633261239241 15.349656011858528 39.643863943544254 29.693185765652014 34.145886394218955 13.572557836246531 79.66872013037181 59.591809465162676 63.68379665032765
20.396825470344943 32.72272419912855 13.53131092385388 26.975598830385675 23.25801109613055 6.320737301565645 16.387234189533725 42.6783958847211 25.38979950530474 30.86246283927159 0.0 48.34734088368738 12.07017235838169 17.498000706501813 50.03999470709174 17.03208164195319 31.996573132796605 21.257729683756434 26.713218648144974 35.57090748193322 22.770495245965318 26.217003831908677 10.434216684323854 29.06896125535567 29.080490805904724 10.679747725731996 17.315904409285192 45.79564105496541 22.085907278321375 31.58512154696776 10.13385019504666 49.98459261767498 4.950707190054201 21.365619004862392 28.407790362317442 13.83187701080722 31.06020996212515 28.180430177086176 13.230056153012313 23.607519667621204 16.316108243199558 22.2489015781475 6.895746366358163 40.17006017354749 49.88869237628482 51.253144284265 33.576699965720124
59.37233127377829 15.703486141638685 38.71931782315847 48.50562170369272 31.773841599996647 54.446472931683005 39.78091324762119 58.344776908000284 60.37653407839309 51.49532711123799 48.34734088368738 0.0 38.527816755039574 63.847852995569475 66.56661560438451 63.92352004509542 17.19154600416486 62.26520512394134 70.94497000334756 65.51235147916965 57.60601069557721 55.71779815090717 43.905264357628496 22.34794097570732 31.1171347930058 58.7500987519352 39.268458689613276 64.03429346152029 50.534682609878736 48.82751552914739 45.66988701105355 2.3549358520186225 46.89119155212422 69.60599409958712 67.4070237163804 60.85163101664035 17.528327576222132 46.68141232538688 40.4395083472751 59.579917450003876 64.53963092276625 67.5118285198587 55.14016297066515 45.81611897843802 65.11270538149675 10.669598971178859 56.292566447915
22.18352353890032 23.60413041074223 2.224350723955903 19.92652411943254 11.214488796037429 17.00183539908471 18.75700085994078 48.26953801164502 35.176039915767404 24.19261974162292 12.07017235838169 38.527816755039574 0.0 29.567154613138474 56.43386771612941 29.089114940661492 21.46326385981034 32.48440790323759 32.692697806499815 33.51016817411102 22.021212995002575 34.31231852234672 5.654056023758526 17.585783040815485 17.158029155069464 22.50915767049158 19.36781550813813 52.3628812567073 29.13916264247615 23.775143226631844 17.048990069688575 39.88336711191171 8.786547271834033 32.74692729076962 39.45833163761342 25.895690305391792 22.35098882755761 20.163599272562134 3.6115371918272476 23.67440331561057 27.829711193659488 29.039992386108924 18.684143098175547 30.37498205180844 55.926084593967396 43.2159934974135 40.34199795587629
28.897072231831764 48.18675984985 30.979358314478432 41.654877607807165 40.751745099824134 14.105675912662335 25.604946303979858 39.72557877337337 17.105667281308428 44.89247372027378 17.498000706501813 63.847852995569475 29.567154613138474 0.0 44.81133470218891 1.4226131961577468 48.475111850590785 9.435174185642738 27.036947203127347 44.81948838247289 33.1242330373132 21.941548023682287 27.213678332470366 46.20399109729643 46.52044822366397 8.00948181102745 26.419719148463482 40.69468000678435 21.66793920119222 46.40954100007791 18.48475296461676 65.70550611793814 21.61763019981655 9.291823050105236 15.144888040620604 3.7881245727618884 46.321711261719784 43.40045561059873 30.48422747761713 32.91793001437294 7.11306598078732 22.796407973965167 11.36886183434953 56.07646858316715 45.31374171499201 64.99320828319593 30.03397503476766
69.71084229766178 56.28798391180678 58.6582105875933 75.87424715586967 64.58416640832468 52.640373555507715 37.88401367353689 8.667149657356966 27.733198150809553 80.04296941725994 50.03999470709174 66.56661560438451 56.43386771612941 44.81133470218891 0.0 46.19070862534465 60.73319428515915 35.39183764182413 71.41162120076199 85.46906578365889 72.68487369906214 24.192382343399895 58.82034546413983 63.06790412762743 70.29869796966577 49.398962569351625 37.43899391790501 4.267839588471826 27.98988363886944 80.07023414621862 40.41613132872673 68.92071060365107 54.57378791012062 53.712685615837024 31.560742083512768 46.23680241356003 54.53810470171392 76.46850317087413 59.68581912176253 73.3071684326752 51.73162930277756 66.90073640410031 49.82648670808591 86.46502163173409 1.8552372591967734 60.47036825152155 16.465379497882527
27.60865646574418 48.23803562379234 30.42404946715158 40.62556553775013 40.23370334349332 13.218470485749302 26.079279730881183 41.03001375546908 18.471203919606747 43.80067679333418 17.03208164195319 63.92352004509542 29.089114940661492 1.4226131961577468 46.19070862534465 0.0 48.35898395475518 10.833165114968692 25.614742219697764 43.49137825613155 31.880352523313462 23.197892807784317 26.501685255776437 45.926952670470456 45.936814790611976 7.070874684710058 26.91751899419855 42.06471094962258 22.718592188101013 45.37738199025088 18.813722491745906 65.74898027737689 20.95530515574383 8.130768155696337 16.549751290116266 3.2102981738998917 46.39612454842405 42.414202601403844 29.851566231892747 31.6336353803275 5.690452784629573 21.376111605021244 10.634588696876671 55.13615940543813 46.678459102659616 65.3003719438698 31.32148185898616
42.237091482615554 5.690452784629573 21.54483804508622 32.567091817668185 15.08820068575266 37.86155363099862 26.999901528864466 52.07656957921517 48.10495801203636 36.02593061195022 31.996573132796605 17.19154600416486 21.46326385981034 48.475111850590785 60.73319428515915 48.35898395475518 0.0 48.418953035482296 53.754464921213824 49.40190729632872 40.665088794097215 44.6011478566816 26.746435085815484 5.884065408708116 16.203527097199743 42.621635108976555 26.80042085226511 57.40609533841343 39.017687965121205 33.749666938221566 31.233026649491062 18.432840302531915 30.019189253854368 53.36076221492459 54.39771302084291 45.19038482131634 6.671622069078287 31.07600938302166 23.250477958939747 42.61061244514434 48.31238518454309 50.355499527761154 38.885302562405826 33.44459235346103 59.62235899197214 23.67417436687537 47.38476908775558
36.954171978392814 47.027276414768814 34.317736382375784 47.76491463607135 43.52436283145918 20.464230665909223 22.52146887156547 30.581246285810295 7.7664865477104765 51.385812874220456 21.257729683756434 62.26520512394134 32.48440790323759 9.435174185642738 35.39183764182413 10.833165114968692 48.418953035482296 0.0 36.363311845883956 53.048123830108786 40.81588906874286 13.241357942555771 31.690858146228326 47.26192724783282 49.59043566241647 15.401683751102599 23.109550241166644 31.29644507261316 14.578148872684201 52.47456329290251 17.210428193741876 64.3132685180211 26.120332739741077 18.40649876219493 7.172514264410558 11.44938774402038 45.05170069996174 49.19484116141823 34.328174845200564 40.898464544455514 16.467357084215735 32.01493610130841 17.35607211187175 61.402299015977036 35.927694769183894 61.87010981684637 21.02048615695638
12.626549087632217 56.295417580609374 32.24948851582238 29.228702351477114 40.045705894990384 21.0798527224492 42.94942965382791 65.51671244635698 43.75475447398109 30.0641549875896 26.713218648144974 70.94497000334756 32.692697806499815 27.036947203127347 71.41162120076199 25.614742219697764 53.754464921213824 36.363311845883956 0.0 22.19995035429183 16.53300075646076 47.59011288842874 27.12521390733231 48.98314965207305 43.41166594645238 22.24571440706659 43.89192741571012 67.20805295727993 45.463806772177655 32.957033148170616 35.91959586188472 72.11892227644064 25.453047966255102 19.703147264961636 42.00919721398441 25.179505179168697 55.024385272169866 31.734167877969586 30.50600283054355 14.780830401476578 19.926505078278517 4.667635692707182 22.949424202310002 43.6211144900382 71.74657218830065 75.87646248224063 55.78478807854955
16.101049482023456 53.77949145123546 31.772562180085092 17.007932728659707 34.34982127045269 33.106160504007704 50.56339269145518 78.2462318933013 59.29599095501108 14.509426055617395 35.57090748193322 65.51235147916965 33.51016817411102 44.81948838247289 85.46906578365889 43.49137825613155 49.40190729632872 53.048123830108786 22.19995035429183 0.0 12.803518765415477 61.37813620859343 28.754411857946206 43.610343795141205 34.477219575518326 37.65032975250378 51.37549396590531 81.20726560179561 57.61925700507975 17.63689646186706 45.59310651103133 65.99873504692546 31.455739540998533 39.97462374816138 59.74846078579719 41.77565215496742 53.22859472065063 18.961998185136512 29.97307968466028 12.239900710304145 38.24696380783651 24.07615619412359 36.118824358483685 26.283478227328583 85.39346890596705 73.0752471873551 69.04231264922664
4.733568617542086 44.26764159202327 20.64190231747569 12.69729304192093 25.850245979690527 20.542538982114653 38.01722240692016 65.44319314458663 46.75434013624079 13.847782943953241 22.770495245965318 57.60601069557721 22.021212995002575 33.1242330373132 72.68487369906214 31.880352523313462 40.665088794097215 40.81588906874286 16.53300075646076 12.803518765415477 0.0 48.62793491775208 16.73876587815544 35.25810373021228 28.027718823697843 25.538050232928867 38.85666195275993 68.42540686777575 44.81670093108173 16.546155527968768 32.81637753365447 58.46540666851142 18.759626518098433 29.767847612908426 47.7023478695498 29.809094398325865 43.39206501511303 15.207498803931271 18.74860643500687 2.0216869834923714 27.081388651203532 15.845459912993464 23.61441892194957 27.26097032630444 72.59627089390601 63.97952717858483 56.24897621480852
45.540856835561776 41.76404307340679 36.48363860053914 52.7935222463824 44.024943203061454 28.452263923146457 17.823610980159184 17.96318506947297 6.285781931918201 56.8394915348166 26.217003831908677 55.71779815090717 34.31231852234672 21.941548023682287 24.192382343399895 23.197892807784317 44.6011478566816 13.241357942555771 47.59011288842874 61.37813620859343 48.62793491775208 0.0 35.69444466392974 45.07964849691203 50.09723494590282 25.392304585101208 17.87317619602497 19.926258650026284 5.626473562620271 57.22055548330292 17.34729544295945 57.95086485522996 30.960268191161834 31.218698979122813 13.759433903519213 22.61622263560061 39.76773380893056 53.678963870366275 37.17570175322327 49.180078639136354 28.380654745667854 43.005044814962844 25.637499964367166 64.67667401504069 24.3114398785922 53.34662609004169 8.210255512979929
16.568240193592874 29.189396733937137 5.222252291463282 17.117845782996884 14.521545520193342 13.507059742507955 22.08605792695402 50.96695252947174 35.56223766682925 21.234602304135212 10.434216684323854 43.905264357628496 5.654056023758526 27.213678332470366 58.82034546413983 26.501685255776437 26.746435085815484 31.690858146228326 27.12521390733231 28.754411857946206 16.73876587815544 35.69444466392974 0.0 22.38539150575369 19.700612288507745 19.53335024495149 22.839222240067944 54.64816558142169 30.96233132649628 21.534281319934244 18.475919146885573 45.17318872590798 5.654056023758526 28.961510739462447 38.84189400472458 23.4312827817676 27.9799373484444 18.020330790739205 3.7692852622014907 18.27717897175262 24.286536187288664 23.60976010615907 15.869118638936806 29.74882604460256 58.47256210093087 48.844768773457595 42.4493053779447
37.12899236634896 11.120049963174093 17.185889919510814 26.72357039766595 9.442858595949605 34.51583029411017 27.257018514483736 54.40947268585306 47.89490490945584 30.14577359732775 29.06896125535567 22.34794097570732 17.585783040815485 46.20399109729643 63.06790412762743 45.926952670470456 5.884065408708116 47.26192724783282 48.98314965207305 43.610343795141205 35.25810373021228 45.07964849691203 22.38539150575369 0.0 10.442111189352515 39.73869006919011 27.26171636609778 59.512547420980276 39.453917393423936 27.869408389103 30.133311451822895 23.267746119966922 26.366653004522814 50.2296650792325 53.65352813899667 42.71972392452851 11.449678398671045 25.198443897771792 18.701187632079815 37.23336842692406 45.251139459214414 45.825002240911815 35.926049428643886 27.997174236917935 62.09126947667095 29.50059357939558 48.80542970600253
30.897060508871288 21.56099107035153 15.550808107043345 17.49258545484525 6.131036878849505 33.17611378655651 32.82677457434066 61.749746049132916 51.77360593891811 20.38375611093755 29.080490805904724 31.1171347930058 17.158029155069464 46.52044822366397 70.29869796966577 45.936814790611976 16.203527097199743 49.59043566241647 43.41166594645238 34.477219575518326 28.027718823697843 50.09723494590282 19.700612288507745 10.442111189352515 0.0 39.10191376308698 33.104420448566344 66.48952328608739 44.60743086544544 17.810861599583948 33.45142383495356 31.527121382902532 25.021902336617547 48.63828135351766 56.49403815311722 42.78578850085314 21.786399435013667 15.57144394981521 16.126080355727016 30.04904727340069 43.98661534209677 41.01095696955458 35.343552137235406 17.793845456755125 69.50550317249399 39.38603218234984 55.05437535006891
21.564155003244814 43.061342841106494 23.67887133071274 33.65027707097722 33.52134255401645 6.14935549375924 23.128033892782383 43.28363726821888 22.05935712628172 36.92756825984431 10.679747725731996 58.7500987519352 22.50915767049158 8.00948181102745 49.398962569351625 7.070874684710058 42.621635108976555 15.401683751102599 22.24571440706659 37.65032975250378 25.538050232928867 25.392304585101208 19.53335024495149 39.73869006919011 39.10191376308698 0.0 24.050789996305618 45.16166954588197 23.30746239890863 38.40533823103823 15.56427737885643 60.45649098192519 14.080679139881545 10.869610036771771 22.170423705104202 4.350658134369057 41.31714662713027 35.391623195088314 22.978761843953258 25.528613763040322 5.818565463265305 17.628646082398504 3.8276276854773705 48.08254513894098 49.64550833765704 61.01271071170076 33.56592603574925
37.260423650793996 24.413242168474973 21.56764304008159 39.24753651313242 27.236677677544424 22.878608655464646 0.9464898442609314 29.075519463035313 21.4367663828056 43.503178574586315 17.315904409285192 39.268458689613276 19.36781550813813 26.419719148463482 37.43899391790501 26.91751899419855 26.80042085226511 23.109550241166644 43.89192741571012 51.37549396590531 38.85666195275993 17.87317619602497 22.839222240067944 27.26171636609778 33.104420448566344 24.050789996305618 0.0 33.50536788175194 12.255356718826091 43.13790670448568 8.486630352413973 41.37223331314627 20.199690737632967 34.201886943849544 28.18396805719558 24.3463301926606 22.407321206824946 39.52759544875543 22.83922224006793 40.03734425024285 29.51667771415037 39.334595044354685 21.62750258216593 49.03563414020116 36.79928346704511 38.92158915116284 21.9553930908048
65.44318852613996 53.139869459152955 54.58649526802598 71.72179220971593 60.714094231421946 48.37286382705122 33.91222394110427 5.713838140942055 23.5939317937061 75.87860357787856 45.79564105496541 64.03429346152029 52.3628812567073 40.69468000678435 4.267839588471826 42.06471094962258 57.40609533841343 31.29644507261316 67.20805295727993 81.20726560179561 68.42540686777575 19.926258650026284 54.64816558142169 59.512547420980276 66.48952328608739 45.16166954588197 33.50536788175194 0.0 23.76712947506168 75.94823667593896 36.217812837539 66.38849471720951 50.35022942162727 49.66314762847312 27.77867662071116 42.04233860795638 51.34031344315688 72.35089764552698 55.57973076770218 69.0420146201187 47.57570953533227 62.68486248102336 45.56197305484085 82.48225729644867 4.654074671500831 58.45516093834787 12.234504115371715
42.083906744175934 36.30846006607025 31.3384926222909 48.07356873414964 38.5624946218773 25.277527807328518 12.197341152831042 20.665293432955455 9.99458325098991 52.193179138242265 22.085907278321375 50.534682609878736 29.13916264247615 21.66793920119222 27.98988363886944 22.718592188101013 39.017687965121205 14.578148872684201 45.463806772177655 57.61925700507975 44.81670093108173 5.626473562620271 30.96233132649628 39.453917393423936 44.60743086544544 23.30746239890863 12.255356718826091 23.76712947506168 0.0 52.39507676720307 12.48844119024598 52.73629328867456 26.584477624822682 30.84077273076347 17.464038421635745 21.37942990184478 34.30596157015452 48.82024104457275 32.15318463024904 45.54089008119504 27.260783002539508 40.80780709726162 22.756677667232204 59.50571491250403 27.803397845213777 48.70646954074281 11.532946673019586
21.065723710064326 38.767054095952155 21.57027886611491 4.755216227589917 19.537648172495388 32.423807286646166 42.53187475624518 72.00213122062718 56.96185967104419 3.2373640712034897 31.58512154696776 48.82751552914739 23.775143226631844 46.40954100007791 80.07023414621862 45.37738199025088 33.749666938221566 52.47456329290251 32.957033148170616 17.63689646186706 16.546155527968768 57.22055548330292 21.534281319934244 27.869408389103 17.810861599583948 38.40533823103823 43.13790670448568 75.94823667593896 52.39507676720307 0.0 39.942090288462 49.09375163633573 26.637279597403342 45.000979312476105 59.63834986481728 42.72475505509952 38.63248421122899 3.6121258440149564 20.398831186051115 18.18237449307467 41.48045603317075 32.33875392704599 35.420074440503875 10.717572684187784 79.62263607722123 57.175054457915465 63.81241853721799
30.5272374960232 30.15537842783008 19.18745038634624 35.590940343876085 27.32079768352944 14.846242049056588 7.566762811024374 32.77333772338228 18.322187343116145 39.70486873404788 10.13385019504666 45.66988701105355 17.048990069688575 18.48475296461676 40.41613132872673 18.813722491745906 31.233026649491062 17.210428193741876 35.91959586188472 45.59310651103133 32.81637753365447 17.34729544295945 18.475919146885573 30.133311451822895 33.45142383495356 15.56427737885643 8.486630352413973 36.217812837539 12.48844119024598 39.942090288462 0.0 47.61789541921946 14.239916067428965 25.812333669883888 23.534270368485085 16.058305139875994 28.222627927110665 36.380239359727334 19.82935755212335 33.71921706598759 21.059744969509666 31.29911424117787 13.265934646169008 47.361692552519 40.142567699920065 46.50998454751241 23.996730443767436
60.39137914202428 17.51896547258227 39.963868654561466 48.997853048157715 32.61748265295334 56.0256432890483 41.86333752039053 60.69939267858947 62.550044100676736 51.84379850792561 49.98459261767498 2.3549358520186225 39.88336711191171 65.70550611793814 68.92071060365107 65.74898027737689 18.432840302531915 64.3132685180211 72.11892227644064 65.99873504692546 58.46540666851142 57.95086485522996 45.17318872590798 23.267746119966922 31.527121382902532 60.45649098192519 41.37223331314627 66.38849471720951 52.73629328867456 49.09375163633573 47.61789541921946 0.0 48.35631680054664 71.29519614231269 69.53677575588301 62.655839849879435 19.40715961985801 47.09147252061604 41.6417615587264 60.45416311728733 66.22886857195479 68.77842342815813 56.811863820351846 45.574143088199385 67.46537128506006 12.236554947425168 58.609585716794854
17.109825773976613 31.57460561023165 9.655626254581389 22.040276638279327 19.48779276493711 8.280487240034372 19.333204998970455 47.01245809498562 30.329066521921675 25.96328146138061 4.950707190054201 46.89119155212422 8.786547271834033 21.61763019981655 54.57378791012062 20.95530515574383 30.019189253854368 26.120332739741077 25.453047966255102 31.455739540998533 18.759626518098433 30.960268191161834 5.654056023758526 26.366653004522814 25.021902336617547 14.080679139881545 20.199690737632967 50.35022942162727 26.584477624822682 26.637279597403342 14.239916067428965 48.35631680054664 0.0 24.00916973370313 33.28522276615716 17.84582495522996 30.104888092585107 23.229976987037166 8.903999215096492 19.85403875942894 19.152356964792006 21.355194944423964 10.331432996046717 35.28196674767293 54.34929940557626 50.79313341533548 38.11578753950816
25.103165552821384 53.92359877260136 33.63067812424602 40.36885747410131 43.40069948456439 15.74559685665304 33.31624174087021 48.929588423228395 26.170759460723655 42.9350804174283 21.365619004862392 69.60599409958712 32.74692729076962 9.291823050105236 53.712685615837024 8.130768155696337 53.36076221492459 18.40649876219493 19.703147264961636 39.97462374816138 29.767847612908426 31.218698979122813 28.961510739462447 50.2296650792325 48.63828135351766 10.869610036771771 34.201886943849544 49.66314762847312 30.84077273076347 45.000979312476105 25.812333669883888 71.29519614231269 24.00916973370313 0.0 22.898774394855398 9.937035515537884 52.18542040114499 42.47063631035607 32.64496359615481 29.022332420331857 5.066715837839464 16.20539861228307 14.491148139278728 55.349197452707784 54.30510045795222 71.81628181852733 39.273835531096125
43.70173599157599 52.54397163788459 41.34350335893372 54.92396588072009 50.397125528973866 27.519513359194388 27.753100328490465 28.336014221875473 7.611778902646283 58.51935530594547 28.407790362317442 67.4070237163804 39.45833163761342 15.144888040620604 31.560742083512768 16.549751290116266 54.39771302084291 7.172514264410558 42.00919721398441 59.74846078579719 47.7023478695498 13.759433903519213 38.84189400472458 53.65352813899667 56.49403815311722 22.170423705104202 28.18396805719558 27.77867662071116 17.464038421635745 59.63834986481728 23.534270368485085 69.53677575588301 33.28522276615716 22.898774394855398 0.0 17.973381198139503 50.54377271518516 56.36572719955779 41.41768700205898 47.68589489435036 22.191831105688316 37.88616428181486 24.421481078094345 68.56616038464512 32.41028046180439 66.11826124454835 19.702844551955724
25.73397441364038 45.15565568568848 27.25762049763164 37.96961366337174 37.05434335817873 10.351996891028566 23.477300914410662 40.576757361509735 18.588651689405392 41.273361601929466 13.83187701080722 60.85163101664035 25.895690305391792 3.7881245727618884 46.23680241356003 3.2102981738998917 45.19038482131634 11.44938774402038 25.179505179168697 41.77565215496742 29.809094398325865 22.61622263560061 23.4312827817676 42.71972392452851 42.78578850085314 4.350658134369057 24.3463301926606 42.04233860795638 21.37942990184478 42.72475505509952 16.058305139875994 62.655839849879435 17.84582495522996 9.937035515537884 17.973381198139503 0.0 43.33023870482814 39.679271611415594 26.725208681502934 29.72748202884172 5.882778558733154 20.713723404237882 7.580740817733108 52.32458896937014 46.59968675191862 62.427154764063324 30.82354528257545
44.29686778850403 2.0071203872214216 23.081483015623665 36.83099997626735 19.195982969581653 37.268190314262064 22.7929018608955 45.911415875004565 43.82678188192177 40.599686813870726 31.06020996212515 17.528327576222132 22.35098882755761 46.321711261719784 54.53810470171392 46.39612454842405 6.671622069078287 45.05170069996174 55.024385272169866 53.22859472065063 43.39206501511303 39.76773380893056 27.9799373484444 11.449678398671045 21.786399435013667 41.31714662713027 22.407321206824946 51.34031344315688 34.30596157015452 38.63248421122899 28.222627927110665 19.40715961985801 30.104888092585107 52.18542040114499 50.54377271518516 43.33023870482814 0.0 35.65477776572124 24.95075585075498 45.239880911176314 47.12402765636406 51.252210986037795 37.76631398885217 39.44401812593956 53.36576689258821 20.865565847563172 41.80052251019111
19.39418533211653 35.90338587814006 17.96004107201998 2.523952499643541 16.46540048164787 29.338103975578008 38.92010167412665 68.39200736413059 53.523649547870626 4.959041252047154 28.180430177086176 46.68141232538688 20.163599272562134 43.40045561059873 76.46850317087413 42.414202601403844 31.07600938302166 49.19484116141823 31.734167877969586 18.961998185136512 15.207498803931271 53.678963870366275 18.020330790739205 25.198443897771792 15.57144394981521 35.391623195088314 39.52759544875543 72.35089764552698 48.82024104457275 3.6121258440149564 36.380239359727334 47.09147252061604 23.229976987037166 42.47063631035607 56.36572719955779 39.679271611415594 35.65477776572124 0.0 16.790519772589494 17.049881807783038 38.74146320281063 30.641026982401396 32.28236238993025 12.879423379255398 76.0155469972744 54.66263671283354 60.22368925650451
19.346412025822225 26.028894210970865 1.8978498890031668 16.408439234294875 10.776006982009385 17.065114562077213 22.19237633437126 51.60451644346989 37.61602935836899 20.66633261239241 13.230056153012313 40.4395083472751 3.6115371918272476 30.48422747761713 59.68581912176253 29.851566231892747 23.250477958939747 34.328174845200564 30.50600283054355 29.97307968466028 18.74860643500687 37.17570175322327 3.7692852622014907 18.701187632079815 16.126080355727016 22.978761843953258 22.83922224006793 55.57973076770218 32.15318463024904 20.398831186051115 19.82935755212335 41.6417615587264 8.903999215096492 32.64496359615481 41.41768700205898 26.725208681502934 24.95075585075498 16.790519772589494 0.0 20.48561312299972 27.908849070108037 27.16240292086553 19.234714268336674 27.587699708229387 59.22515124392745 45.76396303982575 43.484714023791874
4.028330986513083 46.14692177214036 22.38311837449826 14.528754673540165 27.836797944290055 20.86635067742242 39.18019468986523 66.1987710681288 47.06065652222522 15.349656011858528 23.607519667621204 59.579917450003876 23.67440331561057 32.91793001437294 73.3071684326752 31.6336353803275 42.61061244514434 40.898464544455514 14.780830401476578 12.239900710304145 2.0216869834923714 49.180078639136354 18.27717897175262 37.23336842692406 30.04904727340069 25.528613763040322 40.03734425024285 69.0420146201187 45.54089008119504 18.18237449307467 33.71921706598759 60.45416311728733 19.85403875942894 29.022332420331857 47.68589489435036 29.72748202884172 45.239880911176314 17.049881807783038 20.48561312299972 0.0 26.637388634016347 14.473732658397392 23.88233496796889 28.867842728515996 73.26724212938502 65.87361507378824 56.9079712352323
22.616430827627486 48.85858061319262 28.804646574270638 36.77150881246528 38.61879856289789 10.873636301081481 28.612364887393863 46.317385377374485 23.999750342519274 39.643863943544254 16.316108243199558 64.53963092276625 27.829711193659488 7.11306598078732 51.73162930277756 5.690452784629573 48.31238518454309 16.467357084215735 19.926505078278517 38.24696380783651 27.081388651203532 28.380654745667854 24.286536187288664 45.251139459214414 43.98661534209677 5.818565463265305 29.51667771415037 47.57570953533227 27.260783002539508 41.48045603317075 21.059744969509666 66.22886857195479 19.152356964792006 5.066715837839464 22.191831105688316 5.882778558733154 47.12402765636406 38.74146320281063 27.908849070108037 26.637388634016347 0.0 15.699122149989647 9.431057355906958 51.596269654946504 52.16827079937257 66.81840771481438 36.57176524598184
11.284485886656848 52.60246153092045 28.814560669421663 28.210681585073697 37.172156736717426 16.47824003859386 38.390255535247036 60.91198728364178 39.301942600788855 29.693185765652014 22.2489015781475 67.5118285198587 29.039992386108924 22.796407973965167 66.90073640410031 21.376111605021244 50.355499527761154 32.01493610130841 4.667635692707182 24.07615619412359 15.845459912993464 43.005044814962844 23.60976010615907 45.825002240911815 41.01095696955458 17.628646082398504 39.334595044354685 62.68486248102336 40.80780709726162 32.33875392704599 31.29911424117787 68.77842342815813 21.355194944423964 16.20539861228307 37.88616428181486 20.713723404237882 51.252210986037795 30.641026982401396 27.16240292086553 14.473732658397392 15.699122149989647 0.0 18.285516049099776 43.0534372721487 67.20561911268231 72.0522783386637 51.18979291799293
20.074661323413572 39.47543082159642 19.88171338143055 30.673904287317985 29.720238975661694 3.1094162485000534 20.685017675189673 43.22552933617047 23.178385716070093 34.145886394218955 6.895746366358163 55.14016297066515 18.684143098175547 11.36886183434953 49.82648670808591 10.634588696876671 38.885302562405826 17.35607211187175 22.949424202310002 36.118824358483685 23.61441892194957 25.637499964367166 15.869118638936806 35.926049428643886 35.343552137235406 3.8276276854773705 21.62750258216593 45.56197305484085 22.756677667232204 35.420074440503875 13.265934646169008 56.811863820351846 10.331432996046717 14.491148139278728 24.421481078094345 7.580740817733108 37.76631398885217 32.28236238993025 19.234714268336674 23.88233496796889 9.431057355906958 18.285516049099776 0.0 44.836821883869874 49.93141381597393 57.687251270669385 33.64042870756908
31.775692796247498 39.02861202028254 28.193521595307995 15.050355386363028 22.372477818607067 41.97391606835125 48.58189241197427 78.09737331168232 65.17194102381359 13.572557836246531 40.17006017354749 45.81611897843802 30.37498205180844 56.07646858316715 86.46502163173409 55.13615940543813 33.44459235346103 61.402299015977036 43.6211144900382 26.283478227328583 27.26097032630444 64.67667401504069 29.74882604460256 27.997174236917935 17.793845456755125 48.08254513894098 49.03563414020116 82.48225729644867 59.50571491250403 10.717572684187784 47.361692552519 45.574143088199385 35.28196674767293 55.349197452707784 68.56616038464512 52.32458896937014 39.44401812593956 12.879423379255398 27.587699708229387 28.867842728515996 51.596269654946504 43.0534372721487 44.836821883869874 0.0 85.83193724554565 55.33064939956651 70.60521101598717
69.71922868280814 55.089458617265905 58.14953238743185 75.47978510239562 63.84883139636705 52.69562209068279 37.28290970060517 7.757274545286151 28.208416635253965 79.66872013037181 49.88869237628482 65.11270538149675 55.926084593967396 45.31374171499201 1.8552372591967734 46.678459102659616 59.62235899197214 35.927694769183894 71.74657218830065 85.39346890596705 72.59627089390601 24.3114398785922 58.47256210093087 62.09126947667095 69.50550317249399 49.64550833765704 36.79928346704511 4.654074671500831 27.803397845213777 79.62263607722123 40.142567699920065 67.46537128506006 54.34929940557626 54.30510045795222 32.41028046180439 46.59968675191862 53.36576689258821 76.0155469972744 59.22515124392745 73.26724212938502 52.16827079937257 67.20561911268231 49.93141381597393 85.83193724554565 0.0 58.87080266032542 16.36005175580985
65.10141687427236 19.75064633431133 43.90990885436604 56.224032992466206 38.74113552797116 57.557797361924585 39.62872289309818 52.75298429770596 58.699262751206064 59.591809465162676 51.253144284265 10.669598971178859 43.2159934974135 64.99320828319593 60.47036825152155 65.3003719438698 23.67417436687537 61.87010981684637 75.87646248224063 73.0752471873551 63.97952717858483 53.34662609004169 48.844768773457595 29.50059357939558 39.38603218234984 61.01271071170076 38.92158915116284 58.45516093834787 48.70646954074281 57.175054457915465 46.50998454751241 12.236554947425168 50.79313341533548 71.81628181852733 66.11826124454835 62.427154764063324 20.865565847563172 54.66263671283354 45.76396303982575 65.87361507378824 66.81840771481438 72.0522783386637 57.687251270669385 55.33064939956651 58.87080266032542 0.0 52.38359359204881
53.36267101433772 43.72097645755447 42.56029321221002 59.54294306495097 49.14510967979632 36.362479914241185 22.238009940776173 9.753437456535915 13.388297841236499 63.68379665032765 33.576699965720124 56.292566447915 40.34199795587629 30.03397503476766 16.465379497882527 31.32148185898616 47.38476908775558 21.02048615695638 55.78478807854955 69.04231264922664 56.24897621480852 8.210255512979929 42.4493053779447 48.80542970600253 55.05437535006891 33.56592603574925 21.9553930908048 12.234504115371715 11.532946673019586 63.81241853721799 23.996730443767436 58.609585716794854 38.11578753950816 39.273835531096125 19.702844551955724 30.82354528257545 41.80052251019111 60.22368925650451 43.484714023791874 56.9079712352323 36.57176524598184 51.18979291799293 33.64042870756908 70.60521101598717 16.36005175580985 52.38359359204881 0.0
