0.0 32.83183512085008 53.20323921504136 8.890841980552887 47.776352153294035 13.481420600173944 11.930651119677623 16.895426506030084 6.938944035184033 64.33594115899325 33.858413157843806 38.118890674607876 31.53799016893978 55.96732535068754 45.60572411896111 60.4941948996354 48.62472606454875 83.17998242096715 61.984355929434685 54.42669414927345 42.300593927628114 45.369542167232325 9.017210047565985 15.367627901238366 68.05749496711233 28.114835579367476 60.790750663836505 2.9512597415789945 32.451690523418804 38.19115618723882 40.41860474190559 62.679025981872954 65.68241191171346 11.491108832917144 6.828624904215487 66.33102797610742 57.754794775033524 78.55610150630484 18.1531458543057 21.88259641116477 6676.977132318213 6757.234985873117 6698.979134668161
32.83183512085008 0.0 39.12520077252925 40.3453999489379 31.428386117945465 32.18128126573752 34.87594375797994 28.837111307573558 31.9750125121394 58.153551200458466 21.044704031790342 31.657332915556395 23.336665655037883 25.413300679531524 25.654655616866687 53.96814780889842 36.03274219399785 67.2868133201762 57.11650017097046 39.481229992228634 18.493334521778 13.385487330990257 25.827604184381634 29.226059689186936 63.94706633542495 18.60616575275877 42.114856184336 34.41503992310821 17.738639133370633 27.39397587255732 27.629822356916453 39.6343927953486 68.88322389002124 23.91999017304338 34.1916646792066 49.101188121954365 32.994110103897455 47.56359444571251 39.17495496672272 34.64395234943546 6709.636395041835 6789.85080969754 6731.608931496073
53.20323921504136 39.12520077252925 0.0 54.94502144564439 7.725081750745779 41.81459588996979 45.14973199618666 37.06153005647134 47.303576405642076 20.69030800550153 20.807700049514025 15.63729507999871 21.919288097442237 31.13464673376329 13.988046374807405 16.98630498206072 4.621756817368006 30.244320262001015 20.763057622454806 1.5905096946186357 21.479948744896184 34.62161463041946 44.4777620589358 38.641002696234786 27.029427968424756 26.496034105631654 9.540021970218259 56.08714972355153 23.6124066656584 15.14279180452121 13.257169490935519 16.719976955011496 36.992379385421195 42.19631873557339 48.95494043758347 13.269670965802902 18.262951349733708 43.99209072360895 43.512232070728864 35.54705467481178 6709.080801142848 6788.816547723797 6730.72381627453
8.890841980552887 40.3453999489379 54.94502144564439 0.0 50.50840783976171 13.136486634832448 9.838115984180508 18.01961415300847 8.875890566215942 63.320869459179974 37.43563709284595 39.351512950938464 34.40198626017983 62.019846225053534 49.40316739603591 59.766663366993896 50.3256253650251 84.14244130286929 60.727132184716076 56.31416309348263 47.27126029757601 52.20489455642133 14.666914424007562 16.486496786661434 66.31564159182557 32.165275899395475 63.30775935762873 9.654377633065822 36.74729177209564 40.567410058616076 43.00573015280826 66.29515776916557 62.06178264646953 16.905776905572186 6.671102809617027 68.21466840411578 62.0372019105442 84.42603312067217 13.820255798014655 20.318562504722905 6669.307174437129 6749.510646802478 6691.271516872449
47.776352153294035 31.428386117945465 7.725081750745779 50.50840783976171 0.0 37.44958688015132 40.92459970624255 32.493967074316 42.3586263240171 27.92092411937311 14.213590417943387 12.89752675268488 16.274295975561838 25.300108097991707 6.436473427190841 23.976389764650296 5.913820553565045 36.976401065852 27.59560344453647 8.085517504194705 13.833751868838855 27.24792449270253 38.843873809906334 34.02216842309254 34.14970812636712 20.082556481133306 13.02046111893484 50.578347378514074 16.60961693586286 9.979740906393323 7.5030054721761426 16.511866943785236 42.72224375216861 36.45340413364772 44.19792672762504 19.047928392231125 14.911441308213421 41.34276533376813 40.297298562223816 32.30958252032053 6709.771041283688 6789.601199428531 6731.4789301179535
13.481420600173944 32.18128126573752 41.81459588996979 13.136486634832448 37.44958688015132 0.0 3.531638344004934 5.015439002298386 6.547425409536236 51.17187288746935 24.79091709793267 26.24130975815521 21.501422793382325 50.87454473381209 36.69794079215496 47.43453707674531 37.19412697005142 71.16375228919946 48.73244367080861 43.17889942968441 35.34284998438343 42.30059671807025 9.008256942995335 3.648232152803496 54.68739605190744 19.976098556726523 50.19312688797329 16.342856598932666 24.56565565927814 27.484342860122535 29.949322372486407 53.414810685574366 52.29476840903693 9.346276032397958 7.46721954097513 55.083717490902444 49.469463801265675 72.87280224543773 7.326983061030122 8.401631549650858 6679.041666492463 6759.136462787387 6700.931214025936
11.930651119677623 34.87594375797994 45.14973199618666 9.838115984180508 40.92459970624255 3.531638344004934 0.0 8.545106480308396 5.391946468923345 53.808875059699915 28.32158869166744 29.536552283907454 25.024928882325113 54.24971033202955 40.22922207207357 50.16416342091545 40.53415479288615 74.30985117047794 51.28925049392466 46.534543713267304 38.81634608239587 45.43214610093929 10.155704383253097 7.160993871567035 57.07721234528955 23.461129522210904 53.62278312733902 14.561346914716147 28.057920349423775 30.950830147200808 33.42903901333861 56.93204142690925 53.90578950332204 11.256891293773245 5.188333249772119 58.41804202183086 53.00057713083658 76.32068110263405 6.436695222443751 10.711153316615142 6675.819723045617 6755.932468230082 6697.721591778077
16.895426506030084 28.837111307573558 37.06153005647134 18.01961415300847 32.493967074316 5.015439002298386 8.545106480308396 0.0 10.375414402608412 47.46975837921243 19.79027098599457 21.594015436586744 16.48885308133507 46.19986464160979 31.684898220875006 43.60475008404159 32.44066754281592 66.658348973157 45.16398650026047 38.393148129403514 30.4864713477302 38.09533072303394 9.833399514173685 1.587071117617497 51.348032111160535 15.121200353069504 45.29482926960259 19.84564335820388 19.679734118708406 22.547796484599694 24.99098175162237 48.40620072357162 50.14174454951291 8.836621060044124 11.897851351927427 50.31843757225707 44.46456188252189 68.0479778358832 10.540662272593988 6.906728641525973 6683.5237723495375 6763.590674505198 6705.394167965073
6.938944035184033 31.9750125121394 47.303576405642076 8.875890566215942 42.3586263240171 6.547425409536236 5.391946468923345 10.375414402608412 0.0 57.58386850998836 28.898317133844483 31.934212941661045 26.108106287698824 53.15006701133599 40.84633362981164 53.79408599893822 42.69043533280314 77.01958730845314 55.18572409655679 48.597931821354216 38.44443188423896 43.47408724082942 6.168162935460376 8.794568899714243 61.195746746910174 23.460876767061055 55.293898143050725 9.797792759763052 28.010697277869586 32.53503695236556 34.8882617021556 57.837775610943936 58.76761840107938 8.157732844173834 2.257081998481106 60.53061722697801 53.37109475509302 75.5503813150814 11.827326831887815 14.945940021320778 6677.856955325229 6758.030634021291 6699.800878140364
64.33594115899325 58.153551200458466 20.69030800550153 63.320869459179974 27.92092411937311 51.17187288746935 53.808875059699915 47.46975837921243 57.58386850998836 0.0 37.69957977792545 28.154973563659865 36.95788360858998 51.55498002865949 34.35725623394446 4.218780482492335 22.414504163796828 25.670091158106924 3.0162129726025486 21.201825276370727 41.6778789545391 55.16032459342439 56.749252708931294 48.97406469736793 6.378643329873134 42.30972831816699 25.15715657629845 67.2783211258825 40.98065492798996 31.148326013310875 30.548443918961084 33.81408581055594 19.395429769914177 54.92386369925596 58.61848154637655 21.666851768534997 37.748057720965264 61.12610479660763 49.85040429494412 43.10030429405075 6699.0004646808475 6778.514435478851 6720.4911980807265
33.858413157843806 21.044704031790342 20.807700049514025 37.43563709284595 14.213590417943387 24.79091709793267 28.32158869166744 19.79027098599457 28.898317133844483 37.69957977792545 0.0 10.644820119966976 3.995187330991707 27.951364041113287 11.967676177253015 33.481365504308705 16.712860193134137 50.94736922702465 36.40174171543094 21.70879999515918 11.631473770609167 23.202419848495627 24.857747857942343 21.173460222084625 43.23726939873635 5.874351509254629 27.17019839448983 36.59402850216334 3.3317330927940176 6.551731742243401 7.625934212586647 28.9454458440564 47.90379700265374 22.4197025142638 30.895081430397276 33.22250211835456 24.67982111471969 48.81338166572581 29.150806297066026 21.719825870285877 6701.910187522493 6781.886068790229 6723.718189262368
38.118890674607876 31.657332915556395 15.63729507999871 39.351512950938464 12.89752675268488 26.24130975815521 29.536552283907454 21.594015436586744 31.934212941661045 28.154973563659865 10.644820119966976 0.0 8.894949474488623 35.14499234553598 15.629685183259154 23.977612393706707 11.044412644888249 45.09532806444687 26.500622786542884 17.065283869322815 19.702516761741087 32.89942311957791 29.710894372733215 23.180827811501132 33.27199539360203 14.275099857106909 24.501294118035673 41.04762865594936 13.920997248936526 5.170401142277019 6.947682950906164 29.361244669903396 37.25898292424794 27.607422479972783 33.48233541331114 28.893521840305205 27.45902865678434 53.61848297700719 27.986279648124746 19.98520949691826 6697.0886451917295 6776.948543310344 6718.816774058905
31.53799016893978 23.336665655037883 21.919288097442237 34.40198626017983 16.274295975561838 21.501422793382325 25.024928882325113 16.48885308133507 26.108106287698824 36.95788360858998 3.995187330991707 8.894949474488623 0.0 31.945759744522196 15.28461806451973 32.75827862224369 17.475641816686352 52.14797641429297 35.377954865640774 23.03404996582643 15.625158916044239 26.887697385782833 22.66489910086076 17.957176236053613 42.161160493196995 5.380526936924168 29.266493938952706 34.36761012164912 6.160067460294758 6.777310808944563 8.882856620426912 31.920627203636258 45.665354822609785 20.328149373379695 27.991528512012884 34.864179352329806 28.125244624683273 52.686726864302344 25.414121662236706 17.839588620430337 6697.96613382636 6777.9345074023795 6719.768903985868
55.96732535068754 25.413300679531524 31.13464673376329 62.019846225053534 25.300108097991707 50.87454473381209 54.24971033202955 46.19986464160979 53.15006701133599 51.55498002865949 27.951364041113287 35.14499234553598 31.945759744522196 0.0 19.872906833672808 48.065188812315014 31.144934378986928 50.639073048237464 51.87305290565774 30.404498708806845 16.32098905721636 12.310823226400775 47.5740448855094 47.27886428174104 57.933611779266954 31.18523552280011 27.840761755697525 58.069996328127445 26.830263769309173 30.120858500797258 28.229297978652884 20.976179584950035 67.87235128332331 45.194299713924394 55.38397152798393 34.32133055053018 14.61436223044882 22.604499525931892 56.39419692233979 49.436144016743356 6729.593199758984 6809.614247794201 6751.432744890397
45.60572411896111 25.654655616866687 13.988046374807405 49.40316739603591 6.436473427190841 36.69794079215496 40.22922207207357 31.684898220875006 40.84633362981164 34.35725623394446 11.967676177253015 15.629685183259154 15.28461806451973 19.872906833672808 0.0 30.40639693814935 12.187641746404786 41.82390835794959 34.00561067793056 14.056670368985628 7.507982357976065 20.814709338829104 36.58873585264167 33.10138820337035 40.582441161986985 17.50306572211831 16.81509501285791 48.26939512598228 13.215005608205688 10.998513187094407 8.716439973464794 17.073302997146957 48.80360219843728 34.11753559641795 42.858075788784525 23.621664092100147 12.847457828778111 38.2068538630806 40.62382143343058 32.87126582718357 6712.305897634452 6792.208386936969 6734.063563095519
60.4941948996354 53.96814780889842 16.98630498206072 59.766663366993896 23.976389764650296 47.43453707674531 50.16416342091545 43.60475008404159 53.79408599893822 4.218780482492335 33.481365504308705 23.977612393706707 32.75827862224369 48.065188812315014 30.40639693814935 0.0 18.35465028595756 27.159663167169995 3.8429947216556055 17.665145127998475 37.65735013180888 51.22103504807876 52.77810491103276 45.126738057886584 10.180454977251738 38.10438341246945 22.49000716428422 63.44173735851246 36.764013921642814 26.929966176357517 26.351040437616675 31.164334459894786 21.14834856904442 50.91049696085531 54.896641651130345 20.041661679962132 34.57518669554451 58.73728958095821 46.444365294885365 39.47796143357727 6699.254795252831 6778.82071002746 6720.781130564394
48.62472606454875 36.03274219399785 4.621756817368006 50.3256253650251 5.913820553565045 37.19412697005142 40.53415479288615 32.44066754281592 42.69043533280314 22.414504163796828 16.712860193134137 11.044412644888249 17.475641816686352 31.144934378986928 12.187641746404786 18.35465028595756 0.0 34.68952819362115 21.869868894803602 6.021077040729515 19.309352236829806 32.947697419897615 39.937064955220706 34.020575105016846 28.52909796264399 22.24070327157201 13.65552737435893 51.51629027631371 19.705602222080543 10.713313395414394 9.086982527042537 19.731161869654382 36.812012683380345 37.678408963041136 44.334913326744804 17.889594115828654 19.789040288372608 46.13348771711877 38.98299274236655 30.999575684554916 6705.829180509776 6785.605522203571 6727.500024761753
83.17998242096715 67.2868133201762 30.244320262001015 84.14244130286929 36.976401065852 71.16375228919946 74.30985117047794 66.658348973157 77.01958730845314 25.670091158106924 50.94736922702465 45.09532806444687 52.14797641429297 50.639073048237464 41.82390835794959 27.159663167169995 34.68952819362115 0.0 28.62598956658937 29.243142523568093 48.794150089008156 59.25957359310785 74.59277122649655 68.24492180949599 28.167047786621108 56.70783975450167 25.17581004985085 86.09505391784224 53.56048357367345 45.371646854064515 43.481472530284044 29.738415384002494 42.98316771824202 72.35781422298639 78.51169639095883 18.207166237810576 36.53273987168189 49.83281773849722 71.65170621329258 64.03270932394095 6723.160214222554 6802.565262074659 6744.5767612996815
61.984355929434685 57.11650017097046 20.763057622454806 60.727132184716076 27.59560344453647 48.73244367080861 51.28925049392466 45.16398650026047 55.18572409655679 3.0162129726025486 36.40174171543094 26.500622786542884 35.377954865640774 51.87305290565774 34.00561067793056 3.8429947216556055 21.869868894803602 28.62598956658937 0.0 21.48437889444613 41.171045717156616 54.8070803253429 54.5652094573884 46.64626357856691 6.8383072548350885 40.754842025753874 26.270362430835537 64.91881433069938 39.71548663366824 29.865623107362097 29.495833570195906 34.95090096251358 17.497651780908924 52.806456011894845 56.15682238333978 23.4720004869781 38.41816968648816 62.47966736504277 47.17868366529861 40.57905723928975 6696.439992623777 6775.973838300418 6717.944302179852
54.42669414927345 39.481229992228634 1.5905096946186357 56.31416309348263 8.085517504194705 43.17889942968441 46.534543713267304 38.393148129403514 48.597931821354216 21.201825276370727 21.70879999515918 17.065283869322815 23.03404996582643 30.404498708806845 14.056670368985628 17.665145127998475 6.021077040729515 29.243142523568093 21.48437889444613 0.0 21.562108980866665 34.43856523616586 45.654980936742945 39.96869901491621 27.572931523486638 27.467639152216858 7.949513481587855 57.29849255133343 24.401317711671435 16.276008722920288 14.258910617769605 15.260916591676537 38.004641821979504 43.34977487790412 50.27753007288553 11.932727409277419 17.168424143369293 42.65571433179075 44.99185222156165 37.014616761578694 6710.633518715899 6790.364913188914 6732.273570615842
42.300593927628114 18.493334521778 21.479948744896184 47.27126029757601 13.833751868838855 35.34284998438343 38.81634608239587 30.4864713477302 38.44443188423896 41.6778789545391 11.631473770609167 19.702516761741087 15.625158916044239 16.32098905721636 7.507982357976065 37.65735013180888 19.309352236829806 48.794150089008156 41.171045717156616 21.562108980866665 0.0 13.78626910013552 33.429293074946884 31.69881782692131 47.835581563154925 15.371345312360935 23.621538750501475 44.74752816059961 10.815118424978253 14.533421022481726 13.186763822378616 21.85509301448157 55.29341825131861 30.950883204340325 40.604143993209284 30.615468925468026 15.860724794685666 37.56704212629183 40.39716078550873 33.22081713532266 6713.446085896486 6793.439311741189 6735.266213937445
45.369542167232325 13.385487330990257 34.62161463041946 52.20489455642133 27.24792449270253 42.30059671807025 45.43214610093929 38.09533072303394 43.47408724082942 55.16032459342439 23.202419848495627 32.89942311957791 26.887697385782833 12.310823226400775 20.814709338829104 51.22103504807876 32.947697419897615 59.25957359310785 54.8070803253429 34.43856523616586 13.78626910013552 0.0 37.542631417800074 38.899813070218265 61.396969128149586 24.204878346813114 34.61118515642764 47.21471711490836 20.816559244276746 27.786855573713563 26.791690698296055 29.91138207966626 69.0678639447868 35.32735502703459 45.73101290259809 41.63332451126456 22.970775678740825 34.17959656751784 48.61946938183871 42.60193754918624 6721.215050892389 6801.346749475594 6743.1307126263
9.017210047565985 25.827604184381634 44.4777620589358 14.666914424007562 38.843873809906334 9.008256942995335 10.155704383253097 9.833399514173685 6.168162935460376 56.749252708931294 24.857747857942343 29.710894372733215 22.66489910086076 47.5740448855094 36.58873585264167 52.77810491103276 39.937064955220706 74.59277122649655 54.5652094573884 45.654980936742945 33.429293074946884 37.542631417800074 0.0 8.679559672161018 60.887494063037394 19.09857309099353 51.86417111003638 11.742472321555356 23.444092513164478 29.382687073435818 31.543928898298688 53.66203153681285 59.972287294419985 2.4877793010135356 8.365241815856717 57.521763620764446 48.778649341103375 70.0890747603204 16.091238151956585 16.316416088187864 6683.920436981777 6764.107494552099 6705.873686723101
15.367627901238366 29.226059689186936 38.641002696234786 16.486496786661434 34.02216842309254 3.648232152803496 7.160993871567035 1.587071117617497 8.794568899714243 48.97406469736793 21.173460222084625 23.180827811501132 17.957176236053613 47.27886428174104 33.10138820337035 45.126738057886584 34.020575105016846 68.24492180949599 46.64626357856691 39.96869901491621 31.69881782692131 38.899813070218265 8.679559672161018 0.0 52.79329992063915 16.330052873594255 46.845709327181964 18.31507785434488 20.91788852218943 24.088906572305028 26.51972927249816 49.877176522363726 51.33941412397806 8.010644960251371 10.3150818246062 51.89561912310429 45.85305632084472 69.2363458154714 9.952788593821511 7.6825250704431545 6682.551106215979 6762.633436259268 6704.432117986485
68.05749496711233 63.94706633542495 27.029427968424756 66.31564159182557 34.14970812636712 54.68739605190744 57.07721234528955 51.348032111160535 61.195746746910174 6.378643329873134 43.23726939873635 33.27199539360203 42.161160493196995 57.933611779266954 40.582441161986985 10.180454977251738 28.52909796264399 28.167047786621108 6.8383072548350885 27.572931523486638 47.835581563154925 61.396969128149586 60.887494063037394 52.79329992063915 0.0 47.54099393974446 31.384404974124802 70.97366324015087 46.55238438119161 36.703091367229 36.32142857700051 40.002349174136754 14.899537385064782 59.208089540346904 62.04813375518113 27.41537710643562 44.0957014520738 67.12352832677274 52.60596576601296 46.40740382620103 6695.2157144180965 6774.666543566177 6716.663139238448
28.114835579367476 18.60616575275877 26.496034105631654 32.165275899395475 20.082556481133306 19.976098556726523 23.461129522210904 15.121200353069504 23.460876767061055 42.30972831816699 5.874351509254629 14.275099857106909 5.380526936924168 31.18523552280011 17.50306572211831 38.10438341246945 22.24070327157201 56.70783975450167 40.754842025753874 27.467639152216858 15.371345312360935 24.204878346813114 19.09857309099353 16.330052873594255 47.54099393974446 0.0 33.04403216614938 30.809917344344235 4.604211264959194 11.618125687835715 13.238915022995696 34.57276984081951 50.80922655295598 16.63755235990774 25.5404760681799 39.06830050469922 29.910579032143072 52.927123479822825 25.209936905071196 18.522724382900318 6698.420037971072 6778.454017588203 6720.267990879357
60.790750663836505 42.114856184336 9.540021970218259 63.30775935762873 13.02046111893484 50.19312688797329 53.62278312733902 45.29482926960259 55.293898143050725 25.15715657629845 27.17019839448983 24.501294118035673 29.266493938952706 27.840761755697525 16.81509501285791 22.49000716428422 13.65552737435893 25.17581004985085 26.270362430835537 7.949513481587855 23.621538750501475 34.61118515642764 51.86417111003638 46.845709327181964 31.384404974124802 33.04403216614938 0.0 63.59755287214855 29.328076073696142 22.769810551446316 20.41306917809655 8.681975908569186 43.591847443886344 49.47311410732357 57.08804789881155 7.068813732999216 13.28491467182573 36.27802981937904 52.48112666503842 44.47314292912473 6718.396617655737 6798.106401277185 6740.021958212662
2.9512597415789945 34.41503992310821 56.08714972355153 9.654377633065822 50.578347378514074 16.342856598932666 14.561346914716147 19.84564335820388 9.797792759763052 67.2783211258825 36.59402850216334 41.04762865594936 34.36761012164912 58.069996328127445 48.26939512598228 63.44173735851246 51.51629027631371 86.09505391784224 64.91881433069938 57.29849255133343 44.74752816059961 47.21471711490836 11.742472321555356 18.31507785434488 70.97366324015087 30.809917344344235 63.59755287214855 0.0 35.0808363180123 41.047457898806194 43.250466737640956 65.33792491822736 68.43387849251597 14.17633147949288 9.378273384161421 69.19267722296183 60.30477031274285 80.67399250783504 20.602610155047568 24.733839489133267 6675.757888231554 6756.048644724068 6697.782593289462
32.451690523418804 17.738639133370633 23.6124066656584 36.74729177209564 16.60961693586286 24.56565565927814 28.057920349423775 19.679734118708406 28.010697277869586 40.98065492798996 3.3317330927940176 13.920997248936526 6.160067460294758 26.830263769309173 13.215005608205688 36.764013921642814 19.705602222080543 53.56048357367345 39.71548663366824 24.401317711671435 10.815118424978253 20.816559244276746 23.444092513164478 20.91788852218943 46.55238438119161 4.604211264959194 29.328076073696142 35.0808363180123 0.0 9.85114677170945 10.670191355892225 30.263606736977334 51.1680272254129 20.962193633659126 30.110530723185036 35.6451349907204 25.389957795371675 48.382010410860445 29.618912350158077 22.630329024361068 6702.7706021218055 6782.785815742485 6724.60569970637
38.19115618723882 27.39397587255732 15.14279180452121 40.567410058616076 9.979740906393323 27.484342860122535 30.950830147200808 22.547796484599694 32.53503695236556 31.148326013310875 6.551731742243401 5.170401142277019 6.777310808944563 30.120858500797258 10.998513187094407 26.929966176357517 10.713313395414394 45.371646854064515 29.865623107362097 16.276008722920288 14.533421022481726 27.786855573713563 29.382687073435818 24.088906572305028 36.703091367229 11.618125687835715 22.769810551446316 41.047457898806194 9.85114677170945 0.0 2.5504125752274076 26.276602053640055 41.888959213616126 27.07396313126315 34.31824390760696 28.14579062807721 23.45561826274799 49.203139611924954 30.425591006559134 22.481230201052455 6701.323735332061 6781.219702197178 6723.076737240329
40.41860474190559 27.629822356916453 13.257169490935519 43.00573015280826 7.5030054721761426 29.949322372486407 33.42903901333861 24.99098175162237 34.8882617021556 30.548443918961084 7.625934212586647 6.947682950906164 8.882856620426912 28.229297978652884 8.716439973464794 26.351040437616675 9.086982527042537 43.481472530284044 29.495833570195906 14.258910617769605 13.186763822378616 26.791690698296055 31.543928898298688 26.51972927249816 36.32142857700051 13.238915022995696 20.41306917809655 43.250466737640956 10.670191355892225 2.5504125752274076 0.0 23.7289336237569 42.40367387964658 29.193898999223375 36.70829914386973 26.008266908385558 20.96920269817581 46.85458532651277 32.974248193743335 25.03164123953532 6703.71650131177 6783.60146379705 6725.461973148009
62.679025981872954 39.6343927953486 16.719976955011496 66.29515776916557 16.511866943785236 53.414810685574366 56.93204142690925 48.40620072357162 57.837775610943936 33.81408581055594 28.9454458440564 29.361244669903396 31.920627203636258 20.976179584950035 17.073302997146957 31.164334459894786 19.731161869654382 29.738415384002494 34.95090096251358 15.260916591676537 21.85509301448157 29.91138207966626 53.66203153681285 49.877176522363726 40.002349174136754 34.57276984081951 8.681975908569186 65.33792491822736 30.263606736977334 26.276602053640055 23.7289336237569 0.0 52.24171906408787 51.190560234558404 59.80992751916574 13.78638025404716 6.940608088615584 27.672620553428295 56.701983089140946 48.745432662707636 6725.555563512315 6805.3250903416 6747.222045843981
65.68241191171346 68.88322389002124 36.992379385421195 62.06178264646953 42.72224375216861 52.29476840903693 53.90578950332204 50.14174454951291 58.76761840107938 19.395429769914177 47.90379700265374 37.25898292424794 45.665354822609785 67.87235128332331 48.80360219843728 21.14834856904442 36.812012683380345 42.98316771824202 17.497651780908924 38.004641821979504 55.29341825131861 69.0678639447868 59.972287294419985 51.33941412397806 14.899537385064782 50.80922655295598 43.591847443886344 68.43387849251597 51.1680272254129 41.888959213616126 42.40367387964658 52.24171906408787 0.0 58.799025418685225 59.09032817218525 40.938429809588165 55.170763163149125 79.86517935547278 48.349600855575424 43.963942524416126 6680.316358151764 6759.767418581667 6701.763695186047
11.491108832917144 23.91999017304338 42.19631873557339 16.905776905572186 36.45340413364772 9.346276032397958 11.256891293773245 8.836621060044124 8.157732844173834 54.92386369925596 22.4197025142638 27.607422479972783 20.328149373379695 45.194299713924394 34.11753559641795 50.91049696085531 37.678408963041136 72.35781422298639 52.806456011894845 43.34977487790412 30.950883204340325 35.32735502703459 2.4877793010135356 8.010644960251371 59.208089540346904 16.63755235990774 49.47311410732357 14.17633147949288 20.962193633659126 27.07396313126315 29.193898999223375 51.190560234558404 58.799025418685225 0.0 10.411750001298252 55.19200191502683 46.29118270086253 67.68352904860066 16.660588183112168 15.65550722577277 6686.011849180876 6766.182287837103 6707.95366729263
6.828624904215487 34.1916646792066 48.95494043758347 6.671102809617027 44.19792672762504 7.46721954097513 5.188333249772119 11.897851351927427 2.257081998481106 58.61848154637655 30.895081430397276 33.48233541331114 27.991528512012884 55.38397152798393 42.858075788784525 54.896641651130345 44.334913326744804 78.51169639095883 56.15682238333978 50.27753007288553 40.604143993209284 45.73101290259809 8.365241815856717 10.3150818246062 62.04813375518113 25.5404760681799 57.08804789881155 9.378273384161421 30.110530723185036 34.31824390760696 36.70829914386973 59.80992751916574 59.09032817218525 10.411750001298252 0.0 62.206599569850724 55.43816870939919 77.76622179991816 11.324828413307651 15.644868315349424 6675.608077433182 6755.784275649514 6697.5537023749075
66.33102797610742 49.101188121954365 13.269670965802902 68.21466840411578 19.047928392231125 55.083717490902444 58.41804202183086 50.31843757225707 60.53061722697801 21.666851768534997 33.22250211835456 28.893521840305205 34.864179352329806 34.32133055053018 23.621664092100147 20.041661679962132 17.889594115828654 18.207166237810576 23.4720004869781 11.932727409277419 30.615468925468026 41.63332451126456 57.521763620764446 51.89561912310429 27.41537710643562 39.06830050469922 7.068813732999216 69.19267722296183 35.6451349907204 28.14579062807721 26.008266908385558 13.78638025404716 40.938429809588165 55.19200191502683 62.206599569850724 0.0 19.718118376487837 39.80264643198205 56.65693543772056 48.72897634473039 6718.725083670006 6798.34804678351 6740.290854567956
57.754794775033524 32.994110103897455 18.262951349733708 62.0372019105442 14.911441308213421 49.469463801265675 53.00057713083658 44.46456188252189 53.37109475509302 37.748057720965264 24.67982111471969 27.45902865678434 28.125244624683273 14.61436223044882 12.847457828778111 34.57518669554451 19.789040288372608 36.53273987168189 38.41816968648816 17.168424143369293 15.860724794685666 22.970775678740825 48.778649341103375 45.85305632084472 44.0957014520738 29.910579032143072 13.28491467182573 60.30477031274285 25.389957795371675 23.45561826274799 20.96920269817581 6.940608088615584 55.170763163149125 46.29118270086253 55.43816870939919 19.718118376487837 0.0 26.44822383107537 53.465627201385765 45.68181566593451 6724.5456531339005 6804.399403487757 6746.269998490525
78.55610150630484 47.56359444571251 43.99209072360895 84.42603312067217 41.34276533376813 72.87280224543773 76.32068110263405 68.0479778358832 75.5503813150814 61.12610479660763 48.81338166572581 53.61848297700719 52.686726864302344 22.604499525931892 38.2068538630806 58.73728958095821 46.13348771711877 49.83281773849722 62.47966736504277 42.65571433179075 37.56704212629183 34.17959656751784 70.0890747603204 69.2363458154714 67.12352832677274 52.927123479822825 36.27802981937904 80.67399250783504 48.382010410860445 49.203139611924954 46.85458532651277 27.672620553428295 79.86517935547278 67.68352904860066 77.76622179991816 39.80264643198205 26.44822383107537 0.0 77.90698754634785 70.52120705064073 6750.493659699521 6830.408060907721 6772.2601322412265
18.1531458543057 39.17495496672272 43.512232070728864 13.820255798014655 40.297298562223816 7.326983061030122 6.436695222443751 10.540662272593988 11.827326831887815 49.85040429494412 29.150806297066026 27.986279648124746 25.414121662236706 56.39419692233979 40.62382143343058 46.444365294885365 38.98299274236655 71.65170621329258 47.17868366529861 44.99185222156165 40.39716078550873 48.61946938183871 16.091238151956585 9.952788593821511 52.60596576601296 25.209936905071196 52.48112666503842 20.602610155047568 29.618912350158077 30.425591006559134 32.974248193743335 56.701983089140946 48.349600855575424 16.660588183112168 11.324828413307651 56.65693543772056 53.465627201385765 77.90698754634785 0.0 8.01220585210017 6673.213349867684 6753.254177842766 6695.065614984705
21.88259641116477 34.64395234943546 35.54705467481178 20.318562504722905 32.30958252032053 8.401631549650858 10.711153316615142 6.906728641525973 14.945940021320778 43.10030429405075 21.719825870285877 19.98520949691826 17.839588620430337 49.436144016743356 32.87126582718357 39.47796143357727 30.999575684554916 64.03270932394095 40.57905723928975 37.014616761578694 33.22081713532266 42.60193754918624 16.316416088187864 7.6825250704431545 46.40740382620103 18.522724382900318 44.47314292912473 24.733839489133267 22.630329024361068 22.481230201052455 25.03164123953532 48.745432662707636 43.963942524416126 15.65550722577277 15.644868315349424 48.72897634473039 45.68181566593451 70.52120705064073 8.01220585210017 0.0 6680.226134733806 6760.21891424859 6702.045421189934
6676.977132318213 6709.636395041835 6709.080801142848 6669.307174437129 6709.771041283688 6679.041666492463 6675.819723045617 6683.5237723495375 6677.856955325229 6699.0004646808475 6701.910187522493 6697.0886451917295 6697.96613382636 6729.593199758984 6712.305897634452 6699.254795252831 6705.829180509776 6723.160214222554 6696.439992623777 6710.633518715899 6713.446085896486 6721.215050892389 6683.920436981777 6682.551106215979 6695.2157144180965 6698.420037971072 6718.396617655737 6675.757888231554 6702.7706021218055 6701.323735332061 6703.71650131177 6725.555563512315 6680.316358151764 6686.011849180876 6675.608077433182 6718.725083670006 6724.5456531339005 6750.493659699521 6673.213349867684 6680.226134733806 0.0 104.96722984240014 51.52325604237855
6757.234985873117 6789.85080969754 6788.816547723797 6749.510646802478 6789.601199428531 6759.136462787387 6755.932468230082 6763.590674505198 6758.030634021291 6778.514435478851 6781.886068790229 6776.948543310344 6777.9345074023795 6809.614247794201 6792.208386936969 6778.82071002746 6785.605522203571 6802.565262074659 6775.973838300418 6790.364913188914 6793.439311741189 6801.346749475594 6764.107494552099 6762.633436259268 6774.666543566177 6778.454017588203 6798.106401277185 6756.048644724068 6782.785815742485 6781.219702197178 6783.60146379705 6805.3250903416 6759.767418581667 6766.182287837103 6755.784275649514 6798.34804678351 6804.399403487757 6830.408060907721 6753.254177842766 6760.21891424859 104.96722984240014 0.0 61.91252748945743
6698.979134668161 6731.608931496073 6730.72381627453 6691.271516872449 6731.4789301179535 6700.931214025936 6697.721591778077 6705.394167965073 6699.800878140364 6720.4911980807265 6723.718189262368 6718.816774058905 6719.768903985868 6751.432744890397 6734.063563095519 6720.781130564394 6727.500024761753 6744.5767612996815 6717.944302179852 6732.273570615842 6735.266213937445 6743.1307126263 6705.873686723101 6704.432117986485 6716.663139238448 6720.267990879357 6740.021958212662 6697.782593289462 6724.60569970637 6723.076737240329 6725.461973148009 6747.222045843981 6701.763695186047 6707.95366729263 6697.5537023749075 6740.290854567956 6746.269998490525 6772.2601322412265 6695.065614984705 6702.045421189934 51.52325604237855 61.91252748945743 0.0
