0.0 53.80774627567457 35.53112317651557 77.37953987680943 31.130472544781053 37.59337219603299 65.34888614200737 75.7394329373237 33.810961756662614 75.14464997663072 54.75942290206663 72.92974616348836 96.10371919830034 86.66323250130243 34.61719670969932 25.800285047397523 16.227593757356622 26.002485445174873 30.231248578863486 74.70547960482105 3.1055267639713287 56.90881863372024 33.594771153702055 83.30391588897018 43.12369603423992 38.94177493116751 58.24001219490369 79.86562514136553 39.61128973059812 74.34089981019268 53.53230628254493 69.74933733169871 84.54047481697938 42.2503192564853 25.829540380855097 27.272297207136603 19.33104435011397 26.791036451729173 37.64729745144853 71.63008582330042 23.9933907910401 33.010326379509095 61.21058244544 36.15386153826129 41.192451862087474 39.82530147125552 26.316782316337335 8.822436981917384
53.80774627567457 0.0 45.78618277917402 25.897020216250443 33.48431550601882 20.637456889252977 21.520685483979012 60.05846286297024 52.0135853090658 50.62755021275294 1.5559274359532425 56.69061578818813 44.62505330839491 34.015765517881604 19.206040173546715 31.22307897044714 37.83624979794521 41.971764620921505 74.11992319687518 21.348128209243303 52.00212687431932 3.302747170163855 48.245882946221315 30.279430597293384 33.556609252868206 21.56913547808572 20.45711106065805 58.138541039661604 49.66836020924427 32.135910567330896 2.365339377602583 57.3742510392358 33.69253114172605 15.83023870577467 34.34942757568565 30.89990274250777 35.271922385630866 45.527928204317796 79.20066203820456 18.427664054758225 33.43965361401499 23.071669845961146 17.37047587373536 75.491275216741 45.76794188238469 63.48943701590071 65.94234898501315 51.44591463581791
35.53112317651557 45.78618277917402 0.0 59.66138755241692 13.619238512031064 25.716101428568166 44.30491628422198 40.50821847461882 61.75802811468568 41.86228549510133 47.30850103874776 37.90476234391262 75.86962199056885 69.37470870398289 33.133518831429335 21.105612008097182 27.69387669712119 10.360788269081937 35.04454091175725 60.66912262003654 36.732607189264556 47.449182616839764 3.4028178610609285 67.21902744485857 14.88082917114167 24.289409213722482 36.627313187076595 45.427741258883614 64.9224937020944 49.52787357906778 44.03535422795346 34.38652424938672 64.87036932019599 45.173428107918404 16.887284083325632 19.763898339894656 25.4940306935433 8.74190377134532 37.49112762022282 57.738635316501934 20.222930473879966 25.653380888825552 41.933915572756895 33.24042847493209 64.08757131663428 17.825970369891905 61.18027933084091 26.98602018714757
77.37953987680943 25.897020216250443 59.66138755241692 0.0 51.07063791441073 40.29498960682457 15.661461269055993 55.40055303774201 77.76042175701716 43.10480078872242 25.743126634983053 52.66896307550495 18.923687539666858 9.773790951345376 43.446612975158644 52.392342781620705 61.155105764861034 59.90573777663796 92.8848064818085 7.8841985038556635 76.00172774300471 22.640230045726504 62.84976015186861 7.849934000065469 44.851640105872605 39.63935641835803 23.073920042471357 50.17422297244884 74.97305984182255 17.445534496742372 25.117795477987084 55.48625410679904 7.8149352427761185 41.64705980046554 54.17330926089148 51.39882641625587 58.10293681336034 62.772682287671024 96.64472942678945 8.880075461818505 54.52701689415426 44.51464720024136 17.801762160412537 92.52907704182184 70.81660193356396 76.93892470708292 91.69844636748113 73.4174116553149
31.130472544781053 33.48431550601882 13.619238512031064 51.07063791441073 0.0 12.86447702938211 36.84195664184001 46.8383209252049 51.04096299447988 44.44206820582404 34.94422765036058 43.70410286714953 68.73990856642591 60.8233476407478 19.514305221453096 8.603737097601494 18.118288180254876 8.892709592755754 41.91325024681373 50.664254600453695 31.183716212528395 35.5708626987443 15.291667313256655 58.13780911017439 12.203515422001386 12.15672528867843 29.157024779197087 49.77944792377343 53.31630261932451 44.460302645530454 32.0087969135394 41.40334656532244 57.28161872572972 31.56028515611166 5.663433588134333 6.863421142447619 15.002664847053707 12.15630290017726 46.232675360986484 47.597848513219844 8.77060814005308 12.06261573814671 33.44942313344638 42.33733455578537 51.95379476877705 30.435330013771445 54.11096376529578 24.41740071451673
37.59337219603299 20.637456889252977 25.716101428568166 40.29498960682457 12.86447702938211 0.0 27.77831897089296 50.20650587701955 48.241984809758385 44.521217511014065 22.08629116360214 46.81586816062406 58.741493545870675 49.86700621108245 10.05254787370814 12.105192862034722 21.627692273207415 21.375743462464012 53.947194254445854 38.830990440722395 36.61692729601859 22.839759565001142 27.888171069559206 46.8354520197219 16.48655781926654 2.6048527644553423 20.933671642012108 51.10650022814227 48.80954059847343 37.192597503261574 19.246324484188946 45.80475330084901 47.16164362487815 20.720822520287747 14.206128170793761 11.145483206465423 18.318948887846297 24.895730932753494 58.726479990880094 35.72244811025658 14.232386865192563 4.876120700616549 23.62223070975807 54.94331199682185 46.41750040818331 43.13444206214083 56.1370386825914 33.12393298575813
65.34888614200737 21.520685483979012 44.30491628422198 15.661461269055993 36.84195664184001 27.77831897089296 0.0 42.79493346990701 71.52148850304486 31.541001507275293 22.33368567725625 39.717516873113546 31.951077814058152 25.182654721518865 33.658919547907686 39.638569756405346 49.391742546895145 45.46586943207964 78.17321929735212 19.0899483683184 64.38988954135445 19.376545441505993 47.559835914323635 23.473117736595754 29.43103488169686 26.467934469114436 7.777440108849377 39.07864897844694 70.08579014108395 10.800402553869748 19.534323695957358 41.78415974589244 20.645339720338235 36.12296686857269 40.66259477341889 38.35220184718257 46.09722108441566 48.055951626841804 81.56677719470707 17.04114345160292 41.61433259423501 32.50139306697343 4.630725835259361 77.39194111321702 66.50580830209724 61.38608971638944 82.74255724594965 60.35479451457477
75.7394329373237 60.05846286297024 40.50821847461882 55.40055303774201 46.8383209252049 50.20650587701955 42.79493346990701 0.0 97.3407800304409 12.66057193184009 61.40750589861613 3.4300602021344786 62.58345944209458 62.37665484611482 60.24052289684312 55.11822412988687 64.91637585928274 49.76714654862606 70.90407851082206 61.19618484758067 76.60373065032498 59.35065510003737 43.066107500838754 62.6361664849901 35.22958892226801 47.60204547787741 39.96804796131555 8.2137825863697 98.72228603940943 38.109252700123854 57.693606910630834 6.294523711620864 55.68424584186629 69.38001106649264 52.43437217361065 53.250690144445194 61.840562042356595 49.157775484946555 70.17765007580304 59.608337520459784 55.6020215234693 53.88504765415552 44.735549449025 66.04377609840759 96.56824105437276 46.98876684431639 100.56113597584068 67.4012329115512
33.810961756662614 52.0135853090658 61.75802811468568 77.76042175701716 51.04096299447988 48.241984809758385 71.52148850304486 97.3407800304409 0.0 92.72080854866243 52.03245472080647 94.06280749491273 96.10091787344994 85.00851653903499 39.02540900333166 42.478254124564074 34.06432229912177 51.48343229104503 63.81392392961371 72.11726394760638 30.82822774922649 55.18836837618599 61.22109843268668 81.02282783470467 62.119067301101 50.748115734911686 66.86121425082733 99.10880869763186 7.11306598078732 82.22975795213634 53.21037850417622 92.2268384102251 85.57515232178311 36.18353232634917 45.81468577135184 44.305132729491895 36.465445171165136 54.14211596758573 71.30795663270084 69.60133077039409 42.41714673148155 43.89561635567649 66.89512582281408 69.9614178075589 11.1212416151599 71.53673589774297 20.3911870515307 40.8306608346331
75.14464997663072 50.62755021275294 41.86228549510133 43.10480078872242 44.44206820582404 44.521217511014065 31.541001507275293 12.66057193184009 92.72080854866243 0.0 51.84535708159039 10.6879036742816 49.98251668275869 49.78793516562609 54.19053474234945 51.883651440239106 62.31633223978766 49.47026786852319 75.38383649655633 49.259947871116616 75.5012014258889 49.4467481005395 44.96360682870059 50.177903833109006 32.238622566216286 41.98478385085738 30.170453799882466 7.574750320369521 93.24519928550583 25.6936680071647 48.29929943087208 15.05461612564106 43.064908027528325 61.82050479447939 50.075195906167366 50.029467155845246 59.00013362865037 49.82297051522216 75.85321959257 47.901041135467224 52.84741271625032 48.840224182016954 34.16037021938354 71.56725725993678 90.60339286551063 52.534530284307735 98.437228037424 67.44737560943159
54.75942290206663 1.5559274359532425 47.30850103874776 25.743126634983053 34.94422765036058 22.08629116360214 22.33368567725625 61.40750589861613 52.03245472080647 51.84535708159039 0.0 58.048400350648315 44.32855781839003 33.56990077755274 20.219431494895495 32.503257965999396 38.86883531293988 43.38970248279856 75.43650466831627 20.786153786268528 52.894971853385776 3.2308981014642244 49.75044463699677 29.763822155346908 35.112518053930245 23.071906463775463 21.686952481602003 59.372331273778364 49.482902472976754 32.83368061059084 3.8008145474881276 58.7915031207185 33.55680471719097 15.908398033941154 35.70333950831523 32.22949395725169 36.37523957470667 46.96294147089885 80.5732253520891 17.954782174309713 34.7143107381559 24.387549916241454 18.324998940468088 76.88438426457449 45.49712958252279 64.9979686047342 66.34765322299891 52.58221393205309
72.92974616348836 56.69061578818813 37.90476234391262 52.66896307550495 43.70410286714953 46.81586816062406 39.717516873113546 3.4300602021344786 94.06280749491273 10.6879036742816 58.048400350648315 0.0 60.59245342758692 59.905474434562755 56.84374733050109 51.91854633781233 61.80782940362656 46.9304633665263 69.13449443224192 58.2785402108415 73.71749929395365 56.02423556193543 40.58611268729473 60.012899013371744 31.98079835888817 44.211068494475484 36.66773365135731 8.521279235830953 95.37976277676077 35.50989624585939 54.32536919427407 4.944104724878261 53.278545113523265 65.9502691601848 49.323473742838914 50.04774287725722 58.698082392252616 46.479206562720655 68.734429166392 56.612388440472124 52.45468954739137 50.533922949838605 41.521653933145124 64.54585454962354 93.19509615412511 45.42282149981936 97.56068222717262 64.67845472139749
96.10371919830034 44.62505330839491 75.86962199056885 18.923687539666858 68.73990856642591 58.741493545870675 31.951077814058152 62.58345944209458 96.10091787344994 49.98251668275869 44.32855781839003 60.59245342758692 0.0 11.35251966856268 62.357601453358406 70.83616825974086 79.8998693608262 77.41071165341083 110.09481848062688 24.039131788688984 94.80562312825599 41.33265400663485 79.1928765570026 15.409919288236573 61.02272590098718 57.84394571888483 39.717851505281054 55.623984934154045 92.9066977947078 27.2945021829034 43.98572592969937 64.46107780646261 11.58002402391287 60.203722813436386 72.30151004147648 69.7277687996685 76.78604622678526 79.99671762566902 113.30802531714373 26.50457457684944 72.92209977428183 63.13234496049065 35.38259582035657 109.09000120569468 88.58619437586113 92.38167899852337 110.54247259866771 91.80754677556696
86.66323250130243 34.015765517881604 69.37470870398289 9.773790951345376 60.8233476407478 49.86700621108245 25.182654721518865 62.37665484611482 85.00851653903499 49.78793516562609 33.56990077755274 59.905474434562755 11.35251966856268 0.0 52.400922157317076 61.93692135821681 70.43954435846635 69.66753758753818 102.6546510244714 12.903325600883072 85.1763432253477 30.71440612958727 72.58074443354879 4.059949766082084 54.537470900478105 49.30825330326418 32.753096810927985 56.378473692907406 81.67045955054905 24.480614005309388 33.63626299095542 63.15054978397681 6.842816561295606 49.32369213858538 63.83885471694008 60.99939853810216 67.46227665959314 72.54569731298801 106.41175682890224 15.615128526277044 64.09229405323357 53.96540223359393 27.56959133945496 102.29034846679099 77.31614521812462 86.56489042216309 99.91710231805419 82.95864028802231
34.61719670969932 19.206040173546715 33.133518831429335 43.446612975158644 19.514305221453096 10.05254787370814 33.658919547907686 60.24052289684312 39.02540900333166 54.19053474234945 20.219431494895495 56.84374733050109 62.357601453358406 52.400922157317076 0.0 13.744820744818176 18.649477558055747 26.188068679173313 56.24833195381138 40.17189060013665 32.893300202105415 22.29193635249086 34.62909380901723 48.89698943250901 26.27709934669504 12.650203109623373 28.106034113116547 60.94149146698806 39.06269044140297 44.00723562812965 18.947954894298125 55.85422146429177 50.93748184277538 12.074300913004485 17.790036151316063 14.207432235629849 16.250314096612765 29.955619205116076 61.93364284726598 37.12383410656184 15.760958863938571 7.583730567534143 29.089254704994232 58.53911274537805 36.48070935868324 49.45387466397579 49.10710719025798 32.495596184851
25.800285047397523 31.22307897044714 21.105612008097182 52.392342781620705 8.603737097601494 12.105192862034722 39.638569756405346 55.11822412988687 42.478254124564074 51.883651440239106 32.503257965999396 51.91854633781233 70.83616825974086 61.93692135821681 13.744820744818176 0.0 10.6065220660436 12.690573199155697 42.966749052899594 50.67711010851613 25.145746435371688 33.87929907349791 21.89780170278831 58.8450948507844 19.994590612388553 13.174631913423946 32.44418389157867 57.621596604302475 44.72084558211603 48.54919943085536 30.28228737226881 49.82390076024513 59.25726670922344 25.520584460144686 4.346207195193348 1.8744951606369302 7.194883633679208 16.437006236408596 48.368848669349255 47.5633993701876 2.2234661473815134 8.214665832119621 35.62309686488462 44.88110976180264 43.432446139501316 36.148223533198 46.62641523925921 21.026296543619182
16.227593757356622 37.83624979794521 27.69387669712119 61.155105764861034 18.118288180254876 21.627692273207415 49.391742546895145 64.91637585928274 34.06432229912177 62.31633223978766 38.86883531293988 61.80782940362656 79.8998693608262 70.43954435846635 18.649477558055747 10.6065220660436 0.0 17.44243062625666 39.435926219968586 58.544231145287405 15.002485294164872 40.86745413220629 27.26251013934872 67.09821073034855 30.1875627471663 23.231389440224486 42.50289737831677 67.85469755523707 37.484970848047205 58.7276341440995 37.43295415693598 59.378796369390564 68.34462519336043 27.804570253285522 12.484535258280712 12.38757940020291 3.4306104869858065 20.31514911129601 45.89855176656915 55.458941364557695 9.47265148268803 16.90774012696567 45.15718897299094 43.08305248856426 37.13673850863378 39.0438154280268 36.1215715968162 14.280596120772078
26.002485445174873 41.971764620921505 10.360788269081937 59.90573777663796 8.892709592755754 21.375743462464012 45.46586943207964 49.76714654862606 51.48343229104503 49.47026786852319 43.38970248279856 46.9304633665263 77.41071165341083 69.66753758753818 26.188068679173313 12.690573199155697 17.44243062625666 0.0 33.02582458608195 59.55319726185957 26.861559792626135 44.212166835872836 9.891976782717439 67.01632812172015 18.314323363603123 20.965603907906623 37.7216418686077 53.91580340271091 54.8538811056511 52.56418046715204 40.62180707236995 43.83612868677482 66.00320788258662 38.13799740519795 8.422679117252322 11.980668058041372 15.52734251353355 3.7682114012114334 37.40612225740748 56.483769632065886 11.153684546361461 19.45748079899059 42.22262559537865 33.57484912755454 54.24340276759159 23.463009742953734 51.106794989653544 17.981628490423073
30.231248578863486 74.11992319687518 35.04454091175725 92.8848064818085 41.91325024681373 53.947194254445854 78.17321929735212 70.90407851082206 63.81392392961371 75.38383649655633 75.43650466831627 69.13449443224192 110.09481848062688 102.6546510244714 56.24833195381138 42.966749052899594 39.435926219968586 33.02582458608195 0.0 92.53319523558626 33.322736482867775 76.63785231616659 31.644779080232247 100.04005142888819 49.38465758668849 53.85988627300581 70.39601683641918 77.4601288517071 69.81505735214203 84.3566740892397 73.02595362652522 64.65193748759455 98.80082459461467 66.93539519506167 39.825022494891584 43.221943920617704 40.58725668132975 30.137927829588946 7.533355252290703 89.45144277509301 40.77684959544896 51.05109329893857 75.14223343266913 7.7097671615602845 71.3981145202776 24.133199184181592 51.92773875937705 25.655369263019335
74.70547960482105 21.348128209243303 60.66912262003654 7.8841985038556635 50.664254600453695 38.830990440722395 19.0899483683184 61.19618484758067 72.11726394760638 49.259947871116616 20.786153786268528 58.2785402108415 24.039131788688984 12.903325600883072 40.17189060013665 50.67711010851613 58.544231145287405 59.55319726185957 92.53319523558626 0.0 73.06217225555876 18.072844357879763 63.68121842840203 8.993803086232822 46.239203785259555 38.68478691849712 25.18156741511442 56.55853187046519 68.86871697205794 24.085133431199022 21.23229350386489 60.67027009347389 14.623636286399194 36.44456866219752 53.021983071830334 49.934503384199786 55.71745758327177 62.7105709861303 96.8230870003346 3.1137120424190363 52.87974678756128 42.5269285550644 19.370446936478405 92.83323739383763 64.5619400374722 78.33382549528551 87.105327154446 71.56465255996052
3.1055267639713287 52.00212687431932 36.732607189264556 76.00172774300471 31.183716212528395 36.61692729601859 64.38988954135445 76.60373065032498 30.82822774922649 75.5012014258889 52.894971853385776 73.71749929395365 94.80562312825599 85.1763432253477 32.893300202105415 25.145746435371688 15.002485294164872 26.861559792626135 33.322736482867775 73.06217225555876 0.0 55.15291035605014 35.025793793159814 81.74548356622464 43.32463136774093 38.13636244809884 57.44279241325971 80.45244952387803 36.54692163882035 73.63178519533211 51.84118880045166 70.697104589999 83.26783289399978 39.92369098667029 25.696440363840768 26.742485123502846 18.30778353682492 28.044572384403576 40.72509016231463 70.00660963291274 23.513307120497224 31.9098794619953 60.15883267099418 39.17086174796127 38.09043230612443 42.15189592273265 24.54952733073912 10.83100771669488
56.90881863372024 3.302747170163855 47.449182616839764 22.640230045726504 35.5708626987443 22.839759565001142 19.376545441505993 59.35065510003737 55.18836837618599 49.4467481005395 3.2308981014642244 56.02423556193543 41.33265400663485 30.71440612958727 22.29193635249086 33.87929907349791 40.86745413220629 44.212166835872836 76.63785231616659 18.072844357879763 55.15291035605014 0.0 50.04279557420166 26.987678437076887 34.61537698856829 23.481527473297643 19.41985003657348 57.001761960514116 52.701124498411616 29.75305768950095 3.611915382915959 56.98787059680558 30.44546927964396 19.023317609734274 36.815009521902695 33.440476002142034 38.220922207268075 47.69456884197568 81.55736333885854 15.133211863982254 36.102298666963655 25.676249884825314 15.56523141103111 77.7829305965154 48.72593966596666 65.23662844919572 69.24339264586357 54.3315568095922
33.594771153702055 48.245882946221315 3.4028178610609285 62.84976015186861 15.291667313256655 27.888171069559206 47.559835914323635 43.066107500838754 61.22109843268668 44.96360682870059 49.75044463699677 40.58611268729473 79.1928765570026 72.58074443354879 34.62909380901723 21.89780170278831 27.26251013934872 9.891976782717439 31.644779080232247 63.68121842840203 35.025793793159814 50.04279557420166 0.0 70.36538027014777 18.173918702227276 26.67854147816133 39.85383556910935 48.285330927175174 64.72223431303279 52.91323387117862 46.576763871615654 36.868358577130486 68.15328689879246 46.70337512933919 17.56231999392213 20.777775386394566 25.417830999032592 7.1681936356517335 34.134081394880404 60.72386501430654 20.7021034057608 27.312487650879547 45.08854444262557 29.898651561806375 64.13485600324665 15.256387498791613 59.5661836883621 24.884800666951534
83.30391588897018 30.279430597293384 67.21902744485857 7.849934000065469 58.13780911017439 46.8354520197219 23.473117736595754 62.6361664849901 81.02282783470467 50.177903833109006 29.763822155346908 60.012899013371744 15.409919288236573 4.059949766082084 48.89698943250901 58.8450948507844 67.09821073034855 67.01632812172015 100.04005142888819 8.993803086232822 81.74548356622464 26.987678437076887 70.36538027014777 0.0 52.47149603994832 46.424677084883136 30.748495877141202 57.03178158900426 77.63706037120862 24.526996561768442 30.026501268858585 63.004786282538795 8.715735465197023 45.4350374711895 60.918817663535634 57.98091196089171 64.18229383744367 70.00031163835165 103.99686115509184 11.855632632062857 61.021962553659826 50.790909893447264 25.2851710203191 99.91962895487531 73.27271510285998 84.60716093503898 96.09637145421932 79.83585470786124
43.12369603423992 33.556609252868206 14.88082917114167 44.851640105872605 12.203515422001386 16.48655781926654 29.43103488169686 35.22958892226801 62.119067301101 32.238622566216286 35.112518053930245 31.98079835888817 61.02272590098718 54.537470900478105 26.27709934669504 19.994590612388553 30.1875627471663 18.314323363603123 49.38465758668849 46.239203785259555 43.32463136774093 34.61537698856829 18.173918702227276 52.47149603994832 0.0 14.093270572494738 21.78537752169656 37.67611139282941 63.704725410161544 34.97874426901052 31.505089451925997 30.18853927030299 49.99031213912797 37.15736934986205 17.84481086321908 18.12010173488633 26.94453659278405 19.864535677629306 52.28824703461857 43.39425421377464 20.72359173452437 19.18219838658557 27.21091875188591 48.06757269911231 61.8148345295743 32.159576647199124 66.26998369464187 35.882162691645604
38.94177493116751 21.56913547808572 24.289409213722482 39.63935641835803 12.15672528867843 2.6048527644553423 26.467934469114436 47.60204547787741 50.748115734911686 41.98478385085738 23.071906463775463 44.211068494475484 57.84394571888483 49.30825330326418 12.650203109623373 13.174631913423946 23.231389440224486 20.965603907906623 53.85988627300581 38.68478691849712 38.13636244809884 23.481527473297643 26.67854147816133 46.424677084883136 14.093270572494738 0.0 19.31251636286081 48.53022600437094 51.391146354603684 35.50245113585918 19.956160482556605 43.216822290768135 46.27981754842014 23.0650882001615 14.534209598191106 11.910828358722837 19.84830201344186 24.313026797838422 58.3651296439945 35.59639647927439 15.154679645258936 7.0344550388144516 22.517779180139552 54.490265679724814 49.01913314125791 41.92743201544714 58.23701320687412 33.9818951992125
58.24001219490369 20.45711106065805 36.627313187076595 23.073920042471357 29.157024779197087 20.933671642012108 7.777440108849377 39.96804796131555 66.86121425082733 30.170453799882466 21.686952481602003 36.66773365135731 39.717851505281054 32.753096810927985 28.106034113116547 32.44418389157867 42.50289737831677 37.7216418686077 70.39601683641918 25.18156741511442 57.44279241325971 19.41985003657348 39.85383556910935 30.748495877141202 21.78537752169656 19.31251636286081 0.0 37.68712733458779 66.08688789109709 16.262130634382643 18.132147083313566 37.90252225024794 28.41844287380001 32.81571064702945 33.17172745306987 31.05274102724702 39.14219107642004 40.281557231922335 73.81469800403957 22.619733152839128 34.33522810417406 25.781869823747186 5.827821651325638 69.65045153938722 62.84279872479249 53.87078846539728 76.75818549926412 52.91649230910714
79.86562514136553 58.138541039661604 45.427741258883614 50.17422297244884 49.77944792377343 51.10650022814227 39.07864897844694 8.2137825863697 99.10880869763186 7.574750320369521 59.372331273778364 8.521279235830953 55.623984934154045 56.378473692907406 60.94149146698806 57.621596604302475 67.85469755523707 53.91580340271091 77.4601288517071 56.55853187046519 80.45244952387803 57.001761960514116 48.285330927175174 57.03178158900426 37.67611139282941 48.53022600437094 37.68712733458779 0.0 99.91538616171353 32.73003347586305 55.80278111593784 13.407326850396483 49.57742162041378 69.00873101202986 55.44283111212059 55.749946120772606 64.62031573137952 53.81033786866728 77.20272752289596 55.29871180439825 58.39787877567283 55.234898303837035 41.735003274358775 72.99894058123476 97.41803447401892 53.86634944737448 103.88670792979858 71.83958633807836
39.61128973059812 49.66836020924427 64.9224937020944 74.97305984182255 53.31630261932451 48.80954059847343 70.08579014108395 98.72228603940943 7.11306598078732 93.24519928550583 49.482902472976754 95.37976277676077 92.9066977947078 81.67045955054905 39.06269044140297 44.72084558211603 37.484970848047205 54.8538811056511 69.81505735214203 68.86871697205794 36.54692163882035 52.701124498411616 64.72223431303279 77.63706037120862 63.704725410161544 51.391146354603684 66.08688789109709 99.91538616171353 0.0 80.87803047192465 51.12208529247022 93.8887027930403 82.75718904865302 34.052807940131586 48.43078121825974 46.462914967370494 39.42882386362759 57.79787105036943 77.25567747699483 66.53208379428683 45.000257598626035 44.849572756956924 65.50385364596552 75.68373889867311 4.744424715850456 75.97109954967536 27.381911552409864 45.97952657236082
74.34089981019268 32.135910567330896 49.52787357906778 17.445534496742372 44.460302645530454 37.192597503261574 10.800402553869748 38.109252700123854 82.22975795213634 25.6936680071647 32.83368061059084 35.50989624585939 27.2945021829034 24.480614005309388 44.00723562812965 48.54919943085536 58.7276341440995 52.56418046715204 84.3566740892397 24.085133431199022 73.63178519533211 29.75305768950095 52.91323387117862 24.526996561768442 34.97874426901052 35.50245113585918 16.262130634382643 32.73003347586305 80.87803047192465 0.0 30.240742237538004 38.670179144326084 18.060732825143788 46.92314142264 48.94047800458532 47.07990369319125 55.35068670838918 54.66354621512114 86.99031349002166 23.260444663465684 50.3647897769479 42.043919343854526 15.377390061259545 82.71231704842633 77.30614235666131 65.42636867248457 92.92176009545022 68.67087490007204
53.53230628254493 2.365339377602583 44.03535422795346 25.117795477987084 32.0087969135394 19.246324484188946 19.534323695957358 57.693606910630834 53.21037850417622 48.29929943087208 3.8008145474881276 54.32536919427407 43.98572592969937 33.63626299095542 18.947954894298125 30.28228737226881 37.43295415693598 40.62180707236995 73.02595362652522 21.23229350386489 51.84118880045166 3.611915382915959 46.576763871615654 30.026501268858585 31.505089451925997 19.956160482556605 18.132147083313566 55.80278111593784 51.12208529247022 30.240742237538004 0.0 55.01626198230102 32.84865990810009 17.104130767975334 33.20314175790367 29.830601548147193 34.728411928691514 44.118778838785516 77.95449623758152 18.203887492631605 32.50563015290051 22.074949770599932 15.260363799638675 74.18839010949647 47.32612509528322 61.79413134830684 66.58066356496214 50.79647570465059
69.74933733169871 57.3742510392358 34.38652424938672 55.48625410679904 41.40334656532244 45.80475330084901 41.78415974589244 6.294523711620864 92.2268384102251 15.05461612564106 58.7915031207185 4.944104724878261 64.46107780646261 63.15054978397681 55.85422146429177 49.82390076024513 59.378796369390564 43.83612868677482 64.65193748759455 60.67027009347389 70.697104589999 56.98787059680558 36.868358577130486 63.004786282538795 30.18853927030299 43.216822290768135 37.90252225024794 13.407326850396483 93.8887027930403 38.670179144326084 55.01626198230102 0.0 56.644665677332064 65.56849589039521 46.92898684946268 47.971188110251845 56.38382353614452 43.07733958200305 64.04538377464775 58.812286199330806 50.17093804532412 49.189377393010886 43.10605690837874 59.88549734839956 91.92038828111755 40.79512948547911 94.79385307136785 61.3376635053204
84.54047481697938 33.69253114172605 64.87036932019599 7.8149352427761185 57.28161872572972 47.16164362487815 20.645339720338235 55.68424584186629 85.57515232178311 43.064908027528325 33.55680471719097 53.278545113523265 11.58002402391287 6.842816561295606 50.93748184277538 59.25726670922344 68.34462519336043 66.00320788258662 98.80082459461467 14.623636286399194 83.26783289399978 30.44546927964396 68.15328689879246 8.715735465197023 49.99031213912797 46.27981754842014 28.41844287380001 49.57742162041378 82.75718904865302 18.060732825143788 32.84865990810009 56.644665677332064 0.0 49.458628323756315 60.755166062763216 58.15588573915204 65.21811853383598 68.67096793524415 102.20043995881015 16.379620389395306 61.345859401352854 51.55866398017384 23.860461606776102 98.01520676192504 78.57684251749127 81.70936100575094 99.41085279265445 80.2341246533338
42.2503192564853 15.83023870577467 45.173428107918404 41.64705980046554 31.56028515611166 20.720822520287747 36.12296686857269 69.38001106649264 36.18353232634917 61.82050479447939 15.908398033941154 65.9502691601848 60.203722813436386 49.32369213858538 12.074300913004485 25.520584460144686 27.804570253285522 38.13799740519795 66.93539519506167 36.44456866219752 39.92369098667029 19.023317609734274 46.70337512933919 45.4350374711895 37.15736934986205 23.0650882001615 32.81571064702945 69.00873101202986 34.052807940131586 46.92314142264 17.104130767975334 65.56849589039521 49.458628323756315 0.0 29.71569409502595 26.181856102378127 26.348173595432602 41.904147653727144 73.0035389197786 33.74335250089039 27.371732266033707 19.531113513014553 31.58728326660875 69.80498729191932 30.383344114956223 61.48958799132928 50.76037079998206 42.08341241281143
25.829540380855097 34.34942757568565 16.887284083325632 54.17330926089148 5.663433588134333 14.206128170793761 40.66259477341889 52.43437217361065 45.81468577135184 50.075195906167366 35.70333950831523 49.323473742838914 72.30151004147648 63.83885471694008 17.790036151316063 4.346207195193348 12.484535258280712 8.422679117252322 39.825022494891584 53.021983071830334 25.696440363840768 36.815009521902695 17.56231999392213 60.918817663535634 17.84481086321908 14.534209598191106 33.17172745306987 55.44283111212059 48.43078121825974 48.94047800458532 33.20314175790367 46.92898684946268 60.755166062763216 29.71569409502595 0.0 3.6109505404163644 9.472651482687946 12.188482584242506 44.880975687879655 49.91630781519315 3.4306104869857266 11.380905569259147 36.924042076756876 41.25578268856335 47.34995798165866 31.844338807837104 48.44802041937487 19.75466034099998
27.272297207136603 30.89990274250777 19.763898339894656 51.39882641625587 6.863421142447619 11.145483206465423 38.35220184718257 53.250690144445194 44.305132729491895 50.029467155845246 32.22949395725169 50.04774287725722 69.7277687996685 60.99939853810216 14.207432235629849 1.8744951606369302 12.38757940020291 11.980668058041372 43.221943920617704 49.934503384199786 26.742485123502846 33.440476002142034 20.777775386394566 57.98091196089171 18.12010173488633 11.910828358722837 31.05274102724702 55.749946120772606 46.462914967370494 47.07990369319125 29.830601548147193 47.971188110251845 58.15588573915204 26.181856102378127 3.6109505404163644 0.0 9.00169038316853 15.748397421310397 48.40467900271223 46.82263558881335 3.285821326221959 7.84933448115602 34.427259606908315 44.816618403034404 45.09546782262482 35.3197037241196 48.456788672879476 22.080816953332338
19.33104435011397 35.271922385630866 25.4940306935433 58.10293681336034 15.002664847053707 18.318948887846297 46.09722108441566 61.840562042356595 36.465445171165136 59.00013362865037 36.37523957470667 58.698082392252616 76.78604622678526 67.46227665959314 16.250314096612765 7.194883633679208 3.4306104869858065 15.52734251353355 40.58725668132975 55.71745758327177 18.30778353682492 38.220922207268075 25.417830999032592 64.18229383744367 26.94453659278405 19.84830201344186 39.14219107642004 64.62031573137952 39.42882386362759 55.35068670838918 34.728411928691514 56.38382353614452 65.21811853383598 26.348173595432602 9.472651482687946 9.00169038316853 0.0 18.762010336323023 46.736058570339814 52.619422272400136 6.244688771721798 13.680156823650622 41.90594011003502 43.68255844023674 38.71737818544525 38.09234003235534 39.459153020897745 16.245303466648487
26.791036451729173 45.527928204317796 8.74190377134532 62.772682287671024 12.15630290017726 24.895730932753494 48.055951626841804 49.157775484946555 54.14211596758573 49.82297051522216 46.96294147089885 46.479206562720655 79.99671762566902 72.54569731298801 29.955619205116076 16.437006236408596 20.31514911129601 3.7682114012114334 30.137927829588946 62.7105709861303 28.044572384403576 47.69456884197568 7.1681936356517335 70.00031163835165 19.864535677629306 24.313026797838422 40.281557231922335 53.81033786866728 57.79787105036943 54.66354621512114 44.118778838785516 43.07733958200305 68.67096793524415 41.904147653727144 12.188482584242506 15.748397421310397 18.762010336323023 0.0 34.118719269309665 59.66087968036126 14.82864454526502 23.177427643248198 45.01128339889729 30.188211778566735 57.37472060733851 19.751025435312382 52.54401133929265 18.262391924683783
37.64729745144853 79.20066203820456 37.49112762022282 96.64472942678945 46.232675360986484 58.726479990880094 81.56677719470707 70.17765007580304 71.30795663270084 75.85321959257 80.5732253520891 68.734429166392 113.30802531714373 106.41175682890224 61.93364284726598 48.368848669349255 45.89855176656915 37.40612225740748 7.533355252290703 96.8230870003346 40.72509016231463 81.55736333885854 34.134081394880404 103.99686115509184 52.28824703461857 58.3651296439945 73.81469800403957 77.20272752289596 77.25567747699483 86.99031349002166 77.95449623758152 64.04538377464775 102.20043995881015 73.0035389197786 44.880975687879655 48.40467900271223 46.736058570339814 34.118719269309665 0.0 93.77764279903298 46.23909270130607 56.24816057348932 78.84318160453462 4.328727475409284 78.75390715025587 23.367943489886272 59.35381170129 32.553599547627115
71.63008582330042 18.427664054758225 57.738635316501934 8.880075461818505 47.597848513219844 35.72244811025658 17.04114345160292 59.608337520459784 69.60133077039409 47.901041135467224 17.954782174309713 56.612388440472124 26.50457457684944 15.615128526277044 37.12383410656184 47.5633993701876 55.458941364557695 56.483769632065886 89.45144277509301 3.1137120424190363 70.00660963291274 15.133211863982254 60.72386501430654 11.855632632062857 43.39425421377464 35.59639647927439 22.619733152839128 55.29871180439825 66.53208379428683 23.260444663465684 18.203887492631605 58.812286199330806 16.379620389395306 33.74335250089039 49.91630781519315 46.82263558881335 52.619422272400136 59.66087968036126 93.77764279903298 0.0 49.76607575207862 39.41410629801732 16.792148771723802 89.80006765348949 62.291124796806834 75.44003557332084 84.30208093612266 68.45366749862595
23.9933907910401 33.43965361401499 20.222930473879966 54.52701689415426 8.77060814005308 14.232386865192563 41.61433259423501 55.6020215234693 42.41714673148155 52.84741271625032 34.7143107381559 52.45468954739137 72.92209977428183 64.09229405323357 15.760958863938571 2.2234661473815134 9.47265148268803 11.153684546361461 40.77684959544896 52.87974678756128 23.513307120497224 36.102298666963655 20.7021034057608 61.021962553659826 20.72359173452437 15.154679645258936 34.33522810417406 58.39787877567283 45.000257598626035 50.3647897769479 32.50563015290051 50.17093804532412 61.345859401352854 27.371732266033707 3.4306104869857266 3.285821326221959 6.244688771721798 14.82864454526502 46.23909270130607 49.76607575207862 0.0 10.437578630301699 37.65744895590054 42.79113324064847 43.939084904698035 34.57959662707696 45.59000261341194 18.897132650863718
33.010326379509095 23.071669845961146 25.653380888825552 44.51464720024136 12.06261573814671 4.876120700616549 32.50139306697343 53.88504765415552 43.89561635567649 48.840224182016954 24.387549916241454 50.533922949838605 63.13234496049065 53.96540223359393 7.583730567534143 8.214665832119621 16.90774012696567 19.45748079899059 51.05109329893857 42.5269285550644 31.9098794619953 25.676249884825314 27.312487650879547 50.790909893447264 19.18219838658557 7.0344550388144516 25.781869823747186 55.234898303837035 44.849572756956924 42.043919343854526 22.074949770599932 49.189377393010886 51.55866398017384 19.531113513014553 11.380905569259147 7.84933448115602 13.680156823650622 23.177427643248198 56.24816057348932 39.41410629801732 10.437578630301699 0.0 28.249562182853293 52.63668825782249 42.73399332032479 42.33020669969019 51.27962640436297 29.05454548676531
61.21058244544 17.37047587373536 41.933915572756895 17.801762160412537 33.44942313344638 23.62223070975807 4.630725835259361 44.735549449025 66.89512582281408 34.16037021938354 18.324998940468088 41.521653933145124 35.38259582035657 27.56959133945496 29.089254704994232 35.62309686488462 45.15718897299094 42.22262559537865 75.14223343266913 19.370446936478405 60.15883267099418 15.56523141103111 45.08854444262557 25.2851710203191 27.21091875188591 22.517779180139552 5.827821651325638 41.735003274358775 65.50385364596552 15.377390061259545 15.260363799638675 43.10605690837874 23.860461606776102 31.58728326660875 36.924042076756876 34.427259606908315 41.90594011003502 45.01128339889729 78.84318160453462 16.792148771723802 37.65744895590054 28.249562182853293 0.0 74.72836322756771 61.96090297689159 59.36770239537881 78.1908668212934 56.498344978070676
36.15386153826129 75.491275216741 33.24042847493209 92.52907704182184 42.33733455578537 54.94331199682185 77.39194111321702 66.04377609840759 69.9614178075589 71.56725725993678 76.88438426457449 64.54585454962354 109.09000120569468 102.29034846679099 58.53911274537805 44.88110976180264 43.08305248856426 33.57484912755454 7.7097671615602845 92.83323739383763 39.17086174796127 77.7829305965154 29.898651561806375 99.91962895487531 48.06757269911231 54.490265679724814 69.65045153938722 72.99894058123476 75.68373889867311 82.71231704842633 74.18839010949647 59.88549734839956 98.01520676192504 69.80498729191932 41.25578268856335 44.816618403034404 43.68255844023674 30.188211778566735 4.328727475409284 89.80006765348949 42.79113324064847 52.63668825782249 74.72836322756771 0.0 76.94751304474059 19.135237352512505 59.11916625817182 30.27129019724841
41.192451862087474 45.76794188238469 64.08757131663428 70.81660193356396 51.95379476877705 46.41750040818331 66.50580830209724 96.56824105437276 11.1212416151599 90.60339286551063 45.49712958252279 93.19509615412511 88.58619437586113 77.31614521812462 36.48070935868324 43.432446139501316 37.13673850863378 54.24340276759159 71.3981145202776 64.5619400374722 38.09043230612443 48.72593966596666 64.13485600324665 73.27271510285998 61.8148345295743 49.01913314125791 62.84279872479249 97.41803447401892 4.744424715850456 77.30614235666131 47.32612509528322 91.92038828111755 78.57684251749127 30.383344114956223 47.34995798165866 45.09546782262482 38.71737818544525 57.37472060733851 78.75390715025587 62.291124796806834 43.939084904698035 42.73399332032479 61.96090297689159 76.94751304474059 0.0 76.05529285617031 31.494388659785365 46.88050051625093
39.82530147125552 63.48943701590071 17.825970369891905 76.93892470708292 30.435330013771445 43.13444206214083 61.38608971638944 46.98876684431639 71.53673589774297 52.534530284307735 64.9979686047342 45.42282149981936 92.38167899852337 86.56489042216309 49.45387466397579 36.148223533198 39.0438154280268 23.463009742953734 24.133199184181592 78.33382549528551 42.15189592273265 65.23662844919572 15.256387498791613 84.60716093503898 32.159576647199124 41.92743201544714 53.87078846539728 53.86634944737448 75.97109954967536 65.42636867248457 61.79413134830684 40.79512948547911 81.70936100575094 61.48958799132928 31.844338807837104 35.3197037241196 38.09234003235534 19.751025435312382 23.367943489886272 75.44003557332084 34.57959662707696 42.33020669969019 59.36770239537881 19.135237352512505 76.05529285617031 0.0 65.92230037914521 31.341354294099805
