0.0 86.24277401423323 103.11555237148971 71.94791702767151 65.47953515378539 58.11860373214701 78.80670753035109 95.13661546779123 27.49855701289302 47.73016658952109 104.74242550072638 79.62449617137335 53.52985932240543 102.3529085843544 70.51223046154496 82.0445431491844 62.293569608985365 67.6998766739053 103.15725557528226 26.770322869925906 1.4544068951480809 84.52162976146296 105.23513908832884 89.66655854326581 61.332008256948754 56.72230246089955 72.3440503590433 85.41887232446285 15.100975788735788 54.21194465393998 105.06402787686255 84.97806477506117 48.37295460012218 109.30631411730171 66.34052366352562 55.001792500537405 61.98384936929108 65.98430431881862 103.64270091126158 20.179068491350314 67.50704555714522 57.3868766359974 30.86631771486782 105.55664875391884 80.27974073672381 89.69510636155273 103.20648037374659 86.37632071971531
86.24277401423323 0.0 23.779286956762302 16.652790713878698 23.678474945240275 44.99312405727307 9.374668848589959 16.982991503594555 58.97720498100971 53.1291636643061 20.155362053740976 22.468278592594828 35.678491142103006 16.169503261485378 18.999467044324888 20.68088488453899 23.955434339605294 19.926296427241606 19.1518301854755 61.28369517109842 85.20235055939648 1.88779746166363 25.591195627363877 4.936054459631975 28.696578954504442 45.22948857007644 16.397722828019603 19.372065587750704 74.60668145206223 40.650087367377566 21.21320005102043 23.995540280742407 41.91114681103623 23.779286956762352 20.665380884419523 40.77954694670131 24.284129119403765 22.085592973759823 20.089970424619004 106.08972599614337 25.706325160035547 34.60041840412236 55.41585933323639 19.314253121134698 65.86672866913744 10.377448108687913 55.916375685971204 21.0606863274417
103.11555237148971 23.779286956762302 0.0 39.69738963739934 46.29319445717037 68.44542548761343 26.206297752063982 34.242498689196665 75.70963690821121 75.8399255571889 9.871292700634989 45.82824940472168 49.642886935095405 19.775864395751125 42.15395080341277 43.69553293918146 43.04231026535014 42.10624991415795 28.088270101307412 80.43813080661111 102.27123739939037 24.363520175953866 2.13391979423662 18.85106414477146 51.19312205615991 68.57285833724306 31.32201478880175 41.60069696123466 89.79884128289379 63.38222617997341 8.051119994688658 46.26991876404918 55.20484762626435 25.912095900323862 42.22325282869826 50.52105588723614 43.92351594102026 44.32749856417236 29.28479627679331 122.08699644502585 49.16153932437375 57.18473621284487 73.28842763729473 18.566882569860113 89.27043782507641 14.869677447682157 75.61382697367021 42.97506236302599
71.94791702767151 16.652790713878698 39.69738963739934 0.0 7.11306598078732 28.777723252745446 15.02438970548342 23.575287781946162 45.472786314564075 36.48495755464249 36.80270964646977 13.779999349358995 26.955415917713204 31.45087274350094 2.4713808572095393 14.350365261863502 12.385378548474286 4.343705579640881 31.230124276007686 46.023894487869626 70.80388084793425 15.558797881362407 41.65460288115387 21.37252992755551 12.108310280668428 28.876259201610125 15.752744512095331 16.31542032270116 61.66373128210548 23.999951863918465 37.855875879074134 18.732552173778394 32.73558945002193 37.60869217593237 6.104373807646996 34.98062140889737 11.753002688240912 5.990107877100631 31.695367280346154 92.0585306587656 9.630180381211934 17.957342255137092 41.20634517547864 34.94218901668151 52.91143472901165 25.011134459519766 50.47379312940472 17.976403350649505
65.47953515378539 23.678474945240275 46.29319445717037 7.11306598078732 0.0 22.689172192404815 20.6961940877281 29.66428730411228 39.53301390679796 29.595933479455876 43.83133689848291 16.158192025102142 24.41593179608085 38.53587986548189 5.133130025322946 17.821562345230205 10.636694626074044 4.345095183771815 37.961081728960394 39.265046158451256 64.29805894513626 22.476892173807904 48.29741410555623 28.30011683580878 5.018190479268066 22.589814909839927 19.23570692481541 20.700176278452393 55.825251022040725 17.10877715173813 44.83285268163059 21.747908702998874 29.507659537418917 44.51153743705744 5.213561262387282 33.383484978306214 9.365217640942031 2.3517574125453113 38.34548560098668 85.6392397563528 5.664513469341848 10.958805860975657 34.971459852273455 42.04048259796679 49.180370070812955 31.466119339234535 51.02103750254057 22.035563487329405
58.11860373214701 44.99312405727307 68.44542548761343 28.777723252745446 22.689172192404815 0.0 43.3471159342354 44.81665539163053 38.88487929711956 11.155045420207435 64.81997804352119 27.036880009297214 39.112544096517794 57.769968533054865 26.31017592143938 29.881412977433044 30.568789772954442 27.034149305848164 54.80246898662004 32.249971392190794 56.7168113709441 44.14928136039407 70.37709479750116 49.87583303412247 18.427472840637886 1.4426484525465035 41.54802416016204 33.45474403213584 53.51733563769959 8.429581377520355 66.0725055852379 30.99202357709365 41.48793489322147 61.96182377164092 27.609285693081 48.47879234431743 29.15069026191519 24.944812971995894 54.77414907116705 77.62766991819944 19.30412742093775 13.22012556754831 33.42016808608891 61.379696504865244 30.548222415673184 53.78749890036219 45.424206343937804 33.576981080949665
78.80670753035109 9.374668848589959 26.206297752063982 15.02438970548342 20.6961940877281 43.3471159342354 0.0 25.66417571713914 51.33916853718512 49.89490698577444 25.971205338366847 25.964605953797605 26.876118192925635 24.724409807926843 17.42927599107096 25.083437509854704 17.07135835388872 16.366979652772756 28.50486381183235 54.82780989252705 77.84020538013229 7.534811199880426 28.294735644915825 11.126848097438044 25.376308960064286 43.283740507285685 7.164269589540621 25.024791314320755 66.53575716787923 37.54005900249002 26.434585315903103 29.163568134920347 33.06278263492365 32.75919604255191 16.182989491833087 31.457180376128875 17.826240752183985 18.53791858981006 29.459037073784668 98.39775404766611 24.582766558686714 31.32254427070859 48.24475442498418 27.459077261092556 67.74506756766617 11.448334240705943 61.90420987211216 26.878216932460404
95.13661546779123 16.982991503594555 34.242498689196665 23.575287781946162 29.66428730411228 44.81665539163053 25.66417571713914 0.0 68.99987299908285 55.058246852277215 26.135038599360627 17.782664951967593 49.19311859862128 16.02798801901932 24.697304052304567 14.9374385596521 35.273968330464506 27.918948089763568 10.26150697144899 68.7784716099786 93.94639556221746 18.486087968057774 35.3474209796189 19.26471804729688 33.91810145416496 45.56206245871122 31.915529025021673 11.397826527934734 85.22352512000924 43.561890554870246 28.01086069394424 14.87561787790488 55.306647989600215 17.46994023326645 29.60089871014883 55.811937829389294 34.96392521543861 29.35280569875323 10.034954988287875 115.30112423633048 28.213827966970722 38.65054975131637 64.59477512200569 19.205199892283872 57.78897171813577 25.563413900930705 41.3934277857204 11.648691733610347
27.49855701289302 58.97720498100971 75.70963690821121 45.472786314564075 39.53301390679796 38.88487929711956 51.33916853718512 68.99987299908285 0.0 31.674261975041816 77.25407060144268 54.85809720369715 26.325824802191658 75.13480741635557 44.33238664442824 56.98387824181916 35.040785553895326 41.14216351063065 76.42371937160198 11.24563025352921 26.590127066232053 57.220341466208765 77.83484912093854 62.25734293019887 36.043825683781435 37.46266904711533 44.84564578917086 60.11422461189005 16.30386907424975 32.32123436311473 77.56588984197742 60.43215823514823 21.78725159123807 82.31879214292749 39.60319257875564 29.50149220823409 34.85504499072096 39.6487976778479 76.99215055921198 47.12203539330491 42.56420827787987 33.44031563669652 5.470201020741412 78.26781120032327 67.22340718470609 62.19682600418324 83.63449190830097 61.30432404031701
47.73016658952109 53.1291636643061 75.8399255571889 36.48495755464249 29.595933479455876 11.155045420207435 49.89490698577444 55.058246852277215 31.674261975041816 0.0 73.25720016394142 37.41461078388471 39.26094548828803 67.04859928647052 34.13395648031116 40.22936624273085 34.69856083808776 33.73396662573613 64.80396755737497 23.05496216484307 46.30254001040019 52.0261220983518 77.8621220189541 57.84782128152401 24.650175243782034 9.986111466503283 46.689020229654304 43.838218091749766 44.71722070795185 12.493438195632773 74.33934393621176 41.76227386104354 39.952678205004176 71.86627718062141 33.71264466812878 47.9376200928933 33.42915092134675 31.51243146937865 64.87595027870175 66.90707144315935 27.854033502787033 18.658365586751728 26.468808853200485 70.64234267439103 35.56057893748405 60.98069098735171 55.47787114065779 44.1450368941133
104.74242550072638 20.155362053740976 9.871292700634989 36.80270964646977 43.83133689848291 64.81997804352119 25.971205338366847 26.135038599360627 77.25407060144268 73.25720016394142 0.0 40.103947506248616 52.070385147428155 10.514400513839472 39.124979681277196 37.65342652562471 42.89891053087831 40.00668789505885 18.697590562071777 80.66997256169203 103.79044449819757 21.4197874270884 10.09645977222532 15.660954853391381 48.84892800607391 65.14428784327713 32.47741790626914 35.03286533820456 92.19824341318477 60.78975050208801 1.9826737007842579 39.540923465130575 58.043010995992304 16.04084245942606 40.58717328635281 54.62873262027683 43.500531450584546 42.19127838005011 19.845407815554815 124.23267196297361 45.650656183265845 54.75515028773657 74.21513922157548 8.755430003384232 83.00602097833435 15.275324374613865 67.07882313460445 36.14847568016319
79.62449617137335 22.468278592594828 45.82824940472168 13.779999349358995 16.158192025102142 27.036880009297214 25.964605953797605 17.782664951967593 54.85809720369715 37.41461078388471 40.103947506248616 0.0 40.057398531896986 31.68160554966319 12.961457448627707 2.845226392315494 25.54656749893133 16.9539344265808 27.851779499616534 52.90290892435108 78.3568791406994 22.533359269452493 47.46589503862961 27.1983835234854 18.825238478412977 27.80430093705235 28.85921151443544 6.431939372716862 71.13530795043559 26.388673977941874 41.660148410407366 5.625160481385173 45.47321343341044 35.051929904611015 18.95245094784747 48.5183337352231 24.60214897703279 17.133773302806926 27.76870433333177 99.77637881046192 12.298139770676228 22.253396090750353 49.95126121313467 35.245165562112085 43.46420209796343 32.772807317967974 36.7853758451466 6.868744963457582
53.52985932240543 35.678491142103006 49.642886935095405 26.955415917713204 24.41593179608085 39.112544096517794 26.876118192925635 49.19311859862128 26.325824802191658 39.26094548828803 52.070385147428155 40.057398531896986 0.0 51.56756183730764 27.15978647968903 41.14066251858536 14.59869020392134 23.160040251092493 54.529443147307994 33.06807627666302 52.7307884374629 33.8007981425436 51.753292774751856 37.9936161313178 24.395267568426846 38.18018307149175 19.811418980752617 43.270286302235604 40.242188701171635 30.718581976544133 52.1561533123258 45.42028280493498 6.235995032519736 59.44606287572926 21.1602108988759 9.485203971571064 15.456720926042065 22.992753313120467 55.331664138078544 72.47395752137183 29.78892091210454 26.748460763174585 24.83479321743001 54.33276857329455 69.38661768272841 36.805193354653234 75.37698801568918 44.92354169922651
102.3529085843544 16.169503261485378 19.775864395751125 31.45087274350094 38.53587986548189 57.769968533054865 24.724409807926843 16.02798801901932 75.13480741635557 67.04859928647052 10.514400513839472 31.68160554966319 51.56756183730764 0.0 33.48321999506223 29.012606526097017 40.09849628555936 35.29896047813845 8.312411042441314 77.12530194836559 101.29661011355967 17.96836004870427 20.412554554862435 13.743024293586545 43.460859495916246 58.27162863452066 31.874472742668832 25.989494998803536 90.7714600798251 54.802431850888325 12.484084322677244 30.23411222208132 57.77268172271331 8.420933355220253 36.337231957008946 55.861739773846125 40.36907142133661 37.320034216287254 9.512257916167767 122.23779365112927 39.20067604821981 49.08409610991751 71.50125629794033 3.6097418017985032 73.61806955584167 17.49050159903179 56.596338968405156 26.840269603163197
70.51223046154496 18.999467044324888 42.15395080341277 2.4713808572095393 5.133130025322946 26.31017592143938 17.42927599107096 24.697304052304567 44.33238664442824 34.13395648031116 39.124979681277196 12.961457448627707 27.15978647968903 33.48321999506223 0.0 14.00757761943053 12.598326405067674 4.003048102737764 32.83600481824188 44.37610540833313 69.34319910707272 17.965900705865536 44.10511774916143 23.766508423724666 9.97784528999842 26.419252459937756 17.688491135911413 16.435993712149436 60.58970399885906 21.666516308454227 40.212622399139434 18.260520391108134 32.72601923430383 39.37978066977814 6.0050806451055205 35.55902478137419 11.717263040071382 4.730454489896379 33.23270217141255 90.65818162856517 7.1735453880292 15.69856286045061 39.89916334448091 37.0087454557933 50.6770449563512 27.480804084868723 49.28809921703342 17.957752885079334
82.0445431491844 20.68088488453899 43.69553293918146 14.350365261863502 17.821562345230205 29.881412977433044 25.083437509854704 14.9374385596521 56.98387824181916 40.22936624273085 37.65342652562471 2.845226392315494 41.14066251858536 29.012606526097017 14.00757761943053 0.0 26.54782552935563 17.990571783428663 25.019063404741832 55.36514514006916 80.79035006926267 20.944911208571867 45.276260221148696 25.26404892069595 20.95845771772861 30.643601925931744 28.636925208466586 3.6105327419091005 73.28153367863625 29.087212618252 39.254479872108014 4.414147135052562 46.73195147986198 32.2240153281907 19.985443851790045 49.3282887641248 25.72001514908894 18.491869578365407 24.926621260498848 102.2109098117979 14.557060344537527 24.748686931783855 52.16325812496919 32.557337503844536 45.592820883303084 31.052628344154268 36.99059706796951 4.340650064880817
62.293569608985365 23.955434339605294 43.04231026535014 12.385378548474286 10.636694626074044 30.568789772954442 17.07135835388872 35.273968330464506 35.040785553895326 34.69856083808776 42.89891053087831 25.54656749893133 14.59869020392134 40.09849628555936 12.598326405067674 26.54782552935563 0.0 8.596318174366555 41.68446544537525 37.78269353777059 61.263172800732015 22.22837492317976 45.15883345395917 27.483748806542735 12.60263762599699 30.073336014718382 12.188482584242506 28.69526842272904 50.82962739558478 23.153833180005925 43.46063789460923 30.846119782646863 20.35845235286137 47.33755238760349 6.595217591666597 23.032016485079183 1.4369748674471243 8.767232750212877 42.345732657532295 82.1397233243634 16.29525224160103 17.375188986418962 31.497502234572295 43.26598721917027 59.04005425529421 28.47942888175695 61.454518525838694 30.33260067718128
67.6998766739053 19.926296427241606 42.10624991415795 4.343705579640881 4.345095183771815 27.034149305848164 16.366979652772756 27.918948089763568 41.14216351063065 33.73396662573613 40.00668789505885 16.9539344265808 23.160040251092493 35.29896047813845 4.003048102737764 17.990571783428663 8.596318174366555 0.0 35.45738427912189 41.92294237962751 66.56806705602891 18.587921231414565 44.12914719181088 24.383366856902644 9.088830541693705 26.929291349977976 15.103561984179253 20.304322926733228 57.32333862203714 21.283759366761927 40.92699843596843 22.260993423626335 28.762529458953615 41.72063139827034 2.0020330382202856 31.58053810083304 7.731124571985169 2.223262384655306 35.95412980020959 87.79129552885729 9.167405768549983 15.079089290797217 36.91927712008423 38.72995336632231 53.095397629619924 27.25153408484832 53.11120526642299 21.876636746842077
103.15725557528226 19.1518301854755 28.088270101307412 31.230124276007686 37.961081728960394 54.80246898662004 28.50486381183235 10.26150697144899 76.42371937160198 64.80396755737497 18.697590562071777 27.851779499616534 54.529443147307994 8.312411042441314 32.83600481824188 25.019063404741832 41.68446544537525 35.45738427912189 0.0 77.20522939996607 102.0235184132234 21.02744240982831 28.69540201492281 18.76403242091618 42.58793205529763 55.485410948153785 35.54522562599648 21.56318471674489 92.43772129318567 53.00366514462656 20.67988129895967 25.128329139106253 60.76068687005677 7.21950428294141 36.86046193071975 59.9307453038236 41.66891414597057 37.21482181054902 1.2363395206779355 123.24075503162538 37.40823917392624 47.74742062586731 72.35696928719788 10.351899356171561 67.6780312995941 23.974191618988286 48.77892856545679 21.90803177472721
26.770322869925906 61.28369517109842 80.43813080661111 46.023894487869626 39.265046158451256 32.249971392190794 54.82780989252705 68.7784716099786 11.24563025352921 23.05496216484307 80.66997256169203 52.90290892435108 33.06807627666302 77.12530194836559 44.37610540833313 55.36514514006916 37.78269353777059 41.92294237962751 77.20522939996607 0.0 25.474419378424567 59.684559522404534 82.57045276459468 65.16210409108686 34.862408698544115 30.813670596143034 49.11612336176703 58.78272966418007 21.663569431115594 27.533821414235938 81.24231864475306 58.223262276429516 30.025720382739184 83.62543578727572 40.78962147376909 38.39602117633094 37.17905739757135 40.03611799178042 77.6081298813194 46.883175581799506 40.87079081108742 30.65047774927173 8.717751715542475 80.48084693351123 58.24236123623536 66.16332200965347 77.67408305418509 59.68634919159176
1.4544068951480809 85.20235055939648 102.27123739939037 70.80388084793425 64.29805894513626 56.7168113709441 77.84020538013229 93.94639556221746 26.590127066232053 46.30254001040019 103.79044449819757 78.3568791406994 52.7307884374629 101.29661011355967 69.34319910707272 80.79035006926267 61.263172800732015 66.56806705602891 102.0235184132234 25.474419378424567 0.0 83.49066277124084 104.39350656969683 88.66807347887072 60.113909117681686 55.32305206176048 71.42386155675152 84.17607545176872 14.924188233602123 52.87516011058207 104.13279458257298 83.6954532371911 47.66170848788844 108.20568278173167 65.22932553146181 54.424747591846355 60.93038748551904 64.83341749315008 102.49894055607257 21.420850299444734 66.26119114365723 56.11165919021958 29.79555995790411 104.5164122557577 78.82667787884853 88.77446369540675 101.78008183850692 85.11952287617741
84.52162976146296 1.88779746166363 24.363520175953866 15.558797881362407 22.476892173807904 44.14928136039407 7.534811199880426 18.486087968057774 57.220341466208765 52.0261220983518 21.4197874270884 22.533359269452493 33.8007981425436 17.96836004870427 17.965900705865536 20.944911208571867 22.22837492317976 18.587921231414565 21.02744240982831 59.684559522404534 83.49066277124084 0.0 26.25119892121857 5.824036272133743 27.485152569291223 44.33212874704056 14.518148413711536 19.947330989167927 72.80462795598567 39.53403072637006 22.360808058383185 24.488144489568164 40.03234932379644 25.649656993166538 19.205278148123927 38.90355824776998 22.605811214869114 20.777559674705703 21.955661585882705 104.33944591304773 24.845744670097204 33.43089990519806 53.71503501419435 21.04797139123111 65.76237695182083 10.2930686795035 56.72570778279367 21.698591794171463
105.23513908832884 25.591195627363877 2.13391979423662 41.65460288115387 48.29741410555623 70.37709479750116 28.294735644915825 35.3474209796189 77.83484912093854 77.8621220189541 10.09645977222532 47.46589503862961 51.753292774751856 20.412554554862435 44.10511774916143 45.276260221148696 45.15883345395917 44.12914719181088 28.69540201492281 82.57045276459468 104.39350656969683 26.25119892121857 0.0 20.655201926794415 53.2123487600568 70.5228597475638 33.45435676279487 43.081990630650026 91.89477782095511 65.39571054795826 8.142507603554973 47.73202892580544 57.295475018085455 25.992188979874925 44.27541159568864 52.53722193654347 46.03239807123917 46.35158499489457 29.866937381824258 124.18760541572108 51.08178050031361 59.20438446330043 75.42165904705817 18.845474005019504 90.86838217413741 16.922314243574757 76.64353405072188 44.40976627856045
89.66655854326581 4.936054459631975 18.85106414477146 21.37252992755551 28.30011683580878 49.87583303412247 11.126848097438044 19.26471804729688 62.25734293019887 57.84782128152401 15.660954853391381 27.1983835234854 37.9936161313178 13.743024293586545 23.766508423724666 25.26404892069595 27.483748806542735 24.383366856902644 18.76403242091618 65.16210409108686 88.66807347887072 5.824036272133743 20.655201926794415 0.0 33.306815551577465 50.08828027514163 18.210995850656445 23.631827595112995 77.60203892280128 45.35637377590435 16.545893767812714 28.313771565853685 44.16621320201349 21.995659941593214 24.926766148958716 42.12359829317458 27.990851743345292 26.581514351943557 19.87431827523443 109.36394001817976 30.576120546840308 39.25481796080088 58.954120875468504 16.340558819463997 70.65103961686954 6.356283628075712 59.606733748418534 25.21716864771117
61.332008256948754 28.696578954504442 51.19312205615991 12.108310280668428 5.018190479268066 18.427472840637886 25.376308960064286 33.91810145416496 36.043825683781435 24.650175243782034 48.84892800607391 18.825238478412977 24.395267568426846 43.460859495916246 9.97784528999842 20.95845771772861 12.60263762599699 9.088830541693705 42.58793205529763 34.862408698544115 60.113909117681686 27.485152569291223 53.2123487600568 33.306815551577465 0.0 18.152507654206996 23.121184629377957 24.183163692639926 52.333274771753075 12.195768903868602 49.84423832136708 24.422293753348416 28.72471804527751 49.25781900976928 9.283487421282862 33.76460981767263 11.167748377056904 6.872083135078271 42.91338253587613 81.51084483426591 6.57274535620992 5.992036908316554 31.208282404503358 46.983208487161626 46.45925309962917 36.34032965812195 51.37618872945416 25.291087175887316
56.72230246089955 45.22948857007644 68.57285833724306 28.876259201610125 22.589814909839927 1.4426484525465035 43.283740507285685 45.56206245871122 37.46266904711533 9.986111466503283 65.14428784327713 27.80430093705235 38.18018307149175 58.27162863452066 26.419252459937756 30.643601925931744 30.073336014718382 26.929291349977976 55.485410948153785 30.813670596143034 55.32305206176048 44.33212874704056 70.5228597475638 50.08828027514163 18.152507654206996 0.0 41.251318895822465 34.23403528337053 52.0747299123623 7.464578676326446 66.36350402224488 31.915336193413772 40.40548114269355 62.62281157529764 27.4027090568483 47.50580393220756 28.66736495320667 24.801022292083694 55.485410948153785 76.26326106111574 19.52483974040955 12.699588093620296 31.999806692697213 61.88065896298456 31.687266715861025 53.859788906512996 46.861375636593365 34.42161471632709
72.3440503590433 16.397722828019603 31.32201478880175 15.752744512095331 19.23570692481541 41.54802416016204 7.164269589540621 31.915529025021673 44.84564578917086 46.689020229654304 32.47741790626914 28.85921151443544 19.811418980752617 31.874472742668832 17.688491135911413 28.636925208466586 12.188482584242506 15.103561984179253 35.54522562599648 49.11612336176703 71.42386155675152 14.518148413711536 33.45435676279487 18.210995850656445 23.121184629377957 41.251318895822465 0.0 29.374327336290843 59.739927544071136 34.77288607277022 32.72627647250841 32.98130241206289 25.9607781677846 39.92260862772967 14.060715472696089 24.38813431969948 13.330124438633664 16.885314340959116 36.464062148626674 91.75849635887123 24.23047849820714 28.69824382988356 42.083592089524245 34.54888286157526 68.16641388997687 17.351287921447316 65.57345399454223 31.23220564050606
85.41887232446285 19.372065587750704 41.60069696123466 16.31542032270116 20.700176278452393 33.45474403213584 25.024791314320755 11.397826527934734 60.11422461189005 43.838218091749766 35.03286533820456 6.431939372716862 43.270286302235604 25.989494998803536 16.435993712149436 3.6105327419091005 28.69526842272904 20.304322926733228 21.56318471674489 58.78272966418007 84.17607545176872 19.947330989167927 43.081990630650026 23.631827595112995 24.183163692639926 34.23403528337053 29.374327336290843 0.0 76.41809160867358 32.669135504536705 36.70963161048158 4.693113384946807 49.02553888159344 28.780707365836616 22.2564944658634 51.12533912011806 27.995009476987043 21.09473313888842 21.42010300692067 105.59313666156538 17.9161892396491 28.218369744641596 55.37536789254548 29.481286364562962 47.98018957482083 29.694456978536444 36.94136125139294 1.8654193817459441
15.100975788735788 74.60668145206223 89.79884128289379 61.66373128210548 55.825251022040725 53.51733563769959 66.53575716787923 85.22352512000924 16.30386907424975 44.71722070795185 92.19824341318477 71.13530795043559 40.242188701171635 90.7714600798251 60.58970399885906 73.28153367863625 50.82962739558478 57.32333862203714 92.43772129318567 21.663569431115594 14.924188233602123 72.80462795598567 91.89477782095511 77.60203892280128 52.333274771753075 52.0747299123623 59.739927544071136 76.41809160867358 0.0 47.79340584936939 92.35417098882088 76.69670201473069 34.60891887971642 98.16253848258069 55.726856500870134 40.54447609048447 50.772906885126375 55.88992879308356 93.04429476489781 32.315624067989795 58.837673012571166 49.51124282055063 21.265908655399162 93.79730490275588 79.78260149860084 76.97351736230816 98.82799852605578 77.60441181266215
54.21194465393998 40.650087367377566 63.38222617997341 23.999951863918465 17.10877715173813 8.429581377520355 37.54005900249002 43.561890554870246 32.32123436311473 12.493438195632773 60.78975050208801 26.388673977941874 30.718581976544133 54.802431850888325 21.666516308454227 29.087212618252 23.153833180005925 21.283759366761927 53.00366514462656 27.533821414235938 52.87516011058207 39.53403072637006 65.39571054795826 45.35637377590435 12.195768903868602 7.464578676326446 34.77288607277022 32.669135504536705 47.79340584936939 0.0 61.855768210603614 31.331047222525797 33.0785358648395 59.956615494863236 21.374572591871612 40.06051434888307 21.78942509526009 19.06782420215426 53.164332430311966 74.18760426900313 15.661253052149313 6.21805296902451 26.889229508831246 58.38020612854433 38.946487615554666 48.53420524408294 51.31734808108876 33.2547405777324
105.06402787686255 21.21320005102043 8.051119994688658 37.855875879074134 44.83285268163059 66.0725055852379 26.434585315903103 28.01086069394424 77.56588984197742 74.33934393621176 1.9826737007842579 41.660148410407366 52.1561533123258 12.484084322677244 40.212622399139434 39.254479872108014 43.46063789460923 40.92699843596843 20.67988129895967 81.24231864475306 104.13279458257298 22.360808058383185 8.142507603554973 16.545893767812714 49.84423832136708 66.36350402224488 32.72627647250841 36.70963161048158 92.35417098882088 61.855768210603614 0.0 41.25136740246466 58.060295131041286 17.90407989274945 41.423341926305284 54.37330414621614 44.1184710974622 43.12705387432924 21.828072409286676 124.461526999244 46.84633249709155 55.780315221497155 74.64466174573928 10.704139386503138 84.68971823822254 15.390942901605342 69.02445721645952 37.8668179678521
84.97806477506117 23.995540280742407 46.26991876404918 18.732552173778394 21.747908702998874 30.99202357709365 29.163568134920347 14.87561787790488 60.43215823514823 41.76227386104354 39.540923465130575 5.625160481385173 45.42028280493498 30.23411222208132 18.260520391108134 4.414147135052562 30.846119782646863 22.260993423626335 25.128329139106253 58.223262276429516 83.6954532371911 24.488144489568164 47.73202892580544 28.313771565853685 24.422293753348416 31.915336193413772 32.98130241206289 4.693113384946807 76.69670201473069 31.331047222525797 41.25136740246466 0.0 50.93668917342167 32.31743550825451 24.262005141331546 53.69447555553275 29.97340419418643 22.617163150326835 24.820266734285692 105.10611744054385 17.870942050990735 27.597721314080104 55.48744321233032 33.65348456441904 43.47993604776885 34.34344836097412 32.76162137142394 3.402618617435428
48.37295460012218 41.91114681103623 55.20484762626435 32.73558945002193 29.507659537418917 41.48793489322147 33.06278263492365 55.306647989600215 21.78725159123807 39.952678205004176 58.043010995992304 45.47321343341044 6.235995032519736 57.77268172271331 32.72601923430383 46.73195147986198 20.35845235286137 28.762529458953615 60.76068687005677 30.025720382739184 47.66170848788844 40.03234932379644 57.295475018085455 44.16621320201349 28.72471804527751 40.40548114269355 25.9607781677846 49.02553888159344 34.60891887971642 33.0785358648395 58.060295131041286 50.93668917342167 0.0 65.6745226727657 26.78497260690818 8.525589009213277 21.038596102066162 28.339709896502843 61.55812476906978 66.91929690920375 34.6053606976848 30.055659166265638 21.389706797091666 60.50655996982133 72.02501089472716 42.76772797506903 80.07897657101374 50.63125115398983
109.30631411730171 23.779286956762352 25.912095900323862 37.60869217593237 44.51153743705744 61.96182377164092 32.75919604255191 17.46994023326645 82.31879214292749 71.86627718062141 16.04084245942606 35.051929904611015 59.44606287572926 8.420933355220253 39.37978066977814 32.2240153281907 47.33755238760349 41.72063139827034 7.21950428294141 83.62543578727572 108.20568278173167 25.649656993166538 25.992188979874925 21.995659941593214 49.25781900976928 62.62281157529764 39.92260862772967 28.780707365836616 98.16253848258069 59.956615494863236 17.90407989274945 32.31743550825451 65.6745226727657 0.0 42.98215941768341 64.08808753200071 47.46410129042687 43.59173170010211 7.52979715841753 129.31363060766236 44.3145277930046 54.57140214840092 78.44788134006807 7.54034329153767 74.56253895147299 25.893887616324736 54.22437486903428 29.118622267684113
66.34052366352562 20.665380884419523 42.22325282869826 6.104373807646996 5.213561262387282 27.609285693081 16.182989491833087 29.60089871014883 39.60319257875564 33.71264466812878 40.58717328635281 18.95245094784747 21.1602108988759 36.337231957008946 6.0050806451055205 19.985443851790045 6.595217591666597 2.0020330382202856 36.86046193071975 40.78962147376909 65.22932553146181 19.205278148123927 44.27541159568864 24.926766148958716 9.283487421282862 27.4027090568483 14.060715472696089 22.2564944658634 55.726856500870134 21.374572591871612 41.423341926305284 24.262005141331546 26.78497260690818 42.98215941768341 0.0 29.59305861176747 5.746637710549957 2.8728987388425944 37.400557738692235 86.39262886231508 10.601053011252537 15.16304448546865 35.50576797246055 39.71286026132975 54.37643885392573 27.355045607750732 55.03331920985933 23.84677426636744
55.001792500537405 40.77954694670131 50.52105588723614 34.98062140889737 33.383484978306214 48.47879234431743 31.457180376128875 55.811937829389294 29.50149220823409 47.9376200928933 54.62873262027683 48.5183337352231 9.485203971571064 55.861739773846125 35.55902478137419 49.3282887641248 23.032016485079183 31.58053810083304 59.9307453038236 38.39602117633094 54.424747591846355 38.90355824776998 52.53722193654347 42.12359829317458 33.76460981767263 47.50580393220756 24.38813431969948 51.12533912011806 40.54447609048447 40.06051434888307 54.37330414621614 53.69447555553275 8.525589009213277 64.08808753200071 29.59305861176747 0.0 24.119554650595305 31.743598436341127 60.85208168189269 72.68768411122106 38.89856421199332 36.23011444391321 29.704188480983543 58.233294494939024 78.83156645477771 39.56281956410915 84.39915364278926 52.86330583269391
61.98384936929108 24.284129119403765 43.92351594102026 11.753002688240912 9.365217640942031 29.15069026191519 17.826240752183985 34.96392521543861 34.85504499072096 33.42915092134675 43.500531450584546 24.60214897703279 15.456720926042065 40.36907142133661 11.717263040071382 25.72001514908894 1.4369748674471243 7.731124571985169 41.66891414597057 37.17905739757135 60.93038748551904 22.605811214869114 46.03239807123917 27.990851743345292 11.167748377056904 28.66736495320667 13.330124438633664 27.995009476987043 50.772906885126375 21.78942509526009 44.1184710974622 29.97340419418643 21.038596102066162 47.46410129042687 5.746637710549957 24.119554650595305 0.0 7.624615662381301 42.294065927639316 81.89823961753132 15.002664847053618 15.96779730682331 31.13731109623811 43.59297740434504 57.61087559237901 29.269459054428776 60.29965540632213 29.592717803085318
65.98430431881862 22.085592973759823 44.32749856417236 5.990107877100631 2.3517574125453113 24.944812971995894 18.53791858981006 29.35280569875323 39.6487976778479 31.51243146937865 42.19127838005011 17.133773302806926 22.992753313120467 37.320034216287254 4.730454489896379 18.491869578365407 8.767232750212877 2.223262384655306 37.21482181054902 40.03611799178042 64.83341749315008 20.777559674705703 46.35158499489457 26.581514351943557 6.872083135078271 24.801022292083694 16.885314340959116 21.09473313888842 55.88992879308356 19.06782420215426 43.12705387432924 22.617163150326835 28.339709896502843 43.59173170010211 2.8728987388425944 31.743598436341127 7.624615662381301 0.0 37.66820625306216 86.10749020464559 7.789442793526866 12.859641046649429 35.285740463128356 40.776578402272385 51.504084843066714 29.47067136611852 52.691972676093684 22.561464052231152
103.64270091126158 20.089970424619004 29.28479627679331 31.695367280346154 38.34548560098668 54.77414907116705 29.459037073784668 10.034954988287875 76.99215055921198 64.87595027870175 19.845407815554815 27.76870433333177 55.331664138078544 9.512257916167767 33.23270217141255 24.926621260498848 42.345732657532295 35.95412980020959 1.2363395206779355 77.6081298813194 102.49894055607257 21.955661585882705 29.866937381824258 19.87431827523443 42.91338253587613 55.485410948153785 36.464062148626674 21.42010300692067 93.04429476489781 53.164332430311966 21.828072409286676 24.820266734285692 61.55812476906978 7.52979715841753 37.400557738692235 60.85208168189269 42.294065927639316 37.66820625306216 0.0 123.74485968643323 37.61406053961872 47.99000729552988 72.87137013676083 11.404114015836253 67.10165563029541 25.158692151542766 47.78968958139315 21.661005145983857
20.179068491350314 106.08972599614337 122.08699644502585 92.0585306587656 85.6392397563528 77.62766991819944 98.39775404766611 115.30112423633048 47.12203539330491 66.90707144315935 124.23267196297361 99.77637881046192 72.47395752137183 122.23779365112927 90.65818162856517 102.2109098117979 82.1397233243634 87.79129552885729 123.24075503162538 46.883175581799506 21.420850299444734 104.33944591304773 124.18760541572108 109.36394001817976 81.51084483426591 76.26326106111574 91.75849635887123 105.59313666156538 32.315624067989795 74.18760426900313 124.461526999244 105.10611744054385 66.91929690920375 129.31363060766236 86.39262886231508 72.68768411122106 81.89823961753132 86.10749020464559 123.74485968643323 0.0 87.6793688913796 77.52883632339729 50.88689738581294 125.38740311768491 97.52015284845493 109.07058951750948 122.23279711546422 106.54033706034619
67.50704555714522 25.706325160035547 49.16153932437375 9.630180381211934 5.664513469341848 19.30412742093775 24.582766558686714 28.213827966970722 42.56420827787987 27.854033502787033 45.650656183265845 12.298139770676228 29.78892091210454 39.20067604821981 7.1735453880292 14.557060344537527 16.29525224160103 9.167405768549983 37.40823917392624 40.87079081108742 66.26119114365723 24.845744670097204 51.08178050031361 30.576120546840308 6.57274535620992 19.52483974040955 24.23047849820714 17.9161892396491 58.837673012571166 15.661253052149313 46.84633249709155 17.870942050990735 34.6053606976848 44.3145277930046 10.601053011252537 38.89856421199332 15.002664847053618 7.789442793526866 37.61406053961872 87.6793688913796 0.0 10.437578630301699 37.65744895590054 42.79113324064847 43.939084904698035 34.57959662707696 45.59000261341194 18.897132650863718
57.3868766359974 34.60041840412236 57.18473621284487 17.957342255137092 10.958805860975657 13.22012556754831 31.32254427070859 38.65054975131637 33.44031563669652 18.658365586751728 54.75515028773657 22.253396090750353 26.748460763174585 49.08409610991751 15.69856286045061 24.748686931783855 17.375188986418962 15.079089290797217 47.74742062586731 30.65047774927173 56.11165919021958 33.43089990519806 59.20438446330043 39.25481796080088 5.992036908316554 12.699588093620296 28.69824382988356 28.218369744641596 49.51124282055063 6.21805296902451 55.780315221497155 27.597721314080104 30.055659166265638 54.57140214840092 15.16304448546865 36.23011444391321 15.96779730682331 12.859641046649429 47.99000729552988 77.52883632339729 10.437578630301699 0.0 28.249562182853293 52.63668825782249 42.73399332032479 42.33020669969019 51.27962640436297 29.05454548676531
30.86631771486782 55.41585933323639 73.28842763729473 41.20634517547864 34.971459852273455 33.42016808608891 48.24475442498418 64.59477512200569 5.470201020741412 26.468808853200485 74.21513922157548 49.95126121313467 24.83479321743001 71.50125629794033 39.89916334448091 52.16325812496919 31.497502234572295 36.91927712008423 72.35696928719788 8.717751715542475 29.79555995790411 53.71503501419435 75.42165904705817 58.954120875468504 31.208282404503358 31.999806692697213 42.083592089524245 55.37536789254548 21.265908655399162 26.889229508831246 74.64466174573928 55.48744321233032 21.389706797091666 78.44788134006807 35.50576797246055 29.704188480983543 31.13731109623811 35.285740463128356 72.87137013676083 50.88689738581294 37.65744895590054 28.249562182853293 0.0 74.72836322756771 61.96090297689159 59.36770239537881 78.1908668212934 56.498344978070676
105.55664875391884 19.314253121134698 18.566882569860113 34.94218901668151 42.04048259796679 61.379696504865244 27.459077261092556 19.205199892283872 78.26781120032327 70.64234267439103 8.755430003384232 35.245165562112085 54.33276857329455 3.6097418017985032 37.0087454557933 32.557337503844536 43.26598721917027 38.72995336632231 10.351899356171561 80.48084693351123 104.5164122557577 21.04797139123111 18.845474005019504 16.340558819463997 46.983208487161626 61.88065896298456 34.54888286157526 29.481286364562962 93.79730490275588 58.38020612854433 10.704139386503138 33.65348456441904 60.50655996982133 7.54034329153767 39.71286026132975 58.233294494939024 43.59297740434504 40.776578402272385 11.404114015836253 125.38740311768491 42.79113324064847 52.63668825782249 74.72836322756771 0.0 76.94751304474059 19.135237352512505 59.11916625817182 30.27129019724841
80.27974073672381 65.86672866913744 89.27043782507641 52.91143472901165 49.180370070812955 30.548222415673184 67.74506756766617 57.78897171813577 67.22340718470609 35.56057893748405 83.00602097833435 43.46420209796343 69.38661768272841 73.61806955584167 50.6770449563512 45.592820883303084 59.04005425529421 53.095397629619924 67.6780312995941 58.24236123623536 78.82667787884853 65.76237695182083 90.86838217413741 70.65103961686954 46.45925309962917 31.687266715861025 68.16641388997687 47.98018957482083 79.78260149860084 38.946487615554666 84.68971823822254 43.47993604776885 72.02501089472716 74.56253895147299 54.37643885392573 78.83156645477771 57.61087559237901 51.504084843066714 67.10165563029541 97.52015284845493 43.939084904698035 42.73399332032479 61.96090297689159 76.94751304474059 0.0 76.05529285617031 31.494388659785365 46.88050051625093
89.69510636155273 10.377448108687913 14.869677447682157 25.011134459519766 31.466119339234535 53.78749890036219 11.448334240705943 25.563413900930705 62.19682600418324 60.98069098735171 15.275324374613865 32.772807317967974 36.805193354653234 17.49050159903179 27.480804084868723 31.052628344154268 28.47942888175695 27.25153408484832 23.974191618988286 66.16332200965347 88.77446369540675 10.2930686795035 16.922314243574757 6.356283628075712 36.34032965812195 53.859788906512996 17.351287921447316 29.694456978536444 76.97351736230816 48.53420524408294 15.390942901605342 34.34344836097412 42.76772797506903 25.893887616324736 27.355045607750732 39.56281956410915 29.269459054428776 29.47067136611852 25.158692151542766 109.07058951750948 34.57959662707696 42.33020669969019 59.36770239537881 19.135237352512505 76.05529285617031 0.0 65.92230037914521 31.341354294099805
