0.0 69.04574706986062 28.421490053421707 9.224410143061434 40.52786934220555 21.754630393254043 56.68276402515051 26.46049941855399 37.41171423965421 5.392405278473108 18.239187797395203 72.329803092223 70.5362508876193 65.30855495427461 18.467966123397957 24.174993062908463 65.30855495427461 28.97358270475174 43.36191360286572 19.631388840438 67.9444175603762 49.73193642656486 65.36959015423194 43.554650082518 34.66951293779121 24.79843020569994 64.33604268607405 35.85420206944813 41.785583820531485 75.3696246366439 51.8982433447082 30.44024926495309 26.38506122822046 32.78658842511448 23.726614729746274 65.02542310716427 42.02645397343216 28.330707094226387 41.44843655075533 34.085113992507 58.46210631633294 37.17682200796583 33.24214968825344 26.16737623903809
69.04574706986062 0.0 48.52499420132481 61.891449117562345 41.87644385036214 47.36550550404261 15.696546507009696 76.62266932769099 80.2633783127818 71.57357008221435 67.81673495888076 3.2851897024400545 5.389655385279953 39.31441962873867 54.821327973742584 78.66644368644145 39.31441962873867 46.67157050470741 88.67091870463719 57.23720262640545 1.134920459835339 25.739963584458668 4.151737069792078 25.741612361605295 83.81059042969167 47.184962135900086 4.776642407645258 93.21765793670451 89.24835237533372 11.003593075284698 17.270821437206287 43.004828710414294 72.90720463469852 39.16678081316331 79.76161341302308 49.135524515204935 28.889376541619946 40.7332651577112 90.72879120321495 80.20127160173338 11.106515197628248 47.81153144111527 50.641456761338 42.90860945485581
28.421490053421707 48.52499420132481 0.0 19.203800876060146 40.10239080091586 14.845286074811039 33.535873391100196 28.10299873505481 32.96326800032742 28.1001585425103 19.76108361998459 51.659052579153055 48.29375167562979 36.89437579458706 27.892238688393157 30.239079207818946 36.89437579458706 1.9976652795935936 41.458950051238624 9.95072258354015 47.395817759246206 39.0317635843 44.410261570701756 24.19206765606004 35.599310041040304 6.634676869067822 44.40003308677681 44.697502421470325 41.59627166109324 57.493137173311155 31.999826186488665 5.9929952566686895 24.44151175380581 10.003083660260513 31.42440146898418 37.09282270644881 30.119041470665042 17.74464289735868 42.81533098790675 32.22428499784919 37.44329470973422 40.992899599615214 39.29986907673213 17.467300759914007
9.224410143061434 61.891449117562345 19.203800876060146 0.0 38.422153927994515 14.857670815209884 48.71271748840535 23.21255313618294 33.20734959839564 9.785678043284731 12.930091198925119 65.17060278517228 62.942751297841724 56.096735010303654 17.77205926007625 22.39199832876029 56.096735010303654 19.81438596658257 40.346853438582045 10.6445789216185 60.76999856833896 44.84139257467648 58.056412167844535 36.16011427984321 32.05668928703758 15.993282962081334 57.27657123244622 36.317031038456065 39.259135745076776 69.0097590253236 44.6231404716572 21.542553677431698 21.794692447314127 24.233997428725683 22.59544480041648 55.864027470226 36.44196184911638 21.844656567424906 39.43928453031046 30.4551495469441 51.037065237591094 36.37053808340016 33.00777358501711 19.8431627923489
40.52786934220555 41.87644385036214 40.10239080091586 38.422153927994515 0.0 26.816211051923123 38.36087858120564 61.01174663314797 69.68962754153036 45.26523662112233 50.34321862386286 44.637291517229386 45.92969117392048 62.36166668205815 22.062824191186177 60.728965966042914 62.36166668205815 38.46150357544527 77.62460500838282 41.81623653987257 41.10107829509602 16.15211685528197 39.920545348275276 27.138858817202042 69.86038070686187 33.90108336271298 37.53361380161828 74.702087310118 76.917395578472 43.101804862060845 30.306801660712573 35.28820416482753 58.753648319807674 32.663519518813395 61.00825520843282 68.16364176015027 16.38754123591331 22.366404356958174 77.38509906482071 67.63199803107828 35.53465198794223 6.077626347621317 9.780691036267593 22.78813537279429
21.754630393254043 47.36550550404261 14.845286074811039 14.857670815209884 26.816211051923123 0.0 35.059188198742646 34.95689207334064 42.990816823765044 24.300332432281245 24.398226528014966 50.65066348710254 48.782141437641215 47.714447944640284 13.578748681292806 35.36969801080154 47.714447944640284 13.804026445475017 51.07864957197711 15.052886962150126 46.25623925570762 30.35373414732602 43.64072123829358 21.800233968165667 43.659684692735155 8.219554358071521 42.6875564937056 49.97254283103244 50.549988523021575 54.18209740561438 30.16533207542501 12.439995365982272 32.31750565729769 12.805212946141983 35.96468678945863 50.01127524912494 21.71962554471188 6.994566675097509 51.21229257722179 41.137864868044836 36.711620633032396 26.71771044847502 24.64078446324557 5.089975549269764
56.68276402515051 15.696546507009696 33.535873391100196 48.71271748840535 38.36087858120564 35.059188198742646 0.0 61.48904472640047 64.67654768973175 58.49838948791643 53.16942508174862 18.557110118648012 14.758879077983314 27.731632053581265 45.063663797338386 63.77357304982065 27.731632053581265 31.78731824266619 73.05314124406159 42.762006130297195 14.634934358749833 24.498776724934665 11.586092189612238 13.858961642766598 68.40822015995901 33.163972988423026 12.63670854248001 78.14662629307921 73.6886668202576 26.09888484201692 8.089330930467817 28.390797276885632 57.69207873278351 24.84332382141987 64.95528827437289 36.46826484119563 22.255693623868996 29.275589403255992 75.21820677021222 64.73532783090519 6.118592547665605 43.46303442887698 45.14048996985582 31.40168673232024
26.46049941855399 76.62266932769099 28.10299873505481 23.21255313618294 61.01174663314797 34.95689207334064 61.48904472640047 0.0 11.098892021936933 21.459055109763042 10.670329638627868 79.74432643817535 76.23313342075 58.02697398658989 40.9845043662268 4.268312507281474 58.02697398658989 29.987296116268105 17.196348497346108 20.489408244239193 75.49451525604314 64.83329662577788 72.50187447030241 51.977081077693526 8.875890566215856 30.697329142585936 72.49655475772006 16.67046284137736 16.05139262617329 85.50858421153286 60.02344252185508 33.79405622100313 3.9948659653275147 37.77908809481918 5.9132655691652545 53.66794776536006 55.9043903778764 41.34445446392718 16.373794513312067 7.6253681966657965 65.54589434227532 59.443194649075714 56.19196582379444 39.873203367870964
37.41171423965421 80.2633783127818 32.96326800032742 33.20734959839564 69.68962754153036 42.990816823765044 64.67654768973175 11.098892021936933 0.0 32.5138270799671 20.278174723227384 83.22369919594921 79.14882319494313 56.21793120230533 50.81341818336603 14.53518752268526 56.21793120230533 34.960525874471614 8.504775968389236 27.94037295276413 79.16206244802234 71.62661603021026 76.1121326285124 57.07393332935774 6.664579278733552 37.234219429731496 76.5029652149774 18.48191326679394 9.061308033361339 89.88848299199776 64.54775093575941 38.95510870769056 11.414587446848772 42.96263589917662 15.817399491263052 50.12625538285286 62.63995561605275 48.7184358838685 10.861113217111225 3.841244059078047 69.41714895658531 68.72067293787254 65.74464746330428 47.567805199280855
5.392405278473108 71.57357008221435 28.1001585425103 9.785678043284731 45.26523662112233 24.300332432281245 58.49838948791643 21.459055109763042 32.5138270799671 0.0 14.33937963301103 74.85613527193799 72.70651758292288 64.78898381107919 23.311012268700516 18.920959929035355 64.78898381107919 29.00242451249231 38.1595361891123 18.47630948622346 70.45608881268822 53.535229016569645 67.77124804369069 45.86898416148835 29.447012629471022 25.666021308800723 66.93100113194805 30.498680785971302 36.515586916445685 78.44859872325426 54.3173474746395 31.11210661302094 21.788964746091985 33.96758108565216 18.396096638592088 63.66980207634575 45.46829120052605 31.195219299405945 36.11981030019908 29.071162331134765 60.76867655741904 42.199130253900115 38.35075194454086 29.103700429176847
18.239187797395203 67.81673495888076 19.76108361998459 12.930091198925119 50.34321862386286 24.398226528014966 53.16942508174862 10.670329638627868 20.278174723227384 14.33937963301103 0.0 71.01217482782532 67.90233096250583 53.87845435907953 30.60627699683564 11.152644149712945 53.87845435907953 21.403918647485376 27.54663526562041 10.630016616672915 66.68217002644843 54.508441309961725 63.75524371117667 42.576152210524256 19.52171443429952 20.920615789277882 63.50290731157747 25.91909054464832 26.631098511218813 76.20007318380974 50.852666045157 24.84452836677386 8.864637033976894 28.651867595488035 12.030697988743922 51.32022155155067 45.644542330531316 30.94767404112393 27.042110411483574 17.588085107123018 56.71190482372292 48.85755020022437 45.694138165063315 29.379505511983258
72.329803092223 3.2851897024400545 51.659052579153055 65.17060278517228 44.637291517229386 50.65066348710254 18.557110118648012 79.74432643817535 83.22369919594921 74.85613527193799 71.01217482782532 0.0 5.67902087767118 40.74605750553562 58.032688809057966 81.8328901849784 40.74605750553562 49.82055319940236 91.6084125436458 60.44525090987482 4.400642466505463 28.48574124435994 7.258311006884177 29.016573255895718 86.85992886079828 50.421278874780384 8.027232508752299 96.3565487668709 92.22663304184478 9.619464670357193 20.54789459448389 46.18462493273514 76.00895410122779 42.36969519183112 82.9412168244444 50.728399019189084 32.03780933731411 44.01523214245541 93.73384383600862 83.22526209437899 14.308989457150547 50.61762318424796 53.548498919959826 46.18998601432083
70.5362508876193 5.389655385279953 48.29375167562979 62.942751297841724 45.92969117392048 48.782141437641215 14.758879077983314 76.23313342075 79.14882319494313 72.70651758292288 67.90233096250583 5.67902087767118 0.0 35.10202306558188 57.299680857320766 78.53209411792878 35.10202306558188 46.536633613268606 87.45925981541188 57.45154461146072 5.508933962942074 29.943156093675544 6.02035284778402 26.986105033735452 83.05558307260615 47.69161730589797 8.493203153606592 92.89537333128646 88.18973849247887 15.280717359221294 18.79304115569459 43.08702630911211 72.42158728688472 39.44274407620238 79.71011208228593 45.121394558826275 31.917789970041483 42.44988726875722 89.77497146294299 79.34193292035081 12.150815483545225 51.74565772437765 54.329268763106846 44.62935745969018
65.30855495427461 39.31441962873867 36.89437579458706 56.096735010303654 62.36166668205815 47.714447944640284 27.731632053581265 58.02697398658989 56.21793120230533 64.78898381107919 53.87845435907953 40.74605750553562 35.10202306558188 0.0 60.95667292480661 61.66293277255645 0.0 36.39965392601408 63.30450163802976 46.31778701975324 38.6579195892584 51.123962540082516 36.28136702624521 35.24784129939827 61.91027456752739 41.2434247461937 38.53105615464995 73.56071503057055 64.85610945751822 50.2057554669718 34.70444831492186 35.72937030288913 54.08618812669392 34.973232837509634 63.232085532265074 10.210639439771098 46.20344773778748 45.31923616114601 66.93347898750605 57.91501069767668 33.57202631256165 66.30551495073588 66.71848461864363 46.76269335989339
18.467966123397957 54.821327973742584 27.892238688393157 17.77205926007625 22.062824191186177 13.578748681292806 45.063663797338386 40.9845043662268 50.81341818336603 23.311012268700516 30.60627699683564 58.032688809057966 57.299680857320766 60.95667292480661 0.0 39.987940854361696 60.95667292480661 27.13601397411018 58.10747374981813 24.66906201778363 53.79357356458825 32.633060976925094 51.60677532272356 31.204705218277166 49.82284608216818 21.473600534178413 50.04704070480173 53.31261968903206 57.02928959700525 59.56272593939266 38.626711944416556 26.017590961480277 39.43899184220547 26.007875774911348 40.026235271086854 63.577394690424406 26.160531126081324 16.27323658537211 57.17501598136729 48.18655829572983 45.22683134101652 18.96060986763438 15.3274545954915 14.444658636032827
24.174993062908463 78.66644368644145 30.239079207818946 22.39199832876029 60.728965966042914 35.36969801080154 63.77357304982065 4.268312507281474 14.53518752268526 18.920959929035355 11.152644149712945 81.8328901849784 78.53209411792878 61.66293277255645 39.987940854361696 0.0 61.66293277255645 32.026915971902206 19.252372155143895 21.710937852943353 77.53360708573562 65.60257301683353 74.57572380400958 53.61881622789773 10.5331893513426 32.02647770940036 74.42513424024435 14.769155315366353 17.61062171183054 87.23936864202231 61.8285969218236 35.66819691589528 7.720553874933194 39.56765365303575 1.6657061246653542 57.6161214754493 56.76669767291266 42.03283204592 17.36657848468986 10.760886457765757 67.56236685658529 58.749465549588855 55.30459235818186 40.40328469046489
65.30855495427461 39.31441962873867 36.89437579458706 56.096735010303654 62.36166668205815 47.714447944640284 27.731632053581265 58.02697398658989 56.21793120230533 64.78898381107919 53.87845435907953 40.74605750553562 35.10202306558188 0.0 60.95667292480661 61.66293277255645 0.0 36.39965392601408 63.30450163802976 46.31778701975324 38.6579195892584 51.123962540082516 36.28136702624521 35.24784129939827 61.91027456752739 41.2434247461937 38.53105615464995 73.56071503057055 64.85610945751822 50.2057554669718 34.70444831492186 35.72937030288913 54.08618812669392 34.973232837509634 63.232085532265074 10.210639439771098 46.20344773778748 45.31923616114601 66.93347898750605 57.91501069767668 33.57202631256165 66.30551495073588 66.71848461864363 46.76269335989339
28.97358270475174 46.67157050470741 1.9976652795935936 19.81438596658257 38.46150357544527 13.804026445475017 31.78731824266619 29.987296116268105 34.960525874471614 29.00242451249231 21.403918647485376 49.82055319940236 46.536633613268606 36.39965392601408 27.13601397411018 32.026915971902206 36.39965392601408 0.0 43.455673731113826 11.264613438674962 45.54073258970563 37.06898634377229 42.5666152749028 22.21244125694217 37.55935482163586 5.662515696519651 42.51019485110246 46.5477046932534 43.585311898582574 55.56172927242903 30.06681077202768 3.9953304136591687 26.362399007999926 8.008781166323347 33.1776037018342 37.14711452196505 28.171248547940497 16.09804930937452 44.79362798194438 34.20444309444585 35.57856166242199 39.542024285071236 37.99369208493508 15.980406953683303
43.36191360286572 88.67091870463719 41.458950051238624 40.346853438582045 77.62460500838282 51.07864957197711 73.05314124406159 17.196348497346108 8.504775968389236 38.1595361891123 27.54663526562041 91.6084125436458 87.45925981541188 63.30450163802976 58.10747374981813 19.252372155143895 63.30450163802976 43.455673731113826 0.0 36.078982815192006 87.5738770333904 80.03175028446186 84.52116560140237 65.57856929684979 8.719898213011279 45.60499351962557 84.95124362679206 15.896924017048677 2.6494873361750155 98.35721130723128 73.03918417399713 47.44926869787111 18.881865971192546 51.460343204842374 19.98427250716257 56.48488285572924 71.04281598316028 56.98685350799906 4.87236154665299 10.000946967768643 77.86076384791994 76.37871132310099 73.24035525685895 55.76120591517703
19.631388840438 57.23720262640545 9.95072258354015 10.6445789216185 41.81623653987257 15.052886962150126 42.762006130297195 20.489408244239193 27.94037295276413 18.47630948622346 10.630016616672915 60.44525090987482 57.45154461146072 46.31778701975324 24.66906201778363 21.710937852943353 46.31778701975324 11.264613438674962 36.078982815192006 0.0 56.102321204758795 44.37131073873896 53.19232242587203 31.94628199277868 28.927406032663235 10.31646493724229 52.89456858665288 36.46908746770654 35.65545310408518 65.57063098237356 40.23057915724319 14.371265802898726 17.47666554187769 18.076854073967596 22.656173893953238 45.4413365245537 35.42554294697608 20.986175951272127 36.45103556198644 26.19081116322636 46.13798140600201 41.24066705276592 38.63276357253422 19.685436567484707
67.9444175603762 1.134920459835339 47.395817759246206 60.76999856833896 41.10107829509602 46.25623925570762 14.634934358749833 75.49451525604314 79.16206244802234 70.45608881268822 66.68217002644843 4.400642466505463 5.508933962942074 38.6579195892584 53.79357356458825 77.53360708573562 38.6579195892584 45.54073258970563 87.5738770333904 56.102321204758795 0.0 24.988396526731833 3.0567122203345005 24.616894900386157 82.69292794364479 46.05081336828132 3.7594530738279697 92.08735549188158 88.14327349173723 11.837026096712625 16.147499195216458 41.871272700546434 71.78172659948348 38.03205811022541 78.62782374592052 48.419043600851516 27.910396241938646 39.63788512524118 89.61868608206996 79.08802487926462 9.972644111259232 47.01106182135861 49.7896313590511 41.81436830495964
49.73193642656486 25.739963584458668 39.0317635843 44.84139257467648 16.15211685528197 30.35373414732602 24.498776724934665 64.83329662577788 71.62661603021026 53.535229016569645 54.508441309961725 28.48574124435994 29.943156093675544 51.123962540082516 32.633060976925094 65.60257301683353 51.123962540082516 37.06898634377229 80.03175028446186 44.37131073873896 24.988396526731833 0.0 23.97612877190365 17.632758529804686 73.27629610037889 34.43955012371555 21.482828802795627 80.28121714639605 79.85392559764664 27.585360506274533 16.621520729436824 33.15524707529865 61.811590126555735 29.393756784753382 66.2683045022818 58.5250148010239 8.989028917192554 23.569799161840052 80.77172858406786 70.36063798064163 20.437832451054895 22.143629660779343 25.250381185493932 25.268092556153437
65.36959015423194 4.151737069792078 44.410261570701756 58.056412167844535 39.920545348275276 43.64072123829358 11.586092189612238 72.50187447030241 76.1121326285124 67.77124804369069 63.75524371117667 7.258311006884177 6.02035284778402 36.28136702624521 51.60677532272356 74.57572380400958 36.28136702624521 42.5666152749028 84.52116560140237 53.19232242587203 3.0567122203345005 23.97612877190365 0.0 21.902265496697986 79.66517902906048 43.190290820006226 2.83300015707852 89.1069629840639 85.09661801020606 14.69885937641521 13.475433266708743 38.92633956438598 68.77709880408858 35.11582525086718 75.6829195779179 45.90275072401687 25.998651752921546 37.117934086804475 86.57784455776732 76.05190296397895 7.068825323503043 45.726764554031035 48.31531019732755 39.298872627747514
43.554650082518 25.741612361605295 24.19206765606004 36.16011427984321 27.138858817202042 21.800233968165667 13.858961642766598 51.977081077693526 57.07393332935774 45.86898416148835 42.576152210524256 29.016573255895718 26.986105033735452 35.24784129939827 31.204705218277166 53.61881622789773 35.24784129939827 22.21244125694217 65.57856929684979 31.94628199277868 24.616894900386157 17.632758529804686 21.902265496697986 0.0 59.75518776816853 21.69606295722345 21.1801824311138 68.33469427886698 65.77966772673467 33.625174492416775 8.47211887396519 18.26552861268197 48.47741527623024 14.239319476945324 54.60091680750061 41.605609254568805 11.005899343305334 15.569447086396021 67.0059408840869 56.41594429569703 14.920430351875432 31.407885640601428 32.41937859815723 17.73282077427995
34.66951293779121 83.81059042969167 35.599310041040304 32.05668928703758 69.86038070686187 43.659684692735155 68.40822015995901 8.875890566215856 6.664579278733552 29.447012629471022 19.52171443429952 86.85992886079828 83.05558307260615 61.91027456752739 49.82284608216818 10.5331893513426 61.91027456752739 37.55935482163586 8.719898213011279 28.927406032663235 82.69292794364479 73.27629610037889 79.66517902906048 59.75518776816853 0.0 38.922606330246474 79.85002466171218 11.968528498531487 7.22074992570692 93.06030865155711 67.58022375489135 41.48965938207491 11.465182343513964 45.51716859602404 11.298852571037811 56.27116815565859 64.31072937223429 49.900753648880006 7.553088777792111 3.9964728416639903 72.81652149245357 68.3183658943857 65.05332118228672 48.51063758309603
24.79843020569994 47.184962135900086 6.634676869067822 15.993282962081334 33.90108336271298 8.219554358071521 33.163972988423026 30.697329142585936 37.234219429731496 25.666021308800723 20.920615789277882 50.421278874780384 47.69161730589797 41.2434247461937 21.473600534178413 32.02647770940036 41.2434247461937 5.662515696519651 45.60499351962557 10.31646493724229 46.05081336828132 34.43955012371555 43.190290820006226 21.69606295722345 38.922606330246474 0.0 42.761177810846064 46.78548825963798 45.41910234808293 55.301740769895275 30.055091683686427 5.662515696519651 27.468629567179622 8.357358586083159 32.951014860163106 42.58126236164157 25.45212751854944 11.756041294624103 46.37859241529213 35.92711893153857 36.12166575653481 34.492123883255516 32.69511026873659 11.118258697865752
64.33604268607405 4.776642407645258 44.40003308677681 57.27657123244622 37.53361380161828 42.6875564937056 12.63670854248001 72.49655475772006 76.5029652149774 66.93100113194805 63.50290731157747 8.027232508752299 8.493203153606592 38.53105615464995 50.04704070480173 74.42513424024435 38.53105615464995 42.51019485110246 84.95124362679206 52.89456858665288 3.7594530738279697 21.482828802795627 2.83300015707852 21.1801824311138 79.85002466171218 42.761177810846064 0.0 89.03934029711675 85.44100471106732 13.547662065509241 12.723134133931104 38.764149655537906 68.83268202775304 34.86422185417062 75.48465781547114 47.99509669252007 24.151655428100256 36.01148832102189 86.8620214237811 76.30099534420835 7.097412168482312 43.403723816629025 46.11681250918022 38.18349939927995
35.85420206944813 93.21765793670451 44.697502421470325 36.317031038456065 74.702087310118 49.97254283103244 78.14662629307921 16.67046284137736 18.48191326679394 30.498680785971302 25.91909054464832 96.3565487668709 92.89537333128646 73.56071503057055 53.31261968903206 14.769155315366353 73.56071503057055 46.5477046932534 15.896924017048677 36.46908746770654 92.08735549188158 80.28121714639605 89.1069629840639 68.33469427886698 11.968528498531487 46.78548825963798 89.03934029711675 0.0 13.247436680873662 101.9401282513856 76.4935320086186 50.280866383518344 20.555480199035962 54.222203599239265 14.0129956534832 68.18227164867892 71.48242230028222 56.718578379486836 11.172309623199544 15.851172117781273 82.12623867751533 72.26316123785777 68.58758635193608 55.03622235689605
41.785583820531485 89.24835237533372 41.59627166109324 39.259135745076776 76.917395578472 50.549988523021575 73.6886668202576 16.05139262617329 9.061308033361339 36.515586916445685 26.631098511218813 92.22663304184478 88.18973849247887 64.85610945751822 57.02928959700525 17.61062171183054 64.85610945751822 43.585311898582574 2.6494873361750155 35.65545310408518 88.14327349173723 79.85392559764664 85.09661801020606 65.77966772673467 7.22074992570692 45.41910234808293 85.44100471106732 13.247436680873662 0.0 98.78589448536356 73.38742873269342 47.5652909562722 18.232567663377306 51.5918163082356 18.177947383328423 58.29657174064306 70.8690816278233 56.63320063055006 2.342596312734122 9.493515504398653 78.36413772524992 75.47617450265125 72.24313064253322 55.324735110417826
75.3696246366439 11.003593075284698 57.493137173311155 69.0097590253236 43.101804862060845 54.18209740561438 26.09888484201692 85.50858421153286 89.88848299199776 78.44859872325426 76.20007318380974 9.619464670357193 15.280717359221294 50.2057554669718 59.56272593939266 87.23936864202231 50.2057554669718 55.56172927242903 98.35721130723128 65.57063098237356 11.837026096712625 27.585360506274533 14.69885937641521 33.625174492416775 93.06030865155711 55.301740769895275 13.547662065509241 101.9401282513856 98.78589448536356 0.0 25.494927726365045 51.714921912165394 81.92392902172841 47.73535606318457 88.22594762717111 60.09586132885993 33.544382167384384 47.253411369287456 100.15670110808186 89.57546512780732 20.61507420944544 49.17763119928858 52.63202556532745 49.3536755975654
51.8982433447082 17.270821437206287 31.999826186488665 44.6231404716572 30.306801660712573 30.16533207542501 8.089330930467817 60.02344252185508 64.54775093575941 54.3173474746395 50.852666045157 20.54789459448389 18.79304115569459 34.70444831492186 38.626711944416556 61.8285969218236 34.70444831492186 30.06681077202768 73.03918417399713 40.23057915724319 16.147499195216458 16.621520729436824 13.475433266708743 8.47211887396519 67.58022375489135 30.055091683686427 12.723134133931104 76.4935320086186 73.38742873269342 25.494927726365045 0.0 26.23082711385506 56.429086450368985 22.271344777950016 62.856392437784656 42.65937013370164 14.385498999891558 23.686973896335157 74.71512124340396 64.1259682602006 6.643290042929158 35.50662405045521 37.362602637874886 25.868430362865308
30.44024926495309 43.004828710414294 5.9929952566686895 21.542553677431698 35.28820416482753 12.439995365982272 28.390797276885632 33.79405622100313 38.95510870769056 31.11210661302094 24.84452836677386 46.18462493273514 43.08702630911211 35.72937030288913 26.017590961480277 35.66819691589528 35.72937030288913 3.9953304136591687 47.44926869787111 14.371265802898726 41.871272700546434 33.15524707529865 38.92633956438598 18.26552861268197 41.48965938207491 5.662515696519651 38.764149655537906 50.280866383518344 47.5652909562722 51.714921912165394 26.23082711385506 0.0 30.23329411049532 4.0306007106573905 36.7575554167507 37.578625282097434 24.29910774330729 13.098816984640232 48.75455557120462 38.169860027328525 31.898750380835164 36.791905524010396 35.57186058663636 13.408165444482966
26.38506122822046 72.90720463469852 24.44151175380581 21.794692447314127 58.753648319807674 32.31750565729769 57.69207873278351 3.9948659653275147 11.414587446848772 21.788964746091985 8.864637033976894 76.00895410122779 72.42158728688472 54.08618812669392 39.43899184220547 7.720553874933194 54.08618812669392 26.362399007999926 18.881865971192546 17.47666554187769 71.78172659948348 61.811590126555735 68.77709880408858 48.47741527623024 11.465182343513964 27.468629567179622 68.83268202775304 20.555480199035962 18.232567663377306 81.92392902172841 56.429086450368985 30.23329411049532 0.0 34.24520930356919 9.367460607048944 49.89801894276882 52.84555520360614 38.460868260382505 18.974800205610048 8.881695714217688 61.850599156929434 57.52537023360446 54.45340860636038 37.10957456203454
32.78658842511448 39.16678081316331 10.003083660260513 24.233997428725683 32.663519518813395 12.805212946141983 24.84332382141987 37.77908809481918 42.96263589917662 33.96758108565216 28.651867595488035 42.36969519183112 39.44274407620238 34.973232837509634 26.007875774911348 39.56765365303575 34.973232837509634 8.008781166323347 51.460343204842374 18.076854073967596 38.03205811022541 29.393756784753382 35.11582525086718 14.239319476945324 45.51716859602404 8.357358586083159 34.86422185417062 54.222203599239265 51.5918163082356 47.73535606318457 22.271344777950016 4.0306007106573905 34.24520930356919 0.0 40.62069181127131 37.916057020420205 20.6450447146118 11.23595083207953 52.78511114008357 42.200056463509235 28.064138706331175 34.71233772838881 33.91273426650527 12.169198853890231
23.726614729746274 79.76161341302308 31.42440146898418 22.59544480041648 61.00825520843282 35.96468678945863 64.95528827437289 5.9132655691652545 15.817399491263052 18.396096638592088 12.030697988743922 82.9412168244444 79.71011208228593 63.232085532265074 40.026235271086854 1.6657061246653542 63.232085532265074 33.1776037018342 19.98427250716257 22.656173893953238 78.62782374592052 66.2683045022818 75.6829195779179 54.60091680750061 11.298852571037811 32.951014860163106 75.48465781547114 14.0129956534832 18.177947383328423 88.22594762717111 62.856392437784656 36.7575554167507 9.367460607048944 40.62069181127131 0.0 59.25292662985141 57.47597398187405 42.706864489910835 17.7247339308064 11.996863384495512 68.6551806521666 58.87070921146149 55.353654336532315 41.02484549051502
65.02542310716427 49.135524515204935 37.09282270644881 55.864027470226 68.16364176015027 50.01127524912494 36.46826484119563 53.66794776536006 50.12625538285286 63.66980207634575 51.32022155155067 50.728399019189084 45.121394558826275 10.210639439771098 63.577394690424406 57.6161214754493 10.210639439771098 37.14711452196505 56.48488285572924 45.4413365245537 48.419043600851516 58.5250148010239 45.90275072401687 41.605609254568805 56.27116815565859 42.58126236164157 47.99509669252007 68.18227164867892 58.29657174064306 60.09586132885993 42.65937013370164 37.578625282097434 49.89801894276882 37.916057020420205 59.25292662985141 0.0 52.568459077216076 48.99577823693979 60.49351445642362 52.33532481867457 42.51332658396251 71.48207183053485 71.34014179912948 50.08319235169313
42.02645397343216 28.889376541619946 30.119041470665042 36.44196184911638 16.38754123591331 21.71962554471188 22.255693623868996 55.9043903778764 62.63995561605275 45.46829120052605 45.644542330531316 32.03780933731411 31.917789970041483 46.20344773778748 26.160531126081324 56.76669767291266 46.20344773778748 28.171248547940497 71.04281598316028 35.42554294697608 27.910396241938646 8.989028917192554 25.998651752921546 11.005899343305334 64.31072937223429 25.45212751854944 24.151655428100256 71.48242230028222 70.8690816278233 33.544382167384384 14.385498999891558 24.29910774330729 52.84555520360614 20.6450447146118 57.47597398187405 52.568459077216076 0.0 14.797539534937236 71.79831980112793 61.37613076072868 20.362678993272507 21.219204744104967 22.97990560453622 16.64152500269302
28.330707094226387 40.7332651577112 17.74464289735868 21.844656567424906 22.366404356958174 6.994566675097509 29.275589403255992 41.34445446392718 48.7184358838685 31.195219299405945 30.94767404112393 44.01523214245541 42.44988726875722 45.31923616114601 16.27323658537211 42.03283204592 45.31923616114601 16.09804930937452 56.98685350799906 20.986175951272127 39.63788512524118 23.569799161840052 37.117934086804475 15.569447086396021 49.900753648880006 11.756041294624103 36.01148832102189 56.718578379486836 56.63320063055006 47.253411369287456 23.686973896335157 13.098816984640232 38.460868260382505 11.23595083207953 42.706864489910835 48.99577823693979 14.797539534937236 0.0 57.43291330151243 47.15606400222752 30.30915229678917 23.704088074275482 22.692880811210042 2.181592960858903
41.44843655075533 90.72879120321495 42.81533098790675 39.43928453031046 77.38509906482071 51.21229257722179 75.21820677021222 16.373794513312067 10.861113217111225 36.11981030019908 27.042110411483574 93.73384383600862 89.77497146294299 66.93347898750605 57.17501598136729 17.36657848468986 66.93347898750605 44.79362798194438 4.87236154665299 36.45103556198644 89.61868608206996 80.77172858406786 86.57784455776732 67.0059408840869 7.553088777792111 46.37859241529213 86.8620214237811 11.172309623199544 2.342596312734122 100.15670110808186 74.71512124340396 48.75455557120462 18.974800205610048 52.78511114008357 17.7247339308064 60.49351445642362 71.79831980112793 57.43291330151243 0.0 10.593426335427834 79.79908685820837 75.7658587650809 72.44650218725754 56.05689706612715
34.085113992507 80.20127160173338 32.22428499784919 30.4551495469441 67.63199803107828 41.137864868044836 64.73532783090519 7.6253681966657965 3.841244059078047 29.071162331134765 17.588085107123018 83.22526209437899 79.34193292035081 57.91501069767668 48.18655829572983 10.760886457765757 57.91501069767668 34.20444309444585 10.000946967768643 26.19081116322636 79.08802487926462 70.36063798064163 76.05190296397895 56.41594429569703 3.9964728416639903 35.92711893153857 76.30099534420835 15.851172117781273 9.493515504398653 89.57546512780732 64.1259682602006 38.169860027328525 8.881695714217688 42.200056463509235 11.996863384495512 52.33532481867457 61.37613076072868 47.15606400222752 10.593426335427834 0.0 69.24639696247444 66.38658375912605 63.27452486474535 45.87237226487024
58.46210631633294 11.106515197628248 37.44329470973422 51.037065237591094 35.53465198794223 36.711620633032396 6.118592547665605 65.54589434227532 69.41714895658531 60.76867655741904 56.71190482372292 14.308989457150547 12.150815483545225 33.57202631256165 45.22683134101652 67.56236685658529 33.57202631256165 35.57856166242199 77.86076384791994 46.13798140600201 9.972644111259232 20.437832451054895 7.068825323503043 14.920430351875432 72.81652149245357 36.12166575653481 7.097412168482312 82.12623867751533 78.36413772524992 20.61507420944544 6.643290042929158 31.898750380835164 61.850599156929434 28.064138706331175 68.6551806521666 42.51332658396251 20.362678993272507 30.30915229678917 79.79908685820837 69.24639696247444 0.0 41.04796923646342 43.23001062850549 32.489739427527745
37.17682200796583 47.81153144111527 40.992899599615214 36.37053808340016 6.077626347621317 26.71771044847502 43.46303442887698 59.443194649075714 68.72067293787254 42.199130253900115 48.85755020022437 50.61762318424796 51.74565772437765 66.30551495073588 18.96060986763438 58.749465549588855 66.30551495073588 39.542024285071236 76.37871132310099 41.24066705276592 47.01106182135861 22.143629660779343 45.726764554031035 31.407885640601428 68.3183658943857 34.492123883255516 43.403723816629025 72.26316123785777 75.47617450265125 49.17763119928858 35.50662405045521 36.791905524010396 57.52537023360446 34.71233772838881 58.87070921146149 71.48207183053485 21.219204744104967 23.704088074275482 75.7658587650809 66.38658375912605 41.04796923646342 0.0 4.271515165573776 23.561737258978564
33.24214968825344 50.641456761338 39.29986907673213 33.00777358501711 9.780691036267593 24.64078446324557 45.14048996985582 56.19196582379444 65.74464746330428 38.35075194454086 45.694138165063315 53.548498919959826 54.329268763106846 66.71848461864363 15.3274545954915 55.30459235818186 66.71848461864363 37.99369208493508 73.24035525685895 38.63276357253422 49.7896313590511 25.250381185493932 48.31531019732755 32.41937859815723 65.05332118228672 32.69511026873659 46.11681250918022 68.58758635193608 72.24313064253322 52.63202556532745 37.362602637874886 35.57186058663636 54.45340860636038 33.91273426650527 55.353654336532315 71.34014179912948 22.97990560453622 22.692880811210042 72.44650218725754 63.27452486474535 43.23001062850549 4.271515165573776 0.0 22.16681391926685
26.16737623903809 42.90860945485581 17.467300759914007 19.8431627923489 22.78813537279429 5.089975549269764 31.40168673232024 39.873203367870964 47.567805199280855 29.103700429176847 29.379505511983258 46.18998601432083 44.62935745969018 46.76269335989339 14.444658636032827 40.40328469046489 46.76269335989339 15.980406953683303 55.76120591517703 19.685436567484707 41.81436830495964 25.268092556153437 39.298872627747514 17.73282077427995 48.51063758309603 11.118258697865752 38.18349939927995 55.03622235689605 55.324735110417826 49.3536755975654 25.868430362865308 13.408165444482966 37.10957456203454 12.169198853890231 41.02484549051502 50.08319235169313 16.64152500269302 2.181592960858903 56.05689706612715 45.87237226487024 32.489739427527745 23.561737258978564 22.16681391926685 0.0
