0 34 121 113 133 46 54 106 29 59 70 76 47 29 108 132 60 51 81 53 8 29 87 50 119 31 57 103 30 55 20 54 28 33 82 101 25 29 58 49 141 126 112 99 88 79 73 70 72 78 134 119 104 90 77 67 59 57 59 66 129 113 97 82 68 55 46 43 46 55 125 108 92 75 60 45 34 29 34 45 123 105 88 71 54 38 23 15 23 38 122 104 87 70 52 35 18 1 18 35 122 105 88 71 54 38 22 14 22 37 125 108 91 75 59 44 32 27 32 44 128 112 96 81 67 54 45 41 45 54 134 118 103 89 76 65 58 55 58 65
34 0 148 139 162 34 80 138 57 77 84 108 81 62 134 160 81 23 110 55 35 62 118 82 146 27 85 135 62 75 40 87 60 66 115 132 57 14 91 56 174 159 144 130 117 105 94 86 81 80 168 152 137 122 108 94 83 74 68 66 163 146 130 115 100 85 72 62 55 52 159 142 125 109 93 78 63 51 41 39 156 139 122 105 88 72 56 41 29 25 154 137 120 103 85 68 51 34 19 11 154 137 119 102 85 67 50 33 16 4 155 138 120 103 86 69 53 37 23 17 157 140 123 107 90 74 59 45 34 31 160 144 127 111 96 81 67 55 47 45
121 148 0 10 23 166 133 45 93 74 168 56 96 100 14 15 147 150 42 168 116 97 45 76 9 151 127 43 93 76 135 76 112 94 77 42 117 135 74 160 126 125 127 130 137 144 154 165 176 189 112 111 113 117 124 133 143 154 167 180 97 97 99 104 112 121 132 145 158 172 83 82 85 91 100 110 123 136 150 165 69 68 71 79 88 100 114 128 143 159 55 54 58 67 78 92 106 121 137 153 41 40 45 56 69 84 100 116 132 149 28 26 34 47 63 79 95 112 129 146 17 12 25 42 59 76 93 110 127 144 13 7 23 40 58 75 92 110 127 144
113 139 10 0 32 158 128 46 85 65 162 52 90 93 8 24 142 140 36 161 108 90 42 69 15 143 123 44 86 66 128 70 105 87 75 43 110 126 69 154 128 126 126 129 134 141 149 159 170 183 114 112 112 115 121 128 138 149 161 173 100 98 98 102 108 117 127 139 151 165 86 84 84 88 96 105 117 129 143 157 73 69 70 75 84 95 107 121 135 151 59 55 56 63 73 85 99 114 129 145 46 41 43 51 63 77 92 108 124 140 34 27 30 40 55 70 87 103 120 137 25 13 18 33 50 66 84 101 118 135 22 5 14 31 48 65 83 100 117 135
133 162 23 32 0 177 136 38 105 92 171 60 100 108 32 10 150 166 52 176 128 106 48 84 18 162 129 38 104 93 144 82 119 103 74 38 124 149 80 167 112 113 118 125 133 144 155 168 181 195 97 100 105 112 122 133 145 159 173 187 83 86 92 100 111 123 137 151 165 181 69 72 79 89 101 114 129 144 159 175 55 59 67 79 92 107 122 138 154 170 40 46 57 70 85 100 116 133 149 166 26 34 48 63 79 96 112 129 146 163 13 26 42 59 76 93 110 127 145 162 7 23 41 58 75 92 110 127 144 162 19 29 44 60 77 94 111 128 145 163
46 34 166 158 177 0 67 147 74 102 58 119 83 69 153 176 62 55 126 25 52 71 130 93 163 16 74 145 74 99 34 96 61 75 119 143 56 45 100 30 167 151 134 118 103 88 74 61 52 47 164 147 130 114 97 81 66 51 40 34 162 144 127 110 93 76 60 44 29 20 161 143 126 109 91 74 57 40 23 7 161 143 126 109 92 74 57 40 24 10 162 145 128 111 94 77 61 45 31 23 165 148 131 114 98 82 67 53 42 36 168 152 135 120 104 89 75 63 54 50 173 157 141 126 111 98 85 75 67 64 179 163 148 134 120 107 96 87 80 77
54 80 133 128 136 67 0 101 63 97 36 78 39 45 122 139 14 102 93 51 60 48 90 62 128 58 9 99 55 93 41 59 32 49 65 99 31 80 60 42 101 85 68 52 37 25 23 32 46 62 99 82 65 48 31 15 10 24 41 58 99 82 65 48 30 14 9 24 41 58 101 84 68 51 36 24 21 31 45 61 105 89 73 58 45 36 35 41 53 67 110 95 81 67 57 50 48 53 62 75 117 103 90 78 69 63 62 66 74 84 125 112 100 90 82 77 76 79 86 95 134 122 111 102 95 91 90 92 98 106 144 133 123 114 108 105 104 106 111 118
106 138 45 46 38 147 101 0 81 81 136 30 67 79 40 44 114 146 35 144 103 77 21 56 37 133 93 4 77 79 114 52 87 74 37 6 93 127 48 135 82 81 83 88 96 106 119 132 146 161 69 66 69 75 85 96 110 124 139 154 55 52 55 63 74 87 102 117 133 149 41 38 42 52 65 80 96 112 128 145 29 24 30 43 58 74 91 108 125 142 19 10 21 37 54 71 88 106 123 140 18 6 19 36 54 71 88 105 123 140 26 20 27 41 57 73 90 107 124 141 38 34 39 49 63 78 94 110 127 144 51 48 52 60 72 85 100 115 131 148
29 57 93 85 105 74 63 81 0 35 90 52 37 20 80 104 74 66 53 80 24 17 62 27 91 59 63 78 10 31 45 32 32 18 64 76 34 46 37 73 130 117 106 97 90 86 85 88 95 103 121 107 95 85 77 72 72 75 82 92 113 99 85 73 64 58 58 62 71 82 107 91 76 63 52 45 44 50 60 73 102 85 69 54 41 31 30 38 51 66 98 81 64 48 32 19 17 29 45 61 97 80 63 45 28 11 8 25 42 60 98 81 64 47 31 17 15 28 44 61 101 84 68 53 39 29 28 37 50 65 105 90 75 61 49 42 42 48 58 72
59 77 74 65 92 102 97 81 35 0 124 57 65 53 62 88 108 76 46 112 52 50 61 44 75 88 95 77 43 5 78 50 66 49 79 75 69 64 54 107 148 138 130 124 120 118 120 123 129 137 136 126 117 110 106 105 106 110 116 125 126 114 105 97 92 91 92 97 104 114 116 103 93 84 79 77 79 84 93 103 107 93 81 72 65 63 65 72 82 94 99 85 71 60 52 49 52 60 72 85 93 77 62 49 39 35 39 50 63 78 89 72 56 40 27 21 28 41 57 73 87 69 52 35 18 7 20 36 53 71 87 69 52 35 19 8 20 37 54 71
70 84 168 162 171 58 36 136 90 124 0 113 73 73 156 174 22 107 127 34 78 77 125 94 162 57 43 135 83 120 51 93 60 79 100 134 56 90 94 29 127 110 92 75 58 41 23 6 12 30 128 111 93 76 59 43 27 15 18 33 130 113 96 80 64 49 36 28 30 40 134 117 101 86 71 58 48 42 43 51 139 123 108 93 80 69 60 56 57 62 145 130 116 102 90 80 73 69 70 75 152 138 125 112 101 93 86 83 84 88 160 147 134 123 113 105 100 97 97 101 169 157 145 134 125 118 113 111 111 114 179 167 156 146 138 131 127 124 125 127
76 108 56 52 60 119 78 30 52 57 113 0 41 50 45 62 91 118 20 117 74 48 13 27 50 104 72 27 47 55 86 23 60 45 26 25 65 98 20 108 92 85 80 80 83 89 98 109 122 135 80 71 66 66 69 77 87 100 113 128 69 59 52 51 56 65 77 91 106 121 59 47 39 38 44 55 69 84 100 116 51 37 26 24 33 47 63 79 96 113 47 30 14 11 26 42 59 76 94 111 46 29 13 9 25 42 59 76 93 111 50 35 23 21 31 46 62 79 95 112 57 45 36 35 42 54 68 83 99 116 67 56 50 49 54 63 76 90 105 120
47 81 96 90 100 83 39 67 37 65 73 41 0 20 84 102 52 96 55 78 48 22 53 24 90 69 34 65 27 61 49 21 22 20 36 64 27 74 22 68 96 82 70 61 55 55 60 70 81 95 88 73 60 48 42 42 48 59 73 88 83 66 51 37 28 28 37 51 66 83 79 62 45 29 15 15 29 45 62 79 78 61 44 26 9 9 27 44 61 78 80 63 47 31 18 19 31 47 63 80 84 68 53 40 32 31 40 53 68 84 90 75 62 51 45 45 51 62 75 90 98 84 73 64 59 59 64 72 84 97 107 95 85 77 73 73 77 84 94 106
29 62 100 93 108 69 45 79 20 53 73 50 20 0 87 109 56 77 58 69 29 4 62 25 96 55 43 76 11 49 37 27 14 6 53 74 18 55 31 61 115 101 89 78 71 66 67 71 80 90 108 93 79 67 58 53 53 59 69 81 101 86 71 57 45 39 40 47 59 73 97 80 64 48 35 25 26 37 51 67 95 77 60 43 27 13 15 30 46 64 94 77 60 42 25 9 12 28 46 63 96 79 62 46 31 20 21 33 49 65 99 83 68 53 41 33 34 43 55 70 105 90 75 63 52 47 47 54 64 78 112 98 85 74 65 61 61 66 75 86
108 134 14 8 32 153 122 40 80 62 156 45 84 87 0 26 135 137 29 155 103 84 35 63 14 138 116 38 80 63 122 63 99 81 68 36 104 122 62 147 122 120 120 122 127 134 142 153 164 176 108 106 106 108 114 122 131 142 154 167 95 91 91 95 101 110 120 132 145 159 81 77 77 81 89 98 110 123 137 152 67 63 63 68 77 88 101 115 130 145 54 49 49 56 66 79 93 108 124 140 42 35 36 44 57 71 87 103 119 136 32 21 23 34 49 66 82 99 116 133 25 9 12 29 46 63 80 97 115 132 26 12 14 29 46 63 80 98 115 132
132 160 15 24 10 176 139 44 104 88 174 62 102 109 26 0 153 163 51 177 127 106 50 85 14 161 133 43 103 89 145 84 120 103 79 43 125 147 81 169 120 122 125 131 139 148 159 171 183 197 106 108 112 118 127 137 149 161 175 189 92 94 98 106 115 127 139 153 167 181 78 80 85 94 105 117 130 145 160 175 63 66 73 83 95 108 123 138 153 169 49 52 61 72 86 101 116 132 148 165 35 40 50 64 79 95 111 128 144 161 21 28 42 57 74 91 108 125 142 159 6 20 37 54 71 89 106 123 141 158 9 21 38 55 72 89 106 123 141 158
60 81 147 142 150 62 14 114 74 108 22 91 52 56 135 153 0 104 107 43 67 59 104 75 141 57 21 113 66 104 43 73 43 60 78 112 40 84 73 34 110 93 75 58 42 26 14 18 33 49 109 92 74 57 40 22 5 13 30 48 110 93 76 59 43 27 17 20 34 50 113 96 80 64 50 37 30 32 42 56 117 102 86 72 59 49 44 45 53 64 123 108 94 81 70 62 58 59 65 74 131 116 103 92 82 75 72 72 77 85 139 126 114 103 94 88 85 86 90 97 148 136 124 115 107 102 99 100 103 109 158 146 136 127 120 115 113 113 116 122
51 23 150 140 166 55 102 146 66 76 107 118 96 77 137 163 104 0 116 77 48 76 126 92 150 50 106 143 73 75 61 98 78 79 129 141 75 23 103 79 191 176 163 149 137 126 117 109 104 101 184 169 154 140 127 115 105 96 91 88 177 162 147 132 118 105 94 84 77 74 172 156 140 125 110 96 83 72 64 61 167 151 134 118 103 88 74 61 52 47 164 147 130 114 97 81 66 51 40 33 162 145 127 110 93 76 60 44 29 20 161 143 126 109 92 74 57 40 23 7 161 144 126 109 92 75 57 40 24 10 162 145 128 111 94 77 61 45 32 23
81 110 42 36 52 126 93 35 53 46 127 20 55 58 29 51 107 116 0 127 77 56 16 34 38 111 88 32 52 45 94 35 70 53 45 29 75 98 34 119 109 103 100 99 102 107 115 124 135 148 97 90 86 85 88 94 103 113 126 139 84 76 72 71 75 82 92 104 117 131 73 63 58 57 62 70 81 95 109 124 62 51 44 43 49 59 73 87 103 119 54 40 31 29 37 50 65 81 98 114 48 32 18 16 28 44 61 78 95 112 46 28 11 7 25 42 59 76 94 111 48 32 18 16 28 44 61 78 95 112 54 40 31 30 38 51 66 81 98 115
53 55 168 161 176 25 51 144 80 112 34 117 78 69 155 177 43 77 127 0 61 72 129 93 164 29 60 142 76 108 35 94 58 75 111 140 52 64 97 10 152 135 118 101 85 68 52 38 28 26 150 133 116 99 81 64 47 31 16 13 150 133 115 98 81 63 46 29 12 7 151 134 116 99 82 65 49 33 20 18 153 136 119 103 86 70 55 42 32 31 156 140 124 108 92 77 64 53 46 45 161 145 129 114 99 86 74 65 59 58 167 151 136 122 108 96 85 77 72 72 173 158 144 130 118 107 97 90 86 85 181 166 153 140 128 118 110 103 100 99
8 35 116 108 128 52 60 103 24 52 78 74 48 29 103 127 67 48 77 61 0 28 84 47 114 37 62 100 27 48 28 52 31 32 81 98 30 26 57 56 143 129 115 103 93 85 80 78 80 86 136 121 106 93 81 72 66 64 67 74 130 114 99 84 71 60 53 50 54 62 125 108 92 77 62 49 40 37 41 52 121 104 88 71 55 40 27 23 30 43 120 102 85 68 51 34 18 9 22 38 119 102 85 68 50 33 17 6 21 38 121 104 87 70 54 38 25 20 28 42 124 107 91 75 60 47 37 34 39 50 129 113 97 83 69 58 50 48 51 60
29 62 97 90 106 71 48 77 17 50 77 48 22 4 84 106 59 76 56 72 28 0 60 22 93 57 47 75 7 45 39 26 18 4 54 73 22 54 30 64 117 103 91 81 74 70 71 75 83 94 109 94 81 69 61 56 57 63 72 84 102 87 72 59 48 42 43 51 62 76 97 81 65 50 37 29 30 40 54 69 94 77 60 43 27 15 18 32 48 65 93 76 58 41 24 7 12 29 46 64 94 77 60 44 28 16 19 32 49 65 97 81 65 50 37 29 31 41 54 70 102 87 72 59 49 43 44 51 63 76 109 95 81 70 61 57 58 63 73 85
87 118 45 42 48 130 90 21 62 61 125 13 53 62 35 50 104 126 16 129 84 60 0 38 38 116 83 17 58 59 98 35 72 56 33 15 77 107 32 120 94 89 87 88 93 100 110 121 134 148 81 75 73 74 80 88 99 112 125 140 69 61 58 60 67 77 90 103 118 133 57 48 44 47 55 67 81 96 112 128 47 35 30 34 45 59 75 91 107 124 39 24 16 23 37 54 70 87 104 122 36 19 2 17 34 51 69 86 103 121 38 23 13 21 36 53 70 87 104 121 45 33 27 32 44 58 74 90 107 124 55 46 42 45 53 66 80 95 111 127
50 82 76 69 84 93 62 56 27 44 94 27 24 25 63 85 75 92 34 93 47 22 38 0 72 78 57 53 21 40 61 7 37 19 39 51 42 72 12 85 106 95 87 80 78 79 84 92 102 114 97 84 74 67 64 65 71 80 92 105 88 74 62 54 50 52 59 70 83 97 81 66 52 41 36 39 48 61 76 91 75 59 43 30 22 26 39 54 70 87 73 56 38 22 8 17 33 50 67 85 73 56 38 22 8 17 33 50 67 85 75 59 43 29 22 26 39 54 70 87 81 65 52 41 35 38 48 61 75 91 88 74 62 53 49 51 59 70 83 97
119 146 9 15 18 163 128 37 91 75 162 50 90 96 14 14 141 150 38 164 114 93 38 72 0 148 121 35 90 76 132 71 107 90 69 34 113 134 69 156 117 117 118 123 129 138 148 159 171 184 103 102 105 110 117 126 137 149 162 176 89 88 91 97 105 115 127 140 154 168 75 74 77 84 93 105 118 132 147 162 61 60 64 72 83 96 110 125 140 156 47 46 51 61 73 88 103 119 135 151 33 32 39 51 66 81 98 114 131 148 21 18 29 44 61 77 94 111 129 146 12 7 24 41 58 76 93 110 128 145 17 14 27 43 60 77 94 111 128 145
31 27 151 143 162 16 58 133 59 88 57 104 69 55 138 161 57 50 111 29 37 57 116 78 148 0 65 131 59 84 21 81 47 60 105 129 43 35 85 30 157 141 125 110 95 81 69 60 55 55 153 136 120 103 88 73 59 48 41 41 149 132 116 99 82 66 51 37 28 28 148 130 113 96 79 62 45 29 15 16 147 130 112 95 78 61 43 26 9 10 148 131 114 96 79 62 46 30 18 18 150 133 116 100 83 67 52 39 30 31 153 137 121 105 89 74 61 50 44 44 158 142 126 111 97 83 71 62 57 57 164 148 133 119 105 93 83 75 71 71
57 85 127 123 129 74 9 93 63 95 43 72 34 43 116 133 21 106 88 60 62 47 83 57 121 65 0 92 54 91 46 54 32 47 57 91 32 84 54 50 94 77 61 45 32 24 27 39 54 70 91 74 57 40 24 10 17 33 49 66 91 74 56 39 22 7 15 32 49 66 93 76 59 43 29 20 23 36 52 68 97 81 65 51 39 33 36 45 58 73 102 87 73 61 52 47 49 56 67 80 110 96 83 72 65 61 62 68 77 89 118 105 94 85 78 75 76 81 89 99 128 116 106 97 92 89 90 94 101 110 138 127 118 110 105 103 103 107 113 121
103 135 43 44 38 145 99 4 78 77 135 27 65 76 38 43 113 143 32 142 100 75 17 53 35 131 92 0 74 76 112 50 85 71 37 3 91 124 46 133 85 83 84 88 96 106 118 131 144 159 71 68 70 76 84 96 108 122 137 152 58 54 56 63 74 86 100 115 131 147 44 40 43 52 64 78 94 110 126 142 32 26 30 42 56 72 89 105 122 139 23 12 19 35 52 69 86 103 120 137 20 4 16 33 51 68 85 102 120 137 26 18 24 37 53 70 87 104 121 138 38 32 36 46 59 75 91 107 124 140 50 46 49 57 68 82 96 112 128 144
30 62 93 86 104 74 55 77 10 43 83 47 27 11 80 103 66 73 52 76 27 7 58 21 90 59 54 74 0 38 43 26 24 8 56 72 28 52 30 69 121 108 97 87 80 77 77 82 89 99 112 98 86 75 67 63 64 69 77 89 105 90 76 64 54 49 50 56 67 80 99 83 68 54 42 35 37 45 58 72 95 78 62 46 32 22 24 36 51 67 93 76 59 42 25 9 14 30 47 64 93 76 59 42 25 10 14 30 47 64 96 79 62 46 32 23 25 36 51 67 100 84 68 54 43 36 38 46 58 73 106 91 77 65 55 50 51 57 68 80
55 75 76 66 93 99 93 79 31 5 120 55 61 49 63 89 104 75 45 108 48 45 59 40 76 84 91 76 38 0 74 47 62 45 76 73 65 61 51 103 145 135 126 120 116 114 115 119 125 133 134 123 114 107 102 100 101 106 112 121 123 112 101 94 88 86 88 93 100 110 114 101 90 81 75 72 74 80 89 100 105 91 79 68 61 58 61 68 78 90 98 83 69 57 48 44 48 56 68 82 92 76 61 47 35 31 35 46 60 76 89 72 55 39 24 17 24 38 55 71 87 70 53 35 18 3 18 35 52 69 88 71 54 37 22 12 21 37 53 70
20 40 135 128 144 34 41 114 45 78 51 86 49 37 122 145 43 61 94 35 28 39 98 61 132 21 46 112 43 74 0 63 28 42 85 110 23 41 66 29 137 121 106 91 77 65 56 52 52 59 133 116 100 84 69 55 44 38 39 47 129 112 95 79 62 47 33 24 26 38 128 110 93 76 59 42 25 11 15 31 127 110 93 75 58 41 24 8 13 30 129 111 94 77 61 45 30 20 22 35 131 115 98 82 66 52 40 33 35 44 135 119 104 88 74 62 52 47 48 55 141 126 111 97 84 73 65 60 61 67 148 133 119 106 94 85 78 74 75 79
54 87 76 70 82 96 59 52 32 50 93 23 21 27 63 84 73 98 35 94 52 26 35 7 71 81 54 50 26 47 63 0 37 22 32 48 43 77 5 86 100 89 80 75 73 75 81 90 101 114 90 78 68 61 59 62 69 79 92 106 81 68 56 47 45 48 57 70 84 99 75 59 45 35 31 36 48 62 77 94 70 53 37 23 17 25 40 56 73 90 68 51 34 16 3 20 37 54 71 89 69 52 36 20 12 23 39 55 72 89 73 57 43 31 26 33 45 60 76 92 79 65 52 43 40 45 54 67 82 97 87 75 64 57 54 58 65 76 89 103
28 60 112 105 119 61 32 87 32 66 60 60 22 14 99 120 43 78 70 58 31 18 72 37 107 47 32 85 24 62 28 37 0 19 58 84 6 56 40 49 114 99 85 72 62 56 54 58 66 78 108 92 77 63 51 42 40 45 56 69 103 87 71 55 40 29 27 34 47 62 101 84 67 50 33 18 13 25 41 58 100 83 66 48 31 14 5 22 39 57 101 84 67 51 35 21 17 27 42 59 105 88 72 57 43 33 31 37 49 64 110 94 79 65 54 46 44 49 59 71 116 101 88 76 66 60 58 62 70 81 124 110 98 87 78 73 72 75 82 91
33 66 94 87 103 75 49 74 18 49 79 45 20 6 81 103 60 79 53 75 32 4 56 19 90 60 47 71 8 45 42 22 19 0 50 69 24 57 26 67 114 101 89 79 73 70 71 77 85 96 106 91 78 67 59 56 58 64 74 87 99 83 69 56 46 42 44 53 65 79 94 77 61 47 34 28 32 43 57 73 91 73 57 40 24 14 21 35 52 69 89 72 55 38 20 3 15 33 50 67 91 74 57 40 25 15 21 36 52 69 94 78 62 47 35 29 32 43 57 73 99 84 69 57 47 43 45 53 65 79 106 92 79 68 60 57 58 65 75 87
82 115 77 75 74 119 65 37 64 79 100 26 36 53 68 79 78 129 45 111 81 54 33 39 69 105 57 37 56 76 85 32 58 50 0 36 63 107 27 102 69 60 55 55 61 70 82 96 111 126 58 47 41 41 48 60 74 89 105 121 50 36 27 28 38 52 67 84 100 117 44 28 14 16 30 46 63 80 98 115 43 25 8 11 28 45 62 80 97 114 46 30 19 20 32 48 65 81 98 115 53 40 32 33 42 55 70 85 102 118 62 52 46 47 53 64 77 91 107 123 73 65 60 60 65 74 86 99 113 128 85 78 74 74 78 86 96 108 121 135
101 132 42 43 38 143 99 6 76 75 134 25 64 74 36 43 112 141 29 140 98 73 15 51 34 129 91 3 72 73 110 48 84 69 36 0 89 122 44 131 87 84 85 89 96 106 117 130 143 158 73 70 71 76 84 95 108 121 136 151 60 56 57 63 73 85 99 114 129 145 47 41 43 51 63 77 92 108 124 141 35 27 30 41 55 71 87 104 120 137 25 13 19 33 50 67 84 101 118 135 22 5 14 31 48 66 83 100 118 135 27 17 21 35 51 68 84 101 119 136 38 31 33 43 57 72 88 105 121 138 50 45 47 54 66 79 94 109 125 142
25 57 117 110 124 56 31 93 34 69 56 65 27 18 104 125 40 75 75 52 30 22 77 42 113 43 32 91 28 65 23 43 6 24 63 89 0 53 45 44 117 102 88 75 63 55 52 55 62 73 112 96 80 65 52 42 38 42 51 64 108 91 75 58 43 30 24 29 42 57 106 88 71 54 37 21 11 20 36 53 105 88 71 53 36 19 4 17 35 52 107 90 73 56 40 26 18 25 39 55 110 93 77 62 48 37 32 36 47 61 115 99 84 70 58 50 46 49 57 69 121 106 93 80 70 63 60 62 69 79 129 115 102 91 82 76 74 75 81 89
29 14 135 126 149 45 80 127 46 64 90 98 74 55 122 147 84 23 98 64 26 54 107 72 134 35 84 124 52 61 41 77 56 57 107 122 53 0 82 63 169 154 140 127 116 105 97 91 89 89 162 147 132 118 105 94 84 78 75 76 156 140 124 110 96 83 72 65 61 62 151 134 118 103 88 74 61 52 47 49 147 130 113 97 81 65 51 40 34 36 144 127 110 93 76 60 44 29 20 24 143 126 108 91 74 57 39 22 7 15 143 126 109 91 74 57 40 23 10 16 145 127 110 94 77 60 45 31 23 26 147 131 114 98 82 67 53 42 36 39
58 91 74 69 80 100 60 48 37 54 94 20 22 31 62 81 73 103 34 97 57 30 32 12 69 85 54 46 30 51 66 5 40 26 27 44 45 82 0 88 95 84 76 71 70 74 81 91 103 116 85 73 63 58 57 61 69 80 94 108 77 63 51 44 43 48 58 72 86 102 70 54 40 30 29 37 49 64 80 97 65 49 32 18 15 27 43 60 77 94 64 47 29 12 6 24 41 58 76 93 65 49 33 19 16 28 43 60 77 94 70 55 41 31 30 37 50 65 81 97 77 63 52 45 43 49 59 72 87 102 86 74 64 58 57 61 70 81 94 108
49 56 160 154 167 30 42 135 73 107 29 108 68 61 147 169 34 79 119 10 56 64 120 85 156 30 50 133 69 103 29 86 49 67 102 131 44 63 88 0 142 125 108 92 75 59 44 32 26 30 140 123 106 89 72 55 38 22 12 20 140 123 105 88 71 53 36 19 3 17 141 124 107 90 73 56 40 25 17 23 143 126 110 93 77 61 47 35 30 34 147 130 114 98 83 69 57 48 44 47 152 136 120 105 91 79 68 61 58 60 158 142 128 114 101 89 80 74 71 73 165 150 136 123 111 101 93 87 85 87 172 158 145 133 122 113 106 101 99 100
141 174 126 128 112 167 101 82 130 148 127 92 96 115 122 120 110 191 109 152 143 117 94 106 117 157 94 85 121 145 137 100 114 114 69 87 117 169 95 142 0 18 35 52 70 87 104 122 139 156 15 23 38 54 71 88 105 122 140 157 29 34 45 60 75 91 108 125 142 159 43 47 55 68 82 97 113 129 145 162 58 60 67 77 90 104 119 134 150 166 72 74 80 88 99 112 126 140 156 171 86 88 93 100 110 122 134 148 162 177 100 102 106 112 121 132 144 156 170 184 115 116 119 125 133 143 154 166 179 192 129 130 133 138 145 154 164 176 188 201
126 159 125 126 113 151 85 81 117 138 110 85 82 101 120 122 93 176 103 135 129 103 89 95 117 141 77 83 108 135 121 89 99 101 60 84 102 154 84 125 18 0 18 35 52 70 87 104 122 139 23 15 23 38 54 71 88 105 122 140 34 29 34 45 60 75 91 108 125 142 47 43 46 55 67 82 97 112 129 145 60 57 60 67 77 90 104 118 134 150 74 72 73 79 88 99 112 126 140 155 88 86 87 92 100 110 121 134 148 162 102 100 101 105 112 121 131 143 156 170 116 114 115 119 125 133 142 153 165 178 130 128 129 132 138 145 154 164 175 187
112 144 127 126 118 134 68 83 106 130 92 80 70 89 120 125 75 163 100 118 115 91 87 87 118 125 61 84 97 126 106 80 85 89 55 85 88 140 76 108 35 18 0 18 35 52 70 87 104 122 38 23 15 23 38 54 71 88 105 122 45 34 29 34 45 60 75 91 108 125 55 46 43 46 55 67 81 97 112 129 67 60 57 60 67 77 90 104 118 134 80 73 71 73 79 88 99 112 126 140 93 87 85 87 92 99 109 121 134 148 106 101 99 101 105 112 121 131 143 156 119 115 114 115 118 124 132 142 153 165 133 129 128 129 132 137 144 153 163 175
99 130 130 129 125 118 52 88 97 124 75 80 61 78 122 131 58 149 99 101 103 81 88 80 123 110 45 88 87 120 91 75 72 79 55 89 75 127 71 92 52 35 18 0 18 35 52 70 87 104 54 38 23 15 23 38 54 71 88 105 60 45 34 29 33 45 59 75 91 108 68 55 46 43 46 55 67 81 97 112 77 67 60 57 59 66 77 89 103 118 88 79 73 71 73 79 88 99 112 125 100 92 87 85 87 91 99 109 121 134 112 105 101 99 100 105 111 120 131 143 125 119 115 113 114 118 124 132 141 152 138 132 129 127 128 131 137 144 153 163
88 117 137 134 133 103 37 96 90 120 58 83 55 71 127 139 42 137 102 85 93 74 93 78 129 95 32 96 80 116 77 73 62 73 61 96 63 116 70 75 70 52 35 18 0 18 35 52 70 87 71 54 38 23 15 23 38 54 71 88 75 60 45 33 29 33 45 59 75 91 82 67 55 46 43 46 55 67 81 96 90 77 67 59 57 59 66 77 89 103 99 88 79 73 71 73 78 87 99 111 110 100 92 87 85 86 91 99 109 120 121 112 105 100 99 100 104 111 120 130 133 125 118 114 113 114 117 123 131 141 145 138 132 128 127 127 131 136 143 152
79 105 144 141 144 88 25 106 86 118 41 89 55 66 134 148 26 126 107 68 85 70 100 79 138 81 24 106 77 114 65 75 56 70 70 106 55 105 74 59 87 70 52 35 18 0 18 35 52 70 88 71 54 38 23 14 23 38 54 71 91 75 60 45 33 28 33 45 59 75 97 82 67 55 46 42 46 55 67 81 104 90 77 66 59 56 59 66 76 89 112 99 88 79 73 70 72 78 87 98 122 110 99 91 86 84 86 91 98 108 132 121 112 105 100 98 99 104 110 119 143 133 124 118 114 112 113 117 123 131 154 145 137 131 127 126 127 130 135 143
73 94 154 149 155 74 23 119 85 120 23 98 60 67 142 159 14 117 115 52 80 71 110 84 148 69 27 118 77 115 56 81 54 71 82 117 52 97 81 44 104 87 70 52 35 18 0 18 35 52 105 88 71 54 38 23 14 23 38 54 108 91 75 59 45 33 28 33 45 59 113 97 81 67 55 46 42 46 54 67 119 104 90 77 66 59 56 59 66 76 126 112 99 88 78 72 70 72 78 87 134 121 109 99 91 86 84 85 90 98 144 131 121 111 104 99 98 99 103 110 154 142 132 124 117 113 112 113 116 122 164 154 144 137 131 127 125 126 130 135
70 86 165 159 168 61 32 132 88 123 6 109 70 71 153 171 18 109 124 38 78 75 121 92 159 60 39 131 82 119 52 90 58 77 96 130 55 91 91 32 122 104 87 70 52 35 18 0 18 35 122 105 88 71 54 38 23 14 23 38 125 108 91 75 59 45 33 28 33 45 129 112 97 81 67 55 46 42 45 54 134 118 104 89 77 66 59 56 58 65 140 126 112 99 87 78 72 70 72 77 148 134 121 109 99 91 85 83 85 90 156 143 131 120 111 104 99 97 99 103 166 153 142 132 123 117 113 111 112 116 176 164 153 144 136 130 126 125 126 129
72 81 176 170 181 52 46 146 95 129 12 122 81 80 164 183 33 104 135 28 80 83 134 102 171 55 54 144 89 125 52 101 66 85 111 143 62 89 103 26 139 122 104 87 70 52 35 18 0 18 140 122 105 88 71 54 38 23 14 23 142 125 108 91 75 59 45 33 28 33 145 129 112 97 81 67 54 45 42 45 150 134 118 103 89 76 66 58 55 58 156 140 126 112 99 87 78 72 69 71 162 148 134 121 109 98 90 85 83 85 170 156 143 131 120 110 103 99 97 98 179 165 153 141 131 123 116 112 110 112 188 175 163 153 143 135 130 126 124 125
78 80 189 183 195 47 62 161 103 137 30 135 95 90 176 197 49 101 148 26 86 94 148 114 184 55 70 159 99 133 59 114 78 96 126 158 73 89 116 30 156 139 122 104 87 70 52 35 18 0 157 140 122 105 88 71 54 38 23 14 159 142 125 108 91 75 59 45 33 28 162 145 129 112 96 81 67 54 45 42 166 150 134 118 103 89 76 65 58 55 171 155 140 125 111 98 87 77 71 69 177 162 148 134 120 108 98 90 85 83 184 170 156 143 130 119 110 103 98 96 192 178 165 152 141 131 122 116 112 110 201 187 175 163 152 143 135 129 125 124
134 168 112 114 97 164 99 69 121 136 128 80 88 108 108 106 109 184 97 150 136 109 81 97 103 153 91 71 112 134 133 90 108 106 58 73 112 162 85 140 15 23 38 54 71 88 105 122 140 157 0 18 35 52 70 87 104 122 139 156 15 23 38 54 71 88 105 122 140 157 29 34 45 60 75 91 108 125 142 159 43 47 55 68 82 97 113 129 145 162 58 60 67 77 90 104 119 134 150 166 72 74 80 88 99 112 126 140 156 171 86 88 93 100 110 122 134 148 162 177 100 102 106 112 121 132 144 156 170 184 115 116 119 125 133 143 154 166 179 192
119 152 111 112 100 147 82 66 107 126 111 71 73 93 106 108 92 169 90 133 121 94 75 84 102 136 74 68 98 123 116 78 92 91 47 70 96 147 73 123 23 15 23 38 54 71 88 105 122 140 18 0 18 35 52 70 87 104 122 139 23 15 23 38 54 71 88 105 122 140 34 29 34 45 60 75 91 108 125 142 47 43 46 55 67 82 97 112 129 145 60 57 60 67 77 90 104 118 134 150 74 72 73 79 88 99 112 126 140 155 88 86 87 92 100 110 121 134 148 162 102 100 101 105 112 121 131 143 156 170 116 114 115 119 125 133 142 153 165 178
104 137 113 112 105 130 65 69 95 117 93 66 60 79 106 112 74 154 86 116 106 81 73 74 105 120 57 70 86 114 100 68 77 78 41 71 80 132 63 106 38 23 15 23 38 54 71 88 105 122 35 18 0 18 35 52 70 87 104 122 38 23 15 23 38 54 71 88 105 122 45 34 29 34 45 60 75 91 108 125 55 46 43 46 55 67 81 97 112 129 67 60 57 60 67 77 90 104 118 134 80 73 71 73 79 88 99 112 126 140 93 87 85 87 92 99 109 121 134 148 106 101 99 101 105 112 121 131 143 156 119 115 114 115 118 124 132 142 153 165
90 122 117 115 112 114 48 75 85 110 76 66 48 67 108 118 57 140 85 99 93 69 74 67 110 103 40 76 75 107 84 61 63 67 41 76 65 118 58 89 54 38 23 15 23 38 54 71 88 105 52 35 18 0 18 35 52 70 87 104 54 38 23 15 23 38 54 71 88 105 60 45 34 29 33 45 59 75 91 108 68 55 46 43 46 55 67 81 97 112 77 67 60 57 59 66 77 89 103 118 88 79 73 71 73 79 88 99 112 125 100 92 87 85 87 91 99 109 121 134 112 105 101 99 100 105 111 120 131 143 125 119 115 113 114 118 124 132 141 152
77 108 124 121 122 97 31 85 77 106 59 69 42 58 114 127 40 127 88 81 81 61 80 64 117 88 24 84 67 102 69 59 51 59 48 84 52 105 57 72 71 54 38 23 15 23 38 54 71 88 70 52 35 18 0 18 35 52 70 87 71 54 38 23 15 23 38 54 71 88 75 60 45 33 29 33 45 59 75 91 82 67 55 46 43 46 55 67 81 96 90 77 67 59 57 59 66 77 89 103 99 88 79 73 71 73 78 87 99 111 110 100 92 87 85 86 91 99 109 120 121 112 105 100 99 100 104 111 120 130 133 125 118 114 113 114 117 123 131 141
67 94 133 128 133 81 15 96 72 105 43 77 42 53 122 137 22 115 94 64 72 56 88 65 126 73 10 96 63 100 55 62 42 56 60 95 42 94 61 55 88 71 54 38 23 14 23 38 54 71 87 70 52 35 18 0 18 35 52 70 88 71 54 38 23 14 23 38 54 71 91 75 60 45 33 28 33 45 59 75 97 82 67 55 46 42 46 55 67 81 104 90 77 66 59 56 59 66 76 89 112 99 88 79 73 70 72 78 87 98 122 110 99 91 86 84 86 91 98 108 132 121 112 105 100 98 99 104 110 119 143 133 124 118 114 112 113 117 123 131
59 83 143 138 145 66 10 110 72 106 27 87 48 53 131 149 5 105 103 47 66 57 99 71 137 59 17 108 64 101 44 69 40 58 74 108 38 84 69 38 105 88 71 54 38 23 14 23 38 54 104 87 70 52 35 18 0 18 35 52 105 88 71 54 38 23 14 23 38 54 108 91 75 59 45 33 28 33 45 59 113 97 81 67 55 46 42 46 54 67 119 104 90 77 66 59 56 59 66 76 126 112 99 88 78 72 70 72 78 87 134 121 109 99 91 86 84 85 90 98 144 131 121 111 104 99 98 99 103 110 154 142 132 124 117 113 112 113 116 122
57 74 154 149 159 51 24 124 75 110 15 100 59 59 142 161 13 96 113 31 64 63 112 80 149 48 33 122 69 106 38 79 45 64 89 121 42 78 80 22 122 105 88 71 54 38 23 14 23 38 122 104 87 70 52 35 18 0 18 35 122 105 88 71 54 38 23 14 23 38 125 108 91 75 59 45 33 28 33 45 129 112 97 81 67 55 46 42 45 54 134 118 104 89 77 66 59 56 58 65 140 126 112 99 87 78 72 70 72 77 148 134 121 109 99 91 85 83 85 90 156 143 131 120 111 104 99 97 99 103 166 153 142 132 123 117 113 111 112 116
59 68 167 161 173 40 41 139 82 116 18 113 73 69 154 175 30 91 126 16 67 72 125 92 162 41 49 137 77 112 39 92 56 74 105 136 51 75 94 12 140 122 105 88 71 54 38 23 14 23 139 122 104 87 70 52 35 18 0 18 140 122 105 88 71 54 38 23 14 23 142 125 108 91 75 59 45 33 28 33 145 129 112 97 81 67 54 45 42 45 150 134 118 103 89 76 66 58 55 58 156 140 126 112 99 87 78 72 69 71 162 148 134 121 109 98 90 85 83 85 170 156 143 131 120 110 103 99 97 98 179 165 153 141 131 123 116 112 110 112
66 66 180 173 187 34 58 154 92 125 33 128 88 81 167 189 48 88 139 13 74 84 140 105 176 41 66 152 89 121 47 106 69 87 121 151 64 76 108 20 157 140 122 105 88 71 54 38 23 14 156 139 122 104 87 70 52 35 18 0 157 140 122 105 88 71 54 38 23 14 159 142 125 108 91 75 59 45 33 28 162 145 129 112 96 81 67 54 45 42 166 150 134 118 103 89 76 65 58 55 171 155 140 125 111 98 87 77 71 69 177 162 148 134 120 108 98 90 85 83 184 170 156 143 130 119 110 103 98 96 192 178 165 152 141 131 122 116 112 110
129 163 97 100 83 162 99 55 113 126 130 69 83 101 95 92 110 177 84 150 130 102 69 88 89 149 91 58 105 123 129 81 103 99 50 60 108 156 77 140 29 34 45 60 75 91 108 125 142 159 15 23 38 54 71 88 105 122 140 157 0 18 35 52 70 87 104 122 139 156 15 23 38 54 71 88 105 122 140 157 29 34 45 60 75 91 108 125 142 159 43 47 55 68 82 97 113 129 145 162 58 60 67 77 90 104 119 134 150 166 72 74 80 88 99 112 126 140 156 171 86 88 93 100 110 122 134 148 162 177 100 102 106 112 121 132 144 156 170 184
113 146 97 98 86 144 82 52 99 114 113 59 66 86 91 94 93 162 76 133 114 87 61 74 88 132 74 54 90 112 112 68 87 83 36 56 91 140 63 123 34 29 34 45 60 75 91 108 125 142 23 15 23 38 54 71 88 105 122 140 18 0 18 35 52 70 87 104 122 139 23 15 23 38 54 71 88 105 122 140 34 29 34 45 60 75 91 108 125 142 47 43 46 55 67 82 97 112 129 145 60 57 60 67 77 90 104 118 134 150 74 72 73 79 88 99 112 126 140 155 88 86 87 92 100 110 121 134 148 162 102 100 101 105 112 121 131 143 156 170
97 130 99 98 92 127 65 55 85 105 96 52 51 71 91 98 76 147 72 115 99 72 58 62 91 116 56 56 76 101 95 56 71 69 27 57 75 124 51 105 45 34 29 34 45 60 75 91 108 125 38 23 15 23 38 54 71 88 105 122 35 18 0 18 35 52 70 87 104 122 38 23 15 23 38 54 71 88 105 122 45 34 29 34 45 60 75 91 108 125 55 46 43 46 55 67 81 97 112 129 67 60 57 60 67 77 90 104 118 134 80 73 71 73 79 88 99 112 126 140 93 87 85 87 92 99 109 121 134 148 106 101 99 101 105 112 121 131 143 156
82 115 104 102 100 110 48 63 73 97 80 51 37 57 95 106 59 132 71 98 84 59 60 54 97 99 39 63 64 94 79 47 55 56 28 63 58 110 44 88 60 45 34 29 33 45 59 75 91 108 54 38 23 15 23 38 54 71 88 105 52 35 18 0 18 35 52 70 87 104 54 38 23 15 23 38 54 71 88 105 60 45 34 29 33 45 59 75 91 108 68 55 46 43 46 55 67 81 97 112 77 67 60 57 59 66 77 89 103 118 88 79 73 71 73 79 88 99 112 125 100 92 87 85 87 91 99 109 121 134 112 105 101 99 100 105 111 120 131 143
68 100 112 108 111 93 30 74 64 92 64 56 28 45 101 115 43 118 75 81 71 48 67 50 105 82 22 74 54 88 62 45 40 46 38 73 43 96 43 71 75 60 45 33 29 33 45 59 75 91 71 54 38 23 15 23 38 54 71 88 70 52 35 18 0 18 35 52 70 87 71 54 38 23 15 23 38 54 71 88 75 60 45 33 29 33 45 59 75 91 82 67 55 46 43 46 55 67 81 96 90 77 67 59 57 59 66 77 89 103 99 88 79 73 71 73 78 87 99 111 110 100 92 87 85 86 91 99 109 120 121 112 105 100 99 100 104 111 120 130
55 85 121 117 123 76 14 87 58 91 49 65 28 39 110 127 27 105 82 63 60 42 77 52 115 66 7 86 49 86 47 48 29 42 52 85 30 83 48 53 91 75 60 45 33 28 33 45 59 75 88 71 54 38 23 14 23 38 54 71 87 70 52 35 18 0 18 35 52 70 88 71 54 38 23 14 23 38 54 71 91 75 60 45 33 28 33 45 59 75 97 82 67 55 46 42 46 55 67 81 104 90 77 66 59 56 59 66 76 89 112 99 88 79 73 70 72 78 87 98 122 110 99 91 86 84 86 91 98 108 132 121 112 105 100 98 99 104 110 119
46 72 132 127 137 60 9 102 58 92 36 77 37 40 120 139 17 94 92 46 53 43 90 59 127 51 15 100 50 88 33 57 27 44 67 99 24 72 58 36 108 91 75 59 45 33 28 33 45 59 105 88 71 54 38 23 14 23 38 54 104 87 70 52 35 18 0 18 35 52 105 88 71 54 38 23 14 23 38 54 108 91 75 59 45 33 28 33 45 59 113 97 81 67 55 46 42 46 54 67 119 104 90 77 66 59 56 59 66 76 126 112 99 88 78 72 70 72 78 87 134 121 109 99 91 86 84 85 90 98 144 131 121 111 104 99 98 99 103 110
43 62 145 139 151 44 24 117 62 97 28 91 51 47 132 153 20 84 104 29 50 51 103 70 140 37 32 115 56 93 24 70 34 53 84 114 29 65 72 19 125 108 91 75 59 45 33 28 33 45 122 105 88 71 54 38 23 14 23 38 122 104 87 70 52 35 18 0 18 35 122 105 88 71 54 38 23 14 23 38 125 108 91 75 59 45 33 28 33 45 129 112 97 81 67 55 46 42 45 54 134 118 104 89 77 66 59 56 58 65 140 126 112 99 87 78 72 70 72 77 148 134 121 109 99 91 85 83 85 90 156 143 131 120 111 104 99 97 99 103
46 55 158 151 165 29 41 133 71 104 30 106 66 59 145 167 34 77 117 12 54 62 118 83 154 28 49 131 67 100 26 84 47 65 100 129 42 61 86 3 142 125 108 91 75 59 45 33 28 33 140 122 105 88 71 54 38 23 14 23 139 122 104 87 70 52 35 18 0 18 140 122 105 88 71 54 38 23 14 23 142 125 108 91 75 59 45 33 28 33 145 129 112 97 81 67 54 45 42 45 150 134 118 103 89 76 66 58 55 58 156 140 126 112 99 87 78 72 69 71 162 148 134 121 109 98 90 85 83 85 170 156 143 131 120 110 103 99 97 98
55 52 172 165 181 20 58 149 82 114 40 121 83 73 159 181 50 74 131 7 62 76 133 97 168 28 66 147 80 110 38 99 62 79 117 145 57 62 102 17 159 142 125 108 91 75 59 45 33 28 157 140 122 105 88 71 54 38 23 14 156 139 122 104 87 70 52 35 18 0 157 140 122 105 88 71 54 38 23 14 159 142 125 108 91 75 59 45 33 28 162 145 129 112 96 81 67 54 45 42 166 150 134 118 103 89 76 65 58 55 171 155 140 125 111 98 87 77 71 69 177 162 148 134 120 108 98 90 85 83 184 170 156 143 130 119 110 103 98 96
125 159 83 86 69 161 101 41 107 116 134 59 79 97 81 78 113 172 73 151 125 97 57 81 75 148 93 44 99 114 128 75 101 94 44 47 106 151 70 141 43 47 55 68 82 97 113 129 145 162 29 34 45 60 75 91 108 125 142 159 15 23 38 54 71 88 105 122 140 157 0 18 35 52 70 87 104 122 139 156 15 23 38 54 71 88 105 122 140 157 29 34 45 60 75 91 108 125 142 159 43 47 55 68 82 97 113 129 145 162 58 60 67 77 90 104 119 134 150 166 72 74 80 88 99 112 126 140 156 171 86 88 93 100 110 122 134 148 162 177
108 142 82 84 72 143 84 38 91 103 117 47 62 80 77 80 96 156 63 134 108 81 48 66 74 130 76 40 83 101 110 59 84 77 28 41 88 134 54 124 47 43 46 55 67 82 97 112 129 145 34 29 34 45 60 75 91 108 125 142 23 15 23 38 54 71 88 105 122 140 18 0 18 35 52 70 87 104 122 139 23 15 23 38 54 71 88 105 122 140 34 29 34 45 60 75 91 108 125 142 47 43 46 55 67 82 97 112 129 145 60 57 60 67 77 90 104 118 134 150 74 72 73 79 88 99 112 126 140 155 88 86 87 92 100 110 121 134 148 162
92 125 85 84 79 126 68 42 76 93 101 39 45 64 77 85 80 140 58 116 92 65 44 52 77 113 59 43 68 90 93 45 67 61 14 43 71 118 40 107 55 46 43 46 55 67 81 97 112 129 45 34 29 34 45 60 75 91 108 125 38 23 15 23 38 54 71 88 105 122 35 18 0 18 35 52 70 87 104 122 38 23 15 23 38 54 71 88 105 122 45 34 29 34 45 60 75 91 108 125 55 46 43 46 55 67 81 97 112 129 67 60 57 60 67 77 90 104 118 134 80 73 71 73 79 88 99 112 126 140 93 87 85 87 92 99 109 121 134 148
75 109 91 88 89 109 51 52 63 84 86 38 29 48 81 94 64 125 57 99 77 50 47 41 84 96 43 52 54 81 76 35 50 47 16 51 54 103 30 90 68 55 46 43 46 55 67 81 97 112 60 45 34 29 33 45 59 75 91 108 54 38 23 15 23 38 54 71 88 105 52 35 18 0 18 35 52 70 87 104 54 38 23 15 23 38 54 71 88 105 60 45 34 29 33 45 59 75 91 108 68 55 46 43 46 55 67 81 97 112 77 67 60 57 59 66 77 89 103 118 88 79 73 71 73 79 88 99 112 125 100 92 87 85 87 91 99 109 121 134
60 93 100 96 101 91 36 65 52 79 71 44 15 35 89 105 50 110 62 82 62 37 55 36 93 79 29 64 42 75 59 31 33 34 30 63 37 88 29 73 82 67 55 46 43 46 55 67 81 96 75 60 45 33 29 33 45 59 75 91 71 54 38 23 15 23 38 54 71 88 70 52 35 18 0 18 35 52 70 87 71 54 38 23 15 23 38 54 71 88 75 60 45 33 29 33 45 59 75 91 82 67 55 46 43 46 55 67 81 96 90 77 67 59 57 59 66 77 89 103 99 88 79 73 71 73 78 87 99 111 110 100 92 87 85 86 91 99 109 120
45 78 110 105 114 74 24 80 45 77 58 55 15 25 98 117 37 96 70 65 49 29 67 39 105 62 20 78 35 72 42 36 18 28 46 77 21 74 37 56 97 82 67 55 46 42 46 55 67 81 91 75 60 45 33 28 33 45 59 75 88 71 54 38 23 14 23 38 54 71 87 70 52 35 18 0 18 35 52 70 88 71 54 38 23 14 23 38 54 71 91 75 60 45 33 28 33 45 59 75 97 82 67 55 46 42 46 55 67 81 104 90 77 66 59 56 59 66 76 89 112 99 88 79 73 70 72 78 87 98 122 110 99 91 86 84 86 91 98 108
34 63 123 117 129 57 21 96 44 79 48 69 29 26 110 130 30 83 81 49 40 30 81 48 118 45 23 94 37 74 25 48 13 32 63 92 11 61 49 40 113 97 81 67 55 46 42 46 54 67 108 91 75 59 45 33 28 33 45 59 105 88 71 54 38 23 14 23 38 54 104 87 70 52 35 18 0 18 35 52 105 88 71 54 38 23 14 23 38 54 108 91 75 59 45 33 28 33 45 59 113 97 81 67 55 46 42 46 54 67 119 104 90 77 66 59 56 59 66 76 126 112 99 88 78 72 70 72 78 87 134 121 109 99 91 86 84 85 90 98
29 51 136 129 144 40 31 112 50 84 42 84 45 37 123 145 32 72 95 33 37 40 96 61 132 29 36 110 45 80 11 62 25 43 80 108 20 52 64 25 129 112 97 81 67 55 46 42 45 54 125 108 91 75 59 45 33 28 33 45 122 105 88 71 54 38 23 14 23 38 122 104 87 70 52 35 18 0 18 35 122 105 88 71 54 38 23 14 23 38 125 108 91 75 59 45 33 28 33 45 129 112 97 81 67 55 46 42 45 54 134 118 104 89 77 66 59 56 58 65 140 126 112 99 87 78 72 70 72 77 148 134 121 109 99 91 85 83 85 90
34 41 150 143 159 23 45 128 60 93 43 100 62 51 137 160 42 64 109 20 41 54 112 76 147 15 52 126 58 89 15 77 41 57 98 124 36 47 80 17 145 129 112 97 81 67 54 45 42 45 142 125 108 91 75 59 45 33 28 33 140 122 105 88 71 54 38 23 14 23 139 122 104 87 70 52 35 18 0 18 140 122 105 88 71 54 38 23 14 23 142 125 108 91 75 59 45 33 28 33 145 129 112 97 81 67 54 45 42 45 150 134 118 103 89 76 66 58 55 58 156 140 126 112 99 87 78 72 69 71 162 148 134 121 109 98 90 85 83 85
45 39 165 157 175 7 61 145 73 103 51 116 79 67 152 175 56 61 124 18 52 69 128 91 162 16 68 142 72 100 31 94 58 73 115 141 53 49 97 23 162 145 129 112 96 81 67 54 45 42 159 142 125 108 91 75 59 45 33 28 157 140 122 105 88 71 54 38 23 14 156 139 122 104 87 70 52 35 18 0 157 140 122 105 88 71 54 38 23 14 159 142 125 108 91 75 59 45 33 28 162 145 129 112 96 81 67 54 45 42 166 150 134 118 103 89 76 65 58 55 171 155 140 125 111 98 87 77 71 69 177 162 148 134 120 108 98 90 85 83
123 156 69 73 55 161 105 29 102 107 139 51 78 95 67 63 117 167 62 153 121 94 47 75 61 147 97 32 95 105 127 70 100 91 43 35 105 147 65 143 58 60 67 77 90 104 119 134 150 166 43 47 55 68 82 97 113 129 145 162 29 34 45 60 75 91 108 125 142 159 15 23 38 54 71 88 105 122 140 157 0 18 35 52 70 87 104 122 139 156 15 23 38 54 71 88 105 122 140 157 29 34 45 60 75 91 108 125 142 159 43 47 55 68 82 97 113 129 145 162 58 60 67 77 90 104 119 134 150 166 72 74 80 88 99 112 126 140 156 171
105 139 68 69 59 143 89 24 85 93 123 37 61 77 63 66 102 151 51 136 104 77 35 59 60 130 81 26 78 91 110 53 83 73 25 27 88 130 49 126 60 57 60 67 77 90 104 118 134 150 47 43 46 55 67 82 97 112 129 145 34 29 34 45 60 75 91 108 125 142 23 15 23 38 54 71 88 105 122 140 18 0 18 35 52 70 87 104 122 139 23 15 23 38 54 71 88 105 122 140 34 29 34 45 60 75 91 108 125 142 47 43 46 55 67 82 97 112 129 145 60 57 60 67 77 90 104 118 134 150 74 72 73 79 88 99 112 126 140 155
88 122 71 70 67 126 73 30 69 81 108 26 44 60 63 73 86 134 44 119 88 60 30 43 64 112 65 30 62 79 93 37 66 57 8 30 71 113 32 110 67 60 57 60 67 77 90 104 118 134 55 46 43 46 55 67 81 97 112 129 45 34 29 34 45 60 75 91 108 125 38 23 15 23 38 54 71 88 105 122 35 18 0 18 35 52 70 87 104 122 38 23 15 23 38 54 71 88 105 122 45 34 29 34 45 60 75 91 108 125 55 46 43 46 55 67 81 97 112 129 67 60 57 60 67 77 90 104 118 134 80 73 71 73 79 88 99 112 126 140
71 105 79 75 79 109 58 43 54 72 93 24 26 43 68 83 72 118 43 103 71 43 34 30 72 95 51 42 46 68 75 23 48 40 11 41 53 97 18 93 77 67 60 57 59 66 77 89 103 118 68 55 46 43 46 55 67 81 97 112 60 45 34 29 33 45 59 75 91 108 54 38 23 15 23 38 54 71 88 105 52 35 18 0 18 35 52 70 87 104 54 38 23 15 23 38 54 71 88 105 60 45 34 29 33 45 59 75 91 108 68 55 46 43 46 55 67 81 97 112 77 67 60 57 59 66 77 89 103 118 88 79 73 71 73 79 88 99 112 125
54 88 88 84 92 92 45 58 41 65 80 33 9 27 77 95 59 103 49 86 55 27 45 22 83 78 39 56 32 61 58 17 31 24 28 55 36 81 15 77 90 77 67 59 57 59 66 77 89 103 82 67 55 46 43 46 55 67 81 96 75 60 45 33 29 33 45 59 75 91 71 54 38 23 15 23 38 54 71 88 70 52 35 18 0 18 35 52 70 87 71 54 38 23 15 23 38 54 71 88 75 60 45 33 29 33 45 59 75 91 82 67 55 46 43 46 55 67 81 96 90 77 67 59 57 59 66 77 89 103 99 88 79 73 71 73 78 87 99 111
38 72 100 95 107 74 36 74 31 63 69 47 9 13 88 108 49 88 59 70 40 15 59 26 96 61 33 72 22 58 41 25 14 14 45 71 19 65 27 61 104 90 77 66 59 56 59 66 76 89 97 82 67 55 46 42 46 55 67 81 91 75 60 45 33 28 33 45 59 75 88 71 54 38 23 14 23 38 54 71 87 70 52 35 18 0 18 35 52 70 88 71 54 38 23 14 23 38 54 71 91 75 60 45 33 28 33 45 59 75 97 82 67 55 46 42 46 55 67 81 104 90 77 66 59 56 59 66 76 89 112 99 88 79 73 70 72 78 87 98
23 56 114 107 122 57 35 91 30 65 60 63 27 15 101 123 44 74 73 55 27 18 75 39 110 43 36 89 24 61 24 40 5 21 62 87 4 51 43 47 119 104 90 77 66 59 56 59 66 76 113 97 81 67 55 46 42 46 54 67 108 91 75 59 45 33 28 33 45 59 105 88 71 54 38 23 14 23 38 54 104 87 70 52 35 18 0 18 35 52 105 88 71 54 38 23 14 23 38 54 108 91 75 59 45 33 28 33 45 59 113 97 81 67 55 46 42 46 54 67 119 104 90 77 66 59 56 59 66 76 126 112 99 88 78 72 70 72 78 87
15 41 128 121 138 40 41 108 38 72 56 79 44 30 115 138 45 61 87 42 23 32 91 54 125 26 45 105 36 68 8 56 22 35 80 104 17 40 60 35 134 118 104 89 77 66 59 56 58 65 129 112 97 81 67 55 46 42 45 54 125 108 91 75 59 45 33 28 33 45 122 105 88 71 54 38 23 14 23 38 122 104 87 70 52 35 18 0 18 35 122 105 88 71 54 38 23 14 23 38 125 108 91 75 59 45 33 28 33 45 129 112 97 81 67 55 46 42 45 54 134 118 104 89 77 66 59 56 58 65 140 126 112 99 87 78 72 70 72 77
23 29 143 135 154 24 53 125 51 82 57 96 61 46 130 153 53 52 103 32 30 48 107 70 140 9 58 122 51 78 13 73 39 52 97 120 35 34 77 30 150 134 118 103 89 76 66 58 55 58 145 129 112 97 81 67 54 45 42 45 142 125 108 91 75 59 45 33 28 33 140 122 105 88 71 54 38 23 14 23 139 122 104 87 70 52 35 18 0 18 140 122 105 88 71 54 38 23 14 23 142 125 108 91 75 59 45 33 28 33 145 129 112 97 81 67 54 45 42 45 150 134 118 103 89 76 66 58 55 58 156 140 126 112 99 87 78 72 69 71
38 25 159 151 170 10 67 142 66 94 62 113 78 64 145 169 64 47 119 31 43 65 124 87 156 10 73 139 67 90 30 90 57 69 114 137 52 36 94 34 166 150 134 118 103 89 76 65 58 55 162 145 129 112 96 81 67 54 45 42 159 142 125 108 91 75 59 45 33 28 157 140 122 105 88 71 54 38 23 14 156 139 122 104 87 70 52 35 18 0 157 140 122 105 88 71 54 38 23 14 159 142 125 108 91 75 59 45 33 28 162 145 129 112 96 81 67 54 45 42 166 150 134 118 103 89 76 65 58 55 171 155 140 125 111 98 87 77 71 69
122 154 55 59 40 162 110 19 98 99 145 47 80 94 54 49 123 164 54 156 120 93 39 73 47 148 102 23 93 98 129 68 101 89 46 25 107 144 64 147 72 74 80 88 99 112 126 140 156 171 58 60 67 77 90 104 119 134 150 166 43 47 55 68 82 97 113 129 145 162 29 34 45 60 75 91 108 125 142 159 15 23 38 54 71 88 105 122 140 157 0 18 35 52 70 87 104 122 139 156 15 23 38 54 71 88 105 122 140 157 29 34 45 60 75 91 108 125 142 159 43 47 55 68 82 97 113 129 145 162 58 60 67 77 90 104 119 134 150 166
104 137 54 55 46 145 95 10 81 85 130 30 63 77 49 52 108 147 40 140 102 76 24 56 46 131 87 12 76 83 111 51 84 72 30 13 90 127 47 130 74 72 73 79 88 99 112 126 140 155 60 57 60 67 77 90 104 118 134 150 47 43 46 55 67 82 97 112 129 145 34 29 34 45 60 75 91 108 125 142 23 15 23 38 54 71 88 105 122 140 18 0 18 35 52 70 87 104 122 139 23 15 23 38 54 71 88 105 122 140 34 29 34 45 60 75 91 108 125 142 47 43 46 55 67 82 97 112 129 145 60 57 60 67 77 90 104 118 134 150
87 120 58 56 57 128 81 21 64 71 116 14 47 60 49 61 94 130 31 124 85 58 16 38 51 114 73 19 59 69 94 34 67 55 19 19 73 110 29 114 80 73 71 73 79 88 99 112 126 140 67 60 57 60 67 77 90 104 118 134 55 46 43 46 55 67 81 97 112 129 45 34 29 34 45 60 75 91 108 125 38 23 15 23 38 54 71 88 105 122 35 18 0 18 35 52 70 87 104 122 38 23 15 23 38 54 71 88 105 122 45 34 29 34 45 60 75 91 108 125 55 46 43 46 55 67 81 97 112 129 67 60 57 60 67 77 90 104 118 134
70 103 67 63 70 111 67 37 48 60 102 11 31 42 56 72 81 114 29 108 68 41 23 22 61 96 61 35 42 57 77 16 51 38 20 33 56 93 12 98 88 79 73 71 73 79 88 99 112 125 77 67 60 57 59 66 77 89 103 118 68 55 46 43 46 55 67 81 97 112 60 45 34 29 33 45 59 75 91 108 54 38 23 15 23 38 54 71 88 105 52 35 18 0 18 35 52 70 87 104 54 38 23 15 23 38 54 71 88 105 60 45 34 29 33 45 59 75 91 108 68 55 46 43 46 55 67 81 97 112 77 67 60 57 59 66 77 89 103 118
52 85 78 73 85 94 57 54 32 52 90 26 18 25 66 86 70 97 37 92 51 24 37 8 73 79 52 52 25 48 61 3 35 20 32 50 40 76 6 83 99 88 79 73 71 73 78 87 99 111 90 77 67 59 57 59 66 77 89 103 82 67 55 46 43 46 55 67 81 96 75 60 45 33 29 33 45 59 75 91 71 54 38 23 15 23 38 54 71 88 70 52 35 18 0 18 35 52 70 87 71 54 38 23 15 23 38 54 71 88 75 60 45 33 29 33 45 59 75 91 82 67 55 46 43 46 55 67 81 96 90 77 67 59 57 59 66 77 89 103
35 68 92 85 100 77 50 71 19 49 80 42 19 9 79 101 62 81 50 77 34 7 54 17 88 62 47 69 9 44 45 20 21 3 48 67 26 60 24 69 112 99 88 79 73 70 72 78 87 98 104 90 77 66 59 56 59 66 76 89 97 82 67 55 46 42 46 55 67 81 91 75 60 45 33 28 33 45 59 75 88 71 54 38 23 14 23 38 54 71 87 70 52 35 18 0 18 35 52 70 88 71 54 38 23 14 23 38 54 71 91 75 60 45 33 28 33 45 59 75 97 82 67 55 46 42 46 55 67 81 104 90 77 66 59 56 59 66 76 89
18 51 106 99 116 61 48 88 17 52 73 59 31 12 93 116 58 66 65 64 18 12 70 33 103 46 49 86 14 48 30 37 17 15 65 84 18 44 41 57 126 112 99 88 78 72 70 72 78 87 119 104 90 77 66 59 56 59 66 76 113 97 81 67 55 46 42 46 54 67 108 91 75 59 45 33 28 33 45 59 105 88 71 54 38 23 14 23 38 54 104 87 70 52 35 18 0 18 35 52 105 88 71 54 38 23 14 23 38 54 108 91 75 59 45 33 28 33 45 59 113 97 81 67 55 46 42 46 54 67 119 104 90 77 66 59 56 59 66 76
1 34 121 114 133 45 53 106 29 60 69 76 47 28 108 132 59 51 81 53 9 29 87 50 119 30 56 103 30 56 20 54 27 33 81 101 25 29 58 48 140 126 112 99 87 78 72 70 72 77 134 118 104 89 77 66 59 56 58 65 129 112 97 81 67 55 46 42 45 54 125 108 91 75 59 45 33 28 33 45 122 105 88 71 54 38 23 14 23 38 122 104 87 70 52 35 18 0 18 35 122 105 88 71 54 38 23 14 23 38 125 108 91 75 59 45 33 28 33 45 129 112 97 81 67 55 46 42 45 54 134 118 104 89 77 66 59 56 58 65
18 19 137 129 149 31 62 123 45 72 70 94 63 46 124 148 65 40 98 46 22 46 104 67 135 18 67 120 47 68 22 71 42 50 98 118 39 20 76 44 156 140 126 112 99 87 78 72 69 71 150 134 118 103 89 76 66 58 55 58 145 129 112 97 81 67 54 45 42 45 142 125 108 91 75 59 45 33 28 33 140 122 105 88 71 54 38 23 14 23 139 122 104 87 70 52 35 18 0 18 140 122 105 88 71 54 38 23 14 23 142 125 108 91 75 59 45 33 28 33 145 129 112 97 81 67 54 45 42 45 150 134 118 103 89 76 66 58 55 58
35 11 153 145 166 23 75 140 61 85 75 111 80 63 140 165 74 33 114 45 38 64 122 85 151 18 80 137 64 82 35 89 59 67 115 135 55 24 93 47 171 155 140 125 111 98 87 77 71 69 166 150 134 118 103 89 76 65 58 55 162 145 129 112 96 81 67 54 45 42 159 142 125 108 91 75 59 45 33 28 157 140 122 105 88 71 54 38 23 14 156 139 122 104 87 70 52 35 18 0 157 140 122 105 88 71 54 38 23 14 159 142 125 108 91 75 59 45 33 28 162 145 129 112 96 81 67 54 45 42 166 150 134 118 103 89 76 65 58 55
122 154 41 46 26 165 117 18 97 93 152 46 84 96 42 35 131 162 48 161 119 94 36 73 33 150 110 20 93 92 131 69 105 91 53 22 110 143 65 152 86 88 93 100 110 122 134 148 162 177 72 74 80 88 99 112 126 140 156 171 58 60 67 77 90 104 119 134 150 166 43 47 55 68 82 97 113 129 145 162 29 34 45 60 75 91 108 125 142 159 15 23 38 54 71 88 105 122 140 157 0 18 35 52 70 87 104 122 139 156 15 23 38 54 71 88 105 122 140 157 29 34 45 60 75 91 108 125 142 159 43 47 55 68 82 97 113 129 145 162
105 137 40 41 34 148 103 6 80 77 138 29 68 79 35 40 116 145 32 145 102 77 19 56 32 133 96 4 76 76 115 52 88 74 40 5 93 126 49 136 88 86 87 92 100 110 121 134 148 162 74 72 73 79 88 99 112 126 140 155 60 57 60 67 77 90 104 118 134 150 47 43 46 55 67 82 97 112 129 145 34 29 34 45 60 75 91 108 125 142 23 15 23 38 54 71 88 105 122 140 18 0 18 35 52 70 87 104 122 139 23 15 23 38 54 71 88 105 122 140 34 29 34 45 60 75 91 108 125 142 47 43 46 55 67 82 97 112 129 145
88 119 45 43 48 131 90 19 63 62 125 13 53 62 36 50 103 127 18 129 85 60 2 38 39 116 83 16 59 61 98 36 72 57 32 14 77 108 33 120 93 87 85 87 92 99 109 121 134 148 80 73 71 73 79 88 99 112 126 140 67 60 57 60 67 77 90 104 118 134 55 46 43 46 55 67 81 97 112 129 45 34 29 34 45 60 75 91 108 125 38 23 15 23 38 54 71 88 105 122 35 18 0 18 35 52 70 87 104 122 38 23 15 23 38 54 71 88 105 122 45 34 29 34 45 60 75 91 108 125 55 46 43 46 55 67 81 97 112 129
71 102 56 51 63 114 78 36 45 49 112 9 40 46 44 64 92 110 16 114 68 44 17 22 51 100 72 33 42 47 82 20 57 40 33 31 62 91 19 105 100 92 87 85 87 91 99 109 121 134 88 79 73 71 73 79 88 99 112 125 77 67 60 57 59 66 77 89 103 118 68 55 46 43 46 55 67 81 97 112 60 45 34 29 33 45 59 75 91 108 54 38 23 15 23 38 54 71 88 105 52 35 18 0 18 35 52 70 87 104 54 38 23 15 23 38 54 71 88 105 60 45 34 29 33 45 59 75 91 108 68 55 46 43 46 55 67 81 97 112
54 85 69 63 79 98 69 54 28 39 101 25 32 31 57 79 82 93 28 99 50 28 34 8 66 83 65 51 25 35 66 12 43 25 42 48 48 74 16 91 110 100 92 87 85 86 91 99 109 120 99 88 79 73 71 73 78 87 99 111 90 77 67 59 57 59 66 77 89 103 82 67 55 46 43 46 55 67 81 96 75 60 45 33 29 33 45 59 75 91 71 54 38 23 15 23 38 54 71 88 70 52 35 18 0 18 35 52 70 87 71 54 38 23 15 23 38 54 71 88 75 60 45 33 29 33 45 59 75 91 82 67 55 46 43 46 55 67 81 96
38 67 84 77 96 82 63 71 11 35 93 42 31 20 71 95 75 76 44 86 33 16 51 17 81 67 61 68 10 31 52 23 33 15 55 66 37 57 28 79 122 110 99 91 86 84 86 91 98 108 112 99 88 79 73 70 72 78 87 98 104 90 77 66 59 56 59 66 76 89 97 82 67 55 46 42 46 55 67 81 91 75 60 45 33 28 33 45 59 75 88 71 54 38 23 14 23 38 54 71 87 70 52 35 18 0 18 35 52 70 88 71 54 38 23 14 23 38 54 71 91 75 60 45 33 28 33 45 59 75 97 82 67 55 46 42 46 55 67 81
22 50 100 92 112 67 62 88 8 39 86 59 40 21 87 111 72 60 61 74 17 19 69 33 98 52 62 85 14 35 40 39 31 21 70 83 32 39 43 68 134 121 109 99 91 86 84 85 90 98 126 112 99 88 78 72 70 72 78 87 119 104 90 77 66 59 56 59 66 76 113 97 81 67 55 46 42 46 54 67 108 91 75 59 45 33 28 33 45 59 105 88 71 54 38 23 14 23 38 54 104 87 70 52 35 18 0 18 35 52 105 88 71 54 38 23 14 23 38 54 108 91 75 59 45 33 28 33 45 59 113 97 81 67 55 46 42 46 54 67
14 33 116 108 129 53 66 105 25 50 83 76 53 33 103 128 72 44 78 65 6 32 86 50 114 39 68 102 30 46 33 55 37 36 85 100 36 22 60 61 148 134 121 109 99 91 85 83 85 90 140 126 112 99 87 78 72 70 72 77 134 118 104 89 77 66 59 56 58 65 129 112 97 81 67 55 46 42 45 54 125 108 91 75 59 45 33 28 33 45 122 105 88 71 54 38 23 14 23 38 122 104 87 70 52 35 18 0 18 35 122 105 88 71 54 38 23 14 23 38 125 108 91 75 59 45 33 28 33 45 129 112 97 81 67 55 46 42 45 54
22 16 132 124 146 42 74 123 42 63 84 93 68 49 119 144 77 29 95 59 21 49 103 67 131 30 77 120 47 60 35 72 49 52 102 118 47 7 77 58 162 148 134 121 109 98 90 85 83 85 156 140 126 112 99 87 78 72 69 71 150 134 118 103 89 76 66 58 55 58 145 129 112 97 81 67 54 45 42 45 142 125 108 91 75 59 45 33 28 33 140 122 105 88 71 54 38 23 14 23 139 122 104 87 70 52 35 18 0 18 140 122 105 88 71 54 38 23 14 23 142 125 108 91 75 59 45 33 28 33 145 129 112 97 81 67 54 45 42 45
37 4 149 140 163 36 84 140 60 78 88 111 84 65 136 161 85 20 112 58 38 65 121 85 148 31 89 137 64 76 44 89 64 69 118 135 61 15 94 60 177 162 148 134 120 108 98 90 85 83 171 155 140 125 111 98 87 77 71 69 166 150 134 118 103 89 76 65 58 55 162 145 129 112 96 81 67 54 45 42 159 142 125 108 91 75 59 45 33 28 157 140 122 105 88 71 54 38 23 14 156 139 122 104 87 70 52 35 18 0 157 140 122 105 88 71 54 38 23 14 159 142 125 108 91 75 59 45 33 28 162 145 129 112 96 81 67 54 45 42
125 155 28 34 13 168 125 26 98 89 160 50 90 99 32 21 139 161 46 167 121 97 38 75 21 153 118 26 96 89 135 73 110 94 62 27 115 143 70 158 100 102 106 112 121 132 144 156 170 184 86 88 93 100 110 122 134 148 162 177 72 74 80 88 99 112 126 140 156 171 58 60 67 77 90 104 119 134 150 166 43 47 55 68 82 97 113 129 145 162 29 34 45 60 75 91 108 125 142 159 15 23 38 54 71 88 105 122 140 157 0 18 35 52 70 87 104 122 139 156 15 23 38 54 71 88 105 122 140 157 29 34 45 60 75 91 108 125 142 159
108 138 26 27 26 152 112 20 81 72 147 35 75 83 21 28 126 143 28 151 104 81 23 59 18 137 105 18 79 72 119 57 94 78 52 17 99 126 55 142 102 100 101 105 112 121 131 143 156 170 88 86 87 92 100 110 121 134 148 162 74 72 73 79 88 99 112 126 140 155 60 57 60 67 77 90 104 118 134 150 47 43 46 55 67 82 97 112 129 145 34 29 34 45 60 75 91 108 125 142 23 15 23 38 54 71 88 105 122 140 18 0 18 35 52 70 87 104 122 139 23 15 23 38 54 71 88 105 122 140 34 29 34 45 60 75 91 108 125 142
91 120 34 30 42 135 100 27 64 56 134 23 62 68 23 42 114 126 11 136 87 65 13 43 29 121 94 24 62 55 104 43 79 62 46 21 84 109 41 128 106 101 99 101 105 112 121 131 143 156 93 87 85 87 92 99 109 121 134 148 80 73 71 73 79 88 99 112 126 140 67 60 57 60 67 77 90 104 118 134 55 46 43 46 55 67 81 97 112 129 45 34 29 34 45 60 75 91 108 125 38 23 15 23 38 54 71 88 105 122 35 18 0 18 35 52 70 87 104 122 38 23 15 23 38 54 71 88 105 122 45 34 29 34 45 60 75 91 108 125
75 103 47 40 59 120 90 41 47 40 123 21 51 53 34 57 103 109 7 122 70 50 21 29 44 105 85 37 46 39 88 31 65 47 47 35 70 91 31 114 112 105 101 99 100 105 111 120 131 143 100 92 87 85 87 91 99 109 121 134 88 79 73 71 73 79 88 99 112 125 77 67 60 57 59 66 77 89 103 118 68 55 46 43 46 55 67 81 97 112 60 45 34 29 33 45 59 75 91 108 54 38 23 15 23 38 54 71 88 105 52 35 18 0 18 35 52 70 87 104 54 38 23 15 23 38 54 71 88 105 60 45 34 29 33 45 59 75 91 108
59 86 63 55 76 104 82 57 31 27 113 31 45 41 49 74 94 92 25 108 54 37 36 22 61 89 78 53 32 24 74 26 54 35 53 51 58 74 30 101 121 112 105 100 99 100 104 111 120 130 110 100 92 87 85 86 91 99 109 120 99 88 79 73 71 73 78 87 99 111 90 77 67 59 57 59 66 77 89 103 82 67 55 46 43 46 55 67 81 96 75 60 45 33 29 33 45 59 75 91 71 54 38 23 15 23 38 54 71 88 70 52 35 18 0 18 35 52 70 87 71 54 38 23 15 23 38 54 71 88 75 60 45 33 29 33 45 59 75 91
44 69 79 70 93 89 77 73 17 21 105 46 45 33 66 91 88 74 42 96 38 29 53 26 77 74 75 70 23 17 62 33 46 29 64 68 50 57 37 89 132 121 112 105 100 98 99 104 110 119 122 110 99 91 86 84 86 91 98 108 112 99 88 79 73 70 72 78 87 98 104 90 77 66 59 56 59 66 76 89 97 82 67 55 46 42 46 55 67 81 91 75 60 45 33 28 33 45 59 75 88 71 54 38 23 14 23 38 54 71 87 70 52 35 18 0 18 35 52 70 88 71 54 38 23 14 23 38 54 71 91 75 60 45 33 28 33 45 59 75
32 53 95 87 110 75 76 90 15 28 100 62 51 34 82 108 85 57 59 85 25 31 70 39 94 61 76 87 25 24 52 45 44 32 77 84 46 40 50 80 144 131 121 111 104 99 98 99 103 110 134 121 109 99 91 86 84 85 90 98 126 112 99 88 78 72 70 72 78 87 119 104 90 77 66 59 56 59 66 76 113 97 81 67 55 46 42 46 54 67 108 91 75 59 45 33 28 33 45 59 105 88 71 54 38 23 14 23 38 54 104 87 70 52 35 18 0 18 35 52 105 88 71 54 38 23 14 23 38 54 108 91 75 59 45 33 28 33 45 59
27 37 112 103 127 63 79 107 28 41 97 79 62 43 99 125 86 40 76 77 20 41 87 54 111 50 81 104 36 38 47 60 49 43 91 101 49 23 65 74 156 143 131 120 111 104 99 97 99 103 148 134 121 109 99 91 85 83 85 90 140 126 112 99 87 78 72 70 72 77 134 118 104 89 77 66 59 56 58 65 129 112 97 81 67 55 46 42 45 54 125 108 91 75 59 45 33 28 33 45 122 105 88 71 54 38 23 14 23 38 122 104 87 70 52 35 18 0 18 35 122 105 88 71 54 38 23 14 23 38 125 108 91 75 59 45 33 28 33 45
32 23 129 120 145 54 86 124 44 57 97 95 75 55 116 142 90 23 94 72 28 54 104 70 129 44 89 121 51 55 48 76 59 57 107 119 57 10 81 71 170 156 143 131 120 110 103 99 97 98 162 148 134 121 109 98 90 85 83 85 156 140 126 112 99 87 78 72 69 71 150 134 118 103 89 76 66 58 55 58 145 129 112 97 81 67 54 45 42 45 142 125 108 91 75 59 45 33 28 33 140 122 105 88 71 54 38 23 14 23 139 122 104 87 70 52 35 18 0 18 140 122 105 88 71 54 38 23 14 23 142 125 108 91 75 59 45 33 28 33
44 17 146 137 162 50 95 141 61 73 101 112 90 70 133 159 97 7 111 72 42 70 121 87 146 44 99 138 67 71 55 92 71 73 123 136 69 16 97 73 184 170 156 143 130 119 110 103 98 96 177 162 148 134 120 108 98 90 85 83 171 155 140 125 111 98 87 77 71 69 166 150 134 118 103 89 76 65 58 55 162 145 129 112 96 81 67 54 45 42 159 142 125 108 91 75 59 45 33 28 157 140 122 105 88 71 54 38 23 14 156 139 122 104 87 70 52 35 18 0 157 140 122 105 88 71 54 38 23 14 159 142 125 108 91 75 59 45 33 28
128 157 17 25 7 173 134 38 101 87 169 57 98 105 25 6 148 161 48 173 124 102 45 81 12 158 128 38 100 87 141 79 116 99 73 38 121 145 77 165 115 116 119 125 133 143 154 166 179 192 100 102 106 112 121 132 144 156 170 184 86 88 93 100 110 122 134 148 162 177 72 74 80 88 99 112 126 140 156 171 58 60 67 77 90 104 119 134 150 166 43 47 55 68 82 97 113 129 145 162 29 34 45 60 75 91 108 125 142 159 15 23 38 54 71 88 105 122 140 157 0 18 35 52 70 87 104 122 139 156 15 23 38 54 71 88 105 122 140 157
112 140 12 13 23 157 122 34 84 69 157 45 84 90 9 20 136 144 32 158 107 87 33 65 7 142 116 32 84 70 126 65 101 84 65 31 106 127 63 150 116 114 115 119 125 133 142 153 165 178 102 100 101 105 112 121 131 143 156 170 88 86 87 92 100 110 121 134 148 162 74 72 73 79 88 99 112 126 140 155 60 57 60 67 77 90 104 118 134 150 47 43 46 55 67 82 97 112 129 145 34 29 34 45 60 75 91 108 125 142 23 15 23 38 54 71 88 105 122 140 18 0 18 35 52 70 87 104 122 139 23 15 23 38 54 71 88 105 122 140
96 123 25 18 41 141 111 39 68 52 145 36 73 75 12 37 124 126 18 144 91 72 27 52 24 126 106 36 68 53 111 52 88 69 60 33 93 110 52 136 119 115 114 115 118 124 132 142 153 165 106 101 99 101 105 112 121 131 143 156 93 87 85 87 92 99 109 121 134 148 80 73 71 73 79 88 99 112 126 140 67 60 57 60 67 77 90 104 118 134 55 46 43 46 55 67 81 97 112 129 45 34 29 34 45 60 75 91 108 125 38 23 15 23 38 54 71 88 105 122 35 18 0 18 35 52 70 87 104 122 38 23 15 23 38 54 71 88 105 122
81 107 42 33 58 126 102 49 53 35 134 35 64 63 29 54 115 109 16 130 75 59 32 41 41 111 97 46 54 35 97 43 76 57 60 43 80 94 45 123 125 119 115 113 114 118 124 132 141 152 112 105 101 99 100 105 111 120 131 143 100 92 87 85 87 91 99 109 121 134 88 79 73 71 73 79 88 99 112 125 77 67 60 57 59 66 77 89 103 118 68 55 46 43 46 55 67 81 97 112 60 45 34 29 33 45 59 75 91 108 54 38 23 15 23 38 54 71 88 105 52 35 18 0 18 35 52 70 87 104 54 38 23 15 23 38 54 71 88 105
67 90 59 50 75 111 95 63 39 18 125 42 59 52 46 71 107 92 28 118 60 49 44 35 58 97 92 59 43 18 84 40 66 47 65 57 70 77 43 111 133 125 118 114 113 114 117 123 131 141 121 112 105 100 99 100 104 111 120 130 110 100 92 87 85 86 91 99 109 120 99 88 79 73 71 73 78 87 99 111 90 77 67 59 57 59 66 77 89 103 82 67 55 46 43 46 55 67 81 96 75 60 45 33 29 33 45 59 75 91 71 54 38 23 15 23 38 54 71 88 70 52 35 18 0 18 35 52 70 87 71 54 38 23 15 23 38 54 71 88
54 74 76 66 92 98 91 78 29 7 118 54 59 47 63 89 102 75 44 107 47 43 58 38 76 83 89 75 36 3 73 45 60 43 74 72 63 60 49 101 143 133 124 118 114 112 113 117 123 131 132 121 112 105 100 98 99 104 110 119 122 110 99 91 86 84 86 91 98 108 112 99 88 79 73 70 72 78 87 98 104 90 77 66 59 56 59 66 76 89 97 82 67 55 46 42 46 55 67 81 91 75 60 45 33 28 33 45 59 75 88 71 54 38 23 14 23 38 54 71 87 70 52 35 18 0 18 35 52 70 88 71 54 38 23 14 23 38 54 71
45 59 93 84 110 85 90 94 28 20 113 68 64 47 80 106 99 57 61 97 37 44 74 48 93 71 90 91 38 18 65 54 58 45 86 88 60 45 59 93 154 142 132 124 117 113 112 113 116 122 144 131 121 111 104 99 98 99 103 110 134 121 109 99 91 86 84 85 90 98 126 112 99 88 78 72 70 72 78 87 119 104 90 77 66 59 56 59 66 76 113 97 81 67 55 46 42 46 54 67 108 91 75 59 45 33 28 33 45 59 105 88 71 54 38 23 14 23 38 54 104 87 70 52 35 18 0 18 35 52 105 88 71 54 38 23 14 23 38 54
41 45 110 101 127 75 92 110 37 36 111 83 72 54 97 123 100 40 78 90 34 51 90 61 110 62 94 107 46 35 60 67 62 53 99 105 62 31 72 87 166 153 142 132 123 117 113 111 112 116 156 143 131 120 111 104 99 97 99 103 148 134 121 109 99 91 85 83 85 90 140 126 112 99 87 78 72 70 72 77 134 118 104 89 77 66 59 56 58 65 129 112 97 81 67 55 46 42 45 54 125 108 91 75 59 45 33 28 33 45 122 105 88 71 54 38 23 14 23 38 122 104 87 70 52 35 18 0 18 35 122 105 88 71 54 38 23 14 23 38
45 34 127 118 144 67 98 127 50 53 111 99 84 64 115 141 103 24 95 86 39 63 107 75 128 57 101 124 58 52 61 82 70 65 113 121 69 23 87 85 179 165 153 141 131 123 116 112 110 112 170 156 143 131 120 110 103 99 97 98 162 148 134 121 109 98 90 85 83 85 156 140 126 112 99 87 78 72 69 71 150 134 118 103 89 76 66 58 55 58 145 129 112 97 81 67 54 45 42 45 142 125 108 91 75 59 45 33 28 33 140 122 105 88 71 54 38 23 14 23 139 122 104 87 70 52 35 18 0 18 140 122 105 88 71 54 38 23 14 23
54 31 144 135 162 64 106 144 65 71 114 116 97 78 132 158 109 10 112 85 50 76 124 91 145 57 110 140 73 69 67 97 81 79 128 138 79 26 102 87 192 178 165 152 141 131 122 116 112 110 184 170 156 143 130 119 110 103 98 96 177 162 148 134 120 108 98 90 85 83 171 155 140 125 111 98 87 77 71 69 166 150 134 118 103 89 76 65 58 55 162 145 129 112 96 81 67 54 45 42 159 142 125 108 91 75 59 45 33 28 157 140 122 105 88 71 54 38 23 14 156 139 122 104 87 70 52 35 18 0 157 140 122 105 88 71 54 38 23 14
134 160 13 22 19 179 144 51 105 87 179 67 107 112 26 9 158 162 54 181 129 109 55 88 17 164 138 50 106 88 148 87 124 106 85 50 129 147 86 172 129 130 133 138 145 154 164 176 188 201 115 116 119 125 133 143 154 166 179 192 100 102 106 112 121 132 144 156 170 184 86 88 93 100 110 122 134 148 162 177 72 74 80 88 99 112 126 140 156 171 58 60 67 77 90 104 119 134 150 166 43 47 55 68 82 97 113 129 145 162 29 34 45 60 75 91 108 125 142 159 15 23 38 54 71 88 105 122 140 157 0 18 35 52 70 87 104 122 139 156
118 144 7 5 29 163 133 48 90 69 167 56 95 98 12 21 146 145 40 166 113 95 46 74 14 148 127 46 91 71 133 75 110 92 78 45 115 131 74 158 130 128 129 132 138 145 154 164 175 187 116 114 115 119 125 133 142 153 165 178 102 100 101 105 112 121 131 143 156 170 88 86 87 92 100 110 121 134 148 162 74 72 73 79 88 99 112 126 140 155 60 57 60 67 77 90 104 118 134 150 47 43 46 55 67 82 97 112 129 145 34 29 34 45 60 75 91 108 125 142 23 15 23 38 54 71 88 105 122 140 18 0 18 35 52 70 87 104 122 139
103 127 23 14 44 148 123 52 75 52 156 50 85 85 14 38 136 128 31 153 97 81 42 62 27 133 118 49 77 54 119 64 98 79 74 47 102 114 64 145 133 129 128 129 132 137 144 153 163 175 119 115 114 115 118 124 132 142 153 165 106 101 99 101 105 112 121 131 143 156 93 87 85 87 92 99 109 121 134 148 80 73 71 73 79 88 99 112 126 140 67 60 57 60 67 77 90 104 118 134 55 46 43 46 55 67 81 97 112 129 45 34 29 34 45 60 75 91 108 125 38 23 15 23 38 54 71 88 105 122 35 18 0 18 35 52 70 87 104 122
89 111 40 31 60 134 114 60 61 35 146 49 77 74 29 55 127 111 30 140 83 70 45 53 43 119 110 57 65 37 106 57 87 68 74 54 91 98 58 133 138 132 129 127 128 131 137 144 153 163 125 119 115 113 114 118 124 132 141 152 112 105 101 99 100 105 111 120 131 143 100 92 87 85 87 91 99 109 121 134 88 79 73 71 73 79 88 99 112 125 77 67 60 57 59 66 77 89 103 118 68 55 46 43 46 55 67 81 97 112 60 45 34 29 33 45 59 75 91 108 54 38 23 15 23 38 54 71 88 105 52 35 18 0 18 35 52 70 87 104
76 96 58 48 77 120 108 72 49 19 138 54 73 65 46 72 120 94 38 128 69 61 53 49 60 105 105 68 55 22 94 54 78 60 78 66 82 82 57 122 145 138 132 128 127 127 131 136 143 152 133 125 118 114 113 114 117 123 131 141 121 112 105 100 99 100 104 111 120 130 110 100 92 87 85 86 91 99 109 120 99 88 79 73 71 73 78 87 99 111 90 77 67 59 57 59 66 77 89 103 82 67 55 46 43 46 55 67 81 96 75 60 45 33 29 33 45 59 75 91 71 54 38 23 15 23 38 54 71 88 70 52 35 18 0 18 35 52 70 87
65 81 75 65 94 107 105 85 42 8 131 63 73 61 63 89 115 77 51 118 58 57 66 51 77 93 103 82 50 12 85 58 73 57 86 79 76 67 61 113 154 145 137 131 127 126 127 130 135 143 143 133 124 118 114 112 113 117 123 131 132 121 112 105 100 98 99 104 110 119 122 110 99 91 86 84 86 91 98 108 112 99 88 79 73 70 72 78 87 98 104 90 77 66 59 56 59 66 76 89 97 82 67 55 46 42 46 55 67 81 91 75 60 45 33 28 33 45 59 75 88 71 54 38 23 14 23 38 54 71 87 70 52 35 18 0 18 35 52 70
58 67 92 83 111 96 104 100 42 20 127 76 77 61 80 106 113 61 66 110 50 58 80 59 94 83 103 96 51 21 78 65 72 58 96 94 74 53 70 106 164 154 144 137 131 127 125 126 130 135 154 142 132 124 117 113 112 113 116 122 144 131 121 111 104 99 98 99 103 110 134 121 109 99 91 86 84 85 90 98 126 112 99 88 78 72 70 72 78 87 119 104 90 77 66 59 56 59 66 76 113 97 81 67 55 46 42 46 54 67 108 91 75 59 45 33 28 33 45 59 105 88 71 54 38 23 14 23 38 54 104 87 70 52 35 18 0 18 35 52
55 55 110 100 128 87 106 115 48 37 124 90 84 66 98 123 113 45 81 103 48 63 95 70 111 75 107 112 57 37 74 76 75 65 108 109 75 42 81 101 176 164 153 144 136 130 126 125 126 129 166 153 142 132 123 117 113 111 112 116 156 143 131 120 111 104 99 97 99 103 148 134 121 109 99 91 85 83 85 90 140 126 112 99 87 78 72 70 72 77 134 118 104 89 77 66 59 56 58 65 129 112 97 81 67 55 46 42 45 54 125 108 91 75 59 45 33 28 33 45 122 105 88 71 54 38 23 14 23 38 122 104 87 70 52 35 18 0 18 35
58 47 127 117 145 80 111 131 58 54 125 105 94 75 115 141 116 32 98 100 51 73 111 83 128 71 113 128 68 53 75 89 82 75 121 125 81 36 94 99 188 175 163 153 143 135 130 126 124 125 179 165 153 141 131 123 116 112 110 112 170 156 143 131 120 110 103 99 97 98 162 148 134 121 109 98 90 85 83 85 156 140 126 112 99 87 78 72 69 71 150 134 118 103 89 76 66 58 55 58 145 129 112 97 81 67 54 45 42 45 142 125 108 91 75 59 45 33 28 33 140 122 105 88 71 54 38 23 14 23 139 122 104 87 70 52 35 18 0 18
65 45 144 135 163 77 118 148 72 71 127 120 106 86 132 158 122 23 115 99 60 85 127 97 145 71 121 144 80 70 79 103 91 87 135 142 89 39 108 100 201 187 175 163 152 143 135 129 125 124 192 178 165 152 141 131 122 116 112 110 184 170 156 143 130 119 110 103 98 96 177 162 148 134 120 108 98 90 85 83 171 155 140 125 111 98 87 77 71 69 166 150 134 118 103 89 76 65 58 55 162 145 129 112 96 81 67 54 45 42 159 142 125 108 91 75 59 45 33 28 157 140 122 105 88 71 54 38 23 14 156 139 122 104 87 70 52 35 18 0
