0 19 37 149 144 89 137 51 95 57 59 73 59 81 16 50 61 61 60 109 15 47 77 138 139 91 126 54 102 47 63 87 70 78 36 51 54 58 64 92 142 137 134 133 134 137 142 150 158 168 129 123 120 118 120 124 130 137 147 158 116 110 106 104 106 110 117 126 136 148 104 96 92 90 92 97 105 115 126 139 92 83 78 76 79 84 93 104 117 130 80 70 64 62 65 72 82 94 108 123 70 58 51 48 52 60 72 86 101 116 61 47 37 34 39 50 64 79 95 112 54 38 25 20 28 42 58 74 91 108 50 33 16 6 21 38 55 72 89 107
19 0 26 145 147 101 137 34 82 43 42 78 48 85 4 44 56 54 62 122 31 35 72 134 143 104 127 37 93 37 45 83 62 82 34 44 47 48 65 102 127 123 121 122 125 130 138 147 157 169 113 109 107 108 111 118 126 136 147 160 100 95 93 94 98 105 114 125 138 151 87 81 79 80 85 93 103 115 129 143 74 67 64 66 72 82 93 107 121 136 62 54 50 53 60 71 84 99 114 130 51 41 36 40 49 62 77 93 109 125 42 29 22 27 40 55 72 88 105 122 37 21 8 18 35 52 69 86 103 121 37 20 7 18 34 52 69 86 103 120
37 26 0 121 128 95 117 24 58 58 50 62 23 69 25 21 32 30 45 119 42 10 49 110 124 100 107 24 68 57 45 59 37 68 18 19 24 23 47 93 106 100 97 97 100 106 114 124 135 148 93 87 83 83 86 93 102 113 126 139 81 73 69 69 73 81 91 104 117 132 69 60 55 55 60 70 82 95 110 125 59 48 41 41 48 59 73 88 104 120 50 37 27 28 37 51 67 83 99 116 45 28 14 15 29 46 63 80 97 114 43 26 9 10 27 44 62 79 96 114 46 31 19 20 32 47 64 81 98 115 53 41 33 33 41 54 69 85 101 118
149 145 121 0 57 117 38 133 90 175 163 85 103 80 143 102 90 92 91 135 142 115 73 12 57 123 42 129 60 177 151 63 86 84 113 102 98 99 87 103 112 95 78 60 43 26 9 11 27 45 114 97 80 63 47 31 20 20 32 48 117 100 84 68 53 41 33 33 42 54 121 105 90 76 63 52 46 47 53 63 127 112 98 85 74 65 60 60 65 74 135 120 107 95 85 78 74 74 78 85 143 129 117 106 98 91 88 88 91 97 152 139 128 118 110 105 102 101 104 110 162 150 140 130 123 118 115 115 118 122 172 161 151 143 136 132 129 129 131 135
144 147 128 57 0 80 21 147 122 186 177 71 117 63 144 108 99 102 85 90 133 126 86 57 5 84 25 145 92 183 168 76 102 67 114 111 107 112 83 66 159 142 125 108 92 76 61 47 37 33 156 139 122 105 88 71 55 39 25 19 155 138 121 103 86 69 52 34 18 6 155 138 121 104 86 69 52 35 19 9 157 140 123 106 89 72 56 41 28 23 159 143 126 110 93 78 63 50 40 36 163 147 131 115 100 85 72 61 53 50 168 152 137 122 107 94 82 72 66 64 174 159 144 130 116 104 93 85 79 77 181 166 152 138 126 115 105 98 93 91
89 101 95 117 80 0 85 119 126 143 141 45 99 44 97 82 82 85 57 26 75 99 82 109 76 7 76 118 108 135 139 82 92 41 77 87 85 93 59 15 176 163 151 139 130 121 115 111 110 112 168 154 141 129 118 109 102 98 96 98 160 145 131 118 107 97 89 84 83 85 153 138 123 109 96 85 76 70 69 71 147 131 116 101 87 74 64 57 55 58 142 126 110 94 79 65 52 44 41 46 139 122 105 89 72 57 42 31 28 34 137 120 102 85 68 51 35 20 14 24 136 119 102 84 67 50 32 15 3 21 137 120 103 86 69 52 35 21 15 25
137 137 117 38 21 85 0 134 104 174 164 65 103 58 135 96 86 89 77 101 127 113 71 37 20 91 11 131 73 173 155 61 87 62 104 99 94 99 74 71 139 122 105 88 72 56 41 29 25 32 137 119 102 85 68 51 34 19 12 23 136 119 102 84 67 50 33 15 4 21 137 120 103 86 69 52 36 23 17 26 140 123 106 90 74 58 45 34 31 37 143 127 111 95 80 67 55 47 45 49 148 133 117 103 89 77 67 60 58 61 155 139 125 111 99 88 79 74 72 75 162 147 134 121 109 99 92 87 86 88 170 156 143 131 121 112 105 101 100 101
51 34 24 133 147 119 134 0 55 43 31 85 31 91 36 41 49 46 68 143 60 22 64 122 143 123 125 5 75 48 22 74 48 90 42 37 41 36 68 116 95 93 94 98 105 114 125 137 150 164 81 79 80 85 93 103 115 128 142 157 67 64 66 72 81 93 106 120 135 151 54 50 52 60 71 84 98 113 129 145 41 36 39 49 62 76 92 108 125 141 29 22 27 39 55 71 87 104 121 138 21 8 17 34 51 68 85 102 120 137 21 8 17 34 51 68 85 102 120 137 29 22 27 39 55 71 87 104 121 138 41 36 39 48 61 76 92 108 124 141
95 82 58 90 122 126 104 55 0 96 82 82 37 85 82 52 46 44 70 151 97 48 45 80 119 132 97 50 31 103 67 50 34 86 65 48 47 40 67 118 52 43 40 44 54 67 81 96 112 129 43 31 26 32 44 59 75 92 108 125 36 20 12 22 38 55 72 89 106 123 34 17 4 19 36 54 71 88 105 123 38 24 18 26 40 56 73 90 107 124 46 36 32 37 48 62 77 93 110 127 57 49 46 49 58 70 84 99 115 131 69 62 60 63 70 80 92 106 121 136 82 76 74 76 82 91 102 114 128 143 95 90 88 90 95 103 112 124 137 150
57 43 58 175 186 143 174 43 96 0 16 118 73 125 47 79 89 86 102 164 71 62 105 164 181 146 164 48 118 15 31 115 90 123 73 76 80 77 103 145 128 130 134 140 147 157 167 179 192 205 114 116 120 127 136 146 157 170 183 197 99 102 107 114 124 135 147 161 175 189 85 88 94 103 113 125 139 153 167 182 71 74 81 91 103 116 131 145 161 176 57 61 70 81 94 108 124 139 155 171 43 48 59 72 86 102 118 134 151 168 28 37 50 65 81 97 114 131 148 165 15 27 43 60 77 94 111 129 146 163 7 24 41 59 76 93 111 128 145 162
59 42 50 163 177 141 164 31 82 16 0 112 62 119 46 70 79 76 95 163 72 52 94 152 173 145 155 35 105 28 16 105 79 117 67 67 71 66 96 141 113 114 119 125 134 144 155 168 181 195 98 100 105 113 122 133 145 159 173 187 84 87 92 101 111 123 137 151 165 180 70 73 80 89 101 114 128 143 159 174 56 59 68 79 92 106 122 137 153 169 41 46 57 70 84 100 116 132 149 166 27 35 48 63 79 95 112 129 146 163 13 25 41 58 75 92 109 127 144 161 6 22 40 57 74 92 109 126 143 161 18 28 43 59 76 93 110 127 144 162
73 78 62 85 71 45 65 85 82 118 112 0 59 8 75 44 40 43 18 70 63 63 38 76 66 51 54 83 64 114 106 38 50 6 46 49 45 54 18 36 132 119 107 97 88 83 81 83 88 96 124 110 97 85 76 70 67 70 76 85 117 102 87 74 64 56 54 56 64 75 111 95 80 65 52 43 40 44 53 66 107 90 74 58 43 31 26 31 44 59 104 87 70 53 36 21 12 22 38 54 104 86 69 52 34 17 3 19 36 53 105 88 71 54 38 24 17 25 39 56 108 92 75 60 46 35 31 36 47 61 113 97 82 68 56 48 45 48 57 69
59 48 23 103 117 99 103 31 37 73 62 59 0 65 47 18 20 17 43 124 61 14 33 91 113 105 94 28 47 76 52 43 17 64 29 13 15 6 42 94 87 80 75 75 78 85 95 106 119 133 76 67 61 61 65 73 84 97 111 126 65 54 48 47 52 62 75 89 105 120 56 43 34 33 41 53 67 83 99 116 49 33 21 20 31 46 62 79 96 113 45 28 11 8 25 42 60 77 94 112 46 30 15 13 27 44 60 78 95 112 52 37 27 26 35 49 64 81 97 114 60 48 41 40 46 57 71 86 102 118 70 60 54 54 59 68 79 93 108 123
81 85 69 80 63 44 58 91 85 125 119 8 65 0 82 50 46 49 24 68 70 69 41 71 59 51 47 89 65 121 112 38 54 5 53 55 51 59 24 34 134 120 107 96 87 80 77 77 82 89 126 112 98 85 75 67 63 64 69 78 120 104 89 76 63 54 49 50 57 68 115 99 83 67 53 42 35 37 46 58 111 95 78 61 45 31 22 24 36 52 110 92 75 58 41 24 9 14 31 48 110 92 75 58 41 24 9 15 31 48 112 95 78 61 46 31 22 25 37 52 115 99 83 68 53 42 36 37 46 59 120 105 90 76 64 54 50 51 57 68
16 4 25 143 144 97 135 36 82 47 46 75 47 82 0 42 54 53 59 119 27 35 71 132 140 100 125 39 92 40 48 81 61 79 31 42 46 48 62 99 128 124 121 122 124 129 136 145 155 167 115 110 107 108 111 116 124 134 145 157 102 96 93 94 97 104 112 123 135 148 89 82 79 80 84 91 101 113 126 140 76 69 65 66 71 80 91 104 118 133 65 56 51 52 58 69 82 96 111 127 54 43 37 38 47 59 74 89 105 122 46 32 23 26 37 52 68 85 102 119 41 24 10 15 31 48 65 82 100 117 41 24 9 14 31 48 65 82 99 117
50 44 21 102 108 82 96 41 52 79 70 44 18 50 42 0 12 12 27 107 48 20 29 90 104 87 86 39 53 77 63 39 21 49 15 6 5 13 27 77 104 94 88 84 84 88 95 104 115 127 92 82 74 70 70 75 82 93 105 119 82 70 61 56 57 62 71 83 97 111 73 60 49 43 43 50 61 74 89 105 66 51 37 29 29 39 52 68 84 100 61 45 29 16 17 31 47 63 80 98 60 43 25 8 10 28 45 62 79 97 62 45 30 17 18 31 47 64 81 98 67 52 39 30 31 40 53 68 84 101 74 61 50 44 45 51 62 75 90 106
61 56 32 90 99 82 86 49 46 89 79 40 20 46 54 12 0 4 25 107 59 28 17 79 95 88 77 46 42 88 70 28 12 45 26 13 9 14 24 76 98 87 79 74 73 76 83 92 104 117 88 76 66 60 59 63 71 82 95 109 79 65 54 47 45 50 60 73 87 102 72 57 43 33 31 38 50 65 81 97 67 50 34 21 18 28 43 60 77 93 65 47 30 13 6 23 40 58 75 92 66 49 32 17 13 26 42 59 76 93 70 54 40 29 27 34 48 63 79 95 76 62 50 42 40 46 56 70 85 100 84 72 62 56 54 59 67 78 92 106
61 54 30 92 102 85 89 46 44 86 76 43 17 49 53 12 4 0 28 110 59 25 19 80 98 91 79 43 42 86 67 30 11 48 26 11 7 11 27 79 96 86 78 74 73 77 84 94 106 119 85 74 65 60 59 64 73 84 97 111 76 63 52 46 46 52 62 75 89 105 69 54 41 32 32 40 53 68 83 100 64 47 32 19 19 31 46 63 80 97 62 44 27 10 9 26 43 61 78 95 63 46 29 15 15 29 45 62 79 96 67 51 38 28 28 37 50 66 82 99 74 60 48 41 41 48 59 72 87 103 82 70 61 55 55 60 69 81 94 109
60 62 45 91 85 57 77 68 70 102 95 18 43 24 59 27 25 28 0 83 52 46 29 81 81 63 66 66 58 98 89 34 36 23 29 32 29 37 5 51 121 109 99 91 86 84 86 91 99 109 112 99 87 78 72 70 72 78 87 98 103 89 77 66 59 56 59 66 77 89 96 81 67 55 46 42 46 55 67 81 91 75 59 45 33 28 33 45 60 75 88 71 54 37 22 14 23 38 55 71 87 69 52 35 17 1 18 36 53 70 88 71 54 37 23 15 23 38 55 72 91 75 59 45 33 29 34 45 60 76 96 81 67 55 46 43 46 55 67 82
109 122 119 135 90 26 101 143 151 164 163 70 124 68 119 107 107 110 83 0 94 124 107 129 87 20 93 143 133 155 162 106 118 66 101 112 110 119 85 36 201 188 175 163 152 143 135 128 124 122 193 179 166 153 141 131 122 115 111 109 185 171 157 143 131 120 110 102 97 95 178 163 148 134 121 109 98 90 84 81 172 157 141 126 112 99 87 77 71 68 167 151 135 119 104 90 77 66 58 54 163 147 130 114 98 82 68 55 45 40 160 143 126 109 93 76 60 45 33 27 159 141 124 107 90 73 56 39 23 13 158 141 123 106 89 72 54 37 20 3
15 31 42 142 133 75 127 60 97 71 72 63 61 70 27 48 59 59 52 94 0 51 73 132 128 77 117 62 100 61 75 82 69 67 34 51 53 59 56 79 147 140 135 132 131 133 136 142 150 159 135 127 121 118 117 119 123 130 138 148 122 114 108 104 103 105 110 117 126 137 110 101 94 90 89 92 97 105 116 127 99 89 81 76 75 78 85 94 105 118 89 77 68 62 61 65 73 83 96 110 80 67 56 49 47 52 62 74 88 103 72 58 44 35 33 40 52 66 82 98 67 51 35 23 20 30 44 60 77 94 65 47 30 13 7 23 41 58 75 92
47 35 10 115 126 99 113 22 48 62 52 63 14 69 35 20 28 25 46 124 51 0 43 104 122 104 104 20 60 63 44 54 29 68 23 16 20 16 46 96 97 90 87 88 91 98 107 118 130 144 84 77 73 74 78 86 96 108 122 136 72 64 59 60 65 75 86 100 114 129 61 51 45 46 53 64 77 92 108 124 51 39 31 33 42 55 70 86 103 119 44 29 18 20 33 49 66 83 100 117 41 24 7 12 29 46 64 81 98 116 43 27 14 17 32 48 65 82 99 116 49 36 27 29 39 53 69 85 102 119 58 47 41 42 50 62 75 90 106 122
77 72 49 73 86 82 71 64 45 105 94 38 33 41 71 29 17 19 29 107 73 43 0 62 82 89 62 60 29 105 84 11 17 42 41 30 26 28 25 73 95 82 71 63 59 60 66 76 88 101 86 72 60 50 45 47 54 65 79 94 80 64 50 38 31 34 43 57 72 88 76 59 43 27 17 21 35 51 68 84 74 57 39 22 5 14 31 48 66 83 75 58 41 25 13 18 33 50 67 84 78 62 47 34 27 29 40 55 70 87 84 69 56 46 40 42 50 62 77 92 92 78 67 58 54 56 62 72 85 99 101 89 79 72 68 69 74 83 94 107
138 134 110 12 57 109 37 122 80 164 152 76 91 71 132 90 79 80 81 129 132 104 62 0 56 116 38 118 50 166 140 51 75 75 102 91 87 88 77 96 106 89 71 54 37 20 6 17 34 51 106 89 72 55 38 21 9 18 35 52 108 91 75 58 43 30 23 28 40 55 112 96 80 65 52 41 37 40 49 62 117 102 87 74 62 54 50 53 60 71 124 110 96 84 74 67 64 66 72 81 132 118 106 95 86 81 78 80 85 93 141 128 117 107 99 94 92 93 97 104 151 139 128 119 112 108 106 107 111 117 161 150 140 132 126 122 120 121 124 129
139 143 124 57 5 76 20 143 119 181 173 66 113 59 140 104 95 98 81 87 128 122 82 56 0 81 22 141 89 178 164 72 98 62 110 107 103 108 79 62 156 140 123 106 90 75 60 47 39 36 154 137 120 103 86 69 53 38 26 23 152 135 118 100 83 66 49 32 16 10 152 135 118 100 83 66 49 31 15 7 153 136 119 102 85 68 52 37 24 20 156 139 122 106 89 74 59 45 36 34 159 143 127 111 95 81 67 56 49 47 164 148 133 117 103 90 78 68 62 61 170 154 140 125 112 100 89 81 76 75 177 162 148 134 122 110 101 94 89 88
91 104 100 123 84 7 91 123 132 146 145 51 105 51 100 87 88 91 63 20 77 104 89 116 81 0 82 123 115 138 143 88 99 48 82 93 90 99 66 21 183 170 157 146 136 128 122 117 116 117 174 160 147 135 125 116 108 104 102 103 166 152 138 125 113 103 96 90 88 89 159 144 129 116 103 92 83 77 74 76 153 137 122 107 93 81 71 64 61 63 148 131 115 100 85 71 59 51 47 50 144 127 110 94 78 63 49 38 33 37 141 124 107 90 73 57 41 27 19 25 140 123 105 88 71 54 37 20 6 18 140 123 106 88 71 54 37 21 9 19
126 127 107 42 25 76 11 125 97 164 155 54 94 47 125 86 77 79 66 93 117 104 62 38 22 82 0 122 67 163 146 52 78 51 94 89 85 89 63 62 135 119 102 86 70 56 44 36 35 43 132 115 98 81 65 49 34 23 22 33 131 114 96 79 62 45 28 12 11 27 131 114 96 79 62 45 28 12 12 27 132 115 98 82 65 49 34 24 23 34 135 119 102 86 71 57 44 37 36 44 140 124 108 93 79 66 56 50 50 55 145 130 115 101 88 77 69 64 63 68 152 137 123 110 99 89 81 77 77 81 160 146 133 121 110 101 95 91 91 94
54 37 24 129 145 118 131 5 50 48 35 83 28 89 39 39 46 43 66 143 62 20 60 118 141 123 122 0 71 53 24 71 45 88 42 35 39 33 66 116 91 88 89 93 100 110 121 133 147 161 77 74 75 80 88 99 111 124 139 154 64 60 61 67 77 89 102 117 132 148 50 46 48 55 67 80 95 110 126 143 38 32 34 44 58 73 89 105 122 139 27 18 22 36 52 68 85 102 119 137 21 5 15 32 49 66 84 101 118 136 24 13 19 34 50 67 84 102 119 136 34 27 30 41 55 71 87 104 121 138 46 41 43 51 63 77 93 108 125 141
102 93 68 60 92 108 73 75 31 118 105 64 47 65 92 53 42 42 58 133 100 60 29 50 89 115 67 71 0 121 92 27 32 67 67 51 48 45 54 98 71 56 43 34 32 39 52 66 82 98 66 50 34 21 19 29 45 61 78 94 64 47 29 12 7 24 41 58 76 93 65 48 31 16 13 26 42 59 76 93 69 53 38 28 26 34 48 63 79 96 75 61 49 41 40 46 56 70 85 100 83 71 61 55 54 58 67 78 92 107 93 82 73 68 68 71 78 88 101 114 104 94 87 82 81 84 90 99 110 123 115 106 100 96 95 98 103 111 121 132
47 37 57 177 183 135 173 48 103 15 28 114 76 121 40 77 88 86 98 155 61 63 105 166 178 138 163 53 121 0 42 116 92 119 69 76 80 78 100 138 139 139 141 146 152 160 170 180 192 204 124 125 128 133 140 148 158 170 182 195 110 111 114 120 127 137 148 160 173 187 96 97 100 107 115 126 138 151 165 179 82 82 87 94 104 116 129 142 157 172 67 68 74 83 94 106 120 135 150 166 53 55 61 72 84 98 113 129 145 161 39 41 50 62 76 92 108 124 140 157 25 28 40 54 70 87 103 120 137 154 11 17 33 50 67 84 101 118 136 153
63 45 45 151 168 139 155 22 67 31 16 106 52 112 48 63 70 67 89 162 75 44 84 140 164 143 146 24 92 42 0 94 68 111 62 59 63 57 89 137 98 99 104 111 120 131 143 156 170 184 83 85 91 99 109 121 134 148 162 177 69 72 78 87 99 112 126 140 156 171 55 58 66 76 89 104 119 134 150 166 41 45 54 67 82 97 113 129 146 162 26 32 45 60 76 92 109 126 143 160 12 22 38 55 72 89 106 124 141 158 4 19 37 54 71 88 106 123 140 158 18 26 40 56 73 90 107 124 141 158 32 37 48 62 78 94 110 127 144 161
87 83 59 63 76 82 61 74 50 115 105 38 43 38 81 39 28 30 34 106 82 54 11 51 72 88 52 71 27 116 94 0 27 41 51 41 36 39 30 71 96 82 70 59 53 51 56 65 77 90 90 74 60 48 39 38 44 55 68 83 85 68 52 38 26 24 33 46 62 78 82 65 48 31 15 11 25 41 58 76 82 65 47 30 14 8 24 41 58 75 84 67 51 35 23 20 30 45 61 77 88 73 58 45 36 34 41 52 67 82 95 80 67 56 49 48 53 62 74 88 102 89 78 68 63 62 65 73 84 96 112 99 89 81 77 76 79 85 94 106
70 62 37 86 102 92 87 48 34 90 79 50 17 54 61 21 12 11 36 118 69 29 17 75 98 99 78 45 32 92 68 27 0 54 35 19 16 14 34 85 86 76 68 64 64 70 78 90 102 117 76 64 55 50 51 57 68 80 95 110 68 54 42 36 37 46 58 73 88 104 62 46 32 22 24 36 51 67 84 101 59 41 25 9 14 30 47 64 82 99 59 42 25 10 14 30 47 64 82 99 62 46 32 23 25 36 51 67 84 101 68 54 43 36 38 46 59 73 89 105 77 65 55 50 51 58 68 81 95 110 87 76 68 64 65 70 79 90 103 117
78 82 68 84 67 41 62 90 86 123 117 6 64 5 79 49 45 48 23 66 67 68 42 75 62 48 51 88 67 119 111 41 54 0 51 54 50 59 23 32 136 122 110 99 90 84 81 82 86 93 128 113 100 88 78 70 67 68 73 82 121 106 91 78 66 57 53 54 61 71 116 99 84 69 55 45 39 41 49 62 112 95 78 62 47 33 26 28 39 54 109 92 75 58 41 25 12 17 33 49 109 91 74 57 40 22 6 14 31 48 110 93 76 59 43 28 18 22 35 51 113 97 80 65 50 38 32 34 44 57 118 102 87 73 60 50 45 47 54 66
36 34 18 113 114 77 104 42 65 73 67 46 29 53 31 15 26 26 29 101 34 23 41 102 110 82 94 42 67 69 62 51 35 51 0 18 20 26 32 75 116 108 102 99 98 101 107 115 125 136 104 95 88 85 84 88 94 103 114 126 93 83 75 71 70 74 82 92 104 118 83 71 62 57 57 62 71 82 96 110 74 60 49 43 43 49 60 74 89 104 67 52 38 29 29 38 52 67 83 99 62 46 30 16 16 30 46 63 80 97 61 44 26 9 9 27 44 61 78 96 63 46 30 18 18 30 46 63 80 97 68 53 39 31 31 39 52 68 83 100
51 44 19 102 111 87 99 37 48 76 67 49 13 55 42 6 13 11 32 112 51 16 30 91 107 93 89 35 51 76 59 41 19 54 18 0 5 9 32 82 99 90 84 82 83 87 95 105 116 129 88 78 71 68 69 75 83 94 107 121 77 66 58 54 55 62 73 85 99 114 68 55 45 40 42 51 63 77 93 109 61 46 33 26 29 41 55 71 88 104 56 40 24 12 19 34 51 68 85 102 55 38 21 5 15 32 50 67 84 101 58 42 27 18 23 37 52 69 86 103 64 49 38 32 35 45 59 74 90 106 72 59 50 46 48 56 67 81 95 111
54 47 24 98 107 85 94 41 47 80 71 45 15 51 46 5 9 7 29 110 53 20 26 87 103 90 85 39 48 80 63 36 16 50 20 5 0 9 28 80 99 90 83 80 80 84 91 101 112 125 88 77 70 66 66 71 79 90 103 117 78 66 57 52 52 58 68 81 95 110 70 56 44 38 39 47 59 73 88 104 63 47 33 24 25 36 51 67 84 100 59 42 26 11 14 30 47 64 81 98 59 42 25 9 13 29 46 63 81 98 62 46 31 21 23 35 50 66 83 100 68 54 42 35 36 44 57 72 87 103 76 64 54 49 49 56 66 79 93 109
58 48 23 99 112 93 99 36 40 77 66 54 6 59 48 13 14 11 37 119 59 16 28 88 108 99 89 33 45 78 57 39 14 59 26 9 9 0 37 88 91 82 77 75 77 83 92 103 115 129 80 70 63 61 64 71 81 93 107 121 69 58 50 47 50 59 71 85 100 115 61 47 36 33 38 49 63 78 94 110 54 38 25 19 26 41 57 73 90 107 51 34 17 5 20 37 54 71 88 106 52 35 19 11 22 38 55 72 89 106 57 42 29 25 31 44 59 75 92 108 64 51 42 39 43 53 66 81 96 112 73 63 55 53 56 64 75 88 102 118
64 65 47 87 83 59 74 68 67 103 96 18 42 24 62 27 24 27 5 85 56 46 25 77 79 66 63 66 54 100 89 30 34 23 32 32 28 37 0 53 118 106 96 87 82 80 82 87 95 105 109 96 84 75 68 66 68 74 84 96 101 87 74 62 55 52 55 63 74 87 95 79 64 51 42 38 42 52 65 79 90 73 57 42 30 24 30 43 58 74 87 70 53 36 20 10 21 37 54 71 87 69 52 35 18 5 19 36 53 70 89 72 55 39 25 19 26 40 56 72 93 77 61 48 37 33 37 48 62 77 98 84 70 58 50 47 50 58 70 84
92 102 93 103 66 15 71 116 118 145 141 36 94 34 99 77 76 79 51 36 79 96 73 96 62 21 62 116 98 138 137 71 85 32 75 82 80 88 53 0 167 153 140 128 117 108 101 97 96 98 159 145 131 118 106 96 88 84 82 85 152 137 122 109 96 85 76 70 69 71 147 131 115 100 86 74 63 57 55 58 142 125 109 93 78 64 52 43 41 46 138 121 105 88 72 56 42 31 27 34 136 119 102 85 68 51 34 20 14 25 136 118 101 84 66 49 32 15 4 21 136 119 102 85 68 51 35 21 15 26 139 122 105 89 72 57 43 32 29 35
142 127 106 112 159 176 139 95 52 128 113 132 87 134 128 104 98 96 121 201 147 97 95 106 156 183 135 91 71 139 98 96 86 136 116 99 99 91 118 167 0 18 35 52 70 87 104 122 139 156 15 23 38 54 71 88 105 122 140 157 29 34 45 60 75 91 108 125 142 159 43 47 55 68 82 97 113 129 145 162 58 60 67 77 90 104 119 134 150 166 72 74 80 88 99 112 126 140 156 171 86 88 93 100 110 122 134 148 162 177 100 102 106 112 121 132 144 156 170 184 115 116 119 125 133 143 154 166 179 192 129 130 133 138 145 154 164 176 188 201
137 123 100 95 142 163 122 93 43 130 114 119 80 120 124 94 87 86 109 188 140 90 82 89 140 170 119 88 56 139 99 82 76 122 108 90 90 82 106 153 18 0 18 35 52 70 87 104 122 139 23 15 23 38 54 71 88 105 122 140 34 29 34 45 60 75 91 108 125 142 47 43 46 55 67 82 97 112 129 145 60 57 60 67 77 90 104 118 134 150 74 72 73 79 88 99 112 126 140 155 88 86 87 92 100 110 121 134 148 162 102 100 101 105 112 121 131 143 156 170 116 114 115 119 125 133 142 153 165 178 130 128 129 132 138 145 154 164 175 187
134 121 97 78 125 151 105 94 40 134 119 107 75 107 121 88 79 78 99 175 135 87 71 71 123 157 102 89 43 141 104 70 68 110 102 84 83 77 96 140 35 18 0 18 35 52 70 87 104 122 38 23 15 23 38 54 71 88 105 122 45 34 29 34 45 60 75 91 108 125 55 46 43 46 55 67 81 97 112 129 67 60 57 60 67 77 90 104 118 134 80 73 71 73 79 88 99 112 126 140 93 87 85 87 92 99 109 121 134 148 106 101 99 101 105 112 121 131 143 156 119 115 114 115 118 124 132 142 153 165 133 129 128 129 132 137 144 153 163 175
133 122 97 60 108 139 88 98 44 140 125 97 75 96 122 84 74 74 91 163 132 88 63 54 106 146 86 93 34 146 111 59 64 99 99 82 80 75 87 128 52 35 18 0 18 35 52 70 87 104 54 38 23 15 23 38 54 71 88 105 60 45 34 29 33 45 59 75 91 108 68 55 46 43 46 55 67 81 97 112 77 67 60 57 59 66 77 89 103 118 88 79 73 71 73 79 88 99 112 125 100 92 87 85 87 91 99 109 121 134 112 105 101 99 100 105 111 120 131 143 125 119 115 113 114 118 124 132 141 152 138 132 129 127 128 131 137 144 153 163
134 125 100 43 92 130 72 105 54 147 134 88 78 87 124 84 73 73 86 152 131 91 59 37 90 136 70 100 32 152 120 53 64 90 98 83 80 77 82 117 70 52 35 18 0 18 35 52 70 87 71 54 38 23 15 23 38 54 71 88 75 60 45 33 29 33 45 59 75 91 82 67 55 46 43 46 55 67 81 96 90 77 67 59 57 59 66 77 89 103 99 88 79 73 71 73 78 87 99 111 110 100 92 87 85 86 91 99 109 120 121 112 105 100 99 100 104 111 120 130 133 125 118 114 113 114 117 123 131 141 145 138 132 128 127 127 131 136 143 152
137 130 106 26 76 121 56 114 67 157 144 83 85 80 129 88 76 77 84 143 133 98 60 20 75 128 56 110 39 160 131 51 70 84 101 87 84 83 80 108 87 70 52 35 18 0 18 35 52 70 88 71 54 38 23 14 23 38 54 71 91 75 60 45 33 28 33 45 59 75 97 82 67 55 46 42 46 55 67 81 104 90 77 66 59 56 59 66 76 89 112 99 88 79 73 70 72 78 87 98 122 110 99 91 86 84 86 91 98 108 132 121 112 105 100 98 99 104 110 119 143 133 124 118 114 112 113 117 123 131 154 145 137 131 127 126 127 130 135 143
142 138 114 9 61 115 41 125 81 167 155 81 95 77 136 95 83 84 86 135 136 107 66 6 60 122 44 121 52 170 143 56 78 81 107 95 91 92 82 101 104 87 70 52 35 18 0 18 35 52 105 88 71 54 38 23 14 23 38 54 108 91 75 59 45 33 28 33 45 59 113 97 81 67 55 46 42 46 54 67 119 104 90 77 66 59 56 59 66 76 126 112 99 88 78 72 70 72 78 87 134 121 109 99 91 86 84 85 90 98 144 131 121 111 104 99 98 99 103 110 154 142 132 124 117 113 112 113 116 122 164 154 144 137 131 127 125 126 130 135
150 147 124 11 47 111 29 137 96 179 168 83 106 77 145 104 92 94 91 128 142 118 76 17 47 117 36 133 66 180 156 65 90 82 115 105 101 103 87 97 122 104 87 70 52 35 18 0 18 35 122 105 88 71 54 38 23 14 23 38 125 108 91 75 59 45 33 28 33 45 129 112 97 81 67 55 46 42 45 54 134 118 104 89 77 66 59 56 58 65 140 126 112 99 87 78 72 70 72 77 148 134 121 109 99 91 85 83 85 90 156 143 131 120 111 104 99 97 99 103 166 153 142 132 123 117 113 111 112 116 176 164 153 144 136 130 126 125 126 129
158 157 135 27 37 110 25 150 112 192 181 88 119 82 155 115 104 106 99 124 150 130 88 34 39 116 35 147 82 192 170 77 102 86 125 116 112 115 95 96 139 122 104 87 70 52 35 18 0 18 140 122 105 88 71 54 38 23 14 23 142 125 108 91 75 59 45 33 28 33 145 129 112 97 81 67 54 45 42 45 150 134 118 103 89 76 66 58 55 58 156 140 126 112 99 87 78 72 69 71 162 148 134 121 109 98 90 85 83 85 170 156 143 131 120 110 103 99 97 98 179 165 153 141 131 123 116 112 110 112 188 175 163 153 143 135 130 126 124 125
168 169 148 45 33 112 32 164 129 205 195 96 133 89 167 127 117 119 109 122 159 144 101 51 36 117 43 161 98 204 184 90 117 93 136 129 125 129 105 98 156 139 122 104 87 70 52 35 18 0 157 140 122 105 88 71 54 38 23 14 159 142 125 108 91 75 59 45 33 28 162 145 129 112 96 81 67 54 45 42 166 150 134 118 103 89 76 65 58 55 171 155 140 125 111 98 87 77 71 69 177 162 148 134 120 108 98 90 85 83 184 170 156 143 130 119 110 103 98 96 192 178 165 152 141 131 122 116 112 110 201 187 175 163 152 143 135 129 125 124
129 113 93 114 156 168 137 81 43 114 98 124 76 126 115 92 88 85 112 193 135 84 86 106 154 174 132 77 66 124 83 90 76 128 104 88 88 80 109 159 15 23 38 54 71 88 105 122 140 157 0 18 35 52 70 87 104 122 139 156 15 23 38 54 71 88 105 122 140 157 29 34 45 60 75 91 108 125 142 159 43 47 55 68 82 97 113 129 145 162 58 60 67 77 90 104 119 134 150 166 72 74 80 88 99 112 126 140 156 171 86 88 93 100 110 122 134 148 162 177 100 102 106 112 121 132 144 156 170 184 115 116 119 125 133 143 154 166 179 192
123 109 87 97 139 154 119 79 31 116 100 110 67 112 110 82 76 74 99 179 127 77 72 89 137 160 115 74 50 125 85 74 64 113 95 78 77 70 96 145 23 15 23 38 54 71 88 105 122 140 18 0 18 35 52 70 87 104 122 139 23 15 23 38 54 71 88 105 122 140 34 29 34 45 60 75 91 108 125 142 47 43 46 55 67 82 97 112 129 145 60 57 60 67 77 90 104 118 134 150 74 72 73 79 88 99 112 126 140 155 88 86 87 92 100 110 121 134 148 162 102 100 101 105 112 121 131 143 156 170 116 114 115 119 125 133 142 153 165 178
120 107 83 80 122 141 102 80 26 120 105 97 61 98 107 74 66 65 87 166 121 73 60 72 120 147 98 75 34 128 91 60 55 100 88 71 70 63 84 131 38 23 15 23 38 54 71 88 105 122 35 18 0 18 35 52 70 87 104 122 38 23 15 23 38 54 71 88 105 122 45 34 29 34 45 60 75 91 108 125 55 46 43 46 55 67 81 97 112 129 67 60 57 60 67 77 90 104 118 134 80 73 71 73 79 88 99 112 126 140 93 87 85 87 92 99 109 121 134 148 106 101 99 101 105 112 121 131 143 156 119 115 114 115 118 124 132 142 153 165
118 108 83 63 105 129 85 85 32 127 113 85 61 85 108 70 60 60 78 153 118 74 50 55 103 135 81 80 21 133 99 48 50 88 85 68 66 61 75 118 54 38 23 15 23 38 54 71 88 105 52 35 18 0 18 35 52 70 87 104 54 38 23 15 23 38 54 71 88 105 60 45 34 29 33 45 59 75 91 108 68 55 46 43 46 55 67 81 97 112 77 67 60 57 59 66 77 89 103 118 88 79 73 71 73 79 88 99 112 125 100 92 87 85 87 91 99 109 121 134 112 105 101 99 100 105 111 120 131 143 125 119 115 113 114 118 124 132 141 152
120 111 86 47 88 118 68 93 44 136 122 76 65 75 111 70 59 59 72 141 117 78 45 38 86 125 65 88 19 140 109 39 51 78 84 69 66 64 68 106 71 54 38 23 15 23 38 54 71 88 70 52 35 18 0 18 35 52 70 87 71 54 38 23 15 23 38 54 71 88 75 60 45 33 29 33 45 59 75 91 82 67 55 46 43 46 55 67 81 96 90 77 67 59 57 59 66 77 89 103 99 88 79 73 71 73 78 87 99 111 110 100 92 87 85 86 91 99 109 120 121 112 105 100 99 100 104 111 120 130 133 125 118 114 113 114 117 123 131 141
124 118 93 31 71 109 51 103 59 146 133 70 73 67 116 75 63 64 70 131 119 86 47 21 69 116 49 99 29 148 121 38 57 70 88 75 71 71 66 96 88 71 54 38 23 14 23 38 54 71 87 70 52 35 18 0 18 35 52 70 88 71 54 38 23 14 23 38 54 71 91 75 60 45 33 28 33 45 59 75 97 82 67 55 46 42 46 55 67 81 104 90 77 66 59 56 59 66 76 89 112 99 88 79 73 70 72 78 87 98 122 110 99 91 86 84 86 91 98 108 132 121 112 105 100 98 99 104 110 119 143 133 124 118 114 112 113 117 123 131
130 126 102 20 55 102 34 115 75 157 145 67 84 63 124 82 71 73 72 122 123 96 54 9 53 108 34 111 45 158 134 44 68 67 94 83 79 81 68 88 105 88 71 54 38 23 14 23 38 54 104 87 70 52 35 18 0 18 35 52 105 88 71 54 38 23 14 23 38 54 108 91 75 59 45 33 28 33 45 59 113 97 81 67 55 46 42 46 54 67 119 104 90 77 66 59 56 59 66 76 126 112 99 88 78 72 70 72 78 87 134 121 109 99 91 86 84 85 90 98 144 131 121 111 104 99 98 99 103 110 154 142 132 124 117 113 112 113 116 122
137 136 113 20 39 98 19 128 92 170 159 70 97 64 134 93 82 84 78 115 130 108 65 18 38 104 23 124 61 170 148 55 80 68 103 94 90 93 74 84 122 105 88 71 54 38 23 14 23 38 122 104 87 70 52 35 18 0 18 35 122 105 88 71 54 38 23 14 23 38 125 108 91 75 59 45 33 28 33 45 129 112 97 81 67 55 46 42 45 54 134 118 104 89 77 66 59 56 58 65 140 126 112 99 87 78 72 70 72 77 148 134 121 109 99 91 85 83 85 90 156 143 131 120 111 104 99 97 99 103 166 153 142 132 123 117 113 111 112 116
147 147 126 32 25 96 12 142 108 183 173 76 111 69 145 105 95 97 87 111 138 122 79 35 26 102 22 139 78 182 162 68 95 73 114 107 103 107 84 82 140 122 105 88 71 54 38 23 14 23 139 122 104 87 70 52 35 18 0 18 140 122 105 88 71 54 38 23 14 23 142 125 108 91 75 59 45 33 28 33 145 129 112 97 81 67 54 45 42 45 150 134 118 103 89 76 66 58 55 58 156 140 126 112 99 87 78 72 69 71 162 148 134 121 109 98 90 85 83 85 170 156 143 131 120 110 103 99 97 98 179 165 153 141 131 123 116 112 110 112
158 160 139 48 19 98 23 157 125 197 187 85 126 78 157 119 109 111 98 109 148 136 94 52 23 103 33 154 94 195 177 83 110 82 126 121 117 121 96 85 157 140 122 105 88 71 54 38 23 14 156 139 122 104 87 70 52 35 18 0 157 140 122 105 88 71 54 38 23 14 159 142 125 108 91 75 59 45 33 28 162 145 129 112 96 81 67 54 45 42 166 150 134 118 103 89 76 65 58 55 171 155 140 125 111 98 87 77 71 69 177 162 148 134 120 108 98 90 85 83 184 170 156 143 130 119 110 103 98 96 192 178 165 152 141 131 122 116 112 110
116 100 81 117 155 160 136 67 36 99 84 117 65 120 102 82 79 76 103 185 122 72 80 108 152 166 131 64 64 110 69 85 68 121 93 77 78 69 101 152 29 34 45 60 75 91 108 125 142 159 15 23 38 54 71 88 105 122 140 157 0 18 35 52 70 87 104 122 139 156 15 23 38 54 71 88 105 122 140 157 29 34 45 60 75 91 108 125 142 159 43 47 55 68 82 97 113 129 145 162 58 60 67 77 90 104 119 134 150 166 72 74 80 88 99 112 126 140 156 171 86 88 93 100 110 122 134 148 162 177 100 102 106 112 121 132 144 156 170 184
110 95 73 100 138 145 119 64 20 102 87 102 54 104 96 70 65 63 89 171 114 64 64 91 135 152 114 60 47 111 72 68 54 106 83 66 66 58 87 137 34 29 34 45 60 75 91 108 125 142 23 15 23 38 54 71 88 105 122 140 18 0 18 35 52 70 87 104 122 139 23 15 23 38 54 71 88 105 122 140 34 29 34 45 60 75 91 108 125 142 47 43 46 55 67 82 97 112 129 145 60 57 60 67 77 90 104 118 134 150 74 72 73 79 88 99 112 126 140 155 88 86 87 92 100 110 121 134 148 162 102 100 101 105 112 121 131 143 156 170
106 93 69 84 121 131 102 66 12 107 92 87 48 89 93 61 54 52 77 157 108 59 50 75 118 138 96 61 29 114 78 52 42 91 75 58 57 50 74 122 45 34 29 34 45 60 75 91 108 125 38 23 15 23 38 54 71 88 105 122 35 18 0 18 35 52 70 87 104 122 38 23 15 23 38 54 71 88 105 122 45 34 29 34 45 60 75 91 108 125 55 46 43 46 55 67 81 97 112 129 67 60 57 60 67 77 90 104 118 134 80 73 71 73 79 88 99 112 126 140 93 87 85 87 92 99 109 121 134 148 106 101 99 101 105 112 121 131 143 156
104 94 69 68 103 118 84 72 22 114 101 74 47 76 94 56 47 46 66 143 104 60 38 58 100 125 79 67 12 120 87 38 36 78 71 54 52 47 62 109 60 45 34 29 33 45 59 75 91 108 54 38 23 15 23 38 54 71 88 105 52 35 18 0 18 35 52 70 87 104 54 38 23 15 23 38 54 71 88 105 60 45 34 29 33 45 59 75 91 108 68 55 46 43 46 55 67 81 97 112 77 67 60 57 59 66 77 89 103 118 88 79 73 71 73 79 88 99 112 125 100 92 87 85 87 91 99 109 121 134 112 105 101 99 100 105 111 120 131 143
106 98 73 53 86 107 67 81 38 124 111 64 52 63 97 57 45 46 59 131 103 65 31 43 83 113 62 77 7 127 99 26 37 66 70 55 52 50 55 96 75 60 45 33 29 33 45 59 75 91 71 54 38 23 15 23 38 54 71 88 70 52 35 18 0 18 35 52 70 87 71 54 38 23 15 23 38 54 71 88 75 60 45 33 29 33 45 59 75 91 82 67 55 46 43 46 55 67 81 96 90 77 67 59 57 59 66 77 89 103 99 88 79 73 71 73 78 87 99 111 110 100 92 87 85 86 91 99 109 120 121 112 105 100 99 100 104 111 120 130
110 105 81 41 69 97 50 93 55 135 123 56 62 54 104 62 50 52 56 120 105 75 34 30 66 103 45 89 24 137 112 24 46 57 74 62 58 59 52 85 91 75 60 45 33 28 33 45 59 75 88 71 54 38 23 14 23 38 54 71 87 70 52 35 18 0 18 35 52 70 88 71 54 38 23 14 23 38 54 71 91 75 60 45 33 28 33 45 59 75 97 82 67 55 46 42 46 55 67 81 104 90 77 66 59 56 59 66 76 89 112 99 88 79 73 70 72 78 87 98 122 110 99 91 86 84 86 91 98 108 132 121 112 105 100 98 99 104 110 119
117 114 91 33 52 89 33 106 72 147 137 54 75 49 112 71 60 62 59 110 110 86 43 23 49 96 28 102 41 148 126 33 58 53 82 73 68 71 55 76 108 91 75 59 45 33 28 33 45 59 105 88 71 54 38 23 14 23 38 54 104 87 70 52 35 18 0 18 35 52 105 88 71 54 38 23 14 23 38 54 108 91 75 59 45 33 28 33 45 59 113 97 81 67 55 46 42 46 54 67 119 104 90 77 66 59 56 59 66 76 126 112 99 88 78 72 70 72 78 87 134 121 109 99 91 86 84 85 90 98 144 131 121 111 104 99 98 99 103 110
126 125 104 33 34 84 15 120 89 161 151 56 89 50 123 83 73 75 66 102 117 100 57 28 32 90 12 117 58 160 140 46 73 54 92 85 81 85 63 70 125 108 91 75 59 45 33 28 33 45 122 105 88 71 54 38 23 14 23 38 122 104 87 70 52 35 18 0 18 35 122 105 88 71 54 38 23 14 23 38 125 108 91 75 59 45 33 28 33 45 129 112 97 81 67 55 46 42 45 54 134 118 104 89 77 66 59 56 58 65 140 126 112 99 87 78 72 70 72 77 148 134 121 109 99 91 85 83 85 90 156 143 131 120 111 104 99 97 99 103
136 138 117 42 18 83 4 135 106 175 165 64 105 57 135 97 87 89 77 97 126 114 72 40 16 88 11 132 76 173 156 62 88 61 104 99 95 100 74 69 142 125 108 91 75 59 45 33 28 33 140 122 105 88 71 54 38 23 14 23 139 122 104 87 70 52 35 18 0 18 140 122 105 88 71 54 38 23 14 23 142 125 108 91 75 59 45 33 28 33 145 129 112 97 81 67 54 45 42 45 150 134 118 103 89 76 66 58 55 58 156 140 126 112 99 87 78 72 69 71 162 148 134 121 109 98 90 85 83 85 170 156 143 131 120 110 103 99 97 98
148 151 132 54 6 85 21 151 123 189 180 75 120 68 148 111 102 105 89 95 137 129 88 55 10 89 27 148 93 187 171 78 104 71 118 114 110 115 87 71 159 142 125 108 91 75 59 45 33 28 157 140 122 105 88 71 54 38 23 14 156 139 122 104 87 70 52 35 18 0 157 140 122 105 88 71 54 38 23 14 159 142 125 108 91 75 59 45 33 28 162 145 129 112 96 81 67 54 45 42 166 150 134 118 103 89 76 65 58 55 171 155 140 125 111 98 87 77 71 69 177 162 148 134 120 108 98 90 85 83 184 170 156 143 130 119 110 103 98 96
104 87 69 121 155 153 137 54 34 85 70 111 56 115 89 73 72 69 96 178 110 61 76 112 152 159 131 50 65 96 55 82 62 116 83 68 70 61 95 147 43 47 55 68 82 97 113 129 145 162 29 34 45 60 75 91 108 125 142 159 15 23 38 54 71 88 105 122 140 157 0 18 35 52 70 87 104 122 139 156 15 23 38 54 71 88 105 122 140 157 29 34 45 60 75 91 108 125 142 159 43 47 55 68 82 97 113 129 145 162 58 60 67 77 90 104 119 134 150 166 72 74 80 88 99 112 126 140 156 171 86 88 93 100 110 122 134 148 162 177
96 81 60 105 138 138 120 50 17 88 73 95 43 99 82 60 57 54 81 163 101 51 59 96 135 144 114 46 48 97 58 65 46 99 71 55 56 47 79 131 47 43 46 55 67 82 97 112 129 145 34 29 34 45 60 75 91 108 125 142 23 15 23 38 54 71 88 105 122 140 18 0 18 35 52 70 87 104 122 139 23 15 23 38 54 71 88 105 122 140 34 29 34 45 60 75 91 108 125 142 47 43 46 55 67 82 97 112 129 145 60 57 60 67 77 90 104 118 134 150 74 72 73 79 88 99 112 126 140 155 88 86 87 92 100 110 121 134 148 162
92 79 55 90 121 123 103 52 4 94 80 80 34 83 79 49 43 41 67 148 94 45 43 80 118 129 96 48 31 100 66 48 32 84 62 45 44 36 64 115 55 46 43 46 55 67 81 97 112 129 45 34 29 34 45 60 75 91 108 125 38 23 15 23 38 54 71 88 105 122 35 18 0 18 35 52 70 87 104 122 38 23 15 23 38 54 71 88 105 122 45 34 29 34 45 60 75 91 108 125 55 46 43 46 55 67 81 97 112 129 67 60 57 60 67 77 90 104 118 134 80 73 71 73 79 88 99 112 126 140 93 87 85 87 92 99 109 121 134 148
90 80 55 76 104 109 86 60 19 103 89 65 33 67 80 43 33 32 55 134 90 46 27 65 100 116 79 55 16 107 76 31 22 69 57 40 38 33 51 100 68 55 46 43 46 55 67 81 97 112 60 45 34 29 33 45 59 75 91 108 54 38 23 15 23 38 54 71 88 105 52 35 18 0 18 35 52 70 87 104 54 38 23 15 23 38 54 71 88 105 60 45 34 29 33 45 59 75 91 108 68 55 46 43 46 55 67 81 97 112 77 67 60 57 59 66 77 89 103 118 88 79 73 71 73 79 88 99 112 125 100 92 87 85 87 91 99 109 121 134
92 85 60 63 86 96 69 71 36 113 101 52 41 53 84 43 31 32 46 121 89 53 17 52 83 103 62 67 13 115 89 15 24 55 57 42 39 38 42 86 82 67 55 46 43 46 55 67 81 96 75 60 45 33 29 33 45 59 75 91 71 54 38 23 15 23 38 54 71 88 70 52 35 18 0 18 35 52 70 87 71 54 38 23 15 23 38 54 71 88 75 60 45 33 29 33 45 59 75 91 82 67 55 46 43 46 55 67 81 96 90 77 67 59 57 59 66 77 89 103 99 88 79 73 71 73 78 87 99 111 110 100 92 87 85 86 91 99 109 120
97 93 70 52 69 85 52 84 54 125 114 43 53 42 91 50 38 40 42 109 92 64 21 41 66 92 45 80 26 126 104 11 36 45 62 51 47 49 38 74 97 82 67 55 46 42 46 55 67 81 91 75 60 45 33 28 33 45 59 75 88 71 54 38 23 14 23 38 54 71 87 70 52 35 18 0 18 35 52 70 88 71 54 38 23 14 23 38 54 71 91 75 60 45 33 28 33 45 59 75 97 82 67 55 46 42 46 55 67 81 104 90 77 66 59 56 59 66 76 89 112 99 88 79 73 70 72 78 87 98 122 110 99 91 86 84 86 91 98 108
105 103 82 46 52 76 36 98 71 139 128 40 67 35 101 61 50 53 46 98 97 77 35 37 49 83 28 95 42 138 119 25 51 39 71 63 59 63 42 63 113 97 81 67 55 46 42 46 54 67 108 91 75 59 45 33 28 33 45 59 105 88 71 54 38 23 14 23 38 54 104 87 70 52 35 18 0 18 35 52 105 88 71 54 38 23 14 23 38 54 108 91 75 59 45 33 28 33 45 59 113 97 81 67 55 46 42 46 54 67 119 104 90 77 66 59 56 59 66 76 126 112 99 88 78 72 70 72 78 87 134 121 109 99 91 86 84 85 90 98
115 115 95 47 35 70 23 113 88 153 143 44 83 37 113 74 65 68 55 90 105 92 51 40 31 77 12 110 59 151 134 41 67 41 82 77 73 78 52 57 129 112 97 81 67 55 46 42 45 54 125 108 91 75 59 45 33 28 33 45 122 105 88 71 54 38 23 14 23 38 122 104 87 70 52 35 18 0 18 35 122 105 88 71 54 38 23 14 23 38 125 108 91 75 59 45 33 28 33 45 129 112 97 81 67 55 46 42 45 54 134 118 104 89 77 66 59 56 58 65 140 126 112 99 87 78 72 70 72 77 148 134 121 109 99 91 85 83 85 90
126 129 110 53 19 69 17 129 105 167 159 53 99 46 126 89 81 83 67 84 116 108 68 49 15 74 12 126 76 165 150 58 84 49 96 93 88 94 65 55 145 129 112 97 81 67 54 45 42 45 142 125 108 91 75 59 45 33 28 33 140 122 105 88 71 54 38 23 14 23 139 122 104 87 70 52 35 18 0 18 140 122 105 88 71 54 38 23 14 23 142 125 108 91 75 59 45 33 28 33 145 129 112 97 81 67 54 45 42 45 150 134 118 103 89 76 66 58 55 58 156 140 126 112 99 87 78 72 69 71 162 148 134 121 109 98 90 85 83 85
139 143 125 63 9 71 26 145 123 182 174 66 116 58 140 105 97 100 81 81 127 124 84 62 7 76 27 143 93 179 166 76 101 62 110 109 104 110 79 58 162 145 129 112 96 81 67 54 45 42 159 142 125 108 91 75 59 45 33 28 157 140 122 105 88 71 54 38 23 14 156 139 122 104 87 70 52 35 18 0 157 140 122 105 88 71 54 38 23 14 159 142 125 108 91 75 59 45 33 28 162 145 129 112 96 81 67 54 45 42 166 150 134 118 103 89 76 65 58 55 171 155 140 125 111 98 87 77 71 69 177 162 148 134 120 108 98 90 85 83
92 74 59 127 157 147 140 41 38 71 56 107 49 111 76 66 67 64 91 172 99 51 74 117 153 153 132 38 69 82 41 82 59 112 74 61 63 54 90 142 58 60 67 77 90 104 119 134 150 166 43 47 55 68 82 97 113 129 145 162 29 34 45 60 75 91 108 125 142 159 15 23 38 54 71 88 105 122 140 157 0 18 35 52 70 87 104 122 139 156 15 23 38 54 71 88 105 122 140 157 29 34 45 60 75 91 108 125 142 159 43 47 55 68 82 97 113 129 145 162 58 60 67 77 90 104 119 134 150 166 72 74 80 88 99 112 126 140 156 171
83 67 48 112 140 131 123 36 24 74 59 90 33 95 69 51 50 47 75 157 89 39 57 102 136 137 115 32 53 82 45 65 41 95 60 46 47 38 73 125 60 57 60 67 77 90 104 118 134 150 47 43 46 55 67 82 97 112 129 145 34 29 34 45 60 75 91 108 125 142 23 15 23 38 54 71 88 105 122 140 18 0 18 35 52 70 87 104 122 139 23 15 23 38 54 71 88 105 122 140 34 29 34 45 60 75 91 108 125 142 47 43 46 55 67 82 97 112 129 145 60 57 60 67 77 90 104 118 134 150 74 72 73 79 88 99 112 126 140 155
78 64 41 98 123 116 106 39 18 81 68 74 21 78 65 37 34 32 59 141 81 31 39 87 119 122 98 34 38 87 54 47 25 78 49 33 33 25 57 109 67 60 57 60 67 77 90 104 118 134 55 46 43 46 55 67 81 97 112 129 45 34 29 34 45 60 75 91 108 125 38 23 15 23 38 54 71 88 105 122 35 18 0 18 35 52 70 87 104 122 38 23 15 23 38 54 71 88 105 122 45 34 29 34 45 60 75 91 108 125 55 46 43 46 55 67 81 97 112 129 67 60 57 60 67 77 90 104 118 134 80 73 71 73 79 88 99 112 126 140
76 66 41 85 106 101 90 49 26 91 79 58 20 61 66 29 21 19 45 126 76 33 22 74 102 107 82 44 28 94 67 30 9 62 43 26 24 19 42 93 77 67 60 57 59 66 77 89 103 118 68 55 46 43 46 55 67 81 97 112 60 45 34 29 33 45 59 75 91 108 54 38 23 15 23 38 54 71 88 105 52 35 18 0 18 35 52 70 87 104 54 38 23 15 23 38 54 71 88 105 60 45 34 29 33 45 59 75 91 108 68 55 46 43 46 55 67 81 97 112 77 67 60 57 59 66 77 89 103 118 88 79 73 71 73 79 88 99 112 125
79 72 48 74 89 87 74 62 40 103 92 43 31 45 71 29 18 19 33 112 75 42 5 62 85 93 65 58 26 104 82 14 14 47 43 29 25 26 30 78 90 77 67 59 57 59 66 77 89 103 82 67 55 46 43 46 55 67 81 96 75 60 45 33 29 33 45 59 75 91 71 54 38 23 15 23 38 54 71 88 70 52 35 18 0 18 35 52 70 87 71 54 38 23 15 23 38 54 71 88 75 60 45 33 29 33 45 59 75 91 82 67 55 46 43 46 55 67 81 96 90 77 67 59 57 59 66 77 89 103 99 88 79 73 71 73 78 87 99 111
84 82 59 65 72 74 58 76 56 116 106 31 46 31 80 39 28 31 28 99 78 55 14 54 68 81 49 73 34 116 97 8 30 33 49 41 36 41 24 64 104 90 77 66 59 56 59 66 76 89 97 82 67 55 46 42 46 55 67 81 91 75 60 45 33 28 33 45 59 75 88 71 54 38 23 14 23 38 54 71 87 70 52 35 18 0 18 35 52 70 88 71 54 38 23 14 23 38 54 71 91 75 60 45 33 28 33 45 59 75 97 82 67 55 46 42 46 55 67 81 104 90 77 66 59 56 59 66 76 89 112 99 88 79 73 70 72 78 87 98
93 93 73 60 56 64 45 92 73 131 122 26 62 22 91 52 43 46 33 87 85 70 31 50 52 71 34 89 48 129 113 24 47 26 60 55 51 57 30 52 119 104 90 77 66 59 56 59 66 76 113 97 81 67 55 46 42 46 54 67 108 91 75 59 45 33 28 33 45 59 105 88 71 54 38 23 14 23 38 54 104 87 70 52 35 18 0 18 35 52 105 88 71 54 38 23 14 23 38 54 108 91 75 59 45 33 28 33 45 59 113 97 81 67 55 46 42 46 54 67 119 104 90 77 66 59 56 59 66 76 126 112 99 88 78 72 70 72 78 87
104 107 88 60 41 57 34 108 90 145 137 31 79 24 104 68 60 63 45 77 94 86 48 53 37 64 24 105 63 142 129 41 64 28 74 71 67 73 43 43 134 118 104 89 77 66 59 56 58 65 129 112 97 81 67 55 46 42 45 54 125 108 91 75 59 45 33 28 33 45 122 105 88 71 54 38 23 14 23 38 122 104 87 70 52 35 18 0 18 35 122 105 88 71 54 38 23 14 23 38 125 108 91 75 59 45 33 28 33 45 129 112 97 81 67 55 46 42 45 54 134 118 104 89 77 66 59 56 58 65 140 126 112 99 87 78 72 70 72 77
117 121 104 65 28 55 31 125 107 161 153 44 96 36 118 84 77 80 60 71 105 103 66 60 24 61 23 122 79 157 146 58 82 39 89 88 84 90 58 41 150 134 118 103 89 76 66 58 55 58 145 129 112 97 81 67 54 45 42 45 142 125 108 91 75 59 45 33 28 33 140 122 105 88 71 54 38 23 14 23 139 122 104 87 70 52 35 18 0 18 140 122 105 88 71 54 38 23 14 23 142 125 108 91 75 59 45 33 28 33 145 129 112 97 81 67 54 45 42 45 150 134 118 103 89 76 66 58 55 58 156 140 126 112 99 87 78 72 69 71
130 136 120 74 23 58 37 141 124 176 169 59 113 52 133 100 93 97 75 68 118 119 83 71 20 63 34 139 96 172 162 75 99 54 104 104 100 107 74 46 166 150 134 118 103 89 76 65 58 55 162 145 129 112 96 81 67 54 45 42 159 142 125 108 91 75 59 45 33 28 157 140 122 105 88 71 54 38 23 14 156 139 122 104 87 70 52 35 18 0 157 140 122 105 88 71 54 38 23 14 159 142 125 108 91 75 59 45 33 28 162 145 129 112 96 81 67 54 45 42 166 150 134 118 103 89 76 65 58 55 171 155 140 125 111 98 87 77 71 69
80 62 50 135 159 142 143 29 46 57 41 104 45 110 65 61 65 62 88 167 89 44 75 124 156 148 135 27 75 67 26 84 59 109 67 56 59 51 87 138 72 74 80 88 99 112 126 140 156 171 58 60 67 77 90 104 119 134 150 166 43 47 55 68 82 97 113 129 145 162 29 34 45 60 75 91 108 125 142 159 15 23 38 54 71 88 105 122 140 157 0 18 35 52 70 87 104 122 139 156 15 23 38 54 71 88 105 122 140 157 29 34 45 60 75 91 108 125 142 159 43 47 55 68 82 97 113 129 145 162 58 60 67 77 90 104 119 134 150 166
70 54 37 120 143 126 127 22 36 61 46 87 28 92 56 45 47 44 71 151 77 29 58 110 139 131 119 18 61 68 32 67 42 92 52 40 42 34 70 121 74 72 73 79 88 99 112 126 140 155 60 57 60 67 77 90 104 118 134 150 47 43 46 55 67 82 97 112 129 145 34 29 34 45 60 75 91 108 125 142 23 15 23 38 54 71 88 105 122 140 18 0 18 35 52 70 87 104 122 139 23 15 23 38 54 71 88 105 122 140 34 29 34 45 60 75 91 108 125 142 47 43 46 55 67 82 97 112 129 145 60 57 60 67 77 90 104 118 134 150
64 50 27 107 126 110 111 27 32 70 57 70 11 75 51 29 30 27 54 135 68 18 41 96 122 115 102 22 49 74 45 51 25 75 38 24 26 17 53 105 80 73 71 73 79 88 99 112 126 140 67 60 57 60 67 77 90 104 118 134 55 46 43 46 55 67 81 97 112 129 45 34 29 34 45 60 75 91 108 125 38 23 15 23 38 54 71 88 105 122 35 18 0 18 35 52 70 87 104 122 38 23 15 23 38 54 71 88 105 122 45 34 29 34 45 60 75 91 108 125 55 46 43 46 55 67 81 97 112 129 67 60 57 60 67 77 90 104 118 134
62 53 28 95 110 94 95 39 37 81 70 53 8 58 52 16 13 10 37 119 62 20 25 84 106 100 86 36 41 83 60 35 10 58 29 12 11 5 36 88 88 79 73 71 73 79 88 99 112 125 77 67 60 57 59 66 77 89 103 118 68 55 46 43 46 55 67 81 97 112 60 45 34 29 33 45 59 75 91 108 54 38 23 15 23 38 54 71 88 105 52 35 18 0 18 35 52 70 87 104 54 38 23 15 23 38 54 71 88 105 60 45 34 29 33 45 59 75 91 108 68 55 46 43 46 55 67 81 97 112 77 67 60 57 59 66 77 89 103 118
65 60 37 85 93 79 80 55 48 94 84 36 25 41 58 17 6 9 22 104 61 33 13 74 89 85 71 52 40 94 76 23 14 41 29 19 14 20 20 72 99 88 79 73 71 73 78 87 99 111 90 77 67 59 57 59 66 77 89 103 82 67 55 46 43 46 55 67 81 96 75 60 45 33 29 33 45 59 75 91 71 54 38 23 15 23 38 54 71 88 70 52 35 18 0 18 35 52 70 87 71 54 38 23 15 23 38 54 71 88 75 60 45 33 29 33 45 59 75 91 82 67 55 46 43 46 55 67 81 96 90 77 67 59 57 59 66 77 89 103
72 71 51 78 78 65 67 71 62 108 100 21 42 24 69 31 23 26 14 90 65 49 18 67 74 71 57 68 46 106 92 20 30 25 38 34 30 37 10 56 112 99 88 79 73 70 72 78 87 98 104 90 77 66 59 56 59 66 76 89 97 82 67 55 46 42 46 55 67 81 91 75 60 45 33 28 33 45 59 75 88 71 54 38 23 14 23 38 54 71 87 70 52 35 18 0 18 35 52 70 88 71 54 38 23 14 23 38 54 71 91 75 60 45 33 28 33 45 59 75 97 82 67 55 46 42 46 55 67 81 104 90 77 66 59 56 59 66 76 89
82 84 67 74 63 52 55 87 77 124 116 12 60 9 82 47 40 43 23 77 73 66 33 64 59 59 44 85 56 120 109 30 47 12 52 51 47 54 21 42 126 112 99 88 78 72 70 72 78 87 119 104 90 77 66 59 56 59 66 76 113 97 81 67 55 46 42 46 54 67 108 91 75 59 45 33 28 33 45 59 105 88 71 54 38 23 14 23 38 54 104 87 70 52 35 18 0 18 35 52 105 88 71 54 38 23 14 23 38 54 108 91 75 59 45 33 28 33 45 59 113 97 81 67 55 46 42 46 54 67 119 104 90 77 66 59 56 59 66 76
94 99 83 74 50 44 47 104 93 139 132 22 77 14 96 63 58 61 38 66 83 83 50 66 45 51 37 102 70 135 126 45 64 17 67 68 64 71 37 31 140 126 112 99 87 78 72 70 72 77 134 118 104 89 77 66 59 56 58 65 129 112 97 81 67 55 46 42 45 54 125 108 91 75 59 45 33 28 33 45 122 105 88 71 54 38 23 14 23 38 122 104 87 70 52 35 18 0 18 35 122 105 88 71 54 38 23 14 23 38 125 108 91 75 59 45 33 28 33 45 129 112 97 81 67 55 46 42 45 54 134 118 104 89 77 66 59 56 58 65
108 114 99 78 40 41 45 121 110 155 149 38 94 31 111 80 75 78 55 58 96 100 67 72 36 47 36 119 85 150 143 61 82 33 83 85 81 88 54 27 156 140 126 112 99 87 78 72 69 71 150 134 118 103 89 76 66 58 55 58 145 129 112 97 81 67 54 45 42 45 142 125 108 91 75 59 45 33 28 33 140 122 105 88 71 54 38 23 14 23 139 122 104 87 70 52 35 18 0 18 140 122 105 88 71 54 38 23 14 23 142 125 108 91 75 59 45 33 28 33 145 129 112 97 81 67 54 45 42 45 150 134 118 103 89 76 66 58 55 58
123 130 116 85 36 46 49 138 127 171 166 54 112 48 127 98 92 95 71 54 110 117 84 81 34 50 44 137 100 166 160 77 99 49 99 102 98 106 71 34 171 155 140 125 111 98 87 77 71 69 166 150 134 118 103 89 76 65 58 55 162 145 129 112 96 81 67 54 45 42 159 142 125 108 91 75 59 45 33 28 157 140 122 105 88 71 54 38 23 14 156 139 122 104 87 70 52 35 18 0 157 140 122 105 88 71 54 38 23 14 159 142 125 108 91 75 59 45 33 28 162 145 129 112 96 81 67 54 45 42 166 150 134 118 103 89 76 65 58 55
70 51 45 143 163 139 148 21 57 43 27 104 46 110 54 60 66 63 87 163 80 41 78 132 159 144 140 21 83 53 12 88 62 109 62 55 59 52 87 136 86 88 93 100 110 122 134 148 162 177 72 74 80 88 99 112 126 140 156 171 58 60 67 77 90 104 119 134 150 166 43 47 55 68 82 97 113 129 145 162 29 34 45 60 75 91 108 125 142 159 15 23 38 54 71 88 105 122 140 157 0 18 35 52 70 87 104 122 139 156 15 23 38 54 71 88 105 122 140 157 29 34 45 60 75 91 108 125 142 159 43 47 55 68 82 97 113 129 145 162
58 41 28 129 147 122 133 8 49 48 35 86 30 92 43 43 49 46 69 147 67 24 62 118 143 127 124 5 71 55 22 73 46 91 46 38 42 35 69 119 88 86 87 92 100 110 121 134 148 162 74 72 73 79 88 99 112 126 140 155 60 57 60 67 77 90 104 118 134 150 47 43 46 55 67 82 97 112 129 145 34 29 34 45 60 75 91 108 125 142 23 15 23 38 54 71 88 105 122 140 18 0 18 35 52 70 87 104 122 139 23 15 23 38 54 71 88 105 122 140 34 29 34 45 60 75 91 108 125 142 47 43 46 55 67 82 97 112 129 145
51 36 14 117 131 105 117 17 46 59 48 69 15 75 37 25 32 29 52 130 56 7 47 106 127 110 108 15 61 61 38 58 32 74 30 21 25 19 52 102 93 87 85 87 92 99 109 121 134 148 80 73 71 73 79 88 99 112 126 140 67 60 57 60 67 77 90 104 118 134 55 46 43 46 55 67 81 97 112 129 45 34 29 34 45 60 75 91 108 125 38 23 15 23 38 54 71 88 105 122 35 18 0 18 35 52 70 87 104 122 38 23 15 23 38 54 71 88 105 122 45 34 29 34 45 60 75 91 108 125 55 46 43 46 55 67 81 97 112 129
48 40 15 106 115 89 103 34 49 72 63 52 13 58 38 8 17 15 35 114 49 12 34 95 111 94 93 32 55 72 55 45 23 57 16 5 9 11 35 85 100 92 87 85 87 91 99 109 121 134 88 79 73 71 73 79 88 99 112 125 77 67 60 57 59 66 77 89 103 118 68 55 46 43 46 55 67 81 97 112 60 45 34 29 33 45 59 75 91 108 54 38 23 15 23 38 54 71 88 105 52 35 18 0 18 35 52 70 87 104 54 38 23 15 23 38 54 71 88 105 60 45 34 29 33 45 59 75 91 108 68 55 46 43 46 55 67 81 97 112
52 49 29 98 100 72 89 51 58 86 79 34 27 41 47 10 13 15 17 98 47 29 27 86 95 78 79 49 54 84 72 36 25 40 16 15 13 22 18 68 110 100 92 87 85 86 91 99 109 120 99 88 79 73 71 73 78 87 99 111 90 77 67 59 57 59 66 77 89 103 82 67 55 46 43 46 55 67 81 96 75 60 45 33 29 33 45 59 75 91 71 54 38 23 15 23 38 54 71 88 70 52 35 18 0 18 35 52 70 87 71 54 38 23 15 23 38 54 71 88 75 60 45 33 29 33 45 59 75 91 82 67 55 46 43 46 55 67 81 96
60 62 46 91 85 57 77 68 70 102 95 17 44 24 59 28 26 29 1 82 52 46 29 81 81 63 66 66 58 98 89 34 36 22 30 32 29 38 5 51 122 110 99 91 86 84 86 91 98 108 112 99 88 79 73 70 72 78 87 98 104 90 77 66 59 56 59 66 76 89 97 82 67 55 46 42 46 55 67 81 91 75 60 45 33 28 33 45 59 75 88 71 54 38 23 14 23 38 54 71 87 70 52 35 18 0 18 35 52 70 88 71 54 38 23 14 23 38 54 71 91 75 60 45 33 28 33 45 59 75 97 82 67 55 46 42 46 55 67 81
72 77 63 88 72 42 67 85 84 118 112 3 60 9 74 45 42 45 18 68 62 64 40 78 67 49 56 84 67 113 106 41 51 6 46 50 46 55 19 34 134 121 109 99 91 86 84 85 90 98 126 112 99 88 78 72 70 72 78 87 119 104 90 77 66 59 56 59 66 76 113 97 81 67 55 46 42 46 54 67 108 91 75 59 45 33 28 33 45 59 105 88 71 54 38 23 14 23 38 54 104 87 70 52 35 18 0 18 35 52 105 88 71 54 38 23 14 23 38 54 108 91 75 59 45 33 28 33 45 59 113 97 81 67 55 46 42 46 54 67
86 93 80 88 61 31 60 102 99 134 129 19 78 15 89 62 59 62 36 55 74 81 55 80 56 38 50 101 78 129 124 52 67 14 63 67 63 72 36 20 148 134 121 109 99 91 85 83 85 90 140 126 112 99 87 78 72 70 72 77 134 118 104 89 77 66 59 56 58 65 129 112 97 81 67 55 46 42 45 54 125 108 91 75 59 45 33 28 33 45 122 105 88 71 54 38 23 14 23 38 122 104 87 70 52 35 18 0 18 35 122 105 88 71 54 38 23 14 23 38 125 108 91 75 59 45 33 28 33 45 129 112 97 81 67 55 46 42 45 54
101 109 97 91 53 28 58 120 115 151 146 36 95 31 105 79 76 79 53 45 88 98 70 85 49 33 50 118 92 145 141 67 84 31 80 84 81 89 53 14 162 148 134 121 109 98 90 85 83 85 156 140 126 112 99 87 78 72 69 71 150 134 118 103 89 76 66 58 55 58 145 129 112 97 81 67 54 45 42 45 142 125 108 91 75 59 45 33 28 33 140 122 105 88 71 54 38 23 14 23 139 122 104 87 70 52 35 18 0 18 140 122 105 88 71 54 38 23 14 23 142 125 108 91 75 59 45 33 28 33 145 129 112 97 81 67 54 45 42 45
116 125 114 97 50 34 61 137 131 168 163 53 112 48 122 97 93 96 70 40 103 116 87 93 47 37 55 136 107 161 158 82 101 48 97 101 98 106 70 25 177 162 148 134 120 108 98 90 85 83 171 155 140 125 111 98 87 77 71 69 166 150 134 118 103 89 76 65 58 55 162 145 129 112 96 81 67 54 45 42 159 142 125 108 91 75 59 45 33 28 157 140 122 105 88 71 54 38 23 14 156 139 122 104 87 70 52 35 18 0 157 140 122 105 88 71 54 38 23 14 159 142 125 108 91 75 59 45 33 28 162 145 129 112 96 81 67 54 45 42
61 42 43 152 168 137 155 21 69 28 13 105 52 112 46 62 70 67 88 160 72 43 84 141 164 141 145 24 93 39 4 95 68 110 61 58 62 57 89 136 100 102 106 112 121 132 144 156 170 184 86 88 93 100 110 122 134 148 162 177 72 74 80 88 99 112 126 140 156 171 58 60 67 77 90 104 119 134 150 166 43 47 55 68 82 97 113 129 145 162 29 34 45 60 75 91 108 125 142 159 15 23 38 54 71 88 105 122 140 157 0 18 35 52 70 87 104 122 139 156 15 23 38 54 71 88 105 122 140 157 29 34 45 60 75 91 108 125 142 159
47 29 26 139 152 120 139 8 62 37 25 88 37 95 32 45 54 51 71 143 58 27 69 128 148 124 130 13 82 41 19 80 54 93 44 42 46 42 72 118 102 100 101 105 112 121 131 143 156 170 88 86 87 92 100 110 121 134 148 162 74 72 73 79 88 99 112 126 140 155 60 57 60 67 77 90 104 118 134 150 47 43 46 55 67 82 97 112 129 145 34 29 34 45 60 75 91 108 125 142 23 15 23 38 54 71 88 105 122 140 18 0 18 35 52 70 87 104 122 139 23 15 23 38 54 71 88 105 122 140 34 29 34 45 60 75 91 108 125 142
37 22 9 128 137 102 125 17 60 50 41 71 27 78 23 30 40 38 54 126 44 14 56 117 133 107 115 19 73 50 37 67 43 76 26 27 31 29 55 101 106 101 99 101 105 112 121 131 143 156 93 87 85 87 92 99 109 121 134 148 80 73 71 73 79 88 99 112 126 140 67 60 57 60 67 77 90 104 118 134 55 46 43 46 55 67 81 97 112 129 45 34 29 34 45 60 75 91 108 125 38 23 15 23 38 54 71 88 105 122 35 18 0 18 35 52 70 87 104 122 38 23 15 23 38 54 71 88 105 122 45 34 29 34 45 60 75 91 108 125
34 27 10 118 122 85 111 34 63 65 58 54 26 61 26 17 29 28 37 109 35 17 46 107 117 90 101 34 68 62 54 56 36 59 9 18 21 25 39 84 112 105 101 99 100 105 111 120 131 143 100 92 87 85 87 91 99 109 121 134 88 79 73 71 73 79 88 99 112 125 77 67 60 57 59 66 77 89 103 118 68 55 46 43 46 55 67 81 97 112 60 45 34 29 33 45 59 75 91 108 54 38 23 15 23 38 54 71 88 105 52 35 18 0 18 35 52 70 87 104 54 38 23 15 23 38 54 71 88 105 60 45 34 29 33 45 59 75 91 108
39 40 27 110 107 68 99 51 70 81 75 38 35 46 37 18 27 28 23 93 33 32 40 99 103 73 88 50 68 76 71 49 38 43 9 23 23 31 25 66 121 112 105 100 99 100 104 111 120 130 110 100 92 87 85 86 91 99 109 120 99 88 79 73 71 73 78 87 99 111 90 77 67 59 57 59 66 77 89 103 82 67 55 46 43 46 55 67 81 96 75 60 45 33 29 33 45 59 75 91 71 54 38 23 15 23 38 54 71 88 70 52 35 18 0 18 35 52 70 87 71 54 38 23 15 23 38 54 71 88 75 60 45 33 29 33 45 59 75 91
50 55 44 105 94 51 88 68 80 97 92 24 49 31 52 31 34 37 15 76 40 48 42 94 90 57 77 67 71 92 88 48 46 28 27 37 35 44 19 49 132 121 112 105 100 98 99 104 110 119 122 110 99 91 86 84 86 91 98 108 112 99 88 79 73 70 72 78 87 98 104 90 77 66 59 56 59 66 76 89 97 82 67 55 46 42 46 55 67 81 91 75 60 45 33 28 33 45 59 75 88 71 54 38 23 14 23 38 54 71 87 70 52 35 18 0 18 35 52 70 88 71 54 38 23 14 23 38 54 71 91 75 60 45 33 28 33 45 59 75
64 72 62 102 82 35 79 85 92 114 109 17 64 22 68 47 48 50 23 60 52 65 50 92 78 41 69 84 78 108 106 53 59 18 44 52 50 59 26 32 144 131 121 111 104 99 98 99 103 110 134 121 109 99 91 86 84 85 90 98 126 112 99 88 78 72 70 72 78 87 119 104 90 77 66 59 56 59 66 76 113 97 81 67 55 46 42 46 54 67 108 91 75 59 45 33 28 33 45 59 105 88 71 54 38 23 14 23 38 54 104 87 70 52 35 18 0 18 35 52 105 88 71 54 38 23 14 23 38 54 108 91 75 59 45 33 28 33 45 59
79 88 79 101 72 20 74 102 106 131 127 25 81 25 85 64 63 66 38 45 66 82 62 93 68 27 64 102 88 124 123 62 73 22 61 69 66 75 40 15 156 143 131 120 111 104 99 97 99 103 148 134 121 109 99 91 85 83 85 90 140 126 112 99 87 78 72 70 72 77 134 118 104 89 77 66 59 56 58 65 129 112 97 81 67 55 46 42 45 54 125 108 91 75 59 45 33 28 33 45 122 105 88 71 54 38 23 14 23 38 122 104 87 70 52 35 18 0 18 35 122 105 88 71 54 38 23 14 23 38 125 108 91 75 59 45 33 28 33 45
95 105 96 104 66 14 72 120 121 148 144 39 97 37 102 81 79 82 55 33 82 99 77 97 62 19 63 119 101 140 140 74 89 35 78 86 83 92 56 4 170 156 143 131 120 110 103 99 97 98 162 148 134 121 109 98 90 85 83 85 156 140 126 112 99 87 78 72 69 71 150 134 118 103 89 76 66 58 55 58 145 129 112 97 81 67 54 45 42 45 142 125 108 91 75 59 45 33 28 33 140 122 105 88 71 54 38 23 14 23 139 122 104 87 70 52 35 18 0 18 140 122 105 88 71 54 38 23 14 23 142 125 108 91 75 59 45 33 28 33
112 122 114 110 64 24 75 137 136 165 161 56 114 52 119 98 95 99 72 27 98 116 92 104 61 25 68 136 114 157 158 88 105 51 96 103 100 108 72 21 184 170 156 143 130 119 110 103 98 96 177 162 148 134 120 108 98 90 85 83 171 155 140 125 111 98 87 77 71 69 166 150 134 118 103 89 76 65 58 55 162 145 129 112 96 81 67 54 45 42 159 142 125 108 91 75 59 45 33 28 157 140 122 105 88 71 54 38 23 14 156 139 122 104 87 70 52 35 18 0 157 140 122 105 88 71 54 38 23 14 159 142 125 108 91 75 59 45 33 28
54 37 46 162 174 136 162 29 82 15 6 108 60 115 41 67 76 74 91 159 67 49 92 151 170 140 152 34 104 25 18 102 77 113 63 64 68 64 93 136 115 116 119 125 133 143 154 166 179 192 100 102 106 112 121 132 144 156 170 184 86 88 93 100 110 122 134 148 162 177 72 74 80 88 99 112 126 140 156 171 58 60 67 77 90 104 119 134 150 166 43 47 55 68 82 97 113 129 145 162 29 34 45 60 75 91 108 125 142 159 15 23 38 54 71 88 105 122 140 157 0 18 35 52 70 87 104 122 139 156 15 23 38 54 71 88 105 122 140 157
38 21 31 150 159 119 147 22 76 27 22 92 48 99 24 52 62 60 75 141 51 36 78 139 154 123 137 27 94 28 26 89 65 97 46 49 54 51 77 119 116 114 115 119 125 133 142 153 165 178 102 100 101 105 112 121 131 143 156 170 88 86 87 92 100 110 121 134 148 162 74 72 73 79 88 99 112 126 140 155 60 57 60 67 77 90 104 118 134 150 47 43 46 55 67 82 97 112 129 145 34 29 34 45 60 75 91 108 125 142 23 15 23 38 54 71 88 105 122 140 18 0 18 35 52 70 87 104 122 139 23 15 23 38 54 71 88 105 122 140
25 8 19 140 144 102 134 27 74 43 40 75 41 83 10 39 50 48 59 124 35 27 67 128 140 105 123 30 87 40 40 78 55 80 30 38 42 42 61 102 119 115 114 115 118 124 132 142 153 165 106 101 99 101 105 112 121 131 143 156 93 87 85 87 92 99 109 121 134 148 80 73 71 73 79 88 99 112 126 140 67 60 57 60 67 77 90 104 118 134 55 46 43 46 55 67 81 97 112 129 45 34 29 34 45 60 75 91 108 125 38 23 15 23 38 54 71 88 105 122 35 18 0 18 35 52 70 87 104 122 38 23 15 23 38 54 71 88 105 122
20 18 20 130 130 84 121 39 76 60 57 60 40 68 15 30 42 41 45 107 23 29 58 119 125 88 110 41 82 54 56 68 50 65 18 32 35 39 48 85 125 119 115 113 114 118 124 132 141 152 112 105 101 99 100 105 111 120 131 143 100 92 87 85 87 91 99 109 121 134 88 79 73 71 73 79 88 99 112 125 77 67 60 57 59 66 77 89 103 118 68 55 46 43 46 55 67 81 97 112 60 45 34 29 33 45 59 75 91 108 54 38 23 15 23 38 54 71 88 105 52 35 18 0 18 35 52 70 87 104 54 38 23 15 23 38 54 71 88 105
28 35 32 123 116 67 109 55 82 77 74 46 46 53 31 31 40 41 33 90 20 39 54 112 112 71 99 55 81 70 73 63 51 50 18 35 36 43 37 68 133 125 118 114 113 114 117 123 131 141 121 112 105 100 99 100 104 111 120 130 110 100 92 87 85 86 91 99 109 120 99 88 79 73 71 73 78 87 99 111 90 77 67 59 57 59 66 77 89 103 82 67 55 46 43 46 55 67 81 96 75 60 45 33 29 33 45 59 75 91 71 54 38 23 15 23 38 54 71 88 70 52 35 18 0 18 35 52 70 87 71 54 38 23 15 23 38 54 71 88
42 52 47 118 104 50 99 71 91 94 92 35 57 42 48 40 46 48 29 73 30 53 56 108 100 54 89 71 84 87 90 62 58 38 30 45 44 53 33 51 143 133 124 118 114 112 113 117 123 131 132 121 112 105 100 98 99 104 110 119 122 110 99 91 86 84 86 91 98 108 112 99 88 79 73 70 72 78 87 98 104 90 77 66 59 56 59 66 76 89 97 82 67 55 46 42 46 55 67 81 91 75 60 45 33 28 33 45 59 75 88 71 54 38 23 14 23 38 54 71 87 70 52 35 18 0 18 35 52 70 88 71 54 38 23 14 23 38 54 71
58 69 64 115 93 32 92 87 102 111 109 31 71 36 65 53 56 59 34 56 44 69 62 106 89 37 81 87 90 103 107 65 68 32 46 59 57 66 37 35 154 142 132 124 117 113 112 113 116 122 144 131 121 111 104 99 98 99 103 110 134 121 109 99 91 86 84 85 90 98 126 112 99 88 78 72 70 72 78 87 119 104 90 77 66 59 56 59 66 76 113 97 81 67 55 46 42 46 54 67 108 91 75 59 45 33 28 33 45 59 105 88 71 54 38 23 14 23 38 54 104 87 70 52 35 18 0 18 35 52 105 88 71 54 38 23 14 23 38 54
74 86 81 115 85 15 87 104 114 129 126 36 86 37 82 68 70 72 45 39 60 85 72 107 81 20 77 104 99 120 124 73 81 34 63 74 72 81 48 21 166 153 142 132 123 117 113 111 112 116 156 143 131 120 111 104 99 97 99 103 148 134 121 109 99 91 85 83 85 90 140 126 112 99 87 78 72 70 72 77 134 118 104 89 77 66 59 56 58 65 129 112 97 81 67 55 46 42 45 54 125 108 91 75 59 45 33 28 33 45 122 105 88 71 54 38 23 14 23 38 122 104 87 70 52 35 18 0 18 35 122 105 88 71 54 38 23 14 23 38
91 103 98 118 79 3 86 121 128 146 143 47 102 46 100 84 85 87 60 23 77 102 85 111 76 6 77 121 110 137 141 84 95 44 80 90 87 96 62 15 179 165 153 141 131 123 116 112 110 112 170 156 143 131 120 110 103 99 97 98 162 148 134 121 109 98 90 85 83 85 156 140 126 112 99 87 78 72 69 71 150 134 118 103 89 76 66 58 55 58 145 129 112 97 81 67 54 45 42 45 142 125 108 91 75 59 45 33 28 33 140 122 105 88 71 54 38 23 14 23 139 122 104 87 70 52 35 18 0 18 140 122 105 88 71 54 38 23 14 23
108 121 115 122 77 21 88 138 143 163 161 61 118 59 117 101 100 103 76 13 94 119 99 117 75 18 81 138 123 154 158 96 110 57 97 106 103 112 77 26 192 178 165 152 141 131 122 116 112 110 184 170 156 143 130 119 110 103 98 96 177 162 148 134 120 108 98 90 85 83 171 155 140 125 111 98 87 77 71 69 166 150 134 118 103 89 76 65 58 55 162 145 129 112 96 81 67 54 45 42 159 142 125 108 91 75 59 45 33 28 157 140 122 105 88 71 54 38 23 14 156 139 122 104 87 70 52 35 18 0 157 140 122 105 88 71 54 38 23 14
50 37 53 172 181 137 170 41 95 7 18 113 70 120 41 74 84 82 96 158 65 58 101 161 177 140 160 46 115 11 32 112 87 118 68 72 76 73 98 139 129 130 133 138 145 154 164 176 188 201 115 116 119 125 133 143 154 166 179 192 100 102 106 112 121 132 144 156 170 184 86 88 93 100 110 122 134 148 162 177 72 74 80 88 99 112 126 140 156 171 58 60 67 77 90 104 119 134 150 166 43 47 55 68 82 97 113 129 145 162 29 34 45 60 75 91 108 125 142 159 15 23 38 54 71 88 105 122 140 157 0 18 35 52 70 87 104 122 139 156
33 20 41 161 166 120 156 36 90 24 28 97 60 105 24 61 72 70 81 141 47 47 89 150 162 123 146 41 106 17 37 99 76 102 53 59 64 63 84 122 130 128 129 132 138 145 154 164 175 187 116 114 115 119 125 133 142 153 165 178 102 100 101 105 112 121 131 143 156 170 88 86 87 92 100 110 121 134 148 162 74 72 73 79 88 99 112 126 140 155 60 57 60 67 77 90 104 118 134 150 47 43 46 55 67 82 97 112 129 145 34 29 34 45 60 75 91 108 125 142 23 15 23 38 54 71 88 105 122 140 18 0 18 35 52 70 87 104 122 139
16 7 33 151 152 103 143 39 88 41 43 82 54 90 9 50 62 61 67 123 30 41 79 140 148 106 133 43 100 33 48 89 68 87 39 50 54 55 70 105 133 129 128 129 132 137 144 153 163 175 119 115 114 115 118 124 132 142 153 165 106 101 99 101 105 112 121 131 143 156 93 87 85 87 92 99 109 121 134 148 80 73 71 73 79 88 99 112 126 140 67 60 57 60 67 77 90 104 118 134 55 46 43 46 55 67 81 97 112 129 45 34 29 34 45 60 75 91 108 125 38 23 15 23 38 54 71 88 105 122 35 18 0 18 35 52 70 87 104 122
6 18 33 143 138 86 131 48 90 59 59 68 54 76 14 44 56 55 55 106 13 42 72 132 134 88 121 51 96 50 62 81 64 73 31 46 49 53 58 89 138 132 129 127 128 131 137 144 153 163 125 119 115 113 114 118 124 132 141 152 112 105 101 99 100 105 111 120 131 143 100 92 87 85 87 91 99 109 121 134 88 79 73 71 73 79 88 99 112 125 77 67 60 57 59 66 77 89 103 118 68 55 46 43 46 55 67 81 97 112 60 45 34 29 33 45 59 75 91 108 54 38 23 15 23 38 54 71 88 105 52 35 18 0 18 35 52 70 87 104
21 34 41 136 126 69 121 61 95 76 76 56 59 64 31 45 54 55 46 89 7 50 68 126 122 71 110 63 95 67 78 77 65 60 31 48 49 56 50 72 145 138 132 128 127 127 131 136 143 152 133 125 118 114 113 114 117 123 131 141 121 112 105 100 99 100 104 111 120 130 110 100 92 87 85 86 91 99 109 120 99 88 79 73 71 73 78 87 99 111 90 77 67 59 57 59 66 77 89 103 82 67 55 46 43 46 55 67 81 96 75 60 45 33 29 33 45 59 75 91 71 54 38 23 15 23 38 54 71 88 70 52 35 18 0 18 35 52 70 87
38 52 54 132 115 52 112 76 103 93 93 48 68 54 48 51 59 60 43 72 23 62 69 122 110 54 101 77 98 84 94 76 70 50 39 56 56 64 47 57 154 145 137 131 127 126 127 130 135 143 143 133 124 118 114 112 113 117 123 131 132 121 112 105 100 98 99 104 110 119 122 110 99 91 86 84 86 91 98 108 112 99 88 79 73 70 72 78 87 98 104 90 77 66 59 56 59 66 76 89 97 82 67 55 46 42 46 55 67 81 91 75 60 45 33 28 33 45 59 75 88 71 54 38 23 14 23 38 54 71 87 70 52 35 18 0 18 35 52 70
55 69 69 129 105 35 105 92 112 111 110 45 79 50 65 62 67 69 46 54 41 75 74 120 101 37 95 93 103 101 110 79 79 45 52 67 66 75 50 43 164 154 144 137 131 127 125 126 130 135 154 142 132 124 117 113 112 113 116 122 144 131 121 111 104 99 98 99 103 110 134 121 109 99 91 86 84 85 90 98 126 112 99 88 78 72 70 72 78 87 119 104 90 77 66 59 56 59 66 76 113 97 81 67 55 46 42 46 54 67 108 91 75 59 45 33 28 33 45 59 105 88 71 54 38 23 14 23 38 54 104 87 70 52 35 18 0 18 35 52
72 86 85 129 98 21 101 108 124 128 127 48 93 51 82 75 78 81 55 37 58 90 83 121 94 21 91 108 111 118 127 85 90 47 68 81 79 88 58 32 176 164 153 144 136 130 126 125 126 129 166 153 142 132 123 117 113 111 112 116 156 143 131 120 111 104 99 97 99 103 148 134 121 109 99 91 85 83 85 90 140 126 112 99 87 78 72 70 72 77 134 118 104 89 77 66 59 56 58 65 129 112 97 81 67 55 46 42 45 54 125 108 91 75 59 45 33 28 33 45 122 105 88 71 54 38 23 14 23 38 122 104 87 70 52 35 18 0 18 35
89 103 101 131 93 15 100 124 137 145 144 57 108 57 99 90 92 94 67 20 75 106 94 124 89 9 91 125 121 136 144 94 103 54 83 95 93 102 70 29 188 175 163 153 143 135 130 126 124 125 179 165 153 141 131 123 116 112 110 112 170 156 143 131 120 110 103 99 97 98 162 148 134 121 109 98 90 85 83 85 156 140 126 112 99 87 78 72 69 71 150 134 118 103 89 76 66 58 55 58 145 129 112 97 81 67 54 45 42 45 142 125 108 91 75 59 45 33 28 33 140 122 105 88 71 54 38 23 14 23 139 122 104 87 70 52 35 18 0 18
107 120 118 135 91 25 101 141 150 162 162 69 123 68 117 106 106 109 82 3 92 122 107 129 88 19 94 141 132 153 161 106 117 66 100 111 109 118 84 35 201 187 175 163 152 143 135 129 125 124 192 178 165 152 141 131 122 116 112 110 184 170 156 143 130 119 110 103 98 96 177 162 148 134 120 108 98 90 85 83 171 155 140 125 111 98 87 77 71 69 166 150 134 118 103 89 76 65 58 55 162 145 129 112 96 81 67 54 45 42 159 142 125 108 91 75 59 45 33 28 157 140 122 105 88 71 54 38 23 14 156 139 122 104 87 70 52 35 18 0
