0.0 49.371855725440945 65.67996713076043 5.01871853855828 26.94960800405202 21.228658722436325 27.077957473758666 39.17314867260034 10.876114036674755 11.987710305770378 48.99707533110832 39.301319122389664 16.342970182253442 29.532940213720867 43.89531816604603 27.71677500372925 26.742209954099497 28.45599502072465 22.660596114839205 12.74777211583382 7.841041556112047 55.44634268195596 61.172367434766144 5.9952219694209 37.85029233855856 15.14672582889116 20.1608092115762 35.93150699683855 18.97965855991496 20.005179208886947 43.079901755101986 40.66477620259886 37.86959035619529 30.819609657850123 49.418677070578575 45.090179707714064 23.15045076968543 25.687684354563235 20.538287617113312 20.981315647886916 30.338720191813525 12.448749813569584 17.521060319186066 25.119747874402236 18.93441357277294 9.303822339462 32.19405926198783 30.09807226036057 30.059480574850596
49.371855725440945 0.0 51.5220594645339 52.53371936309992 76.31714744565791 42.747443496979855 26.601315301573226 75.52811519521576 38.62798742144516 39.155567744308655 97.14222209589559 32.12798737628583 62.14879399290636 24.733291965311516 16.933422523828167 66.9590460702972 76.0087047793313 50.12134289425409 26.745245520976628 57.82887689723392 56.39862807094665 6.9953752945800485 44.51290047450868 52.24878608910689 86.62294808524982 42.65658589792989 36.265347993139976 85.17399473792425 58.4077793849069 40.05061390339856 91.45665489008813 39.105639013776454 85.09749498657037 19.75721965121089 13.974090327157557 32.28535419513221 72.42845586962292 48.751130137091444 33.7227042237393 59.794034243125104 49.75768551695451 53.939581206198795 45.45011507231322 24.925609527992656 67.4527424941351 58.469210510231655 54.28390957390529 20.867478366462624 23.541940123416893
65.67996713076043 51.5220594645339 0.0 70.69476038416026 85.65573856568311 44.816621761243255 43.64003680361231 61.13545761862277 60.749451635512415 54.858593330839405 110.13719110389326 27.911580474314356 66.2916746736345 42.15954465028124 65.79918949153853 60.496335435796745 86.7995856904072 41.34010388248715 53.43722018430729 63.675905322357195 67.59998279856818 56.31571358422305 7.0093389408806575 71.52304128405324 98.50582197397816 50.598352825564504 68.92330233284272 90.3361431972097 57.99641733604867 45.67600091760505 104.22849217528547 25.018775037443675 83.11686554365559 46.909658771676405 65.02861581965459 23.158459386337476 80.63850696500859 43.12792596415749 46.73286999661397 57.69236471730555 39.24898180646883 59.24807766609287 49.08409150723747 57.48808681125627 82.54936056608341 73.26723388577173 90.22293865436694 46.297541096098705 42.68628728042664
5.01871853855828 52.53371936309992 70.69476038416026 0.0 24.177682887745846 26.22191120853893 31.513661486303594 41.66039454109194 14.00972698220653 16.658687864518416 44.98146581538481 44.211824584666445 17.697803270411576 33.938389241309594 45.61619309686757 30.20758838441813 23.59638004312358 33.172186258920874 26.119773350958756 14.999061822318469 8.660068175213137 58.333486247714205 66.15445450068415 1.4460092861428837 34.13458157133114 20.162376734560116 20.519375799099066 33.668639517347756 22.183693891743197 25.021862449336297 39.14856367408268 45.67808188463767 37.227086357958264 34.64972272990653 51.39648675460005 49.98340958267916 21.046316737218422 30.44410366530799 25.280021237729816 24.117256370283222 35.10453003015924 16.046509510550983 22.428157005260942 27.79244723835721 14.970766491508119 6.341113110020465 28.95999961033325 34.03177479511599 34.37532950919631
26.94960800405202 76.31714744565791 85.65573856568311 24.177682887745846 0.0 42.164368193156314 53.06895302216225 36.84312343028416 37.72639381481712 38.06107204003641 24.481647574642157 62.54061552184166 19.370007416427008 55.53624173067839 69.7169510735601 28.75098774126377 2.370252734230876 44.38632781391231 49.60819936307301 22.249808776445 20.498376349631272 82.32482936690322 82.53542095668872 24.815616506173537 12.865940109594742 37.85656060149073 44.1766176040203 9.898800669379382 27.805159159569744 42.64374825381974 18.59133354774841 61.77003013188731 18.46794873810564 57.60289064645515 75.55322875509228 68.29934519880707 5.01902131838492 42.532306145534115 45.835871593964704 28.452263923146457 46.50700043459686 26.883519199299894 37.72337637386381 51.8449689557835 10.948038629334398 17.948631159383286 44.85976927097159 56.80293791643703 56.241662406337944
21.228658722436325 42.747443496979855 44.816621761243255 26.22191120853893 42.164368193156314 0.0 16.190390475679667 32.85773549648378 19.80456525446018 12.738905991347153 66.40704561957462 20.450480341998684 23.51194800748105 18.036594861804165 45.112231802802654 24.482108996293583 42.94960539426098 9.731703592471543 21.076000157498257 19.96429255820476 22.89956729050656 49.70619969902879 40.848309689016496 27.207903807211725 54.76211789641179 6.216300731059861 31.579266971556585 48.6059099578897 16.962720483073888 3.205584016349368 60.41621657404323 20.004193189358627 44.91157097178069 23.50496449890826 48.78792071879367 26.158203526047828 37.26580459958172 7.19742415907416 10.027401177501769 17.866639187444736 10.836497305438495 15.302067382084445 4.447374044537451 26.437059091681686 37.82990042948973 28.452263923146457 50.34814669380292 22.27747226224093 19.209442878966726
27.077957473758666 26.601315301573226 43.64003680361231 31.513661486303594 53.06895302216225 16.190390475679667 0.0 49.042300140357774 18.589054235748108 15.165456930476735 76.01441444882043 15.79136043083872 36.68019554859949 2.4722356762272972 30.22168210058928 40.380845758972335 53.25798496602792 24.349527852509123 9.89260638612246 32.481602516081885 32.570587280208464 33.53779856216787 37.78273833188819 31.82064215316533 64.7188845528746 16.478467014340563 25.283489325013807 61.00407177183947 32.02626243464944 13.450922733950001 70.06591827892565 20.80256797452826 59.36463239729226 7.492174843790385 33.1686602050488 20.689940184944955 48.62234523571928 22.58406374409753 7.510615469390082 33.31122723994418 24.435804482535506 28.194235165771534 18.912681808384118 14.626059738606392 46.0007585928991 36.28229787497536 46.6060358371707 6.243479367413941 3.28435011993158
39.17314867260034 75.52811519521576 61.13545761862277 41.66039454109194 36.84312343028416 32.85773549648378 49.042300140357774 0.0 46.21234668113511 40.74867659533873 58.03795686548558 48.359146802408404 24.345725176916353 50.79743603255451 77.15495655295392 11.477960987289075 39.02684273260464 26.10798840160405 52.71213942966805 26.690356375626614 33.06660372166854 82.5074371373256 60.72455555082531 43.10317161284678 47.93390777033034 34.508109456325855 58.213295086844816 35.95045957363869 20.505514911453545 35.759172265934815 53.098070900196035 43.647693870084886 24.92744527634772 56.345314736300004 81.30730018565353 52.63685934459577 32.959518494236676 26.930995748148153 42.52735077012711 18.519140556072937 27.156532214115813 27.098713100492986 30.884313453688787 57.63492794338772 41.58726904200631 38.10236492236378 70.58538246369321 55.12439438457805 51.99893840442296
10.876114036674755 38.62798742144516 60.749451635512415 14.00972698220653 37.72639381481712 19.80456525446018 18.589054235748108 46.21234668113511 0.0 7.068064557985107 58.96423840769247 33.09956933506435 25.924132948545374 20.86380904043105 33.32936444804925 35.193912131211846 37.38071735944428 29.15069026191519 12.111241351278512 21.769387608513217 18.429392463037246 44.60488934283242 55.46032713537937 13.929118697602048 48.13704461785527 14.146943242585998 12.35056818501518 46.8047176611512 25.80798038279109 17.205410151512393 53.15107329013794 36.14626156619576 48.340344870397445 20.74067935342146 38.690497090900465 38.59272142153045 34.02350063588415 26.35409576939071 14.027595286663153 27.74513716097833 30.54424234573848 19.452165372252534 18.037528881078366 14.249954262758605 28.980117351673208 19.84156233573439 30.736716894702 20.204864092079674 21.08780709029248
11.987710305770378 39.155567744308655 54.858593330839405 16.658687864518416 38.06107204003641 12.738905991347153 15.165456930476735 40.74867659533873 7.068064557985107 0.0 60.850428493035395 27.74095732506758 23.08401157583518 17.634203092352937 36.87365661051074 30.22466519492592 38.15625849938593 22.122062959587762 12.898029462265725 18.751675056546087 17.61662904136044 45.65574436955159 49.93130514095036 17.175033286974237 49.561658323526544 7.202735881596175 19.113798663134112 46.349396130029355 20.881956535465857 10.227002079941517 54.900485481234355 29.960852137633577 46.037377386857344 19.738759312527872 41.62905032455505 33.454680840628384 33.76524419113702 19.344108615465736 8.626987782092645 22.666362486123703 23.482763790649077 15.257830981745528 11.188526015030138 17.150517580057734 30.86068719171215 21.123658967443202 37.689971710487654 18.846463257425672 18.244507822928092
48.99707533110832 97.14222209589559 110.13719110389326 44.98146581538481 24.481647574642157 66.40704561957462 76.01441444882043 58.03795686548558 58.96423840769247 60.850428493035395 0.0 86.63621108368646 43.847909488850405 78.48082531408993 87.8640035907509 52.063445770956 23.46610299441343 68.85289479987293 71.06932705724546 46.633377229673805 43.95924908828653 102.54639851048495 106.9706308557381 45.05720024962321 11.660866110204175 61.722994655852176 62.09477515232565 22.089176333067908 52.23551271275134 66.638213173772 6.001277076718353 86.16775382226137 34.00569820010117 79.62660919802849 94.01958789325899 92.43434188046244 29.498739508793733 67.01369342691719 69.11874421622682 52.77286533203321 70.96943622126544 51.217601056057546 61.96012681790024 72.21753077560123 30.084614828205133 39.73588242601652 54.47115371535636 78.98579282575014 79.0450821690801
39.301319122389664 32.12798737628583 27.911580474314356 44.211824584666445 62.54061552184166 20.450480341998684 15.79136043083872 48.359146802408404 33.09956933506435 27.74095732506758 86.63621108368646 0.0 43.94124374820454 14.553557647351937 42.00144513113044 42.82683252814975 63.23075010504905 22.51242132498633 25.663241622944447 40.40080106710801 42.764170788427315 38.74168661698475 22.36213814486205 44.85161566644213 75.02633870555816 24.976421828382627 41.05363587864788 69.02839368571368 36.8816435530876 20.00843892656179 80.63583598421604 6.986247196021327 64.64937158886067 20.1938861644615 43.116530649538525 5.8246045354327665 57.677882966835945 22.593787688313437 19.245727154456326 37.38833358549347 21.224299213242265 35.73583366173355 24.854291081192667 30.06143556684649 57.44088164764931 47.75702565720687 62.31716195167769 19.329323750385125 15.281955117568248
16.342970182253442 62.14879399290636 66.2916746736345 17.697803270411576 19.370007416427008 23.51194800748105 36.68019554859949 24.345725176916353 25.924132948545374 23.08401157583518 43.847909488850405 43.94124374820454 0.0 39.04933570716527 59.17067739855962 13.182274767731897 20.63751941862323 25.021523536453003 35.927444976187196 4.332356555215133 9.057558807399884 68.7200666328613 63.282962467021626 19.10959890759791 32.23212265349013 20.336860455176712 36.47802855108588 25.093962339525863 8.558739200968347 24.587763390738537 37.957746029486174 42.616757667616355 22.95992962137205 42.50828307006764 64.31913967850252 49.59189242143587 14.351043554155067 23.1806239476394 29.171175381464387 9.58189410294666 27.145489371806715 8.539963160992906 19.192500736874866 39.65425335473834 18.93441357277294 13.766118358642991 46.38590312838869 41.49922681286665 39.96272009794227
29.532940213720867 24.733291965311516 42.15954465028124 33.938389241309594 55.53624173067839 18.036594861804165 2.4722356762272972 50.79743603255451 20.86380904043105 17.634203092352937 78.48082531408993 14.553557647351937 39.04933570716527 0.0 29.596254127310075 42.40414567054093 55.72973474223962 25.679592722238123 11.309197881974422 34.87152428286218 35.03793582928941 31.710003647441273 36.12442009905208 34.22234097306286 67.19015504534491 18.78483406200464 26.869697304169712 63.44253617961658 34.206045636838454 15.472871512029279 72.53401522284646 20.151766156038107 61.67145351953058 6.596362136845307 32.1263859697067 19.055365550505098 51.080215831964225 24.105985994616002 9.889350848933331 35.434353214797994 25.58333907704681 30.54424234573848 21.02953163072881 15.508395037386205 48.460147378073785 38.747096521196376 48.25441734537996 5.43019142319672 1.247970281892905
43.89531816604603 16.933422523828167 65.79918949153853 45.61619309686757 69.7169510735601 45.112231802802654 30.22168210058928 77.15495655295392 33.32936444804925 36.87365661051074 87.8640035907509 42.00144513113044 59.17067739855962 29.596254127310075 0.0 67.03222060293524 68.91742444005625 54.21407479267348 24.442828398962895 54.933897411446054 51.66365584077535 17.95700584833925 58.87773732131001 44.90389342800857 78.32134191989422 42.64908893911988 25.88713047174664 79.28483255147158 57.741785879056245 41.95425140719716 82.55604405318086 48.67888707116608 81.65841710473742 23.000802185882662 6.233812506387125 44.14476138035286 66.62155800376978 52.12403873173637 35.085861180777435 59.4854361643185 54.51970767515431 52.00846159557736 46.321711261719784 19.724893328076263 59.63940362363221 51.94618222415176 39.71390613911482 24.192518808997168 28.41195754565584
27.71677500372925 66.9590460702972 60.496335435796745 30.20758838441813 28.75098774126377 24.482108996293583 40.380845758972335 11.477960987289075 35.193912131211846 30.22466519492592 52.063445770956 42.82683252814975 13.182274767731897 42.40414567054093 67.03222060293524 0.0 30.654557340954195 20.597807661312874 42.69585486864347 15.220514797951546 21.65229480765801 73.85398529534245 58.774808412774554 31.652098641636723 41.031873002613445 24.655741587221534 46.99324300889658 30.644469625173862 9.406912506755583 26.94200901107593 46.582434949035786 39.47535852289706 22.682455023302452 47.34355794634414 71.53072491591959 47.84918425656249 24.186259979158457 20.239340058923677 33.31233192388161 7.558350605847984 22.32833161323086 15.827221328883564 21.519632625529034 47.34125047033531 31.44466596532361 26.912913018518577 59.154163407336775 46.17122575579814 43.53339937706635
26.742209954099497 76.0087047793313 86.7995856904072 23.59638004312358 2.370252734230876 42.94960539426098 53.25798496602792 39.02684273260464 37.38071735944428 38.15625849938593 23.46610299441343 63.23075010504905 20.63751941862323 55.72973474223962 68.91742444005625 30.654557340954195 0.0 45.63185398310057 49.372812961566616 23.185272349892873 20.771912138717635 81.90761729984791 83.52323286439488 24.10914398623454 11.812846449786594 38.395577384467465 43.228535213689746 11.468047071773507 29.163570521225328 43.26052046346714 17.489413265250178 62.70764807510223 20.774952663464774 57.532347756165684 74.81893009935955 69.01614978452236 6.525170059361502 43.6799458824799 46.12957183954386 29.934513858575407 47.76087837360543 27.753631064431215 38.50224014082284 51.37706926623178 9.53306501487646 17.540245496392217 42.99603902578154 56.77281270057106 56.39105564452675
28.45599502072465 50.12134289425409 41.34010388248715 33.172186258920874 44.38632781391231 9.731703592471543 24.349527852509123 26.10798840160405 29.15069026191519 22.122062959587762 68.85289479987293 22.51242132498633 25.021523536453003 25.679592722238123 54.21407479267348 20.597807661312874 45.63185398310057 0.0 30.59322851367145 22.7962485262187 27.746527030180278 57.11449753268025 38.765918397006274 34.3682016741617 57.251282763991696 15.026925414734476 41.16949893735102 49.120170539533035 16.656528794162323 12.872611686372716 62.976989263442746 18.895979367190115 43.01661322148636 31.841648843159362 57.49573143804463 27.305584724780683 39.367805737982266 2.8397088314887373 19.393199361107243 16.42977051347616 2.13391979423662 18.756900040001213 11.363140098533854 36.0060208584513 42.34585734968855 33.8775459907568 59.250305460217 30.59296410221807 26.92380024076701
22.660596114839205 26.745245520976628 53.43722018430729 26.119773350958756 49.60819936307301 21.076000157498257 9.89260638612246 52.71213942966805 12.111241351278512 12.898029462265725 71.06932705724546 25.663241622944447 35.927444976187196 11.309197881974422 24.442828398962895 42.69585486864347 49.372812961566616 30.59322851367145 0.0 31.598725015232496 29.6791009998682 33.0026469612878 47.43338954494623 26.01738979386741 60.237915902417996 18.207312967649663 15.569021695133221 58.4319624111719 33.50245478407457 17.871350287092078 65.26196943987411 30.57828325716378 58.848046321841515 8.894339787687779 28.855483166331 30.36174563961243 45.68322025519502 28.246155208643803 11.212445024226659 35.17864826557789 31.24782673973504 28.139949298388967 21.90292513727312 5.443534973500436 41.088806038357376 31.84591161590597 36.960998414560216 8.626742396098432 10.958474856736508
12.74777211583382 57.82887689723392 63.675905322357195 14.999061822318469 22.249808776445 19.96429255820476 32.481602516081885 26.690356375626614 21.769387608513217 18.751675056546087 46.633377229673805 40.40080106710801 4.332356555215133 34.87152428286218 54.933897411446054 15.220514797951546 23.185272349892873 22.7962485262187 31.598725015232496 0.0 6.595556303310543 64.39077361715158 60.339685048486395 16.444851748837443 34.97254169465838 16.26688992532223 32.67791471136267 28.864411426976083 7.764475525719626 20.729923728505238 40.67056003646118 39.53789862792479 27.289856955974695 38.20768486053464 60.03596075600361 46.12246366642217 17.31356048733013 20.63740182826661 24.982868734916703 9.486051475750013 24.927202170663715 4.665001383723821 15.546588833195635 35.37191989912065 19.70484619813537 12.496016512119368 43.958059763166844 37.20914926872257 35.759506410464944
7.841041556112047 56.39862807094665 67.59998279856818 8.660068175213137 20.498376349631272 22.89956729050656 32.570587280208464 33.06660372166854 18.429392463037246 17.61662904136044 43.95924908828653 42.764170788427315 9.057558807399884 35.03793582928941 51.66365584077535 21.65229480765801 20.771912138717635 27.746527030180278 29.6791009998682 6.595556303310543 0.0 62.666037318257196 63.74694309162277 10.086425818616947 32.43465873912976 17.79412020547599 27.887656830197542 28.805381795992762 14.233266245535585 22.761254635657576 37.96060163412636 42.90226917115318 30.038808139162203 37.29196004239305 57.110870512873376 48.58156151364673 16.152770076102275 25.279434081373928 25.36746722522003 16.040384559687112 29.828824758304602 9.095280756441701 18.536486751531882 32.6362883094848 14.950726631618963 6.2225378276234515 37.51898247776661 36.43984580230597 35.74759063326875
55.44634268195596 6.9953752945800485 56.31571358422305 58.333486247714205 82.32482936690322 49.70619969902879 33.53779856216787 82.5074371373256 44.60488934283242 45.65574436955159 102.54639851048495 38.74168661698475 68.7200666328613 31.710003647441273 17.95700584833925 73.85398529534245 81.90761729984791 57.11449753268025 33.0026469612878 64.39077361715158 62.666037318257196 0.0 49.3473816615634 57.947004147654425 92.26641744643848 49.45556430029938 40.89826752326967 91.35554396760952 65.22242773559255 46.97700997534818 96.95350092246981 45.685809467429394 91.67999615467214 26.55214694363099 12.864124770766372 38.433538673414056 78.58181521422426 55.74482709025894 40.57101683605085 66.64332103894658 56.73846165286543 60.603624226589865 52.335633756697575 30.54297415820008 73.14240055496882 64.4020731170651 57.32856580272642 27.69845504657549 30.51135007922964
61.172367434766144 44.51290047450868 7.0093389408806575 66.15445450068415 82.53542095668872 40.848309689016496 37.78273833188819 60.72455555082531 55.46032713537937 49.93130514095036 106.9706308557381 22.36213814486205 63.282962467021626 36.12442009905208 58.87773732131001 58.774808412774554 83.52323286439488 38.765918397006274 47.43338954494623 60.339685048486395 63.74694309162277 49.3473816615634 0.0 66.88900704190533 95.31037444657005 46.301843276665906 62.99029811959228 87.8498203826819 55.2560955235684 41.29791660753927 101.01019747424253 20.859472542515636 81.45113979123701 40.504098259782886 58.031274542023375 17.094391327857547 77.54340270708188 40.18434490346714 41.5544733703442 55.182292464558536 36.77524294641549 55.784608550313024 45.24189358015803 51.23939206011231 78.66417467335773 69.17710163549641 84.36316867693374 39.96692586707857 36.54903713191216
5.9952219694209 52.24878608910689 71.52304128405324 1.4460092861428837 24.815616506173537 27.207903807211725 31.82064215316533 43.10317161284678 13.929118697602048 17.175033286974237 45.05720024962321 44.85161566644213 19.10959890759791 34.22234097306286 44.90389342800857 31.652098641636723 24.10914398623454 34.3682016741617 26.01738979386741 16.444851748837443 10.086425818616947 57.947004147654425 66.88900704190533 0.0 34.3742256662257 21.09079738064946 19.57711584313203 34.42084487860682 23.61577668812411 25.882223553914827 39.276189630458354 46.50502092306513 38.343061283819225 34.65860643124319 50.744043969860726 50.599433808931515 21.90031270020853 31.620877479002566 25.79845037006808 25.55354831108473 36.27838455951686 17.4423018728528 23.511808769792275 27.412500372685273 15.208365159131104 7.248183743025124 27.51400250126612 34.08685486603391 34.610414136763715
37.85029233855856 86.62294808524982 98.50582197397816 34.13458157133114 12.865940109594742 54.76211789641179 64.7188845528746 47.93390777033034 48.13704461785527 49.561658323526544 11.660866110204175 75.02633870555816 32.23212265349013 67.19015504534491 78.32134191989422 41.031873002613445 11.812846449786594 57.251282763991696 60.237915902417996 34.97254169465838 32.43465873912976 92.26641744643848 95.31037444657005 34.3742256662257 0.0 50.15104888835529 52.43421826487877 12.919646748184151 40.66687298525299 55.0417788936225 5.72571542798303 74.50715892533097 25.427457106353916 68.63699036971447 84.3826724224127 80.81704676072091 17.883612256097944 55.378293694559 57.71001305640844 41.27504938998918 59.372547718854506 39.55859652851213 50.31477723758374 61.76511530087608 19.174301472127546 28.54674497459797 47.94368167021308 67.94141778952923 67.79972730772752
15.14672582889116 42.65658589792989 50.598352825564504 20.162376734560116 37.85656060149073 6.216300731059861 16.478467014340563 34.508109456325855 14.146943242585998 7.202735881596175 61.722994655852176 24.976421828382627 20.336860455176712 18.78483406200464 42.64908893911988 24.655741587221534 38.395577384467465 15.026925414734476 18.207312967649663 16.26688992532223 17.79412020547599 49.45556430029938 46.301843276665906 21.09079738064946 50.15104888835529 0.0 26.31440420648668 45.09477910369642 15.769323262153682 5.018295906095761 55.72190743516951 25.61463590107011 42.89038055429133 22.908970748465954 46.93426494680918 30.79752867686989 33.127094740992455 12.21544050130029 9.008498939642188 17.254920530366448 16.516322741387665 11.800286992219453 4.015935793470276 23.176612345000066 32.50514732657138 22.899990780109746 44.34769534847644 21.789680484143208 19.75781730052881
20.1608092115762 36.265347993139976 68.92330233284272 20.519375799099066 44.1766176040203 31.579266971556585 25.283489325013807 58.213295086844816 12.35056818501518 19.113798663134112 62.09477515232565 41.05363587864788 36.47802855108588 26.869697304169712 25.88713047174664 46.99324300889658 43.228535213689746 41.16949893735102 15.569021695133221 32.67791471136267 27.887656830197542 40.89826752326967 62.99029811959228 19.57711584313203 52.43421826487877 26.31440420648668 0.0 53.912686607559536 37.71285484137263 28.69224334545921 56.71114309297589 45.44545744172061 57.63026558696817 23.548205051689486 31.97139889377351 45.9064874181315 41.474612050676264 38.422925958577935 23.83900021426036 39.69419584208755 42.414577625576214 31.16790059081187 30.277869519314457 12.81887405570154 33.84513349822812 26.809864288329745 21.39315542923347 23.68110574815501 26.51718604911146
35.93150699683855 85.17399473792425 90.3361431972097 33.668639517347756 9.898800669379382 48.6059099578897 61.00407177183947 35.95045957363869 46.8047176611512 46.349396130029355 22.089176333067908 69.02839368571368 25.093962339525863 63.44253617961658 79.28483255147158 30.644469625173862 11.468047071773507 49.120170539533035 58.4319624111719 28.864411426976083 28.805381795992762 91.35554396760952 87.8498203826819 34.42084487860682 12.919646748184151 45.09477910369642 53.912686607559536 0.0 32.618926548525586 49.584079856893034 17.39823049049019 67.43218212983237 12.513516880885605 66.07401130200144 85.04156300366611 74.65638789598664 12.781244570211532 47.698785817020536 53.588128727974556 32.691555384699235 51.16231589119727 33.47535867465217 44.27308385788601 61.03123089425259 20.824523915573643 27.3431703151963 54.43215787939443 65.19585933564379 64.24592127887855
18.97965855991496 58.4077793849069 57.99641733604867 22.183693891743197 27.805159159569744 16.962720483073888 32.02626243464944 20.505514911453545 25.80798038279109 20.881956535465857 52.23551271275134 36.8816435530876 8.558739200968347 34.206045636838454 57.741785879056245 9.406912506755583 29.163570521225328 16.656528794162323 33.50245478407457 7.764475525719626 14.233266245535585 65.22242773559255 55.2560955235684 23.61577668812411 40.66687298525299 15.769323262153682 37.71285484137263 32.618926548525586 0.0 18.851021555478628 46.389697416376016 34.83193478187439 27.954333896023492 38.6721006117385 62.35782805502854 42.34424825188745 22.796554347929582 15.081655989267727 24.694490132839356 2.011188056702565 18.756597654679755 6.626102528136709 13.215160336433941 38.02667864054513 27.080232132086515 20.25480328558647 51.00740669501662 37.54187560713612 35.26500714186702
20.005179208886947 40.05061390339856 45.67600091760505 25.021862449336297 42.64374825381974 3.205584016349368 13.450922733950001 35.759172265934815 17.205410151512393 10.227002079941517 66.638213173772 20.00843892656179 24.587763390738537 15.472871512029279 41.95425140719716 26.94200901107593 43.26052046346714 12.872611686372716 17.871350287092078 20.729923728505238 22.761254635657576 46.97700997534818 41.29791660753927 25.882223553914827 55.0417788936225 5.018295906095761 28.69224334545921 49.584079856893034 18.851021555478628 0.0 60.63715893477666 20.665541389079998 46.62868555569499 20.603348897090644 45.709882935845286 25.82193102395616 37.847078755370326 10.396156941271881 6.877137744803888 19.990219269225065 13.835680681755065 16.11030586775443 5.6409197347248075 23.232050576425817 37.51782653595251 27.91784452710852 47.90903266615018 19.393199361107243 16.59216610591046
43.079901755101986 91.45665489008813 104.22849217528547 39.14856367408268 18.59133354774841 60.41621657404323 70.06591827892565 53.098070900196035 53.15107329013794 54.900485481234355 6.001277076718353 80.63583598421604 37.957746029486174 72.53401522284646 82.55604405318086 46.582434949035786 17.489413265250178 62.976989263442746 65.26196943987411 40.67056003646118 37.96060163412636 96.95350092246981 101.01019747424253 39.276189630458354 5.72571542798303 55.72190743516951 56.71114309297589 17.39823049049019 46.389697416376016 60.63715893477666 0.0 80.1970607831436 29.771872783727524 73.77021118843993 88.67770320233255 86.43475128178375 23.609271787291465 61.100635974941 63.14193548825838 46.98438230654574 65.09817432580762 45.24265930770135 55.96974677060808 66.5442650162815 24.205237902650158 33.8006838056105 50.38758093613861 73.11165240361044 73.11073364313377
40.66477620259886 39.105639013776454 25.018775037443675 45.67808188463767 61.77003013188731 20.004193189358627 20.80256797452826 43.647693870084886 36.14626156619576 29.960852137633577 86.16775382226137 6.986247196021327 42.616757667616355 20.151766156038107 48.67888707116608 39.47535852289706 62.70764807510223 18.895979367190115 30.57828325716378 39.53789862792479 42.90226917115318 45.685809467429394 20.859472542515636 46.50502092306513 74.50715892533097 25.61463590107011 45.44545744172061 67.43218212983237 34.83193478187439 20.665541389079998 80.1970607831436 0.0 61.89291418199357 26.335936121181245 50.00797591927262 9.135388984921068 56.79588894838487 19.807686736491796 22.16294053028159 34.9736921617626 17.168578616974813 34.95568538631108 24.384680675664917 35.42271064009544 57.833464051681545 48.4052679952756 66.34159157233762 25.344549931105995 21.09231693628125
37.86959035619529 85.09749498657037 83.11686554365559 37.227086357958264 18.46794873810564 44.91157097178069 59.36463239729226 24.92744527634772 48.340344870397445 46.037377386857344 34.00569820010117 64.64937158886067 22.95992962137205 61.67145351953058 81.65841710473742 22.682455023302452 20.774952663464774 43.01661322148636 58.848046321841515 27.289856955974695 30.038808139162203 91.67999615467214 81.45113979123701 38.343061283819225 25.427457106353916 42.89038055429133 57.63026558696817 12.513516880885605 27.954333896023492 46.62868555569499 29.771872783727524 61.89291418199357 0.0 65.42249539393029 86.99860342278252 69.94719892925758 17.791027251476365 42.23364692444992 51.86828990728391 27.269273116232323 44.86157858506384 31.227621575194835 41.003672294122694 62.378531198808474 28.20896805628081 31.176387175124006 62.2673271230952 64.39129170810916 62.64634053903135
30.819609657850123 19.75721965121089 46.909658771676405 34.64972272990653 57.60289064645515 23.50496449890826 7.492174843790385 56.345314736300004 20.74067935342146 19.738759312527872 79.62660919802849 20.1938861644615 42.50828307006764 6.596362136845307 23.000802185882662 47.34355794634414 57.532347756165684 31.841648843159362 8.894339787687779 38.20768486053464 37.29196004239305 26.55214694363099 40.504098259782886 34.65860643124319 68.63699036971447 22.908970748465954 23.548205051689486 66.07401130200144 38.6721006117385 20.603348897090644 73.77021118843993 26.335936121181245 65.42249539393029 0.0 25.694417444242234 23.82527220985884 53.43955839641272 30.053182545397753 14.033217255057904 40.09466343465897 31.90383933360667 34.22007702157557 25.82896050364732 10.958805860975657 49.565191702946684 40.11239777858838 44.74041745966 1.2486960178850601 5.43019142319672
49.418677070578575 13.974090327157557 65.02861581965459 51.39648675460005 75.55322875509228 48.78792071879367 33.1686602050488 81.30730018565353 38.690497090900465 41.62905032455505 94.01958789325899 43.116530649538525 64.31913967850252 32.1263859697067 6.233812506387125 71.53072491591959 74.81893009935955 57.49573143804463 28.855483166331 60.03596075600361 57.110870512873376 12.864124770766372 58.031274542023375 50.744043969860726 84.3826724224127 46.93426494680918 31.97139889377351 85.04156300366611 62.35782805502854 45.709882935845286 88.67770320233255 50.00797591927262 86.99860342278252 25.694417444242234 0.0 44.467701387528834 72.32874267043657 55.59873177190896 38.85120454318668 64.02764336898358 57.59775605270417 56.87395359739254 50.42798128202949 24.665108548439466 65.6069334539514 57.70257764684163 45.7514054584447 26.93935299580249 30.88921423778604
45.090179707714064 32.28535419513221 23.158459386337476 49.98340958267916 68.29934519880707 26.158203526047828 20.689940184944955 52.63685934459577 38.59272142153045 33.454680840628384 92.43434188046244 5.8246045354327665 49.59189242143587 19.055365550505098 44.14476138035286 47.84918425656249 69.01614978452236 27.305584724780683 30.36174563961243 46.12246366642217 48.58156151364673 38.433538673414056 17.094391327857547 50.599433808931515 80.81704676072091 30.79752867686989 45.9064874181315 74.65638789598664 42.34424825188745 25.82193102395616 86.43475128178375 9.135388984921068 69.94719892925758 23.82527220985884 44.467701387528834 0.0 63.41878521220959 27.73117623879564 24.895730932753494 42.744686687545276 25.786525035323763 41.45962140377158 30.58490561574613 34.32969305628662 63.26543399999273 53.57942543741542 67.27196993525305 23.16523403117623 19.537284211209606
23.15045076968543 72.42845586962292 80.63850696500859 21.046316737218422 5.01902131838492 37.26580459958172 48.62234523571928 32.959518494236676 34.02350063588415 33.76524419113702 29.498739508793733 57.677882966835945 14.351043554155067 51.080215831964225 66.62155800376978 24.186259979158457 6.525170059361502 39.367805737982266 45.68322025519502 17.31356048733013 16.152770076102275 78.58181521422426 77.54340270708188 21.90031270020853 17.883612256097944 33.127094740992455 41.474612050676264 12.781244570211532 22.796554347929582 37.847078755370326 23.609271787291465 56.79588894838487 17.791027251476365 53.43955839641272 72.32874267043657 63.41878521220959 0.0 37.51701824190882 41.30112703266767 23.481543626572453 41.488942765034075 21.966455205226996 32.833880506533724 48.252338011886366 10.492783013364352 14.705878538139789 44.47799934891706 52.592444587463994 51.83009390684273
25.687684354563235 48.751130137091444 43.12792596415749 30.44410366530799 42.532306145534115 7.19742415907416 22.58406374409753 26.930995748148153 26.35409576939071 19.344108615465736 67.01369342691719 22.593787688313437 23.1806239476394 24.105985994616002 52.12403873173637 20.239340058923677 43.6799458824799 2.8397088314887373 28.246155208643803 20.63740182826661 25.279434081373928 55.74482709025894 40.18434490346714 31.620877479002566 55.378293694559 12.21544050130029 38.422925958577935 47.698785817020536 15.081655989267727 10.396156941271881 61.100635974941 19.807686736491796 42.23364692444992 30.053182545397753 55.59873177190896 27.73117623879564 37.51701824190882 0.0 17.11190324196593 15.167266827796078 4.66076681685278 16.407903404434805 8.523433978385535 33.6240124210263 40.01103581387196 31.354891019188525 56.41097204225909 28.807422887338927 25.33591365320979
20.538287617113312 33.7227042237393 46.73286999661397 25.280021237729816 45.835871593964704 10.027401177501769 7.510615469390082 42.52735077012711 14.027595286663153 8.626987782092645 69.11874421622682 19.245727154456326 29.171175381464387 9.889350848933331 35.085861180777435 33.31233192388161 46.12957183954386 19.393199361107243 11.212445024226659 24.982868734916703 25.36746722522003 40.57101683605085 41.5544733703442 25.79845037006808 57.71001305640844 9.008498939642188 23.83900021426036 53.588128727974556 24.694490132839356 6.877137744803888 63.14193548825838 22.16294053028159 51.86828990728391 14.033217255057904 38.85120454318668 24.895730932753494 41.30112703266767 17.11190324196593 0.0 26.074669841402677 20.04235148601359 20.684289356299683 11.807307522823798 16.644857056950176 39.27100492970431 29.502149647375656 44.27974549392105 12.872611686372716 10.794657420025269
20.981315647886916 59.794034243125104 57.69236471730555 24.117256370283222 28.452263923146457 17.866639187444736 33.31122723994418 18.519140556072937 27.74513716097833 22.666362486123703 52.77286533203321 37.38833358549347 9.58189410294666 35.434353214797994 59.4854361643185 7.558350605847984 29.934513858575407 16.42977051347616 35.17864826557789 9.486051475750013 16.040384559687112 66.64332103894658 55.182292464558536 25.55354831108473 41.27504938998918 17.254920530366448 39.69419584208755 32.691555384699235 2.011188056702565 19.990219269225065 46.98438230654574 34.9736921617626 27.269273116232323 40.09466343465897 64.02764336898358 42.744686687545276 23.481543626572453 15.167266827796078 26.074669841402677 0.0 18.473298376368025 8.636361252170374 14.406514207444468 39.7873872692847 28.409171499141884 21.96790497222972 52.977072368270576 38.9456320565868 36.521790013963304
30.338720191813525 49.75768551695451 39.24898180646883 35.10453003015924 46.50700043459686 10.836497305438495 24.435804482535506 27.156532214115813 30.54424234573848 23.482763790649077 70.96943622126544 21.224299213242265 27.145489371806715 25.58333907704681 54.51970767515431 22.32833161323086 47.76087837360543 2.13391979423662 31.24782673973504 24.927202170663715 29.828824758304602 56.73846165286543 36.77524294641549 36.27838455951686 59.372547718854506 16.516322741387665 42.414577625576214 51.16231589119727 18.756597654679755 13.835680681755065 65.09817432580762 17.168578616974813 44.86157858506384 31.90383933360667 57.59775605270417 25.786525035323763 41.488942765034075 4.66076681685278 20.04235148601359 18.473298376368025 0.0 20.86380904043105 13.0411190353718 36.68564041552796 44.46139355679704 35.94219156542867 60.847839747794985 30.658426657184503 26.831301404817133
12.448749813569584 53.939581206198795 59.24807766609287 16.046509510550983 26.883519199299894 15.302067382084445 28.194235165771534 27.098713100492986 19.452165372252534 15.257830981745528 51.217601056057546 35.73583366173355 8.539963160992906 30.54424234573848 52.00846159557736 15.827221328883564 27.753631064431215 18.756900040001213 28.139949298388967 4.665001383723821 9.095280756441701 60.603624226589865 55.784608550313024 17.4423018728528 39.55859652851213 11.800286992219453 31.16790059081187 33.47535867465217 6.626102528136709 16.11030586775443 45.24265930770135 34.95568538631108 31.227621575194835 34.22007702157557 56.87395359739254 41.45962140377158 21.966455205226996 16.407903404434805 20.684289356299683 8.636361252170374 20.86380904043105 0.0 10.881591420283891 32.3030947166183 23.607776869819393 15.310086272699628 44.603041716760345 33.173713741281546 31.47854872873198
17.521060319186066 45.45011507231322 49.08409150723747 22.428157005260942 37.72337637386381 4.447374044537451 18.912681808384118 30.884313453688787 18.037528881078366 11.188526015030138 61.96012681790024 24.854291081192667 19.192500736874866 21.02953163072881 46.321711261719784 21.519632625529034 38.50224014082284 11.363140098533854 21.90292513727312 15.546588833195635 18.536486751531882 52.335633756697575 45.24189358015803 23.511808769792275 50.31477723758374 4.015935793470276 30.277869519314457 44.27308385788601 13.215160336433941 5.6409197347248075 55.96974677060808 24.384680675664917 41.003672294122694 25.82896050364732 50.42798128202949 30.58490561574613 32.833880506533724 8.523433978385535 11.807307522823798 14.406514207444468 13.0411190353718 10.881591420283891 0.0 27.001534531667033 33.48455998394897 24.21700135807035 47.88867804502153 24.652519744395825 22.11559893937279
25.119747874402236 24.925609527992656 57.48808681125627 27.79244723835721 51.8449689557835 26.437059091681686 14.626059738606392 57.63492794338772 14.249954262758605 17.150517580057734 72.21753077560123 30.06143556684649 39.65425335473834 15.508395037386205 19.724893328076263 47.34125047033531 51.37706926623178 36.0060208584513 5.443534973500436 35.37191989912065 32.6362883094848 30.54297415820008 51.23939206011231 27.412500372685273 61.76511530087608 23.176612345000066 12.81887405570154 61.03123089425259 38.02667864054513 23.232050576425817 66.5442650162815 35.42271064009544 62.378531198808474 10.958805860975657 24.665108548439466 34.32969305628662 48.252338011886366 33.6240124210263 16.644857056950176 39.7873872692847 36.68564041552796 32.3030947166183 27.001534531667033 0.0 42.61693309343136 33.9005177591136 33.8079800593025 11.309919532737363 14.838905668222774
18.93441357277294 67.4527424941351 82.54936056608341 14.970766491508119 10.948038629334398 37.82990042948973 46.0007585928991 41.58726904200631 28.980117351673208 30.86068719171215 30.084614828205133 57.44088164764931 18.93441357277294 48.460147378073785 59.63940362363221 31.44466596532361 9.53306501487646 42.34585734968855 41.088806038357376 19.70484619813537 14.950726631618963 73.14240055496882 78.66417467335773 15.208365159131104 19.174301472127546 32.50514732657138 33.84513349822812 20.824523915573643 27.080232132086515 37.51782653595251 24.205237902650158 57.833464051681545 28.20896805628081 49.565191702946684 65.6069334539514 63.26543399999273 10.492783013364352 40.01103581387196 39.27100492970431 28.409171499141884 44.46139355679704 23.607776869819393 33.48455998394897 42.61693309343136 0.0 9.769896370665112 34.17571087325559 48.90858938122081 48.99385390481054
