0 105 144 164 167 133 146 148 46 60 41 103 78 65 46 118 66 116 39 94 28 67 104 144 172 129 132 139 44 84 39 112 86 69 105 144 81 117 73 82 82 85 91 100 111 124 137 151 166 181 68 72 79 89 101 115 129 144 160 176 54 58 67 79 93 107 122 138 154 171 40 46 57 70 85 101 117 134 150 167 26 34 48 64 80 97 113 130 147 164 12 26 43 60 77 94 111 128 146 163 8 25 42 59 76 94 111 128 145 163 20 31 46 62 78 95 112 129 147 164 34 41 53 67 83 99 115 132 149 166 48 53 63 75 89 104 120 136 153 169
105 0 41 60 70 63 50 44 83 48 97 52 71 99 60 18 52 14 92 17 105 44 9 39 71 59 28 39 88 23 101 48 61 109 37 40 25 17 35 28 115 101 88 76 68 63 62 66 74 85 108 93 79 66 55 49 48 54 63 76 103 87 71 56 44 35 35 42 54 68 99 82 65 49 34 22 21 32 47 63 97 80 63 45 28 12 10 26 43 60 97 80 63 46 29 14 12 27 43 60 100 83 66 50 36 25 24 34 48 64 104 88 72 58 46 38 37 44 56 70 110 94 80 68 58 52 51 56 66 78 117 103 90 79 70 65 65 69 77 87
144 41 0 20 33 56 21 6 123 88 137 65 107 137 99 36 92 35 132 56 146 79 40 9 31 54 13 33 128 61 141 56 96 147 51 2 65 27 72 68 139 123 107 91 76 62 51 44 43 49 135 119 102 85 69 54 40 31 29 37 133 116 99 82 65 48 32 18 16 28 132 115 98 81 63 46 29 11 7 24 133 116 99 82 65 48 32 18 15 28 135 118 102 85 69 53 40 30 28 36 139 122 106 91 75 62 50 43 42 48 144 128 112 98 84 72 62 56 55 60 150 134 120 106 94 83 75 70 69 73 157 142 129 116 104 95 88 83 83 86
164 60 20 0 25 67 29 17 142 107 156 82 124 155 119 53 111 53 151 75 165 99 60 22 15 66 33 42 147 81 160 71 113 165 69 20 84 47 92 87 156 140 123 107 91 75 61 48 39 37 154 137 119 103 86 69 53 39 27 24 152 135 118 100 83 66 49 32 16 11 152 135 117 100 83 65 48 31 14 7 153 136 119 102 85 68 51 36 23 19 155 138 122 105 89 73 58 44 35 33 159 142 126 110 95 80 66 55 48 46 163 147 132 117 102 89 77 67 61 60 169 154 139 124 111 98 88 80 75 73 176 161 147 133 120 109 100 92 88 87
167 70 33 25 0 51 22 34 152 115 165 74 139 168 124 68 122 67 161 86 173 101 67 40 14 52 44 64 157 86 169 63 128 178 65 34 93 54 96 98 147 130 113 96 79 62 45 29 15 16 147 130 112 95 78 60 43 26 9 10 148 131 113 96 79 62 46 30 18 18 150 133 116 99 83 67 52 39 30 31 153 137 120 104 89 74 61 50 44 44 158 142 126 111 96 83 71 62 57 57 163 148 133 119 105 93 83 75 71 71 170 155 141 127 115 104 95 88 85 85 177 163 150 137 126 115 107 101 98 98 186 172 159 147 137 127 120 115 112 112
133 63 56 67 51 0 38 61 131 93 142 30 129 151 95 73 105 70 137 77 145 69 56 64 64 5 56 84 135 65 145 22 121 161 32 57 76 51 69 84 98 81 63 46 29 12 7 24 41 59 99 82 65 49 33 19 17 29 44 61 102 86 70 55 41 32 30 38 51 66 107 92 77 63 52 45 44 50 60 73 114 99 86 74 64 59 58 62 70 82 122 108 96 85 77 72 72 75 82 92 130 118 107 97 90 86 85 88 94 103 140 128 118 110 104 100 99 102 107 114 151 140 130 123 117 114 113 115 120 127 162 151 143 136 131 128 127 129 133 139
146 50 21 29 22 38 0 25 131 94 144 54 120 148 102 51 101 49 139 66 151 79 46 29 30 37 27 53 136 64 148 44 109 158 43 22 72 33 74 77 129 112 95 78 62 46 32 23 25 37 127 110 93 76 59 41 25 10 15 31 127 110 93 75 58 41 24 8 14 30 129 112 95 78 61 45 30 21 23 35 132 115 98 82 67 53 41 34 36 45 136 120 104 89 75 62 53 48 49 56 141 126 111 97 84 74 66 62 62 68 148 133 120 107 95 86 79 75 76 80 156 142 129 117 106 98 92 89 89 93 164 151 139 128 118 111 105 103 103 106
148 44 6 17 34 61 25 0 126 91 140 71 109 139 103 37 94 37 135 59 149 84 44 7 29 59 17 30 131 65 144 61 97 149 56 5 68 31 76 71 145 128 112 97 82 68 56 48 45 49 141 124 107 91 75 60 46 35 31 37 138 121 104 87 70 54 38 24 18 26 137 120 103 86 68 51 34 17 4 20 138 121 103 86 69 52 35 19 11 22 140 123 106 89 72 56 42 29 25 31 143 126 110 94 78 64 51 42 39 43 147 131 115 100 86 73 62 55 52 55 153 137 122 108 95 83 74 68 66 68 159 145 131 117 105 95 87 81 80 82
46 83 123 142 152 131 131 126 0 39 14 104 33 24 39 91 32 90 11 68 28 63 86 121 154 127 111 110 6 68 19 110 43 33 99 123 60 99 62 56 115 111 111 113 117 124 133 143 155 168 101 97 97 99 104 112 122 133 146 159 87 83 83 85 92 100 111 123 137 151 74 69 68 72 79 89 101 115 129 144 61 55 54 59 68 79 93 107 122 138 49 41 40 46 57 70 85 101 117 133 39 28 26 35 48 64 80 96 113 130 31 16 13 26 43 60 77 94 111 128 29 12 7 24 41 59 76 93 110 128 34 21 19 30 45 61 78 95 112 129
60 48 88 107 115 93 94 91 39 0 51 67 43 59 17 59 17 57 46 35 58 28 49 86 118 89 75 80 43 30 55 72 41 69 61 88 23 62 25 22 97 88 83 80 82 87 95 105 117 130 85 75 69 66 68 74 83 95 108 122 75 63 55 52 55 62 73 86 100 115 65 52 42 38 41 51 64 78 94 110 58 43 30 24 29 42 57 73 89 106 54 37 21 10 19 35 52 69 87 104 54 36 19 5 18 35 52 69 86 104 57 41 27 19 25 39 55 71 88 105 63 49 38 33 37 47 61 76 92 108 71 59 51 47 50 58 70 83 98 113
41 97 137 156 165 142 144 140 14 51 0 114 45 24 48 105 46 104 6 81 16 73 99 134 167 138 124 123 9 81 5 121 56 29 110 136 73 112 74 69 116 115 117 120 126 135 144 155 167 180 102 101 103 107 114 123 133 145 158 172 88 87 89 94 102 112 123 136 150 164 74 73 75 81 90 101 114 128 143 158 60 58 61 69 79 92 106 121 136 152 47 44 48 57 70 84 99 115 131 147 34 30 36 47 62 77 94 110 127 144 22 16 25 40 56 73 90 107 124 142 16 3 20 37 54 72 89 106 124 141 21 14 24 39 56 73 90 107 124 141
103 52 65 82 74 30 54 71 104 67 114 0 107 126 67 67 82 63 109 61 116 41 44 70 84 27 59 84 108 44 117 11 101 136 16 66 55 47 43 64 75 58 42 27 17 21 35 51 68 85 74 56 39 22 5 14 31 49 66 83 75 58 41 25 13 19 34 50 67 84 78 62 47 34 27 30 41 55 71 87 84 69 56 46 41 43 51 63 77 92 92 78 67 59 55 56 63 73 85 99 101 89 79 72 69 70 75 83 94 107 111 100 92 85 83 84 88 95 105 116 122 112 104 99 97 97 101 107 116 126 133 125 118 113 111 111 114 120 128 137
78 71 107 124 139 129 120 109 33 43 45 107 0 33 54 72 26 73 43 54 60 70 76 103 137 124 95 87 37 64 49 109 13 42 97 107 53 87 65 45 136 129 125 122 122 125 129 136 145 155 124 116 111 108 108 111 116 124 133 144 111 103 97 94 94 97 104 112 122 134 100 90 84 80 80 84 91 101 112 125 89 78 70 66 66 71 79 90 103 117 79 67 57 52 53 58 68 81 95 110 70 56 45 38 39 47 59 73 88 104 64 48 34 25 26 36 51 67 83 100 60 43 26 12 14 30 46 63 81 98 60 42 25 9 12 29 46 63 80 97
65 99 137 155 168 151 148 139 24 59 24 126 33 0 62 103 48 103 26 82 39 86 103 134 168 147 125 119 23 87 27 131 45 10 120 137 77 115 83 71 138 135 135 136 140 146 153 162 172 184 124 121 120 122 126 133 141 151 162 174 110 107 106 108 113 120 129 140 152 165 97 93 92 95 100 108 118 130 143 156 83 79 78 81 88 97 108 120 134 149 70 65 64 68 75 86 98 112 127 142 58 51 50 55 64 76 90 105 120 136 46 37 36 42 54 68 83 99 116 132 36 24 22 32 46 62 78 95 112 129 30 14 9 25 42 59 76 93 110 128
46 60 99 119 124 95 102 103 39 17 48 67 54 62 0 73 31 71 43 49 51 26 59 99 128 91 87 95 42 39 50 74 55 71 65 99 37 73 29 38 83 76 73 75 79 88 98 110 124 138 71 63 59 61 67 76 88 102 116 132 59 50 45 47 55 66 80 95 110 126 49 37 31 34 44 58 73 89 105 122 42 27 17 22 36 52 68 85 102 119 39 21 5 15 32 49 66 84 101 118 40 24 13 19 34 50 67 84 102 119 47 34 27 30 41 55 71 87 104 121 56 46 41 43 51 63 77 93 108 125 67 59 55 56 63 73 85 99 114 130
118 18 36 53 68 73 51 37 91 59 105 67 72 103 73 0 59 4 100 25 115 60 24 31 66 70 25 23 96 39 109 62 61 113 51 35 37 23 51 37 132 118 105 93 82 75 71 71 76 84 125 110 96 82 71 62 57 58 63 72 119 103 88 73 60 50 44 44 51 62 115 98 82 66 51 38 30 31 40 54 112 95 78 61 45 29 17 19 32 48 111 94 77 59 42 25 8 11 28 45 112 95 78 61 44 28 15 17 31 47 115 98 81 65 50 37 28 29 39 53 119 103 87 72 59 48 42 42 50 61 124 109 94 81 69 60 55 56 61 71
66 52 92 111 122 105 101 94 32 17 46 82 26 48 31 59 0 58 42 36 57 44 56 89 122 101 79 78 37 41 51 85 25 57 73 91 30 68 39 25 113 105 99 97 97 100 107 115 125 137 101 92 86 83 83 87 94 104 115 128 90 79 72 69 69 74 82 93 106 120 79 68 59 55 55 61 71 84 97 112 70 57 46 41 42 50 61 75 91 106 63 48 35 27 29 39 54 69 85 102 59 42 26 13 17 32 48 65 82 100 58 41 23 6 13 30 47 64 82 99 60 44 29 18 21 34 50 66 83 100 66 51 39 32 33 43 56 71 87 103
116 14 35 53 67 70 49 37 90 57 104 63 73 103 71 4 58 0 99 23 114 57 21 31 65 67 23 26 95 36 108 59 61 113 48 34 35 20 48 36 129 114 101 89 79 72 68 69 74 83 122 106 92 79 67 58 54 55 62 72 116 100 84 70 56 46 40 42 50 62 112 95 79 63 47 34 27 29 40 54 110 92 75 58 41 25 13 18 33 49 109 92 74 57 40 22 5 13 31 48 110 93 76 59 43 27 17 21 34 50 113 96 80 64 50 37 31 33 43 56 118 102 86 72 59 49 44 46 53 65 124 108 94 81 70 62 58 59 65 75
39 92 132 151 161 137 139 135 11 46 6 109 43 26 43 100 42 99 0 77 18 68 94 130 162 133 119 119 6 76 9 115 53 33 105 132 68 107 69 64 113 111 112 116 121 129 139 150 162 175 99 97 98 102 109 118 128 140 153 167 85 83 84 89 97 107 118 131 145 160 71 68 70 76 85 96 109 123 138 153 57 54 56 64 74 87 101 116 132 148 44 40 43 52 65 79 94 110 127 143 32 26 30 42 57 73 89 106 123 140 22 12 20 36 52 69 87 104 121 138 19 4 17 34 51 69 86 103 121 138 26 18 24 38 54 71 88 105 122 139
94 17 56 75 86 77 66 59 68 35 81 61 54 82 49 25 36 23 77 0 91 40 23 53 86 73 43 46 73 21 86 60 45 92 48 56 14 33 31 13 116 103 92 83 78 75 77 82 91 102 107 93 81 71 64 61 64 70 80 92 99 85 71 59 51 47 50 58 70 84 93 78 62 49 38 33 38 48 62 77 89 73 56 40 26 20 26 40 55 72 87 70 53 36 19 6 18 35 52 70 88 71 53 37 20 9 20 36 53 70 90 74 58 42 29 23 29 42 57 73 95 79 64 51 41 37 41 51 64 78 101 87 74 62 54 51 54 62 73 86
28 105 146 165 173 145 151 149 28 58 16 116 60 39 51 115 57 114 18 91 0 76 107 144 176 141 133 135 23 87 13 124 70 42 115 145 81 120 79 79 109 109 113 119 127 137 148 161 174 188 94 95 100 106 115 126 138 152 166 180 80 81 86 94 104 116 129 143 158 173 66 67 73 83 94 107 121 136 152 167 51 54 61 72 85 99 115 130 146 163 37 40 50 63 77 93 109 125 142 159 23 28 40 56 72 88 105 122 139 156 9 18 35 52 69 86 103 120 138 155 7 17 34 51 69 86 103 120 138 155 21 26 39 55 71 88 105 122 139 156
67 44 79 99 101 69 79 84 63 28 73 41 70 86 26 60 44 57 68 40 76 0 40 80 106 65 67 82 67 22 76 48 67 95 39 79 28 53 10 34 76 65 56 53 55 62 72 85 99 114 67 54 44 39 42 51 63 77 93 109 60 45 32 25 29 41 56 72 88 105 56 39 22 11 19 34 51 68 85 103 55 38 20 5 16 33 50 68 85 102 58 42 27 19 24 38 53 70 87 104 64 49 38 33 36 46 60 75 91 107 72 60 51 47 49 57 68 82 96 112 82 71 64 61 62 69 78 90 104 118 93 84 78 75 76 81 89 100 112 126
104 9 40 60 67 56 46 44 86 49 99 44 76 103 59 24 56 21 94 23 107 40 0 40 69 52 28 44 91 21 103 40 67 113 29 40 27 14 33 32 109 94 81 69 60 55 55 60 70 82 103 87 72 58 47 41 41 48 60 74 98 81 65 50 36 27 28 38 52 67 95 78 61 44 28 15 16 30 47 63 94 77 60 43 25 8 11 28 45 62 96 79 62 45 30 18 19 32 48 64 99 83 67 52 39 31 32 41 54 69 104 89 74 61 51 45 45 52 63 76 111 97 84 72 63 59 59 64 73 85 119 106 94 84 77 73 73 77 84 95
144 39 9 22 40 64 29 7 121 86 134 70 103 134 99 31 89 31 130 53 144 80 40 0 35 61 13 25 126 61 139 62 91 143 55 7 63 28 73 66 144 128 112 97 82 70 59 52 51 55 139 123 106 90 75 60 48 39 37 43 136 119 102 85 69 53 38 26 23 32 135 117 100 83 66 49 32 16 10 24 134 117 100 83 65 48 31 14 7 23 136 119 101 85 68 51 36 23 20 29 138 122 105 89 73 58 45 36 33 40 142 126 110 95 80 67 56 49 47 52 148 132 117 102 89 77 68 62 61 64 154 139 125 111 99 89 81 76 75 77
172 71 31 15 14 64 30 29 154 118 167 84 137 168 128 66 122 65 162 86 176 106 69 35 0 64 44 57 159 90 171 73 126 177 72 32 95 56 100 99 158 141 124 107 90 73 57 42 29 23 157 139 122 105 88 70 53 36 20 10 156 139 122 105 87 70 53 36 19 5 157 140 123 106 89 72 56 40 26 19 160 143 126 109 93 77 62 48 37 33 163 147 130 114 99 84 70 58 50 46 168 152 136 121 106 92 80 70 63 60 173 158 143 128 114 102 91 82 76 74 180 165 150 137 124 112 102 94 89 87 187 173 159 146 134 123 114 107 103 101
129 59 54 66 52 5 37 59 127 89 138 27 124 147 91 70 101 67 133 73 141 65 52 61 64 0 53 81 131 61 141 18 117 157 28 55 72 47 65 80 97 79 62 45 27 10 9 26 43 60 97 80 63 46 30 15 14 28 44 61 100 83 67 51 37 28 27 36 50 65 104 89 74 60 48 41 40 47 58 72 111 96 82 70 60 55 54 59 68 80 118 104 92 81 73 68 68 72 79 90 127 114 103 93 86 82 82 85 91 101 136 125 114 106 99 96 96 98 104 112 147 136 126 119 113 110 109 112 117 124 158 147 139 132 127 124 123 125 130 136
132 28 13 33 44 56 27 17 111 75 124 59 95 125 87 25 79 23 119 43 133 67 28 13 44 53 0 29 116 48 128 50 84 135 43 13 52 15 60 56 131 115 100 85 72 60 52 49 52 60 126 110 94 78 63 49 39 35 39 49 123 106 89 73 56 41 27 21 27 41 122 104 87 70 53 36 19 7 19 36 122 104 87 70 53 36 19 7 19 36 123 106 89 73 56 41 27 21 28 41 126 110 94 78 63 49 39 35 39 49 131 115 100 85 72 60 52 49 52 60 137 122 107 94 82 72 65 63 65 72 144 130 116 104 93 84 79 77 78 84
139 39 33 42 64 84 53 30 110 80 123 84 87 119 95 23 78 26 119 46 135 82 44 25 57 81 29 0 115 61 128 77 74 128 68 31 59 38 73 58 153 138 124 110 98 88 80 75 75 78 146 131 116 101 88 77 67 62 61 65 141 125 109 94 79 66 55 48 47 52 137 120 104 87 72 57 44 35 34 41 134 117 100 83 66 50 35 23 20 31 133 116 98 81 64 47 30 13 8 24 133 116 99 81 64 47 30 15 11 25 135 118 101 84 68 52 37 26 24 33 138 121 105 89 73 59 47 38 37 43 142 126 111 95 81 68 58 52 51 55
44 88 128 147 157 135 136 131 6 43 9 108 37 23 42 96 37 95 6 73 23 67 91 126 159 131 116 115 0 73 14 114 48 31 103 128 65 104 67 61 115 113 113 115 121 128 137 148 160 172 101 98 99 102 108 116 126 138 150 164 87 84 85 88 95 105 116 128 142 156 74 70 71 75 83 94 106 120 134 149 61 56 57 62 72 84 98 112 128 143 48 42 43 50 62 75 90 106 122 139 36 28 29 39 53 69 85 102 118 135 27 15 17 32 48 65 82 99 116 133 24 7 12 29 46 64 81 98 115 133 29 18 20 33 49 65 82 99 116 134
84 23 61 81 86 65 64 65 68 30 81 44 64 87 39 39 41 36 76 21 87 22 21 61 90 61 48 61 73 0 84 45 58 97 33 61 12 34 13 21 95 83 72 64 60 61 66 76 87 101 87 73 60 51 46 47 54 65 79 94 81 65 51 39 32 34 43 57 72 88 76 60 43 28 18 22 35 51 67 84 75 57 40 23 6 13 30 48 65 82 75 58 41 25 13 17 32 49 66 83 79 63 47 34 26 28 39 54 70 86 84 70 56 45 40 41 49 62 76 91 92 78 67 58 54 55 61 71 84 98 101 89 79 71 68 69 74 82 93 106
39 101 141 160 169 145 148 144 19 55 5 117 49 27 50 109 51 108 9 86 13 76 103 139 171 141 128 128 14 84 0 124 60 30 114 141 77 116 77 73 117 116 118 122 129 138 148 159 171 184 102 102 104 109 117 126 137 149 162 176 88 88 90 96 105 115 127 140 154 169 74 73 77 84 93 105 118 132 147 162 60 59 64 72 83 96 110 125 141 156 46 45 51 61 74 88 103 119 135 152 32 31 39 51 66 82 98 115 132 148 20 18 29 45 61 78 95 112 129 146 11 7 24 42 59 76 94 111 128 146 17 15 28 44 60 77 94 112 129 146
112 48 56 71 63 22 44 61 110 72 121 11 109 131 74 62 85 59 115 60 124 48 40 62 73 18 50 77 114 45 124 0 102 141 13 57 57 40 48 65 86 69 52 36 22 16 25 41 57 74 84 67 50 33 15 3 20 38 55 72 85 68 52 35 20 14 24 40 56 73 89 72 57 42 31 27 34 46 61 77 94 79 65 53 44 41 46 56 68 83 101 87 75 64 57 55 59 66 77 90 110 97 85 77 71 69 72 78 88 99 119 107 97 90 85 83 85 91 99 109 129 119 110 103 98 97 99 104 111 120 140 130 122 116 112 111 113 117 123 131
86 61 96 113 128 121 109 97 43 41 56 101 13 45 55 61 25 61 53 45 70 67 67 91 126 117 84 74 48 58 60 102 0 54 90 95 46 77 60 38 137 129 123 118 117 117 121 126 134 143 125 116 109 105 103 104 107 114 122 133 114 104 96 91 89 90 94 102 111 122 103 92 83 77 75 76 81 90 101 113 93 81 71 64 61 63 69 79 91 104 85 71 59 50 47 49 57 69 82 97 78 63 49 38 33 36 47 60 76 91 73 57 41 26 19 25 38 54 71 88 71 54 37 19 5 17 34 51 69 86 72 55 38 22 11 19 35 52 69 86
69 109 147 165 178 161 158 149 33 69 29 136 42 10 71 113 57 113 33 92 42 95 113 143 177 157 135 128 31 97 30 141 54 0 129 146 87 125 93 81 145 143 143 145 149 155 163 172 182 193 131 129 129 131 136 143 151 161 172 184 117 115 115 118 123 130 139 150 162 174 103 101 101 104 110 118 128 140 152 166 89 86 87 91 97 107 118 130 144 158 76 72 73 77 85 96 108 121 136 151 62 58 59 65 74 86 99 114 129 145 49 44 45 52 64 77 92 108 124 140 37 30 32 41 55 70 86 103 120 136 28 16 19 33 49 66 83 100 117 134
105 37 51 69 65 32 43 56 99 61 110 16 97 120 65 51 73 48 105 48 115 39 29 55 72 28 43 68 103 33 114 13 90 129 0 51 45 31 37 53 89 73 57 43 32 28 34 47 61 77 86 69 52 35 21 14 25 40 57 73 84 67 50 33 15 3 20 38 55 72 86 69 52 36 21 15 25 40 57 74 89 73 58 43 32 29 35 47 62 78 95 80 66 54 45 43 47 57 69 84 102 88 76 65 59 57 60 68 78 91 110 98 87 78 72 71 73 80 89 100 120 108 99 91 86 85 87 92 100 110 130 120 111 104 100 99 100 105 112 121
144 40 2 20 34 57 22 5 123 88 136 66 107 137 99 35 91 34 132 56 145 79 40 7 32 55 13 31 128 61 141 57 95 146 51 0 65 27 72 68 140 124 108 92 77 64 52 45 44 49 136 119 103 86 70 55 42 32 31 38 134 117 100 82 66 49 33 20 17 29 133 116 98 81 64 46 29 12 7 24 133 116 99 82 65 48 31 17 14 27 135 118 102 85 69 53 39 29 27 35 139 122 106 90 75 61 49 42 40 46 144 128 112 97 83 71 61 55 54 58 149 134 119 106 93 82 74 69 68 71 156 142 128 115 104 94 86 82 81 84
81 25 65 84 93 76 72 68 60 23 73 55 53 77 37 37 30 35 68 14 81 28 27 63 95 72 52 59 65 12 77 57 46 87 45 65 0 40 19 9 103 92 82 75 72 72 77 85 96 108 94 81 70 62 58 59 64 74 86 100 86 72 59 49 44 45 53 64 78 93 80 64 49 37 30 32 42 56 71 87 76 59 43 27 16 20 34 50 67 84 75 57 40 23 5 13 30 48 65 82 76 59 42 26 14 19 33 49 66 83 79 63 48 36 28 30 41 55 70 86 85 71 58 47 42 43 51 63 77 92 93 80 68 60 56 57 63 73 85 99
117 17 27 47 54 51 33 31 99 62 112 47 87 115 73 23 68 20 107 33 120 53 14 28 56 47 15 38 104 34 116 40 77 125 31 27 40 0 45 44 117 102 87 73 61 52 48 51 58 69 112 96 80 65 51 40 35 38 47 61 108 92 75 58 42 29 21 26 39 54 107 89 72 55 38 21 7 17 33 51 107 90 72 55 38 21 8 17 34 51 109 92 75 59 43 30 22 27 39 55 112 96 80 65 52 41 36 39 48 61 118 102 88 74 62 54 50 52 59 70 124 110 96 84 74 67 64 65 71 80 132 119 106 95 86 80 78 79 84 92
73 35 72 92 96 69 74 76 62 25 74 43 65 83 29 51 39 48 69 31 79 10 33 73 100 65 60 73 67 13 77 48 60 93 37 72 19 45 0 26 85 73 64 59 58 63 71 83 96 110 76 63 52 45 44 50 60 74 88 104 69 54 41 31 31 39 51 66 82 99 64 48 32 19 17 29 45 62 78 95 62 45 28 11 8 25 42 60 77 94 64 47 31 17 15 28 44 61 78 95 68 53 39 29 28 37 50 65 82 98 75 61 50 43 42 48 59 72 87 103 84 72 62 57 56 61 69 81 94 109 94 83 75 70 70 74 81 91 103 116
82 28 68 87 98 84 77 71 56 22 69 64 45 71 38 37 25 36 64 13 79 34 32 66 99 80 56 58 61 21 73 65 38 81 53 68 9 44 26 0 110 99 89 83 80 80 84 92 101 113 100 88 77 70 66 66 71 80 91 104 91 78 66 57 52 53 59 69 82 96 84 69 55 44 38 39 47 60 74 89 79 62 47 33 24 26 38 52 68 85 76 59 42 25 11 15 31 48 65 82 75 58 41 24 8 13 30 47 64 82 78 61 45 30 20 23 35 51 67 84 82 67 53 41 34 35 44 57 72 88 89 75 62 53 48 49 56 66 79 94
82 115 139 156 147 98 129 145 115 97 116 75 136 138 83 132 113 129 113 116 109 76 109 144 158 97 131 153 115 95 117 86 137 145 89 140 103 117 85 110 0 18 35 52 70 87 104 122 139 156 15 23 38 54 71 88 105 122 140 157 29 34 45 60 75 91 108 125 142 159 43 47 55 68 82 97 113 129 145 162 58 60 67 77 90 104 119 134 150 166 72 74 80 88 99 112 126 140 156 171 86 88 93 100 110 122 134 148 162 177 100 102 106 112 121 132 144 156 170 184 115 116 119 125 133 143 154 166 179 192 129 130 133 138 145 154 164 176 188 201
85 101 123 140 130 81 112 128 111 88 115 58 129 135 76 118 105 114 111 103 109 65 94 128 141 79 115 138 113 83 116 69 129 143 73 124 92 102 73 99 18 0 18 35 52 70 87 104 122 139 23 15 23 38 54 71 88 105 122 140 34 29 34 45 60 75 91 108 125 142 47 43 46 55 67 82 97 112 129 145 60 57 60 67 77 90 104 118 134 150 74 72 73 79 88 99 112 126 140 155 88 86 87 92 100 110 121 134 148 162 102 100 101 105 112 121 131 143 156 170 116 114 115 119 125 133 142 153 165 178 130 128 129 132 138 145 154 164 175 187
91 88 107 123 113 63 95 112 111 83 117 42 125 135 73 105 99 101 112 92 113 56 81 112 124 62 100 124 113 72 118 52 123 143 57 108 82 87 64 89 35 18 0 18 35 52 70 87 104 122 38 23 15 23 38 54 71 88 105 122 45 34 29 34 45 60 75 91 108 125 55 46 43 46 55 67 81 97 112 129 67 60 57 60 67 77 90 104 118 134 80 73 71 73 79 88 99 112 126 140 93 87 85 87 92 99 109 121 134 148 106 101 99 101 105 112 121 131 143 156 119 115 114 115 118 124 132 142 153 165 133 129 128 129 132 137 144 153 163 175
100 76 91 107 96 46 78 97 113 80 120 27 122 136 75 93 97 89 116 83 119 53 69 97 107 45 85 110 115 64 122 36 118 145 43 92 75 73 59 83 52 35 18 0 18 35 52 70 87 104 54 38 23 15 23 38 54 71 88 105 60 45 34 29 33 45 59 75 91 108 68 55 46 43 46 55 67 81 97 112 77 67 60 57 59 66 77 89 103 118 88 79 73 71 73 79 88 99 112 125 100 92 87 85 87 91 99 109 121 134 112 105 101 99 100 105 111 120 131 143 125 119 115 113 114 118 124 132 141 152 138 132 129 127 128 131 137 144 153 163
111 68 76 91 79 29 62 82 117 82 126 17 122 140 79 82 97 79 121 78 127 55 60 82 90 27 72 98 121 60 129 22 117 149 32 77 72 61 58 80 70 52 35 18 0 18 35 52 70 87 71 54 38 23 15 23 38 54 71 88 75 60 45 33 29 33 45 59 75 91 82 67 55 46 43 46 55 67 81 96 90 77 67 59 57 59 66 77 89 103 99 88 79 73 71 73 78 87 99 111 110 100 92 87 85 86 91 99 109 120 121 112 105 100 99 100 104 111 120 130 133 125 118 114 113 114 117 123 131 141 145 138 132 128 127 127 131 136 143 152
124 63 62 75 62 12 46 68 124 87 135 21 125 146 88 75 100 72 129 75 137 62 55 70 73 10 60 88 128 61 138 16 117 155 28 64 72 52 63 80 87 70 52 35 18 0 18 35 52 70 88 71 54 38 23 14 23 38 54 71 91 75 60 45 33 28 33 45 59 75 97 82 67 55 46 42 46 55 67 81 104 90 77 66 59 56 59 66 76 89 112 99 88 79 73 70 72 78 87 98 122 110 99 91 86 84 86 91 98 108 132 121 112 105 100 98 99 104 110 119 143 133 124 118 114 112 113 117 123 131 154 145 137 131 127 126 127 130 135 143
137 62 51 61 45 7 32 56 133 95 144 35 129 153 98 71 107 68 139 77 148 72 55 59 57 9 52 80 137 66 148 25 121 163 34 52 77 48 71 84 104 87 70 52 35 18 0 18 35 52 105 88 71 54 38 23 14 23 38 54 108 91 75 59 45 33 28 33 45 59 113 97 81 67 55 46 42 46 54 67 119 104 90 77 66 59 56 59 66 76 126 112 99 88 78 72 70 72 78 87 134 121 109 99 91 86 84 85 90 98 144 131 121 111 104 99 98 99 103 110 154 142 132 124 117 113 112 113 116 122 164 154 144 137 131 127 125 126 130 135
151 66 44 48 29 24 23 48 143 105 155 51 136 162 110 71 115 69 150 82 161 85 60 52 42 26 49 75 148 76 159 41 126 172 47 45 85 51 83 92 122 104 87 70 52 35 18 0 18 35 122 105 88 71 54 38 23 14 23 38 125 108 91 75 59 45 33 28 33 45 129 112 97 81 67 55 46 42 45 54 134 118 104 89 77 66 59 56 58 65 140 126 112 99 87 78 72 70 72 77 148 134 121 109 99 91 85 83 85 90 156 143 131 120 111 104 99 97 99 103 166 153 142 132 123 117 113 111 112 116 176 164 153 144 136 130 126 125 126 129
166 74 43 39 15 41 25 45 155 117 167 68 145 172 124 76 125 74 162 91 174 99 70 51 29 43 52 75 160 87 171 57 134 182 61 44 96 58 96 101 139 122 104 87 70 52 35 18 0 18 140 122 105 88 71 54 38 23 14 23 142 125 108 91 75 59 45 33 28 33 145 129 112 97 81 67 54 45 42 45 150 134 118 103 89 76 66 58 55 58 156 140 126 112 99 87 78 72 69 71 162 148 134 121 109 98 90 85 83 85 170 156 143 131 120 110 103 99 97 98 179 165 153 141 131 123 116 112 110 112 188 175 163 153 143 135 130 126 124 125
181 85 49 37 16 59 37 49 168 130 180 85 155 184 138 84 137 83 175 102 188 114 82 55 23 60 60 78 172 101 184 74 143 193 77 49 108 69 110 113 156 139 122 104 87 70 52 35 18 0 157 140 122 105 88 71 54 38 23 14 159 142 125 108 91 75 59 45 33 28 162 145 129 112 96 81 67 54 45 42 166 150 134 118 103 89 76 65 58 55 171 155 140 125 111 98 87 77 71 69 177 162 148 134 120 108 98 90 85 83 184 170 156 143 130 119 110 103 98 96 192 178 165 152 141 131 122 116 112 110 201 187 175 163 152 143 135 129 125 124
68 108 135 154 147 99 127 141 101 85 102 74 124 124 71 125 101 122 99 107 94 67 103 139 157 97 126 146 101 87 102 84 125 131 86 136 94 112 76 100 15 23 38 54 71 88 105 122 140 157 0 18 35 52 70 87 104 122 139 156 15 23 38 54 71 88 105 122 140 157 29 34 45 60 75 91 108 125 142 159 43 47 55 68 82 97 113 129 145 162 58 60 67 77 90 104 119 134 150 166 72 74 80 88 99 112 126 140 156 171 86 88 93 100 110 122 134 148 162 177 100 102 106 112 121 132 144 156 170 184 115 116 119 125 133 143 154 166 179 192
72 93 119 137 130 82 110 124 97 75 101 56 116 121 63 110 92 106 97 93 95 54 87 123 139 80 110 131 98 73 102 67 116 129 69 119 81 96 63 88 23 15 23 38 54 71 88 105 122 140 18 0 18 35 52 70 87 104 122 139 23 15 23 38 54 71 88 105 122 140 34 29 34 45 60 75 91 108 125 142 47 43 46 55 67 82 97 112 129 145 60 57 60 67 77 90 104 118 134 150 74 72 73 79 88 99 112 126 140 155 88 86 87 92 100 110 121 134 148 162 102 100 101 105 112 121 131 143 156 170 116 114 115 119 125 133 142 153 165 178
79 79 102 119 112 65 93 107 97 69 103 39 111 120 59 96 86 92 98 81 100 44 72 106 122 63 94 116 99 60 104 50 109 129 52 103 70 80 52 77 38 23 15 23 38 54 71 88 105 122 35 18 0 18 35 52 70 87 104 122 38 23 15 23 38 54 71 88 105 122 45 34 29 34 45 60 75 91 108 125 55 46 43 46 55 67 81 97 112 129 67 60 57 60 67 77 90 104 118 134 80 73 71 73 79 88 99 112 126 140 93 87 85 87 92 99 109 121 134 148 106 101 99 101 105 112 121 131 143 156 119 115 114 115 118 124 132 142 153 165
89 66 85 103 95 49 76 91 99 66 107 22 108 122 61 82 83 79 102 71 106 39 58 90 105 46 78 101 102 51 109 33 105 131 35 86 62 65 45 70 54 38 23 15 23 38 54 71 88 105 52 35 18 0 18 35 52 70 87 104 54 38 23 15 23 38 54 71 88 105 60 45 34 29 33 45 59 75 91 108 68 55 46 43 46 55 67 81 97 112 77 67 60 57 59 66 77 89 103 118 88 79 73 71 73 79 88 99 112 125 100 92 87 85 87 91 99 109 121 134 112 105 101 99 100 105 111 120 131 143 125 119 115 113 114 118 124 132 141 152
101 55 69 86 78 33 59 75 104 68 114 5 108 126 67 71 83 67 109 64 115 42 47 75 88 30 63 88 108 46 117 15 103 136 21 70 58 51 44 66 71 54 38 23 15 23 38 54 71 88 70 52 35 18 0 18 35 52 70 87 71 54 38 23 15 23 38 54 71 88 75 60 45 33 29 33 45 59 75 91 82 67 55 46 43 46 55 67 81 96 90 77 67 59 57 59 66 77 89 103 99 88 79 73 71 73 78 87 99 111 110 100 92 87 85 86 91 99 109 120 121 112 105 100 99 100 104 111 120 130 133 125 118 114 113 114 117 123 131 141
115 49 54 69 60 19 41 60 112 74 123 14 111 133 76 62 87 58 118 61 126 51 41 60 70 15 49 77 116 47 126 3 104 143 14 55 59 40 50 66 88 71 54 38 23 14 23 38 54 71 87 70 52 35 18 0 18 35 52 70 88 71 54 38 23 14 23 38 54 71 91 75 60 45 33 28 33 45 59 75 97 82 67 55 46 42 46 55 67 81 104 90 77 66 59 56 59 66 76 89 112 99 88 79 73 70 72 78 87 98 122 110 99 91 86 84 86 91 98 108 132 121 112 105 100 98 99 104 110 119 143 133 124 118 114 112 113 117 123 131
129 48 40 53 43 17 25 46 122 83 133 31 116 141 88 57 94 54 128 64 138 63 41 48 53 14 39 67 126 54 137 20 107 151 25 42 64 35 60 71 105 88 71 54 38 23 14 23 38 54 104 87 70 52 35 18 0 18 35 52 105 88 71 54 38 23 14 23 38 54 108 91 75 59 45 33 28 33 45 59 113 97 81 67 55 46 42 46 54 67 119 104 90 77 66 59 56 59 66 76 126 112 99 88 78 72 70 72 78 87 134 121 109 99 91 86 84 85 90 98 144 131 121 111 104 99 98 99 103 110 154 142 132 124 117 113 112 113 116 122
144 54 31 39 26 29 10 35 133 95 145 49 124 151 102 58 104 55 140 70 152 77 48 39 36 28 35 62 138 65 149 38 114 161 40 32 74 38 74 80 122 105 88 71 54 38 23 14 23 38 122 104 87 70 52 35 18 0 18 35 122 105 88 71 54 38 23 14 23 38 125 108 91 75 59 45 33 28 33 45 129 112 97 81 67 55 46 42 45 54 134 118 104 89 77 66 59 56 58 65 140 126 112 99 87 78 72 70 72 77 148 134 121 109 99 91 85 83 85 90 156 143 131 120 111 104 99 97 99 103 166 153 142 132 123 117 113 111 112 116
160 63 29 27 9 44 15 31 146 108 158 66 133 162 116 63 115 62 153 80 166 93 60 37 20 44 39 61 150 79 162 55 122 172 57 31 86 47 88 91 140 122 105 88 71 54 38 23 14 23 139 122 104 87 70 52 35 18 0 18 140 122 105 88 71 54 38 23 14 23 142 125 108 91 75 59 45 33 28 33 145 129 112 97 81 67 54 45 42 45 150 134 118 103 89 76 66 58 55 58 156 140 126 112 99 87 78 72 69 71 162 148 134 121 109 98 90 85 83 85 170 156 143 131 120 110 103 99 97 98 179 165 153 141 131 123 116 112 110 112
176 76 37 24 10 61 31 37 159 122 172 83 144 174 132 72 128 72 167 92 180 109 74 43 10 61 49 65 164 94 176 72 133 184 73 38 100 61 104 104 157 140 122 105 88 71 54 38 23 14 156 139 122 104 87 70 52 35 18 0 157 140 122 105 88 71 54 38 23 14 159 142 125 108 91 75 59 45 33 28 162 145 129 112 96 81 67 54 45 42 166 150 134 118 103 89 76 65 58 55 171 155 140 125 111 98 87 77 71 69 177 162 148 134 120 108 98 90 85 83 184 170 156 143 130 119 110 103 98 96 192 178 165 152 141 131 122 116 112 110
54 103 133 152 148 102 127 138 87 75 88 75 111 110 59 119 90 116 85 99 80 60 98 136 156 100 123 141 87 81 88 85 114 117 84 134 86 108 69 91 29 34 45 60 75 91 108 125 142 159 15 23 38 54 71 88 105 122 140 157 0 18 35 52 70 87 104 122 139 156 15 23 38 54 71 88 105 122 140 157 29 34 45 60 75 91 108 125 142 159 43 47 55 68 82 97 113 129 145 162 58 60 67 77 90 104 119 134 150 166 72 74 80 88 99 112 126 140 156 171 86 88 93 100 110 122 134 148 162 177 100 102 106 112 121 132 144 156 170 184
58 87 116 135 131 86 110 121 83 63 87 58 103 107 50 103 79 100 83 85 81 45 81 119 139 83 106 125 84 65 88 68 104 115 67 117 72 92 54 78 34 29 34 45 60 75 91 108 125 142 23 15 23 38 54 71 88 105 122 140 18 0 18 35 52 70 87 104 122 139 23 15 23 38 54 71 88 105 122 140 34 29 34 45 60 75 91 108 125 142 47 43 46 55 67 82 97 112 129 145 60 57 60 67 77 90 104 118 134 150 74 72 73 79 88 99 112 126 140 155 88 86 87 92 100 110 121 134 148 162 102 100 101 105 112 121 131 143 156 170
67 71 99 118 113 70 93 104 83 55 89 41 97 106 45 88 72 84 84 71 86 32 65 102 122 67 89 109 85 51 90 52 96 115 50 100 59 75 41 66 45 34 29 34 45 60 75 91 108 125 38 23 15 23 38 54 71 88 105 122 35 18 0 18 35 52 70 87 104 122 38 23 15 23 38 54 71 88 105 122 45 34 29 34 45 60 75 91 108 125 55 46 43 46 55 67 81 97 112 129 67 60 57 60 67 77 90 104 118 134 80 73 71 73 79 88 99 112 126 140 93 87 85 87 92 99 109 121 134 148 106 101 99 101 105 112 121 131 143 156
79 56 82 100 96 55 75 87 85 52 94 25 94 108 47 73 69 70 89 59 94 25 50 85 105 51 73 94 88 39 96 35 91 118 33 82 49 58 31 57 60 45 34 29 33 45 59 75 91 108 54 38 23 15 23 38 54 71 88 105 52 35 18 0 18 35 52 70 87 104 54 38 23 15 23 38 54 71 88 105 60 45 34 29 33 45 59 75 91 108 68 55 46 43 46 55 67 81 97 112 77 67 60 57 59 66 77 89 103 118 88 79 73 71 73 79 88 99 112 125 100 92 87 85 87 91 99 109 121 134 112 105 101 99 100 105 111 120 131 143
93 44 65 83 79 41 58 70 92 55 102 13 94 113 55 60 69 56 97 51 104 29 36 69 87 37 56 79 95 32 105 20 89 123 15 66 44 42 31 52 75 60 45 33 29 33 45 59 75 91 71 54 38 23 15 23 38 54 71 88 70 52 35 18 0 18 35 52 70 87 71 54 38 23 15 23 38 54 71 88 75 60 45 33 29 33 45 59 75 91 82 67 55 46 43 46 55 67 81 96 90 77 67 59 57 59 66 77 89 103 99 88 79 73 71 73 78 87 99 111 110 100 92 87 85 86 91 99 109 120 121 112 105 100 99 100 104 111 120 130
107 35 48 66 62 32 41 54 100 62 112 19 97 120 66 50 74 46 107 47 116 41 27 53 70 28 41 66 105 34 115 14 90 130 3 49 45 29 39 53 91 75 60 45 33 28 33 45 59 75 88 71 54 38 23 14 23 38 54 71 87 70 52 35 18 0 18 35 52 70 88 71 54 38 23 14 23 38 54 71 91 75 60 45 33 28 33 45 59 75 97 82 67 55 46 42 46 55 67 81 104 90 77 66 59 56 59 66 76 89 112 99 88 79 73 70 72 78 87 98 122 110 99 91 86 84 86 91 98 108 132 121 112 105 100 98 99 104 110 119
122 35 32 49 46 30 24 38 111 73 123 34 104 129 80 44 82 40 118 50 129 56 28 38 53 27 27 55 116 43 127 24 94 139 20 33 53 21 51 59 108 91 75 59 45 33 28 33 45 59 105 88 71 54 38 23 14 23 38 54 104 87 70 52 35 18 0 18 35 52 105 88 71 54 38 23 14 23 38 54 108 91 75 59 45 33 28 33 45 59 113 97 81 67 55 46 42 46 54 67 119 104 90 77 66 59 56 59 66 76 126 112 99 88 78 72 70 72 78 87 134 121 109 99 91 86 84 85 90 98 144 131 121 111 104 99 98 99 103 110
138 42 18 32 30 38 8 24 123 86 136 50 112 140 95 44 93 42 131 58 143 72 38 26 36 36 21 48 128 57 140 40 102 150 38 20 64 26 66 69 125 108 91 75 59 45 33 28 33 45 122 105 88 71 54 38 23 14 23 38 122 104 87 70 52 35 18 0 18 35 122 105 88 71 54 38 23 14 23 38 125 108 91 75 59 45 33 28 33 45 129 112 97 81 67 55 46 42 45 54 134 118 104 89 77 66 59 56 58 65 140 126 112 99 87 78 72 70 72 77 148 134 121 109 99 91 85 83 85 90 156 143 131 120 111 104 99 97 99 103
154 54 16 16 18 51 14 18 137 100 150 67 122 152 110 51 106 50 145 70 158 88 52 23 19 50 27 47 142 72 154 56 111 162 55 17 78 39 82 82 142 125 108 91 75 59 45 33 28 33 140 122 105 88 71 54 38 23 14 23 139 122 104 87 70 52 35 18 0 18 140 122 105 88 71 54 38 23 14 23 142 125 108 91 75 59 45 33 28 33 145 129 112 97 81 67 54 45 42 45 150 134 118 103 89 76 66 58 55 58 156 140 126 112 99 87 78 72 69 71 162 148 134 121 109 98 90 85 83 85 170 156 143 131 120 110 103 99 97 98
171 68 28 11 18 66 30 26 151 115 164 84 134 165 126 62 120 62 160 84 173 105 67 32 5 65 41 52 156 88 169 73 122 174 72 29 93 54 99 96 159 142 125 108 91 75 59 45 33 28 157 140 122 105 88 71 54 38 23 14 156 139 122 104 87 70 52 35 18 0 157 140 122 105 88 71 54 38 23 14 159 142 125 108 91 75 59 45 33 28 162 145 129 112 96 81 67 54 45 42 166 150 134 118 103 89 76 65 58 55 171 155 140 125 111 98 87 77 71 69 177 162 148 134 120 108 98 90 85 83 184 170 156 143 130 119 110 103 98 96
40 99 132 152 150 107 129 137 74 65 74 78 100 97 49 115 79 112 71 93 66 56 95 135 157 104 122 137 74 76 74 89 103 103 86 133 80 107 64 84 43 47 55 68 82 97 113 129 145 162 29 34 45 60 75 91 108 125 142 159 15 23 38 54 71 88 105 122 140 157 0 18 35 52 70 87 104 122 139 156 15 23 38 54 71 88 105 122 140 157 29 34 45 60 75 91 108 125 142 159 43 47 55 68 82 97 113 129 145 162 58 60 67 77 90 104 119 134 150 166 72 74 80 88 99 112 126 140 156 171 86 88 93 100 110 122 134 148 162 177
46 82 115 135 133 92 112 120 69 52 73 62 90 93 37 98 68 95 68 78 67 39 78 117 140 89 104 120 70 60 73 72 92 101 69 116 64 89 48 69 47 43 46 55 67 82 97 112 129 145 34 29 34 45 60 75 91 108 125 142 23 15 23 38 54 71 88 105 122 140 18 0 18 35 52 70 87 104 122 139 23 15 23 38 54 71 88 105 122 140 34 29 34 45 60 75 91 108 125 142 47 43 46 55 67 82 97 112 129 145 60 57 60 67 77 90 104 118 134 150 74 72 73 79 88 99 112 126 140 155 88 86 87 92 100 110 121 134 148 162
57 65 98 117 116 77 95 103 68 42 75 47 84 92 31 82 59 79 70 62 73 22 61 100 123 74 87 104 71 43 77 57 83 101 52 98 49 72 32 55 55 46 43 46 55 67 81 97 112 129 45 34 29 34 45 60 75 91 108 125 38 23 15 23 38 54 71 88 105 122 35 18 0 18 35 52 70 87 104 122 38 23 15 23 38 54 71 88 105 122 45 34 29 34 45 60 75 91 108 125 55 46 43 46 55 67 81 97 112 129 67 60 57 60 67 77 90 104 118 134 80 73 71 73 79 88 99 112 126 140 93 87 85 87 92 99 109 121 134 148
70 49 81 100 99 63 78 86 72 38 81 34 80 95 34 66 55 63 76 49 83 11 44 83 106 60 70 87 75 28 84 42 77 104 36 81 37 55 19 44 68 55 46 43 46 55 67 81 97 112 60 45 34 29 33 45 59 75 91 108 54 38 23 15 23 38 54 71 88 105 52 35 18 0 18 35 52 70 87 104 54 38 23 15 23 38 54 71 88 105 60 45 34 29 33 45 59 75 91 108 68 55 46 43 46 55 67 81 97 112 77 67 60 57 59 66 77 89 103 118 88 79 73 71 73 79 88 99 112 125 100 92 87 85 87 91 99 109 121 134
85 34 63 83 83 52 61 68 79 41 90 27 80 100 44 51 55 47 85 38 94 19 28 66 89 48 53 72 83 18 93 31 75 110 21 64 30 38 17 38 82 67 55 46 43 46 55 67 81 96 75 60 45 33 29 33 45 59 75 91 71 54 38 23 15 23 38 54 71 88 70 52 35 18 0 18 35 52 70 87 71 54 38 23 15 23 38 54 71 88 75 60 45 33 29 33 45 59 75 91 82 67 55 46 43 46 55 67 81 96 90 77 67 59 57 59 66 77 89 103 99 88 79 73 71 73 78 87 99 111 110 100 92 87 85 86 91 99 109 120
101 22 46 65 67 45 45 51 89 51 101 30 84 108 58 38 61 34 96 33 107 34 15 49 72 41 36 57 94 22 105 27 76 118 15 46 32 21 29 39 97 82 67 55 46 42 46 55 67 81 91 75 60 45 33 28 33 45 59 75 88 71 54 38 23 14 23 38 54 71 87 70 52 35 18 0 18 35 52 70 88 71 54 38 23 14 23 38 54 71 91 75 60 45 33 28 33 45 59 75 97 82 67 55 46 42 46 55 67 81 104 90 77 66 59 56 59 66 76 89 112 99 88 79 73 70 72 78 87 98 122 110 99 91 86 84 86 91 98 108
117 21 29 48 52 44 30 34 101 64 114 41 91 118 73 30 71 27 109 38 121 51 16 32 56 40 19 44 106 35 118 34 81 128 25 29 42 7 45 47 113 97 81 67 55 46 42 46 54 67 108 91 75 59 45 33 28 33 45 59 105 88 71 54 38 23 14 23 38 54 104 87 70 52 35 18 0 18 35 52 105 88 71 54 38 23 14 23 38 54 108 91 75 59 45 33 28 33 45 59 113 97 81 67 55 46 42 46 54 67 119 104 90 77 66 59 56 59 66 76 126 112 99 88 78 72 70 72 78 87 134 121 109 99 91 86 84 85 90 98
134 32 11 31 39 50 21 17 115 78 128 55 101 130 89 31 84 29 123 48 136 68 30 16 40 47 7 35 120 51 132 46 90 140 40 12 56 17 62 60 129 112 97 81 67 55 46 42 45 54 125 108 91 75 59 45 33 28 33 45 122 105 88 71 54 38 23 14 23 38 122 104 87 70 52 35 18 0 18 35 122 105 88 71 54 38 23 14 23 38 125 108 91 75 59 45 33 28 33 45 129 112 97 81 67 55 46 42 45 54 134 118 104 89 77 66 59 56 58 65 140 126 112 99 87 78 72 70 72 77 148 134 121 109 99 91 85 83 85 90
150 47 7 14 30 60 23 4 129 94 143 71 112 143 105 40 97 40 138 62 152 85 47 10 26 58 19 34 134 67 147 61 101 152 57 7 71 33 78 74 145 129 112 97 81 67 54 45 42 45 142 125 108 91 75 59 45 33 28 33 140 122 105 88 71 54 38 23 14 23 139 122 104 87 70 52 35 18 0 18 140 122 105 88 71 54 38 23 14 23 142 125 108 91 75 59 45 33 28 33 145 129 112 97 81 67 54 45 42 45 150 134 118 103 89 76 66 58 55 58 156 140 126 112 99 87 78 72 69 71 162 148 134 121 109 98 90 85 83 85
167 63 24 7 31 73 35 20 144 110 158 87 125 156 122 54 112 54 153 77 167 103 63 24 19 72 36 41 149 84 162 77 113 166 74 24 87 51 95 89 162 145 129 112 96 81 67 54 45 42 159 142 125 108 91 75 59 45 33 28 157 140 122 105 88 71 54 38 23 14 156 139 122 104 87 70 52 35 18 0 157 140 122 105 88 71 54 38 23 14 159 142 125 108 91 75 59 45 33 28 162 145 129 112 96 81 67 54 45 42 166 150 134 118 103 89 76 65 58 55 171 155 140 125 111 98 87 77 71 69 177 162 148 134 120 108 98 90 85 83
26 97 133 153 153 114 132 138 61 58 60 84 89 83 42 112 70 110 57 89 51 55 94 134 160 111 122 134 61 75 60 94 93 89 89 133 76 107 62 79 58 60 67 77 90 104 119 134 150 166 43 47 55 68 82 97 113 129 145 162 29 34 45 60 75 91 108 125 142 159 15 23 38 54 71 88 105 122 140 157 0 18 35 52 70 87 104 122 139 156 15 23 38 54 71 88 105 122 140 157 29 34 45 60 75 91 108 125 142 159 43 47 55 68 82 97 113 129 145 162 58 60 67 77 90 104 119 134 150 166 72 74 80 88 99 112 126 140 156 171
34 80 116 136 137 99 115 121 55 43 58 69 78 79 27 95 57 92 54 73 54 38 77 117 143 96 104 117 56 57 59 79 81 86 73 116 59 90 45 62 60 57 60 67 77 90 104 118 134 150 47 43 46 55 67 82 97 112 129 145 34 29 34 45 60 75 91 108 125 142 23 15 23 38 54 71 88 105 122 140 18 0 18 35 52 70 87 104 122 139 23 15 23 38 54 71 88 105 122 140 34 29 34 45 60 75 91 108 125 142 47 43 46 55 67 82 97 112 129 145 60 57 60 67 77 90 104 118 134 150 74 72 73 79 88 99 112 126 140 155
48 63 99 119 120 86 98 103 54 30 61 56 70 78 17 78 46 75 56 56 61 20 60 100 126 82 87 100 57 40 64 65 71 87 58 99 43 72 28 47 67 60 57 60 67 77 90 104 118 134 55 46 43 46 55 67 81 97 112 129 45 34 29 34 45 60 75 91 108 125 38 23 15 23 38 54 71 88 105 122 35 18 0 18 35 52 70 87 104 122 38 23 15 23 38 54 71 88 105 122 45 34 29 34 45 60 75 91 108 125 55 46 43 46 55 67 81 97 112 129 67 60 57 60 67 77 90 104 118 134 80 73 71 73 79 88 99 112 126 140
64 45 82 102 104 74 82 86 59 24 69 46 66 81 22 61 41 58 64 40 72 5 43 83 109 70 70 83 62 23 72 53 64 91 43 82 27 55 11 33 77 67 60 57 59 66 77 89 103 118 68 55 46 43 46 55 67 81 97 112 60 45 34 29 33 45 59 75 91 108 54 38 23 15 23 38 54 71 88 105 52 35 18 0 18 35 52 70 87 104 54 38 23 15 23 38 54 71 88 105 60 45 34 29 33 45 59 75 91 108 68 55 46 43 46 55 67 81 97 112 77 67 60 57 59 66 77 89 103 118 88 79 73 71 73 79 88 99 112 125
80 28 65 85 89 64 67 69 68 29 79 41 66 88 36 45 42 41 74 26 85 16 25 65 93 60 53 66 72 6 83 44 61 97 32 65 16 38 8 24 90 77 67 59 57 59 66 77 89 103 82 67 55 46 43 46 55 67 81 96 75 60 45 33 29 33 45 59 75 91 71 54 38 23 15 23 38 54 71 88 70 52 35 18 0 18 35 52 70 87 71 54 38 23 15 23 38 54 71 88 75 60 45 33 29 33 45 59 75 91 82 67 55 46 43 46 55 67 81 96 90 77 67 59 57 59 66 77 89 103 99 88 79 73 71 73 78 87 99 111
97 12 48 68 74 59 53 52 79 42 92 43 71 97 52 29 50 25 87 20 99 33 8 48 77 55 36 50 84 13 96 41 63 107 29 48 20 21 25 26 104 90 77 66 59 56 59 66 76 89 97 82 67 55 46 42 46 55 67 81 91 75 60 45 33 28 33 45 59 75 88 71 54 38 23 14 23 38 54 71 87 70 52 35 18 0 18 35 52 70 88 71 54 38 23 14 23 38 54 71 91 75 60 45 33 28 33 45 59 75 97 82 67 55 46 42 46 55 67 81 104 90 77 66 59 56 59 66 76 89 112 99 88 79 73 70 72 78 87 98
113 10 32 51 61 58 41 35 93 57 106 51 79 108 68 17 61 13 101 26 115 50 11 31 62 54 19 35 98 30 110 46 69 118 35 31 34 8 42 38 119 104 90 77 66 59 56 59 66 76 113 97 81 67 55 46 42 46 54 67 108 91 75 59 45 33 28 33 45 59 105 88 71 54 38 23 14 23 38 54 104 87 70 52 35 18 0 18 35 52 105 88 71 54 38 23 14 23 38 54 108 91 75 59 45 33 28 33 45 59 113 97 81 67 55 46 42 46 54 67 119 104 90 77 66 59 56 59 66 76 126 112 99 88 78 72 70 72 78 87
130 26 18 36 50 62 34 19 107 73 121 63 90 120 85 19 75 18 116 40 130 68 28 14 48 59 7 23 112 48 125 56 79 130 47 17 50 17 60 52 134 118 104 89 77 66 59 56 58 65 129 112 97 81 67 55 46 42 45 54 125 108 91 75 59 45 33 28 33 45 122 105 88 71 54 38 23 14 23 38 122 104 87 70 52 35 18 0 18 35 122 105 88 71 54 38 23 14 23 38 125 108 91 75 59 45 33 28 33 45 129 112 97 81 67 55 46 42 45 54 134 118 104 89 77 66 59 56 58 65 140 126 112 99 87 78 72 70 72 77
147 43 15 23 44 70 36 11 122 89 136 77 103 134 102 32 91 33 132 55 146 85 45 7 37 68 19 20 128 65 141 68 91 144 62 14 67 34 77 68 150 134 118 103 89 76 66 58 55 58 145 129 112 97 81 67 54 45 42 45 142 125 108 91 75 59 45 33 28 33 140 122 105 88 71 54 38 23 14 23 139 122 104 87 70 52 35 18 0 18 140 122 105 88 71 54 38 23 14 23 142 125 108 91 75 59 45 33 28 33 145 129 112 97 81 67 54 45 42 45 150 134 118 103 89 76 66 58 55 58 156 140 126 112 99 87 78 72 69 71
164 60 28 19 44 82 45 22 138 106 152 92 117 149 119 48 106 49 148 72 163 102 62 23 33 80 36 31 143 82 156 83 104 158 78 27 84 51 94 85 166 150 134 118 103 89 76 65 58 55 162 145 129 112 96 81 67 54 45 42 159 142 125 108 91 75 59 45 33 28 157 140 122 105 88 71 54 38 23 14 156 139 122 104 87 70 52 35 18 0 157 140 122 105 88 71 54 38 23 14 159 142 125 108 91 75 59 45 33 28 162 145 129 112 96 81 67 54 45 42 166 150 134 118 103 89 76 65 58 55 171 155 140 125 111 98 87 77 71 69
12 97 135 155 158 122 136 140 49 54 47 92 79 70 39 111 63 109 44 87 37 58 96 136 163 118 123 133 48 75 46 101 85 76 95 135 75 109 64 76 72 74 80 88 99 112 126 140 156 171 58 60 67 77 90 104 119 134 150 166 43 47 55 68 82 97 113 129 145 162 29 34 45 60 75 91 108 125 142 159 15 23 38 54 71 88 105 122 140 157 0 18 35 52 70 87 104 122 139 156 15 23 38 54 71 88 105 122 140 157 29 34 45 60 75 91 108 125 142 159 43 47 55 68 82 97 113 129 145 162 58 60 67 77 90 104 119 134 150 166
26 80 118 138 142 108 120 123 41 37 44 78 67 65 21 94 48 92 40 70 40 42 79 119 147 104 106 116 42 58 45 87 71 72 80 118 57 92 47 59 74 72 73 79 88 99 112 126 140 155 60 57 60 67 77 90 104 118 134 150 47 43 46 55 67 82 97 112 129 145 34 29 34 45 60 75 91 108 125 142 23 15 23 38 54 71 88 105 122 140 18 0 18 35 52 70 87 104 122 139 23 15 23 38 54 71 88 105 122 140 34 29 34 45 60 75 91 108 125 142 47 43 46 55 67 82 97 112 129 145 60 57 60 67 77 90 104 118 134 150
43 63 102 122 126 96 104 106 40 21 48 67 57 64 5 77 35 74 43 53 50 27 62 101 130 92 89 98 43 41 51 75 59 73 66 102 40 75 31 42 80 73 71 73 79 88 99 112 126 140 67 60 57 60 67 77 90 104 118 134 55 46 43 46 55 67 81 97 112 129 45 34 29 34 45 60 75 91 108 125 38 23 15 23 38 54 71 88 105 122 35 18 0 18 35 52 70 87 104 122 38 23 15 23 38 54 71 88 105 122 45 34 29 34 45 60 75 91 108 125 55 46 43 46 55 67 81 97 112 129 67 60 57 60 67 77 90 104 118 134
60 46 85 105 111 85 89 89 46 10 57 59 52 68 15 59 27 57 52 36 63 19 45 85 114 81 73 81 50 25 61 64 50 77 54 85 23 59 17 25 88 79 73 71 73 79 88 99 112 125 77 67 60 57 59 66 77 89 103 118 68 55 46 43 46 55 67 81 97 112 60 45 34 29 33 45 59 75 91 108 54 38 23 15 23 38 54 71 88 105 52 35 18 0 18 35 52 70 87 104 54 38 23 15 23 38 54 71 88 105 60 45 34 29 33 45 59 75 91 108 68 55 46 43 46 55 67 81 97 112 77 67 60 57 59 66 77 89 103 118
77 29 69 89 96 77 75 72 57 19 70 55 53 75 32 42 29 40 65 19 77 24 30 68 99 73 56 64 62 13 74 57 47 85 45 69 5 43 15 11 99 88 79 73 71 73 78 87 99 111 90 77 67 59 57 59 66 77 89 103 82 67 55 46 43 46 55 67 81 96 75 60 45 33 29 33 45 59 75 91 71 54 38 23 15 23 38 54 71 88 70 52 35 18 0 18 35 52 70 87 71 54 38 23 15 23 38 54 71 88 75 60 45 33 29 33 45 59 75 91 82 67 55 46 43 46 55 67 81 96 90 77 67 59 57 59 66 77 89 103
94 14 53 73 83 72 62 56 70 35 84 56 58 86 49 25 39 22 79 6 93 38 18 51 84 68 41 47 75 17 88 55 49 96 43 53 13 30 28 15 112 99 88 79 73 70 72 78 87 98 104 90 77 66 59 56 59 66 76 89 97 82 67 55 46 42 46 55 67 81 91 75 60 45 33 28 33 45 59 75 88 71 54 38 23 14 23 38 54 71 87 70 52 35 18 0 18 35 52 70 88 71 54 38 23 14 23 38 54 71 91 75 60 45 33 28 33 45 59 75 97 82 67 55 46 42 46 55 67 81 104 90 77 66 59 56 59 66 76 89
111 12 40 58 71 72 53 42 85 52 99 63 68 98 66 8 54 5 94 18 109 53 19 36 70 68 27 30 90 32 103 59 57 108 47 39 30 22 44 31 126 112 99 88 78 72 70 72 78 87 119 104 90 77 66 59 56 59 66 76 113 97 81 67 55 46 42 46 54 67 108 91 75 59 45 33 28 33 45 59 105 88 71 54 38 23 14 23 38 54 104 87 70 52 35 18 0 18 35 52 105 88 71 54 38 23 14 23 38 54 108 91 75 59 45 33 28 33 45 59 113 97 81 67 55 46 42 46 54 67 119 104 90 77 66 59 56 59 66 76
128 27 30 44 62 75 48 29 101 69 115 73 81 112 84 11 69 13 110 35 125 70 32 23 58 72 21 13 106 49 119 66 69 121 57 29 48 27 61 48 140 126 112 99 87 78 72 70 72 77 134 118 104 89 77 66 59 56 58 65 129 112 97 81 67 55 46 42 45 54 125 108 91 75 59 45 33 28 33 45 122 105 88 71 54 38 23 14 23 38 122 104 87 70 52 35 18 0 18 35 122 105 88 71 54 38 23 14 23 38 125 108 91 75 59 45 33 28 33 45 129 112 97 81 67 55 46 42 45 54 134 118 104 89 77 66 59 56 58 65
146 43 28 35 57 82 49 25 117 87 131 85 95 127 101 28 85 31 127 52 142 87 48 20 50 79 28 8 122 66 135 77 82 136 69 27 65 39 78 65 156 140 126 112 99 87 78 72 69 71 150 134 118 103 89 76 66 58 55 58 145 129 112 97 81 67 54 45 42 45 142 125 108 91 75 59 45 33 28 33 140 122 105 88 71 54 38 23 14 23 139 122 104 87 70 52 35 18 0 18 140 122 105 88 71 54 38 23 14 23 142 125 108 91 75 59 45 33 28 33 145 129 112 97 81 67 54 45 42 45 150 134 118 103 89 76 66 58 55 58
163 60 36 33 57 92 56 31 133 104 147 99 110 142 118 45 102 48 143 70 159 104 64 29 46 90 41 24 139 83 152 90 97 151 84 35 82 55 95 82 171 155 140 125 111 98 87 77 71 69 166 150 134 118 103 89 76 65 58 55 162 145 129 112 96 81 67 54 45 42 159 142 125 108 91 75 59 45 33 28 157 140 122 105 88 71 54 38 23 14 156 139 122 104 87 70 52 35 18 0 157 140 122 105 88 71 54 38 23 14 159 142 125 108 91 75 59 45 33 28 162 145 129 112 96 81 67 54 45 42 166 150 134 118 103 89 76 65 58 55
8 100 139 159 163 130 141 143 39 54 34 101 70 58 40 112 59 110 32 88 23 64 99 138 168 127 126 133 36 79 32 110 78 62 102 139 76 112 68 75 86 88 93 100 110 122 134 148 162 177 72 74 80 88 99 112 126 140 156 171 58 60 67 77 90 104 119 134 150 166 43 47 55 68 82 97 113 129 145 162 29 34 45 60 75 91 108 125 142 159 15 23 38 54 71 88 105 122 140 157 0 18 35 52 70 87 104 122 139 156 15 23 38 54 71 88 105 122 140 157 29 34 45 60 75 91 108 125 142 159 43 47 55 68 82 97 113 129 145 162
25 83 122 142 148 118 126 126 28 36 30 89 56 51 24 95 42 93 26 71 28 49 83 122 152 114 110 116 28 63 31 97 63 58 88 122 59 96 53 58 88 86 87 92 100 110 121 134 148 162 74 72 73 79 88 99 112 126 140 155 60 57 60 67 77 90 104 118 134 150 47 43 46 55 67 82 97 112 129 145 34 29 34 45 60 75 91 108 125 142 23 15 23 38 54 71 88 105 122 140 18 0 18 35 52 70 87 104 122 139 23 15 23 38 54 71 88 105 122 140 34 29 34 45 60 75 91 108 125 142 47 43 46 55 67 82 97 112 129 145
42 66 106 126 133 107 111 110 26 19 36 79 45 50 13 78 26 76 30 53 40 38 67 105 136 103 94 99 29 47 39 85 49 59 76 106 42 80 39 41 93 87 85 87 92 99 109 121 134 148 80 73 71 73 79 88 99 112 126 140 67 60 57 60 67 77 90 104 118 134 55 46 43 46 55 67 81 97 112 129 45 34 29 34 45 60 75 91 108 125 38 23 15 23 38 54 71 88 105 122 35 18 0 18 35 52 70 87 104 122 38 23 15 23 38 54 71 88 105 122 45 34 29 34 45 60 75 91 108 125 55 46 43 46 55 67 81 97 112 129
59 50 91 110 119 97 97 94 35 5 47 72 38 55 19 61 13 59 42 37 56 33 52 89 121 93 78 81 39 34 51 77 38 65 65 90 26 65 29 24 100 92 87 85 87 91 99 109 121 134 88 79 73 71 73 79 88 99 112 125 77 67 60 57 59 66 77 89 103 118 68 55 46 43 46 55 67 81 97 112 60 45 34 29 33 45 59 75 91 108 54 38 23 15 23 38 54 71 88 105 52 35 18 0 18 35 52 70 87 104 54 38 23 15 23 38 54 71 88 105 60 45 34 29 33 45 59 75 91 108 68 55 46 43 46 55 67 81 97 112
76 36 75 95 105 90 84 78 48 18 62 69 39 64 34 44 17 43 57 20 72 36 39 73 106 86 63 64 53 26 66 71 33 74 59 75 14 52 28 8 110 100 92 87 85 86 91 99 109 120 99 88 79 73 71 73 78 87 99 111 90 77 67 59 57 59 66 77 89 103 82 67 55 46 43 46 55 67 81 96 75 60 45 33 29 33 45 59 75 91 71 54 38 23 15 23 38 54 71 88 70 52 35 18 0 18 35 52 70 87 71 54 38 23 15 23 38 54 71 88 75 60 45 33 29 33 45 59 75 91 82 67 55 46 43 46 55 67 81 96
94 25 62 80 93 86 74 64 64 35 77 70 47 76 50 28 32 27 73 9 88 46 31 58 92 82 49 47 69 28 82 69 36 86 57 61 19 41 37 13 122 110 99 91 86 84 86 91 98 108 112 99 88 79 73 70 72 78 87 98 104 90 77 66 59 56 59 66 76 89 97 82 67 55 46 42 46 55 67 81 91 75 60 45 33 28 33 45 59 75 88 71 54 38 23 14 23 38 54 71 87 70 52 35 18 0 18 35 52 70 88 71 54 38 23 14 23 38 54 71 91 75 60 45 33 28 33 45 59 75 97 82 67 55 46 42 46 55 67 81
111 24 50 66 83 85 66 51 80 52 94 75 59 90 67 15 48 17 89 20 105 60 32 45 80 82 39 30 85 39 98 72 47 99 60 49 33 36 50 30 134 121 109 99 91 86 84 85 90 98 126 112 99 88 78 72 70 72 78 87 119 104 90 77 66 59 56 59 66 76 113 97 81 67 55 46 42 46 54 67 108 91 75 59 45 33 28 33 45 59 105 88 71 54 38 23 14 23 38 54 104 87 70 52 35 18 0 18 35 52 105 88 71 54 38 23 14 23 38 54 108 91 75 59 45 33 28 33 45 59 113 97 81 67 55 46 42 46 54 67
128 34 43 55 75 88 62 42 96 69 110 83 73 105 84 17 65 21 106 36 122 75 41 36 70 85 35 15 102 54 115 78 60 114 68 42 49 39 65 47 148 134 121 109 99 91 85 83 85 90 140 126 112 99 87 78 72 70 72 77 134 118 104 89 77 66 59 56 58 65 129 112 97 81 67 55 46 42 45 54 125 108 91 75 59 45 33 28 33 45 122 105 88 71 54 38 23 14 23 38 122 104 87 70 52 35 18 0 18 35 122 105 88 71 54 38 23 14 23 38 125 108 91 75 59 45 33 28 33 45 129 112 97 81 67 55 46 42 45 54
145 48 42 48 71 94 62 39 113 86 127 94 88 120 102 31 82 34 123 53 139 91 54 33 63 91 39 11 118 70 132 88 76 129 78 40 66 48 82 64 162 148 134 121 109 98 90 85 83 85 156 140 126 112 99 87 78 72 69 71 150 134 118 103 89 76 66 58 55 58 145 129 112 97 81 67 54 45 42 45 142 125 108 91 75 59 45 33 28 33 140 122 105 88 71 54 38 23 14 23 139 122 104 87 70 52 35 18 0 18 140 122 105 88 71 54 38 23 14 23 142 125 108 91 75 59 45 33 28 33 145 129 112 97 81 67 54 45 42 45
163 64 48 46 71 103 68 43 130 104 144 107 104 136 119 47 100 50 140 70 156 107 69 40 60 101 49 25 135 86 148 99 91 145 91 46 83 61 98 82 177 162 148 134 120 108 98 90 85 83 171 155 140 125 111 98 87 77 71 69 166 150 134 118 103 89 76 65 58 55 162 145 129 112 96 81 67 54 45 42 159 142 125 108 91 75 59 45 33 28 157 140 122 105 88 71 54 38 23 14 156 139 122 104 87 70 52 35 18 0 157 140 122 105 88 71 54 38 23 14 159 142 125 108 91 75 59 45 33 28 162 145 129 112 96 81 67 54 45 42
20 104 144 163 170 140 148 147 31 57 22 111 64 46 47 115 58 113 22 90 9 72 104 142 173 136 131 135 27 84 20 119 73 49 110 144 79 118 75 78 100 102 106 112 121 132 144 156 170 184 86 88 93 100 110 122 134 148 162 177 72 74 80 88 99 112 126 140 156 171 58 60 67 77 90 104 119 134 150 166 43 47 55 68 82 97 113 129 145 162 29 34 45 60 75 91 108 125 142 159 15 23 38 54 71 88 105 122 140 157 0 18 35 52 70 87 104 122 139 156 15 23 38 54 71 88 105 122 140 157 29 34 45 60 75 91 108 125 142 159
31 88 128 147 155 128 133 131 16 41 16 100 48 37 34 98 41 96 12 74 18 60 89 126 158 125 115 118 15 70 18 107 57 44 98 128 63 102 61 61 102 100 101 105 112 121 131 143 156 170 88 86 87 92 100 110 121 134 148 162 74 72 73 79 88 99 112 126 140 155 60 57 60 67 77 90 104 118 134 150 47 43 46 55 67 82 97 112 129 145 34 29 34 45 60 75 91 108 125 142 23 15 23 38 54 71 88 105 122 140 18 0 18 35 52 70 87 104 122 139 23 15 23 38 54 71 88 105 122 140 34 29 34 45 60 75 91 108 125 142
46 72 112 132 141 118 120 115 13 27 25 92 34 36 27 81 23 80 20 58 35 51 74 110 143 114 100 101 17 56 29 97 41 45 87 112 48 88 50 45 106 101 99 101 105 112 121 131 143 156 93 87 85 87 92 99 109 121 134 148 80 73 71 73 79 88 99 112 126 140 67 60 57 60 67 77 90 104 118 134 55 46 43 46 55 67 81 97 112 129 45 34 29 34 45 60 75 91 108 125 38 23 15 23 38 54 71 88 105 122 35 18 0 18 35 52 70 87 104 122 38 23 15 23 38 54 71 88 105 122 45 34 29 34 45 60 75 91 108 125
62 58 98 117 127 110 107 100 26 19 40 85 25 42 30 65 6 64 36 42 52 47 61 95 128 106 85 84 32 45 45 90 26 52 78 97 36 74 43 30 112 105 101 99 100 105 111 120 131 143 100 92 87 85 87 91 99 109 121 134 88 79 73 71 73 79 88 99 112 125 77 67 60 57 59 66 77 89 103 118 68 55 46 43 46 55 67 81 97 112 60 45 34 29 33 45 59 75 91 108 54 38 23 15 23 38 54 71 88 105 52 35 18 0 18 35 52 70 87 104 54 38 23 15 23 38 54 71 88 105 60 45 34 29 33 45 59 75 91 108
78 46 84 102 115 104 95 86 43 25 56 83 26 54 41 50 13 50 52 29 69 49 51 80 114 99 72 68 48 40 61 85 19 64 72 83 28 62 42 20 121 112 105 100 99 100 104 111 120 130 110 100 92 87 85 86 91 99 109 120 99 88 79 73 71 73 78 87 99 111 90 77 67 59 57 59 66 77 89 103 82 67 55 46 43 46 55 67 81 96 75 60 45 33 29 33 45 59 75 91 71 54 38 23 15 23 38 54 71 88 70 52 35 18 0 18 35 52 70 87 71 54 38 23 15 23 38 54 71 88 75 60 45 33 29 33 45 59 75 91
95 38 72 89 104 100 86 73 60 39 73 84 36 68 55 37 30 37 69 23 86 57 45 67 102 96 60 52 65 41 78 83 25 77 71 71 30 54 48 23 132 121 112 105 100 98 99 104 110 119 122 110 99 91 86 84 86 91 98 108 112 99 88 79 73 70 72 78 87 98 104 90 77 66 59 56 59 66 76 89 97 82 67 55 46 42 46 55 67 81 91 75 60 45 33 28 33 45 59 75 88 71 54 38 23 14 23 38 54 71 87 70 52 35 18 0 18 35 52 70 88 71 54 38 23 14 23 38 54 71 91 75 60 45 33 28 33 45 59 75
112 37 62 77 95 99 79 62 77 55 90 88 51 83 71 28 47 31 87 29 103 68 45 56 91 96 52 37 82 49 95 85 38 92 73 61 41 50 59 35 144 131 121 111 104 99 98 99 103 110 134 121 109 99 91 86 84 85 90 98 126 112 99 88 78 72 70 72 78 87 119 104 90 77 66 59 56 59 66 76 113 97 81 67 55 46 42 46 54 67 108 91 75 59 45 33 28 33 45 59 105 88 71 54 38 23 14 23 38 54 104 87 70 52 35 18 0 18 35 52 105 88 71 54 38 23 14 23 38 54 108 91 75 59 45 33 28 33 45 59
129 44 56 67 88 102 75 55 94 71 107 95 67 99 87 29 64 33 104 42 120 82 52 49 82 98 49 26 99 62 112 91 54 108 80 55 55 52 72 51 156 143 131 120 111 104 99 97 99 103 148 134 121 109 99 91 85 83 85 90 140 126 112 99 87 78 72 70 72 77 134 118 104 89 77 66 59 56 58 65 129 112 97 81 67 55 46 42 45 54 125 108 91 75 59 45 33 28 33 45 122 105 88 71 54 38 23 14 23 38 122 104 87 70 52 35 18 0 18 35 122 105 88 71 54 38 23 14 23 38 125 108 91 75 59 45 33 28 33 45
147 56 55 61 85 107 76 52 111 88 124 105 83 116 104 39 82 43 121 57 138 96 63 47 76 104 52 24 116 76 129 99 71 124 89 54 70 59 87 67 170 156 143 131 120 110 103 99 97 98 162 148 134 121 109 98 90 85 83 85 156 140 126 112 99 87 78 72 69 71 150 134 118 103 89 76 66 58 55 58 145 129 112 97 81 67 54 45 42 45 142 125 108 91 75 59 45 33 28 33 140 122 105 88 71 54 38 23 14 23 139 122 104 87 70 52 35 18 0 18 140 122 105 88 71 54 38 23 14 23 142 125 108 91 75 59 45 33 28 33
164 70 60 60 85 114 80 55 128 105 142 116 100 132 121 53 99 56 138 73 155 112 76 52 74 112 60 33 133 91 146 109 88 140 100 58 86 70 103 84 184 170 156 143 130 119 110 103 98 96 177 162 148 134 120 108 98 90 85 83 171 155 140 125 111 98 87 77 71 69 166 150 134 118 103 89 76 65 58 55 162 145 129 112 96 81 67 54 45 42 159 142 125 108 91 75 59 45 33 28 157 140 122 105 88 71 54 38 23 14 156 139 122 104 87 70 52 35 18 0 157 140 122 105 88 71 54 38 23 14 159 142 125 108 91 75 59 45 33 28
34 110 150 169 177 151 156 153 29 63 16 122 60 36 56 119 60 118 19 95 7 82 111 148 180 147 137 138 24 92 11 129 71 37 120 149 85 124 84 82 115 116 119 125 133 143 154 166 179 192 100 102 106 112 121 132 144 156 170 184 86 88 93 100 110 122 134 148 162 177 72 74 80 88 99 112 126 140 156 171 58 60 67 77 90 104 119 134 150 166 43 47 55 68 82 97 113 129 145 162 29 34 45 60 75 91 108 125 142 159 15 23 38 54 71 88 105 122 140 157 0 18 35 52 70 87 104 122 139 156 15 23 38 54 71 88 105 122 140 157
41 94 134 154 163 140 142 137 12 49 3 112 43 24 46 103 44 102 4 79 17 71 97 132 165 136 122 121 7 78 7 119 54 30 108 134 71 110 72 67 116 114 115 119 125 133 142 153 165 178 102 100 101 105 112 121 131 143 156 170 88 86 87 92 100 110 121 134 148 162 74 72 73 79 88 99 112 126 140 155 60 57 60 67 77 90 104 118 134 150 47 43 46 55 67 82 97 112 129 145 34 29 34 45 60 75 91 108 125 142 23 15 23 38 54 71 88 105 122 140 18 0 18 35 52 70 87 104 122 139 23 15 23 38 54 71 88 105 122 140
53 80 120 139 150 130 129 122 7 38 20 104 26 22 41 87 29 86 17 64 34 64 84 117 150 126 107 105 12 67 24 110 37 32 99 119 58 96 62 53 119 115 114 115 118 124 132 142 153 165 106 101 99 101 105 112 121 131 143 156 93 87 85 87 92 99 109 121 134 148 80 73 71 73 79 88 99 112 126 140 67 60 57 60 67 77 90 104 118 134 55 46 43 46 55 67 81 97 112 129 45 34 29 34 45 60 75 91 108 125 38 23 15 23 38 54 71 88 105 122 35 18 0 18 35 52 70 87 104 122 38 23 15 23 38 54 71 88 105 122
67 68 106 124 137 123 117 108 24 33 37 99 12 32 43 72 18 72 34 51 51 61 72 102 137 119 94 89 29 58 42 103 19 41 91 106 47 84 57 41 125 119 115 113 114 118 124 132 141 152 112 105 101 99 100 105 111 120 131 143 100 92 87 85 87 91 99 109 121 134 88 79 73 71 73 79 88 99 112 125 77 67 60 57 59 66 77 89 103 118 68 55 46 43 46 55 67 81 97 112 60 45 34 29 33 45 59 75 91 108 54 38 23 15 23 38 54 71 88 105 52 35 18 0 18 35 52 70 87 104 54 38 23 15 23 38 54 71 88 105
83 58 94 111 126 117 106 95 41 37 54 97 14 46 51 59 21 59 51 41 69 62 63 89 124 113 82 73 46 54 59 98 5 55 86 93 42 74 56 34 133 125 118 114 113 114 117 123 131 141 121 112 105 100 99 100 104 111 120 130 110 100 92 87 85 86 91 99 109 120 99 88 79 73 71 73 78 87 99 111 90 77 67 59 57 59 66 77 89 103 82 67 55 46 43 46 55 67 81 96 75 60 45 33 29 33 45 59 75 91 71 54 38 23 15 23 38 54 71 88 70 52 35 18 0 18 35 52 70 87 71 54 38 23 15 23 38 54 71 88
99 52 83 98 115 114 98 83 59 47 72 97 30 62 63 48 34 49 69 37 86 69 59 77 112 110 72 59 64 55 76 97 17 70 85 82 43 67 61 35 143 133 124 118 114 112 113 117 123 131 132 121 112 105 100 98 99 104 110 119 122 110 99 91 86 84 86 91 98 108 112 99 88 79 73 70 72 78 87 98 104 90 77 66 59 56 59 66 76 89 97 82 67 55 46 42 46 55 67 81 91 75 60 45 33 28 33 45 59 75 88 71 54 38 23 14 23 38 54 71 87 70 52 35 18 0 18 35 52 70 88 71 54 38 23 14 23 38 54 71
115 51 75 88 107 113 92 74 76 61 89 101 46 78 77 42 50 44 86 41 103 78 59 68 102 109 65 47 81 61 94 99 34 86 87 74 51 64 69 44 154 142 132 124 117 113 112 113 116 122 144 131 121 111 104 99 98 99 103 110 134 121 109 99 91 86 84 85 90 98 126 112 99 88 78 72 70 72 78 87 119 104 90 77 66 59 56 59 66 76 113 97 81 67 55 46 42 46 54 67 108 91 75 59 45 33 28 33 45 59 105 88 71 54 38 23 14 23 38 54 104 87 70 52 35 18 0 18 35 52 105 88 71 54 38 23 14 23 38 54
132 56 70 80 101 115 89 68 93 76 106 107 63 95 93 42 66 46 103 51 120 90 64 62 94 112 63 38 98 71 111 104 51 103 92 69 63 65 81 57 166 153 142 132 123 117 113 111 112 116 156 143 131 120 111 104 99 97 99 103 148 134 121 109 99 91 85 83 85 90 140 126 112 99 87 78 72 70 72 77 134 118 104 89 77 66 59 56 58 65 129 112 97 81 67 55 46 42 45 54 125 108 91 75 59 45 33 28 33 45 122 105 88 71 54 38 23 14 23 38 122 104 87 70 52 35 18 0 18 35 122 105 88 71 54 38 23 14 23 38
149 66 69 75 98 120 89 66 110 92 124 116 81 112 108 50 83 53 121 64 138 104 73 61 89 117 65 37 115 84 128 111 69 120 100 68 77 71 94 72 179 165 153 141 131 123 116 112 110 112 170 156 143 131 120 110 103 99 97 98 162 148 134 121 109 98 90 85 83 85 156 140 126 112 99 87 78 72 69 71 150 134 118 103 89 76 66 58 55 58 145 129 112 97 81 67 54 45 42 45 142 125 108 91 75 59 45 33 28 33 140 122 105 88 71 54 38 23 14 23 139 122 104 87 70 52 35 18 0 18 140 122 105 88 71 54 38 23 14 23
166 78 73 73 98 127 93 68 128 108 141 126 98 129 125 61 100 65 138 78 155 118 85 64 87 124 72 43 133 98 146 120 86 136 110 71 92 80 109 88 192 178 165 152 141 131 122 116 112 110 184 170 156 143 130 119 110 103 98 96 177 162 148 134 120 108 98 90 85 83 171 155 140 125 111 98 87 77 71 69 166 150 134 118 103 89 76 65 58 55 162 145 129 112 96 81 67 54 45 42 159 142 125 108 91 75 59 45 33 28 157 140 122 105 88 71 54 38 23 14 156 139 122 104 87 70 52 35 18 0 157 140 122 105 88 71 54 38 23 14
48 117 157 176 186 162 164 159 34 71 21 133 60 30 67 124 66 124 26 101 21 93 119 154 187 158 144 142 29 101 17 140 72 28 130 156 93 132 94 89 129 130 133 138 145 154 164 176 188 201 115 116 119 125 133 143 154 166 179 192 100 102 106 112 121 132 144 156 170 184 86 88 93 100 110 122 134 148 162 177 72 74 80 88 99 112 126 140 156 171 58 60 67 77 90 104 119 134 150 166 43 47 55 68 82 97 113 129 145 162 29 34 45 60 75 91 108 125 142 159 15 23 38 54 71 88 105 122 140 157 0 18 35 52 70 87 104 122 139 156
53 103 142 161 172 151 151 145 21 59 14 125 42 14 59 109 51 108 18 87 26 84 106 139 173 147 130 126 18 89 15 130 55 16 120 142 80 119 83 75 130 128 129 132 138 145 154 164 175 187 116 114 115 119 125 133 142 153 165 178 102 100 101 105 112 121 131 143 156 170 88 86 87 92 100 110 121 134 148 162 74 72 73 79 88 99 112 126 140 155 60 57 60 67 77 90 104 118 134 150 47 43 46 55 67 82 97 112 129 145 34 29 34 45 60 75 91 108 125 142 23 15 23 38 54 71 88 105 122 140 18 0 18 35 52 70 87 104 122 139
63 90 129 147 159 143 139 131 19 51 24 118 25 9 55 94 39 94 24 74 39 78 94 125 159 139 116 111 20 79 28 122 38 19 111 128 68 106 75 62 133 129 128 129 132 137 144 153 163 175 119 115 114 115 118 124 132 142 153 165 106 101 99 101 105 112 121 131 143 156 93 87 85 87 92 99 109 121 134 148 80 73 71 73 79 88 99 112 126 140 67 60 57 60 67 77 90 104 118 134 55 46 43 46 55 67 81 97 112 129 45 34 29 34 45 60 75 91 108 125 38 23 15 23 38 54 71 88 105 122 35 18 0 18 35 52 70 87 104 122
75 79 116 133 147 136 128 117 30 47 39 113 9 25 56 81 32 81 38 62 55 75 84 111 146 132 104 95 33 71 44 116 22 33 104 115 60 95 70 53 138 132 129 127 128 131 137 144 153 163 125 119 115 113 114 118 124 132 141 152 112 105 101 99 100 105 111 120 131 143 100 92 87 85 87 91 99 109 121 134 88 79 73 71 73 79 88 99 112 125 77 67 60 57 59 66 77 89 103 118 68 55 46 43 46 55 67 81 97 112 60 45 34 29 33 45 59 75 91 108 54 38 23 15 23 38 54 71 88 105 52 35 18 0 18 35 52 70 87 104
89 70 104 120 137 131 118 105 45 50 56 111 12 42 63 69 33 70 54 54 71 76 77 99 134 127 93 81 49 68 60 112 11 49 100 104 56 86 70 48 145 138 132 128 127 127 131 136 143 152 133 125 118 114 113 114 117 123 131 141 121 112 105 100 99 100 104 111 120 130 110 100 92 87 85 86 91 99 109 120 99 88 79 73 71 73 78 87 99 111 90 77 67 59 57 59 66 77 89 103 82 67 55 46 43 46 55 67 81 96 75 60 45 33 29 33 45 59 75 91 71 54 38 23 15 23 38 54 71 88 70 52 35 18 0 18 35 52 70 87
104 65 95 109 127 128 111 95 61 58 73 111 29 59 73 60 43 62 71 51 88 81 73 89 123 124 84 68 65 69 77 111 19 66 99 94 57 80 74 49 154 145 137 131 127 126 127 130 135 143 143 133 124 118 114 112 113 117 123 131 132 121 112 105 100 98 99 104 110 119 122 110 99 91 86 84 86 91 98 108 112 99 88 79 73 70 72 78 87 98 104 90 77 66 59 56 59 66 76 89 97 82 67 55 46 42 46 55 67 81 91 75 60 45 33 28 33 45 59 75 88 71 54 38 23 14 23 38 54 71 87 70 52 35 18 0 18 35 52 70
120 65 88 100 120 127 105 87 78 70 90 114 46 76 85 55 56 58 88 54 105 89 73 81 114 123 79 58 82 74 94 113 35 83 100 86 63 78 81 56 164 154 144 137 131 127 125 126 130 135 154 142 132 124 117 113 112 113 116 122 144 131 121 111 104 99 98 99 103 110 134 121 109 99 91 86 84 85 90 98 126 112 99 88 78 72 70 72 78 87 119 104 90 77 66 59 56 59 66 76 113 97 81 67 55 46 42 46 54 67 108 91 75 59 45 33 28 33 45 59 105 88 71 54 38 23 14 23 38 54 104 87 70 52 35 18 0 18 35 52
136 69 83 92 115 129 103 81 95 83 107 120 63 93 99 56 71 59 105 62 122 100 77 76 107 125 77 52 99 82 112 117 52 100 105 82 73 79 91 66 176 164 153 144 136 130 126 125 126 129 166 153 142 132 123 117 113 111 112 116 156 143 131 120 111 104 99 97 99 103 148 134 121 109 99 91 85 83 85 90 140 126 112 99 87 78 72 70 72 77 134 118 104 89 77 66 59 56 58 65 129 112 97 81 67 55 46 42 45 54 125 108 91 75 59 45 33 28 33 45 122 105 88 71 54 38 23 14 23 38 122 104 87 70 52 35 18 0 18 35
153 77 83 88 112 133 103 80 112 98 124 128 80 110 114 61 87 65 122 73 139 112 84 75 103 130 78 51 116 93 129 123 69 117 112 81 85 84 103 79 188 175 163 153 143 135 130 126 124 125 179 165 153 141 131 123 116 112 110 112 170 156 143 131 120 110 103 99 97 98 162 148 134 121 109 98 90 85 83 85 156 140 126 112 99 87 78 72 69 71 150 134 118 103 89 76 66 58 55 58 145 129 112 97 81 67 54 45 42 45 142 125 108 91 75 59 45 33 28 33 140 122 105 88 71 54 38 23 14 23 139 122 104 87 70 52 35 18 0 18
169 87 86 87 112 139 106 82 129 113 141 137 97 128 130 71 103 75 139 86 156 126 95 77 101 136 84 55 134 106 146 131 86 134 121 84 99 92 116 94 201 187 175 163 152 143 135 129 125 124 192 178 165 152 141 131 122 116 112 110 184 170 156 143 130 119 110 103 98 96 177 162 148 134 120 108 98 90 85 83 171 155 140 125 111 98 87 77 71 69 166 150 134 118 103 89 76 65 58 55 162 145 129 112 96 81 67 54 45 42 159 142 125 108 91 75 59 45 33 28 157 140 122 105 88 71 54 38 23 14 156 139 122 104 87 70 52 35 18 0
