0.0 59.673009454651186 16.237770441137005 19.58106816516339 48.66335289939024 17.262169612139246 22.799644344442882 11.749136847184822 30.964957677818912 20.789830098273857 39.8481933021784 19.600664438167083 38.54766142279943 10.712378097304482 68.80690570865258 15.620487398513378 38.04381677064625 5.752133162353505 47.79006270079522 11.277709398362363 15.678339537600252 17.212303387878343 32.99889948269173 19.645041687143202 47.256939423141745 61.08501883549039 14.12487346620192 23.912531334749477 17.02778983917438 19.072525381260252 48.19472303092693 18.416085513755544 10.604277630822034 18.33288718134574 50.58823820034408 8.05003725163874 13.012596392451334 13.327440420714362 28.010017267997057 14.906148524094153 15.310596990248072 10.59011163718278 8.545301816527397 45.16269506246863 33.45469099715768 23.22842763055758 4.452182582073088 35.231205077701304
59.673009454651186 0.0 45.86781787237355 40.288923556980414 13.815131271298826 42.43242547565549 81.6737867115773 47.96686076164579 86.62767752875959 80.37610902129221 42.66549204119386 40.1218723115398 21.490669266994754 51.273928413399496 11.608068086044533 46.653510501511285 36.22510394787867 53.92617472221667 68.1548427808132 52.65290103960194 47.230692159037396 42.69384431657254 92.24021280252424 41.37588344837792 12.423882654259028 4.596276154213785 46.41219617581122 79.02638361559218 75.94387275611618 49.91446514593716 23.875297867182535 72.74092293252986 50.023523734565046 77.2781171885855 10.291921675275052 53.27246118190555 47.35168162093838 70.6999808649483 80.24637210255776 64.07503163253551 66.5926079041301 50.4213539105978 64.06333267540624 33.62401878111688 87.65380518446148 80.12275871749087 60.68984176009098 90.97299664803798
16.237770441137005 45.86781787237355 0.0 10.967393041162772 36.84639058231005 8.6721456394207 38.90632757053195 8.795776324814575 47.07874162375313 36.39885829117621 38.374474009217856 10.03401104382743 24.382072884197928 5.79968190523495 53.95975618181103 0.7857342292440669 33.884529421533955 11.598824915212973 39.49314649310131 6.791398498263468 1.560803124899018 5.72211964769165 46.75547478767994 4.571868062731463 33.765803200763365 46.606891666715754 11.79440380740267 39.825543979931616 33.18505701479407 7.732337633306735 39.72743148727334 26.943469960260956 12.38159257365211 34.46696890137531 36.10133783622118 14.387553349776805 11.363332579989166 29.448793652352176 43.36309098736601 18.568390851827356 20.934598613473565 13.165124933722907 18.357862571983205 40.00483048154766 49.374373761040616 39.41676763162169 15.588592128560808 51.38843988047116
19.58106816516339 40.288923556980414 10.967393041162772 0.0 29.10661566336902 2.691228369386255 41.41876765876976 7.855132717398902 47.24295976303775 40.12141200246203 27.513406946242853 1.1400481738163033 19.734603276736156 13.60392619529065 49.931162234886074 11.460294848469363 22.926375977666215 13.852222486210641 49.8894731356347 15.804142099124991 12.41259118801566 5.245276428009968 52.53536501983026 8.246783673002696 27.87063171332177 42.01367912259305 6.317570865764168 39.63019814297748 35.66897887461301 18.64191689540835 29.839491461146114 35.22610592212329 9.794039922694862 37.00409564323413 31.66603442801627 13.058247055513613 7.1292210820762865 30.572462931540667 41.84617139277016 27.882813024364737 29.857424483179557 10.272224594311725 25.38115577779574 29.1788391033817 48.79614654459128 40.260908330262616 21.367022392551796 51.63870809975046
48.66335289939024 13.815131271298826 36.84639058231005 29.10661566336902 0.0 31.570899279362084 69.7826221262533 36.96167222175506 73.8739310797196 68.95765324238941 29.09511425062248 29.215742755351943 14.40405849485483 41.61799141711021 25.35417847891219 37.609176711045855 22.48311554279296 42.953702904089496 66.23833508891633 43.378500972155265 38.35601255292341 32.57494552714508 81.64084840631514 32.29016479505304 7.169228301892283 17.534696658254042 34.77088910278934 66.33550435446382 64.16624445059358 42.42420577936896 11.502603692399942 63.58034768839662 38.42714031164345 65.48775155760195 12.183876552785051 41.58112147446643 35.81270315449788 58.64058509948418 67.16995486681941 55.412001630518255 57.73359732741371 38.70570591841418 54.16605287475483 20.664263857602716 74.6706230917012 67.71341899242555 50.3610083642507 78.16747927628909
17.262169612139246 42.43242547565549 8.6721456394207 2.691228369386255 31.570899279362084 0.0 39.44835559971625 5.534916976875203 45.74790279378878 37.94839794378989 29.706217569575955 2.357202655126263 21.525950397473558 10.917834268522968 51.81681741721104 9.079221509568503 25.39581174237926 11.510044478464772 47.991155357467015 13.135202546364715 10.030620854117464 3.1213838100671216 50.11698082496446 6.82925616356503 30.010366356961367 43.98048656059484 5.196598543569722 38.17001990721063 33.66968745845929 16.40399143818616 32.528764464760464 32.55733054500318 8.132835989221329 35.00454499241276 33.547200927928166 11.331851251597016 5.640912735030273 28.77382608375471 40.69394565139192 25.19396084423408 27.166944264382053 8.74341485291949 22.758409691506802 31.764876709860097 47.46661473536675 38.59186185462486 18.809745789054595 50.14372852565851
22.799644344442882 81.6737867115773 38.90632757053195 41.41876765876976 69.7826221262533 39.44835559971625 0.0 33.96632060356736 11.742318606525487 4.900052163102506 54.0376057293771 41.680965317996986 60.970773523149255 33.18479646329076 91.26503554211716 38.240699302288206 54.792277325169785 28.267906233920552 62.39672295095701 33.10007051462711 38.17004507356866 39.86599441805521 17.262985483681575 42.4445760361543 69.27138745230727 83.41040290129506 35.26403638564504 9.927038365787366 5.796520495910145 40.14967751705784 67.2074622478891 23.503608764046316 31.652015336192367 4.472511138768327 72.995367817161 28.401387377359345 34.32484526236052 11.20166365377462 15.411417780878518 28.804869786736212 26.876236279256002 31.256931907477085 22.97580237637758 61.90404242789487 15.44669751288195 6.16485279736584 23.736846345245944 14.836747240302337
11.749136847184822 47.96686076164579 8.795776324814575 7.855132717398902 36.96167222175506 5.534916976875203 33.96632060356736 0.0 40.61926079180454 32.41367146115819 31.957304342157133 7.856499180688117 27.01083381723507 7.642755710635629 57.308338675342426 8.72217044518106 28.636134681531974 6.004257655712414 47.65029450510727 10.017056300709076 9.470668956601251 6.2634431456120465 44.680400411883184 9.794748244887973 35.544349483736355 49.497148473072095 3.8082749429199767 33.1000705146257 28.179123401563032 15.720424619787151 37.20790490926586 27.856419450467488 3.656991848665616 29.512791733090708 39.0457714021642 6.317326967924385 2.92345082431862 23.417358724188045 35.97755906415953 21.21203361395476 22.88631472280678 4.438556185940734 17.805273904436753 35.422642534327885 42.51018788471572 33.31646491992246 13.633223269326617 45.00593814969696
30.964957677818912 86.62767752875959 47.07874162375313 47.24295976303775 73.8739310797196 45.74790279378878 11.742318606525487 40.61926079180454 0.0 16.63285640332874 53.87192645288472 47.749579036514234 66.9475662448465 41.675915848153856 96.92112339641422 46.50808416840616 56.10804078983595 35.64844751223607 73.83527302642875 42.09065973227726 46.62376273598726 46.849306608905295 25.924786248888363 49.98260236333844 74.43987793194839 88.87621582812378 40.92705401381202 7.626537301776343 15.454178333010914 49.64204833188209 69.53099778735731 35.15073010057365 37.617891843453066 14.592642264274403 78.74596752120888 34.43044765537264 40.19629065526287 17.645295541161957 8.274042216324085 39.76392451875632 38.06705386388281 37.0411605856161 33.34211367248029 62.85056220833925 3.7899972739977845 7.8560375107730165 33.093727981882374 4.396950972654434
20.789830098273857 80.37610902129221 36.39885829117621 40.12141200246203 68.95765324238941 37.94839794378989 4.900052163102506 32.41367146115819 16.63285640332874 0.0 55.20733605023997 40.25428230967524 59.33366784336013 30.604622929312356 89.59647004655562 35.69052430955267 55.34131137326025 26.4933969924077 57.7701999973737 30.216473735100724 35.51345724452198 37.99699016305337 14.612774212112294 40.23088351323758 67.95235390678535 81.86608107841975 34.19559003345014 14.191148562323448 5.765573322401687 36.84724830873587 67.1901558239887 18.766123652072558 30.53883876283387 4.885443881378021 71.37567231267143 27.379238811350607 33.176007228985924 11.726658034479584 19.879282078624474 24.641559730325852 22.54559137540286 30.253130009216544 19.38356382915797 62.524586074571964 20.346347324512017 10.596310951872159 20.874371150697055 19.558826725620087
39.8481933021784 42.66549204119386 38.374474009217856 27.513406946242853 29.09511425062248 29.706217569575955 54.0376057293771 31.957304342157133 53.87192645288472 55.20733605023997 0.0 28.559782009038862 33.33718289050463 39.54382682841574 54.27331656511916 38.77938885341163 7.070723737150131 35.875321945311924 77.27027262927987 41.92365075552126 39.728062021654274 32.69953858330602 69.68759120032746 35.60126054948205 34.10291126261277 46.61322211776187 28.155528056995877 47.24127331666433 49.511644785032985 46.10117292115897 19.413348812031785 58.21349443168442 30.39837595712435 50.622568577273896 39.869146270669916 31.971741544126427 29.150195577008052 43.48962534493266 45.91560000097965 52.87045928389405 54.1991077860428 30.037103490015323 48.08649206955485 10.094386816929031 53.438069128236066 49.86953459243025 43.63839250770634 57.6442748512657
19.600664438167083 40.1218723115398 10.03401104382743 1.1400481738163033 29.215742755351943 2.357202655126263 41.680965317996986 7.856499180688117 47.749579036514234 40.25428230967524 28.559782009038862 0.0 19.336360647082135 13.030598340178363 49.60040615234815 10.564648074061346 23.856367198364346 13.84977463970563 48.79947298900692 15.164767653161235 11.51219695998084 4.3371540164799 52.47319682224188 7.131082335236709 27.69807609222603 41.729962783179154 6.869825955865819 40.149616257199526 35.91239224540301 17.658722567885565 30.371227821519195 34.815087932004495 10.1724613479966 37.24777110504533 31.32770959619425 13.422581887339016 7.554689989547128 30.925723795443524 42.49183185418367 27.306054156075167 29.342521609318528 10.71270162885465 25.07415804811939 30.008118364328553 49.37421426675709 40.68401228134357 21.156934527860614 52.1465124929523
38.54766142279943 21.490669266994754 24.382072884197928 19.734603276736156 14.40405849485483 21.525950397473558 60.970773523149255 27.01083381723507 66.9475662448465 59.33366784336013 33.33718289050463 19.336360647082135 0.0 29.797449521995965 30.297526398076638 25.167802769652294 26.341288488630585 32.84664824742745 51.974990468426036 31.163921999224176 25.760141814676523 21.38553512184954 70.8309146246757 19.88555980259537 9.528382643061002 22.542402973782732 26.04748200702575 59.32651615122419 55.18759682841274 28.863674671831667 22.466428757227792 51.28729807657242 29.495855123362507 56.52179252648101 12.043264735619895 32.75367903092376 26.84919083234261 50.26202101018642 61.294295381268405 42.69512638192568 45.17761547429321 30.001942841520336 42.58657604912616 28.42153218655426 68.39766132952836 59.993611085236736 39.294941689954534 71.34056104819487
10.712378097304482 51.273928413399496 5.79968190523495 13.60392619529065 41.61799141711021 10.917834268522968 33.18479646329076 7.642755710635629 41.675915848153856 30.604622929312356 39.54382682841574 13.030598340178363 29.797449521995965 0.0 59.62695713424042 5.0862914274600355 35.92821225864502 7.065866926593745 40.58899670850879 2.3805764886292025 4.996237058810733 9.092596048743749 41.102105512813935 9.958403430841612 39.03824296165082 52.183860521561996 11.442847259333242 34.566560259534114 27.495674128675883 9.250729685983737 43.40112802160804 21.97574617232638 10.228545102304059 28.76357166137823 41.6575709764159 10.977401297394684 10.546975929891557 24.033891397126244 38.414950696603825 14.282037566589162 16.328996144072974 10.906936044470024 12.78974784981117 42.521168000849705 44.12002949497511 33.93704859326468 9.792765825413996 45.94285347505578
68.80690570865258 11.608068086044533 53.95975618181103 49.931162234886074 25.35417847891219 51.81681741721104 91.26503554211716 57.308338675342426 96.92112339641422 89.59647004655562 54.27331656511916 49.60040615234815 30.297526398076638 59.62695713424042 0.0 54.73327055440849 47.81347746490616 63.12773210800866 70.1849235784438 60.7068299944167 55.177489315346975 51.60314381885819 100.71260543443042 49.681755779889336 22.611653233762627 8.13321188033508 56.20632380189377 89.2961045692271 85.48390005206579 56.81831267879933 35.38304872326697 80.30366696846802 59.723335351738726 86.81830183781474 18.272711587451983 62.987103803421775 57.06033365628624 80.50302943903714 90.85056936656494 71.42126020724372 74.03389934597338 60.19632332860846 72.31692624950648 45.16375067834031 98.14988810128209 90.1494960515465 69.31547318357492 101.29761826991482
15.620487398513378 46.653510501511285 0.7857342292440669 11.460294848469363 37.609176711045855 9.079221509568503 38.240699302288206 8.72217044518106 46.50808416840616 35.69052430955267 38.77938885341163 10.564648074061346 25.167802769652294 5.0862914274600355 54.73327055440849 0.0 34.38658730324533 11.12773372741782 39.279672839801954 6.007086384341913 0.9535249498955197 6.229820235650535 45.984476041113865 5.348224254954609 34.55010777145745 47.388079040157855 11.892827243681387 39.285943786447795 32.53099263453915 7.394551963132399 40.40460121453045 26.160368757558498 12.244113449535522 33.80797402744127 36.88394715150166 14.099831171863343 11.391680801464076 28.869323229178253 42.88908556666137 17.803070048021798 20.159361093090418 13.02327420139394 17.583655712979965 40.56543222572305 48.838647659028894 38.825248953415645 14.860022986146435 50.807990576106974
38.04381677064625 36.22510394787867 33.884529421533955 22.926375977666215 22.48311554279296 25.39581174237926 54.792277325169785 28.636134681531974 56.10804078983595 55.34131137326025 7.070723737150131 23.856367198364346 26.341288488630585 35.92821225864502 47.81347746490616 34.38658730324533 0.0 33.37782441106234 71.92698299332194 38.26973129575412 35.33896562509022 28.166169351320626 69.50397894916432 30.59342455487896 27.136593840701646 40.00873679084898 24.976800807895412 49.039607432985704 49.817880681492134 41.49922336990803 14.035661362123765 56.022999999870535 27.826139799432845 51.02174448700848 32.89365766183797 29.994312410546375 26.07315253229179 43.81061766247773 48.51495856915522 49.847567067530804 51.45297875271127 27.632611103018224 45.820361472811726 7.205246039597804 56.131209603913106 51.26503727474285 41.393806792573905 60.11874655194434
5.752133162353505 53.92617472221667 11.598824915212973 13.852222486210641 42.953702904089496 11.510044478464772 28.267906233920552 6.004257655712414 35.64844751223607 26.4933969924077 35.875321945311924 13.84977463970563 32.84664824742745 7.065866926593745 63.12773210800866 11.12773372741782 33.37782441106234 0.0 47.152550017985334 8.715242438868586 11.448980396846162 11.598824915212996 38.68772986332786 14.372076708140062 41.508266454522825 55.37356229935583 8.710912015473802 28.2986601149375 22.471708090429434 16.30238302044366 42.84143520697844 22.64783866296488 5.556025212419196 23.797032596792587 44.88988085675255 4.4563797409239365 7.5729851644888555 18.117566422928473 31.766169264401434 17.123847708833306 18.32500568561017 5.840734018768391 12.448160712467393 40.378142668473416 37.83119790568254 28.10782300895065 8.052187325502606 39.99505424268249
47.79006270079522 68.1548427808132 39.49314649310131 49.8894731356347 66.23833508891633 47.991155357467015 62.39672295095701 47.65029450510727 73.83527302642875 57.7701999973737 77.27027262927987 48.79947298900692 51.974990468426036 40.58899670850879 70.1849235784438 39.279672839801954 71.92698299332194 47.152550017985334 0.0 38.52931006681439 38.3982490857287 44.88213493795979 58.35285964216233 41.693733329114075 60.03101386805378 66.1601950063902 51.12017496991761 68.65770072536044 58.52807554142296 31.96354807551531 73.72778829494824 39.05342745404271 50.7446392065603 59.269959860657885 58.43178390207158 51.44558069612586 50.50379427136355 58.59854584634708 73.90081211421233 34.50564279987402 35.8574038435569 51.456130088133115 41.5639996132142 76.99848428623113 77.25927281801495 66.35624077798434 43.7354756433464 77.23273061488622
11.277709398362363 52.65290103960194 6.791398498263468 15.804142099124991 43.378500972155265 13.135202546364715 33.10007051462711 10.017056300709076 42.09065973227726 30.216473735100724 41.92365075552126 15.164767653161235 31.163921999224176 2.3805764886292025 60.7068299944167 6.007086384341913 38.26973129575412 8.715242438868586 38.52931006681439 0.0 5.5350910506360576 11.063722093905874 40.03711537917621 11.294817814394813 40.518116873057586 53.39029400334584 13.820280678979103 35.162461013299286 27.516123314091754 7.856813178938505 45.51613219657134 20.237313433560455 12.472984774555849 28.74401666736039 42.88951157712196 12.918474312745234 12.913471511953437 24.520932115545882 39.267298135603085 12.187414704585038 14.377324691106246 13.121316574693118 11.632877159089784 44.82494538790612 44.687608553820986 34.28274507219155 9.380004884327798 46.29478220850754
15.678339537600252 47.230692159037396 1.560803124899018 12.41259118801566 38.35601255292341 10.030620854117464 38.17004507356866 9.470668956601251 46.62376273598726 35.51345724452198 39.728062021654274 11.51219695998084 25.760141814676523 4.996237058810733 55.177489315346975 0.9535249498955197 35.33896562509022 11.448980396846162 38.3982490857287 5.5350910506360576 0.0 7.179258328433403 45.572069209967964 6.0658649215091796 35.18042686556463 47.889761662825194 12.740455343251183 39.45731755472886 32.48941269335992 6.4764180233145 41.287559826474876 25.530485471618828 12.928737190681078 33.75463846814184 37.40234986948928 14.635981583898777 12.19964664643045 28.97848484306457 43.16072368819206 17.07539885401721 19.473711837222922 13.701954702986068 17.1668088396494 41.508633352135625 49.01288091905547 38.90626436022288 14.645158187667647 50.90496611012329
17.212303387878343 42.69384431657254 5.72211964769165 5.245276428009968 32.57494552714508 3.1213838100671216 39.86599441805521 6.2634431456120465 46.849306608905295 37.99699016305337 32.69953858330602 4.3371540164799 21.38553512184954 9.092596048743749 51.60314381885819 6.229820235650535 28.166169351320626 11.598824915212996 44.88213493795979 11.063722093905874 7.179258328433403 0.0 49.556266391246204 3.9294071992373674 30.336930766995366 43.9259341409273 7.575633806283677 39.348225357584596 34.0695768385676 13.412159117283114 34.485404465305486 31.060556238549314 9.665837142560648 35.3955610916663 33.40995304614715 12.571967895244974 7.636446631533754 29.540565638848562 42.22851389035847 23.250958592304567 25.39325647097382 10.392929519881157 21.61952166912643 34.344646157928175 48.77085071027944 39.48519091882218 18.014645464756516 51.231127837743756
32.99889948269173 92.24021280252424 46.75547478767994 52.53536501983026 81.64084840631514 50.11698082496446 17.262985483681575 44.680400411883184 25.924786248888363 14.612774212112294 69.68759120032746 52.47319682224188 70.8309146246757 41.102105512813935 100.71260543443042 45.984476041113865 69.50397894916432 38.68772986332786 58.35285964216233 40.03711537917621 45.572069209967964 49.556266391246204 0.0 51.060090068461825 79.89280956042518 93.28039928679422 47.06761891287724 26.995655944745952 20.37831448204244 45.09173322999268 80.83579486314817 22.041873200932347 43.46237630508847 19.435284491968627 82.75051577422735 40.514598229585374 45.974846229885195 26.295026709069113 32.05608776360344 30.7011883555996 28.059860508788333 43.315542612636506 28.406706636725914 76.70718464331118 29.538918313462037 23.241872704902455 31.550379917524754 26.653178100968038
19.645041687143202 41.37588344837792 4.571868062731463 8.246783673002696 32.29016479505304 6.82925616356503 42.4445760361543 9.794748244887973 49.98260236333844 40.23088351323758 35.60126054948205 7.131082335236709 19.88555980259537 9.958403430841612 49.681755779889336 5.348224254954609 30.59342455487896 14.372076708140062 41.693733329114075 11.294817814394813 6.0658649215091796 3.9294071992373674 51.060090068461825 0.0 29.223791334768837 42.22631129238761 11.501604337667478 42.56333246232483 36.66825504749411 11.132693618990817 35.50263306140336 31.500657944896354 13.368404316849036 37.97676620125458 31.701664598601678 16.071356573510872 11.513418765220907 32.489441103196626 45.683403273285606 23.134460416676873 25.506379393498293 14.12331220244582 22.725117826096824 36.36885953713481 52.05211294272098 42.478616391614885 19.647967417615433 54.34233750126659
47.256939423141745 12.423882654259028 33.765803200763365 27.87063171332177 7.169228301892283 30.010366356961367 69.27138745230727 35.544349483736355 74.43987793194839 67.95235390678535 34.10291126261277 27.69807609222603 9.528382643061002 39.03824296165082 22.611653233762627 34.55010777145745 27.136593840701646 41.508266454522825 60.03101386805378 40.518116873057586 35.18042686556463 30.336930766995366 79.89280956042518 29.223791334768837 0.0 14.492506604536226 34.01975764346154 66.8230069005483 63.53374190738091 38.388285877153564 18.265953273155638 60.70637810243722 37.61943546427635 64.8684119535367 5.7683020172273185 40.87312517249469 34.94654245610375 58.32889665058155 68.2565093175392 52.175987399575824 54.636419338521165 38.02957034852901 51.812697979327616 26.708071430705985 75.58652830232396 67.81894171589418 48.34964988140025 78.80327438703524
61.08501883549039 4.596276154213785 46.606891666715754 42.01367912259305 17.534696658254042 43.98048656059484 83.41040290129506 49.497148473072095 88.87621582812378 81.86608107841975 46.61322211776187 41.729962783179154 22.542402973782732 52.183860521561996 8.13321188033508 47.388079040157855 40.00873679084898 55.37356229935583 66.1601950063902 53.39029400334584 47.889761662825194 43.9259341409273 93.28039928679422 42.22631129238761 14.492506604536226 0.0 48.25780453755097 81.25395816689064 77.641797971494 50.00839750905076 28.14777291987871 73.24498129811455 51.80624340418699 78.9771165194357 10.532495055079497 55.07002738172521 49.13683325483922 72.57667901291741 82.74683447555496 64.44550747317061 67.01961873789347 52.25859736659535 64.94161694681195 37.82254275369197 90.06497486582086 82.16673346451827 61.7841386305806 93.24712876467035
14.12487346620192 46.41219617581122 11.79440380740267 6.317570865764168 34.77088910278934 5.196598543569722 35.26403638564504 3.8082749429199767 40.92705401381202 34.19559003345014 28.155528056995877 6.869825955865819 26.04748200702575 11.442847259333242 56.20632380189377 11.892827243681387 24.976800807895412 8.710912015473802 51.12017496991761 13.820280678979103 12.740455343251183 7.575633806283677 47.06761891287724 11.501604337667478 34.01975764346154 48.25780453755097 0.0 33.316464919922446 29.55073002927391 19.15789142371087 34.14131675714973 31.219353624970747 3.656991848665662 30.882977972227472 37.95187680708287 6.866423411358519 1.1385596739772008 24.322987259220337 35.6265457167228 24.901773688691303 26.47736313699732 4.00983038550447 21.06140990565219 31.854279366068976 42.51018788471572 33.9573750359767 16.73049397806439 45.32311657656054
23.912531334749477 79.02638361559218 39.825543979931616 39.63019814297748 66.33550435446382 38.17001990721063 9.927038365787366 33.1000705146257 7.626537301776343 14.191148562323448 47.24127331666433 40.149616257199526 59.32651615122419 34.566560259534114 89.2961045692271 39.285943786447795 49.039607432985704 28.2986601149375 68.65770072536044 35.162461013299286 39.45731755472886 39.348225357584596 26.995655944745952 42.56333246232483 66.8230069005483 81.25395816689064 33.316464919922446 0.0 10.546563913655971 42.862011347842035 62.26815819066605 30.93105497328168 30.037240813158892 10.266893125257567 71.11945517270885 26.87146495117682 32.599750367945234 10.683218592000522 5.757529844289413 34.20081872169711 32.829812005306664 29.44827170962703 27.371154473838203 55.90948828518086 9.555616120584036 3.773913975758908 26.48918904048027 12.014674991015339
17.02778983917438 75.94387275611618 33.18505701479407 35.66897887461301 64.16624445059358 33.66968745845929 5.796520495910145 28.179123401563032 15.454178333010914 5.765573322401687 49.511644785032985 35.91239224540301 55.18759682841274 27.495674128675883 85.48390005206579 32.53099263453915 49.817880681492134 22.471708090429434 58.52807554142296 27.516123314091754 32.48941269335992 34.0695768385676 20.37831448204244 36.66825504749411 63.53374190738091 77.641797971494 29.55073002927391 10.546563913655971 0.0 34.743882062709645 61.91793564957851 20.39756081642882 25.92291278070566 1.3354312019250223 67.21636258614937 22.684308029025026 28.59327493369918 6.0328057870783685 16.241749101333866 24.315880399071343 22.68611682985652 25.550705156243755 17.95133327212305 56.981872815750975 18.745356346835027 7.829163187838348 18.210216329791088 19.276175448947086
19.072525381260252 49.91446514593716 7.732337633306735 18.64191689540835 42.42420577936896 16.40399143818616 40.14967751705784 15.720424619787151 49.64204833188209 36.84724830873587 46.10117292115897 17.658722567885565 28.863674671831667 9.250729685983737 56.81831267879933 7.394551963132399 41.49922336990803 16.30238302044366 31.96354807551531 7.856813178938505 6.4764180233145 13.412159117283114 45.09173322999268 11.132693618990817 38.388285877153564 50.00839750905076 19.15789142371087 42.862011347842035 34.743882062709645 0.0 46.51914644808985 23.672224804649762 18.9681426677371 35.91328924997693 39.75947168936329 20.164868834760068 18.54805579100013 32.1867604174405 47.08244675824631 14.712043634388136 17.37167099786974 19.71288647688906 17.512710417190657 47.4529934379399 52.35128405037656 41.79883678751263 16.57604239161455 53.779951444346885
48.19472303092693 23.875297867182535 39.72743148727334 29.839491461146114 11.502603692399942 32.528764464760464 67.2074622478891 37.20790490926586 69.53099778735731 67.1901558239887 19.413348812031785 30.371227821519195 22.466428757227792 43.40112802160804 35.38304872326697 40.40460121453045 14.035661362123765 42.84143520697844 73.72778829494824 45.51613219657134 41.287559826474876 34.485404465305486 80.83579486314817 35.50263306140336 18.265953273155638 28.14777291987871 34.14131675714973 62.26815819066605 61.91793564957851 46.51914644808985 0.0 65.00801317972198 37.59054257068593 63.18479881207426 23.64139716941846 40.36996482593198 35.27572211528323 56.0380449683268 62.16036221544049 57.67647270432957 59.69467959280853 37.638120882554624 55.013007253771555 9.797443048448828 69.777908565401 64.21105662228558 50.796622871313104 73.64397441187988
18.416085513755544 72.74092293252986 26.943469960260956 35.22610592212329 63.58034768839662 32.55733054500318 23.503608764046316 27.856419450467488 35.15073010057365 18.766123652072558 58.21349443168442 34.815087932004495 51.28729807657242 21.97574617232638 80.30366696846802 26.160368757558498 56.022999999870535 22.64783866296488 39.05342745404271 20.237313433560455 25.530485471618828 31.060556238549314 22.041873200932347 31.500657944896354 60.70637810243722 73.24498129811455 31.219353624970747 30.93105497328168 20.39756081642882 23.672224804649762 65.00801317972198 0.0 28.196879085542644 20.874337930069892 62.81972680966403 26.253508757068946 30.089460877488495 22.417871134462953 36.56767766135746 8.963418913256122 6.3009872085453305 28.4096863267239 10.202935086615552 63.02084352731969 38.73416439396507 28.080075903494283 14.641549305512186 38.31035248446455
10.604277630822034 50.023523734565046 12.38159257365211 9.794039922694862 38.42714031164345 8.132835989221329 31.652015336192367 3.656991848665616 37.617891843453066 30.53883876283387 30.39837595712435 10.1724613479966 29.495855123362507 10.228545102304059 59.723335351738726 12.244113449535522 27.826139799432845 5.556025212419196 50.7446392065603 12.472984774555849 12.928737190681078 9.665837142560648 43.46237630508847 13.368404316849036 37.61943546427635 51.80624340418699 3.656991848665662 30.037240813158892 25.92291278070566 18.9681426677371 37.59054257068593 28.196879085542644 0.0 27.25649645546529 41.45559885224057 3.2642083389043863 2.6732202854029143 20.77972200993212 32.64425712854916 22.486148799301105 23.819822534864603 0.7849983491510312 17.994419317271298 34.84406121134906 39.345366838141246 30.511566787472688 13.575190391228018 42.01416773298279
18.33288718134574 77.2781171885855 34.46696890137531 37.00409564323413 65.48775155760195 35.00454499241276 4.472511138768327 29.512791733090708 14.592642264274403 4.885443881378021 50.622568577273896 37.24777110504533 56.52179252648101 28.76357166137823 86.81830183781474 33.80797402744127 51.02174448700848 23.797032596792587 59.269959860657885 28.74401666736039 33.75463846814184 35.3955610916663 19.435284491968627 37.97676620125458 64.8684119535367 78.9771165194357 30.882977972227472 10.266893125257567 1.3354312019250223 35.91328924997693 63.18479881207426 20.874337930069892 27.25649645546529 0.0 68.55104429264699 24.016581904793103 29.927149278730234 7.2111523434995215 16.018329083469524 25.195578300807167 23.475017518750064 26.881995420361896 18.981964953301304 58.17692261819837 17.997498030805552 7.206006277031382 19.412492148461354 18.284232423363644
50.58823820034408 10.291921675275052 36.10133783622118 31.66603442801627 12.183876552785051 33.547200927928166 72.995367817161 39.0457714021642 78.74596752120888 71.37567231267143 39.869146270669916 31.32770959619425 12.043264735619895 41.6575709764159 18.272711587451983 36.88394715150166 32.89365766183797 44.88988085675255 58.43178390207158 42.88951157712196 37.40234986948928 33.40995304614715 82.75051577422735 31.701664598601678 5.7683020172273185 10.532495055079497 37.95187680708287 71.11945517270885 67.21636258614937 39.75947168936329 23.64139716941846 62.81972680966403 41.45559885224057 68.55104429264699 0.0 44.71882889781838 38.79500664827683 62.23501335917049 72.84481223562412 54.067709005517564 56.62007748678303 41.93532971015053 54.422534408509485 32.382409292002805 80.06614802633082 71.90603504306102 51.2517151738123 83.13055452060587
8.05003725163874 53.27246118190555 14.387553349776805 13.058247055513613 41.58112147446643 11.331851251597016 28.401387377359345 6.317326967924385 34.43044765537264 27.379238811350607 31.971741544126427 13.422581887339016 32.75367903092376 10.977401297394684 62.987103803421775 14.099831171863343 29.994312410546375 4.4563797409239365 51.44558069612586 12.918474312745234 14.635981583898777 12.571967895244974 40.514598229585374 16.071356573510872 40.87312517249469 55.07002738172521 6.866423411358519 26.87146495117682 22.684308029025026 20.164868834760068 40.36996482593198 26.253508757068946 3.2642083389043863 24.016581904793103 44.71882889781838 0.0 5.933968161002041 17.516195316684577 29.660388397481952 21.396031527071123 22.408293989581523 2.876548305221453 16.116077511069427 37.11401035558744 36.2350626755342 27.26897849212785 11.671973564040142 38.8245727543676
13.012596392451334 47.35168162093838 11.363332579989166 7.1292210820762865 35.81270315449788 5.640912735030273 34.32484526236052 2.92345082431862 40.19629065526287 33.176007228985924 29.150195577008052 7.554689989547128 26.84919083234261 10.546975929891557 57.06033365628624 11.391680801464076 26.07315253229179 7.5729851644888555 50.50379427136355 12.913471511953437 12.19964664643045 7.636446631533754 45.974846229885195 11.513418765220907 34.94654245610375 49.13683325483922 1.1385596739772008 32.599750367945234 28.59327493369918 18.54805579100013 35.27572211528323 30.089460877488495 2.6732202854029143 29.927149278730234 38.79500664827683 5.933968161002041 0.0 23.443901982288946 35.05376107980597 23.835336239878867 25.380499481827883 3.1586817895199104 19.92708068682062 32.970251269026996 41.85418807256763 33.14616144323549 15.592443928613392 44.5932413539761
13.327440420714362 70.6999808649483 29.448793652352176 30.572462931540667 58.64058509948418 28.77382608375471 11.20166365377462 23.417358724188045 17.645295541161957 11.726658034479584 43.48962534493266 30.925723795443524 50.26202101018642 24.033891397126244 80.50302943903714 28.869323229178253 43.81061766247773 18.117566422928473 58.59854584634708 24.520932115545882 28.97848484306457 29.540565638848562 26.295026709069113 32.489441103196626 58.32889665058155 72.57667901291741 24.322987259220337 10.683218592000522 6.0328057870783685 32.1867604174405 56.0380449683268 22.417871134462953 20.77972200993212 7.2111523434995215 62.23501335917049 17.516195316684577 23.443901982288946 0.0 15.379099812043403 24.108399308113846 23.070627112512426 20.31853331091216 17.05296388222289 50.966476420610284 20.171180576039756 9.992474117622882 15.822778930205539 21.939789860192423
28.010017267997057 80.24637210255776 43.36309098736601 41.84617139277016 67.16995486681941 40.69394565139192 15.411417780878518 35.97755906415953 8.274042216324085 19.879282078624474 45.91560000097965 42.49183185418367 61.294295381268405 38.414950696603825 90.85056936656494 42.88908556666137 48.51495856915522 31.766169264401434 73.90081211421233 39.267298135603085 43.16072368819206 42.22851389035847 32.05608776360344 45.683403273285606 68.2565093175392 82.74683447555496 35.6265457167228 5.757529844289413 16.241749101333866 47.08244675824631 62.16036221544049 36.56767766135746 32.64425712854916 16.018329083469524 72.84481223562412 29.660388397481952 35.05376107980597 15.379099812043403 0.0 39.3957165469158 38.17464951066803 31.977452272616237 32.41040028054082 55.10489930369127 7.619923285541098 9.301691284098165 31.06411823435129 11.731637177341597
14.906148524094153 64.07503163253551 18.568390851827356 27.882813024364737 55.412001630518255 25.19396084423408 28.804869786736212 21.21203361395476 39.76392451875632 24.641559730325852 52.87045928389405 27.306054156075167 42.69512638192568 14.282037566589162 71.42126020724372 17.803070048021798 49.847567067530804 17.123847708833306 34.50564279987402 12.187414704585038 17.07539885401721 23.250958592304567 30.7011883555996 23.134460416676873 52.175987399575824 64.44550747317061 24.901773688691303 34.20081872169711 24.315880399071343 14.712043634388136 57.67647270432957 8.963418913256122 22.486148799301105 25.195578300807167 54.067709005517564 21.396031527071123 23.835336239878867 24.108399308113846 39.3957165469158 0.0 2.6727595019528 22.897258765904645 7.18365438457199 56.60570921483881 43.031909079162034 32.09022587166704 10.454417628903839 43.45092937310047
15.310596990248072 66.5926079041301 20.934598613473565 29.857424483179557 57.73359732741371 27.166944264382053 26.876236279256002 22.88631472280678 38.06705386388281 22.54559137540286 54.1991077860428 29.342521609318528 45.17761547429321 16.328996144072974 74.03389934597338 20.159361093090418 51.45297875271127 18.32500568561017 35.8574038435569 14.377324691106246 19.473711837222922 25.39325647097382 28.059860508788333 25.506379393498293 54.636419338521165 67.01961873789347 26.47736313699732 32.829812005306664 22.68611682985652 17.37167099786974 59.69467959280853 6.3009872085453305 23.819822534864603 23.475017518750064 56.62007748678303 22.408293989581523 25.380499481827883 23.070627112512426 38.17464951066803 2.6727595019528 0.0 24.162010422875163 6.907015561582754 58.30330812386258 41.430195138434634 30.509154000834396 10.941490192519979 41.63107974315143
10.59011163718278 50.4213539105978 13.165124933722907 10.272224594311725 38.70570591841418 8.74341485291949 31.256931907477085 4.438556185940734 37.0411605856161 30.253130009216544 30.037103490015323 10.71270162885465 30.001942841520336 10.906936044470024 60.19632332860846 13.02327420139394 27.632611103018224 5.840734018768391 51.456130088133115 13.121316574693118 13.701954702986068 10.392929519881157 43.315542612636506 14.12331220244582 38.02957034852901 52.25859736659535 4.00983038550447 29.44827170962703 25.550705156243755 19.71288647688906 37.638120882554624 28.4096863267239 0.7849983491510312 26.881995420361896 41.93532971015053 2.876548305221453 3.1586817895199104 20.31853331091216 31.977452272616237 22.897258765904645 24.162010422875163 0.0 18.209620564028242 34.688632919944325 38.723726462654824 29.99174982895549 13.7694805967876 41.43807601671111
8.545301816527397 64.06333267540624 18.357862571983205 25.38115577779574 54.16605287475483 22.758409691506802 22.97580237637758 17.805273904436753 33.34211367248029 19.38356382915797 48.08649206955485 25.07415804811939 42.58657604912616 12.78974784981117 72.31692624950648 17.583655712979965 45.820361472811726 12.448160712467393 41.5639996132142 11.632877159089784 17.1668088396494 21.61952166912643 28.406706636725914 22.725117826096824 51.812697979327616 64.94161694681195 21.06140990565219 27.371154473838203 17.95133327212305 17.512710417190657 55.013007253771555 10.202935086615552 17.994419317271298 18.981964953301304 54.422534408509485 16.116077511069427 19.92708068682062 17.05296388222289 32.41040028054082 7.18365438457199 6.907015561582754 18.209620564028242 0.0 52.825700319003246 36.445791243629095 25.542755516688903 4.452182582073256 37.22748086608965
45.16269506246863 33.62401878111688 40.00483048154766 29.1788391033817 20.664263857602716 31.764876709860097 61.90404242789487 35.422642534327885 62.85056220833925 62.524586074571964 10.094386816929031 30.008118364328553 28.42153218655426 42.521168000849705 45.16375067834031 40.56543222572305 7.205246039597804 40.378142668473416 76.99848428623113 44.82494538790612 41.508633352135625 34.344646157928175 76.70718464331118 36.36885953713481 26.708071430705985 37.82254275369197 31.854279366068976 55.90948828518086 56.981872815750975 47.4529934379399 9.797443048448828 63.02084352731969 34.84406121134906 58.17692261819837 32.382409292002805 37.11401035558744 32.970251269026996 50.966476420610284 55.10489930369127 56.60570921483881 58.30330812386258 34.688632919944325 52.825700319003246 0.0 62.697872357837475 58.246125810647506 48.41856956393628 66.77988582430403
33.45469099715768 87.65380518446148 49.374373761040616 48.79614654459128 74.6706230917012 47.46661473536675 15.44669751288195 42.51018788471572 3.7899972739977845 20.346347324512017 53.438069128236066 49.37421426675709 68.39766132952836 44.12002949497511 98.14988810128209 48.838647659028894 56.131209603913106 37.83119790568254 77.25927281801495 44.687608553820986 49.01288091905547 48.77085071027944 29.538918313462037 52.05211294272098 75.58652830232396 90.06497486582086 42.51018788471572 9.555616120584036 18.745356346835027 52.35128405037656 69.777908565401 38.73416439396507 39.345366838141246 17.997498030805552 80.06614802633082 36.2350626755342 41.85418807256763 20.171180576039756 7.619923285541098 43.031909079162034 41.430195138434634 38.723726462654824 36.445791243629095 62.697872357837475 0.0 10.941714591410118 35.894319283879966 4.516612869489436
23.22842763055758 80.12275871749087 39.41676763162169 40.260908330262616 67.71341899242555 38.59186185462486 6.16485279736584 33.31646491992246 7.8560375107730165 10.596310951872159 49.86953459243025 40.68401228134357 59.993611085236736 33.93704859326468 90.1494960515465 38.825248953415645 51.26503727474285 28.10782300895065 66.35624077798434 34.28274507219155 38.90626436022288 39.48519091882218 23.241872704902455 42.478616391614885 67.81894171589418 82.16673346451827 33.9573750359767 3.773913975758908 7.829163187838348 41.79883678751263 64.21105662228558 28.080075903494283 30.511566787472688 7.206006277031382 71.90603504306102 27.26897849212785 33.14616144323549 9.992474117622882 9.301691284098165 32.09022587166704 30.509154000834396 29.99174982895549 25.542755516688903 58.246125810647506 10.941714591410118 0.0 25.24196008412858 12.014674991015312
