0.0 41.21067218655175 51.48065465928638 62.44735403789364 39.53145441994461 54.7706080520577 29.933172025313645 15.131761892624816 49.475276572422096 19.947829094237456 68.14098306856141 30.34225058723028 14.87561787790488 10.894908255380122 6.431646972151006 15.085803524529187 65.77316722249076 14.303513512589069 21.10344273138364 73.32961170270522 77.00680596942398 31.112288182698922 12.70522029297546 9.572940231422121 31.4144186748479 56.433599060085626 6.544800240411442 39.25546721554158 9.432585010943708 44.382292599011386 22.938950494393627 17.299266542628434 25.295220167407603 43.780156488854324 16.594125360752773 64.091803579734 35.18519298567648 55.86975539416858 49.47304499045195 59.91108723643222 43.561890554870246 48.440372383661625 45.24422643166583 69.2968277919775 57.63422259591572 10.802510390463913 68.30739149044925 39.16650909956181
41.21067218655175 0.0 31.696378304058666 36.926967501107505 24.671970099143394 41.854696768626816 33.23158371046413 47.22741071244594 43.57173831136158 46.56529453836737 59.7808232296253 71.53927945506074 37.768858763667986 51.99503545530739 46.072780640444385 56.1804267455453 32.935827378958116 47.9279810625561 20.222930473879966 50.023228582804876 50.85740886543313 12.666784172398415 53.85122002637616 50.1954788525905 63.39651885739337 18.05600687854002 42.6823684287154 41.0129432494189 37.50081660175746 31.345111214909267 18.307783536824783 58.49782438522082 64.0386251988063 46.278324212378 44.11482522684193 42.08605595225068 59.55042861023756 28.509497947479307 9.579239701222658 58.38240150425212 27.430347296529543 8.243349765906073 41.5555714070953 65.15750648507975 58.06841740150127 31.08212771356391 90.91201672290735 31.787999370779353
51.48065465928638 31.696378304058666 0.0 11.456222395771068 12.108478920881874 10.928848162742886 23.81794654682691 64.09333237516296 16.398518746465182 66.19840616266175 28.47335115387554 78.14713250540917 39.0240653534981 59.426111796039606 57.88359992582327 65.01733822745807 19.897858686891812 48.87253466464492 35.91555297778921 22.059511700056913 25.5343637579024 27.06651523487842 61.17997413930349 60.754703996127 56.95482194901921 25.143286073269035 48.603701118513115 21.84707310122908 42.93051135088284 8.137323843321731 35.526645183967844 65.59678271438794 76.69135944575397 24.156572719189054 42.976243890434915 12.803518765415477 48.04740446974817 9.055917082996771 27.758003105490268 29.63359875873083 7.924474382924302 36.789698756349004 17.290493432129175 34.600178879279255 30.38909613434335 46.23492887511405 71.50009473746172 14.002409777134146
62.44735403789364 36.926967501107505 11.456222395771068 0.0 22.928088601582253 16.738492231853055 35.274106220686726 74.48964736558307 24.788288908010536 76.17365625724932 29.709428774147057 89.5580182331027 50.39062838190013 70.71084315916669 68.8057119272252 76.26160632452587 11.992704873874233 60.32029429446728 45.527929866219715 13.104101032548074 14.9374385596521 35.70328647383987 72.48416277226379 71.83034582134582 68.10111462679161 24.51022487082685 59.8627738147971 32.49931939483206 54.12852963176463 19.542328893632664 44.82982034277882 76.94089013528318 87.7271464723182 33.79514093168119 54.430674681481534 6.346932700664767 58.785192241695384 8.433679785764799 30.276352616671403 34.823321374781905 19.079835340937425 39.91247462237939 27.004788425267215 37.01618961054762 36.45366288196487 56.474372399895316 79.81181528361027 25.42528065870263
39.53145441994461 24.671970099143394 12.108478920881874 22.928088601582253 0.0 18.876660826261553 14.1313389561481 51.98494802306083 18.968055150893534 54.14862479972363 36.358970712841085 67.00557794629755 27.81280533814776 47.8937617319244 45.90610903408541 53.396330856730756 28.058170167722675 38.15907402216043 24.136438305989063 34.16590612990138 37.51984899273748 16.450302446072232 49.6913532216014 48.902353500818045 48.52680185169313 25.882014408948102 37.03202165330945 17.53926578333833 31.251222309315015 7.1859280783427195 23.963594888376424 54.21134429104806 64.80210310337061 22.22109963349554 32.47653382211294 24.903663305048408 41.200091518437404 17.058980817666633 24.515649170686054 33.77241566807555 4.3136167420582705 31.634882970461767 16.93061298208443 40.992621161607275 33.39645865550569 34.148409166215124 68.99556062534685 7.551135498734912
54.7706080520577 41.854696768626816 10.928848162742886 16.738492231853055 18.876660826261553 0.0 24.966703713786696 68.62883373423973 8.479811516137476 71.51377394390965 17.926726347659034 78.66082236288179 40.78038461296824 61.18133406664811 61.17554956830815 66.89958125101822 28.146315540510155 49.27018242308184 42.57052079101494 20.764794732382125 25.967309182325977 35.29753716117328 62.78600670788927 63.45669266641033 53.9368522242702 35.9644405389701 50.74957816574957 18.28271329186771 45.56225640504581 11.794190644193206 42.615253408896194 66.86279744115133 79.30753976678567 17.936833993096887 43.29372042241216 13.207300395173505 43.72704802911312 18.990210954405384 38.60840851911478 19.00099909208376 14.951872180367653 47.46241810785695 11.774887527925062 23.705377912894004 20.144352625151974 51.482908060188805 63.073405515588846 15.76169381216309
29.933172025313645 33.23158371046413 23.81794654682691 35.274106220686726 14.1313389561481 24.966703713786696 0.0 44.2528254620956 19.699754786963176 47.712132110983276 38.67716082392757 54.49773873758621 15.846314012871442 36.33991647471606 36.29795018896872 42.03931059415524 41.9793700757034 25.105262856923513 22.509814899053328 44.491378370802465 48.80972528429857 21.202378511761918 37.99852399956022 38.49096683416917 34.39877046286463 39.27232113035154 25.795667441443232 10.583243272178978 20.627891344281675 15.805823461631308 23.505969919623045 42.22904176306817 54.34683053941826 16.10795217729514 19.17358908044841 35.495549670799676 27.57196211757217 30.758029689598704 36.22333348561464 31.896950348328463 16.649217443458397 41.26320753391814 15.567353945462605 40.87746590559055 30.25740466839071 28.208717857376502 57.68650361356572 9.980103490978507
15.131761892624816 47.22741071244594 64.09333237516296 74.48964736558307 51.98494802306083 68.62883373423973 44.2528254620956 0.0 63.947051119652016 5.952100251784321 82.82363812843286 29.856528973693035 29.901094173427808 17.877171010497946 10.277300473366598 16.8150527186426 76.10134207935134 28.179901079692026 29.571802212399245 86.14971308050318 89.34294701033885 40.1809646118924 18.453071113900837 12.187296805531142 43.44166742454877 64.43826902805722 21.320854257109538 54.028410446184424 24.358183435115983 57.64608734310676 30.80477521567525 20.585138017403157 17.7481618215661 58.73977786964072 31.525107979274683 76.88445789356162 49.2170758522117 67.20278190614566 56.5159539545714 74.91620383788272 56.22422766753511 52.95692412708463 59.77417085891295 84.26919019805253 72.69510883223505 18.050058089598156 81.31853418494201 52.87139086606809
49.475276572422096 43.57173831136158 16.398518746465182 24.788288908010536 18.968055150893534 8.479811516137476 19.699754786963176 63.947051119652016 0.0 67.37058381460832 19.084166866049443 71.56090515803332 34.90446025569032 54.85927117250209 55.76495224515879 60.57652141736439 35.60837227649848 42.42939978283071 40.22103036399565 28.991578600025118 34.34439946780337 34.816680221292884 56.36241750321428 57.64616974026581 45.76426953409808 41.03272711463896 44.82971242187182 10.834296515736831 40.0725727306936 12.34857970036165 40.657766488623565 60.21581481145047 73.27513854312834 9.486051475750072 36.53960411285359 21.68392449795108 35.346625434510294 25.390904217089027 42.12862536163155 14.8126784647481 16.36793430551101 50.16836326549111 4.267839588471826 22.386707030632724 14.699001152018448 47.66230391479545 55.343810016135535 12.871848719677184
19.947829094237456 46.56529453836737 66.19840616266175 76.17365625724932 54.14862479972363 71.51377394390965 47.712132110983276 5.952100251784321 67.37058381460832 0.0 86.38912767645319 34.89624474808786 34.241802861976225 23.813765631352645 15.935120532993764 22.63816254720479 76.86947496677044 33.6366822508342 30.686496833493315 88.2219236818596 91.1008409518952 41.01675933546653 24.40462738404015 18.134014411271885 49.291017472744706 64.26485031673376 26.400116936611855 57.8224516129009 28.682707529255726 60.21455294941582 31.59683650605627 26.413676595079274 21.494480295430638 62.759629379775674 36.5394080135019 78.99446087974022 54.71729797098722 68.56902870985903 56.061728913754 78.96437844611764 58.446469728462475 51.554067254808 63.277972327761745 88.23528359927886 76.87044796674614 20.069849167567913 87.09848362692411 55.78148555039885
68.14098306856141 59.7808232296253 28.47335115387554 29.709428774147057 36.358970712841085 17.926726347659034 38.67716082392757 82.82363812843286 19.084166866049443 86.38912767645319 0.0 87.98957446199684 53.363022598068476 72.65013221693351 74.32319818438289 78.30601643101765 41.60308472691202 59.753034909702734 59.09180475076857 24.670223436882385 30.296948921670793 52.78173798300868 74.01810649406958 75.90418968215413 59.36456308970876 52.66890081487115 63.12159933427981 28.893550239614903 58.7084531052434 29.174434340136962 59.3992278708796 77.53493512830413 91.21997805240618 24.903678537819665 54.1173782887767 23.613657446486126 47.94892441785332 35.13953617843731 56.199221713359385 11.46105446631212 32.70804444699427 65.25161364208923 23.111722444211974 7.607352926573321 14.55942408792586 66.74149620395235 56.86221391598694 31.58096940570314
30.34225058723028 71.53927945506074 78.14713250540917 89.5580182331027 67.00557794629755 78.66082236288179 54.49773873758621 29.856528973693035 71.56090515803332 34.89624474808786 87.98957446199684 0.0 39.209283861661824 19.78255567900477 25.876144821917052 15.422389457274566 94.5822691687305 29.454340989928216 51.43860454493884 98.88018806313696 103.30589019733905 61.22096435475042 17.896994873248925 21.604971907569816 31.475089853680704 86.51654068083624 30.326225577070208 60.74354873467743 36.188723661279774 70.27409919977552 53.281170670794346 13.18448063721376 15.206816146801494 63.380325018556306 35.44103156778509 89.97764518632302 42.336327600512455 83.99986486582347 79.77196220590486 77.62245154907517 70.52672931644088 78.62941062105857 67.40823147610016 86.79957420359035 74.728712187887 40.67039908571151 65.89554705424769 64.47778400898228
14.87561787790488 37.768858763667986 39.0240653534981 50.39062838190013 27.81280533814776 40.78038461296824 15.846314012871442 29.901094173427808 34.90446025569032 34.241802861976225 53.363022598068476 39.209283861661824 0.0 20.526056176460806 20.961203287963524 26.208155359997363 55.607062456484584 10.766284199263975 19.305978145183285 60.238369404766246 64.38338531157318 25.407182241318864 22.222955897144622 22.76181113851688 25.853667442725573 49.361081470957295 9.977663941466458 24.472829545993328 5.565913291560253 31.310540210153267 21.2097385483002 26.57694323996097 38.5350509119975 28.905041504194525 6.38226744215212 51.15134949705437 24.715674314707567 44.844979617378094 43.99817066856696 45.04094428177563 31.331047222525797 45.90474683952005 30.643579733887893 54.42182799499121 42.794200697230664 17.420167281758577 58.410389276639435 25.66681723769287
10.894908255380122 51.99503545530739 59.426111796039606 70.71084315916669 47.8937617319244 61.18133406664811 36.33991647471606 17.877171010497946 54.85927117250209 23.813765631352645 72.65013221693351 19.78255567900477 20.526056176460806 0.0 8.692866806132916 5.723957246646974 75.0982392168665 13.173447450607279 31.802705455439618 80.76349863065855 84.86418537427784 41.44497407855966 1.8855675477930183 5.70879028186181 25.76439652570874 66.73418989073903 10.86221650829606 44.11858714392141 16.68864575317963 51.81303123646194 33.689776919704535 6.598092433934124 18.586465959325842 47.75921621809039 18.535558359522007 71.66329925215774 32.831347845600895 64.73128598893028 60.04916227153434 63.29137260217297 51.63296926222078 59.31248802552915 50.59879963804144 72.71741483205048 60.684010038599034 21.639601855838446 63.75684370719556 46.19282299885325
6.431646972151006 46.072780640444385 57.88359992582327 68.8057119272252 45.90610903408541 61.17554956830815 36.29795018896872 10.277300473366598 55.76495224515879 15.935120532993764 74.32319818438289 25.876144821917052 20.961203287963524 8.692866806132916 0.0 10.527229367569387 71.87118214121385 17.927247163559812 26.383139794758897 79.75364915212043 83.4022326125838 36.75125217373517 9.924970181659068 4.28127743405005 33.4252828988278 61.97191883395932 11.517674039826577 45.43081506315476 15.69781398075396 50.81313063232331 28.075405477363514 13.66995144458678 19.034835831916194 49.79564700010013 21.618961676758087 70.51231517911896 38.94205312692498 62.12459624776239 54.71076029702789 65.84298262458555 49.96172642690637 52.89735065393727 51.520211256015095 75.25870419712466 63.47921537195985 14.99396771828894 71.16673161725963 45.59169976151351
15.085803524529187 56.1804267455453 65.01733822745807 76.26160632452587 53.396330856730756 66.89958125101822 42.03931059415524 16.8150527186426 60.57652141736439 22.63816254720479 78.30601643101765 15.422389457274566 26.208155359997363 5.723957246646974 10.527229367569387 0.0 80.3809629149601 18.659247124591175 36.16659882886969 86.43132759156357 90.4868181286753 46.17395743995608 4.3123935915011735 6.2488514320262185 29.131777312517613 71.50029515195429 16.414204911855155 49.82643226327454 22.145136937971664 57.459049456336466 37.97201922486898 3.7755363154916046 13.039088521855806 53.40606463632729 24.192369913496083 77.31247308554 37.34467792575394 70.146006053467 64.55066682261638 68.84146957129597 57.19421953338805 63.212714425724194 56.31728901946873 78.25587961138737 66.19616900203351 25.250122334728868 66.97238634808014 51.86801195628589
65.77316722249076 32.935827378958116 19.897858686891812 11.992704873874233 28.058170167722675 28.146315540510155 41.9793700757034 76.10134207935134 35.60837227649848 76.86947496677044 41.60308472691202 94.5822691687305 55.607062456484584 75.0982392168665 71.87118214121385 80.3809629149601 0.0 66.13144159655442 46.529544361292864 21.314032090795806 19.71745041228784 35.94260451052232 76.94787082509316 75.34122949688783 76.11609825000822 16.46093748915563 64.30773852354656 41.68414014221413 58.44151309279248 27.51610199466174 45.367925716243434 81.57857536524902 90.89293850576259 43.980100057236406 60.51635601428477 18.003865768982386 67.72637830106714 11.324531605550796 24.29875251759912 46.69037533580703 25.4367006686599 33.49054626646085 37.093298122886175 48.97345833953314 48.18201048309926 58.17887934185455 90.94817600448977 33.00061918903503
14.303513512589069 47.9279810625561 48.87253466464492 60.32029429446728 38.15907402216043 49.27018242308184 25.105262856923513 28.179901079692026 42.42939978283071 33.6366822508342 59.753034909702734 29.454340989928216 10.766284199263975 13.173447450607279 17.927247163559812 18.659247124591175 66.13144159655442 0.0 28.453680990852327 69.42589927498554 73.88246033986492 35.85062960229861 14.347157912922896 17.60094762524508 17.628126123817978 60.11155066361249 7.974867051439099 31.600573338149005 10.77486066188569 40.909555571784345 30.445803962395903 17.825784808560453 31.686087839076073 34.8540233058549 5.988182477262708 60.5416103445809 21.081037111059658 55.21564293919824 54.586418209117845 50.18256271702385 41.41438694170806 55.930499845776986 38.21263888452315 59.596828281165486 47.54166274464931 22.530482530080445 54.00398667550133 35.07718322022149
21.10344273138364 20.222930473879966 35.91555297778921 45.527929866219715 24.136438305989063 42.57052079101494 22.509814899053328 29.571802212399245 40.22103036399565 30.686496833493315 59.09180475076857 51.43860454493884 19.305978145183285 31.802705455439618 26.383139794758897 36.16659882886969 46.529544361292864 28.453680990852327 0.0 57.782915933820895 60.464317308543386 10.637284902533947 33.667586362427336 30.346055890738665 45.05880374749436 35.60666037429794 22.569351940578816 32.935289758377095 17.730011906213562 30.829815730898844 1.9983003832128683 38.33670236374759 45.02451536105145 38.550453500934566 25.600480268555273 48.62783529801655 43.45784942444204 37.885661104320604 28.39103383801841 53.88715030761594 28.435787314335467 27.821849792354854 36.660507480272166 62.4429615773239 52.52017196586996 11.771208778423723 76.70314522763776 27.51103663161045
73.32961170270522 50.023228582804876 22.059511700056913 13.104101032548074 34.16590612990138 20.764794732382125 44.491378370802465 86.14971308050318 28.991578600025118 88.2219236818596 24.670223436882385 98.88018806313696 60.238369404766246 80.76349863065855 79.75364915212043 86.43132759156357 21.314032090795806 69.42589927498554 57.782915933820895 0.0 5.804613760492567 48.35206076721946 82.45519069471958 82.46583869939917 74.68834457382125 36.638608635827296 70.05793734230424 39.01452004176567 64.53554991219575 29.011334128693232 57.24929601957503 86.71998101265005 98.41528259803162 38.44700107868704 63.44005842585003 9.268517879662483 64.32794839327137 21.537262581164484 43.10239017391525 33.52674896078729 29.93453668829859 52.73129684734787 32.53846239639792 32.2247221677834 36.012057419527636 68.28830617321681 80.2310414305498 34.57299433425798
77.00680596942398 50.85740886543313 25.5343637579024 14.9374385596521 37.51984899273748 25.967309182325977 48.80972528429857 89.34294701033885 34.34439946780337 91.1008409518952 30.296948921670793 103.30589019733905 64.38338531157318 84.86418537427784 83.4022326125838 90.4868181286753 19.71745041228784 73.88246033986492 60.464317308543386 5.804613760492567 0.0 50.600406388970974 86.59455699762654 86.28789508207217 79.86268639052558 35.955701375011586 74.07535141925034 44.0497407723258 68.44175604487255 33.079348744144845 59.76293665605046 90.94784318032697 102.22569000360036 43.828744994976276 67.91442948740735 13.361852423839546 69.680183566802 22.979251283416826 43.1697203714079 39.33016428626165 33.44569128463644 52.67520105940699 37.70724463825802 37.798092859304695 41.81413448720946 71.35387044704532 86.0356323461866 38.830990440722395
31.112288182698922 12.666784172398415 27.06651523487842 35.70328647383987 16.450302446072232 35.29753716117328 21.202378511761918 40.1809646118924 34.816680221292884 41.01675933546653 52.78173798300868 61.22096435475042 25.407182241318864 41.44497407855966 36.75125217373517 46.17395743995608 35.94260451052232 35.85062960229861 10.637284902533947 48.35206076721946 50.600406388970974 0.0 43.329795220596644 40.571322577098414 50.825311159683096 25.326528870043532 31.381441481514255 30.09151714248983 25.831130707243823 23.62944192926089 9.434165927523471 48.040599963062256 55.55852293512079 35.633181914768976 31.68288462174824 39.401935637268835 46.91993980814954 27.74095732506758 18.830216439590444 49.386223584377404 20.406375442924375 20.910129271597437 31.98845780893328 57.14315739955111 48.57630774602105 22.39250223166995 78.65542876179438 22.07791152327112
12.70522029297546 53.85122002637616 61.17997413930349 72.48416277226379 49.6913532216014 62.78600670788927 37.99852399956022 18.453071113900837 56.36241750321428 24.40462738404015 74.01810649406958 17.896994873248925 22.222955897144622 1.8855675477930183 9.924970181659068 4.3123935915011735 76.94787082509316 14.347157912922896 33.667586362427336 82.45519069471958 86.59455699762654 43.329795220596644 0.0 6.346827314140093 25.70929594293931 68.6197510551697 12.673740388613894 45.59167331109439 18.520401982668496 53.530009629002535 35.54878286352975 4.712525477091862 17.348042418778608 49.115708123282616 19.9165847462028 73.3740801796978 33.345851050117176 66.55365486689068 61.927801153437834 64.52963394281107 53.404468527001555 61.14198646814629 52.108226413865566 73.94358008861444 61.88394939286186 23.401464026883353 63.69465423871334 47.882258652264355
9.572940231422121 50.1954788525905 60.754703996127 71.83034582134582 48.902353500818045 63.45669266641033 38.49096683416917 12.187296805531142 57.64616974026581 18.134014411271885 75.90418968215413 21.604971907569816 22.76181113851688 5.70879028186181 4.28127743405005 6.2488514320262185 75.34122949688783 17.60094762524508 30.346055890738665 82.46583869939917 86.28789508207217 40.571322577098414 6.346827314140093 0.0 31.435221741088547 65.8609672760733 12.818497443035875 47.09452901478135 17.954723913411726 53.459478101153316 32.092453042808465 9.515805462615756 15.950009026188575 51.147432381639845 22.22227922554344 73.26373952091645 38.069504783301085 65.37909534728122 58.72590746449998 66.99531579162688 52.8574812805862 57.10611089549656 53.38071771727751 76.43307747460817 64.50791655890991 19.15597889121567 69.41019073852812 48.06232074463983
31.4144186748479 63.39651885739337 56.95482194901921 68.10111462679161 48.52680185169313 53.9368522242702 34.39877046286463 43.44166742454877 45.76426953409808 49.291017472744706 59.36456308970876 31.475089853680704 25.853667442725573 25.76439652570874 33.4252828988278 29.131777312517613 76.11609825000822 17.628126123817978 45.05880374749436 74.68834457382125 79.86268639052558 50.825311159683096 25.70929594293931 31.435221741088547 0.0 73.16075614933351 25.486514190387016 35.86760153012497 27.97664073228023 48.873363890935956 46.99907742236151 26.17632371627756 40.76438082045411 36.470649019510816 19.48482955728907 66.71986780910066 11.533123074272737 64.8024931388945 68.85502977621653 48.27764917931044 50.685200898038474 71.59685680870533 42.16634111581006 56.973160241960535 45.221630584047745 40.15414635726015 37.99949752799906 43.167172964182335
56.433599060085626 18.05600687854002 25.143286073269035 24.51022487082685 25.882014408948102 35.9644405389701 39.27232113035154 64.43826902805722 41.03272711463896 64.26485031673376 52.66890081487115 86.51654068083624 49.361081470957295 66.73418989073903 61.97191883395932 71.50029515195429 16.46093748915563 60.11155066361249 35.60666037429794 36.638608635827296 35.955701375011586 25.326528870043532 68.6197510551697 65.8609672760733 73.16075614933351 0.0 56.475186807153506 43.11008214194556 50.76099188473801 29.49768831572346 34.01133256806861 73.33224947838717 80.59148292721518 47.12927318970206 55.2088153142403 30.723009387067744 66.80800306942734 17.545111794227466 8.558659545638628 54.774739016453076 25.80798038279109 17.109625964841342 40.78663853068013 59.3468203614945 55.43600591846001 47.288051369761924 94.58866340413768 33.09709748628476
6.544800240411442 42.6823684287154 48.603701118513115 59.8627738147971 37.03202165330945 50.74957816574957 25.795667441443232 21.320854257109538 44.82971242187182 26.400116936611855 63.12159933427981 30.326225577070208 9.977663941466458 10.86221650829606 11.517674039826577 16.414204911855155 64.30773852354656 7.974867051439099 22.569351940578816 70.05793734230424 74.07535141925034 31.381441481514255 12.673740388613894 12.818497443035875 25.486514190387016 56.475186807153506 0.0 34.284744617977154 5.8680072775355825 41.065235642745435 24.55181068692035 17.271491696981524 28.559505587902027 38.43522647195673 10.204268038987685 60.9177043322873 28.655774241885442 53.88002486847305 50.17984781747466 54.40328081085448 40.78897926575619 50.39072065214101 40.563681051116205 63.83088507635485 52.00054578560701 14.894269762435679 61.89872423213745 35.52252919084064
39.25546721554158 41.0129432494189 21.84707310122908 32.49931939483206 17.53926578333833 18.28271329186771 10.583243272178978 54.028410446184424 10.834296515736831 57.8224516129009 28.893550239614903 60.74354873467743 24.472829545993328 44.11858714392141 45.43081506315476 49.82643226327454 41.68414014221413 31.600573338149005 32.935289758377095 39.01452004176567 44.0497407723258 30.09151714248983 45.59167331109439 47.09452901478135 35.86760153012497 43.11008214194556 34.284744617977154 0.0 29.82350333576034 14.341822573887905 33.79392464847849 49.39859188528485 62.598061540572544 5.647487492806389 25.728482999710533 30.854736074173275 26.293863769356726 30.507191463482425 42.01085708197461 21.353997937642696 17.452518716905846 48.57371086683337 6.672336737697691 30.458043043434575 19.675702138594858 38.63493857664759 51.511996476789825 10.048617451344784
9.432585010943708 37.50081660175746 42.93051135088284 54.12852963176463 31.251222309315015 45.56225640504581 20.627891344281675 24.358183435115983 40.0725727306936 28.682707529255726 58.7084531052434 36.188723661279774 5.565913291560253 16.68864575317963 15.69781398075396 22.145136937971664 58.44151309279248 10.77486066188569 17.730011906213562 64.53554991219575 68.44175604487255 25.831130707243823 18.520401982668496 17.954723913411726 27.97664073228023 50.76099188473801 5.8680072775355825 29.82350333576034 0.0 35.524328948894684 19.72723419045099 23.137070476636932 33.89179588532255 34.39788054136745 9.402988629205067 55.35237138628304 28.804810588263713 48.043956409761904 44.661108406332 50.56130826920614 35.07548866978889 45.386380409807686 35.83294996980774 59.92585024304272 48.34162841911614 12.806899331548365 62.53589779779012 30.10855181226574
44.382292599011386 31.345111214909267 8.137323843321731 19.542328893632664 7.1859280783427195 11.794190644193206 15.805823461631308 57.64608734310676 12.34857970036165 60.21455294941582 29.174434340136962 70.27409919977552 31.310540210153267 51.81303123646194 50.81313063232331 57.459049456336466 27.51610199466174 40.909555571784345 30.829815730898844 29.011334128693232 33.079348744144845 23.62944192926089 53.530009629002535 53.459478101153316 48.873363890935956 29.49768831572346 41.065235642745435 14.341822573887905 35.524328948894684 0.0 30.830554771834294 57.86875777785364 69.40765164982906 17.690422498305782 34.97774101868419 19.853549458531003 40.21043017077137 16.241799095329156 29.87128674178751 27.09692496983983 4.02339258408407 37.82124844012412 11.316105334091532 33.93811091647267 27.029777976505958 40.14473128553106 65.2949080386537 5.883743660841604
22.938950494393627 18.307783536824783 35.526645183967844 44.82982034277882 23.963594888376424 42.615253408896194 23.505969919623045 30.80477521567525 40.657766488623565 31.59683650605627 59.3992278708796 53.281170670794346 21.2097385483002 33.689776919704535 28.075405477363514 37.97201922486898 45.367925716243434 30.445803962395903 1.9983003832128683 57.24929601957503 59.76293665605046 9.434165927523471 35.54878286352975 32.092453042808465 46.99907742236151 34.01133256806861 24.55181068692035 33.79392464847849 19.72723419045099 30.830554771834294 0.0 40.20510542284229 46.58016498887521 39.43218899650735 27.528162179468122 48.15334495641747 45.216438122756166 37.035538227024304 26.63876267251932 54.546815283587875 28.2237680468416 25.844675377055875 37.2194943760768 62.96762335527897 53.27815480556607 13.27675660886707 78.35318560642676 27.850416635476883
17.299266542628434 58.49782438522082 65.59678271438794 76.94089013528318 54.21134429104806 66.86279744115133 42.22904176306817 20.585138017403157 60.21581481145047 26.413676595079274 77.53493512830413 13.18448063721376 26.57694323996097 6.598092433934124 13.66995144458678 3.7755363154916046 81.57857536524902 17.825784808560453 38.33670236374759 86.71998101265005 90.94784318032697 48.040599963062256 4.712525477091862 9.515805462615756 26.17632371627756 73.33224947838717 17.271491696981524 49.39859188528485 23.137070476636932 57.86875777785364 40.20510542284229 0.0 14.856188146692167 52.651410720603224 23.676965226425537 77.68688832279855 35.048764744785665 71.12368296288413 66.6243738220339 67.7581334649925 57.864810708219274 65.72725861397264 55.982939353942285 77.12769418228451 65.02853293850455 27.874415701369163 63.78757271077481 52.16517546160138
25.295220167407603 64.0386251988063 76.69135944575397 87.7271464723182 64.80210310337061 79.30753976678567 54.34683053941826 17.7481618215661 73.27513854312834 21.494480295430638 91.21997805240618 15.206816146801494 38.5350509119975 18.586465959325842 19.034835831916194 13.039088521855806 90.89293850576259 31.686087839076073 45.02451536105145 98.41528259803162 102.22569000360036 55.55852293512079 17.348042418778608 15.950009026188575 40.76438082045411 80.59148292721518 28.559505587902027 62.598061540572544 33.89179588532255 69.40765164982906 46.58016498887521 14.856188146692167 0.0 66.33801277518742 37.11715932707818 89.21358125557894 49.904775880456306 81.14492273490451 73.03899079652554 81.85972826056195 68.78718975870619 70.24478975445855 69.00793902814564 91.27956909849503 79.22764306167349 33.30343196999959 77.82079178793157 63.98817958416248
43.780156488854324 46.278324212378 24.156572719189054 33.79514093168119 22.22109963349554 17.936833993096887 16.10795217729514 58.73977786964072 9.486051475750072 62.759629379775674 24.903678537819665 63.380325018556306 28.905041504194525 47.75921621809039 49.79564700010013 53.40606463632729 43.980100057236406 34.8540233058549 38.550453500934566 38.44700107868704 43.828744994976276 35.633181914768976 49.115708123282616 51.147432381639845 36.470649019510816 47.12927318970206 38.43522647195673 5.647487492806389 34.39788054136745 17.690422498305782 39.43218899650735 52.651410720603224 66.33801277518742 0.0 29.223691022710472 31.109620249703934 25.88140620250952 33.158970800763775 46.710350089392485 16.204930664464495 21.332120368824643 53.675089760714215 6.8876234434669446 25.52961839777945 14.24846326147355 43.88087148919691 47.622512019538306 14.69369318354673
16.594125360752773 44.11482522684193 42.976243890434915 54.430674681481534 32.47653382211294 43.29372042241216 19.17358908044841 31.525107979274683 36.53960411285359 36.5394080135019 54.1173782887767 35.44103156778509 6.38226744215212 18.535558359522007 21.618961676758087 24.192369913496083 60.51635601428477 5.988182477262708 25.600480268555273 63.44005842585003 67.91442948740735 31.68288462174824 19.9165847462028 22.22227922554344 19.48482955728907 55.2088153142403 10.204268038987685 25.728482999710533 9.402988629205067 34.97774101868419 27.528162179468122 23.676965226425537 37.11715932707818 29.223691022710472 0.0 54.56854721452703 19.414691415276778 49.504991368361246 50.14052828876758 44.84507570013267 35.60054306671016 52.267491878880946 32.306180406950006 54.2817669447256 42.30938259012798 22.20933858728325 53.13413945064969 29.129827249084478
64.091803579734 42.08605595225068 12.803518765415477 6.346932700664767 24.903663305048408 13.207300395173505 35.495549670799676 76.88445789356162 21.68392449795108 78.99446087974022 23.613657446486126 89.97764518632302 51.15134949705437 71.66329925215774 70.51231517911896 77.31247308554 18.003865768982386 60.5416103445809 48.62783529801655 9.268517879662483 13.361852423839546 39.401935637268835 73.3740801796978 73.26373952091645 66.71986780910066 30.723009387067744 60.9177043322873 30.854736074173275 55.35237138628304 19.853549458531003 48.15334495641747 77.68688832279855 89.21358125557894 31.109620249703934 54.56854721452703 0.0 56.78307827265366 13.84066339330738 36.065075915411356 29.682353475590276 20.66620036484405 45.66244192833743 24.68862315183678 31.043085371240586 31.614897014877002 59.038447640529526 75.57693576718462 25.527609343747216
35.18519298567648 59.55042861023756 48.04740446974817 58.785192241695384 41.200091518437404 43.72704802911312 27.57196211757217 49.2170758522117 35.346625434510294 54.71729797098722 47.94892441785332 42.336327600512455 24.715674314707567 32.831347845600895 38.94205312692498 37.34467792575394 67.72637830106714 21.081037111059658 43.45784942444204 64.32794839327137 69.680183566802 46.91993980814954 33.345851050117176 38.069504783301085 11.533123074272737 66.80800306942734 28.655774241885442 26.293863769356726 28.804810588263713 40.21043017077137 45.216438122756166 35.048764744785665 49.904775880456306 25.88140620250952 19.414691415276778 56.78307827265366 0.0 56.434896061830436 63.62965603365322 36.78600363234808 42.620127217563216 67.77676325645191 32.09761398166626 45.44015463197396 33.71780609196785 41.60805530011096 33.75207018562502 34.874776382093316
55.86975539416858 28.509497947479307 9.055917082996771 8.433679785764799 17.058980817666633 18.990210954405384 30.758029689598704 67.20278190614566 25.390904217089027 68.56902870985903 35.13953617843731 83.99986486582347 44.844979617378094 64.73128598893028 62.12459624776239 70.146006053467 11.324531605550796 55.21564293919824 37.885661104320604 21.537262581164484 22.979251283416826 27.74095732506758 66.55365486689068 65.37909534728122 64.8024931388945 17.545111794227466 53.88002486847305 30.507191463482425 48.043956409761904 16.241799095329156 37.035538227024304 71.12368296288413 81.14492273490451 33.158970800763775 49.504991368361246 13.84066339330738 56.434896061830436 0.0 22.235161933809653 37.99108399729569 14.146409105970019 31.82259014119481 26.31617927913452 41.925448422308165 39.01993374932696 49.15316337652815 80.5559603230258 21.67610989201611
49.47304499045195 9.579239701222658 27.758003105490268 30.276352616671403 24.515649170686054 38.60840851911478 36.22333348561464 56.5159539545714 42.12862536163155 56.061728913754 56.199221713359385 79.77196220590486 43.99817066856696 60.04916227153434 54.71076029702789 64.55066682261638 24.29875251759912 54.586418209117845 28.39103383801841 43.10239017391525 43.1697203714079 18.830216439590444 61.927801153437834 58.72590746449998 68.85502977621653 8.558659545638628 50.17984781747466 42.01085708197461 44.661108406332 29.87128674178751 26.63876267251932 66.6243738220339 73.03899079652554 46.710350089392485 50.14052828876758 36.065075915411356 63.62965603365322 22.235161933809653 0.0 56.6247918949406 25.867970433304006 9.638435670310761 41.01086313443954 62.313509573975026 56.82289005142831 39.819378247830606 93.27494046822227 32.06676115428887
59.91108723643222 58.38240150425212 29.63359875873083 34.823321374781905 33.77241566807555 19.00099909208376 31.896950348328463 74.91620383788272 14.8126784647481 78.96437844611764 11.46105446631212 77.62245154907517 45.04094428177563 63.29137260217297 65.84298262458555 68.84146957129597 46.69037533580703 50.18256271702385 53.88715030761594 33.52674896078729 39.33016428626165 49.386223584377404 64.52963394281107 66.99531579162688 48.27764917931044 54.774739016453076 54.40328081085448 21.353997937642696 50.56130826920614 27.09692496983983 54.546815283587875 67.7581334649925 81.85972826056195 16.204930664464495 44.84507570013267 29.682353475590276 36.78600363234808 37.99108399729569 56.6247918949406 0.0 31.092092257552967 64.89192627165026 17.4423018728528 9.43835411023386 3.1111714464130285 59.977718486726054 46.71480103341895 27.308402772731597
43.561890554870246 27.430347296529543 7.924474382924302 19.079835340937425 4.3136167420582705 14.951872180367653 16.649217443458397 56.22422766753511 16.36793430551101 58.446469728462475 32.70804444699427 70.52672931644088 31.331047222525797 51.63296926222078 49.96172642690637 57.19421953338805 25.4367006686599 41.41438694170806 28.435787314335467 29.93453668829859 33.44569128463644 20.406375442924375 53.404468527001555 52.8574812805862 50.685200898038474 25.80798038279109 40.78897926575619 17.452518716905846 35.07548866978889 4.02339258408407 28.2237680468416 57.864810708219274 68.78718975870619 21.332120368824643 35.60054306671016 20.66620036484405 42.620127217563216 14.146409105970019 25.867970433304006 31.092092257552967 0.0 33.80867043554433 15.205876879577252 37.75281719233195 31.05291836501801 38.43081593725236 68.80837265921762 7.758290487844648
48.440372383661625 8.243349765906073 36.789698756349004 39.91247462237939 31.634882970461767 47.46241810785695 41.26320753391814 52.95692412708463 50.16836326549111 51.554067254808 65.25161364208923 78.62941062105857 45.90474683952005 59.31248802552915 52.89735065393727 63.212714425724194 33.49054626646085 55.930499845776986 27.821849792354854 52.73129684734787 52.67520105940699 20.910129271597437 61.14198646814629 57.10611089549656 71.59685680870533 17.109625964841342 50.39072065214101 48.57371086683337 45.386380409807686 37.82124844012412 25.844675377055875 65.72725861397264 70.24478975445855 53.675089760714215 52.267491878880946 45.66244192833743 67.77676325645191 31.82259014119481 9.638435670310761 64.89192627165026 33.80867043554433 0.0 48.54475713352342 71.09625906772443 64.82512325416243 37.964409674056014 98.94149338883786 39.023774351464404
45.24422643166583 41.5555714070953 17.290493432129175 27.004788425267215 16.93061298208443 11.774887527925062 15.567353945462605 59.77417085891295 4.267839588471826 63.277972327761745 23.111722444211974 67.40823147610016 30.643579733887893 50.59879963804144 51.520211256015095 56.31728901946873 37.093298122886175 38.21263888452315 36.660507480272166 32.53846239639792 37.70724463825802 31.98845780893328 52.108226413865566 53.38071771727751 42.16634111581006 40.78663853068013 40.563681051116205 6.672336737697691 35.83294996980774 11.316105334091532 37.2194943760768 55.982939353942285 69.00793902814564 6.8876234434669446 32.306180406950006 24.68862315183678 32.09761398166626 26.31617927913452 41.01086313443954 17.4423018728528 15.205876879577252 48.54475713352342 0.0 25.78474491770601 16.62994304699084 43.67037737606322 54.317355325668125 9.940897624896124
69.2968277919775 65.15750648507975 34.600178879279255 37.01618961054762 40.992621161607275 23.705377912894004 40.87746590559055 84.26919019805253 22.386707030632724 88.23528359927886 7.607352926573321 86.79957420359035 54.42182799499121 72.71741483205048 75.25870419712466 78.25587961138737 48.97345833953314 59.596828281165486 62.4429615773239 32.2247221677834 37.798092859304695 57.14315739955111 73.94358008861444 76.43307747460817 56.973160241960535 59.3468203614945 63.83088507635485 30.458043043434575 59.92585024304272 33.93811091647267 62.96762335527897 77.12769418228451 91.27956909849503 25.52961839777945 54.2817669447256 31.043085371240586 45.44015463197396 41.925448422308165 62.313509573975026 9.43835411023386 37.75281719233195 71.09625906772443 25.78474491770601 0.0 12.108616760519721 69.0650492632969 50.42260044221294 35.256861264372326
57.63422259591572 58.06841740150127 30.38909613434335 36.45366288196487 33.39645865550569 20.144352625151974 30.25740466839071 72.69510883223505 14.699001152018448 76.87044796674614 14.55942408792586 74.728712187887 42.794200697230664 60.684010038599034 63.47921537195985 66.19616900203351 48.18201048309926 47.54166274464931 52.52017196586996 36.012057419527636 41.81413448720946 48.57630774602105 61.88394939286186 64.50791655890991 45.221630584047745 55.43600591846001 52.00054578560701 19.675702138594858 48.34162841911614 27.029777976505958 53.27815480556607 65.02853293850455 79.22764306167349 14.24846326147355 42.30938259012798 31.614897014877002 33.71780609196785 39.01993374932696 56.82289005142831 3.1111714464130285 31.05291836501801 64.82512325416243 16.62994304699084 12.108616760519721 0.0 58.12619272886818 44.25844395972504 26.56922119232209
10.802510390463913 31.08212771356391 46.23492887511405 56.474372399895316 34.148409166215124 51.482908060188805 28.208717857376502 18.050058089598156 47.66230391479545 20.069849167567913 66.74149620395235 40.67039908571151 17.420167281758577 21.639601855838446 14.99396771828894 25.250122334728868 58.17887934185455 22.530482530080445 11.771208778423723 68.28830617321681 71.35387044704532 22.39250223166995 23.401464026883353 19.15597889121567 40.15414635726015 47.288051369761924 14.894269762435679 38.63493857664759 12.806899331548365 40.14473128553106 13.27675660886707 27.874415701369163 33.30343196999959 43.88087148919691 22.20933858728325 59.038447640529526 41.60805530011096 49.15316337652815 39.819378247830606 59.977718486726054 38.43081593725236 37.964409674056014 43.67037737606322 69.0650492632969 58.12619272886818 0.0 75.34279470237584 35.784261911886574
