0.0 54.02279172277078 2.9132348471385154 45.820845802685355 45.62156982228062 56.134970498558275 50.11264587029757 57.11168986994222 39.893294091490155 30.900981059964902 31.987772201970557 62.79350228008264 10.578242757809948 43.83886047814014 32.86978791414703 37.266784119336094 47.794212187878976 44.73733307416602 42.00144513113028 2.3552248117579695 47.21147072659616 46.55745069226117 9.89749730419007 39.38614817027344 39.92186425358248 24.897355806586926 48.602881345913275 28.064002596857307 39.71385122081432 36.484820286651015 47.74007227941218 69.0383591117184 5.439087894666824 30.582419768417868 26.214438234010625 34.01993317391982 34.8231749435242 50.93124490147213 34.63929731172668 3.1083451250526197 42.25876489487227 39.87630473939575 33.816425916806445 7.748843159381223 49.98220959592238 41.48736610345257 37.03599836447148 12.785500665561507 17.087876533476933
54.02279172277078 0.0 56.93089431923097 8.204836673338283 74.67255207083058 8.049547657291413 73.2809000089693 14.472414105846552 31.458390146378715 37.27375856370868 76.98273333439822 96.64253686214875 48.245273806892165 78.48914137626652 21.254184393750243 60.92094106885212 80.95918017551509 87.15603302662484 37.133541990391734 55.92280742784674 65.13775436182475 7.8243725788647795 61.274238068274414 14.860223276629396 72.67304377111009 43.4336331358819 74.78840894573199 43.42689076936319 24.702326034437053 35.558070662792105 68.27380288900191 101.39348327231347 53.6098117020452 72.29675157545721 27.90794773424029 41.65582249332434 75.52448147086147 90.02728102975011 47.86828952982891 56.45075626132736 50.002698384898046 67.36074781464343 56.50978991816568 56.06696899805261 89.18953329777703 79.47227889957459 89.87449166478866 45.02233809230756 42.68290404841285
2.9132348471385154 56.93089431923097 0.0 48.729699085622826 45.196439668239044 58.99180256428153 50.05185935533746 59.887361026024536 42.205160366129384 33.011106486304996 30.258616270887284 61.62276966528303 12.695392564083434 42.94562076406205 35.78283696408909 37.63368630636708 46.94302628290027 43.042304539589765 44.04783738880146 1.8949748702483213 47.64033308211126 49.4548068987506 8.01101230724936 42.29934541826176 39.3306411520676 26.65153023438487 48.33921892336964 29.767106094651663 42.29460801754798 38.624537074419344 47.954281817181 67.91231060898258 6.631014265016668 29.325615225175156 29.127669463260897 35.81226726417405 33.54479988280736 49.46707587291723 35.99967059932833 1.8781213871168192 43.58653968951147 39.78565776219175 34.454835523813315 7.546805344452061 48.522511562873085 40.321330978805705 34.235273740406846 15.026925414734476 19.267330657708275
45.820845802685355 8.204836673338283 48.729699085622826 0.0 68.4673186738511 12.679596679564876 67.67823446332987 17.40330021113403 26.72917578270492 30.916907641858238 69.40173782663366 90.3772232319871 40.15032694041033 71.81972552361881 13.067139185174428 54.751405626094005 74.49003210645061 79.91160848161788 32.75890658244358 47.71797443352078 59.83297916696523 2.472193632861775 53.16412828362012 6.793693114851516 66.04119414047683 36.417813567778616 68.8941207915615 36.77425267633465 19.697422994661935 30.137635914037386 62.792321319679615 95.36018289521871 45.43320523384871 64.88907892957779 19.709967802140227 35.80780833695207 68.25629660801799 83.12886901360405 41.975984419757346 48.262959069540976 45.064893797449095 61.07513778996831 50.19475497349064 47.98529400444543 82.2690778149335 72.51119128790943 81.7818827918522 37.03485992860804 34.903779668324525
45.62156982228062 74.67255207083058 45.196439668239044 68.4673186738511 0.0 71.48084371267826 7.59471813284196 68.01339602627854 43.98084455732004 37.555151924103036 23.141537046240945 21.970935561869023 54.941471719381106 7.596512316576067 60.48386112028287 13.752439637879169 7.22351532156422 21.039552622229962 39.524493568886626 46.8519569777137 13.752439637879169 67.43824053952247 38.17634469277293 65.19715147152736 6.285762104123956 32.91811585326695 4.030168590549897 31.85361062217648 50.14980236451219 39.34392408257935 10.522857868645012 26.9505627832456 51.0604547263446 18.983017737453146 56.535068610108254 33.05682436032282 16.494420745949988 18.664952223501817 26.870649123974854 43.4247531793783 27.03690518278599 7.428447668966773 18.279211250965204 37.903472850802046 18.196813702825708 12.26000724615785 44.671840474136715 40.01149716670508 38.59978063895201
56.134970498558275 8.049547657291413 58.99180256428153 12.679596679564876 71.48084371267826 0.0 69.35047396503386 6.528748783618311 27.521357716396814 34.991523513607916 76.17358197496718 93.38281381474211 51.68990720144939 75.93503233779501 24.655802337228188 57.83330892413845 78.08502438414465 85.54137793874328 32.58355374588853 58.208663456552 60.955936612333886 10.724932533923168 62.412354571239746 19.12901586958259 70.11165414177809 41.96708928664081 71.19390746492428 41.37221527235394 21.5622268925546 32.1682579530494 64.25356123102272 97.80370822289535 56.478222804988256 71.13065980786614 30.921388646870923 38.551335403438024 74.04146249989886 87.76376295185212 44.65361149717244 58.27059735139207 45.66109360746397 64.35122364232222 53.68594118187143 57.10445813729846 86.96854136387067 77.38803702745103 90.72013791537312 45.81427568991567 42.856465458479846
50.11264587029757 73.2809000089693 50.05185935533746 67.67823446332987 7.59471813284196 69.35047396503386 0.0 65.32147481379964 41.94941874294667 37.03372348984335 30.49963102479989 24.927591435879553 58.75424788604991 15.07419730668937 60.97006145634413 14.152144845533673 13.655186248334306 28.397966952197415 36.82073159612048 51.58296833558166 8.627338704298179 66.40485422040037 43.577771368194185 65.1061347817548 13.269344225872423 33.83683790005765 3.7956996515802306 32.10627072711631 48.57866473833663 37.73479029689612 5.134838589227108 28.593986388656788 55.50552707024212 25.938167990404768 57.74057784764231 31.87272694719827 23.86639657878361 25.08740398411126 25.742734533034294 48.21595890023556 23.78033538691256 10.266942062446848 18.816757565820918 42.56352693155665 24.77800349135104 19.834317656373873 52.18500940087981 42.85666517449395 40.74919551660768
57.11168986994222 14.472414105846552 59.887361026024536 17.40330021113403 68.01339602627854 6.528748783618311 65.32147481379964 0.0 24.255673588420745 32.86661857104503 74.56467928881942 89.74471171728246 53.80854922416783 72.93785115000061 27.573107510258076 54.57179952301165 74.82228021818274 83.22521312154443 28.565837177892085 59.29704504164443 56.79363881673073 15.05268528716516 62.51558884642987 23.019564123353152 67.15231257082668 40.313693973413464 67.41352083660975 39.244699282100825 19.452933328689774 29.18989312427509 60.19124903330431 93.89825894328443 58.06208356634687 69.27747740983246 33.235862274232275 35.61396892454544 71.90952848042099 84.92365622668297 41.4839495777167 58.98044367717681 41.541684333151096 61.085587854125116 50.68979866971818 57.19689696927632 84.16603656851711 74.75223326114494 90.34772017035455 45.91351105433129 42.52661882910046
39.893294091490155 31.458390146378715 42.205160366129384 26.72917578270492 43.98084455732004 27.521357716396814 41.94941874294667 24.255673588420745 0.0 9.880396170944167 51.04871540509689 65.8632576684598 40.787445648739045 48.69526466051444 24.636353074217748 30.397918072541053 50.66786478559426 59.09157919633492 6.113888244244075 42.2475259715904 33.701001511794836 25.068535124692048 42.48372017974281 26.09796878048881 42.90201021967435 17.618281258273846 43.68708602803325 15.745945602199662 7.033121112347347 5.017814716254154 36.89367373555191 70.31039446161671 42.71800631616325 45.54321924276025 25.48159556850303 11.380905569259147 47.91941376803871 60.66840365958298 17.25215404269527 40.813621138143034 18.550831738291752 36.921122196800134 26.4362708361418 37.433578338702056 59.91041961380135 50.51826530722306 68.53310944367037 27.17846082732366 22.967654743010787
30.900981059964902 37.27375856370868 33.011106486304996 30.916907641858238 37.555151924103036 34.991523513607916 37.03372348984335 32.86661857104503 9.880396170944167 0.0 41.72842150133809 59.48710883436544 33.34964467476719 41.230912803927104 24.340359112483785 23.834906201003907 43.698071137588606 50.565014677272345 11.133104664592222 33.247968612374834 29.667976225550753 29.904352180899902 32.72914801201895 28.07960625879263 35.40909979675434 7.766000837411432 38.03493328005125 6.401759382707031 13.51482536349577 5.624503954160532 32.32699735826919 64.44506460536391 34.28945249622559 36.41135242115255 22.512340414984735 5.739070408998421 39.12186289432673 52.88611414630095 11.35069410970281 31.506397649634533 16.56594168562162 30.17672039931539 19.29623325488618 27.774437806377815 52.07078603258567 42.431894354227424 58.689948358392776 18.1252366579633 13.815971916694869
31.987772201970557 76.98273333439822 30.258616270887284 69.40173782663366 23.141537046240945 76.17358197496718 30.49963102479989 74.56467928881942 51.04871540509689 41.72842150133809 0.0 32.58802290651667 42.55586550209988 17.060276530857468 58.260973762285 26.15834700375605 20.78279882389538 12.784322005676758 49.01474938435397 32.152456876143965 33.557331534823625 69.17703180102755 22.250864691485127 64.29617818547246 17.263021018405716 34.28628771596664 27.167098777681783 35.4131756193393 55.12618561022729 46.058482925949754 31.587629718789703 38.94787081272157 36.88604087257931 5.890183069729464 52.511786186818654 40.03182825938538 6.647814031174063 19.563461425811223 35.50886402442603 29.0011577283018 40.249286998401935 22.693575056830216 27.23490746823374 25.085212235672618 18.64732905001302 12.616918582371257 21.928723420500734 33.36216712820345 34.60572531309519
62.79350228008264 96.64253686214875 61.62276966528303 90.3772232319871 21.970935561869023 93.38281381474211 24.927591435879553 89.74471171728246 65.8632576684598 59.48710883436544 32.58802290651667 0.0 72.99723387119955 19.5523239945572 81.96576246097091 35.721598113743255 16.145336775231648 21.278822663137262 61.18328232159777 63.464630466718205 33.526021585448554 89.38625879903614 53.76159655027657 86.91720462077355 24.85570351452989 54.46992922192982 22.372355548291942 53.659883332799616 72.10970375725668 61.286134509487994 29.98081597358308 6.362447021474182 68.07972043469846 32.299782450083896 77.60294640595448 55.0232312292214 28.098475328706513 13.570084497446746 48.828970873327975 60.09154850373217 48.351795784920704 29.31052525134201 40.19114090423084 55.180388598437986 14.346776289051194 21.311430887930523 48.049083989288285 59.91134303222515 59.22916433078178
10.578242757809948 48.245273806892165 12.695392564083434 40.15032694041033 54.941471719381106 51.68990720144939 58.75424788604991 53.80854922416783 40.787445648739045 33.34964467476719 42.55586550209988 72.99723387119955 0.0 53.80659319690982 27.171722637539887 45.209567132998274 57.693606910630834 55.29123698846233 44.25733056550615 10.87682259750222 54.83756683197785 41.36175879615609 20.450394420921814 33.39216807566376 49.534516309412346 29.338690196351415 57.63041574853141 32.478292667262515 38.761546710209444 38.48618563962419 55.84500070178618 79.18722613967255 6.522520532320025 40.94649660536402 20.769913363704717 37.750595031202735 45.18550700736809 61.38061255386501 39.95279663991036 13.630410118011163 47.4324710377082 48.69093903883829 41.217788123570564 17.84826006129204 60.43008678867267 51.738731894959166 46.249783594530875 16.914048594185857 20.60575929259604
43.83886047814014 78.48914137626652 42.94562076406205 71.81972552361881 7.596512316576067 75.93503233779501 15.07419730668937 72.93785115000061 48.69526466051444 41.230912803927104 17.060276530857468 19.5523239945572 53.80659319690982 0.0 62.7742760802894 18.493971550045053 4.036941820256651 13.454040715269837 44.81668404616063 44.728291274785285 21.047085055735494 71.01339172765735 35.35259569685417 67.96128484613064 5.827873735493213 35.50679988766571 11.319275875972057 35.08794508548941 54.39574642826557 43.83873557651722 18.004920525314656 25.517153794862246 49.21902727750331 14.292829327212473 58.194024947961275 37.4151021940726 10.724789108487757 12.108641863380937 31.454051543624544 41.30366592227262 33.0129316454739 12.157373054896892 22.27271706952043 36.12327295345159 11.450552771527308 4.897404272925729 37.815742040604285 40.359134235314656 39.745519952672716
32.86978791414703 21.254184393750243 35.78283696408909 13.067139185174428 60.48386112028287 24.655802337228188 60.97006145634413 27.573107510258076 24.636353074217748 24.340359112483785 58.260973762285 81.96576246097091 27.171722637539887 62.7742760802894 0.0 47.18230191311862 65.84181195572724 69.48820746180866 30.494274814271858 34.71273516705137 53.94270712172143 14.191926578844319 40.62112255028156 6.520579982383003 57.17089872831552 27.56696243212674 61.557983704378856 28.88603078154121 18.730691312566705 25.969198588615352 56.45396783851688 87.36917120219132 32.366409751181564 54.22180824370157 6.6670413590902315 30.001941565381088 57.88870616761561 73.4507833134125 35.60493107468355 35.40656059570589 40.57598111495563 53.07474154080615 42.452381307716884 35.570788326989046 72.55066568316742 62.80577621645718 69.22634590118177 25.089371396231574 23.76804195561512
37.266784119336094 60.92094106885212 37.63368630636708 54.751405626094005 13.752439637879169 57.83330892413845 14.152144845533673 54.57179952301165 30.397918072541053 23.834906201003907 26.15834700375605 35.721598113743255 45.209567132998274 18.493971550045053 47.18230191311862 0.0 20.269984857864078 30.287787125667755 26.325744358963192 38.980655753183484 10.02244395113336 53.694696475580685 32.15911480786862 51.651456665079195 12.864877067207328 19.78792494414107 14.37598073608871 18.332089548866946 36.42976909970184 25.666523036965895 10.639321669395533 40.61068942219802 42.52735077012719 20.342269097165616 43.68429441974142 19.330037372879165 20.740481441989957 30.592650524697483 13.179739772171772 35.75822561287591 14.884061426285719 6.5234016884970805 4.7380356442600045 30.09510075530706 29.901346251632965 21.091325709509437 47.59967029836435 28.915530277751206 26.62600559301489
47.794212187878976 80.95918017551509 46.94302628290027 74.49003210645061 7.22351532156422 78.08502438414465 13.655186248334306 74.82228021818274 50.66786478559426 43.698071137588606 20.78279882389538 16.145336775231648 57.693606910630834 4.036941820256651 65.84181195572724 20.269984857864078 0.0 15.134231841818139 46.44201861863896 48.71723540210819 20.88349037366321 73.585774634796 39.37767708416536 70.863878907984 8.713848705671966 38.390342401921934 9.908761010332702 37.71799543906975 56.62628137487533 45.917897535235454 17.525385338449166 21.872124633250817 53.18649907127546 18.311999802557626 61.46058712098799 39.543492857780805 14.637214005154494 11.54689668956885 33.439105519104906 45.28872049503451 34.14847113790445 13.746760526505014 24.467846859917554 40.06578257026806 11.163318647855982 8.218794338951563 40.93653044861064 43.93748717725155 43.11534952190437
44.73733307416602 87.15603302662484 43.042304539589765 79.91160848161788 21.039552622229962 85.54137793874328 28.397966952197415 83.22521312154443 59.09157919633492 50.565014677272345 12.784322005676758 21.278822663137262 55.29123698846233 13.454040715269837 69.48820746180866 30.287787125667755 15.134231841818139 0.0 55.98915688230277 44.935885348367975 34.3964010445022 79.44145141737393 35.03344993634833 75.26076067840732 17.767114380431185 43.755876161737824 24.605215673918273 44.172401732352434 64.06652947846455 54.09198994227122 31.442635817797505 27.478517673626097 49.668754766715544 15.314905383682055 64.08552166440901 47.7235506465061 11.656893590743051 7.710023205732012 42.26652949931726 41.770052095252055 45.16910966255139 24.642188115835335 33.104252638671284 37.68010478571215 6.981836051488927 9.336735600952968 27.306966439240398 45.09488026887627 45.728204187398134
42.00144513113028 37.133541990391734 44.04783738880146 32.75890658244358 39.524493568886626 32.58355374588853 36.82073159612048 28.565837177892085 6.113888244244075 11.133104664592222 49.01474938435397 61.18328232159777 44.25733056550615 44.81668404616063 30.494274814271858 26.325744358963192 46.44201861863896 55.98915688230277 0.0 44.34308269103182 28.376809321293265 31.023291122027192 43.213287098655975 32.198750650216205 39.12685890409445 17.814655704066485 38.8478973278179 15.12787411867115 13.101357545406847 5.776359484956793 31.704968056324237 65.36206172336072 45.41532817684902 43.2959531856726 30.754123385043982 9.275161546615058 45.22291455968055 56.90452784629291 13.742710553873682 42.49573410969856 13.078926344598244 32.77373138298055 22.898193893530948 38.47127785210517 56.1967156337983 47.09620262146146 67.75505555190972 29.242293902889664 24.93211969290516
2.3552248117579695 55.92280742784674 1.8949748702483213 47.71797443352078 46.8519569777137 58.208663456552 51.58296833558166 59.29704504164443 42.2475259715904 33.247968612374834 32.152456876143965 63.464630466718205 10.87682259750222 44.728291274785285 34.71273516705137 38.980655753183484 48.71723540210819 44.935885348367975 44.34308269103182 0.0 48.96483970427534 48.521750762879634 9.903216777346051 41.214502791021104 41.03345944267423 27.17758004825891 49.94282453057734 30.3332951197553 42.021697191220625 38.83512832449724 49.374104103593005 69.74729348842214 4.736039979967642 31.17318604820856 28.046063812979362 36.31430225785685 35.397567450507395 51.34626752556425 36.806091454621594 3.437762628857499 44.41777473453166 41.322870900479295 35.67039124554529 9.019776658657424 50.40116158061256 42.1581944195854 35.76488700733318 15.137509891486989 19.43735314065168
47.21147072659616 65.13775436182475 47.64033308211126 59.83297916696523 13.752439637879169 60.955936612333886 8.627338704298179 56.79363881673073 33.701001511794836 29.667976225550753 33.557331534823625 33.526021585448554 54.83756683197785 21.047085055735494 53.94270712172143 10.02244395113336 20.88349037366321 34.3964010445022 28.376809321293265 48.96483970427534 0.0 58.445149731177516 42.139352120580526 57.66716492822038 17.0734442386374 27.691009866057215 11.449863570491676 25.469531559553285 40.47297731517974 29.719596889839085 3.5565329903943677 37.188145956854974 52.425630616103824 28.14278831384291 51.28858451207104 24.208140785388675 27.30537975878725 32.40142166976553 18.34036033745799 45.763668543275436 15.298464208330303 10.863818897173404 13.620635873918708 40.10709598807579 31.947901193354166 25.18410669390826 55.46418324611089 38.23414746948353 35.48631907257265
46.55745069226117 7.8243725788647795 49.4548068987506 2.472193632861775 67.43824053952247 10.724932533923168 66.40485422040037 15.05268528716516 25.068535124692048 29.904352180899902 69.17703180102755 89.38625879903614 41.36175879615609 71.01339172765735 14.191926578844319 53.694696475580685 73.585774634796 79.44145141737393 31.023291122027192 48.521750762879634 58.445149731177516 0.0 53.57076906284948 8.404737775970831 65.21242899444452 35.77678858651938 67.73445354842859 35.925658832400075 18.07294341674073 28.726616409507045 61.47005152115152 94.27163686021456 46.442572137288195 64.52864569212795 20.69811106186564 34.58198025133601 67.79881268302046 82.4498927052586 40.782567014014035 48.90011645446646 43.53269325306971 60.07638670459157 49.198566493238644 48.33885147543194 81.602211131602 71.8640163318088 82.1439847415909 37.242664063873335 34.8595552977989
9.89749730419007 61.274238068274414 8.01101230724936 53.16412828362012 38.17634469277293 62.412354571239746 43.577771368194185 62.51558884642987 42.48372017974281 32.72914801201895 22.250864691485127 53.76159655027657 20.450394420921814 35.35259569685417 40.62112255028156 32.15911480786862 39.37767708416536 35.03344993634833 43.213287098655975 9.903216777346051 42.139352120580526 53.57076906284948 0.0 47.094817123062256 32.12145314019175 25.401934768150912 41.54189465696206 28.181830606476346 43.87600852793328 38.27919667318464 42.009235850392955 60.07427625416474 14.635321671904917 21.47490902837947 34.148420216173356 34.28662875042487 25.66317805545571 41.48045603317075 33.10346089793562 6.819999600638209 40.402421352336845 33.36558561995715 29.679421594432583 5.322157846173055 40.53757661449819 32.497059932233405 28.62578248910344 16.63106617756742 20.106041691711187
39.38614817027344 14.860223276629396 42.29934541826176 6.793693114851516 65.19715147152736 19.12901586958259 65.1061347817548 23.019564123353152 26.09796878048881 28.07960625879263 64.29617818547246 86.91720462077355 33.39216807566376 67.96128484613064 6.520579982383003 51.651456665079195 70.863878907984 75.26076067840732 32.198750650216205 41.214502791021104 57.66716492822038 8.404737775970831 47.094817123062256 0.0 62.26661468562364 32.47837915109097 65.98305875104094 33.35115906333125 19.338562951390006 28.527468544559046 60.40014659206356 92.14636309458413 38.772498423536334 60.06671927620937 13.173590089505275 33.46350127796186 63.62018073804259 78.92627237586073 39.417864339605345 41.92665533285937 43.53106935554334 57.76877734835974 46.97332353805152 42.00863077676754 78.04146719752453 68.27376671817152 75.71168867199705 31.35301043304921 29.695132556964293
39.92186425358248 72.67304377111009 39.3306411520676 66.04119414047683 6.285762104123956 70.11165414177809 13.269344225872423 67.15231257082668 42.90201021967435 35.40909979675434 17.263021018405716 24.85570351452989 49.534516309412346 5.827873735493213 57.17089872831552 12.864877067207328 8.713848705671966 17.767114380431185 39.12685890409445 41.03345944267423 17.0734442386374 65.21242899444452 32.12145314019175 62.26661468562364 0.0 29.790791259579773 10.155422911185385 29.28811781012843 48.569491357851305 38.029761553863445 14.601442128023885 30.546506338691394 45.354236962736394 12.754910272172095 52.74766338530593 31.602681953130748 10.668206454051145 17.79382410240596 25.6758982218753 37.59654168582854 27.61108673962048 6.877014515186426 16.467894757363823 32.17477329385898 17.071358353887305 8.433229712147787 39.07605899544572 35.32304019635943 34.40946171972415
24.897355806586926 43.4336331358819 26.65153023438487 36.417813567778616 32.91811585326695 41.96708928664081 33.83683790005765 40.313693973413464 17.618281258273846 7.766000837411432 34.28628771596664 54.46992922192982 29.338690196351415 35.50679988766571 27.56696243212674 19.78792494414107 38.390342401921934 43.755876161737824 17.814655704066485 27.17758004825891 27.691009866057215 35.77678858651938 25.401934768150912 32.47837915109097 29.790791259579773 0.0 34.115172985344856 3.199688406046596 20.86118593799305 13.028610954734361 29.684622668376353 59.80936463985034 28.9925661905181 29.163570521225328 23.90701160813068 9.161838793159523 32.1618073363306 46.71128747763564 10.704750466718545 24.995087770204165 18.09555083539817 25.515476750322485 15.056283703963476 20.68945182458015 45.853149306334714 36.10041047756138 50.92571477387716 12.664399711161904 8.735789952013196
48.602881345913275 74.78840894573199 48.33921892336964 68.8941207915615 4.030168590549897 71.19390746492428 3.7956996515802306 67.41352083660975 43.68708602803325 38.03493328005125 27.167098777681783 22.372355548291942 57.63041574853141 11.319275875972057 61.557983704378856 14.37598073608871 9.908761010332702 24.605215673918273 38.8478973278179 49.94282453057734 11.449863570491676 67.73445354842859 41.54189465696206 65.98305875104094 10.155422911185385 34.115172985344856 0.0 32.701120135301 50.12316521370206 39.25775731811094 7.924436129992783 26.631281767633357 54.03107834808061 22.908637418673308 57.9654382236762 33.161323712099986 20.51937579909898 21.404068416935566 26.953280717190967 46.53569957305676 25.97945211000248 9.031462552002052 19.10697079408551 40.94260280277204 21.061846955966313 16.126068673202187 48.690855679707475 42.20465031478905 40.44621452401018
28.064002596857307 43.42689076936319 29.767106094651663 36.77425267633465 31.85361062217648 41.37221527235394 32.10627072711631 39.244699282100825 15.745945602199662 6.401759382707031 35.4131756193393 53.659883332799616 32.478292667262515 35.08794508548941 28.88603078154121 18.332089548866946 37.71799543906975 44.172401732352434 15.12787411867115 30.3332951197553 25.469531559553285 35.925658832400075 28.181830606476346 33.35115906333125 29.28811781012843 3.199688406046596 32.701120135301 0.0 19.9165847462028 10.871380502119992 27.712947923983478 58.804071449455954 32.19171005001868 30.038602155976182 25.824774611809616 6.126498651243279 32.7201035116197 46.61836365865969 7.786650945554363 28.086132820112095 14.991066142327048 24.427067642570563 13.62881349672866 23.62317875847906 45.79064781479166 36.113574860847706 52.948045984927695 15.859939375891175 11.87588431304815
39.71385122081432 24.702326034437053 42.29460801754798 19.697422994661935 50.14980236451219 21.5622268925546 48.57866473833663 19.452933328689774 7.033121112347347 13.51482536349577 55.12618561022729 72.10970375725668 38.761546710209444 54.39574642826557 18.730691312566705 36.42976909970184 56.62628137487533 64.06652947846455 13.101357545406847 42.021697191220625 40.47297731517974 18.07294341674073 43.87600852793328 19.338562951390006 48.569491357851305 20.86118593799305 50.12316521370206 19.9165847462028 0.0 10.866625719878796 43.57795699708098 76.74684642964198 41.70551360976025 49.88933519860868 20.9274052580401 17.099740983289355 52.63668825782249 66.20230410754705 23.28085963822331 41.135292130312614 25.466013676028368 42.92543059935415 32.17836414274078 38.613787319863064 65.40634084444865 55.83302948679722 71.18237576498261 27.572086290144327 23.77555698561259
36.484820286651015 35.558070662792105 38.624537074419344 30.137635914037386 39.34392408257935 32.1682579530494 37.73479029689612 29.18989312427509 5.017814716254154 5.624503954160532 46.058482925949754 61.286134509487994 38.48618563962419 43.83873557651722 25.969198588615352 25.666523036965895 45.917897535235454 54.09198994227122 5.776359484956793 38.83512832449724 29.719596889839085 28.726616409507045 38.27919667318464 28.527468544559046 38.029761553863445 13.028610954734361 39.25775731811094 10.871380502119992 10.866625719878796 0.0 32.760381056289276 65.88371817343477 39.74923146614748 40.534304681237494 25.510130082904276 6.431974524263253 42.90261459305779 55.76802607112952 12.487232692740584 37.12829657805133 15.034535247121843 32.18309282012713 21.566066245882467 33.369718350563375 54.999674868764394 45.56234602820699 63.79612388982413 23.700266629791617 19.397936056584356
47.74007227941218 68.27380288900191 47.954281817181 62.792321319679615 10.522857868645012 64.25356123102272 5.134838589227108 60.19124903330431 36.89367373555191 32.32699735826919 31.587629718789703 29.98081597358308 55.84500070178618 18.004920525314656 56.45396783851688 10.639321669395533 17.525385338449166 31.442635817797505 31.704968056324237 49.374104103593005 3.5565329903943677 61.47005152115152 42.009235850392955 60.40014659206356 14.601442128023885 29.684622668376353 7.924436129992783 27.712947923983478 43.57795699708098 32.760381056289276 0.0 33.728823206335974 53.04991322740453 26.437903946954773 53.5010771806205 27.02715776948255 25.142736512331478 29.06973779054667 20.98228663609637 46.088568401549956 18.65244997506358 9.230905733200778 14.954437763097658 40.409112478105385 28.652029750970755 22.368767090421436 53.509067161091274 39.51937112628848 37.06937700920021
69.0383591117184 101.39348327231347 67.91231060898258 95.36018289521871 26.9505627832456 97.80370822289535 28.593986388656788 93.89825894328443 70.31039446161671 64.44506460536391 38.94787081272157 6.362447021474182 79.18722613967255 25.517153794862246 87.36917120219132 40.61068942219802 21.872124633250817 27.478517673626097 65.36206172336072 69.74729348842214 37.188145956854974 94.27163686021456 60.07427625416474 92.14636309458413 30.546506338691394 59.80936463985034 26.631281767633357 58.804071449455954 76.74684642964198 65.88371817343477 33.728823206335974 0.0 74.34553995388752 38.60223089675382 83.20458688969731 59.74206731280196 34.416477615411516 19.797582283573586 53.528684554688574 66.36404103266004 52.35998785748639 34.37825636484646 45.21379853219134 61.39688599983552 20.61171116335138 27.59113258931762 53.90513631248515 65.80579386999484 64.94733444355137
5.439087894666824 53.6098117020452 6.631014265016668 45.43320523384871 51.0604547263446 56.478222804988256 55.50552707024212 58.06208356634687 42.71800631616325 34.28945249622559 36.88604087257931 68.07972043469846 6.522520532320025 49.21902727750331 32.366409751181564 42.52735077012719 53.18649907127546 49.668754766715544 45.41532817684902 4.736039979967642 52.425630616103824 46.442572137288195 14.635321671904917 38.772498423536334 45.354236962736394 28.9925661905181 54.03107834808061 32.19171005001868 41.70551360976025 39.74923146614748 53.04991322740453 74.34553995388752 0.0 35.81159148343165 25.753188893733054 37.9516165810057 40.04459950389649 56.046996761436475 39.147664414876175 7.995723409039135 46.7634632140822 45.281189348584846 38.94334845599063 13.179633624642873 55.10077083387678 46.768322880568796 39.72804510440261 16.393699007108864 20.62747162506224
30.582419768417868 72.29675157545721 29.325615225175156 64.88907892957779 18.983017737453146 71.13065980786614 25.938167990404768 69.27747740983246 45.54321924276025 36.41135242115255 5.890183069729464 32.299782450083896 40.94649660536402 14.292829327212473 54.22180824370157 20.342269097165616 18.311999802557626 15.314905383682055 43.2959531856726 31.17318604820856 28.14278831384291 64.52864569212795 21.47490902837947 60.06671927620937 12.754910272172095 29.163570521225328 22.908637418673308 30.038602155976182 49.88933519860868 40.534304681237494 26.437903946954773 38.60223089675382 35.81159148343165 0.0 48.7720067336369 34.407935600400215 4.241695821294906 20.49542163562582 29.71569409502595 27.816594351924422 34.35932494611922 17.325627568193635 21.348869471072863 23.10565539932217 19.544547960392272 11.023589080738159 27.400827374898157 29.793839638908985 30.45379963140495
26.214438234010625 27.90794773424029 29.127669463260897 19.709967802140227 56.535068610108254 30.921388646870923 57.74057784764231 33.235862274232275 25.48159556850303 22.512340414984735 52.511786186818654 77.60294640595448 20.769913363704717 58.194024947961275 6.6670413590902315 43.68429441974142 61.46058712098799 64.08552166440901 30.754123385043982 28.046063812979362 51.28858451207104 20.69811106186564 34.148420216173356 13.173590089505275 52.74766338530593 23.90701160813068 57.9654382236762 25.824774611809616 20.9274052580401 25.510130082904276 53.5010771806205 83.20458688969731 25.753188893733054 48.7720067336369 0.0 28.23208559433581 52.58653747742498 68.44039004329706 33.18818100615623 28.785192888702845 39.077109390145985 49.21502615763878 38.95911517548677 29.19023361762941 67.52287012408475 57.8480170737374 62.70774769030995 19.153305904227633 18.53712164614473
34.01993317391982 41.65582249332434 35.81226726417405 35.80780833695207 33.05682436032282 38.551335403438024 31.87272694719827 35.61396892454544 11.380905569259147 5.739070408998421 40.03182825938538 55.0232312292214 37.750595031202735 37.4151021940726 30.001941565381088 19.330037372879165 39.543492857780805 47.7235506465061 9.275161546615058 36.31430225785685 24.208140785388675 34.58198025133601 34.28662875042487 33.46350127796186 31.602681953130748 9.161838793159523 33.161323712099986 6.126498651243279 17.099740983289355 6.431974524263253 27.02715776948255 59.74206731280196 37.9516165810057 34.407935600400215 28.23208559433581 0.0 36.6210485203714 49.33614440136367 6.2133837502110225 34.156033734492766 10.852370603919326 25.82865228047932 15.144888040620604 29.749226436238814 48.56779399319238 39.14192813353647 58.48441567592838 21.557939380261626 17.37024305625774
34.8231749435242 75.52448147086147 33.54479988280736 68.25629660801799 16.494420745949988 74.04146249989886 23.86639657878361 71.90952848042099 47.91941376803871 39.12186289432673 6.647814031174063 28.098475328706513 45.18550700736809 10.724789108487757 57.88870616761561 20.740481441989957 14.637214005154494 11.656893590743051 45.22291455968055 35.397567450507395 27.30537975878725 67.79881268302046 25.66317805545571 63.62018073804259 10.668206454051145 32.1618073363306 20.51937579909898 32.7201035116197 52.63668825782249 42.90261459305779 25.142736512331478 34.416477615411516 40.04459950389649 4.241695821294906 52.58653747742498 36.6210485203714 0.0 16.30028777614057 31.497502234572273 32.0489870792865 35.36647099652352 16.495568917667093 22.62922281966463 27.342105093056695 15.35090215850615 6.909610814280896 28.412399426284658 33.736031573305446 34.15180848433188
50.93124490147213 90.02728102975011 49.46707587291723 83.12886901360405 18.664952223501817 87.76376295185212 25.08740398411126 84.92365622668297 60.66840365958298 52.88611414630095 19.563461425811223 13.570084497446746 61.38061255386501 12.108641863380937 73.4507833134125 30.592650524697483 11.54689668956885 7.710023205732012 56.90452784629291 51.34626752556425 32.40142166976553 82.4498927052586 41.48045603317075 78.92627237586073 17.79382410240596 46.71128747763564 21.404068416935566 46.61836365865969 66.20230410754705 55.76802607112952 29.06973779054667 19.797582283573586 56.046996761436475 20.49542163562582 68.44039004329706 49.33614440136367 16.30028777614057 0.0 43.462333408211464 48.06848986729922 45.09286465345543 24.258055148911414 34.23520282347616 43.56801739562733 0.9512032801424023 10.653162227950704 34.77309573234878 49.842957615072194 49.90914309951267
34.63929731172668 47.86828952982891 35.99967059932833 41.975984419757346 26.870649123974854 44.65361149717244 25.742734533034294 41.4839495777167 17.25215404269527 11.35069410970281 35.50886402442603 48.828970873327975 39.95279663991036 31.454051543624544 35.60493107468355 13.179739772171772 33.439105519104906 42.26652949931726 13.742710553873682 36.806091454621594 18.34036033745799 40.782567014014035 33.10346089793562 39.417864339605345 25.6758982218753 10.704750466718545 26.953280717190967 7.786650945554363 23.28085963822331 12.487232692740584 20.98228663609637 53.528684554688574 39.147664414876175 29.71569409502595 33.18818100615623 6.2133837502110225 31.497502234572273 43.462333408211464 0.0 34.21306642168343 7.623189683869874 19.698625565460148 9.246985775022527 29.19306335613216 42.71993830116804 33.45492489316084 55.08172659212934 23.109550241166552 19.399498720846704
3.1083451250526197 56.45075626132736 1.8781213871168192 48.262959069540976 43.4247531793783 58.27059735139207 48.21595890023556 58.98044367717681 40.813621138143034 31.506397649634533 29.0011577283018 60.09154850373217 13.630410118011163 41.30366592227262 35.40656059570589 35.75822561287591 45.28872049503451 41.770052095252055 42.49573410969856 3.437762628857499 45.763668543275436 48.90011645446646 6.819999600638209 41.92665533285937 37.59654168582854 24.995087770204165 46.53569957305676 28.086132820112095 41.135292130312614 37.12829657805133 46.088568401549956 66.36404103266004 7.995723409039135 27.816594351924422 28.785192888702845 34.156033734492766 32.0489870792865 48.06848986729922 34.21306642168343 0.0 41.78837184856091 37.95131428976381 32.57878958837631 5.679624848221965 47.12133436521641 38.78090321465476 34.14850887220398 13.678913615109249 17.846392760916828
42.25876489487227 50.002698384898046 43.58653968951147 45.064893797449095 27.03690518278599 45.66109360746397 23.78033538691256 41.541684333151096 18.550831738291752 16.56594168562162 40.249286998401935 48.351795784920704 47.4324710377082 33.0129316454739 40.57598111495563 14.884061426285719 34.14847113790445 45.16910966255139 13.078926344598244 44.41777473453166 15.298464208330303 43.53269325306971 40.402421352336845 43.53106935554334 27.61108673962048 18.09555083539817 25.97945211000248 14.991066142327048 25.466013676028368 15.034535247121843 18.65244997506358 52.35998785748639 46.7634632140822 34.35932494611922 39.077109390145985 10.852370603919326 35.36647099652352 45.09286465345543 7.623189683869874 41.78837184856091 0.0 20.86380904043105 13.0411190353718 36.68564041552796 44.46139355679704 35.94219156542867 60.847839747794985 30.658426657184503 26.831301404817133
39.87630473939575 67.36074781464343 39.78565776219175 61.07513778996831 7.428447668966773 64.35122364232222 10.266942062446848 61.085587854125116 36.921122196800134 30.17672039931539 22.693575056830216 29.31052525134201 48.69093903883829 12.157373054896892 53.07474154080615 6.5234016884970805 13.746760526505014 24.642188115835335 32.77373138298055 41.322870900479295 10.863818897173404 60.07638670459157 33.36558561995715 57.76877734835974 6.877014515186426 25.515476750322485 9.031462552002052 24.427067642570563 42.92543059935415 32.18309282012713 9.230905733200778 34.37825636484646 45.281189348584846 17.325627568193635 49.21502615763878 25.82865228047932 16.495568917667093 24.258055148911414 19.698625565460148 37.95131428976381 20.86380904043105 0.0 10.881591420283891 32.3030947166183 23.607776869819393 15.310086272699628 44.603041716760345 33.173713741281546 31.47854872873198
33.816425916806445 56.50978991816568 34.454835523813315 50.19475497349064 18.279211250965204 53.68594118187143 18.816757565820918 50.68979866971818 26.4362708361418 19.29623325488618 27.23490746823374 40.19114090423084 41.217788123570564 22.27271706952043 42.452381307716884 4.7380356442600045 24.467846859917554 33.104252638671284 22.898193893530948 35.67039124554529 13.620635873918708 49.198566493238644 29.679421594432583 46.97332353805152 16.467894757363823 15.056283703963476 19.10697079408551 13.62881349672866 32.17836414274078 21.566066245882467 14.954437763097658 45.21379853219134 38.94334845599063 21.348869471072863 38.95911517548677 15.144888040620604 22.62922281966463 34.23520282347616 9.246985775022527 32.57878958837631 13.0411190353718 10.881591420283891 0.0 27.001534531667033 33.48455998394897 24.21700135807035 47.88867804502153 24.652519744395825 22.11559893937279
7.748843159381223 56.06696899805261 7.546805344452061 47.98529400444543 37.903472850802046 57.10445813729846 42.56352693155665 57.19689696927632 37.433578338702056 27.774437806377815 25.085212235672618 55.180388598437986 17.84826006129204 36.12327295345159 35.570788326989046 30.09510075530706 40.06578257026806 37.68010478571215 38.47127785210517 9.019776658657424 40.10709598807579 48.33885147543194 5.322157846173055 42.00863077676754 32.17477329385898 20.68945182458015 40.94260280277204 23.62317875847906 38.613787319863064 33.369718350563375 40.409112478105385 61.39688599983552 13.179633624642873 23.10565539932217 29.19023361762941 29.749226436238814 27.342105093056695 43.56801739562733 29.19306335613216 5.679624848221965 36.68564041552796 32.3030947166183 27.001534531667033 0.0 42.61693309343136 33.9005177591136 33.8079800593025 11.309919532737363 14.838905668222774
49.98220959592238 89.18953329777703 48.522511562873085 82.2690778149335 18.196813702825708 86.96854136387067 24.77800349135104 84.16603656851711 59.91041961380135 52.07078603258567 18.64732905001302 14.346776289051194 60.43008678867267 11.450552771527308 72.55066568316742 29.901346251632965 11.163318647855982 6.981836051488927 56.1967156337983 50.40116158061256 31.947901193354166 81.602211131602 40.53757661449819 78.04146719752453 17.071358353887305 45.853149306334714 21.061846955966313 45.79064781479166 65.40634084444865 54.999674868764394 28.652029750970755 20.61171116335138 55.10077083387678 19.544547960392272 67.52287012408475 48.56779399319238 15.35090215850615 0.9512032801424023 42.71993830116804 47.12133436521641 44.46139355679704 23.607776869819393 33.48455998394897 42.61693309343136 0.0 9.769896370665112 34.17571087325559 48.90858938122081 48.99385390481054
