0.0 47.29664661060819 32.606808881820015 64.64641959051069 23.859491867238376 47.866949952268946 29.46805550711842 89.66169856222012 46.3396841021196 14.197260903069534 35.50152165918831 89.52318895824513 84.41567120387495 42.34557451077213 41.4402890825008 79.04968581149085 51.129468786499984 89.16262738408993 69.17752083067828 34.148378264505695 8.569493984947583 50.62715673217362 35.300514856386705 79.8101210829138 28.605396077721455 44.14482904434735 41.06213667999085 50.63737810808953 56.989920406614964 10.7791283337003 33.18789321372525 90.80589624765997 81.02151174911155 35.54758208109759 40.18840380010492 81.43589150191603 41.74931535369556 91.45046161365427 68.59524701383968 64.09365613928655 87.20419369348419 76.53882314143699 21.710200837332206 71.93048267827015 45.825449437528206 14.23953520678015 51.76123459722743 55.913204439776216
47.29664661060819 0.0 14.712931389003286 39.00303449400422 42.47012951442509 0.9480862678263701 18.493971550045053 47.136925783278315 6.894417737283971 34.23378825452964 32.2024147697045 45.18308833436147 46.094044862059384 12.69019859431832 9.642248086235517 38.50471702777817 5.230588190937518 45.0658988643198 27.308735256245768 16.10523801126742 42.04105591291831 5.450648683767728 12.194857118466263 48.58160116196399 44.10501873409191 5.686840196110294 15.067887268085737 3.792824067604686 16.958211411319194 39.852675598381296 35.10117110700853 46.271079731321514 44.25849048466967 18.85860814620043 8.046665311221767 39.06008296285486 5.690452784629573 46.05714772791091 27.422220702612208 22.142658828744683 45.28730797446715 30.03240229670272 66.16317612125869 36.529590525844014 3.2917071539464806 61.175788742342824 31.97592483980997 13.495836648363928
32.606808881820015 14.712931389003286 0.0 43.83536791291578 30.203053733505413 15.261453297027687 5.677263145825881 59.91134303222508 14.565913307395775 19.95547862987124 24.386340851521588 58.72749023145717 56.99925722792075 14.302231729432068 11.350890078162 49.46839540908498 18.91071997242811 58.50343671166007 38.67398627403714 7.193613280720308 27.76883442695492 18.557864660151843 2.9129754001869257 56.4692262959429 32.87414316227013 12.468057427322545 14.800611230888098 18.182228812106636 26.610128248112787 25.727685667059298 26.06092706691098 59.90813990724161 54.417609653532914 13.280057500688226 8.521279235830953 50.99066303609308 9.323283013002339 60.058671320131445 39.11427906935161 33.36216712820348 57.768991221062656 44.44434513363989 51.98455435948028 45.751126851064356 13.613631116536371 46.57086177065685 31.870033323461314 25.174025711522873
64.64641959051069 39.00303449400422 43.83536791291578 0.0 72.8572948375089 39.70086328090814 41.52289460632652 35.05782459567467 45.8696123474129 51.27576555063768 67.97255465120367 38.86324882771203 24.96697687955146 29.828132323606635 33.440675166714094 70.0929963413416 35.05808228092104 38.022696098847575 60.109062868897645 50.14092329992629 56.262132776245494 34.31380529782011 43.862506843986864 15.525596782744477 76.18883787844985 35.06873175295052 29.034761081840692 36.90816045727975 53.97946584116082 53.90833080154132 69.88021227991608 40.2451587725674 20.713723404237882 32.04709488165751 37.167809756255046 68.44117354152533 38.869202242973216 43.13494759191598 22.766493440487835 56.32022411311443 32.23042556354648 38.64822722164243 74.14003704790059 14.029149617087198 36.35206271031633 74.34228365825722 70.92460745874041 27.678177875717335
23.859491867238376 42.47012951442509 30.203053733505413 72.8572948375089 0.0 42.584621949373634 31.368347208059074 89.46930113387667 38.166342349193535 26.245058473280544 15.661132521032266 87.64873516799688 87.16231199171953 44.317749448589026 41.5537869322052 63.75155268251837 47.546492323841896 87.53602306367607 55.78610057910623 26.36925169809682 28.1617983048516 47.47727974234582 31.42084412223942 86.34527566995179 4.846448359915137 42.22067690945459 44.35029119435932 46.26253277433521 44.781449649363445 28.614190379050683 12.10822306795809 88.7232424418381 84.62059628980471 40.81681424858804 38.5251589505323 67.10746924414917 38.45292290983695 88.3605602588026 69.03971004663437 51.51186737326032 87.48449140323139 72.02222045265229 44.21897624666345 75.92919250313881 42.704752167421965 34.90951908147945 32.16057325066701 54.908393432905875
47.866949952268946 0.9480862678263701 15.261453297027687 39.70086328090814 42.584621949373634 0.0 19.215453402034328 47.147481550627674 6.308486126390659 34.904246024749845 32.017119391480556 45.069781016030234 46.33463699262031 13.633015158890045 10.586101670692313 37.564854701932056 5.451537757105773 44.97236697885468 26.369585185333893 16.253783202107893 42.71933299776226 5.819619469520898 12.661861734211344 49.07367375723591 44.119490839574 6.63492611324524 16.01436231221986 3.7926173982983795 16.024537450621676 40.54926887831919 34.981941798777875 46.138672430606924 44.576488262715664 19.788133997659067 8.895563895004255 38.14260410962598 6.432326782197736 45.84766011738745 27.63570284788262 21.1979268751368 45.342572048511364 29.726233128604832 66.8657055762016 36.952754617076685 4.232303833602497 61.78839024662263 31.344212082809623 13.846353621745088
29.46805550711842 18.493971550045053 5.677263145825881 41.52289460632652 31.368347208059074 19.215453402034328 0.0 60.9534569157623 19.731236028063403 15.845476559898012 28.217627617433095 60.34916002369196 56.98787059680564 13.671455358945732 12.059571248770347 54.82960493079865 21.783675972169362 60.041212999068115 43.915441080235944 12.392421267586155 23.60444583892637 21.225921619758076 8.34799361619696 55.071091678305834 34.685528917667064 14.711821764533282 13.185369955978636 21.485344704879086 31.990368507542005 21.375404728178054 29.315952792753855 61.59659500623312 54.07328660556567 9.59729342194283 10.832851280708793 56.1724017129163 12.803518765415477 62.0822033448083 39.887812997268576 38.59010596039852 58.64417740522463 47.07849990455945 47.673647695048466 45.15067805304429 16.549970411155883 42.98531358248434 37.22463033276334 26.59970374423944
89.66169856222012 47.136925783278315 59.91134303222508 35.05782459567467 89.46930113387667 47.147481550627674 60.9534569157623 0.0 52.51559867080127 75.46787460482149 78.91755319699462 6.362447021474104 11.464815126531525 47.44564451120979 49.02841088886773 56.895835583626486 41.96957177887455 5.489737911901061 51.22372727926136 63.141728284388925 82.3264873812029 41.99755741297152 58.21473041209015 25.3985470659209 91.24158753789752 47.47788142613417 48.60099864300671 43.37710478519989 52.73619603050794 79.86153593155014 82.04542597367521 7.114225453651488 15.317317110481643 54.168603804459615 51.39043006028668 53.23785119493893 51.0739747730852 10.928028367672098 21.096187800619695 50.425839940194955 2.8452263923140793 21.43088444979764 103.94747715627794 21.33919794235913 46.77881342819135 101.90152543472396 73.97249571208671 34.738629123573105
46.3396841021196 6.894417737283971 14.565913307395775 45.8696123474129 38.166342349193535 6.308486126390659 19.731236028063403 52.51559867080127 0.0 34.42086230769521 26.402134734666163 49.994223038496536 52.32067807853801 18.379320487528584 14.765547288493998 35.130796330626005 11.639235067425616 49.97478422551505 24.184669407933864 12.661646707110785 42.1932025492385 12.101604627750662 11.652938710226602 55.37387708422408 39.21723214678123 11.472242132766153 20.516618860033482 9.826048186520847 12.378906822066096 40.226324551000694 29.58554331173535 50.98135144371936 50.70406960526696 23.065765156624618 11.749601200770908 36.46097990402552 8.935376479427822 50.35828487850443 33.60496390875945 18.85989939955707 50.85793567688413 33.91174577529879 66.38727987964583 43.212732962733995 9.637960839595504 60.512164769716904 25.08306865811407 20.070238062006943
14.197260903069534 34.23378825452964 19.95547862987124 51.27576555063768 26.245058473280544 34.904246024749845 15.845476559898012 75.46787460482149 34.42086230769521 0.0 31.519624574757447 75.39602183339932 70.29869334394124 28.211612453407064 27.537064423966818 68.7701777179464 37.619637323423106 75.02117910250387 58.264606725031676 23.490067064915053 7.824372578866194 37.04147889599428 22.83838884311726 66.17956368481913 30.852085711051714 30.518567015007584 26.872405637630614 37.32339437482014 46.053739385496115 5.824191177086034 30.64308875648976 76.6893813705722 66.96568223101237 21.356486218312988 26.677432719696704 70.61759192003653 28.56131762040855 77.41586336328105 54.40861695525728 53.00250313570577 73.00706649203309 62.77967583106113 32.032668984602935 57.87728026788889 32.39532800378676 27.184084569325456 45.548882617505846 41.89272117599543
35.50152165918831 32.2024147697045 24.386340851521588 67.97255465120367 15.661132521032266 32.017119391480556 28.217627617433095 78.91755319699462 26.402134734666163 31.519624574757447 0.0 76.29273537799524 78.28453312462754 38.151422132197816 34.632936784314424 48.155819543204316 37.423993906613426 76.3061902958289 40.60713670110837 17.841492588240357 36.64310558327693 37.62503825200014 24.11050914364486 79.75615271931969 14.404416166574599 33.84923446255109 39.03946032150695 35.80420824926648 30.30873451262376 36.06015740786858 3.769011890884048 77.23695552625503 76.32493878715391 37.44933081842826 30.992838863341525 51.6201911974474 29.833837493062738 76.39980040528751 59.62463002901837 36.66138815334208 77.23896888621 59.857102173885316 57.10343214895397 68.2400152825769 33.485777389988925 48.52230730486391 16.784995449508326 45.611512782999874
89.52318895824513 45.18308833436147 58.72749023145717 38.86324882771203 87.64873516799688 45.069781016030234 60.34916002369196 6.362447021474104 49.994223038496536 75.39602183339932 76.29273537799524 0.0 17.12092387725696 47.18565895501462 48.296141517619134 51.26628269319075 40.17913365939342 0.9518432983336588 46.26428666866184 61.28830487939304 82.53589160117254 40.347642751526166 56.788392251957106 30.887829029779823 89.11183361500541 46.271543623500904 48.62026891997857 41.390309789243936 48.88264479310758 80.08784862407319 79.56681842955011 1.4226131961563322 20.50558493693669 54.35724572380513 50.270898834131806 47.45108967219266 49.60966324370122 4.760416481233704 21.394881892280356 45.931505906915284 8.046240565808999 17.0648656851553 104.85114114119341 24.841227028307813 45.261808747182286 102.21979699009057 70.18513842220531 33.76278571925862
84.41567120387495 46.094044862059384 56.99925722792075 24.96697687955146 87.16231199171953 46.33463699262031 56.98787059680564 11.464815126531525 52.32067807853801 70.29869334394124 78.28453312462754 17.12092387725696 0.0 43.33566896417534 45.682892707261445 63.40107395242227 40.89219523254182 16.169083115554137 56.132532681692865 61.36446628811866 76.59866243961447 40.66040909893486 55.78967424690184 13.933732025643826 89.48911876936896 45.049729830382624 43.95734479366625 42.58321491939288 55.17626695910759 74.13846232215147 81.08088275015147 18.210655571300848 4.267839588471826 49.03683493115086 48.6421960259629 60.26651217770637 48.962528638021446 21.881323204665783 18.71643737841405 54.30333315140983 9.101950175008419 26.95766678895838 96.93502047186311 12.71277839352332 44.947841955210855 95.80418153556995 75.78184725833707 32.692697806499815
42.34557451077213 12.69019859431832 14.302231729432068 29.828132323606635 44.317749448589026 13.633015158890045 13.671455358945732 47.44564451120979 18.379320487528584 28.211612453407064 38.151422132197816 47.18565895501462 43.33566896417534 0.0 3.8190797161000423 50.92169035005302 12.434935318371425 46.81779524842508 39.740721474967344 20.31414752401039 35.46171438751945 11.534982587084544 14.042864893375514 42.1689535000564 47.15315788093131 7.065673302199187 2.4732131988259676 13.303556564478743 29.635208015977163 33.038996360072865 40.15650080587793 48.47777159200578 40.49765866736916 7.824372578866194 7.538142585858859 51.128975124853646 9.805234343762141 49.257466162570424 26.34980894735206 34.684814714844094 45.07780656024436 35.21455618220075 58.57317057050469 31.664325848604662 9.400964795956856 55.1650959631178 42.34439720736965 13.87306294448873
41.4402890825008 9.642248086235517 11.350890078162 33.440675166714094 41.5537869322052 10.586101670692313 12.059571248770347 49.02841088886773 14.765547288493998 27.537064423966818 34.632936784314424 48.296141517619134 45.682892707261445 3.8190797161000423 0.0 48.14323103447329 10.742884082657225 47.99654705154499 36.94637901405569 16.802933350917925 35.088730214225365 9.977966500791608 10.615635603517521 45.33780843469592 44.16200800973481 4.021549743800774 5.75420386767455 11.11970966384266 26.378924168489 32.733509639518715 36.775422368288936 49.539527150607356 43.06727432347363 9.322407746849866 3.7526170105564356 48.612320696677884 6.021360487246444 50.036440411433915 28.03999235842783 31.783966269342645 46.78239845018547 35.25769384807365 58.72508471129456 34.41637360265287 6.49427674140885 54.70564274877373 38.52692830455329 14.540505242508052
79.04968581149085 38.50471702777817 49.46839540908498 70.0929963413416 63.75155268251837 37.564854701932056 54.82960493079865 56.895835583626486 35.130796330626005 68.7701777179464 48.155819543204316 51.26628269319075 63.40107395242227 50.92169035005302 48.14323103447329 0.0 38.949975374736326 51.86878716552574 11.197076078234938 45.37661113182982 76.32161765144691 39.89828689471263 46.590056181096564 72.96876296299175 62.321507372129545 44.15020584538745 53.376749854566846 37.72426943425256 22.8586730379995 74.5830754380894 51.86036460210936 51.35490197543852 64.22228639660781 57.3296883315464 46.13004110801963 4.7428174389536615 43.34256511038835 48.41847176490602 49.02664024347835 16.421607987129953 56.980802937399645 36.45425448537425 100.16942551026206 60.863294438805674 41.68405767940341 93.22752414261846 33.07669455966348 43.44630752642307
51.129468786499984 5.230588190937518 18.91071997242811 35.05808228092104 47.546492323841896 5.451537757105773 21.783675972169362 41.96957177887455 11.639235067425616 37.619637323423106 37.423993906613426 40.17913365939342 40.89219523254182 12.434935318371425 10.742884082657225 38.949975374736326 0.0 40.02943369446961 27.87118207107121 21.185653565999704 45.33400211393917 0.9483258529118105 16.709281953601003 43.78786021735826 49.28138068975403 7.1406155637752455 14.89464939601802 1.8817452724856316 19.243978738520667 43.04585417067042 40.33159952425086 41.29984221548199 39.12799729884216 19.846711057141512 10.959799580974234 38.8676954977176 9.596450199673068 41.24691515049802 22.204219988360283 23.08311958555521 40.0862538517068 25.5410928060808 69.2229907070134 31.576246731505652 5.32241386779381 64.76759980922806 36.4323018455978 8.43109999796308
89.16262738408993 45.0658988643198 58.50343671166007 38.022696098847575 87.53602306367607 44.97236697885468 60.041212999068115 5.489737911901061 49.97478422551505 75.02117910250387 76.3061902958289 0.9518432983336588 16.169083115554137 46.81779524842508 47.99654705154499 51.86878716552574 40.02943369446961 0.0 46.70490207695589 61.16898797542811 82.12535089284324 40.176109009485494 56.59962837879949 29.940484742736043 89.04861174962376 46.039694921341216 48.21543205059187 41.27362120062946 49.099250567411616 79.67414395934945 79.55721998448568 2.22571664363901 19.563659552162786 53.93462883725915 50.030229769153316 48.09482775557128 49.42053584245748 5.7122595311970175 20.891486564139342 46.2725586334294 7.096196506769281 17.323452843597448 104.35491079027778 24.00884270296061 45.07610994536223 101.8000859924552 70.40081001947259 33.47713766566173
69.17752083067828 27.308735256245768 38.67398627403714 60.109062868897645 55.78610057910623 26.369585185333893 43.915441080235944 51.22372727926136 24.184669407933864 58.264606725031676 40.60713670110837 46.26428666866184 56.132532681692865 39.740721474967344 36.94637901405569 11.197076078234938 27.87118207107121 46.70490207695589 0.0 35.12985961879368 65.92521484271735 28.818129368210258 35.771522537566625 64.38171693483821 55.00934118757033 32.95330468550056 42.19195857930489 26.5855023248207 12.238838558859362 64.08876251075498 44.37610540833316 46.64284623519804 56.37025153732884 46.14149620399246 34.97206017448571 12.353351804357278 32.200116085991645 44.29894227261943 40.129949710611655 5.326003733095948 50.80795776386896 29.86604529033055 89.96360172475912 51.96485375475396 30.487674030810613 83.4118521147616 27.82842342239705 32.90085248567346
34.148378264505695 16.10523801126742 7.193613280720308 50.14092329992629 26.36925169809682 16.253783202107893 12.392421267586155 63.141728284388925 12.661646707110785 23.490067064915053 17.841492588240357 61.28830487939304 61.36446628811866 20.31414752401039 16.802933350917925 45.37661113182982 21.185653565999704 61.16898797542811 35.12985961879368 0.0 30.950381791703858 21.148074678452588 6.288072930509728 62.050532144401906 28.193270407084196 16.37404813533047 21.291827809064443 19.89805015006487 22.899408591476643 29.26954989450382 20.02878358910868 62.37344029789565 59.12199729823034 20.429860764299686 13.209883301701524 47.45285364646697 12.408266079254597 62.09722288480418 42.94739953950802 29.98004699345587 61.20833259222363 45.894545552299626 54.853655150430924 50.77778638573181 16.48453509973806 48.38477032002082 24.832333622425043 28.778135044287673
8.569493984947583 42.04105591291831 27.76883442695492 56.262132776245494 28.1617983048516 42.71933299776226 23.60444583892637 82.3264873812029 42.1932025492385 7.824372578866194 36.64310558327693 82.53589160117254 76.59866243961447 35.46171438751945 35.088730214225365 76.32161765144691 45.33400211393917 82.12535089284324 65.92521484271735 30.950381791703858 0.0 44.730923845797705 30.643092231426085 71.5164037059951 32.99999159550627 38.21026949504711 33.91614188479372 45.08900101768289 53.69527335443987 2.4678446251355144 35.10606350445989 83.85186866520566 73.09630049762335 28.201003015222607 34.419681297615966 78.2770252538309 36.36204836252191 84.71653387655105 61.36629331335197 60.68616771081369 79.79824570161864 70.34227671218648 24.215943046120913 64.01651160882398 40.14376908057589 19.703976308777335 51.76387842261633 49.27420826025573
50.62715673217362 5.450648683767728 18.557864660151843 34.31380529782011 47.47727974234582 5.819619469520898 21.225921619758076 41.99755741297152 12.101604627750662 37.04147889599428 37.62503825200014 40.347642751526166 40.66040909893486 11.534982587084544 9.977966500791608 39.89828689471263 0.9483258529118105 40.176109009485494 28.818129368210258 21.148074678452588 44.730923845797705 0.0 16.456506544610686 43.2740751447073 49.300479454199326 6.523262423513433 13.988425225863754 2.6076415395902477 20.10913759990617 42.42779843148698 40.474373690531166 41.48805015592344 38.80822577904263 19.00530471953814 10.439027684181541 39.809757699596105 9.291823050105286 41.51995181708844 22.013056481185167 24.02164200223026 40.06543927148631 25.96064966500163 68.56749052248891 31.133147557136375 4.949728157927371 64.20785753217207 37.020595632379326 8.048139269801473
35.300514856386705 12.194857118466263 2.9129754001869257 43.862506843986864 31.42084412223942 12.661861734211344 8.34799361619696 58.21473041209015 11.652938710226602 22.83838884311726 24.11050914364486 56.788392251957106 55.78967424690184 14.042864893375514 10.615635603517521 46.590056181096564 16.709281953601003 56.59962837879949 35.771522537566625 6.288072930509728 30.643092231426085 16.456506544610686 0.0 55.947439911988184 33.73926042026052 10.802935509538903 15.014260586540516 15.805244299286402 23.73193484596139 28.62195090593939 26.163942770023265 57.9388445899439 53.37666475460612 14.611515391717276 7.192228955655139 48.083302405677486 7.179218687782036 57.9546344291621 37.62623948351856 30.457210581285565 56.15152990288615 42.14505347239348 54.85831020024988 44.876412354460705 11.526739212204097 49.33066036855704 30.07567962361242 23.52720185417639
79.8101210829138 48.58160116196399 56.4692262959429 15.525596782744477 86.34527566995179 49.07367375723591 55.071091678305834 25.3985470659209 55.37387708422408 66.17956368481913 79.75615271931969 30.887829029779823 13.933732025643826 42.1689535000564 45.33780843469592 72.96876296299175 43.78786021735826 29.940484742736043 64.38171693483821 62.050532144401906 71.5164037059951 43.2740751447073 55.947439911988184 0.0 89.31312194703757 45.935916463790804 41.99498447595235 45.65179512451147 60.97610261265471 69.12986216640527 82.07549693412696 32.04751396284431 10.44476322804361 45.98488767734584 48.84276347004016 70.39404533803139 49.942824530577425 35.6290302950421 24.268652693908532 61.612107688328535 22.96917440782254 37.49053247269273 89.65419758762826 12.588012165132472 46.58192398161645 89.81567398794489 80.16069646518618 35.42436886749316
28.605396077721455 44.10501873409191 32.87414316227013 76.18883787844985 4.846448359915137 44.119490839574 34.685528917667064 91.24158753789752 39.21723214678123 30.852085711051714 14.404416166574599 89.11183361500541 89.48911876936896 47.15315788093131 44.16200800973481 62.321507372129545 49.28138068975403 89.04861174962376 55.00934118757033 28.193270407084196 32.99999159550627 49.300479454199326 33.73926042026052 89.31312194703757 0.0 44.43938903113486 47.393513817708566 47.872295143476954 44.574839088802264 33.41488043849051 10.636008957056314 90.13636190759289 87.11583371619368 44.24945226506115 40.926100209855996 65.91002804407889 40.54672002622757 89.57551318404784 71.13748864127314 51.03874050103237 89.36165691310337 73.11178911081844 48.61650270499647 78.57001433718662 44.6775777329763 39.15424332253235 29.90096145575374 56.9680898201931
44.14482904434735 5.686840196110294 12.468057427322545 35.06873175295052 42.22067690945459 6.63492611324524 14.711821764533282 47.47788142613417 11.472242132766153 30.518567015007584 33.84923446255109 46.271543623500904 45.049729830382624 7.065673302199187 4.021549743800774 44.15020584538745 7.1406155637752455 46.039694921341216 32.95330468550056 16.37404813533047 38.21026949504711 6.523262423513433 10.802935509538903 45.935916463790804 44.43938903113486 0.0 9.398044478049123 7.222633838576571 22.58315030929176 35.912862052925526 36.3259860872252 47.46177441798608 42.749753570874084 13.336545432032429 4.021549743800774 44.59136806566578 4.015935793470441 47.696424743297165 26.82332250650005 27.81451440732659 45.37738199025088 32.399391457989864 62.082609636856915 34.43797839141195 2.474313655023225 57.68775970862276 36.05373605221901 12.748216866673898
41.06213667999085 15.067887268085737 14.800611230888098 29.034761081840692 44.35029119435932 16.01436231221986 13.185369955978636 48.60099864300671 20.516618860033482 26.872405637630614 39.03946032150695 48.62026891997857 43.95734479366625 2.4732131988259676 5.75420386767455 53.376749854566846 14.89464939601802 48.21543205059187 42.19195857930489 21.291827809064443 33.91614188479372 13.988425225863754 15.014260586540516 41.99498447595235 47.393513817708566 9.398044478049123 0.0 15.776521229186386 31.978235859601938 31.470440512747764 40.85198507332033 49.935870830442134 40.941459910418025 5.82589887736698 9.203554067415888 53.60103704377094 11.73959832501198 50.86113831575258 27.53648189161684 37.11963049197509 46.16147810639148 37.17942432154769 56.71953629946501 31.98263751603324 11.790530454001756 53.60693780129864 44.05756953067656 15.761131652051008
50.63737810808953 3.792824067604686 18.182228812106636 36.90816045727975 46.26253277433521 3.7926173982983795 21.485344704879086 43.37710478519989 9.826048186520847 37.32339437482014 35.80420824926648 41.390309789243936 42.58321491939288 13.303556564478743 11.11970966384266 37.72426943425256 1.8817452724856316 41.27362120062946 26.5855023248207 19.89805015006487 45.08900101768289 2.6076415395902477 15.805244299286402 45.65179512451147 47.872295143476954 7.222633838576571 15.776521229186386 0.0 17.539710065340394 42.84209979715667 38.77429445705662 42.47951950343668 40.89005566500814 20.401014795467155 10.687967358695484 37.827664189058105 8.895972208004169 42.288094076716995 23.87403174694026 21.679962422686806 41.55652007620008 26.342378235867187 69.09738734877557 33.414066664624436 4.9791461865507 64.39937623234434 34.55452704896537 10.263162865304265
56.989920406614964 16.958211411319194 26.610128248112787 53.97946584116082 44.781449649363445 16.024537450621676 31.990368507542005 52.73619603050794 12.378906822066096 46.053739385496115 30.30873451262376 48.88264479310758 55.17626695910759 29.635208015977163 26.378924168489 22.8586730379995 19.243978738520667 49.099250567411616 12.238838558859362 22.899408591476643 53.69527335443987 20.10913759990617 23.73193484596139 60.97610261265471 44.574839088802264 22.58315030929176 31.978235859601938 17.539710065340394 0.0 51.87693532057819 34.02124986113837 49.58854259125848 54.48117512666362 35.19832402033966 23.84265883187348 24.5839978845899 21.00295368529524 48.064559041799384 37.209022317819965 7.1130659807859065 51.672264143389334 31.828260098725007 77.72485490592622 48.40061078225693 20.248917499186962 71.22865295928301 21.302773099809436 26.37300045676471
10.7791283337003 39.852675598381296 25.727685667059298 53.90833080154132 28.614190379050683 40.54926887831919 21.375404728178054 79.86153593155014 40.226324551000694 5.824191177086034 36.06015740786858 80.08784862407319 74.13846232215147 33.038996360072865 32.733509639518715 74.5830754380894 43.04585417067042 79.67414395934945 64.08876251075498 29.26954989450382 2.4678446251355144 42.42779843148698 28.62195090593939 69.12986216640527 33.41488043849051 35.912862052925526 31.470440512747764 42.84209979715667 51.87693532057819 0.0 34.760599854461745 81.40592584361784 70.64390431956416 25.74472961369874 32.15986954028049 76.44177039983245 34.16543670158372 82.28771288415928 58.90695028266604 58.82636837003914 77.3316718765117 67.97516996159558 26.318344128911246 61.56237815575315 37.88422591787355 22.138260858312503 50.764496254508515 46.86656625625118
33.18789321372525 35.10117110700853 26.06092706691098 69.88021227991608 12.10822306795809 34.981941798777875 29.315952792753855 82.04542597367521 29.58554331173535 30.64308875648976 3.769011890884048 79.56681842955011 81.08088275015147 40.15650080587793 36.775422368288936 51.86036460210936 40.33159952425086 79.55721998448568 44.37610540833316 20.02878358910868 35.10606350445989 40.474373690531166 26.163942770023265 82.07549693412696 10.636008957056314 36.3259860872252 40.85198507332033 38.77429445705662 34.02124986113837 34.760599854461745 0.0 80.5358206960341 78.99737003598493 38.77642091226523 33.23281845310665 55.360767159250614 32.31977877721819 79.7816342191296 62.484803047211194 40.41724954619627 80.30548945367693 63.25264724785615 54.5992160154838 70.76357061530784 36.156333760052995 45.778119363368916 20.072971529461405 48.388936743044496
90.80589624765997 46.271079731321514 59.90813990724161 40.2451587725674 88.7232424418381 46.138672430606924 61.59659500623312 7.114225453651488 50.98135144371936 76.6893813705722 77.23695552625503 1.4226131961563322 18.210655571300848 48.47777159200578 49.539527150607356 51.35490197543852 41.29984221548199 2.22571664363901 46.64284623519804 62.37344029789565 83.85186866520566 41.48805015592344 57.9388445899439 32.04751396284431 90.13636190759289 47.46177441798608 49.935870830442134 42.47951950343668 49.58854259125848 81.40592584361784 80.5358206960341 0.0 21.705388164242645 55.68285113506942 51.46731906382308 47.4601189196761 50.76229117856758 3.8170752202037925 22.769894564291103 46.464790287377895 9.10871911130225 17.76466037163444 106.21441711498623 26.228473433595838 46.41281749896563 103.54058248504809 70.88405129045239 35.00052522306602
81.02151174911155 44.25849048466967 54.417609653532914 20.713723404237882 84.62059628980471 44.576488262715664 54.07328660556567 15.317317110481643 50.70406960526696 66.96568223101237 76.32493878715391 20.50558493693669 4.267839588471826 40.49765866736916 43.06727432347363 64.22228639660781 39.12799729884216 19.563659552162786 56.37025153732884 59.12199729823034 73.09630049762335 38.80822577904263 53.37666475460612 10.44476322804361 87.11583371619368 42.749753570874084 40.941459910418025 40.89005566500814 54.48117512666362 70.64390431956416 78.99737003598493 21.705388164242645 0.0 45.82474369796517 46.190973674963516 61.33244098462526 46.72165409594331 25.22714280027312 17.360913679438895 54.160309493073726 12.717617698126062 28.046840449964417 93.09036387827469 9.091127126128473 42.85413143507982 92.17143566265364 74.6921935174964 30.764637802583948
35.54758208109759 18.85860814620043 13.280057500688226 32.04709488165751 40.81681424858804 19.788133997659067 9.59729342194283 54.168603804459615 23.065765156624618 21.356486218312988 37.44933081842826 54.35724572380513 49.03683493115086 7.824372578866194 9.322407746849866 57.3296883315464 19.846711057141512 53.93462883725915 46.14149620399246 20.429860764299686 28.201003015222607 19.00530471953814 14.611515391717276 45.98488767734584 44.24945226506115 13.336545432032429 5.82589887736698 20.401014795467155 35.19832402033966 25.74472961369874 38.77642091226523 55.68285113506942 45.82474369796517 0.0 11.360267300648454 57.90365665635725 14.202126355640344 56.66060670798456 33.16856441227878 40.92702703008425 51.67817559397281 42.97271026006704 50.89385631432523 36.767560376174465 15.801191653293278 47.86546215960485 44.6692471836629 21.56737999506859
40.18840380010492 8.046665311221767 8.521279235830953 37.167809756255046 38.5251589505323 8.895563895004255 10.832851280708793 51.39043006028668 11.749601200770908 26.677432719696704 30.992838863341525 50.270898834131806 48.6421960259629 7.538142585858859 3.7526170105564356 46.13004110801963 10.959799580974234 50.030229769153316 34.97206017448571 13.209883301701524 34.419681297615966 10.439027684181541 7.192228955655139 48.84276347004016 40.926100209855996 4.021549743800774 9.203554067415888 10.687967358695484 23.84265883187348 32.15986954028049 33.23281845310665 51.46731906382308 46.190973674963516 11.360267300648454 0.0 46.92241264989931 2.841863573142044 51.717668306766335 30.6156856656969 29.70859534951171 49.2504112602176 36.38190665140231 58.40958304136591 37.68712733458779 5.724773184739251 53.81026505820991 34.87330600519181 16.65447039064653
81.43589150191603 39.06008296285486 50.99066303609308 68.44117354152533 67.10746924414917 38.14260410962598 56.1724017129163 53.23785119493893 36.46097990402552 70.61759192003653 51.6201911974474 47.45108967219266 60.26651217770637 51.128975124853646 48.612320696677884 4.7428174389536615 38.8676954977176 48.09482775557128 12.353351804357278 47.45285364646697 78.2770252538309 39.809757699596105 48.083302405677486 70.39404533803139 65.91002804407889 44.59136806566578 53.60103704377094 37.827664189058105 24.5839978845899 76.44177039983245 55.360767159250614 47.4601189196761 61.33244098462526 57.90365665635725 46.92241264989931 0.0 44.20704467024896 44.39507940256811 46.78663380482795 17.633922460146394 53.48319138235418 33.34057380913105 102.3003928963056 58.52587778822375 42.11804654863287 95.66024216358055 37.0882073819183 42.513097751348354
41.74931535369556 5.690452784629573 9.323283013002339 38.869202242973216 38.45292290983695 6.432326782197736 12.803518765415477 51.0739747730852 8.935376479427822 28.56131762040855 29.833837493062738 49.60966324370122 48.962528638021446 9.805234343762141 6.021360487246444 43.34256511038835 9.596450199673068 49.42053584245748 32.200116085991645 12.408266079254597 36.36204836252191 9.291823050105286 7.179218687782036 49.942824530577425 40.54672002622757 4.015935793470441 11.73959832501198 8.895972208004169 21.00295368529524 34.16543670158372 32.31977877721819 50.76229117856758 46.72165409594331 14.202126355640344 2.841863573142044 44.20704467024896 0.0 50.809600435539515 30.615238782971456 26.921982561525894 49.043056929920496 35.12165373583458 60.47380104889358 38.447658483387606 4.349823232545332 55.5573798375201 32.57852837161129 16.460360303220835
91.45046161365427 46.05714772791091 60.058671320131445 43.13494759191598 88.3605602588026 45.84766011738745 62.0822033448083 10.928028367672098 50.35828487850443 77.41586336328105 76.39980040528751 4.760416481233704 21.881323204665783 49.257466162570424 50.036440411433915 48.41847176490602 41.24691515049802 5.7122595311970175 44.29894227261943 62.09722288480418 84.71653387655105 41.51995181708844 57.9546344291621 35.6290302950421 89.57551318404784 47.696424743297165 50.86113831575258 42.288094076716995 48.064559041799384 82.28771288415928 79.7816342191296 3.8170752202037925 25.22714280027312 56.66060670798456 51.717668306766335 44.39507940256811 50.809600435539515 0.0 24.3158194462978 44.4893184803466 12.801806354729159 16.547042171324488 107.42198522399535 29.112735761912862 46.46922864336545 104.42050906451979 69.28917208483554 35.537804565762706
68.59524701383968 27.422220702612208 39.11427906935161 22.766493440487835 69.03971004663437 27.63570284788262 39.887812997268576 21.096187800619695 33.60496390875945 54.40861695525728 59.62463002901837 21.394881892280356 18.71643737841405 26.34980894735206 28.03999235842783 49.02664024347835 22.204219988360283 20.891486564139342 40.129949710611655 42.94739953950802 61.36629331335197 22.013056481185167 37.62623948351856 24.268652693908532 71.13748864127314 26.82332250650005 27.53648189161684 23.87403174694026 37.209022317819965 58.90695028266604 62.484803047211194 22.769894564291103 17.360913679438895 33.16856441227878 30.6156856656969 46.78663380482795 30.615238782971456 24.3158194462978 0.0 37.38010254379053 18.757792593746096 15.914558633940658 83.46397400863545 11.86328657546251 26.465027603476727 81.00474120761133 57.33677444048863 14.169484108002695
64.09365613928655 22.142658828744683 33.36216712820348 56.32022411311443 51.51186737326032 21.1979268751368 38.59010596039852 50.425839940194955 18.85989939955707 53.00250313570577 36.66138815334208 45.931505906915284 54.30333315140983 34.684814714844094 31.783966269342645 16.421607987129953 23.08311958555521 46.2725586334294 5.326003733095948 29.98004699345587 60.68616771081369 24.02164200223026 30.457210581285565 61.612107688328535 51.03874050103237 27.81451440732659 37.11963049197509 21.679962422686806 7.1130659807859065 58.82636837003914 40.41724954619627 46.464790287377895 54.160309493073726 40.92702703008425 29.70859534951171 17.633922460146394 26.921982561525894 44.4893184803466 37.38010254379053 0.0 49.72077388009499 29.025615943959792 84.76369956609861 49.06963820972703 25.362007536899235 78.33299238665964 25.4313332779908 28.78119230639592
87.20419369348419 45.28730797446715 57.768991221062656 32.23042556354648 87.48449140323139 45.342572048511364 58.64417740522463 2.8452263923140793 50.85793567688413 73.00706649203309 77.23896888621 8.046240565808999 9.101950175008419 45.07780656024436 46.78239845018547 56.980802937399645 40.0862538517068 7.096196506769281 50.80795776386896 61.20833259222363 79.79824570161864 40.06543927148631 56.15152990288615 22.96917440782254 89.36165691310337 45.37738199025088 46.16147810639148 41.55652007620008 51.672264143389334 77.3316718765117 80.30548945367693 9.10871911130225 12.717617698126062 51.67817559397281 49.2504112602176 53.48319138235418 49.043056929920496 12.801806354729159 18.757792593746096 49.72077388009499 0.0 20.945483325962307 101.28002635432047 18.493971550045053 44.78053045423353 99.3396544602877 72.8183693940536 32.629927301447324
76.53882314143699 30.03240229670272 44.44434513363989 38.64822722164243 72.02222045265229 29.726233128604832 47.07849990455945 21.43088444979764 33.91174577529879 62.77967583106113 59.857102173885316 17.0648656851553 26.95766678895838 35.21455618220075 35.25769384807365 36.45425448537425 25.5410928060808 17.323452843597448 29.86604529033055 45.894545552299626 70.34227671218648 25.96064966500163 42.14505347239348 37.49053247269273 73.11178911081844 32.399391457989864 37.17942432154769 26.342378235867187 31.828260098725007 67.97516996159558 63.25264724785615 17.76466037163444 28.046840449964417 42.97271026006704 36.38190665140231 33.34057380913105 35.12165373583458 16.547042171324488 15.914558633940658 29.025615943959792 20.945483325962307 0.0 93.7737068637035 26.451018838714166 30.858911892196524 89.95882412395473 53.12813871123529 21.422578526873245
21.710200837332206 66.16317612125869 51.98455435948028 74.14003704790059 44.21897624666345 66.8657055762016 47.673647695048466 103.94747715627794 66.38727987964583 32.032668984602935 57.10343214895397 104.85114114119341 96.93502047186311 58.57317057050469 58.72508471129456 100.16942551026206 69.2229907070134 104.35491079027778 89.96360172475912 54.853655150430924 24.215943046120913 68.56749052248891 54.85831020024988 89.65419758762826 48.61650270499647 62.082609636856915 56.71953629946501 69.09738734877557 77.72485490592622 26.318344128911246 54.5992160154838 106.21441711498623 93.09036387827469 50.89385631432523 58.40958304136591 102.3003928963056 60.47380104889358 107.42198522399535 83.46397400863545 84.76369956609861 101.28002635432047 93.7737068637035 0.0 84.2256693658527 64.12591015235306 9.823746757946662 73.46474008867908 72.4330064858227
71.93048267827015 36.529590525844014 45.751126851064356 14.029149617087198 75.92919250313881 36.952754617076685 45.15067805304429 21.33919794235913 43.212732962733995 57.87728026788889 68.2400152825769 24.841227028307813 12.71277839352332 31.664325848604662 34.41637360265287 60.863294438805674 31.576246731505652 24.00884270296061 51.96485375475396 50.77778638573181 64.01651160882398 31.133147557136375 44.876412354460705 12.588012165132472 78.57001433718662 34.43797839141195 31.98263751603324 33.414066664624436 48.40061078225693 61.56237815575315 70.76357061530784 26.228473433595838 9.091127126128473 36.767560376174465 37.68712733458779 58.52587778822375 38.447658483387606 29.112735761912862 11.86328657546251 49.06963820972703 18.493971550045053 26.451018838714166 84.2256693658527 0.0 34.794962019223725 83.1378774343636 67.79342192246892 23.150933802440054
45.825449437528206 3.2917071539464806 13.613631116536371 36.35206271031633 42.704752167421965 4.232303833602497 16.549970411155883 46.77881342819135 9.637960839595504 32.39532800378676 33.485777389988925 45.261808747182286 44.947841955210855 9.400964795956856 6.49427674140885 41.68405767940341 5.32241386779381 45.07610994536223 30.487674030810613 16.48453509973806 40.14376908057589 4.949728157927371 11.526739212204097 46.58192398161645 44.6775777329763 2.474313655023225 11.790530454001756 4.9791461865507 20.248917499186962 37.88422591787355 36.156333760052995 46.41281749896563 42.85413143507982 15.801191653293278 5.724773184739251 42.11804654863287 4.349823232545332 46.46922864336545 26.465027603476727 25.362007536899235 44.78053045423353 30.858911892196524 64.12591015235306 34.794962019223725 0.0 59.51017163832393 34.582564006081185 12.297917765663158
14.23953520678015 61.175788742342824 46.57086177065685 74.34228365825722 34.90951908147945 61.78839024662263 42.98531358248434 101.90152543472396 60.512164769716904 27.184084569325456 48.52230730486391 102.21979699009057 95.80418153556995 55.1650959631178 54.70564274877373 93.22752414261846 64.76759980922806 101.8000859924552 83.4118521147616 48.38477032002082 19.703976308777335 64.20785753217207 49.33066036855704 89.81567398794489 39.15424332253235 57.68775970862276 53.60693780129864 64.39937623234434 71.22865295928301 22.138260858312503 45.778119363368916 103.54058248504809 92.17143566265364 47.86546215960485 53.81026505820991 95.66024216358055 55.5573798375201 104.42050906451979 81.00474120761133 78.33299238665964 99.3396544602877 89.95882412395473 9.823746757946662 83.1378774343636 59.51017163832393 0.0 65.13764261481212 68.96654393674469
