0.0 47.160975297380936 44.063074680299486 83.37427443330664 79.04375321278508 18.581856256616703 40.39223743386619 47.65519439870246 87.14791271035207 40.71879976529438 68.04542426258641 30.40517392048013 52.46281997914972 22.6345299303403 33.51728701949848 74.29408959027867 68.99523596471708 42.61149981489187 55.36922202154381 42.87427598624114 11.124651490595047 46.70628080643423 52.20475767552025 60.043070179155876 70.48860042156356 68.54987037160706 39.359620874540475 58.627212698334674 91.32594666703802 39.52728491420546 67.95889223920963 47.13060077658655 31.63247504506944 22.193523545470388 34.940843486386996 46.36186138521183 58.44475591342044 32.30927937926747 61.67098739361527 41.71959738297258 68.24962291355418 70.0524066632709 90.59691454264619 68.80569172797874 76.85071587753146 34.407191359683104
47.160975297380936 0.0 26.516180850394974 36.213323390154116 39.701229999094 28.627173277713123 13.60974532963719 2.593689275918356 40.33543736324029 16.35554081550268 24.031796411146352 28.630479901746874 5.3184515509078345 24.73393327744523 22.920162189455212 33.90439284681132 43.762088319260485 9.46188801056833 43.70357767726333 31.177711749272028 36.19995288742529 7.180906449037373 11.933913061856876 13.025277552571465 32.416276795846876 81.19048708143765 11.981802282546496 67.5732982162055 45.675171163407995 14.781709258778298 25.405680789507166 67.02326030816374 15.537342705752316 27.0556181819581 18.312959150396004 11.573834750399323 21.25079618553973 18.90814970524273 43.162545182128525 26.452707738885838 22.770296094663944 24.35706015572207 43.50346767646922 22.795732013399867 32.0629268753495 21.554672728315396
44.063074680299486 26.516180850394974 0.0 52.669795134301694 65.4686649189842 29.563131877738932 13.721454939872874 24.372612492220384 53.00338076638062 38.16595759994623 31.52079242486192 43.79470393114032 29.38972447039284 30.129851180114148 11.487151013193936 59.60978567188094 25.439608340220577 32.63454119032949 17.861734328044182 5.134779576797761 36.590825087475594 32.869167148611766 19.331303996073487 32.17584175298657 58.691125401124914 55.19043135703287 16.205648858116007 41.53714332463031 66.85243187592843 35.850666380850775 29.824515901720222 43.61362883406378 24.47399761933645 35.116077130759884 13.332673091474236 36.667755125983916 18.870706837568108 34.44752380711433 20.114566340174477 2.3584034789376864 46.347822623827106 35.587209451604316 57.78009744293677 45.651163471285756 55.394802144343906 11.307427749052065
83.37427443330664 36.213323390154116 52.669795134301694 0.0 31.698851975403755 64.8308101050903 45.772456252533516 35.8831502541374 8.033050255370652 47.09027281450648 22.056110528617307 61.29052140280334 30.91573057524906 60.88628712522014 55.56103972031721 28.46572450846626 52.482441199292836 42.21859963710551 63.61181120768837 57.69992908035497 72.39280951502508 37.87538653430648 34.345313658721174 23.476525574636455 32.53741006189768 105.22400533559947 45.655416900383166 91.97093305603981 17.35754985865898 46.95249247458559 24.81803921703629 96.23024756642472 51.746965584040474 62.72436207314578 51.72974131573567 40.054140633526806 34.59689147278045 53.3728963783833 58.28484658419289 54.05930145397741 18.920791048019073 17.349988247940654 7.932387672355871 17.369877376421982 17.318254126302143 54.15888244169392
79.04375321278508 39.701229999094 65.4686649189842 31.698851975403755 0.0 62.79285194706579 53.291873700635335 41.40756275182027 39.68739066705993 38.41055629624785 44.73392295831816 49.957654756236316 36.09424501668072 57.736656954706866 62.48110941892632 5.859361243625183 75.82510114382936 38.31219972849326 81.30571200775208 70.4081199679551 68.2882763033097 35.387533442106054 46.91437877106369 34.7835693625749 8.558025606019548 120.61244998894756 51.63917783644261 106.96115859597903 21.788487174478053 39.87667079997782 47.99127087651595 106.64747081698481 51.47278078732343 56.91813038112175 57.82386996778466 33.79754073594266 52.98496793312634 46.9503466267667 78.63109561420725 65.77643363996293 20.535757167807976 40.34094618754496 37.67582415076726 21.966697642686206 14.83393330668414 61.153621039570645
18.581856256616703 28.627173277713123 29.563131877738932 64.8308101050903 62.79285194706579 0.0 22.591225176916243 29.073418745564975 68.57437113904798 24.69736222476085 49.766180724352054 19.761050587863405 33.94066497367215 5.134897608515571 18.083903235857566 57.646146190572985 54.96698104613104 24.966430894112165 44.64967618804412 30.17037640413641 8.023259843597843 28.787249996839435 34.00037944318111 41.466498644868736 54.3496366100439 69.07676598705218 21.197994290968623 56.851185173632864 73.37570327547719 22.97603335155904 49.89655250976633 49.86871897068344 13.09112217569697 8.47086646463972 17.853779889156428 29.163570521225328 40.97478744634751 16.25191104533279 49.20114617659726 27.440122576074497 50.21269601760266 51.57030404708598 72.01925286514835 50.64095345953257 59.07099981009381 18.468228391426155
40.39223743386619 13.60974532963719 13.721454939872874 45.772456252533516 53.291873700635335 22.591225176916243 0.0 11.982029202623037 48.0749383633339 24.59566216390364 27.837924105499468 31.914320190587237 17.621494612739415 20.942297785595855 9.9582923731014 47.47933694729716 35.66715129335402 18.913141996232678 31.534356013265203 17.91655022035437 30.582419768417868 19.346532906273243 12.060078553260226 22.795956840384555 46.00647249592603 67.63751457286487 2.6011330896147347 54.04353401829102 57.66929308575984 22.316309317387713 27.57494320555324 53.58035339410341 12.695386752359106 25.28307965104502 5.992377700193609 22.99298317207002 18.40075610980786 21.936412156662193 32.65366072004028 13.18238073402563 35.520474214668084 30.41231219792547 52.15795692229772 35.20809797056588 44.835689434817034 8.535679176945068
47.65519439870246 2.593689275918356 24.372612492220384 35.8831502541374 41.40756275182027 29.073418745564975 11.982029202623037 0.0 39.53641483016335 18.76627474391845 22.250397328241895 30.599774215210253 5.724469741742856 25.510355728833865 21.66664191193669 35.573922668528496 41.16865961691613 11.871295355679559 41.35667745991591 29.146499596798517 36.830107761106284 9.773991001752284 9.382240331276183 12.423269122949343 34.35643971286693 79.28080574534873 10.742461846325487 65.64349326230689 46.25153642519575 17.082924510611488 23.39911592571083 65.56094076822981 16.098343158142093 28.232424805101733 17.174041669701015 14.166719654425673 18.7239764364257 20.666974898877292 40.6443520254059 24.45365077774164 23.677997796244984 23.008187619464586 42.95564316943389 23.50601855041878 33.00744252192241 20.266892337643622
87.14791271035207 40.33543736324029 53.00338076638062 8.033050255370652 39.68739066705993 68.57437113904798 48.0749383633339 39.53641483016335 0.0 52.85653850229887 21.4827065788664 66.97238634808006 35.22620346644359 65.0079041037501 57.47778876741327 36.492442048077734 48.964808903138874 47.41718709246527 61.88230355800421 57.83087251205985 76.366468597258 43.12803436727578 36.12291635146771 27.31143427266125 40.499887307187194 103.43881171945654 48.38026987965372 90.49352064056765 23.527521929884507 52.449981014894455 23.473117736595754 96.0447555776179 55.63341074456059 67.33289636614117 54.060891090065596 45.82355515156547 34.232907827418565 58.44897004001028 55.76709944259275 54.66168284491508 26.106150136110013 17.775932129969082 5.312596020237936 24.40046926887917 25.347428195652235 56.122794361128896
40.71879976529438 16.35554081550268 38.16595759994623 47.09027281450648 38.41055629624785 24.69736222476085 24.59566216390364 18.76627474391845 52.85653850229887 0.0 39.731818393166385 14.200929382991836 19.423770452105014 19.568532349425144 30.063557531824173 33.57529709149211 59.07457437889012 6.898608423645196 56.027406959895984 41.787689347790625 29.881443344989595 10.280270931442374 28.080107723743467 26.906874660660073 29.881337264437533 89.28690307009887 22.024023904485993 76.07201036849092 51.61978660605266 2.3511795385492733 41.45782563704716 72.21073242763731 15.69033889007486 18.53622546372466 25.894696475464528 7.047502580948084 37.434816872503745 8.558500508294463 57.1176418559695 37.235192813423325 29.349598401625332 39.12601927345585 54.94688734253591 30.378647657036662 37.00941397043787 29.137239572535442
68.04542426258641 24.031796411146352 31.52079242486192 22.056110528617307 44.73392295831816 49.766180724352054 27.837924105499468 22.250397328241895 21.4827065788664 39.731818393166385 0.0 52.65376507330794 20.32012400811334 46.981479000622365 36.63643011700465 39.483745862688416 31.755272362292455 33.08752831533767 41.56526104338446 36.36257960568488 57.76935522248026 29.492829830866615 15.848085311582045 13.694223329247048 41.21615010379207 83.16842450327906 28.685870310419457 69.92558636607018 38.28551541455658 38.51593230244921 3.2769956578847808 74.68983195510904 37.53555974969043 50.22607551142619 33.68092909505565 33.46583732189111 12.803518765415477 42.88576720020836 36.525481407246744 33.19908307639322 24.521757364290355 4.938491649815704 26.325629945353413 22.88895900778418 30.845092465987992 35.34183570158687
30.40517392048013 28.630479901746874 43.79470393114032 61.29052140280334 49.957654756236316 19.761050587863405 31.914320190587237 30.599774215210253 66.97238634808006 14.200929382991836 52.65376507330794 0.0 32.71772032661013 15.681110976695548 33.2607497609261 45.821503235493076 67.57226816069746 19.832853305241056 60.97996765754304 46.10954633525609 21.118032485487742 23.958757402969553 39.1721589151156 40.54149180459097 41.46971595655685 88.76647964950426 29.43550078500523 76.33821237246927 65.21574079452124 14.56108727434508 53.988245375347205 69.58885491651243 19.451830738221123 11.292485821277161 30.46243224176536 21.238918169457854 48.215372585640694 10.23291395000217 63.83908397017095 42.21430393511991 43.418785052011664 52.608567762715815 69.1417930906176 44.516562902146 50.66103056216645 32.88766291285451
52.46281997914972 5.3184515509078345 29.38972447039284 30.91573057524906 36.09424501668072 33.94066497367215 17.621494612739415 5.724469741742856 35.22620346644359 19.423770452105014 20.32012400811334 32.71772032661013 0.0 29.987020040783488 27.38137054569271 30.238408592872567 43.72565370979298 12.915739965584345 45.77931818660082 34.31392415131451 41.47962151828409 9.17295925490282 11.84933706653224 7.983479014608893 29.40842167742639 84.51913896035275 16.466820292146643 70.86724738717079 40.58700666048373 18.318093373834433 22.194347916486173 71.18494645452122 20.849637523199974 32.107677585140664 22.89851043012323 13.252470754661552 20.352180742752292 23.455007037382316 44.28690598701154 29.69258498569416 17.955394047512637 19.890883235883738 38.26294648740821 17.79350964455569 27.284720100967185 25.977883490616705
22.6345299303403 24.73393327744523 30.129851180114148 60.88628712522014 57.736656954706866 5.134897608515571 20.942297785595855 25.510355728833865 65.0079041037501 19.568532349425144 46.981479000622365 15.681110976695548 29.987020040783488 0.0 18.82906144131779 52.64037069136007 55.16093222939848 20.160593460384376 46.37285396265691 31.57233583967306 11.53980735399499 24.13795941027922 31.490213737029695 37.73323322277987 49.27348540617201 73.18506161338223 19.08700145514272 60.66829660294135 68.78718975870619 17.881435210117377 47.408471771346676 54.44655219910545 9.478863765260764 5.066715837839552 17.293932623851667 24.216713842343587 39.2084946400669 11.119539542999792 50.169827951678855 28.220676510647188 45.66375894547183 48.38872033124634 68.23620807263659 46.184142481217165 54.38772672039143 18.82544108130204
33.51728701949848 22.920162189455212 11.487151013193936 55.56103972031721 62.48110941892632 18.083903235857566 9.9582923731014 21.66664191193669 57.47778876741327 30.063557531824173 36.63643011700465 33.2607497609261 27.38137054569271 18.82906144131779 0.0 56.73302358430161 36.886110543600715 25.88505693974984 27.74366901216279 12.868278077187558 25.283142024098467 27.51830208930253 21.382248421917037 32.743930511003754 54.86837441924529 59.53373487777289 10.959799580974234 46.15005149736604 67.61983655993298 27.718889491796872 35.8521181738011 44.16652480433891 14.773744856391843 23.873234305457405 4.6638320380992235 30.43311126760469 25.512062630500388 24.69824316248157 31.36737431344788 9.434670105192215 45.33400211393917 39.711483108113924 61.74098582971361 45.08900101768289 54.66191586986608 1.4226131961563322
74.29408959027867 33.90439284681132 59.60978567188094 28.46572450846626 5.859361243625183 57.646146190572985 47.47933694729716 35.573922668528496 36.492442048077734 33.57529709149211 39.483745862688416 45.821503235493076 30.238408592872567 52.64037069136007 56.73302358430161 0.0 70.28551675657525 32.931536316687485 75.47854853577994 64.55221754998705 63.416738279946856 29.816681385920255 41.07958362065531 29.052021439708742 5.139965427606738 114.75748110922271 45.86171884051603 101.10564800636351 21.905794600158345 34.876154638773194 42.7142872541427 100.89318211566754 46.03496980860327 52.107942841820424 52.081721654773666 28.513111143780186 47.29671020122841 42.040711745048576 72.89802071013217 59.9244415774333 15.035662981127723 35.257583899539064 35.17424849750989 16.597662510937603 11.148673735449455 55.3961095778905
68.99523596471708 43.762088319260485 25.439608340220577 52.482441199292836 75.82510114382936 54.96698104613104 35.66715129335402 41.16865961691613 48.964808903138874 59.07457437889012 31.755272362292455 67.57226816069746 43.72565370979298 55.16093222939848 36.886110543600715 70.28551675657525 0.0 52.474831563903635 17.942624787110923 26.1515852828611 62.014943357393385 50.94259072265243 32.07311884422047 41.56477022787706 71.16673161725956 56.19675747617331 38.185318688509625 44.46332812801864 69.53847454335997 56.99482820544054 28.52157085860028 54.37725831038052 48.207157200998324 60.01409748586654 37.894423247843264 55.328116062676735 23.54824454015075 57.58465342972193 9.596063756794521 27.658873937078248 55.29503971701397 36.623919634322576 54.276060040809604 53.878170524256355 62.47369993097086 36.54870856926096
42.61149981489187 9.46188801056833 32.63454119032949 42.21859963710551 38.31219972849326 24.966430894112165 18.913141996232678 11.871295355679559 47.41718709246527 6.898608423645196 33.08752831533767 19.832853305241056 12.915739965584345 20.160593460384376 25.88505693974984 32.931536316687485 52.474831563903635 0.0 50.42641859073441 36.65869799867481 31.496118017725333 4.343705579640881 21.207239013428094 20.710071513111817 30.10136054620298 85.41491477815178 16.468353788962816 71.99171865020034 48.71676133789368 5.428411760682581 34.691633315836974 69.41616963975962 13.179166380104355 20.855148270740013 21.372730373460392 4.659600768135108 30.563328005588108 11.158421371197859 50.96034104041993 31.977109657610843 25.702878988789266 32.79627436008801 49.9275970789969 26.39282721108938 34.25159734447649 24.764385019345365
55.36922202154381 43.70357767726333 17.861734328044182 63.61181120768837 81.30571200775208 44.64967618804412 31.534356013265203 41.35667745991591 61.88230355800421 56.027406959895984 41.56526104338446 60.97996765754304 45.77931818660082 46.37285396265691 27.74366901216279 75.47854853577994 17.942624787110923 50.42641859073441 0.0 14.876148534315012 50.41613891000438 50.39097852025727 34.404377851900264 46.76713567893369 75.1397651611705 41.63720584854564 34.05184361064332 28.626512315393445 79.5430102924161 53.710489171509806 38.847897327817854 36.65954469350632 41.991975502164266 51.439480147287334 30.770689791264804 54.34044624716668 29.531090532531245 52.025381179503604 8.360859652999324 18.96120846396539 61.30398391137469 46.3816774829767 67.09433544645492 60.29543190521004 69.80965266793504 28.10104815388132
42.87427598624114 31.177711749272028 5.134779576797761 57.69992908035497 70.4081199679551 30.17037640413641 17.91655022035437 29.146499596798517 57.83087251205985 41.787689347790625 36.36257960568488 46.10954633525609 34.31392415131451 31.57233583967306 12.868278077187558 64.55221754998705 26.1515852828611 36.65869799867481 14.876148534315012 0.0 36.51445097207508 37.25784489922535 24.461481458784842 37.30059930235779 63.50290846121368 50.20633531256971 20.218589976519574 36.553606548313674 71.98281172914292 39.44414692883313 34.50668111473626 38.53990386954181 27.248729603383133 36.636690203846186 16.08244913870185 40.873267535146276 23.606184807839284 37.27973454963945 19.155916449227153 4.7424276523390265 51.429882431604454 40.54447609048447 62.67228834841009 50.75615081594021 60.50311878234825 13.25334231164643
11.124651490595047 36.19995288742529 36.590825087475594 72.39280951502508 68.2882763033097 8.023259843597843 30.582419768417868 36.830107761106284 76.366468597258 29.881443344989595 57.76935522248026 21.118032485487742 41.47962151828409 11.53980735399499 25.283142024098467 63.416738279946856 62.014943357393385 31.496118017725333 50.41613891000438 36.51445097207508 0.0 35.5816789446988 42.01918434776652 49.15446413605575 59.74975423860699 70.52346856883463 29.221214745908515 59.13430805090712 80.20607904618275 28.56241814647411 57.91942850948939 50.12869502867739 20.736257383588093 11.398217422770939 25.64951627597764 35.30640279355358 48.94119382837914 21.376026540709184 55.67034413929856 34.35633865023585 57.12498236578695 59.49684832644353 79.6937756792305 57.68505582139759 65.74310011816713 25.872510540608765
46.70628080643423 7.180906449037373 32.869167148611766 37.87538653430648 35.387533442106054 28.787249996839435 19.346532906273243 9.773991001752284 43.12803436727578 10.280270931442374 29.492829830866615 23.958757402969553 9.17295925490282 24.13795941027922 27.51830208930253 29.816681385920255 50.94259072265243 4.343705579640881 50.39097852025727 37.25784489922535 35.5816789446988 0.0 19.038344572074397 16.667034521458017 27.46688677359825 86.77491804762123 17.183812076814867 73.23910505645769 44.64923346438908 9.40124813143935 31.322362772832793 71.54518689802887 16.37196775893001 25.120031018138587 22.872769321216744 4.419164836634687 28.279294106168624 15.50171108161711 50.20882449177511 32.518410577045735 21.54347177962909 28.8612639431116 45.59107987406157 22.15317009354944 30.28459446210771 26.27554366829183
52.20475767552025 11.933913061856876 19.331303996073487 34.345313658721174 46.91437877106369 34.00037944318111 12.060078553260226 9.382240331276183 36.12291635146771 28.080107723743467 15.848085311582045 39.1721589151156 11.84933706653224 31.490213737029695 21.382248421917037 41.07958362065531 32.07311884422047 21.207239013428094 34.404377851900264 24.461481458784842 42.01918434776652 19.038344572074397 0.0 12.853887843949382 40.83134439583195 74.28026082857332 12.848986040474834 60.654199699528185 47.63251506786848 26.291520358414278 15.933628612959323 62.696609504642055 22.18709249148484 35.11068322369206 17.997918898661435 23.456552315571038 9.356145358458942 28.993335788350162 32.46875173664025 20.26702661516749 27.193407701008336 18.392599891867015 40.36154801463118 26.39282721108938 36.11431172627371 20.013024378144927
60.043070179155876 13.025277552571465 32.17584175298657 23.476525574636455 34.7835693625749 41.466498644868736 22.795956840384555 12.423269122949343 27.31143427266125 26.906874660660073 13.694223329247048 40.54149180459097 7.983479014608893 37.73323322277987 32.743930511003754 29.052021439708742 41.56477022787706 20.710071513111817 46.76713567893369 37.30059930235779 49.15446413605575 16.667034521458017 12.853887843949382 0.0 29.60632528219908 87.09271111303367 22.3656535804186 73.47912722639528 35.051158551785925 26.032266799139222 16.229425426392694 75.37253726380617 28.427701475493414 40.04016256288468 28.622873198038256 20.24373269496369 18.273016744349793 31.42544355132021 43.85015828347815 33.02199856492656 14.536933281504695 12.241104197999785 30.553912509265327 13.59201254989252 23.27688993659388 31.32238992057996
70.48860042156356 32.416276795846876 58.691125401124914 32.53741006189768 8.558025606019548 54.3496366100439 46.00647249592603 34.35643971286693 40.499887307187194 29.881337264437533 41.21615010379207 41.46971595655685 29.40842167742639 49.27348540617201 54.86837441924529 5.139965427606738 71.16673161725956 30.10136054620298 75.1397651611705 63.50290846121368 59.74975423860699 27.46688677359825 40.83134439583195 29.60632528219908 0.0 113.60235744020359 44.18110781912804 99.97758483002322 27.03957135542869 31.396048133211345 44.36143186718911 98.98598068681865 43.28011378566331 48.37285915029896 50.20516523204145 25.515165361414642 47.81897079497031 38.430698220313005 73.1163522563272 58.80609818903421 16.851596517976816 37.34095192546937 39.58434284437336 18.634340419969988 15.443315895024218 53.57881531916177
68.54987037160706 81.19048708143765 55.19043135703287 105.22400533559947 120.61244998894756 69.07676598705218 67.63751457286487 79.28080574534873 103.43881171945654 89.28690307009887 83.16842450327906 88.76647964950426 84.51913896035275 73.18506161338223 59.53373487777289 114.75748110922271 56.19675747617331 85.41491477815178 41.63720584854564 50.20633531256971 70.52346856883463 86.77491804762123 74.28026082857332 87.09271111303367 113.60235744020359 0.0 69.61844099906942 13.654294863836318 120.9067607769747 86.9785896316999 80.48374417514324 21.704955392678052 73.61196227491239 77.52423997494118 64.06032919290315 89.93431476250102 70.88215578323626 82.68872092704146 47.924274621646425 54.84339842125262 101.45709310083379 87.94500560689232 108.6779950383304 100.6684512279977 110.3684701608424 60.6576188445014
39.359620874540475 11.981802282546496 16.205648858116007 45.655416900383166 51.63917783644261 21.197994290968623 2.6011330896147347 10.742461846325487 48.38026987965372 22.024023904485993 28.685870310419457 29.43550078500523 16.466820292146643 19.08700145514272 10.959799580974234 45.86171884051603 38.185318688509625 16.468353788962816 34.05184361064332 20.218589976519574 29.221214745908515 17.183812076814867 12.848986040474834 22.3656535804186 44.18110781912804 69.61844099906942 0.0 56.06409707057729 56.90452784629291 19.73562626748501 28.70228304600961 55.04409955844377 10.407319040480479 23.212804533728875 6.432291495897079 20.65975346370934 20.12497464814228 19.39967069972978 35.254756916379904 15.51650585429775 34.419681297615966 30.89109601071993 52.28232844806943 34.2334005156736 43.749023480811715 9.580250145874215
58.627212698334674 67.5732982162055 41.53714332463031 91.97093305603981 106.96115859597903 56.851185173632864 54.04353401829102 65.64349326230689 90.49352064056765 76.07201036849092 69.92558636607018 76.33821237246927 70.86724738717079 60.66829660294135 46.15005149736604 101.10564800636351 44.46332812801864 71.99171865020034 28.626512315393445 36.553606548313674 59.13430805090712 73.23910505645769 60.654199699528185 73.47912722639528 99.97758483002322 13.654294863836318 56.06409707057729 0.0 107.45113847277753 73.74700329342012 67.3315403866824 15.918985072468677 60.447931814499015 65.20828413640245 50.61920571197014 76.47533612142102 57.49541947133336 69.75066811325806 35.587652047897095 41.19833409987889 87.82035086413636 74.64692685468921 95.68994568467735 87.04632337179069 96.755979127787 47.2299344307657
91.32594666703802 45.675171163407995 66.85243187592843 17.35754985865898 21.788487174478053 73.37570327547719 57.66929308575984 46.25153642519575 23.527521929884507 51.61978660605266 38.28551541455658 65.21574079452124 40.58700666048373 68.78718975870619 67.61983655993298 21.905794600158345 69.53847454335997 48.71676133789368 79.5430102924161 71.98281172914292 80.20607904618275 44.64923346438908 47.63251506786848 35.051158551785925 27.03957135542869 120.9067607769747 56.90452784629291 107.45113847277753 0.0 52.26901932975024 41.329563231627816 110.3285909885307 60.569778834963515 69.4430070112959 63.30933411197797 45.19303582799047 50.05055215361903 59.39443017059073 74.8108178711265 67.89726630212768 23.16883689233162 33.35714839311014 19.513244185574692 22.895513150640465 14.61080838145784 66.19818767345757
39.52728491420546 14.781709258778298 35.850666380850775 46.95249247458559 39.87667079997782 22.97603335155904 22.316309317387713 17.082924510611488 52.449981014894455 2.3511795385492733 38.51593230244921 14.56108727434508 18.318093373834433 17.881435210117377 27.718889491796872 34.876154638773194 56.99482820544054 5.428411760682581 53.710489171509806 39.44414692883313 28.56241814647411 9.40124813143935 26.291520358414278 26.032266799139222 31.396048133211345 86.9785896316999 19.73562626748501 73.74700329342012 52.26901932975024 0.0 40.10261546565917 70.01158848741574 13.411135329598451 17.355525289636763 23.54353262625006 7.120621076650928 35.62752790039516 7.221963748987876 54.88621584578776 34.8997364272896 29.66182936286626 38.17375642261499 54.750230703666645 30.567147578404807 37.67206472844024 26.787625545992334
67.95889223920963 25.405680789507166 29.824515901720222 24.81803921703629 47.99127087651595 49.89655250976633 27.57494320555324 23.39911592571083 23.473117736595754 41.45782563704716 3.2769956578847808 53.988245375347205 22.194347916486173 47.408471771346676 35.8521181738011 42.7142872541427 28.52157085860028 34.691633315836974 38.847897327817854 34.50668111473626 57.91942850948939 31.322362772832793 15.933628612959323 16.229425426392694 44.36143186718911 80.48374417514324 28.70228304600961 67.3315403866824 41.329563231627816 40.10261546565917 0.0 72.5777345853524 38.05098900200884 50.90315731189221 33.24241603491818 35.441279524187465 10.95660140236243 44.04776396775477 33.53041434046387 31.645372344180576 27.726962662794897 8.105179781407244 28.512897621652073 26.116633091959496 34.12101765521331 34.615486172920065
47.13060077658655 67.02326030816374 43.61362883406378 96.23024756642472 106.64747081698481 49.86871897068344 53.58035339410341 65.56094076822981 96.0447555776179 72.21073242763731 74.68983195510904 69.58885491651243 71.18494645452122 54.44655219910545 44.16652480433891 100.89318211566754 54.37725831038052 69.41616963975962 36.65954469350632 38.53990386954181 50.12869502867739 71.54518689802887 62.696609504642055 75.37253726380617 98.98598068681865 21.704955392678052 55.04409955844377 15.918985072468677 110.3285909885307 70.01158848741574 72.5777345853524 0.0 56.68117608717783 58.307835886658175 48.825578392867165 74.06746061999782 61.8868703391254 64.79492963581036 44.83113964394224 42.438328818825624 88.97779098602189 79.01734856641163 101.00553692717034 88.51946805615525 98.23959842289227 45.49716653068129
31.63247504506944 15.537342705752316 24.47399761933645 51.746965584040474 51.47278078732343 13.09112217569697 12.695386752359106 16.098343158142093 55.63341074456059 15.69033889007486 37.53555974969043 19.451830738221123 20.849637523199974 9.478863765260764 14.773744856391843 46.03496980860327 48.207157200998324 13.179166380104355 41.991975502164266 27.248729603383133 20.736257383588093 16.37196775893001 22.18709249148484 28.427701475493414 43.28011378566331 73.61196227491239 10.407319040480479 60.447931814499015 60.569778834963515 13.411135329598451 38.05098900200884 56.68117608717783 0.0 12.966810173871107 11.22413556134136 17.787317299582018 30.32765827169028 10.035598564017203 44.429471047193665 23.053101800909815 37.41019634791784 38.913481306255214 58.97785878596853 37.735348934370215 46.4394702329321 14.069995369208259
22.193523545470388 27.0556181819581 35.116077130759884 62.72436207314578 56.91813038112175 8.47086646463972 25.28307965104502 28.232424805101733 67.33289636614117 18.53622546372466 50.22607551142619 11.292485821277161 32.107677585140664 5.066715837839552 23.873234305457405 52.107942841820424 60.01409748586654 20.855148270740013 51.439480147287334 36.636690203846186 11.398217422770939 25.120031018138587 35.11068322369206 40.04016256288468 48.37285915029896 77.52423997494118 23.212804533728875 65.20828413640245 69.4430070112959 17.355525289636763 50.90315731189221 58.307835886658175 12.966810173871107 0.0 22.120498109416946 24.290964178997083 43.2687645269875 10.133917382874568 55.18599195020682 33.24206494521214 46.539136991264705 51.239562548460206 70.26887644248546 47.247503841399116 54.88919503135289 23.826220913958018
34.940843486386996 18.312959150396004 13.332673091474236 51.72974131573567 57.82386996778466 17.853779889156428 5.992377700193609 17.174041669701015 54.060891090065596 25.894696475464528 33.68092909505565 30.46243224176536 22.89851043012323 17.293932623851667 4.6638320380992235 52.081721654773666 37.894423247843264 21.372730373460392 30.770689791264804 16.08244913870185 25.64951627597764 22.872769321216744 17.997918898661435 28.622873198038256 50.20516523204145 64.06032919290315 6.432291495897079 50.61920571197014 63.30933411197797 23.54353262625006 33.24241603491818 48.825578392867165 11.22413556134136 22.120498109416946 0.0 25.874106006802943 23.506104746930372 21.2549358154298 33.41147686837615 11.830122437248177 40.849726342529344 36.37890390948339 58.14938698892162 40.66398720219784 50.17880290309418 3.410399637212254
46.36186138521183 11.573834750399323 36.667755125983916 40.054140633526806 33.79754073594266 29.163570521225328 22.99298317207002 14.166719654425673 45.82355515156547 7.047502580948084 33.46583732189111 21.238918169457854 13.252470754661552 24.216713842343587 30.43311126760469 28.513111143780186 55.328116062676735 4.659600768135108 54.34044624716668 40.873267535146276 35.30640279355358 4.419164836634687 23.456552315571038 20.24373269496369 25.515165361414642 89.93431476250102 20.65975346370934 76.47533612142102 45.19303582799047 7.120621076650928 35.441279524187465 74.06746061999782 17.787317299582018 24.290964178997083 25.874106006802943 0.0 32.69540343431067 14.203522202757238 54.42375215198048 36.15674329960436 22.544072307186827 32.48222975781487 47.9032408671155 23.475206524957333 30.61292902826212 29.27876428717045
58.44475591342044 21.25079618553973 18.870706837568108 34.59689147278045 52.98496793312634 40.97478744634751 18.40075610980786 18.7239764364257 34.232907827418565 37.434816872503745 12.803518765415477 48.215372585640694 20.352180742752292 39.2084946400669 25.512062630500388 47.29671020122841 23.54824454015075 30.563328005588108 29.531090532531245 23.606184807839284 48.94119382837914 28.279294106168624 9.356145358458942 18.273016744349793 47.81897079497031 70.88215578323626 20.12497464814228 57.49541947133336 50.05055215361903 35.62752790039516 10.95660140236243 61.8868703391254 30.32765827169028 43.2687645269875 23.506104746930372 32.69540343431067 0.0 37.9896269482269 25.711845138578276 20.69673619735345 32.53202657096688 17.251874462176065 39.12678183248566 31.31531719856727 40.56370473300622 24.374398837923565
32.30927937926747 18.90814970524273 34.44752380711433 53.3728963783833 46.9503466267667 16.25191104533279 21.936412156662193 20.666974898877292 58.44897004001028 8.558500508294463 42.88576720020836 10.23291395000217 23.455007037382316 11.119539542999792 24.69824316248157 42.040711745048576 57.58465342972193 11.158421371197859 52.025381179503604 37.27973454963945 21.376026540709184 15.50171108161711 28.993335788350162 31.42544355132021 38.430698220313005 82.68872092704146 19.39967069972978 69.75066811325806 59.39443017059073 7.221963748987876 44.04776396775477 64.79492963581036 10.035598564017203 10.133917382874568 21.2549358154298 14.203522202757238 37.9896269482269 0.0 54.28714888146955 33.07893970935769 36.61744849802834 43.208943724018845 61.06284790176494 37.41816644471658 44.81629865661561 24.071990290139393
61.67098739361527 43.162545182128525 20.114566340174477 58.28484658419289 78.63109561420725 49.20114617659726 32.65366072004028 40.6443520254059 55.76709944259275 57.1176418559695 36.525481407246744 63.83908397017095 44.28690598701154 50.169827951678855 31.36737431344788 72.89802071013217 9.596063756794521 50.96034104041993 8.360859652999324 19.155916449227153 55.67034413929856 50.20882449177511 32.46875173664025 43.85015828347815 73.1163522563272 47.924274621646425 35.254756916379904 35.587652047897095 74.8108178711265 54.88621584578776 33.53041434046387 44.83113964394224 44.429471047193665 55.18599195020682 33.41147686837615 54.42375215198048 25.711845138578276 54.28714888146955 0.0 21.94943615359451 58.2307412298237 41.45502383843581 61.05250069073562 57.027150923260116 66.21463134542233 31.361337625935693
41.71959738297258 26.452707738885838 2.3584034789376864 54.05930145397741 65.77643363996293 27.440122576074497 13.18238073402563 24.45365077774164 54.66168284491508 37.235192813423325 33.19908307639322 42.21430393511991 29.69258498569416 28.220676510647188 9.434670105192215 59.9244415774333 27.658873937078248 31.977109657610843 18.96120846396539 4.7424276523390265 34.35633865023585 32.518410577045735 20.26702661516749 33.02199856492656 58.80609818903421 54.84339842125262 15.51650585429775 41.19833409987889 67.89726630212768 34.8997364272896 31.645372344180576 42.438328818825624 23.053101800909815 33.24206494521214 11.830122437248177 36.15674329960436 20.69673619735345 33.07893970935769 21.94943615359451 0.0 46.984929095470314 37.119288732997376 59.36528847226578 46.373067622795865 56.123847155298826 9.43286378801719
68.24962291355418 22.770296094663944 46.347822623827106 18.920791048019073 20.535757167807976 50.21269601760266 35.520474214668084 23.677997796244984 26.106150136110013 29.349598401625332 24.521757364290355 43.418785052011664 17.955394047512637 45.66375894547183 45.33400211393917 15.035662981127723 55.29503971701397 25.702878988789266 61.30398391137469 51.429882431604454 57.12498236578695 21.54347177962909 27.193407701008336 14.536933281504695 16.851596517976816 101.45709310083379 34.419681297615966 87.82035086413636 23.16883689233162 29.66182936286626 27.726962662794897 88.97779098602189 37.41019634791784 46.539136991264705 40.849726342529344 22.544072307186827 32.53202657096688 36.61744849802834 58.2307412298237 46.984929095470314 0.0 20.500699331678774 26.807840687382132 1.8588758180328115 9.329446936809093 43.9280805375878
70.0524066632709 24.35706015572207 35.587209451604316 17.349988247940654 40.34094618754496 51.57030404708598 30.41231219792547 23.008187619464586 17.775932129969082 39.12601927345585 4.938491649815704 52.608567762715815 19.890883235883738 48.38872033124634 39.711483108113924 35.257583899539064 36.623919634322576 32.79627436008801 46.3816774829767 40.54447609048447 59.49684832644353 28.8612639431116 18.392599891867015 12.241104197999785 37.34095192546937 87.94500560689232 30.89109601071993 74.64692685468921 33.35714839311014 38.17375642261499 8.105179781407244 79.01734856641163 38.913481306255214 51.239562548460206 36.37890390948339 32.48222975781487 17.251874462176065 43.208943724018845 41.45502383843581 37.119288732997376 20.500699331678774 0.0 22.266620457447296 18.76671073824708 26.182210986506764 38.36277845567947
90.59691454264619 43.50346767646922 57.78009744293677 7.932387672355871 37.67582415076726 72.01925286514835 52.15795692229772 42.95564316943389 5.312596020237936 54.94688734253591 26.325629945353413 69.1417930906176 38.26294648740821 68.23620807263659 61.74098582971361 35.17424849750989 54.276060040809604 49.9275970789969 67.09433544645492 62.67228834841009 79.6937756792305 45.59107987406157 40.36154801463118 30.553912509265327 39.58434284437336 108.6779950383304 52.28232844806943 95.68994568467735 19.513244185574692 54.750230703666645 28.512897621652073 101.00553692717034 58.97785878596853 70.26887644248546 58.14938698892162 47.9032408671155 39.12678183248566 61.06284790176494 61.05250069073562 59.36528847226578 26.807840687382132 22.266620457447296 0.0 25.288591482414283 24.14741135335025 60.36454474387239
68.80569172797874 22.795732013399867 45.651163471285756 17.369877376421982 21.966697642686206 50.64095345953257 35.20809797056588 23.50601855041878 24.40046926887917 30.378647657036662 22.88895900778418 44.516562902146 17.79350964455569 46.184142481217165 45.08900101768289 16.597662510937603 53.878170524256355 26.39282721108938 60.29543190521004 50.75615081594021 57.68505582139759 22.15317009354944 26.39282721108938 13.59201254989252 18.634340419969988 100.6684512279977 34.2334005156736 87.04632337179069 22.895513150640465 30.567147578404807 26.116633091959496 88.51946805615525 37.735348934370215 47.247503841399116 40.66398720219784 23.475206524957333 31.31531719856727 37.41816644471658 57.027150923260116 46.373067622795865 1.8588758180328115 18.76671073824708 25.288591482414283 0.0 9.750933767167291 43.675291261841636
76.85071587753146 32.0629268753495 55.394802144343906 17.318254126302143 14.83393330668414 59.07099981009381 44.835689434817034 33.00744252192241 25.347428195652235 37.00941397043787 30.845092465987992 50.66103056216645 27.284720100967185 54.38772672039143 54.66191586986608 11.148673735449455 62.47369993097086 34.25159734447649 69.80965266793504 60.50311878234825 65.74310011816713 30.28459446210771 36.11431172627371 23.27688993659388 15.443315895024218 110.3684701608424 43.749023480811715 96.755979127787 14.61080838145784 37.67206472844024 34.12101765521331 98.23959842289227 46.4394702329321 54.88919503135289 50.17880290309418 30.61292902826212 40.56370473300622 44.81629865661561 66.21463134542233 56.123847155298826 9.329446936809093 26.182210986506764 24.14741135335025 9.750933767167291 0.0 53.255165521020274
34.407191359683104 21.554672728315396 11.307427749052065 54.15888244169392 61.153621039570645 18.468228391426155 8.535679176945068 20.266892337643622 56.122794361128896 29.137239572535442 35.34183570158687 32.88766291285451 25.977883490616705 18.82544108130204 1.4226131961563322 55.3961095778905 36.54870856926096 24.764385019345365 28.10104815388132 13.25334231164643 25.872510540608765 26.27554366829183 20.013024378144927 31.32238992057996 53.57881531916177 60.6576188445014 9.580250145874215 47.2299344307657 66.19818767345757 26.787625545992334 34.615486172920065 45.49716653068129 14.069995369208259 23.826220913958018 3.410399637212254 29.27876428717045 24.374398837923565 24.071990290139393 31.361337625935693 9.43286378801719 43.9280805375878 38.36277845567947 60.36454474387239 43.675291261841636 53.255165521020274 0.0
