0.0 36.501726291259665 33.73598232743509 63.02462697946012 36.83980743369795 44.51732665074186 65.9796033883141 63.28181435292547 40.82070849090021 59.50790556225133 59.63484442254876 51.07964362071261 33.120404140205714 85.57291514616671 35.978690256583356 21.22177176742793 26.11987956410822 45.793255377798445 55.071762815911505 55.682243981174 3.7836316131355843 32.23068054066755 25.424293452879024 68.8468574627392 37.55949656463078 7.140499036225297 62.30480560792032 57.08862124542277 41.80669034830048 51.49691301581099 59.5404531731943 50.11573031094168 44.76845132135595 81.04220943351366 40.64717811340615 28.777370665570448 27.952857915394098 47.28597718423218 50.52798965501913 35.44505852240091 40.93671006442287 46.59377889274273 68.17968035257736 22.760176886242633 39.436777535735246 69.31284949997118 73.7118440095571 32.94511459471771
36.501726291259665 0.0 39.85931940591667 65.93254844830271 22.141148681867943 45.79484299777582 59.73806568930938 33.896873871047774 48.136831031027064 70.7040086747226 69.83548050436177 63.79647489303334 30.610519007651458 90.7371340294816 27.848323887581703 24.21697632322518 17.11753134097454 20.103251011239436 34.7896281062785 60.938973642043706 36.88275452888352 4.895884578122582 44.11877198061829 72.7301973041157 17.508955896162263 31.57532048873667 57.080014579334424 29.57651007158973 51.32453521359528 65.51166928801754 77.56532973804524 65.0550111728511 24.231407043340965 87.45498362151604 28.595066391468126 28.586280461835138 24.835287430638346 24.19756132300736 35.837285489318354 43.45389119161266 19.959013511731193 10.246089016140091 85.57402672809783 17.83531367479692 25.20857079568094 82.44593129218646 53.45477644015288 13.628641480332131
33.73598232743509 39.85931940591667 0.0 30.1631136809528 20.77877980710479 10.80311029461365 32.51521408175452 73.75607814494523 8.683242775358753 31.19959341084242 30.554832692465702 23.95136019672869 9.977822590666186 54.2447570583246 14.564616382993295 18.523058346937834 23.30746239890863 58.837268746654374 31.24986973661257 23.409601467665894 37.35002845247971 39.26663288707701 13.127834152881318 36.5326059415735 25.637558913275754 36.92223946727884 28.794063406727982 69.24327728039786 11.524393764206614 25.658592783899397 37.94817667640093 25.272410724808307 26.603732359946203 50.21576695185384 17.99489627718455 11.307514938263187 15.077486226851844 62.34292971480452 23.946566278014878 3.61065797247799 56.62951080837264 48.06845090049317 45.76506233600339 41.27503052902374 20.01149502323625 42.79827172947272 45.675595253835326 26.67992897662826
63.02462697946012 65.93254844830271 30.1631136809528 0.0 43.87418558206701 20.675130148853462 16.062196564789645 98.8212895394825 22.229789125858577 14.989623544772268 13.108826127690502 18.262083846299127 36.33249741898177 24.840221027007473 38.14212021360868 48.27132360474807 51.49083931580605 85.93500218846596 40.77884154452334 7.578943757870863 66.7625503603615 66.66879584893785 38.37700908499998 6.797670878344363 48.82045259674941 66.89750538974239 14.706653806735696 95.29073754121261 21.462577686809244 20.166654044894482 29.01822401643844 21.891621711774025 44.770908792334374 21.605615020543034 37.709688114279544 39.87170680428285 43.283493617657236 89.83868320420535 34.2572967664212 27.747593618945317 84.67163412643141 71.89305860635082 31.751468827029683 70.88565218890346 41.10180305072818 23.265507712953116 41.886494085796535 52.36938229236955
36.83980743369795 22.141148681867943 20.77877980710479 43.87418558206701 0.0 24.167206384494055 38.07841072862024 55.11931560453717 27.853121425016592 49.79400754595332 48.73310853742992 43.674959734508526 10.833479142508294 68.63760562352508 6.432303256508848 15.759165980377334 11.928615314299304 42.234248576748605 18.400978125083512 39.242242276255965 39.28111391020506 23.538296678956208 29.98168946148131 50.667553080443255 5.134661572518065 35.95214899878736 35.203242249348854 51.420369956312236 31.353421604665495 45.67671333640678 58.35694962919722 45.56194326900615 8.110738523509497 65.44869357773624 6.581574026636754 11.761373632471171 9.87070363678085 46.267454066508 15.62492028402775 24.256903157480668 41.53066938717444 28.42764939812788 65.79582851335876 31.36527888936553 3.4405126751761417 61.583677498661096 37.63265583008819 8.942549440962074
44.51732665074186 45.79484299777582 10.80311029461365 20.675130148853462 24.167206384494055 0.0 21.8065811971743 79.24107122101786 7.494324128703051 25.876343515640556 24.68895592742636 20.86028363611921 15.679246734976994 45.42453309902085 17.993083397922373 27.794742349644576 30.833245382508963 65.61991780296741 27.490067416625582 15.146181606404298 48.107405469857895 46.1971537395377 22.68944375630503 27.383396432697776 29.28288901087023 47.45589675581432 18.072706919835543 75.33789331086444 10.5618277520894 23.172965976716625 36.10124982098059 23.59329402359258 27.058545095187846 41.83457528738498 18.755590512246307 19.230688373282696 22.608395313028527 69.42991544013884 19.727992826128137 10.063521308689092 64.12697326825699 52.59060788788873 42.696355290540104 50.2657419817425 21.91639415182244 37.610673779221955 38.043362990657116 32.1662444390226
65.9796033883141 59.73806568930938 32.51521408175452 16.062196564789645 38.07841072862024 21.8065811971743 0.0 90.53795236332725 27.711345998158677 30.718569496480473 28.841013781641774 31.837180148280453 34.29072561417975 34.943269475202584 33.93885173119965 47.4858678134967 48.33983502957411 79.72893843257138 28.87247971802643 19.658638652738567 69.47225046712785 61.593419562094944 44.28247274537711 20.262069329454476 42.264660451184476 68.30463776308721 3.73592401387795 87.86977448704445 29.062452593079943 34.146693819727524 44.63631727844744 35.58896892051522 36.115627070503045 33.523210048823785 31.50256270198699 38.62216668321713 41.153870397066655 83.90945638876698 24.358325309737907 31.760135039517962 79.49703064833234 63.72885652954361 47.81106286272174 68.53642713662784 34.747557147141016 39.20575866022748 26.00010613255532 47.01943622621437
63.28181435292547 33.896873871047774 73.75607814494523 98.8212895394825 55.11931560453717 79.24107122101786 90.53795236332725 0.0 81.9936788586517 104.50400557676626 103.57945073922194 97.68896514192207 64.40871963186044 123.39306172560548 61.2625675221665 57.4050964779346 50.80462500885358 17.489727176541844 62.4731271257189 94.35384416076403 61.95515117691416 35.1338856095348 77.1906337362162 105.58434225263446 50.064548356106506 56.50002456132905 88.41625264838568 6.5155960452407715 85.21262580013688 99.40790974908126 111.39857699855018 98.93815827433187 54.59770954667938 120.42690164653872 61.114318316562965 62.47919601195048 58.72246958089407 16.76297125066277 66.21040912783414 77.35056051162495 22.652426143722447 26.977949533891305 119.45751469922868 40.54831617558013 57.731074900144094 116.27026617659254 77.4762189503565 47.305103970073375
40.82070849090021 48.136831031027064 8.683242775358753 22.229789125858577 27.853121425016592 7.494324128703051 27.711345998158677 81.9936788586517 0.0 22.628449935625405 21.90977055476216 15.844412384874557 17.62023553797033 45.77724343758215 21.42108391216251 27.184181348280095 31.870634515243477 67.36768064194521 34.3406857321091 15.07360691644038 44.547539546498086 47.78535987034552 16.855441026350505 28.30226036403066 32.9340910411761 44.71550122817796 24.029052193414497 77.63792339989205 3.6104493069351444 17.825902862185472 30.592453101534204 17.79348427968126 32.306065830943545 41.64806434901837 23.60541668618659 19.8091794278178 23.557559239079897 70.93047361778838 26.583794470814716 5.623190926676697 65.26725584546907 55.919732733846075 37.94720690627066 49.9197510872096 26.325744358963192 34.320890383595525 45.53202771908596 34.72007232646817
59.50790556225133 70.7040086747226 31.19959341084242 14.989623544772268 49.79400754595332 25.876343515640556 30.718569496480473 104.50400557676626 22.628449935625405 0.0 1.885249110327528 8.433856060368388 40.10303845651911 26.958032628461645 43.43475019802269 49.43324794871635 54.484482816689145 89.99454593674892 51.59131949422161 12.482560564539764 63.280630597937275 70.41258560893402 34.13115076133166 15.079024298248003 54.92849307261927 64.65786421214345 28.69656466691611 100.24015772751724 19.7432276952561 8.530963340900051 14.028600481685697 10.299279618628637 52.872029419790195 22.098564492933583 44.62886527846021 42.43112704282584 46.18445012764616 93.53758266422267 44.210586860812924 27.77081127209688 87.82187552399397 78.16677366492202 17.770530151398066 71.96166560330077 47.7480391976138 11.792193934337737 55.95421291900563 57.19896431616658
59.63484442254876 69.83548050436177 30.554832692465702 13.108826127690502 48.73310853742992 24.68895592742636 28.841013781641774 103.57945073922194 21.90977055476216 1.885249110327528 0.0 8.797406954759335 39.2256434884276 26.348889398800427 42.41057714946173 48.91927967240131 53.77403819397208 89.24294110494259 50.040187537565394 10.830285182629751 63.41458947229487 69.66274406979859 34.21535479306916 13.475902193424714 53.86654784155428 64.63223453775582 26.84891461756267 99.39666719103782 19.220397061053013 9.390033010228175 15.91042349316175 11.228455035577799 51.59161176991447 21.58620364989501 43.438318664825786 41.709239924738725 45.44561234064544 92.83348706629866 42.71920594290024 27.201781496566685 87.17506552442529 77.14155581199904 19.496285546467576 71.53591608359265 46.60051468689657 12.936867356927468 54.12423471111433 56.286922054201945
51.07964362071261 63.79647489303334 23.95136019672869 18.262083846299127 43.674959734508526 20.86028363611921 31.837180148280453 97.68896514192207 15.844412384874557 8.433856060368388 8.797406954759335 0.0 33.42789865407171 35.146208554949936 37.24365484539634 41.71791724430222 47.200092530820754 82.71428997927185 48.05137850230645 12.204915722503037 54.850884805546784 63.17117164826892 25.723345265209538 21.054861677936405 48.76888271536539 56.286386092364864 29.02424613709639 93.19087231273892 12.483614053219215 2.467114040147178 15.253679770126716 3.7596676307382486 47.694212427423636 30.369559042200265 39.12186289432673 35.25692287832175 39.02642719403545 86.13412001991772 40.370141802548446 20.38356104962249 80.29403234088531 71.75013979230167 22.12815282973612 64.0287293089037 42.00866307569203 19.114940570085814 55.2978812493017 50.48928012148347
33.120404140205714 30.610519007651458 9.977822590666186 36.33249741898177 10.833479142508294 15.679246734976994 34.29072561417975 64.40871963186044 17.62023553797033 40.10303845651911 39.2256434884276 33.42789865407171 0.0 61.10377616439207 4.946548433830068 13.212171533203227 15.158511068816532 50.1538702941262 24.164094536088328 30.632464861847563 36.27501171952991 30.633474549630627 20.009592507478658 43.05980275028691 15.661267541972327 34.37158868770904 30.850625792610877 60.172856764148754 20.96391912563743 35.300514856386705 47.80286345080146 35.05316614824604 17.319328462063332 57.47859355948846 9.39707108764815 4.431701295662206 7.06220581630632 53.87951300698216 18.057960023297017 13.514825363494356 48.4840355134126 38.3269819368628 55.454473738515155 34.86525213003896 10.514567153208727 51.862004995411375 41.24146453561842 17.109908965872876
85.57291514616671 90.7371340294816 54.2447570583246 24.840221027007473 68.63760562352508 45.42453309902085 34.943269475202584 123.39306172560548 45.77724343758215 26.958032628461645 26.348889398800427 35.146208554949936 61.10377616439207 0.0 62.97683289766431 72.67111773314991 76.25541950020886 110.76263841739039 63.460949342729144 30.844422929614627 89.35595016397289 91.50808121363457 60.1941108850228 18.059484270837018 73.52544234125189 90.17242320351721 35.918877337335566 120.01585978587596 44.02087635725597 35.48829623584245 35.16316586298497 37.2363073115602 68.98365395733262 4.986158750439976 62.3698502337283 64.49921900009974 67.9941414085554 114.67694253536519 57.847938612431314 51.39792755428567 109.50370143270719 96.42121023127984 31.18943866043804 95.39970434485939 65.77617620319667 22.301776713481864 59.038447640529526 77.19602669722833
35.978690256583356 27.848323887581703 14.564616382993295 38.14212021360868 6.432303256508848 17.993083397922373 33.93885173119965 61.2625675221665 21.42108391216251 43.43475019802269 42.41057714946173 37.24365484539634 4.946548433830068 62.97683289766431 0.0 15.013359176512418 14.40231176585331 47.79570867942789 19.826061736187075 33.13360492232309 38.873630395510595 28.5883799378589 24.916884819454378 44.93662717746816 11.535067845976778 36.355356625956134 30.76017501968736 57.35701701897328 24.92693547201082 39.245370576359285 51.94023906975231 39.14165031341358 12.372787629320044 59.61851074376032 4.8723183084307315 7.7429376609879785 8.132240202519874 51.70204575682642 14.549312098679996 17.95700584833925 46.63896974800098 34.734784567733655 59.36364022860398 34.600723056049155 5.573285359987082 55.22692118791409 37.76631398885217 14.239273677452973
21.22177176742793 24.21697632322518 18.523058346937834 48.27132360474807 15.759165980377334 27.794742349644576 47.4858678134967 57.4050964779346 27.184181348280095 49.43324794871635 48.91927967240131 41.71791724430222 13.212171533203227 72.67111773314991 15.013359176512418 0.0 7.541150343389104 41.41062302474317 33.85691407776605 41.83195009119182 23.931674588890615 22.272546975033503 19.9165847462028 54.816013547164864 17.396292275599684 21.381823317783333 44.01224564453027 52.321546160902216 29.707577635831257 43.082706192345675 54.37868389320017 42.33484023434166 23.82262653226101 68.71274959227836 19.514886845728423 8.872336856511353 6.881126722572158 44.60049064177063 29.486938692180637 21.72545016153462 38.63248421122899 33.906397341904494 62.69479569822977 22.756908974812056 18.220932034133718 60.81025254447508 52.56157400096287 14.239273677452973
26.11987956410822 17.11753134097454 23.30746239890863 51.49083931580605 11.928615314299304 30.833245382508963 48.33983502957411 50.80462500885358 31.870634515243477 54.484482816689145 53.77403819397208 47.200092530820754 15.158511068816532 76.25541950020886 14.40231176585331 7.541150343389104 0.0 35.53056200477358 30.168911246995812 45.68554607700417 28.11147502324256 15.971080118694259 27.1448210144351 58.216281486597104 11.483679189270093 24.316208946535422 45.13343262255815 46.045696274821026 34.82878727881967 48.7863727079205 60.60217337350514 48.2225613208089 19.145237375356015 72.58701332794298 17.628998059742596 12.06515402427522 8.355088643435685 39.06008296285489 27.389052400618315 26.826930990183428 33.46468746617128 26.505585808169158 68.72571582856804 20.19851925343692 15.18865734952135 66.10573410350844 49.523969830915256 7.068750291207609
45.793255377798445 20.103251011239436 58.837268746654374 85.93500218846596 42.234248576748605 65.61991780296741 79.72893843257138 17.489727176541844 67.36768064194521 89.99454593674892 89.24294110494259 82.71428997927185 50.1538702941262 110.76263841739039 47.79570867942789 41.41062302474317 35.53056200477358 0.0 53.652129997841726 80.72693814092031 44.49206035185547 19.58241167831312 60.807059756137505 92.73085299343911 37.59014047746329 39.0199045338682 77.13884520296831 11.398510852029926 70.35933998586532 84.25187604016503 95.78417910604703 83.61544045787842 43.85397267252497 107.3996340260444 48.69799626693352 47.56493189371517 43.81025916941518 4.353775429762475 55.61821115781135 62.35383209504418 5.708899021877799 18.219527588031678 104.05765720819555 23.07392004247137 45.3090976357691 101.63506424672272 71.19016633408029 33.56669473362003
55.071762815911505 34.7896281062785 31.24986973661257 40.77884154452334 18.400978125083512 27.490067416625582 28.87247971802643 62.4731271257189 34.3406857321091 51.59131949422161 50.040187537565394 48.05137850230645 24.164094536088328 63.460949342729144 19.826061736187075 33.85691407776605 30.168911246995812 53.652129997841726 0.0 39.24599501031531 57.63131991686612 38.02819803575055 43.652686329817556 46.939337080474985 19.563279627072333 54.34802495047589 27.54354955258509 60.455862358580056 37.80381093329898 50.44667346156576 63.273299662048075 51.009038798623315 11.379739731143479 61.43867959354003 14.956669417202583 27.568938614715268 27.29409423850688 57.98546298982901 7.772322501956456 33.621119374992055 54.593351783926344 36.28818505435045 69.19512591213075 48.34912540809861 15.636076787394911 62.67213810001684 19.48918228102937 25.25549720131918
55.682243981174 60.938973642043706 23.409601467665894 7.578943757870863 39.242242276255965 15.146181606404298 19.658638652738567 94.35384416076403 15.07360691644038 12.482560564539764 10.830285182629751 12.204915722503037 30.632464861847563 30.844422929614627 33.13360492232309 41.83195009119182 45.68554607700417 80.72693814092031 39.24599501031531 0.0 59.43667479796691 61.25410586899494 30.853295371721046 13.232080482777857 44.33097766043539 59.77129467455419 17.003070553727184 90.4839196902022 13.957199383106197 14.488818624491671 25.592488690187253 15.964176882732335 41.34780451794784 26.937501797338367 33.5258903338191 33.777412901570145 37.35693109614474 84.49953240966782 32.00879691354081 20.683538181226705 79.10705382522046 67.62582391240853 30.249880277793384 64.57268580795939 36.81184821814524 23.473117736595754 43.87864267750867 47.31039217576689
3.7836316131355843 36.88275452888352 37.35002845247971 66.7625503603615 39.28111391020506 48.107405469857895 69.47225046712785 61.95515117691416 44.547539546498086 63.280630597937275 63.41458947229487 54.850884805546784 36.27501171952991 89.35595016397289 38.873630395510595 23.931674588890615 28.11147502324256 44.49206035185547 57.63131991686612 59.43667479796691 0.0 32.37537973723004 29.206236728403166 72.61000959536806 39.59439283874193 5.572416881684787 65.81300643050494 55.652877008398804 45.57393570554608 55.25019424669823 63.14929146845267 53.856769965116726 47.069544423551775 84.82575611756938 43.445275789821096 31.883502972821294 30.772178054192278 45.66898282221608 53.399381340099495 39.14265233650657 39.40495172316681 46.771655199332564 71.77832913507005 21.763853234465405 42.03315383695413 73.03825151229194 76.48997188785697 34.69696131834423
32.23068054066755 4.895884578122582 39.26663288707701 66.66879584893785 23.538296678956208 46.1971537395377 61.593419562094944 35.1338856095348 47.78535987034552 70.41258560893402 69.66274406979859 63.17117164826892 30.633474549630627 91.50808121363457 28.5883799378589 22.272546975033503 15.971080118694259 19.58241167831312 38.02819803575055 61.25410586899494 32.37537973723004 0.0 42.08354716175009 73.45120693875666 19.51354887021406 26.980230303683463 58.74101975777221 30.13284397225682 50.79075367480048 64.7479289207885 76.45522302844839 64.15875935044387 27.018869631298397 88.02724585672954 30.118976656310295 27.98471444304434 24.228137791454163 23.246500717791907 38.23280430288706 42.79640972216817 18.059168761591927 14.400784988790427 84.64375827658347 12.94460023715133 26.846034009771824 82.06067389006024 57.07305036214396 14.605125601486781
25.424293452879024 44.11877198061829 13.127834152881318 38.37700908499998 29.98168946148131 22.68944375630503 44.28247274537711 77.1906337362162 16.855441026350505 34.13115076133166 34.21535479306916 25.723345265209538 20.009592507478658 60.1941108850228 24.916884819454378 19.9165847462028 27.1448210144351 60.807059756137505 43.652686329817556 30.853295371721046 29.206236728403166 42.08354716175009 0.0 43.80923423580751 33.936737135392995 30.600710233140763 40.55649030045146 71.92783696193423 16.914824552091495 26.318767076375007 35.83217999608121 25.082719857235496 37.2389143707325 55.62964485440427 29.333686971994602 18.258232091282785 21.065705209094865 63.689275440855944 36.69426277479732 12.628615983385277 57.48554938065096 53.645318408872676 44.420778401501 39.91651770843157 30.419485965323158 44.32740246267178 58.7914826908654 32.875408299908685
68.8468574627392 72.7301973041157 36.5326059415735 6.797670878344363 50.667553080443255 27.383396432697776 20.262069329454476 105.58434225263446 28.30226036403066 15.079024298248003 13.475902193424714 21.054861677936405 43.05980275028691 18.059484270837018 44.93662717746816 54.816013547164864 58.216281486597104 92.73085299343911 46.939337080474985 13.232080482777857 72.61000959536806 73.45120693875666 43.80923423580751 0.0 55.60432365189381 73.00273624107638 19.9165847462028 102.08112054073382 27.045164842141098 22.388755449789095 28.35499178394791 24.238175887405138 51.425653130664585 14.86123255924604 44.48141736960637 46.52020833877195 49.97715829484438 96.62967439054279 40.69528003671794 33.90426590225466 91.44421729232565 78.64318531486157 29.19784393915315 77.49237415092088 47.87779927009408 19.782324772683204 46.194409438715354 59.165845661902544
37.55949656463078 17.508955896162263 25.637558913275754 48.82045259674941 5.134661572518065 29.28288901087023 42.264660451184476 50.064548356106506 32.9340910411761 54.92849307261927 53.86654784155428 48.76888271536539 15.661267541972327 73.52544234125189 11.535067845976778 17.396292275599684 11.483679189270093 37.59014047746329 19.563279627072333 44.33097766043539 39.59439283874193 19.51354887021406 33.936737135392995 55.60432365189381 0.0 35.68742462449341 39.57200011123177 46.49047598994045 36.410729737926914 50.748245389353336 63.382652937736495 50.59879963804144 8.187539071333335 70.41648024530929 11.170612191266404 15.755151060518086 12.991462540214853 41.70650524211345 18.735287418187863 29.17026705535464 37.2481654029033 23.307977072932594 70.88129253814623 28.825949270582765 7.761606757324903 66.71829542621613 39.047779278408065 5.692567098648438
7.140499036225297 31.57532048873667 36.92223946727884 66.89750538974239 35.95214899878736 47.45589675581432 68.30463776308721 56.50002456132905 44.71550122817796 64.65786421214345 64.63223453775582 56.286386092364864 34.37158868770904 90.17242320351721 36.355356625956134 21.381823317783333 24.316208946535422 39.0199045338682 54.34802495047589 59.77129467455419 5.572416881684787 26.980230303683463 30.600710233140763 73.00273624107638 35.68742462449341 0.0 64.71874183807107 50.23535314322301 46.15869909637842 56.91702390553667 65.666269497916 55.64715564615774 43.458059451471755 85.78208518633562 40.68456923360295 29.94113518006144 28.23889820120031 40.32718664962807 50.69909000086108 39.15226643936041 34.017522688743995 41.35299413351586 74.32007667792463 16.200721207961088 38.92594078198483 74.89904971512992 73.50849993630692 30.502460506189244
62.30480560792032 57.080014579334424 28.794063406727982 14.706653806735696 35.203242249348854 18.072706919835543 3.73592401387795 88.41625264838568 24.029052193414497 28.69656466691611 26.84891461756267 29.02424613709639 30.850625792610877 35.918877337335566 30.76017501968736 44.01224564453027 45.13343262255815 77.13884520296831 27.54354955258509 17.003070553727184 65.81300643050494 58.74101975777221 40.55649030045146 19.9165847462028 39.57200011123177 64.71874183807107 0.0 85.54702651907051 25.488153743970056 31.395057004294344 42.41304116237489 32.74683174229434 33.837261374813224 34.00109354055431 28.624667878787353 35.140432560294045 37.77860590383932 81.27669708729806 22.251197011309642 28.02566709296703 76.7178524531953 61.50689755350273 46.14687974796364 65.30888675954911 31.94023002712145 37.95209588633236 27.31786209368526 44.13868354805607
57.08862124542277 29.57651007158973 69.24327728039786 95.29073754121261 51.420369956312236 75.33789331086444 87.86977448704445 6.5155960452407715 77.63792339989205 100.24015772751724 99.39666719103782 93.19087231273892 60.172856764148754 120.01585978587596 57.35701701897328 52.321546160902216 46.045696274821026 11.398510852029926 60.455862358580056 90.4839196902022 55.652877008398804 30.13284397225682 71.92783696193423 102.08112054073382 46.49047598994045 50.23535314322301 85.54702651907051 0.0 80.75485141081448 94.82192212846329 106.5879939057445 94.26764623940691 51.75710997322616 116.86886968062436 57.649924993048856 57.93578871068313 54.1658418931776 10.255185622531238 63.52088662998301 72.8085691109683 16.26381373767617 24.225190322408753 114.76508084180958 34.42754945752256 54.241889431378745 111.95881318658559 76.54122450334066 43.18895754036593
41.80669034830048 51.32453521359528 11.524393764206614 21.462577686809244 31.353421604665495 10.5618277520894 29.062452593079943 85.21262580013688 3.6104493069351444 19.7432276952561 19.220397061053013 12.483614053219215 20.96391912563743 44.02087635725597 24.92693547201082 29.707577635831257 34.82878727881967 70.35933998586532 37.80381093329898 13.957199383106197 45.57393570554608 50.79075367480048 16.914824552091495 27.045164842141098 36.410729737926914 46.15869909637842 25.488153743970056 80.75485141081448 0.0 14.347252205265837 27.029650726988706 14.226131961573223 35.91434122464945 39.699984540460015 27.208904563245014 22.825065719341683 26.594151104912918 73.84704047449243 30.035082844557376 8.032451202154585 68.09259518845727 59.29082296155438 34.49927927742461 52.320368604514584 29.90092105992604 31.280127850027785 48.33301395394421 38.00708085038448
51.49691301581099 65.51166928801754 25.658592783899397 20.166654044894482 45.67671333640678 23.172965976716625 34.146693819727524 99.40790974908126 17.825902862185472 8.530963340900051 9.390033010228175 2.467114040147178 35.300514856386705 35.48829623584245 39.245370576359285 43.082706192345675 48.7863727079205 84.25187604016503 50.44667346156576 14.488818624491671 55.25019424669823 64.7479289207885 26.318767076375007 22.388755449789095 50.748245389353336 56.91702390553667 31.395057004294344 94.82192212846329 14.347252205265837 0.0 12.936971665539312 1.8566929604955362 49.888843501723876 30.618280645449534 41.27455798477377 36.931142219780384 40.69348015512755 87.60898774768343 42.74987213166907 22.058319094226142 81.70804344428734 73.62232778327704 20.154245866621665 65.193900085208 44.10540425345264 18.055448054082742 57.752023238516564 52.29854637246359
59.5404531731943 77.56532973804524 37.94817667640093 29.01822401643844 58.35694962919722 36.10124982098059 44.63631727844744 111.39857699855018 30.592453101534204 14.028600481685697 15.91042349316175 15.253679770126716 47.80286345080146 35.16316586298497 51.94023906975231 54.37868389320017 60.60217337350514 95.78417910604703 63.273299662048075 25.592488690187253 63.14929146845267 76.45522302844839 35.83217999608121 28.35499178394791 63.382652937736495 65.666269497916 42.41304116237489 106.5879939057445 27.029650726988706 12.936971665539312 0.0 12.803518765415477 62.79246794876331 30.258266015042793 54.14848576262842 49.03755203318331 52.75460887920614 98.95085812108911 55.61152403772671 34.344525656878375 92.88931540023384 86.0133083944246 8.653855276632486 75.69349579117167 56.91810391808649 13.02633374334783 69.47038239677669 64.60740271752738
50.11573031094168 65.0550111728511 25.272410724808307 21.891621711774025 45.56194326900615 23.59329402359258 35.58896892051522 98.93815827433187 17.79348427968126 10.299279618628637 11.228455035577799 3.7596676307382486 35.05316614824604 37.2363073115602 39.14165031341358 42.33484023434166 48.2225613208089 83.61544045787842 51.009038798623315 15.964176882732335 53.856769965116726 64.15875935044387 25.082719857235496 24.238175887405138 50.59879963804144 55.64715564615774 32.74683174229434 94.26764623940691 14.226131961573223 1.8566929604955362 12.803518765415477 0.0 50.040380417504494 32.346565054038834 41.37298849742466 36.47271741192029 40.21978011418511 86.9157104534708 43.27672911721991 21.661754886211803 80.96553677873705 73.32722775213878 20.519501421904025 64.26553608949118 44.11858714392141 19.251971399894124 58.859937375376916 51.952034762401595
44.76845132135595 24.231407043340965 26.603732359946203 44.770908792334374 8.110738523509497 27.058545095187846 36.115627070503045 54.59770954667938 32.306065830943545 52.872029419790195 51.59161176991447 47.694212427423636 17.319328462063332 68.98365395733262 12.372787629320044 23.82262653226101 19.145237375356015 43.85397267252497 11.379739731143479 41.34780451794784 47.069544423551775 27.018869631298397 37.2389143707325 51.425653130664585 8.187539071333335 43.458059451471755 33.837261374813224 51.75710997322616 35.91434122464945 49.888843501723876 62.79246794876331 50.040380417504494 0.0 66.27754042050242 8.740249663550184 19.37235964432492 17.92899857286386 48.112037533345244 11.799202774755576 29.767111201177734 44.18985243514872 27.669636334310727 69.7080466117098 36.977137670705126 6.821198281486485 64.5260791741056 30.860603931631818 13.877878332951756
81.04220943351366 87.45498362151604 50.21576695185384 21.605615020543034 65.44869357773624 41.83457528738498 33.523210048823785 120.42690164653872 41.64806434901837 22.098564492933583 21.58620364989501 30.369559042200265 57.47859355948846 4.986158750439976 59.61851074376032 68.71274959227836 72.58701332794298 107.3996340260444 61.43867959354003 26.937501797338367 84.82575611756938 88.02724585672954 55.62964485440427 14.86123255924604 70.41648024530929 85.78208518633562 34.00109354055431 116.86886968062436 39.699984540460015 30.618280645449534 30.258266015042793 32.346565054038834 66.27754042050242 0.0 59.31476318267283 60.71303888574762 64.27554421483953 111.24911710649049 55.43804716444653 47.24859774794331 105.9567673129211 93.49535207393755 26.66815864396266 91.46791963718489 62.705230638732516 17.500783070074167 58.53894803915501 73.85777396514241
40.64717811340615 28.595066391468126 17.99489627718455 37.709688114279544 6.581574026636754 18.755590512246307 31.50256270198699 61.114318316562965 23.60541668618659 44.62886527846021 43.438318664825786 39.12186289432673 9.39707108764815 62.3698502337283 4.8723183084307315 19.514886845728423 17.628998059742596 48.69799626693352 14.956669417202583 33.5258903338191 43.445275789821096 30.118976656310295 29.333686971994602 44.48141736960637 11.170612191266404 40.68456923360295 28.624667878787353 57.649924993048856 27.208904563245014 41.27455798477377 54.14848576262842 41.37298849742466 8.740249663550184 59.31476318267283 0.0 12.61428914928292 12.695386752359019 52.76922285210847 10.014710997196659 21.0670059461713 48.09900206886141 34.21638825973817 61.200701497301644 37.590446832146924 3.4094008756333833 56.36509926192186 33.066159626258454 15.523547813021834
28.777370665570448 28.586280461835138 11.307514938263187 39.87170680428285 11.761373632471171 19.230688373282696 38.62216668321713 62.47919601195048 19.8091794278178 42.43112704282584 41.709239924738725 35.25692287832175 4.431701295662206 64.49921900009974 7.7429376609879785 8.872336856511353 12.06515402427522 47.56493189371517 27.568938614715268 33.777412901570145 31.883502972821294 27.98471444304434 18.258232091282785 46.52020833877195 15.755151060518086 29.94113518006144 35.140432560294045 57.93578871068313 22.825065719341683 36.931142219780384 49.03755203318331 36.47271741192029 19.37235964432492 60.71303888574762 12.61428914928292 0.0 3.769973624266547 51.12430110155405 22.01301245042183 14.881077637986632 45.506983410061295 37.073167967218794 56.990163334910854 31.03531301912028 12.686174979198244 54.07919167471462 45.26805358194662 15.66127237315045
27.952857915394098 24.835287430638346 15.077486226851844 43.283493617657236 9.87070363678085 22.608395313028527 41.153870397066655 58.72246958089407 23.557559239079897 46.18445012764616 45.44561234064544 39.02642719403545 7.06220581630632 67.9941414085554 8.132240202519874 6.881126722572158 8.355088643435685 43.81025916941518 27.29409423850688 37.35693109614474 30.772178054192278 24.228137791454163 21.065705209094865 49.97715829484438 12.991462540214853 28.23889820120031 37.77860590383932 54.1658418931776 26.594151104912918 40.69348015512755 52.75460887920614 40.21978011418511 17.92899857286386 64.27554421483953 12.695386752359019 3.769973624266547 0.0 47.39263516321651 22.6273911152394 18.64851279485245 41.819688470252224 33.45502456394597 60.73896200108762 27.803248439439137 11.748902349827624 57.84288032842271 45.76152708688817 12.108435143406762
47.28597718423218 24.19756132300736 62.34292971480452 89.83868320420535 46.267454066508 69.42991544013884 83.90945638876698 16.76297125066277 70.93047361778838 93.53758266422267 92.83348706629866 86.13412001991772 53.87951300698216 114.67694253536519 51.70204575682642 44.60049064177063 39.06008296285489 4.353775429762475 57.98546298982901 84.49953240966782 45.66898282221608 23.246500717791907 63.689275440855944 96.62967439054279 41.70650524211345 40.32718664962807 81.27669708729806 10.255185622531238 73.84704047449243 87.60898774768343 98.95085812108911 86.9157104534708 48.112037533345244 111.24911710649049 52.76922285210847 51.12430110155405 47.39263516321651 0.0 59.857527174341136 65.82214844710555 6.401759382708446 22.533590843197445 107.29463487669594 24.895730932753494 49.39359374751301 105.1243597754121 75.54115666282841 37.51153920444034
50.52798965501913 35.837285489318354 23.946566278014878 34.2572967664212 15.62492028402775 19.727992826128137 24.358325309737907 66.21040912783414 26.583794470814716 44.210586860812924 42.71920594290024 40.370141802548446 18.057960023297017 57.847938612431314 14.549312098679996 29.486938692180637 27.389052400618315 55.61821115781135 7.772322501956456 32.00879691354081 53.399381340099495 38.23280430288706 36.69426277479732 40.69528003671794 18.735287418187863 50.69909000086108 22.251197011309642 63.52088662998301 30.035082844557376 42.74987213166907 55.61152403772671 43.27672911721991 11.799202774755576 55.43804716444653 10.014710997196659 22.01301245042183 22.6273911152394 59.857527174341136 0.0 26.09078859852664 55.77165375395736 39.37074756939873 61.70224625583901 46.96856678479271 12.232551476036798 55.481914650136574 23.25735679870064 24.09123940632098
35.44505852240091 43.45389119161266 3.61065797247799 27.747593618945317 24.256903157480668 10.063521308689092 31.760135039517962 77.35056051162495 5.623190926676697 27.77081127209688 27.201781496566685 20.38356104962249 13.514825363494356 51.39792755428567 17.95700584833925 21.72545016153462 26.826930990183428 62.35383209504418 33.621119374992055 20.683538181226705 39.14265233650657 42.79640972216817 12.628615983385277 33.90426590225466 29.17026705535464 39.15226643936041 28.02566709296703 72.8085691109683 8.032451202154585 22.058319094226142 34.344525656878375 21.661754886211803 29.767111201177734 47.24859774794331 21.0670059461713 14.881077637986632 18.64851279485245 65.82214844710555 26.09078859852664 0.0 60.06015289436733 51.67620592375085 42.15615063637552 44.4098285443519 23.303590077999207 39.30221638876476 46.95360358626887 30.290488673167154
40.93671006442287 19.959013511731193 56.62951080837264 84.67163412643141 41.53066938717444 64.12697326825699 79.49703064833234 22.652426143722447 65.26725584546907 87.82187552399397 87.17506552442529 80.29403234088531 48.4840355134126 109.50370143270719 46.63896974800098 38.63248421122899 33.46468746617128 5.708899021877799 54.593351783926344 79.10705382522046 39.40495172316681 18.059168761591927 57.48554938065096 91.44421729232565 37.2481654029033 34.017522688743995 76.7178524531953 16.26381373767617 68.09259518845727 81.70804344428734 92.88931540023384 80.96553677873705 44.18985243514872 105.9567673129211 48.09900206886141 45.506983410061295 41.819688470252224 6.401759382708446 55.77165375395736 60.06015289436733 0.0 20.945483325962307 101.28002635432047 18.493971550045053 44.78053045423353 99.3396544602877 72.8183693940536 32.629927301447324
46.59377889274273 10.246089016140091 48.06845090049317 71.89305860635082 28.42764939812788 52.59060788788873 63.72885652954361 26.977949533891305 55.919732733846075 78.16677366492202 77.14155581199904 71.75013979230167 38.3269819368628 96.42121023127984 34.734784567733655 33.906397341904494 26.505585808169158 18.219527588031678 36.28818505435045 67.62582391240853 46.771655199332564 14.400784988790427 53.645318408872676 78.64318531486157 23.307977072932594 41.35299413351586 61.50689755350273 24.225190322408753 59.29082296155438 73.62232778327704 86.0133083944246 73.32722775213878 27.669636334310727 93.49535207393755 34.21638825973817 37.073167967218794 33.45502456394597 22.533590843197445 39.37074756939873 51.67620592375085 20.945483325962307 0.0 93.7737068637035 26.451018838714166 30.858911892196524 89.95882412395473 53.12813871123529 21.422578526873245
68.17968035257736 85.57402672809783 45.76506233600339 31.751468827029683 65.79582851335876 42.696355290540104 47.81106286272174 119.45751469922868 37.94720690627066 17.770530151398066 19.496285546467576 22.12815282973612 55.454473738515155 31.18943866043804 59.36364022860398 62.69479569822977 68.72571582856804 104.05765720819555 69.19512591213075 30.249880277793384 71.77832913507005 84.64375827658347 44.420778401501 29.19784393915315 70.88129253814623 74.32007667792463 46.14687974796364 114.76508084180958 34.49927927742461 20.154245866621665 8.653855276632486 20.519501421904025 69.7080466117098 26.66815864396266 61.200701497301644 56.990163334910854 60.73896200108762 107.29463487669594 61.70224625583901 42.15615063637552 101.28002635432047 93.7737068637035 0.0 84.2256693658527 64.12591015235306 9.823746757946662 73.46474008867908 72.4330064858227
22.760176886242633 17.83531367479692 41.27503052902374 70.88565218890346 31.36527888936553 50.2657419817425 68.53642713662784 40.54831617558013 49.9197510872096 71.96166560330077 71.53591608359265 64.0287293089037 34.86525213003896 95.39970434485939 34.600723056049155 22.756908974812056 20.19851925343692 23.07392004247137 48.34912540809861 64.57268580795939 21.763853234465405 12.94460023715133 39.91651770843157 77.49237415092088 28.825949270582765 16.200721207961088 65.30888675954911 34.42754945752256 52.320368604514584 65.193900085208 75.69349579117167 64.26553608949118 36.977137670705126 91.46791963718489 37.590446832146924 31.03531301912028 27.803248439439137 24.895730932753494 46.96856678479271 44.4098285443519 18.493971550045053 26.451018838714166 84.2256693658527 0.0 34.794962019223725 83.1378774343636 67.79342192246892 23.150933802440054
39.436777535735246 25.20857079568094 20.01149502323625 41.10180305072818 3.4405126751761417 21.91639415182244 34.747557147141016 57.731074900144094 26.325744358963192 47.7480391976138 46.60051468689657 42.00866307569203 10.514567153208727 65.77617620319667 5.573285359987082 18.220932034133718 15.18865734952135 45.3090976357691 15.636076787394911 36.81184821814524 42.03315383695413 26.846034009771824 30.419485965323158 47.87779927009408 7.761606757324903 38.92594078198483 31.94023002712145 54.241889431378745 29.90092105992604 44.10540425345264 56.91810391808649 44.11858714392141 6.821198281486485 62.705230638732516 3.4094008756333833 12.686174979198244 11.748902349827624 49.39359374751301 12.232551476036798 23.303590077999207 44.78053045423353 30.858911892196524 64.12591015235306 34.794962019223725 0.0 59.51017163832393 34.582564006081185 12.297917765663158
69.31284949997118 82.44593129218646 42.79827172947272 23.265507712953116 61.583677498661096 37.610673779221955 39.20575866022748 116.27026617659254 34.320890383595525 11.792193934337737 12.936867356927468 19.114940570085814 51.862004995411375 22.301776713481864 55.22692118791409 60.81025254447508 66.10573410350844 101.63506424672272 62.67213810001684 23.473117736595754 73.03825151229194 82.06067389006024 44.32740246267178 19.782324772683204 66.71829542621613 74.89904971512992 37.95209588633236 111.95881318658559 31.280127850027785 18.055448054082742 13.02633374334783 19.251971399894124 64.5260791741056 17.500783070074167 56.36509926192186 54.07919167471462 57.84288032842271 105.1243597754121 55.481914650136574 39.30221638876476 99.3396544602877 89.95882412395473 9.823746757946662 83.1378774343636 59.51017163832393 0.0 65.13764261481212 68.96654393674469
