0.0 56.157407640896615 59.946604153394404 35.52068504719884 18.34904709951539 50.5066866174481 23.1939630107077 14.52455899353937 32.96489711932063 42.75561674624673 36.10479182906174 30.42237062284 40.006771092783794 18.756609960526067 39.53277279061019 36.031209185367985 53.957878438802986 38.208297716708394 30.10460261966985 23.21939444914698 47.45730163959375 47.56647555689086 51.6154534962104 21.75455641928546 22.58090596473133 31.25267811876188 21.60748313698999 12.866255547908805 41.09799451601375 29.156875955018492 8.609671082547651 4.598558628295623 44.48821963645277 28.6879109224713 35.83410054310428 35.70027368895463 28.512684537524695 49.78581909774047 23.072203219256327 36.88496447431088 96.81133782377874 81.75085239536763 67.76926146683992 55.6852577312829 46.98645819832255 43.741408026191685 47.091384508207284 55.86224494551412 67.98739973251362 81.99199248016903 91.22948872518903 75.08922418277285 59.60430188216594 45.449568277582564 34.312722854784425 29.795501039092155 34.59609882652796 45.87719984075955 60.09371111667128 75.60753934353706 87.58629417871799 70.63931866574654 53.91827263923584 37.724783319471754 23.19161050649739 15.851015379522018 23.735436556650424 38.395306715796394 54.62362653968354 71.35820866695144 86.12817415335587 68.83150736372646 51.53837420019666 34.254126914899445 17.005881114202197 1.9412265464939877 17.80590673920588 35.05775028965456 52.34266884869584 69.63603733198757 86.96512862541883 69.87119856824657 52.912645672699085 36.27981043245187 20.77051054171913 12.054727767064382 21.39933889492069 37.00351117078432 53.6591172403335 70.62616213036843 90.03316333337365 73.63786545192028 57.773785040255945 43.03249386882602 31.056257025631314 25.99801826142672 31.400845336043314 43.52975422997269 58.32989113656052 74.22009955404151 95.11658811098685 79.74597913459358 65.3481660140702 52.72618110426307 43.455992746239474 39.94373789014442 43.603748085320866 52.96958803778136 65.64277131550145 80.0679421131349 101.91420240867461 87.70763286568666 74.81612391377253 64.03885739633695 56.59679708742067 53.889877986374294 56.601588168224495 64.0473257977993 74.82699663431991 87.71999905006503 110.10889755681139 97.06770408046461 85.55115432844958 76.25320856251616 70.06279043281843 67.83604033694509 69.95250611832844 76.05043612028416 85.27998319622962 96.74902175987964 119.41329287993058 107.46128315525642 97.13393308498112 88.99862501557878 83.69701471487939 81.7820641058407 83.48713952731588 88.60349678887634 96.59056651358551 106.80625522211048
56.157407640896615 0.0 88.94808196307953 23.867785415557453 57.88575063178058 106.08683893989908 72.26705473732585 52.66953794185582 69.2469473218677 15.252451435010432 26.676071208640263 62.22506210522843 16.406508584428902 62.31921943367474 20.850982111539413 27.02776264374773 109.97336502576407 18.151983378008353 26.0794593839095 69.73856606555427 28.990070504718638 8.624196265795486 83.4435888871341 38.45538565177941 49.95257369524951 51.59863143144903 69.45676524334132 49.795318459609845 77.65744748692578 49.43483939296065 57.77926776085002 53.953485989287614 20.365560546671485 75.63322939243547 27.901898529228944 44.484766687340645 84.14389100658225 24.863971241733484 76.20123478390306 90.88773641276661 151.77248606450925 135.8113476542396 120.22169226120216 105.1688496763927 90.91983891588355 77.9169159378557 66.8907541063144 58.96099300098101 55.471820969444046 57.24111863847325 147.1376532193401 130.63566460345785 114.37031873610601 98.45896515536326 83.10517975235389 68.68390680975828 55.92130433555647 46.21266680922388 41.746064962173705 44.142523457999545 143.72301436630138 126.79529688802144 109.9840876582162 93.35235151807116 77.01644824892097 61.21368179493468 46.49092543791428 34.26962545003436 28.0377973486586 31.568001253243878 141.61691063833084 124.414017334958 107.24298883950047 90.12204067930759 73.08637624329343 56.21358540226152 39.71181927873145 24.347538116613812 14.39754317676409 20.50581629662363 140.87807205116087 123.57623824557382 106.27443594788626 88.97268353936971 71.67101715053765 54.3695189019501 37.0684242301541 19.768792760931042 2.501172241819566 14.84655384197046 141.5279240075972 124.31318171997017 107.12653153710757 89.98407138722405 72.91697458151394 55.99419608580585 39.40212612236284 23.84151474080276 13.528519572515231 19.908204163860397 143.54759841475874 126.59734023057327 109.7568681471936 93.08578659957521 76.69463630344953 60.810203240491305 45.960900864024545 33.550529176505094 27.158453887457057 30.79342846854333 146.88057096687015 130.34736909093226 114.0424331464879 98.07967126273525 82.6575628742172 68.14417740418621 55.26020771356126 45.41428880640898 40.864778574107845 43.31406303886075 151.44010936606588 135.44151327527106 119.80567307846069 104.69524380717856 90.37415471786211 77.28247277071605 66.15415592330606 58.127988837600924 54.5898600368003 56.39097040823211 157.11940449953894 141.73485015679685 126.84525582060746 112.64706297489812 99.4368813256059 87.66251557823502 77.97711591609561 71.2378780943745 68.32225584772038 69.71166841269319
59.946604153394404 88.94808196307953 0.0 66.7035132743636 42.35873424773944 62.33310063029278 77.8773690145829 48.11204252384196 27.00179314618782 74.49971622478677 84.9846893134138 31.169297876676016 75.72766329502394 77.8104730801985 68.638499005319 62.50788229776447 77.70335417393042 78.15329104266588 70.86611495556775 79.79140330526477 61.61510157395151 82.22041038774717 8.44628181671449 56.91490046939677 44.18678427964804 38.58854726830683 77.80601721684877 51.74556291776273 19.330658692103416 41.285195024049585 51.35451397021853 56.538628986083445 68.66031735080126 83.3263578481416 61.57407485382303 44.52534967977879 67.96440269953185 97.98106165888957 46.56772037847343 78.2389704724104 118.1554000816563 109.75777413367369 103.59297501728972 100.07449744839352 99.48351965510793 101.87100374124293 107.03783069624984 114.60871726524115 124.14460931317515 135.2304516153085 106.4189510005189 97.07276478951972 90.11064317014741 86.1127875433114 85.49604763938109 88.33127398041094 94.30764328222358 102.87918650973242 113.45924496830628 125.54103447184394 95.3408842395254 84.84243078619095 76.84582316582808 72.18733709498952 71.52224380132509 74.95691897742876 81.97765957491009 91.76503832330606 103.53741579479559 116.6955839000467 85.17865729929412 73.29495170226822 63.93429222344429 58.32439447383713 57.5723349450724 61.855557575613844 70.2591186006922 81.51855605639291 94.61978496930982 108.90009148084549 76.29926368862341 62.80830667714401 51.64197478509097 44.58259924795202 43.66952227480938 49.24581829689658 59.51452333438812 72.50869451020517 87.01578876928328 102.39476858808858 69.19845798850432 54.0042476880474 40.536407931433835 31.123164796251242 29.879956914839745 37.62554561572347 50.37123147053131 65.2499015793671 81.09591710800224 97.43846933410954 64.46677619493815 47.821446767943996 31.883048574166143 18.570925641785987 16.490671587808876 28.243896633716467 43.84296548027242 60.377197885867275 77.24842331317619 94.27589438210275 62.64345608492462 45.345213467418084 28.051520040669363 10.784283324515405 6.6653848425790025 23.901203765099492 41.19249113354199 58.490073586872846 75.789641037899 93.09008683610465 63.97766769498606 47.16306714523995 30.891432834466688 16.8201998727902 14.500703642736791 27.135483590467047 43.14059937481857 59.87153697973208 76.85573073860728 93.95593933088401 68.2845586131146 52.83358708586568 38.970564924370606 29.064272974351695 27.739304666709618 35.957142685729444 49.14339450727282 64.31127711435543 80.34623532691135 96.81841108487082
35.52068504719884 23.867785415557453 66.7035132743636 0.0 34.16540140293018 83.65958077315948 55.568150967497914 29.26950022522662 45.50420880923273 8.624926283770595 23.302309236413166 38.560745668087385 9.03445891935166 46.82849447229934 4.01243234978044 4.834266220204636 89.17743309523338 12.316694455932444 9.537082739224667 53.914961534040124 16.3502469994161 15.940070176107662 60.56107907160283 15.142419311871814 26.085543150345785 28.404591243956997 53.07696753746945 26.784234693320148 54.078313561715746 26.002618548997756 35.23709638934275 32.36175336186878 9.345517918147703 60.032382458301186 5.7163618991992085 22.552072937185358 64.02464013515137 33.16172467853766 53.25803765448463 72.13920585403719 132.33081639646468 117.1796894794466 102.71032144578278 89.25489613294027 77.3444159818206 67.79805846367944 61.72269135067529 60.17890304820748 63.49807843566511 71.00146059277719 126.46453341264358 110.54352059321766 95.10607108583629 80.43110498016814 67.02136687840641 55.79666358615917 48.30501832899528 46.39164799383345 50.69219161590206 59.882507107166326 121.94204733580479 105.3641434341461 89.06206243247549 73.22026794511657 58.2157430720203 44.89594943027233 35.226811372568314 32.63309109119234 38.569644272629226 50.090165850295314 118.91684134835087 101.86409575360018 84.91221792074896 68.13653500060921 51.708818906901584 36.107179408349 23.073074310799267 18.966207125696943 28.031752863120932 42.550596067236135 117.50466116238925 100.21953003229962 82.94140399411708 65.67581202203183 48.436159680668226 31.265385590005334 14.411821508605378 6.048996108848673 21.54515259353649 38.60712807574484 117.76356995266765 100.52158016758159 83.30444737351586 66.1315887187679 49.049529071964436 32.20308648801747 16.338128962430133 9.774627261414938 22.86625066938563 39.35607580435163 119.68271939939524 102.75307670362602 85.97178171843532 69.44645968124404 53.415216028534964 38.500271106082636 26.647091358971675 23.164090989060284 31.012800189832532 44.56145723242744 123.18451043124551 106.79310730800492 90.74039291251955 75.24345169283265 60.72925257951222 48.09588542371716 39.20578082651022 36.87382927622521 42.20156751271713 52.92421275090762 128.1392097852193 112.4468537575885 97.30176669969298 83.00405853617839 70.07435131406224 59.412597476921206 52.42136791664104 50.644288306532204 54.59294011543282 63.20312754378922 134.38614475938425 119.48539006288509 105.32129038862935 92.23385070498131 80.74828455903388 71.63924161797753 65.89969390872545 64.43641526636662 67.52797053802985 74.61028906925503
18.34904709951539 57.88575063178058 42.35873424773944 34.16540140293018 0.0 51.261187505604916 39.94524596376728 6.232939675749573 15.566221394421056 42.750779216369516 45.43009225842279 12.074489508183634 41.81891644670974 37.04672390736584 37.70438218893676 32.159810946600935 59.84871148105853 42.230972749333205 33.71325515546736 40.76042408297408 39.88819533290609 49.55343504265339 34.25749234928377 19.566447937215045 9.322116048545604 15.540949761135863 38.95081085453475 10.01197051025923 24.453204583901346 14.616800295461333 10.005041996170242 14.396110924664807 40.928934392833824 45.62380812562385 31.51967234737765 22.848892420180945 38.24572521795553 59.25559975683981 20.747246010529082 48.543813058414536 104.17185506182473 90.84063386864528 79.0630185082873 69.631859011142 63.599728325164925 61.96732894721893 65.06665068097259 72.29165211089222 82.56628645468058 94.90519012428183 96.35202266799544 81.79936312171179 68.5365715556331 57.46381272492158 50.056170490022524 48.04011796835327 52.04601775129507 60.89684139711987 72.84754573378335 86.62451642265384 90.07824799413788 74.3429113712762 59.484065958699695 46.352428817375056 36.843576565090345 34.13295377691345 39.640583441319784 50.75826139830714 64.65395786270727 79.89102175388375 85.69088376841233 68.98721192394254 52.67119599412087 37.25568408024638 24.503647393271557 20.28751106780997 28.660933438199798 42.77881176742764 58.62862779700139 75.1220133442664 83.48792538121867 66.2438495401516 49.04054385709449 31.943946283578196 15.31567461805262 6.887488389458717 21.424717643297072 38.33161851977458 55.48261757582145 72.70517278880253 83.64218107555153 66.43726632507342 49.30029976500175 32.33948137482681 16.120727426946075 8.522144593051799 22.002030421446207 38.65572448391974 55.70596042250246 72.87493613246617 86.14098620658001 69.54296015042235 53.393710929445334 38.26571161876481 26.006773408767227 22.071499703666927 29.944301524610758 43.64496015588719 59.26057001735938 75.61388119306741 90.79092891744386 75.20093357049333 60.54812423696521 47.70406261567348 38.52255357884823 35.93054384850951 41.191359908302516 51.972681129098525 65.6071515853446 80.66067441561334 97.28397869897346 82.89010768221603 69.82885379658565 58.99211069854062 51.79547140540782 49.84148897213385 53.70548034647295 62.314401601223445 74.0310212401476 87.61735556312553 105.27958622680976 92.10306478121197 80.50373563970834 71.25603136612659 65.3657877232047 63.7702442207993 66.77795696191117 73.82845432946043 83.90875666935274 96.06982807860074
50.5066866174481 106.08683893989908 62.33310063029278 83.65958077315948 51.261187505604916 0.0 46.19648177284874 54.75812584080751 49.679373341116985 91.78901779605113 86.25233287641899 54.990225754618955 89.7048489027541 54.36597800915898 87.53577451161934 82.6298915558419 16.4852220627439 88.47029595236486 80.08171098847649 49.93706496389152 91.14934236155645 97.46413818914144 56.12214409441967 68.53894286296463 60.57889256082417 65.00634524131068 48.4857886149392 56.88881074263441 48.62490866915964 65.09778306108775 48.46516545182869 52.16861878206812 91.51715296664662 48.41362235173586 82.11483769662905 73.41403034850096 27.634462211945486 99.5094918080219 30.660691690855685 30.724846367345375 56.53492926681611 47.483730062553164 43.72545283099087 46.55996178156895 54.976804819011 66.90121303993841 80.79480029859529 95.80465236689318 111.48079334811156 127.57784825798528 46.371347212852704 34.836603979713146 29.590292603709216 33.70891812192595 44.67332773099739 58.76929951231011 74.23384824127702 90.36706916292864 106.86654976287616 123.58568295697307 38.833085992826945 23.963129660795857 15.46502608617066 22.423534820535952 36.94827775611014 53.16246775423738 69.90016566192392 86.85925842793448 103.9314236549706 121.06883704909686 35.62762322117816 18.34779401880086 1.6337533831313455 16.35268634420843 33.6283384516968 50.92183754702853 68.2196124813437 85.51906869720631 102.81935756638704 120.12011932097278 37.87165354463257 22.379058229829575 12.887790531295233 20.738390361376517 35.955240470047045 52.48038292739091 69.38526255343888 86.44739162897972 103.58909774545961 120.77650274939785 44.75276572364612 32.661465836163174 27.008196618702343 31.477357608454156 43.02226659307642 57.530138422826255 73.26136945478794 89.57371101532449 106.19972306392349 123.01228668578888 54.54322272414004 45.10521915470616 41.14248088652606 44.15463691024511 52.96475692859653 65.26564395543005 79.4521766460292 94.68050356309492 110.52082348683568 126.74388498568972 65.95989413527357 58.34326694826377 55.27987473383729 57.50209467110985 64.46561735599016 74.85879600310015 87.46748793229372 101.4691191409593 116.36194146202372 131.8442994194771 78.29446943969765 71.93830590017475 69.41833828408754 71.14338653689273 76.82803608821277 85.68782138454337 96.8552954720352 109.62747698790224 123.50752641959815 138.1619498084883 91.17503372534944 85.72050362264987 83.5571780370213 84.9369092651235 89.69634554008435 97.34099621655986 107.25569438769747 118.87378897395502 131.74540114499652 145.53832152045192
23.1939630107077 72.26705473732585 77.8773690145829 55.568150967497914 39.94524596376728 46.19648177284874 0.0 37.422245271772745 52.08882745360659 61.29048506175819 47.23774642038679 51.511996476789825 57.60643818635107 10.267848864350574 59.437618171530524 57.19091453206874 42.19812479425451 54.34989427231871 47.926890986691035 3.7705352097096627 69.40861001321599 64.21250114222613 69.4495641703948 43.837162709946845 45.64712823225732 54.189242139057285 2.9133127418573452 36.05994002077365 58.559152608400495 52.238885864050154 30.10385261396352 27.776262052997286 64.90066210529315 5.6828613085902715 57.18582742356708 58.88835450313741 18.57145243098289 58.3651296439945 32.453422071964326 19.956160482556616 80.16672298414909 63.74981709330445 47.95921170719836 33.68744422629275 23.83931442448466 24.50495926908418 35.091085023819055 49.60833166235368 65.49274765398775 81.95318494691843 77.3461350417544 60.1813398943646 43.126279456869234 26.3945360034403 11.496970236534782 12.899703916859384 28.272559848825278 45.0664638329406 62.139745148652295 79.31218654531922 77.05395024828528 59.807079743921754 42.60487983971396 25.537780734632655 9.375188722282045 11.059997393400193 27.48574869165803 44.57939748330288 61.789096439747865 79.039076776847 79.31811928476223 62.68428167801777 46.54015520748698 31.644346709137796 20.86756011716601 21.639251524339006 33.16279696463712 48.27003991281091 64.48979887169153 81.15776807222153 83.9319840474224 68.40384330483646 53.96574597120058 41.763929703743656 34.27620219844587 34.701561590329966 42.80475257811708 55.30825830302231 69.88897020604536 85.49059014311307 90.53696590424663 76.32939077742685 63.67191039972125 53.672628292555174 48.021791493263194 48.271487082827726 54.34043658937297 64.60907218620983 77.42405275605694 91.7242511975692 98.73419035293533 85.8520420399424 74.77567120290783 66.41478742890452 61.880062045756254 62.016572564369675 66.79568527052285 75.33901361881097 86.53880909337995 99.50205570320101 108.16214794301847 96.50002785688282 86.74183658693119 79.59097161376778 75.7890824628131 75.84149912172634 79.74062119051119 86.9706045560315 96.78786677925441 108.49231292521813 118.5273979271665 107.94070083737732 99.25885415924628 93.01677136574615 89.72510115140952 89.70920907693119 92.97077500506404 99.1870062654451 107.84819800685032 118.41908549139731 129.60512427113753 119.94731444849457 112.14227306068449 106.59775668233847 103.6770717733792 103.60236412804852 106.37962988265211 111.79652326592638 119.4946054575119 129.06633957133104
14.52455899353937 52.66953794185582 48.11204252384196 29.26950022522662 6.232939675749573 54.75812584080751 37.422245271772745 0.0 21.610575257952533 37.71971957739612 39.223166918136826 17.169541818213485 36.40943555375769 33.13370564676288 33.008224598168894 27.882607727867434 61.92772991543694 36.47132182072627 27.88260772786741 37.703532853375684 37.04680944955762 44.21007605442368 40.15184067197347 14.226131961573223 8.291500373716557 16.77860626321796 36.03621821255765 3.7854805212560976 30.591442793209044 14.86034716278328 7.990049526535026 10.01775251516068 36.766607828945716 43.01704726774601 27.357027879662606 22.152727780370107 38.67864520218402 53.07434841734164 24.140750907495356 48.461670784734686 106.02079420228361 92.03523285431787 79.36785488289269 68.75118697250724 61.26085251655806 58.11846016242791 60.01096393142314 66.50994806793568 76.44951021151324 88.68020664437022 98.90102478561982 83.7745061745115 69.66797750958581 57.339256363589136 48.17320391141281 44.184033933663194 46.71727902014076 54.87698505068027 66.6270728922837 80.40867005947669 93.38268223627665 77.21359078571608 61.66247628701643 47.342290620606995 35.76357225124736 30.256946950776175 33.92110990309192 44.547835805866974 58.45585319308837 73.81309497392827 89.7616949461737 72.81353826672105 56.08184317681748 39.840271299376006 25.06059864079775 16.35641449717549 22.488736961358242 36.642415162941425 52.70960246256299 69.37326645374671 88.27191962160242 70.97743015244077 53.68773571229429 36.40966792336139 19.174682479082506 2.895955035237977 15.742243819318995 32.95396035191956 50.227704932567214 67.51588524353018 89.02044076382643 71.90198251026187 54.89867251834351 38.16472638329269 22.314600059641474 11.749440497879906 19.413146795103575 34.84830161206229 51.48447263281377 68.4515205059718 91.95260313684989 75.4858129580707 59.49491645833497 44.49598412263972 31.919437870422957 25.62262315180854 29.88139074241637 41.56905821065036 56.22976152013913 72.07146420691757 96.87028058580736 81.37829341118793 66.78104483751592 53.81166410877748 43.93618522735098 39.54475292870165 42.3779722233541 51.25137567937572 63.688463805659474 78.00284141198807 103.49075184038402 89.12260039929467 75.98710187534309 64.83780506180682 56.85544691238131 53.47749327211944 55.55035818492274 62.534325509964994 73.03383465281522 85.7673580425638 111.51105611501913 98.28185412580758 86.50214650248142 76.84146754036547 70.18042607033809 67.41412729334826 69.01252205048989 74.69593781794981 83.63569416669695 94.91610419830944
32.96489711932063 69.2469473218677 27.00179314618782 45.50420880923273 15.566221394421056 49.679373341116985 52.08882745360659 21.610575257952533 0.0 54.031623192046446 60.17915361374551 7.140583767398487 54.06490954202019 51.06869205281436 48.41498070848703 42.30215278764543 61.84174658354008 55.39716530858165 47.265383526106255 53.62214387282243 46.30202557759786 61.430751041610954 18.757137211155083 32.758822560871806 19.821130836487416 18.493971550046467 51.67885740800285 25.366943067699204 9.082340070348696 20.072971529461405 24.3626615879124 29.55226772286551 50.26030951975993 57.695741666196504 41.473278964204745 27.094519340417826 45.39254086371144 73.77583835662695 23.83524431099488 56.06986288895008 105.61706081251133 94.16555772115736 84.72323901062674 78.02299941475705 74.80531992379058 75.51668413179218 80.05241731345167 87.82195451655996 98.05961510252071 110.07891157733462 96.0474161075613 83.34342658359108 72.566127850542 64.68581460273109 60.83881864138915 61.78320677894623 67.31762747920402 76.45166343624669 88.0723921434934 101.32784028198994 87.71926274394423 73.6389406678161 61.23251610538642 51.71896551819834 46.89333299968825 48.185276644300174 55.16665669282455 66.05756622728578 79.2625196468911 93.80935403874189 81.01650524079206 65.55054934796841 51.271661661181305 39.48924449204382 32.995847360489186 34.88208461339185 44.08516850782396 57.17475587321153 72.06324796525621 87.84064592593492 76.36843245831285 59.738477194869006 43.634226664263615 28.94680834302318 19.25101523446969 22.405297577279274 35.1013536655142 50.60557870848443 66.99594063308334 83.75380244377915 74.16245384144385 56.904634291569906 39.6852459519908 22.5923346961878 6.679964529992215 13.324554910490505 30.152596892251985 47.32365088909549 64.5646208533787 81.83132711099553 74.61551521683668 57.49116874077328 40.51798401568843 24.018591707843324 10.525760779245378 15.601400762721987 31.22064933596107 48.00799264266987 65.06549733624136 82.22520114327281 77.68109916905766 61.400129776115904 45.87275474359328 32.20798413256276 23.85602185831817 26.44950356512754 37.79885741251221 52.5037325095501 68.43421042165757 84.9031878520702 83.07043438191003 68.06140698958899 54.43087286761216 43.49472919441602 37.67717825383095 39.31990337714742 47.65759738949133 59.95952904396238 74.28156167046916 89.66081882237201 90.36865855384512 76.76170732759219 64.93785968280979 56.037417624726494 51.59611781496152 52.75250912352443 59.17935205617797 69.42812719905386 82.07944096054908 96.18994259083696
42.75561674624673 15.252451435010432 74.49971622478677 8.624926283770595 42.750779216369516 91.78901779605113 61.29048506175819 37.71971957739612 54.031623192046446 0.0 22.061152438928602 47.03944055667755 4.555039433487168 51.94685826126436 5.861281017883629 12.036283561144737 96.68694680601763 9.515805462615926 13.36359407727526 59.258631118326264 18.229819823789988 7.724419010786835 68.65207641578718 23.505852133531892 34.70278239629321 36.602047823445965 58.64322908226848 35.05262497757109 62.516274414172855 34.33227569822456 43.32549241389167 40.00555180551867 8.315460272914184 65.3429605748451 12.955436848301039 30.002921774776073 71.20308369594646 28.4716048383348 61.55532131104632 78.79665693163159 139.38457732851373 123.90746045666825 108.98052012861264 94.863825717059 81.97703180660963 70.99308917296226 62.91661409716458 58.954886153710554 59.92957138372569 65.62107210304004 133.9728799329845 117.8155838321111 102.03428203808392 86.83421739070519 72.58148242126519 59.955529795728175 50.19923503275109 45.21022588900276 46.54749761605583 53.74084318288548 129.85851398305525 113.1370342768713 96.62014404913309 80.43397781645996 64.8267396913546 50.339809406450655 38.267420655930394 31.51830256853393 33.48313232854692 42.983086730013035 127.16752435958496 110.05228061689166 93.00613857939528 76.07556299633127 59.35952227147319 43.10831254815443 28.139162471331613 18.000290159585244 21.32886669469083 34.41718742921737 125.99118726748257 108.69714583911565 91.40609006338777 74.1201094871791 56.84383434214327 39.589972438167095 22.410351965225598 5.982923647297196 12.964583223047633 29.98464612995999 126.37182429690473 109.13609813455298 91.92524648867311 74.75645158815345 57.66728927385775 40.75804873204693 24.405612198985132 11.347350496507048 16.14323096211537 31.482670385838272 128.29557278214452 111.34791557607535 94.52869071558672 77.92110876646534 61.696318951729076 46.25887061809399 32.742040367786224 24.55422696759809 27.0645464485621 38.22015234025324 131.69479982927422 115.23052404248821 99.05217613748087 83.32646687401608 68.36646198036755 54.80285324459131 43.94813854906119 38.186798744141896 39.79611630517921 48.04098985104199 136.45924015269182 120.6226404355346 105.24836831953188 90.57216552755375 76.99425815794045 65.20440857059737 56.336617681719254 51.910640274953934 53.050119160296376 59.435815795684725 142.45191272123304 127.3325692110992 112.84197565003707 99.25589301786393 86.99911305873889 76.7114827895967 69.27589808466371 65.6684175552236 66.5148450963468 71.65752380151592
36.10479182906174 26.676071208640263 84.9846893134138 23.302309236413166 45.43009225842279 86.25233287641899 47.23774642038679 39.223166918136826 60.17915361374551 22.061152438928602 0.0 54.27928894400494 17.551083857012006 37.005757331952246 24.763650220302868 27.991970107015597 87.4297325299481 12.554563515884745 15.054073963073977 44.314874999194615 39.01630856864819 20.325796744135516 77.7671175763273 28.07148291629239 40.91726945254835 46.84042534167685 44.34097161016382 35.49973839155854 69.2599205497114 44.007095993901196 40.98851012566712 35.74099469934664 29.769027944850386 49.94581167544531 28.76546507432779 43.653922863750566 61.48976556590846 13.958303248183253 58.83977463909518 66.73281198740388 127.39238844130195 110.95640645047455 94.82897477477024 79.19881063687431 64.42884122012883 51.26798592684779 41.284912576840576 37.13742664047025 40.65267191727942 50.247366459068374 123.95961787483023 107.01609613203928 90.20872313334623 73.6307921849457 57.48116488655087 42.253828302314815 29.417658409229887 23.32642657976753 28.66280967224543 41.20318034148487 122.05517643769257 104.81446151420974 87.59788667252433 70.42315894780376 53.33072325227599 36.436574053713784 20.243393358736405 9.522561647448702 19.24257118297595 35.3353515743437 121.75083179639897 104.46152574601578 87.17722863243132 69.90165617248236 52.64339837113235 35.427768222835276 18.374973284998376 4.343505264560112 17.286004325110664 34.314127788091305 123.05846078545048 105.97576585098754 88.97782372065794 72.12458159338809 55.547901991133195 39.59666085523278 25.474176647112564 18.129638455396 24.640330657574395 38.52687359515959 125.92783921771928 109.27957049463885 92.87053868167811 76.85413438980065 61.53769235978889 47.60174135068674 36.65613957891869 31.939441896319277 35.990164199280436 46.574289904880686 130.25575826050098 114.21770830767852 98.60786244858433 83.66623869410401 69.82314639826274 57.87233677758432 49.212257322822985 45.75137695388384 48.613105550224766 56.850531087783054 135.90288623923345 120.58950283494963 105.89031146957937 92.09985937100949 79.69131880923238 69.40983111689812 62.317246270895915 59.5638302583799 61.732946896440545 68.357587400018 142.71263058929614 128.18125041095539 114.4231537792589 101.75249590165363 90.62654060429732 81.6789840804203 75.68639348085786 73.37636550918604 75.08953996459545 80.56968504557716 150.5271958414339 136.78988290656915 123.94831051063788 112.31015772255482 102.28702563998978 94.39478766895117 89.20085483114823 87.18879116750607 88.57569840044846 93.20997601193967
30.42237062284 62.22506210522843 31.169297876676016 38.560745668087385 12.074489508183634 54.990225754618955 51.511996476789825 17.169541818213485 7.140583767398487 47.03944055667755 54.27928894400494 0.0 47.23170757701568 49.095684417800456 41.37807181821762 35.23835405714991 66.085421085788 48.78698906487526 40.84560483550036 52.566388361775715 39.2454185725724 54.50044622720388 23.54361448676027 26.431284170138255 13.40923097931098 11.398038170311766 50.70925951738185 20.676194150448183 15.546101769833324 12.939903151811867 21.996103076309296 26.41782550848738 43.129322460757415 57.191754764574135 34.3979188997973 20.072369469181876 47.38980970056227 67.65952644271597 26.873820363502706 58.01034208123917 110.2395916667336 98.07800479116011 87.66133286279721 79.67691220022043 74.90659650261794 73.97481236887417 77.02099930545303 83.61149805191792 92.99579389497423 104.4233669280221 101.21501501062255 87.86206127139691 76.11636053117599 66.83079269988761 61.13677574291221 60.06456381819456 63.847429769806375 71.7212153604418 82.52313106148073 95.26225679751084 93.46038911471268 78.84806345632764 65.55831856530267 54.56622032503148 47.49478827511665 46.18160533587291 51.07278800763571 60.68625811230474 73.18413364719125 87.33679726639652 87.31485748946996 71.49225424302367 56.54298440028839 43.3795382977727 34.13456006635987 32.36140647306253 39.09042922386818 51.0643836237602 65.46594139525156 81.01059363131917 83.13612417542402 66.34857606191729 49.913564935935234 34.34103085889176 21.586126400466796 18.743727542882304 28.903387485340478 43.79721807086734 59.99749019786709 76.68059315099941 81.22836276868321 63.95311280451097 46.69762180218867 29.496587122310427 12.575489932353028 6.704533354745237 23.031980228860842 40.18341678244305 57.425215547274135 74.69482781477546 81.75074398188022 64.61229106587027 47.59228180747153 30.88714189082248 15.547311549360442 11.319689674745625 24.764187205384076 41.19596675941461 58.13487337412853 75.23916827613277 84.6582872358349 68.23763544810055 52.387355088793434 37.83128127242222 26.77101978120136 24.51285265847926 32.920862362775644 46.533828553747234 62.01388561369658 78.26083059729818 89.71936456123994 74.39673348558782 60.15721129842264 47.97512617012085 39.7874594932233 38.251505550903325 44.06835557409679 54.95060319208729 68.52608380276517 83.49123351224345 96.59600342522324 82.52413451509577 69.91693682614105 59.7094943123094 53.29887189501471 52.105816930488395 56.46204875122049 65.26568867938492 77.00621836372467 90.54836051872377
40.006771092783794 16.406508584428902 75.72766329502394 9.03445891935166 41.81891644670974 89.7048489027541 57.60643818635107 36.40943555375769 54.06490954202019 4.555039433487168 17.551083857012006 47.23170757701568 0.0 48.074534683061785 8.231147806381967 13.550680832391473 93.94565120485856 4.997691751610978 9.965142415899042 55.436231378353355 22.069484205175563 7.8243725788647795 69.51619117320023 22.267463886653225 34.38141153381409 37.35208297274533 54.90659347818046 33.43717972785172 62.776921564465 34.87905596452776 41.37276090111377 37.61430267774514 12.387468205033464 61.489554262380004 14.489685481256018 31.555759800047245 68.2641859323236 24.921361579735724 59.80175849115487 75.50982840238338 136.25957372169384 120.59524662209218 105.44408295575003 91.0625872623745 77.87832826829067 66.60609788553387 58.36445480060377 54.54489838577868 56.05873119174854 62.519723231065115 131.1880741641323 114.86108923614502 98.86624465474726 83.39486997426172 68.80101626003491 55.77778082246581 45.68859073499073 40.773021817214655 42.85016671829495 51.07386574728129 127.46740237005926 110.61242579425132 93.92011969087041 77.4956714601947 61.553873778531404 46.59280769663846 33.935381990776555 27.037763269012622 30.152631796648343 41.06131799970434 125.21808504056597 108.02473801331058 90.87261411642383 73.79046511426507 56.84141324024474 40.194185505831605 24.47267067116064 13.452265350585975 19.019149516501308 33.78173212822063 124.5199157351402 107.2183929792783 89.9170271546742 72.61593043206038 55.3153553147479 38.01601393602293 20.720996560846096 3.495094028675061 13.92067767631617 31.210069730301694 125.39881557344955 108.23322291706197 91.11921145038161 74.09253271575307 57.23118616392416 40.74096822422243 25.356594223261876 14.993325381940151 20.13343731378396 34.41835770020395 127.82224481506171 111.01928270799034 94.3967458934504 78.06996718664485 62.272012628946825 47.53311452416599 35.209374250472095 28.61315664387385 31.566359790685773 42.10542776207397 131.70493758120705 115.44837283952994 99.54480321593293 84.19449953278833 69.76363310759885 56.95542209373825 47.11242464816343 42.35499799928379 44.35105414512615 52.33345966977114 136.92275720553184 121.34064905958503 106.29187632101092 92.03842140218173 79.01188038342069 67.92187905774782 59.854692827602626 56.12918169842635 57.59413172143312 63.89351426626749 143.3298948067273 128.49490287948225 114.35519679743814 101.20262670424526 89.47358223772223 79.79825709214528 72.9978862824528 69.91645456529842 71.0395628285717 76.18148072430641
18.756609960526067 62.31921943367474 77.8104730801985 46.82849447229934 37.04672390736584 54.36597800915898 10.267848864350574 33.13370564676288 51.06869205281436 51.94685826126436 37.005757331952246 49.095684417800456 48.074534683061785 0.0 50.57267120461259 48.94535851076694 51.95966883289932 44.56719984341452 38.634423408769855 7.4200055168086205 61.49518120363441 54.40963461805752 69.38708035786516 36.55756838640315 40.88281274285128 49.64078509516947 7.356281474561789 30.88921423778604 58.610450021027276 47.34499617306051 27.109802634698866 23.122967833449728 56.16478409467782 13.415897170718436 49.05048506213757 53.068915574981226 27.05477529413083 48.14405372426034 35.303005051297205 30.1109927699974 90.42516760237577 73.95201758895989 57.96379393892701 43.00479558063089 30.622442928931626 24.99532179896082 30.174637456563005 42.36699083403561 57.254917796602506 73.21201980742673 87.53453612944688 70.40482988652188 53.38631033515866 36.634262582531136 20.802722481701167 11.052164234298088 20.254886072284986 36.01504531813079 52.75054097025078 69.76294618171814 86.8675328846395 69.57762491630524 52.295669717841726 35.03343854371077 17.848252683933538 2.914102650705772 17.237674650715324 34.41651381509486 51.677548139600624 68.95908281706802 88.47447292927009 71.56479592228287 54.900089980375085 38.79731889586646 24.39582415868175 16.84614877315372 23.898565434549827 38.173319745655704 54.239980274692364 70.89048447565767 92.23656141514775 76.14629627918411 60.72596278136483 46.644781249857964 35.53220544065155 30.7903974098175 35.103681650147884 45.99127419070835 59.973619879777566 75.34707562157836 97.90562425569955 82.89301218964815 68.9615504773907 56.91083538502647 48.17358913292222 44.73533236171312 47.75467515278954 56.20028293725115 68.0818505276101 81.91769470581515 105.17367045407838 91.32624901609282 78.85533106604665 68.51670885044766 61.39716786698624 58.68033511202792 60.95775514297059 67.72747427501501 77.82589740903796 90.14114775934775 113.73447700997718 101.02442417745957 89.86114273937652 80.88759696885617 74.89505582938757 72.62522363158824 74.41951694975536 80.00495968444612 88.66797798835107 99.60880855606949 123.3189985219966 111.65830169485159 101.61817770685235 93.72090752065434 88.54174007799467 86.56990082838652 88.02120475665403 92.73507431428305 100.25234307943046 109.9997606397685 133.70714603202575 122.98527376957124 113.89388994976059 106.85000099307189 102.2775204917044 100.51429562749252 101.70653860531388 105.75433942190156 112.34947511913786 121.07639222127004
39.53277279061019 20.850982111539413 68.638499005319 4.01243234978044 37.70438218893676 87.53577451161934 59.437618171530524 33.008224598168894 48.41498070848703 5.861281017883629 24.763650220302868 41.37807181821762 8.231147806381967 50.57267120461259 0.0 6.206400627391677 93.17522082651624 12.696013997101163 12.517140895993576 57.71438746046416 14.253791055457912 13.583405990662184 62.811683929811295 18.99713785562178 29.32859663517759 30.804052496326786 56.91702390553667 30.646966846617122 56.80820400319732 28.59066291334448 39.15455006062657 36.36136174026949 5.70879028186181 63.83161911984489 7.11162903482072 24.1469553933819 68.03707071775611 33.149429107885794 57.07232664660101 76.13215786469799 136.34315932129294 121.181536585977 106.6731798213898 93.12392037457522 81.01639690835124 71.09109198656465 64.36555695169594 61.89185127107079 64.16363733513795 70.72508910275766 130.45984799706676 114.55336578157599 99.11547569569991 84.40369465420413 70.87165906676127 59.33213872266879 51.151887072132716 48.0773403577962 51.03967084491841 59.138545663906 125.87474181534012 109.3276672854885 93.05554724180682 77.2323684890199 62.20169164977875 48.70287442854887 38.38746335765042 34.262698966097474 38.379363854021655 48.690106091604456 122.73349177229491 105.71271101783915 88.80065363979256 72.07389576696401 55.6996262403405 40.1118663708949 26.72427421625645 20.448065659603824 26.847187827850384 40.275689286623226 121.14850910828272 103.87685055393052 86.61727478118338 69.37879998755933 52.1823425364665 35.089731334993125 18.392797650794893 6.6343163459832075 18.66672678937203 35.37785483001658 121.18089757469687 103.91444937242146 86.66215431233732 69.43456302205496 52.256113942819205 35.19883090508225 18.599120949818374 7.18402766361785 18.868136028294433 35.48402755095384 122.82937728278016 105.82351005660006 88.9319181939485 72.23481364698162 55.906725602859545 40.39761216653886 27.149283710985074 20.997894642969666 27.266297677122427 40.5549236807757 126.0305258810785 109.50617247524438 93.26423650635047 77.48252355763202 62.51058108492799 49.09492523046621 38.881335681475356 34.812533527451265 38.86868099222914 49.07488032369658 130.67023804012325 114.79181588142146 99.38970195057134 84.72406205588291 71.25112283985551 59.782775932018 51.671462801181285 48.62717157795657 51.55546082761067 59.58213863571804 136.60194661704864 121.47129624367484 107.00072072086849 93.49720365440128 81.44319726564977 71.57482870507623 64.89693568579146 62.44167560818858 64.69163684957674 71.20215823912477
