0.0 12.156551253302057 49.98104344861919 25.88253971731216 24.401205860813878 20.472202534294226 16.02201442200535 49.80889622017409 7.758261304397055 17.082762719760748 12.893793922354883 43.475895121762754 3.7871261482551986 52.48401296328146 20.930339368483196 36.986244755790395 19.274233237510398 16.219544071932187 20.213644675706824 3.2073520685859194 5.220656169857991 11.449255761867242 49.11554247911626 35.64056232852225 31.78611195768661 13.26928788287191 17.94179761879992 41.96568883245353 3.7703747136754853 17.793611302885562 13.185847103333879 34.58706837504333 9.0115569473522 46.7314600256193 23.193714667524727 47.41323128289642 12.695386752359193 14.20793399596148 30.17637167377503 5.2036609317217755 59.45344599442576 18.151250969546155 22.44629405853493 30.592633168937596 28.787120755474906 29.032282083573037 47.70798151085529 38.05718918442772 45.73862928885765 16.27844724148542 41.66565458039546
12.156551253302057 0.0 38.110342854246326 38.03116191289728 35.27849019040699 31.495426152687276 25.517543931819905 61.78153032425174 19.330670613174807 5.017979905003014 20.10731302602829 32.0993332034984 14.34904833976648 44.06267978137465 26.933010576767725 27.157317204974134 26.45270773888579 21.77657528099087 13.262504377313576 11.534064998735257 10.820130016734572 0.7113065980788735 36.99314478572246 46.131509659915615 42.70135920797744 23.292527254913022 28.739599312844327 53.896238819681905 15.648745157730973 5.989541204670589 20.715156624591813 22.901318019336962 12.461948332333336 37.52622670554251 25.70267825224063 35.84777555626252 18.133604460903562 17.24241864090479 25.092151266747894 14.024878633772177 49.07821932422033 14.625505576369344 29.58554331173535 42.71984253104199 30.31801231890211 37.142169604751 57.26448376325866 26.976523311004737 40.62192201367439 18.818658538231627 51.45715107704237
49.98104344861919 38.110342854246326 0.0 75.40107704346975 69.80467510613033 69.5269122301015 63.11947440382887 97.96126316649368 56.19322124821403 33.09374147344584 57.10624070309369 23.809907605557907 52.45821709014018 44.9711865663362 62.27505958081041 32.742472887043085 62.71283464143829 57.6033986491173 40.1368381010137 49.643105233418254 46.946235473191514 38.81419449549314 6.212237199786565 79.06613757642378 76.74998392196348 61.1615015994004 66.73365096671675 90.05028338876313 53.64053041902678 32.224099270409 57.789242538284135 23.033550385060618 49.41029842304529 38.28048485267816 58.05604159379007 22.351173843716268 54.5693821320676 47.16396183007732 46.23706479552296 52.05544915772657 37.65197341316792 45.145813607419484 59.33025002833894 80.46476366614974 60.291502100749376 66.75001930900473 93.99087483270245 26.210176020628104 54.207340797473634 53.18981216458467 88.50925536672219
25.88253971731216 38.03116191289728 75.40107704346975 0.0 13.012185554076998 14.456931756780723 20.73767733907439 24.526996561768442 19.21555189800358 42.902960189860735 25.925242902921305 68.7968063678608 24.468221674584523 74.4746831622197 29.271308381333622 61.11667459712323 26.416623728899427 28.887245031687257 43.78115398408088 27.20891461327427 28.45918234027932 37.326246204559176 74.89771891340192 19.58245698888324 15.117666194359897 20.073005454673833 16.045347026371925 17.08799275437145 22.615652569650493 43.502525724500316 25.363875844302154 60.22462323780989 30.448084457593843 69.8537197819386 36.24564951201015 72.86468709995728 28.592186302547695 30.843005831210473 50.47809956378771 25.732242212365307 83.5331578634132 39.90645596621761 25.525501039735342 5.892761437318666 41.05465011835054 25.113559669752924 34.63377055206575 63.20729712244926 64.06275481611783 33.107020279596476 29.030685293323256
24.401205860813878 35.27849019040699 69.80467510613033 13.012185554076998 0.0 23.903321035038747 27.51820066304185 28.459265031271173 16.66760728054872 39.5057615767325 30.507191463482425 67.36220062350759 24.948739329370273 76.68737022977551 36.35880940431287 61.376115710636135 33.538979608244375 34.18592772906287 44.53351204442696 26.970783296229826 24.491191140758314 34.64974731926687 70.32662532243917 11.32194094867342 7.432490587617451 25.594031939670067 24.146913759640512 20.714448948156612 22.606462530987862 39.688676147426314 30.184380183695094 58.17184008905145 31.98507311442272 71.10574140277213 42.19567471873222 71.12368296288413 32.45639390224701 22.79631493317027 53.593283813160745 26.81753755706845 83.81017056331173 41.85231445055974 13.624746520499366 18.42116769874515 47.64294047747841 12.10287902991665 47.551266086432236 62.126027792401686 68.5525479561643 37.14672640384004 41.823401759737
20.472202534294226 31.495426152687276 69.5269122301015 14.456931756780723 23.903321035038747 0.0 7.54372088710374 37.36143740363844 17.8874836902426 36.48355608569438 13.874291040817944 58.977155601829764 17.306817650238408 61.80434013616493 15.091103337610479 50.115633096310546 12.334460766964268 15.812197746047378 33.20148006027923 20.01731118419379 25.07322268102952 30.805299236679566 67.92065395424854 33.21580096983843 28.588172019696042 8.535679176943654 2.8452263923140793 30.69754604450842 16.72767061163552 37.4707394537333 13.182467071428286 51.2749267607256 20.627891344280258 57.88676994724326 22.350835567144944 63.2004079143476 16.78742991962596 31.550437741545487 37.745783569909 17.481277188501146 72.02167361057568 28.583716589957195 32.208713286885924 15.344219598406356 26.814645168536376 34.91185632719345 27.902584333260474 53.258516763363616 50.329482446061355 20.62680272085738 21.760363864341418
16.02201442200535 25.517543931819905 63.11947440382887 20.73767733907439 27.51820066304185 7.54372088710374 0.0 44.54618786581733 16.448397101204186 30.371805322816193 6.432385622440278 51.59175793566551 12.324077611577238 54.374061082968545 8.895366364333215 42.5976511439059 6.035596753682882 8.357751488687892 25.79720372734839 14.578974191813204 21.154781014968425 24.86518170365644 61.17745087542786 37.96035665493717 33.3624456576246 2.8846665831322125 4.951931411503382 37.5901404774634 12.720287209892039 31.48861365921661 5.724892163844501 44.101009080877425 13.745084955279454 50.35683855849767 15.52178728447739 55.830325541278945 9.331547541436008 29.164492261584638 30.295796278689476 11.765875954243615 64.47843468914422 21.087807090292458 32.888613804670605 22.621274734806633 20.533959185657885 37.09386496552179 31.9333321176361 45.86829087668432 43.347724695580865 13.089641737957075 26.01089096682748
49.80889622017409 61.78153032425174 97.96126316649368 24.526996561768442 28.459265031271173 37.36143740363844 44.54618786581733 0.0 42.46986017946498 66.46117241496444 50.21554797212656 93.13672846464476 48.81947856849751 98.80377831973472 52.39246353147034 85.63803531792475 49.687020356678055 52.88646457251426 68.30144484905425 51.48054978831481 51.496840262969265 61.094275420991636 98.09465897088684 22.444809901351096 22.489601427627306 44.332170491460005 39.61701524228079 7.926123671214416 46.82814513762058 66.88305164099887 49.61378059529643 84.38577334959271 54.968338117329026 94.3421992960948 59.709090020432846 97.1507114695515 52.96912301958087 51.217941018124165 74.73976411878262 50.18701089058668 108.05995271519433 64.41342124226625 41.1328219266394 22.01974480423572 63.96450125009118 35.98086656508571 44.0161479272711 87.59589068426068 87.68670661442206 57.367805717022094 40.88046799837444
7.758261304397055 19.330670613174807 56.19322124821403 19.21555189800358 16.66760728054872 17.8874836902426 16.448397101204186 42.46986017946498 0.0 23.999145924173344 16.351606111887193 51.114270367298424 8.642651977171127 60.07903895617171 23.85949025643648 44.74223409155847 21.503163456740715 20.16005607586647 27.873774095106807 10.345678808732101 9.246985775022527 18.651465186211897 55.82938078841665 27.944563370683067 24.034402368568387 13.637778783777462 16.09701158007993 34.57342472676505 6.3149136058173685 24.473051731516215 16.306695715007393 42.11106463136773 15.672597809064007 54.43873491490435 27.999953810886346 54.99974192768742 17.439868289914408 13.68513012892119 37.319335986317704 10.631386172761282 67.21159079355489 25.402439537349846 16.935962551491013 24.47683732663455 33.670760521738686 22.481354563338247 45.7774378092983 45.74714614684586 52.63365065380622 21.849537536921915 39.63223151313388
17.082762719760748 5.017979905003014 33.09374147344584 42.902960189860735 39.5057615767325 36.48355608569438 30.371805322816193 66.46117241496444 23.999145924173344 0.0 24.750664112913583 28.26609081670963 19.366941421545647 42.15853736786528 31.16243580882513 24.70908314053878 30.929313806089734 26.076364007272183 13.995958610480788 16.54938627068317 15.076204399300593 5.724469741742837 32.032800245842544 50.114590360685945 46.88670307993794 28.22422045890537 33.715152363210315 58.55496921164356 20.63733955355009 1.434031979872349 25.386907220090787 18.879841791927554 16.997511458751323 35.24987993934362 29.103616019791403 31.79848553765224 22.572900290501373 19.71039786745221 25.625211453841928 19.003161810963004 45.870063149075655 16.882299172823256 32.60294656228661 47.67402101550792 33.24336980588842 40.312815342795005 61.969233115957735 23.500877140466816 40.556490300451365 22.606308275885848 56.22327263198496
12.893793922354883 20.10731302602829 57.10624070309369 25.925242902921305 30.507191463482425 13.874291040817944 6.432385622440278 50.21554797212656 16.351606111887193 24.750664112913583 0.0 45.16126392418867 9.216428116509045 48.594007268179524 8.040005742907873 36.25330372501505 6.584517308870103 3.8247790225010228 19.367191003537158 10.44840374944966 18.05288962530296 19.507586915943218 54.96710540962858 41.521960724572565 37.05234647930267 5.883421936543728 11.121071321682022 42.994608298275445 10.74141574532521 25.963105003361083 0.7113065980788735 37.70440018078798 7.770862232484104 44.268281928565315 11.817679404424469 49.39859188528485 2.913312741857326 27.035533467288623 24.558457668256942 7.751205161635981 58.2753456204528 14.712376479957658 33.27733585487781 28.526503087072022 17.433542069173807 38.58347166153621 37.219753273907976 39.43812641857785 38.47994682527431 7.181798638626491 31.516380471514136
43.475895121762754 32.0993332034984 23.809907605557907 68.7968063678608 67.36220062350759 58.977155601829764 51.59175793566551 93.13672846464476 51.114270367298424 28.26609081670963 45.16126392418867 0.0 44.34097161016379 21.479010014858563 47.69415550782423 10.861877576542854 49.08410839254427 44.14053451087019 25.794572605423912 41.65629481344478 42.917544074896334 32.716791642192405 18.005526568668454 78.21800020630381 74.79048559900235 50.54961135105375 56.16434552306235 85.35901336610718 46.30968209849635 28.46375318741253 45.867225458658694 9.431816328715533 38.691827555676014 14.50385758920387 41.634185562257265 4.267839588473241 42.26137991191428 47.778222450988416 26.36962646231617 43.09213775443579 18.53850700442504 30.642937407990328 60.78452019750175 72.71262879595359 42.06296966544186 68.52486900656402 78.962741899506 5.724049042714834 30.863993881233174 39.14164261466795 74.23947084404374
3.7871261482551986 14.34904833976648 52.45821709014018 24.468221674584523 24.948739329370273 17.306817650238408 12.324077611577238 48.81947856849751 8.642651977171127 19.366941421545647 9.216428116509045 44.34097161016379 0.0 51.77897519570862 17.251955278135753 37.06877202308922 15.510666696087567 12.702534232537142 19.849999633560763 2.845226392315494 9.007290258482024 13.644176178435067 51.22915935709154 36.27054760171177 32.15534444232698 9.644790491658444 14.645841176505392 41.09476878280637 2.3560917012207807 20.265684579161086 9.461024420810354 35.78248083403686 7.06480642288443 46.405556247565215 20.040097469397686 48.39744944379583 9.38879190988937 17.819758980709523 28.727749105741974 2.0077984691034185 59.58550864455426 16.90416411379225 24.929606283902753 28.70094179481561 25.69710644337849 31.00124858577627 44.147455524023535 38.778142347111206 43.991785760608 13.44375829576848 38.14326152533892
52.48401296328146 44.06267978137465 44.9711865663362 74.4746831622197 76.68737022977551 61.80434013616493 54.374061082968545 98.80377831973472 60.07903895617171 42.15853736786528 48.594007268179524 21.479010014858563 51.77897519570862 0.0 47.496113530855304 17.680447143533254 49.84043137264382 46.01992615281153 32.28810921093206 49.73587915895814 53.9835220937167 44.448722262932854 38.905340133545096 88.00106506604862 83.93406981465388 54.47658120562032 59.325877694189266 91.56153952345082 54.1016710933853 42.97559420746233 49.19045800895172 27.416814502029737 44.833264817161144 7.468723406605708 40.12993860643923 22.703964888749987 45.88292357428981 61.288936672591724 24.081002398746122 49.98595205025842 14.39171207441197 34.95507726796781 73.483432354738 76.98651832838463 37.6194496253521 80.84083648244278 74.73686068722047 21.7334623288839 15.844564294711656 41.43612372321064 71.30570220125375
20.930339368483196 26.933010576767725 62.27505958081041 29.271308381333622 36.35880940431287 15.091103337610479 8.895366364333215 52.39246353147034 23.85949025643648 31.16243580882513 8.040005742907873 47.69415550782423 17.251955278135753 47.496113530855304 0.0 37.78170095042386 2.8834060187039348 5.17521005072215 22.610297299576995 18.382102812636578 26.07048018485731 26.41255708622608 59.510241360780675 46.855502807893245 42.25578549280046 10.871623226605553 13.230056153012384 45.78640624257213 18.66368350367649 32.48605729716239 7.817345937642909 41.34657082717724 14.575118722775457 44.290758097504856 7.423307147459206 51.95894834241296 8.936401146777802 35.07152277949481 23.777257852113994 15.764244787910576 58.675420063770844 17.478939507526867 40.7496742144381 30.380853719836324 11.783342516626778 45.527309585793724 31.83044824482352 42.041084617734604 35.31780084407081 9.091740931860162 26.68424109466878
36.986244755790395 27.157317204974134 32.742472887043085 61.11667459712323 61.376115710636135 50.115633096310546 42.5976511439059 85.63803531792475 44.74223409155847 24.70908314053878 36.25330372501505 10.861877576542854 37.06877202308922 17.680447143533254 37.78170095042386 0.0 39.43886093855669 34.70712386269902 17.336653506971093 34.63775991654655 37.613216160526555 27.629793503329214 27.586028406540898 72.56038239881252 68.77164628706133 41.93227467238066 47.37403370648914 78.03579952990454 39.25244820547758 25.432662045135473 36.93793431404537 10.921069658728852 30.66973051288376 10.549674992819222 31.32229355135082 14.871903181174803 33.345853070399826 44.1871373293838 15.558560716833874 35.53305831954942 22.518654573145316 21.54591850007951 56.74160230194387 64.51938572604736 31.344681057422537 64.28673597267385 68.57200302194957 6.544065109572126 21.68297390276356 29.697598533310043 64.04512473226768
19.274233237510398 26.45270773888579 62.71283464143829 26.416623728899427 33.538979608244375 12.334460766964268 6.035596753682882 49.687020356678055 21.503163456740715 30.929313806089734 6.584517308870103 49.08410839254427 15.510666696087567 49.84043137264382 2.8834060187039348 39.43886093855669 0.0 5.134484617600859 23.60592860484692 17.000175348161804 24.482108996293583 25.88323151794092 60.20802401674162 43.98716368088346 39.38393412679898 8.18441136338776 10.371283773957124 43.00167404546877 16.667568515691045 32.19754584266669 6.1477791552224765 42.34064946173182 13.99235458256195 46.373067622795844 10.023291872081503 53.35162748163706 8.356419916158465 33.240599200467294 25.938322719699553 14.2442001679222 60.69783646095181 18.536241778598836 38.30305272640514 27.667301755388994 14.646053983409526 42.881977864382364 31.28809027421721 43.38970248279856 37.99970163334767 9.977966500791602 25.84000548079312
16.219544071932187 21.77657528099087 57.6033986491173 28.887245031687257 34.18592772906287 15.812197746047378 8.357751488687892 52.88646457251426 20.16005607586647 26.076364007272183 3.8247790225010228 44.14053451087019 12.702534232537142 46.01992615281153 5.17521005072215 34.70712386269902 5.134484617600859 0.0 18.53612761831076 13.47113824172235 21.247647480237934 21.248322974270017 55.073552291431156 45.11226807679176 40.60429402904822 8.939475232043948 13.309063980791988 45.85676180046746 14.42064365762696 27.382194715890748 4.018647737995533 37.24424992266553 9.39999133225912 42.10770668607635 8.033226292613 48.40484695859105 3.788623782543369 30.427153337230077 21.945526272707532 11.016443304652592 56.31245260954856 13.514825363494356 37.074082166477055 30.978910400187413 13.61818638245258 42.40664250635038 36.38774490790695 38.43076097413253 35.21211908725365 5.018326045099083 30.973078745784616
20.213644675706824 13.262504377313576 40.1368381010137 43.78115398408088 44.53351204442696 33.20148006027923 25.79720372734839 68.30144484905425 27.873774095106807 13.995958610480788 19.367191003537158 25.794572605423912 19.849999633560763 32.28810921093206 22.610297299576995 17.336653506971093 23.60592860484692 18.53612761831076 0.0 17.576235336698513 21.910748632213185 13.396603085588186 36.99518366571183 55.81790445359269 51.85808155108777 24.830350548283867 30.400937474261383 60.706125144337726 22.09739360666635 15.365314457468152 20.072790831599942 18.75327882962105 13.333333867099782 26.589202098382366 17.925268540361305 30.035588171142702 16.466985364818125 30.040578472093845 11.85982041043884 18.23798416685488 39.804580864265525 5.132953609538379 41.52454510692132 47.270897231288345 20.72137857173716 48.70383348810267 54.41741668483576 20.071107625021547 27.372088870326756 13.643976902371486 49.27540349266939
3.2073520685859194 11.534064998735257 49.643105233418254 27.20891461327427 26.970783296229826 20.01731118419379 14.578974191813204 51.48054978831481 10.345678808732101 16.54938627068317 10.44840374944966 41.65629481344478 2.845226392315494 49.73587915895814 18.382102812636578 34.63775991654655 17.000175348161804 13.47113824172235 17.576235336698513 0.0 7.800607402267512 10.832851280708793 48.384807639390196 38.27243096666708 34.28208577357423 12.067185443479895 17.30539985009087 43.71721328346742 4.662517604701113 17.47707238472909 10.852890085944146 33.01659233004292 5.804858289061442 44.1643021149645 20.133141256466942 45.685363881667925 9.806969292044851 17.118340869341125 27.12605025119867 2.841863573141986 57.15224751077133 15.131519194444884 25.6408542417817 31.52355738466736 25.6872112466381 32.144878652677846 46.50844310904918 36.128437369267004 42.62364699431375 13.134153136653223 40.556333847884794
5.220656169857991 10.820130016734572 46.946235473191514 28.45918234027932 24.491191140758314 25.07322268102952 21.154781014968425 51.496840262969265 9.246985775022527 15.076204399300593 18.05288962530296 42.917544074896334 9.007290258482024 53.9835220937167 26.07048018485731 37.613216160526555 24.482108996293583 21.247647480237934 21.910748632213185 7.800607402267512 0.0 10.219217734999726 46.65027804102925 35.31298226345191 31.903259979951336 18.353084655033953 22.697994749677356 43.57652479409152 8.525589009213277 15.39921174245181 18.373755645848778 33.68561262142633 13.14706297293395 47.780049491272216 27.848098771719982 46.64000975251154 17.607089817391856 9.40213883056176 32.882242397122056 10.306683366629064 59.776334677548356 20.98521110566651 19.615574445331045 33.64301896748782 33.33506584998005 26.857532661444978 52.63428786752777 37.78032554423066 48.61959568687356 20.743435175933197 46.55378019941886
11.449255761867242 0.7113065980788735 38.81419449549314 37.326246204559176 34.64974731926687 30.805299236679566 24.86518170365644 61.094275420991636 18.651465186211897 5.724469741742837 19.507586915943218 32.716791642192405 13.644176178435067 44.448722262932854 26.41255708622608 27.629793503329214 25.88323151794092 21.248322974270017 13.396603085588186 10.832851280708793 10.219217734999726 0.0 37.70435424362942 45.531117872863504 42.075628836463125 22.620551846749066 28.053819888277634 53.211664063679294 14.9374385596521 6.669074311751197 20.108399084464853 23.54444840422119 11.901689163842256 37.96416408905071 25.33771844007435 36.48500661171639 17.581803435315493 16.902885313817187 25.185120432844748 13.340897033137018 49.618537477206715 14.505297300591717 29.130514496685798 42.00924588422751 30.02698587299393 36.65730713621046 56.63940631230505 27.56183962976907 40.768688709125904 18.398391611205774 50.81996457643768
49.11554247911626 36.99314478572246 6.212237199786565 74.89771891340192 70.32662532243917 67.92065395424854 61.17745087542786 98.09465897088684 55.82938078841665 32.032800245842544 54.96710540962858 18.005526568668454 51.22915935709154 38.905340133545096 59.510241360780675 27.586028406540898 60.20802401674162 55.073552291431156 36.99518366571183 48.384807639390196 46.65027804102925 37.70435424362942 0.0 80.09365709705159 77.46974809054063 59.43385004524061 65.09029916813338 90.16860764832067 52.64035924223794 31.395549847346228 55.66698509438693 18.80821747028283 47.44090654470402 32.36002554799341 54.74512858175095 16.22354076827036 52.29271629427618 48.09861623974323 41.840040000348445 50.59827842447882 31.477039566088695 42.10797862325962 60.72285871632499 79.70542309618396 56.50856369980293 68.32538842214397 91.33895685721902 21.058273631949476 48.729971863021824 50.43561235246063 86.0430251992339
35.64056232852225 46.131509659915615 79.06613757642378 19.58245698888324 11.32194094867342 33.21580096983843 37.96035665493717 22.444809901351096 27.944563370683067 50.114590360685945 41.521960724572565 78.21800020630381 36.27054760171177 88.00106506604862 46.855502807893245 72.56038239881252 43.98716368088346 45.11226807679176 55.81790445359269 38.27243096666708 35.31298226345191 45.531117872863504 80.09365709705159 0.0 4.633939255778476 36.32478062567647 34.0465225256186 16.30745093718092 33.92831326402002 50.16521130106285 41.15152992991218 68.93371144720786 43.3036730885346 82.37064558572058 53.05773429783214 81.88440329786175 43.603444201816735 32.001910259450064 64.89511799708038 38.13481820753705 94.93891350949366 53.1737914559263 20.005622394333223 22.9729784342695 58.3842978562664 13.747025442534806 52.98708868621973 73.08677901743555 79.76973521357648 48.30935226520491 47.837474595263586
31.78611195768661 42.70135920797744 76.74998392196348 15.117666194359897 7.432490587617451 28.588172019696042 33.3624456576246 22.489601427627306 24.034402368568387 46.88670307993794 37.05234647930267 74.79048559900235 32.15534444232698 83.93406981465388 42.25578549280046 68.77164628706133 39.38393412679898 40.60429402904822 51.85808155108777 34.28208577357423 31.903259979951336 42.075628836463125 77.46974809054063 4.633939255778476 0.0 31.777433035372795 29.415420197780012 15.318121339852928 29.834739325814382 47.03673166020504 36.663598067458594 65.5884981252957 39.14051033473015 78.44414636817066 48.522184371487114 78.5421439667451 39.20019776985046 29.592366379723025 60.64861452619078 33.97204679105145 91.22166863410213 49.02833047248967 18.663971071048973 18.94541206152441 53.81624937292699 13.931095523630438 49.02513641219215 69.55851808377427 75.39338931744389 43.91037870443756 43.72359407361381
13.26928788287191 23.292527254913022 61.1615015994004 20.073005454673833 25.594031939670067 8.535679176943654 2.8846665831322125 44.332170491460005 13.637778783777462 28.22422045890537 5.883421936543728 50.54961135105375 9.644790491658444 54.47658120562032 10.871623226605553 41.93227467238066 8.18441136338776 8.939475232043948 24.830350548283867 12.067185443479895 18.353084655033953 22.620551846749066 59.43385004524061 36.32478062567647 31.777433035372795 0.0 5.690452784629573 37.12633994562207 9.876222201092956 29.28172775153905 5.2951964872153745 42.75123057264988 12.092212167336607 50.11834254321859 16.74833356881219 54.75757710396214 8.680706445486553 26.28083006218409 30.43311126760469 9.32678663788356 64.06999251444697 20.401014795467123 30.230436730954754 22.683207706468895 22.076691976675143 34.69789023528778 34.50414423134148 44.83966681994508 44.13337518122353 13.051134305711098 28.51298201848352
17.94179761879992 28.739599312844327 66.73365096671675 16.045347026371925 24.146913759640512 2.8452263923140793 4.951931411503382 39.61701524228079 16.09701158007993 33.715152363210315 11.121071321682022 56.16434552306235 14.645841176505392 59.325877694189266 13.230056153012384 47.37403370648914 10.371283773957124 13.309063980791988 30.400937474261383 17.30539985009087 22.697994749677356 28.053819888277634 65.09029916813338 34.0465225256186 29.415420197780012 5.690452784629573 0.0 32.73363255171094 14.243101679149598 34.722520866510266 10.440659407497145 48.433225741645906 17.78266495196618 55.27215347191482 20.2571352180474 60.38323034833519 14.02876090145019 29.625274089793564 35.247178885140286 14.715152955979425 69.35569009082091 25.830777845600373 31.305538433412128 17.67150454251047 25.012390264429314 34.60755027205494 29.994847712515206 50.447871057631 48.18470348438045 18.006389891402698 23.884759623689334
41.96568883245353 53.896238819681905 90.05028338876313 17.08799275437145 20.714448948156612 30.69754604450842 37.5901404774634 7.926123671214416 34.57342472676505 58.55496921164356 42.994608298275445 85.35901336610718 41.09476878280637 91.56153952345082 45.78640624257213 78.03579952990454 43.00167404546877 45.85676180046746 60.706125144337726 43.71721328346742 43.57652479409152 53.211664063679294 90.16860764832067 16.30745093718092 15.318121339852928 37.12633994562207 32.73363255171094 0.0 39.05691052307245 58.96643730674568 42.42146391132704 76.55234574736542 47.38675076460901 86.90942596985045 52.97646649732812 89.34919944901937 45.678619703622196 43.394255961736974 67.55279291939175 42.522425137151515 100.5029866993033 56.95385998309743 33.728062217015356 15.653707660708667 57.50191751935643 29.17970594465444 41.748757592578635 79.8456302475608 80.91794812164464 50.174222972448895 37.70971523010384
3.7703747136754853 15.648745157730973 53.64053041902678 22.615652569650493 22.606462530987862 16.72767061163552 12.720287209892039 46.82814513762058 6.3149136058173685 20.63733955355009 10.74141574532521 46.30968209849635 2.3560917012207807 54.1016710933853 18.66368350367649 39.25244820547758 16.667568515691045 14.42064365762696 22.09739360666635 4.662517604701113 8.525589009213277 14.9374385596521 52.64035924223794 33.92831326402002 29.834739325814382 9.876222201092956 14.243101679149598 39.05691052307245 0.0 21.42124248979919 10.85954235850577 37.62150166394363 9.420896414346092 48.67534874000176 22.012942983100757 50.32746743789525 11.358167319744853 16.613140209820088 31.083761433968885 4.319750919370086 61.77078670016856 19.25145159250982 22.831351350249765 27.095323836250934 27.68697884745353 28.741510238541824 44.12028195950014 40.78937095219657 46.33237696621886 15.613761539247566 38.05073496653435
17.793611302885562 5.989541204670589 32.224099270409 43.502525724500316 39.688676147426314 37.4707394537333 31.48861365921661 66.88305164099887 24.473051731516215 1.434031979872349 25.963105003361083 28.46375318741253 20.265684579161086 42.97559420746233 32.48605729716239 25.432662045135473 32.19754584266669 27.382194715890748 15.365314457468152 17.47707238472909 15.39921174245181 6.669074311751197 31.395549847346228 50.16521130106285 47.03673166020504 29.28172775153905 34.722520866510266 58.96643730674568 21.42124248979919 0.0 26.589474144091437 19.038380476539665 18.23332659747044 35.982336485864636 30.518775647098472 31.878439295862403 23.84341771332301 19.337927452682734 26.92999111668975 20.009966538674014 46.279742269670436 18.315309607840774 32.32190714780214 48.368848669349255 34.67622336833337 40.06128854547024 63.16882872386248 23.87735676283125 41.751881510651955 23.984800595905785 57.39387950889715
13.185847103333879 20.715156624591813 57.789242538284135 25.363875844302154 30.184380183695094 13.182467071428286 5.724892163844501 49.61378059529643 16.306695715007393 25.386907220090787 0.7113065980788735 45.867225458658694 9.461024420810354 49.19045800895172 7.817345937642909 36.93793431404537 6.1477791552224765 4.018647737995533 20.072790831599942 10.852890085944146 18.373755645848778 20.108399084464853 55.66698509438693 41.15152992991218 36.663598067458594 5.2951964872153745 10.440659407497145 42.42146391132704 10.85954235850577 26.589474144091437 0.0 38.415612388216445 8.426938179454044 44.91019882774605 12.05187006668486 50.10543853585808 3.611243614528441 27.270789222835205 25.13955521243691 8.10283025588788 58.93656615737008 15.401330357740717 33.242502556899154 27.89030086583222 17.62273933115585 38.435924104062394 36.582886614300776 40.14388930278081 38.9460578501375 7.757783510008785 30.85979949842299
34.58706837504333 22.901318019336962 23.033550385060618 60.22462323780989 58.17184008905145 51.2749267607256 44.101009080877425 84.38577334959271 42.11106463136773 18.879841791927554 37.70440018078798 9.431816328715533 35.78248083403686 27.416814502029737 41.34657082717724 10.921069658728852 42.34064946173182 37.24424992266553 18.75327882962105 33.01659233004292 33.68561262142633 23.54444840422119 18.80821747028283 68.93371144720786 65.5884981252957 42.75123057264988 48.433225741645906 76.55234574736542 37.62150166394363 19.038380476539665 38.415612388216445 0.0 30.687399312277293 19.94826694644824 36.135708762400014 12.955436848301039 34.87628422634573 38.346520270755924 23.21015047515579 34.70625470663489 27.632825616385546 23.8734921785595 51.35583972779365 64.41164110215229 37.706552830626364 59.09896867132092 73.11125239498311 5.7573379136284695 32.44483012408033 32.39413600862393 68.02360899773217
9.0115569473522 12.461948332333336 49.41029842304529 30.448084457593843 31.98507311442272 20.627891344280258 13.745084955279454 54.968338117329026 15.672597809064007 16.997511458751323 7.770862232484104 38.691827555676014 7.06480642288443 44.833264817161144 14.575118722775457 30.66973051288376 13.99235458256195 9.39999133225912 13.333333867099782 5.804858289061442 13.14706297293395 11.901689163842256 47.44090654470402 43.3036730885346 39.14051033473015 12.092212167336607 17.78266495196618 47.38675076460901 9.420896414346092 18.23332659747044 8.426938179454044 30.687399312277293 0.0 39.65675757725885 14.81950616365787 42.85990643304282 5.683487257582945 22.54753568844548 21.66340453241881 5.170471868435525 53.11631605950354 9.889350848933331 31.43763543740337 34.04896355662816 20.21516224936199 37.845448495845574 44.9845845074403 33.01582074148005 36.98664175664022 7.637445770812585 39.28551703130095
46.7314600256193 37.52622670554251 38.28048485267816 69.8537197819386 71.10574140277213 57.88676994724326 50.35683855849767 94.3421992960948 54.43873491490435 35.24987993934362 44.268281928565315 14.50385758920387 46.405556247565215 7.468723406605708 44.290758097504856 10.549674992819222 46.373067622795844 42.10770668607635 26.589202098382366 44.1643021149645 47.780049491272216 37.96416408905071 32.36002554799341 82.37064558572058 78.44414636817066 50.11834254321859 55.27215347191482 86.90942596985045 48.67534874000176 35.982336485864636 44.91019882774605 19.94826694644824 39.65675757725885 0.0 37.16888819065426 16.457778444911234 41.43864380738642 54.65299272729668 20.527463646700845 44.7214165216068 14.439589576046997 29.956113944050063 67.09303572303047 72.79404389746703 35.65242904673589 74.57274834448044 73.3313714661986 14.270504934533395 17.93929206335218 37.268574468157624 69.40377542232171
23.193714667524727 25.70267825224063 58.05604159379007 36.24564951201015 42.19567471873222 22.350835567144944 15.52178728447739 59.709090020432846 27.999953810886346 29.103616019791403 11.817679404424469 41.634185562257265 20.040097469397686 40.12993860643923 7.423307147459206 31.32229355135082 10.023291872081503 8.033226292613 17.925268540361305 20.133141256466942 27.848098771719982 25.33771844007435 54.74512858175095 53.05773429783214 48.522184371487114 16.74833356881219 20.2571352180474 52.97646649732812 22.012942983100757 30.518775647098472 12.05187006668486 36.135708762400014 14.81950616365787 37.16888819065426 0.0 45.866427107173635 10.663353332098417 37.23145082493703 16.655281084266175 18.148146352712878 51.5960727826514 13.04111903537175 44.82838248005093 37.6893969682827 5.676387790062911 50.36513674332106 37.32858534365002 36.10646126662998 27.978692853128557 7.205044288804048 32.72614052077664
47.41323128289642 35.84777555626252 22.351173843716268 72.86468709995728 71.12368296288413 63.2004079143476 55.830325541278945 97.1507114695515 54.99974192768742 31.79848553765224 49.39859188528485 4.267839588473241 48.39744944379583 22.703964888749987 51.95894834241296 14.871903181174803 53.35162748163706 48.40484695859105 30.035588171142702 45.685363881667925 46.64000975251154 36.48500661171639 16.22354076827036 81.88440329786175 78.5421439667451 54.75757710396214 60.38323034833519 89.34919944901937 50.32746743789525 31.878439295862403 50.10543853585808 12.955436848301039 42.85990643304282 16.457778444911234 45.866427107173635 0.0 46.50190506251826 51.08309602566345 30.4299984850618 47.192276189716246 16.81242432311623 34.903779668324525 64.12440321926525 76.85071587753144 46.18912350594194 71.88227256595687 83.1929068259884 9.9775057254921 33.766086339053786 43.407516548336325 78.49268795112583
12.695386752359193 18.133604460903562 54.5693821320676 28.592186302547695 32.45639390224701 16.78742991962596 9.331547541436008 52.96912301958087 17.439868289914408 22.572900290501373 2.913312741857326 42.26137991191428 9.38879190988937 45.88292357428981 8.936401146777802 33.345853070399826 8.356419916158465 3.788623782543369 16.466985364818125 9.806969292044851 17.607089817391856 17.581803435315493 52.29271629427618 43.603444201816735 39.20019776985046 8.680706445486553 14.02876090145019 45.678619703622196 11.358167319744853 23.84341771332301 3.611243614528441 34.87628422634573 5.683487257582945 41.43864380738642 10.663353332098417 46.50190506251826 0.0 26.87754661960154 21.91281078274768 7.543918121088725 55.40277358462413 11.802081593633543 34.18690663762585 31.3629907417463 16.3328285939601 39.897490819333086 39.53810713253852 36.53768083150929 36.19740871036727 4.710449340247582 33.949962280770144
14.20793399596148 17.24241864090479 47.16396183007732 30.843005831210473 22.79631493317027 31.550437741545487 29.164492261584638 51.217941018124165 13.68513012892119 19.71039786745221 27.035533467288623 47.778222450988416 17.819758980709523 61.288936672591724 35.07152277949481 44.1871373293838 33.240599200467294 30.427153337230077 30.040578472093845 17.118340869341125 9.40213883056176 16.902885313817187 48.09861623974323 32.001910259450064 29.592366379723025 26.28083006218409 29.625274089793564 43.394255961736974 16.613140209820088 19.337927452682734 27.270789222835205 38.346520270755924 22.54753568844548 54.65299272729668 37.23145082493703 51.08309602566345 26.87754661960154 0.0 41.524849948756206 19.410726662103663 65.57672499892813 29.896504604371078 13.047795018933078 36.60003067185283 42.734841192376294 20.810567548875383 59.45127566007808 43.19084929842211 57.259687290462935 30.14382555315948 53.30720865342024
30.17637167377503 25.092151266747894 46.23706479552296 50.47809956378771 53.593283813160745 37.745783569909 30.295796278689476 74.73976411878262 37.319335986317704 25.625211453841928 24.558457668256942 26.36962646231617 28.727749105741974 24.081002398746122 23.777257852113994 15.558560716833874 25.938322719699553 21.945526272707532 11.85982041043884 27.12605025119867 32.882242397122056 25.185120432844748 41.840040000348445 64.89511799708038 60.64861452619078 30.43311126760469 35.247178885140286 67.55279291939175 31.083761433968885 26.92999111668975 25.13955521243691 23.21015047515579 21.66340453241881 20.527463646700845 16.655281084266175 30.4299984850618 21.91281078274768 41.524849948756206 0.0 26.802158814358826 34.94419856707992 12.030417122078275 52.360695849993995 52.90555502777796 15.846771291244115 59.19641065061584 53.381201974697 21.34755615570665 15.74998821049826 17.38203573901699 49.144228243115094
5.2036609317217755 14.024878633772177 52.05544915772657 25.732242212365307 26.81753755706845 17.481277188501146 11.765875954243615 50.18701089058668 10.631386172761282 19.003161810963004 7.751205161635981 43.09213775443579 2.0077984691034185 49.98595205025842 15.764244787910576 35.53305831954942 14.2442001679222 11.016443304652592 18.23798416685488 2.841863573141986 10.306683366629064 13.340897033137018 50.59827842447882 38.13481820753705 33.97204679105145 9.32678663788356 14.715152955979425 42.522425137151515 4.319750919370086 20.009966538674014 8.10283025588788 34.70625470663489 5.170471868435525 44.7214165216068 18.148146352712878 47.192276189716246 7.543918121088725 19.410726662103663 26.802158814358826 0.0 58.03294429986455 15.056283703963476 26.912271246356696 29.70667152049297 23.788652930549176 33.00896012450051 43.6991690700459 37.48202657290388 42.01353286780731 11.461510077819216 37.76498410246349
59.45344599442576 49.07821932422033 37.65197341316792 83.5331578634132 83.81017056331173 72.02167361057568 64.47843468914422 108.05995271519433 67.21159079355489 45.870063149075655 58.2753456204528 18.53850700442504 59.58550864455426 14.39171207441197 58.675420063770844 22.518654573145316 60.69783646095181 56.31245260954856 39.804580864265525 57.15224751077133 59.776334677548356 49.618537477206715 31.477039566088695 94.93891350949366 91.22166863410213 64.06999251444697 69.35569009082091 100.5029866993033 61.77078670016856 46.279742269670436 58.93656615737008 27.632825616385546 53.11631605950354 14.439589576046997 51.5960727826514 16.81242432311623 55.40277358462413 65.57672499892813 34.94419856707992 58.03294429986455 0.0 43.71008108368576 78.44323250408797 86.74312152541067 50.039031298021726 86.11263320473424 87.67111759178131 22.404782948991606 30.096683687202447 51.402201671812236 83.82007078127333
18.151250969546155 14.625505576369344 45.145813607419484 39.90645596621761 41.85231445055974 28.583716589957195 21.087807090292458 64.41342124226625 25.402439537349846 16.882299172823256 14.712376479957658 30.642937407990328 16.90416411379225 34.95507726796781 17.478939507526867 21.54591850007951 18.536241778598836 13.514825363494356 5.132953609538379 15.131519194444884 20.98521110566651 14.505297300591717 42.10797862325962 53.1737914559263 49.02833047248967 20.401014795467123 25.830777845600373 56.95385998309743 19.25145159250982 18.315309607840774 15.401330357740717 23.8734921785595 9.889350848933331 29.956113944050063 13.04111903537175 34.903779668324525 11.802081593633543 29.896504604371078 12.030417122078275 15.056283703963476 43.71008108368576 0.0 40.36128770174031 43.04347361407568 16.47239904093831 47.16606445805724 49.28492834727672 24.926778233246765 27.684719512257733 8.558509334108157 44.15025245818105
22.44629405853493 29.58554331173535 59.33025002833894 25.525501039735342 13.624746520499366 32.208713286885924 32.888613804670605 41.1328219266394 16.935962551491013 32.60294656228661 33.27733585487781 60.78452019750175 24.929606283902753 73.483432354738 40.7496742144381 56.74160230194387 38.30305272640514 37.074082166477055 41.52454510692132 25.6408542417817 19.615574445331045 29.130514496685798 60.72285871632499 20.005622394333223 18.663971071048973 30.230436730954754 31.305538433412128 33.728062217015356 22.831351350249765 32.32190714780214 33.242502556899154 51.35583972779365 31.43763543740337 67.09303572303047 44.82838248005093 64.12440321926525 34.18690663762585 13.047795018933078 52.360695849993995 26.912271246356696 78.44323250408797 40.36128770174031 0.0 31.32893118933784 50.504703317455245 7.76304099919952 58.75327478515145 56.101744621523416 68.04457478910975 38.37206237823847 52.74403602936328
