0.0 38.022536271221014 15.142180911779223 56.8321818480309 75.00597880277554 26.56046602212947 37.65354343854295 27.85134776792309 35.07673306552862 46.540040793705394 33.552359884532336 27.029650726988706 14.315044266271395 33.892296305135744 19.291488597257022 34.94177628409082 27.509182677314264 46.92258636945873 22.770352364403923 19.17127576889731 10.591529790143085 19.451380230585237 13.886405470850349 58.3799070842173 67.05090845948665 33.751624882818334 44.386761779916476 11.146921629526894 17.968958699052152 29.233623439287392 15.052948799337848 32.38298480041028 17.932604044965142 41.506987640179624 22.892323555517404 20.71155887624138 27.480070580531148 50.75577304023838 19.325924796560738 65.07040876926425 107.18152545013642 77.61360049106575 54.35690623144294 47.75234256811246 63.25116503703903 97.94106481561299 64.38840405178372 33.077605591229094 20.91019902770777 46.63895229925227 96.32259804681516 61.92210702822809 28.02685899601518 11.468014371781777 43.27099402799485 102.68724147491855 71.33954843545247 45.04244161861959 36.920735237526536 55.60835010752262 115.7249308279686 88.94237432820611 69.45506808474948 64.28095528330259 76.38619076846277
38.022536271221014 0.0 23.936456997726825 94.45995487712557 113.01157215957599 55.564846817082845 57.43326695416887 10.258701540669643 71.35010009057372 75.7653041856737 13.282196905573542 11.753237973595475 41.660718787608516 16.99051553224519 29.519682939113817 7.9150491896994275 61.876279460879736 79.32513264777917 60.71832841877726 56.443017406828666 40.08892475498267 55.4231550840254 25.67394458372941 95.99124809921018 104.56206991756329 63.64476497379287 75.92381195215181 48.25134459476706 54.77411608987584 55.806881994375466 22.970052249038588 30.62882780042376 47.51349094540109 47.30783245555096 36.09346810878697 17.347610614994718 10.669598971180275 82.2216069699256 57.173246052347295 101.49745967292577 140.24567564388258 107.70379047933483 76.9817093614768 51.449789275769405 41.985690486666066 134.43712582943502 100.09635669083951 66.03083259079624 33.10153306216017 15.04003119022672 134.32260875817784 99.9439156666794 65.80167418928315 32.6463683396277 14.020035586987996 139.9161126287995 107.27826065961577 76.39079620065462 50.56979510563439 40.91303593929912 150.58259747844002 120.74232800416333 94.21817239599224 74.63364778577727 68.24999554103313
15.142180911779223 23.936456997726825 0.0 70.6083369003247 89.73193575098203 32.93922847008882 46.25611207233885 13.72504902727427 50.10832660471908 59.43910951237146 18.456337144469238 12.34238703066738 18.474534180452192 19.136651590528174 10.550416398683272 19.9165847462028 41.92581307056961 56.237535714088196 37.745452918024455 32.60727074994931 16.352982752279903 31.487275380794078 9.716641921394503 72.13255425043502 82.14452461369935 41.035255319803845 58.090273372581585 24.469946197894515 33.0138925718299 40.41028803316865 4.333981358715113 21.551533336270538 24.306588426947325 35.34495841508129 17.705282126623896 7.150888608363223 14.185833801930707 59.45761085285217 33.5757455198831 80.18151194243598 121.71346098237635 91.18215813096981 64.87689643162201 49.98643589803037 56.4188107974336 113.0725604638712 79.39823859135451 47.09141882523408 22.93399740394633 35.05966088565414 111.0459390566447 76.51178918017364 42.092290620066365 9.182685842268953 28.13780823844354 115.98095789584404 83.45137887038162 53.58651915371796 34.25974013706027 43.252478697506085 127.06882267420278 98.1542289728917 74.27516784848865 61.5965046067167 66.82992689688231
56.8321818480309 94.45995487712557 70.6083369003247 0.0 23.26299437706928 45.439674585806195 69.22304142334212 84.20125342434102 35.02821564064276 55.24113912796309 87.35084740329988 82.94957771040544 54.86002866671005 86.29365282467057 68.42546098152204 90.16282072726497 44.2964868636069 29.725205330372738 35.59815738042717 38.01761308774661 55.20205767734833 39.442664817360175 70.50242889670453 1.556269359002139 26.10558683818083 40.40945453298187 49.20741177715125 46.211897373068005 43.67540612207736 58.83207266582419 71.66532564211113 77.69308829364186 49.791461865507 74.05867284985322 65.487987090855 77.15541732975727 84.14247101714312 32.10518909369252 37.51259109251064 34.12253492072772 78.0693384426588 65.97937977325205 70.75666413781495 89.74688015901495 116.17774953846846 56.2611751562985 38.08753618787151 46.16089231984161 72.15138619935546 103.32300839699236 42.89616002420832 11.729559241709959 28.80863295570172 62.58709821621222 96.94949794095346 46.03454454035591 20.349940620678723 33.22511407065187 64.71895901679677 98.32612286000068 63.26610592935894 47.75203837870693 54.338981220854436 77.58868017676109 107.15452581367889
75.00597880277554 113.01157215957599 89.73193575098203 23.26299437706928 0.0 67.93329331871088 77.33919900969038 102.85712591144085 44.87823092849108 58.232591773412274 107.40911577559353 101.94941671666324 75.77409529246668 106.78571854849038 89.13396672304371 109.62854753524884 55.51312448080578 52.78611156746026 52.306103786933924 57.64677230913102 75.49257358470506 60.01756681453256 87.86873345069253 22.32837022254959 14.359257664259419 63.46457174032566 52.830162283753324 65.44322785859318 58.975182772942205 68.74651382109488 90.05308161941629 99.39996011132695 71.22495524809685 96.95863194542409 87.06950266187357 95.7174377732302 102.40915574668028 54.77171559973595 56.20732698155711 24.919509811016535 59.19679685110556 56.58765986742165 72.76579189697235 98.90577546112961 129.0915918801585 34.24617989916815 29.86779514537836 54.82891443125083 86.69010814378872 120.07905797031148 21.3193375081257 13.430781030947228 47.96990697434812 82.56326325832389 117.16282376806463 36.734746018114464 32.666587612689206 56.38800577089821 87.67522632040314 120.78543079371588 62.10903446731193 59.600291767180515 75.1108861367877 100.6274489075998 130.4028740020124
26.56046602212947 55.564846817082845 32.93922847008882 45.439674585806195 67.93329331871088 0.0 61.10711356990151 45.96244239405637 43.072993060174745 62.70686040494816 45.4124346119842 43.94717239065087 14.530137332837965 43.450319430478196 26.27392556667556 49.41925552588677 41.83441966733285 23.838570140875277 27.850720588065272 18.010404321591025 17.438454514260794 13.711426882766439 38.207718101574955 46.74680426078756 65.02787264734759 8.11707364629621 58.44428949935452 18.697755645165397 31.55757043154077 50.76267062128873 36.03312338641268 32.814095139717274 8.980697706461802 29.372278503983377 21.218641681030764 40.06108349954468 46.92665210544335 26.670558133060947 21.44178814580273 67.35675531481476 113.37250020212272 89.44951326903896 74.45709465807234 74.03549396824907 88.39344823421995 97.6375522946027 68.6403274009733 47.79867320455617 47.46311686159206 67.93818846590308 88.30501482435926 54.700320926796394 24.110653332019332 23.77753408294035 54.2611064981271 87.44984395118335 53.321720163895755 20.8275872705011 20.47493242886215 52.910388777682954 95.30057142052522 65.30501735512881 42.91987907993974 42.594730885938915 64.66320846345812
37.65354343854295 57.43326695416887 46.25611207233885 69.22304142334212 77.33919900969038 61.10711356990151 0.0 50.9615110892474 34.287722294370795 22.271102876336887 61.35925399023882 52.11069388003318 51.693091976018856 63.56632042826981 55.040726512570025 59.56652008788902 25.334066262198498 74.60357916690563 38.78047070821652 45.384754917001814 48.05666580524503 48.84783740012172 37.03398422069494 70.6151038422736 64.37725811225805 66.32227027059182 25.721284310589287 42.41348195361766 31.241075878382624 11.185154829282206 42.70210645596623 67.59179148527168 53.9549012390128 78.94818155578017 60.13412235164439 46.319041320261476 48.81705117126476 79.01933977622264 42.54458761152672 56.801958533449074 86.01962896224205 51.899851851599756 19.561816346759873 21.600617504055478 54.271177207910604 86.93901266642828 53.396149580466556 23.21108746389852 24.92407063965005 55.664287815399724 96.45224931767198 67.67393664518528 47.44789136110306 48.14206559766093 69.12908184848393 112.39755398236973 88.76561334037018 74.29811215249227 74.53748195915816 89.36562176708932 132.47159148690574 112.91446576958161 101.71178661435599 101.66393374504115 112.78510648460839
27.85134776792309 10.258701540669643 13.72504902727427 84.20125342434102 102.85712591144085 45.96244239405637 50.9615110892474 0.0 61.704720372700336 67.71040273579942 11.049889616528793 2.568522991860147 31.78297755771864 14.220543789072188 20.528906550851143 8.654962296302815 52.55696477959202 69.5787379737264 50.598204042763086 46.18437155397462 29.995267035024966 45.20261391052012 16.23622604988641 85.73259135349242 94.63679959764663 54.07620048167148 67.36224629829219 37.99309051640618 44.919676390934654 47.836875127996855 12.818427177460077 25.058863067133267 37.65342652562471 41.55419582553333 27.62578650543506 7.139824315828009 2.568522991860147 72.62418342129983 46.934183962253876 91.90037766650784 131.6476016986053 99.74705349091924 70.4462497305113 48.68972476625637 46.62102820903676 124.86237277844918 90.69182925601754 57.04605620609613 26.04507709213907 22.299964801366702 124.17394372468324 89.75043903047273 55.55147567794452 22.619543137665815 18.22561800045698 129.67948709374744 97.15906907709243 66.76694983865126 43.25034144147312 40.965644591583185 140.65324411724416 111.26166593045787 85.84725194870744 68.95732136247405 67.34421144275026
35.07673306552862 71.35010009057372 50.10832660471908 35.02821564064276 44.87823092849108 43.072993060174745 34.287722294370795 61.704720372700336 0.0 22.59428119497693 68.56454018642235 61.37934174569472 42.30420881062455 68.96386830947137 53.218856235025406 69.5216553598399 10.644186646801606 46.49427727905602 15.524039288983603 25.381434044437565 40.20582661243514 29.63367811682548 45.67706995978833 36.38718496964268 33.90911735145332 44.397376871111376 17.00183539908471 29.494668838058015 17.10934299546481 24.37975846955535 49.14955136385026 65.7773910414284 40.51220685313992 70.08805837905918 54.23724207139923 54.75784691952046 60.71983452626184 50.846627176762205 22.093415267609682 30.19851079680397 72.76302516305887 46.39403725800823 37.48577286339242 55.25203392892021 84.23312264787815 63.160530013656796 29.31188459656797 11.13433700789068 42.23284500984638 76.40749825533088 65.41790941166951 33.86401710732373 20.22097126403344 45.45163302338967 78.21548089364506 78.51873798586556 54.91034005506643 47.53850488978575 62.44585031687331 89.07227272379136 98.21513572483823 80.40025438806948 75.34542043785598 85.34873937078589 106.23853207562586
46.540040793705394 75.7653041856737 59.43910951237146 55.24113912796309 58.232591773412274 62.70686040494816 22.271102876336887 67.71040273579942 22.59428119497693 0.0 76.91027310729477 68.2443811972603 58.04788792473426 78.34747070473622 65.81023688615156 76.29622752581274 20.945549760222224 69.00939641978586 35.2610153364712 44.760865900042305 55.027573457348346 49.01780101456816 51.901260307434185 56.39005484286675 44.382351979139656 65.4695885049837 6.036613320558204 45.85422849685519 31.6757483417028 19.9599264125689 56.93971690926605 78.90870438716077 58.059960297930644 86.73623751221172 68.9455083136828 61.76875480185923 65.98362651863576 73.38651964073235 41.339191821233165 35.62490864332727 64.86010674774118 32.03689919210119 15.51588701649569 43.01131208823013 76.51178708348378 64.71593414500741 31.74670283668428 14.913245405619275 42.799618863629206 76.39411364741169 75.92505293533291 50.69357298615394 42.06998070500538 58.006451940741 85.75799620016583 94.53109541217745 75.57928960741333 69.87910252453788 80.30384708609736 102.02492674668038 117.05773786493202 102.15108964457094 97.78467684331348 105.27823956071674 122.47383072198282
33.552359884532336 13.282196905573542 18.456337144469238 87.35084740329988 107.40911577559353 45.4124346119842 61.35925399023882 11.049889616528793 68.56454018642235 76.91027310729477 0.0 9.334231797006508 32.724610564316635 3.764805778666657 19.311421599282443 5.369615762693691 60.24865606693806 69.2084330898532 55.90060791332356 49.80691663183228 32.15799829174533 47.91508426238756 25.049117224269516 88.83676782219482 100.36319902272876 53.27357616926184 76.01899622904828 41.985385182478836 51.467406928777244 57.306677985591065 20.051205041795768 17.455900909505175 38.291998704004556 34.06194743131559 24.659547798882574 15.228744402404807 13.581425975035415 71.71349533173895 51.24788955838871 98.62082269409424 139.9611721037371 108.87469888040529 80.70357626473796 59.72630238465088 54.919868734768144 131.48959199848073 97.85316824470685 65.23659057275972 36.485934916769004 28.31032722358912 128.6730415983769 94.07031226619637 59.46889998950261 24.87430164817062 9.786015503158815 131.8745172270994 98.36506111145239 65.99485402651892 37.812627867919964 29.985120523444454 140.68359837313693 109.79334993776808 81.92726948525956 61.354447587031316 56.6696740112428
27.029650726988706 11.753237973595475 12.34238703066738 82.94957771040544 101.94941671666324 43.94717239065087 52.11069388003318 2.568522991860147 61.37934174569472 68.2443811972603 9.334231797006508 0.0 29.925828640470762 12.165362404561401 18.233221342982745 8.203668054078197 52.4859411070877 67.64928602896265 49.79533809262934 44.949326451431126 28.34611723506191 43.76432466398531 16.41317357823746 84.47300383452641 94.02551490150978 52.04912736380013 67.67111579738159 36.80291389049685 44.453552046358546 48.47093147260929 12.233565059821629 22.50843231265921 35.786161778046846 38.98660787224883 25.228804483222593 6.664506808330033 4.936618800056593 70.61765022101962 45.86536359068442 91.57171502655125 131.86584921711767 100.26999009633816 71.51469060734003 50.689667271354566 49.18683869950525 124.52782145277362 90.49837266645815 57.16274765939772 27.203880425638864 24.64487017981542 123.26837334377784 88.7735325156991 54.417289036564256 20.894872079204177 17.515795006260696 128.2667562806531 95.53241642539686 64.77154895437371 40.73197350496406 38.95719347806806 138.84852468509322 109.21076516374373 83.48559771152864 66.38881083353522 65.11435145622748
14.315044266271395 41.660718787608516 18.474534180452192 54.86002866671005 75.77409529246668 14.530137332837965 51.693091976018856 31.78297755771864 42.30420881062455 58.04788792473426 32.724610564316635 29.925828640470762 0.0 31.450096343886045 13.571667140182154 36.10939761609087 37.520587594397014 37.81492895678338 27.18783239195032 18.645890942545986 3.729385259690116 15.759923966003127 23.97378309903088 56.31873738340162 70.31639769418838 22.587528451437635 54.918515118512076 12.831112502090436 26.716339342744043 42.568080571776804 21.506542462912247 24.145070138847455 5.870572519616333 28.688425051550077 12.04336102968688 25.62052546024083 32.57683369598119 40.984033703656046 21.094167604987398 70.47422390023699 114.96801726854541 87.69131710323654 67.50310642879928 61.792813851330074 73.99198939224712 102.50987413697005 70.74815661394258 43.556413158916676 34.407160377736936 53.52921014170652 96.84817900688802 62.34558863051197 28.09321605949244 9.291871588251913 42.16992635553788 99.15440537532588 65.83952946394254 35.113191754821244 22.931940414041478 47.04951230273694 108.92349325567352 79.67991954952416 56.8177603129607 50.024317158675515 64.58647567715865
33.892296305135744 16.99051553224519 19.136651590528174 86.29365282467057 106.78571854849038 43.450319430478196 63.56632042826981 14.220543789072188 68.96386830947137 78.34747070473622 3.764805778666657 12.165362404561401 31.450096343886045 0.0 17.878971728248782 9.081017364242655 61.04403755855261 67.12456963068364 55.7783656404379 49.142852294710906 31.30360884096841 46.96262026516591 26.791589775026686 87.75923740989093 100.19635886719136 51.16160748165582 77.18368035280872 41.552619803124074 51.8598907813406 58.96126925522044 21.440301575432 14.006540277163795 36.80148472388959 30.465735595177705 22.368802579789417 17.248664433675547 16.78830665082575 69.46418371687463 50.81060965320487 98.85574996948007 140.8394694242362 110.20710595467837 82.76620627026708 62.846417905344566 58.68465075526921 131.6247609056102 98.27526988268787 66.22549353402714 38.83863610285293 32.02966831768046 127.99042993447658 93.39797934086864 58.81895269447491 24.310699458742043 10.826138797220642 130.40409416868783 96.64947857016509 63.81111229536079 34.60399991386502 26.792871836132782 138.5498997150016 107.29310575827418 78.88185576566678 57.686086634216366 53.177277207375894
19.291488597257022 29.519682939113817 10.550416398683272 68.42546098152204 89.13396672304371 26.27392556667556 55.040726512570025 20.528906550851143 53.218856235025406 65.81023688615156 19.311421599282443 18.233221342982745 13.571667140182154 17.878971728248782 0.0 23.145348405745075 46.59778408734465 50.11249109996412 39.02642719403548 31.598819806403448 13.740781704821506 29.17019723427026 19.936694095255532 69.88722930707983 83.0969959280501 34.26901673425059 63.64690926740718 24.447669830620814 36.43678866444227 47.90793639696764 14.877823862166967 13.098513653450073 18.997719835896522 24.923642746906125 7.384666951476144 16.170345865726755 22.029591448632758 52.823622550337824 33.56074983171694 82.48858418999254 125.87327771970024 96.86285461199783 72.90765970755761 60.36078833216161 66.07651910392545 114.95766482583333 82.3272133194694 52.298272128785165 32.97396468653537 42.82860366344272 110.2781954598115 75.719734458755 41.23748251928838 7.901628184277751 28.621591095064197 112.61522801198252 79.05439327490075 47.030295051746506 23.852552282281124 36.34396634111885 121.564642801923 91.24744973218867 65.33785899294801 51.05662138289261 57.786896362536545
34.94177628409082 7.9150491896994275 19.9165847462028 90.16282072726497 109.62854753524884 49.41925552588677 59.56652008788902 8.654962296302815 69.5216553598399 76.29622752581274 5.369615762693691 8.203668054078197 36.10939761609087 9.081017364242655 23.145348405745075 0.0 60.686986321486835 73.25780325230433 57.64591103077548 52.29439993371658 35.077137143931964 50.769945910991794 24.575276159027734 91.67041125843909 101.99239115850384 57.40038198180685 75.82608992706028 44.2573689415485 52.547511513657454 56.453952111425025 20.38015359818285 22.78126663418117 41.8481808726774 39.42212980323594 29.157582177662242 14.867207138541847 10.767314374337277 75.93354007520257 53.43806729877304 99.70335974399235 140.05017277298774 108.33190403081849 79.07185874160609 56.24698336838332 49.698031268463325 132.65136784351603 98.67472916107837 65.35949919675636 34.6680151143633 22.95045937335966 130.93764348443378 96.38018412725731 61.87460750910038 27.616081678915222 9.575104756489806 135.12557170038488 101.94675269906878 70.15834407890584 42.966017997478986 34.12911898280974 144.70342873662756 114.23064390780853 86.90787912187957 66.72406334813151 61.204603899381254
27.509182677314264 61.876279460879736 41.92581307056961 44.2964868636069 55.51312448080578 41.83441966733285 25.334066262198498 52.55696477959202 10.644186646801606 20.945549760222224 60.24865606693806 52.4859411070877 37.520587594397014 61.04403755855261 46.59778408734465 60.686986321486835 0.0 50.60456498949734 15.03164863075144 23.999484211016195 34.74368882222059 28.195916066148737 36.34170779889958 45.741569238193165 44.404776008640205 45.060154542230535 17.3982109643731 25.040926319136602 10.843327560933238 14.56108727434508 40.377277952769646 59.5756413428417 37.171813844433196 66.14824330986534 48.864910023850385 45.821503235493076 51.35563376429251 55.05015317643533 20.6183659256285 39.8381361790312 79.79698041141077 50.38654171219786 33.23976540218911 45.450999306016996 73.63109117268668 72.661580811442 38.222286409308616 6.085632992765794 31.748709859258273 66.13456074371791 76.04616357002267 44.26775034211899 23.04544720830162 38.69619805482248 69.70324985864838 88.75511430006176 63.520442494320676 50.86282245210218 59.44754489883282 82.92043339440508 107.53110972553826 87.67247491614764 78.7700379101138 84.36650759571397 102.10499033562628
46.92258636945873 79.32513264777917 56.237535714088196 29.725205330372738 52.78611156746026 23.838570140875277 74.60357916690563 69.5787379737264 46.49427727905602 69.00939641978586 69.2084330898532 67.64928602896265 37.81492895678338 67.12456963068364 50.11249109996412 73.25780325230433 50.60456498949734 0.0 35.9305411927891 30.110093581848243 40.03714521570248 27.93918574100002 60.14615497160937 30.49547665021251 54.70503659253138 15.963398671247635 63.494898491377405 36.31036216613281 43.45355540419468 63.44344543647206 58.903900130038934 55.61630126595697 31.94993042362262 47.722613203577495 44.76669557693499 63.387410073430296 70.38449683820085 4.445895774027682 32.38348514769595 60.59517805670657 106.44249284022091 89.10080963361945 83.32239980629805 91.32912120305268 110.1549476247485 85.92744093821906 63.47218134614574 55.39589151756445 67.10801802559273 91.28560490504816 70.9302637912282 41.205562052451775 27.559646588484206 47.07451167776432 77.89303520021271 65.36719602373827 30.76734420655027 3.904232302307964 38.45401145581708 73.05500236839026 71.47637655062331 42.13020572108793 28.911491035799514 47.87100003542802 78.37237539660192
22.770352364403923 60.71832841877726 37.745452918024455 35.59815738042717 52.306103786933924 27.850720588065272 38.78047070821652 50.598204042763086 15.524039288983603 35.2610153364712 55.90060791332356 49.79533809262934 27.18783239195032 55.7783656404379 39.02642719403548 57.64591103077548 15.03164863075144 35.9305411927891 0.0 9.920299536110656 25.505417826701514 14.219264501184188 35.64574560241105 37.15003121856433 44.46318983313297 30.22168210058911 30.67973166392606 14.636636974933214 8.45298232975066 27.596111504721527 37.78134969092551 51.09801844934347 25.017315425486668 54.59089751131415 39.22107919972804 43.46094265602798 50.10446461271275 40.3682886945793 6.57495235601538 43.48701485550814 87.8242924109612 61.83620088831601 48.261103522876176 56.82747097128546 80.77374431791951 75.96230988948867 43.574396803563054 20.543369387755895 36.60844753448605 68.21417207569503 73.60894186573505 39.36959668774969 8.746838758617967 31.589594130823485 65.68219660294571 81.59128542242952 52.701489550361444 35.952544805905475 46.9313678559753 74.21152493406058 97.4001350266406 74.7067817219119 63.798079404125 70.38509363226578 90.734241851988
19.17127576889731 56.443017406828666 32.60727074994931 38.01761308774661 57.64677230913102 18.010404321591025 45.384754917001814 46.18437155397462 25.381434044437565 44.760865900042305 49.80691663183228 44.949326451431126 18.645890942545986 49.142852294710906 31.598819806403448 52.29439993371658 23.999484211016195 30.110093581848243 9.920299536110656 0.0 17.880637065628466 4.311554881068944 33.051423970422455 39.548233105743236 51.67745210859939 21.27952105665462 40.43389390886572 8.212752877786814 14.365558203943795 34.456684460532955 33.70937990684547 42.78530694005974 15.495984501946186 44.93842647716848 30.57691877322988 39.15121514177137 46.16756111242046 34.37198244309004 3.4322612389873033 52.03910642022493 97.15060283057888 71.74345056590433 57.015771975626265 61.23125260947327 81.5016982966842 83.88028086002156 52.60090734175571 29.877217570152588 37.593610456041176 65.79323449454807 78.87917405023587 44.27590987593131 9.676916113010698 24.93558960998445 59.538046378425754 83.64421039989546 52.22711174237937 29.22033487992418 37.07862244379283 65.50312982123619 96.74268305632259 71.19519957819371 56.33081013023404 60.5999827303079 81.03301582464468
10.591529790143085 40.08892475498267 16.352982752279903 55.20205767734833 75.49257358470506 17.438454514260794 48.05666580524503 29.995267035024966 40.20582661243514 55.027573457348346 32.15799829174533 28.34611723506191 3.729385259690116 31.30360884096841 13.740781704821506 35.077137143931964 34.74368882222059 40.03714521570248 25.505417826701514 17.880637065628466 0.0 15.759923966003138 20.771902661118094 56.69361837475639 69.3699293022212 25.309848099492374 52.119579871443676 10.869681606952504 24.05538722701786 39.09075855390413 18.876360337870572 25.626141533901258 8.461857639111251 31.815910283640964 14.160264731159439 23.459823877835362 30.534838019207353 43.42193904651521 19.841840088920748 68.98593215192865 112.96718076047691 85.0758384353364 64.10149422266346 58.09383581153996 70.96178463869995 101.31455421509611 69.02105340765344 40.718662722318996 30.772551690097004 51.2906145849604 96.68698982647325 62.09720930542775 27.542823480158166 7.483659994873615 41.81216962203552 100.06418810890851 67.18945773604156 37.56123410302746 26.497376695155825 48.86938943858943 110.71587080149023 82.09109244288587 60.1222873633265 53.714336885490304 67.45790618316313
19.451380230585237 55.4231550840254 31.487275380794078 39.442664817360175 60.01756681453256 13.711426882766439 48.84783740012172 45.20261391052012 29.63367811682548 49.01780101456816 47.91508426238756 43.76432466398531 15.759923966003127 46.96262026516591 29.17019723427026 50.769945910991794 28.195916066148737 27.93918574100002 14.219264501184188 4.311554881068944 15.759923966003138 0.0 33.20097064271602 40.93611014188899 54.82747496394124 17.494500927918295 44.73648933885601 8.443149566281694 18.23312934707281 38.08063470829221 33.1203691643559 39.67465998293324 11.777352710629946 40.9128477486977 27.356234832696483 38.327837260684035 45.422815651456716 32.02169094528557 7.735850140310318 55.71218682382239 101.10017112544382 76.01567400407356 61.07622129600538 63.851475656637064 82.57421571681789 87.21791110542159 56.463454981762695 34.11911202740569 39.178312740308975 65.57896689732574 81.11788022888771 46.59080100101452 12.495962132825841 23.16137923271244 57.54653762759711 84.50291576710863 52.212872470764815 26.57947757315095 32.88763449390009 62.06099963129402 96.37857015488815 69.67448464854715 53.05695806704299 56.30585894040774 76.94452979857893
13.886405470850349 25.67394458372941 9.716641921394503 70.50242889670453 87.86873345069253 38.207718101574955 37.03398422069494 16.23622604988641 45.67706995978833 51.901260307434185 25.049117224269516 16.41317357823746 23.97378309903088 26.791589775026686 19.936694095255532 24.575276159027734 36.34170779889958 60.14615497160937 35.64574560241105 33.051423970422455 20.771902661118094 33.20097064271602 0.0 72.05521030553379 78.9773855859339 46.002387023404026 51.25861689830749 25.01339722999162 29.19009930894393 32.25982331281718 5.71383814094198 31.224633965494892 29.227417169897574 44.85935653700226 26.655926200693084 9.867723837527349 15.0521853761254 63.78101980406111 33.02089782361346 75.83641332985263 115.47851887403014 83.90525871091944 56.03319749802026 40.42485213427444 50.23386093557511 108.78591824148995 74.51833087859086 40.82203572603702 13.219186791272584 32.83148691105022 109.12960810403689 75.01458726375749 41.71276955194898 15.734417343523752 33.912218133832845 116.44728463026392 85.2215240791844 57.96778939891045 43.04229807294708 52.343410413597766 129.56225350272373 102.2714385051749 80.79154338858676 70.63891692307746 76.46696305113716
58.3799070842173 95.99124809921018 72.13255425043502 1.556269359002139 22.32837022254959 46.74680426078756 70.6151038422736 85.73259135349242 36.38718496964268 56.39005484286675 88.83676782219482 84.47300383452641 56.31873738340162 87.75923740989093 69.88722930707983 91.67041125843909 45.741569238193165 30.49547665021251 37.15003121856433 39.548233105743236 56.69361837475639 40.93611014188899 72.05521030553379 0.0 26.00881827595578 41.58037447165628 50.36122526672311 47.74585900937082 45.21696714820859 60.26637801340417 73.20529417340995 79.07590718106965 51.21790993576705 75.25870419712466 66.88913916876211 78.69057467950688 85.68149667014134 32.70520188773358 39.06204490035159 34.385783299745896 77.86740113345984 66.47902280645268 71.90519524100625 91.19222580177026 117.71344571769782 55.648597602246774 38.472292778839275 47.52151340194802 73.6973350124101 104.87671889667853 41.65420244859587 11.441979812371477 30.35815776477851 64.08719922220948 98.42546919266086 44.47840226705687 19.2858079015791 34.06470742957364 65.90685841182294 99.60859132911082 61.8588684887437 46.93798018791559 54.54026208195832 78.36401101224016 108.17582024031972
67.05090845948665 104.56206991756329 82.14452461369935 26.10558683818083 14.359257664259419 65.02787264734759 64.37725811225805 94.63679959764663 33.90911735145332 44.382351979139656 100.36319902272876 94.02551490150978 70.31639769418838 100.19635886719136 83.0969959280501 101.99239115850384 44.404776008640205 54.70503659253138 44.46318983313297 51.67745210859939 69.3699293022212 54.82747496394124 78.9773855859339 26.00881827595578 0.0 62.14773713121852 39.23600928325516 58.71472314407404 49.795432184556034 56.576217995264386 81.86013103009309 94.43310337979041 66.54903354698996 94.39225909349358 82.15721943485556 87.5466047635563 93.89247094638301 57.64112755403271 49.53642937766011 10.730297199894665 52.008926933849594 43.26966071366425 58.60389693213609 85.9731822856543 117.23129934847191 32.61020496584433 15.678594995016496 42.69732295943427 76.12591285824912 110.28190242578577 32.12103138907678 14.643906475719591 42.3317626372554 75.92340252361925 110.14353710085673 51.087531280802104 42.16802458981518 57.80284367461303 85.4342739714575 116.84041078727792 76.14368785253653 70.26253575587099 80.4396944791821 101.97559879452136 129.31457316132358
33.751624882818334 63.64476497379287 41.035255319803845 40.40945453298187 63.46457174032566 8.11707364629621 66.32227027059182 54.07620048167148 44.397376871111376 65.4695885049837 53.27357616926184 52.04912736380013 22.587528451437635 51.16160748165582 34.26901673425059 57.40038198180685 45.060154542230535 15.963398671247635 30.22168210058911 21.27952105665462 25.309848099492374 17.494500927918295 46.002387023404026 41.58037447165628 62.14773713121852 0.0 60.70730782753012 24.553722888627792 35.62300778358487 55.5738887719793 44.05623753271477 39.82529453652582 16.88092411982145 33.70304892838887 28.80378892908123 48.16489785600294 55.04230509480582 18.576859669373235 24.524563000760786 65.71288075084223 112.059041926006 90.22792768993351 78.22829307130134 80.5790890033219 96.23435030203578 94.58714635034784 67.5555372960352 50.75016563462116 54.609654214258775 76.05034966087678 83.20984512902531 50.59136169301967 24.28865354103143 31.86278024939417 61.93044567149812 80.55305588584483 46.134582780636194 12.761593935273439 24.33455294102644 58.449433611905434 87.4156885368384 57.18843334618139 35.977252033290924 41.38888581063625 67.27962933037576
44.386761779916476 75.92381195215181 58.090273372581585 49.20741177715125 52.830162283753324 58.44428949935452 25.721284310589287 67.36224629829219 17.00183539908471 6.036613320558204 76.01899622904828 67.67111579738159 54.918515118512076 77.18368035280872 63.64690926740718 75.82608992706028 17.3982109643731 63.494898491377405 30.67973166392606 40.43389390886572 52.119579871443676 44.73648933885601 51.25861689830749 50.36122526672311 39.23600928325516 60.70730782753012 0.0 42.383369557975556 28.22094068043016 20.713164129363875 55.967803221522054 76.70143108399267 54.41080090287383 83.53289573285149 66.21395107731911 61.07721274116062 65.81425347970578 67.84168167840716 37.002667245268796 31.11752821464702 64.33296866931708 33.22850387978092 21.549539256922166 47.111340186285936 79.80865031962306 61.630213218420195 27.69136764972996 11.4102432103258 43.45605371838053 77.72719412315507 71.09082170641005 44.843106907632546 36.915205493644386 55.761899264478174 85.152071469348 88.91301595051115 69.54379474240118 64.51300685307397 76.69609119184044 99.98713136424925 111.14395512990107 96.14029038023018 92.34511226136036 101.02955872217765 119.50318557569607
11.146921629526894 48.25134459476706 24.469946197894515 46.211897373068005 65.44322785859318 18.697755645165397 42.41348195361766 37.99309051640618 29.494668838058015 45.85422849685519 41.985385182478836 36.80291389049685 12.831112502090436 41.552619803124074 24.447669830620814 44.2573689415485 25.040926319136602 36.31036216613281 14.636636974933214 8.212752877786814 10.869681606952504 8.443149566281694 25.01339722999162 47.74585900937082 58.71472314407404 24.553722888627792 42.383369557975556 0.0 14.203918522312723 32.195066436358644 25.4970792242687 36.48082575754704 12.266995144961058 41.17946571528824 24.74795276350692 30.945448992825817 37.955303459899746 40.32066845745469 9.268019107678898 58.1211920414812 102.21325691862448 74.95031311212578 56.41229563587132 56.053036324304045 74.13728334935479 90.51144540086258 58.16395427493312 31.122513598752935 30.806128875375613 57.65644584644531 86.72996346352078 52.14373826033479 17.626872737462946 17.24233657620776 51.75658435480325 91.85250511242282 60.210955439488515 34.76596558398737 34.450287662099235 59.6641351733439 104.5784766813936 78.11634066026637 60.518231071908154 60.14597765725254 77.24901091277104
17.968958699052152 54.77411608987584 33.0138925718299 43.67540612207736 58.975182772942205 31.55757043154077 31.241075878382624 44.919676390934654 17.10934299546481 31.6757483417028 51.467406928777244 44.453552046358546 26.716339342744043 51.8598907813406 36.43678866444227 52.547511513657454 10.843327560933238 43.45355540419468 8.45298232975066 14.365558203943795 24.05538722701786 18.23312934707281 29.19009930894393 45.21696714820859 49.795432184556034 35.62300778358487 28.22094068043016 14.203918522312723 0.0 20.180687612290807 32.22552794496049 49.24530193560911 26.384283787681284 55.31248405078041 38.21288759860601 37.88315193647998 44.10537864398868 47.84675900298427 11.334422327013753 47.18630115124432 89.45530021539365 61.02726122144956 42.909470071835834 48.50710016303537 72.52223828013805 80.113610607825 46.420034110754216 16.92037716925291 28.506655272244156 61.10491191881702 80.14066695169807 46.4662848423847 17.045682903337347 28.580509710234487 61.139073561844796 89.52797424908043 61.132761644819 43.057993487207355 48.63729992764253 72.6085598911684 105.81254426435733 83.00015527554481 70.54442335735264 73.88345009995426 91.30044562247497
29.233623439287392 55.806881994375466 40.41028803316865 58.83207266582419 68.74651382109488 50.76267062128873 11.185154829282206 47.836875127996855 24.37975846955535 19.9599264125689 57.306677985591065 48.47093147260929 42.568080571776804 58.96126925522044 47.90793639696764 56.453952111425025 14.56108727434508 63.44344543647206 27.596111504721527 34.456684460532955 39.09075855390413 38.08063470829221 32.25982331281718 60.26637801340417 56.576217995264386 55.5738887719793 20.713164129363875 32.195066436358644 20.180687612290807 0.0 37.52983788471935 60.883880377424525 44.14252667106277 70.69148950207818 52.12379932023053 42.093990839137234 46.05908208379413 67.8646606451528 31.513677972026418 50.22880303740076 84.62972560120846 51.95450129289775 25.12359584899286 30.951010434152657 60.659542860940476 81.95721817123791 47.52005779431671 13.934843218100763 22.91413316266987 57.015689262021404 88.65076711392526 58.22058358870096 36.26494044952186 40.44115685223587 65.95953409899583 102.89822067336783 78.06181298969923 63.198328155158826 65.49190730469361 83.54118965766736 122.08228941978403 101.83335199659577 90.72306182726243 92.11955546280232 105.52747145894058
15.052948799337848 22.970052249038588 4.333981358715113 71.66532564211113 90.05308161941629 36.03312338641268 42.70210645596623 12.818427177460077 49.14955136385026 56.93971690926605 20.051205041795768 12.233565059821629 21.506542462912247 21.440301575432 14.877823862166967 20.38015359818285 40.377277952769646 58.903900130038934 37.78134969092551 33.70937990684547 18.876360337870572 33.1203691643559 5.71383814094198 73.20529417340995 81.86013103009309 44.05623753271477 55.967803221522054 25.4970792242687 32.22552794496049 37.52983788471935 0.0 25.5839165775597 27.187747447325417 39.67056752644242 21.970259735236514 5.690452784629573 12.480906870934787 62.29220018023117 34.25444549835993 79.33955522513774 119.96661122912303 88.85881867406972 61.60037266332682 45.69613309400944 52.69233017506309 112.29470334634618 78.29679997909781 45.227489365989946 18.855002573249383 32.56293706234269 111.3677796847175 76.97387462844046 42.91881610587527 12.406633460828534 29.33729212202245 117.34583742090228 85.32096425812655 56.427959419043226 38.51478349842778 46.663570090688964 129.27417215428858 100.96722056417184 77.92122821027361 65.90770912140239 70.78633044162268
32.38298480041028 30.62882780042376 21.551533336270538 77.69308829364186 99.39996011132695 32.814095139717274 67.59179148527168 25.058863067133267 65.7773910414284 78.90870438716077 17.455900909505175 22.50843231265921 24.145070138847455 14.006540277163795 13.098513653450073 22.78126663418117 59.5756413428417 55.61630126595697 51.09801844934347 42.78530694005974 25.626141533901258 39.67465998293324 31.224633965494892 79.07590718106965 94.43310337979041 39.82529453652582 76.70143108399267 36.48082575754704 49.24530193560911 60.883880377424525 25.5839165775597 0.0 28.180948335479677 16.729091327846326 12.342873333653179 24.266486705812465 27.3965219536966 57.47573289338125 45.19507472826772 94.53579392715476 138.53269165923223 109.90179389129607 85.79197221139486 70.97098878347424 71.47209638469822 126.6546963746458 94.64398937749694 65.33282380005349 44.43074989827711 45.548059657431644 120.25935667457821 85.98203892030762 52.137891826637045 20.94419035575536 23.533147974185304 120.22520360908354 85.93470359882204 52.06051994471345 20.752661176441507 23.36447965759742 126.55738907899915 94.51492999058786 65.14746541345255 44.16031598677185 45.286816698070254
17.932604044965142 47.51349094540109 24.306588426947325 49.791461865507 71.22495524809685 8.980697706461802 53.9549012390128 37.65342652562471 40.51220685313992 58.059960297930644 38.291998704004556 35.786161778046846 5.870572519616333 36.80148472388959 18.997719835896522 41.8481808726774 37.171813844433196 31.94993042362262 25.017315425486668 15.495984501946186 8.461857639111251 11.777352710629946 29.227417169897574 51.21790993576705 66.54903354698996 16.88092411982145 54.41080090287383 12.266995144961058 26.384283787681284 44.14252667106277 27.187747447325417 28.180948335479677 0.0 29.576540214703165 15.844716242992194 31.457085511622044 38.435611762040075 35.16211683969335 18.51422972532333 67.45319666919178 112.63893981954868 86.60546617048234 68.6167256331476 65.65649673838159 79.4233489155155 98.98088462556748 68.09373003054215 43.2564946717091 38.73396839237629 59.366185644556325 92.13958525129064 57.80364006896936 24.241931479617413 15.130580961827002 47.59254689936699 93.62194500872717 60.11734690202444 29.29112029009461 22.28657836761956 50.30169918625656 103.06937470943676 73.85962480498397 51.78807018302022 47.99558432817246 65.7264017093247
41.506987640179624 47.30783245555096 35.34495841508129 74.05867284985322 96.95863194542409 29.372278503983377 78.94818155578017 41.55419582553333 70.08805837905918 86.73623751221172 34.06194743131559 38.98660787224883 28.688425051550077 30.465735595177705 24.923642746906125 39.42212980323594 66.14824330986534 47.722613203577495 54.59089751131415 44.93842647716848 31.815910283640964 40.9128477486977 44.85935653700226 75.25870419712466 94.39225909349358 33.70304892838887 83.53289573285149 41.17946571528824 55.31248405078041 70.69148950207818 39.67056752644242 16.729091327846326 29.576540214703165 0.0 18.83855362487614 39.741535601538004 43.78417304925664 48.40493103514632 48.066014984773226 96.37420552454212 142.00755597459576 116.076063156551 95.79077375502968 85.28074610274709 88.11613018244465 127.00242756456097 97.33574362486267 72.20573224725628 57.86085859242 62.26460110890032 116.90406232660135 83.86800678673367 52.87686376376758 30.869406643322137 38.79065864025768 113.03590946885677 78.43838111450751 43.850847043729964 9.384470854459632 25.457693378673106 116.02300964083078 82.64689297998277 50.93643462504594 27.447643357212613 36.1533840759343
