0 112 113 116 112 87 157 143 60 158 64 148 95 106 85 92 96 97 127 112 5 111 110 120 113 89 146 103 64 114 67 119 91 70 86 59 99 67 120 94 192 178 164 152 140 129 120 113 108 106 185 170 156 142 129 118 108 100 95 93 178 163 148 133 120 107 96 88 81 79 172 156 141 125 111 98 85 75 68 65 167 151 135 119 103 89 75 64 55 52 163 147 130 113 97 82 67 53 43 38 161 144 126 110 93 76 60 45 31 24 159 142 125 107 90 73 56 39 23 11 159 142 124 107 90 72 55 38 21 5 160 143 125 108 91 74 58 42 27 18
112 0 22 50 93 29 148 135 59 138 64 108 87 26 54 33 21 47 91 94 109 6 16 46 75 62 117 122 49 84 59 78 79 43 69 61 16 46 80 70 98 81 64 47 31 17 16 29 45 61 97 79 62 45 28 10 8 25 43 60 98 81 64 47 31 18 17 29 45 62 101 84 68 53 40 30 30 38 51 66 106 90 75 62 51 44 43 49 60 73 112 98 84 72 63 57 57 62 70 82 120 106 94 84 76 71 71 75 82 92 129 116 105 96 89 85 85 88 94 103 139 127 117 108 102 99 98 101 106 114 149 138 129 121 116 113 112 115 119 126
113 22 0 71 112 40 168 155 68 159 56 129 104 8 70 23 19 30 111 112 110 27 6 67 95 79 137 138 53 103 51 98 96 47 85 56 20 48 100 87 115 98 80 63 46 29 11 8 25 42 115 98 81 64 47 31 16 13 27 43 118 101 84 68 52 38 28 26 35 49 121 105 89 74 60 48 41 40 46 57 127 111 96 82 70 60 54 53 58 67 133 119 105 92 81 73 68 67 71 78 141 127 114 103 93 86 82 81 84 90 150 137 125 114 105 99 95 95 97 103 159 147 136 126 118 112 109 109 111 116 169 158 147 138 131 126 123 122 124 128
116 50 71 0 47 44 99 87 58 88 94 58 48 73 31 74 61 91 42 48 111 45 66 8 28 31 67 82 63 36 89 29 41 59 37 85 56 65 31 32 77 65 55 49 49 55 65 78 92 108 69 55 43 35 36 44 56 70 86 102 63 47 32 22 22 34 49 65 82 98 60 43 26 10 12 28 45 62 79 97 61 44 27 12 13 29 45 62 80 97 64 48 34 24 25 35 50 66 82 99 71 57 45 38 38 46 58 72 87 103 79 67 57 52 52 57 67 80 94 109 89 78 70 66 66 70 78 89 102 116 100 90 83 80 80 83 90 100 111 124
112 93 112 47 0 76 58 43 68 52 116 37 17 112 46 108 98 125 19 1 107 87 106 55 20 37 35 38 83 13 113 22 23 82 33 105 94 87 20 27 106 99 95 94 96 101 109 118 130 142 94 86 81 80 82 88 97 108 120 133 82 73 67 66 69 76 86 98 111 126 71 61 54 52 56 64 76 89 104 119 62 49 40 38 43 54 67 82 98 114 54 39 27 24 32 45 61 77 94 110 50 33 17 10 23 40 57 74 91 108 49 32 15 7 22 39 56 74 91 108 52 37 24 20 29 43 59 76 93 110 59 46 36 34 40 51 65 80 96 113
87 29 40 44 76 0 133 119 31 126 50 99 66 38 31 32 23 50 79 76 83 25 34 44 62 41 105 99 24 69 45 66 57 18 47 42 20 23 68 50 112 96 80 66 54 44 41 45 54 67 107 91 74 58 44 32 27 33 45 59 104 87 70 53 37 22 13 23 38 55 104 86 69 52 34 17 2 18 36 53 105 88 71 54 38 23 15 24 39 55 108 91 75 59 45 34 29 34 46 60 112 97 81 67 55 46 43 47 56 68 119 104 90 77 67 60 57 60 67 77 126 112 99 88 79 73 71 73 79 88 135 122 110 100 92 87 85 87 92 99
157 148 168 99 58 133 0 15 124 16 172 48 71 168 103 165 154 182 58 57 153 142 162 105 73 94 34 56 139 65 169 71 79 139 89 161 150 144 68 84 130 130 133 138 145 153 163 174 186 199 116 116 119 125 132 142 152 164 177 191 101 102 106 112 120 131 142 155 168 183 87 88 92 100 109 120 133 146 161 175 73 74 79 87 98 111 124 139 154 169 59 60 66 76 88 102 117 132 148 164 44 46 54 66 80 95 110 127 143 159 30 33 44 58 73 89 106 122 139 156 16 22 36 52 69 86 103 120 137 154 3 15 32 50 67 84 102 119 136 154
143 135 155 87 43 119 15 0 109 20 157 42 56 155 89 151 141 168 46 43 138 129 149 94 60 79 28 42 125 52 154 58 64 125 75 146 137 129 56 70 126 124 125 129 134 142 151 161 173 185 112 110 111 115 121 129 139 151 163 176 97 96 97 102 109 118 129 141 154 168 83 82 83 89 97 107 119 132 146 161 70 67 70 76 85 97 110 124 139 154 56 53 56 64 75 88 102 117 133 149 43 39 43 52 65 80 96 112 128 145 30 25 31 43 58 74 91 108 125 142 20 11 21 37 54 71 88 105 123 140 18 5 19 36 53 70 88 105 122 140
60 59 68 58 68 31 124 109 0 120 49 100 53 63 29 52 49 67 78 68 55 56 63 61 61 35 102 80 18 66 47 67 46 22 36 38 49 24 68 43 133 119 105 93 83 75 71 71 75 83 126 111 96 83 71 62 57 57 62 71 120 104 89 74 61 50 43 44 50 61 116 99 83 67 52 39 30 30 39 52 113 96 79 62 46 30 17 18 31 46 113 95 78 61 43 26 9 10 27 44 113 96 79 62 45 29 16 17 30 46 116 99 83 67 51 38 29 29 38 52 120 104 88 73 60 49 42 42 49 60 126 110 96 82 70 61 56 56 61 70
158 138 159 88 52 126 16 20 120 0 167 34 67 160 97 158 146 175 48 52 154 132 153 94 65 87 22 60 134 57 164 61 74 133 84 156 142 139 59 78 115 116 119 125 133 142 153 165 178 192 100 102 106 112 121 131 143 156 170 184 86 88 92 100 110 121 134 148 162 177 72 74 79 88 99 112 126 140 155 171 58 60 67 77 90 103 118 134 149 165 43 46 55 67 81 96 112 128 145 161 29 34 45 59 75 91 108 124 141 158 15 23 37 54 71 88 105 122 139 156 1 17 35 52 69 87 104 121 138 156 15 23 37 54 71 88 105 122 139 156
64 64 56 94 116 50 172 157 49 167 0 145 102 48 72 34 44 34 124 116 62 66 55 93 106 81 149 128 34 112 6 111 94 36 84 12 49 30 113 90 159 143 126 110 94 79 65 54 45 43 156 139 122 105 89 73 57 43 33 29 154 137 120 102 85 68 52 36 21 16 153 136 119 101 84 67 49 32 15 4 154 137 119 102 85 68 51 34 19 13 156 138 122 105 88 72 56 42 30 27 159 142 125 109 93 78 64 51 43 40 163 146 131 115 100 86 73 63 56 54 168 152 137 122 108 95 84 75 69 68 174 159 144 130 117 106 95 88 83 81
148 108 129 58 37 99 48 42 100 34 145 0 54 131 73 130 118 148 22 37 143 102 123 63 39 65 15 66 112 35 141 34 57 110 65 134 113 115 32 57 84 83 85 91 100 110 122 136 150 164 70 69 72 79 88 100 113 128 142 158 56 55 58 67 78 91 106 121 136 152 43 41 46 56 69 84 99 115 132 148 29 26 34 47 62 78 94 111 128 145 18 13 25 41 58 75 92 109 126 143 14 5 22 39 56 74 91 108 126 143 22 18 28 43 59 76 93 110 127 144 35 32 38 50 64 80 96 113 129 146 48 46 51 60 72 86 102 117 133 150
95 87 104 48 17 66 71 56 53 67 102 54 0 103 35 97 88 114 34 18 90 82 99 55 26 26 52 35 69 23 99 30 9 70 20 90 85 74 30 18 116 107 100 96 95 97 102 110 120 131 105 95 87 82 81 84 90 98 109 121 94 83 74 69 67 70 77 87 99 113 84 72 62 55 53 57 66 77 91 105 76 62 50 41 39 45 55 68 83 99 70 54 40 28 25 33 46 62 78 94 66 49 33 17 12 24 41 58 75 92 66 48 31 14 6 22 39 57 74 91 68 51 36 22 18 28 43 59 76 93 73 58 44 35 32 39 50 65 80 96
106 26 8 73 112 38 168 155 63 160 48 131 103 0 68 15 16 23 113 112 103 30 10 69 96 78 139 136 48 104 43 99 94 42 84 49 19 43 102 87 121 104 87 70 52 35 19 8 20 36 121 104 87 69 52 35 18 7 19 36 123 106 89 72 56 40 27 21 27 41 126 109 93 77 62 49 38 34 39 49 130 115 99 84 71 59 51 48 51 59 136 121 107 93 81 71 64 62 64 71 143 129 115 103 92 83 78 76 78 83 151 138 125 114 104 96 91 90 91 96 160 147 136 125 116 109 105 103 105 109 170 158 147 137 129 123 119 117 118 122
85 54 70 31 46 31 103 89 29 97 72 73 35 68 0 63 54 80 52 46 81 48 64 36 35 10 77 69 39 40 68 40 27 38 16 62 50 43 42 20 108 95 83 74 68 66 69 75 85 97 100 85 72 62 54 52 55 64 75 88 93 78 63 50 41 38 43 53 66 81 88 72 56 41 29 24 31 44 59 76 85 68 51 34 19 10 22 38 55 72 85 68 51 33 16 5 20 37 55 72 87 70 54 38 24 19 27 41 57 74 91 75 60 46 36 33 38 49 63 79 97 82 69 57 49 47 50 59 71 85 105 91 79 69 63 61 64 71 81 93
92 33 23 74 108 32 165 151 52 158 34 130 97 15 63 0 14 18 111 108 89 36 22 71 94 72 137 129 36 101 29 98 89 31 78 34 20 30 100 82 130 113 96 79 63 47 32 22 23 35 129 111 94 77 60 43 26 10 13 29 129 111 94 77 60 43 26 11 13 29 130 113 96 80 63 47 33 23 24 35 133 117 100 84 69 55 43 36 37 45 138 122 106 91 77 65 55 50 50 56 143 128 113 99 87 76 68 63 64 69 150 136 122 109 97 88 81 77 77 81 158 144 131 119 109 100 94 91 91 94 166 153 141 130 121 113 107 105 105 108
96 21 19 61 98 23 154 141 49 146 44 118 88 16 54 14 0 30 99 98 92 23 15 59 82 63 126 121 35 90 39 86 80 29 69 41 7 30 88 72 118 101 84 67 51 36 25 23 32 47 116 98 81 64 47 30 14 10 25 42 116 98 81 64 47 30 13 9 25 42 117 100 83 67 50 35 23 21 31 46 120 104 88 72 57 45 36 35 41 53 125 109 94 80 67 56 49 48 53 63 131 116 102 89 77 68 63 62 66 74 138 124 111 99 89 81 77 76 79 86 147 133 121 110 101 94 90 90 92 98 156 143 132 122 114 108 104 103 106 111
97 47 30 91 125 50 182 168 67 175 34 148 114 23 80 18 30 0 128 125 95 51 32 88 111 89 155 145 49 118 31 115 105 46 95 40 36 43 117 99 143 126 109 92 75 58 41 24 12 17 143 126 108 91 74 57 39 22 6 14 144 127 110 93 76 59 43 28 18 22 146 130 113 96 80 64 50 38 31 34 150 134 117 102 86 72 59 50 45 47 155 139 123 108 94 81 70 62 59 60 161 145 131 117 104 92 82 76 72 73 168 153 139 126 114 103 95 89 86 87 175 161 148 136 125 115 107 102 100 100 184 170 158 146 136 127 120 116 114 114
127 91 111 42 19 79 58 46 78 48 124 22 34 113 52 111 99 128 0 19 122 85 106 48 18 44 27 54 91 13 120 14 36 89 43 113 95 94 12 35 89 84 82 83 88 96 106 118 131 145 76 70 67 69 75 85 96 109 123 138 64 56 53 56 63 74 87 101 116 132 53 43 39 43 52 65 79 95 111 127 43 31 25 30 43 58 74 90 107 124 37 21 11 20 36 53 70 87 104 122 36 19 4 18 35 52 69 87 104 121 40 26 18 25 39 55 72 88 105 123 48 37 33 37 47 61 76 92 109 125 59 50 47 50 58 69 83 98 114 130
112 94 112 48 1 76 57 43 68 52 116 37 18 112 46 108 98 125 19 0 107 88 107 55 21 37 35 37 83 13 113 22 23 83 33 105 94 88 20 27 106 99 95 94 96 101 109 119 130 142 94 86 81 80 83 89 97 108 120 134 82 73 68 66 69 76 86 98 112 126 71 61 54 52 56 65 76 90 104 120 61 49 40 38 43 54 68 82 98 114 54 39 27 24 32 45 61 77 94 111 49 33 17 10 24 40 57 74 91 109 49 32 15 7 22 39 57 74 91 108 52 37 24 20 29 43 59 76 93 110 59 46 36 34 40 51 65 81 97 113
5 109 110 111 107 83 153 138 55 154 62 143 90 103 81 89 92 95 122 107 0 107 107 115 108 84 141 99 60 110 65 114 87 66 81 56 95 63 115 89 187 173 160 147 136 125 117 110 106 105 180 165 151 138 125 114 104 97 93 91 173 158 143 129 115 103 93 84 79 77 167 151 136 121 106 93 81 72 66 64 162 146 130 114 99 84 71 60 52 50 158 142 125 109 92 77 62 49 40 36 156 139 122 105 88 71 55 40 27 23 154 137 120 103 85 68 51 34 18 9 154 137 120 102 85 68 51 33 17 6 155 138 121 104 87 70 54 38 25 20
111 6 27 45 87 25 142 129 56 132 66 102 82 30 48 36 23 51 85 88 107 0 22 40 69 56 111 116 48 78 61 72 73 41 64 61 17 45 74 64 95 78 61 45 30 20 22 34 50 66 93 76 59 41 24 8 13 29 47 64 94 76 59 42 26 12 15 31 47 64 96 79 63 48 34 25 27 38 52 68 101 85 70 56 45 39 40 48 60 74 107 92 78 66 57 52 53 59 69 82 114 101 88 78 70 66 67 72 80 91 123 110 99 90 83 80 81 85 92 101 133 121 111 103 97 94 94 98 104 113 143 132 123 116 111 108 108 111 117 124
110 16 6 66 106 34 162 149 63 153 55 123 99 10 64 22 15 32 106 107 107 22 0 61 89 73 132 132 49 97 50 92 90 43 80 54 15 45 95 82 112 95 77 60 43 26 11 13 29 46 112 94 77 60 43 26 10 12 29 46 113 96 80 63 47 32 22 23 35 50 117 100 84 69 55 43 35 36 44 57 122 106 91 77 64 54 49 49 56 66 128 113 99 86 75 67 63 63 68 76 135 122 109 97 87 80 77 77 81 88 144 131 119 108 100 94 90 90 94 100 153 141 130 120 113 107 104 104 107 113 163 152 141 133 126 121 118 118 120 125
120 46 67 8 55 44 105 94 61 94 93 63 55 69 36 71 59 88 48 55 115 40 61 0 35 37 73 89 64 43 89 36 49 60 44 85 53 65 38 39 73 59 48 42 42 49 60 74 89 104 66 51 37 28 28 38 52 67 83 100 62 45 28 15 16 30 46 63 80 97 60 43 26 9 10 27 45 62 79 96 62 46 30 18 19 32 47 64 81 98 67 53 40 32 32 41 54 69 85 101 75 62 51 45 45 52 63 76 90 106 84 73 64 59 59 64 73 85 98 112 95 85 77 73 73 77 85 95 107 120 106 97 91 87 87 90 97 106 116 129
113 75 95 28 20 62 73 60 61 65 106 39 26 96 35 94 82 111 18 21 108 69 89 35 0 27 44 56 73 9 102 6 24 71 28 96 78 77 8 20 91 82 76 74 76 82 91 102 114 128 80 69 63 60 63 70 80 92 106 120 69 58 49 46 49 58 70 84 99 114 61 47 36 32 37 48 62 77 93 109 55 39 25 18 26 40 56 72 89 106 52 35 17 4 19 36 53 70 88 105 53 36 20 11 21 37 54 71 88 105 57 43 30 25 31 44 59 75 91 108 65 52 43 39 43 53 66 80 96 112 74 64 56 53 56 64 75 88 102 117
89 62 79 31 37 41 94 79 35 87 81 65 26 78 10 72 63 89 44 37 84 56 73 37 27 0 69 60 47 32 77 33 17 47 8 70 59 52 34 10 107 95 85 77 73 73 77 84 94 106 98 85 73 64 59 59 64 73 84 97 90 75 62 52 45 45 52 62 75 90 84 68 53 40 32 32 40 53 68 84 80 63 46 31 19 19 31 47 63 80 78 61 44 26 9 10 27 44 61 79 79 62 45 29 15 15 29 46 62 80 82 66 51 37 28 28 37 51 67 83 88 73 59 48 41 41 48 59 73 88 95 82 70 60 55 55 60 69 81 95
146 117 137 67 35 105 34 28 102 22 149 15 52 139 77 137 126 155 27 35 141 111 132 73 44 69 0 56 116 38 145 40 57 114 66 138 121 120 38 59 98 97 99 104 112 121 132 144 158 171 84 83 86 91 100 110 122 135 149 164 70 69 72 79 88 100 113 127 142 158 56 55 58 67 78 91 105 121 136 152 43 41 46 56 69 83 99 115 131 148 30 26 34 47 62 78 94 111 128 145 18 13 24 41 57 74 91 109 126 143 14 5 22 39 56 74 91 108 125 143 22 18 27 42 59 75 92 109 126 144 35 32 38 50 64 80 96 112 129 146
103 122 138 82 38 99 56 42 80 60 128 66 35 136 69 129 121 145 54 37 99 116 132 89 56 60 56 0 97 49 126 59 44 99 53 116 118 103 57 53 143 136 132 130 130 132 137 143 152 161 130 123 118 116 116 119 124 131 140 150 117 110 104 102 102 105 111 119 129 140 105 97 91 88 88 92 98 108 118 131 94 84 77 74 74 79 86 97 109 122 83 72 64 60 60 66 75 87 100 114 74 61 51 46 47 54 65 78 93 108 66 51 39 32 33 43 56 71 87 103 61 44 29 18 21 34 50 66 83 100 58 41 24 7 12 29 47 64 81 99
64 49 53 63 83 24 139 125 18 134 34 112 69 48 39 36 35 49 91 83 60 48 49 64 73 47 116 97 0 79 30 78 61 7 51 23 36 6 80 57 134 119 104 90 77 66 59 56 58 65 129 113 97 82 67 55 46 42 45 54 125 109 92 76 60 45 33 28 33 44 123 106 89 72 55 38 23 14 22 37 122 105 88 70 53 36 18 1 17 35 123 106 89 72 55 38 23 14 22 37 125 109 92 76 60 45 34 28 33 44 129 113 97 82 68 55 46 42 45 54 135 119 104 90 77 66 59 56 58 65 141 126 112 99 88 78 72 70 72 77
114 84 103 36 13 69 65 52 66 57 112 35 23 104 40 101 90 118 13 13 110 78 97 43 9 32 38 49 79 0 108 10 23 77 30 101 85 83 8 23 95 88 83 82 85 90 99 110 122 135 83 75 69 68 71 78 88 100 113 127 72 62 55 54 58 66 78 91 105 121 62 50 42 40 45 55 69 84 99 115 54 40 29 26 33 47 62 78 95 111 49 33 18 12 25 41 58 75 92 109 48 31 14 6 22 39 57 74 91 109 51 35 22 18 28 43 59 76 93 110 58 44 34 32 38 50 65 80 96 113 67 55 48 46 51 60 72 87 102 117
67 59 51 89 113 45 169 154 47 164 6 141 99 43 68 29 39 31 120 113 65 61 50 89 102 77 145 126 30 108 0 107 91 32 80 11 44 26 109 87 154 138 121 105 89 74 61 49 42 42 151 134 117 100 84 68 52 39 29 28 149 132 115 98 80 63 47 30 17 16 148 131 114 97 79 62 45 27 10 8 149 132 115 98 81 64 47 31 18 17 151 134 117 101 84 68 53 39 30 30 154 138 122 105 90 75 61 50 43 43 159 143 127 112 97 84 72 62 57 56 164 149 134 119 106 93 83 75 70 70 171 156 142 128 115 104 95 88 84 84
119 78 98 29 22 66 71 58 67 61 111 34 30 99 40 98 86 115 14 22 114 72 92 36 6 33 40 59 78 10 107 0 29 76 33 101 81 82 3 25 87 79 74 73 77 84 93 105 118 132 75 66 60 59 63 72 83 96 110 125 64 53 46 45 51 61 74 88 103 119 55 42 33 31 39 51 66 82 98 115 49 33 20 18 29 45 61 78 95 112 46 29 12 7 24 42 59 76 93 111 48 31 17 14 27 43 60 77 94 111 53 39 29 27 36 49 64 80 97 114 61 50 42 41 47 58 71 86 101 118 72 62 56 55 60 68 80 93 108 123
91 79 96 41 23 57 79 64 46 74 94 57 9 94 27 89 80 105 36 23 87 73 90 49 24 17 57 44 61 23 91 29 0 61 11 83 76 66 29 10 113 103 95 90 88 89 94 101 111 122 102 91 82 76 74 75 81 90 100 113 92 80 70 62 60 62 69 79 91 105 84 70 58 49 46 49 57 69 82 97 77 62 48 37 32 36 47 60 76 92 72 56 40 25 18 24 39 55 71 88 70 53 36 19 4 18 35 52 69 87 71 54 37 21 11 20 36 53 70 87 75 59 44 31 25 30 43 57 73 90 81 66 53 43 39 43 52 65 79 95
70 43 47 59 82 18 139 125 22 133 36 110 70 42 38 31 29 46 89 83 66 41 43 60 71 47 114 99 7 77 32 76 61 0 51 26 30 6 78 56 129 113 98 83 70 59 52 50 54 63 124 108 91 76 61 48 39 36 42 52 121 104 87 70 54 39 27 23 30 44 119 102 84 67 50 33 17 9 22 39 119 101 84 67 50 33 16 7 22 39 120 103 86 70 53 38 25 20 29 43 123 107 91 75 60 47 37 34 40 51 128 112 97 82 69 57 50 48 52 61 134 119 104 91 79 69 63 62 65 72 141 127 113 101 90 82 77 75 78 84
86 69 85 37 33 47 89 75 36 84 84 65 20 84 16 78 69 95 43 33 81 64 80 44 28 8 66 53 51 30 80 33 11 51 0 73 66 55 34 9 112 101 91 84 81 80 84 91 100 111 103 90 79 71 67 67 71 79 90 102 94 80 68 58 53 53 58 68 80 94 87 72 58 46 39 39 46 58 72 87 82 65 50 35 26 26 36 50 66 82 79 62 45 28 13 14 28 45 62 79 78 61 44 27 10 10 27 44 61 79 80 64 47 32 21 21 32 48 64 81 85 69 54 42 34 34 42 55 69 85 91 77 64 54 48 48 54 64 77 91
59 61 56 85 105 42 161 146 38 156 12 134 90 49 62 34 41 40 113 105 56 61 54 85 96 70 138 116 23 101 11 101 83 26 73 0 45 20 103 79 153 137 121 105 90 77 65 55 51 52 149 132 116 99 83 68 54 43 37 38 146 129 112 95 78 62 46 32 23 26 144 127 110 93 76 58 41 25 11 15 144 127 110 92 75 58 41 24 8 14 145 128 111 94 77 61 45 30 20 23 148 131 115 98 82 66 52 40 34 35 152 135 119 104 88 74 62 52 47 48 157 141 125 111 97 84 73 65 61 62 163 148 133 119 106 94 85 78 74 75
99 16 20 56 94 20 150 137 49 142 49 113 85 19 50 20 7 36 95 94 95 17 15 53 78 59 121 118 36 85 44 81 76 30 66 45 0 32 84 68 112 95 78 62 46 32 23 25 37 52 110 92 75 58 41 24 10 15 31 48 110 92 75 58 41 24 8 14 31 48 111 94 77 61 45 30 21 24 36 51 115 98 82 67 53 41 35 36 45 58 120 104 89 75 63 53 48 50 56 67 126 111 97 85 74 66 62 63 68 77 134 120 107 95 86 79 76 77 81 89 142 129 117 107 99 93 90 90 94 101 151 139 128 119 111 106 104 104 107 113
67 46 48 65 87 23 144 129 24 139 30 115 74 43 43 30 30 43 94 88 63 45 45 65 77 52 120 103 6 83 26 82 66 6 55 20 32 0 84 61 134 118 103 88 74 63 54 50 52 59 130 113 97 81 66 52 41 36 39 48 126 109 92 76 59 44 30 23 27 39 125 107 90 73 56 39 22 9 17 33 124 107 90 73 55 38 21 7 16 33 126 109 92 75 59 43 28 20 25 38 129 112 96 80 65 51 39 34 37 47 133 117 102 87 73 61 52 48 50 57 139 124 109 95 83 72 65 62 63 69 146 131 117 105 94 84 78 75 77 81
120 80 100 31 20 68 68 56 68 59 113 32 30 102 42 100 88 117 12 20 115 74 95 38 8 34 38 57 80 8 109 3 29 78 34 103 84 84 0 26 88 80 76 75 79 86 96 107 120 134 76 67 62 61 66 74 85 98 112 127 65 54 48 47 53 63 76 90 105 121 55 43 34 34 41 54 68 84 100 117 48 33 21 20 31 47 63 80 96 114 45 28 11 9 26 43 60 78 95 112 46 29 14 13 28 44 61 78 95 113 51 37 27 26 35 49 65 81 98 115 59 47 40 40 46 57 71 86 102 118 69 60 54 53 58 68 80 93 108 123
94 70 87 32 27 50 84 70 43 78 90 57 18 87 20 82 72 99 35 27 89 64 82 39 20 10 59 53 57 23 87 25 10 56 9 79 68 61 26 0 106 95 86 81 78 80 85 93 104 116 95 83 74 67 64 66 73 82 94 107 86 73 62 54 50 53 61 72 85 100 79 64 51 41 36 40 50 63 78 93 74 57 42 29 22 28 41 56 72 89 71 54 37 20 8 19 35 52 70 87 71 53 36 19 7 18 35 52 69 87 73 57 41 28 21 27 40 56 72 89 78 63 50 39 35 39 49 62 77 93 86 72 60 52 49 51 59 71 84 99
192 98 115 77 106 112 130 126 133 115 159 84 116 121 108 130 118 143 89 106 187 95 112 73 91 107 98 143 134 95 154 87 113 129 112 153 112 134 88 106 0 18 35 52 70 87 104 122 139 156 15 23 38 54 71 88 105 122 140 157 29 34 45 60 75 91 108 125 142 159 43 47 55 68 82 97 113 129 145 162 58 60 67 77 90 104 119 134 150 166 72 74 80 88 99 112 126 140 156 171 86 88 93 100 110 122 134 148 162 177 100 102 106 112 121 132 144 156 170 184 115 116 119 125 133 143 154 166 179 192 129 130 133 138 145 154 164 176 188 201
178 81 98 65 99 96 130 124 119 116 143 83 107 104 95 113 101 126 84 99 173 78 95 59 82 95 97 136 119 88 138 79 103 113 101 137 95 118 80 95 18 0 18 35 52 70 87 104 122 139 23 15 23 38 54 71 88 105 122 140 34 29 34 45 60 75 91 108 125 142 47 43 46 55 67 82 97 112 129 145 60 57 60 67 77 90 104 118 134 150 74 72 73 79 88 99 112 126 140 155 88 86 87 92 100 110 121 134 148 162 102 100 101 105 112 121 131 143 156 170 116 114 115 119 125 133 142 153 165 178 130 128 129 132 138 145 154 164 175 187
164 64 80 55 95 80 133 125 105 119 126 85 100 87 83 96 84 109 82 95 160 61 77 48 76 85 99 132 104 83 121 74 95 98 91 121 78 103 76 86 35 18 0 18 35 52 70 87 104 122 38 23 15 23 38 54 71 88 105 122 45 34 29 34 45 60 75 91 108 125 55 46 43 46 55 67 81 97 112 129 67 60 57 60 67 77 90 104 118 134 80 73 71 73 79 88 99 112 126 140 93 87 85 87 92 99 109 121 134 148 106 101 99 101 105 112 121 131 143 156 119 115 114 115 118 124 132 142 153 165 133 129 128 129 132 137 144 153 163 175
152 47 63 49 94 66 138 129 93 125 110 91 96 70 74 79 67 92 83 94 147 45 60 42 74 77 104 130 90 82 105 73 90 83 84 105 62 88 75 81 52 35 18 0 18 35 52 70 87 104 54 38 23 15 23 38 54 71 88 105 60 45 34 29 33 45 59 75 91 108 68 55 46 43 46 55 67 81 97 112 77 67 60 57 59 66 77 89 103 118 88 79 73 71 73 79 88 99 112 125 100 92 87 85 87 91 99 109 121 134 112 105 101 99 100 105 111 120 131 143 125 119 115 113 114 118 124 132 141 152 138 132 129 127 128 131 137 144 153 163
140 31 46 49 96 54 145 134 83 133 94 100 95 52 68 63 51 75 88 96 136 30 43 42 76 73 112 130 77 85 89 77 88 70 81 90 46 74 79 78 70 52 35 18 0 18 35 52 70 87 71 54 38 23 15 23 38 54 71 88 75 60 45 33 29 33 45 59 75 91 82 67 55 46 43 46 55 67 81 96 90 77 67 59 57 59 66 77 89 103 99 88 79 73 71 73 78 87 99 111 110 100 92 87 85 86 91 99 109 120 121 112 105 100 99 100 104 111 120 130 133 125 118 114 113 114 117 123 131 141 145 138 132 128 127 127 131 136 143 152
129 17 29 55 101 44 153 142 75 142 79 110 97 35 66 47 36 58 96 101 125 20 26 49 82 73 121 132 66 90 74 84 89 59 80 77 32 63 86 80 87 70 52 35 18 0 18 35 52 70 88 71 54 38 23 14 23 38 54 71 91 75 60 45 33 28 33 45 59 75 97 82 67 55 46 42 46 55 67 81 104 90 77 66 59 56 59 66 76 89 112 99 88 79 73 70 72 78 87 98 122 110 99 91 86 84 86 91 98 108 132 121 112 105 100 98 99 104 110 119 143 133 124 118 114 112 113 117 123 131 154 145 137 131 127 126 127 130 135 143
120 16 11 65 109 41 163 151 71 153 65 122 102 19 69 32 25 41 106 109 117 22 11 60 91 77 132 137 59 99 61 93 94 52 84 65 23 54 96 85 104 87 70 52 35 18 0 18 35 52 105 88 71 54 38 23 14 23 38 54 108 91 75 59 45 33 28 33 45 59 113 97 81 67 55 46 42 46 54 67 119 104 90 77 66 59 56 59 66 76 126 112 99 88 78 72 70 72 78 87 134 121 109 99 91 86 84 85 90 98 144 131 121 111 104 99 98 99 103 110 154 142 132 124 117 113 112 113 116 122 164 154 144 137 131 127 125 126 130 135
113 29 8 78 118 45 174 161 71 165 54 136 110 8 75 22 23 24 118 119 110 34 13 74 102 84 144 143 56 110 49 105 101 50 91 55 25 50 107 93 122 104 87 70 52 35 18 0 18 35 122 105 88 71 54 38 23 14 23 38 125 108 91 75 59 45 33 28 33 45 129 112 97 81 67 55 46 42 45 54 134 118 104 89 77 66 59 56 58 65 140 126 112 99 87 78 72 70 72 77 148 134 121 109 99 91 85 83 85 90 156 143 131 120 111 104 99 97 99 103 166 153 142 132 123 117 113 111 112 116 176 164 153 144 136 130 126 125 126 129
108 45 25 92 130 54 186 173 75 178 45 150 120 20 85 23 32 12 131 130 106 50 29 89 114 94 158 152 58 122 42 118 111 54 100 51 37 52 120 104 139 122 104 87 70 52 35 18 0 18 140 122 105 88 71 54 38 23 14 23 142 125 108 91 75 59 45 33 28 33 145 129 112 97 81 67 54 45 42 45 150 134 118 103 89 76 66 58 55 58 156 140 126 112 99 87 78 72 69 71 162 148 134 121 109 98 90 85 83 85 170 156 143 131 120 110 103 99 97 98 179 165 153 141 131 123 116 112 110 112 188 175 163 153 143 135 130 126 124 125
106 61 42 108 142 67 199 185 83 192 43 164 131 36 97 35 47 17 145 142 105 66 46 104 128 106 171 161 65 135 42 132 122 63 111 52 52 59 134 116 156 139 122 104 87 70 52 35 18 0 157 140 122 105 88 71 54 38 23 14 159 142 125 108 91 75 59 45 33 28 162 145 129 112 96 81 67 54 45 42 166 150 134 118 103 89 76 65 58 55 171 155 140 125 111 98 87 77 71 69 177 162 148 134 120 108 98 90 85 83 184 170 156 143 130 119 110 103 98 96 192 178 165 152 141 131 122 116 112 110 201 187 175 163 152 143 135 129 125 124
185 97 115 69 94 107 116 112 126 100 156 70 105 121 100 129 116 143 76 94 180 93 112 66 80 98 84 130 129 83 151 75 102 124 103 149 110 130 76 95 15 23 38 54 71 88 105 122 140 157 0 18 35 52 70 87 104 122 139 156 15 23 38 54 71 88 105 122 140 157 29 34 45 60 75 91 108 125 142 159 43 47 55 68 82 97 113 129 145 162 58 60 67 77 90 104 119 134 150 166 72 74 80 88 99 112 126 140 156 171 86 88 93 100 110 122 134 148 162 177 100 102 106 112 121 132 144 156 170 184 115 116 119 125 133 143 154 166 179 192
170 79 98 55 86 91 116 110 111 102 139 69 95 104 85 111 98 126 70 86 165 76 94 51 69 85 83 123 113 75 134 66 91 108 90 132 92 113 67 83 23 15 23 38 54 71 88 105 122 140 18 0 18 35 52 70 87 104 122 139 23 15 23 38 54 71 88 105 122 140 34 29 34 45 60 75 91 108 125 142 47 43 46 55 67 82 97 112 129 145 60 57 60 67 77 90 104 118 134 150 74 72 73 79 88 99 112 126 140 155 88 86 87 92 100 110 121 134 148 162 102 100 101 105 112 121 131 143 156 170 116 114 115 119 125 133 142 153 165 178
156 62 81 43 81 74 119 111 96 106 122 72 87 87 72 94 81 108 67 81 151 59 77 37 63 73 86 118 97 69 117 60 82 91 79 116 75 97 62 74 38 23 15 23 38 54 71 88 105 122 35 18 0 18 35 52 70 87 104 122 38 23 15 23 38 54 71 88 105 122 45 34 29 34 45 60 75 91 108 125 55 46 43 46 55 67 81 97 112 129 67 60 57 60 67 77 90 104 118 134 80 73 71 73 79 88 99 112 126 140 93 87 85 87 92 99 109 121 134 148 106 101 99 101 105 112 121 131 143 156 119 115 114 115 118 124 132 142 153 165
142 45 64 35 80 58 125 115 83 112 105 79 82 69 62 77 64 91 69 80 138 41 60 28 60 64 91 116 82 68 100 59 76 76 71 99 58 81 61 67 54 38 23 15 23 38 54 71 88 105 52 35 18 0 18 35 52 70 87 104 54 38 23 15 23 38 54 71 88 105 60 45 34 29 33 45 59 75 91 108 68 55 46 43 46 55 67 81 97 112 77 67 60 57 59 66 77 89 103 118 88 79 73 71 73 79 88 99 112 125 100 92 87 85 87 91 99 109 121 134 112 105 101 99 100 105 111 120 131 143 125 119 115 113 114 118 124 132 141 152
129 28 47 36 82 44 132 121 71 121 89 88 81 52 54 60 47 74 75 83 125 24 43 28 63 59 100 116 67 71 84 63 74 61 67 83 41 66 66 64 71 54 38 23 15 23 38 54 71 88 70 52 35 18 0 18 35 52 70 87 71 54 38 23 15 23 38 54 71 88 75 60 45 33 29 33 45 59 75 91 82 67 55 46 43 46 55 67 81 96 90 77 67 59 57 59 66 77 89 103 99 88 79 73 71 73 78 87 99 111 110 100 92 87 85 86 91 99 109 120 121 112 105 100 99 100 104 111 120 130 133 125 118 114 113 114 117 123 131 141
118 10 31 44 88 32 142 129 62 131 73 100 84 35 52 43 30 57 85 89 114 8 26 38 70 59 110 119 55 78 68 72 75 48 67 68 24 52 74 66 88 71 54 38 23 14 23 38 54 71 87 70 52 35 18 0 18 35 52 70 88 71 54 38 23 14 23 38 54 71 91 75 60 45 33 28 33 45 59 75 97 82 67 55 46 42 46 55 67 81 104 90 77 66 59 56 59 66 76 89 112 99 88 79 73 70 72 78 87 98 122 110 99 91 86 84 86 91 98 108 132 121 112 105 100 98 99 104 110 119 143 133 124 118 114 112 113 117 123 131
108 8 16 56 97 27 152 139 57 143 57 113 90 18 55 26 14 39 96 97 104 13 10 52 80 64 122 124 46 88 52 83 81 39 71 54 10 41 85 73 105 88 71 54 38 23 14 23 38 54 104 87 70 52 35 18 0 18 35 52 105 88 71 54 38 23 14 23 38 54 108 91 75 59 45 33 28 33 45 59 113 97 81 67 55 46 42 46 54 67 119 104 90 77 66 59 56 59 66 76 126 112 99 88 78 72 70 72 78 87 134 121 109 99 91 86 84 85 90 98 144 131 121 111 104 99 98 99 103 110 154 142 132 124 117 113 112 113 116 122
100 25 13 70 108 33 164 151 57 156 43 128 98 7 64 10 10 22 109 108 97 29 12 67 92 73 135 131 42 100 39 96 90 36 79 43 15 36 98 82 122 105 88 71 54 38 23 14 23 38 122 104 87 70 52 35 18 0 18 35 122 105 88 71 54 38 23 14 23 38 125 108 91 75 59 45 33 28 33 45 129 112 97 81 67 55 46 42 45 54 134 118 104 89 77 66 59 56 58 65 140 126 112 99 87 78 72 70 72 77 148 134 121 109 99 91 85 83 85 90 156 143 131 120 111 104 99 97 99 103 166 153 142 132 123 117 113 111 112 116
95 43 27 86 120 45 177 163 62 170 33 142 109 19 75 13 25 6 123 120 93 47 29 83 106 84 149 140 45 113 29 110 100 42 90 37 31 39 112 94 140 122 105 88 71 54 38 23 14 23 139 122 104 87 70 52 35 18 0 18 140 122 105 88 71 54 38 23 14 23 142 125 108 91 75 59 45 33 28 33 145 129 112 97 81 67 54 45 42 45 150 134 118 103 89 76 66 58 55 58 156 140 126 112 99 87 78 72 69 71 162 148 134 121 109 98 90 85 83 85 170 156 143 131 120 110 103 99 97 98 179 165 153 141 131 123 116 112 110 112
93 60 43 102 133 59 191 176 71 184 29 158 121 36 88 29 42 14 138 134 91 64 46 100 120 97 164 150 54 127 28 125 113 52 102 38 48 48 127 107 157 140 122 105 88 71 54 38 23 14 156 139 122 104 87 70 52 35 18 0 157 140 122 105 88 71 54 38 23 14 159 142 125 108 91 75 59 45 33 28 162 145 129 112 96 81 67 54 45 42 166 150 134 118 103 89 76 65 58 55 171 155 140 125 111 98 87 77 71 69 177 162 148 134 120 108 98 90 85 83 184 170 156 143 130 119 110 103 98 96 192 178 165 152 141 131 122 116 112 110
178 98 118 63 82 104 101 97 120 86 154 56 94 123 93 129 116 144 64 82 173 94 113 62 69 90 70 117 125 72 149 64 92 121 94 146 110 126 65 86 29 34 45 60 75 91 108 125 142 159 15 23 38 54 71 88 105 122 140 157 0 18 35 52 70 87 104 122 139 156 15 23 38 54 71 88 105 122 140 157 29 34 45 60 75 91 108 125 142 159 43 47 55 68 82 97 113 129 145 162 58 60 67 77 90 104 119 134 150 166 72 74 80 88 99 112 126 140 156 171 86 88 93 100 110 122 134 148 162 177 100 102 106 112 121 132 144 156 170 184
163 81 101 47 73 87 102 96 104 88 137 55 83 106 78 111 98 127 56 73 158 76 96 45 58 75 69 110 109 62 132 53 80 104 80 129 92 109 54 73 34 29 34 45 60 75 91 108 125 142 23 15 23 38 54 71 88 105 122 140 18 0 18 35 52 70 87 104 122 139 23 15 23 38 54 71 88 105 122 140 34 29 34 45 60 75 91 108 125 142 47 43 46 55 67 82 97 112 129 145 60 57 60 67 77 90 104 118 134 150 74 72 73 79 88 99 112 126 140 155 88 86 87 92 100 110 121 134 148 162 102 100 101 105 112 121 131 143 156 170
148 64 84 32 67 70 106 97 89 92 120 58 74 89 63 94 81 110 53 68 143 59 80 28 49 62 72 104 92 55 115 46 70 87 68 112 75 92 48 62 45 34 29 34 45 60 75 91 108 125 38 23 15 23 38 54 71 88 105 122 35 18 0 18 35 52 70 87 104 122 38 23 15 23 38 54 71 88 105 122 45 34 29 34 45 60 75 91 108 125 55 46 43 46 55 67 81 97 112 129 67 60 57 60 67 77 90 104 118 134 80 73 71 73 79 88 99 112 126 140 93 87 85 87 92 99 109 121 134 148 106 101 99 101 105 112 121 131 143 156
133 47 68 22 66 53 112 102 74 100 102 67 69 72 50 77 64 93 56 66 129 42 63 15 46 52 79 102 76 54 98 45 62 70 58 95 58 76 47 54 60 45 34 29 33 45 59 75 91 108 54 38 23 15 23 38 54 71 88 105 52 35 18 0 18 35 52 70 87 104 54 38 23 15 23 38 54 71 88 105 60 45 34 29 33 45 59 75 91 108 68 55 46 43 46 55 67 81 97 112 77 67 60 57 59 66 77 89 103 118 88 79 73 71 73 79 88 99 112 125 100 92 87 85 87 91 99 109 121 134 112 105 101 99 100 105 111 120 131 143
120 31 52 22 69 37 120 109 61 110 85 78 67 56 41 60 47 76 63 69 115 26 47 16 49 45 88 102 60 58 80 51 60 54 53 78 41 59 53 50 75 60 45 33 29 33 45 59 75 91 71 54 38 23 15 23 38 54 71 88 70 52 35 18 0 18 35 52 70 87 71 54 38 23 15 23 38 54 71 88 75 60 45 33 29 33 45 59 75 91 82 67 55 46 43 46 55 67 81 96 90 77 67 59 57 59 66 77 89 103 99 88 79 73 71 73 78 87 99 111 110 100 92 87 85 86 91 99 109 120 121 112 105 100 99 100 104 111 120 130
107 18 38 34 76 22 131 118 50 121 68 91 70 40 38 43 30 59 74 76 103 12 32 30 58 45 100 105 45 66 63 61 62 39 53 62 24 44 63 53 91 75 60 45 33 28 33 45 59 75 88 71 54 38 23 14 23 38 54 71 87 70 52 35 18 0 18 35 52 70 88 71 54 38 23 14 23 38 54 71 91 75 60 45 33 28 33 45 59 75 97 82 67 55 46 42 46 55 67 81 104 90 77 66 59 56 59 66 76 89 112 99 88 79 73 70 72 78 87 98 122 110 99 91 86 84 86 91 98 108 132 121 112 105 100 98 99 104 110 119
96 17 28 49 86 13 142 129 43 134 52 106 77 27 43 26 13 43 87 86 93 15 22 46 70 52 113 111 33 78 47 74 69 27 58 46 8 30 76 61 108 91 75 59 45 33 28 33 45 59 105 88 71 54 38 23 14 23 38 54 104 87 70 52 35 18 0 18 35 52 105 88 71 54 38 23 14 23 38 54 108 91 75 59 45 33 28 33 45 59 113 97 81 67 55 46 42 46 54 67 119 104 90 77 66 59 56 59 66 76 126 112 99 88 78 72 70 72 78 87 134 121 109 99 91 86 84 85 90 98 144 131 121 111 104 99 98 99 103 110
88 29 26 65 98 23 155 141 44 148 36 121 87 21 53 11 9 28 101 98 84 31 23 63 84 62 127 119 28 91 30 88 79 23 68 32 14 23 90 72 125 108 91 75 59 45 33 28 33 45 122 105 88 71 54 38 23 14 23 38 122 104 87 70 52 35 18 0 18 35 122 105 88 71 54 38 23 14 23 38 125 108 91 75 59 45 33 28 33 45 129 112 97 81 67 55 46 42 45 54 134 118 104 89 77 66 59 56 58 65 140 126 112 99 87 78 72 70 72 77 148 134 121 109 99 91 85 83 85 90 156 143 131 120 111 104 99 97 99 103
81 45 35 82 111 38 168 154 50 162 21 136 99 27 66 13 25 18 116 112 79 47 35 80 99 75 142 129 33 105 17 103 91 30 80 23 31 27 105 85 142 125 108 91 75 59 45 33 28 33 140 122 105 88 71 54 38 23 14 23 139 122 104 87 70 52 35 18 0 18 140 122 105 88 71 54 38 23 14 23 142 125 108 91 75 59 45 33 28 33 145 129 112 97 81 67 54 45 42 45 150 134 118 103 89 76 66 58 55 58 156 140 126 112 99 87 78 72 69 71 162 148 134 121 109 98 90 85 83 85 170 156 143 131 120 110 103 99 97 98
79 62 49 98 126 55 183 168 61 177 16 152 113 41 81 29 42 22 132 126 77 64 50 97 114 90 158 140 44 121 16 119 105 44 94 26 48 39 121 100 159 142 125 108 91 75 59 45 33 28 157 140 122 105 88 71 54 38 23 14 156 139 122 104 87 70 52 35 18 0 157 140 122 105 88 71 54 38 23 14 159 142 125 108 91 75 59 45 33 28 162 145 129 112 96 81 67 54 45 42 166 150 134 118 103 89 76 65 58 55 171 155 140 125 111 98 87 77 71 69 177 162 148 134 120 108 98 90 85 83 184 170 156 143 130 119 110 103 98 96
172 101 121 60 71 104 87 83 116 72 153 43 84 126 88 130 117 146 53 71 167 96 117 60 61 84 56 105 123 62 148 55 84 119 87 144 111 125 55 79 43 47 55 68 82 97 113 129 145 162 29 34 45 60 75 91 108 125 142 159 15 23 38 54 71 88 105 122 140 157 0 18 35 52 70 87 104 122 139 156 15 23 38 54 71 88 105 122 140 157 29 34 45 60 75 91 108 125 142 159 43 47 55 68 82 97 113 129 145 162 58 60 67 77 90 104 119 134 150 166 72 74 80 88 99 112 126 140 156 171 86 88 93 100 110 122 134 148 162 177
156 84 105 43 61 86 88 82 99 74 136 41 72 109 72 113 100 130 43 61 151 79 100 43 47 68 55 97 106 50 131 42 70 102 72 127 94 107 43 64 47 43 46 55 67 82 97 112 129 145 34 29 34 45 60 75 91 108 125 142 23 15 23 38 54 71 88 105 122 140 18 0 18 35 52 70 87 104 122 139 23 15 23 38 54 71 88 105 122 140 34 29 34 45 60 75 91 108 125 142 47 43 46 55 67 82 97 112 129 145 60 57 60 67 77 90 104 118 134 150 74 72 73 79 88 99 112 126 140 155 88 86 87 92 100 110 121 134 148 162
141 68 89 26 54 69 92 83 83 79 119 46 62 93 56 96 83 113 39 54 136 63 84 26 36 53 58 91 89 42 114 33 58 84 58 110 77 90 34 51 55 46 43 46 55 67 81 97 112 129 45 34 29 34 45 60 75 91 108 125 38 23 15 23 38 54 71 88 105 122 35 18 0 18 35 52 70 87 104 122 38 23 15 23 38 54 71 88 105 122 45 34 29 34 45 60 75 91 108 125 55 46 43 46 55 67 81 97 112 129 67 60 57 60 67 77 90 104 118 134 80 73 71 73 79 88 99 112 126 140 93 87 85 87 92 99 109 121 134 148
125 53 74 10 52 52 100 89 67 88 101 56 55 77 41 80 67 96 43 52 121 48 69 9 32 40 67 88 72 40 97 31 49 67 46 93 61 73 34 41 68 55 46 43 46 55 67 81 97 112 60 45 34 29 33 45 59 75 91 108 54 38 23 15 23 38 54 71 88 105 52 35 18 0 18 35 52 70 87 104 54 38 23 15 23 38 54 71 88 105 60 45 34 29 33 45 59 75 91 108 68 55 46 43 46 55 67 81 97 112 77 67 60 57 59 66 77 89 103 118 88 79 73 71 73 79 88 99 112 125 100 92 87 85 87 91 99 109 121 134
111 40 60 12 56 34 109 97 52 99 84 69 53 62 29 63 50 80 52 56 106 34 55 10 37 32 78 88 55 45 79 39 46 50 39 76 45 56 41 36 82 67 55 46 43 46 55 67 81 96 75 60 45 33 29 33 45 59 75 91 71 54 38 23 15 23 38 54 71 88 70 52 35 18 0 18 35 52 70 87 71 54 38 23 15 23 38 54 71 88 75 60 45 33 29 33 45 59 75 91 82 67 55 46 43 46 55 67 81 96 90 77 67 59 57 59 66 77 89 103 99 88 79 73 71 73 78 87 99 111 110 100 92 87 85 86 91 99 109 120
98 30 48 28 64 17 120 107 39 112 67 84 57 49 24 47 35 64 65 65 93 25 43 27 48 32 91 92 38 55 62 51 49 33 39 58 30 39 54 40 97 82 67 55 46 42 46 55 67 81 91 75 60 45 33 28 33 45 59 75 88 71 54 38 23 14 23 38 54 71 87 70 52 35 18 0 18 35 52 70 88 71 54 38 23 14 23 38 54 71 91 75 60 45 33 28 33 45 59 75 97 82 67 55 46 42 46 55 67 81 104 90 77 66 59 56 59 66 76 89 112 99 88 79 73 70 72 78 87 98 122 110 99 91 86 84 86 91 98 108
85 30 41 45 76 2 133 119 30 126 49 99 66 38 31 33 23 50 79 76 81 27 35 45 62 40 105 98 23 69 45 66 57 17 46 41 21 22 68 50 113 97 81 67 55 46 42 46 54 67 108 91 75 59 45 33 28 33 45 59 105 88 71 54 38 23 14 23 38 54 104 87 70 52 35 18 0 18 35 52 105 88 71 54 38 23 14 23 38 54 108 91 75 59 45 33 28 33 45 59 113 97 81 67 55 46 42 46 54 67 119 104 90 77 66 59 56 59 66 76 126 112 99 88 78 72 70 72 78 87 134 121 109 99 91 86 84 85 90 98
75 38 40 62 89 18 146 132 30 140 32 115 77 34 44 23 21 38 95 90 72 38 36 62 77 53 121 108 14 84 27 82 69 9 58 25 24 9 84 63 129 112 97 81 67 55 46 42 45 54 125 108 91 75 59 45 33 28 33 45 122 105 88 71 54 38 23 14 23 38 122 104 87 70 52 35 18 0 18 35 122 105 88 71 54 38 23 14 23 38 125 108 91 75 59 45 33 28 33 45 129 112 97 81 67 55 46 42 45 54 134 118 104 89 77 66 59 56 58 65 140 126 112 99 87 78 72 70 72 77 148 134 121 109 99 91 85 83 85 90
68 51 46 79 104 36 161 146 39 155 15 132 91 39 59 24 31 31 111 104 66 52 44 79 93 68 136 118 22 99 10 98 82 22 72 11 36 17 100 78 145 129 112 97 81 67 54 45 42 45 142 125 108 91 75 59 45 33 28 33 140 122 105 88 71 54 38 23 14 23 139 122 104 87 70 52 35 18 0 18 140 122 105 88 71 54 38 23 14 23 142 125 108 91 75 59 45 33 28 33 145 129 112 97 81 67 54 45 42 45 150 134 118 103 89 76 66 58 55 58 156 140 126 112 99 87 78 72 69 71 162 148 134 121 109 98 90 85 83 85
65 66 57 97 119 53 175 161 52 171 4 148 105 49 76 35 46 34 127 120 64 68 57 96 109 84 152 131 37 115 8 115 97 39 87 15 51 33 117 93 162 145 129 112 96 81 67 54 45 42 159 142 125 108 91 75 59 45 33 28 157 140 122 105 88 71 54 38 23 14 156 139 122 104 87 70 52 35 18 0 157 140 122 105 88 71 54 38 23 14 159 142 125 108 91 75 59 45 33 28 162 145 129 112 96 81 67 54 45 42 166 150 134 118 103 89 76 65 58 55 171 155 140 125 111 98 87 77 71 69 177 162 148 134 120 108 98 90 85 83
167 106 127 61 62 105 73 70 113 58 154 29 76 130 85 133 120 150 43 61 162 101 122 62 55 80 43 94 122 54 149 49 77 119 82 144 115 124 48 74 58 60 67 77 90 104 119 134 150 166 43 47 55 68 82 97 113 129 145 162 29 34 45 60 75 91 108 125 142 159 15 23 38 54 71 88 105 122 140 157 0 18 35 52 70 87 104 122 139 156 15 23 38 54 71 88 105 122 140 157 29 34 45 60 75 91 108 125 142 159 43 47 55 68 82 97 113 129 145 162 58 60 67 77 90 104 119 134 150 166 72 74 80 88 99 112 126 140 156 171
151 90 111 44 49 88 74 67 96 60 137 26 62 115 68 117 104 134 31 49 146 85 106 46 39 63 41 84 105 40 132 33 62 101 65 127 98 107 33 57 60 57 60 67 77 90 104 118 134 150 47 43 46 55 67 82 97 112 129 145 34 29 34 45 60 75 91 108 125 142 23 15 23 38 54 71 88 105 122 140 18 0 18 35 52 70 87 104 122 139 23 15 23 38 54 71 88 105 122 140 34 29 34 45 60 75 91 108 125 142 47 43 46 55 67 82 97 112 129 145 60 57 60 67 77 90 104 118 134 150 74 72 73 79 88 99 112 126 140 155
135 75 96 27 40 71 79 70 79 67 119 34 50 99 51 100 88 117 25 40 130 70 91 30 25 46 46 77 88 29 115 20 48 84 50 110 82 90 21 42 67 60 57 60 67 77 90 104 118 134 55 46 43 46 55 67 81 97 112 129 45 34 29 34 45 60 75 91 108 125 38 23 15 23 38 54 71 88 105 122 35 18 0 18 35 52 70 87 104 122 38 23 15 23 38 54 71 88 105 122 45 34 29 34 45 60 75 91 108 125 55 46 43 46 55 67 81 97 112 129 67 60 57 60 67 77 90 104 118 134 80 73 71 73 79 88 99 112 126 140
119 62 82 12 38 54 87 76 62 77 102 47 41 84 34 84 72 102 30 38 114 56 77 18 18 31 56 74 70 26 98 18 37 67 35 92 67 73 20 29 77 67 60 57 59 66 77 89 103 118 68 55 46 43 46 55 67 81 97 112 60 45 34 29 33 45 59 75 91 108 54 38 23 15 23 38 54 71 88 105 52 35 18 0 18 35 52 70 87 104 54 38 23 15 23 38 54 71 88 105 60 45 34 29 33 45 59 75 91 108 68 55 46 43 46 55 67 81 97 112 77 67 60 57 59 66 77 89 103 118 88 79 73 71 73 79 88 99 112 125
103 51 70 13 43 38 98 85 46 90 85 62 39 71 19 69 57 86 43 43 99 45 64 19 26 19 69 74 53 33 81 29 32 50 26 75 53 55 31 22 90 77 67 59 57 59 66 77 89 103 82 67 55 46 43 46 55 67 81 96 75 60 45 33 29 33 45 59 75 91 71 54 38 23 15 23 38 54 71 88 70 52 35 18 0 18 35 52 70 87 71 54 38 23 15 23 38 54 71 88 75 60 45 33 29 33 45 59 75 91 82 67 55 46 43 46 55 67 81 96 90 77 67 59 57 59 66 77 89 103 99 88 79 73 71 73 78 87 99 111
89 44 60 29 54 23 111 97 30 103 68 78 45 59 10 55 45 72 58 54 84 39 54 32 40 19 83 79 36 47 64 45 36 33 26 58 41 38 47 28 104 90 77 66 59 56 59 66 76 89 97 82 67 55 46 42 46 55 67 81 91 75 60 45 33 28 33 45 59 75 88 71 54 38 23 14 23 38 54 71 87 70 52 35 18 0 18 35 52 70 88 71 54 38 23 14 23 38 54 71 91 75 60 45 33 28 33 45 59 75 97 82 67 55 46 42 46 55 67 81 104 90 77 66 59 56 59 66 76 89 112 99 88 79 73 70 72 78 87 98
75 43 54 45 67 15 124 110 17 118 51 94 55 51 22 43 36 59 74 68 71 40 49 47 56 31 99 86 18 62 47 61 47 16 36 41 35 21 63 41 119 104 90 77 66 59 56 59 66 76 113 97 81 67 55 46 42 46 54 67 108 91 75 59 45 33 28 33 45 59 105 88 71 54 38 23 14 23 38 54 104 87 70 52 35 18 0 18 35 52 105 88 71 54 38 23 14 23 38 54 108 91 75 59 45 33 28 33 45 59 113 97 81 67 55 46 42 46 54 67 119 104 90 77 66 59 56 59 66 76 126 112 99 88 78 72 70 72 78 87
64 49 53 62 82 24 139 124 18 134 34 111 68 48 38 36 35 50 90 82 60 48 49 64 72 47 115 97 1 78 31 78 60 7 50 24 36 7 80 56 134 118 104 89 77 66 59 56 58 65 129 112 97 81 67 55 46 42 45 54 125 108 91 75 59 45 33 28 33 45 122 105 88 71 54 38 23 14 23 38 122 104 87 70 52 35 18 0 18 35 122 105 88 71 54 38 23 14 23 38 125 108 91 75 59 45 33 28 33 45 129 112 97 81 67 55 46 42 45 54 134 118 104 89 77 66 59 56 58 65 140 126 112 99 87 78 72 70 72 77
55 60 58 80 98 39 154 139 31 149 19 128 83 51 55 37 41 45 107 98 52 60 56 81 89 63 131 109 17 95 18 95 76 22 66 8 45 16 96 72 150 134 118 103 89 76 66 58 55 58 145 129 112 97 81 67 54 45 42 45 142 125 108 91 75 59 45 33 28 33 140 122 105 88 71 54 38 23 14 23 139 122 104 87 70 52 35 18 0 18 140 122 105 88 71 54 38 23 14 23 142 125 108 91 75 59 45 33 28 33 145 129 112 97 81 67 54 45 42 45 150 134 118 103 89 76 66 58 55 58 156 140 126 112 99 87 78 72 69 71
52 73 67 97 114 55 169 154 46 165 13 145 99 59 72 45 53 47 124 114 50 74 66 98 106 80 148 122 35 111 17 112 92 39 82 14 58 33 114 89 166 150 134 118 103 89 76 65 58 55 162 145 129 112 96 81 67 54 45 42 159 142 125 108 91 75 59 45 33 28 157 140 122 105 88 71 54 38 23 14 156 139 122 104 87 70 52 35 18 0 157 140 122 105 88 71 54 38 23 14 159 142 125 108 91 75 59 45 33 28 162 145 129 112 96 81 67 54 45 42 166 150 134 118 103 89 76 65 58 55 171 155 140 125 111 98 87 77 71 69
163 112 133 64 54 108 59 56 113 43 156 18 70 136 85 138 125 155 37 54 158 107 128 67 52 78 30 83 123 49 151 46 72 120 79 145 120 126 45 71 72 74 80 88 99 112 126 140 156 171 58 60 67 77 90 104 119 134 150 166 43 47 55 68 82 97 113 129 145 162 29 34 45 60 75 91 108 125 142 159 15 23 38 54 71 88 105 122 140 157 0 18 35 52 70 87 104 122 139 156 15 23 38 54 71 88 105 122 140 157 29 34 45 60 75 91 108 125 142 159 43 47 55 68 82 97 113 129 145 162 58 60 67 77 90 104 119 134 150 166
147 98 119 48 39 91 60 53 95 46 138 13 54 121 68 122 109 139 21 39 142 92 113 53 35 61 26 72 106 33 134 29 56 103 62 128 104 109 28 54 74 72 73 79 88 99 112 126 140 155 60 57 60 67 77 90 104 118 134 150 47 43 46 55 67 82 97 112 129 145 34 29 34 45 60 75 91 108 125 142 23 15 23 38 54 71 88 105 122 140 18 0 18 35 52 70 87 104 122 139 23 15 23 38 54 71 88 105 122 140 34 29 34 45 60 75 91 108 125 142 47 43 46 55 67 82 97 112 129 145 60 57 60 67 77 90 104 118 134 150
130 84 105 34 27 75 66 56 78 55 122 25 40 107 51 106 94 123 11 27 125 78 99 40 17 44 34 64 89 18 117 12 40 86 45 111 89 92 11 37 80 73 71 73 79 88 99 112 126 140 67 60 57 60 67 77 90 104 118 134 55 46 43 46 55 67 81 97 112 129 45 34 29 34 45 60 75 91 108 125 38 23 15 23 38 54 71 88 105 122 35 18 0 18 35 52 70 87 104 122 38 23 15 23 38 54 71 88 105 122 45 34 29 34 45 60 75 91 108 125 55 46 43 46 55 67 81 97 112 129 67 60 57 60 67 77 90 104 118 134
113 72 92 24 24 59 76 64 61 67 105 41 28 93 33 91 80 108 20 24 109 66 86 32 4 26 47 60 72 12 101 7 25 70 28 94 75 75 9 20 88 79 73 71 73 79 88 99 112 125 77 67 60 57 59 66 77 89 103 118 68 55 46 43 46 55 67 81 97 112 60 45 34 29 33 45 59 75 91 108 54 38 23 15 23 38 54 71 88 105 52 35 18 0 18 35 52 70 87 104 54 38 23 15 23 38 54 71 88 105 60 45 34 29 33 45 59 75 91 108 68 55 46 43 46 55 67 81 97 112 77 67 60 57 59 66 77 89 103 118
97 63 81 25 32 45 88 75 43 81 88 58 25 81 16 77 67 94 36 32 92 57 75 32 19 9 62 60 55 25 84 24 18 53 13 77 63 59 26 8 99 88 79 73 71 73 78 87 99 111 90 77 67 59 57 59 66 77 89 103 82 67 55 46 43 46 55 67 81 96 75 60 45 33 29 33 45 59 75 91 71 54 38 23 15 23 38 54 71 88 70 52 35 18 0 18 35 52 70 87 71 54 38 23 15 23 38 54 71 88 75 60 45 33 29 33 45 59 75 91 82 67 55 46 43 46 55 67 81 96 90 77 67 59 57 59 66 77 89 103
82 57 73 35 45 34 102 88 26 96 72 75 33 71 5 65 56 81 53 45 77 52 67 41 36 10 78 66 38 41 68 42 24 38 14 61 53 43 43 19 112 99 88 79 73 70 72 78 87 98 104 90 77 66 59 56 59 66 76 89 97 82 67 55 46 42 46 55 67 81 91 75 60 45 33 28 33 45 59 75 88 71 54 38 23 14 23 38 54 71 87 70 52 35 18 0 18 35 52 70 88 71 54 38 23 14 23 38 54 71 91 75 60 45 33 28 33 45 59 75 97 82 67 55 46 42 46 55 67 81 104 90 77 66 59 56 59 66 76 89
67 57 68 50 61 29 117 102 9 112 56 92 46 64 20 55 49 70 70 61 62 53 63 54 53 27 94 75 23 58 53 59 39 25 28 45 48 28 60 35 126 112 99 88 78 72 70 72 78 87 119 104 90 77 66 59 56 59 66 76 113 97 81 67 55 46 42 46 54 67 108 91 75 59 45 33 28 33 45 59 105 88 71 54 38 23 14 23 38 54 104 87 70 52 35 18 0 18 35 52 105 88 71 54 38 23 14 23 38 54 108 91 75 59 45 33 28 33 45 59 113 97 81 67 55 46 42 46 54 67 119 104 90 77 66 59 56 59 66 76
53 62 67 66 77 34 132 117 10 128 42 109 62 62 37 50 48 62 87 77 49 59 63 69 70 44 111 87 14 75 39 76 55 20 45 30 50 20 78 52 140 126 112 99 87 78 72 70 72 77 134 118 104 89 77 66 59 56 58 65 129 112 97 81 67 55 46 42 45 54 125 108 91 75 59 45 33 28 33 45 122 105 88 71 54 38 23 14 23 38 122 104 87 70 52 35 18 0 18 35 122 105 88 71 54 38 23 14 23 38 125 108 91 75 59 45 33 28 33 45 129 112 97 81 67 55 46 42 45 54 134 118 104 89 77 66 59 56 58 65
43 70 71 82 94 46 148 133 27 145 30 126 78 64 55 50 53 59 104 94 40 69 68 85 88 61 128 100 22 92 30 93 71 29 62 20 56 25 95 70 156 140 126 112 99 87 78 72 69 71 150 134 118 103 89 76 66 58 55 58 145 129 112 97 81 67 54 45 42 45 142 125 108 91 75 59 45 33 28 33 140 122 105 88 71 54 38 23 14 23 139 122 104 87 70 52 35 18 0 18 140 122 105 88 71 54 38 23 14 23 142 125 108 91 75 59 45 33 28 33 145 129 112 97 81 67 54 45 42 45 150 134 118 103 89 76 66 58 55 58
38 82 78 99 110 60 164 149 44 161 27 143 94 71 72 56 63 60 122 111 36 82 76 101 105 79 145 114 37 109 30 111 88 43 79 23 67 38 112 87 171 155 140 125 111 98 87 77 71 69 166 150 134 118 103 89 76 65 58 55 162 145 129 112 96 81 67 54 45 42 159 142 125 108 91 75 59 45 33 28 157 140 122 105 88 71 54 38 23 14 156 139 122 104 87 70 52 35 18 0 157 140 122 105 88 71 54 38 23 14 159 142 125 108 91 75 59 45 33 28 162 145 129 112 96 81 67 54 45 42 166 150 134 118 103 89 76 65 58 55
161 120 141 71 50 112 44 43 113 29 159 14 66 143 87 143 131 161 36 49 156 114 135 75 53 79 18 74 125 48 154 48 70 123 78 148 126 129 46 71 86 88 93 100 110 122 134 148 162 177 72 74 80 88 99 112 126 140 156 171 58 60 67 77 90 104 119 134 150 166 43 47 55 68 82 97 113 129 145 162 29 34 45 60 75 91 108 125 142 159 15 23 38 54 71 88 105 122 140 157 0 18 35 52 70 87 104 122 139 156 15 23 38 54 71 88 105 122 140 157 29 34 45 60 75 91 108 125 142 159 43 47 55 68 82 97 113 129 145 162
144 106 127 57 33 97 46 39 96 34 142 5 49 129 70 128 116 145 19 33 139 101 122 62 36 62 13 61 109 31 138 31 53 107 61 131 111 112 29 53 88 86 87 92 100 110 121 134 148 162 74 72 73 79 88 99 112 126 140 155 60 57 60 67 77 90 104 118 134 150 47 43 46 55 67 82 97 112 129 145 34 29 34 45 60 75 91 108 125 142 23 15 23 38 54 71 88 105 122 140 18 0 18 35 52 70 87 104 122 139 23 15 23 38 54 71 88 105 122 140 34 29 34 45 60 75 91 108 125 142 47 43 46 55 67 82 97 112 129 145
126 94 114 45 17 81 54 43 79 45 125 22 33 115 54 113 102 131 4 17 122 88 109 51 20 45 24 51 92 14 122 17 36 91 44 115 97 96 14 36 93 87 85 87 92 99 109 121 134 148 80 73 71 73 79 88 99 112 126 140 67 60 57 60 67 77 90 104 118 134 55 46 43 46 55 67 81 97 112 129 45 34 29 34 45 60 75 91 108 125 38 23 15 23 38 54 71 88 105 122 35 18 0 18 35 52 70 87 104 122 38 23 15 23 38 54 71 88 105 122 45 34 29 34 45 60 75 91 108 125 55 46 43 46 55 67 81 97 112 129
110 84 103 38 10 67 66 52 62 59 109 39 17 103 38 99 89 117 18 10 105 78 97 45 11 29 41 46 76 6 105 14 19 75 27 98 85 80 13 19 100 92 87 85 87 91 99 109 121 134 88 79 73 71 73 79 88 99 112 125 77 67 60 57 59 66 77 89 103 118 68 55 46 43 46 55 67 81 97 112 60 45 34 29 33 45 59 75 91 108 54 38 23 15 23 38 54 71 88 105 52 35 18 0 18 35 52 70 87 104 54 38 23 15 23 38 54 71 88 105 60 45 34 29 33 45 59 75 91 108 68 55 46 43 46 55 67 81 97 112
93 76 93 38 23 55 80 65 45 75 93 56 12 92 24 87 77 104 35 24 88 70 87 45 21 15 57 47 60 22 90 27 4 60 10 82 74 65 28 7 110 100 92 87 85 86 91 99 109 120 99 88 79 73 71 73 78 87 99 111 90 77 67 59 57 59 66 77 89 103 82 67 55 46 43 46 55 67 81 96 75 60 45 33 29 33 45 59 75 91 71 54 38 23 15 23 38 54 71 88 70 52 35 18 0 18 35 52 70 87 71 54 38 23 15 23 38 54 71 88 75 60 45 33 29 33 45 59 75 91 82 67 55 46 43 46 55 67 81 96
76 71 86 46 40 46 95 80 29 91 78 74 24 83 19 76 68 92 52 40 71 66 80 52 37 15 74 54 45 39 75 43 18 47 10 66 66 51 44 18 122 110 99 91 86 84 86 91 98 108 112 99 88 79 73 70 72 78 87 98 104 90 77 66 59 56 59 66 76 89 97 82 67 55 46 42 46 55 67 81 91 75 60 45 33 28 33 45 59 75 88 71 54 38 23 14 23 38 54 71 87 70 52 35 18 0 18 35 52 70 88 71 54 38 23 14 23 38 54 71 91 75 60 45 33 28 33 45 59 75 97 82 67 55 46 42 46 55 67 81
60 71 82 58 57 43 110 96 16 108 64 91 41 78 27 68 63 82 69 57 55 67 77 63 54 29 91 65 34 57 61 60 35 37 27 52 62 39 61 35 134 121 109 99 91 86 84 85 90 98 126 112 99 88 78 72 70 72 78 87 119 104 90 77 66 59 56 59 66 76 113 97 81 67 55 46 42 46 54 67 108 91 75 59 45 33 28 33 45 59 105 88 71 54 38 23 14 23 38 54 104 87 70 52 35 18 0 18 35 52 105 88 71 54 38 23 14 23 38 54 108 91 75 59 45 33 28 33 45 59 113 97 81 67 55 46 42 46 54 67
45 75 81 72 74 47 127 112 17 124 51 108 58 76 41 63 62 76 87 74 40 72 77 76 71 46 109 78 28 74 50 77 52 34 44 40 63 34 78 52 148 134 121 109 99 91 85 83 85 90 140 126 112 99 87 78 72 70 72 77 134 118 104 89 77 66 59 56 58 65 129 112 97 81 67 55 46 42 45 54 125 108 91 75 59 45 33 28 33 45 122 105 88 71 54 38 23 14 23 38 122 104 87 70 52 35 18 0 18 35 122 105 88 71 54 38 23 14 23 38 125 108 91 75 59 45 33 28 33 45 129 112 97 81 67 55 46 42 45 54
31 82 84 87 91 56 143 128 30 141 43 126 75 78 57 64 66 72 104 91 27 80 81 90 88 62 126 93 33 91 43 94 69 40 61 34 68 37 95 69 162 148 134 121 109 98 90 85 83 85 156 140 126 112 99 87 78 72 69 71 150 134 118 103 89 76 66 58 55 58 145 129 112 97 81 67 54 45 42 45 142 125 108 91 75 59 45 33 28 33 140 122 105 88 71 54 38 23 14 23 139 122 104 87 70 52 35 18 0 18 140 122 105 88 71 54 38 23 14 23 142 125 108 91 75 59 45 33 28 33 145 129 112 97 81 67 54 45 42 45
24 92 90 103 108 68 159 145 46 158 40 143 92 83 74 69 74 73 121 109 23 91 88 106 105 80 143 108 44 109 43 111 87 51 79 35 77 47 113 87 177 162 148 134 120 108 98 90 85 83 171 155 140 125 111 98 87 77 71 69 166 150 134 118 103 89 76 65 58 55 162 145 129 112 96 81 67 54 45 42 159 142 125 108 91 75 59 45 33 28 157 140 122 105 88 71 54 38 23 14 156 139 122 104 87 70 52 35 18 0 157 140 122 105 88 71 54 38 23 14 159 142 125 108 91 75 59 45 33 28 162 145 129 112 96 81 67 54 45 42
159 129 150 79 49 119 30 30 116 15 163 22 66 151 91 150 138 168 40 49 154 123 144 84 57 82 14 66 129 51 159 53 71 128 80 152 134 133 51 73 100 102 106 112 121 132 144 156 170 184 86 88 93 100 110 122 134 148 162 177 72 74 80 88 99 112 126 140 156 171 58 60 67 77 90 104 119 134 150 166 43 47 55 68 82 97 113 129 145 162 29 34 45 60 75 91 108 125 142 159 15 23 38 54 71 88 105 122 140 157 0 18 35 52 70 87 104 122 139 156 15 23 38 54 71 88 105 122 140 157 29 34 45 60 75 91 108 125 142 159
142 116 137 67 32 104 33 25 99 23 146 18 48 138 75 136 124 153 26 32 137 110 131 73 43 66 5 51 113 35 143 39 54 112 64 135 120 117 37 57 102 100 101 105 112 121 131 143 156 170 88 86 87 92 100 110 121 134 148 162 74 72 73 79 88 99 112 126 140 155 60 57 60 67 77 90 104 118 134 150 47 43 46 55 67 82 97 112 129 145 34 29 34 45 60 75 91 108 125 142 23 15 23 38 54 71 88 105 122 140 18 0 18 35 52 70 87 104 122 139 23 15 23 38 54 71 88 105 122 140 34 29 34 45 60 75 91 108 125 142
125 105 125 57 15 90 44 31 83 37 131 28 31 125 60 122 111 139 18 15 120 99 119 64 30 51 22 39 97 22 127 29 37 97 47 119 107 102 27 41 106 101 99 101 105 112 121 131 143 156 93 87 85 87 92 99 109 121 134 148 80 73 71 73 79 88 99 112 126 140 67 60 57 60 67 77 90 104 118 134 55 46 43 46 55 67 81 97 112 129 45 34 29 34 45 60 75 91 108 125 38 23 15 23 38 54 71 88 105 122 35 18 0 18 35 52 70 87 104 122 38 23 15 23 38 54 71 88 105 122 45 34 29 34 45 60 75 91 108 125
107 96 114 52 7 77 58 43 67 54 115 43 14 114 46 109 99 126 25 7 103 90 108 59 25 37 39 32 82 18 112 27 21 82 32 104 95 87 26 28 112 105 101 99 100 105 111 120 131 143 100 92 87 85 87 91 99 109 121 134 88 79 73 71 73 79 88 99 112 125 77 67 60 57 59 66 77 89 103 118 68 55 46 43 46 55 67 81 97 112 60 45 34 29 33 45 59 75 91 108 54 38 23 15 23 38 54 71 88 105 52 35 18 0 18 35 52 70 87 104 54 38 23 15 23 38 54 71 88 105 60 45 34 29 33 45 59 75 91 108
90 89 105 52 22 67 73 58 51 71 100 59 6 104 36 97 89 114 39 22 85 83 100 59 31 28 56 33 68 28 97 36 11 69 21 88 86 73 35 21 121 112 105 100 99 100 104 111 120 130 110 100 92 87 85 86 91 99 109 120 99 88 79 73 71 73 78 87 99 111 90 77 67 59 57 59 66 77 89 103 82 67 55 46 43 46 55 67 81 96 75 60 45 33 29 33 45 59 75 91 71 54 38 23 15 23 38 54 71 88 70 52 35 18 0 18 35 52 70 87 71 54 38 23 15 23 38 54 71 88 75 60 45 33 29 33 45 59 75 91
73 85 99 57 39 60 89 74 38 88 86 76 22 96 33 88 81 103 55 39 68 80 94 64 44 28 74 43 55 43 84 49 20 57 21 74 79 61 49 27 132 121 112 105 100 98 99 104 110 119 122 110 99 91 86 84 86 91 98 108 112 99 88 79 73 70 72 78 87 98 104 90 77 66 59 56 59 66 76 89 97 82 67 55 46 42 46 55 67 81 91 75 60 45 33 28 33 45 59 75 88 71 54 38 23 14 23 38 54 71 87 70 52 35 18 0 18 35 52 70 88 71 54 38 23 14 23 38 54 71 91 75 60 45 33 28 33 45 59 75
56 85 95 67 56 57 106 91 29 105 73 93 39 91 38 81 77 95 72 57 51 81 90 73 59 37 91 56 46 59 72 64 36 50 32 62 76 52 65 40 144 131 121 111 104 99 98 99 103 110 134 121 109 99 91 86 84 85 90 98 126 112 99 88 78 72 70 72 78 87 119 104 90 77 66 59 56 59 66 76 113 97 81 67 55 46 42 46 54 67 108 91 75 59 45 33 28 33 45 59 105 88 71 54 38 23 14 23 38 54 104 87 70 52 35 18 0 18 35 52 105 88 71 54 38 23 14 23 38 54 108 91 75 59 45 33 28 33 45 59
39 88 95 80 74 60 122 108 29 122 63 110 57 90 49 77 76 89 88 74 34 85 90 85 75 51 108 71 42 76 62 80 53 48 48 52 77 48 81 56 156 143 131 120 111 104 99 97 99 103 148 134 121 109 99 91 85 83 85 90 140 126 112 99 87 78 72 70 72 77 134 118 104 89 77 66 59 56 58 65 129 112 97 81 67 55 46 42 45 54 125 108 91 75 59 45 33 28 33 45 122 105 88 71 54 38 23 14 23 38 122 104 87 70 52 35 18 0 18 35 122 105 88 71 54 38 23 14 23 38 125 108 91 75 59 45 33 28 33 45
23 94 97 94 91 67 139 125 38 139 56 127 74 91 63 77 79 86 105 91 18 92 94 98 91 67 125 87 45 93 57 97 70 52 64 47 81 50 98 72 170 156 143 131 120 110 103 99 97 98 162 148 134 121 109 98 90 85 83 85 156 140 126 112 99 87 78 72 69 71 150 134 118 103 89 76 66 58 55 58 145 129 112 97 81 67 54 45 42 45 142 125 108 91 75 59 45 33 28 33 140 122 105 88 71 54 38 23 14 23 139 122 104 87 70 52 35 18 0 18 140 122 105 88 71 54 38 23 14 23 142 125 108 91 75 59 45 33 28 33
11 103 103 109 108 77 156 142 52 156 54 144 91 96 79 81 86 87 123 108 9 101 100 112 108 83 143 103 54 110 56 114 87 61 81 48 89 57 115 89 184 170 156 143 130 119 110 103 98 96 177 162 148 134 120 108 98 90 85 83 171 155 140 125 111 98 87 77 71 69 166 150 134 118 103 89 76 65 58 55 162 145 129 112 96 81 67 54 45 42 159 142 125 108 91 75 59 45 33 28 157 140 122 105 88 71 54 38 23 14 156 139 122 104 87 70 52 35 18 0 157 140 122 105 88 71 54 38 23 14 159 142 125 108 91 75 59 45 33 28
159 139 159 89 52 126 16 20 120 1 168 35 68 160 97 158 147 175 48 52 154 133 153 95 65 88 22 61 135 58 164 61 75 134 85 157 142 139 59 78 115 116 119 125 133 143 154 166 179 192 100 102 106 112 121 132 144 156 170 184 86 88 93 100 110 122 134 148 162 177 72 74 80 88 99 112 126 140 156 171 58 60 67 77 90 104 119 134 150 166 43 47 55 68 82 97 113 129 145 162 29 34 45 60 75 91 108 125 142 159 15 23 38 54 71 88 105 122 140 157 0 18 35 52 70 87 104 122 139 156 15 23 38 54 71 88 105 122 140 157
142 127 147 78 37 112 22 11 104 17 152 32 51 147 82 144 133 161 37 37 137 121 141 85 52 73 18 44 119 44 149 50 59 119 69 141 129 124 47 63 116 114 115 119 125 133 142 153 165 178 102 100 101 105 112 121 131 143 156 170 88 86 87 92 100 110 121 134 148 162 74 72 73 79 88 99 112 126 140 155 60 57 60 67 77 90 104 118 134 150 47 43 46 55 67 82 97 112 129 145 34 29 34 45 60 75 91 108 125 142 23 15 23 38 54 71 88 105 122 140 18 0 18 35 52 70 87 104 122 139 23 15 23 38 54 71 88 105 122 140
124 117 136 70 24 99 36 21 88 35 137 38 36 136 69 131 121 148 33 24 120 111 130 77 43 59 27 29 104 34 134 42 44 104 54 125 117 109 40 50 119 115 114 115 118 124 132 142 153 165 106 101 99 101 105 112 121 131 143 156 93 87 85 87 92 99 109 121 134 148 80 73 71 73 79 88 99 112 126 140 67 60 57 60 67 77 90 104 118 134 55 46 43 46 55 67 81 97 112 129 45 34 29 34 45 60 75 91 108 125 38 23 15 23 38 54 71 88 105 122 35 18 0 18 35 52 70 87 104 122 38 23 15 23 38 54 71 88 105 122
107 108 126 66 20 88 52 37 73 52 122 50 22 125 57 119 110 136 37 20 102 103 120 73 39 48 42 18 90 32 119 41 31 91 42 111 107 95 40 39 125 119 115 113 114 118 124 132 141 152 112 105 101 99 100 105 111 120 131 143 100 92 87 85 87 91 99 109 121 134 88 79 73 71 73 79 88 99 112 125 77 67 60 57 59 66 77 89 103 118 68 55 46 43 46 55 67 81 97 112 60 45 34 29 33 45 59 75 91 108 54 38 23 15 23 38 54 71 88 105 52 35 18 0 18 35 52 70 87 104 54 38 23 15 23 38 54 71 88 105
90 102 118 66 29 79 69 54 60 69 108 64 18 116 49 109 101 125 47 29 85 97 113 73 43 41 59 21 77 38 106 47 25 79 34 97 99 83 46 35 133 125 118 114 113 114 117 123 131 141 121 112 105 100 99 100 104 111 120 130 110 100 92 87 85 86 91 99 109 120 99 88 79 73 71 73 78 87 99 111 90 77 67 59 57 59 66 77 89 103 82 67 55 46 43 46 55 67 81 96 75 60 45 33 29 33 45 59 75 91 71 54 38 23 15 23 38 54 71 88 70 52 35 18 0 18 35 52 70 87 71 54 38 23 15 23 38 54 71 88
72 99 112 70 43 73 86 71 49 87 95 80 28 109 47 100 94 115 61 43 68 94 107 77 53 41 75 34 66 50 93 58 30 69 34 84 93 72 57 39 143 133 124 118 114 112 113 117 123 131 132 121 112 105 100 98 99 104 110 119 122 110 99 91 86 84 86 91 98 108 112 99 88 79 73 70 72 78 87 98 104 90 77 66 59 56 59 66 76 89 97 82 67 55 46 42 46 55 67 81 91 75 60 45 33 28 33 45 59 75 88 71 54 38 23 14 23 38 54 71 87 70 52 35 18 0 18 35 52 70 88 71 54 38 23 14 23 38 54 71
55 98 109 78 59 71 103 88 42 104 84 96 43 105 50 94 90 107 76 59 51 94 104 85 66 48 92 50 59 65 83 71 43 63 42 73 90 65 71 49 154 142 132 124 117 113 112 113 116 122 144 131 121 111 104 99 98 99 103 110 134 121 109 99 91 86 84 85 90 98 126 112 99 88 78 72 70 72 78 87 119 104 90 77 66 59 56 59 66 76 113 97 81 67 55 46 42 46 54 67 108 91 75 59 45 33 28 33 45 59 105 88 71 54 38 23 14 23 38 54 104 87 70 52 35 18 0 18 35 52 105 88 71 54 38 23 14 23 38 54
38 101 109 89 76 73 120 105 42 121 75 113 59 103 59 91 90 102 92 76 33 98 104 95 80 59 109 66 56 80 75 86 57 62 55 65 90 62 86 62 166 153 142 132 123 117 113 111 112 116 156 143 131 120 111 104 99 97 99 103 148 134 121 109 99 91 85 83 85 90 140 126 112 99 87 78 72 70 72 77 134 118 104 89 77 66 59 56 58 65 129 112 97 81 67 55 46 42 45 54 125 108 91 75 59 45 33 28 33 45 122 105 88 71 54 38 23 14 23 38 122 104 87 70 52 35 18 0 18 35 122 105 88 71 54 38 23 14 23 38
21 106 111 102 93 79 137 123 49 138 69 129 76 105 71 91 92 100 109 93 17 104 107 107 96 73 126 83 58 96 70 101 73 65 69 61 94 63 102 77 179 165 153 141 131 123 116 112 110 112 170 156 143 131 120 110 103 99 97 98 162 148 134 121 109 98 90 85 83 85 156 140 126 112 99 87 78 72 69 71 150 134 118 103 89 76 66 58 55 58 145 129 112 97 81 67 54 45 42 45 142 125 108 91 75 59 45 33 28 33 140 122 105 88 71 54 38 23 14 23 139 122 104 87 70 52 35 18 0 18 140 122 105 88 71 54 38 23 14 23
5 114 116 116 110 88 154 140 60 156 68 146 93 109 85 94 98 100 125 110 6 113 113 120 112 88 144 100 65 113 70 118 90 72 85 62 101 69 118 93 192 178 165 152 141 131 122 116 112 110 184 170 156 143 130 119 110 103 98 96 177 162 148 134 120 108 98 90 85 83 171 155 140 125 111 98 87 77 71 69 166 150 134 118 103 89 76 65 58 55 162 145 129 112 96 81 67 54 45 42 159 142 125 108 91 75 59 45 33 28 157 140 122 105 88 71 54 38 23 14 156 139 122 104 87 70 52 35 18 0 157 140 122 105 88 71 54 38 23 14
160 149 169 100 59 135 3 18 126 15 174 48 73 170 105 166 156 184 59 59 155 143 163 106 74 95 35 58 141 67 171 72 81 141 91 163 151 146 69 86 129 130 133 138 145 154 164 176 188 201 115 116 119 125 133 143 154 166 179 192 100 102 106 112 121 132 144 156 170 184 86 88 93 100 110 122 134 148 162 177 72 74 80 88 99 112 126 140 156 171 58 60 67 77 90 104 119 134 150 166 43 47 55 68 82 97 113 129 145 162 29 34 45 60 75 91 108 125 142 159 15 23 38 54 71 88 105 122 140 157 0 18 35 52 70 87 104 122 139 156
143 138 158 90 46 122 15 5 110 23 159 46 58 158 91 153 143 170 50 46 138 132 152 97 64 82 32 41 126 55 156 62 66 127 77 148 139 131 60 72 130 128 129 132 138 145 154 164 175 187 116 114 115 119 125 133 142 153 165 178 102 100 101 105 112 121 131 143 156 170 88 86 87 92 100 110 121 134 148 162 74 72 73 79 88 99 112 126 140 155 60 57 60 67 77 90 104 118 134 150 47 43 46 55 67 82 97 112 129 145 34 29 34 45 60 75 91 108 125 142 23 15 23 38 54 71 88 105 122 140 18 0 18 35 52 70 87 104 122 139
125 129 147 83 36 110 32 19 96 37 144 51 44 147 79 141 132 158 47 36 121 123 141 91 56 70 38 24 112 48 142 56 53 113 64 133 128 117 54 60 133 129 128 129 132 137 144 153 163 175 119 115 114 115 118 124 132 142 153 165 106 101 99 101 105 112 121 131 143 156 93 87 85 87 92 99 109 121 134 148 80 73 71 73 79 88 99 112 126 140 67 60 57 60 67 77 90 104 118 134 55 46 43 46 55 67 81 97 112 129 45 34 29 34 45 60 75 91 108 125 38 23 15 23 38 54 71 88 105 122 35 18 0 18 35 52 70 87 104 122
108 121 138 80 34 100 50 36 82 54 130 60 35 137 69 130 122 146 50 34 104 116 133 87 53 60 50 7 99 46 128 55 43 101 54 119 119 105 53 52 138 132 129 127 128 131 137 144 153 163 125 119 115 113 114 118 124 132 141 152 112 105 101 99 100 105 111 120 131 143 100 92 87 85 87 91 99 109 121 134 88 79 73 71 73 79 88 99 112 125 77 67 60 57 59 66 77 89 103 118 68 55 46 43 46 55 67 81 97 112 60 45 34 29 33 45 59 75 91 108 54 38 23 15 23 38 54 71 88 105 52 35 18 0 18 35 52 70 87 104
91 116 131 80 40 92 67 53 70 71 117 72 32 129 63 121 114 136 58 40 87 111 126 87 56 55 64 12 88 51 115 60 39 90 48 106 111 94 58 49 145 138 132 128 127 127 131 136 143 152 133 125 118 114 113 114 117 123 131 141 121 112 105 100 99 100 104 111 120 130 110 100 92 87 85 86 91 99 109 120 99 88 79 73 71 73 78 87 99 111 90 77 67 59 57 59 66 77 89 103 82 67 55 46 43 46 55 67 81 96 75 60 45 33 29 33 45 59 75 91 71 54 38 23 15 23 38 54 71 88 70 52 35 18 0 18 35 52 70 87
74 113 126 83 51 87 84 70 61 88 106 86 39 123 61 113 108 127 69 51 70 108 121 90 64 55 80 29 78 60 104 68 43 82 48 94 106 84 68 51 154 145 137 131 127 126 127 130 135 143 143 133 124 118 114 112 113 117 123 131 132 121 112 105 100 98 99 104 110 119 122 110 99 91 86 84 86 91 98 108 112 99 88 79 73 70 72 78 87 98 104 90 77 66 59 56 59 66 76 89 97 82 67 55 46 42 46 55 67 81 91 75 60 45 33 28 33 45 59 75 88 71 54 38 23 14 23 38 54 71 87 70 52 35 18 0 18 35 52 70
58 112 123 90 65 85 102 88 56 105 95 102 50 119 64 107 104 120 83 65 54 108 118 97 75 60 96 47 72 72 95 80 52 77 54 85 104 78 80 59 164 154 144 137 131 127 125 126 130 135 154 142 132 124 117 113 112 113 116 122 144 131 121 111 104 99 98 99 103 110 134 121 109 99 91 86 84 85 90 98 126 112 99 88 78 72 70 72 78 87 119 104 90 77 66 59 56 59 66 76 113 97 81 67 55 46 42 46 54 67 108 91 75 59 45 33 28 33 45 59 105 88 71 54 38 23 14 23 38 54 104 87 70 52 35 18 0 18 35 52
42 115 122 100 80 87 119 105 56 122 88 117 65 117 71 105 103 116 98 81 38 111 118 106 88 69 112 64 70 87 88 93 65 75 64 78 104 75 93 71 176 164 153 144 136 130 126 125 126 129 166 153 142 132 123 117 113 111 112 116 156 143 131 120 111 104 99 97 99 103 148 134 121 109 99 91 85 83 85 90 140 126 112 99 87 78 72 70 72 77 134 118 104 89 77 66 59 56 58 65 129 112 97 81 67 55 46 42 45 54 125 108 91 75 59 45 33 28 33 45 122 105 88 71 54 38 23 14 23 38 122 104 87 70 52 35 18 0 18 35
27 119 124 111 96 92 136 122 61 139 83 133 80 118 81 105 106 114 114 97 25 117 120 116 102 81 129 81 72 102 84 108 79 78 77 74 107 77 108 84 188 175 163 153 143 135 130 126 124 125 179 165 153 141 131 123 116 112 110 112 170 156 143 131 120 110 103 99 97 98 162 148 134 121 109 98 90 85 83 85 156 140 126 112 99 87 78 72 69 71 150 134 118 103 89 76 66 58 55 58 145 129 112 97 81 67 54 45 42 45 142 125 108 91 75 59 45 33 28 33 140 122 105 88 71 54 38 23 14 23 139 122 104 87 70 52 35 18 0 18
18 126 128 124 113 99 154 140 70 156 81 150 96 122 93 108 111 114 130 113 20 124 125 129 117 95 146 99 77 117 84 123 95 84 91 75 113 81 123 99 201 187 175 163 152 143 135 129 125 124 192 178 165 152 141 131 122 116 112 110 184 170 156 143 130 119 110 103 98 96 177 162 148 134 120 108 98 90 85 83 171 155 140 125 111 98 87 77 71 69 166 150 134 118 103 89 76 65 58 55 162 145 129 112 96 81 67 54 45 42 159 142 125 108 91 75 59 45 33 28 157 140 122 105 88 71 54 38 23 14 156 139 122 104 87 70 52 35 18 0
