0.0 32.19470035319162 51.99478523997164 75.13230588066585 42.032629082461256 41.01970921055703 50.88294502909472 48.55764905618342 17.78498205953483 59.25247019714331 53.278154805566004 36.333268381991296 53.1237303990808 16.095615384382473 10.244272152375856 58.25083980658949 28.793575234898114 12.75685955023694 51.82938840481039 20.493257994489998 16.15412918296773 23.313792391356262 61.11672878764242 72.29659793049869 40.56475664228172 29.295730233968804 63.36669968422282 63.86102852096851 8.66786212017126 45.07837635622561 54.52301490267941 28.204220637209424 53.204444924001486 18.010629593940973 17.117868385563074 62.60500303616807 42.032629082461256 16.979294069246105 55.983240627017125 12.95517930430149 56.76496801606768 27.89099334584062 26.988866720287486 55.44128285810755 88.39637019659581 53.003432045841485 19.204167007560542 17.974697788219906 51.69364563473186 86.11753448472406 63.21560858769143 39.30336336782938 38.5762370797687 61.85732175545778 92.51681433146994 82.35740376675606 65.61785750295297 64.98800619588732 80.84525424154619 106.03417266943725 105.68250170813212 93.01337830958164 92.35192114219912 103.92765536548559 124.36932569668575
32.19470035319162 0.0 24.977933340853752 45.31939172235982 9.931886010543918 11.310882096090609 23.09665128047847 21.22501011226476 39.478418214899314 32.1746403808156 25.511067731356036 48.77829738676902 20.929289009727476 32.61017373371737 33.941909478389654 26.062100466682296 49.250520990009015 29.01292036373768 25.977456054838765 49.96774905438286 32.01960117876734 8.892488355959594 28.92475327015756 48.94230895575508 9.074234336178991 11.287746411018786 31.946704492289218 37.29469680285029 37.73205169157868 12.898029462265646 25.38787122726741 42.17280969810215 21.05068143941727 36.397333457711305 41.78763429562237 31.77597666012985 9.931886010543918 30.381155736937874 33.437229310784126 25.624157717897134 83.71995971488025 59.67355474705557 50.07633972074558 62.04153162362572 87.09459612761604 70.3970539369586 39.07049653956273 22.183485824402492 43.04132007177682 74.8855678373264 67.05260208790612 32.72662016171238 6.39262190377398 37.49070937649734 71.868593220161 75.03317033165091 46.84595119412613 33.96971384025833 50.081649289635955 79.102677290495 91.41912287351273 69.97838047966734 61.89725823937912 71.83555217814525 94.25604315443708
51.99478523997164 24.977933340853752 0.0 23.651382627282786 18.588505448405115 13.74314966333373 2.2229230908120576 3.7683714294615407 51.611474710359786 7.410114849428904 1.8675988967547572 73.75113484154043 19.46223569391558 44.91193693201002 56.690768534406814 22.081874581542493 73.60779490538056 52.58867680214983 2.3474235510222297 71.8789031671845 56.10804946258229 31.24302354224484 23.33196339430098 24.216240678251577 17.08275830086092 22.709018333535422 16.948153605187382 12.419775985520838 54.53837020311468 20.009966538674014 5.180395545735638 67.01217058107758 17.974194637172857 47.84369623900516 65.00335117674081 14.318249222243548 18.588505448405115 54.665128048478486 10.808269541159417 49.18843536047133 107.15187490811026 79.70959199142398 60.17064655765643 57.290376619132104 73.06613917288321 95.32616369942146 63.096582830409865 35.63872735561868 30.885236829676714 55.06828183641251 90.97128028910606 56.36782304678248 21.765650145714805 12.845621477227214 47.446083817792605 95.11918738536984 62.78633099898646 35.091687216224926 30.25837509434915 54.72249642850074 106.78338447479327 79.2181197059098 59.524147914892936 56.61742035160407 72.54470895088082
75.13230588066585 45.31939172235982 23.651382627282786 0.0 36.13806972250978 34.568850574072414 24.38178817819119 26.7305095764105 75.19230707176648 17.366332707985634 22.10690861053551 92.77648307153547 28.72976114392872 68.54505690155221 78.88138053150514 26.435905716941615 94.48132663743827 74.24825711293175 24.544297851250285 94.5487068233148 77.33883867498513 53.11240351312069 24.89573093275208 21.789787402222345 36.26335480109989 45.926498420450734 15.257373954967612 14.959159679402246 78.11390773474265 35.07035643948395 20.613457579109486 86.92669528300533 27.534750791487586 71.41348740397277 86.96195148810082 13.971810710577364 36.13806972250978 75.68445475624219 25.694158842535007 70.83854356247306 129.01394956186655 102.9856021614201 83.43986686539805 75.58525369066327 82.81782315922658 114.57663881424543 84.38942942935111 59.24655892432899 47.890949024459765 58.92147793649092 105.77588922089512 72.1119854839448 40.08222242091427 20.19596623200753 40.05016784066664 104.0524295600398 69.5832789352507 35.37810943577855 7.499457113253415 35.4362300001658 109.7403069294907 77.76039593583705 49.44950395471695 35.19457005920109 49.26349700580597
42.032629082461256 9.931886010543918 18.588505448405115 36.13806972250978 0.0 6.6293381301032435 16.40762702425519 15.260215404841116 47.92693062454298 24.965913495124262 18.493971550045053 56.82975221408888 11.210496293719014 40.915610582922746 43.78841796733336 16.405218434450425 58.4120280183073 38.71484431950602 20.2654163693971 59.860153758280546 41.4863238585128 18.729824483621233 19.225973935009257 42.682928732593815 2.878363091598589 16.949831667534593 22.184162470982283 30.036904514647542 47.187458557313214 3.8212172651651906 17.354328066592227 50.79663701376575 11.17467498055521 44.58638220056754 51.50489878383089 22.312084360545068 0.0 39.749425808362176 28.731650787647133 35.36075566250497 93.2397519288283 69.59547848574769 58.20822934016743 65.7849021620724 87.53226144521551 78.61439355047386 48.509680744568875 30.3478484780562 43.40082047015413 72.39549058109118 72.51144291726432 37.93873232310435 3.9547168382366875 31.413157735327605 65.97565832324167 76.9854759352932 45.84820478900041 25.926698154941775 40.46196843576581 70.68938760301246 90.48064484719873 65.8884097512699 53.764447500115935 61.9253334193565 84.69755516744299
41.01970921055703 11.310882096090609 13.74314966333373 34.568850574072414 6.6293381301032435 0.0 11.80064183112292 10.036185212891645 44.47445345482061 20.868640085222616 14.202480625136923 60.07203673134116 15.066167607375043 37.44534876528114 44.31305559800351 19.994590612388553 60.39909057728332 39.762804020193165 14.950448091472866 60.02785466179337 43.025244833320265 18.54366871412667 22.534503523910455 37.88329501420561 4.020703722197539 12.99868207862071 22.439933098536645 25.993000097394773 45.09546782262482 9.922874317126903 14.221683293798469 53.47384359833639 14.371120567487703 40.935230260498514 52.42515566594984 21.59202254669334 6.6293381301032435 41.46949754190831 22.973896732008793 36.34723048404232 94.53545861492125 68.89742508430325 54.3282179406646 59.59071387907872 80.90333077780276 81.70709110810678 50.067170292822496 27.059854525963566 36.77759229590762 66.08924455162075 77.48629997680003 42.906552981176446 8.524800189038002 26.442890778164458 60.997008550048804 83.19390123900743 52.437063422806006 31.19138818455797 39.887296638077395 67.85224262278932 97.09424208320053 72.33733064639135 58.5907446086105 63.46534245649826 83.77119088711704
50.88294502909472 23.09665128047847 2.2229230908120576 24.38178817819119 16.40762702425519 11.80064183112292 0.0 2.348868120917553 51.22179536173703 9.084887664559167 2.470770566994575 71.87025735961743 17.44957129279293 44.43127213659041 55.26698594316817 20.328681642350432 71.95097148798833 51.038915588334206 4.341760903360807 70.60395040700618 54.48424864497682 29.67776909800774 21.749674918621885 26.32566134940451 14.989509640221785 21.60128559428474 16.195285914430936 14.198318964247212 53.73960301711689 17.787045584566666 4.417492467098451 65.21726798579124 15.988354633916915 47.47588461261292 63.53562916527514 13.864909323776217 16.40762702425519 53.002984915524216 12.969359600036867 47.6299861635785 105.69530205796859 78.68036785113574 60.03744777673093 58.422439437182966 74.94437382520182 93.48891231031016 61.494911067671936 34.8985612497546 32.388781941014045 57.22757152113854 88.84209970466894 54.24161072608538 19.65299941250181 15.006093268331337 49.58810020529507 92.89656209158223 60.59895409418765 33.30969039294931 30.68677172801413 56.290857982199995 104.64555530419132 77.27758321640965 58.20440853216498 56.55508076953458 73.51188225509476
48.55764905618342 21.22501011226476 3.7683714294615407 26.7305095764105 15.260215404841116 10.036185212891645 2.348868120917553 0.0 48.92780491556377 11.133340409596492 4.727264368716089 69.99168636416336 17.833854610147352 42.11936336602153 53.037406654080435 21.203486130766084 69.85869197836405 48.8740817148273 5.017934830568411 68.31986878000566 52.36731684160725 27.51830208930253 22.86435237284562 27.851865913375573 13.52923641857004 19.268660606678214 18.1233997032267 16.180195951850926 51.3911403170314 17.09000618995872 6.584914421761527 63.2437991550834 16.458240887875643 45.188332746703516 61.327543048535176 15.971885091473785 15.260215404841116 50.913674502616416 13.523694339789438 45.46994723511559 103.48394679554026 76.3441842241311 57.81640919450745 57.024866222744485 74.53676308793125 91.55952828770278 59.363520198551434 32.5537709620341 31.46916969141729 57.582197266425126 87.41881579409866 52.81798981131565 18.22869004172208 16.422077628301043 51.00920041214674 92.11772940701658 60.213073180691325 34.06450478771616 33.01522353711663 58.43336100375247 104.46999127463586 77.66338863588034 59.53164150258945 58.74710456881269 75.84998220265983
17.78498205953483 39.478418214899314 51.611474710359786 75.19230707176648 47.92693062454298 44.47445345482061 51.22179536173703 48.92780491556377 0.0 58.016223627147255 53.27398856374312 53.90213249528912 58.934212923282104 7.037057999693054 27.90359090251603 64.09305085331975 45.27961430628171 30.27225727470991 50.66047019006856 32.77454242884221 33.90915904568759 31.548337499904207 66.79258136768473 67.22621307773717 45.632402160437834 31.489763927981972 66.25317441284614 61.77693031843031 10.440840810288599 51.59058989061632 55.48469842269503 45.86455776939503 58.54768623166647 3.790121401715916 33.50362217853465 64.65323142385895 47.92693062454298 34.59811951756968 52.07194448772672 29.67163650477667 67.63013271521093 33.88363508936968 10.826764389819154 38.48622028659956 72.38792510652765 69.06044979553005 36.63080772307079 17.582231669156197 40.881562030965 73.67711860025373 80.98431913650185 55.80770028354115 45.44615233184364 58.403938214101956 84.56654848013306 99.70494115628783 80.41174749453072 73.38781592483434 81.85500879839668 102.02677075776508 122.13516484022948 106.7533285059446 101.34199646890131 107.41871250580844 123.29643867071496
59.25247019714331 32.1746403808156 7.410114849428904 17.366332707985634 24.965913495124262 20.868640085222616 9.084887664559167 11.133340409596492 58.016223627147255 0.0 6.668158902055323 80.93934211857785 23.054223328798493 51.483027106308356 64.0929538248463 24.178634423021965 80.9896409666736 59.99638676499556 7.491066700796559 79.22701567376319 63.50065493020076 38.646437734906634 24.58483985791484 17.954723913411726 23.875348684933062 30.01321378285516 15.606612821509419 5.131720457245666 61.49860698086673 25.675289005821465 7.922681601220355 74.30189736177239 21.500992626176092 54.22879692579053 72.41131876067766 12.360726306875966 24.965913495124262 62.04344870591298 9.742720785308634 56.59490279567986 114.55721493049404 86.88143870576445 66.09234400917073 59.85646272498428 72.05677603172407 102.57047873477498 70.4957927477212 42.58456277808612 32.43559285898422 51.82205019697776 97.45982221507879 62.90284487046232 28.46002334761164 7.617877306218486 41.24251774465039 100.28237921460675 67.15486505808188 36.848875392053486 24.510135278174516 47.31275982372333 110.43136797509808 81.41651574021122 58.79637289804148 51.77045804843873 65.56027468988209
53.278154805566004 25.511067731356036 1.8675988967547572 22.10690861053551 18.493971550045053 14.202480625136923 2.470770566994575 4.727264368716089 53.27398856374312 6.668158902055323 0.0 74.27158062679474 18.318988614840396 46.53657623342945 57.73037668578369 20.6339959955334 74.4155565474097 53.509676456797045 3.996261188269974 73.04390768826411 56.95247794991095 32.14852268650971 21.75374234763801 24.192382343399895 17.25285361099251 23.984800595905785 15.096713890311493 11.79760727726888 56.01378582248173 19.567003406916943 3.4229049536174325 67.65330329049917 16.799671901440455 49.513597116570836 66.00334255421039 12.450653436100186 18.493971550045053 55.46763906174494 11.881599919737862 50.10075377547701 108.16278139854612 81.05110464559434 61.920631169148855 59.10868195100308 74.4868895664774 95.90808921570554 63.964365766954444 37.13967294781482 32.58998670737655 56.03298911153205 90.99820143379108 56.41086135444064 21.875836279682385 13.02971476066308 47.49577918274961 94.58421163422959 61.980395012001814 33.6423422014033 28.58122739964507 53.8219980909794 105.80559884887165 77.9073454374006 57.784795515652725 54.80336767321897 71.15148642093446
36.333268381991296 48.77829738676902 73.75113484154043 92.77648307153547 56.82975221408888 60.07203673134116 71.87025735961743 69.99168636416336 53.90213249528912 80.93934211857785 74.27158062679474 0.0 64.72579152243797 52.168577975638875 26.089285745788363 68.55560961788926 12.187957879404214 25.53822522273394 74.65647766757117 28.50597343335961 21.240104558569847 43.682282377389804 71.12466197342987 97.53128823884997 57.267994772230615 54.238883596528126 78.04050596530531 86.06502075242032 43.74912714409997 57.72054161760867 73.89411780346786 8.225013302106515 65.65734921832482 54.34113305654284 21.378297601030976 78.81357714357574 56.82975221408888 21.572482794293403 81.55547759941574 27.999129882410084 42.37324102711533 40.08722168637463 61.7519726040507 91.73033243383657 124.13874755724542 21.800503849237096 17.28765506148324 50.17287001751256 84.44301968104676 118.90661494900489 27.728205362744507 24.285016496655757 52.96713844370165 86.11690053928035 120.08984318685654 51.73247594924089 49.79624250716916 68.39511845403604 96.28566065826043 127.50989932542484 78.72318940319732 77.2558501922622 90.19053781381407 112.67182750819074 140.17948920044645
53.1237303990808 20.929289009727476 19.46223569391558 28.72976114392872 11.210496293719014 15.066167607375043 17.44957129279293 17.833854610147352 58.934212923282104 23.054223328798493 18.318988614840396 64.72579152243797 0.0 51.903246254365385 54.28923396759839 5.198079882052383 67.69527595877967 48.96999629209344 21.75822539940139 70.44182418942037 51.36249271078215 29.814033833340883 8.019663291455034 40.6910812855788 13.302615092426889 27.593784452625428 13.528064959815076 27.35901130198558 58.39768476826489 8.09605125257673 15.450141717980237 59.472494184597835 1.5538320650203763 55.51668209464301 61.70049371080568 15.054209837872493 11.210496293719014 49.514463194787375 30.188014680512943 45.703099066472475 102.91999326712279 80.52123570148663 69.06211326978642 73.82576302927144 92.33456985857754 86.46539436580886 58.27552061438342 41.35976224227764 49.193956061273205 74.32551677123637 77.13326950904612 43.39744507362247 14.559752116586576 30.58571061041187 63.66974300589903 77.53994354082883 44.10965858589084 16.544820147612242 31.569765977078056 64.14373804919748 87.54978905411078 59.85819870947656 43.54147971543882 51.024847606076925 75.53825391634547
16.095615384382473 32.61017373371737 44.91193693201002 68.54505690155221 40.915610582922746 37.44534876528114 44.43127213659041 42.11936336602153 7.037057999693054 51.483027106308356 46.53657623342945 52.168577975638875 51.903246254365385 0.0 26.202232947147007 57.059242572044965 44.855358504160584 27.241643070149497 44.06573268978952 34.51187767102394 31.284018057147517 24.948071679419435 59.756244408495554 61.568150665085625 38.602635153835195 24.45613555939836 59.2967409990185 55.41254497608093 11.98725524654581 44.59493415324705 48.65051149579221 43.96635377852295 51.51134915940056 3.8247790225010228 33.10498607433078 57.753723694650304 40.915610582922746 31.587866275143387 46.01279927811878 25.925242902921305 70.44351308517838 37.89847888262683 17.468523119226443 39.60874058713055 72.30078695517402 69.0305910240148 35.228377076971654 10.569145843986314 37.111014191632925 70.97605330553836 78.49304320823454 51.226490647598084 38.49641720758523 52.29359629700208 79.8879939119077 95.65570957553619 74.73660278794172 66.45203072621017 75.1062750338766 96.23305191417131 117.18200600234378 100.62349700445117 94.40991940229402 100.47913579074817 116.93399715431491
10.244272152375856 33.941909478389654 56.690768534406814 78.88138053150514 43.78841796733336 44.31305559800351 55.26698594316817 53.037406654080435 27.90359090251603 64.0929538248463 57.73037668578369 26.089285745788363 54.28923396759839 26.202232947147007 0.0 59.177186568579415 19.205278148123927 5.850161168344493 56.914445709349955 16.165501973836346 6.920599143601634 25.769528238817987 62.04136986225278 78.58524192717275 42.94472170968768 34.38059967822992 65.8884398043524 68.97164053591219 18.04701700232765 46.22890786297028 58.426683019998556 17.976596367607975 54.66016530380213 28.254161330596652 8.437058196280372 65.62316560034454 43.78841796733336 8.473588916744731 62.16654977083505 8.684243760510586 50.469881440322176 27.2190748849275 36.46078043559156 65.671457648417 98.44253936329623 43.38005766201076 9.033537907893535 26.00450950483308 60.54517755461192 95.13178668945439 53.10536883343598 31.801638261491572 39.9667893870863 67.66225219588891 99.76899593812136 73.2270976220098 59.4141652459518 63.973939080646005 83.96471505716168 111.36547269825914 97.50778102977426 87.39311909192423 90.34408243660306 105.26754134429558 128.04359940438746
58.25083980658949 26.062100466682296 22.081874581542493 26.435905716941615 16.405218434450425 19.994590612388553 20.328681642350432 21.203486130766084 64.09305085331975 24.178634423021965 20.6339959955334 68.55560961788926 5.198079882052383 57.059242572044965 59.177186568579415 0.0 72.07138918996974 53.77654196719696 24.429272382350717 75.34138516510576 56.020320250552686 34.9538767369498 2.8754208981569245 41.017599024206156 18.474432837456582 32.700836291925015 11.397991798596847 27.837109105748823 63.589864276741885 13.173419614263103 17.374504010921445 63.63716871905587 5.623484994426455 60.6563493770413 66.45506898278923 13.869930429466649 16.405218434450425 54.13762029392889 32.392344967751924 50.55084362219314 107.40148096492507 85.5634944071741 74.17474523537001 77.9578211731667 95.11939196908278 90.19597075539633 62.869547027343756 46.5259069809537 52.64554465635493 75.98197153581295 79.52639093568354 46.458042906309544 19.674877403385583 31.791508391799628 63.47556510665276 78.11902984087114 44.02867172608801 13.012204772086529 28.19509603663343 61.76942476989914 86.42762135501836 57.385669855459994 38.87573241180965 46.0907380171788 71.63948482387035
28.793575234898114 49.250520990009015 73.60779490538056 94.48132663743827 58.4120280183073 60.39909057728332 71.95097148798833 69.85869197836405 45.27961430628171 80.9896409666736 74.4155565474097 12.187957879404214 67.69527595877967 44.855358504160584 19.205278148123927 72.07138918996974 0.0 21.39805009637666 74.14568307935014 16.60996248548924 17.54012341647795 42.418137729216035 74.81578611306847 96.48427996114995 58.2461637381159 52.220429996338154 80.43901795492071 86.02441371425205 34.8480642693086 60.04727497986224 74.59906179703935 9.556528941131043 68.39169874669366 46.38379946379767 11.812685183191665 80.72364897900604 58.4120280183073 18.947986612431535 80.14046698743208 24.667467661796003 35.43769128065165 27.903844659086072 51.92552708148024 83.7182023866188 117.1155655353738 24.228560543392206 10.768094771727021 45.163424205137616 79.73940185857583 114.3322519392455 39.1178638668622 32.4111914208672 54.457315908587844 85.29682909170256 118.23846548364398 63.9165758720763 59.851245493826276 73.98513665779724 98.793801664205 128.22408505132756 90.84185120019119 87.81153740528121 97.79670139112537 117.52543567780306 143.02085784955196
12.75685955023694 29.01292036373768 52.58867680214983 74.24825711293175 38.71484431950602 39.762804020193165 51.038915588334206 48.8740817148273 30.27225727470991 59.99638676499556 53.509676456797045 25.53822522273394 48.96999629209344 27.241643070149497 5.850161168344493 53.77654196719696 21.39805009637666 0.0 52.99320825029218 21.737350905468166 4.3141970865967725 21.36118120730882 56.6287750485522 75.14366895627857 38.08138873800075 30.84552161439922 60.88978348001974 64.9688301654969 21.371903829793794 40.960720199555745 53.9691547738115 17.361206602252828 49.41369116041027 29.906672757115004 12.790149119576693 60.78852613383547 38.71484431950602 4.360410420818709 58.774345452995995 3.415999068889408 54.77642047146248 33.05539469424965 39.74540219453361 66.79498387761646 98.68271249139234 44.85707559610746 10.650366064548082 24.68921967589762 59.16535340654516 93.73566409778645 51.25403370116194 26.881341048390787 34.82928766042796 64.01870287423708 96.84292236666246 69.60515356894426 54.03843884033784 58.2256601316948 79.08919824800596 107.30691597452264 93.08993000789229 81.88982675788141 84.50371174111469 99.85257023776548 123.26767288308865
51.82938840481039 25.977456054838765 2.3474235510222297 24.544297851250285 20.2654163693971 14.950448091472866 4.341760903360807 5.017934830568411 50.66047019006856 7.491066700796559 3.996261188269974 74.65647766757117 21.75822539940139 44.06573268978952 56.914445709349955 24.429272382350717 74.14568307935014 52.99320825029218 0.0 71.8892814922553 56.6147634709008 31.72769484792334 25.666675719884356 22.972176122922818 18.53601356049221 22.664193322192745 19.013376324047734 12.078768689645761 54.00823392132385 21.945107287054157 7.415424138584041 67.77445405995012 20.281008830232196 46.87837336285314 65.27630803384486 16.245106334565328 20.2654163693971 55.23123825522851 8.667860942423323 49.611273339966395 107.38111236334527 79.41213061525576 58.96326536331855 55.152913017748716 70.72353176429495 96.14324471918965 63.56200335738914 35.09378704187144 28.598257987437908 52.905459867460834 92.4060536891174 57.80968694970508 23.23564981963226 11.51891098804749 46.04703648067923 97.04024632642783 64.8985477598297 37.43889853805033 31.40634131484121 54.459920625443445 108.98286641574883 81.54546637441106 61.7806711629863 58.12770340697122 73.0451833357689
20.493257994489998 49.96774905438286 71.8789031671845 94.5487068233148 59.860153758280546 60.02785466179337 70.60395040700618 68.31986878000566 32.77454242884221 79.22701567376319 73.04390768826411 28.50597343335961 70.44182418942037 34.51187767102394 16.165501973836346 75.34138516510576 16.60996248548924 21.737350905468166 71.8892814922553 0.0 20.601062810379084 41.550854803322004 78.20621294514096 92.74784723539386 58.89952468041714 49.22744350314695 81.8837969385921 83.96357476207977 22.796687591634885 62.372348627187215 73.98374109507644 23.052406717700496 70.79221902188584 34.876735410545955 10.212724845646756 81.49851654771062 59.860153758280546 22.62145237682648 76.39877217171501 24.825624342064497 36.32263935906761 12.556608012148647 37.29415503630853 70.84413112795971 105.07987034094762 37.5305155281019 15.686154716155675 38.45023908279711 71.45373260356342 105.48791637897924 55.72647622560769 43.90202314301722 56.072735180163264 82.19326088964166 112.96959391785524 80.06209554439626 72.12190296731332 79.92465669230758 99.84530395083125 126.27339705958775 106.40417441835467 100.34147748092114 105.87555090852412 121.43108688804705 143.79166124654557
16.15412918296773 32.01960117876734 56.10804946258229 77.33883867498513 41.4863238585128 43.025244833320265 54.48424864497682 52.36731684160725 33.90915904568759 63.50065493020076 56.95247794991095 21.240104558569847 51.36249271078215 31.284018057147517 6.920599143601634 56.020320250552686 17.54012341647795 4.3141970865967725 56.6147634709008 20.601062810379084 0.0 24.88856862745382 58.84250813560715 78.95732358034677 41.08080928057022 34.73429335076508 63.65495697452719 68.51847494820326 24.5183099966399 43.4682582216058 57.24585741813885 13.050852732807824 51.91005062273872 33.79258413741178 10.70180783116062 63.72428932570544 41.4863238585128 2.022363872243273 62.63178589131615 7.22397794630634 51.75428008371042 32.64497714973321 42.98508723309469 70.88423718160111 102.9381688277726 40.65864011067155 7.051476162541963 29.003029692098696 63.46244764737867 98.02368543514501 47.25144140575642 24.979564357130947 37.55131681693403 67.75741282304831 100.83092496090224 66.46197087322831 52.80556464778356 59.61930964296029 81.94691480184798 110.77423863787763 90.5896521788445 80.88848265765542 85.2885384835935 101.9806334114075 126.17722062914018
23.313792391356262 8.892488355959594 31.24302354224484 53.11240351312069 18.729824483621233 18.54366871412667 29.67776909800774 27.51830208930253 31.548337499904207 38.646437734906634 32.14852268650971 43.682282377389804 29.814033833340883 24.948071679419435 25.769528238817987 34.9538767369498 42.418137729216035 21.36118120730882 31.72769484792334 41.550854803322004 24.88856862745382 0.0 37.81519794862611 54.20962985529259 17.427429076474176 10.687967358695495 40.40412921153352 43.6418086458773 28.966809042467748 21.790112574870374 32.68111648625668 36.36059529752824 29.89541233941289 28.77268338052612 33.91891350931436 39.947725629421804 18.729824483621233 23.51834910922611 38.00591268072515 17.953384114329218 76.06576312063225 50.90214738088881 42.31875162221541 58.185433847552666 85.87800956553444 64.77045767172876 31.85668477551005 15.143815405461458 42.87974495586731 76.43860616313248 64.80406235484864 31.924327572209226 15.284286121783595 42.929088409443736 76.466034153184 76.15157912010432 51.02912245912838 42.469980749319994 58.294483276352175 85.9512296900368 94.83464738843819 75.95514140340609 70.2816796107627 80.65112086000225 102.29589398072677
61.11672878764242 28.92475327015756 23.33196339430098 24.89573093275208 19.225973935009257 22.534503523910455 21.749674918621885 22.86435237284562 66.79258136768473 24.58483985791484 21.75374234763801 71.12466197342987 8.019663291455034 59.756244408495554 62.04136986225278 2.8754208981569245 74.81578611306847 56.6287750485522 25.666675719884356 78.20621294514096 58.84250813560715 37.81519794862611 0.0 40.7875496940878 21.21789353334685 35.3529819005749 10.435226675244765 27.82543894090129 66.41275971837054 16.042582161993064 18.381840177180415 66.32082599949314 8.244898206955838 63.330639076912504 69.29587514821165 13.33104119963994 19.225973935009257 56.95246231257364 33.27651428690507 53.410156152138484 110.1696580259386 88.43889948244295 76.81318152335267 79.83627805659776 96.13604035795709 92.71787900921754 65.67511312124904 49.24068002650961 54.13757795442844 76.36700082599106 81.51152096850866 48.771726283923265 22.54064779210487 32.129839795290906 62.86031094277194 79.24666628248504 44.92140187887954 12.275335895357701 26.04397609138248 60.0062230495467 86.62761749170204 56.84183642939063 36.77600231045402 43.229434932285606 69.13699056524358
72.29659793049869 48.94230895575508 24.216240678251577 21.789787402222345 42.682928732593815 37.88329501420561 26.32566134940451 27.851865913375573 67.22621307773717 17.954723913411726 24.192382343399895 97.53128823884997 40.6910812855788 61.568150665085625 78.58524192717275 41.017599024206156 96.48427996114995 75.14366895627857 22.972176122922818 92.74784723539386 78.95732358034677 54.20962985529259 40.7875496940878 0.0 41.297949430157175 44.311427487285826 30.551755214100844 13.332153342693692 72.84265991780086 43.607677206538085 25.876343515640556 90.50290466326848 39.15232652210504 63.52508189235566 87.0190720860542 27.471143488741586 42.682928732593815 77.69109979723731 16.41926077422276 71.82452112259264 128.79736668762186 98.92401965551618 73.33452552125911 58.00633219133872 61.2070869152805 118.91031826917114 85.78688288666943 54.533956562236135 31.358463297207628 37.25039170037101 115.16621961698048 80.56701731317432 45.97482771555969 11.45336872152708 23.313706130293937 118.15073005851275 84.74064352376048 52.88855649002017 28.42997084533416 34.84491597188224 127.39165767423547 97.10379351374469 70.88340298784487 54.90505223180955 58.30497869137775
40.56475664228172 9.074234336178991 17.08275830086092 36.26335480109989 2.878363091598589 4.020703722197539 14.989509640221785 13.52923641857004 45.632402160437834 23.875348684933062 17.25285361099251 57.267994772230615 13.302615092426889 38.602635153835195 42.94472170968768 18.474432837456582 58.2461637381159 38.08138873800075 18.53601356049221 58.89952468041714 41.08080928057022 17.427429076474176 21.21789353334685 41.297949430157175 0.0 14.38502334082616 22.990408624357332 28.9994994722814 45.33780843469592 6.610092738311328 16.626281686533535 50.94637358321146 12.99868207862071 42.22691304853598 50.848944149591595 22.709018333535422 2.878363091598589 39.42135629848559 26.786395438009215 34.687645890886685 92.79326271461058 68.29851773785063 55.79945463992235 62.90679172336506 84.82772804410672 78.99764917790249 48.129996670504056 28.057155401676923 40.65403725406554 70.09377224003498 73.89978040300171 39.296379151262144 4.699755276810268 29.91361561895338 64.51678474327099 79.19773400611442 48.45470381888756 28.605495070493742 41.03083170123305 70.3109004894933 93.1337360343871 68.75615762877236 56.353510170571845 63.39415965754809 85.18634469082386
29.295730233968804 11.287746411018786 22.709018333535422 45.926498420450734 16.949831667534593 12.99868207862071 21.60128559428474 19.268660606678214 31.489763927981972 30.01321378285516 23.984800595905785 54.238883596528126 27.593784452625428 24.45613555939836 34.38059967822992 32.700836291925015 52.220429996338154 30.84552161439922 22.664193322192745 49.22744350314695 34.73429335076508 10.687967358695495 35.3529819005749 44.311427487285826 14.38502334082616 0.0 35.1628192381664 34.74175676105069 32.43831874921568 20.755338268659568 25.371970035432703 46.750337035157266 27.114956307217803 27.984257930426647 42.791276095046314 33.9339381212924 16.949831667534593 33.57728354188401 27.929172468796384 27.5542257984713 84.79983582563179 57.08020771868909 41.474198393486795 50.763069391838464 76.34455028371086 75.10284033623371 41.494793222645015 14.073025998433168 32.697602589630144 65.8412281752922 75.36846428506584 41.969268548454444 15.404018430068081 33.28660770726945 66.13291849788116 85.50389591904018 58.1115544078365 42.869663449909915 51.89876765122618 77.09717811707843 102.62492793015653 81.04520324923469 70.70736001208239 76.32491863531061 95.11157817710594
63.36669968422282 31.946704492289218 16.948153605187382 15.257373954967612 22.184162470982283 22.439933098536645 16.195285914430936 18.1233997032267 66.25317441284614 15.606612821509419 15.096713890311493 78.04050596530531 13.528064959815076 59.2967409990185 65.8884398043524 11.397991798596847 80.43901795492071 60.88978348001974 19.013376324047734 81.8837969385921 63.65495697452719 40.40412921153352 10.435226675244765 30.551755214100844 22.990408624357332 35.1628192381664 0.0 17.949955248670943 67.50386970106881 20.43841975296819 11.855229412241512 72.5147784313162 12.427154039558884 62.58858213503222 73.67952917592157 3.279937123561753 22.184162470982283 61.896825415175314 25.115871307599164 57.525290086310804 115.40049225084312 91.1957073560658 75.56977379483472 74.15979118161131 87.65448528445657 99.81729490052497 70.66609808873788 49.18045459839269 47.31333267188335 66.73230418024656 90.51907633713414 56.92251428059876 26.105376930778895 22.752085598763205 52.427785717313355 89.4874705976331 55.282758485520596 22.343042878002255 18.36006350365248 50.69343632268048 96.98667759857263 66.64638209901707 43.26534637194772 41.193027100899634 62.58327334113207
63.86102852096851 37.29469680285029 12.419775985520838 14.959159679402246 30.036904514647542 25.993000097394773 14.198318964247212 16.180195951850926 61.77693031843031 5.131720457245666 11.79760727726888 86.06502075242032 27.35901130198558 55.41254497608093 68.97164053591219 27.837109105748823 86.02441371425205 64.9688301654969 12.078768689645761 83.96357476207977 68.51847494820326 43.6418086458773 27.82543894090129 13.332153342693692 28.9994994722814 34.74175676105069 17.949955248670943 0.0 65.7623769518209 30.59253182532999 12.803518765416891 79.4031635794276 25.820871126624155 57.98777484268697 77.31891377193456 14.712297665488375 30.036904514647542 67.08338983088746 10.766785244104923 61.57457120461591 119.4412904492668 91.35253583047208 69.41996573887653 60.72692473930756 70.36454390377483 107.6866403474706 75.49849222808642 46.887792924410334 33.041502688125995 48.78370273615263 102.49299621445135 67.95925270432679 33.570219611168696 5.505735452194091 36.4488746399502 104.84030584121292 71.4189127105812 40.05841992705848 22.439640640885166 42.39389682474478 114.26465323690833 84.53755257426558 60.262672170218465 50.11373630659431 61.53038699964885
8.66786212017126 37.73205169157868 54.53837020311468 78.11390773474265 47.187458557313214 45.09546782262482 53.73960301711689 51.3911403170314 10.440840810288599 61.49860698086673 56.01378582248173 43.74912714409997 58.39768476826489 11.98725524654581 18.04701700232765 63.589864276741885 34.8480642693086 21.371903829793794 54.00823392132385 22.796687591634885 24.5183099966399 28.966809042467748 66.41275971837054 72.84265991780086 45.33780843469592 32.43831874921568 67.50386970106881 65.7623769518209 0.0 50.54152158662194 57.71306580202149 35.83068417715005 58.28445477868474 12.09221216733802 23.090878508945938 66.36916061242349 47.187458557313214 25.51215099278303 56.92843684921371 21.583798637658248 58.48675785869475 26.14274324544893 18.467157727658854 48.92320017390949 82.70897065299054 58.632576693357365 26.464399385428095 18.915607304876673 49.09263024486119 82.80835023528154 71.08274823974428 47.96368805620008 44.08052568053925 63.091118347988804 91.72079797747757 90.91503067224357 74.0527123560559 71.39203375361133 84.28877523769754 107.27128995281909 114.35013234699399 101.24252393502229 99.08989984242459 108.54598823876476 127.04455354279717
45.07837635622561 12.898029462265646 20.009966538674014 35.07035643948395 3.8212172651651906 9.922874317126903 17.787045584566666 17.09000618995872 51.59058989061632 25.675289005821465 19.567003406916943 57.72054161760867 8.09605125257673 44.59493415324705 46.22890786297028 13.173419614263103 60.04727497986224 40.960720199555745 21.945107287054157 62.372348627187215 43.4682582216058 21.790112574870374 16.042582161993064 43.607677206538085 6.610092738311328 20.755338268659568 20.43841975296819 30.59253182532999 50.54152158662194 0.0 17.793619788714697 52.07826264276492 8.45477037659338 48.28866343099482 53.718035572384565 21.09977587863677 3.8212172651651906 41.654877607807165 30.58490561574613 37.66956062376517 95.13608398637376 72.4276103668198 61.93078539079705 69.42524601560731 90.54880760307034 79.51787443671383 50.428484141870534 34.02651114111848 46.55541534570697 74.64477024779255 72.01887134521192 37.64432629564517 6.505880981414436 32.59465270748887 66.91300318756034 75.11202205212325 43.2205179711512 22.11459751911504 38.79358975528257 70.11187290042889 87.68329614102605 62.41602175179929 49.97964157951321 59.11831210476193 82.98668888405163
54.52301490267941 25.38787122726741 5.180395545735638 20.613457579109486 17.354328066592227 14.221683293798469 4.417492467098451 6.584914421761527 55.48469842269503 7.922681601220355 3.4229049536174325 73.89411780346786 15.450141717980237 48.65051149579221 58.426683019998556 17.374504010921445 74.59906179703935 53.9691547738115 7.415424138584041 73.98374109507644 57.24585741813885 32.68111648625668 18.381840177180415 25.876343515640556 16.626281686533535 25.371970035432703 11.855229412241512 12.803518765416891 57.71306580202149 17.793619788714697 0.0 67.51905104486187 13.903463403456712 51.752415580676 66.59783858363272 9.447530700588372 17.354328066592227 55.68057999350252 15.02004235523408 50.553156988889356 108.7313655488862 82.38669680510569 64.40036614497005 62.466214095901876 77.79093804704698 95.62085926883893 64.28863729736227 38.95563977727637 36.01232681434416 58.91575614364439 89.71023846317517 55.20574411680145 21.030343303483875 15.222692043531499 49.15322191128802 92.39213735942843 59.42698074900209 30.359010477421993 26.58227745655157 53.72531911296494 102.99738466300442 74.73069426938659 54.36632030768076 52.16820489671474 69.87239169474631
28.204220637209424 42.17280969810215 67.01217058107758 86.92669528300533 50.79663701376575 53.47384359833639 65.21726798579124 63.2437991550834 45.86455776939503 74.30189736177239 67.65330329049917 8.225013302106515 59.472494184597835 43.96635377852295 17.976596367607975 63.63716871905587 9.556528941131043 17.361206602252828 67.77445405995012 23.052406717700496 13.050852732807824 36.36059529752824 66.32082599949314 90.50290466326848 50.94637358321146 46.750337035157266 72.5147784313162 79.4031635794276 35.83068417715005 52.07826264276492 67.51905104486187 0.0 60.2746132665897 46.194691297335595 14.342002643623662 73.03359027977946 50.79663701376575 13.529600690776501 74.36270514643591 19.956601966434327 44.503254169774884 35.38693775984605 54.025566057969215 83.54710589185086 115.91508404056138 28.413919714396652 9.476706142731103 42.03711075241882 76.41520134638671 110.93376811627813 35.279199487666226 22.870681238028084 46.86533113731976 79.14856614805814 112.81611960161263 57.37881131769322 50.517233931569706 64.85721966697444 90.86105900729235 121.24277390887269 83.36877399929955 78.59046176325813 88.30233609223437 108.68706507109702 134.99328627251484
53.204444924001486 21.05068143941727 17.974194637172857 27.534750791487586 11.17467498055521 14.371120567487703 15.988354633916915 16.458240887875643 58.54768623166647 21.500992626176092 16.799671901440455 65.65734921832482 1.5538320650203763 51.51134915940056 54.66016530380213 5.623484994426455 68.39169874669366 49.41369116041027 20.281008830232196 70.79221902188584 51.91005062273872 29.89541233941289 8.244898206955838 39.15232652210504 12.99868207862071 27.114956307217803 12.427154039558884 25.820871126624155 58.28445477868474 8.45477037659338 13.903463403456712 60.2746132665897 0.0 55.08822892753002 62.17277003471609 13.74314966333373 11.17467498055521 50.08625459002558 28.675562329079145 46.11703986310172 103.5463832880105 80.71776765995897 68.58298619963578 72.70940402594908 90.90903326255508 87.42073243566057 58.85728263324239 40.997533424992575 47.87732807953799 72.79081061566585 78.43368094286065 44.57948946807312 14.7536753298989 29.03209378973368 62.15227657490494 79.05891649598829 45.660663934548396 17.72934762214415 30.63678974849204 62.910615859912866 89.09426884971036 61.29331261022263 44.393340471897375 50.78862338240507 74.71958866982939
18.010629593940973 36.397333457711305 47.84369623900516 71.41348740397277 44.58638220056754 40.935230260498514 47.47588461261292 45.188332746703516 3.790121401715916 54.22879692579053 49.513597116570836 54.34113305654284 55.51668209464301 3.8247790225010228 28.254161330596652 60.6563493770413 46.38379946379767 29.906672757115004 46.87837336285314 34.876735410545955 33.79258413741178 28.77268338052612 63.330639076912504 63.52508189235566 42.22691304853598 27.984257930426647 62.58858213503222 57.98777484268697 12.09221216733802 48.28866343099482 51.752415580676 46.194691297335595 55.08822892753002 0.0 34.57213369667041 60.94894258334854 44.58638220056754 34.266920303347284 48.303946615175924 28.887245031687257 70.28974646831233 36.966488250683646 13.683741568314918 37.454226033706746 70.80426573993005 70.41073053364545 37.193916547812556 14.28125653101393 37.674547829340796 70.91994942355564 81.03939060824287 54.573941051190026 42.23821233678147 54.63183549189278 81.11736956325886 98.84175250389836 78.42966698766793 70.19608818357354 78.09306266659873 98.30727126615845 120.68312058535929 104.41215637562519 98.15317702298807 103.73455971218935 119.50873003187435
