0.0 33.05484087516209 43.40653812168913 33.08993029604655 43.26755390217533 29.485152594219095 14.989087133189377 11.51404544521212 43.302116200275066 24.192391670116024 35.938477226028105 2.348868120917623 36.009744200933646 66.73970871497025 46.609160524897945 17.964203147918287 11.533770445499938 10.634733689638908 15.05434521577607 29.270655160732165 6.228960449600805 23.29019117757569 31.73893679055619 18.847055603732063 27.058132742962012 26.34859944301415 15.07044306737521 14.70702238175661 36.54086203752433 24.965288861724805 33.437265460086685 30.11362648581625 30.422367198484984 32.899502274658275 53.178308914110566 20.63724092773321 12.818714792012257 10.221090141849333 17.477538912703938 22.480017233792285 12.717966701832703 20.010883524852076 41.245613354239204 33.8939497348941 56.2830454064669 22.385910257050778 53.59787914415949 20.327248844625696
33.05484087516209 0.0 38.81486123979885 26.463512813397173 73.26457960210274 62.28274800210295 47.73213425378812 22.368450723852376 10.2712713811143 56.37160122520404 19.805908044132895 32.38972702337041 60.339685048486395 34.09334795288162 60.27896081897376 48.62584554829101 21.762489785343913 43.686171244151446 18.565055740894362 8.438691904899374 31.602330187067324 9.76465178363927 9.948621786334998 21.66336748627482 59.517027611963364 59.34136273640376 45.86909065033362 46.03873609921358 5.831209832451437 57.55987444721749 11.510639513017129 18.33752746960949 53.26080759305187 9.210532715255203 65.53469105528023 52.87586596016492 21.662303995197952 41.02300728412981 15.809879083605518 11.174679098867406 29.380694473595696 20.301108617132 8.364858241631696 66.72287606817463 57.17684356025804 51.95909203286034 71.03141567016456 48.179247116082784
43.40653812168913 38.81486123979885 0.0 61.543925063859206 60.19136267469099 60.38135877522008 49.83055432624422 35.59459099394621 43.514173446934585 53.40625130895915 57.41119636068312 44.975593848895784 41.70230085329181 53.21694131482059 88.05941206098441 45.17040159704272 40.658101633970176 49.93066438062233 41.01833570406083 44.75033949387888 37.336616291946164 37.29747150125138 28.86625477617432 49.50616950136399 56.6382360984825 59.70557986712703 44.11188245887096 45.17077094598609 35.26002667188641 55.796098896594025 49.53471057927246 53.906496919049694 35.89675350312184 29.69933373009503 94.37163483366645 51.27158156036877 43.25542483854302 42.258137896534784 39.53999731224933 40.249471985470095 51.206039385852804 49.16790516701781 40.143056782262384 64.08271073242784 91.81283165649404 44.948530964115484 96.3810831551203 63.64364805067288
33.08993029604655 26.463512813397173 61.543925063859206 0.0 75.77291628579691 59.39493488066102 46.378232392265396 30.079855331416102 31.353888791786275 55.75515429410714 8.952797677736589 30.966442907413736 68.77544240361276 54.10551807842895 35.67005554126272 50.869023184815944 24.9757422428224 40.88176799470496 22.588597913319475 18.207693066293285 36.46361544081085 24.27372149002951 34.69789023528778 14.763015549713408 57.99168792930459 55.5625662924363 48.030257179519786 47.50832603974872 32.23255866458721 55.771025386346054 15.669532808083863 8.162075888057343 62.65953098426736 34.58766974776418 40.14201320550586 52.36482915947008 22.21946412604318 43.299341197979885 22.886821255609934 21.295010448796493 21.073950369017997 14.135436358992202 32.1611010979009 63.38245487786789 30.907730214801006 55.41372754599055 47.173628306567814 35.762372030397245
43.26755390217533 73.26457960210274 60.19136267469099 75.77291628579691 0.0 19.57264203179223 29.4702552009483 51.349041306534126 83.26014842660211 20.341112024046854 79.20593526394958 45.12365365369842 18.83177912497386 103.90952374908419 76.23230463296116 25.381679677815427 54.05013800881084 35.02721360294153 57.56394032619476 71.58845282020852 42.19040556312028 64.0928916225409 68.05538534306741 62.05639972883901 18.988482453223302 23.351568628248145 28.29323190661368 28.56202146479873 74.89674050996894 21.066654523507435 76.22557085099302 73.38053481379004 24.35240347599351 69.46832497283383 82.28276550720119 23.515838877654307 55.897435154337934 33.29959010911812 59.43201084326685 64.31825604703882 54.70283421204718 63.26686538233272 80.49569475252268 18.159324106046288 93.14661070068124 21.41947226031561 77.15686350272706 46.33604920070419
29.485152594219095 62.28274800210295 60.38135877522008 59.39493488066102 19.57264203179223 0.0 14.559057486372742 40.00494226774988 72.55377717793999 7.018749887926871 64.16613004809244 30.686732002759875 27.231251485604364 95.34425597946252 56.67199982594798 15.630010720068583 41.01785997008861 19.215269088349324 44.53702613323326 58.72818752053814 31.01211892700987 52.561102681610315 59.41750735474133 46.983295017211304 3.755673502137271 4.011085354716695 17.589593667884802 16.968293445392234 65.21116945090029 4.932645769965233 62.70657651964453 58.41022759402524 27.93794694223367 60.73305054154899 62.7102203054831 9.866750167899058 42.13243023466807 21.723743729972718 46.93635220597464 51.94975947160663 38.655903617782606 48.384844988083096 70.28539245308626 4.442970880125006 74.06070989614315 15.544874067810465 57.780699920248324 27.19222852663021
14.989087133189377 47.73213425378812 49.83055432624422 46.378232392265396 29.4702552009483 14.559057486372742 0.0 25.502070144429215 58.003393695042426 9.431939509356383 50.3523881575456 16.371861814694277 27.335075147671244 80.94813462323808 50.724694037778654 7.147840771400896 26.50180493183199 5.563965687690363 30.03677899555418 44.25969658923387 16.696433660143313 38.00396666013289 45.191926494252485 33.09767205884387 12.09221216733802 11.764256365496852 6.244774109758952 5.01401605995225 50.76314639816794 9.977543356480785 48.37287942938224 44.54041169917368 24.232535442323744 46.47414189343689 57.22071353551902 5.986599602635085 27.747945519313607 7.975072846635871 32.39458286665872 37.41117604521895 25.311475498944127 34.4203252806117 55.767051992498125 18.994424751798668 64.9969952129279 11.434402064856368 54.728541706508544 19.931482228153605
11.51404544521212 22.368450723852376 35.59459099394621 30.079855331416102 51.349041306534126 40.00494226774988 25.502070144429215 0.0 32.617460578123634 34.00441166464741 30.019057870668913 11.725628207935213 40.36166230135514 55.49731293685759 52.464847254327005 26.3477493832904 5.433750380707268 21.930614753588678 7.574789994257162 20.39318539531331 9.267994677743074 12.818791405706756 20.225083550946977 15.659827593594754 37.16512060187638 37.217497457195115 23.547281452440167 23.678554505489895 25.284162772460125 35.234163571144954 25.32607933610457 24.577991168051618 33.67862263431397 21.393465218267412 58.79107494733094 30.515355909542166 8.298055725916965 18.661053901220217 8.425592316448926 13.045735616559679 15.61171205740921 15.986707498272766 30.281019350937992 44.44789168343143 57.90484384888424 29.933081421130126 61.012023830293714 30.493280257664363
43.302116200275066 10.2712713811143 43.514173446934585 31.353888791786275 83.26014842660211 72.55377717793999 58.003393695042426 32.617460578123634 0.0 66.620799824434 22.938975603838543 42.57666247632832 69.71538653050662 24.465631512487448 66.75201015191199 58.80725215624425 31.9379038900769 53.927164983954725 28.640878486591173 16.140540701843918 41.82721599696451 20.02037733044352 16.6399164630851 30.493926127618675 69.77772072751203 69.6064945012709 56.07401677531784 56.268841873183554 9.096948734111912 67.8269085765436 15.901467271367997 24.01884764192744 62.58893241757072 15.310086272699628 71.47195967192997 63.13201952532113 31.624355642180934 51.256603848738855 25.953417733866686 21.123658967443237 38.812672518300026 29.00351003815118 3.4151984943335427 76.99403853418958 60.476748244929595 62.03794659894841 77.97763158845768 57.70910924268109
24.192391670116024 56.37160122520404 53.40625130895915 55.75515429410714 20.341112024046854 7.018749887926871 9.431939509356383 34.00441166464741 66.620799824434 0.0 59.77529955797331 25.727217461395654 22.547258134125325 89.01329657652543 57.28943791271051 8.668812999433452 35.58706539752858 14.87338829058899 39.14164261466795 53.38075586189041 24.82149379743929 46.73956716926215 52.96797829180997 42.521767665294824 3.396846849836427 6.952311604373466 10.861877576542854 10.42909169665153 59.00147522014329 2.5750539588553014 57.62933447911616 53.959853634312225 21.9576944460846 54.3086033836689 63.59685181869443 3.5565329903929532 37.008851189599845 15.393752592866674 41.372942966373955 46.38564294518209 34.70736268891996 43.8339132744678 64.21965942589125 11.121940169263627 73.10725044240418 8.798849098150471 59.78422770882145 26.64987940402604
35.938477226028105 19.805908044132895 57.41119636068312 8.952797677736589 79.20593526394958 64.16613004809244 50.3523881575456 30.019057870668913 22.938975603838543 59.77529955797331 0.0 34.13315188270913 70.20820415478684 45.18447644199863 44.57536395867868 53.87469923107827 25.77861585787979 45.09039419189362 22.590482607407132 12.660877488638345 37.95281373901603 20.743778499561785 29.139492041515684 17.254817064664827 62.334389133126685 60.51250357805598 50.96766703484845 50.6451278999753 25.235798577200708 60.142375848377604 8.295945672079755 5.827561322648795 63.65489989986377 28.724866892005828 48.8780751814766 56.26612339781204 23.508541666652302 46.0130210015822 21.763008628275472 18.376722430651363 25.607037530830954 15.960161830727431 24.169588480798772 68.35644255570546 37.82158283774331 58.16869872212539 56.11544437847637 42.60328792887325
2.348868120917623 32.38972702337041 44.975593848895784 30.966442907413736 45.12365365369842 30.686732002759875 16.371861814694277 11.725628207935213 42.57666247632832 25.727217461395654 34.13315188270913 0.0 38.29937209231494 66.29159132216077 44.49656508341545 19.941409948710223 10.63881692956411 11.532946673019586 14.024297063304546 28.08436334198825 8.223211782113431 22.657656307672447 31.788920870211083 16.9340780301069 28.45903379284006 27.376782873385135 17.078255481689304 16.619300986971766 36.17846747564348 26.318344128909832 32.03326155668458 28.306379775872863 32.760807755183805 32.88667640677503 51.05063068910142 22.19009101861419 11.449150236427338 12.351408642400573 16.627385209157058 21.553620911988183 10.40699708664072 18.173327991434693 40.669824141004305 35.052084295344244 53.937452817326886 24.449287093259642 51.72003916461627 19.104916809116023
36.009744200933646 60.339685048486395 41.70230085329181 68.77544240361276 18.83177912497386 27.231251485604364 27.335075147671244 40.36166230135514 69.71538653050662 22.547258134125325 70.20820415478684 38.29937209231494 0.0 88.34390909336848 78.0574487465047 20.35471768492562 44.46379561506155 32.03515127218978 47.627585820226784 60.50447589057239 32.40781694572686 52.166078239367735 53.52577257379978 54.10285867574124 24.121432246241895 29.140690226594764 22.477154976232512 23.478699022167483 60.84856721715666 24.899540599806887 65.59844313631214 64.57558726314971 7.139929371244232 54.94384959235501 84.55548662474125 23.38400154685074 46.923557142154614 26.224052485246286 48.78430668953285 53.17732511933144 48.70488306807304 54.98182245054164 66.64667983836772 28.977618830343456 91.40927179620344 15.910404386316074 81.71958230906226 47.25174037148061
66.73970871497025 34.09334795288162 53.21694131482059 54.10551807842895 103.90952374908419 95.34425597946252 80.94813462323808 55.49731293685759 24.465631512487448 89.01329657652543 45.18447644199863 66.29159132216077 88.34390909336848 0.0 89.75984034075965 80.74671237817591 55.73806837065111 77.34285705035207 52.639766078736514 40.592833751364644 64.3325271931293 43.67434180977406 36.11317250545447 54.95696402397139 92.30067716019995 92.69531245269319 78.20491201864354 78.58577128885842 30.219310680413013 90.48918584722733 39.6577936892192 47.65603683571452 81.28458932847394 34.742651570462094 93.9275276391025 85.64267909912373 55.75564869763455 73.67008744647535 49.853104486058946 45.25814059031051 63.23942323717076 53.46130110120213 25.728835013961007 99.77651601916645 80.26884739371447 83.38044725706487 101.27251185598094 82.12588753184993
46.609160524897945 60.27896081897376 88.05941206098441 35.67005554126272 76.23230463296116 56.67199982594798 50.724694037778654 52.464847254327005 66.75201015191199 57.28943791271051 44.57536395867868 44.49656508341545 78.0574487465047 89.75984034075965 0.0 57.743931071871735 47.49899903195431 46.2424834176334 47.76090312939198 51.90251366404862 52.71926987505003 54.5344764693042 66.34079721452909 40.16042102999423 57.57447611006472 52.898293057060926 55.92417290213138 54.80422716231821 66.06947025532317 55.75103460464638 50.85486498338787 42.75537768697324 74.37530902061259 66.70270182707226 6.602084105993318 55.26247625973397 45.07748273465814 53.40847511907178 49.89954105898474 51.48900797335134 36.853946083223725 41.07812802149082 67.14476042597934 58.83583086959127 22.059401689779197 62.15800276769507 11.774276741469592 30.866501585129857
17.964203147918287 48.62584554829101 45.17040159704272 50.869023184815944 25.381679677815427 15.630010720068583 7.147840771400896 26.3477493832904 58.80725215624425 8.668812999433452 53.87469923107827 19.941409948710223 20.35471768492562 80.74671237817591 57.743931071871735 0.0 28.696295298659848 11.715445153260964 32.226117129361974 46.340050365336175 17.08266563628795 39.166526431043586 44.64242146879238 36.80888968717013 12.064450523061737 14.536007117349978 2.9120439844322656 3.399631693320421 50.90967902401855 10.791355022218731 50.88714040466744 48.0555329675109 17.10532368271373 46.0050588309844 64.26469851146027 6.101278232259412 30.51659034643128 7.922225555289028 34.193815464143384 39.14171964722227 29.957724325613878 37.97072536272409 56.26763328790242 19.789694921325566 71.36194737018086 4.716904621379257 61.876195595325186 27.0307103272172
11.533770445499938 21.762489785343913 40.658101633970176 24.9757422428224 54.05013800881084 41.01785997008861 26.50180493183199 5.433750380707268 31.9379038900769 35.58706539752858 25.77861585787979 10.63881692956411 44.46379561506155 55.73806837065111 47.49899903195431 28.696295298659848 0.0 22.063572843354322 3.5565329903929532 17.793692006606317 12.189999061987248 12.064646279135363 22.0928877301335 10.34782433007323 38.536075180142 37.860577280962836 25.795594387082826 25.67507752596047 25.750508472620705 36.467936889857164 22.19254003694841 20.111965902857452 38.02653864456333 23.037060048736283 53.744956133267216 32.03296936555674 2.876261560889707 20.777907951796276 5.991696228553051 10.959247383468051 10.831337560275085 10.842515631741492 30.067253818139502 45.42771193653963 52.47120668846158 32.73211685678199 56.41987984197286 27.665081246160494
10.634733689638908 43.686171244151446 49.93066438062233 40.88176799470496 35.02721360294153 19.215269088349324 5.563965687690363 21.930614753588678 53.927164983954725 14.87338829058899 45.09039419189362 11.532946673019586 32.03515127218978 77.34285705035207 46.2424834176334 11.715445153260964 22.063572843354322 0.0 25.51994774628887 39.61720103662011 14.079244469696286 33.921787648881505 42.06990100350375 27.85286127962392 17.250408989222453 15.843956886316972 9.682997450574407 8.585897407574235 47.12975875407866 15.052769019670274 43.50204775910887 39.300903865970376 28.152377005746242 43.28147933622675 52.80112986632938 11.519272648575383 22.97406083903357 8.107659266006348 28.046063812979362 33.02045301467546 19.841110429231144 29.223528277591782 51.8791401979249 23.546505127146563 59.71665850231479 16.36290629716432 51.05770621360634 15.939424696078182
15.05434521577607 18.565055740894362 41.01833570406083 22.588597913319475 57.56394032619476 44.53702613323326 30.03677899555418 7.574789994257162 28.640878486591173 39.14164261466795 22.590482607407132 14.024297063304546 47.627585820226784 52.639766078736514 47.76090312939198 32.226117129361974 3.5565329903929532 25.51994774628887 0.0 14.239926697632955 15.563309196878476 9.074234336178991 19.995736984890456 8.61708711739532 42.082112510390914 41.34287338241788 29.329431437229786 29.223388898616783 22.894351473016936 40.007635957890905 18.663256469826674 17.050987664737743 41.07012769247336 20.792327864170502 53.84146791169945 35.587107733321616 3.2876604767574102 24.31262945742467 2.841863573142044 7.54098983012543 12.05216224412898 8.637608871605114 26.918258626022634 48.940092930793234 51.199604409345866 36.21831627467321 57.181031496758735 30.08204896567095
29.270655160732165 8.438691904899374 44.75033949387888 18.207693066293285 71.58845282020852 58.72818752053814 44.25969658923387 20.39318539531331 16.140540701843918 53.38075586189041 12.660877488638345 28.08436334198825 60.50447589057239 40.592833751364644 51.90251366404862 46.340050365336175 17.793692006606317 39.61720103662011 14.239926697632955 0.0 29.403962536552104 8.704933994739495 16.699410945469328 14.37184990103396 56.317433604395724 55.46112658196607 43.461470089038315 43.4076555089017 14.269690727540324 54.23505388967252 5.29912999646523 10.045630813368508 53.64146408296725 16.458356616389977 57.10769333242242 49.82659568263327 16.657210068682705 38.45623149828564 12.15702399421239 7.3577625178242325 22.884546796017027 12.868865110264851 15.607047146261811 63.11593891741833 49.07348537893586 50.18045575409114 62.75780297305012 41.750890249412805
6.228960449600805 31.602330187067324 37.336616291946164 36.46361544081085 42.19040556312028 31.01211892700987 16.696433660143313 9.267994677743074 41.82721599696451 24.82149379743929 37.95281373901603 8.223211782113431 32.40781694572686 64.3325271931293 52.71926987505003 17.08266563628795 12.189999061987248 14.079244469696286 15.563309196878476 29.403962536552104 0.0 22.08587991047282 28.495699447386297 21.729620075563794 28.036780266268124 28.45757448026428 14.280363958629353 14.44183808315237 34.217246651729056 26.17103421825302 34.13261564599372 32.245933450847446 26.197676443857407 29.781651296069597 59.27091275275811 21.371959453706665 14.527290607892956 9.433446798619654 17.253063652964563 22.13001960104112 17.59427699822318 22.575315569616855 39.39816953784884 35.44638789159464 61.531757902178526 20.776979805850218 59.82589729342355 26.307153316025165
23.29019117757569 9.76465178363927 37.29747150125138 24.27372149002951 64.0928916225409 52.561102681610315 38.00396666013289 12.818791405706756 20.02037733044352 46.73956716926215 20.743778499561785 22.657656307672447 52.166078239367735 43.67434180977406 54.5344764693042 39.166526431043586 12.064646279135363 33.921787648881505 9.074234336178991 8.704933994739495 22.08587991047282 0.0 11.832195933269267 14.424047413599412 49.84779143031208 49.58670823693128 36.362280646659606 36.469052984146806 13.821314164577704 47.86624125107613 14.003324228865178 16.649833116923443 45.22180171420317 12.336647393413166 60.27844833393058 43.22510712541287 12.316812106664008 31.452609419881277 6.237741514016556 3.1332226442964166 20.699328587508305 13.458639034256553 18.012447463401717 56.9983146075065 54.874745981923866 42.696580872874804 64.61933647159302 39.11516810403773
31.73893679055619 9.948621786334998 28.86625477617432 34.69789023528778 68.05538534306741 59.41750735474133 45.191926494252485 20.225083550946977 16.6399164630851 52.96797829180997 29.139492041515684 31.788920870211083 53.52577257379978 36.11317250545447 66.34079721452909 44.64242146879238 22.0928877301335 42.06990100350375 19.995736984890456 16.699410945469328 28.495699447386297 11.832195933269267 0.0 26.25623578912676 56.28280678710875 56.953004209732796 42.13135357105371 42.554161823632235 7.543399329770825 54.52632244759388 20.978962093257234 26.595924290927815 46.38593555156755 1.4226131961577468 72.02746503131934 49.642775222510636 23.253277018128973 37.69571987865698 17.290332708640953 14.851881044501544 32.030833859373246 25.265914045575638 13.347022755660666 63.83086958600206 65.60256989509041 47.29827923565956 76.44719568728722 49.757885122288975
18.847055603732063 21.66336748627482 49.50616950136399 14.763015549713408 62.05639972883901 46.983295017211304 33.09767205884387 15.659827593594754 30.493926127618675 42.521767665294824 17.254817064664827 16.9340780301069 54.10285867574124 54.95696402397139 40.16042102999423 36.80888968717013 10.34782433007323 27.85286127962392 8.61708711739532 14.37184990103396 21.729620075563794 14.424047413599412 26.25623578912676 0.0 45.08782397947073 43.38970248279856 33.91746357387655 33.52589033381907 27.07256941072191 42.90011426428321 16.635857296574745 11.449757738080782 47.91357437202952 26.71923976310836 46.00978573065083 39.01641769125649 7.515504200905171 29.03435361393808 10.038975529972594 11.470335703190944 8.894475737895265 1.5542699114761422 29.68055065045199 51.21784655203442 42.582538093760874 41.21501869564925 50.20419533756754 27.504984922416014
27.058132742962012 59.517027611963364 56.6382360984825 57.99168792930459 18.988482453223302 3.755673502137271 12.09221216733802 37.16512060187638 69.77772072751203 3.396846849836427 62.334389133126685 28.45903379284006 24.121432246241895 92.30067716019995 57.57447611006472 12.064450523061737 38.536075180142 17.250408989222453 42.082112510390914 56.317433604395724 28.036780266268124 49.84779143031208 56.28280678710875 45.08782397947073 0.0 5.1477757269330615 14.222990301485357 13.72889819084237 62.246885329818575 2.221738645860695 60.464274794730734 56.53758171210992 24.371566754311043 57.616791058630284 63.76271402415282 6.66551973839325 39.83802042938652 18.63705965819127 44.380879308392075 49.39883899218978 37.03503145167571 46.43962920094943 67.42032791890779 7.725370016043407 74.15857525787311 11.790671967276033 59.3972660995182 27.364913389568546
26.34859944301415 59.34136273640376 59.70557986712703 55.5625662924363 23.351568628248145 4.011085354716695 11.764256365496852 37.217497457195115 69.6064945012709 6.952311604373466 60.51250357805598 27.376782873385135 29.140690226594764 92.69531245269319 52.898293057060926 14.536007117349978 37.860577280962836 15.843956886316972 41.34287338241788 55.46112658196607 28.45757448026428 49.58670823693128 56.953004209732796 43.38970248279856 5.1477757269330615 0.0 15.933329671209439 15.09217365227481 62.49674604176614 4.388194095737634 59.30456299160595 54.784787271689396 28.904096164590126 58.23764704692067 59.00141328278122 8.434932986845519 38.81607880543345 19.46064042953178 43.823943656591 48.818632856243475 34.9425679240144 44.81663688406551 67.44116136941341 7.848730128861307 70.08199363272652 15.667242230180285 54.37676703202385 23.204633972402057
15.07044306737521 45.86909065033362 44.11188245887096 48.030257179519786 28.29323190661368 17.589593667884802 6.244774109758952 23.547281452440167 56.07401677531784 10.861877576542854 50.96766703484845 17.078255481689304 22.477154976232512 78.20491201864354 55.92417290213138 2.9120439844322656 25.795594387082826 9.682997450574407 29.329431437229786 43.461470089038315 14.280363958629353 36.362280646659606 42.13135357105371 33.91746357387655 14.222990301485357 15.933329671209439 0.0 1.2409476280387963 48.27308475123362 12.660462924537251 47.98784043950898 45.14968057715302 18.50085573546069 43.479670894775246 62.47956972242884 7.7339351516950225 27.604660646392084 5.017709716910199 31.32229355135082 36.28199518402583 27.17574861054041 35.07051386830621 53.57798093820128 21.897876501514347 68.9862591354018 7.403898488203442 60.507627202823116 25.456685795950577
14.70702238175661 46.03873609921358 45.17077094598609 47.50832603974872 28.56202146479873 16.968293445392234 5.01401605995225 23.678554505489895 56.268841873183554 10.42909169665153 50.6451278999753 16.619300986971766 23.478699022167483 78.58577128885842 54.80422716231821 3.399631693320421 25.67507752596047 8.585897407574235 29.223388898616783 43.4076555089017 14.44183808315237 36.469052984146806 42.554161823632235 33.52589033381907 13.72889819084237 15.09217365227481 1.2409476280387963 0.0 48.57907355061665 12.038810205612844 47.85762461183373 44.820603277363254 19.668796114340957 43.88964933261864 61.3523077399008 7.112685429987883 27.37893934430153 5.017709716910199 31.297490315461953 36.28199518402583 26.570173335253603 34.71420158091925 53.8252446966534 21.330912406152937 68.06460500323344 8.098050024657445 59.30723726475883 24.27754976470149
36.54086203752433 5.831209832451437 35.26002667188641 32.23255866458721 74.89674050996894 65.21116945090029 50.76314639816794 25.284162772460125 9.096948734111912 59.00147522014329 25.235798577200708 36.17846747564348 60.84856721715666 30.219310680413013 66.06947025532317 50.90967902401855 25.750508472620705 47.12975875407866 22.894351473016936 14.269690727540324 34.217246651729056 13.821314164577704 7.543399329770825 27.07256941072191 62.246885329818575 62.49674604176614 48.27308475123362 48.57907355061665 0.0 60.38680860815047 16.984816637781538 24.133305619516364 53.71158588607629 6.22019666587905 71.35619711330772 55.58142803678671 26.13511223089787 43.61419877503349 20.05487308971103 16.000271411461704 34.33522810417406 25.781869823747186 5.827821651325638 69.65045153938722 62.84279872479249 53.87078846539728 76.75818549926412 52.91649230910714
24.965288861724805 57.55987444721749 55.796098896594025 55.771025386346054 21.066654523507435 4.932645769965233 9.977543356480785 35.234163571144954 67.8269085765436 2.5750539588553014 60.142375848377604 26.318344128909832 24.899540599806887 90.48918584722733 55.75103460464638 10.791355022218731 36.467936889857164 15.052769019670274 40.007635957890905 54.23505388967252 26.17103421825302 47.86624125107613 54.52632244759388 42.90011426428321 2.221738645860695 4.388194095737634 12.660462924537251 12.038810205612844 60.38680860815047 0.0 58.34047387103035 54.349524194175686 24.516028370474135 55.847993995760035 61.9880333781277 4.934106152416491 37.719759496077266 16.832161260362877 42.33906286240505 47.357333629911764 34.82055930519752 44.258837704254724 65.50998901833397 9.306117113995848 72.09492394571878 11.35581981501419 57.86519091841182 25.36964463544163
33.437265460086685 11.510639513017129 49.53471057927246 15.669532808083863 76.22557085099302 62.70657651964453 48.37287942938224 25.32607933610457 15.901467271367997 57.62933447911616 8.295945672079755 32.03326155668458 65.59844313631214 39.6577936892192 50.85486498338787 50.88714040466744 22.19254003694841 43.50204775910887 18.663256469826674 5.29912999646523 34.13261564599372 14.003324228865178 20.978962093257234 16.635857296574745 60.464274794730734 59.30456299160595 47.98784043950898 47.85762461183373 16.984816637781538 58.34047387103035 0.0 8.122034951402998 58.782689219752854 20.494497208688855 55.64813819251835 54.07370349486401 20.627891344281675 42.97023093963461 16.938892048455628 12.439221473113895 25.51908051028543 15.085510163763685 16.494420745949988 67.04823933285762 45.899017268695715 54.86354139760417 62.08450053000185 44.02783711836369
30.11362648581625 18.33752746960949 53.906496919049694 8.162075888057343 73.38053481379004 58.41022759402524 44.54041169917368 24.577991168051618 24.01884764192744 53.959853634312225 5.827561322648795 28.306379775872863 64.57558726314971 47.65603683571452 42.75537768697324 48.0555329675109 20.111965902857452 39.300903865970376 17.050987664737743 10.045630813368508 32.245933450847446 16.649833116923443 26.595924290927815 11.449757738080782 56.53758171210992 54.784787271689396 45.14968057715302 44.820603277363254 24.133305619516364 54.349524194175686 8.122034951402998 0.0 58.09625759512591 26.448351915119808 47.638076667084306 50.44711259917171 17.752133251550497 40.20195341975152 16.538564574621404 13.879030680050809 19.955917596324653 10.13438792650425 24.447141580290626 62.622833235198215 39.045419941102196 52.36482915947008 53.96259789220305 37.494380992768804
30.422367198484984 53.26080759305187 35.89675350312184 62.65953098426736 24.35240347599351 27.93794694223367 24.232535442323744 33.67862263431397 62.58893241757072 21.9576944460846 63.65489989986377 32.760807755183805 7.139929371244232 81.28458932847394 74.37530902061259 17.10532368271373 38.02653864456333 28.152377005746242 41.07012769247336 53.64146408296725 26.197676443857407 45.22180171420317 46.38593555156755 47.91357437202952 24.371566754311043 28.904096164590126 18.50085573546069 19.668796114340957 53.71158588607629 24.516028370474135 58.782689219752854 58.09625759512591 0.0 47.80411151549159 80.94412286682606 21.678364812306253 40.591644467662825 21.287830037723698 42.07235186528679 46.34508571014963 43.121563772446414 48.703650282520634 59.51199734870787 30.627577105307992 86.4847564549508 13.626412966335973 78.93461756147939 43.945898022465265
32.899502274658275 9.210532715255203 29.69933373009503 34.58766974776418 69.46832497283383 60.73305054154899 46.47414189343689 21.393465218267412 15.310086272699628 54.3086033836689 28.724866892005828 32.88667640677503 54.94384959235501 34.742651570462094 66.70270182707226 46.0050588309844 23.037060048736283 43.28147933622675 20.792327864170502 16.458356616389977 29.781651296069597 12.336647393413166 1.4226131961577468 26.71923976310836 57.616791058630284 58.23764704692067 43.479670894775246 43.88964933261864 6.22019666587905 55.847993995760035 20.494497208688855 26.448351915119808 47.80411151549159 0.0 72.32122954449204 50.97159774835086 24.068916810588345 39.01587079739794 18.03752888107844 15.257830981745611 32.78472682182932 25.667776411629138 11.989303790757154 65.1506608772812 65.49158327856519 48.69022729695859 76.92226051993951 50.69026093139822
53.178308914110566 65.53469105528023 94.37163483366645 40.14201320550586 82.28276550720119 62.7102203054831 57.22071353551902 58.79107494733094 71.47195967192997 63.59685181869443 48.8780751814766 51.05063068910142 84.55548662474125 93.9275276391025 6.602084105993318 64.26469851146027 53.744956133267216 52.80112986632938 53.84146791169945 57.10769333242242 59.27091275275811 60.27844833393058 72.02746503131934 46.00978573065083 63.76271402415282 59.00141328278122 62.47956972242884 61.3523077399008 71.35619711330772 61.9880333781277 55.64813819251835 47.638076667084306 80.94412286682606 72.32122954449204 0.0 61.65907608879267 51.25559398424876 60.00424923835514 55.88017072161656 57.19488337034432 43.198595815329924 46.834202948730905 72.0839928946519 64.68843033399006 20.699696585202105 68.64852666301769 10.832600352739957 37.32016748573713
20.63724092773321 52.87586596016492 51.27158156036877 52.36482915947008 23.515838877654307 9.866750167899058 5.986599602635085 30.515355909542166 63.13201952532113 3.5565329903929532 56.26612339781204 22.19009101861419 23.38400154685074 85.64267909912373 55.26247625973397 6.101278232259412 32.03296936555674 11.519272648575383 35.587107733321616 49.82659568263327 21.371959453706665 43.22510712541287 49.642775222510636 39.01641769125649 6.66551973839325 8.434932986845519 7.7339351516950225 7.112685429987883 55.58142803678671 4.934106152416491 54.07370349486401 50.44711259917171 21.678364812306253 50.97159774835086 61.65907608879267 0.0 33.45456363687184 11.974101982978794 37.82755223871747 42.84178288404688 31.29752784567437 40.31705578588849 60.75996136159902 14.21823968284895 70.42551177494322 8.051974369706418 58.373935459321785 24.42870571896314
12.818714792012257 21.662303995197952 43.25542483854302 22.21946412604318 55.897435154337934 42.13243023466807 27.747945519313607 8.298055725916965 31.624355642180934 37.008851189599845 23.508541666652302 11.449150236427338 46.923557142154614 55.75564869763455 45.07748273465814 30.51659034643128 2.876261560889707 22.97406083903357 3.2876604767574102 16.657210068682705 14.527290607892956 12.316812106664008 23.253277018128973 7.515504200905171 39.83802042938652 38.81607880543345 27.604660646392084 27.37893934430153 26.13511223089787 37.719759496077266 20.627891344281675 17.752133251550497 40.591644467662825 24.068916810588345 51.25559398424876 33.45456363687184 0.0 22.60709179663433 6.114065474891929 10.515487721655003 8.866577547977327 8.126002864107157 30.02693939372508 46.501179747351635 49.61666381575828 34.70980387140314 54.2555705261317 26.807643888132127
10.221090141849333 41.02300728412981 42.258137896534784 43.299341197979885 33.29959010911812 21.723743729972718 7.975072846635871 18.661053901220217 51.256603848738855 15.393752592866674 46.0130210015822 12.351408642400573 26.224052485246286 73.67008744647535 53.40847511907178 7.922225555289028 20.777907951796276 8.107659266006348 24.31262945742467 38.45623149828564 9.433446798619654 31.452609419881277 37.69571987865698 29.03435361393808 18.63705965819127 19.46064042953178 5.017709716910199 5.017709716910199 43.61419877503349 16.832161260362877 42.97023093963461 40.20195341975152 21.287830037723698 39.01587079739794 60.00424923835514 11.974101982978794 22.60709179663433 0.0 26.32573002461638 31.297490315461953 22.652448053599425 30.151746594091602 48.82890926306018 26.135363499077283 65.29487175729481 12.181214618323551 58.842166033321256 23.790150610584796
17.477538912703938 15.809879083605518 39.53999731224933 22.886821255609934 59.43201084326685 46.93635220597464 32.39458286665872 8.425592316448926 25.953417733866686 41.372942966373955 21.763008628275472 16.627385209157058 48.78430668953285 49.853104486058946 49.89954105898474 34.193815464143384 5.991696228553051 28.046063812979362 2.841863573142044 12.15702399421239 17.253063652964563 6.237741514016556 17.290332708640953 10.038975529972594 44.380879308392075 43.823943656591 31.32229355135082 31.297490315461953 20.05487308971103 42.33906286240505 16.938892048455628 16.538564574621404 42.07235186528679 18.03752888107844 55.88017072161656 37.82755223871747 6.114065474891929 26.32573002461638 0.0 5.018371267791475 14.749151135822972 9.629124471851277 24.145022593053113 51.355963566028564 52.34159512010442 38.026839780919985 59.5435403181786 32.91959642280906
22.480017233792285 11.174679098867406 40.249471985470095 21.295010448796493 64.31825604703882 51.94975947160663 37.41117604521895 13.045735616559679 21.123658967443237 46.38564294518209 18.376722430651363 21.553620911988183 53.17732511933144 45.25814059031051 51.48900797335134 39.14171964722227 10.959247383468051 33.02045301467546 7.54098983012543 7.3577625178242325 22.13001960104112 3.1332226442964166 14.851881044501544 11.470335703190944 49.39883899218978 48.818632856243475 36.28199518402583 36.28199518402583 16.000271411461704 47.357333629911764 12.439221473113895 13.879030680050809 46.34508571014963 15.257830981745611 57.19488337034432 42.84178288404688 10.515487721655003 31.297490315461953 5.018371267791475 0.0 18.343995588182025 10.418477785255448 19.535598724661913 56.36715085248409 51.79260094298615 42.90063081419966 61.66652347684148 37.04305862434539
12.717966701832703 29.380694473595696 51.206039385852804 21.073950369017997 54.70283421204718 38.655903617782606 25.311475498944127 15.61171205740921 38.812672518300026 34.70736268891996 25.607037530830954 10.40699708664072 48.70488306807304 63.23942323717076 36.853946083223725 29.957724325613878 10.831337560275085 19.841110429231144 12.05216224412898 22.884546796017027 17.59427699822318 20.699328587508305 32.030833859373246 8.894475737895265 37.03503145167571 34.9425679240144 27.17574861054041 26.570173335253603 34.33522810417406 34.82055930519752 25.51908051028543 19.955917596324653 43.121563772446414 32.78472682182932 43.198595815329924 31.29752784567437 8.866577547977327 22.652448053599425 14.749151135822972 18.343995588182025 0.0 10.437578630301699 37.65744895590054 42.79113324064847 43.939084904698035 34.57959662707696 45.59000261341194 18.897132650863718
20.010883524852076 20.301108617132 49.16790516701781 14.135436358992202 63.26686538233272 48.384844988083096 34.4203252806117 15.986707498272766 29.00351003815118 43.8339132744678 15.960161830727431 18.173327991434693 54.98182245054164 53.46130110120213 41.07812802149082 37.97072536272409 10.842515631741492 29.223528277591782 8.637608871605114 12.868865110264851 22.575315569616855 13.458639034256553 25.265914045575638 1.5542699114761422 46.43962920094943 44.81663688406551 35.07051386830621 34.71420158091925 25.781869823747186 44.258837704254724 15.085510163763685 10.13438792650425 48.703650282520634 25.667776411629138 46.834202948730905 40.31705578588849 8.126002864107157 30.151746594091602 9.629124471851277 10.418477785255448 10.437578630301699 0.0 28.249562182853293 52.63668825782249 42.73399332032479 42.33020669969019 51.27962640436297 29.05454548676531
41.245613354239204 8.364858241631696 40.143056782262384 32.1611010979009 80.49569475252268 70.28539245308626 55.767051992498125 30.281019350937992 3.4151984943335427 64.21965942589125 24.169588480798772 40.669824141004305 66.64667983836772 25.728835013961007 67.14476042597934 56.26763328790242 30.067253818139502 51.8791401979249 26.918258626022634 15.607047146261811 39.39816953784884 18.012447463401717 13.347022755660666 29.68055065045199 67.42032791890779 67.44116136941341 53.57798093820128 53.8252446966534 5.827821651325638 65.50998901833397 16.494420745949988 24.447141580290626 59.51199734870787 11.989303790757154 72.0839928946519 60.75996136159902 30.02693939372508 48.82890926306018 24.145022593053113 19.535598724661913 37.65744895590054 28.249562182853293 0.0 74.72836322756771 61.96090297689159 59.36770239537881 78.1908668212934 56.498344978070676
33.8939497348941 66.72287606817463 64.08271073242784 63.38245487786789 18.159324106046288 4.442970880125006 18.994424751798668 44.44789168343143 76.99403853418958 11.121940169263627 68.35644255570546 35.052084295344244 28.977618830343456 99.77651601916645 58.83583086959127 19.789694921325566 45.42771193653963 23.546505127146563 48.940092930793234 63.11593891741833 35.44638789159464 56.9983146075065 63.83086958600206 51.21784655203442 7.725370016043407 7.848730128861307 21.897876501514347 21.330912406152937 69.65045153938722 9.306117113995848 67.04823933285762 62.622833235198215 30.627577105307992 65.1506608772812 64.68843033399006 14.21823968284895 46.501179747351635 26.135363499077283 51.355963566028564 56.36715085248409 42.79113324064847 52.63668825782249 74.72836322756771 0.0 76.94751304474059 19.135237352512505 59.11916625817182 30.27129019724841
56.2830454064669 57.17684356025804 91.81283165649404 30.907730214801006 93.14661070068124 74.06070989614315 64.9969952129279 57.90484384888424 60.476748244929595 73.10725044240418 37.82158283774331 53.937452817326886 91.40927179620344 80.26884739371447 22.059401689779197 71.36194737018086 52.47120668846158 59.71665850231479 51.199604409345866 49.07348537893586 61.531757902178526 54.874745981923866 65.60256989509041 42.582538093760874 74.15857525787311 70.08199363272652 68.9862591354018 68.06460500323344 62.84279872479249 72.09492394571878 45.899017268695715 39.045419941102196 86.4847564549508 65.49158327856519 20.699696585202105 70.42551177494322 49.61666381575828 65.29487175729481 52.34159512010442 51.79260094298615 43.939084904698035 42.73399332032479 61.96090297689159 76.94751304474059 0.0 76.05529285617031 31.494388659785365 46.88050051625093
22.385910257050778 51.95909203286034 44.948530964115484 55.41372754599055 21.41947226031561 15.544874067810465 11.434402064856368 29.933081421130126 62.03794659894841 8.798849098150471 58.16869872212539 24.449287093259642 15.910404386316074 83.38044725706487 62.15800276769507 4.716904621379257 32.73211685678199 16.36290629716432 36.21831627467321 50.18045575409114 20.776979805850218 42.696580872874804 47.29827923565956 41.21501869564925 11.790671967276033 15.667242230180285 7.403898488203442 8.098050024657445 53.87078846539728 11.35581981501419 54.86354139760417 52.36482915947008 13.626412966335973 48.69022729695859 68.64852666301769 8.051974369706418 34.70980387140314 12.181214618323551 38.026839780919985 42.90063081419966 34.57959662707696 42.33020669969019 59.36770239537881 19.135237352512505 76.05529285617031 0.0 65.92230037914521 31.341354294099805
