Dataset: 5, TotalCost: 9414.935657643931, UnservedRequests: 6
Dataset: 5, TotalCost: 12413.468632091772, UnservedRequests: 9
