Dataset: 9, TotalCost: 8286.96021916061, UnservedRequests: 5
Dataset: 9, TotalCost: 8242.12665977632, UnservedRequests: 5
