0.0 104.87218987558445 40.46163637575568 72.39579117373144 57.669218627214065 91.15271097103461 71.82885646745537 92.73120959039099 29.170407425296734 79.45159051393487 43.73019158501927 41.376052377825964 102.6429041022406 79.87621252864868 68.57377039350953 29.836606474888622 47.58759899700733 61.05729118666837 49.894126886422924 72.3304628480436 41.98602593945391 46.252098367255094 37.754701287077765 79.0575759521544 59.26261788560659 55.36296187897965 80.62401983351027 68.84002798612845 70.10202376262475 100.28956561423652 37.18847760886493 66.38509203958303 112.52188435391159 80.08326054941502 68.40664627612331 44.41008929485573 32.871967012443946 57.44606873406887 45.36378620822965 96.21697300303886 51.345228768554485 42.65405987192192 40.01388369598572 44.51470219991719 54.41242775379968 67.36892187578279 81.94593787219968 97.41872300046312 113.42126875657343 129.75772261958943 41.207151808127435 29.754900897745397 25.91117958661083 32.49822549847804 45.16182487857749 60.18103127213505 76.17501530254282 92.64027051119471 109.36414776800781 126.24390775850833 34.11327211272855 18.801120869406557 11.914776344204254 23.00336024144519 38.92377431775382 55.67475881897299 72.68431928292341 89.80564964042105 106.98510215296946 124.19856036053159 32.14650890332981 14.958624654675884 3.5827979907149707 20.015643989650556 37.24418263559978 54.51922458236257 71.80721503390166 89.10061720202336 106.39679230893766 123.69457714254173 36.15355188426046 22.275342672236373 16.85273589780665 25.894994923303077 40.691510855096425 56.918886039743136 73.63716696792189 90.57492682199428 107.62859572256964 124.75064771063667 44.55059238099764 34.216510431058936 30.91104698479751 36.591324113246024 48.177443996687565 62.4653196160149 77.98381328403468 94.12620808636713 110.61970845107217 127.32794540637674 55.37523187020063 47.40766743929831 45.02511767222592 49.048335066424464 58.16288151535691 70.41879054233564 84.45942812061921 99.53234447658721 115.23317168596029 131.33690942583755 67.46885954100873 61.04365322608148 59.15492042555317 62.21718445819661 69.57979515044873 80.06506206959638 92.61844770200914 106.51120112164388 121.28392924322932 136.65154020011315 80.25974253906077 74.88171026418365 73.29121366836085 75.72727830296216 81.83108557616512 90.86649362074547 102.05782658784614 114.77616251090308 128.56913393538565 143.12639214155612 93.46190260029299 88.8272984487009 87.43069650927846 89.42393675614414 94.59297155799706 102.45826516860681 112.45549325826202 124.07036654725962 136.8917447254608 150.6118179929687
104.87218987558445 0.0 75.96228346388617 46.31365092962798 47.439947122250906 21.21950616515254 42.77764936513971 12.862978786946485 76.43854726224356 25.688544161733496 61.70410148839568 64.13729767739709 8.662385444789663 29.405933521810386 44.4723582826294 76.05450974207285 67.35855888279987 61.427216978399315 59.83055014217526 48.36274875811161 64.04980275724695 60.952369782030495 71.93193840526425 50.39883952221004 49.178198940420124 57.5657336498918 40.72509016231458 37.00870483692942 37.07092027887217 10.865327782608471 69.8857087419878 66.39232083278806 7.8243725788647795 31.885831883423325 51.00319012254583 68.51479035887726 72.32984393390417 61.73793606816444 59.770192053924674 11.675007515281603 148.15019318466037 132.57730523892764 117.48914531977232 103.09874854720046 89.7424086877178 77.95346793863445 68.54547171122404 62.60124202191326 61.13955017430343 64.46602958641759 142.83634604751714 126.6395412907567 110.77737898715782 95.41689883562789 80.84456743101545 67.57222946330742 56.52318920781799 49.218271546242846 47.420546201579484 51.70764703997744 138.74027764268195 122.02255685714069 105.49337516075454 89.25753807457912 73.50967339818257 58.64421661907841 45.53377079174331 36.14156197691378 33.73142157922312 39.599408851606455 135.97214772521554 118.88040737133714 101.859654630438 84.95256859595843 68.24368297279246 51.92468878482592 36.52202116829694 23.88000084101096 20.13361704371085 28.968643660153884 134.61394287031388 117.33168763191716 100.0562324770009 82.79183425865891 65.54723037492548 48.343607925221825 31.248725928076933 14.64837002972749 7.16798747404198 22.06578282837323 134.70833637414836 117.43947648601744 100.18202779372463 82.94311336910987 65.73731607552719 48.59982202877818 31.641807543368188 15.465399282465086 8.710136181172908 22.611228993522534 136.25230791797708 119.19927867787253 102.2299172695722 85.3941172207785 68.79001272214622 52.63732295807429 37.523606031380055 25.378447047857154 21.881989468457004 30.2041168586705 139.19760839978397 122.53991650537304 106.08862128737175 89.9570312592768 74.35352618615741 59.693665633884564 46.871399110585145 37.805156655141076 35.49984735550593 41.10907359972159 143.45791215474645 127.33698728009796 111.57036284982313 96.33216062586482 81.91780174760272 68.8467071375081 58.03372892233819 50.937805902697065 49.19459539843878 53.33158661954024 148.92034534672413 133.43343803438495 118.4499460036455 104.18728918002398 90.98509186415684 79.37428332464667 70.14956138406178 64.34546813116042 62.91591033575069 66.1451319107094
40.46163637575568 75.96228346388617 0.0 61.32732137371328 36.90268666460736 57.83806178584826 58.14993102850382 66.04251334851365 18.68389452188074 50.988022683494 31.035838498357478 19.91118889400868 71.28666714304077 59.19692398189291 32.85657254965709 30.58121160611522 8.896516840404196 58.754396277414216 42.40891266333141 62.58580364336034 18.256724011902996 17.66096572052604 8.788237488004222 70.94823370787621 45.04086653509144 48.41059828615825 67.35658271881921 47.08678191114922 50.12748757360531 68.57508345284091 34.184387313967704 25.975909612086323 82.77879277338904 61.339027017354276 29.933693909394037 44.67648906930067 19.933122582479378 54.865991376997805 30.16488264456831 65.25908686894896 72.90795882770742 56.77606115295579 41.595465261749744 28.905973281554296 23.230127057442548 29.02470095629148 41.76049184142569 56.95748451949143 73.09639086448892 89.67006536554109 69.65939893197785 52.55950611984531 35.6550794949771 19.462294064787166 9.219016920416509 19.746210824823404 35.96593662260773 52.876247395066194 69.97827996071969 87.15925068609786 69.20479226263143 51.95827124433029 34.76685375815449 17.79100280311855 4.797804935515926 18.117162432823015 35.10210403942233 52.29528977192413 69.54243630777626 86.81138781212007 71.59738541676109 55.09085967017495 39.27507994529061 25.471019906404056 18.80759607989466 25.63962461523446 39.49388427825669 55.32499710990896 71.83770305254737 88.65194707005232 76.57071263601303 61.3882684093361 47.672563083396746 37.08821041242952 32.81928915001019 37.11313025200125 47.711334522848695 61.433433526154154 76.61899487468997 92.550431140148 83.6657520524964 70.00143933320385 58.30221069046765 49.96795828024346 46.831066171051084 49.88189534782734 58.15463033144989 69.81705662021437 83.4600777719571 98.26215237077544 92.39492129349783 80.18748457635913 70.1565341735805 63.34462325089173 60.842737491772496 63.165113151093706 69.83208242948974 79.76154058491657 91.90202598008929 105.49292300605659 102.34081470485512 91.42204965915958 82.71049527346622 76.95938505709677 74.85421781091708 76.69580794034337 82.2193775390222 90.7551165813392 101.54625735883144 113.95384871087496 113.18300693840635 103.36367547392621 95.68897811858427 90.7049416399327 88.86544391049048 90.36272784738237 95.0392173033622 102.46051847381732 112.08272678839857 123.39202656591414 124.6877711040744 115.79367072556052 108.94021144423336 104.52954956344406 102.87635961604035 104.1120818033486 108.13772403994975 114.65980427660826 123.28274674629716 133.60038227928936
72.39579117373144 46.31365092962798 61.32732137371328 0.0 25.331144872619827 47.72453663268756 4.859386286110091 34.26260995266792 50.42786117136501 32.52747057298701 32.1254394702263 41.83561247385759 49.72557166853633 17.732090007239474 47.50809497938408 43.194534238271565 56.2107914696439 15.698620622391477 22.730083652248705 2.351179538549203 43.22561380601399 44.00243219835325 53.291478515074424 10.006170082782633 16.295899222507355 17.03800828421707 8.422007394185561 20.145160936759638 16.590886862541 49.002900906227985 35.59981710618612 69.24789480794111 53.603528400628065 14.521006311490462 55.30559533699182 28.50418889466732 46.282279728692714 17.253624150718146 32.0079760913505 44.845060508656545 122.3234233830105 109.79940769456677 98.72933810415198 89.65342562374255 83.22663937327775 80.08927848795062 80.62626004151953 84.76778480077012 92.02849082621002 101.74276956642252 113.49971248825025 99.92298459510488 87.6681994627213 77.36611516242802 69.8856965739281 66.19061586175863 66.91096250270989 71.91417391754891 80.40467741136698 91.4159073734644 105.8245660201688 91.15352340751848 77.57442356640153 65.7671487889002 56.846678304999685 52.31130007250205 53.29258581431145 59.51829631970138 69.5949408883686 82.11689414470132 99.56408030071428 83.83925010282151 68.87481472530253 55.291652382725644 44.37679593237828 38.472583557082594 39.87086440302805 47.93681722100602 60.04079893383768 74.23316713001391 94.99844763616605 78.38868706397368 62.157688191049026 46.70204361987546 33.12543268716809 24.743048288450026 26.941665166869328 37.923593458246124 52.43334144466128 68.25703176028503 92.37937200628716 75.20822225128764 58.11469784603648 41.19554110458186 24.810082581419373 11.520454771164943 15.767518771652298 31.035810089897087 47.71311619771028 64.71919727783626 91.87351663005006 74.58886079882427 57.31462980175485 40.06431030370666 22.89202192174577 6.453984193898787 12.568877954697339 29.5467935800249 46.76283637073686 64.02520016966709 93.5151882992214 76.59276709368177 59.887607868355 43.64987122609186 28.684647752302105 18.412464584299503 21.30588567144829 34.1697929932593 49.79880338853093 66.26446228112609 97.19560780176174 81.02551329302227 65.43691727438754 50.96621616322502 38.88224462840739 32.012675840482466 33.71205409632273 42.97560328971214 56.178386187195194 71.16058165008654 102.69576537034851 87.51876171769992 73.28949799004532 60.67842132365972 50.90279509874358 45.815081789097405 46.964372941749595 53.95355751258863 64.9232150053317 78.21614130583038
57.669218627214065 47.439947122250906 36.90268666460736 25.331144872619827 0.0 37.283563910906395 21.56556348000093 35.086190396005414 30.3144878645478 22.838329429233546 14.28108261119932 18.94813123620158 46.27240444941875 23.39565805265338 25.30119422663792 28.624458089480914 31.03637746934122 28.63235279327906 16.25259207543334 26.99724959959019 19.74281180062087 19.251334564933046 29.644159776570856 35.306051014514246 10.221563595461257 18.537751851937465 30.55477889764196 11.431579836867268 13.66399882033347 44.258041556183656 22.8392818824132 44.52485856987559 55.19346178803696 24.859403575869855 32.02427148281309 24.74493917383045 25.982898923432273 25.908987752682652 12.348438450053576 39.91059301692917 103.70437390569408 89.50384654750678 76.58967733811562 65.72455820587668 58.07026069193068 54.984466454707864 57.2112460522312 64.20016002637661 74.62501704438728 87.26296201152478 96.87343663430318 81.52960818513681 67.14459490349896 54.48322280587407 45.02390296971022 41.04372593668839 44.05369868424967 52.873193828205835 65.18532206097859 79.3812517376687 91.71868821222687 75.3616800271161 59.54122826277728 44.82904088914118 32.7542050516294 27.106142987250635 31.549295147363814 43.06603137631239 57.55621678189962 73.27662055159017 88.53347493299295 71.46936275394447 54.55525818932353 37.99204304424627 22.56606363954092 13.182256128431629 20.905245275620295 36.04163479056453 52.53267889282121 69.41957951371273 87.53311475020934 70.23208794743927 52.93165194739666 35.63266730325512 18.339241566897474 1.296990437199016 16.301846152502602 33.59362726181939 50.89230784777671 68.19263746461083 88.79149884109499 71.78728592530963 54.96918327344335 38.58134697172922 23.540222890803772 14.780946808194997 21.943637313587928 36.650819687378835 52.950490877395616 69.73477554087111 92.21618772807548 75.96361879786302 60.29781953384373 45.82458137498022 34.09790365838689 28.708036639360454 32.929398105283575 44.08229474011583 58.316907647673894 73.8727573846838 97.57931316916299 82.36326989572434 68.14982587292441 55.71170410727451 46.496170295316766 42.646200292368086 45.54346952422102 54.11489169248358 66.19169176761119 80.20575593237024 104.58301468524255 90.51580227395944 77.76446380824396 67.08361253870031 59.597048426197375 56.587128935359814 58.7460297500532 65.56513350720202 75.79693478159258 88.26245964492924 112.92235763672032 99.99328932905982 88.56944239583419 79.30399423198472 73.02321573124904 70.52904175087905 72.21489171166085 77.8095405433265 86.55834895609549 97.61690482649476
91.15271097103461 21.21950616515254 57.83806178584826 47.72453663268756 37.283563910906395 0.0 43.053498130444176 19.230975235396606 61.996747662334876 15.82135371178665 50.778674712244104 49.80703755687392 14.130405520157776 30.61989782717685 25.08705294507802 64.52943624264012 48.97127771080954 59.99202795352935 52.7986881509691 50.07013844276049 49.1788114125571 45.16099359578634 55.34054757248249 55.210231032543945 43.22142470098879 52.80778795884403 45.59901161749625 30.603780936150233 32.79165730321242 11.305759430893378 59.778621238233455 45.42543067287935 26.246720364272125 34.51750071056984 30.52057887513044 61.637880716312985 58.340468698029355 58.90679267853883 48.44803139028998 9.649488391470442 130.7313701820796 114.54960571596015 98.74835479156977 83.54380505501577 69.32965842278112 56.85367267016881 47.505610620373815 43.358163822884165 45.845196969293724 54.058655047810106 126.69499697997338 109.94228336424052 93.39003377975352 77.16735368029599 61.53545210176238 47.08643736279643 35.30386138289011 29.568598216263496 33.18057713985212 43.88973370970947 124.12375874834723 106.9829273386664 89.90382857259084 72.92984598939714 56.15637874778819 39.837516314645235 24.884310965327554 15.81589556033341 21.90361994266529 36.16776154074655 123.10952876667807 105.80994565124341 88.51128013368594 71.2142008991833 53.920234561204744 36.633789964770926 19.375010344560707 2.731496136271114 15.435177454595177 32.676320502602536 123.69062865241978 106.48240617775673 89.31039658877681 72.2004429125914 55.2102696897297 38.498788372816705 22.690360016345593 12.093844455300658 19.40058283377855 34.71623625068749 125.84495246018106 108.96613865006134 92.24422492713072 75.78314482866352 59.79869058380809 44.803929500932895 32.21197214905747 25.817446593160874 29.90284761211867 41.47927663174531 129.49397552171615 113.14188683355042 97.11945907984752 81.6210636036662 67.01128734743114 54.01604536270615 44.08695496300687 39.60166607463493 42.32765326101115 51.12410803119835 134.5160628675936 118.83135554489508 103.66248386796566 89.27278237504224 76.10550830876772 64.90891100488265 56.85934111393177 53.39945905422092 55.39602326892438 62.32684952782193 140.76426205131912 125.82930475594436 111.58020357352999 98.31562009177784 86.48972140973426 76.77026831069674 70.03975810399241 67.20232708811409 68.74175768015895 74.38680772771059 148.08336821657838 133.93069325919424 120.60206725931197 108.4018820613316 97.75356167134247 89.21452226459296 83.43491190949474 81.00752710141776 82.22977409826457 86.94787765538457
71.82885646745537 42.77764936513971 58.14993102850382 4.859386286110091 21.56556348000093 43.053498130444176 0.0 30.39546309094782 48.42437734648895 27.73490018218558 30.073414998935178 39.03400601506566 45.66204983000334 13.60031845918702 42.841797982073786 42.20774620044419 52.59977728162464 18.651136996319508 21.949505856593596 7.180669255252847 40.279193192596516 40.62458417619811 50.37456691525018 14.413678232950536 13.61870573791883 17.106797698136777 9.39546964567826 15.373792089929525 11.767872209012744 44.79327142851593 34.68678227843464 64.89724484108866 50.251522691352925 10.956381246729222 50.71389963561984 28.909460401065264 44.17235306789275 19.296627024795427 29.612715808613856 40.558627041871446 121.08121046881226 108.08748871377918 96.45639699992672 86.73784322034994 79.63514293246213 75.8863897718199 75.98959096389 79.9298275779801 87.18843018308219 97.02346622316739 112.7191367975854 98.67523604022637 85.82945651023957 74.80163094862542 66.50238620615634 62.03664836750686 62.23519182393675 67.05659887866264 75.62176139177407 86.8297709866802 105.58321274916754 90.47732699304626 76.30977030096501 63.709636990289425 53.78993498922773 48.23379339889142 48.562773849949316 54.67073843661756 64.94719961006003 77.75660931276337 99.93655408751631 83.85082526756271 68.36164842365608 53.98497082023939 41.88254046658837 34.53440805462773 35.06866843404773 43.193815461178545 55.68040862565733 70.23971908789481 96.0422848409789 79.19129588533069 62.58685078829188 46.49385034942514 31.701009923777743 21.140993856396303 22.0825925441585 33.57159285604666 48.633059553010746 64.82290333848883 94.11823749679417 76.8573933725772 59.62037099716595 42.43620853640686 25.41236681906698 9.458245875745204 11.48224185618209 27.801776496120443 44.863672497179884 62.05862453215798 94.2851341932831 77.06074765555634 59.8810856043056 42.80003833647808 26.012601457755327 10.962703687598566 12.744394620058712 28.343810627172694 45.1999656200302 62.3010069563579 96.53212796244232 79.78195682876762 63.32914629696381 47.483809186267095 33.1293635295772 23.218711201113475 24.070180737755337 34.904869009874375 49.55842400006988 65.5166858673537 100.72006799476699 84.77887840220197 69.49166581415662 55.40245735065934 43.686155837296184 36.691080820082455 37.18464575927046 44.920681398751526 57.0240705576461 71.30448020335605 106.62042873291983 91.68009499121099 77.72557632470516 65.39106984678278 55.76217553061582 50.4137860882238 50.71864390242361 56.58545090885607 66.55935000769408 79.10172119377238
92.73120959039099 12.862978786946485 66.04251334851365 34.26260995266792 35.086190396005414 19.230975235396606 30.39546309094782 0.0 64.71804202513806 15.094722128622905 49.26297949851698 52.55526118014378 15.617718024561713 16.832607794029457 36.64295708991901 63.594984403126595 57.79274080904002 48.97386617657042 46.98339605452198 36.42934859374754 52.668451984341516 50.02594106317619 61.169351146955464 39.54931919115305 36.32457471060149 44.72922470854138 29.676223787842414 24.311588374827735 24.216277948338913 15.395103191756375 57.245201937231236 60.13581672861759 20.664770164835335 19.746151246627605 44.178393530405316 55.653306943021796 60.511263622014326 49.08269968612644 47.43132006043995 11.952453396377493 137.26180358845735 122.11197778897174 107.61301924914385 94.06637604444215 81.94570574901645 71.975055943228 65.1491601204773 62.50689441973749 64.56396080542487 70.91257024679528 131.3535734990853 115.46240656454255 100.0403685342324 85.34216596577679 71.81362820373107 60.2479132324952 51.97236622633969 48.69440011720235 51.37960980521731 59.222343368194494 126.73202341569598 110.20108155068534 93.94816982857887 78.1469543669428 63.137484612306714 49.643177509961994 39.25883094626255 34.882290136526976 38.61347105622005 48.62030185810254 123.54170666410353 106.53396313097535 89.63887961040408 72.9347900374097 56.59107597870464 41.04056025121871 27.655319809258337 21.07171717024778 26.86874090820842 39.981903834294755 121.89509955360056 104.6288655972553 87.37675367437825 70.14918384917178 52.9701071574409 35.909189010285516 19.28265552316863 7.2722141208666855 18.239044326960013 34.80163391634894 121.85482173858838 104.58215334122669 87.32107080348223 70.08013561122482 52.87905824195238 35.775376812494954 19.033490585044046 6.586602605507693 17.977939152538482 34.66616002268957 123.42244643291677 106.39627476865387 89.47595122968598 72.7353832394145 56.33504827621221 40.68846171086031 27.132558511012117 20.384114137582856 26.335528281469305 39.62725770751687 126.53820723979402 109.9791593122162 93.68895842864728 77.83658675018293 62.754724121752396 49.15775035130085 38.646103257833566 34.194532192921805 37.99629750715224 48.1339700635344 131.09172072042443 115.16579467475279 99.69946619598039 84.94415301774481 71.34239258524241 59.68808175553661 51.32542745733663 48.006605586720056 50.73136241551273 58.66353519328461 136.9395761565083 121.75132385446503 107.20548969282856 93.60205125121266 81.41477627118134 71.37284085161595 64.48638497038677 61.81909172267487 63.9014958815136 70.31285138533464
29.170407425296734 76.43854726224356 18.68389452188074 50.42786117136501 30.3144878645478 61.996747662334876 48.42437734648895 64.71804202513806 0.0 50.80412511566906 18.360905139972136 12.350400279427975 73.72290282590676 53.58822628947836 39.72273938873297 12.144497815197402 21.818811016416564 44.04428352420117 28.52164558588869 51.116339543209385 12.818909522310468 17.174874418834698 11.311742591069784 59.08197794270091 34.84102049388756 34.836258200532825 57.791137420709404 41.745748407064106 43.72621102398223 71.30678405308656 17.344973056027623 42.45502890015977 83.96156044788823 54.600383036183935 40.58134552070127 28.10452250271814 4.3559495628032625 40.0252377461646 18.975282447690063 67.31626751292494 73.44827723213832 59.735504702019334 48.380959568735406 41.37402094099346 41.00740911294854 47.43533734239513 58.45785224135052 71.99468995501728 86.87839724460213 102.52405603906155 66.67600424199082 51.222179934940634 37.42250814946944 27.854743553802866 27.38685056849705 36.37172876063352 49.94472890462967 65.30512584002501 81.44785571058372 97.9870254773001 62.43056300972715 45.58623424059472 29.280491481127694 15.339572521251043 14.559212324769737 28.059788248051902 44.2882111193727 61.108530062462805 78.13944025417277 95.26806744475283 61.239809020996546 43.9490320247239 26.67272407975715 9.490236598876619 8.210271524962575 25.366633857641705 42.64079332006945 59.930976828388786 77.22642228659585 94.52424134428209 63.27644644162113 46.73277009728901 31.027524682277967 18.44383732102907 17.78638081845904 29.853775479720845 45.44065182675891 61.94489588937969 78.79213016087475 95.80157506031638 68.2521426712077 53.248514567833524 40.139292753722806 31.394753328053344 30.96461601552028 39.12407887922805 51.97392467365713 66.86249575391508 82.69587066746108 99.02186580195728 75.58864858998788 62.33671168692779 51.54407378558662 45.015792242287574 44.6626874511438 50.61416639529077 61.05355124595696 74.10791111485048 88.62918791186516 104.00474748707794 84.67443582365105 73.04328008264469 64.02795089389963 58.8432942107717 58.51653697073133 63.1231650988161 71.71875551500098 83.07420093170867 96.21726911147577 110.51199001339204 95.0088579201596 84.75699991533068 77.06817146002038 72.75950203401473 72.43669848184557 76.15046621222274 83.36306009418264 93.26625401742228 105.10221955043114 118.29221037595345 106.22799221838599 97.11397449833974 90.42421634957944 86.7215711914555 86.39097212983044 89.4698070263003 95.62933556748764 104.32531054540193 114.98368652398116 127.11177388027642
79.45159051393487 25.688544161733496 50.988022683494 32.52747057298701 22.838329429233546 15.82135371178665 27.73490018218558 15.094722128622905 50.80412511566906 0.0 36.99320383926934 38.47837524414826 23.473117736595754 16.702519309950844 22.243653084754555 51.22933015305145 42.69909005487677 44.195409575211855 37.487837532152824 34.87679146369792 38.36199151185092 35.33322431693133 46.39470715039856 40.791465396899014 27.565125240400437 37.086126835547496 31.688151422504625 14.819126705752916 17.005939882291038 21.41981896651018 45.677605410518225 46.18029064211075 33.15743598326188 20.67684344391714 30.202098506023336 46.38081606718667 46.745457735617286 43.08861327201315 34.85960285141618 17.08258641160017 122.60594538912028 107.24707067891211 92.5761870480747 78.97763330598012 67.10650216099135 58.03273746431605 53.207278813372405 53.785967832892005 59.61162695804176 69.37479165537083 117.14824653460244 100.9921925245576 85.28681255465057 70.33465718116348 56.734414302667155 45.709186082054664 39.4787509798109 40.33013793965848 47.88710091660183 59.65345759276292 113.18452232756867 96.3879151412624 79.80748582518908 63.6124981429373 48.19310701845023 34.60219250438223 25.89900395912246 27.256478202455988 37.600310103602816 51.801173285094734 110.87517396854528 93.67800651884777 76.5280771718232 59.4662700477122 42.59860254364834 26.301284977738252 12.945548726080345 15.560522474919365 30.25533796041965 46.76915733723679 110.3241741375355 93.02820269991105 75.73495339184733 58.44684253404708 41.170343797196765 23.930620213552267 7.004679041712362 11.143161238900943 28.24868360758573 45.502964496535284 111.55758795077831 94.48102826409368 77.50449172299128 60.71194310538317 44.31304657825885 28.98386484769243 17.753732256425643 19.724042679550266 32.58209590072365 48.29969306322164 114.5177557183621 97.94294059001635 81.6702633566959 65.92384463075297 51.191637344059764 38.65130329015778 31.08008730901053 32.198283763477235 41.30612783301847 54.537803263776084 119.07592810023058 103.21192602118235 87.8921536866381 73.4579040895554 60.54585579448435 50.34125169091913 44.73685926731006 45.46686177669527 52.26651365794603 63.20637125674377 125.05743087803408 110.02861303626717 95.77017997549417 82.6816550140144 71.40925568173822 62.93651194905007 58.49294225734721 58.996110633952405 64.3300463573583 73.4497493326733 132.2692275610984 118.12527589795461 104.93188844447948 93.0940910048468 83.19258686347801 75.9881003843273 72.2915240761298 72.64038593556711 76.97970542202253 84.69836236354482
43.73019158501927 61.70410148839568 31.035838498357478 32.1254394702263 14.28108261119932 50.778674712244104 30.073414998935178 49.26297949851698 18.360905139972136 36.99320383926934 0.0 11.286119827107031 60.46425858880759 36.25102173504127 33.993993206193146 14.350424874507015 28.520065781111473 27.723993319237735 11.373269404295252 32.921862148783724 13.185070467713825 16.436885760077185 22.36879906873069 41.04223602854715 16.528183442647457 17.449356362135514 39.432188996507215 25.14247919775916 26.415118036876546 58.38018548290206 9.09444728905853 46.95055934261052 69.46759248977007 36.798536772903 38.49444770650136 15.531920108693567 14.16081436707192 23.86407189940323 2.474925357705961 54.073630967853795 91.31804681618593 78.02689437960828 66.60409990969735 58.161115096940755 54.1112169544423 55.4259108879453 61.7635709921515 71.80630273185088 84.23924755431226 98.15832033467201 83.66216181495953 68.9543213493771 55.756123524593605 45.40372179557363 40.16162795547781 41.98952883705097 50.11976125889121 62.12540679986252 76.19611299832886 91.38290248462474 77.84122515968913 61.797245986128694 46.661045697727424 33.679623763060654 26.2695874568227 29.061584447702227 39.972120949408605 54.31091522775756 70.00207760927273 86.3111610589497 74.28792723953583 57.27838298326885 40.51719491884052 24.519092852270102 12.627020543493986 17.787925247682193 32.742813329510064 49.259377464017206 66.17849813075354 83.25511314517551 73.33269687237798 56.03968915131013 38.754647114089465 21.49679438575192 4.584239081089449 13.36532491956727 30.577150874834107 47.85400698167927 65.14417392174275 82.43927699132493 75.07478429934692 58.29067186576219 41.929630956682615 26.778682088917844 16.57751529457863 20.76638025600836 34.44391704209705 50.40076021380663 67.0283684397939 83.92901797287571 79.33668045373882 63.66220604282307 49.09331171166254 36.96132025820813 30.34525167993281 32.77557883095124 42.73583975750876 56.36643146157247 71.60102202792255 87.60677644387061 85.74340746405021 71.45389809456057 58.805537553703545 49.08387725025476 44.261346904724796 45.908721597636934 53.43087752069019 64.81366130265297 78.3930275922233 93.21387731077301 93.85668500506641 80.96997347206621 70.01351960694358 62.01891881889798 58.21938418927834 59.42511371102028 65.35968653542216 74.90747725414775 86.88537686553101 100.42760734551938 103.27499340124787 91.67489787834661 82.10686712607253 75.34903083123307 72.19489840089383 73.11236798998792 77.95781834515839 86.07039339419293 96.63069846820052 108.92914781138481
41.376052377825964 64.13729767739709 19.91118889400868 41.83561247385759 18.94813123620158 49.80703755687392 39.03400601506566 52.55526118014378 12.350400279427975 38.47837524414826 11.286119827107031 0.0 61.37827773378994 42.32099185584638 28.607865361981304 17.063978781021028 17.449356362135514 38.96329109836105 22.612659140376433 42.94837324685681 2.0108491597433478 6.6354850472649405 11.487490960615654 51.26166209501807 25.57454631443401 28.520065781111473 48.392125742435155 30.22164131433303 32.608623424357944 58.97364763953012 16.77223757669895 36.870689975070825 71.63295957079528 43.765779691643694 31.01291315125476 26.092621127117464 8.535679176943654 35.13430311564946 10.253713006166658 54.96885958532343 85.01507968029786 70.58229627513066 57.74826392371183 47.818072832246465 42.85999133369669 44.56561779495383 52.28684716389954 63.87831516049728 77.62518002256729 92.57214842243624 78.80418562077101 63.00041784352675 48.236036272938335 35.82020815146775 28.951148484491004 31.495400537406315 41.76674611853595 55.638758770274244 71.0323267495705 87.14482760976185 74.78084113984025 57.91334017695326 41.40589678213988 25.95484839571758 15.217508705321814 19.702881418549886 33.81637251737368 49.976025385274724 66.71110646217083 83.67707503555165 73.30618105706203 56.005145338604976 38.7049096308926 21.407413589295594 4.147081569116123 13.22243609963163 30.515257645758506 47.814670174281446 65.11542075786599 82.41666675486366 74.53166257524434 57.59270576253659 40.95831437285958 25.23806656406831 13.966002289057643 18.757696138031093 33.27710680478804 49.614445866128804 66.44195488027505 83.46368208034144 78.33064056643049 62.40979691490566 47.4656315547272 34.78073511867335 27.660853575332666 30.31923538394861 40.89130930459002 54.98774634059591 70.52598986998164 86.7345846542287 84.35608733568066 69.79080902583615 56.782653872450766 46.65284278235598 41.56213302030274 43.32481119868972 51.238392171078125 63.027070388528614 76.92954941854802 91.99241679647511 92.17231360596604 79.02043173612743 67.76002079703323 59.47529533910217 55.51485966565463 56.790730604154746 62.98549890428166 72.85504521026608 85.13072714044529 98.92078823253541 101.36580950705029 89.52864314146738 79.71460669901536 72.74715851967251 69.48790972192485 70.45338952665631 75.48165715902174 83.84492240072375 94.66335843513335 107.19618379647316 111.59659450299576 100.91669655300869 92.26721439140535 86.26110091090416 83.47092715411422 84.21694188539301 88.40967363360083 95.59668903335682 105.16588318701345 116.5318775633763
102.6429041022406 8.662385444789663 71.28666714304077 49.72557166853633 46.27240444941875 14.130405520157776 45.66204983000334 15.617718024561713 73.72290282590676 23.473117736595754 60.46425858880759 61.37827773378994 0.0 32.07241100683392 38.86800743539799 74.69758692164906 62.493503728281325 64.04702728083726 60.20862978520521 51.93365993888418 61.03014675212121 57.45149788855919 68.09816084680871 55.14595287571682 49.78636453565874 58.825936585270405 45.280082870271215 37.031229783885536 37.95337869453893 2.824650654808826 69.09777977605529 59.5003486847791 12.133724890348185 35.257870128138535 44.63631727844744 69.07398637829884 69.80373878419317 63.82369000375685 58.3304538599591 6.431448682502913 144.0226746897006 128.06272531864238 112.50018887695536 97.52550163527816 83.45570401142393 70.8320950288748 60.56580662290249 54.018036518668836 52.59638484370954 56.68784014044845 139.43612445130677 122.90616073919398 106.62139629865486 90.71398020895488 75.42305030892697 61.212360569709595 49.030357038576135 40.73947707620848 38.91195613057642 44.354051942699854 136.14449593047507 119.17623193335717 102.31976984304828 85.64115191296374 69.2689617264604 53.485341672822564 39.011345101483926 27.960666605214193 25.30658540821473 33.132434421232304 134.2431255307096 117.0095052718998 99.79952350123446 82.6279520112494 65.52499531852465 48.56320175654829 31.968063964649566 16.85949755785222 12.051605603296842 24.595786891077353 133.79132677281322 116.49326976689653 99.19656371076705 81.90206452071861 64.61154434912184 47.329364281526395 30.069907766746404 12.924532974193669 5.348020362218839 22.110464958514697 134.8036817450339 117.64926145665457 100.54539825724027 83.52315714996898 66.64511032409445 50.05732673822663 34.18498896480171 20.741341836213696 17.04421696987729 27.3773571290976 137.24778077443906 120.42931908335937 103.76992622638835 87.36065138333004 71.3742135388433 56.172790865761776 42.60511279512414 32.767635957722916 30.511463806232143 37.2409721719907 141.0491819351273 124.72485281303733 108.70331275398034 93.1409448539527 78.31197305214181 64.72247483699198 53.32857100640607 45.79932677590717 44.15794709582701 48.99973838066549 146.10192545625807 130.38610980229137 115.12601732957756 100.52939536780556 86.93109932827117 74.87703225153626 65.2289898623166 59.17575102710615 57.85685034989843 61.57725218657074 152.28143419036172 137.24411206989498 122.8045026973531 109.19997231993636 96.78331733530656 86.07017812595221 77.76778960327059 72.70674745991583 71.5779410299413 74.56018138038677
79.87621252864868 29.405933521810386 59.19692398189291 17.732090007239474 23.39565805265338 30.61989782717685 13.60031845918702 16.832607794029457 53.58822628947836 16.702519309950844 36.25102173504127 42.32099185584638 32.07241100683392 0.0 36.517728511098284 50.10600967366543 52.120905789015694 32.14130701199217 31.6009244432081 20.000545180594088 42.99884953908011 41.74166970428886 52.654167094720634 24.59204917170736 21.084121639328146 28.479608886994203 15.107178686172594 12.195422429394913 9.880884106969257 31.27660465570251 43.10754354353517 60.23284225511912 37.027725985509655 3.9915087542355123 44.73429729653564 39.87724926963617 49.23583344773683 32.33200379453678 34.91998390605042 27.11544157461758 127.0332073724868 112.8961712520709 99.76144244157162 88.07857582820169 78.49850858192386 71.86714400459749 69.03946069841065 70.47480463348526 75.93180658415153 84.63610708414085 119.85905681558602 104.79702857828308 90.53916040494886 77.53038504431179 66.50774627077249 58.60288980725818 55.17259958074335 57.03009263784556 63.71456551749861 73.92806586665934 113.97772223016479 98.04817637235512 82.67208632057691 68.22468808989719 55.43687865693979 45.72299429727967 41.31152553342499 43.83374634257652 52.29586730393667 64.39738657560844 109.59762064999876 92.94432840032324 76.57916056282056 60.735470726749384 45.95581462172637 33.67174352485676 27.465353589691368 31.20280283835948 42.327226267310486 56.641708866527885 106.90350499091979 89.76659205124693 72.70787733142386 55.79912644484683 39.234707930781 23.746469406474603 13.679913033098261 20.226169691235945 35.06805624250269 51.469912622148435 106.0240175375848 88.72221713438452 71.4204798007776 54.11886602662761 36.817550004650045 19.51732358660168 2.243536254529912 15.094853201303108 32.394279351679586 49.69544928423932 107.00392459562524 89.88561146392134 72.85409407414778 55.98863727810777 39.50251372948662 24.1843396322259 14.423195962217154 20.733728220104236 35.361829645347754 51.66955691352999 109.79343852771319 93.17409551353651 76.85658541446485 61.08327990753042 46.41238156915659 34.28937091300295 28.215642263900264 31.862104374953113 42.81325306618465 57.00408140702798 114.26006053540372 98.37474250598136 83.05735022403847 68.68887699732517 56.00451012239403 46.40639416137648 42.06312658698155 44.53947408441778 52.88598887583569 64.87523272542585 120.21693900751293 105.20428951641323 91.00808151095791 78.07494814416243 67.13882941494506 59.31480053942629 55.92465441405455 57.75453783181762 64.36073779492253 74.48302329543912
68.57377039350953 44.4723582826294 32.85657254965709 47.50809497938408 25.30119422663792 25.08705294507802 42.841797982073786 36.64295708991901 39.72273938873297 22.243653084754555 33.993993206193146 28.607865361981304 38.86800743539799 36.517728511098284 0.0 45.327964897326055 23.963141097477866 53.82292347889205 40.87031931368358 49.623282806987454 27.364968444201523 22.6090144059025 31.3224478018848 57.23679054501168 35.140479986653375 43.83366840468877 49.80249022587839 27.544057182072017 31.262348007913662 36.090742954284245 42.775298749761696 24.001954728501282 50.7103951310495 40.03901881431484 8.217012402261384 48.46154579476019 36.78183937951415 51.207686899666776 31.537554171673868 33.16828670540354 105.75874542476554 89.48319664652814 73.67686870633788 58.71990918612065 45.45858268304528 35.828005758332374 33.158973236075774 38.9114028006723 50.27310694728779 64.33802568208658 102.1831702667863 85.24749784371822 68.49513341841585 52.10319113060927 36.559725937265945 23.605008067713 19.403377587747936 28.186832536116516 42.55838114506413 58.53755968267594 100.47145416488533 83.19758095762863 65.93842069089028 48.70961547819593 31.560916141298332 14.773952962697038 6.257908231368333 21.418837866307 38.432867268475555 55.62479148931624 100.718695607377 83.4946237501116 66.31109996244282 49.210618712130845 32.32524157039706 16.336178374876916 9.355930630734928 22.51464822730489 39.05122999843678 56.05177050493278 102.91077301587494 86.11433871951051 69.56610208858278 53.496886665402286 38.5110672719214 26.51412488520299 22.838704668325015 30.641885384609527 44.21487244590474 59.746931698236814 106.92811318891482 90.85599883763834 75.33067583083906 60.772658156003835 48.06899520022207 39.07233908864155 36.62477476098967 41.890424119091435 52.60178895801541 66.16491390719374 112.57542426172694 97.41016244352062 83.08402058107067 70.11326788814314 59.392653768233586 52.32404264889097 50.466074609785245 54.35572705657813 62.936210332838854 74.6062276758898 119.62200358679688 105.43928736878088 92.32635700774631 80.80570756509522 71.64957677165108 65.85176252754759 64.3268272537853 67.36557044409261 74.41097202740683 84.46631716107142 127.83657835750468 114.63376426243518 102.65618648182581 92.38164811786454 84.43416824670544 79.51460368402526 78.1965421470496 80.65674046078051 86.57369076641717 95.30572730401197 137.00911699103727 124.73604338126484 113.77756740692276 104.54788912077407 97.53901446579275 93.25304024890524 92.07101410358484 94.10996605165636 99.17142598577652 106.82663386574498
