0.0 10.108828921881091 48.04167480866353 35.43319361810025 35.97419586531005 23.59843723404712 41.44860142381912 21.866325323673358 43.31583866084576 95.26126793046974 16.028320852756693 34.974731291901364 66.48134551421236 65.2696033692766 17.243572901917833 23.92886902041598 45.34119918055984 37.24633626855169 37.471193519023664 20.533588518995955 7.771173722887223 20.10649405262006 42.64208336228927 20.761621038152423 16.467074956730265 31.39354045013523 26.438047489463216 71.81013896329156 33.08593118374502 41.72697155200634 22.299945011891936 39.90435061500952 62.96897885178933 56.37504366857846 13.100017149539942 20.472927652538154 49.64918349738965 39.85548005887614 41.08795832040724 29.15070477637685 74.98049024674089 61.206963262185596 49.69120821998495 42.318381177633356 41.366411316840946 47.22520485486619 57.86160514973338 71.16471116994782 85.90443684490761 101.45656120493854 68.23142505160045 52.76521133611119 38.87824265553427 28.9409405260327 27.610657127532548 35.85845503411409 49.071572929462064 64.2566712800203 80.30274217002187 96.78249355022409 63.95054653746665 47.126438584677814 30.835739375767126 16.718170652784853 14.382782590890997 27.072946609010963 43.10147606618819 59.84348617867449 76.83398489522708 93.93823731395773 62.6459663317605 45.34866539370249 28.057074060986483 10.798655159862209 6.688504928886832 23.907631409865857 41.196203436731096 58.49267571324679 75.7916396650297 93.09170623989917 64.49855660777725 47.86408457861635 31.94667178573666 18.679441678254587 16.612215452299317 28.31470149327456 43.88839706191655 60.41003997891663 77.27397311775576 94.29673043157737 69.2553908748011 54.07684610492869 40.63263202455899 31.247810595881457 30.009164101365766 37.72775602028529 50.44726553347482 65.30833795505788 81.14271867639313 97.4772381786663 76.3756774765928 62.9006874895426 51.753775038418695 44.71145649982445 43.800454581478455 49.36141882442122 59.60976331722858 72.5865170990492 87.08033884699637 102.44936666439742 85.26930196107847 73.39979196792562 64.05390293798183 58.454879343779524 57.70390605120532 61.977464009217016 70.36596288943097 81.610225084961 94.69839681813589 108.9680746710219 95.44169902079561 84.95518686285531 76.96972240453998 72.31860817717583 71.65411739760633 75.08217179260154 82.09166237658421 91.86641427491115 103.62684806848728 116.77455946318764 106.52703914517711 97.1907058364924 90.23710012245637 86.24449479267307 85.62808669965911 88.45848341425732 94.42624132193099 102.98739980293396 113.55690948285911 125.62888429323829
10.108828921881091 0.0 38.77444494005113 43.193400144799206 27.32592958049251 13.645801942759867 32.08831128771596 11.77308628400804 34.08392866982651 89.65897004416857 6.242546434255338 25.978238993233145 58.29593847748206 55.44209820535869 26.886600422364346 31.515171037101595 35.28554427011955 32.30663885481604 31.30373638134545 30.50466825982183 12.202768625498198 10.675534455704197 33.26861802139083 22.84011845889637 20.00596379846115 21.286763715728064 16.459906274980145 64.50133974845568 24.132827236934034 36.36264608796653 12.637364584161146 31.49207962118189 53.23369049713537 46.56739255396157 21.98127526879632 22.15153738142534 39.621000162733125 33.48396980099308 30.987167454016706 37.10097598617016 84.13007036035094 70.89495465245946 59.7747601667604 52.14068289224512 49.62843110258325 52.97181360616963 61.218840249531326 72.71988220496482 86.18188693549396 100.82239584941841 76.56146818229927 61.76932103989495 48.66155574250363 38.97630519908292 35.62393999623559 40.22045759245082 50.645954342109015 64.11745119409882 79.0935507994516 94.86432091362943 71.03234798949794 54.800720317224176 39.488666073727316 26.72642632155074 21.632389933208174 28.64140428106041 42.08813489357521 57.62988350748821 73.95746860160284 90.64724025243092 68.04181456642377 50.88335656740724 33.871178671424545 17.438773941220617 7.725169998931649 20.34598214415868 36.972328169405564 54.024628032749874 71.19747987702 88.42067162459648 67.92603733158947 50.729143698114534 33.640138110339834 16.98779452407463 6.650175371660809 19.964415872451927 36.76471635623862 53.88343191882978 71.0909101145483 88.33529399645758 70.69914242515509 54.37011408352748 38.891662524419004 25.840376643048867 20.532906732774173 27.824215989759995 41.53896092455392 57.23194122706063 73.64928011319527 90.39717566589066 76.04570746055722 61.131827756047656 47.8535146099418 37.96742169870113 34.52244363617842 39.25278172354976 49.88457061755241 63.5206080932883 78.61280222380061 94.46578983094943 83.47261831597656 70.11710235250536 58.85439753864292 51.08790669684435 48.52638813568862 51.94563036633385 60.337291260109346 71.98285179639907 85.56386633612104 100.29716608804257 92.47992754648949 80.5854545932884 70.95201453271729 64.59919211579079 62.534928315747706 65.16803878151619 71.9848850764502 81.94796191364415 94.06278554949299 107.60502390527454 102.65234527686634 92.0320605980661 83.67186601623085 78.29908649144221 76.54539520076824 78.65324472555152 84.33358218141045 92.93362179132185 103.72968636092655 116.11081949067704
48.04167480866353 38.77444494005113 0.0 81.71751290725759 12.759880727126607 25.668551070673455 31.50444288231352 29.276174247719382 4.727264368716089 60.71358898597338 32.541284150434265 13.150103459527923 22.050504540438006 19.139973881336438 65.2835415357036 60.60362422658979 21.321211245750185 26.14632917212641 21.180096951903764 66.27453738669871 50.73850341656458 33.92972241642133 5.567862505864534 58.33180528887936 57.12962030250441 22.27042435979085 27.742438454152154 31.208091748716072 15.038884069799469 24.637042728217324 31.991267719392123 10.362650609667787 16.242496568083318 11.227055091873677 60.703074212660276 43.45066479261783 23.249403752039495 19.967897526916083 16.246668740821228 65.91468985411224 122.8747500665606 109.20885531114672 96.71418092228723 85.90331974866943 77.48429993212939 72.29759310098095 71.05459901160474 73.9544383626202 80.55091996113019 90.03516701607393 115.19790690223311 100.5350603423398 86.84892945824835 74.67845957890913 64.88224479357025 58.66205452745314 57.19672351618702 60.83084175231718 68.76056299390802 79.71409113610864 108.80979037715707 93.18189227541664 78.26151065819916 64.54120768610454 52.96201813976138 45.20052741056462 43.35786466051834 48.11886963168541 57.87617159322015 70.58740184194517 103.94836629631237 87.48311012108651 71.41453384824982 56.08463355227651 42.30420764333021 32.13277510159982 29.56507863889989 36.25440527604497 48.51164104313439 63.17504348408036 100.83476419979026 83.77709492429129 66.84508984575464 50.166152721303476 34.113518743837986 20.23694352390981 15.938884690490072 26.40595855197367 41.70388098007595 58.13660783378942 99.63302690006483 82.3334401907632 65.03510045424349 47.73936323007153 30.4506634608075 13.196689049375324 4.447009287170006 21.543276779689442 38.82220048225393 56.115303788126894 100.41183912193817 83.26991780455783 66.21128177096507 49.322421915378925 32.8661166054891 18.06584581870834 13.087428963063472 24.797170320029398 40.709106624857895 57.430618278019935 103.12632836668332 86.50925340507781 70.22373138330984 54.567427798578876 40.28084043615181 29.43124595578235 26.618801125883177 33.90623999880865 46.79119416009298 61.87009611723793 107.63010102053454 91.8079660753381 76.62814288952694 62.55995196060612 50.54036559909505 42.35109419525061 40.3931610957481 45.4786258171813 55.71094154865152 68.83181146301392 113.71068985764553 98.83532164622308 84.88474443676824 72.39556676907095 62.25363888439949 55.75493016668535 54.22553032061297 58.059480331401986 66.33323142462761 77.6401387366594
35.43319361810025 43.193400144799206 81.71751290725759 0.0 70.51698527870215 56.076000756242856 65.19985822241763 52.79220626823959 77.08966042777224 130.38064669701882 49.31958149292995 69.14140029176768 101.44540253468487 97.06789665630583 20.66668600217799 44.00961399703333 73.3190900345044 72.46228867392438 72.90071610496922 29.527843415385284 31.03278270272768 48.72136763031839 76.1589493567249 26.042927875524168 25.291997107367244 61.582040512101024 55.7260794719478 107.18537155431594 67.31106183422439 77.01664166155193 50.993273150657664 74.6581387756022 95.21175835788888 88.41461764749283 22.49092858598178 52.64045982405044 76.94276535901528 75.28856938651595 71.26185961749376 45.39267453460044 42.736569111405956 33.69330155783613 32.291971958295676 39.35750231763699 51.51663010159928 66.01228687091292 81.60875879039163 97.7807018641921 114.28407787187027 130.9936788743856 33.50697032002582 20.850830642387542 18.587880551311198 29.239930826959537 44.30744737170816 60.58084117001699 77.30225629016799 94.23349417597593 111.27882147116983 128.39280695464944 28.694894216652475 11.696362766923182 6.994740661504279 23.659278073172974 40.857190652825494 58.11688364161963 75.39594052374434 92.68353185857165 109.97563300644835 127.27040574944175 30.47061330117527 15.536605195813397 12.370406681681132 25.756180934470194 42.10044875752216 58.993455138941975 76.0704985343002 93.23050348277188 110.43480360102528 127.66549239114713 37.91964569527106 27.358714281142145 25.647797430537608 34.144257605340854 47.671392786952545 63.07141667576785 79.26005337552027 95.83850514789984 112.63477538079653 129.56417996220767 48.49446854129914 40.7202298951451 39.53816960495444 45.4654008901296 56.299596711223444 69.79178025288338 84.68085191491551 100.34693249015058 116.4769210105312 132.90201459913217 60.579593411984504 54.50033744021169 53.56665083473996 58.02745074219043 66.81080492695607 78.47854437711763 91.93900074013871 106.5146818204139 121.80588937231423 137.57424026337097 73.43297470940233 68.4465451753119 67.64723624137136 71.17625199935344 78.45164357148201 88.55480315618097 100.63765297935782 114.07283850265985 128.43667319724437 143.4504681421113 86.71351054730226 82.47448704755926 81.75285923037751 84.63864275392847 90.78849364461801 99.59960936212944 110.43683564452766 122.76476702941721 136.1791549907472 150.38955201966533 100.25143552190974 96.54838708613237 95.87231248767226 98.28569622616608 103.57279754602816 111.32492635436357 121.0694948812643 132.36719563209036 144.8550823845394 158.25164715935315
35.97419586531005 27.32592958049251 12.759880727126607 70.51698527870215 0.0 15.698601365951225 30.731227754018516 19.926402465175652 8.283632711125696 65.3049526015622 21.283759366761927 2.4719913932150317 31.017025769458115 31.667850824795707 53.1772613327053 47.916672291297914 24.09703863203366 17.125516988994328 12.37833547917623 53.62275069571321 39.516533969391496 24.903596395939793 8.382464820395084 48.57895362881616 46.7098565983112 16.714638771287238 20.392095063068723 37.94866203211309 3.5565329903943677 17.81131963212542 23.50645512508835 4.313126185253844 28.883197519536637 23.16884500497604 48.89619341056038 30.9081926481808 27.744229596727457 12.656677053391897 17.247462962088978 53.28306434691967 110.95468202371202 96.91213149403549 84.09326133537957 73.14429285532074 65.01687593906505 60.852250089313735 61.46132222436773 66.71347332262158 75.64771325304442 87.13874638920177 103.83842648217403 88.71548755415098 74.54635862292355 61.98858258129603 52.21792883342471 47.005773557068565 47.865189215438804 54.509750177726445 65.19395926811134 78.28087071780014 98.2412356649432 82.12513936488351 66.60664385443951 52.22125864671073 40.20426672721638 33.23273432760598 34.51310704821002 43.3197742926324 56.220632251729086 71.0184799620006 94.43369284295382 77.55178722680232 60.906066512020566 44.760809327843276 29.936984538369458 19.688268402447125 21.857370839163263 34.15513556100766 49.53901279038078 65.88145542671711 92.63679170986893 75.36359695838124 58.107502138604914 40.89016205823594 23.795848200672225 7.693693528554772 12.282383266893767 29.00404191487839 46.155448715900434 63.38872088164671 92.9672183792852 75.76753552608555 58.62805115411599 41.62319690377726 25.028900391070547 10.913953684199068 14.508484110913155 30.009848938525938 46.79101571207619 63.85076714773982 95.40286689574269 78.72370613485242 62.38467599188937 46.74381975198386 32.81512710365475 23.819979935148627 25.62540374051667 36.66936303084062 51.296530572374934 67.2066730902227 99.78967168991579 83.96292402879435 68.8496444098808 55.040724448725086 43.78808112943967 37.47022336355293 38.59204733650135 46.6195397351522 58.788806258958964 73.05869480250396 105.88534433490571 91.09203778469548 77.34670921265331 65.31438111157216 56.10814744639368 51.27358887188259 52.04362110636042 58.19619365590002 68.29170000985272 80.86665876802346 113.41460133707717 99.70639020782716 87.28430361027598 76.77517842563098 69.05794194222646 65.13266174497532 65.68272881407125 70.60361931738133 79.08359004623937 90.12352814813687
23.59843723404712 13.645801942759867 25.668551070673455 56.076000756242856 15.698601365951225 0.0 23.06918767077195 4.313616742058257 21.103283244262634 80.72071785408448 7.582737622473388 13.744292614213597 46.34727037911414 41.8018996176014 40.53195144359915 41.8705259757517 22.937952074955692 26.914442262188928 23.957924552747695 43.516735609416095 25.18410669390831 9.26823122764838 20.101812310690793 33.037105594206714 31.516380471514168 8.797595913574344 7.0734754424808335 53.64075783641444 12.15672528867843 29.772519128562134 8.216581544018398 20.00456676829521 39.62676357114002 32.935289758377024 35.54280448547056 27.87437300576795 27.373725541603704 25.510067118895062 17.75761543312553 47.56009721394251 97.58428824398221 84.53318458204735 73.26473551424074 64.71692078241763 60.06275378754203 60.21200163610995 65.1316519136946 73.87472647919796 85.27317594019506 98.4085872693451 89.57359868930111 75.18947676490652 62.307211959127756 52.05404230363038 46.21429854907897 46.48228558153271 52.765024094042964 63.29609841535268 76.33706697040326 90.81301076704248 83.20638334591418 67.51566569709473 52.840672878946094 40.30653814118384 32.49316904302681 32.95001916423278 41.40422928058257 54.236752784579174 69.04816589710285 84.80791110294678 78.88172765429279 62.13371103495175 45.7993583294597 30.54957425233579 19.175083776043397 20.02007182446365 32.13463553727808 47.57287476682268 63.9721354437757 80.74900556698394 76.94487489525453 59.66712821394192 42.409104528298265 25.21133961984966 8.450129283350396 10.291319902050859 27.18697089950308 44.39667835544794 61.6580266651942 78.93714585944227 77.57491206809986 60.473745019213816 43.53152608090242 27.048599986568046 12.92179676198481 14.17857446675544 28.87566775482545 45.4454560400471 62.41384328100165 79.52609171542187 80.71174138427173 64.43073492966111 48.856572641402664 34.94739557389232 25.580987178176034 26.194732926997894 36.28569748147922 50.456420114726726 66.13440481557727 82.46441262881093 86.08171309873948 71.01335384298598 57.222704272603345 45.87685375941119 39.161714772084785 39.5132947676321 46.772506768094125 58.41866723726464 72.36380545913227 87.51574924256467 93.29996031873702 79.57255526467155 67.5085226986408 58.152470734484716 52.95959967958339 53.16416720046938 58.70978010702673 68.30774492271851 80.52178514286068 94.34123106294011 101.97465621830418 89.54321056488263 78.96730068161027 71.08005745102184 66.84015656341006 66.94423398326693 71.37328890974032 79.40689043056096 90.0858151848664 102.58726002003985
41.44860142381912 32.08831128771596 31.50444288231352 65.19985822241763 30.731227754018516 23.06918767077195 0.0 21.519443182810054 29.413014595127994 92.21763120286674 28.374553648392343 28.318354632905077 52.87403961510167 37.17403389677789 55.57683231888552 63.385794915912875 11.398144319418792 46.977071974705005 42.74894331841101 61.854430109131904 38.89144154613393 21.45129153365016 27.86204755049005 39.15906758975356 40.51740352870875 15.315375209963545 16.557871012186574 62.5895408131951 28.20574648380249 48.437955977149784 19.470776543257905 33.630324670045304 36.61906666930409 30.61171621766321 49.787339807238006 50.79585420481767 13.090011791978629 43.35174039275125 15.302467939558493 69.03617060445387 107.92183180490058 97.47788510661847 89.19324674042309 83.7114885684227 81.5994623015016 83.11445152841748 88.06947673960144 95.93296768355019 106.05996755873944 117.86848612962736 97.56021399503743 85.92179144837515 76.45785953455085 70.05530295287524 67.5897759098784 69.48166155084061 75.40368641330329 84.5128493538599 95.90525864164461 108.86646275092217 88.25382159242014 75.24100411087484 64.28358939936186 56.588431019413925 53.580039914706504 56.01866048183913 63.27763791384724 73.9508491531379 86.78765012096316 100.9661518966337 80.37021501265814 65.86293374032786 53.05833137470038 43.48738809644616 39.57050955576622 42.88593519381817 52.0700255066813 64.66898470589213 79.06689267456048 94.44456235838868 74.36341590254273 58.41853452442858 43.52290340063689 31.216525400194588 25.561889384986312 30.513264542476925 42.51374872178425 57.293007783864 73.18653595178156 89.60334670876613 70.71342711733399 53.71796090307863 37.00760490989552 21.265447736538768 11.558056168581029 20.33890375735187 35.950887310301376 52.63054758818073 69.61462295482771 86.72444792281588 69.7910629284779 52.50348573736177 35.230003386018126 18.01121419294514 2.5235112342468713 16.942430620032408 34.15314591366192 51.425114199239076 68.71216005285464 86.00519218030784 71.7016774096696 55.00651863225148 38.846053984509105 24.311046825717295 16.484852284343358 23.47735039127722 37.80653220586606 53.90912764031782 70.58162988976875 87.49886389133268 76.2325334383437 60.769389591214484 46.61702803568662 35.38481212710648 30.49150029929682 34.72876742109777 45.619645083213015 59.62319836482551 75.01605550628219 91.0966542680644 82.95534182140014 68.97978935769565 56.86420502477612 48.03715391918185 44.500588429670444 47.45250736184997 55.87380790359415 67.75491299283951 81.59827161064325 96.5636137216291
21.866325323673358 11.77308628400804 29.276174247719382 52.79220626823959 19.926402465175652 4.313616742058257 21.519443182810054 0.0 24.8400969148059 85.02821282152044 6.898403366619903 17.881435210117377 50.34472725893209 44.48099865808789 38.247542736041744 42.08359848538196 23.527047742368524 30.91079405185866 28.153494533624503 42.26266923876327 22.25282788122022 4.9791461865507 23.724436914847246 29.107108661814443 27.895741651168887 9.548199937626839 5.01702097373012 57.83045548532581 16.372013919981192 33.93379228907481 4.0239205475773545 24.216713842343587 42.48685503011614 35.713171998982965 32.984600846897955 29.452055445727556 27.88419921927732 29.76611626626169 19.35388147239727 47.76454056367794 94.68697818068921 82.07378464915784 71.4512714906016 63.82129777933989 60.330155682411466 61.68462613143005 67.5940404114231 77.01695449074899 88.8423549913114 102.23997546416143 86.29443008789002 72.27836286848608 60.002482607377104 50.745809725162054 46.35385200709562 48.17598045492021 55.60461937048021 66.79465100923302 80.18653388804833 94.85219099068532 79.54514307099734 64.10916456614119 49.912410073123084 38.356497234293435 32.40218486074616 35.03271029089288 44.759228096589126 58.12223939372449 73.15537866263507 89.0164740095845 74.88486612035977 58.25454297158208 42.16814381826016 27.59392872788037 18.53130933122865 22.89335977429352 36.104215700014485 51.784503803655745 68.25296513973815 85.05299312668112 72.71642934082813 55.45261367451673 38.22328017506008 21.113016082486357 5.404929750743011 14.538933931858484 31.500181759676675 48.701702420581185 65.95577081032796 83.22971287019682 73.26146408335923 56.16218740380835 39.24096840536575 22.89604860836398 10.359421578543722 17.003509111038504 32.705261989736414 49.4859791721114 66.53422608326507 83.68666249431101 76.46195857615133 60.25933485309183 44.884903774319845 31.57265524191109 24.035834779525715 27.519465300287266 39.1871332150603 53.96899731448333 69.91698473850019 86.387659193539 82.00755591890542 67.12655194080014 53.71606191421622 43.16900768187622 37.95283554004088 40.199238941498855 48.89014708573483 61.34509546200835 75.72913294707236 91.13335833241942 89.46314289017033 76.01669821748503 64.43697152907436 55.89640965080374 51.91718736658148 53.52644670173143 60.278247064742835 70.7145958201801 83.4646121106164 97.6259663574957 98.39541143726545 86.30679317197294 76.25457646696847 69.13284780647258 65.89865847553438 67.11637699827806 72.56221649935037 81.39185950994334 92.64279062427622 105.54350213721773
43.31583866084576 34.08392866982651 4.727264368716089 77.08966042777224 8.283632711125696 21.103283244262634 29.413014595127994 24.8400969148059 0.0 63.24679766602362 27.858228184839305 8.442255805512776 25.794572605423912 23.384218122017007 60.55822834443001 56.19760965447869 20.293614399875125 23.317702345941306 18.28666837183555 61.60010165758174 46.087292460605305 29.591612926632624 1.5531517364925853 53.94353302841312 52.61160321182371 18.493971550045053 23.680307381024594 34.283261867536766 10.325678277688358 22.56405437361759 27.743800503156606 6.890664863707983 20.61164824040484 14.946107514348785 55.9945763962809 39.17507836268471 23.026319289602796 17.535052754935254 14.22397596328322 61.56634129243173 118.16503351274682 104.48171625761272 92.024854459824 81.35975395896277 73.2730251203189 68.68153883461946 68.29394016773236 72.17798605615317 79.7116804429236 89.98296087101843 110.55536678673758 95.83273789759478 82.12208861608168 70.02042903932465 60.50109739301982 54.923622855463215 54.5116975370459 59.37293363284122 68.39199212546133 80.17782227252938 104.30269346896024 88.58119828752261 73.57248949379122 59.815545018432374 48.39001277960553 41.27944940627759 40.805615365127494 47.16894362753308 58.16722389863459 71.69831465693986 99.66284450486935 83.0938824258577 66.89704214769017 51.425143941518904 37.58439623768277 27.916634496060674 27.291030624241593 36.179724341021675 49.71775119758584 65.06494712786957 96.86792445386301 79.73594524823893 62.69736838973559 45.85642706450112 29.552946807625062 15.577364625784845 14.513606517241932 27.88096342260532 44.07680036466558 60.884262343977106 96.07911510365304 78.78019754390525 61.48297554648327 44.18944025533881 26.90670119410343 9.69268276875253 7.914494323754812 25.100675938788527 42.381154252871426 59.674065808063176 97.34520771195272 80.31245947976645 63.42558827841109 46.84262766788858 31.0543185856649 18.25437088589258 17.343178131440123 29.44591680688265 45.07827218439243 61.609671702435044 100.58862064006533 84.19698534521608 68.25616031953027 53.17314964718925 39.932112476177124 30.99149418534816 30.415146860076693 38.579773805069436 51.48228896239723 66.41658338354357 105.62731934654339 90.13009460351861 75.42175864307691 62.06572132252294 51.13286822404681 44.44874605121562 43.99450194588191 49.94042191095038 60.425819340802136 73.53378752961828 112.21967107551409 97.7393532319808 84.32914825724801 72.58461822897581 63.43773201697995 58.127982641984126 57.72414028163983 62.32164839883943 70.95489292234612 82.36445399861758
95.26126793046974 89.65897004416857 60.71358898597338 130.38064669701882 65.3049526015622 80.72071785408448 92.21763120286674 85.02821282152044 63.24679766602362 0.0 84.65456381022157 67.59090567676454 40.36376077911955 63.1950757962616 110.28752552316281 93.01499537021299 81.70658558285437 58.014977926474465 58.35656724663252 105.49313018648232 101.23645345184153 89.98667184502482 64.7809718354681 112.38816486334929 109.62770443088004 81.27809924209943 85.64060820994646 29.95668802358945 68.83225610195589 53.57603640871963 88.75843504081428 61.16722118735382 61.43844231060488 64.44967268032568 107.91358937393966 78.64645807387274 82.73073154122916 56.196613757917035 76.94702204451946 95.816959735397 165.59933123283477 149.22830849331422 133.09296935433412 117.29062116242805 101.97618359016244 87.40649353917726 74.02262554525001 62.58996692186442 54.35402205001083 50.89122079427957 161.76044777011018 144.97640479125954 128.32996624064864 111.88256937733038 95.73685409446345 80.07551398427377 65.24827549046664 51.97397210096729 41.76071005582273 37.21997904066069 159.06033918862542 141.97141076201567 124.9411154581752 107.99719476658521 91.18781009772093 74.60395586644368 58.43795546592327 43.161903744170615 30.1598428098527 23.55829343447515 157.55760242712714 140.2935175200045 123.04006324262052 105.8024404087346 88.58989084111674 71.42054502141437 54.335374041231134 37.44976131279724 21.244987684577442 9.946230954597496 157.28658253198574 139.99047653631763 122.69601268279791 105.40399929211239 88.11587902535203 70.83450244885593 53.56639682741607 36.33049039165758 19.213633863904395 4.139619734541296 158.25361169952745 141.07115256252033 123.92193771911157 106.82197949971774 89.79942123372653 72.90849674168518 56.26787568354021 40.189686044592264 25.749951231581495 17.59605655112708 160.43629080866558 143.5042730259582 126.67224700329945 109.9861298579367 93.52405133269454 77.42904113240981 61.98768797323887 47.8372169605662 36.51073827727198 31.247040009741216 163.78599579498263 147.2227646191176 130.85081629281981 114.75205238340253 99.05975281414268 84.00202038649537 69.98962730800686 57.788062200698434 48.77577304112533 44.91542763183184 168.2329843622225 152.13235241190938 136.32631813371083 120.93045160221486 106.1234186101473 92.18938428485068 79.58820212267506 69.0534431057895 61.65363604860592 58.58891035877859 173.6929359555297 158.12206010645718 142.94972448769354 128.31737808418697 114.4323523099613 101.60150068937524 90.27543730454099 81.08718869414622 74.82845523003131 72.26445326819496
16.028320852756693 6.242546434255338 32.541284150434265 49.31958149292995 21.283759366761927 7.582737622473388 28.374553648392343 6.898403366619903 27.858228184839305 84.65456381022157 0.0 19.82262599192901 52.29929017640333 49.281707348612294 33.057787600130986 35.193912131211846 30.052118059679913 28.22376804684157 26.50315743699071 35.9877523360605 18.2869178016284 8.511404327339203 27.02890548536427 27.805159159569744 25.531713169560476 15.8436329079793 11.915420562276951 58.81618135093733 18.00094296129358 31.91438941286824 9.476696119203957 25.513069614234148 47.03607115195207 40.395564623185805 28.220600031284985 22.94445262774314 34.45986121008403 28.513920042039867 25.251834321481063 40.87792510273128 90.37259274396168 77.08009824298294 65.68239644107166 57.32113476522498 53.44106483671799 54.99892692252228 61.583408041369616 71.82513460383575 84.40310069570266 98.42569016414403 82.73584990999288 68.01034149228833 54.81147913840064 44.51848994267082 39.474037724599796 41.63183118592571 50.06920298540314 62.28440264886017 76.48839483860533 91.76223778019197 76.95999661460326 60.8871722263172 45.720508071328304 32.74434956935261 25.54859003951785 28.844044986367848 40.12403099414665 54.649860467470276 70.44137341660289 86.8105833540318 73.48523209518711 56.45244230433104 39.653374672001874 23.592689087024485 11.813247164369777 17.922154265300655 33.18986883348846 49.80606536945411 66.77150497560625 83.87452879470959 72.64257078888973 55.356169373560874 38.08387392497546 20.86075231330557 4.321352744861868 14.173593776418294 31.334023042968397 48.59490516607875 65.87732678750258 83.16786115896979 74.52136673519782 57.78867735264618 41.52518025773434 26.605679767887384 17.032205717519762 21.703504383408145 35.36524294641706 51.27446684275453 67.86865054317158 84.7463789094207 78.92748835980356 63.3447040899885 48.93121323319004 37.076740627141724 30.883891229504126 33.6400617466978 43.6829686040416 57.30147216835209 72.50810060989987 88.48784984480002 85.47090966992732 71.29766327025516 58.8229628905996 49.352091407080984 44.831023599397035 46.719548536137715 54.353615717712024 65.7618328166079 79.33237395112108 94.13467079328825 93.70487017203527 80.94400337110748 70.15666285540104 62.37531304950744 58.80560081290465 60.20144823761744 66.24973001315483 75.84547288775455 87.83360098466223 101.36885044028669 103.22551162388322 91.7510502941051 82.33888415204898 75.76157397013147 72.79167515189394 73.86560421792369 78.81823796287074 86.98959373685757 97.57434004351678 109.87721276199221
34.974731291901364 25.978238993233145 13.150103459527923 69.14140029176768 2.4719913932150317 13.744292614213597 28.318354632905077 17.881435210117377 8.442255805512776 67.59090567676454 19.82262599192901 0.0 32.6561506690116 31.55552536504302 52.216080144939866 48.120580971503514 22.031047704986467 19.20266285870438 14.599422139594383 53.16648720071641 38.109252700123854 22.839162612870783 8.080231890163727 46.75855455580592 45.054280593447515 14.24839498161953 18.055692734944024 39.953889506000436 1.8927403240410907 20.15392103080033 21.33919794236055 6.432056597195269 28.892838024926466 22.851474058296915 47.762116332429414 31.387731463875927 25.820059910125437 15.035984806017854 15.160249464499392 53.57284788488687 109.90587455629984 96.09077873218398 83.58390445958493 73.06021656452913 65.48294615319973 61.942974276702856 63.12323439561253 68.78116175111539 77.94772951096976 89.55190501916113 102.53907794812034 87.61030128828625 73.72631565017495 61.59770035703233 52.45651629476268 48.03954472087558 49.62471113208384 56.71091954488868 67.58954933240581 80.74198600966501 96.67935073792255 80.70653174797417 65.41329848526439 51.40975505716888 40.07161284282379 34.16450411086779 36.43350753100008 45.67598433997975 58.68473876863732 73.48611792499794 92.61328740695082 75.81155925262415 59.298192774290854 43.40357651524561 29.157792790246575 20.376332951973822 24.060852994756488 36.62466364613578 51.98575733435977 68.28164894107046 90.58281262152644 73.32885249047379 56.1044445287129 38.94881522393757 22.02328635765634 7.193990534198872 14.7375466341415 31.326514088757577 48.41713655601497 65.61860378568475 90.72473196271602 73.50329136041502 56.3311990960227 39.27324078885055 22.58947082621778 8.768936198168612 15.563341272914881 31.721510695379454 48.672417134399204 65.80628722467462 93.02910178225953 76.31665512460069 59.93964621127751 44.27190750401014 30.429486814208857 22.149871538104865 25.573252006516924 37.63079715970954 52.69605145735561 68.82137786415123 97.34243810775835 81.49606493449957 66.38052628369034 52.62933845847066 41.61763557121905 35.9571306092644 38.11181207896028 47.019278231378784 59.73124942589432 74.32051612841101 103.41360978578992 88.62760513278566 74.92684146581482 63.02310870313475 54.115564927849725 49.83751581617763 51.35915766893413 58.22756777202705 68.86100274602917 81.804200551857 110.9543584319202 97.28281378204089 84.9453693878889 74.60683229276736 67.19625577830104 63.74313985234956 64.88245284889882 70.39155644645408 79.3656315534914 90.78286978398795
66.48134551421236 58.29593847748206 22.050504540438006 101.44540253468487 31.017025769458115 46.34727037911414 52.87403961510167 50.34472725893209 25.794572605423912 40.36376077911955 52.29929017640333 32.6561506690116 0.0 23.838545358893747 83.45705593492524 73.67602354165973 41.90158625527606 34.14280795236276 31.040096415738088 82.32222675920826 70.49810454246168 55.21148162941607 27.14357684081114 79.38411413403344 77.69531267550687 44.2107146867781 49.473904166109286 10.53831751255624 34.3839421044432 30.0239976996227 53.460430240895164 26.80462144247221 21.595714858485962 24.086196212654297 79.54801211433285 56.39563142039302 42.539870378692264 28.632322400414868 37.94982816144856 78.27947637155427 141.2328682160104 126.53926988435612 112.58925222621471 99.69544496767672 88.32164465667552 79.12605904533133 72.93725154699362 70.55098330030383 72.34451578633133 78.03015969690486 134.64794519205282 119.17994357505786 104.28972401621104 90.2636798465051 77.57199909209379 66.977578090316 59.6093505313757 56.7384451238636 59.024786486697145 65.93403874259886 129.25822451450955 113.0840280072166 97.29856485242674 82.12629664702725 67.97904843714987 55.644209033163776 46.58443429525896 42.92604786783836 45.97701816977207 54.6244575376246 125.21821686045793 108.46484439172576 91.91492012842139 75.70199504457003 60.09942598373522 45.736193455955636 34.21063019864451 29.11433467994786 33.52060840224437 44.702654618923255 122.6614184173539 105.51658105761746 88.43294997786987 71.454439045413 54.67905934302188 38.37414045737126 23.538526609038104 15.305628634441216 22.653360782866773 37.293426974615656 121.68139912249067 104.38096413953396 87.08112338613925 69.78231881277753 52.485574978148684 35.19393038421401 17.922150657605194 1.583611600819335 16.808502622599622 34.07722536135818 122.31607923252318 105.1167744971716 87.95772950051116 70.8681940889549 53.91430741781678 37.2815907874159 21.720827224875798 12.344412316008832 20.777091998805073 36.18982515608833 124.54076596708474 107.6856465972974 90.99837812654354 74.59169795311657 58.70134775940236 43.89174520859183 31.714864174953522 26.151293760357238 30.994482808732275 42.85015761169784 128.272726903138 111.96144172866721 95.99761535917395 80.58799928949244 66.12121337874689 53.369559136235665 43.85556499186558 39.96269602802587 43.23689768749939 52.35023709752632 133.3854563040633 117.75831457062782 102.66966804419137 88.39570244801804 75.40052437363286 64.46221629934745 56.78217127503577 53.77501287215521 56.195982368397644 63.42652638696576
65.2696033692766 55.44209820535869 19.139973881336438 97.06789665630583 31.667850824795707 41.8018996176014 37.17403389677789 44.48099865808789 23.384218122017007 63.1950757962616 49.281707348612294 31.55552536504302 23.838545358893747 0.0 82.32668816620377 79.57726669539892 25.99592444922084 44.62247036556246 39.82916351064857 84.4387922636721 66.72690787962316 48.3469996435147 23.481857831846646 72.13257754212891 71.85618024835584 35.48866402235966 41.357347497916194 34.18166067776309 33.35309929789553 42.324076924574904 46.079724395592386 29.48765616523769 3.1072154570405943 8.898498189501431 77.3163464148304 62.53589779779012 24.38452596154424 38.25909168911796 25.96670807092897 84.94992182223751 139.16615036156762 126.33499698223808 114.68443788950454 104.60967403697526 96.60498065637672 91.21696909642603 88.92256964948416 89.95880231286039 94.21583525373137 101.28837983573912 130.49284224617023 116.75791268601763 104.09190372851478 92.93290385723992 83.8845085098097 77.68772662424054 75.05225459599932 76.34778925248654 81.38682251683943 89.53954872938604 122.82295462018287 108.15917377855432 94.39295946337552 81.97774059781038 71.61958073500487 64.32008994047477 61.183975267874274 62.83771895618559 68.93746624313812 78.45294650078988 116.35520671207229 100.78962883883574 85.89101849824169 72.0741802651673 60.09001987350031 51.240961557551444 47.31981001479728 49.51156757689835 57.11680009922939 68.35177399825972 111.29946927819354 94.9360810063173 78.97376283736828 63.714669278924774 49.80934722363723 38.74391804328435 33.46519721852802 36.57124265671497 46.40797645962475 59.73820296671887 107.8545680688035 90.89199020051868 74.08651459110985 57.57587288355001 41.71165742071222 27.63069531750035 19.640774301372037 24.632832542699806 37.76909577263213 53.338021001521476 106.1774595189006 88.90468644498033 71.64598440648462 54.41474376467013 37.24909454046732 20.315983778957605 6.057788164212877 16.104901294085728 32.8747979713315 50.008502130455696 106.35183199654954 89.11191147529334 71.9017846450437 54.74955501296175 37.73425742892733 21.1883898381499 8.528470834961082 17.18240484513336 33.41329867538614 50.3624392886733 108.36874595697951 91.49875320731437 74.82626395696735 58.52032910150938 42.999991392066654 29.531014247768255 22.223265883394284 26.72784113603942 39.16111130068553 54.32788405633263 112.12878981404901 95.90257716685514 80.1277127372786 65.13296883397692 51.602947098404954 41.013801444710396 36.056995275605615 38.9459772934466 48.29263531888079 61.206824328304194
17.243572901917833 26.886600422364346 65.2835415357036 20.66668600217799 53.1772613327053 40.53195144359915 55.57683231888552 38.247542736041744 60.55822834443001 110.28752552316281 33.057787600130986 52.216080144939866 83.45705593492524 82.32668816620377 0.0 24.460635358401433 61.19472340680886 52.695673274554146 53.680408151057016 11.336357801551204 16.720554838117685 35.427988896438315 59.872431316825875 21.890026120938067 17.731559920420366 47.752026318529765 42.333965973400595 88.30184222865196 50.326449944460904 57.32278893664182 37.776913897059735 57.04580057078951 80.0931360142254 73.4474535365569 5.8543700854242235 32.06426252831036 65.33293447505608 56.1270747532844 57.59710659674882 27.130146099002253 57.815738676243164 44.0234420186216 33.64782825759835 30.413785304914626 36.28401049412728 48.02884122408895 62.41569395514354 77.99600762338505 94.17932177015712 110.70149585022058 51.757710126677416 35.73933152607377 21.781905114824493 16.44126744109094 25.785489559982288 40.72075614181862 57.010356969568846 73.76241546299846 90.7211076880618 107.78894719497046 49.16520258264614 31.888130370007598 14.669770068521865 3.502146641586462 20.200036886160337 37.45038759708946 54.733309364675414 72.02535913629778 89.32123569052509 106.6190766876026 50.57403608636187 34.010678952445716 18.826373508934907 12.282153563005355 23.366282390437522 39.24064104099589 55.967718962045744 72.96338891702494 90.07574356407473 107.24894374718174 55.68129398833772 41.1936657301379 29.868712037344785 26.192977831718494 32.843789109393235 45.497990558539435 60.49900886021648 76.47812280397909 92.93216197016602 109.6475282688219 63.602118999692685 51.35582338768601 42.7588275306836 40.2233731706971 44.79093488793041 54.710525755884085 67.66802117842462 82.23980929675174 97.70627951775757 113.7029180016674 73.43152454725343 63.073135087685586 56.24011990906534 54.2805761782257 57.693240144601035 65.64554906281732 76.738943244152 89.816990895757 104.13461212040247 119.24614112635781 84.50600624202266 75.62604245889356 69.97158110982487 68.34790915753383 71.03197778211032 77.57794601057178 87.11959713365162 98.79271916398625 111.93243127879548 126.08103600703355 96.39726925089666 88.66019147122284 83.8302201166817 82.42003566243135 84.6008213503063 90.11224050228289 98.39620431634785 108.82136912942224 120.83479612116446 134.01002106663603 108.83778504115818 101.9910956586766 97.76181037396063 96.49470127865811 98.30437943224092 103.0288429981461 110.29416030037433 119.63832552883154 130.61594047244702 142.85092476285243
