0.0 33.273361891223026 21.379348990152366 56.08503462610453 12.268260093480162 18.080618096789745 17.447520167246026 7.140774726582203 15.52706894725726 14.937438559650685 30.56229422841309 51.041044593565296 47.01250946050085 34.408185582442734 63.675475624819846 22.76181113851688 9.02662832642722 40.827125906344065 35.84068984462442 30.742120610473574 5.5758926574207175 11.4893967371194 24.86751734602587 36.39098039094307 4.452570544111893 25.43291174517433 22.568479682034962 3.795113348051682 19.316919141363385 5.221323168710558 27.21796349896844 72.48743272726526 26.329165196100075 53.465518668400925 61.178282413314456 10.997243638265449 4.448939948697586 34.149287574177535 41.41313879000708 27.67649571079851 85.07594606347197 71.84175916901971 60.68987823648735 52.95267206059226 50.23356283002113 53.306072722693735 61.305506619521054 72.62158145319142 85.95419851055102 100.50400782109706 77.48559587767419 62.71351644915947 49.60503882773014 39.83769275017198 36.22334613400378 40.44659443733557 50.5809287473056 63.872066344922416 78.73727529050242 94.43613363438412 71.90401588945353 55.70431155300796 40.42850888307704 27.65265838594338 22.216792781973325 28.656821659735396 41.80373373472972 57.20666098518391 73.45994247432034 90.10458043786085 68.82178644108912 51.68370882735554 34.70859406270526 18.354305214974648 8.233335441842758 19.935104201656458 36.41074320887276 53.411509405459164 70.55883876147007 87.7668695591224 68.57678994175176 51.35852033485395 34.22473579482931 17.426442736220874 5.894294667357248 19.092353175731333 35.95840133990967 53.105637563533975 70.3286875471655 87.58283667563029 71.1983249133126 54.79458333423321 39.171455461622294 25.788973440580516 19.860791706273883 26.880152738221287 40.61213911139301 56.3459026292175 72.79483024841538 89.56576101694816 76.39181316050865 61.36323657500554 47.89459734983445 37.69676478240873 33.86602519164137 38.35983859428893 48.936231354073044 62.58386556220251 77.70092461226592 93.57796273536069 83.67967571996867 70.19036993614046 58.73491525841275 50.710894733632855 47.87589951831317 51.10098825316436 59.40726034701077 71.03405168683511 84.62359453257235 99.37389667009015 92.56847121710867 80.53665910751857 70.72538320526871 64.16152251733813 61.88713022104959 64.35858587125807 71.08257899610797 81.00699519793024 93.11406058081087 106.6631054155765 102.6430123158474 91.89026504477555 83.37109164374615 77.8225051852026 75.89882070586798 77.86915265799603 83.45815817890308 92.00874239500943 102.78442716065962 115.16229215732682
33.273361891223026 0.0 39.68919059898638 63.43854551558349 24.938525396359243 16.00183856882348 31.646856269769124 37.41654750259109 18.643217209792315 30.02637937128451 63.82608185675381 54.33534919308875 46.03162573389131 47.09127955374296 61.256261782102584 31.177216163804857 38.69425203385955 16.65447039064653 66.87992938245466 41.96489148119787 29.063917837822967 21.819677086093503 40.882261981742985 48.2743564554422 29.721194856386777 10.1056761027797 13.152132746861232 29.52741001172441 35.31877650255423 29.55356719635829 57.98659803445015 78.13655945434623 49.51310578752787 56.93593031633744 60.58612635669561 40.360848954819886 36.39860386113276 7.12592379842829 65.44473741258449 39.71289570220605 84.9954132526095 68.30187125363256 52.007524390165116 36.648754458479964 24.08716353718339 20.395178963072 29.16242164785431 43.400944477661646 59.29206321653283 75.80347731533068 82.77706495110432 65.53374317238521 48.332328001771145 31.242115638722716 14.65738969680247 7.2333795347738326 22.102441265480586 39.03110892509876 56.187636020561776 73.41244337889364 82.93621751592116 65.73373913597479 48.60191398005604 31.65566175330769 15.51544702370702 8.83688680724607 22.67521416296059 39.35674533063236 56.41324991075665 73.5844373814899 85.45958681803504 68.87600555388664 52.75583907180758 37.69833185287594 25.648803988639603 22.209667283922542 30.453058121278602 44.27436538521885 59.93130538221621 76.30212678921528 90.14882596612296 74.58957356497476 59.99254486196188 47.25794839412984 38.291372747822635 36.02571387958459 41.571410696482936 52.50923354203319 66.21906311703789 81.31061631775609 96.6892649011422 82.34083899391868 69.3535507487085 58.63887492998281 51.63159615185622 49.91820515552644 54.00494521205965 62.76896068410206 74.5791670632009 88.22053791831985 104.73458310739025 91.61394318471743 80.0973775867335 70.97012632316613 65.2427880174284 63.837117496863094 67.02557255574504 74.2183993801829 84.39791383974547 96.62473046762585 113.96641844490424 101.9945286208123 91.7393433518843 83.83325285291347 78.98484262682568 77.76811918464843 80.34823752986775 86.38565912569132 95.22504316877776 106.16882548767441 124.12018374940668 113.17814658596158 103.97806502376159 97.01677916297263 92.79948903101271 91.70554608196694 93.84424059346024 99.00630331130402 106.75404905766648 116.57305939377225 134.98786913116297 124.94921828230399 116.62567572595228 110.40583354690928 106.6583643137308 105.64669436216576 107.44812765246714 111.92691810720522 118.78059021570145 127.62711694701017
21.379348990152366 39.68919059898638 0.0 34.78764391912706 30.657763976022817 30.77943102499344 38.229394380977844 27.742829185602194 23.186425508535425 10.300081490758318 37.76621737352729 30.643047981779056 28.57284701506374 55.78363592644854 44.17087021757078 10.016946442269628 14.349475006257641 53.15057079233083 31.349367852093987 52.0065546948747 18.540723503916173 24.98449102772227 3.6109087139367575 15.074923127325176 24.217918331389523 29.584405597160277 26.59265571094826 21.170754781512812 40.54208336344898 25.160229747092227 23.49538266483297 51.16425288259015 10.09610039229326 74.54845327621744 41.255782688561936 13.51482536349577 24.846271015202586 44.03375240349557 25.755851759991632 48.91354910202998 106.14245696771124 92.30503868345585 79.8305421056229 69.45723166869988 62.24463752986011 59.3563734022938 61.40569613550383 67.94730505635495 77.85697979587248 90.02932096366995 98.84981628637823 83.8577931358388 69.9405192292921 57.87854923384484 49.059964979825615 45.41516638061174 48.13416647371872 56.302416449202134 67.98330445773259 81.68354022013489 93.136110855393 77.07269687792778 61.68285662797798 47.624129793868946 36.46984253622612 31.476178767670785 35.35758736439967 45.915976281192805 59.70848776049419 74.97092024599239 89.305004009783 72.41856941553642 55.78733500636281 39.7330642409756 25.375542098868205 17.54514108316081 23.884260726096013 37.83907955037865 53.775887421581544 70.36055919821976 87.60389234771743 70.31987772211068 53.04754464194211 35.80380319925671 18.668052813030297 3.7139748836686994 16.667470244476316 33.771719834380335 51.009480472753836 68.27970911577098 88.15619141644137 71.00361195738975 53.9464995343969 37.116704973923454 21.06627255408709 10.423001756938122 19.29256766293871 35.13517387936934 51.917923640435866 68.95777129390754 90.92083779828748 74.39308393802811 58.31615408214208 43.19638194767165 30.49248591317544 24.338584148370593 29.217329736391516 41.396240564704215 56.32367003507785 72.31717345742439 95.70626344824711 80.14569377511667 65.46512053092708 52.40933303982768 42.50295026766909 38.27492366451923 41.49873720862054 50.774275047447446 63.50287577358458 78.01224176096324 102.22901582259307 87.79808692250792 74.59850310754089 63.40401779256717 55.442785703093094 52.21528233044085 54.56802304712498 61.86762301687124 72.63770800482338 85.57786324972565 110.1808909777733 96.9011251497578 85.0794891259028 75.40492676887446 68.78937845991905 66.15698219972644 67.97209792049479 73.90776680881123 83.08551011129093 94.56605142846425
56.08503462610453 63.43854551558349 34.78764391912706 0.0 63.97178723308645 61.347349003085185 72.3552075150414 62.526787739354596 53.38559277015195 42.60957670527068 66.38994755127392 10.134418121891233 19.238764990596366 90.40051815734265 18.209713247624364 36.01429066155098 48.90608362892951 79.7382992700492 51.81380124349604 86.41454012255754 52.57766295425914 57.27968898769034 31.235588359671713 19.71365908506458 58.5156044389465 54.78858544642378 52.99467256771385 55.40751526843934 74.97755449576653 59.42945425243433 48.69287822082921 16.41040885819074 34.193656793139674 108.58302763778688 14.521087009848106 47.725856624506484 59.63322349209013 69.85953506699019 32.855656543719746 83.3031254628741 140.01632464218793 125.37645178565583 111.50169180305849 98.71519135802072 87.49537046454681 78.51674865327625 72.61548666965079 70.56789006700721 72.70030558305376 78.67357163798347 133.36869047279342 117.94159583897303 103.11125169449834 89.17588345414863 76.62534777034669 66.25139560512974 59.2093631629426 56.75339391319434 59.454558472725545 66.6891227538172 127.92291206553932 111.77569101438337 96.0314704219006 80.92580590002957 66.89270027074639 54.76299095562677 46.065622185997064 42.93952091630077 46.52169285232518 55.52871235071282 123.83772873750017 107.09822693413855 90.57034172862024 74.39524732270333 58.86449084674799 44.65549435675929 33.494887745224446 29.127500221249296 34.25820293708975 45.79898583016347 121.250802971971 104.11008623911167 87.03318530854878 70.06677590767546 53.316444744353674 37.07621781169152 22.480236369740506 15.32281241306901 23.726116122178738 38.59768186337818 120.25889990167153 102.9585047181039 85.6587297081185 68.36004571256169 51.06356154473292 33.77265726348409 16.504879061517418 1.7155990874206968 18.22605609606964 35.49857116279587 120.90129794482031 103.70469876760372 86.5500901441241 69.46858654958287 52.53155038851671 35.94378821221881 20.568444075280286 12.36441378016936 21.94104419563288 37.532025904256436 123.15241580497326 106.30870331837309 89.63968721729404 73.26470424598394 57.435794526004486 42.76370351395029 30.940401168806034 26.16472341981476 31.78973607446729 43.99195527164424 126.92665659076107 110.63938452518956 94.712599007072 79.36362618509855 65.00307423530144 52.44921264624948 43.30295489774209 39.97596336677031 43.81455397364361 53.29219812763156 132.09347531767546 116.50429211318514 101.47173654618426 87.28388128785951 74.42538495764842 63.706352102856904 56.3609798473847 53.78959173976365 56.646091558132056 64.21011273279635
12.268260093480162 24.938525396359243 30.657763976022817 63.97178723308645 0.0 9.083691531648789 9.268362111974785 13.278485915097484 12.803518765415477 21.402402322696716 40.64237819773703 57.475320262274394 51.8191937721448 27.997858168924424 68.73853665136626 28.23576630433543 20.972017570184775 29.200244040693253 47.980061036187045 23.313574247104075 12.241899618907764 7.223011341324359 33.70471827083428 44.78389685352724 7.834074370512132 20.209294227086914 18.476181388411504 10.102947136946945 12.818980536516284 7.055270440819585 39.44583809396122 80.285817511648 37.51019480372865 44.66882258274109 66.75524094870507 22.982573252084272 13.27401346583296 23.852003252887016 53.156409039359616 20.272141250454712 76.04453771639258 61.720872651007376 49.344370545610154 40.730505371526625 38.49399447562469 43.626912945605696 54.0697127346927 67.39782278948486 82.21986121187695 97.85934302797146 69.91931593434937 54.032357211039766 39.3572256380321 27.878262018851093 24.57874031779501 32.08959577778371 45.321965291627926 60.639340511931834 76.80422772617943 93.37751268110402 66.29506952749205 49.275549382383815 32.55512823722741 17.038370417447453 10.931095222302394 23.396254045762227 39.67358880066823 56.562493558944084 73.64340290351228 90.80803372567233 65.58776764446 48.324171616870714 31.103205547925228 14.082143419385938 5.283717085553874 21.359824536372685 38.51337530309915 55.758690670401464 73.03079232997702 90.31431340842593 67.8886524656465 51.390021778978515 35.66106552603743 22.387516647632964 18.149442416853315 27.501193967513952 42.21304455295905 58.36333303025657 75.02884915501394 91.92980920121099 72.91346563964521 57.83771891166367 44.41552227598058 34.626350400842114 31.99903589240951 38.047353218615754 49.698817981482 63.96133647318944 79.4408034381777 95.5475722927956 80.15147029338907 66.69346051715027 55.41191606046448 47.871144623357665 45.9512329976812 50.299984302985 59.559754097276425 71.85640873050923 85.89543598626358 100.95252176530805 89.0646253675805 77.13213616128813 67.56420175846235 61.47497282205413 59.93429069891445 63.27528833296384 70.81031718269713 81.38265121688931 93.97269184219304 107.87628885934183 99.20231786517256 88.59586077107141 80.34948658791714 75.24320712008455 73.93055670221352 76.6067946382266 82.88643754524742 92.0348240973521 103.29251152617785 116.0472481389596 110.22707520401048 100.73515221727997 93.50833811083947 89.0995135822524 87.93357132272365 90.13644230416432 95.47522776876487 103.46562532519765 113.54923051243952 125.22138593218243
18.080618096789745 16.00183856882348 30.77943102499344 61.347349003085185 9.083691531648789 0.0 17.115291979061485 21.477877594131172 8.011777592850729 20.525289185019478 48.31660213222971 53.798933561880084 47.11171150808952 34.90524181828294 63.82907441440284 25.471953630357042 25.092726899976384 23.386342779233235 53.36346673700292 29.881511842534348 15.066404655729263 6.898403366619903 33.16047109183163 43.18991630552073 14.087795108422421 11.653250289272 10.687960279029518 14.585042832832146 20.885669246463394 13.78183796142851 44.53576253937843 77.31985021264389 39.327692529214985 49.13897788120001 62.23973763717046 26.998742408207452 20.679337080489187 16.069149234214162 55.478440989832166 27.0955254704167 79.71294286483904 64.31629781033959 50.17696126483638 38.698541232077304 32.80449846033921 35.4034111213238 45.04859923299431 58.344317981125414 73.3311050130711 89.16025380189775 74.98616470302615 58.384107647530605 42.34613388258766 27.863919033541425 18.929152467358097 23.21507145117798 36.30810063824887 51.92618512408755 68.36001119961726 85.13850750944492 72.74145208533307 55.48527248421535 38.270426872593525 21.197857971352953 5.725931482115218 14.66072642482856 31.556314843005474 48.73785605500737 65.98234398993156 83.25067160791801 73.20751228873355 56.09211345507813 39.14107432588665 22.72521458851617 9.97798717127342 16.774929182394693 32.58756574747755 49.40864099327258 66.47699857421715 83.64138954632625 76.33470336869094 60.098521161442555 44.66977131373347 31.26748484793721 23.63543239086952 27.172092963084705 38.94512195108317 53.79436148569197 69.78291372222816 86.2797060928221 81.81841741034407 66.89641224983728 53.42951665632098 42.81358735643597 37.549966825104725 39.82089261775312 48.58100146394485 61.100168998207224 75.5318100795347 90.97024101292685 89.22514751071505 75.73774509918069 64.10917049861942 55.51996106316262 51.51356167206689 53.13688569286094 59.934220871021736 70.42296263921418 83.2188507933433 97.41694520259874 98.12028039107395 85.99443241175521 75.9024899270151 68.7460990767031 65.4947088661664 66.7216623804525 72.19900388697845 81.0697519651363 92.36127865496516 105.29767089133558 108.13702916173085 97.2194187593453 88.3645648433012 82.2414730203093 79.48399888050744 80.43901354778585 84.98144710474631 92.58477430028539 102.5705471408968 114.3161251839206 118.99235447368811 109.11414012258858 101.24861217472349 95.892325562259 93.47762020093295 94.23090574527839 98.07921522481517 104.68176566497803 113.55915818583523 124.22464930001294
17.447520167246026 31.646856269769124 38.229394380977844 72.3552075150414 9.268362111974785 17.115291979061485 0.0 14.125732201669281 22.059446327517403 29.80197284897082 39.75242137838361 66.27951661039843 60.91341604311797 18.76155051952924 77.83624686740357 37.04083783431198 26.379221045340966 31.355996118873875 50.45627420212087 14.21841455367088 19.812608839659074 16.46835039632633 41.523451194079556 52.887036644806216 14.013386943657949 28.744909050908372 27.38434939299855 17.06797838753848 3.773268873783683 13.069515646745584 42.57986321711462 88.73871749579102 43.77460819683516 36.33116114936559 75.76620158612431 28.283341459301077 15.901467271367919 28.747922052776733 58.62083863687617 11.126017567084652 67.91391479836278 54.398377604577234 43.64371350192312 38.06665929650158 39.90080138688435 48.30925307005818 60.61518367998917 74.92211711062531 90.28373802292015 106.2435393308295 61.10640319626584 45.66063326399041 32.16372463082819 24.141826107214158 27.015943201571794 38.41361008760279 53.10424207581094 69.01613178442732 85.46989645499153 102.20416227825969 57.07074203529118 40.12669794666409 23.7054281414327 10.6045227267086 16.176452787392254 31.774399930324364 48.541327760028665 65.58674907402684 82.73872099024848 99.9424003699269 56.40512275001522 39.17863747453025 22.070498538799082 6.1613055935404635 13.694158497643857 30.59104079261898 47.77873047777433 65.02703979755998 82.2978628706185 99.57948619458612 59.223292846785576 43.120015557704406 28.460235397654042 18.95642865134114 22.525969605647305 35.41474773693589 50.98726643967197 67.40853248521279 84.18331839324664 101.13586836831792 65.07416218087008 50.82575706836475 39.122589232105284 32.811656519463334 34.947689874685565 44.32590281420557 57.50598839829652 72.44170174436873 88.24607645703308 104.52582588459008 73.23436362310133 60.88284507194419 51.467199020497034 46.794521776329574 48.26266573535203 55.38542661947726 66.3664749856099 79.62521877096385 94.20480278915312 109.57927365340004 83.02565044234127 72.31672999941694 64.53569381624756 60.81691908648012 61.89697125362895 67.54604345129354 76.76194665129252 88.43653347712697 101.72679089033637 116.07908962182088 93.9392603432608 84.57069049081296 77.96476720354764 74.856491630058 75.67806771049246 80.30897648936052 88.15089140837027 98.43939143453433 110.49314048384932 123.79757905288565 105.62775443109182 97.3353489064797 91.59581142163572 88.90494967263804 89.53804982157449 93.42756305616665 100.19496790913554 109.30703789073515 120.23186080356388 132.52187386570526
7.140774726582203 37.41654750259109 27.742829185602194 62.526787739354596 13.278485915097484 21.477877594131172 14.125732201669281 0.0 21.189342855038326 22.059422282608885 27.38562768739773 57.88548412242658 54.091750902839664 28.63881921348387 70.69444031104125 29.8814458777319 13.926483665613262 42.339189129106565 36.37808792087397 25.56976932071815 12.493286490266367 16.041915724320972 31.31814692247923 42.81686828416198 8.140304995446593 30.763391394865078 28.188990029448476 9.985838089040726 14.698282793121551 8.024025522712138 28.458217799798998 78.88737773411403 31.201729455913863 48.42673336886477 68.13520947611799 15.531335271406798 2.913884820495038 37.04558006648899 45.14557413884659 22.660853773912297 79.91381105754893 67.49342396653653 57.64727397516547 51.86284751168657 51.526716803656655 56.73579975997023 66.1936571090259 78.37697586414852 92.21171989833064 107.05957717162114 71.63794249595608 57.50545567103675 45.61213613084459 38.11513343267536 37.73283363982569 44.648370363551805 56.23072222054065 70.20696667982128 85.40988890531523 101.28863203043561 65.4110707210652 49.572115870741804 35.141033030078624 24.720452351525342 24.2078573617501 34.05364860290387 48.290709663654084 64.05501797646096 80.45376962928246 97.16626883105758 61.855229891220496 44.7987290654228 28.04453614087984 12.836631541825788 11.906948888352954 26.785910005540096 43.49606577983507 60.53960457685313 77.69744478946828 94.90761482508304 61.436024702854795 44.220789508000834 27.116135208366863 10.667934339613785 9.541400736750724 25.826058612828707 42.914400257206566 60.12503360418944 77.37639855200523 94.64622501903335 64.21491967392927 47.9901208882343 32.882507180999895 21.40510770061682 20.828100594579425 31.75142035590885 46.70339812459032 62.87267991469528 79.52013672272777 96.39835159678574 69.81100787396518 55.22356017518054 42.71316576938513 34.61062864653829 34.20650309885743 41.725079351333775 53.94986369905831 68.40249624834404 83.93999848912111 100.05824980013381 77.61724792785957 64.7706511705634 54.449425315128266 48.300571096991895 47.95678269620274 53.530023650069346 63.48052019677267 76.11039379658882 90.30232682518627 105.42737311869514 87.04091320418526 75.76161503074717 67.09857773868906 62.15553908629613 61.83120592260199 66.19350492886403 74.42282745085235 85.4086030717466 98.23032522144466 112.26067516579332 97.61457314134677 87.65486138447801 80.22985851798997 76.0852897107263 75.76145498969704 79.30517292839345 86.24099073731347 95.83523439890075 107.37765810231573 120.30883759908491
15.52706894725726 18.643217209792315 23.186425508535425 53.38559277015195 12.803518765415477 8.011777592850729 22.059446327517403 21.189342855038326 0.0 12.889558079286626 45.84649396898617 46.017683419276125 39.6665275205209 40.72007374550823 56.51338646897511 17.463628093984436 20.052102869246298 30.073429840323303 48.27667678322743 35.91973720438358 10.63618990524635 5.826833222022069 25.34867464495575 35.18810282496222 13.056144845272327 9.926736479730977 7.060522897767241 11.757173629832561 25.614745179986542 13.308375370058343 39.37935051774249 69.42065166743086 32.23862256621637 56.372259867062596 54.749898244045475 21.725101251740234 19.389585987225853 21.402262838708143 48.41893269056304 32.936987480601715 87.28264325705314 72.12436445838533 58.174689619731495 46.533552470720885 39.30845873589672 39.033892713065526 45.834932769418266 57.24284909992482 71.07287044682505 86.16651602144739 82.02002793981764 65.6888658175985 50.014797017159346 35.86981276918126 25.894357198474708 25.55587448246459 35.13400668327577 49.13659379603504 64.75432026744144 81.05892829192153 78.96400800997762 61.849077623604686 44.87778217213316 28.30963352651894 13.695563370879054 13.130675900825052 27.494980107396135 44.02551874224231 60.98550448966501 78.09564842616265 78.37318144979862 61.09643919446086 43.83956807980446 26.641210785339172 9.813971178797052 9.032579033280726 25.798730069355873 42.991568916415105 60.24690081740307 77.52300725469297 80.30198838768698 63.54075742029915 47.17158498443707 31.805676666914017 19.91872908728049 19.509549728017205 31.035485410301305 46.308662695360766 62.64579146687538 79.39275910472615 84.57819752835181 68.8423050218612 54.07183269864549 41.31551632541629 32.998323507691616 32.70344762663493 40.606037559530705 53.16854101011156 67.85017234454618 83.54104792448551 90.87096334605619 76.40857392029905 63.38542189627811 52.87586028549195 46.61228212115482 46.34928737171696 52.17769050949789 62.41369790038785 75.2803515921351 89.65208495862899 98.79562249459445 85.6413087392229 74.20908715211357 65.40825318382367 60.400220766202864 60.140085369071855 64.68515427317301 73.14509289038482 84.3500809708857 97.35688892212704 107.9934218968579 96.06108655036205 85.97425477234836 78.44806929905275 74.26515756952136 73.9946933236367 77.67755538415923 84.8002213433393 94.58879123879314 106.30939880559703 118.16732742896473 107.32259247601232 98.34346100011712 91.77913526242882 88.17062379471355 87.88278565346079 90.94715504691557 97.04669953631522 105.65706153910621 116.22152682286652
14.937438559650685 30.02637937128451 10.300081490758318 42.60957670527068 21.402402322696716 20.525289185019478 29.80197284897082 22.059422282608885 12.889558079286626 0.0 39.73953324697233 36.609995320147945 32.1055277259083 48.164367111966484 48.84911440646491 7.824372578866194 12.475042333264952 42.90402590687337 37.93099753817308 43.95502457482426 10.268438129094253 15.072239379155318 12.692862627140405 23.40588953980113 16.251911045332815 20.020771046647624 16.883498758552015 13.181030892947458 32.607620408429575 17.111041286234073 29.236139294722207 58.9649377104708 19.585028710365428 65.97360476141853 46.46815559059466 13.179797636528376 19.24616701142082 33.92763157435854 35.69946537610715 40.84263865501688 97.42616721596116 83.05617834917989 70.02500098781358 59.223087244354694 52.05716723341105 50.11211985423042 53.95555347254601 62.529035200063994 74.21091586640082 87.76867962076294 90.90067734579505 75.33279164666469 60.71106208358013 47.909746692712574 38.775788888144035 36.20064898010049 41.42607121390588 52.158019256771695 65.75337083547731 80.77908012865808 86.21174171429308 69.63018301675744 53.50674316698021 38.42254470528623 26.235920392800594 22.339791763553322 30.141670046279863 43.779966311856406 59.35959760039347 75.69114482011969 83.66877387775803 66.47058941080108 49.34499030432516 32.407254693328674 16.25563048597395 8.773492198170182 22.100137676568828 38.71138440318306 55.744414577708035 72.9041940351774 83.46818106564501 66.21907774818216 49.00723113527398 31.89301785015351 15.209665017808874 6.6495616877216905 21.34977446356345 38.289979197851345 55.4539951907698 72.68343756716537 85.62642975656387 68.9075022617371 52.567232631426805 37.109240205366746 24.281457004399606 20.019847238484708 28.472988887898477 42.653717218117116 58.537849058292814 75.0515265382698 89.97390275599093 74.21702560932955 59.327385043848146 46.15212188827339 36.592432364073716 33.86298673732895 39.4094614040867 50.578824012228054 64.51385309851302 79.7782242064907 96.21423730202596 81.63776365146896 68.34450873747963 57.235668262838594 49.79532101458318 47.76953731208112 51.79754648349841 60.68562741704819 72.67191586006376 86.47757952699547 104.00720035329954 90.65263379591481 78.84793736739496 69.38868326009299 63.33463844394103 61.69650244548994 64.80999402987156 72.06182875273933 82.36609693882072 94.73191442748772 113.03201178479318 100.83487170402105 90.32049890311855 82.13768441038664 77.03305385698388 75.63246049833013 78.13534593162602 84.19430500275297 93.11774918824277 104.17214090331431
30.56229422841309 63.82608185675381 37.76621737352729 66.38994755127392 40.64237819773703 48.31660213222971 39.75242137838361 27.38562768739773 45.84649396898617 39.73953324697233 0.0 65.89567948596117 65.85052115922673 45.962130429897186 80.05961052723428 45.77418492826919 27.3607532816651 69.70353028506447 18.578653870709434 45.62787778038036 35.23908367238856 42.011192952117604 40.67932158534275 49.275707345356366 34.236215066028436 55.757966804859834 52.74142547424859 34.334304072107 38.47964793400312 34.548083320387235 17.782664951967593 81.09853491924258 32.88269862252986 65.926080190396 76.70292136214773 26.578789719413493 27.660915292002294 64.22871766796652 37.18159768853358 43.747708515871075 94.99493881792198 86.15979341655145 80.13529595558188 77.57902661306348 78.82911352238644 83.71521345201405 91.65767203989184 101.94461623689449 113.94281359735953 127.16882013843701 83.73675526528218 73.62417283866527 66.54237203613143 63.51338073668845 65.10534229600758 71.00813660972355 80.27639217330079 91.89742445757533 105.09361497787405 119.34359220921452 73.49295495045148 61.78394168632662 53.21652078540332 49.451413832947416 51.551801007021105 58.893426249865165 69.84257108042539 82.98334426816344 97.43299096109114 112.68913718678496 64.74698509151143 51.12477626120957 40.42302422598643 35.397831825519795 38.349701157909884 47.823635688026044 60.84577349708715 75.6043890586292 91.26087117548711 107.42335426079863 58.17846987854544 42.54406996061407 28.878587289490635 21.369583582742287 26.039523513517935 38.70614745444827 54.0091316385058 70.24612539862679 86.89511695281925 103.75796812997585 54.57941704867496 37.49709775673395 20.781368227107677 7.510761679994565 16.723371880336856 33.191025044325684 50.2228082682254 67.39235971240241 84.61585652385178 101.86593912254163 54.540930344109476 37.44131227705429 20.681006213821856 7.2297677534121565 16.599651691680712 33.12915183891699 50.182131656689855 67.362195216691 84.59194832824464 101.84617553091076 58.07009014554573 42.396421110793575 28.66163151625907 21.076839517420623 25.80094284361668 38.54679732349224 53.895583871615685 70.15927438679097 86.82525582289851 103.69974811685037 64.58462638025608 50.9199437373119 40.16484716770558 35.104085205545964 38.07999764407606 47.60864643482208 60.67773712342232 75.4698610153628 91.14998427324942 107.32961807567119 73.29268371957589 61.54667301501389 52.94213997686685 49.1573917663714 51.27114099656032 58.6490612606476 69.63760929394518 82.81172998547464 97.28756534909266 112.56402566082744
51.041044593565296 54.33534919308875 30.643047981779056 10.134418121891233 57.475320262274394 53.798933561880084 66.27951661039843 57.88548412242658 46.017683419276125 36.609995320147945 65.89567948596117 0.0 9.12943701271709 84.76767644950527 14.190795070684514 29.254463689701232 44.96803989897273 70.8342871062214 53.50131889095348 80.48525549585327 46.86267050021491 50.48001702321743 27.0582328623818 16.651886803597296 52.854791861790524 46.193187184226595 44.71135006031863 49.76788355990551 69.19933418110531 53.72027905797157 48.790236808007926 23.870189724601474 33.014663702140375 102.0955318774206 10.82972365824236 44.140611368270754 54.973425529867136 60.97070926765119 36.43835881546533 77.37861361345193 133.24968474757247 118.1107455272605 103.65092097247476 90.19741744757228 78.27087770543228 68.67155136228327 62.48143023038859 60.75172234859329 63.84598578295812 71.13749728797944 127.35747968488786 111.45238557712555 96.03147228292421 81.37048534947739 67.96301128304427 56.70527946310382 49.09897488896276 46.95351692067414 50.96331001053333 59.904824372784034 122.79678489945216 106.23551767544221 89.95347843432056 74.13487426175345 59.152676304820204 45.83455987778669 36.07329867619924 33.17328908385504 38.70864984699446 49.94957727918897 119.71993603025743 102.68017044264948 85.74545765060111 68.99319821464573 52.59801401859811 37.037177864854804 23.99303641448208 19.449700133844864 27.92181335310906 42.18620951528386 118.24287051739248 100.96207936477869 83.69002313168696 66.43351514533525 49.20891543219245 32.06768220696769 15.292762566332192 6.17368547655904 21.001753700277288 37.98350148788779 118.42548481384884 101.17491012855714 83.94547444890485 66.7535480420131 49.63811969411153 32.71945800540995 16.610123190518948 8.94106858710055 21.970491059452684 38.5249984055213 120.26021594614312 103.30672627816618 86.49133493133051 69.91375766732432 53.79430428269339 38.70958543478378 26.490526703329905 22.444936505577815 30.075131150109677 43.63442473415549 123.67353157098468 107.24312088919137 91.13582582169416 75.55857146536808 60.919322872730255 48.08260891926589 38.87695802925258 36.18847405871533 41.30981297180974 51.98175492214386 128.5396909057336 112.79526761436539 97.57968032480584 83.18363412843709 70.11377411091956 59.25425733501026 52.00859605606019 49.974218096645316 53.746183532363645 62.27827368710052 134.7012662659783 119.73854189697525 105.49359853087496 92.29937096442993 80.67305662013148 71.38489954749582 65.43821007347553 63.774669166041676 66.7154491276315 73.71151546899029
47.01250946050085 46.03162573389131 28.57284701506374 19.238764990596366 51.8191937721448 47.11171150808952 60.91341604311797 54.091750902839664 39.6665275205209 32.1055277259083 65.85052115922673 9.12943701271709 0.0 79.6322208313594 16.923183051127772 24.31203420885105 42.262407484522065 62.64657419614041 55.68425328894701 75.10377829894925 42.26240748452206 44.64167614694734 25.309761080145055 17.940870098410503 48.14916629913257 38.493927165873444 37.37726163086042 45.16248125329358 64.08819168330575 48.94497186787624 49.739826439881 32.23397846663958 33.65806800453308 96.03877155969485 15.131761892624855 41.82175135213028 51.22928886762635 52.842273929026994 40.81508895256035 72.03148062892059 126.82438550078024 111.27518252021356 96.32553142042964 82.30279481052361 69.76813266685906 59.666866100633264 53.39829357896995 52.35762481758218 56.83277459761967 65.7062244605251 121.6363253550259 105.35199934061207 89.45053549037286 74.17856327433405 60.01855225703743 47.96561681463612 39.97349864184358 38.64928468760662 44.59103313445923 55.51269837648475 117.90402463496946 101.04010990818549 84.35377449835268 67.97591787387478 52.19772242502794 37.77816457780213 26.99051478491082 25.069837152275632 33.57404143578431 47.16615798228997 115.76842273595122 98.55130211743095 81.3701643770545 64.2538808782054 47.2729501992359 30.653148103351114 15.595262493360332 12.063249616746944 25.427245739243798 41.78852373484551 115.31829355111113 98.02457298287004 80.7343702562382 63.45056125941456 46.18032545213366 28.94796616108846 11.918916986479362 6.6970120700788245 23.374193258209846 40.577942303007575 116.57316968119615 99.49109796422543 82.50069952984668 65.67316374232692 49.17596580850638 33.50073066009204 20.616363904102386 18.06881653038072 28.751381972141175 43.880678710764016 119.47932340015169 102.86564047377755 86.52213678744437 70.6365996694125 55.60294206218554 42.33856414305341 33.04738652436492 31.470849896205447 38.56692786567669 50.824308667093135 123.92059349541526 107.96940010448853 92.50498887775476 77.81811047313677 64.44259003309222 53.37359127087559 46.296185832825344 45.12911635289385 50.285596402324146 60.16102567985942 129.73936457365176 114.57145037814304 100.0980942388359 86.6679664350092 74.84477970685442 65.50452198686966 59.821739027546656 58.865399243878564 62.85162451624569 70.9522014370849 136.75984519889843 122.4295575347944 108.96524972325432 96.72922271411572 86.24585322021505 78.22301234392054 73.47121827379091 72.63530795212566 75.84486666995662 82.62982168178577
34.408185582442734 47.09127955374296 55.78363592644854 90.40051815734265 27.997858168924424 34.90524181828294 18.76155051952924 28.63881921348387 40.72007374550823 48.164367111966484 45.962130429897186 84.76767644950527 79.6322208313594 0.0 96.55087766735481 55.613749468211864 42.523807065187476 40.74608312002333 61.167843448682355 5.137382567739303 37.94646432338147 35.21662524961397 59.24539532482739 70.7510146834015 31.95791186063045 46.444176884816436 45.541009941072765 35.064157486297916 15.578337382735517 31.07124397459138 54.78839618871582 106.8109269769258 59.83280121517645 20.4448753441267 94.41992751688987 44.16946304890186 31.34857029999465 42.26483032075168 73.23072562757908 7.8243725788647795 51.46708843960284 40.45667540343227 34.97615787139289 37.531697226639146 46.82555516478549 59.79418515819946 74.54370653086245 90.20471955642044 106.37540279247465 122.85466556137784 43.08763437812789 29.12125514249451 20.93471435335953 25.043732314880437 37.61417672471726 52.92613298075705 69.18263013998988 85.84875405622522 102.72532468677052 119.72337946286147 38.309358467774665 21.468305316288504 7.272050092555115 15.607391979418953 32.14050479853756 49.205150192469404 66.39273269472163 83.62748648816444 100.88523891246227 118.15591291575164 38.497465549091274 21.800687970185148 8.197466704331935 16.05740473708444 32.360397950869064 49.34839193236571 66.49846268300072 83.71105431308857 100.95419263865614 118.21451150571502 43.587701858395484 29.852853878094376 21.936483407000143 25.883141465094948 38.17559440496183 53.3247249637301 69.48660205339489 86.09274490649398 102.92834825363838 119.89679024442749 52.16416109270215 41.335830395210245 35.984848718435444 38.469144661827215 47.57676045741055 60.38152425260036 75.01343944429999 90.5914511092909 106.70198321201636 123.13619581153294 62.81464018709918 54.10759947250463 50.08280093789123 51.842481703791904 58.87019788420958 69.587777797858 82.57068952598198 96.91274451042436 112.09345501755728 127.81434425017595 74.6566024861212 67.4397498417453 64.1975453533148 65.52269230485743 71.16048756958693 80.2066093413143 91.6573989335915 104.72702985606533 118.882783409225 133.7803236825024 87.20587347059663 81.05609418212016 78.31985674801102 79.35107459136186 84.01112805656923 91.7487316337573 101.86497629508855 113.72686821654501 126.84561967950937 140.8705271775058 100.19689790728255 94.83414549753137 92.44611201608635 93.26158788246583 97.19997733841679 103.90678075693653 112.88965520297235 123.65355266837786 135.77554858373517 148.92437600223238
63.675475624819846 61.256261782102584 44.17087021757078 18.209713247624364 68.73853665136626 63.82907441440284 77.83624686740357 70.69444031104125 56.51338646897511 48.84911440646491 80.05961052723428 14.190795070684514 16.923183051127772 96.55087766735481 0.0 41.11502821239524 58.330457733305636 77.88804491138093 67.53815950846737 92.02672051057966 59.068703245198996 61.55436081438337 40.663014940733405 30.786262177577658 64.99082146525365 54.63127941039766 53.82139210066269 61.97730005235251 81.00070106808248 65.8008362823372 62.97926842369261 21.269732419889554 47.187171593263734 112.86828512551733 3.767314641156624 57.66952279136757 67.80620543741306 68.2774976485186 49.81879992560144 88.9546575821795 143.50812779314282 127.76555934775503 112.48196150997558 97.8725869297214 84.28874763256691 72.31072383099425 62.863237930361116 57.21390289119144 56.51347435723928 60.93285634821561 138.5208633744473 122.16355194174001 106.10627703853979 90.50886919078016 75.65628558772794 62.08539657124689 50.83329772685691 43.72821309152325 42.8834916330111 48.62649340818428 134.81354596705455 117.96288266786563 101.26450897409354 84.80842792855097 68.7687988645827 53.52135579895298 39.98290804365809 30.519500725544685 29.376121141348413 37.325361913238595 132.493716982537 115.31685671499827 98.18392112419646 81.12274535525515 64.19057393895918 47.525490773556776 31.553562175389235 18.201506000685963 16.299536112569662 28.262474349084567 131.63478673060064 114.33350147093677 97.03244631604515 79.73177105788102 62.431791520465445 45.133307737882234 27.839108116971023 10.570241842709972 6.86714518247814 24.110142093731334 132.26523180474172 115.05547044886629 97.87820914296638 80.75418985331142 63.72634731196029 46.89955558034478 30.60722291561945 16.515104742404016 14.401669478828115 27.217279290578908 134.36408021914337 117.45131002988627 100.6708724298733 84.10201565615363 67.89980613189056 52.40542397345269 38.4835471956225 28.536792068360636 27.320756802206724 35.73806313774405 137.8642541601568 121.42194363789899 105.2555454621294 89.51467442046017 74.46965593620837 60.64064648973936 49.066811502847884 41.67159234352314 40.794568987948075 46.80360822057061 142.6626000034052 126.81948650883078 111.41115797808501 96.64579313769892 82.86779704076207 70.65715454142237 60.96305796122808 55.12943524879136 54.4124440967875 58.99892169524084 148.63337893776347 133.47086670387938 118.89387778859009 105.14621764974667 92.59800748768646 81.80309217924965 73.53768955208135 68.72065682668158 68.08785912580967 71.7500901854084
