0.0 46.501076184259695 23.588515545819302 55.902232675941654 88.6485827298853 99.65361715905671 13.05175412889093 13.52895827474818 33.439271645695 40.620380806459146 71.19885727770144 33.437157237278896 21.56765457804096 80.63738359063137 48.29437730311379 78.87753928165344 69.88598488798853 95.59802988117738 56.196661888856994 74.19409218315539 27.877042447530517 80.74913125909312 24.172291768504213 50.71588499228838 89.19229912668047 94.24338321100345 9.920164835370873 9.305827042025564 52.10730533980103 33.8513472683101 80.60344563268968 26.081853024949726 38.00536912500912 55.12235374866418 48.2112210485551 50.038935025365824 66.644958487748 36.912478819529234 54.85766666696631 78.9722055254773 141.12354278161575 125.09365056773477 109.45176935485479 94.39099287176245 80.2392084579608 67.56998543093675 57.37400637112569 51.15223946148987 50.398689623575834 55.33719859757062 136.69474146366767 120.09854395809607 103.73319301746878 87.72797479873105 72.32238206192493 57.996236845414224 45.77452551102886 37.75921132364075 36.809184320525176 43.391026923102324 133.59743002726233 116.57752482668215 99.6547861762054 82.88874862916009 66.39822301265643 50.45408326069276 35.79407974328036 24.80985490170934 23.42120373549831 32.867731853558716 131.92546849087964 114.66651860289389 97.4228154766882 80.2041937634401 63.03121174493035 45.95506333133189 29.1464452808063 13.6336324653467 10.997719348500754 25.587828405550777 131.73316398320475 114.44623275634953 97.16464051672172 79.89185200570326 62.635151014396 45.412880814064344 28.287997819068046 11.69638289967151 8.491960951719818 24.619807152393392 133.02693639553678 115.9263090535146 98.89572440117855 81.97884683889521 65.26415711113484 48.95917613739519 33.66457341098212 21.640654521568155 20.051039963035866 30.569303711021483 135.76428935255947 119.0433215472586 102.51532034409993 86.29123805082429 70.58096756515616 55.8200372594837 42.99754058186839 34.35707775433348 33.327727898377255 40.494128725604604 139.86044940104634 123.67351976349562 107.83337459324508 92.5183055588077 78.03806797281186 64.9534159593979 54.28310454703064 47.676699093691305 46.88478256838151 52.17279980328546 145.20040887851064 129.65482728781268 114.61363583067177 100.30400080262503 87.08728618824746 75.53935421105714 66.53486630565793 61.20685104564249 60.53399521407836 64.66178407135001 151.65276363777198 136.8100686227058 122.61368490126519 109.31570456939635 97.28523782505398 87.04940221074335 79.30615389561315 74.83328377413378 74.22439874829944 77.57054256042215
46.501076184259695 0.0 23.506159585164085 18.370973129496097 46.73784665334421 54.07095671401311 51.04897034291848 33.1957705443652 16.437561667577327 6.214550028326085 26.196366423327017 13.9805474479284 32.16623824842444 37.770936121461794 13.198352749347189 35.3763380182405 25.52665113682969 51.91985649487855 11.440676109953529 47.972114602034495 26.013881193191352 40.6804745216323 24.692469472906765 27.504391095613425 48.03773572775124 49.45412026866781 42.89942615046688 37.71975151025439 5.72472034845769 14.023521949685268 39.06548333868258 20.627891344281675 44.2055922299862 8.626917649961637 8.749334843404869 3.5565329903929532 23.871366461594402 10.132776305109967 8.966562628470758 53.09474670416328 102.26492753651857 88.24946207328443 75.60765900104543 65.14420184900133 58.04924083241566 55.62697259224734 58.46113401449847 65.87675381057306 76.55382150300312 89.33043642744146 95.23312543922682 80.0347307620279 65.88226726558823 53.6105700101219 44.7930614999779 41.68271302733804 45.466293417965865 54.73229553070564 67.2515395802746 81.53907065088386 89.88214635383073 73.61755836872511 57.956875277456604 43.55644278991107 32.156458915422576 27.74205861799617 33.22522547215872 45.13224151204047 59.73803365533412 75.49209184366492 86.52448041673364 69.49778399536989 52.65083969264607 36.23523881011534 21.274087856742163 13.81643108330254 22.97636596283673 38.257622626986866 54.754823134618974 71.63273200951541 85.39562680292582 68.09374277016455 50.79189045190159 33.49011900174534 16.188687706802458 1.1281632993717516 18.416989412930565 35.71850850030287 53.02029614950144 70.32215413309969 86.58282221443034 69.57007357174317 52.74578460500708 36.37242187559506 21.505835842557275 14.16903314197996 23.18910623058223 38.38515882561717 54.84358495807432 71.70027773108636 89.99443800234074 73.75399019276392 58.12927829448982 43.78452521711563 32.463302816563356 28.095500331660272 33.51951634313284 45.348302512010285 59.900658037959666 75.62022780842403 95.3920634933359 80.22292080399214 66.10970568846369 53.88853560238065 45.1238326376444 42.03630804332117 45.789158491945756 54.99952541926652 67.46816639472087 81.71697544716753 102.46224439386063 88.47699556308305 75.87189307392214 65.44927631987153 58.389807163715524 55.98061796922677 58.79615458206877 66.17283579258829 76.80754388508774 89.54692398897741 110.88541894010022 98.06638725991719 86.81673829981386 77.82008320757478 71.92686712772365 69.9261942504641 72.14264087995592 78.21852841288025 87.35219118009657 98.69833830130227
23.588515545819302 23.506159585164085 0.0 36.46253500641366 68.52015118715723 77.47431534618468 27.72859225915878 11.491069623099529 10.206060584901289 18.170637575810993 49.269184677013634 12.67411406145843 11.226028564698897 59.92130553639594 25.025264210613013 57.81748344417599 48.27511278494098 74.59138887401222 34.12833042306449 61.00152004664036 9.935333333503612 61.3901825240532 3.7926862455135244 36.59363536211159 69.45286278972617 72.57767472721116 19.453319297366956 14.440504710992531 29.223481805935755 10.264203160296928 60.539991348076335 3.104653740674445 30.374752445246575 32.0087969135394 24.634719308645973 27.058377686813206 45.70631802475796 13.529136077654035 31.452429463740163 66.18789449822758 123.04825156258099 107.97171329114374 93.66753669986933 80.54825817014643 69.2902176345826 60.93393577057455 56.77545860974289 57.72918478106307 63.56542105495811 73.12430946997596 117.1558970862494 101.2373802326572 85.85577878365413 71.359141004266 58.41013541782804 48.27075195895619 42.97780509081275 44.30375409369074 51.7422282452532 63.16960029420523 112.7200792964382 96.09365598399408 79.75509195592389 63.925489394251045 49.099605137425 36.52100469640932 29.249031992353174 31.239998239982235 41.171332704486446 54.89015678925356 109.91734610548684 92.80547460987732 75.77995624548946 58.915701879178975 42.40554911368009 26.90936215773267 15.77052491952577 19.287759049256124 33.076250550040264 49.1403251937751 108.87393283267185 91.57298867270113 74.2725040432622 56.97289757131303 39.67531798102172 22.384464579891205 5.168292810076743 12.291128712297441 29.565960797564692 46.860792024388665 109.64009472668577 92.47844283657817 75.3809472364307 58.40397950525344 41.69502652429236 25.78058282330506 13.76642522958582 17.694724511640683 32.177707912956976 48.542963409354655 112.17874995601396 95.4610084435102 78.9952304540312 62.97935253790972 47.86712199366379 34.85446886884722 27.149893971256482 29.293507736971623 39.72168877051852 53.81659253764772 116.37392275962124 100.33558415402956 84.79548648620448 70.08584123342708 56.85491435756791 46.385805632690364 40.85963991819814 42.26207421315439 50.01361006610651 61.76847901095517 122.05486682121239 106.84345860755636 92.37076292965325 79.0435962371561 67.54347809552469 58.94957019234543 54.65053782098463 55.65078443375813 61.693090356665586 71.51058699948076 129.02540214276183 114.70688906249376 101.32362561175982 89.29711375461696 79.2474772613672 72.00723220380227 68.47343307616383 69.21612019720457 74.10683007242446 82.41033880385073
55.902232675941654 18.370973129496097 36.46253500641366 0.0 32.748324916306906 45.445924328961674 63.58496488714472 42.593044644728195 32.935289758377095 19.78792494414101 18.28271329186771 23.834906201003907 47.06724791502367 24.927445276347726 31.041758064889745 23.506738631237262 16.202591616116788 39.91274491341359 10.745487175325835 29.887372828210147 42.161702158573995 25.06756780960798 38.9893288304465 14.571174801856031 33.370857974280085 39.24835798093548 55.17463203504913 48.588499445567244 15.910488309861783 29.759328834790214 24.701483556860232 33.3715959843772 61.86010296967912 17.53926578333833 26.442599437632065 17.020065326114835 11.805286416290775 25.89136462397104 20.681512149051905 34.91729836919359 86.58792233682709 71.62334357878268 57.97451458548456 46.80695763235466 40.242318144161665 40.579588488825195 47.6725054902132 59.13829979754778 72.94323252722533 87.99316896955656 81.05792929883219 64.8618994241629 49.42119486869921 35.72888772813484 26.6338646288122 27.21915653719901 37.02853806026687 50.99071670312397 66.54099608219667 82.78928396815974 77.73329163397682 60.67585108552655 43.81057104374373 27.493386821969647 13.824596061038402 15.00218474449217 29.28693550908379 45.70663616437793 62.60336684994619 79.67420816022802 76.90062423910376 59.6103143970918 42.32950189181022 25.077827896984445 8.044982746178146 9.962912047970562 27.064941516630903 44.32241053750569 61.60482664649794 78.89579729090256 78.6391370785302 61.82685389048464 45.38411742851575 29.926386998590992 18.170620079755768 19.064797419667457 31.551130542334242 47.18255448376883 63.6837917211294 80.52185715427825 82.78698197607397 67.00049175311538 52.18387156681123 39.44560881027344 31.423951109727394 31.901134752972283 40.578431955338644 53.61198492500038 68.56084714620737 84.41352759654654 89.00790955618417 74.51777072073554 61.498717395536396 51.088063459633716 45.12861745698125 45.40812590186845 51.82574245563007 62.51896642612445 75.69701872295846 90.27823670498728 96.90340221957719 83.7498741888593 72.36373622368542 63.699890445962325 58.9706587598773 59.127810508981014 64.13543627247542 73.0021042525224 84.52193261923988 97.76146373058135 106.1001773145188 94.1938152189306 84.18069767997454 76.80490046731433 72.87169167461204 72.94012611185846 76.9995349653088 84.47652105967126 94.56386557941276 106.52255429411736 116.2897936454471 105.4901501518727 96.6007472856066 90.18821374198234 86.80322773372545 86.80071265505141 90.1809515100891 96.58944682674918 105.47566252974875 116.27289648921446
88.6485827298853 46.73784665334421 68.52015118715723 32.748324916306906 0.0 19.386514089633643 96.04501688980284 75.32940817347779 63.12146324803442 50.665701924266955 21.76840776456214 56.164997170054015 78.4826190002116 9.103303685444514 55.57919231827405 11.839344424701029 21.602713217016817 8.990170246717254 35.2976958977113 32.72225893717663 72.69866394126592 8.743139985889515 70.59869841526559 41.489569405573995 2.5273261206467232 12.368851383299967 87.64491914778857 81.24550716112518 41.56128602763328 60.413849427939105 8.050227908888735 65.41864613816993 90.32688952751478 40.33046645802391 51.68073508934861 43.694415097985505 22.95958371162263 56.396857297965305 42.856615354406365 33.99318206363282 55.71620586837498 42.972547788287216 34.462913772962885 33.57757113491079 40.8157131042902 52.94430927275845 67.37199438738759 82.90705438148562 99.02970261335248 115.49412378126937 48.65791175072004 33.36622590901218 21.39461524165475 20.02163743887844 30.703651974945174 45.64290084912407 61.8267452296179 78.48904591001146 95.37937987013187 112.39498990292374 45.09438472090354 27.94179167283238 11.255994315994032 8.447756614566623 24.79405721578875 41.91466870015163 59.140909097587624 76.40136322837822 93.67712087290998 110.9610343523115 45.84794240996511 29.136929750140823 13.949935195892008 11.78786975434407 26.11551683180428 42.70596831951767 59.70169516426643 76.83422574297475 94.02881074545255 111.25668258364828 50.726544040176364 36.30364884085555 25.718445592032566 24.568940632603617 33.83102303472187 47.79282656380591 63.423034442736835 79.74659366034666 96.41197009919023 113.26838761005195 58.71066486811246 46.77306669862389 39.07945749499011 38.28047620429897 44.74698145544168 56.01693021670199 69.80119786176947 84.88359444179532 100.68241464132055 116.90756716602417 68.72627652584225 58.806826346795624 52.83829098895093 52.19413371391389 57.05497895477268 66.21943885835033 78.18860512603709 91.87275052934064 106.61354059042571 122.02865324740067 80.01400410419112 71.620569518338 66.74925750170783 66.18242251249252 70.0246741936387 77.6240247335102 88.01258835585193 100.32763565123672 113.94623957881794 128.45446206668194 92.10720697826126 84.86156611933721 80.73360758353856 80.20615652945082 83.34759660347052 89.77359487253277 98.84562193223736 109.91040794912813 122.42883948131325 136.00009506563197 104.72708166399502 98.35726494174949 94.75870195632278 94.24935927120359 96.87797451752576 102.4031848478819 110.39090851910763 120.3518308790638 131.8394622365045 144.49011904983234
99.65361715905671 54.07095671401311 77.47431534618468 45.445924328961674 19.386514089633643 0.0 105.11493202089798 86.12511276455075 70.06807342702072 59.37254771885449 28.459273050795346 66.22608166881213 86.01501229919425 21.79528470621248 59.03392736740633 22.255960544407625 29.90155969928557 11.294041582208495 43.504007294859946 52.027992698349884 79.40168379911813 26.935737133841084 78.75143003354253 57.26202700941922 21.353051189283036 7.214367309903728 96.92148631507244 91.35683974982453 48.35603936704438 68.03340480542039 24.195164437385056 74.49601509513751 94.04624675299448 45.93268856452221 56.18404877531556 50.56604069885208 33.72208588876926 64.20190672415221 47.40786651257043 53.371137396789045 57.5126161255485 49.87653615047833 47.6060835284543 51.41704002831813 60.16466826464839 72.07333137281408 85.83731920582372 100.69869972823675 116.23731487959236 132.21460244032028 46.39210573531623 36.571523858669245 33.487809106326765 38.782708502092405 49.85450548720803 63.76168970891355 79.02115254891265 94.9833677236392 111.34651254656647 127.95686650762813 37.42641594468483 24.277976313441485 19.411734581300987 27.621052246521185 41.80599714298999 57.71717291396713 74.25304359661243 91.07397377746824 108.04690971012059 125.11000151132112 32.453645458454105 15.604833814376823 5.7005306307577674 20.498652073663212 37.50475837101958 54.69673244687517 71.94144602748177 89.20831939312292 106.48657341478818 123.77144203148332 33.312758716902096 17.31338775839846 9.406386066434683 21.815590819548436 38.23706457871255 55.19908888014896 72.32232656383535 89.5143096203611 106.74182654798194 123.99006671326735 39.626230917061946 27.534469397963115 23.340239698697545 30.497500376160012 43.75087684859634 59.13452355983053 75.35486370523418 91.97026719066572 108.79988771060444 125.75775141158647 49.342957023469985 40.232886301109374 37.43460449696475 42.2222788230736 52.56233238356011 65.89069345163264 80.74078846976063 96.4119966757091 112.56188530841442 129.0108122835159 60.85388482444578 53.67825955676357 51.557893262747264 55.07973968896742 63.3090803007734 74.70610504198004 88.0492201557937 102.58181499052513 117.86472296793595 133.64077832115174 73.3186457644931 67.42507140755183 65.69131675693995 68.43427756343331 75.16544418375973 84.94192167709058 96.84579764691804 110.18974267100263 124.51161657340326 139.51056711455888 86.32490480436775 81.32044978256788 79.82934423302297 82.04337348661042 87.68231492094348 96.14543073321236 106.76320356528299 118.96008449547858 132.300053110245 146.47111894122065
13.05175412889093 51.04897034291848 27.72859225915878 63.58496488714472 96.04501688980284 105.11493202089798 0.0 22.013121845831105 35.57072273660742 45.897713094463285 76.98902708687328 39.88120634658902 20.069430439246894 87.56060420592985 49.39686391123479 85.50856861529182 76.0023154051819 102.29376125048665 61.85362072762677 84.85645108553588 27.283332498999062 88.64979349243745 26.43440358195563 60.71994089350204 96.86865106334609 100.30133741123174 8.410620268914379 15.448355409891745 56.770384596198284 37.17423577780055 88.02481368634257 30.784154519861108 29.406666457235843 59.364527401245525 50.51802048633632 54.57040915448352 73.35280232728589 40.92640340356287 58.409808443683886 89.80872643961312 149.96418008020518 134.41567178369047 119.3506802746074 104.97757613271263 91.62255534381003 79.79842325256405 70.28213577202177 64.10977626885615 62.28356739500919 65.16990617867889 144.5974286047194 128.4288997468809 112.5977364794735 97.26880419668244 82.72177657192361 69.4497401628547 58.3296025916548 50.79488860913716 48.54483411985665 52.26646315999465 140.42906526173658 123.73898288255026 107.24298144528889 91.0466140167136 75.34336366858666 60.51831660244159 47.40272682573122 37.81901700658963 34.81731257478714 39.91140354942144 137.56813000599357 120.49751286082065 103.50373064513471 86.63201110951455 69.97070729931838 53.715973888409785 38.3878009445915 25.701208371226294 21.123266838639474 28.81916258241472 136.09714120252463 118.82313677551289 101.55863907309286 84.30948852371273 67.08752408185688 49.92089008918956 32.89632190267042 16.46068254111055 7.645488361392197 21.087111286743745 136.0612086471982 118.78216754881731 101.51092330650955 84.25227099241636 67.0159397316781 49.8250999273166 32.75146380430312 16.170639251301424 7.00243958789287 20.863655971187626 137.46145823035172 120.37627352948292 103.36321172180592 86.46485658750429 69.76461058918623 53.44849797130752 38.01439936289071 25.142767574132304 20.443447422130994 28.32705248643752 140.2548621163067 123.54215497790122 107.01686627626884 90.78140327460484 75.02416007863452 60.122324578600676 46.89851951084425 37.188119800654086 34.13428304178424 39.31984493519491 144.3605309957787 128.16334386323163 112.29614808381793 96.92115043983073 82.3146177474774 68.96655386310375 57.75618731634311 50.13851972062455 47.860918411665686 51.63493224207044 149.67045604673396 134.08939730206464 118.98479940115564 104.56334669972753 91.14987341167904 79.25780932355563 69.67062667172543 63.44199767829893 61.59929289097641 64.51940534938512
13.52895827474818 33.1957705443652 11.491069623099529 42.593044644728195 75.32940817347779 86.12511276455075 22.013121845831105 0.0 21.689345508191785 27.20779645629188 57.66992033085978 19.9165847462028 15.635407057497755 67.2088646386403 36.438649052813304 65.40400019221157 56.36281116285222 82.1484500922624 42.67839588471968 62.86519861315884 19.128193261767 67.56521656504474 13.564242262820212 38.71241311816159 75.95027540703404 80.72811501256291 14.03954502506211 6.600321550010908 38.732192642315276 21.345176456821935 67.27928709949794 13.319137032566205 35.934611360387294 41.8208785825898 35.712374914567256 36.70665770822274 53.16637531548723 23.951812676527968 41.751163933783765 67.84437128262147 128.39957270842035 112.6362974953682 97.39672625261991 82.96993784422598 69.86129412782945 58.956694098191306 51.670926751503316 49.624380040720034 53.42260802518082 62.000584938139 123.56840020569418 107.12242161057652 90.99441862645352 75.38874291264979 60.70953979585316 47.81779181553962 38.550506270420236 35.839212896607016 41.005660050224364 51.741535143438824 120.19374365838023 103.22969250991078 86.39973415402338 69.80093089119248 53.64827201246949 38.50734309029049 26.195516775915767 22.09764629535298 29.818083268205534 43.45850265636324 118.4002597745252 101.14551832361366 83.91021107402442 66.70940302004338 49.57901434447808 32.63014187422739 16.4343219325063 8.611678078045626 21.83914706550366 38.45060432641116 118.25993472495003 100.98197219545406 83.7139098194004 66.46346460618153 49.24915226789708 32.12910381884954 15.420540416814823 6.482303814283541 21.094096334871992 38.034392056116225 119.7785808477228 102.7482281340922 85.82656965728175 69.09351238196619 52.728915854255966 37.221974703641685 24.275995434221933 19.796065963512252 28.163029325167898 42.34548303810404 122.89469126467993 106.348153446254 90.08586159761283 74.29470570830301 59.35193552922427 46.090230247180955 36.39607830353933 33.52234815800244 39.006784726453304 50.17986450623714 127.49114266879327 111.60439944709802 96.2070430348773 81.57665671038039 68.20857239243207 56.9979860437433 49.43515061048974 47.30328166647695 51.28420258397081 60.176748421681424 133.41495752887954 118.29631713179043 103.86135796015024 90.43804500406236 78.54676039090859 68.98436365539506 62.82345555212717 61.101767435686 64.17757145406775 71.43382006705423 140.49826082304537 126.19563254936695 112.73686216537966 100.46167699305987 89.85645795006408 81.57514060463373 76.37741899701429 74.90796178974622 77.37946358868045 83.44247161893394
33.439271645695 16.437561667577327 10.206060584901289 32.935289758377095 63.12146324803442 70.06807342702072 35.57072273660742 21.689345508191785 0.0 13.148812893948406 42.57052079101494 12.633388965678284 15.953892142792789 54.18999901333906 14.883993720740895 51.813050975390006 41.961237227093086 68.33849043097125 27.85336742159573 60.589463014001936 9.581019229424607 56.7844938013457 9.43315939432153 37.13227594524578 64.3554427277751 65.73889484859247 27.851606739463968 24.14875247477112 21.945602646391016 3.4223544316793206 55.37079218688385 8.898498189501499 29.124168152100886 24.136438305989063 15.05416472333087 19.72660361752977 40.19046016014771 7.044077512743922 22.898404891102473 65.82433819353649 118.52019039599699 104.193362981657 90.90749585043129 79.18827734644346 69.82899320271216 63.875565515146455 62.31197319755216 65.45357662816946 72.69287405754477 82.96403883348285 111.66228909777149 96.35828054654489 81.85396607518551 68.65804689838414 57.67568946359115 50.37603612824949 48.45314217542657 52.501153007857376 61.349305272313636 73.27895712468144 106.23791153668702 90.04642603566906 74.3567858488638 59.56687105896843 46.54245824896636 37.18731609240696 34.6164744406477 40.15484894128967 51.23701055415083 65.09038618510833 102.47503873471389 85.59553483028284 68.92582336642027 52.66549340227438 37.353055947545634 24.810459623188684 20.84654766624283 29.194343926272342 43.22906903645979 59.024627292346196 100.56041561899879 83.30449960294592 66.07265322313644 48.89033379938111 31.83782906090405 15.353936460640707 7.5201566203415595 21.819155152825576 38.656327978771856 55.77868086688555 100.59965350846385 83.35164425272983 66.1318097490344 48.96988124527927 31.95928073535314 15.60305510210441 8.014260999808013 21.993516719317455 38.75454197184987 55.84646467472293 102.59050999210326 85.73311091357672 69.0958123530166 52.886743839142845 37.662919091774306 25.272409591738683 21.39171124760501 29.584241499529522 43.49207734252726 59.21659944201702 106.42348784877566 90.264295303406 74.61926577177606 59.89268919615999 46.95680133084469 37.70219808752671 35.16643097350299 40.627670024069225 51.606635746947276 65.3803465267202 111.9094138206169 96.64323707656312 82.18768452876921 69.05372943343087 58.14397177921037 50.90900907648831 49.00443654835467 53.007963959192324 61.78151446941592 73.63945044886975 118.81948498933437 104.53212913789547 91.29379083802064 79.62939585385882 70.32651944967233 64.416552278175 62.86381544821773 65.97666704104714 73.1619854210036 83.37341208808766
40.620380806459146 6.214550028326085 18.170637575810993 19.78792494414101 50.665701924266955 59.37254771885449 45.897713094463285 27.20779645629188 13.148812893948406 0.0 31.101691980637437 7.766000837411396 27.82952949745113 41.91870932461671 16.18164149672228 39.73128064647251 30.116881553160997 56.4755250648706 15.958027962760495 47.931265443481294 22.44455707597088 43.943349085457406 19.945216878411266 25.467758046608218 51.74364355199738 54.40740965087953 37.61309228891235 32.03290354943702 11.534300773072667 10.003673978276021 42.77214004773585 15.143692299608228 42.17228567108472 14.712376479957658 12.598753396702103 9.578734829198757 27.731377667685408 6.104979399265471 15.16364751610155 53.14840243226181 105.73445117227295 91.18117189052454 77.76205900392303 66.17075868245831 57.52304372861469 53.27224029690861 54.45789551588043 60.762595016076055 70.83236049546869 83.31298461017103 99.3196740778423 83.69380183489089 68.8738945746564 55.509281422170694 44.918296673800164 39.40472700285163 41.06723421806327 49.18342225304841 61.238928833841136 75.36650361271906 94.58661913953105 78.04540730653176 61.92134662814377 46.64902164159046 33.41735712646436 25.612863562587595 28.178507551071448 39.124778352134406 53.536704789768024 69.28433967134076 91.79585974581784 74.65466223744528 57.6096372327612 40.78155209648415 24.61935542861853 12.157438589777662 16.976658841822 32.05188853752646 48.632840275178445 65.5873137782757 91.12606176122627 73.83331804880163 56.546194787601955 39.272114848808656 22.04176565789548 5.30032365206727 13.002345834320659 30.145350096713205 47.403974902859375 64.68574116145656 92.62325878710622 75.66510509127208 58.90721889070835 42.58667626462206 27.493668398102013 17.230521106552352 20.894787917788523 34.27835637192969 50.12116836116812 66.69309986118314 96.1862918665784 79.96788415762934 64.31664847600479 49.77056426000268 37.63370674597398 30.88999386990547 33.02720969598047 42.733013707135655 56.215063477911706 71.36431380063715 101.59799968879604 86.37309981799083 72.09143561419732 59.436871479108234 49.669026356995985 44.72120920885308 46.16995573767358 53.49810238120216 64.73896036966245 78.22354445278266 108.58225068005042 94.45391734810066 81.55781191522635 70.57271221310474 62.514282982534404 58.60256212570266 59.65887898562253 65.44310688814168 74.86731916952942 86.7532567860175 116.85733450192616 103.8197089599459 92.19606934388405 82.58563028321707 75.75846717955056 72.50511887510308 73.3029813206233 78.02787816903691 86.03522747179221 96.51144415996107
71.19885727770144 26.196366423327017 49.269184677013634 18.28271329186771 21.76840776456214 28.459273050795346 76.98902708687328 57.66992033085978 42.57052079101494 31.101691980637437 0.0 37.78230884394391 58.362479435985215 12.73313382371649 33.86778927955732 9.929119108532843 2.3633163269391453 25.80922396676668 15.147126035713342 38.04849179703643 52.105715419825366 18.431911326417683 50.80478100955455 32.14840173605135 23.591328293176023 23.315035005884802 68.71476639970166 62.97000687959874 20.628917908416984 40.20941872327486 15.367694093644753 46.24369795979668 68.82181933810152 18.876660826261553 30.107239179576847 22.844644645397985 7.077666730026531 36.265572041711856 21.190773310773658 41.8821451515961 77.35837789782946 64.64921023295855 54.529116044388665 48.64186437246005 48.552443841187376 54.28951092570151 64.31224261650533 76.9641505134492 91.157000488344 106.2752058168999 69.42373852395566 54.956209385135104 42.65468818180285 34.89079953829332 34.84280923834375 42.53684066173309 54.80376142177492 69.25481725506792 84.78039369191995 100.8856213264022 63.686011180869436 47.53873401741384 32.59856029668566 21.54327562065424 21.5469488592257 32.60584265803311 47.54705706299125 63.69470923751888 80.32447338083831 97.18918536790132 60.77077558103845 43.57487902909632 26.51728577807697 10.309037425029276 10.397091188624303 26.620221687616947 43.67935834201112 60.87569246093471 78.11867231962412 95.3830039488845 61.08353358694745 44.008029458390325 27.220001813446878 11.994315370735121 12.062834006910576 27.310686331925975 44.1015699509499 61.177909550155746 78.35328979870971 95.57433069705695 64.57739704572376 48.72104692704 34.29215295916781 24.018206260146275 24.010577790240887 34.27612282878176 48.70224310027364 64.55753640176438 81.00712108161419 97.75143457739004 70.78281789057576 56.65567151065203 44.81327920159049 37.487357122615414 37.43101612403841 44.67177033562091 56.46910867475901 70.57379454734495 85.85608767973737 101.7869450319976 79.0638185381943 66.6713493415672 56.90124175905714 51.27509019087289 51.178310876569704 56.63925497403556 66.29850657077138 78.6236593687569 92.55576006306991 107.47166462921334 88.84178523242565 77.97008340964915 69.7459542753362 65.17941006283262 65.04541476627443 69.36965904279842 77.4085675930906 88.15166592400999 100.7374766432436 114.56026938752814 99.67702901257523 90.07017839430821 82.99666984583993 79.13874286145142 78.96909069214517 82.5104671824568 89.32256350603204 98.73067787805057 110.07114246272286 122.8098094492007
33.437157237278896 13.9805474479284 12.67411406145843 23.834906201003907 56.164997170054015 66.22608166881213 39.88120634658902 19.9165847462028 12.633388965678284 7.766000837411396 37.78230884394391 0.0 23.610374886925108 47.74356888574751 21.90144583042542 45.78729843598448 36.540212425466045 62.57757931237676 22.76181113851688 49.01150193650883 19.893642981441715 48.840795343618254 15.532692661219563 24.958050160733492 56.99951706699587 60.9287379558476 31.47993420186381 25.271973156111216 19.15658300112308 9.367760009748515 48.14370729200526 9.621297720526703 40.8252933686965 22.417951027408428 19.230688373282696 17.297612881368785 33.57013902460285 7.999308613330747 22.920698862393795 54.23657234572673 110.41758948965924 95.29776388566256 81.05544356685861 68.24227032893813 57.81635914964121 51.25579683309815 50.10272877558974 54.700196988931246 63.817247422156036 75.84109693542406 104.72868695339378 88.67538018162332 73.1932748833084 58.735808366818986 46.27355767125332 37.83247749459448 36.33260004486901 42.515015670773515 53.79314591791134 67.66524807263258 100.7025003937535 83.90474797759222 67.3626832905956 51.324133566879475 36.459751673222875 24.963403557739856 22.709926502473532 31.733597743703985 45.7931535189433 61.52817088190318 98.54310245852265 81.31252452171726 64.12038307578187 47.00886817644091 30.115728920874364 14.240570543562939 9.866298705382437 24.30240997615135 41.01930875721853 58.07988921264619 98.37353503061424 81.10788443890031 63.861873457816415 46.65728543956098 29.56652037856864 13.04489975689536 8.05438586752468 23.628167372929752 40.62537254927434 57.803675798285724 100.20390271804371 83.3084271336698 66.62190061875383 50.35248704564892 35.085324003103864 22.919395023460954 20.45309451430933 30.1673860537229 44.72722869283933 60.74282254614156 103.92856691094315 87.73332776817345 72.05438668327112 57.317017868812975 44.467454307572446 35.6114659350151 34.025087475955786 40.57024411707783 52.27705898319713 66.47213809053274 109.35408643728292 94.06915746288263 79.6140632524511 66.5319041225621 55.79688147030008 48.977466396494826 47.78069656962752 52.5918266653724 62.02828400441511 74.3492993790507 116.24247575805039 101.96021912631937 88.75896841123264 77.19532199711821 68.10856098226458 62.58697545157296 61.596899188783205 65.34463680815263 73.10513118679002 83.77048363368694 124.35077660746178 111.07544434827369 99.05088977775667 88.78676100280981 80.95544965294145 76.30967477030846 75.44026666635938 78.47284206634657 84.99073940881564 94.27380529214243
21.56765457804096 32.16623824842444 11.226028564698897 47.06724791502367 78.4826190002116 86.01501229919425 20.069430439246894 15.635407057497755 15.953892142792789 27.82952949745113 58.362479435985215 23.610374886925108 0.0 69.67715356569384 29.329045970867373 67.40345667828775 57.63288085275177 84.04894252223401 43.43479366642662 72.22604828831044 7.220460892395018 71.7168881003799 8.099831997590474 47.8179413781076 79.5727071939767 81.60380360001672 13.312739511768578 13.221039927790601 37.790227718660745 18.166454795141572 70.60156499246227 14.062812339730076 20.497035233210593 40.08253937864041 30.611499297182828 35.56646373810029 55.530473866389976 22.153744344005503 38.817651254760314 77.41372393323823 133.49645213953067 118.68961513506613 104.6510369230674 91.73411088017119 80.4807272030839 71.67873175465849 66.31158649668357 65.23270042349934 68.64456780029992 75.94432800056322 127.12600268454919 111.51031600653458 96.47166053260099 82.32686492920412 69.62287544809263 59.293149485678384 52.751408133352804 51.46304730693471 55.79319053559119 64.62209897602543 122.0476819683592 105.7117074910501 89.73851040854275 74.36223586656516 60.04324041085418 47.74249719440666 39.39807204840131 37.73296764640264 43.52071158870174 54.433762964234 118.42790721870773 101.53071647935694 84.79690112609718 68.34656804566178 52.44714632820851 37.80031512696611 26.56568013117143 24.110532333268022 32.49016850351519 46.13691798114065 116.40288068669862 99.17220816862037 81.97155757563971 64.82483140884895 47.79010797727029 31.05226579922994 15.598241553198854 11.003645093352509 24.44521238672577 40.89950793621569 116.05614054570043 98.76686359981788 81.4829580582328 64.20876173927368 46.95499159684669 29.757199284022974 12.842277998813085 6.562836335762387 22.801996819198738 39.94377071229581 117.40256275538643 100.3383623393902 83.37220277720165 66.57907673209394 50.13317010438524 34.53415779492307 21.69316454984027 18.635738393530968 28.6827496322019 43.55251463639287 120.3853316583142 103.79693260554927 87.4853530688412 71.63992900898401 56.65315965540826 43.423383254427776 34.063302415294 32.15175848225798 38.80555655397958 50.76135842646929 124.88721555112606 108.96298453675591 93.52941126498415 78.87504628005489 65.52479272557974 54.44655526217702 47.265840523316335 45.85188505589321 50.689588954146664 60.29242801391277 130.75133464485452 115.60777451537571 101.1587850019953 87.74815255031565 75.92807786037896 66.55151371791852 60.76044097885759 59.60918248973898 63.35119829663282 71.21931095875037
80.63738359063137 37.770936121461794 59.92130553639594 24.927445276347726 9.103303685444514 21.79528470621248 87.56060420592985 67.2088646386403 54.18999901333906 41.91870932461671 12.73313382371649 47.74356888574751 69.67715356569384 0.0 46.48331222020923 2.895588579930282 12.501264556285866 14.990804261859992 26.33717836990775 32.52416820381322 63.77101808146869 7.698652806423273 61.86271198278407 35.58930469270379 10.859728470901528 14.897788186827318 79.18260224002776 72.96066713024096 32.51635164125921 51.554527817103484 3.8496823437177206 56.830094398001705 81.23265695207107 31.230133744721552 42.57784073956321 34.666861240815706 14.21500991531243 47.54348982554727 33.75698705573069 35.11141908092105 64.81508650074007 51.91659605047602 42.289204054493226 38.472417917860916 42.07830115561103 51.57272770204078 64.40198276328698 78.95689236334539 94.44295974810467 110.46927521517028 57.47764367394111 42.45139205178213 29.987873046476366 24.395389943333328 29.827977622526596 42.225491418465666 57.22749933296698 73.2508833539097 89.75025249068112 106.50462154228445 52.992525388538574 36.1789279254329 20.20730029337316 10.31834410157556 20.082692682781776 36.03989381674832 52.85022637405164 69.90087259670716 87.0507359663879 104.25086261177881 52.10170024457324 34.86721090805978 17.764322648565205 3.7594489412526415 17.646792571058253 34.74764242756895 51.98174251625531 69.24967862958546 86.5311964559424 103.81951389026916 54.98017023909914 39.019799184753225 24.9195179959876 17.83625705511555 24.778898163044197 38.84028272892346 54.7891720195446 71.371221220635 88.2301598448258 105.2329940356214 61.097456665180225 47.216283686417356 36.39456382358907 31.91331545386174 36.20861399192841 46.92948271365309 60.765101537624126 76.03372527019025 92.02481072201846 108.41915326466115 69.60472204060316 57.75993823257828 49.25755580378691 45.99028536374765 49.016416605973745 57.348191348009294 69.09214289440543 82.80903678522691 97.67114282807927 113.22840153249227 79.74056459912693 69.59186733427538 62.65935062364639 60.06709837560922 62.358754471133636 69.04975073311931 79.03048625977219 91.22753589450315 104.87041869242094 119.46481487036269 90.96207225949301 82.15721852042782 76.31647985684516 74.14369978743193 75.95431466602862 81.48321417518764 90.04808185484852 100.87857292928223 113.32697156150475 126.91810377636166 102.91459027303408 95.16577606099558 90.11277555463101 88.22003766731808 89.68786493729198 94.35955982846372 101.79496690766982 111.44226929938297 122.78118270660971 135.3873465558892
48.29437730311379 13.198352749347189 25.025264210613013 31.041758064889745 55.57919231827405 59.03392736740633 49.39686391123479 36.438649052813304 14.883993720740895 16.18164149672228 33.86778927955732 21.90144583042542 29.329045970867373 46.48331222020923 0.0 43.76210019157336 34.02474573770512 59.228303114461816 21.951056847274806 60.89226133445224 22.129528528935897 50.82336743814278 24.158761617734463 40.61615470710243 57.25824368488036 55.73566685484524 42.16244085765055 38.992349183633486 15.487046389498145 15.288616953164526 48.55122066207435 23.238949820048074 35.19846221822806 15.505943702178865 4.5993635340108305 14.040338975532132 33.87887915078053 14.107067305064467 12.7354151251482 65.95411034749434 111.22614448389567 98.20509987385002 86.69439687972165 77.37109049611193 71.1009368731465 68.72474946914485 70.63660199008825 76.5157387568496 85.54809991928431 96.85549497705827 102.99785173735185 88.82349883136168 75.95636430237727 65.17532863737607 57.66260919980499 54.77981734533396 57.230928081004805 64.40984956949133 74.97050864116783 87.69962634955444 96.14523798882689 80.81590766500133 66.46217331549708 53.86961516850657 44.55733162557702 40.834808331365096 44.139695830755386 53.177526562315826 65.62081469435606 79.89392165557645 90.97979276046803 74.62608150936093 58.81744164438052 44.14341277311006 32.1947261286016 26.889959824024768 31.754519958488828 43.50102511268981 58.09508484793924 73.86777802699132 87.7998803018003 70.73295584297937 53.81631615008272 37.25524803394158 21.872903524942064 12.946315753755282 21.342517541903447 36.63484405454269 53.17361491577846 70.08186375908156 86.82398160167241 69.52349266398825 52.22395889133371 34.92679961606128 17.63900166136992 1.0492982663876025 17.022963112998628 34.309985696496625 51.60700110347256 68.9064845014317 88.12536255801953 71.13472737436187 54.34088568108427 38.00561511073645 23.122158391101436 14.951727083113187 22.609435690942373 37.383572958519444 53.68974741423833 70.47239837713514 91.60700280317947 75.38599351660949 59.77426347276885 45.40469830694582 33.89572513526626 28.895730412144136 33.46215458058157 44.75687479934542 59.03684776395464 74.6071742221522 97.03445341961908 81.8669827109572 67.73053334435954 55.41978001921845 46.411027451805175 42.84062910899028 45.993044228147696 54.71841841521166 66.86968739156438 80.91791798601012 104.10375334922702 90.09772124559863 77.43581236759103 66.88578662067295 59.580278770743455 56.78563671187617 59.14478173970985 66.10824176417789 76.42769002773997 88.94257545339927
