0.0 36.99924868270553 7.1130659807859065 51.23458942213967 71.72634784744963 11.72351935164279 56.93833536153559 58.70204188802861 39.81365722702585 39.43617043676124 113.08451998846158 14.364718500912614 49.28421125591023 90.88825635227568 49.09591673932471 68.74395692385797 50.43956070531248 60.47583430052929 70.50983949674544 26.487303648493768 13.066403782395609 46.17229461056804 12.155386763351146 50.07057909337261 55.619577052433584 63.82253662460393 62.746767357566995 53.369369848570486 46.30212590035058 38.88582629620468 84.92419439563206 32.4661232966368 78.96722248710071 66.69204416020185 38.54868729846035 62.92667997264861 55.61689874178711 65.49263241376202 73.19367270387302 22.177734530143614 136.4738300779308 120.44172272725328 104.81418336578952 89.80267078391046 75.77419422003146 63.384852482388645 53.77966831130725 48.63710628935694 49.3719118310937 55.75217872542101 132.0839350330791 115.46719170390341 99.08524920804007 83.07712468499035 67.70848149287373 53.5329437934153 41.783028389261595 34.99392285386184 36.08373036690282 44.47700914901135 129.07715797918326 112.03132916718396 95.07805337189117 78.27748888488343 61.7543991504247 45.810019405770774 31.34041251705454 21.554501868506808 23.359862160308396 35.0068748217378 127.55139361154679 110.27809785199965 93.015445463271 75.77071135262746 58.55972744402613 41.42458247276322 24.524758165146014 9.254451273300235 12.982270563226471 29.157283907788806 127.55981894788422 110.2877981056437 93.02689276237231 75.78469837716766 58.57773983593671 41.449922382714746 24.567333837047205 9.366166946686384 13.06176250630192 29.192594289547785 129.10213350082856 112.05997197769848 95.11164623338463 78.31809920628741 61.8056272671593 45.87873085730219 31.440289643869026 21.698782577635722 23.492424363417395 35.095047004481 132.12461060886287 115.51350540957986 99.13896745926547 83.14088969567689 67.78634039152357 53.630924678623735 41.90789846930669 35.14221905954646 36.226880915427735 44.59266728290023 136.5289407011342 120.50387943639412 104.88527247309253 89.88524860606988 75.87158602014172 63.50070335617337 53.9155191176024 48.78656772427248 49.518454060801574 55.88136995889043 142.18671058242614 126.84977525931217 112.08641720452664 98.15578934601388 85.46606148092316 74.65273585709522 66.63564286571588 62.50025162195082 63.01546341247389 68.07576976399208 148.95508438665667 134.3591789099159 120.48172480081506 107.60106099162039 96.11875938023812 86.59289085400864 79.72782984618593 76.24572264527183 76.60926090074145 80.7665323889867
36.99924868270553 0.0 30.397443880443106 35.251574764401745 42.11366414305681 25.660059426829626 20.160593460384405 27.47622149148841 6.861174122986546 8.61995525995552 81.52847617432141 37.03476851643585 12.848986040474893 54.16389913765471 18.136304035960727 31.88944767400652 30.077583570085547 33.160550453213666 41.862573165215515 63.429063128322696 28.657015542056566 9.330964105986707 25.36475945281352 32.335047206956226 22.89100576662451 28.787893683774353 28.910344782032144 20.586934132839016 12.288894432152565 7.617484949175242 53.46157453616419 5.98976783589435 42.752107726218824 29.828317377186156 1.553394603535347 26.092022827094734 32.03537884172411 37.42761808988753 48.23985540761327 58.95682612347446 111.30461488417751 97.31074413069764 84.55022047632313 73.66677590956549 65.60139628489213 61.473471901710575 62.07356548784479 67.27527442295693 76.14126868170706 87.56550848062481 104.12679940351707 89.05130353389912 74.9438564180907 62.46383926286495 52.7786269544446 47.624976201089126 48.47056736191945 55.03958657079375 65.63550050524171 78.64721489230863 98.45560814695895 82.38028785248437 66.91954150031525 52.61792849946462 40.715794498409785 33.84691419994062 35.102128671439715 43.78827960603898 56.58069972696067 71.30249567444687 94.56258764799901 77.70797123793685 61.10389812512497 45.028387704168225 30.333756664818814 20.283728666017463 22.39272794535083 34.49856000056364 49.77528282609957 66.05844896550225 92.67216257813324 75.40687151749003 58.16335861897238 40.96913177336956 23.93066420580515 8.099202370778407 12.539175706550113 29.113196911395104 46.223792575336496 63.438263093622794 92.90668457101452 75.69358827231056 58.532895221266514 41.48968052809933 24.807269248421512 10.398118806189268 14.12637220793759 29.827858768475238 46.675059459737945 63.766248457363446 95.25045576662596 78.53978147471099 62.15349032144422 46.43626361944101 32.37758381234908 23.21638264113139 25.06798849504403 36.28386426868372 51.022982078320425 66.99911737362656 99.55458437565474 83.68466940083128 68.51160214465547 54.61925006315179 43.25959361732615 36.854165516589504 37.99702232356726 46.130521442221614 58.40362510239685 72.75059419060005 105.57953348765177 90.73801414896154 76.93138317673217 64.82429644136728 55.53955605517666 50.653690395525 51.43589797816651 57.65594537600048 67.83410395769053 80.4824482001567 113.05042910033703 99.29385487801495 86.81493572794261 76.24362181170311 68.46926333353991 64.51111167145092 65.06935061929856 70.03606645304725 78.57973130233985 89.68383963546755
7.1130659807859065 30.397443880443106 0.0 44.816752142544274 67.02351844111071 6.814967242738538 50.13851471484739 53.49616392516688 33.772942345882676 32.392945211223115 106.01975333441176 16.961562802614395 42.928412461991975 84.50027314727168 41.985557245701266 62.26661468562364 43.66972211320829 53.46106519760519 63.48840562236956 33.41484982292394 7.024907705392732 39.43927574363189 5.130958627800618 43.478612431731705 50.08748354919311 56.77531987487364 55.65343980926638 47.78610407938247 40.35967908313157 32.98298751946203 77.83719705191665 26.270886203084718 71.99910761292212 59.90314667202647 31.950810849857586 56.13227373260372 48.73515516075626 58.47421380429 66.38445066362951 28.564071236189026 129.8789020590396 113.99891178705303 98.59856345929188 83.94226398688275 70.49562248790099 59.0903040829075 51.11161730342207 48.28905621711065 51.47786531651756 59.722779782543014 125.24888077861041 108.71944811690948 92.47303619474354 76.689726881575 61.72579491012903 48.348123723100684 38.25854335995663 34.47606379478661 38.8868817447425 49.34053030875402 122.0675737852075 105.05586428304812 88.1571788203745 71.45175464467769 55.115604079245024 39.60830583679719 26.43137296011335 20.66708902880142 27.465454090005647 40.99128291340863 120.4498724648767 103.18048165648479 85.92418278514864 68.69084330613234 51.50351536842673 34.43117208134468 17.80765287393792 6.8871449279450605 19.40274217824082 36.113895071122805 120.45881196474697 103.19086940361458 85.93659895940804 68.70630187454225 51.52403476026006 34.46171444977345 17.866357541548048 7.036836287206385 19.456124028435337 36.14246565512987 122.09403486002785 105.08646815701734 88.19347882430905 71.49632928147521 55.17310912523549 39.68791146731801 26.549955537308147 20.817815393306233 27.578509981388343 41.0667561922938 125.29185926362356 108.76873131574585 92.53070591301658 76.75893350027157 61.81135751789799 48.45680215615515 38.39514478642092 34.626872832596824 39.020010407488556 49.44501808330475 129.9369231205061 114.06470791485489 98.67427861736613 84.03077410845829 70.60050142762672 59.214801144569186 51.25482041437596 48.4398867183827 51.618704975640256 59.843636669999725 135.880824010575 120.76220803209917 106.31141985111024 92.84082959734423 80.84191881680921 71.06410193713997 64.52512595142684 62.254090009381606 64.70197922577258 71.3849778139445 142.96156960534336 128.64242778721848 115.145226648223 102.79424771644439 92.0520323453064 83.54149332153922 77.99660701904017 76.0686890870494 78.02631200623813 83.59695224118968
51.23458942213967 35.251574764401745 44.816752142544274 0.0 72.67522988603935 45.661122220836496 37.16761422418938 58.84612055509976 41.77355780414587 26.798125208265706 65.9528519852142 60.17139387196609 41.34564093513476 68.98250507045306 22.012942983100757 50.395265331329526 6.418828209622322 17.066256208362205 24.879205749377096 73.82263519059396 38.173932067088884 34.52295569350376 41.10956949844426 3.1289938213944346 53.84492475999373 33.16628636321547 29.565862911561098 52.03746239009618 44.95481876162824 42.7921964835669 40.1586489201012 39.22263021038047 47.10039722695307 43.04617102298964 35.39066575861643 40.56125525473387 10.348837724390075 20.735201571426817 23.481511330277336 66.8023386174121 85.30719074023112 69.21162694317317 53.86920752939114 40.15275132832379 30.35300746778023 28.793686620264662 36.54527903544286 49.403928528981574 64.37894525463064 80.29482382892698 81.68650369883282 64.71773299202086 47.98747392666251 31.873546355327473 18.104167306124403 15.437337970574207 27.34180949708376 43.07609897279906 59.68449272655148 76.60051993617182 80.41661860618633 63.11477533678761 45.81299801715002 28.511406709807076 11.210862659531877 6.097554781717928 23.396378155763735 40.697843321792554 57.99958616256894 75.3014152772659 81.60736924968037 64.61827869234648 47.85388011229519 31.672991929907006 17.750370957910288 15.022835812945736 27.11103461601279 42.93068221450095 59.58012611776043 76.51961876768497 85.15557900180065 69.0255274746209 53.630999236672714 39.834087702942895 29.9321705728584 28.351806915620415 36.19979148645663 49.15012390656547 64.18531206158518 80.14040002917406 90.78520725835743 75.83185971773224 62.110330069384986 50.63220631512292 43.223287628155 42.09025935455508 47.682620877923256 58.089412091241364 71.23083828227857 85.86029297361148 98.13863784567023 84.45916383630487 72.34781856201248 62.71970761053829 56.85081329524956 55.93716653109095 60.20478888222994 68.69472313604247 80.07503822361825 93.29392736630032 106.86050693163513 94.40943749772248 83.7006906164799 75.47952772277034 70.62012727030282 69.8278985872155 73.23495232180188 80.30859752834495 90.19020571564779 102.0674549078401 116.64414017004097 105.30821474039158 95.77298158152757 88.62159536072096 84.4617640239997 83.74049948835275 86.54381654317875 92.55199816203802 101.19580920163766 111.86594875053392 127.24473857736662 116.89034961812534 108.3242862317463 101.99811252087778 98.34503416580762 97.66546651560898 100.02003685160304 105.2052233071756 112.83145424557384 122.44346425679016
71.72634784744963 42.11366414305681 67.02351844111071 72.67522988603935 0.0 60.4502820958399 36.68817409570158 14.641525114093623 35.768835468277096 48.10107990848789 90.27565160776757 63.94014415058028 31.686509435894564 35.52642561361464 50.72854556428032 28.50463652040546 66.38744415037918 62.25930831829833 65.87900064056014 95.28675828183194 68.08797491585602 38.595344047036846 62.99418652300686 69.54768090281372 19.42474523710984 45.952073968328136 49.36880495691498 21.6189119738042 29.854350540020864 35.82323910160215 68.65270221437181 42.77404136994511 46.3159075087744 36.17176552428574 41.04677015859186 36.10758388024613 65.3097696201517 63.89712392782439 75.11044504495153 93.20169235570535 128.05397202670542 118.1753222684769 110.14380352733703 104.38664540711513 101.29239678037561 101.10584144483913 103.84265176524087 109.28341639673015 117.05168727878309 126.72013853834481 117.12856664103002 106.29651330005152 97.3523131390416 90.85523389090139 87.35302339209497 87.20724961182223 90.43414506001606 96.69664585269953 105.4553202247741 116.14682227994959 106.95495462880868 95.02444034337772 84.96242522167051 77.50013310339821 73.43442692207354 73.33244151596672 77.20988534511784 84.52084539428007 94.47151799278599 106.32332581160128 97.76827648328631 84.60216196857135 73.17863269508214 64.43132240542512 59.55144734873163 59.49832776199893 64.28393020304055 72.9622704475028 84.34013686134104 97.47677165793739 89.87184582955084 75.38315560795685 62.3457721994309 51.865924827156704 45.73681985697136 45.74213493662291 51.879984695157006 62.36526598034305 75.40572706983832 89.89618809599014 83.63206221511409 67.85976989169127 53.04982382482569 40.27813482165632 32.079298315390304 32.16432052696688 40.48103936872485 53.30660822648612 68.14090776930819 83.92544930667967 79.44036010694309 62.646036419643195 46.22762307103592 30.792411095361413 18.92258486337208 19.14857815461526 31.208717746188988 46.69060153774666 63.12489739486969 79.92624888485773 77.62928172589646 60.34370228825802 43.071254810087126 25.838288187581004 8.877772383956248 9.419453754136763 26.407403053678753 43.64274651692263 60.91585402445543 78.20170573589394 78.3640835662383 61.28182437381232 44.37011846341979 27.94039790004363 13.83247142249448 14.167628770740977 28.439746004613216 44.89576382148588 61.81547600643242 78.90113780648127 81.57598797043603 65.32092333958448 49.776648873061 35.879200864787286 26.374796131210697 26.50760686768039 36.17163401563789 50.12815104782739 65.69616794115845 81.96250344726842
11.72351935164279 25.660059426829626 6.814967242738538 45.661122220836496 60.4502820958399 0.0 45.77727205119778 47.144307520837636 28.110587106623374 29.190088986903543 104.14719088603903 14.521204623406641 37.679837708891164 79.25958720709372 39.437881702812135 57.18456988154222 43.562875884233364 52.17601552450752 62.08384469797301 37.8481664281383 11.356625558969899 34.95009074988912 5.3972480965343985 43.90815501769846 43.945617592533054 53.38083219563564 52.6699626692913 41.68160724608083 34.58130427223108 27.165014863215827 75.83466518594548 20.833745537860782 68.13868472009673 55.48154568056543 27.192448871568228 51.735880616846316 48.14753908928605 57.12408888559349 65.90733593298728 33.89666982300733 129.8146871939299 114.34382488018588 99.47797019314964 85.53316203831235 73.03886672293635 62.865962855355356 56.287489810356966 54.61806223717916 58.28106833215707 66.39979005441856 124.47024192613155 108.2669207452523 92.46251452580131 77.30208612793653 63.25040639992383 51.22812472330703 42.9736323642116 40.83932978810149 45.69107242757298 55.73331862236247 120.53459197888691 103.73953717650994 87.14301658416055 70.8846186489054 55.263577865772554 41.01471652996357 30.15063783022096 27.103966631496046 34.04260725643144 46.71063333457707 118.14866500461915 100.97039368134122 83.84298734295358 66.8055792705785 49.950346199464605 33.55296585867986 18.848838666890902 13.545061424120862 24.705696258015053 40.44733532529757 117.40701350975318 100.1055480089978 82.80427684591551 65.50335401076866 48.203154567275035 30.904893377992227 13.61595975556095 3.793400363375386 21.026150704787803 38.321296187572266 118.34056660054694 101.19384909747065 84.11071893296909 67.13973142744874 50.394311041772326 34.20734112901177 19.985253097940507 15.079490979460349 25.575071995030452 40.981582685863124 120.91051457670098 104.1740865825937 87.6575023529589 71.51324874211471 56.063904574118204 42.08191618937403 31.580430141560083 28.678721892647296 35.303317614437915 47.63285634390803 125.01594501130332 108.89098961603973 93.18912783028705 78.1657488032466 64.29821024251808 52.51038191822206 44.48736216624369 42.421873961409204 47.104248246570464 56.89208934381465 130.511980877923 115.13124070162876 100.37791660610418 86.57336670837138 74.24868772584506 64.26107344145831 57.834259880697424 56.20334329404854 59.762263212822695 67.69740420839642 137.2315719844158 122.66248469448759 108.89607664040734 96.27728402283931 85.31684995041472 76.72876845151958 71.37459272752321 70.00036158798379 72.83171228537002 79.42012064228511
56.93833536153559 20.160593460384405 50.13851471484739 37.16761422418938 36.68817409570158 45.77727205119778 0.0 24.647396289838138 20.267026615167474 18.92252489758993 64.25256141512013 56.918135675800464 11.147654792014471 35.8201973884922 15.495494969127215 14.162548298066124 30.749713609582976 25.591017239189405 30.32639738117424 83.42151252342614 47.379122785327915 10.833730503426684 45.02319638375864 34.111901042887716 20.166163597783996 11.385177561483246 13.744680264644646 19.35388147239727 17.00952670529509 21.78350593020056 37.501040693328 25.637523539382578 22.770501910729905 9.765427802791596 18.66247801971336 5.993855756331013 28.85379065167366 27.605537917493 39.09066865561783 78.64492292064732 97.59215068940416 85.39410907611845 75.22481599517666 68.00062577893377 64.71545688294457 65.96050864965616 71.49951140779264 80.45038626451291 91.82070712380391 104.82610815524264 88.76952579497168 75.20291827115247 63.47936782213301 54.794911970604964 50.73495474454442 52.38597049158009 59.27263442843141 69.86344892761011 82.74816503160784 97.01709721463654 81.45808526881554 66.45724515880137 52.881170846530125 42.1304882926354 36.772882334556094 39.092438199388766 47.988536040499206 60.63239625771437 75.15572086149346 90.65971706307276 76.09479924780929 59.794908841410425 44.262341403360075 30.685333663982444 22.86341247636923 26.506464315370017 38.485851470088406 53.464380373033165 69.53006735472162 86.07631298079329 73.10976143792067 55.96506057345144 38.959620539966046 22.412703995727473 9.247692054746773 16.35309011892407 32.37345432131365 49.26835468235264 66.37329464226319 83.55938577068574 72.79616916699192 55.55665950015018 38.373376773975494 21.382308950569826 6.372102312212388 14.923729443311109 31.67878113054488 48.816862948529675 66.04044596420528 83.29650868410019 75.18746045088237 58.64123978667401 42.69833196604014 28.393870042225974 19.697408804574433 23.8427289882879 36.71069724146955 52.2071509722365 68.57265991365082 85.30852546436498 80.04153958607138 64.721254141665 50.69261816852172 39.36178929781076 33.58076082464613 36.120529610082826 45.61168646266096 58.778119615089 73.67507631344327 89.44201761352909 86.9468403389088 73.05250781269773 60.92854266159762 51.83250220202118 47.535584763469075 49.30880158511138 56.5843314829175 67.60856296023022 80.86254733897064 95.42163223794452 95.45916777659433 82.95940621780655 72.46218683412903 64.9458931358861 61.51312561966444 62.836735161142585 68.64212279512337 77.9340864557274 89.63480191904851 102.92603495519005
58.70204188802861 27.47622149148841 53.49616392516688 58.84612055509976 14.641525114093623 47.144307520837636 24.647396289838138 0.0 21.21950474315638 33.60762455972006 84.7331997155805 52.55075703850457 17.51219695487306 37.6992496981704 37.167809756255046 21.665700919358304 52.68175650083943 49.916547778328834 54.91565628795961 83.3535039028459 54.00345701509586 24.399979960250487 49.1949261898176 55.7203005109801 5.003489178841087 35.32428073441692 38.241029584681634 7.024040244012565 15.213178755649377 21.38880714571103 60.30260151052184 28.413528588679625 40.135667362064375 27.3261240512452 26.405988543313374 25.936018502620726 52.175670010204286 52.234370397378555 63.73698568033576 80.60375509876783 120.58932906479176 109.31246240623351 99.77634506996853 92.52080890074956 88.11105248609648 86.98098359692837 89.25526254269737 94.68890495877007 102.78206068813152 112.96455958398383 110.72201790576283 98.37297196754868 87.71433975272814 79.42957008081531 74.31685696383818 73.0453371252489 75.80854004361572 82.20058170285105 91.46378486433102 102.82509261553585 101.85979811507526 88.32847153590303 76.3355472565468 66.71588375822267 60.610221878437436 59.11755514757016 62.56890711118847 70.23921573786335 80.93777361404868 93.63223508600959 94.28665260972733 79.51901077123176 65.9945218214617 54.644161351107535 47.06798755138355 45.20520055959563 49.70239920034975 59.12571723039115 71.55470643322003 85.691336845209 88.33487210230442 72.39699811226173 57.256527068272284 43.74932340256145 33.88813294527842 31.32916629852506 37.59436949226566 49.435467269741416 63.820867127316326 79.37915083672074 84.34846947220224 67.49882328863863 50.9532152957191 35.14372366717246 21.740391855668783 17.57612367711425 27.274672676723597 42.161683746731455 58.39537262240597 75.10754736808708 82.61250940744955 65.32671968519684 48.05254887697562 30.809546521086542 13.715772475924068 5.072497107300989 21.495385405053895 38.69220225104474 55.953864843056934 73.23453434841059 83.26788692866799 66.14980680997476 49.16061350402117 32.503044947532764 17.170992205262756 11.486994709310762 23.827969978112243 40.02881825371513 56.88192560013669 73.94263763783192 86.26010432752193 69.86228958396192 54.03132429694791 39.45553315771486 28.15678924143033 25.05156793865631 32.57403757842653 45.752217261028136 61.0260062315516 77.16081959732563 91.35980123169321 76.04209871375008 61.781020615505106 49.498429022980496 41.01220158976402 38.89232724893904 44.067355202606095 54.497309166145996 67.7988779712292 82.59615752476292
39.81365722702585 6.861174122986546 33.772942345882676 41.77355780414587 35.768835468277096 28.110587106623374 20.267026615167474 21.21950474315638 0.0 14.975449113373518 83.93180245062416 37.319647220642324 10.036335680273982 51.243872015665296 23.040109274955757 29.42770117309516 36.34979745460975 38.0607323600647 46.04011764723364 65.80650100308353 33.25922401631727 10.821260594038646 29.038989013429163 38.79402870296645 16.970016012676655 30.603306746601373 31.54917085860439 14.616209393302036 6.624311074334024 1.5532974423611219 56.3452295120025 7.56585502056197 42.90373842070398 29.17029297692955 6.3987864364332 25.67579214258126 37.76702619411528 41.939508753 53.14131036081339 61.9897785086702 115.31214542935024 101.84986959627125 89.71394465317688 79.51401555328769 72.07673931088564 68.31050363105723 68.82066796714975 73.5182606501386 81.683999870906 92.40296476209944 107.4928824317144 92.94730930980111 79.51342070814957 67.85473504587017 59.032578246906 54.44377606178199 55.155266660437626 60.98181171481903 70.66936048021593 82.8748145831177 101.04445478363999 85.4436770895328 70.63970375364144 57.25398866602882 46.527157338659265 40.62313628991676 41.64622088795282 49.16586119114413 60.81826846624315 74.69369004034549 96.2429026683847 79.73502393629725 63.65031023787297 48.41239684089586 35.140696716019036 26.92001461431924 28.516942882100885 38.73570832193289 52.786403461449716 68.34518201656238 93.34279152415762 76.22579662566332 59.21638517514241 42.444096592122186 26.365417845369322 13.692408156993164 16.68956813267722 31.117747156776126 47.50578440680748 64.37389048693976 92.52313736905897 75.22448988056908 57.927803324326256 40.63558181181426 23.35774414193839 6.21542473439946 11.418948676245599 28.650774232567183 45.93533422533707 63.22939654681071 93.8384843711426 76.82923683755291 59.98761982507208 43.50873299477409 28.039571620479418 16.677461492652114 19.2033924699004 32.528683622326064 48.43730638026853 65.06106712820966 97.20218015453578 80.88505327578751 65.07863853210384 50.26704562820771 37.64348406413605 30.099788074582516 31.52256216035432 40.98848547505864 54.45318439965729 69.6344165931681 102.4125470623743 87.04995893555142 72.56559274427633 59.60318359748558 49.376290714465824 43.84291299311296 44.778212336014015 51.83319327973519 62.98393363672423 76.45898385562442 109.2055135432665 94.91378894448978 81.79307993829379 70.50025511015683 62.04161076638701 57.67785028624774 58.335279309736755 63.8590061148963 73.15489021963985 84.9941216504851
39.43617043676124 8.61995525995552 32.392945211223115 26.798125208265706 48.10107990848789 29.190088986903543 18.92252489758993 33.60762455972006 14.975449113373518 0.0 75.36254267170969 42.29413803787606 16.627818457335586 54.68989046798711 10.641628164351145 32.64553458537186 21.475615803887724 25.158638774689987 34.36957874728396 65.78845440335687 28.804458434857334 10.066176466114797 27.286209577424795 23.826155155966585 28.692727489134 24.38646269438288 23.481475851827792 26.587643361218166 18.749359692307053 16.020321116380273 47.06292168317351 13.66275623202126 39.70193577541162 28.457282325463783 8.599285935648615 24.743715909870716 23.503556760346704 29.6968460021348 40.10960614553817 60.51012527927551 103.63427440618874 89.28845901786046 76.1806695768194 65.06350238164362 57.111502247657405 53.74837167545247 55.80995116064288 62.76394873910433 73.22960668993238 85.93332736642881 96.98372929975045 81.51268880505452 66.94399862047764 54.012825275671034 44.18118904278419 39.815517883042205 42.62955889368324 51.45861392169375 63.85455684637636 78.13786368512756 92.03009709003564 75.57976070483288 59.613522037208675 44.653713338474496 32.137929988591964 25.893035681876842 30.1124953057726 41.734707068526355 56.35174796279769 72.16622164554767 89.05706752110196 71.9471168886931 54.95750076797816 38.248909287385395 22.45760765626278 12.017575902528552 19.575827657296927 34.938758354104124 51.545451313790096 68.49717640826807 88.26504946505563 70.96892494074503 53.67654274217082 36.39323780032114 19.143611408536785 2.683568755120463 15.704738396352724 32.93614516400296 50.21607403772846 67.50727448647449 89.71183769180276 72.75234886180091 56.002741492061794 39.72936182749762 24.88472774029898 16.086935851941654 22.294431645853052 36.524049701905355 52.62777857501846 69.31141533495877 93.2933126809043 77.10597793478081 61.52829166433075 47.16819602897125 35.53387057211635 29.98637021712113 33.68112289592072 44.366235810820356 58.31823831560589 73.70468207726667 98.77750097202154 83.62931109949407 69.49412056625351 57.128872327249844 47.92376712488699 43.91322123847068 46.462443819851536 54.66123410554223 66.45033095587863 80.26298397265091 105.86905257030043 91.8611930226757 79.16690247977378 68.52018160048438 61.00269911051202 57.847562481169014 59.74988573511431 66.27559414875772 76.24668575167466 88.50625384773682 114.26900819784188 101.38620460136666 89.99781679221368 80.73871355642657 74.40807081231002 71.78489000757122 73.26846634815216 78.6266760380324 87.14773952624607 98.01015824847838
113.08451998846158 81.52847617432141 106.01975333441176 65.9528519852142 90.27565160776757 104.14719088603903 64.25256141512013 84.7331997155805 83.93180245062416 75.36254267170969 0.0 117.6522309005767 75.40017006473528 59.43605610061177 64.81284050019174 63.22794011065974 64.0456151137999 52.731581692706136 42.720658893427526 138.10810425855308 100.57725303418808 73.24909280850028 101.24236094564422 65.63481585860237 81.78616671454131 53.336894202374715 52.640067835878014 81.9245321389596 81.2537089127934 85.48491251009251 28.322678520814648 87.51824304885902 44.64096891654571 57.797634078542416 80.3788240788304 60.14900279796848 58.33056418665347 47.724722275906785 42.649679323324555 131.5976693583825 39.93117899999225 37.004949386643005 41.748537646052846 52.10778642134342 65.46914776816041 80.34864097637364 96.04324961897358 112.211471700412 128.67489987533597 145.3332454305458 27.254892001764343 22.83827511071006 29.98425497736113 43.30398766352995 58.737775009404736 74.99152047388041 91.6299139871712 108.4761042622814 125.44640416837576 142.4964789240716 17.23333368595734 8.819414426548176 21.384330704052825 37.88812975629004 54.88573950609993 72.02840879653156 89.23257361697559 106.46842707003434 123.72272620308583 140.98869899166937 16.030637523735695 6.161036446994538 20.436458711045606 37.363789463302766 54.52678355935768 71.75653929404899 89.01429762371528 106.28641905379517 123.56688072845571 140.85261301971073 24.956168661373333 20.05283705463888 27.930876210787872 41.91495043698603 57.726111480154195 74.20550165132083 90.99077236845973 107.93931855083794 124.98473496507935 142.0921641447796 37.342598230529646 34.20892582215401 39.303173440312044 50.17904096638784 63.951862641617986 79.12302567184756 95.02512047133101 111.34541626194016 127.92395317976785 144.6719798169293 50.714379154482174 48.39783514821605 52.0716309337255 60.65691350683286 72.42768580561065 86.08705066885918 100.87067473279933 116.35079653962363 132.28312362333423 148.52219982556338 64.46106944846773 62.597117631929024 65.42372009549614 72.39351849645323 82.4625626762288 94.64682413764078 108.23429562074695 122.75992232866801 137.9276211045834 153.54723425726274 78.38552695588669 76.80087413717989 79.0641658060499 84.86810340266862 93.55603801808726 104.410507792992 116.82919428977833 130.36583812978463 144.70704017179747 159.63611060556934 92.40727302440695 91.00685522340576 92.8658396622137 97.79853548602993 105.37417045182157 115.07193811325939 126.40434711888624 138.9720831157866 152.4699763388571 166.6721943416591
14.364718500912614 37.03476851643585 16.961562802614395 60.17139387196609 63.94014415058028 14.521204623406641 56.918135675800464 52.55075703850457 37.319647220642324 42.29413803787606 117.6522309005767 0.0 47.355743021165694 87.91020824263764 52.85245206751414 66.61581592669253 58.038434578245536 66.25320772618255 76.04818299540777 31.445691848703955 23.878606731759763 46.239104091214145 19.265712058977673 58.428388365546446 50.51242125456756 65.73608052219151 65.49174805607441 48.5160944901128 42.988462545288606 36.001053719099076 89.34155461953756 31.297490315461953 79.66878419878888 66.29512872422261 38.43061204071161 62.67237854433367 62.50750062456503 71.14201319244651 80.25133976184831 30.483732792248176 144.21291069197275 128.83003456118402 113.99862490170901 99.96444184941305 87.11364571612002 76.04853310223095 67.65106049240202 62.997198877553345 62.923148595168925 67.44399657407192 138.61360993861857 122.55940126811879 106.89519547816948 91.82080805556261 77.68037568474472 65.08550330319736 55.106321899613576 49.35577662118752 49.33538950924887 55.05152704285519 134.25178091545172 117.62682850533639 101.22899060272516 85.18951779327323 69.75605346212025 55.4370606802593 43.351309654089384 35.83450920906515 35.883083779004814 43.471680464803455 131.25092052679383 114.20589591094263 97.25163553576002 80.44554679959704 63.90463846546715 47.90439506955119 33.23508309989001 22.649985926237715 22.80755156518824 33.55679344747094 129.7055691529051 112.43471822720626 95.17515643807069 77.934384515623 60.72840787713432 43.59844152496312 26.691235081483985 11.078506379616673 11.478585439483634 27.193673720920792 129.667798832123 112.39134378243828 95.12414863545324 77.87237342709558 60.649178278651064 43.48853299141064 26.512177782679096 10.641993844414062 11.05992261992065 27.020457747835167 131.1389127365367 114.07774403489235 97.10180485383776 80.26519108019914 63.67851179129439 47.60374355405811 32.80230949789446 22.013136716143038 22.178287567711806 33.13436678816998 134.0692295235301 117.41938918535101 100.98898697295344 84.90551162747694 69.41054820075856 55.00373060418104 42.798416341806295 35.166836431008576 35.219543012465905 42.92824149311477 138.3660309482377 122.28060705315029 106.57690897146031 91.45179339215336 77.24587903448257 64.5687499157624 54.497921322408345 48.67880150826427 48.66138437409741 54.451237517906826 143.90690841012648 128.48897484783873 113.61483144801576 99.5285792692874 86.61547873911951 75.48005778307763 67.01441627653384 62.31628804151492 62.24469794459699 66.81451930313735
49.28421125591023 12.848986040474893 42.928412461991975 41.34564093513476 31.686509435894564 37.679837708891164 11.147654792014471 17.51219695487306 10.036335680273982 16.627818457335586 75.40017006473528 47.355743021165694 0.0 41.605867146802 19.863640671411115 19.527940637434657 35.22123526093396 33.586230480095274 40.05405772878596 75.5093856164748 41.50070447542653 6.91580929473292 37.98912815329796 38.22210906153548 12.508717890080304 22.3445921363358 24.123243840852684 10.725125041545274 5.878598913843216 11.398024916983443 48.49917613217615 16.84736959807969 33.20499023533234 19.29719157035874 11.360267300648395 15.95945002606024 35.05733484087605 36.61890813866882 48.165218803004656 71.39992357672689 108.36235482631957 95.721694513206 84.7441771643052 76.1524670138483 70.82027116527061 69.5018941491518 72.41688808234387 79.0985965454399 88.69983189311192 100.38636504216156 99.79884145828896 85.95470711207449 73.5888107724887 63.56974866452804 57.145527366658094 55.577046784184894 59.25118934681042 67.31491088333154 78.42569409165192 91.47994445969697 92.60520865768933 77.52717837601772 63.59172302535188 51.7306120383036 43.6681845355867 41.67096823601658 46.52670180821757 56.495163535203226 69.407335050391 83.91518306479622 87.12156709683501 70.91838721519936 55.38391202078506 41.280112040113586 30.65008096579285 27.812176294750113 34.732070355396104 47.305667165356496 62.19361265093403 78.08312645480189 83.68483244056738 66.67149677859852 49.85718084361152 33.5425278943857 19.05719208933439 14.140886111978519 25.20843998849437 40.861704934945976 57.46829656979637 74.39249954107534 82.5511007541132 65.24940044003883 47.94786630441579 30.64677979496529 13.347881620287588 3.977484002558044 21.264722371223726 38.565140468472656 55.86649536595419 73.1681225185408 83.81389688084644 66.83268402493377 50.07153473293439 33.85885585748117 19.60607666996818 14.868993165379843 25.622026970354742 41.11693285419913 57.64918613079788 74.53165601724426 87.36935048494095 71.22117437916619 55.769325094762344 41.7934113105192 31.334812945590233 28.561537802607344 35.332167311396915 47.74591415116729 62.52753197784308 78.34808139441239 92.9547084595822 77.94241252057506 64.09497902593878 52.34517958132157 44.391149307508215 42.424465473642535 47.19958926795787 57.04797985751405 69.85590602743494 84.28480307976204 100.2311238487324 86.45394890750106 74.16866209848315 64.23701157134586 57.883459954687126 56.33200049460213 59.95658167239247 67.93369675355905 78.95492819239674 91.93188934953892
90.88825635227568 54.16389913765471 84.50027314727168 68.98250507045306 35.52642561361464 79.25958720709372 35.8201973884922 37.6992496981704 51.243872015665296 54.68989046798711 59.43605610061177 87.91020824263764 41.605867146802 0.0 49.948340108024304 22.3051743955121 62.90236064280632 53.0078703454563 50.83657124985446 117.04249984469446 82.60482490439352 45.5665465905103 79.51252899490301 66.30843236530198 38.03320222830505 35.831307676024814 39.42770377301712 39.7280451044026 45.05784059375613 52.34667412196656 45.55460323977866 58.43125235466576 23.88682967985522 26.902884880100643 52.616322144366066 30.305005927520256 58.93467149076732 51.68969747503259 59.897682527872796 113.0027407216126 99.08440438240731 92.35457523309566 88.54203309055278 88.02665144172788 90.86455187378765 96.76113834159354 105.20334919307768 115.63497373816274 127.5689041351978 140.62318134946392 86.6718194329575 78.9569199631448 74.53236222555611 73.99079476910225 77.41375384912774 84.31979448584197 93.9438826195378 105.54508658889723 118.54435627982669 132.53094125179814 74.89212600854954 65.87657686264455 60.57484913768151 59.979975366242314 64.22288275839647 72.45865043287117 83.51424730550104 96.42457731748421 110.54168827056432 125.45886460132556 64.09543697663442 53.34771859655878 46.71655526245423 46.017359873090356 51.49234605029007 61.51446506112278 74.26506944422799 88.57355748183767 103.79765434642431 119.58818682359613 54.86537295911191 41.868647027867674 33.08272676650915 32.16611212229653 39.66811667091063 52.06888652295154 66.6894831257464 82.3560205914008 98.57103960010164 115.10297268106872 48.112352790047225 32.56919607096322 20.135011928919344 18.676107972764203 29.847737663138332 45.07427214233401 61.41013520303584 78.16285264154442 95.11240976525386 112.1696107708368 44.9666872387716 27.73618093851967 10.737879603412942 7.747382603133354 24.565328605987446 41.78040635680019 59.04627756816475 76.3284808408443 93.61797174571619 110.91134222245368 46.17170916904236 29.641480386142145 14.970671704785556 12.974501263088495 26.669596447689557 43.04544210783908 59.94385554625111 77.02165000273446 94.18129506663179 111.38496815811739 51.422448668980444 37.26547804194598 27.053170064153683 25.95655403958406 34.84712204710726 48.514035727528004 63.96570909787005 80.1768217652546 96.7664409103366 113.5688159422841 59.660038274627276 47.95397735949955 40.47905392752544 39.70176008435348 45.963156825702875 56.988594486908845 70.57970035597606 85.52189419963412 101.2185791091883 117.367428234115
49.09591673932471 18.136304035960727 41.985557245701266 22.012942983100757 50.72854556428032 39.437881702812135 15.495494969127215 37.167809756255046 23.040109274955757 10.641628164351145 64.81284050019174 52.85245206751414 19.863640671411115 49.948340108024304 0.0 29.39397459545214 15.668664135870447 15.082395929896466 23.829424876860383 75.12051878303245 37.50895711109041 13.46889241622099 36.98794310009152 18.90023118369538 32.19972095750725 15.811618001235194 13.874018017788286 30.566798123978874 24.338512404131908 24.418311020412684 36.49373177548131 23.846210818392414 31.634795820517343 23.05993674143417 17.463628093984497 19.884348606874266 15.247327580892863 19.29910413114232 30.18649280501964 69.4033155235779 93.22532655138968 79.18153756125315 66.68711670979076 56.77436432351071 50.97241036613019 50.71238564418661 56.07144337286594 65.68842159040626 78.00405095217698 91.94017872200065 86.37347998430707 71.02650774235936 56.814247763662834 44.829230255952055 37.284959585912674 37.005185135816106 44.128295142472126 55.89218484745297 69.99480988890535 85.28374807168629 81.41737235571546 64.93828952129773 49.02943568872667 34.48914141236498 23.954694324952406 23.597988865347897 33.74335446016052 48.15676541663563 64.01753926829544 80.4743922369463 78.71597558690989 61.5335490472554 44.44393974798677 27.619977887761706 12.213756709055662 11.584550211700448 26.7944216302332 43.593503341896565 60.67585444777434 77.85523982709896 78.50244005143861 61.26140380585317 44.06812381261784 27.01393925984221 10.780525505571132 10.0697559002577 26.178114437025037 43.21921800468925 60.408785555295374 77.64827993884329 80.79649648883007 64.16173109819702 48.000971953251636 33.017730959636985 21.793565227803853 21.4116811884381 32.25945405076776 47.133813110571396 63.25529210555526 79.8722686460693 85.39626366588928 69.84036712943848 55.33118389339743 42.94311282389287 35.005570481334765 34.71853954637977 42.238276592875 54.419436129012624 68.83012454847872 84.33507609361483 91.95632762558567 77.69038644216738 64.91785961227131 54.69518483286758 48.656966484328855 48.39566021219501 53.995202228121556 63.93376413318887 76.53935539964021 90.70679164055063 100.09190907421036 87.12674085560815 75.91075388777365 67.32392601094779 62.46018208026148 62.19913626283137 66.5949369889492 74.83136767128074 85.80953569740548 98.61802127089045 109.4521436856063 97.69070130614676 87.78302750070712 80.4172378560385 76.33275708137926 76.06006110382958 79.63831627317657 86.59142783563941 96.19030492810762 107.73003100798596
