0.0 77.2831669869611 85.16364643918284 67.58781118415429 64.73768181119875 44.81894187675528 39.4153244834666 65.43290967614212 46.900943270465284 38.595899802759014 94.81000480745851 84.09268944392187 91.83088409909139 4.743973575926037 24.174546155843565 79.60051035826451 73.29523826185851 102.41441671041008 20.78351613280264 60.87674604569914 13.86110598728571 30.663275482090697 85.24778134888506 75.03209528866607 64.38459185502758 63.674977757219025 8.382215895119153 61.839213246286484 44.72654403995296 50.3597479804055 90.87740050988315 50.992103064500924 97.7010626896546 6.227423820949185 57.86744395957164 81.54918599361338 39.73850123066201 68.59865984406292 19.247162397562487 62.255396886517694 52.418953395298374 41.36193517625856 35.673240869261676 37.855752176642355 46.821397434765615 59.58301745232964 74.20738578954365 89.78888388105393 105.90589529025813 122.3469700131657 44.01719224595688 30.07124997311556 21.673908414718884 25.178322150201616 37.374441479855555 52.52105496701302 68.69341251546874 85.31014007962146 102.15462029171707 119.13028272681437 39.12265857856033 22.342996480152586 8.157813366235843 15.251350624601736 31.581178296262678 48.58859227260591 65.74986787234775 82.9695866035739 100.21762732592424 117.48151642804099 39.07633639412974 22.262158529371597 7.934778268146466 15.133772739198493 31.524828561907945 48.55215671595385 65.72307353629729 82.94845529431937 100.20021678486263 117.46673579830426 43.89357834508572 29.890847400787717 21.424068682706356 24.96457693809618 37.23145050443359 52.41987346229049 68.61644688472775 85.24847127349491 102.1033708939015 119.08654946426594 52.24591076176098 41.14341978658697 35.420817415917334 37.619079406355404 46.63114279787137 59.43432792694234 74.08861388753445 89.69121246512486 105.82349452290066 122.2759907189824 62.736875592271936 53.79170024785639 49.4962636556254 51.03836654976856 57.95387172692639 68.63737524115848 81.62247824878416 95.97953049657828 111.17829480751412 126.91673585855425 74.4679136663221 67.05030740843637 63.598043150092465 64.74853104718727 70.27607889089785 79.27027227724501 90.70567060770364 103.7783942078223 117.94526416221991 132.8567250145985 86.93834664764123 80.61853564981678 77.71167531072985 78.5973580077497 83.15448820643816 90.83213720162034 100.92060941466447 112.77475637903213 125.8968068024129 139.9305194151556 99.87144128865081 94.36276898833178 91.83154043309095 92.52244985284423 96.36621761004409 103.01050590644259 111.95781803044115 122.70539502723878 134.82339254756215 147.97551366558898
77.2831669869611 0.0 13.073027907340446 23.646208114316682 13.338249024117248 35.57678304616647 51.595711414743924 20.11551766027758 35.044095847669524 53.361927707805364 38.675172588037974 22.47969195245033 34.376307757106105 72.82506682478633 53.28810409496783 10.305688300140007 4.016816774022567 29.17015082337997 94.0077512085813 30.65470629063219 63.510386421479446 52.3862845795491 14.229859472558873 11.151993799737854 12.974588068177805 24.135678160214027 81.0917058487589 17.35367571854864 33.812806216869376 52.449648100450965 32.081619420124326 32.884277150127296 32.191594061028354 74.14117495577119 30.295323580633013 33.445153977337974 38.84693115145804 11.397945468754294 93.28710665770956 24.575843043222093 129.2860366923982 115.93109943962376 103.74894807603418 93.20060360976203 84.89725953709738 79.54508607307554 77.75590419944136 79.76982158367271 85.31794718073647 93.77506952562587 121.21611169630171 106.90063545698992 93.59935647002546 81.8084760081873 72.27106964100192 65.97182590099229 63.876049219741866 66.38306305635966 73.02031226385951 82.800449822694 114.31601608009602 99.04542277010925 84.56087350711479 71.34275157629742 60.2306931267764 52.57742771025838 49.99736725936817 53.23334367937238 61.37216261336372 72.78734180075448 108.80863904581814 92.6649487843295 77.02579263041184 62.27246520408427 49.20827481312372 39.54435348953796 36.121526422794666 40.55219654620156 50.82227674663404 64.18749237991912 104.91362405891562 88.08038530291267 71.47133141222285 55.28887165984044 40.053447066461416 27.393595808753847 22.254229659125496 28.96210560500113 42.20269613884435 57.63716456103152 102.81444057075021 85.58091067734404 68.38193195195309 51.25229970684213 34.29607988743581 18.009920285857266 8.438401769009241 20.414927939701915 36.892346141250464 53.88909340005253 102.62138276357814 85.34994402639693 68.09398756612313 50.86927159250687 33.72369929889804 16.899894934838873 5.7130075767067705 19.45209281007468 36.370906314922685 53.53517712683095 104.3450339592007 87.40547385435765 70.64176776801673 54.217281313736216 38.56785680756999 25.18248022825618 19.48196058460306 26.900706534486446 40.82230985556639 56.63908277744611 107.89354855845096 91.59366204450646 75.73960771207132 60.68183887823325 47.18888753329212 37.01357571776268 33.34556360363785 38.11242029224641 48.907000448422664 62.689241094313324 113.09523663747662 97.6404035374179 82.9184352298618 69.39732015309791 57.92419040055916 49.931335537043346 47.22041242282956 50.64680716685638 59.15347368431126 70.93567838156098
85.16364643918284 13.073027907340446 0.0 21.830113603111098 24.926802406544464 46.50356537266003 63.31864064749865 21.105496680739193 39.61322356271284 56.25465210723493 26.609426715521728 11.707614453479783 22.46591504112393 80.9556949356919 61.00188105743476 5.563316845927267 15.954127996256739 17.611864595710998 103.15113483711094 43.607323896371206 71.74099054362286 62.89868681723618 1.4294060973511111 10.201281329091733 23.50605699443864 37.10882824733049 89.84701861771924 29.223296039350693 40.47091015714238 52.49600775304561 20.129637812137318 36.32618767824314 19.142028191648325 81.32816878524608 31.3770410512779 24.539314510664358 48.82399090921905 24.131375804748664 102.2641687894382 37.46121634445131 136.20269953203467 121.90766557283185 108.49179794527826 96.3231501174443 85.93320666365456 78.03570015534076 73.43917702823947 72.77185361957376 76.13711557899884 83.04616662339456 129.14288237880137 114.0033832210068 99.57085599110148 86.20113688644291 74.46887470207822 65.26321521156828 59.76334898416061 59.014618237027975 63.18614651444621 71.42093333726454 123.28679146900292 107.35592125435174 91.92202354914755 77.28341805342586 63.98827007009496 53.05633247014005 46.196902839918216 45.29941453359481 50.68159222485896 60.69525790398734 118.81263897480133 102.21089650493295 85.88597335931593 70.03172386073001 55.0562725358542 41.912442256148765 32.875847638696975 31.68120534066609 39.0548979963139 51.43520404288677 115.88067256245165 98.80337779066919 81.82051578986939 65.00614045914854 48.53567700880952 32.929283928962086 20.289792742275225 18.377317297804787 29.368146769831753 44.56413861399462 114.6093542760511 97.31610324481099 80.02660409468636 62.74395846688959 45.47598084986111 28.249582181256553 11.25728659895192 7.357150176777694 24.088220458841448 41.292500772182805 115.0537649087199 97.83670585584136 80.65597478276742 63.54104646601399 46.564535499115635 29.96265023200597 15.032561792119697 12.365616910503556 26.049032833412628 42.460673616506874 117.19438129800655 100.3339284149824 83.65394232612609 67.28876306242738 51.53914914469658 37.195441212872765 26.635098871424923 25.180683652152513 34.02081508312261 47.743853856450365 120.94114076964127 104.6663526944081 88.78084072862998 73.53731306810447 59.43182299834558 47.489506161951205 39.71235632852975 38.69878207294319 44.90909330866857 55.988963454951595 126.15096356133208 110.61850141914836 95.69503856757092 81.71492066048447 69.25183328146633 59.27060713017981 53.18734463126872 52.37826544445328 57.06813520454367 66.09660901378585
67.58781118415429 23.646208114316682 21.830113603111098 0.0 24.087158791137853 37.46725607683811 54.806886681054586 5.156264298759296 20.6923019709423 35.01408662670232 28.512897621652073 16.691240762378623 24.903445034308238 63.83903660821421 44.14532634790895 17.378045621812426 22.194347916486088 36.53659333018425 87.0306029930959 43.26626879947597 55.09848431573536 51.05875812515756 21.17695154917633 13.361825310764278 21.22429921324234 38.01265651744078 73.40594803441135 27.19356514490069 24.192472654980946 30.679454035008295 23.603731994100837 16.623708183589333 30.12936465472212 62.98415298672536 10.21084260515308 16.61563270941895 37.17540765369326 27.13815902887072 85.89350759672215 37.528458597225644 116.85968142814365 101.84002988085788 87.66582821115747 74.81913119858783 64.10309320555288 56.73808184794913 54.11018862683622 56.87982333747997 64.35382895177584 75.14130359966764 110.94875965585697 95.03158293676435 79.69367533465906 65.34422444272157 52.79544577569316 43.629762414695115 40.23007443711164 43.95528702255348 53.33274109209787 65.99546146992816 106.58033594650603 89.91715722684354 73.54952418653474 57.72936898569977 43.06434453339162 31.22668230738595 26.351163105707965 31.8177952943299 43.92118610671325 58.68968624791302 103.94912681154285 86.79680562901477 69.71845387094646 52.78591661765492 36.20436460495378 20.82959145096032 12.478004001794476 21.82297248349327 37.35634500926283 53.97651097624683 103.1881488297314 85.88818643407568 68.58921688608575 51.29224474756088 34.00031857977123 16.729092919034553 1.5546801429077695 17.99125078712663 35.26565997552452 52.558177634107935 104.33834169679409 87.2604304197062 70.29216413338996 53.53789697622773 37.28722219877485 22.65126748249137 15.314547020220022 23.55213864848769 38.38728398843768 54.691648006783744 107.33826911573752 90.81017843011541 74.63365468662971 59.09810261755241 44.87425174785434 33.667798008625084 29.18993305045606 34.19492910013339 45.664467332442044 59.99919493817859 112.03940547222054 96.2968788607386 81.19146421647329 67.15447363129009 55.009974366008436 46.272839926984155 43.069230713504275 46.55583784885688 55.48547490603511 67.73872081305092 118.23894399026526 103.41261586264365 89.47953967091627 76.92661812954832 66.53960317941072 59.46453281768756 56.94945296353898 59.57472098282205 66.7364385113717 77.18195856355862 125.71532158142436 111.84680980447685 99.06444660696746 87.84366360355635 78.85393347955767 72.9250666891742 70.82991468849323 72.89977513509928 78.80714784494273 87.78066315926847
64.73768181119875 13.338249024117248 24.926802406544464 24.087158791137853 0.0 22.238562478989888 38.49247385405139 19.022675152574536 26.403397639544842 45.00605659850014 47.25573195450512 31.05134268066465 42.96405552773953 60.18467740195309 41.08503836931194 20.263808497587217 9.434237888879823 42.08166539668667 80.89591156034375 20.113830596397023 50.88950445197347 39.058164781145294 25.727638819310936 17.736680802643836 2.8733191164488403 14.204520461675322 68.14249229987567 4.313301187058171 23.225229047271693 46.847387836955924 40.87198149971359 25.68947618162566 43.125949459731416 61.993740090536775 26.05605846165047 38.7339706728314 25.68342991829212 4.59453354626207 80.22810617275766 13.98504608893321 117.01408365066507 104.22607595615362 92.91146602107875 83.67014162833947 77.24979712215995 74.38451575689625 75.48024699973918 80.3751557611683 88.44065871337338 98.90410020240388 108.49241537722999 94.60540207048166 82.02716441985962 71.4522567895074 63.88340937877951 60.46032321756738 61.87493086490386 67.82521029615737 77.27034961730571 89.10583821547516 101.22570232074727 86.21599832263557 72.23888795536642 60.02015086067546 50.84371245166815 46.54514682244968 48.44090523460779 55.904337197785566 67.10269402467085 80.49193241150752 95.50096020600857 79.4490114535804 64.05127521849639 49.91687799608949 38.464684794184826 32.65084469789451 35.37416795357294 45.11423581388949 58.46336633685234 73.48023237193652 91.60781658391463 74.74650031948651 58.14463408403111 42.11020716612741 27.648734771457853 18.824118397620445 23.30137859733843 36.47290731112495 52.11816960526208 68.56417541503608 89.78490517695145 72.5113123096392 55.25545337186035 38.04146870230505 20.972721663229432 5.591982308230393 14.879481763339376 31.78429153203019 48.96730437830416 66.2122806373327 90.1579144661892 72.97056557824531 55.85401075814766 38.90180936395369 22.48875725490092 9.841280964238349 16.93134951008469 32.79029671283537 49.62307626360242 66.69639431235362 92.70033511172188 76.07547198347913 59.835722529839835 44.405640287699626 31.018043678297335 23.4752662072058 27.18028989879352 39.05328590622956 53.94683555828329 69.95765818680616 97.24212215110781 81.52426497069284 66.59645667910175 53.12887266071964 42.53202303067619 37.33598346004292 39.72008489122998 48.58087516279881 61.16555014325532 75.63765214431551 103.52039308283642 88.88687289884969 75.39218340256171 63.76352576288444 55.19324118464577 51.23964561345165 52.9472326769217 59.833254709232456 70.394090983273 83.24264818441216
44.81894187675528 35.57678304616647 46.50356537266003 37.46725607683811 22.238562478989888 0.0 17.483931601235746 32.85716138272646 24.50347884517194 37.97214434784337 65.19076212942392 50.18045575409114 61.16421844385959 40.09661309874786 23.597948270948468 41.331299924181295 31.647793247325865 63.99109230232437 59.2443658862106 17.471489313209116 31.169325912972997 16.866229847223593 47.09522078656065 37.704424202662636 23.069542893114008 18.960567238526533 47.01656651270484 18.40948226601428 17.937930673022365 45.311913678332765 59.39493488066102 27.307483189717136 63.4163530305577 43.2896404983864 32.69222827546305 54.07563163021634 5.82804949897067 25.126118931032877 58.71751985915632 17.525316580017698 97.15137787580885 85.74172526338666 76.57406385036862 70.5281619905205 68.43644196585674 70.65098810477613 76.80018377189425 86.04455189253234 97.50770312549524 110.50126697096145 87.66282186795645 74.87354321530991 64.234131504523 56.96225827372315 54.42493110925525 57.25509956323037 64.75275103686184 75.540652291696 88.42262477000878 102.61301103771709 79.56880948208483 65.25845531843503 52.77160329153704 43.700386871821955 40.41424361509087 44.22221089769529 53.63396649346846 66.30464812012549 80.71379025974272 96.08241820923597 73.33269968438086 57.52841254728906 42.89594195266208 31.13383369318396 26.40605126720737 31.99927601196584 44.15130763312318 58.93583328306403 74.8080015934264 91.20171017333683 69.45683652100836 52.52254574598039 35.94017715958827 20.57881695796356 12.409348533474324 21.982015493857762 37.56512917358219 54.20130722579794 71.15572591600323 88.24514608042564 68.34402113870374 51.04872715981763 33.76023481417462 16.499938048984518 1.8590447476670833 18.25863439495792 35.524822355715266 52.814409659511625 70.11008716869175 87.40823970748284 70.12593163622641 53.40023061551073 37.205313751168845 22.706794411939793 15.67399289362659 23.967936782630677 38.755158800119446 55.02885673205634 71.78509742587545 88.75098732528225 74.5953873079826 59.12233552942031 45.001539819074274 33.96374376587754 29.675620836129966 34.73410903342786 46.16257646177596 60.4501271934141 76.00106293081195 92.17816732956955 81.31034718408132 67.36142169492138 55.33944279610674 46.75522375093816 43.684690566513915 47.21607411342636 56.11655141175573 68.31896700622637 82.3686796415562 97.47010691200816 89.76822160792906 77.31688991168761 67.05346044752758 60.1093078317 57.69565369949514 60.35847298807346 67.49962447951286 77.89705120179084 90.43450173681465 104.34339873652183
39.4153244834666 51.595711414743924 63.31864064749865 54.806886681054586 38.49247385405139 17.483931601235746 0.0 50.295079121210996 39.553998957042914 48.21839064787579 82.67173138109808 67.60659003263547 78.64801346873065 34.924013922867154 27.20465783469154 58.34056709951421 47.859018138883755 80.57352878849656 48.28995536312638 25.09587634790415 28.471764288730718 10.189816747680336 64.01759382708023 54.94566806442149 39.833169492405595 30.20116335075749 38.44710986779472 34.286729608342085 33.19110512041998 57.910742543632644 76.87286858898597 43.0734761549077 80.72555372656822 40.40583998138385 49.20318054596827 71.42127631961552 18.27624430091159 40.426531918428466 48.25189607091784 29.06445705918903 89.22474720008302 80.38952576839306 74.582732102855 72.53536887012953 74.55778484465874 80.34322970419016 89.1621756798873 100.21696622116187 112.85244702076287 126.5961966699068 78.04707534781204 67.8330074839099 60.909643240907464 58.458097614977845 61.01975512441481 68.03064497509635 78.30468439030275 90.7401528564189 104.56875194915484 119.30703763152346 67.99644484928558 56.037488414066125 47.493027103384556 44.38106645051831 47.77524898220143 56.5152518484247 68.58700232359794 82.54140781393296 97.57404900790085 113.25639052675491 59.64551987333552 45.59765677931218 34.63255197560231 30.304951719750594 35.15786726974869 46.394722253625645 60.560498386302505 76.03543099311275 92.1624037090535 108.65145943816114 53.791967206481075 37.658606268614236 23.269676115924014 16.232601063633652 24.170832802186137 38.77722643145375 54.97117182100679 71.68471582776088 88.62437331505446 105.68146913190218 51.298041412155115 34.01885509703581 16.786587889141828 2.238335377899418 18.081602225061644 35.321269997607025 52.601839045032925 69.89297825283889 87.18839904850016 104.48597527747103 52.64343950989873 36.00674454590646 20.50249949035316 11.955426429534306 21.54587802982886 37.205246971930244 53.879020477400495 70.85464131693087 87.95751501644644 105.12555161680277 57.55954965688387 42.845981056844906 30.93807854879342 26.024250064810435 31.560556936880435 43.744556146697384 58.564613089496746 74.46309082806546 90.87574021949608 107.56746116066206 65.24409120884513 52.67971269945816 43.499638172954654 40.099758240901416 43.845962180363315 53.250839305898765 65.93588607647816 80.36252831467365 95.74673122320063 111.6935218393698 74.84909704167369 64.14510399647583 56.793490632583676 54.17661822802001 56.95094836729003 64.42370875785318 75.20716158082814 88.09380925186296 102.29183973413623 117.32613048989296
65.43290967614212 20.11551766027758 21.105496680739193 5.156264298759296 19.022675152574536 32.85716138272646 50.295079121210996 0.0 18.84779053180769 35.20124866363601 32.49122093459466 18.865526896411545 28.620701869468903 61.485087022069116 41.57051345149831 15.92997775774707 18.069199100675654 37.33273243113142 84.3962990364416 38.111215137444326 52.520169442124725 47.09649180179482 20.776261529770537 11.31494483004423 16.15141163283633 32.873179411457166 70.83918653434115 22.04546797961641 21.085699971598803 32.60237549250978 27.05809939602126 15.287506488317273 32.60334852183775 61.15204295735236 10.588138334694273 21.344383372975376 33.011584235376326 22.2683705922067 83.34096866773956 32.37677122983897 115.61908691203216 101.0151899991719 87.4017224318644 75.31766512082677 65.6135458306963 59.46613520274116 58.01725775835214 61.59935293531732 69.43814145434273 80.2964994092674 109.1480078734583 93.57480731035848 78.72677808150661 65.10200223309143 53.640841588683266 45.99035944605177 44.176809773151255 48.85460025039724 58.48638725049663 71.08619490170146 104.18963758025329 87.76834442383476 71.76205915261849 56.524447206376756 42.88289026493073 32.88739227039117 30.379730259450472 36.91862129538869 49.00765586592978 63.55489922857437 100.9671593090044 83.93567093630445 67.04281291855511 50.42809717288018 34.49578984292587 20.87195154458378 16.734082516326964 26.8911321078299 42.01129331984968 58.35646372722307 99.64917018753337 82.35288525198997 65.0596024984854 47.77258233407368 30.502474426550645 13.315248668016675 4.785846394529176 21.615420005293732 38.8620897015427 56.14277538212663 100.3107867665254 83.14859358454521 66.05933872515214 49.11921003931297 32.561792047513435 17.508762154747902 12.310814247192017 24.398124662740557 40.468429313206734 57.26108625829504 102.91382722685394 86.25698630318715 69.91416129592302 54.17031129107618 39.743750617532534 28.695282070137942 25.80664885652766 33.27547820109729 46.33834466177785 61.52997102727356 107.31707799923916 91.44248125570036 76.19189922025045 62.02732959153264 49.88265937928051 41.567725200800545 39.57496470211101 44.756964432072174 55.126217722040714 68.3616842726054 113.31080657857396 98.37710348287612 84.35324381783344 71.77454037868227 61.53372410224285 54.95373880582088 53.40531122668002 57.29782524105639 65.67079974453986 77.07766701370191 120.65814473021399 106.72033621282422 93.90827362605691 82.74653450413655 73.98584670639774 68.5529975783827 67.25929575137374 70.33351744984856 77.25597654927108 87.11406070140019
46.900943270465284 35.044095847669524 39.61322356271284 20.6923019709423 26.403397639544842 24.50347884517194 39.553998957042914 18.84779053180769 0.0 18.656749142173084 48.51223453933079 37.22374396989512 45.24122781121707 43.15643291782565 23.606851692999722 34.17928606019293 31.60177120359724 56.178694973131705 66.41806639532189 37.85540154720588 34.51061145587541 33.307446832300265 39.436093705362765 29.459092608800667 24.40052916353193 35.29679383246567 52.777496627481476 26.342144786080187 6.577895197391887 21.821941425625948 44.13579312633928 4.267839588473241 50.8007376139657 42.39877149563138 11.380905569259147 35.56532990393377 21.394986152394317 30.987222701426727 65.24856947917726 34.1546293720663 96.77551645957834 82.29550241493888 69.12525410274058 58.16144511076319 50.85182932500526 48.86476542296991 52.80458275398389 61.543354845138445 73.3862861646761 87.07589433353498 90.4006373202188 74.73142971355034 59.96670400105825 46.96735284404252 37.61072347604491 34.955807106135055 40.347961823832755 51.30999161036829 65.08594393214452 80.23934570202687 85.89241729389477 69.23623980000195 52.99545186908964 37.71061389221659 25.186789109152272 21.103785331758516 29.24169333728582 43.16821709694534 58.91200870450151 75.34232566100067 83.55362529247408 66.32625406902956 49.151287143224 32.11291712907584 15.663436243115227 7.626296155232942 21.6723538374312 38.46992095603592 55.5778020937465 72.77748774500697 83.56664251280614 66.34257653824517 49.17320959459577 32.14630587131066 15.73145828426221 7.764401945347833 21.721106201816003 38.49727692880896 55.59665067677334 72.79181383405337 85.9303999848808 69.28313878120991 53.0564268484119 37.79585920756553 25.313651442601586 21.25432563729295 29.35001192602462 43.241316754162675 58.96533881868911 75.38383329421406 90.46077757396941 74.80383577505765 60.056498435440716 47.08141621062906 37.75240510167696 35.107492363611456 40.4788282897316 51.412475624916716 65.16638205793613 80.30429404165646 96.85415964459885 82.38754556587008 69.23430450572384 58.29041095036372 50.99859733015177 49.01676940727428 52.94461511083091 61.66297663850531 73.48615474407838 87.1596754382297 104.76995953156572 91.52277158799535 79.84225182550146 70.51132386280466 64.55697149319023 62.94483698591002 65.99391333566511 73.1234220398272 83.292060025978 95.53425477136105 113.89107964425693 101.79254041196546 91.38352758789289 83.29982902603732 78.2653083300962 76.88133734108668 79.33918417702087 85.30742541806636 94.12062519885919 105.06527454167637
38.595899802759014 53.361927707805364 56.25465210723493 35.01408662670232 45.00605659850014 37.97214434784337 48.21839064787579 35.20124866363601 18.656749142173084 0.0 58.70828695840804 51.31849913807631 56.405646941801066 36.35848966325983 22.770327809530915 51.12845443567503 50.08124456594826 71.52975371303556 59.37510715284981 54.070027327858874 30.458043043434614 39.155588656051314 55.820037320519845 46.4760673247975 43.055508373962724 52.645440961420675 46.255052471574295 44.62117665302302 22.644714448142675 11.983618343252026 55.94515678378045 20.507948214179848 63.918806569083905 32.74429121407235 24.94724340178781 45.44620416589711 32.90533664550085 49.59834751902967 57.8367388452506 51.37441862031778 83.12051133823567 67.4102934237179 52.706590606608785 40.1314154611694 32.27669593003651 32.73756974989 41.23615677802922 54.109163347902005 68.94846822253538 84.72714890639809 78.83144810723678 62.070158631399686 45.71350019121934 30.421303922196163 18.971017113638077 19.825624170221705 32.01442460149715 47.49214163200963 63.912407061625345 80.70192167096067 76.93462949887879 59.65397596391495 42.39068328078072 25.18048367795135 8.358052167588225 10.216205868789583 27.15875986137181 44.37949031476373 61.64571057684922 78.92757219746147 77.60569334066989 60.513045135256355 43.585854049183766 27.135544289027305 13.101980901481625 14.342213645144943 28.955989535192288 45.49629234011051 62.45069216942551 79.55487626275506 80.78065980568117 64.51665262844857 48.96930223010188 35.10409210139118 25.793654849470027 26.4014887006711 36.434533174122855 50.56305406607475 66.2154082687211 82.52907835833359 86.1832008998955 71.13578000101472 57.37386650184583 46.06439189370081 39.38022506197048 39.728860210153286 46.95390104702512 58.56331271106473 72.48007070905835 87.61144894527281 93.42760897742993 79.72150264758068 67.68321700738068 58.354243716439356 53.18004955144113 53.38274624140207 58.90685475948698 68.4764010032266 80.66422668202479 94.46225411758134 102.12256572758707 89.71084835627697 79.15646543826477 71.28918259313417 67.06147116944868 67.16417276082188 71.57864986501531 79.59065244636501 90.24706434784801 102.72820993188367 111.93042830580062 100.68679150362782 91.3560118498306 84.57359833138074 80.98239243504608 81.00792523359395 84.64692394387191 91.46912720606102 100.83046388027267 112.0965894932161 122.58423715964814 112.3604428477158 104.02650007310443 98.0654169540327 94.92528099606596 94.8865724281543 97.95296813938474 103.84977608248333 112.13134130049608 122.31422278271583
94.81000480745851 38.675172588037974 26.609426715521728 28.512897621652073 47.25573195450512 65.19076212942392 82.67173138109808 32.49122093459466 48.51223453933079 58.70828695840804 0.0 16.390458247841607 4.329835073251418 91.3754557275017 72.1117302655071 28.432653624711936 40.31659242900807 24.683047978333946 114.79857961573322 67.31981452137707 82.97283485357255 79.50748587699513 25.2039575254513 29.60750364616682 44.876346440973236 61.126219113489505 101.15089252912531 51.356268196272545 52.651364939674984 49.99221683519553 6.593635492182786 44.25804155618365 11.724465423219264 89.7438498693336 37.174672419456584 13.329923587156198 65.49086403163 48.19833361602818 113.56098603977696 61.12492560637993 141.81391765426838 125.86841863887265 110.33236502236852 95.40599102397297 81.42527781077331 68.96773884677671 59.00612280718407 52.96788128692579 52.23189408391427 57.003907440180264 137.2149390962563 120.6875892169767 104.41147135450801 88.52526752103127 73.28299331353146 59.18426909703091 47.263778821383596 39.54312012046164 38.62846605484714 44.937344282337044 133.93249302212936 116.95959865978081 100.09941784602515 83.42032060952972 67.05756505566526 51.314665301239295 36.99166692648073 26.500616451240315 25.197075740754617 34.14986504761454 132.06483081265554 114.82609513560703 97.6097217030816 80.4300719767213 63.31704546004929 46.34450424586383 29.75383945316566 14.882268342786148 12.505435628723617 26.26790798517108 131.67219596421342 114.37637218028537 97.08272445674099 79.79266767380372 62.50918166797568 45.23979799732764 28.010612357096083 11.011949788411684 7.526302107159369 24.305163246040415 132.76768104539374 115.63008417749111 98.54992532052694 81.56329671848175 64.74385792994707 48.266707831742515 32.654175956492026 20.04064637479442 18.32135322758902 29.469113293582318 135.31513293717018 118.53317485781113 101.92522169880333 85.5926225290869 69.72913437855395 54.744098017878706 41.597948162354925 32.597104960742044 31.519234593065814 39.0264267369476 139.23484336520684 122.96884267917702 107.02819611074236 91.58295193909092 76.93206899353525 63.626670698713674 52.69598694195591 45.870302882165774 45.05558971328363 50.54336230925123 144.41506467721595 128.7787605079661 113.62624814779988 99.17951520784693 85.79583360880264 74.05383684760622 64.85147106149753 59.381417175794745 58.69658399651944 62.95333271573169 150.72581735225157 135.78656483119482 121.47591687890257 108.04394289442962 95.8607157976988 85.46196869610529 77.56872679856357 72.99831973943172 72.38294009279933 75.81895127384121
84.09268944392187 22.47969195245033 11.707614453479783 16.691240762378623 31.05134268066465 50.18045575409114 67.60659003263547 18.865526896411545 37.22374396989512 51.31849913807631 16.390458247841607 0.0 12.06068572615496 80.23563596849611 60.37937951427667 12.17484516440218 23.93444212566359 20.53119004071994 103.24000569054536 51.03103431523207 71.33933670741699 65.44020702323655 10.314199933169728 13.31913703256617 28.801780843273296 44.78310083635326 89.66436973348515 35.23223213611588 39.95061649581075 45.41508102072744 9.866750167899102 33.25838935025292 13.739207498591446 79.60586503745726 26.856328745032762 13.025194642870648 51.21787304181047 31.817454396417038 102.16644399234465 44.82224601714404 133.54214437945944 118.43908342551047 104.02318854012887 90.62298902701289 78.75864169444878 69.22439063303608 63.08568769006581 61.37008098530477 64.43186172226497 71.66127186856792 127.59417424873179 111.72154393391462 96.34228545754586 81.7353721908899 68.39743181773473 57.22279968367211 49.692971741125156 47.57138414876883 51.530420644087485 60.385713759148366 122.97038268562927 106.43521191926641 90.18814602863327 74.41812320513905 59.5056339208386 46.28705980108273 36.6438449343962 33.78992258064898 39.235881464936554 50.35730285198917 119.8242299104321 102.8011960317234 85.88968159809455 69.1715300690795 52.8306294381241 37.365250022620806 24.494082538390188 20.061652904917054 28.349451897636172 42.46910166517187 118.27373932992083 100.99806433331678 83.73323121050794 66.48768641421718 49.281683274515004 32.17871336643667 15.523153911699278 6.7216401802176815 21.16851463749024 38.07551710878514 118.3816469391224 101.12382948957203 83.88418655206624 66.67681696531962 49.53536506394113 32.56409322676905 16.303412146595388 8.360360748238007 21.741741428391308 38.39562882823299 120.14348279670455 103.17143604420411 86.33044234208117 69.71554085900486 53.537643787658446 38.353790819642775 25.970339639729282 21.83151654490534 29.622339394182095 43.32507554055206 123.48845198215919 107.03061230348513 90.88681746201696 75.2594354754985 60.54964152963177 47.61557489230466 38.30057802499588 35.57151955691953 40.7730199023258 51.55824591785368 128.29273790022685 112.51505460421723 97.25713386355862 82.80678910938657 69.66835880550511 58.7290198771348 51.41222611403007 49.35623439406114 53.17480996145908 61.78822393127398 134.3998720251828 119.40094037522547 105.11202378542197 91.86503440560172 80.17808658989782 70.82768253500784 64.83278243915278 63.1562567442242 66.1273761368222 73.18224514951305
91.83088409909139 34.376307757106105 22.46591504112393 24.903445034308238 42.96405552773953 61.16421844385959 78.64801346873065 28.620701869468903 45.24122781121707 56.405646941801066 4.329835073251418 12.06068572615496 0.0 88.28787283460734 68.84103991608377 24.11851790827153 35.98771970171078 22.50843231265921 111.64148466365555 63.013828706135655 79.75088636080618 75.71036055121212 21.048781670952174 25.293619361520612 40.60892101418144 56.8076844437652 97.99486937997168 47.08222038028597 49.09591060309322 48.30575299593409 2.3364466934053443 41.017492998904395 9.920164835370873 86.89562079124413 34.002420044266756 11.124637690254309 61.62731640444896 43.870993287470675 110.44283019819957 56.81531992905658 139.5063670032916 123.75585206583624 108.47900479163974 93.90727935094485 80.42486446676998 68.67633951462045 59.69438390027932 54.855249566320275 55.25827011818914 60.79928867710468 134.56222305219578 118.18074252159505 102.10332728667008 86.49969071154129 71.67990690381869 58.24540432377274 47.38935224952864 41.20291008172063 41.81284973068374 48.965850516670585 130.9410577696794 114.05991349581448 97.32665205353577 80.83316528380185 64.76290679331474 49.52956349086164 36.205404288386795 27.698285445679915 28.675229910997768 38.41943103610708 128.7545977236612 111.55470657497776 94.39211543658223 77.29167566887602 60.30628136754835 43.57068728687042 27.54405167221057 14.753221614449272 16.593766513529456 30.524766990466624 128.07637366788325 110.77482610694909 93.47342032387243 76.17225292698019 58.871534087451515 41.57182383006878 24.275278540446198 7.005380845055825 10.371845267949402 27.654811311057355 128.9301992509806 111.75640911071471 94.62930959447331 77.57983017479876 60.673440847070964 44.07511040449556 28.33155217781605 16.169443377637926 17.858821578954625 31.227178481933382 131.28617462890085 114.45413079590159 97.78622658835755 81.38337552142892 65.44517674341179 50.4142653782126 37.400999923458855 29.236639409660174 30.15687350727438 39.53229822008973 135.06568331208715 118.75105292074613 102.75987152628754 87.27012482978832 72.60346441570123 59.37302643765959 48.762222647985574 42.76747961799045 43.34818490230842 50.277010868942824 140.1535562170361 124.48162162983925 109.30245716013218 94.85293023288861 81.5219468708242 69.95195126036404 61.15080837240852 56.429296116333546 56.813799133431736 62.20971226391869 146.413391122965 131.45840671095667 117.15132941852201 103.76051739268009 91.68830705650865 81.52261053817722 74.05279268348406 70.1454622691589 70.39634470116155 74.76359083943842
4.743973575926037 72.82506682478633 80.9556949356919 63.83903660821421 60.18467740195309 40.09661309874786 34.924013922867154 61.485087022069116 43.15643291782565 36.35848966325983 91.3754557275017 80.23563596849611 88.28787283460734 0.0 19.98343562579068 75.39341022382249 68.82751008199911 98.28926534448372 23.507385893094387 56.137208511996896 9.31479524345321 25.988781286910424 81.07803688917224 70.86236175045617 59.89747133103905 58.93824253546473 9.978407954074052 57.223160191646706 40.61144683053065 48.28984468271694 87.2608281220992 47.315879711644214 93.89690636187265 6.9326821222293376 54.28569628863541 78.176331180718 35.06161016697868 63.99680993469639 22.1959919281571 57.519763179842634 57.09644102472731 46.07934049471418 39.81599811967374 40.5712685929911 48.015081040851975 59.69568009966352 73.62340986912133 88.74651982926797 104.54754480870818 120.76067038442112 48.39490441938746 34.7788066799767 25.995663511554746 27.21569686314321 37.47431516522744 51.63976128386307 67.28830582473522 83.59113447592277 100.22948634012756 117.060380179508 42.74486614556085 26.400310353571424 12.866320489594361 15.258474049963773 29.980207953613245 46.513629387118996 63.458140374482596 80.55474195853685 97.72364266340588 114.9324463759672 41.414747709651834 24.19805576201229 7.390807335597303 11.064163731884895 28.087736838406002 45.32261861283107 62.59450543576124 79.87939671262222 97.17035290250925 114.46462555227433 44.791088449633286 29.58505584930775 18.52084217450438 20.235607236983977 32.78185696075568 48.35837705590387 64.81610337939354 81.62373443545681 98.60249960904186 115.67706762849161 51.96441350458391 39.57475380947315 32.10499606278774 33.07580944186765 41.904609927868044 54.924423174721824 69.82905522619119 85.64000473632251 101.93641465798046 118.51819953026218 61.622621273673765 51.55766563961547 46.018928169259596 46.64755131425756 53.225461646725115 63.94223112664678 77.09067067635574 91.62989424282425 106.99442491116262 122.8750578204596 72.78301685141142 64.43101124261808 60.03364900975813 60.46006080983238 65.61627106779943 74.52695646849935 86.03333997792986 99.23658635012549 113.5462931497124 128.59361352756434 84.85481246023134 77.75362906058669 74.09184401386872 74.37918223306899 78.57232994466935 86.10253305813963 96.18923145350564 108.11927292677079 121.35020803516964 135.5014969759076 97.49992484548348 91.32896998898595 88.17256855149633 88.35439209368485 91.85461899690159 98.31947483177665 107.214005158732 117.99000950641091 130.18109483995158 143.42687416332174
24.174546155843565 53.28810409496783 61.00188105743476 44.14532634790895 41.08503836931194 23.597948270948468 27.20465783469154 41.57051345149831 23.606851692999722 22.770327809530915 72.1117302655071 60.37937951427667 68.84103991608377 19.98343562579068 0.0 55.43859384365518 49.32860866304032 78.30772718471447 42.89210764255391 40.999483897704756 10.963341342983203 17.279506749333674 61.106282959766695 50.88961777973959 40.4921944458277 42.2742846922338 29.288507151573864 38.57336889940662 20.629446840209756 34.1058984595858 67.69800379452109 27.854076995712546 74.08007376329384 20.9132480860212 34.943950320745145 59.091231250774925 17.82668407425441 45.18097666034736 41.78925170688165 40.836015762051524 76.0163033875624 63.23641769312975 53.08402400464426 47.28303740699646 47.45693403959428 53.54753486898125 63.88442167450577 76.77110859388773 91.13226561706834 106.37236247131186 68.18738279160308 53.619488973620435 41.2224262550479 33.49978593530435 33.821462001172335 42.003039519875934 54.61984775440305 69.29003255340378 84.9564468208749 101.15728102375432 62.622309174603764 46.3725566227161 31.272773053021197 20.106481205713056 20.718753917313137 32.44957421379722 47.70109951329471 64.00411586942876 80.72404057637947 97.64694839566484 59.95491688329749 42.719411231798325 25.573768611827223 9.044373584938466 10.406596638186139 27.083340287879878 44.24286265852509 61.48225743094154 78.74908614643103 96.02855130896488 60.56929245088317 43.573575803362445 26.970112676350624 12.443094328070027 13.453154438288635 28.387625498171587 45.049310180141966 62.06236027723514 79.20066873354448 96.39745038989919 64.3715305056368 48.698441376631294 34.61348430573371 24.967163424797924 25.44279964195329 35.637391994961924 49.914148427173096 65.66225375822155 82.03872118915022 98.73136700344877 70.85019084791033 56.952492471566636 45.45470124753094 38.566565099865024 38.824433454503264 46.10856681663301 57.8218803397293 71.82928629321904 87.03004943048583 102.89664352783154 79.35233779474747 67.19217721704943 57.719011398290434 52.41068885763184 52.54499755875626 58.084194601876845 67.71462906011622 79.97167465355177 93.831588160636 108.68286690181107 89.30177854029323 78.64557767769863 70.66921846830445 66.34638123285902 66.3945666429708 70.80485131652767 78.84863837322878 89.55211270274388 102.08205678872211 115.84733082328893 100.26847978818502 90.85470368988193 83.98850266863634 80.3258503424321 80.30627709530475 83.93233169369027 90.76814816303312 100.15867108123372 111.46005705374152 124.15156663208255
