0.0 32.94188658361059 28.779341870912276 56.61668453483409 8.178154759967427 74.1241867803358 60.7613917051432 51.66646500408638 42.95728631017153 43.363475649912466 55.496199368080674 32.40235495564792 16.35786370326061 30.164882644568486 12.232973612497357 46.62385624434667 53.146447215995586 55.90172096505393 30.724112507123493 23.925944297770606 17.768542612096283 39.6857292588307 33.21874126847444 52.664742154306126 13.77304046664083 80.34351294542094 49.42478524776561 66.98103205726606 48.94545410467653 47.658678604574874 11.53465465369864 29.281599215557424 28.500743344458773 23.76217837143093 8.528462830028891 40.76899393998475 71.96039835811415 61.67977967845854 33.555758674519716 33.862059723429645 81.32773267480948 65.56610535457699 50.81670389769855 38.26839130506637 30.74591526642613 32.01346579998665 41.26889668920404 54.590208186013236 69.68334793919804 85.61633187967483 77.16921337634724 60.35576225445425 43.92335269326307 28.53797674412017 17.270890301993855 19.51572487380361 32.59073048009831 48.39587006598905 64.96827761290275 81.8431810405217 75.4671537793591 58.173970269563455 40.888187982212244 23.626057610026923 6.576538762515488 11.270523864335788 28.451926761423408 45.72431680055094 63.01291724317901 80.30725941216154 76.38596225212972 59.355675439735684 42.54515359578678 26.377962240126426 13.424477616355293 16.22803797395527 30.744019639229418 47.17788868258982 64.07046532829399 81.13574295016831 79.83518829872993 63.7139876474572 48.414847583901356 35.03188582771409 26.63041299336441 28.104004718949216 38.33016540246222 52.41448646879221 68.00048174257854 84.25890431298868 85.50912111352852 70.6635068097775 57.21501890762814 46.394949893014065 40.374870348605484 41.30949925761338 48.80087187042469 60.45892204473374 74.34879425592368 89.43663093310468 93.00139433511173 79.52772960194066 67.81415450802984 58.919934457843546 54.24995069518919 54.89312318911064 60.680739494340365 70.35445022677504 82.55933948786361 96.33815316477128 101.91166206996408 89.74095460506375 79.4957985175035 72.00288891268053 68.17580966288484 68.63058368037852 73.2875432192714 81.42887661919372 92.13550284809179 104.62280250271598 111.90159765772037 100.89422161104896 91.84770569215031 85.38757999939807 82.12647129029641 82.44486913335437 86.30316504970591 93.26305184759482 102.69585226776161 113.98929772667678 122.70766454674681 112.70867066585151 104.6326260071752 98.95148753293252 96.09097680451403 96.3027686009194 99.56725935683735 105.60172115003466 113.96699680918917 124.19298567383952
32.94188658361059 0.0 11.906258164506655 39.24546657498905 25.07906377605294 56.477557231858505 34.90895592906426 20.250669871806856 10.037046777677725 10.735307665483296 35.4061346883063 46.19408841670095 17.498000706501728 11.804484521383497 41.43547218259466 52.153422508401086 28.811827732461726 23.167674468581993 34.384734513745535 13.845534093617479 15.174302937360235 6.921099064272543 8.04598870588286 43.82394365659101 22.716155572883086 63.583467343177425 23.301629279559698 63.08311124534835 16.036747437458843 15.291982359072358 34.9796724875372 42.21309947406604 13.090752010869492 14.749151135823046 38.19268617462065 14.240804707661425 39.07301252759813 35.83230788366716 30.64843029472482 3.7705352097096627 102.31680982757389 89.2583553860888 77.87215668182314 68.99120171297821 63.67254815887248 62.82750362812191 66.62650661046477 74.36115855652373 84.96332601892057 97.50203065464855 94.24221114430179 79.9198575124891 67.01846665043531 56.519625827332206 49.96161846280847 48.95467821914872 53.81133434532598 63.193835718511664 75.43185020796061 89.35977373943825 87.71092962323756 72.14039118233407 57.56711393515737 44.971289464864405 36.463253392186346 35.14866316510879 41.71325807453224 53.322330956252785 67.41849716863442 82.7402214445918 83.08781489727441 66.46975379557809 50.31483734357806 35.265408635675904 23.546268019851833 21.538707741867096 31.178784883693844 45.59636854569001 61.51952961750455 78.03196605367395 80.70154312908235 63.47575328395137 46.30676872067558 29.29463750543786 13.067062663133584 9.057253974218222 24.331727339193716 41.240095100608364 58.37954535063047 75.59305900426277 80.75069654947195 63.53794818791478 46.39159483442433 29.4279225784626 13.36183101004596 9.475641047145572 24.48980120834302 41.33311381748413 58.44497905831189 75.6433619100285 83.230959747666 66.64778219539987 50.54871383203377 35.59676187634907 24.037425602991515 22.072099825380324 31.547880108337793 45.848350848135276 61.70563344759141 78.17806924142299 87.93683106551043 72.41362786031927 57.90758372891673 45.40430065802411 36.99351692848886 35.69590428670545 42.17324249535024 53.68123223144187 67.70136273903742 82.96976467954538 94.53647065349445 80.26505639397611 67.42785766173614 57.00223168097203 50.504401405813276 49.505923112069965 54.31095655647103 63.61780645387839 75.78569990982818 89.65724198489428 102.66523044397871 89.65571404923118 78.3252104032297 69.49981375213544 64.22074152906693 63.38041635814475 67.14569768174178 74.82450307724399 85.36721740977201 97.85249797237434
28.779341870912276 11.906258164506655 0.0 31.689154544857498 22.54647701823128 49.610870996981575 32.32002228342032 23.88148728006554 19.469472718620782 21.035574656003522 29.03444092455041 50.41524857772587 17.932703247799438 21.088158573041284 34.21083379969188 59.18944395361965 24.904516941864728 32.20670112407245 40.66014629654388 4.863951210592592 13.631208512976034 17.488743738067026 5.796418417468017 33.52367667940425 23.52401066959952 56.49421858307576 20.72068501283445 52.286896242302014 23.804411325959414 25.551545483008884 27.002421079490855 46.399927717031595 21.48562628501534 5.193427729455987 31.60350095048427 26.098059585016724 45.57824828730346 33.25552694095881 38.456656394331645 15.510305319109623 105.50317532304378 91.17799509769455 78.06812628957358 66.89197755006776 58.76342182730448 55.04944682191829 56.62545551478499 63.09628828545362 73.17472066717157 85.59577477894692 98.80070519891791 83.36879403899961 68.83195209544192 55.89297609933239 45.92294920366428 41.140188238721414 43.29917148791223 51.53471405969096 63.525904899319414 77.54972451025617 93.75498705990883 77.35129312866776 61.44231034329341 46.538182749395745 33.98760669152328 27.262104932712074 30.495857486947614 41.41838099343239 55.67474513720881 71.29223106161547 90.64319412288883 73.56657407283565 56.626899585945765 39.99854308005555 24.328458567241913 13.512109380782267 19.287121597350886 34.06056040400356 50.4674473941678 67.32397399028041 89.66694304358995 72.3658677250541 55.06532982976916 37.76606794156361 20.471317180787747 3.2538234909597232 14.170868299027937 31.46034408951462 48.758656595082805 66.0588641783039 90.89508356441776 73.87529376647494 57.02555899221778 40.55838093516719 25.23415713316534 15.075000656820182 20.407379543485177 34.70416648337057 50.90196203699715 67.64874606042635 94.24145635478921 77.93752827545437 62.17534956951707 47.49736242333258 35.28362712358772 28.854441800197662 31.920727482367177 42.473479221705524 56.460336468614486 71.90446657757464 99.49250956710868 84.18377419795827 69.81232624729464 57.090442577493654 47.36645491548564 42.73813459719678 44.813166887565146 52.80716224319155 64.55755201242978 78.39300567874363 106.36645979724325 92.17099927760559 79.22032777977245 68.22701405784656 60.27178817015618 56.64935427371469 58.17480656192185 64.4838335233386 74.36880623994837 86.61392373846157 114.57148337156663 101.48888589440067 89.84460086942222 80.26705325596048 73.56790441154803 70.57168319494971 71.74383295366935 76.89396499864965 85.30460320388879 96.12365988784151
56.61668453483409 39.24546657498905 31.689154544857498 0.0 52.530201177259315 17.96114272788109 16.088118565117025 30.01515807616124 39.01595023673688 41.22705766661032 5.273431667302141 82.05077928464465 49.45094364983262 50.88610219245313 56.71123874305553 90.59337274721086 13.883784466965196 44.53667914361296 72.18601764053994 35.31724696190027 45.03422577902019 40.00790714801868 31.690338626018917 13.473445365858215 54.87401937992733 24.80628395383306 18.834655453519648 29.931409200008662 37.679258958347525 43.602953514562934 49.62882357352025 78.04665636336732 51.85149257883316 34.94538115707213 55.752463633504725 51.39970217905239 46.343921324654936 16.26165419050862 69.41982150334593 42.71926945383122 136.5821250197223 121.64516608460717 107.42024394997196 94.23037732669192 82.57307088193879 73.18437594133646 67.0245220242358 65.01779023478153 67.53541563718572 74.11777457080662 130.36875873631377 114.65811894088216 99.4769116003806 85.10892058019674 72.04235907941064 61.117717234960786 53.65957451721104 51.20571485588528 54.43713116658122 62.4778199408449 125.42672340354268 109.03268923177373 92.96826574015527 77.43885513634638 62.84234934802277 50.00252188763919 40.62081062165439 37.39725996575386 41.782371728976976 51.88145004328009 121.91080370332052 104.98806474893186 88.21255180730377 71.68769580317512 55.63729000799246 40.62759192970045 28.362039583311784 23.59915738779101 30.135461607183522 43.10548387280496 119.94652585415471 102.71122586945981 85.50284154985684 68.34170794599247 51.275289518881216 34.44466176229637 18.50479048795774 9.855605334116847 21.22620504037569 37.45241971814402 119.61038736944953 102.32028463774242 85.0349931015525 67.75819490637723 50.498608138432104 33.283019583987624 16.251857835301532 4.381768516492994 19.31296013893506 36.407341087839704 120.91597214650837 103.83654980993026 86.84525237086058 70.00627592560129 53.46374009840336 37.610854396108174 23.86405787539635 17.975599432232855 25.989673303304716 40.33008912298471 123.81133722157135 107.17908712626492 90.79743863640495 74.83115435358108 59.614906812150046 45.90077581073692 35.475822462322 31.76311370623131 36.85058288345025 48.01816509370358 128.1887644276808 112.18472911662981 96.62903792205036 81.7779425892534 68.09402485099632 56.43282687211674 48.28286527731486 45.56873503095397 49.19845066265534 57.99283477470233 133.90292309737913 118.64309295035666 104.02437438969051 90.35847332485253 78.1468694739272 68.17557472034376 61.54332653886431 59.37970501596108 62.15314929618319 69.27318991041776
8.178154759967427 25.07906377605294 22.54647701823128 52.530201177259315 0.0 70.38127455749371 54.866455006507834 44.36138655309489 35.03195176063393 35.33709688565485 50.76092837284862 31.45531698773915 8.179719059210614 22.072539884922442 19.26564666623156 43.94038379670295 47.41705281604811 47.861391340157724 26.406664923538393 17.90303226115961 10.047463800407519 31.710375687221294 26.265906898489334 50.44430172695263 6.6382800847426715 76.91260589109805 43.21694786693732 66.44246192739861 41.11581106104205 39.57321980449695 15.698969610720367 27.769476996545002 20.47316631011609 17.998451645485304 15.503581197505993 32.626849051796675 64.15207608438986 55.801726795680146 27.905156812878985 25.778371198848827 84.11608175666217 69.15376565839817 55.56687695739652 44.62979655341698 38.66091154663765 39.95272003864518 47.9216027590949 59.96204298645626 74.11558272537538 89.38399757060833 78.63639660587926 62.405868446417735 46.946913375648464 33.350317060755266 24.883434936505612 26.922810664452257 37.80477281447197 52.271164848880375 68.07392463603085 84.4662919132755 75.44030062974444 58.34639797509921 41.42557713713794 25.03133661122029 11.652050071630871 15.61043933174974 30.82717061812585 47.49374871953677 64.49582136441225 81.62400912976418 74.82105653987999 57.54719395222152 40.29742047793308 23.12570426922736 6.665420773846457 12.36005686110333 29.322818972594938 46.535985589234535 63.79719219836128 81.07576114596372 76.84099704575479 60.13838928500596 43.902448263205386 28.92984825638433 18.578464299110895 21.262516554695615 34.025607176242 49.61956606140538 66.06945426935039 82.86710021272157 81.30362576699727 65.72013998687471 51.25136773305714 39.1532533359216 32.21739369938172 33.78834598667923 42.942436470065125 56.081744205728256 71.02802175174105 86.85336131848685 87.83736470037026 73.6152313891318 61.00578070182253 51.21436905174684 46.07408433789494 47.13209341531864 54.025461994907374 64.92126146081375 78.16324690850436 92.75192438122383 96.02027014734169 83.16734106110307 72.1970708575027 64.08372291894061 59.99771768667091 60.75709665433817 66.19531359470346 75.30544715755812 86.94076881842102 100.22564679257336 105.46908085401641 93.87187210689294 84.2544754679034 77.35885086529062 73.95034743411344 74.50907912322309 78.9508629824296 86.68080275981305 96.91527885581212 108.95075901992648 115.87441338364799 105.37808341203824 96.85492790336161 90.8619252732392 87.9180168088219 88.32860071953604 92.04879977901707 98.70510212955213 107.75476157247874 118.6514049873427
74.1241867803358 56.477557231858505 49.610870996981575 17.96114272788109 70.38127455749371 0.0 25.652442495075782 43.74707338135262 54.774128445706964 56.90452784629432 21.07677904035139 100.00164434837153 67.40930742577456 68.24881150278125 73.14931866938642 108.28068100766875 28.458991549552202 57.54992522188352 89.96538559490877 53.277234255309956 62.99480339799515 56.31666313413422 49.24630829725063 24.064320233709466 72.83409841604275 7.139666992024762 34.165172410833755 28.76659984384972 52.16231543615272 58.48905921591554 66.36943939407665 95.99426923083627 69.34065708953146 52.897635542305856 72.58207064977348 67.64567387188238 54.30429402736322 25.122903931833445 86.9652767105361 59.769625266864054 154.47971812493557 139.41304610597405 124.9267768306418 111.24787524786784 98.71255218550772 87.81192518895715 79.22366115574388 73.75995393115308 72.1343271724259 74.59812025150597 148.32953216814988 132.5979011351015 117.30922178373285 102.66158241555796 88.9721549230402 76.75535850146026 66.8238178010992 60.31713730247508 58.39168039521933 61.47939887952416 143.290077054745 126.96195425489148 110.92940681743158 95.34166239719994 80.45766404708621 66.74985125733558 55.10311611645372 47.07300704917699 44.65519458787323 48.69300400315846 139.48187198613303 122.6679329820654 106.01113091547113 89.59914564652165 73.59594316311369 58.33890405675348 44.60046558168643 34.259075597776835 30.933411042326338 36.58929493460014 137.00768175686338 119.86021298146306 102.76452997228196 85.75161079438601 68.88280668083995 52.29775834255065 36.38656576453999 22.619040158557723 17.261864219687844 26.134940292139014 135.9404014404417 118.64440247425065 101.35042813322785 84.0597280315689 66.7748457155192 49.501875859009004 32.25995902709405 15.155452779105993 4.1694233523132285 20.094625721400956 136.31309711121895 119.0692936822797 101.84520617408964 84.65287007545126 67.5165451731542 50.49329065310736 33.75461447866036 18.107696291849365 10.72923110795595 22.38430709479997 138.11410682784603 121.11761466707085 104.22167426476155 87.48456387666143 71.01866777932617 55.067814156788394 40.249072850376095 28.394053974655826 24.313935580894427 31.222161236365547 141.28879584890169 124.70936941641219 108.35606272869487 92.34907883772692 76.90497329040802 62.442805783475684 49.82509000754688 40.80051123870264 38.020131028283664 42.721019796822446 145.74738315180522 129.71636256986372 114.05731102271866 98.94698648379968 84.67964648160134 71.75987304994615 61.04929721276611 53.881856487304496 51.75125781358787 55.24338304730875
60.7613917051432 34.90895592906426 32.32002228342032 16.088118565117025 54.866455006507834 25.652442495075782 0.0 18.504433959110035 30.651131229808968 32.61004435425714 11.374923317608669 80.8929133980422 49.60772892735113 46.477468313886625 63.92409206498879 86.8169290493426 7.700397781273067 31.912024482197022 69.2886867088677 37.029491807829594 45.621623893427774 32.84774791799415 29.44296371571997 29.25703418615045 55.297916034100695 32.48822669596072 11.878862311616588 45.72065141011671 27.05834424408026 33.48368566817572 56.4950802361403 76.87879497282235 47.94537465274625 37.06991060576235 62.103342926891564 43.69342637665931 30.56364744467703 0.9439385723565942 65.27279548264492 37.5325190463749 136.83020848660598 123.09111065316873 110.35859798495743 99.02172406854996 89.61175473927803 82.78837116149516 79.22275730006265 79.35527210954565 83.16824040241193 90.19609899656372 129.1133418483672 114.49267831557772 100.72529267625879 88.21161280914754 77.56085054572561 69.63314795437354 65.42597270661759 65.65845999722332 70.286568331575 78.53701586096042 122.52925295567745 107.04824721223967 92.2167956001175 78.40438960207857 66.25149044265153 56.83284633001771 51.66609736874729 52.03363885007777 57.83004656713438 67.6744394817265 117.26899863306784 101.01339864612761 85.17101707292287 70.02288461771307 56.13388788465991 44.69372602435805 37.98357146110946 38.55750295451693 46.14452454383457 58.05738570384183 113.51684341037529 96.65262448938624 79.97560136360532 63.633125935213016 47.96835966756977 33.93321753457874 24.508649197210836 25.467536765083253 35.989274547766996 50.40407965865056 111.42529929169703 94.19877354619256 77.0060628012265 59.87630277394212 42.88499405162492 26.30184310933098 11.965130266794398 13.901614613814914 29.018245823217278 45.711874252268 111.0882330877776 93.80165655999525 76.52201989846118 59.25539467754311 42.017824557606076 24.869798467809957 8.380315281611708 10.984807951150483 27.745555325903613 44.91858399455351 112.52141768037812 95.48694360381181 78.56943008903129 61.86490341059975 45.60799477391654 30.522517662010006 19.54151901493685 20.756440693357384 32.84053408463556 48.21704586059072 115.65904396947757 99.14848076835837 82.96105467338303 67.33023476581828 52.75313262821675 40.38730070229193 32.83418464738186 33.52225935764076 42.0488838254096 54.8742558673166 120.36785419672344 104.57884619767205 89.35184991700505 75.02982312980178 62.24065309884597 52.1251062503942 46.46351008413853 46.89767692967149 53.278792195335654 63.848027052174686
51.66646500408638 20.250669871806856 23.88148728006554 30.01515807616124 44.36138655309489 43.74707338135262 18.504433959110035 0.0 12.982729213102258 14.638308957560852 24.841086912499243 65.88389305902355 37.407602496749924 30.450948084984077 58.081145610758995 69.96731972306898 16.182523783434547 14.531692845462 53.339798985407754 28.525341334122544 34.3334732750401 15.867358121450273 18.595436553577077 40.200454078246196 42.836784931941175 50.74530276050967 11.509288456932296 59.16827593703369 8.558491683610749 14.989650729320669 50.881181511727426 61.97178331094896 32.21175527310042 29.0242965160315 55.38152217169231 25.722436736683775 22.129228430728542 19.24553912873823 48.61468551125664 21.677978028771733 122.02560077023519 109.35929862228683 98.1190520803977 88.84775631397403 82.21424729504949 78.88678184771088 79.28271866036062 83.3490122433467 90.59276704782519 100.32808318771129 113.33763721760619 99.61923697040216 87.18519243187409 76.66300427842876 68.93379223391554 65.00163259391192 65.55341188280569 70.48390185384648 78.97723768868967 90.03066570007414 105.82063836837126 91.01716010689003 77.2589173122894 65.21087421596889 55.98818508728788 51.142903363803256 51.91548132694389 58.08217265345151 68.19502401646363 80.78542419663728 99.73982794110988 83.90395016160409 68.7780441989839 54.95154967081372 43.676460421978504 37.34033362487394 38.46654094053922 46.516190354831984 58.707274632386095 72.99341861258331 95.3704104940825 78.68455023512344 62.33548522809593 46.67845345150732 32.72238285568269 23.692650506824826 25.50764711790029 36.58755881594178 51.23836339967536 67.1624994528927 92.95410400686114 75.75151723153543 58.607443909914096 41.594300187049065 24.981039651620964 10.804262294797027 14.426539190980854 29.970505333710246 46.76591231355734 63.83246138688074 92.64389102548688 75.37228329779735 58.11871573314799 40.90602194282381 23.822964292340277 7.776767190419322 12.334345218405629 29.02598008289353 46.16917208864002 63.398666127124955 94.46052772828988 77.58431185605876 60.947284165238734 44.8166185869478 30.01997684136545 19.813646082994133 21.969842653388643 34.22687912872182 49.588268543303826 65.91832334703379 98.28612748485573 82.17858960006322 66.67223288709576 52.304502717995085 40.31183062106299 33.362174517599264 34.6371766483312 43.418217845642374 56.29615966190788 71.07799843455433 103.89896378412705 88.78601245711326 74.62988821262718 62.08854399520305 52.33600338830625 47.13629260343929 47.99276804589949 54.621281233449984 65.28679665103512 78.3578339713511
42.95728631017153 10.037046777677725 19.469472718620782 39.01595023673688 35.03195176063393 54.774128445706964 30.651131229808968 12.982729213102258 0.0 2.2238060613343342 34.34657657585616 53.33793253299357 27.248569517856446 17.872539058032732 51.36421244385989 56.985173408560705 26.318344128909832 13.218542790351123 40.53620452135062 22.79696298075205 25.1978850357609 3.437212567532466 13.843563463826664 46.44921368733288 32.15991508317611 61.896111661050185 20.637324920491565 65.95358907838387 6.307147294520451 6.14226196741031 44.75178221985134 49.49132396813553 19.753527851067965 23.600058047488144 48.17745477165942 13.046663488147171 29.193573081152326 31.486791595028382 35.661774999175336 9.748436646020195 109.38708277768875 97.12321240290285 86.59671240570319 78.50955683964325 73.6695197136732 72.72780389041394 75.8297862770956 82.5207078196017 92.0210065968988 103.56037753205383 100.46373675095005 86.99953164906547 75.1237068018252 65.70327885086726 59.907988546620764 58.81929992451078 62.68292995304882 70.69148522482512 81.63405643976323 94.49681989240273 92.83881982312299 78.1136946826106 64.67732160378111 53.509497894753565 46.28261663329441 44.939944841268854 49.95818736399258 59.75572047475423 72.41806112093964 86.6989551592821 86.85509264862031 70.93258589244851 55.83695316578591 42.45948552954926 32.96300136875974 31.12908579254302 38.08135344978258 50.2997808551703 64.87415049742913 80.53540728490168 82.86893093866496 66.01500699555976 49.4713534519845 33.698081639549784 20.552830220801667 17.54962062492935 28.147322575492243 43.30434830762503 59.64036910182843 76.4028330685992 81.17520504984152 63.88589163959016 46.605943323902025 29.351904920481598 12.233897933054434 6.0428272883920595 22.849000666633593 40.07931471614292 57.352765160823246 74.63940944228759 81.91626020802073 64.82062714063207 47.873444671115216 31.316651989010445 16.380221740868222 12.43397048896429 25.290483690960063 41.512967779765575 58.35886743072914 75.41154624493964 85.02844996720135 68.69424346282096 52.97802706448147 38.641352254172034 27.898877076464725 25.73423917579557 33.8358578363638 47.18251763958261 62.49980121396153 78.644585435973 90.26681199474363 75.05302059026415 60.96327188997341 48.977456112602304 40.98497240469305 39.48988208185761 45.14243766953095 55.81159949959581 69.21514044359509 84.05499843788276 97.28844075942277 83.32989304002614 70.86184569148216 60.80814918978181 54.521193801061834 53.34969420457059 57.60658731940943 66.25366152923917 77.84135251845053 91.25625671685258
43.363475649912466 10.735307665483296 21.035574656003522 41.22705766661032 35.33709688565485 56.90452784629432 32.61004435425714 14.638308957560852 2.2238060613343342 0.0 36.5377819411991 52.31919156588079 27.39416075862626 17.010946716709817 52.163986792284604 55.45392345763957 28.45909732414745 12.539785251238822 39.33619020256289 24.075224273847965 25.679937404086388 3.822642091827708 15.552613434488844 48.64762722465749 32.07612457501099 64.02060156379164 22.79600981280851 68.15386669402015 7.059837421091759 4.608215053909522 45.70151645752614 48.522511562873156 18.960567238526533 24.913970231618332 48.894797019213975 11.120560556150666 29.255480128924482 33.430626897720906 34.262386970261126 9.632659311320998 108.26001439568282 96.23418080524893 86.02611009364932 78.34955587110657 73.99663112365387 73.55975227914041 77.10551289221539 84.1318626117385 93.86036287763179 105.54644644383707 99.13984086579504 85.89617373189854 74.33904495942106 65.36918905957104 60.155336259345944 59.68998586109269 64.07667807543403 72.43923842530776 83.59283571736644 96.57524233354073 91.30208260054768 76.76162372341278 63.61860561097766 52.924574604545896 46.40471666048199 45.8747029827116 51.51972955396964 61.66668636282784 74.49819725744784 88.85879864174753 85.10193152229081 69.30816291570315 54.43907533614439 41.50076118611514 32.85912679189969 32.18446872301267 39.88316210380459 52.3851313899948 67.05554519183264 82.74901250163171 80.91680324355241 64.1248153251097 47.69871022739155 32.2033243286284 19.941247751125566 18.893510778489556 30.248772881074068 45.516193774142295 61.864138676163726 78.62144450568005 79.06738330050716 61.78566377250788 44.51964669160589 27.299142535964812 10.353790261078258 8.238465285493293 25.045103227349042 42.25346883978759 59.51611219021971 76.79643962710024 79.71642953337317 62.610339244085054 45.65208729905487 29.101282120605863 14.434999798186691 12.983330431586127 26.97179213232966 43.417753562017616 60.344329722991546 77.43699365842285 82.80520323317019 66.48119637089516 50.80854155089917 36.63300360894106 26.479362673435155 25.671910273373594 34.86614320357802 48.69249985367107 64.2260210302069 80.48425093121668 88.07736127904204 72.9146471868263 58.942143472788224 47.228308019388564 39.81904290777425 39.233984966659214 45.735776731090716 56.946670390355116 70.65968838267018 85.68177259157643 95.17066742030677 81.30455501917154 69.00800995371571 59.26618133635839 53.493505253425596 53.00311311773754 57.92930983380786 67.08934279879371 79.02439457583361 92.66838727579483
55.496199368080674 35.4061346883063 29.03444092455041 5.273431667302141 50.76092837284862 21.07677904035139 11.374923317608669 24.841086912499243 34.34657657585616 36.5377819411991 0.0 79.39632870237097 46.964344451148136 47.17222934148013 56.72679641834841 87.24994903285784 8.665047822055701 39.34128207569426 69.00406495103874 33.09328140916926 42.62388776721217 35.57078408732677 28.213827966970722 17.899860791844247 52.522965781241545 28.177368448531368 13.866942183432407 35.1571234076848 32.66082093561479 38.69526336159852 49.45301806382208 75.37252614730629 48.27055106418332 32.847856224834025 55.4288365194944 46.96281273855633 41.22224055212101 11.715930643600464 65.89854649648947 38.73269095693077 134.4758907130136 119.88471614295716 106.11133722876174 93.5177916503392 82.64520291755704 74.25343439391646 69.25031564891879 68.38370171317031 71.80352252418685 78.9547451267076 127.80724398865925 112.38899554015362 97.60420123899719 83.78885939882409 71.50709683970351 61.68189294303903 55.6304414446279 54.62174652469039 58.91539231221746 67.50711657995105 122.39521432093474 106.22329317522906 90.47039885984184 75.39962638846085 61.514386790172246 49.81607609963653 42.16596526826136 40.90233916716091 46.54825028931632 57.08925813074536 118.41231016840563 101.63006242036667 85.05629947214959 68.84176549531084 53.315226507062654 39.300740233815965 29.073924620442323 27.290073419681384 35.25497448841291 48.371359807213636 116.00588557427075 98.82886592617116 81.70457016424363 64.67489176108785 47.84097883641681 31.518084981379978 17.225936808179338 14.09925211172504 26.449153379003324 42.41508354327938 115.27474760337273 97.97357565972845 80.6727290923754 63.372474387544855 46.07347827022575 28.778010510858376 11.50199883229007 5.927197013936945 23.166375436721353 40.45916257706147 116.25052027077784 99.11459208653694 82.04836249426234 65.10666428091754 48.42039035263416 32.3867749606309 18.761255425710115 15.930434404111674 27.46425491100172 43.052344624672166 118.8911701355594 102.1850479500883 85.71561862022988 69.65098771006164 54.35128761378362 40.68875034197847 30.915949061695024 29.235713969129378 36.774550970666354 49.48452070893968 123.08955747350792 107.0189592540962 91.39901991126197 76.50626616182652 62.85969618048878 51.46045828151446 44.08764963182208 42.87152498465276 48.279593824999615 58.50278135445069 128.69326081082096 113.39095511029971 98.75100008998459 85.11585828997394 73.05037058230164 63.45629951694379 57.582508204813145 56.599351150353975 60.74475983039555 69.10183166687007
32.40235495564792 46.19408841670095 50.41524857772587 82.05077928464465 31.45531698773915 100.00164434837153 80.8929133980422 65.88389305902355 53.33793253299357 52.31919156588079 79.39632870237097 0.0 32.61741804709661 35.485343189673195 42.83826567364129 15.774305350754734 74.24137674531903 62.54337177712759 13.60000479578246 46.81497503005799 37.05557043132458 50.127462127782614 51.68803824969875 81.56742092451431 27.38210217035144 106.82409919345758 69.07234207316786 97.89711765151705 59.37374359257257 54.737100864137204 43.93682963244686 4.03002988061807 33.67658191708936 47.281052616149786 39.87030589223938 43.17761735957796 80.14457475018936 81.82907761704516 19.912516014763646 44.22048132728488 56.15815634988178 44.09660614433403 36.52383146432093 36.36175599186412 43.69292591922031 55.62979142968351 69.84971765242224 85.21736830079195 101.21128448120258 117.5761701817487 48.42089188723506 33.74988027392006 23.07027180359311 22.8939258086513 33.38768653299022 48.00057041700685 63.96939333700723 80.49113729241074 97.28450265314055 114.22975577916615 44.024916103964806 27.1020831843303 11.382703471690641 11.105058043302183 26.754290130601316 43.66892621836012 60.80190411622888 78.0094950738119 95.2512700681465 112.51151464593529 43.98381188390136 27.035567726092385 11.224148284533035 10.943237873829908 26.68783943338725 43.62843636997196 60.772966971838244 77.9870498033621 95.23297605083728 112.49610164780904 48.30869727350766 33.58945515860397 22.836028363661775 22.658956573481827 33.22775741110057 47.88998684619909 63.88684720385204 80.4258607606402 97.23075820131702 114.1842065678208 55.99688501502105 43.891980779756494 36.27765638265776 36.11562347468581 43.48925954546105 55.470718970682505 69.72369153186438 85.11458857812643 101.12517365602713 117.50240778411748 65.88115811082473 55.90772738990671 50.097132107835826 49.92467310532547 55.44298873290568 65.22329867656104 77.67196441689629 91.70872967068502 106.70871479999332 122.31806982369977 77.12159670065307 68.74400644345279 64.05021490971512 63.85777558002868 68.20480069649132 76.31951282552315 87.15580933840732 99.83133790662113 113.7328044930044 128.4628330285004 89.20689047613465 82.01631844428523 78.06515079957937 77.84820578038544 81.39534761125323 88.25387344355552 97.7290838900599 109.14158507572476 121.94868364053305 135.75625725387496 101.83655670278486 95.54297289610061 92.11355725202631 91.86962262213339 94.83575308487752 100.7287691611739 109.075305092 119.36176856526286 131.13242840012552 144.02384569568298
16.35786370326061 17.498000706501728 17.932703247799438 49.45094364983262 8.179719059210614 67.40930742577456 49.60772892735113 37.407602496749924 27.248569517856446 27.39416075862626 46.964344451148136 32.61741804709661 0.0 14.083051225945955 26.948962356975485 42.69702060300981 42.48058550390435 39.87134478358041 24.192600915494673 14.20691052342098 4.447986306064854 23.865209610064433 20.235386246383392 49.473599399722396 5.690194167354804 74.20996838069611 37.75181935826334 66.88878394942225 33.44488612942875 31.530334822377018 22.210002320288197 28.629891838116425 12.64535123313254 14.7131164016653 23.27245134777305 24.509710116314366 56.44063597886994 50.551539763726396 23.789584546657874 17.77522037437226 87.59874239010477 73.49599234767676 61.061322745584874 51.517107850839864 46.67164759150248 47.97057429571943 54.9801084881569 65.90259237810857 79.13402590845833 93.70133111191686 80.92528947829004 65.43829518070208 51.12872888760429 39.30434838216628 32.775373811210464 34.67458576305954 43.92194337533114 57.04959039735147 71.96445554363567 87.7600045654419 76.31332640095505 59.668337264478915 43.53859317432043 28.803118884604373 19.035287168045052 22.221084489163825 34.98461050794174 50.52505603273825 66.93542813794365 83.70563739113175 74.14859367927554 56.88665217709621 39.65957583573444 22.547421654674697 6.5271739159242 13.248972927587062 30.1194302103352 47.30262547687895 64.54928493846212 81.81928564449565 74.64434070865245 57.528404133972266 40.57055727055133 24.106764713698464 10.724516089866013 15.735550147539541 31.287585145115976 48.051343193087604 65.09733737858289 82.25027803945248 77.74968616911596 61.48648372848389 45.987743308763896 32.37079330909722 24.07436096357027 26.64568114493152 37.935743871394855 52.60189990846981 68.50919614442745 84.96335039385225 83.17280499105594 68.18574381970701 54.585552072902594 43.6872520853101 37.89823425049495 39.53078532935782 47.83091555791064 60.09672738437858 74.39182392090196 89.75175182064383 90.49790339029221 76.91312503489941 65.11595518662159 56.24275037683621 51.81801668365548 52.968549811725154 59.37110592135247 69.59087368640074 82.21649296414945 96.30635629458406 99.30488723528428 87.06072023903248 76.78782366933959 69.36759470507107 65.7727071257141 66.6252751319547 71.76697044208171 80.37886091861849 91.48615739310519 104.29460763616119 109.23580899740993 98.1890650457101 89.15383062895367 82.79131012150052 79.74383388288311 80.38929996017629 84.64326641169903 92.00656522438763 101.80675829399324 113.41387268797926
30.164882644568486 11.804484521383497 21.088158573041284 50.88610219245313 22.072539884922442 68.24881150278125 46.477468313886625 30.450948084984077 17.872539058032732 17.010946716709817 47.17222934148013 35.485343189673195 14.083051225945955 0.0 41.029712737771746 40.39562074083183 40.5874172466947 28.40651186715428 22.962561326607126 20.466404004403252 15.079845243971068 14.64326243311492 19.246056899466137 54.492106429452676 16.962023942677938 75.34390166859352 35.026103206056526 73.37452102331555 24.006986203495025 20.08694668096932 36.00826330109775 31.62199110498131 2.0132211489471965 21.37855274216193 37.35467573031379 10.696133749260145 45.867975510696766 47.38779505372714 18.86311718947473 8.971523596988499 91.59042282903079 79.26344703356729 69.10339090369538 62.18166410203479 59.63670165365973 62.0097503246899 68.79373666299064 78.85837552317528 91.12301955799211 104.8182336873375 82.98415050038807 69.1891062539 57.32886692477089 48.834095777609505 45.625017336108705 48.75673156005345 57.197018339103096 69.02522951952878 82.80198718804131 97.70649529517938 76.05204741606676 60.743078549712564 46.84269374455299 36.020313892258436 31.613237080254148 36.05605628250278 46.897657945214306 60.806661945436524 76.11976512822106 92.13954546952691 71.2843273452152 54.685255931046235 38.70673311153171 24.589779194872538 17.601573063593467 24.772678267661497 38.93928457956402 54.932342561963736 71.53718414825092 88.4097689912356 69.130336905241 51.85951491765878 34.61977231339049 17.503186088305913 3.592763856404481 17.83726216910102 34.959139462032574 52.19988968222994 69.47106645519376 86.75449963361474 69.83239002762166 52.78751847340136 35.98881195515113 20.06439969370558 10.424910261526326 20.334464404578938 36.29070405831086 53.09663858698034 70.14416531101465 87.29185468795973 73.30846869578619 57.28712146828956 42.28720442083208 29.888320417593718 24.436170017309067 29.994195787319665 42.43686869711038 57.45288971628647 73.4812351331473 89.98255366779601 79.1940846282334 64.6163969147186 51.74515239066068 42.172848816368024 38.44793745275958 42.15026627677989 51.70833913174314 64.57217713525418 79.14597980798776 94.64307959355519 87.00151876204538 73.93850643974469 62.954279241472534 55.30171686234422 52.459685225794566 55.17660131843778 62.734330036090526 73.65755270127002 86.68318203345522 101.00105493168039 96.26420287137645 84.5970908844559 75.13475026472463 68.79306279323878 66.47128823562856 68.57893780963896 74.74223131935923 84.07391660919328 95.6511246406451 108.7591086538616
12.232973612497357 41.43547218259466 34.21083379969188 56.71123874305553 19.26564666623156 73.14931866938642 63.92409206498879 58.081145610758995 51.36421244385989 52.163986792284604 56.72679641834841 42.83826567364129 26.948962356975485 41.029712737771746 0.0 57.81951028286404 56.2348596717144 64.57273602155095 42.76521655051059 29.584405597160192 26.88746932809394 48.35624580869026 39.594885502258045 49.97279288446412 25.61194482094267 78.73445947185446 53.556182165859376 61.35902729524929 56.89212624800882 56.678574772682964 7.440010289170435 40.185242397506556 39.564423576915104 29.05731257229022 3.7856284995024367 51.31277700249323 79.50046621882767 64.78526905079634 45.78515592198444 43.144450460821794 86.68182899973495 70.03710403034657 53.80858467418944 38.52587454983151 25.919753404654237 21.404102523664093 29.037027649025685 42.741943405627985 58.38929575719346 74.76936119459947 84.29715538672556 67.07707029049278 49.913621916707335 32.89558159638469 16.479753211753927 7.730367708845414 21.134054167286962 37.84509542615622 54.92328824568615 72.10823307537655 84.24178833616384 67.00779485991241 49.82091557156647 32.755397590062245 16.199441369151916 7.116257201621137 20.91826280895578 37.72558426090302 54.84139935489908 72.0461785598083 86.52020052779447 69.83788165129407 53.550217961802765 38.16586812927178 25.38410235722545 20.75532054767713 28.564410123954552 42.42380506923088 58.15792691873234 74.58968565756255 90.9571516755715 75.24083494285355 60.39760570803111 47.257444261673754 37.647961852225265 34.64361060505045 39.77056965321176 50.615456097562905 64.3495012565586 79.48899268741346 97.25760987699245 82.71392836847515 69.44672233487813 58.333545837308364 50.80806950666461 48.56767767017057 52.29608715589767 60.90684837998218 72.68500297487257 86.34394689416631 105.08684920202194 91.75262904114372 79.95335146897555 70.46436192197889 64.31647227640585 62.50348251344498 65.38697471053048 72.40802450331746 82.51716171899112 94.73086275630696 114.13058486110464 101.94122645728272 91.41620090148625 83.18963161507581 77.99226060959307 76.44446028147561 78.76168603143184 84.62703912613341 93.37426412926553 104.2806575417988 124.12351886790803 112.96889775045935 103.51796570210645 96.27377643682904 91.7604723094018 90.38806320829305 92.2967664970612 97.2936672353677 104.93853298503775 114.7031262348017 134.85467908626967 124.6129433501903 116.05880799873053 109.588175747261 105.58479862057168 104.33307827790274 105.93060385620382 110.25359191772621 117.00032613079252 125.78139045337672
