Dataset: 7, TotalCost: 4343.511979714123, UnservedRequests: 1
Dataset: 7, TotalCost: 5270.05309150601, UnservedRequests: 2
