Dataset: 6, TotalCost: 10300.610990151026, UnservedRequests: 7
Dataset: 6, TotalCost: 10288.603902032559, UnservedRequests: 7
