Dataset: 4, TotalCost: 9183.816902776613, UnservedRequests: 6
Dataset: 4, TotalCost: 6242.603990116404, UnservedRequests: 3
