id,pickup_latitude,pickup_longitude,dropoff_latitude,dropoff_longitude,request_type,request_time,mobility_type,call_time,direct_drive_time
1,60.0299704383272,11.00685135038937,60.074748975773126,10.939385355149193,0,563,WALKING,0,0
2,59.94041336343534,10.973118352769282,60.08754284361482,11.287959663890103,0,1069,WALKING,0,0
3,60.3434202004487,11.242982333729985,59.953207231277034,11.299203996430132,0,1028,WALKING,0,0
4,60.59290062336173,10.883163692449047,60.477755812786484,11.321692661510191,0,942,WALKING,0,0
5,60.074748975773126,10.894408024989076,60.010779636564656,10.388413060687757,0,468,WALKING,0,0
6,59.52461265858029,10.647032709108432,59.722917610126544,10.545833716248168,0,777,WALKING,0,0
7,59.62696360131384,10.557078048788197,59.594978931709605,10.65827704164846,0,852,WALKING,0,0
8,59.97879496696042,10.928141022609164,59.83806242070179,10.883163692449047,0,889,WALKING,0,0
9,60.06195510793143,10.298458400367522,59.96600109911873,10.34343573052764,0,864,WALKING,0,0
10,60.00438270264381,11.411647321830426,60.0299704383272,11.389158656750366,0,1349,WALKING,0,0
11,59.88284095814772,10.973118352769282,60.10673364537736,11.49035764961063,0,431,WALKING,0,0
12,59.50542185681775,10.545833716248168,59.74850534580993,10.624544044028374,0,462,WALKING,0,0
13,60.157909116744136,11.422891654370455,60.48415274670733,11.16427200594978,0,877,WALKING,0,0
14,59.63975746915553,10.736987369428666,59.9212225616728,11.456624651990541,0,483,WALKING,0,0
15,60.40738953965717,10.950629687689224,60.39459567181547,10.995607017849341,0,1292,WALKING,0,0
16,60.17709991850668,11.49035764961063,60.330626332607004,11.198005003569868,0,631,WALKING,0,0
17,60.36261100221124,10.826942029748901,60.38180180397378,10.905652357529107,0,522,WALKING,0,0
18,60.15151218282329,11.389158656750366,60.074748975773126,11.18676067102984,0,794,WALKING,0,0
19,59.95960416519788,11.63653397263101,60.119527513219055,11.321692661510191,0,1118,WALKING,0,0
20,59.76769614757247,10.736987369428666,59.69093294052231,10.905652357529107,0,629,WALKING,0,0
21,59.678139072680615,10.804453364668841,59.77409308149332,11.141783340869722,0,1152,WALKING,0,0
22,59.94681029735619,11.422891654370455,59.90203175991026,10.725743036888638,0,914,WALKING,0,0
23,59.870047090306024,11.119294675789662,59.99798576872296,11.130539008329691,0,1116,WALKING,0,0
24,60.2346723237943,10.939385355149193,59.780490015414166,10.961874020229253,0,922,WALKING,0,0
25,60.074748975773126,11.344181326590249,60.37540487005293,11.276715331350074,0,1077,WALKING,0,0
26,59.88284095814772,10.995607017849341,59.88284095814772,10.928141022609164,0,1004,WALKING,0,0
27,59.79328388325586,11.524090647230718,59.825268552860095,11.445380319450512,0,821,WALKING,0,0
28,59.722917610126544,10.66952137418849,59.94041336343534,11.096806010709605,0,440,WALKING,0,0
29,60.36261100221124,10.939385355149193,59.90203175991026,11.366669991670308,0,387,WALKING,0,0
30,60.11313057929821,11.4791133170706,60.14511524890244,11.445380319450512,0,890,WALKING,0,0
31,59.870047090306024,10.613299711488343,59.908428693831105,10.602055378948315,0,1133,WALKING,0,0
32,59.825268552860095,10.635788376568403,59.927619495593646,10.950629687689224,0,934,WALKING,0,0
33,59.780490015414166,11.321692661510191,59.83806242070179,11.198005003569868,0,827,WALKING,0,0
34,59.889237892068564,11.96261961629186,59.780490015414166,11.49035764961063,0,398,WALKING,0,0
35,60.46496194494479,11.242982333729985,60.183496852427524,11.18676067102984,0,920,WALKING,0,0
36,59.89563482598941,10.916896690069136,59.9212225616728,10.961874020229253,0,946,WALKING,0,0
37,60.08754284361482,11.906397953591714,60.13232138106075,11.98510828137192,0,830,WALKING,0,0
38,59.825268552860095,10.545833716248168,59.87644402422687,10.523345051168109,0,441,WALKING,0,0
39,60.04276430616889,11.119294675789662,60.074748975773126,11.119294675789662,0,645,WALKING,0,0
40,59.908428693831105,10.410901725767816,59.91482562775195,10.34343573052764,0,1189,WALKING,0,0
41,59.63336053523469,11.209249336109897,59.58858199778876,11.377914324210337,0,919,WALKING,0,0
42,59.85725322246433,11.198005003569868,59.953207231277034,11.15302767340975,0,1313,WALKING,0,0
43,59.742108411889085,11.715244300411216,59.75490227973078,11.31044832897016,0,1108,WALKING,0,0
44,60.22827538987345,11.602800975010924,60.18989378634837,11.82768762581151,0,967,WALKING,0,0
45,60.0171765704855,11.81644329327148,59.99798576872296,11.838931958351539,0,773,WALKING,0,0
46,60.349817134369545,11.209249336109897,59.95960416519788,11.366669991670308,0,639,WALKING,0,0
47,59.953207231277034,10.602055378948315,59.91482562775195,10.545833716248168,0,505,WALKING,0,0
48,60.00438270264381,11.040584348009459,59.79328388325586,11.535334979770747,0,771,WALKING,0,0
49,60.25386312555684,11.209249336109897,59.95960416519788,10.83818636228893,0,1134,WALKING,0,0
50,59.56299426210537,10.602055378948315,59.62696360131384,10.759476034508724,0,915,WALKING,0,0
51,60.44577114318225,11.029340015469428,60.24746619163599,11.209249336109897,0,373,WALKING,0,0
52,59.96600109911873,10.905652357529107,59.991588834802116,10.98436268530931,0,787,WALKING,0,0
53,60.10673364537736,11.535334979770747,59.98519190088127,11.434135986910483,0,779,WALKING,0,0
54,59.908428693831105,11.051828680549487,60.52253435023241,11.119294675789662,0,404,WALKING,0,0
55,59.8124746850184,10.692010039268549,59.703726808364,10.65827704164846,0,528,WALKING,0,0
56,59.47343718721351,10.916896690069136,59.56299426210537,10.928141022609164,0,876,WALKING,0,0
57,59.97879496696042,11.782710295651393,59.94681029735619,11.760221630571333,0,523,WALKING,0,0
58,60.50334354846987,11.15302767340975,60.50974048239072,11.018095682929399,0,847,WALKING,0,0
59,60.24746619163599,11.15302767340975,60.24106925771515,11.198005003569868,0,987,WALKING,0,0
60,59.78688694933501,11.63653397263101,59.806077751097554,11.703999967871187,0,393,WALKING,0,0
61,60.0299704383272,11.085561678169574,60.055558174010585,11.00685135038937,0,630,WALKING,0,0
62,60.305038596923616,11.074317345629545,60.138718314981595,11.096806010709605,0,1350,WALKING,0,0
63,60.11313057929821,11.445380319450512,60.2346723237943,11.18676067102984,0,880,WALKING,0,0
64,59.48623105505521,10.883163692449047,59.48623105505521,10.928141022609164,0,920,WALKING,0,0
65,60.08114590969397,11.265470998810043,60.138718314981595,11.220493668649926,0,972,WALKING,0,0
66,60.477755812786484,11.108050343249634,60.36261100221124,11.377914324210337,0,538,WALKING,0,0
67,59.72931454404739,10.883163692449047,59.6077727995513,10.83818636228893,0,971,WALKING,0,0
68,60.40738953965717,10.928141022609164,60.432977275340555,11.141783340869722,0,989,WALKING,0,0
69,60.0171765704855,10.826942029748901,59.96600109911873,12.030085611532037,0,941,WALKING,0,0
70,59.889237892068564,10.826942029748901,60.010779636564656,10.624544044028374,0,860,WALKING,0,0
71,60.36261100221124,10.883163692449047,60.266656993398534,11.198005003569868,0,1095,WALKING,0,0
72,59.63975746915553,10.793209032128813,59.64615440307638,10.725743036888638,0,1060,WALKING,0,0
73,59.825268552860095,11.265470998810043,59.467040253292666,10.65827704164846,0,743,WALKING,0,0
74,60.39459567181547,11.242982333729985,60.17709991850668,11.130539008329691,0,444,WALKING,0,0
75,59.51821572465944,10.68076570672852,59.467040253292666,10.83818636228893,0,494,WALKING,0,0
76,59.991588834802116,10.568322381328226,59.97879496696042,10.905652357529107,0,1348,WALKING,0,0
77,59.79968081717671,11.220493668649926,59.9212225616728,10.928141022609164,0,1377,WALKING,0,0
78,59.91482562775195,10.467123388467963,59.825268552860095,10.557078048788197,0,503,WALKING,0,0
79,59.71012374228485,11.670266970251099,59.908428693831105,11.49035764961063,0,1158,WALKING,0,0
80,60.24746619163599,11.16427200594978,60.305038596923616,11.085561678169574,0,923,WALKING,0,0
81,60.17709991850668,11.355425659130278,60.19629072026922,11.16427200594978,0,424,WALKING,0,0
82,59.64615440307638,10.905652357529107,59.63336053523469,10.83818636228893,0,989,WALKING,0,0
83,60.010779636564656,11.175516338489809,59.870047090306024,11.4791133170706,0,920,WALKING,0,0
84,59.93401642951449,11.625289640090982,59.88284095814772,11.51284631469069,0,418,WALKING,0,0
85,60.22827538987345,11.445380319450512,60.24106925771515,11.344181326590249,0,886,WALKING,0,0
86,60.074748975773126,11.344181326590249,60.25386312555684,11.647778305171041,0,1013,WALKING,0,0
87,59.85085628854348,10.500856386088051,59.65255133699723,10.725743036888638,0,599,WALKING,0,0
88,60.36261100221124,11.141783340869722,60.138718314981595,11.096806010709605,0,907,WALKING,0,0
89,59.403070914084196,10.65827704164846,59.62056666739299,10.714498704348607,0,436,WALKING,0,0
90,60.496946614549024,11.400402989290395,60.477755812786484,11.51284631469069,0,1044,WALKING,0,0
91,59.97879496696042,10.53458938370814,59.927619495593646,10.399657393227788,0,1318,WALKING,0,0
92,60.27945086124023,11.287959663890103,60.305038596923616,11.411647321830426,0,943,WALKING,0,0
93,60.21548152203176,11.31044832897016,60.413786473578014,11.265470998810043,0,1056,WALKING,0,0
94,59.94681029735619,11.557823644850806,59.972398033039575,10.736987369428666,0,391,WALKING,0,0
95,59.825268552860095,10.804453364668841,59.60137586563045,10.86067502736899,0,387,WALKING,0,0
96,60.39459567181547,10.98436268530931,60.33702326652785,11.029340015469428,0,1085,WALKING,0,0
97,59.44145251760928,10.83818636228893,59.511818790738594,10.736987369428666,0,1111,WALKING,0,0
98,59.58218506386791,11.501601982150659,59.594978931709605,11.422891654370455,0,855,WALKING,0,0
99,60.17709991850668,11.074317345629545,60.27945086124023,11.175516338489809,0,905,WALKING,0,0
100,59.89563482598941,11.15302767340975,60.37540487005293,11.141783340869722,0,801,WALKING,0,0
101,59.37748317840081,10.65827704164846,59.447849451530125,10.793209032128813,0,867,WALKING,0,0
102,59.93401642951449,11.4791133170706,59.991588834802116,11.456624651990541,0,944,WALKING,0,0
103,59.8124746850184,11.400402989290395,59.95960416519788,11.175516338489809,0,1305,WALKING,0,0
104,60.413786473578014,11.040584348009459,60.38180180397378,11.18676067102984,0,407,WALKING,0,0
105,59.825268552860095,10.647032709108432,59.85725322246433,10.703254371808578,0,1327,WALKING,0,0
106,60.5481220859158,11.051828680549487,60.22827538987345,11.130539008329691,0,882,WALKING,0,0
107,59.96600109911873,10.568322381328226,59.58858199778876,10.65827704164846,0,927,WALKING,0,0
108,60.38180180397378,11.389158656750366,60.31783246476531,11.15302767340975,0,1129,WALKING,0,0
109,59.96600109911873,11.254226666270014,59.98519190088127,10.500856386088051,0,1026,WALKING,0,0
110,60.2346723237943,11.130539008329691,60.0299704383272,11.040584348009459,0,879,WALKING,0,0
111,59.96600109911873,11.242982333729985,60.010779636564656,11.18676067102984,0,575,WALKING,0,0
112,59.91482562775195,11.895153621051685,60.0171765704855,12.344926922652858,0,1043,WALKING,0,0
113,59.94041336343534,11.209249336109897,59.7165206762057,10.545833716248168,0,904,WALKING,0,0
114,59.95960416519788,11.175516338489809,59.96600109911873,11.15302767340975,0,984,WALKING,0,0
115,59.908428693831105,10.602055378948315,59.93401642951449,10.444634723387905,0,947,WALKING,0,0
116,59.927619495593646,11.265470998810043,59.94041336343534,10.98436268530931,0,738,WALKING,0,0
117,59.908428693831105,11.18676067102984,60.183496852427524,11.242982333729985,0,420,WALKING,0,0
118,59.88284095814772,10.98436268530931,59.85085628854348,11.051828680549487,0,1008,WALKING,0,0
119,60.5481220859158,10.68076570672852,60.52893128415326,10.770720367048755,0,529,WALKING,0,0
120,60.47135887886564,11.31044832897016,60.42658034141971,11.344181326590249,0,407,WALKING,0,0
121,59.67174213875977,10.793209032128813,59.65255133699723,10.489612053548022,0,1063,WALKING,0,0
122,60.04916124008974,10.961874020229253,59.48623105505521,10.871919359909018,0,547,WALKING,0,0
123,59.9212225616728,11.748977298031305,59.87644402422687,11.65902263771107,0,830,WALKING,0,0
124,60.24746619163599,11.198005003569868,59.761299213651625,10.781964699588784,0,443,WALKING,0,0
125,60.08114590969397,10.883163692449047,60.010779636564656,10.950629687689224,0,974,WALKING,0,0
126,60.37540487005293,10.961874020229253,60.24106925771515,11.355425659130278,0,523,WALKING,0,0
127,60.00438270264381,11.344181326590249,60.477755812786484,10.804453364668841,0,498,WALKING,0,0
128,59.908428693831105,10.467123388467963,59.85725322246433,10.320947065447582,0,485,WALKING,0,0
129,60.46496194494479,10.928141022609164,60.477755812786484,11.175516338489809,0,403,WALKING,0,0
130,59.9212225616728,11.299203996430132,59.9212225616728,11.377914324210337,0,1050,WALKING,0,0
131,59.56939119602622,10.635788376568403,59.63975746915553,10.523345051168109,0,1159,WALKING,0,0
132,60.221878455952606,10.703254371808578,59.991588834802116,11.220493668649926,0,805,WALKING,0,0
133,60.18989378634837,11.65902263771107,60.04916124008974,11.377914324210337,0,1157,WALKING,0,0
134,59.90203175991026,10.703254371808578,59.908428693831105,10.624544044028374,0,508,WALKING,0,0
135,59.63336053523469,10.725743036888638,59.62696360131384,11.63653397263101,0,906,WALKING,0,0
136,59.927619495593646,11.4791133170706,59.98519190088127,11.80519896073145,0,950,WALKING,0,0
137,59.58858199778876,10.759476034508724,59.79328388325586,10.68076570672852,0,519,WALKING,0,0
138,59.99798576872296,11.231738001189957,59.94041336343534,10.995607017849341,0,1083,WALKING,0,0
139,59.83166548678094,10.523345051168109,59.825268552860095,10.939385355149193,0,561,WALKING,0,0
140,59.71012374228485,10.65827704164846,59.67174213875977,10.759476034508724,0,516,WALKING,0,0
141,60.4393742092614,10.916896690069136,60.38180180397378,11.018095682929399,0,958,WALKING,0,0
142,59.761299213651625,11.557823644850806,59.7165206762057,11.400402989290395,0,435,WALKING,0,0
143,59.75490227973078,11.377914324210337,59.7165206762057,10.961874020229253,0,882,WALKING,0,0
144,60.330626332607004,11.377914324210337,60.13232138106075,11.18676067102984,0,499,WALKING,0,0
145,59.71012374228485,10.804453364668841,59.64615440307638,10.770720367048755,0,937,WALKING,0,0
146,59.94681029735619,10.444634723387905,59.89563482598941,10.523345051168109,0,863,WALKING,0,0
147,59.889237892068564,11.085561678169574,59.87644402422687,10.894408024989076,0,382,WALKING,0,0
148,59.88284095814772,10.781964699588784,59.86365015638518,10.826942029748901,0,716,WALKING,0,0
149,60.31143553084446,11.198005003569868,59.953207231277034,10.871919359909018,0,792,WALKING,0,0
150,60.157909116744136,11.00685135038937,59.58218506386791,10.557078048788197,0,517,WALKING,0,0
151,59.93401642951449,10.568322381328226,59.870047090306024,10.624544044028374,0,932,WALKING,0,0
152,59.65255133699723,10.871919359909018,59.742108411889085,10.939385355149193,0,1012,WALKING,0,0
153,59.95960416519788,11.074317345629545,60.305038596923616,11.16427200594978,0,1053,WALKING,0,0
154,59.761299213651625,11.51284631469069,59.73571147796824,11.175516338489809,0,580,WALKING,0,0
155,60.055558174010585,11.467868984530572,60.0299704383272,11.445380319450512,0,1108,WALKING,0,0
156,59.71012374228485,11.31044832897016,59.65255133699723,11.198005003569868,0,789,WALKING,0,0
157,59.742108411889085,10.736987369428666,59.63975746915553,10.635788376568403,0,922,WALKING,0,0
158,59.56939119602622,10.66952137418849,59.69093294052231,10.703254371808578,0,943,WALKING,0,0
159,60.44577114318225,11.18676067102984,60.42658034141971,11.355425659130278,0,538,WALKING,0,0
160,59.94681029735619,11.445380319450512,59.99798576872296,10.545833716248168,0,939,WALKING,0,0
161,60.08114590969397,10.973118352769282,59.97879496696042,11.883909288511656,0,956,WALKING,0,0
162,59.96600109911873,11.681511302791128,59.99798576872296,10.916896690069136,0,975,WALKING,0,0
163,59.761299213651625,11.377914324210337,59.75490227973078,11.524090647230718,0,402,WALKING,0,0
164,59.65255133699723,10.871919359909018,59.63975746915553,10.883163692449047,0,1121,WALKING,0,0
165,60.08114590969397,11.31044832897016,59.94681029735619,11.81644329327148,0,1046,WALKING,0,0
166,59.88284095814772,10.995607017849341,59.96600109911873,10.602055378948315,0,656,WALKING,0,0
167,59.64615440307638,11.029340015469428,59.55659732818452,11.074317345629545,0,557,WALKING,0,0
168,59.94681029735619,10.602055378948315,60.285847795161075,11.254226666270014,0,907,WALKING,0,0
169,60.29224472908192,11.119294675789662,60.285847795161075,11.209249336109897,0,959,WALKING,0,0
170,59.87644402422687,10.557078048788197,59.9212225616728,10.770720367048755,0,729,WALKING,0,0
171,60.39459567181547,11.00685135038937,60.54172515199495,11.231738001189957,0,423,WALKING,0,0
172,59.825268552860095,10.703254371808578,59.83166548678094,10.759476034508724,0,403,WALKING,0,0
173,60.516137416311565,10.894408024989076,60.52893128415326,10.849430694828959,0,900,WALKING,0,0
174,60.22827538987345,11.254226666270014,60.19629072026922,11.231738001189957,0,1092,WALKING,0,0
175,60.02357350440635,10.894408024989076,60.0299704383272,10.939385355149193,0,857,WALKING,0,0
176,60.29224472908192,11.602800975010924,60.330626332607004,11.524090647230718,0,1134,WALKING,0,0
177,59.99798576872296,11.209249336109897,60.00438270264381,11.33293699405022,0,1136,WALKING,0,0
178,60.036367372248044,11.175516338489809,60.055558174010585,11.625289640090982,0,490,WALKING,0,0
179,60.06195510793143,11.422891654370455,59.62696360131384,10.759476034508724,0,976,WALKING,0,0
180,60.40099260573632,11.377914324210337,60.388198737894626,11.445380319450512,0,721,WALKING,0,0
181,59.825268552860095,12.165017602012389,59.77409308149332,12.232483597252564,0,1023,WALKING,0,0
182,59.678139072680615,10.635788376568403,59.65255133699723,10.613299711488343,0,1029,WALKING,0,0
183,60.26026005947769,11.074317345629545,59.67174213875977,11.040584348009459,0,1118,WALKING,0,0
184,60.3434202004487,11.018095682929399,60.27305392731938,11.063073013089516,0,1151,WALKING,0,0
185,60.19629072026922,11.141783340869722,60.202687654190065,10.950629687689224,0,534,WALKING,0,0
186,59.991588834802116,12.086307274232183,60.02357350440635,11.692755635331158,0,981,WALKING,0,0
187,59.90203175991026,10.53458938370814,60.16430605066498,11.569067977390835,0,435,WALKING,0,0
188,59.99798576872296,10.287214067827493,59.94681029735619,10.377168728147728,0,1140,WALKING,0,0
189,60.42658034141971,11.422891654370455,60.21548152203176,11.00685135038937,0,542,WALKING,0,0
190,59.889237892068564,10.894408024989076,60.157909116744136,11.018095682929399,0,503,WALKING,0,0
191,60.54172515199495,11.16427200594978,60.599297557282576,11.130539008329691,0,447,WALKING,0,0
192,59.64615440307638,10.613299711488343,59.63975746915553,10.759476034508724,0,574,WALKING,0,0
193,59.51821572465944,10.590811046408286,59.4990249228969,10.478367721007992,0,991,WALKING,0,0
194,59.806077751097554,10.53458938370814,59.69093294052231,10.759476034508724,0,460,WALKING,0,0
195,60.388198737894626,11.15302767340975,60.37540487005293,11.242982333729985,0,1012,WALKING,0,0
196,59.9212225616728,11.445380319450512,59.87644402422687,11.4791133170706,0,506,WALKING,0,0
197,60.09393977753567,11.198005003569868,59.90203175991026,11.287959663890103,0,977,WALKING,0,0
198,60.38180180397378,11.063073013089516,60.40738953965717,11.029340015469428,0,914,WALKING,0,0
199,59.870047090306024,10.635788376568403,59.86365015638518,10.53458938370814,0,396,WALKING,0,0
200,59.594978931709605,10.826942029748901,59.575788129947064,10.905652357529107,0,935,WALKING,0,0
201,59.98519190088127,10.928141022609164,59.614169733472146,10.804453364668841,0,882,WALKING,0,0
202,60.17070298458583,11.377914324210337,60.19629072026922,10.883163692449047,0,509,WALKING,0,0
203,60.13232138106075,11.15302767340975,60.15151218282329,11.18676067102984,0,534,WALKING,0,0
204,60.17070298458583,11.647778305171041,60.20908458811091,11.569067977390835,0,882,WALKING,0,0
205,60.266656993398534,11.096806010709605,60.44577114318225,10.83818636228893,0,1096,WALKING,0,0
206,59.71012374228485,11.445380319450512,59.95960416519788,11.434135986910483,0,396,WALKING,0,0
207,59.79328388325586,11.130539008329691,60.22827538987345,11.051828680549487,0,742,WALKING,0,0
208,59.908428693831105,12.1312846043923,60.0171765704855,11.973863948831891,0,899,WALKING,0,0
209,60.17070298458583,11.344181326590249,59.91482562775195,11.209249336109897,0,370,WALKING,0,0
210,60.010779636564656,11.051828680549487,60.010779636564656,10.950629687689224,0,395,WALKING,0,0
211,59.94681029735619,11.287959663890103,59.953207231277034,11.063073013089516,0,526,WALKING,0,0
212,60.00438270264381,11.074317345629545,60.02357350440635,10.995607017849341,0,467,WALKING,0,0
213,60.11313057929821,10.523345051168109,60.48415274670733,11.231738001189957,0,1005,WALKING,0,0
214,59.953207231277034,11.33293699405022,60.47135887886564,10.759476034508724,0,1073,WALKING,0,0
215,60.57370982159919,10.871919359909018,60.48415274670733,11.051828680549487,0,939,WALKING,0,0
216,60.46496194494479,10.916896690069136,60.40738953965717,10.815697697208872,0,1071,WALKING,0,0
217,59.62056666739299,10.65827704164846,59.870047090306024,10.894408024989076,0,895,WALKING,0,0
218,60.100336711456514,11.51284631469069,60.27305392731938,11.141783340869722,0,594,WALKING,0,0
219,59.703726808364,11.074317345629545,59.55659732818452,10.692010039268549,0,589,WALKING,0,0
220,59.761299213651625,10.478367721007992,60.055558174010585,10.950629687689224,0,1120,WALKING,0,0
221,60.100336711456514,11.18676067102984,59.531009592501135,10.781964699588784,0,912,WALKING,0,0
222,60.14511524890244,11.737732965491276,60.08114590969397,11.737732965491276,0,1119,WALKING,0,0
223,60.14511524890244,11.254226666270014,60.14511524890244,11.029340015469428,0,570,WALKING,0,0
224,60.221878455952606,11.051828680549487,60.1259244471399,11.096806010709605,0,842,WALKING,0,0
225,60.16430605066498,11.130539008329691,59.908428693831105,11.389158656750366,0,1004,WALKING,0,0
226,60.08754284361482,11.65902263771107,59.94681029735619,10.849430694828959,0,400,WALKING,0,0
227,60.0171765704855,11.692755635331158,59.96600109911873,11.557823644850806,0,387,WALKING,0,0
228,59.90203175991026,10.33219139798761,59.870047090306024,10.444634723387905,0,1216,WALKING,0,0
229,60.06195510793143,11.085561678169574,59.98519190088127,11.265470998810043,0,361,WALKING,0,0
230,60.010779636564656,10.961874020229253,59.91482562775195,10.602055378948315,0,460,WALKING,0,0
231,59.87644402422687,11.074317345629545,59.889237892068564,11.029340015469428,0,651,WALKING,0,0
232,60.00438270264381,10.489612053548022,59.86365015638518,11.33293699405022,0,554,WALKING,0,0
233,60.31143553084446,10.961874020229253,60.08114590969397,11.377914324210337,0,490,WALKING,0,0
234,60.40738953965717,10.973118352769282,60.37540487005293,10.995607017849341,0,858,WALKING,0,0
235,60.00438270264381,11.254226666270014,60.074748975773126,11.546579312310776,0,909,WALKING,0,0
236,60.02357350440635,11.141783340869722,60.00438270264381,11.029340015469428,0,1135,WALKING,0,0
237,59.68453600660146,10.905652357529107,59.76769614757247,10.916896690069136,0,526,WALKING,0,0
238,59.953207231277034,10.894408024989076,59.66534520483892,10.804453364668841,0,520,WALKING,0,0
239,59.94041336343534,10.98436268530931,59.94681029735619,11.040584348009459,0,912,WALKING,0,0
240,59.56299426210537,10.725743036888638,59.58218506386791,11.242982333729985,0,933,WALKING,0,0
241,60.010779636564656,11.018095682929399,60.10673364537736,10.422146058307845,0,610,WALKING,0,0
242,60.157909116744136,11.063073013089516,60.31143553084446,11.074317345629545,0,428,WALKING,0,0
243,59.575788129947064,10.714498704348607,59.83806242070179,10.939385355149193,0,1377,WALKING,0,0
244,59.95960416519788,10.545833716248168,60.0171765704855,10.590811046408286,0,904,WALKING,0,0
245,59.806077751097554,11.726488632951245,59.825268552860095,11.681511302791128,0,501,WALKING,0,0
246,59.98519190088127,11.434135986910483,60.074748975773126,11.366669991670308,0,880,WALKING,0,0
247,59.722917610126544,11.040584348009459,59.72931454404739,10.939385355149193,0,1041,WALKING,0,0
248,59.79968081717671,10.444634723387905,59.83166548678094,10.590811046408286,0,923,WALKING,0,0
249,59.908428693831105,11.355425659130278,59.50542185681775,10.602055378948315,0,412,WALKING,0,0
250,59.90203175991026,10.995607017849341,59.697329874443156,10.759476034508724,0,1152,WALKING,0,0
251,60.00438270264381,10.467123388467963,60.02357350440635,11.018095682929399,0,401,WALKING,0,0
252,59.76769614757247,10.635788376568403,59.780490015414166,10.759476034508724,0,409,WALKING,0,0
253,59.91482562775195,10.804453364668841,59.889237892068564,10.894408024989076,0,410,WALKING,0,0
254,60.47135887886564,11.040584348009459,60.36261100221124,11.287959663890103,0,938,WALKING,0,0
255,59.93401642951449,10.736987369428666,59.68453600660146,11.377914324210337,0,1099,WALKING,0,0
256,60.27305392731938,11.276715331350074,60.305038596923616,11.16427200594978,0,589,WALKING,0,0
257,60.06195510793143,10.995607017849341,59.99798576872296,12.221239264712535,0,997,WALKING,0,0
258,59.79328388325586,10.489612053548022,60.13232138106075,10.894408024989076,0,908,WALKING,0,0
259,59.98519190088127,11.141783340869722,59.94681029735619,11.16427200594978,0,439,WALKING,0,0
260,59.90203175991026,10.804453364668841,59.9212225616728,10.916896690069136,0,571,WALKING,0,0
261,60.50334354846987,10.939385355149193,60.27945086124023,11.31044832897016,0,893,WALKING,0,0
262,60.17709991850668,10.939385355149193,60.29864166300277,11.265470998810043,0,751,WALKING,0,0
263,59.58858199778876,10.826942029748901,59.93401642951449,11.625289640090982,0,978,WALKING,0,0
264,60.285847795161075,11.108050343249634,60.50334354846987,11.254226666270014,0,379,WALKING,0,0
265,59.678139072680615,10.748231701968695,59.56939119602622,10.804453364668841,0,970,WALKING,0,0
266,59.79328388325586,10.973118352769282,59.88284095814772,11.15302767340975,0,746,WALKING,0,0
267,59.74850534580993,10.736987369428666,60.24106925771515,11.355425659130278,0,478,WALKING,0,0
268,59.44145251760928,10.770720367048755,59.41586478192589,10.781964699588784,0,872,WALKING,0,0
269,59.97879496696042,11.33293699405022,59.94041336343534,11.299203996430132,0,736,WALKING,0,0
270,59.65255133699723,10.781964699588784,59.51821572465944,11.018095682929399,0,959,WALKING,0,0
271,59.99798576872296,10.590811046408286,60.02357350440635,11.4791133170706,0,535,WALKING,0,0
272,59.98519190088127,11.265470998810043,59.79968081717671,10.590811046408286,0,446,WALKING,0,0
273,60.31783246476531,11.141783340869722,60.432977275340555,11.16427200594978,0,510,WALKING,0,0
274,59.614169733472146,10.815697697208872,59.62056666739299,10.770720367048755,0,414,WALKING,0,0
275,59.86365015638518,11.445380319450512,59.870047090306024,11.602800975010924,0,792,WALKING,0,0
276,60.10673364537736,11.231738001189957,60.119527513219055,11.299203996430132,0,444,WALKING,0,0
277,60.4393742092614,11.580312309930864,60.42018340749886,11.524090647230718,0,1263,WALKING,0,0
278,60.330626332607004,11.287959663890103,59.8124746850184,11.299203996430132,0,534,WALKING,0,0
279,60.20908458811091,11.389158656750366,60.2346723237943,11.321692661510191,0,732,WALKING,0,0
280,60.074748975773126,11.074317345629545,60.06835204185228,11.254226666270014,0,927,WALKING,0,0
281,59.780490015414166,11.16427200594978,59.74850534580993,11.108050343249634,0,492,WALKING,0,0
282,59.9212225616728,11.175516338489809,60.2346723237943,11.321692661510191,0,985,WALKING,0,0
283,60.40738953965717,11.119294675789662,60.39459567181547,11.231738001189957,0,852,WALKING,0,0
284,59.953207231277034,11.141783340869722,60.15151218282329,11.377914324210337,0,997,WALKING,0,0
285,60.08754284361482,11.063073013089516,59.972398033039575,11.096806010709605,0,1085,WALKING,0,0
286,59.72931454404739,11.018095682929399,59.77409308149332,11.018095682929399,0,471,WALKING,0,0
287,60.36261100221124,10.939385355149193,60.2346723237943,10.939385355149193,0,477,WALKING,0,0
288,59.77409308149332,11.535334979770747,59.806077751097554,11.344181326590249,0,807,WALKING,0,0
289,59.88284095814772,11.895153621051685,60.02357350440635,11.748977298031305,0,1029,WALKING,0,0
290,59.63336053523469,11.33293699405022,59.780490015414166,11.411647321830426,0,1013,WALKING,0,0
291,59.97879496696042,10.995607017849341,59.86365015638518,11.996352613911949,0,633,WALKING,0,0
292,59.65255133699723,10.748231701968695,59.62696360131384,10.748231701968695,0,481,WALKING,0,0
293,60.42018340749886,11.16427200594978,60.0171765704855,10.410901725767816,0,411,WALKING,0,0
294,60.0299704383272,11.141783340869722,59.72931454404739,10.635788376568403,0,906,WALKING,0,0
295,59.9212225616728,11.265470998810043,60.10673364537736,11.400402989290395,0,513,WALKING,0,0
296,59.722917610126544,10.883163692449047,59.742108411889085,10.748231701968695,0,1127,WALKING,0,0
297,60.17070298458583,11.141783340869722,60.14511524890244,11.108050343249634,0,960,WALKING,0,0
298,60.3434202004487,11.108050343249634,60.37540487005293,11.15302767340975,0,934,WALKING,0,0
299,59.927619495593646,11.00685135038937,59.9212225616728,10.815697697208872,0,1140,WALKING,0,0
300,59.53740652642198,10.894408024989076,59.54380346034283,10.939385355149193,0,956,WALKING,0,0
301,59.703726808364,10.66952137418849,59.64615440307638,10.602055378948315,0,771,WALKING,479,0
302,60.0171765704855,10.781964699588784,60.010779636564656,11.445380319450512,0,1271,WALKING,408,0
303,60.157909116744136,11.220493668649926,59.908428693831105,10.793209032128813,0,891,WALKING,657,0
304,60.29224472908192,11.130539008329691,60.37540487005293,11.063073013089516,0,951,WALKING,738,0
305,59.63336053523469,10.714498704348607,59.73571147796824,10.590811046408286,0,866,WALKING,665,0
306,59.97879496696042,10.83818636228893,59.86365015638518,11.31044832897016,0,984,WALKING,552,0
307,60.305038596923616,11.400402989290395,60.40738953965717,11.299203996430132,0,704,WALKING,480,0
308,60.57370982159919,10.871919359909018,60.65047302864935,11.063073013089516,0,677,WALKING,481,0
309,60.35621406829039,11.063073013089516,60.20908458811091,11.018095682929399,0,620,WALKING,366,0
310,60.1259244471399,11.209249336109897,60.157909116744136,11.276715331350074,0,1311,WALKING,491,0
311,59.575788129947064,10.65827704164846,59.94681029735619,10.961874020229253,0,935,WALKING,704,0
312,60.330626332607004,11.175516338489809,60.010779636564656,11.074317345629545,0,897,WALKING,676,0
313,59.90203175991026,10.939385355149193,59.93401642951449,10.759476034508724,0,489,WALKING,365,0
314,59.52461265858029,10.692010039268549,59.927619495593646,10.883163692449047,0,749,WALKING,464,0
315,60.074748975773126,11.49035764961063,59.75490227973078,10.759476034508724,0,729,WALKING,406,0
316,60.183496852427524,11.209249336109897,60.138718314981595,11.49035764961063,0,1296,WALKING,446,0
317,59.85725322246433,11.063073013089516,59.88284095814772,11.130539008329691,0,690,WALKING,366,0
318,59.972398033039575,11.557823644850806,59.99798576872296,11.18676067102984,0,489,WALKING,361,0
319,59.953207231277034,10.489612053548022,59.90203175991026,10.545833716248168,0,596,WALKING,435,0
320,60.08114590969397,11.198005003569868,60.221878455952606,11.422891654370455,0,960,WALKING,738,0
321,60.388198737894626,11.287959663890103,60.37540487005293,11.040584348009459,0,943,WALKING,692,0
322,60.388198737894626,10.98436268530931,60.40099260573632,11.119294675789662,0,1048,WALKING,493,0
323,59.73571147796824,10.197259407507259,59.76769614757247,10.197259407507259,0,996,WALKING,694,0
324,59.89563482598941,11.175516338489809,59.927619495593646,11.051828680549487,0,1037,WALKING,578,0
325,59.908428693831105,10.568322381328226,59.85725322246433,10.66952137418849,0,540,WALKING,392,0
326,59.93401642951449,10.736987369428666,60.0171765704855,10.703254371808578,0,890,WALKING,364,0
327,59.9212225616728,11.096806010709605,60.0171765704855,11.096806010709605,0,501,WALKING,364,0
328,59.77409308149332,10.894408024989076,59.83806242070179,11.040584348009459,0,960,WALKING,829,0
329,60.13232138106075,10.995607017849341,59.89563482598941,11.31044832897016,0,880,WALKING,682,0
330,59.48623105505521,10.928141022609164,59.69093294052231,11.254226666270014,0,536,WALKING,374,0
331,59.71012374228485,10.916896690069136,60.00438270264381,11.602800975010924,0,1322,WALKING,901,0
332,60.2346723237943,11.16427200594978,60.36261100221124,11.198005003569868,0,1085,WALKING,651,0
333,59.614169733472146,10.410901725767816,59.62696360131384,10.579566713868257,0,518,WALKING,364,0
334,59.927619495593646,11.287959663890103,60.09393977753567,11.209249336109897,0,596,WALKING,372,0
335,59.991588834802116,10.894408024989076,60.535328218074106,10.973118352769282,0,1018,WALKING,543,0
336,59.68453600660146,11.400402989290395,59.55659732818452,11.400402989290395,0,920,WALKING,467,0
337,60.19629072026922,10.98436268530931,60.06195510793143,11.096806010709605,0,669,WALKING,374,0
338,59.83806242070179,10.377168728147728,59.67174213875977,10.613299711488343,0,1085,WALKING,390,0
339,60.432977275340555,11.389158656750366,60.477755812786484,10.995607017849341,0,1105,WALKING,927,0
340,60.19629072026922,11.15302767340975,60.24746619163599,11.355425659130278,0,1019,WALKING,549,0
341,60.036367372248044,11.254226666270014,60.29224472908192,11.535334979770747,0,682,WALKING,380,0
342,60.0299704383272,11.00685135038937,59.83166548678094,11.130539008329691,0,684,WALKING,408,0
343,60.29864166300277,10.916896690069136,60.29864166300277,11.074317345629545,0,554,WALKING,413,0
344,60.39459567181547,11.254226666270014,60.37540487005293,11.096806010709605,0,853,WALKING,667,0
345,59.550200394263676,10.793209032128813,59.88284095814772,10.826942029748901,0,960,WALKING,587,0
346,59.85085628854348,10.894408024989076,59.844459354622636,11.400402989290395,0,915,WALKING,670,0
347,59.6077727995513,10.748231701968695,59.66534520483892,10.647032709108432,0,874,WALKING,642,0
348,60.00438270264381,10.916896690069136,60.31783246476531,11.209249336109897,0,1028,WALKING,897,0
349,59.94041336343534,10.230992405127347,59.953207231277034,10.34343573052764,0,1105,WALKING,397,0
350,60.0299704383272,11.33293699405022,60.04916124008974,11.434135986910483,0,1005,WALKING,863,0
351,60.055558174010585,11.321692661510191,59.447849451530125,11.00685135038937,0,966,WALKING,591,0
352,60.477755812786484,11.231738001189957,60.413786473578014,11.445380319450512,0,919,WALKING,431,0
353,59.88284095814772,10.714498704348607,59.56299426210537,11.00685135038937,0,896,WALKING,739,0
354,59.53740652642198,10.624544044028374,59.825268552860095,10.489612053548022,0,1200,WALKING,1004,0
355,60.266656993398534,11.108050343249634,60.452168077103096,11.344181326590249,0,579,WALKING,379,0
356,60.349817134369545,11.00685135038937,60.157909116744136,11.130539008329691,0,568,WALKING,441,0
357,60.036367372248044,10.995607017849341,59.56939119602622,10.635788376568403,0,925,WALKING,444,0
358,60.285847795161075,11.242982333729985,59.889237892068564,10.883163692449047,0,838,WALKING,503,0
359,59.550200394263676,10.871919359909018,59.85725322246433,11.063073013089516,0,628,WALKING,374,0
360,59.8124746850184,10.793209032128813,60.00438270264381,11.287959663890103,0,1097,WALKING,873,0
361,59.86365015638518,10.624544044028374,59.825268552860095,10.725743036888638,0,807,WALKING,677,0
362,59.48623105505521,10.422146058307845,60.02357350440635,10.804453364668841,0,790,WALKING,397,0
363,59.95960416519788,11.119294675789662,59.780490015414166,10.545833716248168,0,930,WALKING,782,0
364,59.870047090306024,11.209249336109897,60.29224472908192,11.220493668649926,0,812,WALKING,624,0
365,60.221878455952606,11.31044832897016,60.19629072026922,11.231738001189957,0,1097,WALKING,525,0
366,60.06835204185228,11.31044832897016,60.0299704383272,11.400402989290395,0,968,WALKING,599,0
367,59.7165206762057,11.49035764961063,59.73571147796824,11.344181326590249,0,887,WALKING,400,0
368,59.99798576872296,10.410901725767816,59.550200394263676,11.119294675789662,0,555,WALKING,391,0
369,59.68453600660146,10.275969735287465,59.74850534580993,10.275969735287465,0,1037,WALKING,476,0
370,60.330626332607004,11.040584348009459,60.37540487005293,11.242982333729985,0,504,WALKING,361,0
371,60.535328218074106,11.569067977390835,60.50974048239072,11.580312309930864,0,1184,WALKING,721,0
372,59.908428693831105,11.18676067102984,59.86365015638518,11.400402989290395,0,559,WALKING,393,0
373,60.388198737894626,11.096806010709605,60.08114590969397,11.535334979770747,0,989,WALKING,733,0
374,59.85725322246433,11.535334979770747,60.11313057929821,11.389158656750366,0,1017,WALKING,876,0
375,59.550200394263676,10.950629687689224,59.614169733472146,10.83818636228893,0,1187,WALKING,684,0
376,59.71012374228485,10.973118352769282,60.31143553084446,11.096806010709605,0,958,WALKING,443,0
377,60.04916124008974,10.894408024989076,60.0171765704855,11.00685135038937,0,1091,WALKING,823,0
378,59.91482562775195,11.029340015469428,59.844459354622636,11.108050343249634,0,1247,WALKING,487,0
379,60.08754284361482,10.725743036888638,60.02357350440635,10.568322381328226,0,945,WALKING,760,0
380,59.953207231277034,10.422146058307845,59.9212225616728,10.433390390847874,0,853,WALKING,626,0
381,59.88284095814772,11.209249336109897,59.94041336343534,11.389158656750366,0,975,WALKING,823,0
382,60.02357350440635,11.15302767340975,60.036367372248044,11.344181326590249,0,836,WALKING,573,0
383,60.21548152203176,11.231738001189957,60.157909116744136,11.265470998810043,0,730,WALKING,445,0
384,60.432977275340555,11.377914324210337,60.39459567181547,11.366669991670308,0,596,WALKING,389,0
385,59.94041336343534,10.557078048788197,59.91482562775195,10.523345051168109,0,925,WALKING,451,0
386,59.88284095814772,11.614045307550953,59.844459354622636,11.535334979770747,0,721,WALKING,569,0
387,60.20908458811091,11.15302767340975,60.138718314981595,11.220493668649926,0,1040,WALKING,419,0
388,60.22827538987345,10.950629687689224,60.221878455952606,11.00685135038937,0,788,WALKING,394,0
389,59.91482562775195,10.995607017849341,60.285847795161075,11.49035764961063,0,996,WALKING,647,0
390,60.02357350440635,10.523345051168109,59.991588834802116,10.557078048788197,0,902,WALKING,547,0
391,59.99798576872296,11.569067977390835,60.036367372248044,11.569067977390835,0,1156,WALKING,448,0
392,59.47343718721351,10.86067502736899,59.4990249228969,10.759476034508724,0,867,WALKING,469,0
393,60.04916124008974,11.209249336109897,60.074748975773126,11.254226666270014,0,589,WALKING,388,0
394,60.13232138106075,11.00685135038937,60.3434202004487,11.366669991670308,0,1050,WALKING,646,0
395,59.50542185681775,11.029340015469428,59.51821572465944,11.040584348009459,0,956,WALKING,591,0
396,60.285847795161075,11.085561678169574,60.31783246476531,10.928141022609164,0,627,WALKING,451,0
397,59.96600109911873,11.242982333729985,60.06835204185228,11.198005003569868,0,1058,WALKING,690,0
398,60.2346723237943,10.928141022609164,60.285847795161075,10.905652357529107,0,899,WALKING,439,0
399,59.91482562775195,10.973118352769282,59.88284095814772,11.029340015469428,0,537,WALKING,378,0
400,60.369007936132085,11.063073013089516,60.32422939868616,11.141783340869722,0,967,WALKING,806,0
401,60.5481220859158,11.119294675789662,60.20908458811091,10.995607017849341,0,1027,WALKING,626,0
402,59.94681029735619,10.826942029748901,59.99798576872296,10.916896690069136,0,618,WALKING,389,0
403,60.06835204185228,11.4791133170706,60.10673364537736,11.467868984530572,0,897,WALKING,652,0
404,60.35621406829039,11.15302767340975,60.349817134369545,11.096806010709605,0,635,WALKING,441,0
405,59.889237892068564,10.973118352769282,59.93401642951449,11.085561678169574,0,943,WALKING,594,0
406,59.908428693831105,10.568322381328226,59.761299213651625,10.961874020229253,0,669,WALKING,396,0
407,59.806077751097554,10.86067502736899,59.88284095814772,11.051828680549487,0,904,WALKING,735,0
408,60.42018340749886,11.49035764961063,60.50334354846987,10.725743036888638,0,628,WALKING,415,0
409,59.71012374228485,11.209249336109897,59.66534520483892,11.00685135038937,0,934,WALKING,556,0
410,60.56731288767834,11.085561678169574,60.432977275340555,11.33293699405022,0,1098,WALKING,401,0
411,60.21548152203176,11.535334979770747,60.24746619163599,11.524090647230718,0,856,WALKING,491,0
412,60.349817134369545,10.950629687689224,59.94041336343534,11.141783340869722,0,710,WALKING,422,0
413,59.56939119602622,10.635788376568403,59.722917610126544,10.602055378948315,0,933,WALKING,426,0
414,59.953207231277034,10.86067502736899,59.95960416519788,10.815697697208872,0,898,WALKING,560,0
415,59.8124746850184,10.770720367048755,59.90203175991026,10.905652357529107,0,850,WALKING,561,0
416,60.452168077103096,11.040584348009459,60.3434202004487,11.040584348009459,0,1049,WALKING,776,0
417,59.83166548678094,10.826942029748901,59.71012374228485,11.063073013089516,0,792,WALKING,463,0
418,60.25386312555684,11.175516338489809,60.04916124008974,11.175516338489809,0,755,WALKING,412,0
419,59.90203175991026,11.299203996430132,59.953207231277034,11.389158656750366,0,659,WALKING,363,0
420,59.722917610126544,10.86067502736899,59.67174213875977,10.950629687689224,0,610,WALKING,374,0
421,59.71012374228485,11.456624651990541,59.93401642951449,10.467123388467963,0,1017,WALKING,370,0
422,59.94041336343534,10.950629687689224,60.0299704383272,10.950629687689224,0,858,WALKING,586,0
423,60.42658034141971,11.040584348009459,60.349817134369545,11.198005003569868,0,751,WALKING,421,0
424,59.89563482598941,11.018095682929399,59.79328388325586,10.973118352769282,0,901,WALKING,519,0
425,59.927619495593646,12.209994932172506,59.889237892068564,12.041329944072066,0,728,WALKING,402,0
426,59.75490227973078,10.98436268530931,59.97879496696042,10.65827704164846,0,832,WALKING,710,0
427,60.055558174010585,11.029340015469428,60.04276430616889,11.254226666270014,0,769,WALKING,602,0
428,60.16430605066498,11.15302767340975,59.703726808364,11.434135986910483,0,710,WALKING,409,0
429,60.3434202004487,11.82768762581151,60.33702326652785,11.760221630571333,0,896,WALKING,683,0
430,60.04916124008974,11.287959663890103,59.85725322246433,11.703999967871187,0,575,WALKING,384,0
431,59.85085628854348,10.489612053548022,59.85085628854348,10.579566713868257,0,599,WALKING,426,0
432,60.52893128415326,10.714498704348607,60.496946614549024,10.781964699588784,0,1002,WALKING,363,0
433,59.87644402422687,11.119294675789662,59.67174213875977,10.613299711488343,0,917,WALKING,512,0
434,59.844459354622636,10.950629687689224,59.97879496696042,10.894408024989076,0,1132,WALKING,451,0
435,60.10673364537736,11.377914324210337,60.14511524890244,11.501601982150659,0,553,WALKING,405,0
436,59.93401642951449,10.86067502736899,59.908428693831105,10.928141022609164,0,1141,WALKING,426,0
437,59.83806242070179,11.220493668649926,59.870047090306024,11.287959663890103,0,873,WALKING,476,0
438,59.96600109911873,10.781964699588784,59.63975746915553,10.883163692449047,0,488,WALKING,362,0
439,60.20908458811091,11.569067977390835,60.157909116744136,11.366669991670308,0,720,WALKING,443,0
440,59.60137586563045,10.804453364668841,59.58858199778876,10.939385355149193,0,646,WALKING,516,0
441,60.06195510793143,11.175516338489809,60.04276430616889,11.018095682929399,0,1009,WALKING,714,0
442,60.00438270264381,11.400402989290395,60.06835204185228,11.434135986910483,0,530,WALKING,368,0
443,59.658948270918074,10.68076570672852,59.65255133699723,10.545833716248168,0,781,WALKING,654,0
444,59.85085628854348,10.467123388467963,59.908428693831105,10.590811046408286,0,850,WALKING,375,0
445,59.79968081717671,11.321692661510191,59.78688694933501,11.456624651990541,0,588,WALKING,460,0
446,60.24746619163599,11.220493668649926,59.76769614757247,11.434135986910483,0,903,WALKING,385,0
447,59.65255133699723,10.815697697208872,59.511818790738594,10.86067502736899,0,1373,WALKING,558,0
448,60.11313057929821,11.130539008329691,60.036367372248044,11.096806010709605,0,502,WALKING,376,0
449,60.36261100221124,11.141783340869722,60.42658034141971,11.051828680549487,0,550,WALKING,429,0
450,60.1259244471399,11.535334979770747,59.8124746850184,11.051828680549487,0,1161,WALKING,564,0
451,60.32422939868616,10.995607017849341,60.369007936132085,11.096806010709605,0,930,WALKING,404,0
452,60.31783246476531,11.040584348009459,60.3434202004487,11.051828680549487,0,946,WALKING,563,0
453,60.42018340749886,11.029340015469428,60.38180180397378,10.815697697208872,0,1156,WALKING,764,0
454,60.17709991850668,11.141783340869722,60.09393977753567,11.411647321830426,0,1002,WALKING,766,0
455,59.83806242070179,11.591556642470893,59.8124746850184,11.51284631469069,0,504,WALKING,369,0
456,59.467040253292666,10.557078048788197,59.66534520483892,10.759476034508724,0,1225,WALKING,718,0
457,59.63975746915553,10.793209032128813,59.447849451530125,10.815697697208872,0,1039,WALKING,832,0
458,59.780490015414166,11.411647321830426,59.72931454404739,11.344181326590249,0,859,WALKING,637,0
459,60.25386312555684,11.096806010709605,60.24106925771515,11.16427200594978,0,806,WALKING,668,0
460,59.97879496696042,10.320947065447582,59.90203175991026,10.455879055927934,0,665,WALKING,503,0
461,59.780490015414166,10.377168728147728,59.95960416519788,10.68076570672852,0,804,WALKING,670,0
462,59.96600109911873,10.377168728147728,59.953207231277034,11.085561678169574,0,1002,WALKING,735,0
463,60.42658034141971,11.63653397263101,60.22827538987345,11.400402989290395,0,567,WALKING,434,0
464,59.844459354622636,10.736987369428666,59.908428693831105,11.220493668649926,0,1001,WALKING,574,0
465,59.66534520483892,10.545833716248168,59.68453600660146,10.647032709108432,0,794,WALKING,525,0
466,59.4990249228969,10.579566713868257,59.531009592501135,10.545833716248168,0,863,WALKING,581,0
467,59.56299426210537,10.647032709108432,59.60137586563045,10.725743036888638,0,612,WALKING,416,0
468,60.452168077103096,11.344181326590249,60.17709991850668,11.602800975010924,0,878,WALKING,385,0
469,59.614169733472146,10.736987369428666,59.63336053523469,10.590811046408286,0,933,WALKING,786,0
470,59.9212225616728,10.579566713868257,59.91482562775195,10.287214067827493,0,984,WALKING,720,0
471,59.550200394263676,10.590811046408286,59.972398033039575,10.781964699588784,0,761,WALKING,561,0
472,60.330626332607004,11.096806010709605,60.31143553084446,11.00685135038937,0,887,WALKING,541,0
473,59.76769614757247,11.366669991670308,59.844459354622636,11.377914324210337,0,1177,WALKING,373,0
474,59.95960416519788,10.68076570672852,59.972398033039575,10.647032709108432,0,588,WALKING,422,0
475,59.7165206762057,11.119294675789662,59.95960416519788,11.254226666270014,0,801,WALKING,487,0
476,59.550200394263676,10.86067502736899,59.54380346034283,10.692010039268549,0,826,WALKING,592,0
477,60.00438270264381,10.489612053548022,59.927619495593646,10.467123388467963,0,1355,WALKING,369,0
478,60.100336711456514,11.4791133170706,60.13232138106075,11.524090647230718,0,698,WALKING,524,0
479,59.96600109911873,12.423637250433062,59.94041336343534,12.221239264712535,0,1243,WALKING,696,0
480,59.531009592501135,10.703254371808578,59.85085628854348,11.321692661510191,0,629,WALKING,378,0
481,59.870047090306024,11.33293699405022,59.927619495593646,11.175516338489809,0,773,WALKING,372,0
482,59.972398033039575,10.433390390847874,60.119527513219055,10.894408024989076,0,874,WALKING,725,0
483,59.89563482598941,11.175516338489809,60.010779636564656,11.276715331350074,0,651,WALKING,374,0
484,59.86365015638518,10.939385355149193,60.37540487005293,11.355425659130278,0,1043,WALKING,472,0
485,60.036367372248044,10.478367721007992,59.63975746915553,10.894408024989076,0,810,WALKING,523,0
486,60.42018340749886,10.781964699588784,60.516137416311565,10.692010039268549,0,795,WALKING,656,0
487,60.11313057929821,10.647032709108432,60.0299704383272,10.579566713868257,0,534,WALKING,373,0
488,59.9212225616728,10.871919359909018,59.927619495593646,10.647032709108432,0,560,WALKING,399,0
489,59.697329874443156,11.411647321830426,59.81887161893925,10.219748072587318,0,930,WALKING,422,0
490,60.16430605066498,11.018095682929399,59.65255133699723,10.815697697208872,0,617,WALKING,381,0
491,60.04276430616889,11.198005003569868,60.35621406829039,11.265470998810043,0,1127,WALKING,783,0
492,60.00438270264381,11.569067977390835,60.08754284361482,11.254226666270014,0,902,WALKING,459,0
493,60.285847795161075,11.231738001189957,59.927619495593646,11.546579312310776,0,709,WALKING,478,0
494,59.93401642951449,11.18676067102984,59.96600109911873,11.15302767340975,0,515,WALKING,364,0
495,59.99798576872296,11.411647321830426,59.9212225616728,10.928141022609164,0,860,WALKING,620,0
496,59.46064331937182,10.83818636228893,59.58218506386791,10.770720367048755,0,1130,WALKING,410,0
497,59.908428693831105,11.456624651990541,59.575788129947064,10.759476034508724,0,526,WALKING,384,0
498,60.221878455952606,11.321692661510191,60.24106925771515,11.242982333729985,0,977,WALKING,816,0
499,60.10673364537736,10.894408024989076,60.19629072026922,10.714498704348607,0,1231,WALKING,519,0
500,60.50334354846987,11.051828680549487,60.4393742092614,11.130539008329691,0,1049,WALKING,877,0
