0.0 51.6753206981323 46.459790010731645 83.68207694817929 68.14991096215091 17.827840437435555 76.77841819029747 53.276469478312 95.78647150613038 38.5480625791198 13.464545095414307 43.82874499497622 46.72179128437549 34.96909927396495 86.13412001991776 46.251723352858704 106.47284567674346 6.4329997471432305 102.43005033142968 101.11347994560886 3.4679887896028 61.91462179510442 54.358936457910836 79.27696402933756 51.09727239523837 9.997617753439446 51.042236992059486 36.24895084490725 100.22566275755376 54.52611349011401 22.96551512947334 9.490115874454519 10.779980235932067 26.02373907360045 89.64171363611159 31.56164406408427 97.64774970584612 16.20940811113453 106.76156375454879 96.18192711144617 84.97213534084884 71.73255487891036 92.78252023688658 84.18650387801623 93.89053640472791 44.65366373333231
51.6753206981323 0.0 14.113499038388465 33.200970642715916 46.8547264699518 69.24470492204021 44.319852358566834 3.200867786580492 44.752191422303 23.504646954116982 39.527440171878915 21.78758916238937 50.15009509014245 26.405444794635848 35.65778765191195 22.273318300931756 86.73379072989276 57.724723304407334 54.53246970860878 52.94707271627365 49.5342165615026 21.857375302247313 4.594533546262154 29.04771368567726 24.818250610577223 61.611159717018644 32.13789282957945 34.03027085438772 50.72386611149261 46.60173603522275 29.404981313573625 49.98541353274081 50.60044386004314 37.722873827021786 38.94908717768127 64.94123096744319 77.48209958331189 56.908004521332835 57.76096533839032 48.22140247672657 35.09811583251819 20.15834691153801 41.96708928664081 33.93837170812959 43.279259520128335 22.63344577065348
46.459790010731645 14.113499038388465 0.0 38.14933018257142 34.80668318861897 62.898395479072825 35.79211196483569 12.692825630291543 50.48173498802614 10.742996813736717 33.12566382909378 7.759694878987599 36.15227100965671 31.832786802717067 40.52825526059384 32.40074859544433 75.85490544644766 51.77575302156988 67.1109278072082 54.65498114920934 43.66298091513557 15.964379752533919 12.694910429698378 33.70796040576394 11.624476627564697 56.36864594168331 18.39323147229017 20.88203858963765 53.94281296379138 32.61183737391013 23.652687712949007 42.381225846123264 42.64418226945431 40.192742207823244 44.12378382953775 53.53020705819495 66.47380673123159 47.88757738074658 69.74609954462645 49.72301831630752 39.02874462208062 30.6517267158247 52.86893183461206 38.47327620661021 48.217266759140394 8.530618528889292
83.68207694817929 33.200970642715916 38.14933018257142 0.0 48.812028404592645 100.70457406132783 36.73500338023949 30.888069107400504 12.342776048791071 48.34227803338461 70.72110027212042 43.675291261841636 67.2096765196341 58.84366359463835 2.4674792873102134 51.63645928835881 77.49640487162118 89.37510822204557 42.04016851335071 21.065656539382022 81.16540343895359 26.435632123874896 29.638211064351623 4.4443221661434915 39.87699374780663 93.67896256437467 46.037347472372254 56.990119106671195 17.747493628583364 58.66758897470891 60.75685576257111 80.42122627400259 80.74306832941447 70.70184909125072 5.9859219925269365 90.47520402529862 69.7035051497595 86.0142200896017 41.63701316217149 17.07380622554415 3.098126303376633 17.625079450259346 24.301674693751497 1.2392505528566962 10.21135216865137 43.55057662304416
68.14991096215091 46.8547264699518 34.80668318861897 48.812028404592645 0.0 79.78945352927275 14.9374385596521 44.14516077163478 58.51539489676201 33.727551004949895 55.81623199499727 30.12406037282577 27.554684577303107 65.81967346935485 50.0536075038584 67.19262981493489 41.38278257266448 71.16209416894665 89.29500977236319 52.296990419275964 64.70889802938476 27.41962766391406 43.23830667217722 45.903214400885766 23.281574905359285 76.42593501140803 18.529452977411967 31.966100489787944 55.33661391157465 16.40206264853661 50.402781494315995 60.22723609872798 59.629816917591924 71.96250756704292 52.93464255591513 57.065536378272135 31.990418825861862 60.89304541105394 89.86979696547832 48.44833632392364 47.29671434503306 53.94253829256542 72.02637273911742 48.187446689521806 55.179092916155454 28.871757704809802
17.827840437435555 69.24470492204021 62.898395479072825 100.70457406132783 79.78945352927275 0.0 90.26329727101874 70.6863402637865 112.91871410158183 53.924529408487544 29.996060042309463 59.18904602894652 54.822963870474624 52.30770236220162 103.13680963004255 63.68482238430708 115.08887089868136 11.53910008439679 120.212441915031 117.35127776957431 19.711470074724 77.74280281363656 71.70595061685864 96.27217859159424 65.8737210149144 8.905538338832914 64.38995132646335 49.206915822317775 116.8401253350212 64.53420070694281 40.06192688235377 20.795510305050534 20.896074173939645 42.11136708241573 106.68612911128614 30.16348348207772 106.82509128868404 19.12278122882944 124.57904408718252 112.4243296559353 101.82288392369604 89.36744059385265 110.5677780762124 101.14169928825142 110.88405570518685 59.832014482766965
76.77841819029747 44.319852358566834 35.79211196483569 36.73500338023949 14.9374385596521 90.26329727101874 0.0 41.20091888039994 45.056954048949095 39.06664056922348 63.64626439713605 34.19679255467669 41.28182300643778 67.52087255122107 37.53273485111003 66.34303664942206 43.43081137625431 80.66031627307176 78.5119923816611 37.50574385544125 73.46231605720578 22.48121761978094 39.96791911336763 34.65821011745439 26.442992957087622 85.82429218681582 25.91099945345085 41.085038369312 40.86179433282282 30.28017424418753 56.38358694196004 69.87094467378951 69.51321182553004 75.7800408008619 39.99109718180043 70.14918948851387 34.6392551800393 71.9512303822169 78.36841276619204 33.85700801816268 34.70469639901214 45.65955273457904 60.852297117793874 35.90434492433362 41.66694730509801 33.10346089793562
53.276469478312 3.200867786580492 12.692825630291543 30.888069107400504 44.14516077163478 70.6863402637865 41.20091888039994 0.0 42.687873233369125 22.837923822000075 40.79034949321393 20.450394420921814 48.8260441399351 29.37228405821871 33.3546984283182 25.472502171886205 83.75672019051237 59.20733191165147 54.74752955461901 50.25332402529612 50.989223332974824 18.72316292805906 1.4365544969116473 26.63141792306348 22.614867323125942 63.25424841928361 30.081003600286056 33.29741583856904 48.23665490439614 44.671337337179416 30.65977973612123 51.06260344608082 51.59820753013666 40.45341143630714 36.73253692543638 65.01269142158358 74.53084406505474 57.67073938229709 57.67856308396834 45.48178049425304 32.62339020438005 19.205278148123927 41.37230615130835 31.556895794508176 41.048158723109886 21.165038325740817
95.78647150613038 44.752191422303 50.48173498802614 12.342776048791071 58.51539489676201 112.91871410158183 45.056954048949095 42.687873233369125 0.0 60.680058464836925 82.92383613137241 55.98216392606016 78.80192186498991 69.59168377411103 10.034805403881007 61.431276842311796 82.43821372828349 101.54992070345114 38.22071354280033 16.202493512792216 93.3313767004768 38.41055629624785 41.51324019497677 16.77626753681133 51.92910655934743 105.78318159090642 57.78035301143678 69.22448968986633 10.498566820103907 69.77428799706671 72.91142744308816 92.70826534870125 93.04761114156629 81.72188375150091 6.431530277731763 102.70343141029737 75.49292725748693 98.35451700788546 36.101523905444246 15.029924481784867 12.108024320960327 26.719057374378156 21.792705791831192 12.155337367473036 3.395654226841271 55.829785578801776
38.5480625791198 23.504646954116982 10.742996813736717 48.34227803338461 33.727551004949895 53.924529408487544 39.06664056922348 22.837923822000075 60.680058464836925 0.0 25.11418164937955 5.296626553185394 27.341293672012185 32.9977671413854 50.66216283100354 37.008410935165735 74.96510967347209 43.24341141317999 77.56892378991571 63.53584558286124 35.43845373539142 23.844985226811453 23.10021502725457 43.92932761744694 12.723334644771 48.14372869364712 15.211615323937902 10.52562422535032 63.38909723818764 26.547783110818937 17.330668961707353 33.14714007131587 33.20603788546795 38.23602094928725 54.27178872893818 42.79497832794665 65.6071327348122 37.82842205574102 80.3568371351008 58.62330961590481 48.96187152865327 41.34873018171095 63.589604424399376 48.567043244002235 58.25216358461272 6.123761744198128
13.464545095414307 39.527440171878915 33.12566382909378 70.72110027212042 55.81623199499727 29.996060042309463 63.64626439713605 40.79034949321393 82.92383613137241 25.11418164937955 0.0 30.383411014199563 37.221034534383584 28.251792740721157 73.15774837717551 38.48798783572125 95.29185143103578 18.68167603616487 92.17217946533702 87.76612860986485 10.53762766713417 48.46587324697646 41.76876916284154 66.29268756563572 37.727138256970086 23.26185971502582 38.14376774578385 23.913108082523234 87.01613332912358 43.370075408217986 10.136071693085857 10.74415555146239 11.658146179359214 24.04636681711313 76.70023076564001 31.544831665022482 86.24619168800768 18.873593683432148 96.12525673681992 82.83349051415709 71.88608145772673 59.685056211658086 81.28315838532319 71.17290570578588 80.9089192355706 31.23083741041587
43.82874499497622 21.78758916238937 7.759694878987599 43.675291261841636 30.12406037282577 59.18904602894652 34.19679255467669 20.450394420921814 55.98216392606016 5.296626553185394 30.383411014199563 0.0 28.398278002937058 35.74289005461053 45.94810801286659 38.26739903999805 71.50675480921272 48.53856452601122 74.6783096465913 58.35651680978604 40.73116530151245 18.64889370495055 20.40542689957344 39.30041980156451 7.757109671303105 53.43961523885216 12.10612195934651 13.645573902983875 58.342910192194054 25.43995664100166 22.264412757122635 38.40159157417472 38.42904092427767 42.185632383612685 49.55600984304624 46.946235473191514 62.114231772728 42.851131667943086 77.16067082063427 53.45351598731424 44.13983278737399 37.97523133708107 60.056093073314685 43.83511725936796 53.45852631619717 1.2540137961433964
46.72179128437549 50.15009509014245 36.15227100965671 67.2096765196341 27.554684577303107 54.822963870474624 41.28182300643778 48.8260441399351 78.80192186498991 27.341293672012185 37.221034534383584 28.398278002937058 0.0 57.80543624486829 69.10721175748269 63.74412491846704 60.393279479800015 48.03007952867725 102.41142416535169 76.41906259821768 43.31879735986411 40.930072029245686 48.70029580550626 63.26279768187225 28.174826708891764 53.20690493687283 21.23300034155969 17.725164277278243 78.2536840434659 11.161140150098811 36.65962480474664 37.5581802133112 36.56674338206058 59.19315850434504 72.5340216079593 29.612609352940723 52.00668027130334 35.72621680391549 104.45031434740012 71.97494510503044 66.72811097133066 65.41154192352398 86.88310509395227 66.99996452534441 75.76992524930289 27.66449296606035
34.96909927396495 26.405444794635848 31.832786802717067 58.84366359463835 65.81967346935485 52.30770236220162 67.52087255122107 29.37228405821871 69.59168377411103 32.9977671413854 28.251792740721157 35.74289005461053 57.80543624486829 0.0 61.24375774936064 11.398104488024414 107.18401931016567 41.36420743379892 68.62630983010474 79.16184655218585 34.426496705954975 46.15562923072779 30.805554477096702 54.944259128374426 42.706472881950084 43.55433200990744 47.74621812866462 40.281138327406985 76.57090398293789 59.337924664392055 22.17833429509186 38.14260410962598 39.34997513441632 12.440001262585557 64.2872570566309 59.7034476931878 97.78639420585331 46.78481759389848 73.40842665142361 74.50571489138491 61.03086281641809 43.09127714544008 61.3740425293452 59.7086431111571 68.59126996802561 36.9965279730352
86.13412001991776 35.65778765191195 40.52825526059384 2.4674792873102134 50.0536075038584 103.13680963004255 37.53273485111003 33.3546984283182 10.034805403881007 50.66216283100354 73.15774837717551 45.94810801286659 69.10721175748269 61.24375774936064 0.0 53.91824862701246 77.57435832057753 91.81626701200557 41.782883697533165 19.00590786490014 83.60860587345427 28.479418305600714 32.10567329817407 6.8650631421072905 41.97171063018711 96.13058390197632 47.98656641171398 59.199948800698586 15.402137063681746 60.37859791535205 63.20350982701171 82.8298036614783 83.14200032043163 73.1304732058324 3.6099911624877494 92.6822347701746 69.96152834963583 88.37242803826936 41.027606796725564 15.274801655230583 2.8296650725542767 19.67036987733271 24.08466990770195 2.1339197942352057 7.756548776358832 45.79574644018593
46.251723352858704 22.273318300931756 32.40074859544433 51.63645928835881 67.19262981493489 63.68482238430708 66.34303664942206 25.472502171886205 61.431276842311796 37.008410935165735 38.48798783572125 38.26739903999805 63.74412491846704 11.398104488024414 53.91824862701246 0.0 108.01959372445282 52.66759478005573 57.388978005243786 72.53258167026604 45.529749086861386 43.99942777840932 26.8378447119253 48.1515673950683 44.00722693976129 54.94762820319188 50.268980261077886 46.03386289078664 69.30997657652397 63.408093631434255 30.829937193732352 48.80972528429857 49.935870830442106 23.18094400583042 56.64665089554833 69.42946477835656 98.67216581667074 57.306436228205634 62.29528470240577 68.1211909565755 54.14402964150055 34.72284242887264 51.08899563693705 52.63175338311568 60.84548834353623 39.45717736079442
106.47284567674346 86.73379072989276 75.85490544644766 77.49640487162118 41.38278257266448 115.08887089868136 43.43081137625431 83.75672019051237 82.43821372828349 74.96510967347209 95.29185143103578 71.50675480921272 60.393279479800015 107.18401931016567 77.57435832057753 108.01959372445282 0.0 108.32008953467916 119.34687057637565 69.18581539860463 103.01174350415232 65.34851420913452 82.64245828005679 76.48063454714469 64.52882191232018 113.53445928528672 59.76702363200386 71.59142510942542 74.60620323520077 52.00986074397633 91.13401207733446 97.64774970584612 96.75746852966516 113.15853954506318 79.05485419161667 87.45927385410342 9.397853672644333 96.06193090544035 118.20059012129457 67.9581154147176 74.85929157551512 88.85272940135329 101.65803970463416 76.43724329037315 79.21048819900517 70.25429228462666
6.4329997471432305 57.724723304407334 51.77575302156988 89.37510822204557 71.16209416894665 11.53910008439679 80.66031627307176 59.20733191165147 101.54992070345114 43.24341141317999 18.68167603616487 48.53856452601122 48.03007952867725 41.36420743379892 91.81626701200557 52.66759478005573 108.32008953467916 0.0 108.83707535010973 106.37672514038563 8.22397503767606 66.92175515591528 60.24637029257116 84.95174979384399 55.52976634811403 5.271722691099196 54.7658898227502 39.669322818476374 105.69157538430188 56.73760163411645 28.641236437671157 10.934859255929593 11.620978194248814 32.03530493498417 95.35011106103468 28.803832546536945 99.7029474916911 13.962119478750237 113.1407878721697 101.44467193459201 90.56450934450817 77.83757322890385 99.03493551964183 89.83964604710228 99.57004855661991 49.2698560947459
102.43005033142968 54.53246970860878 67.1109278072082 42.04016851335071 89.29500977236319 120.212441915031 78.5119923816611 54.74752955461901 38.22071354280033 77.56892378991571 92.17217946533702 74.6783096465913 102.41142416535169 68.62630983010474 41.782883697533165 57.388978005243786 119.34687057637565 108.83707535010973 0.0 54.10555403476748 101.0748582659632 63.150403193349995 54.483058485062855 43.869753975605285 74.39482716693459 111.7188075188671 81.7948982565954 87.96475996330138 48.16525745441582 96.07869221100897 82.48126453409704 102.91345790885022 103.74919774597811 80.53815248170464 40.41450604504533 119.45483681167919 111.71529752529803 110.56186978053668 6.061426348906102 53.222871215593536 44.528268694661975 37.01449955460294 17.739234087568732 43.026095327319105 41.019247992562 75.16232579391115
101.11347994560886 52.94707271627365 54.65498114920934 21.065656539382022 52.296990419275964 117.35127776957431 37.50574385544125 50.25332402529612 16.202493512792216 63.53584558286124 87.76612860986485 58.35651680978604 76.41906259821768 79.16184655218585 19.00590786490014 72.53258167026604 69.18581539860463 106.37672514038563 54.10555403476748 0.0 98.30276087490297 39.70763314333236 48.879791768698226 24.390876246850915 52.548711231364734 111.02014788570787 56.729117683239785 70.33490980921252 5.955159712190776 66.17795630592404 78.23873966864737 96.6355970741375 96.73648928071007 90.66689352734292 17.230751745419933 103.08016855028363 63.17516893061109 101.12329473974597 51.459445642508804 4.932645769965233 18.397536319133483 38.658688417671826 37.99512309216466 19.98368318347176 14.231496035787371 57.86312272856416
3.4679887896028 49.5342165615026 43.66298091513557 81.16540343895359 64.70889802938476 19.711470074724 73.46231605720578 50.989223332974824 93.3313767004768 35.43845373539142 10.53762766713417 40.73116530151245 43.31879735986411 34.426496705954975 83.60860587345427 45.529749086861386 103.01174350415232 8.22397503767606 101.0748582659632 98.30276087490297 0.0 58.958880974435694 52.024014903787034 76.74475973171548 47.90928403441508 12.742651725577192 47.68287161373503 32.831531968479815 97.54052676666828 51.059615243450814 20.420342958544065 6.483540151432329 7.885589521652557 26.531394281934194 87.1384082589084 29.421730522868508 94.18141237305144 14.238848593934408 105.27522247776886 93.3701151667924 82.37548316740377 69.66305236379495 90.9580710586156 81.63718833708668 91.36345123996351 41.5218037732965
61.91462179510442 21.857375302247313 15.964379752533919 26.435632123874896 27.41962766391406 77.74280281363656 22.48121761978094 18.72316292805906 38.41055629624785 23.844985226811453 48.46587324697646 18.64889370495055 40.930072029245686 46.15562923072779 28.479418305600714 43.99942777840932 65.34851420913452 66.92175515591528 63.150403193349995 39.70763314333236 58.958880974435694 0.0 17.48773299736051 22.36431863579377 13.52928108949532 71.70146790985527 19.698437440165158 31.101889121078532 39.8341462249318 33.16977158380572 39.40297408265591 56.98298040800138 57.05064228608335 55.64498634318833 32.01482762528011 64.46175610567751 56.23114173511323 61.456580903534345 64.46118997595316 34.80573437545313 26.325689937931816 26.78738562664892 46.62419625492937 26.34771507660385 35.61410197205779 18.18139700668011
54.358936457910836 4.594533546262154 12.694910429698378 29.638211064351623 43.23830667217722 71.70595061685864 39.96791911336763 1.4365544969116473 41.51324019497677 23.10021502725457 41.76876916284154 20.40542689957344 48.70029580550626 30.805554477096702 32.10567329817407 26.8378447119253 82.64245828005679 60.24637029257116 54.483058485062855 48.879791768698226 52.024014903787034 17.48773299736051 0.0 25.351793953717383 22.07541562585866 64.34552501762374 29.601001719983675 33.48564835756936 46.92087117143411 44.23416507443884 31.652235948274736 51.9640170575098 52.47003850483742 41.85231445055974 35.50986549730903 65.50771708295582 73.43819656419885 58.44907767317406 57.2808252675751 44.09773083777674 31.31904016840756 18.535818272009735 40.776488027891254 30.283448270898507 39.81728886255013 21.04723183190045
79.27696402933756 29.04771368567726 33.70796040576394 4.4443221661434915 45.903214400885766 96.27217859159424 34.65821011745439 26.63141792306348 16.77626753681133 43.92932761744694 66.29268756563572 39.30041980156451 63.26279768187225 54.944259128374426 6.8650631421072905 48.1515673950683 76.48063454714469 84.95174979384399 43.869753975605285 24.390876246850915 76.74475973171548 22.36431863579377 25.351793953717383 0.0 35.7016457418401 89.2727996351676 42.045370351286216 52.67005299728841 21.686741512508103 54.99546902028643 56.341661200711286 75.97790881023631 76.29876877067232 66.6755031394919 10.428911615679649 86.15044034909218 68.39233583774963 81.5783290898967 44.01932940301094 20.00135043505559 6.086819863838753 15.163592828110344 26.282732614337174 4.936054459631975 14.618706041558559 39.20132193155128
51.09727239523837 24.818250610577223 11.624476627564697 39.87699374780663 23.281574905359285 65.8737210149144 26.442992957087622 22.614867323125942 51.92910655934743 12.723334644771 37.727138256970086 7.757109671303105 28.174826708891764 42.706472881950084 41.97171063018711 44.00722693976129 64.52882191232018 55.52976634811403 74.39482716693459 52.548711231364734 47.90928403441508 13.52928108949532 22.07541562585866 35.7016457418401 0.0 60.53798749591873 7.5850082431545935 17.794937844357488 53.11858211954231 22.241049891125137 29.970676152607155 45.103267821310205 44.99039633583768 49.774293558172324 45.52362227703376 50.9770223911049 55.13284964782182 48.75759551644375 76.29926323800328 47.72215035752498 39.85265288907316 37.385372735090364 58.70828695840804 39.83804123491868 49.14321987478765 6.668013093958586
9.997617753439446 61.611159717018644 56.36864594168331 93.67896256437467 76.42593501140803 8.905538338832914 85.82429218681582 63.25424841928361 105.78318159090642 48.14372869364712 23.26185971502582 53.43961523885216 53.20690493687283 43.55433200990744 96.13058390197632 54.94762820319188 113.53445928528672 5.271722691099196 111.7188075188671 111.02014788570787 12.742651725577192 71.70146790985527 64.34552501762374 89.2727996351676 60.53798749591873 0.0 59.946351880589084 44.88166163245308 110.19199542376761 61.99873305161307 32.94918981840232 16.200782588960173 16.88692507200268 33.20741239286343 99.6391509189443 32.644677280696634 104.9415415481082 18.51109080264927 116.18477345426466 106.087660429267 94.96020325192366 81.62543067139396 102.51326003637732 94.18103317276459 103.88706222484768 54.20800556326495
51.042236992059486 32.13789282957945 18.39323147229017 46.037347472372254 18.529452977411967 64.38995132646335 25.91099945345085 30.081003600286056 57.78035301143678 15.211615323937902 38.14376774578385 12.10612195934651 21.23300034155969 47.74621812866462 47.98656641171398 50.268980261077886 59.76702363200386 54.7658898227502 81.7948982565954 56.729117683239785 47.68287161373503 19.698437440165158 29.601001719983675 42.045370351286216 7.5850082431545935 59.946351880589084 0.0 15.185345177125319 57.951090543542044 14.659149315082802 31.98888434473918 43.96063501383817 43.60649520661486 53.44538438242435 51.45601768268298 46.389123690127136 50.40186805607438 46.301889449092315 83.55771865361056 52.059682379221734 45.677069959788334 44.81729470082374 65.86694137070226 45.868157640198255 54.827214912863425 10.873636301081481
36.24895084490725 34.03027085438772 20.88203858963765 56.990119106671195 31.966100489787944 49.206915822317775 41.085038369312 33.29741583856904 69.22448968986633 10.52562422535032 23.913108082523234 13.645573902983875 17.725164277278243 40.281138327406985 59.199948800698586 46.03386289078664 71.59142510942542 39.669322818476374 87.96475996330138 70.33490980921252 32.831531968479815 31.101889121078532 33.48564835756936 52.67005299728841 17.794937844357488 44.88166163245308 15.185345177125319 0.0 70.87503367298675 20.148210435019095 20.148210435019095 28.814003383615795 28.428808740823523 42.87028568122024 62.7936976152683 33.48515233429438 62.459435410212265 31.30358897628945 90.62483023302151 65.51544106107337 57.24612500332392 51.4925905712795 73.64633232451787 57.072165944665855 66.57349930658953 13.52941537726825
100.22566275755376 50.72386611149261 53.94281296379138 17.747493628583364 55.33661391157465 116.8401253350212 40.86179433282282 48.23665490439614 10.498566820103907 63.38909723818764 87.01613332912358 58.342910192194054 78.2536840434659 76.57090398293789 15.402137063681746 69.30997657652397 74.60620323520077 105.69157538430188 48.16525745441582 5.955159712190776 97.54052676666828 39.8341462249318 46.92087117143411 21.686741512508103 53.11858211954231 110.19199542376761 57.951090543542044 70.87503367298675 0.0 68.38778232195355 77.26592980652771 96.25848429146058 96.44835714578225 88.35912331244715 12.836252820733863 104.02557072013062 68.31191426169954 101.18936010081109 45.50882770484298 7.108726019498044 15.626322214915252 34.86808965924004 32.22638870504705 16.863005691921096 9.105235227345913 57.970048874847464
54.52611349011401 46.60173603522275 32.61183737391013 58.66758897470891 16.40206264853661 64.53420070694281 30.28017424418753 44.671337337179416 69.77428799706671 26.547783110818937 43.370075408217986 25.43995664100166 11.161140150098811 59.337924664392055 60.37859791535205 63.408093631434255 52.00986074397633 56.73760163411645 96.07869221100897 66.17795630592404 51.059615243450814 33.16977158380572 44.23416507443884 54.99546902028643 22.241049891125137 61.99873305161307 14.659149315082802 20.148210435019095 68.38778232195355 0.0 40.26729308647793 45.90560131786526 45.11733045664215 62.935289152039374 63.66943935537438 40.6831518422817 43.12186781650769 45.44591638732077 97.59628260978162 61.88681897650152 57.84782128152397 59.21242693007082 79.78514038542446 58.321013583867185 66.61808049923859 24.362669541681253
22.96551512947334 29.404981313573625 23.652687712949007 60.75685576257111 50.402781494315995 40.06192688235377 56.38358694196004 30.65977973612123 72.91142744308816 17.330668961707353 10.136071693085857 22.264412757122635 36.65962480474664 22.17833429509186 63.20350982701171 30.829937193732352 91.13401207733446 28.641236437671157 82.48126453409704 78.23873966864737 20.420342958544065 39.40297408265591 31.652235948274736 56.341661200711286 29.970676152607155 32.94918981840232 31.98888434473918 20.148210435019095 77.26592980652771 40.26729308647793 0.0 20.63753783515584 21.348524801756394 22.744238932813477 66.72622179222616 38.7518928073465 81.87271691268147 28.09097914849647 86.29242985310185 73.3110663925121 62.01120301031407 49.559327002511544 71.22884347633872 61.242582583719035 70.9596364503871 23.303302178724504
9.490115874454519 49.98541353274081 42.381225846123264 80.42122627400259 60.22723609872798 20.795510305050534 69.87094467378951 51.06260344608082 92.70826534870125 33.14714007131587 10.74415555146239 38.40159157417472 37.5581802133112 38.14260410962598 82.8298036614783 48.80972528429857 97.64774970584612 10.934859255929593 102.91345790885022 96.6355970741375 6.483540151432329 56.98298040800138 51.9640170575098 75.97790881023631 45.103267821310205 16.200782588960173 43.96063501383817 28.814003383615795 96.25848429146058 45.90560131786526 20.63753783515584 0.0 1.4516783953555434 31.708829460937142 86.40676973067264 23.328120267769894 88.9495385935674 8.732822019575394 106.84347469695746 91.7136402904364 81.40236355369541 70.11258335039918 91.8627368311304 80.80055673962454 90.55142404939157 39.0368026062031
10.779980235932067 50.60044386004314 42.64418226945431 80.74306832941447 59.629816917591924 20.896074173939645 69.51321182553004 51.59820753013666 93.04761114156629 33.20603788546795 11.658146179359214 38.42904092427767 36.56674338206058 39.34997513441632 83.14200032043163 49.935870830442106 96.75746852966516 11.620978194248814 103.74919774597811 96.73648928071007 7.885589521652557 57.05064228608335 52.47003850483742 76.29876877067232 44.99039633583768 16.88692507200268 43.60649520661486 28.428808740823523 96.44835714578225 45.11733045664215 21.348524801756394 1.4516783953555434 0.0 33.101798690634794 86.72661067512995 21.884718769653663 88.10458213477658 7.444639816954987 107.62612447304002 91.8201032210465 81.67253268009213 70.69775365824874 92.52262977900065 81.10162948433108 90.85056045646242 39.02327729371499
26.02373907360045 37.722873827021786 40.192742207823244 70.70184909125072 71.96250756704292 42.11136708241573 75.7800408008619 40.45341143630714 81.72188375150091 38.23602094928725 24.04636681711313 42.185632383612685 59.19315850434504 12.440001262585557 73.1304732058324 23.18094400583042 113.15853954506318 32.03530493498417 80.53815248170464 90.66689352734292 26.531394281934194 55.64498634318833 41.85231445055974 66.6755031394919 49.774293558172324 33.20741239286343 53.44538438242435 42.87028568122024 88.35912331244715 62.935289152039374 22.744238932813477 31.708829460937142 33.101798690634794 0.0 76.26939893438981 54.798917554046255 103.81796078771237 40.36716019896152 85.4761759875264 85.9231964149798 72.75244688617539 55.37446531653808 73.79054136478982 71.51280071557932 80.59145629421928 43.40176861246541
89.64171363611159 38.94908717768127 44.12378382953775 5.9859219925269365 52.93464255591513 106.68612911128614 39.99109718180043 36.73253692543638 6.431530277731763 54.27178872893818 76.70023076564001 49.55600984304624 72.5340216079593 64.2872570566309 3.6099911624877494 56.64665089554833 79.05485419161667 95.35011106103468 40.41450604504533 17.230751745419933 87.1384082589084 32.01482762528011 35.50986549730903 10.428911615679649 45.52362227703376 99.6391509189443 51.45601768268298 62.7936976152683 12.836252820733863 63.66943935537438 66.72622179222616 86.40676973067264 86.72661067512995 76.26939893438981 0.0 96.27357338427242 71.6884191611258 91.97630670817487 39.18331443776244 14.229057230098762 5.823623471497961 22.066817677338932 22.95251562828751 5.7240359238733864 4.332051188520474 49.399209771062694
31.56164406408427 64.94123096744319 53.53020705819495 90.47520402529862 57.065536378272135 30.16348348207772 70.14918948851387 65.01269142158358 102.70343141029737 42.79497832794665 31.544831665022482 46.946235473191514 29.612609352940723 59.7034476931878 92.6822347701746 69.42946477835656 87.45927385410342 28.803832546536945 119.45483681167919 103.08016855028363 29.421730522868508 64.46175610567751 65.50771708295582 86.15044034909218 50.9770223911049 32.644677280696634 46.389123690127136 33.48515233429438 104.02557072013062 40.6831518422817 38.7518928073465 23.328120267769894 21.884718769653663 54.798917554046255 96.27357338427242 0.0 79.8633356918859 15.355338957090126 122.65466689203234 98.36252108722483 90.70322414455273 83.98674388098391 106.25330927624061 90.55344704701912 100.0252991223749 46.9631934469298
97.64774970584612 77.48209958331189 66.47380673123159 69.7035051497595 31.990418825861862 106.82509128868404 34.6392551800393 74.53084406505474 75.49292725748693 65.6071327348122 86.24619168800768 62.114231772728 52.00668027130334 97.78639420585331 69.96152834963583 98.67216581667074 9.397853672644333 99.7029474916911 111.71529752529803 63.17516893061109 94.18141237305144 56.23114173511323 73.43819656419885 68.39233583774963 55.13284964782182 104.9415415481082 50.40186805607438 62.459435410212265 68.31191426169954 43.12186781650769 81.87271691268147 88.9495385935674 88.10458213477658 103.81796078771237 71.6884191611258 79.8633356918859 0.0 87.73272175287053 110.86445094712269 61.44334898682335 67.19392455746616 80.2627517092699 93.98120107442325 68.69372290639694 72.19009252815654 60.8620874144436
16.20940811113453 56.908004521332835 47.88757738074658 86.0142200896017 60.89304541105394 19.12278122882944 71.9512303822169 57.67073938229709 98.35451700788546 37.82842205574102 18.873593683432148 42.851131667943086 35.72621680391549 46.78481759389848 88.37242803826936 57.306436228205634 96.06193090544035 13.962119478750237 110.56186978053668 101.12329473974597 14.238848593934408 61.456580903534345 58.44907767317406 81.5783290898967 48.75759551644375 18.51109080264927 46.301889449092315 31.30358897628945 101.18936010081109 45.44591638732077 28.09097914849647 8.732822019575394 7.444639816954987 40.36716019896152 91.97630670817487 15.355338957090126 87.73272175287053 0.0 114.30259227051303 96.24133402877449 86.75308847674471 76.86208464923405 98.87359527242228 86.29687331708979 96.01602130450806 43.2756822252127
106.76156375454879 57.76096533839032 69.74609954462645 41.63701316217149 89.86979696547832 124.57904408718252 78.36841276619204 57.67856308396834 36.101523905444246 80.3568371351008 96.12525673681992 77.16067082063427 104.45031434740012 73.40842665142361 41.027606796725564 62.29528470240577 118.20059012129457 113.1407878721697 6.061426348906102 51.459445642508804 105.27522247776886 64.46118997595316 57.2808252675751 44.01932940301094 76.29926323800328 116.18477345426466 83.55771865361056 90.62483023302151 45.50882770484298 97.59628260978162 86.29242985310185 106.84347469695746 107.62612447304002 85.4761759875264 39.18331443776244 122.65466689203234 110.86445094712269 114.30259227051303 0.0 51.096405149455315 43.84202765365931 39.196420275797145 17.894270194113243 42.50587361392192 39.15381093454946 77.55913835406552
96.18192711144617 48.22140247672657 49.72301831630752 17.07380622554415 48.44833632392364 112.4243296559353 33.85700801816268 45.48178049425304 15.029924481784867 58.62330961590481 82.83349051415709 53.45351598731424 71.97494510503044 74.50571489138491 15.274801655230583 68.1211909565755 67.9581154147176 101.44467193459201 53.222871215593536 4.932645769965233 93.3701151667924 34.80573437545313 44.09773083777674 20.00135043505559 47.72215035752498 106.087660429267 52.059682379221734 65.51544106107337 7.108726019498044 61.88681897650152 73.3110663925121 91.7136402904364 91.8201032210465 85.9231964149798 14.229057230098762 98.36252108722483 61.44334898682335 96.24133402877449 51.096405149455315 0.0 14.192657506563831 34.676902948481896 36.41193929405871 15.911679321438948 12.275191789759537 52.97240039364858
84.97213534084884 35.09811583251819 39.02874462208062 3.098126303376633 47.29671434503306 101.82288392369604 34.70469639901214 32.62339020438005 12.108024320960327 48.96187152865327 71.88608145772673 44.13983278737399 66.72811097133066 61.03086281641809 2.8296650725542767 54.14402964150055 74.85929157551512 90.56450934450817 44.528268694661975 18.397536319133483 82.37548316740377 26.325689937931816 31.31904016840756 6.086819863838753 39.85265288907316 94.96020325192366 45.677069959788334 57.24612500332392 15.626322214915252 57.84782128152397 62.01120301031407 81.40236355369541 81.67253268009213 72.75244688617539 5.823623471497961 90.70322414455273 67.19392455746616 86.75308847674471 43.84202765365931 14.192657506563831 0.0 20.500699331678774 26.807840687382132 1.8588758180328115 9.329446936809093 43.9280805375878
71.73255487891036 20.15834691153801 30.6517267158247 17.625079450259346 53.94253829256542 89.36744059385265 45.65955273457904 19.205278148123927 26.719057374378156 41.34873018171095 59.685056211658086 37.97523133708107 65.41154192352398 43.09127714544008 19.67036987733271 34.72284242887264 88.85272940135329 77.83757322890385 37.01449955460294 38.658688417671826 69.66305236379495 26.78738562664892 18.535818272009735 15.163592828110344 37.385372735090364 81.62543067139396 44.81729470082374 51.4925905712795 34.86808965924004 59.21242693007082 49.559327002511544 70.11258335039918 70.69775365824874 55.37446531653808 22.066817677338932 83.98674388098391 80.2627517092699 76.86208464923405 39.196420275797145 34.676902948481896 20.500699331678774 0.0 22.266620457447296 18.76671073824708 26.182210986506764 38.36277845567947
92.78252023688658 41.96708928664081 52.86893183461206 24.301674693751497 72.02637273911742 110.5677780762124 60.852297117793874 41.37230615130835 21.792705791831192 63.589604424399376 81.28315838532319 60.056093073314685 86.88310509395227 61.3740425293452 24.08466990770195 51.08899563693705 101.65803970463416 99.03493551964183 17.739234087568732 37.99512309216466 90.9580710586156 46.62419625492937 40.776488027891254 26.282732614337174 58.70828695840804 102.51326003637732 65.86694137070226 73.64633232451787 32.22638870504705 79.78514038542446 71.22884347633872 91.8627368311304 92.52262977900065 73.79054136478982 22.95251562828751 106.25330927624061 93.98120107442325 98.87359527242228 17.894270194113243 36.41193929405871 26.807840687382132 22.266620457447296 0.0 25.288591482414283 24.14741135335025 60.36454474387239
84.18650387801623 33.93837170812959 38.47327620661021 1.2392505528566962 48.187446689521806 101.14169928825142 35.90434492433362 31.556895794508176 12.155337367473036 48.567043244002235 71.17290570578588 43.83511725936796 66.99996452534441 59.7086431111571 2.1339197942352057 52.63175338311568 76.43724329037315 89.83964604710228 43.026095327319105 19.98368318347176 81.63718833708668 26.34771507660385 30.283448270898507 4.936054459631975 39.83804123491868 94.18103317276459 45.868157640198255 57.072165944665855 16.863005691921096 58.321013583867185 61.242582583719035 80.80055673962454 81.10162948433108 71.51280071557932 5.7240359238733864 90.55344704701912 68.69372290639694 86.29687331708979 42.50587361392192 15.911679321438948 1.8588758180328115 18.76671073824708 25.288591482414283 0.0 9.750933767167291 43.675291261841636
93.89053640472791 43.279259520128335 48.217266759140394 10.21135216865137 55.179092916155454 110.88405570518685 41.66694730509801 41.048158723109886 3.395654226841271 58.25216358461272 80.9089192355706 53.45852631619717 75.76992524930289 68.59126996802561 7.756548776358832 60.84548834353623 79.21048819900517 99.57004855661991 41.019247992562 14.231496035787371 91.36345123996351 35.61410197205779 39.81728886255013 14.618706041558559 49.14321987478765 103.88706222484768 54.827214912863425 66.57349930658953 9.105235227345913 66.61808049923859 70.9596364503871 90.55142404939157 90.85056045646242 80.59145629421928 4.332051188520474 100.0252991223749 72.19009252815654 96.01602130450806 39.15381093454946 12.275191789759537 9.329446936809093 26.182210986506764 24.14741135335025 9.750933767167291 0.0 53.255165521020274
44.65366373333231 22.63344577065348 8.530618528889292 43.55057662304416 28.871757704809802 59.832014482766965 33.10346089793562 21.165038325740817 55.829785578801776 6.123761744198128 31.23083741041587 1.2540137961433964 27.66449296606035 36.9965279730352 45.79574644018593 39.45717736079442 70.25429228462666 49.2698560947459 75.16232579391115 57.86312272856416 41.5218037732965 18.18139700668011 21.04723183190045 39.20132193155128 6.668013093958586 54.20800556326495 10.873636301081481 13.52941537726825 57.970048874847464 24.362669541681253 23.303302178724504 39.0368026062031 39.02327729371499 43.40176861246541 49.399209771062694 46.9631934469298 60.8620874144436 43.2756822252127 77.55913835406552 52.97240039364858 43.9280805375878 38.36277845567947 60.36454474387239 43.675291261841636 53.255165521020274 0.0
