0.0 39.686424945810785 29.881565280380578 31.69822884539714 26.792715820523096 17.940269281687083 39.123035827768526 56.63423556947244 68.3074619174359 51.653005779177704 14.019885131040729 33.01549615865193 15.81683760038818 32.247116745011354 36.83863957681291 7.6037031228627825 44.68534642896632 11.320530316783422 45.74640540302709 24.773284920079533 25.674478582474887 33.15787957977354 37.176487510710466 22.934380826045977 17.55960228761836 39.54018549236073 45.81470669679827 55.487762996738105 30.21687080698378 75.70951635514893 17.01410639148111 39.23372913164311 22.94802059496041 24.612296846977454 56.31815736855937 40.2396588303516 53.35421695182943 16.525451651906696 46.10673731019055 21.417255830923917 78.95153270574514 67.263112170476 58.42950897771963 53.87381830071968 54.676033101292106 60.623827094213816 70.42533454496768 82.72186287904486 96.5649261818942 111.37936458981497 70.04304412757392 56.595768675781486 45.813098321258 39.916223119341105 41.06672257436609 48.76835533875328 60.57173603589296 74.55349673065142 89.70071620338757 105.51264873991971 63.086671535133455 47.76208922715032 34.368832357537805 26.07540097968566 27.880940860208383 38.385903905138534 52.61481542609562 68.27789110929253 84.58210481293592 101.21810570745549 58.77974137841803 41.937427450024614 25.712849226896438 12.738382127962959 16.18935183223242 30.994141638280443 47.51727568655231 64.4504393396471 81.53857825034349 98.70123264021132 57.718498964563985 40.44354645224092 23.208820409137942 6.350732884498304 11.862876539632136 28.979948924323583 46.234841924200175 63.51533156720491 80.80499767133614 98.09898838149249 60.07521340450897 43.72661442626912 28.52568275933975 17.723559707948965 20.328472266614998 33.33288503572646 49.06758491145899 65.59639302119821 82.44305846961453 99.4461725070753 65.48184839823196 50.869961235735246 38.55311115770875 31.36304738287318 32.85799810933933 42.12320353170128 55.38762902641689 70.42672475614754 86.31782323377355 102.66605375132121 73.26622047237692 60.521725412000784 50.56207214363267 45.26445338510187 46.259291491304595 53.19470900874647 64.17270285665239 77.49385927517456 92.14751416418429 107.59058609153051 82.75998824258944 71.67552118931951 63.436910061975716 59.24355927400829 59.95042626681022 65.39881069679227 74.55636665158889 86.24961282550953 99.58933754690476 113.99900494877832 93.44346492781428 83.73311880795971 76.74292577305366 73.25575438630739 73.77006078985217 78.2069409380222 85.96113526686152 96.23406551249364 108.31140926276626 121.65695545261761
39.686424945810785 0.0 51.14587598558797 9.58303121268815 42.54598312420231 57.145977143096175 73.87163919109133 23.294832923724204 72.35696928719796 46.587316694930024 53.64395293565553 65.28537967107944 35.09233176226915 71.29636457565876 38.582833340972115 33.467562786594875 44.24247052871366 37.9151850968918 78.00354080112382 62.39944873376126 51.466424576079326 17.68117481537118 69.39969228200299 62.33055007432933 26.55692438905951 27.738476983813406 81.67036367514422 16.99804650718 67.69761778215792 87.1693765774915 56.65721401480754 11.655226210487074 32.32998647583878 64.02792470620295 65.32949735059245 72.87306172455148 49.89086972878716 30.554169025384684 79.85281692348224 55.442635161787805 110.93234849887226 102.57056308702803 96.6132797381199 93.52113222835314 93.57857375910253 96.77999639541042 102.83217823006903 111.2709171257914 121.6003620757704 133.38197050336237 99.2339869928054 89.8519072588633 83.05437459625374 79.5070806872154 79.64549866574849 83.45129043043713 90.46277206444461 100.00795579643294 111.43766038887883 124.23282947734728 88.25971613951673 77.62197342346616 69.7083697867117 65.51362967940702 65.75338260970403 70.38232569940665 78.62905959223437 89.4990449606657 102.15831772312633 116.02265944764761 78.3147190686234 66.15259789428173 56.725990564466606 51.55783757117895 51.93538328270364 57.749963382072615 67.6131149753069 80.04192135790626 94.02438962526277 108.96404602239441 69.84025323417653 55.91399758019816 44.42742584663992 37.68188023137104 38.27216895699899 45.916234863724334 57.88392885673764 72.05209715257524 87.3565514229814 103.29344769647916 63.42864205091825 47.70550648116049 33.57304109988278 24.024859056073456 25.01898560188375 35.68496115091494 50.195560441468025 66.06423501099242 82.51110853066629 99.24915081795679 59.74782323491561 42.71415477402039 26.036683219293863 11.403155103922028 13.448726253727354 28.81696978574181 45.59254846656228 62.6550590293644 79.82070900786061 97.03477711263693 59.30848741542415 42.10026811535683 25.021629496854786 8.856905858492908 11.380733346781938 27.916140009871818 45.031257211032916 62.24974578562555 79.5044718626258 96.77605444190465 62.179387841849284 46.03929586504352 31.17160628591323 20.553177284619046 21.723465144993856 33.46784371126052 48.65178281222954 64.90460047072273 81.59001248324397 98.48839979926122 67.94215326058102 53.53547074383471 41.40851627318539 34.08800326059755 34.756680895003804 43.04381397566835 55.64369803009637 70.2736116436884 85.90254949897273 102.07263923921703
29.881565280380578 51.14587598558797 0.0 41.63124760987207 56.47850241776603 29.24842058475041 61.94534578838029 73.63419297995866 98.0291087575978 79.47670163026375 30.755683635243667 18.61857534628111 44.74628220985991 48.227079209686394 65.0284870913588 34.84291184912099 73.06684549154645 19.70995368644317 70.06049968412236 46.504097478839704 55.06337291219207 35.081598463298306 21.58045995289145 40.084581126400124 42.61770451502923 64.14472780782337 66.33136268755113 67.95391204493758 50.843883705967166 105.4591736947031 34.7222283251127 57.05483296347567 50.83503386310392 33.6579492335629 86.18006945179313 24.799573413448126 81.62159195711486 22.413844028395072 69.0599205468445 48.09514247564563 60.29727350221176 54.41275692929196 53.7069331415864 58.367977901388656 67.28972170429024 79.04234356059767 92.5536446045904 107.16044890184418 122.4714093693134 138.25277589000186 48.123938569933124 40.5824088315478 39.70713307452635 45.881227040803644 56.852648485770764 70.41353813113358 85.33823956196959 101.02410592451682 117.16582646345131 133.59827046156082 37.42328099599031 27.123858245618205 25.8769385129857 34.6733145594172 48.307060284255755 63.74649746520635 79.95230040348464 96.53929394509915 113.34024327581582 130.2723944314759 29.82515197008288 15.069055172800638 12.77991339763888 26.42515805042061 42.80145790056274 59.70220806399189 76.78186977332642 93.94291049842757 111.14764220973197 128.37850027737582 27.982743116657424 11.002606883941587 7.602259720908456 24.356619145475157 41.56211000710977 58.824201048541916 76.1043876426708 93.39262581511026 110.6851428310234 127.98020424703031 32.87835368019058 20.4364380038219 18.788878368486714 29.784358259092098 44.94336589483122 61.24880711883927 77.98486201470801 94.92403872485794 111.97419187738544 129.091356254651 42.23022781865006 33.41921786837191 32.38834312794871 39.747629923538554 52.05239730120477 66.61635468344167 82.24800316103693 98.4400223623108 114.9558639100726 131.6737329829383 53.760970364343656 47.10239676889795 46.32205622162149 51.68687713720457 61.61198672428483 74.29161333713951 88.55029068493356 103.7389387468848 119.50348993970404 135.643297167032 66.34395068122109 61.01645100264817 60.35884925046735 64.5141066872398 72.66116658369732 83.64159363378333 96.49291751335373 110.56466869130925 125.4468201383797 140.88278563990968 79.48084196633015 75.03290776182956 74.44029013294207 77.79114913243392 84.61829300962765 94.16865019918461 105.70667144655206 118.65391959461914 132.59823309581907 147.2566356476825
31.69822884539714 9.58303121268815 41.63124760987207 0.0 39.84458706203903 48.590854948991705 68.07121010822841 32.26606137654367 74.2291644120289 49.56098839388816 45.39240850366642 55.76093136776482 30.29063818857682 63.83323958720173 39.03944824804962 26.371478626601842 45.84654203706263 28.65497597816195 72.99659797791438 55.51178284163634 47.20815115560223 10.037966741321119 59.85746808917217 54.615604601961174 21.7066942241248 30.689054222176768 75.59833686116073 26.5681821122212 60.920070695724505 87.63864055295481 48.68959990069284 17.31142969574454 29.55367741955533 55.519732918122436 65.77761584678119 63.33305413781254 52.65941640814481 21.065723710064407 74.43581924204736 49.44561712794926 101.34939219373261 93.08847680662255 87.5094722907694 85.14122959934431 86.24864187660255 90.70449539109273 98.05335666459833 107.70466114425172 119.09998035459942 131.78768765363193 89.68636730142313 80.29694922199593 73.8257708075967 71.07445126694847 72.46792129724203 77.78374134755342 86.30011602160444 97.17920785208831 109.72044320812144 123.41815782853509 78.84883910025006 68.04005247228106 60.336189063139024 57.01017749761134 58.809545342834525 65.31203997729105 75.30909749741822 87.61253005621312 101.38613483413883 116.10787616148967 69.22579114020826 56.66600843810794 47.20770517829277 42.95116886365567 45.38439101720779 53.603988209152604 65.46553840345713 79.3523184756396 94.37451318424144 110.0682133594024 61.39117991533315 46.82289617644167 34.85110849343721 28.905456959732287 32.48323633589849 43.284008197266935 57.36339957080636 72.84451507761791 88.99885766267037 105.51767375807222 56.099504820453916 39.66742436014682 24.465633134408094 14.911149821832947 21.090995908135195 35.58132041996835 51.82608563547133 68.5898569526282 85.56813855792292 102.6545504628246 54.10223122810086 36.80228510068449 19.505859508301683 2.294019057428719 15.124817138290945 32.41868697603513 49.71816608430291 67.0189108690597 84.32014226219233 101.62161172658952 55.754560842902315 39.18032199811048 23.671437028417184 13.575306705109206 20.173093350332124 35.04755569991367 51.46281519488536 68.31708612815474 85.35068768497241 102.47423208557078 60.7594498686621 45.995329190008796 33.736327039932604 27.557559995807527 31.29550062936816 42.404097706446684 56.70552478249508 72.33004545326631 88.580270407494 105.16654901317932 68.38466347322982 55.64007488815508 45.97693761313709 41.6010189129744 44.11480341719242 52.53848218290857 64.60010420400793 78.64324471735527 93.78193610408906 109.56298764739236
26.792715820523096 42.54598312420231 56.47850241776603 39.84458706203903 0.0 38.82701833961558 35.710092246859816 47.89045446989781 41.5544733703442 27.248924059740578 34.11788906231541 58.46872806089135 12.237277768285892 41.11657817536975 13.484812599637712 22.086140188214063 19.76944194439579 37.00928410638936 37.4060773158339 30.80214728894195 11.345217495208624 47.104476177373165 62.3811765822675 35.77004602802814 18.86763086237589 23.76569712055487 43.82802234361538 52.365226715400816 34.41088055505393 50.478505236183416 33.732222441852095 34.68465853842005 10.343573005207164 43.11409779044854 29.90082016180463 65.07088293634447 28.121639992693115 38.32770005463776 40.15072551281482 21.257942278571182 102.51551846915243 88.80976467791619 76.57423886484301 66.62395060397384 60.10477943917748 58.181742926108555 61.28901116497772 68.74785487820172 79.34033773612019 91.990259345788 95.1248906579428 80.20707172270687 66.45530744881707 54.755323250192376 46.67640691842264 44.24853109356073 48.33096365297083 57.5546313847923 69.91346896334895 84.03543712877786 89.36681675651782 73.31930534374906 57.99760550252979 44.163707510740295 33.7024181232403 30.33120543008097 36.09460025499498 47.79505645477435 62.166098354649904 77.74052519035513 85.5715843279953 68.66460496951325 52.01799888212703 35.99484325114607 22.002217491834784 16.47054065177554 25.635369025793427 40.51885834686708 56.789927973927895 73.53316433908672 84.00570592323167 66.712113800364 49.42435841981273 32.1518562474046 14.947578149781354 3.4397532441447156 19.973664903169514 37.21258193668107 54.49145617957734 71.78143852134072 84.79280323102957 67.69607650198492 50.738653967760065 34.128817411131166 18.811015071981373 11.901484652491009 22.98149961532445 38.902008315031644 55.65335673657144 72.66318820334118 87.86965746507633 71.49534265784085 55.684842867619274 41.09415789844484 29.586623436601332 25.70441876814513 32.32300089527315 45.028280162249295 60.075169801338966 76.08690047369706 93.00926141610425 77.69796848247914 63.41870243846979 51.045031563777194 42.28433033069001 39.61110767884372 44.14545307790656 54.10460349371585 67.11558035766848 81.73371427958617 99.89366456090228 85.78412667026375 73.06016759651425 62.57283213695549 55.60242877791815 53.54064234239876 56.9233713949758 64.90485013889703 76.05069667037232 89.18226779041281 108.19021334857771 95.27534495540786 83.95446194921837 74.9533404144942 69.18342309406162 67.4787378107275 70.13633377852895 76.70411859231714 86.29385572397109 98.02259176130788
17.940269281687083 57.145977143096175 29.24842058475041 48.590854948991705 38.82701833961558 0.0 32.915700275003594 74.55043376870478 78.02893609261768 65.81278605724904 4.75201746099436 21.423377136122394 31.110404172974594 19.328312684669456 51.21565064399912 25.34059766307192 58.4266830199985 21.411548058141076 41.256184481808326 17.79793820389362 32.39600920838492 47.988523173453075 24.708375341985487 10.846176864535627 35.14141654317324 56.31354416279083 37.09127169810885 73.28430381831379 21.68237836472557 81.70069039845517 6.401759382708446 57.17222921766521 38.63169916982601 6.936891151062685 65.23386249485561 26.895948361636243 66.91679280686397 29.583361387807454 39.95183751572182 22.273483015121677 63.694802129255415 50.51755860867318 40.5675567677498 36.58054976781623 40.364013742860784 50.19041357112039 63.30567627217191 78.06949920966463 93.70587916463674 109.84281450150107 56.689654191786566 41.38320285723352 28.46283856535507 22.50351070011855 28.308901826616356 41.17148243124164 56.45794118350243 72.65410101207941 89.26616816642192 106.09896454886129 52.65217363210517 35.680847860352124 19.305638419308323 8.426488024033434 19.18376868503422 35.54914227377458 52.51837113560256 69.65149210148296 86.85156677960597 104.08540823311952 52.27463622652042 35.123927340798545 18.26078853885344 5.651192022379402 18.14191256404252 35.00050654894572 52.15031517524124 69.3757070887308 86.63160821682247 103.90281900596851 55.63161034711571 39.928337613784514 26.313112887010174 19.728136390525034 26.16735583741466 39.73629761357976 55.42497519138735 71.85815258052625 88.62263819113453 105.56070101096375 62.12054137830157 48.5269345733595 38.07194613233957 33.80518851942206 37.87897100890862 48.223957778967886 61.7656194683292 76.83190338607578 92.68224745125087 108.97506408449499 70.88641255655517 59.29125674499764 51.03650751560623 47.88214076466838 50.78755793387583 58.86216959470976 70.34796592395685 83.85475503182334 98.55509070865929 113.98813183298714 81.1949809877099 71.24622679102455 64.48348204330516 61.95892842181062 64.17470604737358 70.68643230239026 80.45772341507544 92.46087568523755 105.93996666644371 120.4003084342285 92.53196037836085 83.88418346434955 78.16414753779095 76.0354974088364 77.7936048353037 83.19241685045772 91.59037433274746 102.25116282877862 114.54470354021433 128.00141834175145 104.56324257061773 96.93822450915759 91.97413076206159 90.11179596810817 91.5407259125939 96.11423886893459 103.4159707710106 112.91790288301905 124.11573734023997 136.5930210570917
39.123035827768526 73.87163919109133 61.94534578838029 68.07121010822841 35.710092246859816 32.915700275003594 0.0 83.31343926908635 59.29984565570055 58.89077298951153 31.304408429289474 52.59382716476207 38.88087980479974 17.082868944188803 48.24788399473745 42.02635531791271 51.95184896723207 49.08907772075971 8.62667232517668 15.520816448620563 24.404692048959785 71.69906736426647 54.77436907667712 22.18137867184146 47.316007979517515 59.47240345063848 8.132240202519961 86.54503807981403 11.312326715780346 56.39215299428743 27.23221396246333 68.61397714230822 43.47841202500169 30.663367148723054 46.88283554493326 55.77111076055382 58.25417942617678 55.60400772522448 7.178186912960926 18.63061852298883 84.94814769381188 68.41950493124395 52.392562668116 37.51591262845234 25.85764659261941 22.989197111689794 31.418141096236766 45.2151203205989 60.83112468797439 77.1696537862832 82.29524548329489 65.11205127331682 48.01420890301463 31.142616072723527 15.266763207561254 9.74673409574294 23.57195019394065 40.18691441342036 57.21059856274355 74.36282894999833 82.02106342608431 64.7667573994485 47.54707501992103 30.420869190113073 13.742186217505836 7.139995953434231 22.623546645419463 39.640681677326825 56.83006145774245 74.07186771749133 84.14886029626902 67.42914967239122 51.098547156774394 35.69516181740615 23.150364845482663 19.910950943414754 29.251740155922825 43.744649918661494 59.75145396157221 76.32555184317982 88.50553604543396 72.76981703570533 57.9341934741468 44.89992669330407 35.69795795524698 33.63618778743233 39.83905366800548 51.396647818923306 65.53463785202038 80.91149640929792 94.78418522160798 80.25578042709752 67.05700128761994 56.13372566925786 49.03112786362376 47.49537291117415 52.02184159278617 61.2816135862176 73.50716244648962 87.46354843097913 102.63259631694284 89.34934751832043 77.66503158179347 68.40397293334708 62.650179964551114 61.39773399981367 64.90773132114525 72.4916587225614 83.04072938861738 95.57813580571126 111.72032921170297 99.61109898273294 89.23001684637924 81.24227075409212 76.40224468920509 75.31922208452683 78.14955676735177 84.50092908350675 93.65973838454883 104.89314542592662 121.77011269287243 110.7165659300887 101.42499739670805 94.4170361889563 90.22637003245616 89.25073376057804 91.59292333732856 97.0129281853658 105.03536245127826 115.1174226404066 132.56319803053782 122.43624170303438 114.04791270173652 107.80482735426953 104.09369102332955 103.18804931753472 105.16041001381315 109.85586669629666 116.94687837390694 126.02973686739364
56.63423556947244 23.294832923724204 73.63419297995866 32.26606137654367 47.89045446989781 74.55043376870478 83.31343926908635 0.0 63.196323737961876 37.528458597225644 70.36016414758487 86.2108369311985 46.19488226605845 85.13694228250324 37.628349489538756 49.23582143200062 39.163512725791165 58.181906217884084 85.25304138268713 75.17617756867175 58.979066715605526 40.970211128647456 90.43509883945293 77.22235242115423 39.71109243576943 24.62027050194632 91.44227955217065 11.535363201369995 79.91480428603326 80.53312220071706 72.48037398035322 17.5153987431344 40.10709598807588 81.05409262706085 60.226411469776615 93.85840025793034 40.817880900825905 51.9176851403818 88.03743836239 66.54760192462071 132.5277340209982 122.88915240730802 115.05887982601226 109.42580330087716 106.33967079011006 106.02312622394346 108.50041271684867 113.58888316972467 120.95944673212561 130.2251883499419 121.41847202621436 110.87606454858026 102.19212377923569 95.87299290272739 92.40510541706887 92.11106545804982 95.02034195992545 100.85610802529078 109.14996930294592 119.39074170111999 110.99630800894165 99.40987717761845 89.68361478986529 82.4782494726941 78.49112245179377 78.21594955604094 81.69025045698282 88.47340316667793 97.8798902181704 109.23409057108387 101.47334623096971 88.70312413159706 77.70676932699368 69.33349335834725 64.61128490479793 64.3490210235925 68.5978746771065 76.61092511842519 87.35841584140377 99.9622194747744 93.12600628822335 79.06511329623896 66.54947473542165 56.61337640924648 50.79387308896744 50.53377140492661 55.910713781349145 65.55192699465567 77.88968932909134 91.84363684292389 86.29624984828673 70.93300029510199 56.697844557423885 44.68229937873311 37.108993948634215 36.82871488151268 43.98111301006347 55.77660456844063 69.9029912556749 85.20876720979287 81.36723272707685 64.8757030278102 48.94689323851272 34.37224323134002 23.786867900942987 23.4284079071618 33.6255370564864 48.07467545747534 63.95610472074025 80.42576374782641 78.69699051772591 61.50937197316297 44.410614216964035 27.56656961499564 12.09306231554481 11.457828878881351 26.740134997577606 43.56031551054949 60.65212812164221 77.83683892989944 78.51635564795635 61.27915310904912 44.09268119125645 27.053796237395673 10.8795530435045 10.175209351685929 26.2186674647506 43.243676870207814 60.42620360598616 77.66176667160624 80.84202081926021 64.21878652881165 48.07685928995066 33.127449313751264 21.958666621739013 21.57892083738735 32.37017534923372 47.2093033489701 63.31129469651071 79.91641503762084
68.3074619174359 72.35696928719796 98.0291087575978 74.2291644120289 41.5544733703442 78.02893609261768 59.29984565570055 63.196323737961876 0.0 26.260284719839213 73.63153974069662 98.89143411233367 53.43877167558106 73.12878890998743 35.517395545328945 63.41673827994685 28.391168181523128 78.49278419876279 54.28319084806066 64.552217549987 45.63776952061843 83.51920308405684 102.55185447298766 71.76179100243391 57.780672657953275 44.62754236337257 65.0794553725748 73.2073773588461 65.3637257989271 18.417227379717115 72.04311186710686 60.9675614791627 48.432852017911905 80.65030953375515 12.956016382709869 104.91215071845623 22.85838421269432 78.97728218300894 58.50449395807485 56.41336186311615 140.4100081520705 125.14970656070986 110.49263391692926 96.71344106650432 84.2440006875363 73.75166477496968 66.18352437692074 62.60913813218374 63.70434752259532 69.24794614859285 134.64575392921378 118.67697784634372 103.13909569685732 88.25997406998385 74.43571022079232 62.37169920037794 53.27743179085174 48.84099289996016 50.310062699917026 57.231671323305974 130.14564355328335 113.56978635513929 97.24716882550358 81.33040607038475 66.11327925546989 52.21114892168774 40.98475430086923 35.10275963672235 37.19361529592898 46.18694554847495 127.04414952825788 110.01854385632315 93.0948735534657 76.34096147182854 59.89942188242283 44.120862550499794 30.067785244888718 21.452373618532928 24.80016905625212 36.99464641779925 125.4450982263591 108.17664873723224 90.92092905947968 73.68688279532341 56.49434836497954 39.397708617645606 22.61549993935767 8.33400124461104 15.03873871161519 31.33025843142283 125.40599883553772 108.13151327656948 90.86747039326312 73.62121691819455 56.40907177061395 39.27590314932236 22.40364146822462 7.743586155663573 14.721293921938045 31.1798533606884 126.92829351545434 109.88535219426969 92.93815753288216 76.15066113343775 59.65783119820691 43.793858271389055 29.588152834443164 20.778044202344265 24.222035844741903 36.61145294739494 129.95710297499394 113.35467008947224 96.99701911200735 81.03252476885245 65.74820372186588 51.75026940465405 40.39879135461851 34.4200838332885 36.553110237150925 45.675216843069634 134.39056568246951 118.388702391149 102.80879271956137 87.8755549889736 73.98162452039047 61.8316316044831 52.64715439026942 48.155969124861 49.64850609845157 56.65380174124895 140.09532998111084 124.79817603462303 110.09615277052806 96.26232816145395 83.72815325009707 73.16465216286917 65.5318537941268 61.923147962706004 63.03351094416087 68.63428885534165
51.653005779177704 46.587316694930024 79.47670163026375 49.56098839388816 27.248924059740578 65.81278605724904 58.89077298951153 37.528458597225644 26.260284719839213 0.0 61.06748849659344 84.51021751987237 35.8521181738011 67.6112718230806 14.826447232632216 45.06663723469503 7.494324128702984 59.87790976006314 57.51413749702501 57.476573570346154 36.87055106828151 59.30745355566324 88.58107595698827 62.94351654640004 36.94421301333959 19.001994134230827 66.51302385321222 47.074438143098874 60.39941885403558 43.02989714150545 60.939649071753834 35.024377577882156 28.86681322427452 70.34380682694531 23.10469928851793 91.46624936823368 3.402020972774267 58.2687624094974 61.241886868006404 47.97125253083904 129.46400402075975 116.02548596153026 103.7380489940614 93.05878028064473 84.59890500411716 79.07399845240329 77.11746947123399 78.99490696982903 84.45099715066705 92.85704537136382 121.48060899486258 107.0873480008271 93.68327376058552 81.75637837035462 72.0440765605522 65.53843507796702 63.23699802669565 65.58386469550652 72.12671238397718 81.86559663265638 114.67524568766675 99.33748148319623 84.75942488673421 71.407889010676 60.10586281855854 52.20195881298659 49.35661950856862 52.40046661433689 60.4503394542669 71.84274358217174 109.26834935041629 93.07331356081569 77.35902430164485 62.48922307939464 49.23509701227345 39.26823106810333 35.476761145146526 39.672592658167275 49.879214627057344 63.2508095763785 105.47528751724778 88.61059070526836 71.95379493201553 55.69175645329446 40.30516319761928 27.315781807467395 21.5988194809797 28.0281533827958 41.271746667408564 56.74370516399669 103.47374522134241 86.22953155033133 69.01421291632771 51.85657498670337 34.84193545240199 18.371986136997258 7.733860290944271 19.514318517841286 36.0626950083449 53.09369667996682 103.3678730262681 86.10304084184563 68.85683355334774 51.647912139050156 34.5320654784051 17.780148498870503 6.206225232415032 18.963496491582077 35.76904504307724 52.89563671944779 105.16339791832102 88.24081646272894 71.50003317599865 55.10698162900662 39.49703444970793 26.11443398550339 20.065473342582752 26.8699535645869 40.49786679172759 56.186044982682965 108.76617054827234 92.48594981575617 76.65461441310735 61.619127293275135 48.13119285999786 37.881585818567224 33.94297132608244 38.31375733445607 48.81055869412778 62.41558474643837 114.00493378509036 98.56647663803061 83.85867912847603 70.34136885683067 58.84080760412868 50.74717199901649 47.82272108449843 50.965205754731116 59.21650194795751 70.8126991987724
14.019885131040729 53.64395293565553 30.755683635243667 45.39240850366642 34.11788906231541 4.75201746099436 31.304408429289474 70.36016414758487 73.63153974069662 61.06748849659344 0.0 25.404152556219174 26.419750424092975 19.897858686891734 46.46374339391297 21.13616709267999 53.687953486945645 19.61542310034807 39.312676569946134 15.795176843160506 28.059648639739628 45.6115403500505 28.93340834364038 10.490965243981245 30.779615976499304 51.68639013787324 36.376364940159576 69.50446031000362 20.474173334975976 77.83508364364481 4.243932635570173 53.074214208924666 33.93405528398883 10.693930959926984 60.89626813564669 31.306984664209505 62.19018627234074 27.46639643451687 38.46371299216496 18.493971550045053 68.42332135055392 55.25004474849271 44.967653278371934 39.878792542909935 41.91959213414495 50.228400048069105 62.34771844028974 76.48718634222975 91.71721327408119 107.57560412635527 61.23171111377013 46.091253971141334 33.139030055669 25.897824370939702 29.015679812789276 40.14763276428355 54.59364003119942 70.34066406280007 86.68254082185182 103.33744296905515 56.730536222126716 39.94826034303719 23.918323829606642 12.125257572750746 17.907274320806746 33.061034799320986 49.63976748942988 66.58749099342691 83.68031036734158 100.84447270679742 55.57744462543133 38.3008410031303 21.065850692137687 4.393094877490023 13.911939951160662 31.088557978611394 48.35461068561088 65.63956036801709 82.93159210721757 100.2270403980361 57.972580793762134 41.685468490691434 26.706716355509187 16.956749969224475 21.45987642950284 35.10318331780495 51.016202500092625 67.61497328116143 84.49632277124687 101.51938124145214 63.515771144331495 49.0716947625854 37.15532617303999 30.849866978060415 33.49058547575514 43.47681372699326 57.07500627733454 72.27439618955522 88.25151183285027 104.6507493049968 71.47826199621328 58.97460205379168 49.45269682193707 44.85352321476576 46.65631418029396 54.22627174428146 65.59625925223912 79.14514321526717 93.93477496183074 109.46339107360275 81.15091541614504 70.3390389319557 62.517088523021314 58.88878459965662 60.21700906416048 66.20410896911163 75.75339294566874 87.70898286701815 101.22179331757303 115.74771636161563 91.99575836214915 82.5635536368547 75.95359609992896 72.9372653106249 73.95558207941504 78.85238810340776 86.97504031339427 97.52078601035376 109.79361233146908 123.27878345850675 103.6453599440222 95.31766357797639 89.59480923350037 86.99240882503659 87.78841065264363 91.89454497814886 98.89937435790097 108.24158904671482 119.37367150655409 131.84301952036498
33.01549615865193 65.28537967107944 18.61857534628111 55.76093136776482 58.46872806089135 21.423377136122394 52.59382716476207 86.2108369311985 98.89143411233367 84.51021751987237 25.404152556219174 0.0 48.69072054514814 36.40277701148753 69.68573624928625 40.22149488343585 77.38368687628109 28.048212818578133 61.19311765782605 38.53990386954181 53.431426257462554 51.19704108194825 4.261387590199476 30.82008670487188 49.86871897068344 72.19609802424512 55.03780253436073 82.27402976289147 41.3654496171482 103.11528764183052 27.80565127434465 68.840622292339 55.95439733983469 21.930785847794976 86.23093267965581 7.64762368496696 86.03397656333063 34.73715628660183 59.21079816454505 43.68194822057002 46.52868295053172 37.40227105400009 35.09485778154144 40.78082668669506 51.89614848524351 65.74231703934757 80.92961072100665 96.82902019913946 113.14072667855245 129.70927697403692 37.028323753657205 24.67258103203264 21.097090812840147 29.66731733672928 43.74841352954584 59.55173503706864 76.01056569085628 92.77669178442109 109.70931806970286 126.74172909955489 31.327637548435753 14.860729308019382 7.679522668506349 22.267066553909693 39.13288679698708 56.26416974293937 73.47546635648409 90.72124837865852 107.98499455986979 125.25927743857257 31.557823412703797 15.337876783317627 8.562594872258465 22.585369572502906 39.31403219665246 56.38972120379628 73.57120026457265 90.79843434958927 108.04954036614359 125.3146599059904 37.610139415000795 25.533578198579757 22.09334569165551 30.38057786651992 44.232955797359494 59.9069321951093 76.2878624083911 93.0029389640787 109.89980273098156 126.90586236978844 47.30004259352554 38.35328926781318 36.10211673617111 41.64682622811289 52.576237063536766 66.27797929499091 81.36330648253879 97.19008185331738 113.44841843719193 129.9764692061363 58.85744517249451 51.887111609941925 50.19010992014743 54.26346100255753 62.9976233655666 74.77686261720868 88.39207599818509 103.11857397495199 118.54291535392171 134.42509640982627 71.38080706640532 65.69504463956845 64.30514359558475 67.47708815182565 74.63147250264376 84.76584972756525 96.9501686512042 110.50843611169373 124.99434799438201 140.12049434996825 84.44129998332595 79.63448562933391 78.43247328933589 80.9959124736063 86.99256413496589 95.77973688632922 106.67002009313377 119.0878322083531 132.60472758324443 146.91766121770692 97.823874909149 93.64657358828163 92.56631407033017 94.68915338912412 99.81092400938302 107.50384572807961 117.2629722165004 128.6188321003557 141.18666650432718 154.67131969073642
15.81683760038818 35.09233176226915 44.74628220985991 30.29063818857682 12.237277768285892 31.110404172974594 38.88087980479974 46.19488226605845 53.43877167558106 35.8521181738011 26.419750424092975 48.69072054514814 0.0 38.95372781011365 21.0295809369014 9.978080360812935 28.873424452537087 25.093817156634486 42.97469294774762 29.00435183035699 16.936535871745672 36.22457437428973 52.795253929879586 31.39195729979905 8.656518679563721 25.381540263851814 46.79885691945083 47.961810452817986 33.88202414735389 62.684327519173955 27.438185563582707 30.147221368216133 7.524468415668172 36.6933895344299 42.082784268023026 55.752345928906735 37.541316084402716 26.097412619913396 44.760865900042305 20.802928315270993 94.14653329784267 81.60063172844959 71.08060382025893 63.59982040223198 60.300230894164685 61.85462239481132 67.93060100064055 77.47150810369898 89.37448381960581 102.82245825906502 85.69937406478402 71.7386091961399 59.55817731434374 50.46412609064712 46.311798288963544 48.39049907826094 56.01072435640335 67.316158434158 80.7739576293627 95.47828222718724 78.89783757188103 63.498323598285495 49.37523596765134 37.980248219378026 32.33872421224172 35.324147739058155 45.26042691183558 58.71903929635982 73.79738076895529 89.68215955000598 74.19598291134602 57.580432219755245 41.529272106623125 27.065969066027247 18.416430000442766 23.33398978200015 36.72189043385086 52.45218172408026 68.93966543917037 85.74867664721953 72.00637683721969 54.74345178340999 37.5164795499022 20.416671599274284 4.990815292752538 15.2213505346887 32.20534588593932 49.41045043191692 66.66569160261281 83.94015593588078 72.55685092414255 55.462236423570474 38.553026535747655 22.255902001990233 10.150252493256353 17.59099799135623 33.38520522456659 50.18379995911612 67.2381496003279 84.39334617074405 75.78771455331866 59.60828390809937 44.285755778912815 31.113014006717908 23.948318051875734 27.88790160114362 39.757502376035994 54.6103813929913 70.5878129552067 87.07293345729727 81.38030874017136 66.54398710365133 53.2180079521996 42.83593238164563 37.89966249893754 40.45439795638232 49.350165069947465 61.91143555702053 76.3499803196896 91.78409294943216 88.88990378786687 75.50437929953061 64.02427669392289 55.641757106895334 51.88065802229012 53.72057924931396 60.653928216444164 71.20813012805382 84.02973878006536 98.2349052891222 97.87614861575989 85.85776926318796 75.90826660170303 68.92942517579534 65.87229078173688 67.27365050200613 72.87675714604494 81.82292914239568 93.15392667799729 106.10847608919734
32.247116745011354 71.29636457565876 48.227079209686394 63.83323958720173 41.11657817536975 19.328312684669456 17.082868944188803 85.13694228250324 73.12878890998743 67.6112718230806 19.897858686891734 36.40277701148753 38.95372781011365 0.0 54.600215768018614 37.82880234273114 60.18725494968372 39.506202172551916 25.614694906356878 10.342978783572574 30.742735563988226 65.11293075122528 38.18192548320988 9.493928168635886 45.94752004335486 63.379226140187015 18.655903685171815 86.09812445931396 7.7654320344716234 72.4743400998314 15.820089522065881 68.6841720413324 45.55398580422154 14.866079061487303 60.25778375662384 38.92654024453216 67.75331569626202 47.24167577160758 23.070133241563823 19.85897361922421 68.46369688546964 52.37532245568055 37.38692602628492 25.516686644871825 22.430594759545325 30.884835915080075 44.7585279251406 60.42755810732929 76.80081353625259 93.50909776604101 65.26474116802287 48.13876005569475 31.207487743112534 15.13894495477995 9.120378776341395 23.14926036134146 39.84104031149689 56.89852390436815 74.06948658829263 91.28991705531723 65.05509948237173 47.855456754344424 30.77071557937585 14.221200967703734 7.507436330669215 22.565328873135638 39.506201508678494 56.6656798400198 73.89162340490326 91.1463557729049 67.86248424245449 51.5905839771682 36.28459126100398 23.88025107076401 20.559008725945628 29.55995447820114 43.859099375996074 59.76756568351542 76.28508922260534 93.08801957250743 73.34121294350123 58.58042127770458 45.641054764070795 36.51374925711052 34.38182327361645 40.369215256263786 51.72953886466753 65.73374113644206 81.02229408156096 96.98972849927212 80.95063423924769 67.825997595457 56.977442240610756 49.91186339216861 48.31833501780382 52.69564592205274 61.78756272890098 73.8733844174085 87.724301940064 102.62812277584439 90.1527316859164 78.53452898740684 69.32909963587578 63.5930064537775 62.29214624608383 65.69054040493013 73.13601926543215 83.5535883709099 95.98031853130978 109.73575333829864 100.51089794596817 90.1862642232534 82.23970428524125 77.40711030275602 76.28261629139843 79.02467607959915 85.26104836898215 94.30099875637245 105.42578157852815 118.04743763985181 111.7038663161918 102.45978678443434 95.48264579134054 91.29368526212178 90.28184686023239 92.55139306705405 97.87431954833448 105.79072774721772 115.76980309530647 127.3274916131512 123.50473915010268 115.15630870603015 108.93663501826155 105.22388339240989 104.28614959068013 106.19697043708948 110.80908011831373 117.8056370292821 126.79252409664515 137.3796942356434
36.83863957681291 38.582833340972115 65.0284870913588 39.03944824804962 13.484812599637712 51.21565064399912 48.24788399473745 37.628349489538756 35.517395545328945 14.826447232632216 46.46374339391297 69.68573624928625 21.0295809369014 54.600215768018614 0.0 30.380439723691712 8.044806189655157 45.34829066357631 48.67991954007262 44.28676981211035 24.404767020517856 48.07912894781197 73.76229781948383 49.07883313941764 22.899144226187975 13.160990006590653 56.260722880191494 44.29635969857281 47.82669968801603 48.75802178453337 46.5860292678661 28.243392112481843 14.205867444160647 56.01991263547507 26.863746653721204 76.66274937561417 16.62223848205506 44.38610921400967 51.89850110495431 34.74222854034118 114.77790996640603 101.6026224958368 89.83822548904041 80.10873984625334 73.22979735481867 70.04631197921073 71.05672384543116 76.0941506678728 84.44093265928989 95.23083550429266 106.66463618595516 92.38341400783656 79.31421029818468 68.15783834209687 59.99113351755448 56.13447670678529 57.46234463373348 63.651086618236185 73.4826428870091 85.7125135819351 99.89184842464655 84.51116737767232 70.03283769176439 57.14686529248136 47.17663600199799 42.239917973100724 44.06235661562443 51.93723890327759 63.656635266330795 77.49556475056917 94.74755362493849 78.3928537288488 62.54989874115015 47.73101578976789 35.25222862741846 28.388362002730936 31.109295882976816 41.5738764442663 55.56703909670433 71.03319072375106 91.50689335734276 74.46217673303724 57.57110917254298 41.0239207601957 25.499101030890362 14.70234157885461 19.51476769260116 33.82611541348788 50.0629466322673 66.83639564412819 90.37492932352158 73.07307819075594 55.77127635273038 38.46959032083688 21.168304055669633 3.872779032369971 13.43924633205826 30.739906802295977 48.04148209780784 65.34324554071195 91.43003234914359 74.36813448466424 57.4499845186873 40.85455542275817 25.226996641000756 14.227462999723384 19.16122987820247 33.624357847162884 49.92749577104714 66.73548464223623 94.59903638924533 78.2141102481988 62.32676994639175 47.43959649866381 34.85848869349184 27.900233083321627 30.66662081645382 41.245243514589625 55.322766081502124 70.84318340702885 99.68048974537882 84.26238307608364 69.7338044541348 56.781712566871946 46.73571864147938 41.749215902345426 43.59440074870869 51.542716667415455 63.33669254747116 77.23423282917717 106.40067554325384 92.07992093218925 78.96213264596597 67.74971155480087 59.52921056424373 55.64286904972988 56.98446553996349 63.22205486022474 73.11310142235541 85.3974323338405
