0.0 48.85813105181388 60.862226577067815 38.49342042542343 55.383275056968955 65.8172213785397 32.78014629904917 20.536872470540246 24.48948439704022 30.094770606355628 14.08542321548224 59.35410292409675 23.096931833303497 19.07070406097129 65.15593907601506 26.496845507792393 74.71313237016601 22.52029385055122 22.220625989509344 12.865159962864668 5.724931853471775 33.72164393398044 64.57558726314971 35.78685008560484 54.79144723780136 75.61483169331423 43.69381988251054 45.93777378742467 26.997581197668197 24.511763502091444 55.20311853405109 59.01946244241636 54.62201820473169 15.84982850905473 59.6834499684096 26.213172852212534 72.23013503723466 51.73493548098638 5.134838589227108 31.48751791494841 78.19043016410673 63.578368075324505 50.68906223288143 41.17353273806168 37.68083321041806 41.75089472053485 51.62495378895394 64.69807665307461 79.40562333076485 94.99142874694454 72.37603592212166 56.30951776103953 41.25462224671992 28.84158065288238 23.67362549369588 29.795220507726697 42.58850358738632 57.77990102204032 73.90510224588574 90.46613822491139 69.01389473440267 51.93807830286694 35.08451846310974 19.052454970394525 9.68409993909479 20.573786464428178 36.762654065750894 53.65088932206611 70.73935441286413 87.91136301439388 68.46627944626694 51.21154370698336 34.00480122832361 16.992478171023293 4.4582095394495775 18.700814428597724 35.75302502415894 52.96744893377897 70.22489590462011 87.49991356088483 70.79853751311624 54.276491727248185 38.44677016878561 24.67960008996807 18.40443225965195 25.82780546260059 39.92668137019344 55.85620983788475 72.41826020859506 89.26143953443429 75.74508242913872 60.559932259148844 46.8657841139303 36.386899956093536 32.4086361743385 37.08559493152404 47.94863341776964 61.818362840285744 77.08863057684052 93.07261888655154 82.83884883862595 69.19042870232045 57.541802044321756 49.330574216750406 46.41826293864923 49.74442408550717 58.25000714671767 70.07368942140243 83.82292990014231 98.69624215805885 91.58214325330533 79.40624436048368 69.44141396468218 62.75001157820094 60.42940991390859 62.96474300671331 69.82907554224015 79.9145566835545 92.16978137204173 105.843736118076 101.54968251281221 90.6729969018198 82.03373131001115 76.39476510410302 74.44107438371024 76.45569522927796 82.14718174108604 90.82693411202925 101.7329386637041 114.22931328833577 112.41616692301125 102.64506914398186 95.04367936631844 90.1624472270838 88.45285708999326 90.09563862819117 94.91688683886598 102.46893114074089 112.20170865494046 123.60113322407734
48.85813105181388 0.0 109.34311775814862 15.461382653050478 87.41189289070505 114.67293540307477 51.227620745310745 69.34207208730393 66.73351627792246 76.214551089673 58.875083711033554 107.9292991873068 44.93638735898557 67.91924120105253 113.9827871121275 43.594167769235014 102.04590867646007 54.060197717512466 35.76733568442184 36.46260664647126 54.09051379704571 24.006460255975686 113.09137666054175 29.27019462830812 91.09351693058441 124.01304300887452 56.1872532782828 5.894309273735725 63.11235594125098 24.70995458798888 101.89526267573608 107.7954680006806 84.90802514928734 35.67336916141817 108.47683885370611 49.66779833390212 101.1197211728535 100.42943870926655 53.976354325666186 72.1096724906659 31.401085185720305 22.77584648223141 25.49826237963161 37.15231829957373 52.04939283912626 68.09328163640517 84.63428313790183 101.42948254632746 118.37072757226744 135.40321093420508 23.52284487763047 9.381486846362284 14.879974600333991 30.879253182533976 47.79493900466484 64.91453917380747 82.11060761052767 99.3434429266366 116.59674398190549 133.8625976370908 22.927931089863065 7.778454181561693 13.92954034681724 30.43473769425607 47.51029196065973 64.70622725269693 81.94679534787731 99.2087300075435 116.48253247178654 133.76360510906008 30.05205354144563 20.885778325899548 23.833109847154006 36.03512297993446 51.261629176622925 67.49585719099595 84.15663030598499 101.0331514173603 118.03291286959062 135.10940355820583 41.05638275598915 34.85887421767643 36.65192229706095 45.50047751438383 58.27461925730129 72.94022754716605 88.56257724949823 104.71433107631567 121.18399203489494 137.85766742229964 53.60206003708066 48.961917814925876 50.20019817754191 56.93463219387221 67.54070427522845 80.5024413899321 94.85906045322412 110.06607821981737 125.81551471598988 141.92691025776642 66.82643101671144 63.10771564788067 64.01632469317205 69.37067133301221 78.26355739468117 89.64805046180828 102.69885903662347 116.85902833351383 131.77140629853605 147.20757008807465 80.39513090847173 77.27264519609345 77.95787782830253 82.35583849025726 89.92342269520726 99.9432046838585 111.75755353738978 124.85808655849722 138.8813060881406 153.57466254787207 94.15926955874146 91.44766193768463 91.96768106522856 95.66664258631079 102.19995745230567 111.0685768277509 121.76329031707813 133.84708302067995 146.97774338384437 160.8991768734046 108.04402190532872 105.62854390455492 106.01852122435916 109.1838968669142 114.8955123769627 122.79858765421326 132.50157142671034 143.64017079168354 155.90699096500438 169.0566175240136
60.862226577067815 109.34311775814862 0.0 97.16286524528898 55.327935872425854 10.912276582271879 71.8854318895208 41.29629764885498 45.947451663550545 34.70408370222466 51.00803955420027 1.9881122201802657 70.11854192076352 42.02341770198668 8.663269853655907 73.42007189142477 69.71363691883111 61.00265194588613 80.42826206195343 72.88380594708887 56.25808047775092 90.32104324601954 3.7654962924977475 89.4846739754249 46.9351443111621 27.454972532461348 78.49326562147162 105.81157642698831 53.40622274940187 85.35646862424743 15.128309005366962 5.613687769896401 58.241790700976395 74.04008365506263 14.25875830024692 67.98840081176382 65.92094393130832 18.17560817083327 55.90351291694332 44.10540254459227 139.04895480943964 124.10834385089775 109.8628337566822 96.6203680246233 84.85187589257448 75.25209776031578 68.73578138100567 66.21955237598874 68.14794671783535 74.17511858395682 132.82166377990728 117.12225634574388 101.94288399188196 87.55444229105987 74.41712999591665 63.31459715308717 55.482134895722496 52.407026978655736 54.894678841987975 62.282061284304454 127.83918525674893 111.46675801497108 95.42287608238799 79.9056862791989 65.29179429537 52.34333183573415 42.6067677245032 38.594756213349335 41.981901355268924 51.32359261214017 124.25143541748751 107.35243455846647 90.60563886227379 74.11429664672276 58.09635726190673 43.083118186805606 30.591404091158903 24.78353328001711 29.855043550917802 42.03729671394962 122.18139417252505 104.96074049875334 87.77205718887649 70.63868637881374 53.61368310919341 36.84756481514046 20.970743004282117 10.97789162706862 19.99922898713428 35.75104514084007 121.70655789656465 104.41015732887271 87.1159528210224 69.82557613407829 52.54280629224776 35.27882463662868 18.087509681767905 2.904153801622275 16.983043784562312 34.16324058315379 122.84543264813749 105.72945938909513 88.68567574143889 71.76553364651816 55.08308993064985 38.945012671202704 24.453904934502603 16.67288697488742 23.594259737474932 37.86958230543322 125.55409731363137 108.85065894994693 92.3677952142262 76.2486869991194 60.783418651938895 46.627188791676325 35.3874910660655 30.482180877807497 34.709670352491585 45.59679943452288 129.7342270953085 113.62532046987022 97.92426248626654 82.86321786612689 68.86340484676165 56.716207027276575 47.85385786631398 44.2940091498029 47.25072212371301 55.69565689182664 135.24939929459396 119.85593780441397 105.05802516121321 91.14619290727107 78.59239988426137 68.1512961385005 60.9190447980712 58.10643579652817 60.33475574668571 67.10368566013811
38.49342042542343 15.461382653050478 97.16286524528898 0.0 72.0318528807322 103.3707924898833 35.7892554158468 58.814113943874155 52.969524937783305 63.131825035445885 46.165573464784764 95.88631370130092 30.041116761131725 56.981242537135955 102.46941513723895 28.36940410864035 86.60731321012287 39.4431317694615 32.569112398255186 25.63823358790276 44.141568511291275 8.568493382177227 100.92831765480251 13.981272318687934 75.9390403106309 114.00673525744105 40.922056532321776 9.951316191964999 48.5302039237955 18.312894750849875 88.5854481921216 96.1404035442668 69.48403071781892 23.31733289459127 97.7282255823693 34.53988246512753 85.66007440789814 89.97620302865917 43.55439484018 57.84039309150374 46.552310853218955 37.756276554661376 35.814279145169735 41.695277430804715 52.84919230485145 66.68047309635334 81.84278376965312 97.71849577012041 114.00997751690917 130.5616824663637 36.81083345017412 24.842857115965746 21.863416914225574 30.619631084363316 44.674668162236976 60.4384108173928 76.86669231783199 93.61029127511854 110.52599801066759 127.54535349722319 30.776276019399926 14.531800274920988 8.595383727678984 23.136580823672027 39.94290264342198 57.046322576812805 74.24179224718624 91.47741721969122 108.73410391806406 126.00319915423353 30.71723557133919 14.406915251153345 8.3835087678432 23.059067582305683 39.89826240035298 57.01522124541766 74.21800947917907 91.45820780402607 108.71802051489166 125.98938669942986 36.66259261784749 24.62367894119673 21.615199373538346 30.44371093578096 44.55483856260746 60.35030368880087 76.79776092750085 93.55396530202266 110.47852359636582 127.50441302286026 46.356929162479744 37.51621803445987 35.562281089751075 41.48002583745441 52.680325901516376 66.54733966947762 81.73486149349804 97.62855235935416 113.93326280844835 130.49501905567064 57.94820683063193 51.0976609652846 49.62508263561045 53.97247711850324 62.94528842747873 74.89921209999484 88.63620140810056 103.44835433937106 118.93464347810384 134.86303574689194 70.50686417071428 64.93705763637024 63.72690746134356 67.11266449464136 74.47009102541433 84.77129761701067 97.08370132140777 110.73847996370458 125.29752809348889 140.47997674612026 83.59791632961829 78.89863909633232 77.84640498795271 80.58420545980105 86.75395928281065 95.69414096074028 106.71069139510601 119.22943672605567 132.82631285012323 147.2028670476753 97.00591301988037 92.92719601572263 91.97528162609846 94.24496365036977 99.51605895004985 107.3473375368603 117.2268221641507 128.68363090696354 141.33470190007293 154.8876726103623
55.383275056968955 87.41189289070505 55.327935872425854 72.0318528807322 0.0 66.07885084273603 36.323695496456146 52.45213453169217 32.1652372297415 35.240985881019604 42.01930241110507 55.596445418952996 43.22004083183029 50.05889941697313 63.93410713994351 43.91706824382762 19.914845020314154 35.77541465015222 76.2549422590599 59.09083004771652 55.821212806013506 63.46548525299297 57.967867287592085 58.97888777418272 8.740093790333706 82.43506847326071 35.091953542772146 81.96952129911244 28.557680157318586 71.1296133817905 40.26538119799765 58.72931943463017 3.611453261429181 56.45019853800543 66.21463134542245 38.10901148138822 16.995337813930448 63.565772068080264 53.931998190874964 25.557850125359174 118.54710062639225 108.63063211964817 100.72976051552726 95.34687369818826 92.9206072228495 93.6809661651745 97.55346661647448 104.19167686579843 113.10969657252157 123.81588201820081 107.72071719405174 96.75826819431067 87.85929134960413 81.7008613833004 78.92711503173176 79.89137178673052 84.4657098882581 92.11386469957255 102.1477119393805 113.93870764590338 97.74266078002587 85.56529193765896 75.4181912970607 68.21349513931936 64.93805668783916 66.17789993964793 71.69916750685489 80.62704105013323 91.97478905720266 104.96045370342063 88.89920579777454 75.35524906709978 63.658928967757284 55.0018710386383 50.95736750834099 52.60039633180545 59.461340300891464 70.02286192116127 82.88215910464012 97.13086177308625 81.56040479272056 66.58204771400807 53.03720828590248 42.3252735959807 36.994851594440135 39.30033385799791 48.15724634496313 60.765380332733415 75.26253686673694 90.74786168998648 76.16257677846033 59.88074421704359 44.3776970678015 30.850729468519976 23.083891853568968 26.6959858434661 38.61601092652051 53.55770702947734 69.60151368508109 86.13375920522871 73.13683308644455 56.00025914013605 39.00993353833768 22.499645033431303 9.455493623323884 16.47094149579952 32.43286433421782 49.30722751431922 66.40201730696329 83.58209342179694 72.7796732112606 55.535141949984805 38.34236067912495 21.326854570467823 6.184359439056202 14.844909897111355 31.64190054998974 48.79305138394781 66.02293032481354 83.28268887570901 75.12917064369647 58.56682655126485 42.596547506973955 28.241287918980394 19.47784956637841 23.662516788045284 36.5944609792488 52.125869245204775 68.51109188547116 85.25928087099878 79.94701834397864 64.60485757944012 50.54461096198331 39.17187722709688 33.35899320278566 35.91541567832676 45.450191781948114 58.653482219460884 73.57615247913002 89.36094026139624
65.8172213785397 114.67293540307477 10.912276582271879 103.3707924898833 66.07885084273603 0.0 80.49629170307108 45.42541224768056 54.06287861460353 42.68291285899116 57.664684216337896 10.486108165334265 77.7354742043068 46.75442590790488 2.335580254840901 81.20658156009397 80.62050137975879 69.0079958116323 83.71908001833313 78.35685930688368 60.72455691844205 97.02513921292807 9.449007571472622 96.7588792344342 57.76016251361405 16.54307648933166 87.7652809145523 111.55616425203881 62.036933452353054 90.22295628260578 26.003070825852866 7.92139127172976 68.92013140491434 80.06154107417463 8.023716802635791 76.11236202498634 76.82837249936284 15.918057485240336 60.70894500031575 53.16290394621689 143.50076390696768 127.94317198931819 112.89436482075881 98.58760718916001 85.39667035785004 73.92132750069982 65.07557410710955 60.0332771563363 59.76499579061076 64.33048587211205 138.1928224617122 121.9881010242684 106.13030120215363 90.8013673110497 76.32063422625772 63.273166057414514 52.73377768025874 46.44257212220889 46.17008916688872 52.011010310212825 134.14696771322727 117.40656197854493 100.85584417960415 84.60620825628938 68.87109921256003 54.101338236847575 41.34476934763317 33.023230716869136 32.716757827749 40.607233096456085 131.47982106921833 114.36381870734134 97.3135896676203 80.3710051104741 63.622120483222275 47.27326930705601 31.94466764708731 20.121471494828644 19.697651207439257 31.14214724455034 130.2761280826519 112.98430698451558 95.69614005164748 78.41404425389169 61.14316782089022 43.89675529642067 26.722215465658476 9.997099213904283 9.193514314610846 25.8420768839106 130.5763840280897 113.3288007876764 96.10075576046324 78.90504784325559 61.768689805018646 44.759900055630695 28.111197296421082 13.256821699760168 12.647544323522704 27.25601916911255 132.37035082594653 115.38185428743103 98.50251635441887 81.79993927822201 65.40967292526562 49.64203326844516 35.34046590629466 25.14510891940135 24.78538648731226 34.56971467549357 135.59873125206425 119.0550818361302 102.7614514615118 86.8586558946186 71.60756317065012 57.528835420994064 45.71867789987541 38.334513370733625 38.04706459521572 44.99255644813539 140.16239893021398 124.2047718575081 108.65934593147041 93.73143758935498 79.7684909942021 67.3731604374868 57.56712749760819 51.8411652899347 51.57266231533393 56.83901307507645 145.9360757128193 130.65639220400615 115.94628256290599 102.05234462944098 89.35611135791899 78.44132341170284 70.14457063415024 65.46887313731185 65.19799766839849 69.38355309259974
32.78014629904917 51.227620745310745 71.8854318895208 35.7892554158468 36.323695496456146 80.49629170307108 0.0 44.249996082506755 26.587348924224045 37.886955888045804 27.248381288778123 71.13340488052357 10.48535929533215 41.46949754190831 78.99450675255434 8.863263860301599 51.286065338585566 12.715197512328558 47.29543661400227 28.937708109114944 36.75165829449319 27.224829819970697 75.49156322488373 22.697133586949093 40.93838971017993 94.37323214176783 10.91573275958121 45.698754746678176 18.493971550046467 38.04380243724974 59.98979153657451 72.62049802931551 33.699742041331575 24.763088172046093 76.93542351237741 6.608070249594662 50.074853707232776 70.74440757667615 34.87186106769316 27.918455521450976 82.24246275248103 72.93345851662896 66.88384631377468 65.01000891670462 67.65978462959757 74.3510893529682 84.12499839348847 96.04498454370389 109.41186220616785 123.75768646999266 71.48091319943147 60.60159047021789 53.23800751319895 50.938384164561725 54.34936411323677 62.543493974835705 73.94744592193747 87.31243748006392 101.86952232786118 117.17524601988622 62.106880534053566 49.25467451236724 39.91852012946759 36.873574192754816 41.527576796632616 51.84713812600893 65.19523575735639 80.07133529108124 95.7659941797411 111.93542550545628 54.83677127066836 39.7456630283452 27.405748249839473 22.828565573094497 29.831574489841778 43.09771836626488 58.51166449184187 74.75645454532588 91.3901043443354 108.23347868926358 50.58610163185653 33.669706583132296 17.523065945820967 8.898301779210502 21.213555681024875 37.67709317840491 54.66100064742216 71.79693495432646 88.99712344532033 106.23035973714902 50.12900931412972 32.982170306683045 16.16919912958057 5.811703870339201 20.120195384061063 37.07535679855507 54.249934195513646 71.48595734633786 88.74763261209868 106.02243135205718 53.56270930772587 37.9768565485332 24.783687573174372 19.619695146715355 27.465349753608596 41.50265254211761 57.352477108347976 73.85698900140959 90.65933349448584 107.62010224090116 60.225305059895405 46.87108183727859 36.95155353673645 33.65478209924298 38.71149003483641 49.63086354746669 63.45528997132651 78.66786565850776 94.60127061572177 110.94537290813592 69.1901539523853 57.89458380440306 50.14968283038295 47.716883451836225 51.35672953971649 59.97356747706871 71.79725863139566 85.50769744306437 100.334384538814 115.84952974864878 79.68385917022349 70.04911653424753 63.74115536355588 61.78742503109706 64.58429950035301 71.57703847568051 81.6952139160611 93.93422358858398 107.57259683464613 122.14247280106889
20.536872470540246 69.34207208730393 41.29629764885498 58.814113943874155 52.45213453169217 45.42541224768056 44.249996082506755 0.0 21.800409610744946 18.125297317528172 17.008775275017637 39.64198485756872 37.51040326845558 2.8399482043644215 44.88278930839088 41.283442018032126 72.2999360905389 31.561906584432087 39.160932057093625 33.31588758970469 15.300065208754758 53.35170261187673 44.9112649191542 54.35493626764162 48.653066703451515 55.19329704112722 54.36767221988731 66.47103752209817 29.613519803834713 44.80785031395034 38.393139123921166 38.902747989671035 53.059155733993045 35.653785585464384 39.15065954894414 38.1135990001237 69.11380010504318 31.211948543832612 15.40203722735099 27.195371154253966 98.14850346242609 82.88885822121946 68.60540531830944 56.04948882121815 46.63789759460597 42.51289832214949 45.14758345986282 53.553401363240766 65.5464265967131 79.51984669387798 92.84273273879252 76.56269751084349 60.84923894466001 46.28307155445532 34.35586045072531 28.58736057363569 32.44778612326389 43.44180091228361 57.62144488936841 73.15723722334138 89.46699195624265 72.45159729920901 55.61328807246527 39.18104422796808 24.003816382223697 14.694377584423888 21.316163394098698 35.938078254964445 52.22475153634748 69.00736507756633 88.2431096904441 70.94176124102098 53.64078830556879 36.34072720839314 19.044063115674753 1.8487368119616663 15.584380564303189 32.87919721150745 50.17891890924444 67.47977325432089 89.25966280844727 72.19659520318363 55.28220372453133 38.71186476807139 23.23376066176152 13.405951314571594 20.45346333280385 35.43559692539484 51.88190081425062 68.74950523615199 92.44275559423677 76.07940584338752 60.24283262972588 45.48661046115501 33.28024244974396 27.29152436370162 31.317567354443568 42.6082469273502 56.99864336745643 72.67006222285416 97.58055705320223 82.21866060678296 67.7979089594739 55.06278268397601 45.45293043334585 41.21568880394977 43.934068702422344 52.53929055911388 64.72446973620927 78.84695417812169 104.38476714914681 90.15448366928656 77.18925385229868 66.23616509806645 58.437803652924025 55.14909697407554 57.1538937500152 63.95632038306068 74.2492621875324 86.79973286787781 112.55348470295694 99.45765298248789 87.82968016547807 78.32605481471678 71.79539798450196 69.08601627639155 70.63898557094727 76.19412762381948 84.97007738222173 96.08836131458855 121.8124037592273 109.78098350084892 99.31841074164505 90.96762518516677 85.3507510083667 83.02452836461286 84.26193487798707 88.91431141987405 96.48894044170218 106.36332180685758
24.48948439704022 66.73351627792246 45.947451663550545 52.969524937783305 32.1652372297415 54.06287861460353 26.587348924224045 21.800409610744946 0.0 11.380905569259147 10.424055896845406 45.023813042931614 24.300000730549396 19.073601627435586 52.651387824162896 27.493780786876716 52.020765598244104 15.0557018100189 46.54212054379401 32.02944371649186 23.910159257791243 45.379109093340496 49.645071161405596 43.81818304910452 30.46243224176553 67.79017052860665 35.057225745081254 62.36139365538685 8.682276316335631 45.23698314411128 35.72689127179326 46.23912038062477 32.15294038683943 31.32365721980072 50.348288875991635 22.086291163602137 49.15429301196848 44.2889141519336 22.120498109416946 7.035756556180848 97.81816367951009 84.94390019433214 73.90016683291297 65.6178221146436 61.227918010015664 61.5687644211629 66.56773245788007 75.30278016402988 86.65131181737537 99.72505413372228 89.62741701862456 75.41335183816862 62.76922995135486 52.834474174276096 47.346488078289475 47.8602240380311 54.205304132859915 64.6879570459197 77.65018619910234 92.0503877551915 83.04797475051676 67.50011465036104 53.049723447285906 40.87773416321783 33.56208359632764 34.359075553432916 42.81806865091862 55.542202383570995 70.2509345182667 85.93113328773492 78.48621565565217 61.82845521792581 45.652399320507996 30.72844147085998 20.075968947507338 21.460750350071667 33.418482078747466 48.70049225365512 65.00302154107177 81.71755953023421 76.30494225435503 59.047957729166086 41.8281233213956 24.723187057020098 8.461296885588535 11.430861768893065 28.079336630995595 45.2210921977447 62.4512506082848 79.71250663841737 76.70753172183225 59.5649275546182 42.551485974035735 25.922779845116626 11.491965170971563 13.81496306104815 29.126522922588435 45.8755780675721 62.924527656508744 80.0820634776259 79.6548102750283 63.29861646071874 47.615668259567045 33.56337071702232 24.175583056463584 25.3205203444627 36.00707787463407 50.50348043224073 66.35815237468043 82.7944334448647 84.88208153688085 69.73419181310433 55.85207317706789 44.43824340812492 37.799043704473526 38.49006055505617 46.18342394056364 58.163900840254236 72.33171436992163 87.6323072557196 92.00146762394586 78.20739313707557 66.08497105684977 56.71641050035308 51.62344237671651 52.07599397022958 57.944277159477004 67.8370851775125 80.28014547427345 94.26894584787073 100.6120154957923 88.13236310048083 77.52768513120155 69.65962439512506 65.52157929349741 65.82084934616171 70.500949195525 78.7850000916586 89.67977148897293 102.35496745008493
30.094770606355628 76.214551089673 34.70408370222466 63.131825035445885 35.240985881019604 42.68291285899116 37.886955888045804 18.125297317528172 11.380905569259147 0.0 17.396497556683855 33.71350723837766 35.41445885116302 16.30464899138083 41.274477711454686 38.737562712339965 54.82354629031436 26.385438827941748 52.06749347403287 40.28755095287433 27.35036464423647 55.91729448383047 38.42957851242609 54.81163829347847 30.681634437028062 56.59264264826571 45.85645574685061 72.20200123031856 19.569367181429044 53.40747291905085 25.70080126311613 34.8595660934491 36.36219424609364 40.54208336344893 39.12747130093326 33.45495206226459 51.49393148021066 33.45388668408389 26.11740744642933 12.10368123910102 106.86246975668821 93.12832155197425 80.77670866327509 70.5376821637407 63.44247869564267 60.60550434311538 62.60832026180138 69.0309490805822 78.79998509782897 90.84216491862902 99.44342878997563 84.5535328027176 70.76939447750675 58.87289177211747 50.223803940741725 46.66418846195046 49.30887742841852 57.30521099835885 68.81214956437252 82.37135153320479 93.57556246862927 77.60074547375011 62.33838183459509 48.46628050979068 37.557891158250285 32.72488923141443 36.46847827002541 46.77274617349802 60.36669617431044 75.4936724131798 89.5643607204358 72.73670170988227 56.19779989562529 40.304708456039826 26.25753620412972 18.79251884339323 24.810707257881894 38.427795903197314 54.189774630359615 70.67587795100332 87.66511555753763 70.39578543376183 53.1476642734405 35.95129091392615 18.948084568207072 4.927269933957647 16.97761935527134 33.92513255264954 51.11069524305384 68.3549940202679 88.01468073083508 70.82864524092577 53.71706566810382 36.78399782703625 20.47718347612621 9.18045668373218 18.65367849946732 34.79011142598858 51.68614107603878 68.78426928050926 90.58702141642937 73.98660716845473 57.79912300161752 42.49906101935476 29.50106343253966 23.090393850085334 28.190970558663086 40.68176916391477 55.803161666073514 71.91446551197501 95.2020965954918 79.54573038905909 64.73263566627017 51.49574630820833 41.376521432360185 37.02604535153895 40.35525261297278 49.848487069051124 62.76865287041831 77.4186203289687 101.58180946441234 87.04711552228599 73.71728066307423 62.36966776534141 54.26245743924627 50.9662040870063 53.37971967217207 60.82709780219864 71.7577732598165 84.8358477331603 109.4178457314476 96.03661514736072 84.09810244051434 74.30103041243187 67.58319545597328 64.90783001582591 66.76269458605246 72.80234392567297 82.10845312899204 93.71290076925214
14.08542321548224 58.875083711033554 51.00803955420027 46.165573464784764 42.01930241110507 57.664684216337896 27.248381288778123 17.008775275017637 10.424055896845406 17.396497556683855 0.0 49.76467683764476 20.9700229716328 14.25157851636197 56.601257972474585 24.70246635190672 61.68864423744439 14.590384187080838 36.227380914785996 22.917103966776565 13.81114436024004 39.4109924015755 54.77338649871974 39.203021794043714 40.84218558193677 69.71911191296736 37.49841643564159 54.99671934967598 14.674018487403403 36.08936972232846 43.09394119951146 50.20922284003775 41.62550951361462 23.232754060497395 52.69555342764166 21.125769989425933 58.993655204952475 45.56198795065796 11.913125954699181 17.449356362135514 89.46619247113895 75.86133568628998 64.06548079110546 55.24970883318983 50.98407343190163 52.39200398652481 59.06919112513385 69.51343408994467 82.30289556239717 96.50967120899162 82.18308945098697 67.1604336977684 53.5321815771093 42.656441736437365 37.042631199325236 39.03137171685658 47.68067089916862 60.1843146011159 74.62951170847212 90.08708708124146 76.8339225733243 60.529397313220045 44.9763856753497 31.315389922430363 23.176347250071185 26.31242189565788 38.029660378021205 52.90441984555167 68.9217763711989 85.44153512969775 73.84027445722643 56.6992646097621 39.69811463594888 23.14707815272823 9.713257505608778 15.86255776146777 31.742831145077112 48.60357129341674 65.69414113023424 82.87247093089276 73.49061198464753 56.245233363562065 39.04991643703366 22.022242000620793 6.61632701024739 14.187526030206634 30.943650043062753 48.087904222316325 65.31536617349423 82.573973233903 75.8215282553855 59.244980196595 43.24052501253552 28.77898750140967 19.632346605872137 23.266708798368143 35.99947550685218 51.47131753336694 67.83319698968087 84.57009218626614 80.6007658586908 65.22366030131798 51.09282198323611 39.56684524222868 33.45597429148903 35.6619878630651 44.97733573781658 58.07626254273934 72.94828305626073 88.70603090961282 87.42766903220043 73.45740394565667 61.21344407089702 51.931531215040266 47.38549137132664 48.914091114521234 56.02226776466402 66.9559804664945 80.16492258847695 94.7017896633759 95.86568387222947 83.27991566268949 72.66054337495527 64.97891948061515 61.34868044994748 62.48004811034848 68.13624170445553 77.33067734104792 88.97311439351193 102.23058110870456 105.52894144472987 94.19536259406388 84.89912253111112 78.36862573682093 75.32667399065744 76.19225649979997 80.83995242422898 88.67706403888066 98.94862953058113 110.98074925723262
59.35410292409675 107.9292991873068 1.9881122201802657 95.88631370130092 55.596445418952996 10.486108165334265 71.13340488052357 39.64198485756872 45.023813042931614 33.71350723837766 49.76467683764476 0.0 69.10626383772818 40.446603576466 8.412848210658462 72.45103916867042 70.40140148338179 60.07467021537309 78.7383915019749 71.46679105780579 54.67731217200657 89.13188429658076 5.270583496422885 88.41128754562837 47.30346329087293 26.910322143495733 77.95760661424157 104.4611680766133 52.64037928603912 83.86118625455434 15.639849632179823 3.9758844650782907 58.434486991717385 72.71354677147029 12.762344545880957 67.09868053350353 66.60699489256479 16.236890518162067 54.36699791454676 43.46110907360152 137.52234865347813 122.50071036466169 108.16258563855108 94.81855860718494 82.94978247935241 73.27664705432451 66.76047353864075 64.36728893074395 66.5434307438229 72.88073613540458 131.42315768483027 115.64424699598074 100.36851293192407 85.86492852705643 72.59775858780729 61.37413291833711 53.49612013646129 50.552809878550455 53.367024859945936 61.148942239208075 126.59406225648219 110.15131638532388 94.01742057375662 78.38332226043475 63.618566577039005 50.491640750545386 40.62261101622608 36.738184953215594 40.59432114649696 50.44611533924813 123.18459687101934 106.23372232477327 89.4174123518945 72.82894015812202 56.668743038688206 41.44091421350549 28.671646698290935 22.923531539216427 28.768460027817305 41.57488793504792 121.3145642738029 104.06958155464234 86.84725269705767 69.66438109365109 52.5596792358297 35.64585481751012 19.428001597180856 9.109375529878474 19.678094296069567 35.91917682520942 121.05535489127112 103.76869071512007 86.48813151329252 69.21824981641058 51.96969133727861 34.77420053427874 17.786363399154936 4.709343712128203 18.07524850437716 35.07085390825844 122.41720522642979 105.34702065083654 88.36701478253882 71.54142688131361 55.01212717176818 39.15615441866074 25.274228750335933 18.522439530927407 25.418237755999865 39.34215007152186 125.34727087328348 108.72273832485439 92.34737573069559 76.38160931809786 61.147127013618764 47.35504729639861 36.67067396941919 32.33704712628029 36.67886812439496 47.367737749174395 129.7393043086029 113.73586947697231 98.17388684949907 83.30113590574635 69.56112102395376 57.76783710785808 49.337608184576155 46.151698668270285 49.23882746296429 57.59902864828933 135.45110696771303 120.18161790078477 105.54115834936627 91.83107781564395 79.53397716002803 69.40501506678498 62.507236650099784 59.966232787156805 62.31724833166601 69.06247699310018
23.096931833303497 44.93638735898557 70.11854192076352 30.041116761131725 43.22004083183029 77.7354742043068 10.48535929533215 37.51040326845558 24.300000730549396 35.41445885116302 20.9700229716328 69.10626383772818 0.0 34.90721107170219 76.47727894708638 3.7736717105846407 59.96178852524736 9.606896921038675 36.88235891985812 18.497790712263384 27.663001596383 21.81737355891903 73.84189192473306 19.544264079750118 46.22339045551985 90.4732260586864 21.075555316697894 39.891286533494366 18.607111188856152 28.49449516474795 59.86690005787484 70.0457753519524 41.13974828222694 14.501629235097226 73.275216762608 5.239896666625312 58.354017964692986 66.39013189506859 25.934383124095444 28.17689474520468 76.33204347185153 65.4920624143992 57.883835620574516 54.86861964092222 57.17771615579436 64.23951927426765 74.71839971897623 87.39371536047139 101.4454657444919 116.37612454024406 66.79441159404261 54.13285386277693 44.698363957842815 40.794938899413445 43.922838765873124 52.84798876801576 65.2327333050812 79.47587368514633 94.74294130622606 110.61076250641133 59.14522804451373 44.40085729970115 32.30207971464056 26.723073836997408 31.361299290361366 43.03079836033205 57.60623419658412 73.3758606455901 89.71212698941304 106.35424123498515 54.19029729829969 37.58237223859617 22.067938371106624 12.659617841674066 20.790641234019088 36.09637684064847 52.653194567775344 69.57357396612419 86.64478235698724 103.79242382746654 52.69527854178378 35.402959815349185 18.128991714600016 1.6323943454303365 16.59465805071255 33.86464578511232 51.15622529362709 68.45303596074656 85.75191235187731 103.05181417895409 54.943356779475714 38.6554392003015 23.841684629125393 15.534519392863745 22.647937659083308 37.19205947885596 53.40675909437399 70.14290389091066 87.10042730153549 104.17127399870989 60.51879952387668 46.2066176576538 34.73164600845166 29.601220467039074 33.83617252911623 44.85811174459377 58.977310100688456 74.45203371046735 90.59026901350165 107.09247245040686 68.61516696106624 56.35411280055682 47.352245487942206 43.67365918742 46.596631764264586 55.080013685478534 67.04531269368213 80.96322764960982 95.98811769770954 111.67406805999173 78.45575624275398 67.94432777211763 60.63212745518153 57.74751334718968 59.93323727771988 66.69263661087756 76.82785849036246 89.19545457401986 102.99434745233295 117.72229742569417 89.4667431779954 80.35526059375705 74.21809702879649 71.82180866262317 73.5330315175553 79.08558339095411 87.75329354352654 98.71899415080424 111.30555841918925 125.0244100712265
19.07070406097129 67.91924120105253 42.02341770198668 56.981242537135955 50.05889941697313 46.75442590790488 41.46949754190831 2.8399482043644215 19.073601627435586 16.30464899138083 14.25157851636197 40.446603576466 34.90721107170219 0.0 46.08656580354338 38.67652577296333 69.94219355377113 28.77019791691566 38.77558700058927 31.655066060782296 14.23468195474637 51.275871700767546 45.69758987016379 52.062447342007346 46.53568597653327 57.12026210634278 51.547436717626425 64.86586893524522 26.7944000727803 43.54398811063529 38.07455366226279 39.972418021075235 50.565825892834496 33.71888664066673 40.77220126996939 35.375104239600084 66.80489896329807 33.00855998749764 13.987987208537234 24.669304469581864 97.10187204551428 82.09313228075092 68.17987317502887 56.181952355163695 47.571339697674276 44.36616815580633 47.6695428870383 56.348182644094386 68.3853345494664 82.32067906283459 91.44026328765412 75.34399418244533 59.92346971599007 45.86541224633319 34.859129544489846 30.420237327533506 35.133058789846366 46.28154983562765 60.401497868791054 75.85122997473721 87.70418592347006 70.78477261988168 54.107819316112234 37.993952905912025 23.624924839720812 16.47561713424481 24.155063987404958 38.65489027953089 54.80553109680837 71.49688248488401 86.14459096064898 68.85195441816276 51.56555318524309 34.294817335522566 17.087313701432315 2.5557104028905178 17.882969397550074 35.09676774237002 52.36868520526144 69.65550119675052 86.87879254148987 69.7642035593431 52.77192971059265 36.07522688510495 20.412750588169192 11.43029923818613 21.055546944036955 36.80670232290605 53.52423354885416 70.52422832203379 89.85056782633328 73.41552723142142 57.49143568824746 42.65443886941968 30.53272952130518 25.37330147600171 30.888051453379703 43.16305661552695 58.05805395627318 74.00767690531968 94.84979116633411 79.4290297546995 64.96279438079148 52.25001954467012 42.879720543125885 39.31898177906439 43.03487220031812 52.504515284874266 65.26985543174138 79.76396387797641 101.5774898224058 87.31794966514902 74.36102394592115 63.50904726565051 55.99942804034029 53.26511476729626 56.0098974790669 63.52750927063832 74.38467521335437 87.34480541397312 109.71607139208741 96.62391791592223 85.0496213817353 75.69270819197466 69.45520457480897 67.21128033785891 69.34968175759374 75.49895302678352 84.79090074555312 96.32026361497566 118.97624958460086 106.97765099549581 96.60108114575952 88.4194614546964 83.08378102387827 81.15731263834114 82.87813547854756 88.03262183022152 96.06966686786922 106.33767205148679
65.15593907601506 113.9827871121275 8.663269853655907 102.46941513723895 63.93410713994351 2.335580254840901 78.99450675255434 44.88278930839088 52.651387824162896 41.274477711454686 56.601257972474585 8.412848210658462 76.47727894708638 46.08656580354338 0.0 79.91058444703731 78.33941154206376 67.64595245722307 83.45646735501188 77.59995349194064 60.16021438463 96.00227111207633 7.129151083821976 95.5995608180488 55.57749258214282 18.823824559499876 86.09446681372089 110.76829747401284 60.512344045593174 89.61791496219213 23.78624728887357 6.431530277731772 66.80732253847347 79.18143430466617 9.105235227345913 74.7288736889939 74.54821919840596 16.36521973731274 60.06951672850069 51.51902635204882 143.0261203181491 127.59945206343369 112.71851872148758 98.63064423161764 85.727701029248 74.62686305779123 66.2404248184171 61.68560849021919 61.815288837022116 66.6021080575457 137.50558862065054 121.40854745670286 105.692887487596 90.5573857399709 76.34786398875568 63.687166183516254 53.68255316929145 48.02374902727252 48.26434506062654 54.326016928001515 133.2389586052619 116.57685888259924 100.13199301707766 84.03199442073343 68.52039265326167 54.10564106259873 41.93452804950799 34.47168335376092 34.88262212544768 42.94188819844531 130.34948111615637 113.27851773291431 96.29002861742687 79.43694556977749 62.828327295532915 46.72559019516664 31.904145913733927 21.240996986290163 21.981743756071715 33.37552760994449 128.92982291672035 111.64954968630889 94.37721165565446 77.11814080724425 59.88380941598063 42.704180658472325 25.6892368161124 9.743724011920145 11.342700471705506 27.587804865651083 129.02852940348183 111.76299649977132 94.51077546603614 77.28078207282435 60.09213910657297 42.9944693309265 26.1667137738914 10.935388993439075 12.376665996493488 28.026671154051932 130.64215762956627 113.61363712171863 96.6822374898805 79.90971698274205 63.42225166870611 47.517496372428134 33.047756847117704 22.915220272186307 23.596010764665717 34.45500608439399 133.71585200572775 117.11912488448192 100.75989880474738 84.7757775437225 69.42632906099384 55.24314738965205 43.38551553384508 36.21474894051691 36.598095327636514 44.340056162504354 138.15215136877708 122.13700662921714 106.52502794553416 91.52276492542379 77.48518020296044 65.03992261332691 55.273245310803304 49.78728243382205 50.01116943729341 55.87631319447499 143.82496167641975 128.49014832674482 113.72119840640924 99.76972412407451 87.02975854276508 76.11211485763073 67.90157082426445 63.45775562642837 63.57550089803274 68.23119533084875
