0.0 16.678992628763826 32.31743550825451 30.51163146933874 16.078109698007967 22.309377785510698 13.080033375974853 44.12084411585606 13.068100578372546 84.56730409084143 24.931875264384406 26.49997462919402 47.27914816401635 22.255943484621213 14.385977555314769 59.16400257364917 16.616732772600265 34.5415523740149 44.96949120304649 52.46851658216106 12.680466941575741 18.276265415787236 52.79988435706181 47.13999201691034 39.201713449279204 22.572706410949483 2.13391979423662 33.32811930015762 25.08398161020117 38.484281420913426 24.18128350115117 9.981059727552644 59.973289766794004 24.39920027494641 18.177371169756636 64.91285459943327 40.179205830600424 25.401311960717546 39.0049924068063 5.4150604131669065 129.34366983061463 116.20137809103579 104.28047767068657 94.04657455203737 86.10331443164999 81.12635661175553 79.67354095415828 81.93255109793762 87.61675148458899 96.12039201837224 121.05446037931445 106.9423422713264 93.9033497898389 82.44820175178172 73.32301945466739 67.47975053000765 65.79863692510851 68.586418851163 75.34869222745917 85.14368050349698 113.90816236250201 98.81924103840473 84.58200587959925 71.70557447488997 61.05705099446495 53.971639913025314 51.928919949886456 55.48862868147282 63.71862735666419 75.09886420469141 108.13172602563137 92.13315205317605 76.70248855809946 62.26341064156557 49.688020372501505 40.740311026767905 38.070369407657516 42.86769904468998 53.147273929925454 66.41033309023115 103.9538498025911 87.21530134204257 70.74832462543966 54.798292274699975 39.98863569803106 28.178713307132213 24.24251497293425 31.306068592174658 44.397647224707626 59.673637205718244 101.57204475504024 84.37551943731187 67.23309733390397 50.200234721719774 33.444743194448556 17.769389995104163 10.56715129474494 22.50091652372256 38.725068038167294 55.602910327969056 101.11334895722554 83.82531339478398 66.5445003829099 49.278508842903605 32.05130065132825 14.997128064979911 4.610354004533367 20.403686308881003 37.551018668333306 54.79563055719896 102.60356428370085 85.60884750117594 68.76750847318941 52.228131855839145 36.40463400628373 22.837011222423488 17.78968438414731 26.64824091526678 41.2613221036219 57.38969196689084 105.96047438419863 89.58682249393576 73.63887649546673 58.46604341593505 44.86179965465068 34.72164509642906 31.58026191464445 37.252409069074126 48.75325378618317 62.96607231216509 111.01482560929398 95.48531385476245 80.68024730587443 67.08101769879767 55.579915910790675 47.718912989614985 45.428688604963604 49.488789912876946 58.59367195264733 70.8237244560681
16.678992628763826 0.0 40.31332091080413 14.199732464020576 5.164156081649512 10.133044580409761 19.669596388187227 37.66442770621207 8.626147352732033 70.13921535417107 38.05112284670585 34.94605777775881 35.129014453801624 25.607037530830954 7.1130659807859065 43.51332805823357 25.702878988789294 30.871421261717433 37.809289375783635 36.649475659120405 28.158432399159736 6.809222813118655 52.51313787536225 30.650809637286287 35.21082921037824 6.230321803172191 15.698194545566048 17.388708904771086 29.163570521223914 22.197887834057532 38.195648951692874 10.223618912835127 44.595924019117916 29.190027082922995 7.4137755550684314 48.25174861293566 24.736378354624616 11.17930470463009 29.49116879993923 22.059776526963454 113.82214234124204 100.16760195062975 87.80836740557575 77.367711645827 69.71304567680092 65.82360658106232 66.36473568718141 71.235536188014 79.64557490967401 90.61471239628388 106.22864196993112 91.48903836648606 77.81172426985724 65.86186493674988 56.74157733743849 51.9627604287348 52.71954922904959 58.798586695180404 68.80332296187603 81.29711698754137 100.05501338777307 84.2766689439738 69.23015807179938 55.51377558092451 44.37849035533056 38.1553163743885 39.25445915458385 47.166763657050026 59.2216283013748 73.40575970446024 95.57689197780341 78.9335479505565 62.64805296182861 47.09313032424246 33.30852959217936 24.492125255059545 26.248449316085907 37.10537453738371 51.607629122757174 67.44328568361155 93.03948960768581 75.85578961502128 58.74153676248478 41.78215642795357 25.291148289093695 11.499952141488794 14.952215494668234 30.225845374578775 46.92917898792048 63.95159954066513 92.6025139209336 75.32165178291835 58.05334090875374 40.813515831909726 23.664515186012807 7.279354638396347 12.028393469176661 28.897906766448916 46.08914516510601 63.34069078524012 94.29517651399266 77.38383148788913 60.69305100961193 44.47187323657542 29.505263610357463 19.0285484342073 21.267880326133945 33.782714735152034 49.28420537486554 65.6909886301908 98.00717469751545 81.84628736124942 66.2641063992162 51.78568739047021 39.63952093246269 32.55049002237532 33.8597956484309 42.80357113280536 55.825748734484556 70.7077882656751 103.52146306686728 88.34598571062826 74.1082742774031 61.46350698844187 51.59643704934948 46.3176552849619 47.192810004258476 53.923099792052255 64.70659407111452 77.87739846237945 110.5686460880851 96.47194849670004 83.58794296689834 72.56547103283711 64.36805867344641 60.16180169463329 60.78103161000621 66.09025070819362 75.10129618264706 86.66708805700705
32.31743550825451 40.31332091080413 0.0 52.836966409136814 43.4606655821094 49.98096966403515 45.30495023419213 33.75732797437174 31.687604242255027 109.33718015808262 50.311512319220604 5.822902051240991 75.43505931243033 15.511158687916508 33.30184495944414 81.58627885309531 15.842971164635918 24.60692296148712 76.23480520015859 62.08520933370631 24.122849735540854 35.55400210986113 27.838565194298173 61.32572585482377 26.64316369515447 45.899810159670736 34.3886729219142 56.42303624703035 12.329482101831667 60.037655667312464 48.1242648880115 30.642606119202938 83.10849712520339 11.75894756444288 34.87122030646928 79.20801301165085 63.95636316331617 39.95320478788759 69.02203348066041 31.933161606434375 150.77207786834023 135.75021562576953 121.33718090692506 107.7775057682844 95.43562689466863 84.8446572536517 76.73305481493219 71.9443979148047 71.15279288222116 74.48578610787769 144.57966493664577 128.8703465129607 113.62460311849686 99.05671195923887 85.5138086035232 73.56417788125984 64.10509028831545 58.360384360189094 57.45523346784661 61.60333409335012 139.525826688114 123.20034808359185 107.18161950936238 91.63065912419391 76.83202561987724 63.31545600274596 52.08875229503129 44.90360343474189 43.796500159413256 49.1796460949935 135.73787410249594 118.91349904076394 102.24861528098222 85.83616769348767 69.85431501723664 54.681918891468605 41.22266931873528 31.736634397941497 30.22960047904884 37.671644673529215 133.32380482262622 116.16309475930733 99.05152498492244 82.01985726495955 65.13080481518547 48.533481764632604 32.6755005280584 19.457394059162755 16.97658383331023 28.22288043392808 132.3588494663287 115.05941095318879 97.76085437519473 80.46374854474386 63.16928521050523 45.88045270670555 28.60746178132247 11.422406970492714 6.424132226338644 23.468727088522705 132.87459668149805 115.64961874487064 98.45162833505312 81.29775434330635 64.223356609393 47.31455527190778 30.844897154633074 16.212993366142616 13.15399410122001 26.113347185940626 134.85405149028924 117.908275486285 101.08322349471354 84.45108131492346 68.15322896076772 52.50190967686647 38.29815715064513 27.852425066279057 26.143388123021737 34.49501880812865 138.2343217456464 121.74252258424491 105.51048261448591 89.67936283144478 74.5051698497612 60.48436650235759 48.62512610311286 40.85527170996342 39.656142085396446 45.54966546921521 142.91599880270704 127.00969349740465 111.51969138282016 96.64636923197615 82.72302945091847 70.31627346426997 60.368508537768456 54.2497477342769 53.29552732145055 57.76236779084581
30.51163146933874 14.199732464020576 52.836966409136814 0.0 14.927654284747607 11.281381682428345 29.614656266903886 41.679018794405074 21.939559400961475 56.59374886560191 48.81370299526903 47.85331154268279 24.700108627473455 37.45895240212753 20.09589426866961 29.428315862588835 39.2528308806156 38.113062275137935 32.545626864345344 27.33795246945316 42.34089129065188 17.297612881368813 60.08568475020953 19.392246620930056 41.60445879524267 8.001830841362972 29.221158741738297 3.6111807704724366 40.91179408591788 8.007951415084486 49.53672593322096 24.187693878098653 30.645220664880075 41.213446122140844 17.97167948417648 35.34184308867805 11.119879803903379 14.280828611613835 23.073304209794614 35.757391110937576 99.6895040615152 85.96847676695815 73.7689554805126 63.96746521080248 57.7971663342268 56.46136984801675 60.28232039382172 68.40122832993757 79.51223767381262 92.54383750616948 92.35818289260271 77.38902178662154 63.61440268231105 51.99258172089394 44.253470703849864 42.5701253778988 47.58956051569564 57.58490909481627 70.46972421361157 84.93907873167635 86.72181593643687 70.59971984484841 55.196713397196845 41.32485381018312 31.104976450163946 28.74030658288146 35.82178848098987 48.36429966869834 63.1958865737132 79.03824594519827 83.12598793926561 66.15415796511833 49.411819880710226 33.24749395742055 19.18270960166881 15.141645338965025 26.25404887207305 41.8090100752922 58.35601209349875 75.24338877338062 81.84016253527881 64.53856142208329 47.2372016536954 29.936501678068808 12.63917119035942 4.69220279256797 21.977226593068703 39.277141105338586 56.57828860175536 73.87980286794978 82.97182285128387 65.96122607498938 49.154409865208336 32.86550439177226 18.51592434942418 14.291614183412447 25.77544807153763 41.51156364764568 58.144293060543205 75.08009336959276 86.42604212714828 70.23775526903808 54.7351227628999 40.70915073720355 30.28607163212092 27.856187954953594 35.119768951072416 47.849127748311254 62.80437701813251 78.72706275608311 91.94137240163222 76.89339593963189 63.01331508761754 51.25881950323184 43.39309201752226 41.67924486266746 46.7981156599291 56.93569149309733 69.94274416739746 84.50447986224664 99.17446718970166 85.37344763087306 73.07786729571808 63.17295566125613 56.92072097265894 55.56809458499691 59.45045253218193 67.67272705753038 78.88940473230369 92.01183011373516 107.77995159563005 95.19147150242888 84.29118857816714 75.81083459361395 70.62754955889763 69.48315491426652 72.56897975205307 79.39329173698545 89.10119341702965 100.86347460000849
16.078109698007967 5.164156081649512 43.4606655821094 14.927654284747607 0.0 6.670602095522067 15.60868854728075 42.81674062322362 12.346579093974213 68.73990856642597 34.58340268707691 37.88300889569599 32.34148744107011 29.401283431285897 11.306313616003669 43.08806090116975 28.18368222302923 35.82482783477439 33.43937955016616 40.02660662065276 28.509875251448268 11.895294581548793 57.277809034761034 33.26676496050561 40.22745033103541 7.627467373034321 14.54362799276232 17.408515467240655 32.931947684045845 22.715227005361115 35.03539635649487 12.818679475140549 43.902214846557776 32.814425325190506 12.455841774736651 50.145532773240745 24.10415020710696 16.012670833688468 25.614700815234276 21.096674925345585 113.27737581873909 100.1524629213788 88.47574681260383 78.8929002343211 72.24203505989321 69.37163354656553 70.74337736812838 76.12829520711377 84.76496451843283 95.7777170177634 105.12975890654977 90.87995200254015 77.87659259725979 66.8510299382336 58.924148393929705 55.44140019109885 57.22010990430571 63.82187423488792 73.96634920833992 86.41474718079944 98.33912779999035 82.96872650988371 68.52547164543813 55.73487340363356 45.99692518062218 41.51822855771191 43.93762218017132 52.306511515162356 64.3438638458908 78.37729037118105 93.20266714813285 76.84053111981332 60.99923908284354 46.217496701346356 33.91042200846167 27.613154964277484 31.205221041049306 42.2345261628786 56.50180941348742 72.11007988176311 90.004108730942 72.94623105707684 56.03818664482898 39.47298822607701 23.97223261634693 13.781573705434344 20.097470265123693 34.87975843362446 51.26401745652219 68.10370124470758 88.95279481425717 71.65105815990198 54.349444973202644 37.04812823413004 19.74788712003115 2.4714143833444173 14.864398262242206 32.16374333995584 49.464897036932605 66.76645336848055 90.12391581882898 73.09332687202834 56.22865159632472 39.74167439729619 24.410094303712494 14.526435226754597 20.612970027322145 35.17789565571806 51.46636521691695 68.25541554310783 93.43392362130318 77.11958590975135 61.348778781327646 46.675737429234744 34.529493925632906 28.366478748532653 31.870644205438268 42.726203753530704 56.868521098367985 72.39639891732638 98.66774886002763 83.3561861663196 68.99193961490165 56.30476484447076 46.68265426714403 42.27314428352262 44.64831574420596 52.90208240650159 64.82664112844456 78.77221166013045 105.53949772533961 91.35146322051273 78.42379868955541 67.48475891315199 59.638840421079905 56.19686828166384 57.94896754312273 64.47306251980112 74.52628300572748 86.89220933434133
22.309377785510698 10.133044580409761 49.98096966403515 11.281381682428345 6.670602095522067 0.0 18.631318672813375 46.59152253925305 18.504491007642144 62.27487570348974 37.76123794371738 44.45451198933125 25.674478582474908 35.61431129251726 17.17368545328655 37.2024133137729 34.822653263540715 40.62513593391288 27.74657483737069 38.36741554060432 34.91144845392586 16.626281686533503 62.457685423914015 30.657499132130464 44.811259744110465 7.512244979745629 20.577255924530487 12.632916743790027 39.166353217364204 18.073217174574463 38.64845732594208 19.366691965488073 37.84266887230966 39.12680876187313 17.29725936989257 46.288803568125985 18.36010779766979 18.3995581540356 19.36837823151209 27.027153985458522 107.1431324703944 94.34562240612206 83.19394970849646 74.43158764066918 68.97521568894162 67.62980622587325 70.63067443533735 77.47441398531925 87.26149576680011 99.12388024137086 98.74520454513504 84.73473872573025 72.1667233359819 61.92572527906853 55.319566429683455 53.70673042597668 57.50887618971686 65.79383156935192 77.13031303464776 90.37721830814314 91.76104889706073 76.52150837088642 62.36744563043395 50.22510515835083 41.882334994198196 39.804580938884925 44.870761366866326 55.14591254390151 68.31884072211942 83.0214563077648 86.53377294578416 70.19837107722626 54.46319039668772 40.04219373567593 28.969394451349554 25.957363412869913 33.272420720175695 46.249687680694194 61.39807493121557 77.45401193366337 83.39448439728024 66.30836593577669 49.37278287120645 32.821592192108206 17.763869787154153 12.351767315740528 24.25469381476029 40.2830872512121 57.06029263102743 74.07928051746727 82.58169419596102 65.28792470722016 48.000037373650464 30.727961894093095 13.532378780345644 4.555928856103554 21.379927011713775 38.62848235832728 55.91003128764973 73.20120987292793 84.16284424874962 67.26778115302584 50.64816602280214 34.70203701125731 21.02232943896857 16.684052517680257 26.71121848305068 41.80111348211449 58.13681531427175 74.9076619075204 88.00898062046525 72.00082947512244 56.75709071699815 43.09668635285412 33.04527998038148 30.41982593388724 36.84359126364003 48.869660844180444 63.3856956360963 79.03137476894625 93.84197201900744 78.99366351360885 65.36349182243302 53.88392409951692 46.18736315112559 44.29189292374447 48.877142593671614 58.43699498498005 70.98939162247555 85.22211619135098 101.31917059691828 87.70734044625196 75.61929524499459 65.89897621629369 59.71406306220875 58.20275420117372 61.70939048474822 69.47829991817093 80.28148262828891 93.06823171289378
13.080033375974853 19.669596388187227 45.30495023419213 29.614656266903886 15.60868854728075 18.631318672813375 0.0 54.617259495462534 21.747908702998874 77.7323495167012 19.199877002128957 39.50327168730226 39.334595044354685 34.959161553155155 22.07619675381731 54.83325946175171 29.687776138432323 45.87866030802441 33.87754599075682 55.62353299992081 23.481366507867047 24.855808797059662 65.34737458413309 48.643857351053796 50.54613376671394 23.149066965191203 11.137673582171116 31.263849350655708 37.97197382551541 36.70433306512925 20.01860624595331 19.689524916150333 55.12558281870805 37.35653864039347 25.12704991323404 64.87877213435026 36.53794255164448 30.7729398644969 29.69537785248304 14.226131961573223 123.68081245258702 111.73364887424543 101.34372880189828 93.03425498097263 87.40064066408732 84.97675878563993 86.03432591512652 90.45130786396564 97.77346833029752 107.40829241864776 114.33259076308357 101.33900334774545 89.81054906582662 80.38012617002991 73.85582900976661 71.0428821950581 72.37532437780395 77.64002114443032 86.11879599677407 96.97221251643293 106.04115193040059 91.9279293159123 79.09146654554148 68.2559417128826 60.50607147160164 57.11211253249529 58.83281157796852 65.26487298408055 75.20907644810536 87.47573561619525 99.07231327578569 83.8324882783383 69.56402369435528 57.0010979091313 47.51632774082251 43.18775416734344 45.511177605270646 53.62888151876304 65.41827762752298 79.25748943340417 93.72168267197304 77.46637769268433 61.78215732455904 47.24129206011925 35.28673700400019 29.279299212197184 32.6819573683865 43.33189049182822 57.32281003949834 72.75208443100735 90.27752920514331 73.28178239543857 56.47228918762552 40.08405823423856 24.961099061840194 15.43028423748392 21.256606981210933 35.55707345219766 51.72504294859974 68.4497416137264 88.96160825544352 71.6619494177029 54.36373645237038 37.068993559954016 19.786821922700483 2.7640470005546773 14.91560208672996 32.187326872013266 49.480162009535036 66.77770922681573 89.86747779610236 72.77835614442522 55.82049353735571 39.16476340357458 23.463646438880858 12.880975662357555 19.493824198375044 34.53710537662187 51.03260655467519 67.93051621893494 92.93017502704173 76.51130445433985 60.5859069274105 45.67312839480615 33.16816737194675 26.700751423618065 30.404655181381067 41.64932312949126 56.067809908150664 71.77215775567333 97.94754380963828 82.506355977539 67.96750508437387 55.05061535188899 45.1692847685268 40.603741885560524 43.07863689207819 51.59049903417014 63.76594512269718 77.90582428006101
44.12084411585606 37.66442770621207 33.75732797437174 41.679018794405074 42.81674062322362 46.59152253925305 54.617259495462534 0.0 32.87998718663318 91.15287372053581 68.8971002367186 33.398232696076356 66.09625444853074 25.47670818223647 32.76122809584176 63.30936626204017 34.24775685299053 10.548359371933945 73.55243988498826 35.063060041042625 45.90843445382683 30.95922356445692 21.210711272081788 38.53636834202673 7.133839409197288 39.29670785194238 45.10087561779411 44.76037911671486 25.414599343490533 45.353971267065596 67.80837090307134 35.062430327199564 65.46702527625565 26.65053604253245 30.455184957228564 53.232985090513125 50.79495061652693 28.40897015463274 64.30234976862455 47.82437270610879 126.81311153786214 110.50970342449597 94.56177731473859 79.18441003139692 64.78516605263431 52.18017415092975 42.97824209985702 39.62567222460697 43.49671700504046 53.032450130679955 123.07603353521078 106.22061526097407 89.53568289878937 73.13800823145668 57.274848880129674 42.548310316050596 30.643424052140578 25.81454037815119 31.503521749914892 43.78656872563917 120.86488337810323 103.66243814768835 86.49968224849887 69.40606510334631 52.449228925289844 35.82393409842962 20.359267949344005 12.014916824408974 21.746943667635332 37.41943063687983 120.2638890028756 102.96430540182953 85.66566968831425 68.36870136908999 51.07509449943825 33.79001060728393 16.540191747286435 2.0259952410855107 18.257736932053128 35.51476941395313 121.2969950162035 104.16363323882456 87.09693667748192 70.14558195116317 53.419484792926475 37.22354689506806 22.721266052030963 15.672645540107037 23.95245509563657 38.736556269899296 123.92332493515 107.19673700656035 90.68627084958936 74.53568508020412 59.04105617514275 44.88689800371159 33.801334955804805 29.477723987955166 34.55505046377071 46.020388393751084 128.0448443203071 111.91457809758211 96.19234800742758 81.11576437768666 67.1213158183378 55.040705257080695 46.393877017826775 43.28982335272549 46.84367810833053 55.79745462954491 133.5231111020111 118.11538743407492 103.30907931651639 89.40349299917128 76.88888621123584 66.55459906430242 59.54683922848981 57.10372176509147 59.78747016406643 66.98466772057883 140.1990978922428 125.5795995524904 111.72901803247656 98.97070268929845 87.78220426347627 78.83476171483376 72.95760960322212 70.91822628011099 73.03879594988297 78.98496998933703 147.91062680062004 134.09630831846914 121.18071046020384 109.48236191594407 99.43183018904114 91.57329545515091 86.50622132851265 84.73288924095704 86.45621442308226 91.47879430875712
13.068100578372546 8.626147352732033 31.687604242255027 21.939559400961475 12.346579093974213 18.504491007642144 21.747908702998874 32.87998718663318 0.0 78.41148154783973 37.577875513606955 26.34717253393223 43.75391394291563 17.11645473697493 1.8903477343050772 51.34420318451869 17.332276497826022 24.545463543196487 45.78581098293916 40.02347268847872 21.839418852867567 5.735706803339087 45.34182810137339 35.57719194129665 29.147626034623237 14.405756465180467 13.244943980693112 25.38401572662513 20.665191492630576 29.721314418926088 37.07585639726575 3.191429134043114 52.58407195988953 20.627891344280258 5.417731227773978 53.78888559529268 32.88563978995573 12.83658468536568 37.82874955758208 18.166910402981053 121.51580695377174 107.4619046903773 94.49191702378018 83.11483387233255 74.06835113938318 68.28511899220283 66.6204631897665 69.37151115605408 76.060625878739 85.77134056538127 114.29562545017599 99.26357819933641 85.0983305732389 72.31108992159128 61.76375583701922 54.76613273622848 52.75032706173231 56.2544635192338 64.38347829204397 75.66108536376767 108.43154999752602 92.48324806105407 77.1207333216044 62.77555291254318 50.32532939096409 41.511609372145834 38.890806710636376 43.59452007007184 53.732445628733764 66.87731637742775 104.15297950020764 87.45146787714135 71.03791860959191 55.16994723940372 40.49408386386038 28.88821782578169 25.059887907808154 31.940215816208713 44.84492549263871 60.005565159281446 101.66036258670718 84.48132998448978 67.36522780294358 50.37624166469238 33.707128888570736 18.256186839115802 11.363062274136718 22.883684513986346 38.94765533343046 55.7574183526089 101.0859382983274 83.79239903062346 66.5032248283682 49.22301548514457 31.966312861238396 14.815486021345906 3.983171822706402 20.271809319947202 37.47986675608507 54.74712900798788 102.46198127151754 85.43988502476974 68.55802304115144 51.95328013625743 36.011058494425576 22.207241482180972 16.9776040124627 26.115679680225103 40.921029260161646 57.14669517691129 105.71233309085791 89.29453832250348 73.28465573639868 58.02134042015879 44.2834066843144 33.97459722669266 30.760939381482444 36.56373219904813 48.23159357491407 62.564971916735026 110.67193196882491 95.08826608937171 80.21211891164967 66.51987329515887 54.90452546737867 46.93425338933803 44.60768113824574 48.73982091441329 57.9654976679283 70.3074074888346 117.12377951242637 102.4926825046243 88.8268935888641 76.64450991864764 66.76257630884032 60.32245940820238 58.472672606836454 61.62795302155001 69.10609643520523 79.6994187825782
84.56730409084143 70.13921535417107 109.33718015808262 56.59374886560191 68.73990856642597 62.27487570348974 77.7323495167012 91.15287372053581 78.41148154783973 0.0 93.80415726604062 104.44029446096226 38.48510667708281 93.86715619797178 76.60902828965058 28.198123788166658 95.7386394480242 91.57980205766101 49.18492605945148 57.95879177556555 97.1860421461298 73.87546635641061 112.06787103593527 52.65176712998012 93.86112950088852 64.03996475066045 82.76914725297105 53.063039868462496 97.2381313308266 49.32464245730378 95.74947940697423 80.36246458635225 26.37616065039427 97.63301596135757 74.53932491195842 42.463372013436 45.53363405845558 69.64619155173317 48.70709351887695 89.07946748620869 46.59567869592525 38.13108312737147 36.54461519413972 42.611564988923135 53.802316063423966 67.6190810982304 82.75686204201381 98.60914497681904 114.88052882208761 131.41543099259437 36.617094994301176 25.048524559902585 22.64413262538658 31.572078249754654 45.6020474384031 61.327062207703676 77.72503850323457 94.44610041936932 111.34478605327398 128.35095675809376 30.245067327438136 14.259315625686318 9.518685209600562 24.01241253313133 40.75904617059893 57.83352864336649 75.01231583863445 92.23714718661671 109.48629328042215 126.74982766436729 29.883451659520958 13.479022049147241 8.310282506261824 23.561641769721742 40.49635215736081 57.64955785464705 74.87123553963791 92.12299229418788 109.39059792706307 126.66757094079134 35.715286799212784 23.717013947068285 21.16892371251771 30.53623180576377 44.89444415295168 60.805199776380256 77.31587847907278 94.11126049092827 111.06225811854031 128.10711356717414 45.41411394400721 36.68461267710361 35.039799820993416 41.334271954454124 52.80117618736992 66.82899129664378 82.115599314499 98.07413994419804 114.42381702514771 131.01828338444736 57.04024547262011 50.313666699666 49.07180861866729 53.69657006380575 62.907096286830566 75.03323117694528 88.88965456824376 103.78563237849566 119.33250260239123 135.30608543704432 69.63482145011794 64.18405270694156 63.15750939904595 66.75959461548885 74.32032064650359 84.7872086850924 97.22615676728086 110.97600853311951 125.60699616932668 140.8447890739466 82.75672381564272 78.1672623100041 77.26739811154087 80.18145096216506 86.52493108532937 95.61771108634073 106.75960846748643 119.37824625487973 133.05413074703048 147.49346456371 96.19023921323601 92.21182976270862 91.3901176520731 93.80809287465357 99.22920739865657 107.19881314918902 117.19815743860167 128.75520688222494 141.48876674948832 155.10935354333824
24.931875264384406 38.05112284670585 50.311512319220604 48.81370299526903 34.58340268707691 37.76123794371738 19.199877002128957 68.8971002367186 37.577875513606955 93.80415726604062 0.0 45.198348529842505 55.50309557876705 45.354875973546854 38.54291709167488 72.95425954022892 37.47757895424671 59.0106456122065 46.13687594896256 74.54990014461887 26.347610306234582 42.04990741489841 75.25156014631247 67.79224318515837 63.60290151857541 42.20029063658732 24.353353856381347 50.381544581421984 47.38557412306871 55.80586960983448 2.845226392315494 34.70237623106837 72.9850814309497 46.39808289207745 42.13603275527615 84.04697875311223 55.255080100313066 48.70646954074281 45.119605165476365 21.171443746762705 140.27983006291998 129.23507194811054 119.6814013897042 112.00103917030246 106.59966525383321 103.833546651464 103.91334423213902 106.83268100200681 112.37046440951919 120.1652268065925 130.08488019715023 118.14385808341213 107.66866063017441 99.12509215135405 93.04677017434113 89.93493826059435 90.09749682658506 93.51737209366021 99.8604674851643 108.61584222890042 120.67726726985792 107.74832093789318 96.20334680555968 86.59764807049608 79.6360898693198 76.04831629898729 76.31167314510684 80.38831972710784 87.74837823435794 97.65223633127141 112.25526620026145 98.26965876478111 85.50615022518662 74.59472144785266 66.45402966503062 62.18197889307418 62.57598412328791 67.554451581887 76.22433284413646 87.49507846604722 105.05631806040888 89.99819259986457 75.90271225705611 63.415070250494956 53.66957138014276 48.35366583686595 48.93294859438118 55.222208095595114 65.59918769488945 78.45837709148275 99.34677007984989 83.29447445883318 67.85916424186388 53.576774950741616 41.6507311223238 34.60930421682686 35.48989180313812 43.81744913270822 56.38362548855138 70.97158265344734 95.3945163865433 78.56097555448298 61.985898723136685 45.94984263299427 31.29274792266222 21.11387563191882 22.606792186280387 34.279002301856316 49.373521058947986 65.56790984751565 93.42290972504642 76.16598883529959 58.93546530943934 41.76402410499288 24.774821288330042 9.058877001105252 12.208528060359734 28.54376437169667 45.59778759807452 62.78760550773118 93.55728171488593 76.32999218422965 59.14629112244342 42.05963744464416 25.26768197028926 10.325294381987538 13.171217018384851 28.966593054130488 45.86239603779398 62.97911184855515 95.78876812338055 79.03705508640577 62.58542426483764 46.751747129743094 32.453469222752176 22.791242729653003 24.173644768735826 35.32705384432582 50.10336955626279 66.11660777815449
26.49997462919402 34.94605777775881 5.822902051240991 47.85331154268279 37.88300889569599 44.45451198933125 39.50327168730226 33.398232696076356 26.34717253393223 104.44029446096226 45.198348529842505 0.0 70.0072318603811 11.312445492432264 28.035621657601634 76.88636926736937 10.034895142901904 23.375681376903465 70.48841294768849 58.97624387312821 18.860431600260668 30.564954158884124 31.18580289869373 57.5195047836022 26.31653626188647 40.68868352947379 28.567747113204856 51.40909183150766 8.935968378559723 55.2473936152704 43.12803436727578 25.088021661447414 78.3245876171405 7.939002320865141 29.90353755146206 75.63169127402523 58.950990939607415 35.48725955717823 63.382950259535434 26.262556464589526 146.4580320733657 131.6886276562378 117.61174282665927 104.5075946996955 92.78922648828778 83.0453590421953 76.03887603592182 72.56705577364201 73.13502856445382 77.65420225068985 139.9388140565562 124.43218905726444 109.4649004930125 95.29142657775674 82.32280541806337 71.2202876879659 62.978657010729364 58.81317772097937 59.58494174482278 65.11864146420055 134.57161377545492 118.39244427935658 102.58034053159226 87.33490389231713 73.01197426195998 60.272838883255936 50.3347355441316 45.08946519407989 46.165332389865554 53.180068933990086 130.4987316090672 113.76343562589757 97.2266862641143 81.01016393771975 65.35268704107226 50.7741041164045 38.519533970435695 31.43577975758783 33.03590325464729 42.346693636495544 127.84399209182882 110.7223120131221 93.66689171018918 76.72193290955006 59.98112651292342 43.67983800137982 28.580292503810217 18.01249991269594 20.755224603416465 33.70193919200969 126.6966106746971 109.40161764825518 92.10923016185609 74.82125478313517 57.541668406427554 40.28126845109026 23.083135021564832 6.464921204560199 12.22590852661352 29.255153764481946 127.09743375530009 109.8634341372152 92.65475551545809 75.48871667225222 58.402928317164346 41.496635926671445 25.13468950404251 11.84261397359862 15.730717117232443 30.87679520850741 129.03202853310137 112.08572421265258 95.2673368401092 78.65896056053288 62.42843419409623 46.96911141443908 33.370588396330135 24.89589573652574 26.920731618884663 37.79360619245485 132.43316884852203 115.96729321431026 99.78471057981636 84.04921368840223 69.06705918221226 55.45226319078996 44.47870061570303 38.476780148533464 39.76527253052832 47.75769754646897 137.19177958667638 121.34896792308692 105.96348444305065 91.26690771883483 77.65138275724661 65.79153771021709 56.798028269181856 52.174763892440566 53.076325703988275 59.251051503463714
47.27914816401635 35.129014453801624 75.43505931243033 24.700108627473455 32.34148744107011 25.674478582474908 39.334595044354685 66.09625444853074 43.75391394291563 38.48510667708281 55.50309557876705 70.0072318603811 0.0 60.618893508748144 42.19530782594147 20.792979006713058 60.47808456695486 62.78739673959917 15.181572830990472 43.28546760945722 59.94953065324813 40.54931173156789 84.78231706365496 34.409178834771474 66.3016017145082 29.881458546307208 45.33096883042369 21.38798306047867 64.16653346422429 21.355023875367387 57.35559313569996 44.963139166143094 19.733171619691756 64.26361382359282 41.260534043696076 40.208006449557054 15.79274165087481 38.917961238638036 10.486709564920929 51.36029053623042 84.80095677290093 74.01217918796321 66.05375044353823 62.02489909966476 62.687902742438254 67.90547160139079 76.75433458563609 88.14758965983363 101.22974922681992 115.42799302719106 75.03489394087683 62.64164531803099 53.0699405101023 48.03710942207346 48.96337014394831 55.551433720570195 66.13028352597293 79.11491293147826 93.50843242720487 108.75287058034253 66.86160788784373 52.62622789155462 40.832256465637606 34.113553426075256 35.481036342750244 44.1902863294177 56.968122007637156 71.67049949238495 87.33076275291268 103.5150800680406 60.92566533682916 44.88264192043517 30.260173837079712 20.386672642508916 22.677443597433843 34.8084501334701 50.076957566914814 66.35123874867371 83.04206050932409 99.94094491030188 57.9191883492976 40.728142051240205 23.699033455428445 7.951117806315061 12.787095756730634 29.368568526350877 46.478266668999325 63.69190830625661 80.94320571053797 98.2123178301372 58.29722761284763 41.261543421142804 24.600333875647163 10.322360739859336 14.374946220698464 30.09053455167273 46.93564427504799 64.02485752087557 81.20420740800748 98.42650793402721 61.99789654208073 46.32117391946774 32.34616234770421 23.358261316063896 25.370329374022365 36.61160937642694 51.3407962292128 67.30568966637551 83.80301577590211 100.57109988657778 68.48462105360635 54.66428261856992 43.4157950200864 37.15354236137032 38.39983271515165 46.55551078959827 58.81318735572416 73.13872721509814 88.53396421640997 104.52731322702532 77.05690833936336 65.03922558127564 55.86712409694743 51.09668477420702 51.954862952648455 58.19317248091917 68.35410603413513 80.9742134834493 95.0792492385778 110.09997716139877 87.1010493868112 76.62496094141339 68.95556134966645 65.09260487823943 65.71086626836778 70.69286844332473 79.21955767810323 90.29223640704903 103.09379495575911 117.05838768405776
22.255943484621213 25.607037530830954 15.511158687916508 37.45895240212753 29.401283431285897 35.61431129251726 34.959161553155155 25.47670818223647 17.11645473697493 93.86715619797178 45.354875973546854 11.312445492432264 60.618893508748144 0.0 18.493971550045053 66.07713759520529 8.788953111605652 14.93019631153631 62.78809201370905 47.76167163948682 20.635835630676155 20.262203011848772 30.549277437379722 46.215348214135616 19.054647319283212 30.81301112137492 23.934442125663693 41.06053285988543 3.5565329903929532 44.55063754262691 43.84490593273536 16.92731555989488 67.61129575212044 3.7658949334499328 19.563397735751693 64.31979455447433 48.57347987502469 24.449287093259603 54.9445223670008 24.35804864415074 135.3450833551486 120.45904749880813 106.30693987540324 93.22361081361433 81.7239901572459 72.56495247959259 66.71751566754504 65.08052145488365 67.95891741619397 74.83346475604999 129.06967305807865 113.39609825906845 98.2703943477085 83.98908511436807 71.06309267118857 60.369367815518615 53.26967908558329 51.27921175684841 54.95595614708015 63.32027623707521 124.07391639853844 107.70249174127473 91.67346101779312 76.20319490541888 61.71334623800681 49.08007768344659 40.09835007142716 37.49143986377878 42.45050269729054 52.888458353441294 120.51712903702303 103.60431975316862 86.84493437196886 70.34871040095534 54.35577576121834 39.48253457802252 27.60256490649461 23.741177661671845 31.04990046276315 44.30868984025148 118.52897515634214 101.29547157211212 84.09007259138127 66.93445445994067 49.88000819272534 33.083566597372176 17.31307824579603 10.182146921801465 22.50161531045969 38.8288862223902 118.18867213626288 100.89888991029073 83.6141331989651 66.33833038140477 49.080937304263514 31.871872509066844 14.879772494920116 5.07075176527797 20.70581896781199 37.82146052822765 119.51030229551614 102.43679268032506 85.45520850071094 68.63381710658658 52.127929815339826 36.36967567313811 22.954249625077942 18.15912631954121 27.04296927277547 41.61252853458492 122.44004185912824 105.8248534217319 89.4703526438666 73.55064277137429 58.422245347561955 44.892416959002986 34.874175245600696 31.87155075313529 37.604415239133296 49.10292245115048 126.86649104968856 110.89357591880189 95.3853615718084 80.61049942755646 67.05551004687592 55.61954361055318 47.84693542432395 45.6489673693443 49.76977605566425 58.897677286037585 132.6398305346257 117.4254549264086 102.87296312975516 89.3065052505637 77.24735255035108 67.508157517055 61.20658008937695 59.44607489857133 62.61088128441812 70.03645728665862
14.385977555314769 7.1130659807859065 33.30184495944414 20.09589426866961 11.306313616003669 17.17368545328655 22.07619675381731 32.76122809584176 1.8903477343050772 76.60902828965058 38.54291709167488 28.035621657601634 42.19530782594147 18.493971550045053 0.0 49.484790104015566 19.15817881260601 24.873300550070045 44.67655134775125 38.36913231199455 23.65138262728286 3.997618785954928 46.03597995530392 33.7676429151957 29.406119847315946 12.657780334793497 14.337296981938861 23.56166046955887 22.050504540438006 27.850416635476833 38.158897785615075 4.851015352212652 50.74058331195308 22.08541573763319 3.8026795531679367 51.95315322008502 31.076597181439375 11.169552758778451 36.540009603520964 19.61425134436588 119.639483361126 105.57257867152175 92.6079119181033 81.27468195495685 72.3437288153367 66.78584330678363 65.46583253051217 68.6286688424573 75.71463359638166 85.75669005588398 112.45391516000575 97.39345291669945 83.209295658553 70.43287353224164 59.97076822367554 53.20617432361671 51.6139662161184 55.63997311798338 64.23637821463502 75.86513389638989 106.65283963926163 90.66560149210959 75.26208239058697 60.88692354535624 48.464012764228286 39.86239166232227 37.7884462019422 43.19293605640294 53.87020925759255 67.35781934667078 102.4717505748119 85.73148408333786 69.26778404869484 53.33737242864082 38.606159287205685 27.10547212291968 24.03515237945575 31.927751684159023 45.38485377413298 60.81857794586618 100.11388480354998 82.91203379649667 65.76270903294186 48.721407858465035 31.96138922760892 16.370655219060577 10.63858244984106 23.602407802630605 39.99601236271191 56.929794387881635 99.70870488408245 82.42458408431534 65.14991799025218 47.89493801704381 30.692863698803123 13.743805778184731 5.869074319031203 21.879519883102716 39.00889985793626 56.244010052585736 101.27965502316367 84.30960003091563 67.50822766516397 51.04238392755327 35.38362786588935 22.30222621948564 18.479433898241414 28.005386437565647 42.72968372562525 58.873271375952186 104.73783218023773 88.41544340851016 72.54844157726986 57.51496080537254 44.1743551925616 34.54685508208916 32.160617758891064 38.39054665407157 50.12056872518609 64.41286630320789 109.90518888183007 94.45288681869238 79.76370354466601 66.34645633145392 55.1376407032812 47.71970103686582 45.96611362721445 50.470789840930316 59.83661874250468 72.195876253358 116.5545529606515 102.07969644021026 88.62426934245633 76.72648753707817 67.21861903925405 61.224404317409956 59.80977098553429 63.28258693776012 70.92854852968065 81.58264684441686
