0.0 53.541073257022965 22.810608527579316 37.27208658761127 58.43125235466576 32.87092692203484 76.30646895829135 35.34003283202328 21.27103296836503 35.799981162304945 39.87776179135939 74.032424710345 19.63462561584425 32.107563040778054 43.0121770697263 104.32796984654497 25.676615664940783 94.69141790638713 33.12271516307142 29.01069810453307 13.74294870292462 45.90776127199536 47.95347579283901 34.4994516999622 59.104780136412884 22.79664760091954 10.13661156588842 31.661138245601393 22.919942297441906 41.51706154131632 46.84486770387667 81.59902822717487 25.742467903108746 64.9684434406899 44.71279998148043 105.3636152395871 30.040116034510913 65.03120541975011 25.48743186365288 88.29128571704462 72.92373292409654 65.09451108080796 87.35261716658945 72.62515823247368 82.2461321408056 29.01069810453307
53.541073257022965 0.0 51.109692395394696 17.848196946614753 50.9919231012941 32.90939157920283 50.95024172437887 48.4949225571696 42.43367884747834 36.801179944462106 29.432905126163426 46.06454624685699 45.441115076957786 32.646626701396244 36.462661111763445 59.99133768583088 35.41207518880046 63.93225181785142 26.32579316501189 37.06937700920021 51.67390016039598 8.045650643338243 11.87817857288558 69.37428632914076 55.1618721600503 36.667052880806246 46.34659994315056 38.35497574881544 46.38776981907844 62.09366298311287 19.34351706127857 62.11214243229817 41.29870669822583 58.91966685489207 45.93972004552155 63.10317039510207 28.85112088458332 37.81810257744683 30.806360413194746 43.86096618626128 46.80034102547132 27.179354086227598 43.86975379670325 45.25047074893568 53.33083991598524 37.06937700920021
22.810608527579316 51.109692395394696 0.0 33.36752256506178 37.31977226016064 19.67431174156798 57.61921367920477 13.34620479639322 38.125335711093136 19.075027188374563 26.295850184333535 56.36281116285222 38.032893933548706 19.51190853425803 25.52690268264613 90.270223192992 15.713033032910689 76.1327091127849 41.59121289082662 14.773403567468657 35.08525337617148 45.45594334093595 41.399336997204635 18.75203726016412 37.250567276925366 14.951248429953326 15.012445277556896 15.176927729205273 4.724898366148427 19.31715821606202 36.866337186775866 61.038546149637156 42.091742745582145 43.025641050743225 23.772617138147613 90.28103391408636 22.258685389780585 48.45383157858056 34.6021084807948 75.3416156977478 54.827501125927874 52.4363244415967 74.02828847632644 54.944657025691555 64.02973686311903 14.773403567468657
37.27208658761127 17.848196946614753 33.36752256506178 0.0 41.21815361635675 16.41787824287829 49.05813193667476 32.32909250276187 31.50235208903949 21.281237835611687 15.81610529491352 45.11305501172484 34.017522688744016 15.910488309861694 23.608357502122615 69.06635006564832 17.656026522719543 65.50103477926065 19.914818556070387 19.85427292266541 38.41055629624785 12.407383939471687 10.833102332641442 51.829769866780474 44.61026154693169 18.818886057271772 29.10297990430485 21.717046189004453 28.66060196514307 45.918407187716475 12.694910429698416 58.28886923048078 32.17273472762977 49.49053134336378 32.40074859544433 70.95211370050197 11.190257189393554 35.5801615974251 19.529492092194822 52.651359220422506 44.94508470516874 30.51831982597518 52.01827936645083 43.910633936535895 53.41305893494243 19.85427292266541
58.43125235466576 50.9919231012941 37.31977226016064 41.21815361635675 0.0 29.159138469313728 22.815024587804444 23.99934737263467 66.25832413051778 24.2003393725876 25.681077191836984 23.807143621571598 67.59386834309817 30.10524815109518 18.312143398079968 60.54632883283484 35.330900778829026 40.41162789414013 60.18725494968372 30.792772890546548 67.89088704700004 50.915532643569165 39.43709582474396 43.57004914854052 4.586480623218167 37.97844436839673 48.61486779712958 27.60456171948862 35.696139100919616 28.224672922095372 31.970236857725478 23.76678759099165 68.77735534897882 8.273140407072843 13.74187836652873 58.9107311086699 35.67510244353633 20.800287369914574 56.86191113200637 49.13316270117928 21.611443921370416 32.52456992102521 47.31042648785787 22.631908637830396 29.46348049606896 30.792772890546548
32.87092692203484 32.90939157920283 19.67431174156798 16.41787824287829 29.159138469313728 0.0 43.77602241727011 15.919403507775376 37.15205544125267 5.444424296247304 7.222298629161887 41.22758424294456 38.62863230491855 0.9477668700070987 11.16383767062221 72.3132048477704 7.222717692244555 61.985966101089815 32.1460341717737 4.949483447943424 39.796315957182365 28.730048742628004 22.195683680635835 36.84878293422843 31.514067632301746 10.13445517967305 22.79646117728031 5.447092077927462 15.180477843449358 29.53601561555228 17.192702957121316 50.34215438198303 39.62060009407709 37.0666070907836 17.488379432415876 72.93383701945329 6.8810244824840385 32.160279906621234 27.89683217943551 56.76602608054837 40.22230986361873 33.527618291888686 55.61331496066142 39.82965179469816 49.511721055794524 4.949483447943424
76.30646895829135 50.95024172437887 57.61921367920477 49.05813193667476 22.815024587804444 43.77602241727011 0.0 44.92043084001363 79.20458810900108 40.52759982379223 37.444834255934786 5.154304159152987 81.20361896219667 44.637205988010024 33.30591079683782 38.59685365262892 50.959781624540526 18.53516950932832 68.89485960533318 47.29746282400555 83.37055318007374 54.329812329068936 42.16965961010896 66.20135851636476 25.930565345204197 53.869510780075935 66.17148232730071 44.729952728590405 54.94438774286337 51.01103761870399 36.584463859155086 11.952236912347871 80.68338894764709 23.600414719870358 34.28408497967372 36.39696470244043 48.55302082750998 13.625501350216036 67.99602147710866 30.05735842531875 4.2054947895891175 24.440329129818224 28.079492936268036 5.71383814094198 6.665317057168095 47.29746282400555
35.34003283202328 48.4949225571696 13.34620479639322 32.32909250276187 23.99934737263467 15.919403507775376 44.92043084001363 0.0 47.17706534449125 11.754484097588898 19.615574445330967 44.13925526436291 47.77567165826061 16.430336570466974 15.307504500017766 79.29040593388447 17.46200477238089 63.333725288557474 46.27191923080613 13.24124455832411 46.35365680050735 44.64608609987651 37.222607106172994 23.663543173543868 23.96005277336296 18.951807563574945 26.164685832105732 10.677698883985618 12.485525799758614 13.64022726590775 30.94407651109529 47.74896734275983 50.573104569471134 29.775562315456238 10.669598971180275 78.81441297458122 21.93675461122808 37.01960700115295 40.616816774103135 65.17688426889231 42.42726504943044 43.230928299529495 63.69083069302569 42.74189761526594 51.45554890003166 13.24124455832411
21.27103296836503 42.43367884747834 38.125335711093136 31.50235208903949 66.25832413051778 37.15205544125267 79.20458810900108 47.17706534449125 0.0 42.087799734514554 42.14441728751413 75.74831952407547 3.112831900279543 36.20449013161596 48.266030017386775 100.14379821708422 31.122263634813937 96.46306918119988 16.643610680300892 35.81782548791921 10.894776484904632 34.42473889180522 41.64065323308418 53.97861168377048 68.28913404368073 28.766597290161243 23.404815196684197 39.10870401287918 35.72808785698896 57.27060710147229 43.987549630130935 87.05951139513974 4.474241414221417 73.99742582022904 53.67879611495409 102.29391285595263 31.077923537000828 66.18168170334035 12.157697730302235 83.68013109811045 75.26445166240337 62.00952639085606 83.19080767617878 74.45738541567742 84.1511843921092 35.81782548791921
35.799981162304945 36.801179944462106 19.075027188374563 21.281237835611687 24.2003393725876 5.444424296247304 40.52759982379223 11.754484097588898 42.087799734514554 0.0 7.99477773708796 38.49121735772201 43.393643129763134 6.31297217564741 7.222173010454881 71.30111757612127 11.170612191266454 58.971395793515704 37.590446832147 6.874723183521097 43.96564625577659 33.347804991674096 25.468124215831853 34.41922764038554 26.28209358683884 13.920557931845075 25.675659313857135 4.267839588471826 15.263064788194034 25.2960435987102 19.329449503403414 46.18915259161081 44.742747074987726 31.92728218268781 12.059409389215114 71.50240320023038 12.324712698588588 29.93335337463387 33.23109638805461 56.26772867072813 37.243952327097475 33.411661193023285 54.96432258313389 37.071732349677426 46.57256334710729 6.874723183521097
39.87776179135939 29.432905126163426 26.295850184333535 15.81610529491352 25.681077191836984 7.222298629161887 37.444834255934786 19.615574445330967 42.14441728751413 7.99477773708796 0.0 34.54768893961848 43.95168074366215 7.8493537474089 7.796421196393691 65.09102085647787 14.226131961573223 55.387645888186064 34.5275323624558 11.98475419214597 45.9387707886966 26.92091485081582 17.798106484003853 42.37985796784544 28.864793736013343 17.08285121740073 29.8748771193042 11.16586954469601 22.02401899812902 32.9570037765638 11.346397037203053 44.925353146545596 44.09166366255474 33.91919684326943 16.890322846898624 65.73276018543262 11.146351724054306 25.27474720084578 31.710180681941303 49.577151824962066 33.71196311824207 26.379141404922333 48.40655568471427 33.173428989709706 42.91274916040535 11.98475419214597
74.032424710345 46.06454624685699 56.36281116285222 45.11305501172484 23.807143621571598 41.22758424294456 5.154304159152987 44.13925526436291 75.74831952407547 38.49121735772201 34.54768893961848 0.0 77.86269075405049 42.04294465876799 31.322206925846945 36.73924052817613 48.45016671907683 20.852419856179242 64.81518498666347 45.08878688766066 80.41850958886715 49.73095637359737 37.67450658102028 66.30357887579714 27.529912030113866 51.361907002967264 63.90763752100108 42.7510894232812 53.351643032530276 51.50875887509012 32.49056420601608 17.089311394170046 77.02401775815089 26.21657920240723 33.7049370568279 35.26454157493271 45.503406670281954 9.576016116117982 64.31046358793265 26.41258484154491 2.3404903887758177 19.347700976514513 24.471887109970893 1.4226131961563322 8.41374005126988 45.08878688766066
19.63462561584425 45.441115076957786 38.032893933548706 34.017522688744016 67.59386834309817 38.62863230491855 81.20361896219667 47.77567165826061 3.112831900279543 43.393643129763134 43.95168074366215 77.86269075405049 0.0 37.68503794539672 49.78702673411461 102.85332676349353 32.29594975823003 98.63280608473217 19.749814260009643 36.93535111770125 8.04585683701562 37.41789029471239 44.319453428439985 53.16684509557537 69.45020113564443 29.78728132417335 23.08542576338552 40.20881107953051 35.98671640641568 57.30691315320536 46.372577305885244 88.7878386880296 6.702950323351409 75.2091941157549 54.765389365657605 104.92059720364423 32.81969731160902 68.31427067635549 14.9374385596521 86.39346504941496 77.30976478800474 64.533204254919 85.86894690289793 76.55434627055641 86.2742715200127 36.93535111770125
32.107563040778054 32.646626701396244 19.51190853425803 15.910488309861694 30.10524815109518 0.9477668700070987 44.637205988010024 16.430336570466974 36.20449013161596 6.31297217564741 7.8493537474089 42.04294465876799 37.68503794539672 0.0 12.10443702552838 72.9051181134249 6.432385622440278 62.818615189207016 31.29242806407883 4.740031749155394 38.89077752995968 28.272054523340834 22.116704233542663 36.940881798794706 32.445268456154544 9.331677371988484 22.059453201428923 5.815403108261028 14.945910068128374 30.00804253175342 17.3909338730688 51.26706240857794 38.67570592180824 38.0060758239255 18.370973129496097 73.58146108024606 6.029496484723489 32.933348306043975 26.97381356144068 57.294712895361585 41.061472970637034 34.03096735567521 56.164373938756384 40.64820566447752 50.341816854072924 4.740031749155394
43.0121770697263 36.462661111763445 25.52690268264613 23.608357502122615 18.312143398079968 11.16383767062221 33.30591079683782 15.307504500017766 48.266030017386775 7.222173010454881 7.796421196393691 31.322206925846945 49.78702673411461 12.10443702552838 0.0 64.79432111075074 18.002758088760256 51.75224639664477 41.973617043302575 14.026818654425094 50.83736075799748 34.559081707330314 24.61022420265743 38.965984649374434 21.200282200762288 20.86005085543772 32.882366833381745 11.449493389917398 22.130480893755113 27.4374936882429 17.38923977171507 39.24153075259024 50.60154082237358 26.443419036511948 9.479824979573046 64.7557963449843 17.402309377959135 22.973814694073496 38.56505995555327 50.17915084938402 30.036402631267926 27.933538836094545 48.770959079090716 29.900779839219947 39.36291716714568 14.026818654425094
104.32796984654497 59.99133768583088 90.270223192992 69.06635006564832 60.54632883283484 72.3132048477704 38.59685365262892 79.29040593388447 100.14379821708422 71.30111757612127 65.09102085647787 36.73924052817613 102.85332676349353 72.9051181134249 64.79432111075074 0.0 79.12778406190291 28.519112962359632 85.47438981488216 76.97802352353146 107.4524926162871 67.10911949446003 58.53705698675206 102.33262682714208 64.18742754482194 81.85585306073831 94.6335657271877 75.44118967866167 86.55138920163337 87.98260188834428 57.669022042184594 45.81153699692096 99.9941086582875 62.19669722658755 69.42522653887838 5.706527343112652 74.29003913810799 42.28801627553376 87.98610472380363 16.46394521323201 38.958391844659396 39.24350358853931 17.07135835388872 37.93392396127373 32.65294677385055 76.97802352353146
25.676615664940783 35.41207518880046 15.713033032910689 17.656026522719543 35.330900778829026 7.222717692244555 50.959781624540526 17.46200477238089 31.122263634813937 11.170612191266454 14.226131961573223 48.45016671907683 32.29594975823003 6.432385622440278 18.002758088760256 79.12778406190291 0.0 69.20190973999951 28.825949270582765 4.717962595428236 32.849619638842725 29.823417753084648 26.118221785452633 34.23913527952605 37.17885314764706 2.913650607790386 15.648745157730973 8.007072224619572 11.004992928100298 30.12493412521553 22.662910144147418 57.23266302210213 34.02350063588415 42.91779340651663 22.561145020105727 79.90775500164021 6.586724896489213 39.36507544011808 23.27684166943161 63.37952772389679 47.43453644877505 40.08585987115537 62.30444061611422 47.05184131438741 56.72959736776779 4.717962595428236
94.69141790638713 63.93225181785142 76.1327091127849 65.50103477926065 40.41162789414013 61.985966101089815 18.53516950932832 63.333725288557474 96.46306918119988 58.971395793515704 55.387645888186064 20.852419856179242 98.63280608473217 62.818615189207016 51.75224639664477 28.519112962359632 69.20190973999951 0.0 84.9163761737618 65.68843112219963 101.27082163049947 68.76710835214858 57.194159059448 83.96855274287883 42.73618472980301 72.1155550902109 84.55549719139003 63.1964352064209 73.47826846621494 68.50719301455413 52.806926740000236 19.437221832696064 97.59309522769944 38.97092230486259 52.66958932645384 24.153224292131394 66.35536958135985 30.33237157220707 84.88240285895559 28.922860408030555 21.77300387292798 36.90195879773823 27.272751591970636 22.215521198387176 12.47955548150058 65.68843112219963
33.12271516307142 26.32579316501189 41.59121289082662 19.914818556070387 60.18725494968372 32.1460341717737 68.89485960533318 46.27191923080613 16.643610680300892 37.590446832147 34.5275323624558 64.81518498666347 19.749814260009643 31.29242806407883 41.973617043302575 85.47438981488216 28.825949270582765 84.9163761737618 0.0 33.13254269457584 26.949319066359507 18.536421379691998 27.978578617768566 59.866327606817016 63.15122679419267 27.787408927404794 30.018327165282244 36.126618299161734 37.70717384691215 58.74508832352203 32.3355492618926 78.19348106250433 14.990439096361891 68.39250334272236 49.613808217099226 88.08191947818919 25.266720931206205 55.34583715358586 7.777179635797943 69.07514081423001 64.75436981277569 48.816984775609214 68.79533270189381 63.653551395854564 73.02752351352 33.13254269457584
29.01069810453307 37.06937700920021 14.773403567468657 19.85427292266541 30.792772890546548 4.949483447943424 47.29746282400555 13.24124455832411 35.81782548791921 6.874723183521097 11.98475419214597 45.08878688766066 36.93535111770125 4.740031749155394 14.026818654425094 76.97802352353146 4.717962595428236 65.68843112219963 33.13254269457584 0.0 37.16786378637461 32.25739386390901 26.787625545992398 32.35166104145381 32.51539864831172 7.188509920900429 18.87460667615497 3.2924429925042054 10.235992807828586 26.42813288752435 22.107948185151763 53.05488261026588 38.74146320281063 38.27919667318458 17.861332428956416 77.45984757493343 8.890955325615826 36.28200142372078 27.880071600793713 61.55340140087517 43.9280805375878 38.36277845567947 60.36454474387239 43.675291261841636 53.255165521020274 0.0
13.74294870292462 51.67390016039598 35.08525337617148 38.41055629624785 67.89088704700004 39.796315957182365 83.37055318007374 46.35365680050735 10.894776484904632 43.96564625577659 45.9387707886966 80.41850958886715 8.04585683701562 38.89077752995968 50.83736075799748 107.4524926162871 32.849619638842725 101.27082163049947 26.949319066359507 37.16786378637461 0.0 43.63487531738693 49.11633158089605 48.22539241420608 69.24294149084713 30.045774365604988 20.302721450301284 40.297167669068735 33.99290819180786 54.307854432805655 50.11142548093572 90.0776528549909 14.728127615609502 75.09383518362695 54.52451727464837 109.17899217241349 34.91611085757405 70.99459388627159 20.891486564139367 91.05581546019229 79.64724190254972 68.57233413218886 90.38992491906966 79.06205173692274 88.81218090093031 37.16786378637461
45.90776127199536 8.045650643338243 45.45594334093595 12.407383939471687 50.915532643569165 28.730048742628004 54.329812329068936 44.64608609987651 34.42473889180522 33.347804991674096 26.92091485081582 49.73095637359737 37.41789029471239 28.272054523340834 34.559081707330314 67.10911949446003 29.823417753084648 68.76710835214858 18.536421379691998 32.25739386390901 43.63487531738693 0.0 12.267967340708573 64.0625529657485 54.74792036540512 30.619770150180468 39.21872586502638 34.086969894941134 40.792311740647875 58.26512382709795 19.16056577225709 64.84999085929645 33.431410109697154 59.10408887475581 43.811118427037904 69.91925463318616 23.515226097867288 40.782348161116126 22.761524151223192 50.78383036787649 50.124980827700696 31.92409397398684 50.614299223443865 48.74952772946762 57.506984294635835 32.25739386390901
47.95347579283901 11.87817857288558 41.399336997204635 10.833102332641442 39.43709582474396 22.195683680635835 42.16965961010896 37.222607106172994 41.64065323308418 25.468124215831853 17.798106484003853 37.67450658102028 44.319453428439985 22.116704233542663 24.61022420265743 58.53705698675206 26.118221785452633 57.194159059448 27.978578617768566 26.787625545992398 49.11633158089605 12.267967340708573 0.0 59.04164368312742 43.499144265710044 27.982838226430808 39.39025976084057 27.541454016549924 36.7096805417468 50.7075588718167 7.522252389825903 52.58541807049676 41.76923351968107 47.49556344728906 34.09004558952542 60.66930897913748 19.649298207570162 28.57893619481489 29.49154601342214 42.081620717311 37.964827743896706 20.840463978202898 41.553430269496964 36.64310558327693 45.618995680962136 26.787625545992398
34.4994516999622 69.37428632914076 18.75203726016412 51.829769866780474 43.57004914854052 36.84878293422843 66.20135851636476 23.663543173543868 53.97861168377048 34.41922764038554 42.37985796784544 66.30357887579714 53.16684509557537 36.940881798794706 38.965984649374434 102.33262682714208 34.23913527952605 83.96855274287883 59.866327606817016 32.35166104145381 48.22539241420608 64.0625529657485 59.04164368312742 0.0 41.488227278200874 33.69437334986671 30.882222881860173 31.57786248119239 23.30696381012879 15.661369126254344 53.62021218278178 66.33983119741939 58.28439900930514 46.25188200258105 32.9101277506235 101.47070846233024 40.64222232278016 60.10314829392466 52.56043443511537 88.66187606158198 64.35690668906706 66.89436185882168 87.12297990434482 64.96366930285168 72.86520678775759 32.35166104145381
59.104780136412884 55.1618721600503 37.250567276925366 44.61026154693169 4.586480623218167 31.514067632301746 25.930565345204197 23.96005277336296 68.28913404368073 26.28209358683884 28.864793736013343 27.529912030113866 69.45020113564443 32.445268456154544 21.200282200762288 64.18742754482194 37.17885314764706 42.73618472980301 63.15122679419267 32.51539864831172 69.24294149084713 54.74792036540512 43.499144265710044 41.488227278200874 0.0 39.672558934437454 49.53552983123325 29.24279877819261 36.19385912611698 25.880329040769492 35.99210301151577 24.90347220660079 71.02247291169772 5.8721765891269175 14.735337068671479 62.29160450631564 38.24179282769373 25.253704834975103 59.40177689139644 53.284911824121465 25.257545659444794 37.10663623296377 51.4328194318417 26.444723764706847 32.46857354993098 32.51539864831172
22.79664760091954 36.667052880806246 14.951248429953326 18.818886057271772 37.97844436839673 10.13445517967305 53.869510780075935 18.951807563574945 28.766597290161243 13.920557931845075 17.08285121740073 51.361907002967264 29.78728132417335 9.331677371988484 20.86005085543772 81.85585306073831 2.913650607790386 72.1155550902109 27.787408927404794 7.188509920900429 30.045774365604988 30.619770150180468 27.982838226430808 33.69437334986671 39.672558934437454 0.0 12.818962772862733 10.432459458376158 10.44635991102172 30.9607400364051 25.055720996491527 60.065457913941486 31.862116966384843 45.452286638311534 24.978117661605474 82.7005848036769 8.359527383806475 42.26332187035488 21.706478648570876 66.03552560946402 50.34812539119174 42.74488148460102 64.99082146525363 49.96410435508071 59.6431425058723 7.188509920900429
10.13661156588842 46.34659994315056 15.012445277556896 29.10297990430485 48.61486779712958 22.79646117728031 66.17148232730071 26.164685832105732 23.404815196684197 25.675659313857135 29.8748771193042 63.90763752100108 23.08542576338552 22.059453201428923 32.882366833381745 94.6335657271877 15.648745157730973 84.55549719139003 30.018327165282244 18.87460667615497 20.302721450301284 39.21872586502638 39.39025976084057 30.882222881860173 49.53552983123325 12.818962772862733 0.0 21.563803299049646 13.721208729479601 34.329212445330086 37.47619172276508 71.59678052504356 27.567667255923286 55.40763152010249 34.96574030066524 95.51781198257383 20.541357158473662 54.94533083644681 22.343171656230133 78.73655931275806 62.78878745979774 55.46619670219206 77.72940683757163 62.49895310298644 72.11219398574161 18.87460667615497
31.661138245601393 38.35497574881544 15.176927729205273 21.717046189004453 27.60456171948862 5.447092077927462 44.729952728590405 10.677698883985618 39.10870401287918 4.267839588471826 11.16586954469601 42.7510894232812 40.20881107953051 5.815403108261028 11.449493389917398 75.44118967866167 8.007072224619572 63.1964352064209 36.126618299161734 3.2924429925042054 40.297167669068735 34.086969894941134 27.541454016549924 31.57786248119239 29.24279877819261 10.432459458376158 21.563803299049646 0.0 11.12141192777268 24.205434245323374 22.119418128054456 50.102909381052214 42.02867235918143 35.01999051926379 14.572118865663363 75.71039252236312 11.303088123996734 34.19395443629246 31.073204240552215 60.282836437535835 41.48572876678845 37.280228128560196 59.01598457518858 41.331007794053946 50.81240965933604 3.2924429925042054
22.919942297441906 46.38776981907844 4.724898366148427 28.66060196514307 35.696139100919616 15.180477843449358 54.94438774286337 12.485525799758614 35.72808785698896 15.263064788194034 22.02401899812902 53.351643032530276 35.98671640641568 14.945910068128374 22.130480893755113 86.55138920163337 11.004992928100298 73.47826846621494 37.70717384691215 10.235992807828586 33.99290819180786 40.792311740647875 36.7096805417468 23.30696381012879 36.19385912611698 10.44635991102172 13.721208729479601 11.12141192777268 0.0 21.687450632866035 32.33554926189255 59.16930646026484 39.46017148368296 42.05353036656597 21.95601738087051 86.75786104952613 17.536745311957347 45.09007248600821 31.013614532866455 71.39378426668917 51.940378374380806 48.33505532260279 70.13520626036473 51.92913124445474 61.22314340823519 10.235992807828586
41.51706154131632 62.09366298311287 19.31715821606202 45.918407187716475 28.224672922095372 29.53601561555228 51.01103761870399 13.64022726590775 57.27060710147229 25.2960435987102 32.9570037765638 51.50875887509012 57.30691315320536 30.00804253175342 27.4374936882429 87.98260188834428 30.12493412521553 68.50719301455413 58.74508832352203 26.42813288752435 54.307854432805655 58.26512382709795 50.7075588718167 15.661369126254344 25.880329040769492 30.9607400364051 34.329212445330086 24.205434245323374 21.687450632866035 0.0 44.163318541954204 50.6907454999668 61.10188132865492 30.592563900781514 19.37235964432492 86.77312731261013 35.2952756711246 46.1531358245305 52.46681875850645 75.09097939618123 49.45680626630713 54.52138890635889 73.43975546824778 50.21731809164579 57.67075527187963 26.42813288752435
46.84486770387667 19.34351706127857 36.866337186775866 12.694910429698416 31.970236857725478 17.192702957121316 36.584463859155086 30.94407651109529 43.987549630130935 19.329449503403414 11.346397037203053 32.49056420601608 46.372577305885244 17.3909338730688 17.38923977171507 57.669022042184594 22.662910144147418 52.806926740000236 32.3355492618926 22.107948185151763 50.11142548093572 19.16056577225709 7.522252389825903 53.62021218278178 35.99210301151577 25.055720996491527 37.47619172276508 22.119418128054456 32.33554926189255 44.163318541954204 0.0 46.32863553113988 44.84108969116016 40.07696203244433 26.837844711925218 59.11950043669715 16.93560843421981 23.011418470614817 32.15912982706544 41.48377191080158 32.42894870578039 18.504442102545408 40.620380806459146 31.31904016840756 40.75069108491878 22.107948185151763
81.59902822717487 62.11214243229817 61.038546149637156 58.28886923048078 23.76678759099165 50.34215438198303 11.952236912347871 47.74896734275983 87.05951139513974 46.18915259161081 44.925353146545596 17.089311394170046 88.7878386880296 51.26706240857794 39.24153075259024 45.81153699692096 57.23266302210213 19.437221832696064 78.19348106250433 53.05488261026588 90.0776528549909 64.84999085929645 52.58541807049676 66.33983119741939 24.90347220660079 60.065457913941486 71.59678052504356 50.102909381052214 59.16930646026484 50.6907454999668 46.32863553113988 0.0 88.97318809010503 20.261534766555194 37.306689612108855 42.3980093090114 55.99219651583896 24.29627507088159 76.45296730793744 40.36115825400057 15.672762037238844 36.17037768147266 38.38951175930969 17.44410904568246 14.25875830024692 53.05488261026588
25.742467903108746 41.29870669822583 42.091742745582145 32.17273472762977 68.77735534897882 39.62060009407709 80.68338894764709 50.573104569471134 4.474241414221417 44.742747074987726 44.09166366255474 77.02401775815089 6.702950323351409 38.67570592180824 50.60154082237358 99.9941086582875 34.02350063588415 97.59309522769944 14.990439096361891 38.74146320281063 14.728127615609502 33.431410109697154 41.76923351968107 58.28439900930514 71.02247291169772 31.862116966384843 27.567667255923286 42.02867235918143 39.46017148368296 61.10188132865492 44.84108969116016 88.97318809010503 0.0 76.65592349107342 56.54321119919716 102.37578045599157 33.23043874407751 67.44919659991662 12.715197512328482 83.54544134346747 76.66918998345417 62.445908459895016 83.15987285553295 75.76893683606376 85.39210829474789 38.74146320281063
64.9684434406899 58.91966685489207 43.025641050743225 49.49053134336378 8.273140407072843 37.0666070907836 23.600414719870358 29.775562315456238 73.99742582022904 31.92728218268781 33.91919684326943 26.21657920240723 75.2091941157549 38.0060758239255 26.443419036511948 62.19669722658755 42.91779340651663 38.97092230486259 68.39250334272236 38.27919667318458 75.09383518362695 59.10408887475581 47.49556344728906 46.25188200258105 5.8721765891269175 45.452286638311534 55.40763152010249 35.01999051926379 42.05353036656597 30.592563900781514 40.07696203244433 20.261534766555194 76.65592349107342 0.0 20.57138706429668 59.83761362076313 43.705939366000344 26.062320251635843 64.89749513310267 52.56440700038016 23.876505834348688 38.71052670964005 50.64466724361913 25.35643972687431 29.771779642878823 38.27919667318458
44.71279998148043 45.93972004552155 23.772617138147613 32.40074859544433 13.74187836652873 17.488379432415876 34.28408497967372 10.669598971180275 53.67879611495409 12.059409389215114 16.890322846898624 33.7049370568279 54.765389365657605 18.370973129496097 9.479824979573046 69.42522653887838 22.561145020105727 52.66958932645384 49.613808217099226 17.861332428956416 54.52451727464837 43.811118427037904 34.09004558952542 32.9101277506235 14.735337068671479 24.978117661605474 34.96574030066524 14.572118865663363 21.95601738087051 19.37235964432492 26.837844711925218 37.306689612108855 56.54321119919716 20.57138706429668 0.0 68.66645309567598 24.365344257535167 27.204488255904558 45.251752143602346 55.9437346258228 31.910134622645163 35.172476775751264 54.347903826165116 32.32609003465803 40.848191732543924 17.861332428956416
105.3636152395871 63.10317039510207 90.28103391408636 70.95211370050197 58.9107311086699 72.93383701945329 36.39696470244043 78.81441297458122 102.29391285595263 71.50240320023038 65.73276018543262 35.26454157493271 104.92059720364423 73.58146108024606 64.7557963449843 5.706527343112652 79.90775500164021 24.153224292131394 88.08191947818919 77.45984757493343 109.17899217241349 69.91925463318616 60.66930897913748 101.47070846233024 62.29160450631564 82.7005848036769 95.51781198257383 75.71039252236312 86.75786104952613 86.77312731261013 59.11950043669715 42.3980093090114 102.37578045599157 59.83761362076313 68.66645309567598 0.0 75.40870558284493 41.88085043944591 90.15559923835663 19.2552521636194 37.34931053833617 40.61961196084706 19.305767490866494 36.56186310650651 30.06639487886173 77.45984757493343
30.040116034510913 28.85112088458332 22.258685389780585 11.190257189393554 35.67510244353633 6.8810244824840385 48.55302082750998 21.93675461122808 31.077923537000828 12.324712698588588 11.146351724054306 45.503406670281954 32.81969731160902 6.029496484723489 17.402309377959135 74.29003913810799 6.586724896489213 66.35536958135985 25.266720931206205 8.890955325615826 34.91611085757405 23.515226097867288 19.649298207570162 40.64222232278016 38.24179282769373 8.359527383806475 20.541357158473662 11.303088123996734 17.536745311957347 35.2952756711246 16.93560843421981 55.99219651583896 33.23043874407751 43.705939366000344 24.365344257535167 75.40870558284493 0.0 36.08815846114846 21.193828352932577 58.26985459922195 44.76564255307313 35.054404936745414 57.314258153747325 44.149788144106765 53.90062826215273 8.890955325615826
65.03120541975011 37.81810257744683 48.45383157858056 35.5801615974251 20.800287369914574 32.160279906621234 13.625501350216036 37.01960700115295 66.18168170334035 29.93335337463387 25.27474720084578 9.576016116117982 68.31427067635549 32.933348306043975 22.973814694073496 42.28801627553376 39.36507544011808 30.33237157220707 55.34583715358586 36.28200142372078 70.99459388627159 40.782348161116126 28.57893619481489 60.10314829392466 25.253704834975103 42.26332187035488 54.94533083644681 34.19395443629246 45.09007248600821 46.1531358245305 23.011418470614817 24.29627507088159 67.44919659991662 26.062320251635843 27.204488255904558 41.88085043944591 36.08815846114846 0.0 54.73620748736222 28.986682075077944 9.43739151449738 13.037577608313974 27.29841794587593 8.333387602837892 17.969563768910213 36.28200142372078
25.48743186365288 30.806360413194746 34.6021084807948 19.529492092194822 56.86191113200637 27.89683217943551 67.99602147710866 40.616816774103135 12.157697730302235 33.23109638805461 31.710180681941303 64.31046358793265 14.9374385596521 26.97381356144068 38.56505995555327 87.98610472380363 23.27684166943161 84.88240285895559 7.777179635797943 27.880071600793713 20.891486564139367 22.761524151223192 29.49154601342214 52.56043443511537 59.40177689139644 21.706478648570876 22.343171656230133 31.073204240552215 31.013614532866455 52.46681875850645 32.15912982706544 76.45296730793744 12.715197512328482 64.89749513310267 45.251752143602346 90.15559923835663 21.193828352932577 54.73620748736222 0.0 71.52243385902045 63.9692830837633 49.957623845992764 71.03680099117705 63.057943077269265 72.67702429338232 27.880071600793713
88.29128571704462 43.86096618626128 75.3416156977478 52.651359220422506 49.13316270117928 56.76602608054837 30.05735842531875 65.17688426889231 83.68013109811045 56.26772867072813 49.577151824962066 26.41258484154491 86.39346504941496 57.294712895361585 50.17915084938402 16.46394521323201 63.37952772389679 28.922860408030555 69.07514081423001 61.55340140087517 91.05581546019229 50.78383036787649 42.081620717311 88.66187606158198 53.284911824121465 66.03552560946402 78.73655931275806 60.282836437535835 71.39378426668917 75.09097939618123 41.48377191080158 40.36115825400057 83.54544134346747 52.56440700038016 55.9437346258228 19.2552521636194 58.26985459922195 28.986682075077944 71.52243385902045 0.0 28.745988672272336 23.294075887951152 1.9830137055824375 27.208804138481792 26.114361840029183 61.55340140087517
72.92373292409654 46.80034102547132 54.827501125927874 44.94508470516874 21.611443921370416 40.22230986361873 4.2054947895891175 42.42726504943044 75.26445166240337 37.243952327097475 33.71196311824207 2.3404903887758177 77.30976478800474 41.061472970637034 30.036402631267926 38.958391844659396 47.43453644877505 21.77300387292798 64.75436981277569 43.9280805375878 79.64724190254972 50.124980827700696 37.964827743896706 64.35690668906706 25.257545659444794 50.34812539119174 62.78878745979774 41.48572876678845 51.940378374380806 49.45680626630713 32.42894870578039 15.672762037238844 76.66918998345417 23.876505834348688 31.910134622645163 37.34931053833617 44.76564255307313 9.43739151449738 63.9692830837633 28.745988672272336 0.0 20.500699331678774 26.807840687382132 1.8588758180328115 9.329446936809093 43.9280805375878
65.09451108080796 27.179354086227598 52.4363244415967 30.51831982597518 32.52456992102521 33.527618291888686 24.440329129818224 43.230928299529495 62.00952639085606 33.411661193023285 26.379141404922333 19.347700976514513 64.533204254919 34.03096735567521 27.933538836094545 39.24350358853931 40.08585987115537 36.90195879773823 48.816984775609214 38.36277845567947 68.57233413218886 31.92409397398684 20.840463978202898 66.89436185882168 37.10663623296377 42.74488148460102 55.46619670219206 37.280228128560196 48.33505532260279 54.52138890635889 18.504442102545408 36.17037768147266 62.445908459895016 38.71052670964005 35.172476775751264 40.61961196084706 35.054404936745414 13.037577608313974 49.957623845992764 23.294075887951152 20.500699331678774 0.0 22.266620457447296 18.76671073824708 26.182210986506764 38.36277845567947
87.35261716658945 43.86975379670325 74.02828847632644 52.01827936645083 47.31042648785787 55.61331496066142 28.079492936268036 63.69083069302569 83.19080767617878 54.96432258313389 48.40655568471427 24.471887109970893 85.86894690289793 56.164373938756384 48.770959079090716 17.07135835388872 62.30444061611422 27.272751591970636 68.79533270189381 60.36454474387239 90.38992491906966 50.614299223443865 41.553430269496964 87.12297990434482 51.4328194318417 64.99082146525363 77.72940683757163 59.01598457518858 70.13520626036473 73.43975546824778 40.620380806459146 38.38951175930969 83.15987285553295 50.64466724361913 54.347903826165116 19.305767490866494 57.314258153747325 27.29841794587593 71.03680099117705 1.9830137055824375 26.807840687382132 22.266620457447296 0.0 25.288591482414283 24.14741135335025 60.36454474387239
72.62515823247368 45.25047074893568 54.944657025691555 43.910633936535895 22.631908637830396 39.82965179469816 5.71383814094198 42.74189761526594 74.45738541567742 37.071732349677426 33.173428989709706 1.4226131961563322 76.55434627055641 40.64820566447752 29.900779839219947 37.93392396127373 47.05184131438741 22.215521198387176 63.653551395854564 43.675291261841636 79.06205173692274 48.74952772946762 36.64310558327693 64.96366930285168 26.444723764706847 49.96410435508071 62.49895310298644 41.331007794053946 51.92913124445474 50.21731809164579 31.31904016840756 17.44410904568246 75.76893683606376 25.35643972687431 32.32609003465803 36.56186310650651 44.149788144106765 8.333387602837892 63.057943077269265 27.208804138481792 1.8588758180328115 18.76671073824708 25.288591482414283 0.0 9.750933767167291 43.675291261841636
82.2461321408056 53.33083991598524 64.02973686311903 53.41305893494243 29.46348049606896 49.511721055794524 6.665317057168095 51.45554890003166 84.1511843921092 46.57256334710729 42.91274916040535 8.41374005126988 86.2742715200127 50.341816854072924 39.36291716714568 32.65294677385055 56.72959736776779 12.47955548150058 73.02752351352 53.255165521020274 88.81218090093031 57.506984294635835 45.618995680962136 72.86520678775759 32.46857354993098 59.6431425058723 72.11219398574161 50.81240965933604 61.22314340823519 57.67075527187963 40.75069108491878 14.25875830024692 85.39210829474789 29.771779642878823 40.848191732543924 30.06639487886173 53.90062826215273 17.969563768910213 72.67702429338232 26.114361840029183 9.329446936809093 26.182210986506764 24.14741135335025 9.750933767167291 0.0 53.255165521020274
29.01069810453307 37.06937700920021 14.773403567468657 19.85427292266541 30.792772890546548 4.949483447943424 47.29746282400555 13.24124455832411 35.81782548791921 6.874723183521097 11.98475419214597 45.08878688766066 36.93535111770125 4.740031749155394 14.026818654425094 76.97802352353146 4.717962595428236 65.68843112219963 33.13254269457584 0.0 37.16786378637461 32.25739386390901 26.787625545992398 32.35166104145381 32.51539864831172 7.188509920900429 18.87460667615497 3.2924429925042054 10.235992807828586 26.42813288752435 22.107948185151763 53.05488261026588 38.74146320281063 38.27919667318458 17.861332428956416 77.45984757493343 8.890955325615826 36.28200142372078 27.880071600793713 61.55340140087517 43.9280805375878 38.36277845567947 60.36454474387239 43.675291261841636 53.255165521020274 0.0
