0.0 90.91023357025631 26.63063969821903 20.336691825316763 15.178399279284672 27.85520973467757 61.25454190102219 67.55724538025102 70.7745757559003 95.78134502004256 46.96867145933651 105.50321389762809 40.24388558893651 89.79699880336314 88.40149385562734 27.50537987386133 22.95327311903472 66.28033122893893 33.32869663204747 69.62031862872857 9.486503525883133 51.509443451093254 22.274761476692888 17.090553757077405 13.878531085747888 35.83719504938244 57.78358244801232 70.06725036519823 45.28761301163001 92.88709173322486 43.36904662178968 74.25238981120046 33.01563250576099 85.71907637661393 85.69477352523887 33.77048658058008 35.9530948425945 21.12813994479162 35.41992772332941 74.72093820992778 47.84726221664991 34.01617382028539 24.97099165890767 26.24331402121497 36.77748496744497 51.13869409316239 66.90634820292742 83.28543443706191 99.97588965366535 116.84435886160752 42.48181709781185 25.97421955750026 11.971988120151094 14.515854701604914 29.61088813474055 46.27755908402761 63.28612307334944 80.41994399871992 97.61308586491195 114.83890800412551 41.509641328199834 24.359370334284836 7.900698722579048 11.409499325686125 28.224914999985366 45.40736169372602 62.655603760138945 79.92705666069826 97.20934938403788 114.49757353857126 45.21502273697699 30.220154929718213 19.514845667593356 21.145037088538064 33.3482824162219 48.74233520594058 65.10172422527734 81.84965306834721 98.78870822215909 115.83507237204 52.61885675200459 40.426378098548284 33.14435756672189 34.080980956352754 42.69878826703727 55.52988571980639 70.30404205042468 86.02590819687703 102.25929720733848 118.79469382592416 62.418566407043734 52.502109435371096 47.069825875874876 47.67985393048116 54.128286354716074 64.69217299267655 77.71091338511839 92.14986609544295 107.43794736048034 123.25960487403809 73.66398225505056 65.4200284325329 61.08906176344408 61.503352126885964 66.5743695968794 75.36794119621645 86.75944871554266 99.86377136228015 114.09223999702732 129.07362678489233 85.78832590623811 78.76672021730312 75.1494622342177 75.42793410169472 79.56124006105003 87.00169369343094 96.99115732341193 108.8299618661212 121.98082926183662 136.0638486923816 98.46732283862916 92.3563335813357 89.23141704466765 89.4062300561972 92.8621392590208 99.25701281148004 108.07037996547092 118.76503781808239 130.88061788315954 144.05906015715718 111.51179066863746 106.0954070471129 103.3259539904011 103.41630225948983 106.35916421015169 111.92977031637469 119.76199976279833 129.44597762338148 140.59959846635886 152.90158430742326
90.91023357025631 0.0 76.21605797665335 93.40709006454675 84.70519595184084 66.24619776988422 39.16637052860904 25.272410724808324 42.32643919944067 12.250491775008037 45.217960793801005 20.370185560199978 66.64912715875337 3.7805407905060013 8.488993498867675 93.79236355877019 85.21142168569068 25.030923791818303 72.11484061900597 24.256064053914113 86.7799999044019 42.65831165489519 74.21769883095496 92.11193100960492 77.61291053995961 59.02199375031385 33.90810443311168 25.61456823377025 51.360585094484456 12.69155445655943 48.31404398404523 16.83305437466467 61.18688018337104 5.606781230130238 20.612897833961483 76.1441068847543 54.977410113056244 90.8362534239462 79.43929231628951 20.71175489313077 138.73715370940644 123.8567212202837 109.68896297256619 96.54813017235752 84.91234255024322 75.48087195593739 69.16147613868432 66.84271964041835 68.92953063117537 75.05533194876993 132.427277107122 116.77891499923972 101.66782200618007 87.37320442618052 74.36738162275098 63.44791426785935 55.85219761528582 53.028274628669195 55.70662096998295 63.19143223425517 127.35904386138444 111.02563494172361 95.03558921637651 79.59611085979874 65.10011177653912 52.33750362596728 42.884846525985274 39.21366956384933 42.83713042603231 52.25929246514378 123.68526058118518 106.8112170299526 90.09960551303386 73.66106281946713 57.72933283670297 42.87318504499341 30.696165137260273 25.399006761963147 30.768083576855656 42.97616573891574 121.53250526610138 104.32239249032801 87.14864461206118 70.03801742423248 53.051620671911195 36.36396528613405 20.710249418361098 11.584637881312903 20.933374857970243 36.61859466552553 120.98203202598584 103.68353597319825 86.38641542620194 69.09170346710857 51.80181256772088 34.52398676474867 17.29442449116204 2.2365496519607775 17.596044149981708 34.82747427861433 122.05552961283121 104.92845258555853 87.86990584240453 70.92935133899313 54.21750407280654 38.03702081292616 23.511794799696048 16.04700517343813 23.683762229143852 38.249799340256594 124.71105325765858 107.99199709756051 91.48991905536674 75.34751727623015 59.856500482722616 45.68437544596201 34.49685332467688 29.861561217176597 34.52683024792752 45.72964459972542 128.85079032591244 112.72595128692993 97.00751642603872 81.92972974892874 67.92059492190306 55.791021112549 47.01885880769167 43.676221849184365 46.93778702850652 55.65432213128624 134.3375426043378 118.93095110986265 104.12139195416437 90.20340761429574 77.65785588466532 67.25717633775909 60.12495580411345 57.49078365532832 59.950541728573995 66.94506744441573
26.63063969821903 76.21605797665335 0.0 44.17437704761831 34.98708269945381 12.266029215298689 57.341927370300624 57.22019581100279 69.33723458084748 78.15794655767729 40.12374318037759 87.12201899191425 14.226131961573223 74.19072884923855 76.03290588261248 50.303006528103 42.47036477311406 54.333431365911764 44.6579777598857 59.72584646809276 31.262934109513967 33.58309693505076 6.8986189016423225 40.94105596701307 16.966767635586706 17.444242273255238 47.73656583821512 61.207062562009256 44.15611632900038 74.99256949986498 36.51657985118671 61.04857833297874 15.869118638936806 70.64453971998103 66.10660824870013 47.54499655636425 26.69700545439575 43.73853904587019 50.86545503639058 64.75839161496798 67.77721950085642 51.0068659401109 34.76149938823037 20.340498601024414 14.75881105988438 24.91228013268086 40.27571819170617 56.76581565728403 73.6294421785898 90.65839321715056 66.19158095131144 48.890144013625914 31.589247816338684 14.290856399158605 3.0479794505378766 20.3240100356849 37.623851374103886 54.92500890851848 72.2265367996514 89.52822033097559 67.59598796804967 50.76690583392539 34.41006483517216 19.736744701695805 13.918991211116166 24.426424967811272 39.97842984079536 56.55627430982204 73.46878364660304 90.52858594182108 71.81521708922843 56.23873523274272 42.034213797708496 31.13944078919528 27.76984461290454 34.22533595279921 46.58640173291411 61.383400735078624 77.22862681138102 93.59118316617013 78.39604868616284 64.39555618902503 52.40553351640752 44.097588465329714 41.73199914832635 46.23015548893748 55.96069941727628 68.73628998607963 83.16525910340695 98.52384564736164 86.80292981890591 74.35887050550093 64.20617564607109 57.57015485543131 55.72172682112132 59.11173589629668 66.94910135511608 77.90292288824226 90.85288651031966 105.06344250073728 96.55998201827892 85.49934206196822 76.77977981073893 71.26585025081789 69.72229174217327 72.4034823006663 78.87978360980075 88.32024685624656 99.88794459868407 112.93107046344899 107.2993916242119 97.41380718664445 89.80211229907725 85.07683628196457 83.72810714445603 85.91509143444632 91.38429352032912 99.59645788744362 109.9386142363277 121.86969488313981 118.75481190220819 109.85056898953968 103.10313435513063 98.95469554383797 97.7367580630644 99.55693161943027 104.25621343786376 111.47107291585162 120.75143395664107 131.66124773875325 130.7380239943413 122.65069793346528 116.58734365707635 112.87460259581974 111.74701487974741 113.28180335463054 117.37457484985198 123.77183396751514 132.13930209381303 142.12943270962876
20.336691825316763 93.40709006454675 44.17437704761831 0.0 10.275417252581232 40.626529276483694 57.91205502130439 68.36584262420426 64.4629824608846 100.52274541965313 48.296974529396905 110.54011991410358 56.058949275368995 93.10810224960791 89.1551662273043 7.296314274758093 8.73393932703753 68.45217326781439 23.53064529972254 69.88079740148392 12.920643721109817 59.91178322757897 38.19311274283 3.314160299231108 27.611024490065468 47.408573304417644 59.56199974709689 69.49117852971432 42.668406289672795 97.99486937997166 45.55530989179279 76.65536447302648 44.685042845631834 88.81981066937786 92.64145727454493 21.277807687236425 41.986033180451464 2.8584110881807945 20.692847561010936 74.56403410527254 52.42594379426445 44.22003390944656 41.96484487848116 46.5337512232051 56.288869153704034 69.06655173590573 83.49039068674239 98.8423345304256 114.75048515649267 131.01238712966472 41.90101732902484 31.099267452692654 27.88087965230117 34.44172317829634 46.83834937304959 61.64527134868252 77.4929533468284 93.85566572238714 110.50485957135632 127.32820512504044 34.161018523394944 19.522679488551297 13.928659091487852 24.608794679546428 40.19814310249498 56.78821483374312 73.7063408460248 90.76927189082014 107.90833823211537 125.09224956870887 31.342108267619093 14.047472259942289 3.3239743232883545 20.578623274732823 37.87643421229609 55.17682850224899 72.47795623959384 89.77939340374012 107.08099000939511 124.38267952176227 34.66634636112503 20.390106430256168 15.115218909121193 25.296161316137024 40.62061353816571 57.08664680391222 73.93543652815194 90.95452071268649 108.06346946902933 125.2254549259034 42.723009325166494 32.193272509301025 29.090678162415422 35.423689941611656 47.561723625539926 62.1941057606467 77.92820747596905 94.21366005678762 110.80763265176343 127.58980624664149 53.411784801805275 45.37922106962589 43.179082155696946 47.626642213149324 57.191480509971676 69.80070428718739 84.09587193525392 99.35188732688458 115.18760278487548 131.39358673839874 65.45556243847881 59.02832039079534 57.29705109191145 60.665138433715455 68.38321051364618 79.18942758087161 92.00198314290131 106.09647432750472 121.02584983235603 136.51647625997026 78.23088183082346 72.88067793463581 71.42691448252828 74.09928178415142 80.48783486598552 89.80294045136564 101.23997835552939 114.16298380834237 128.12310126129498 142.8165250626014 91.43146787038096 86.83892856473086 85.56262820401734 87.74739203951344 93.15000755667039 101.25670663737388 111.47912361916129 123.29212058596248 136.28270845975382 150.14554232919517
15.178399279284672 84.70519595184084 34.98708269945381 10.275417252581232 0.0 30.469008329622724 50.92884500853482 59.99367533291131 58.911790513845425 91.27295867356445 39.49399279243522 101.25489848444651 46.17897186027527 84.18263590111665 80.9556949356919 15.378769066223018 8.107723886634336 59.67476390668438 19.072776854777377 61.699160335599714 5.691903094318573 49.827114848228874 28.646361935785475 7.8243725788647795 18.069804894336837 37.1400453756537 50.80170153596773 61.58843848305784 35.09819247984687 88.6521662260363 36.45977615060151 67.88014853983786 34.426496705954975 79.92893804250792 82.91113898061943 18.820368107508326 32.03356439398573 8.99224622418321 20.248425628864872 66.56322037203392 57.09644102472731 46.07934049471418 39.81599811967374 40.5712685929911 48.015081040851975 59.69568009966352 73.62340986912133 88.74651982926797 104.54754480870818 120.76067038442112 48.39490441938746 34.7788066799767 25.995663511554746 27.21569686314321 37.47431516522744 51.63976128386307 67.28830582473522 83.59113447592277 100.22948634012756 117.060380179508 42.74486614556085 26.400310353571424 12.866320489594361 15.258474049963773 29.980207953613245 46.513629387118996 63.458140374482596 80.55474195853685 97.72364266340588 114.9324463759672 41.414747709651834 24.19805576201229 7.390807335597303 11.064163731884895 28.087736838406002 45.32261861283107 62.59450543576124 79.87939671262222 97.17035290250925 114.46462555227433 44.791088449633286 29.58505584930775 18.52084217450438 20.235607236983977 32.78185696075568 48.35837705590387 64.81610337939354 81.62373443545681 98.60249960904186 115.67706762849161 51.96441350458391 39.57475380947315 32.10499606278774 33.07580944186765 41.904609927868044 54.924423174721824 69.82905522619119 85.64000473632251 101.93641465798046 118.51819953026218 61.622621273673765 51.55766563961547 46.018928169259596 46.64755131425756 53.225461646725115 63.94223112664678 77.09067067635574 91.62989424282425 106.99442491116262 122.8750578204596 72.78301685141142 64.43101124261808 60.03364900975813 60.46006080983238 65.61627106779943 74.52695646849935 86.03333997792986 99.23658635012549 113.5462931497124 128.59361352756434 84.85481246023134 77.75362906058669 74.09184401386872 74.37918223306899 78.57232994466935 86.10253305813963 96.18923145350564 108.11927292677079 121.35020803516964 135.5014969759076 97.49992484548348 91.32896998898595 88.17256855149633 88.35439209368485 91.85461899690159 98.31947483177665 107.214005158732 117.99000950641091 130.18109483995158 143.42687416332174
27.85520973467757 66.24619776988422 12.266029215298689 40.626529276483694 30.469008329622724 0.0 45.093991397913356 45.74094984272195 57.07186544762524 69.50242472865204 27.908132237047823 78.92135011648183 16.472336611690487 64.5674529459287 65.28065167197565 45.54755348563091 36.63811210805471 43.20674624535702 35.26761352856702 48.18481912692723 28.59366488183181 24.483152817360835 8.021728558180419 37.73625911502728 14.24002781972632 8.047342554952804 36.05075673229792 49.486511091357826 32.03964219724647 66.45682526670623 24.269449512193887 50.39426295423785 5.322926070672195 60.77208122585937 58.502735176016756 38.76968128775764 14.446893638911588 39.43236684456525 42.47208336484672 53.28862402633951 73.98744833671587 58.149527929480406 43.44309923020065 31.49521119694058 26.36861716692652 31.58116210026439 43.56771526315725 58.28921008394731 74.13385459039549 90.51372805181728 70.15273405680512 53.208648895668496 36.60092064763879 21.137817307209737 12.357188275803546 21.384708016921095 36.886640198949536 53.50379020845344 70.45139999651119 87.53774505632005 69.05562040480932 51.76032997315079 34.471704322198185 17.209841060758535 1.6650676586746305 17.55220390125627 34.815238959205274 52.10408291385198 69.39944984877269 86.69743602230663 70.82346031772109 54.08589552940191 37.85918720641478 23.23928599447386 15.669178920276032 23.445560761941362 38.112699559965776 54.35231193743029 71.09488135590917 88.05397716130638 75.25459477079465 59.74624515042773 45.54868667120931 34.32872234546078 29.68078116917296 34.38234483432568 45.62950552374448 59.83867632959982 75.35245097443283 91.50970343727703 81.91791003747505 67.91252974895785 55.788741035061015 47.02509726910802 43.69256387146665 46.96194970169398 55.68225497865974 67.78131406775303 81.77287919215755 96.84010131751091 90.32063687389908 77.79950426314059 67.4270384477582 60.32201419287415 57.70426770253883 60.16242064850933 67.1412573448279 77.42788418658652 89.89384457986897 103.75657361691269 100.02526566436384 88.83437807238593 79.85441753808345 73.8958563799176 71.71579670519091 73.65053782045497 79.39985051999409 88.22108093254276 99.29889372898673 111.96548480117504 110.68977646073083 100.64013621810153 92.75410985348636 87.61786486564151 85.72708478089854 87.29291700408444 92.13930282821372 99.78941008184918 109.65800962538931 121.20441104385688 122.06270484877099 112.9752263811271 105.95359519398004 101.42776538861605 99.738074715297 101.0269281095477 105.18489224986708 111.89257174001355 120.72571541094293 131.25590961665281
61.25454190102219 39.16637052860904 57.341927370300624 57.91205502130439 50.92884500853482 45.093991397913356 0.0 15.53588435613585 12.53254588440502 49.38021544517821 17.26839506989019 58.9706457493365 55.07751926596569 40.224806574796446 32.93277121079704 56.82820681547194 49.2411369518437 18.90751577632957 34.865566109196514 15.399917614681888 54.54108440686904 33.778322183749026 52.29480195620674 57.37098363961215 50.53046199029589 41.61341379759513 14.927654284747607 13.57240002877085 16.022014422005284 47.87722399902638 20.825775081282917 24.833417350818287 42.064498176112025 36.10604375112198 47.566786442324286 38.39353578573747 30.64778047495982 55.12612913722541 41.24312606093631 18.493971550045053 107.825872908154 95.24322457428609 84.3493608919026 75.87520962446584 70.69632299969699 69.55273275301583 72.63528810983627 79.45361805314148 89.15469512020692 100.91051381865016 99.2143338047246 85.41954370221453 73.13146608896355 63.23466367971336 56.98888068379023 55.63758464516371 59.51510397687749 67.7292614031558 78.93767523500729 92.0530214876423 91.97354578140036 76.93168669562318 63.05981955866015 51.31571297933826 43.459971069555515 41.74854372549283 46.85955454427954 56.985962587250526 69.98347764175034 84.53803572631433 86.44874731493844 70.2655637740184 54.77063871204296 40.7566700029254 30.34961790428862 27.9249411204273 35.17407054438759 47.88880885098444 62.834470317289856 78.75095668793477 82.98347110009124 65.97581060676993 49.17388932301703 32.89449640340145 18.56709704491498 14.35754116430557 25.811888355230806 41.5340928540115 58.16030308125707 75.09243328286607 81.83980204488657 64.53810638274805 47.23658280917586 29.935529706327998 12.636879575340203 4.686055409174551 21.975921106679756 39.276414105275485 56.57778631887459 73.87942005600726 83.11364973972354 66.13872471621438 49.39125057779309 33.21705815888525 19.13015589004808 15.075323166888747 26.21603450863376 41.78526241018653 58.33908155401974 75.23032175244323 86.69850170571593 70.57121076162633 55.160411918145996 41.2765788546578 31.04111056823461 28.671497922189882 35.76686602609385 48.32382726948272 63.16506568498192 79.01372303793605 92.32550449464188 77.35019813823551 63.567384267076804 51.93530929878607 44.18648187339088 42.500809730916615 47.52785808640447 57.534168802562554 70.42846501418165 84.90501520813844 99.64923548853548 85.9219916856984 73.71502718637784 63.905554275839904 57.72895770829006 56.39187269060416 60.21753988439697 68.34441433317033 79.46360102486392 92.50225327720793
67.55724538025102 25.272410724808324 57.22019581100279 68.36584262420426 59.99367533291131 45.74094984272195 15.53588435613585 0.0 23.95875740296962 34.34491953039605 20.711994338820336 44.17054348058749 51.16016118862257 25.614565296319284 20.998328412645865 68.54467794783767 60.05914432894835 4.5872860806239535 46.843237383485004 2.591827396496995 62.51253748777223 26.658644876613973 53.68533036473833 67.22209800005105 54.981541891039804 39.91149861008158 9.88288261724152 5.036075439311637 26.09109546016392 32.60450125807115 24.199778830733354 9.433590553812671 41.36731283393692 21.33919794235913 32.09457949271951 50.891004652195164 32.44971596146526 65.74598004146945 54.23758118628307 7.549788779221225 115.29771289866804 101.24268912280807 88.34758473402047 77.1958773684563 68.64259147369107 63.74246130476522 63.34896612973551 67.54091925480724 75.5589449722421 86.3436545675914 108.14513569082217 93.05487013581478 78.87806489849726 66.20416280178698 56.061885507616914 50.01580375668392 49.587579378650034 54.90880818497704 64.57343252719721 76.96220465039139 102.44137076684305 86.39197614674194 70.93391416980073 56.55417186613301 44.31519006723161 36.44180738128842 35.92884800633184 43.04028870998275 54.8885992234378 69.07791062568347 98.43867120605229 81.6283852881285 65.07630884141868 49.04457209413226 34.27135134781281 23.289319147988188 22.560377687994613 32.775910183401315 47.310266614561485 63.25325096602337 96.34933577424303 79.10802453475898 61.900548699665784 44.76594302288026 27.839086228190972 12.031339543116934 10.63977829997103 26.08390260741499 42.96799285610307 60.09026698905745 96.29801560879014 79.04579766018531 61.821370370830515 44.656902384445665 27.66422628374162 11.622963926756453 10.17794450117015 25.899830257298262 42.85703267499352 60.01135460320715 98.287903876051 81.44733986770167 64.8501181846766 48.74544101270281 33.8439026182122 22.658618742462675 21.911818641804366 32.33502934986954 47.00736095444667 63.02809991346206 102.19981253276907 86.10671958098712 70.58782053644757 56.1214881764054 43.76425754254011 35.772990055388846 35.25352709914597 42.48085809554452 54.45312858120724 68.73405921452843 107.82469798342679 92.68398406887607 78.4421979922894 65.68666580394668 55.45268089841152 49.33521753420311 48.90429097216323 54.29546737854389 64.05519491952073 76.52999627811765 114.91121179159454 100.80433307538921 87.84722585714451 76.62539505894081 68.00339549278401 63.05685516149879 62.66232297793441 66.90038126166085 74.98966501224747 85.8483154048794
70.7745757559003 42.32643919944067 69.33723458084748 64.4629824608846 58.911790513845425 57.07186544762524 12.53254588440502 23.95875740296962 0.0 53.93919503386088 29.55541225086678 62.69618240166159 67.58253739739592 44.378521739346645 34.549826713252095 62.07933283634028 55.74991364986785 28.305365438645232 40.93838971017993 22.547579123929662 63.198890333118506 46.07654429871011 63.984277172339254 64.49115209617767 61.203055404047575 54.00788332345236 26.793384431959144 19.77683435021212 26.091427113948637 53.125385348817545 32.93567576212266 31.755272362292512 54.3274241752649 40.80250581513343 55.089458617265855 43.5578906338765 42.68789759091094 61.6075996779517 45.52067335242541 22.904465758241784 115.96458465624032 104.443211515081 94.69775362578042 87.32482594131967 82.9594267323424 82.082813769037 84.80324712638895 90.79798293146177 99.47681769954147 110.20744706352083 106.33598969128825 93.6895941663508 82.74556348145981 74.2604024126268 69.14533481889202 68.16331974180092 71.48489252656354 78.5661023027539 88.50912875247644 100.46785646956275 97.80357208046698 83.92799925490755 71.56101351131835 61.61775311935395 55.41854918031127 54.26216855405433 58.44869141657173 66.9836948036375 78.46069372462249 91.78259529278672 90.67743816612972 75.544134398533 61.56411618787882 49.7199182665761 41.86532996940338 40.398603256632 45.93576109485451 56.45216435390385 69.73023220693474 84.4776267269112 85.31083826730696 69.04187661733715 53.4259541983324 39.250410079518836 28.73268269951499 26.63174183428222 34.52017591879777 47.67332243619803 62.86938088620895 78.93720724814978 82.04983972559253 64.98858330209102 48.09956964660644 31.6596607805162 17.023880910879214 13.266642445820933 25.708130276052934 41.76751133093816 58.5393450872686 75.55063020039496 81.14873261567473 63.85240567328558 46.56024272809995 29.279622317106202 12.060263291662675 5.68482240666588 22.757373495763467 40.027396599768295 57.31666857192352 74.61180939576971 82.68472074237424 65.78467961808047 49.16500256716751 33.24880838761505 19.81114377741475 16.679087299894082 27.615482348891753 42.96219447813261 59.39358399852103 76.21127123187608 86.52809556955337 70.53364774023618 55.33162614656456 41.79583099323223 32.10768401449852 30.226222144591276 37.350433538283276 49.751326754618134 64.45186878694197 80.19726625190142 92.3913002085116 77.58372654506998 64.0392152971405 52.74003951607884 45.3950067914345 44.02960045527201 49.14477583770577 59.08059299983838 71.86465158458667 86.23945748013027
95.78134502004256 12.250491775008037 78.15794655767729 100.52274541965313 91.27295867356445 69.50242472865204 49.38021544517821 34.34491953039605 53.93919503386088 0.0 52.3738231272201 10.034327386223989 66.94668534094592 9.569482569547624 20.73946354974519 101.6318213211593 92.69272477010851 32.72597900533818 80.4648312137253 34.001756667881516 92.70538960271435 45.05262653896452 77.2174517115356 98.9153602181755 82.07807053323575 61.74740467348401 41.37239705395738 35.91955425040589 59.76271917430811 3.26413203359065 54.96745615758991 24.96499078348577 64.227396694145 13.330328783311696 13.917104359951583 84.6823348247939 60.084090243518766 98.09517999888433 88.20423096460128 31.47810044841916 143.23781082283537 127.64952848454713 112.56300673851761 98.20975277938759 84.96221093962625 73.42135742891067 64.50977335377492 59.42240892381785 59.1542999220757 63.7662638786766 137.98361869082308 121.75214375528239 105.86025550431899 90.48705203876705 75.94816115602436 62.8255002735434 52.19834759609015 45.836614234962894 45.56343515330464 51.475836536169076 133.99721736743643 117.2362153658146 100.65840737657983 84.37184725520514 68.58433563459529 53.737532798339025 40.86982529668263 32.42948750878736 32.12023586752038 40.130490852839905 131.39410834761966 114.26571962516876 97.19881576002217 80.23264310490175 63.44806052862695 47.03985417625751 31.599865630442995 19.572104273116683 19.138838898415536 30.793427447549277 130.25728876346392 112.96268345605743 95.67072683913564 78.38317189943753 61.10375473618253 43.842098392513314 26.632759579417908 9.75662425890361 8.932698013598083 25.750883740818566 130.6250635666447 113.3846284276685 96.16628194355542 78.98447119092558 61.869642661676565 44.89846059922746 28.330265311311134 13.713102799031063 13.122786727138132 27.478700150057445 132.48489800524857 115.51264709785583 98.6549838779143 81.98262506626844 65.63692974272954 49.93969407101501 35.755423453934846 25.722331416052924 25.368033531295588 34.98780761456273 135.77546597001847 119.25541448047514 102.99241321769574 87.130517341004 71.93555100392005 57.934674582259426 46.225924700112856 38.9352319192664 38.64938589000961 45.50059724427156 140.39615895240655 124.46729718808066 108.95795155237472 94.07583568913016 80.1710111701912 67.84703177833762 58.11840438348566 52.449772669327785 52.18149955833846 57.38936885316003 146.2208697856016 130.97295884326093 116.30125419619952 102.45359974135381 89.81197618270528 78.95780281743312 70.71895629943718 66.08100732490153 65.80973235672559 69.95594907839896
46.96867145933651 45.217960793801005 40.12374318037759 48.296974529396905 39.49399279243522 27.908132237047823 17.26839506989019 20.711994338820336 29.55541225086678 52.3738231272201 0.0 62.407818319328825 38.24419025802817 44.81296898247018 41.69843648584708 49.27807704571413 40.327563162015885 20.195199996179714 28.62531857297657 22.67300627517917 41.81710789244757 20.2021529295325 35.313539946101336 46.90642782131394 34.84625689040303 24.466352108882433 11.309919532737363 23.13750622924781 9.646061931864073 49.98141251486687 3.7896221970444914 28.40572666797917 24.804298649617994 40.52933028378025 45.86682620651581 33.014956538783096 13.484611391821513 45.797730535046725 36.81830486472307 27.75496659264345 94.62360093947244 80.81570402445537 68.61071475450403 59.011713595388755 53.441879683944684 53.18257860686197 58.30470676397735 67.59579125028128 79.60931577945554 93.29949261898585 87.473123517859 72.35370837708983 58.45748166685566 46.88498137830445 39.72193429384391 39.44830691521721 46.1867085008629 57.523572863672115 71.29808620831218 86.35148538335677 82.14901116107691 65.84910953284079 50.224108105065675 36.15974918110498 26.292670156850225 25.957506898333648 35.42584426716294 49.34469917784963 64.9116233742161 81.18404386552345 79.02136950002641 61.92196057816559 44.97771237292439 28.46705223663107 14.016581611615702 13.463621407369672 27.654776929508206 44.12501917202331 61.05703064452406 78.15124893176886 78.35371684238008 61.071582731247446 43.80508009094342 26.5846838694851 9.66019364710267 8.866048519580469 25.741170167584865 42.95721612295379 60.22250860487233 77.50414323430968 80.20751742082867 63.42187137041926 47.012060370931344 31.569700781311624 19.54150274282255 19.126076084959262 30.79700274866863 46.149930716316284 62.52910495800027 79.30115991244189 84.41679551344393 68.64482260629852 53.82134125939752 40.988665235356194 32.590080993368574 32.29341851096826 40.278097989945785 52.91969647320546 67.6562796084333 83.38440420437118 90.65397725565431 76.15157294523799 63.076810895779495 52.50723402250213 46.19565691588863 45.932247413269835 51.80933823478389 62.107545801703296 75.02793149135188 89.44125056835338 98.53463829769908 85.34148698182952 73.86447196679941 65.01882343415889 59.98025463402936 59.72027172278438 64.29686716169151 72.80356970891957 84.05550999848353 97.10300779450021 107.6985057284316 95.7309378632399 85.60691593922515 78.04718389515578 73.84354431169011 73.57351714058669 77.27834805264389 84.43643168855202 94.2643420376218 106.02220818187061
105.50321389762809 20.370185560199978 87.12201899191425 110.54011991410358 101.25489848444651 78.92135011648183 58.9706457493365 44.17054348058749 62.69618240166159 10.034327386223989 62.407818319328825 0.0 75.36370593918213 18.74967394943607 28.432229372688038 111.66565502315242 102.72507888222941 42.71880975037199 90.47343943912337 43.67165146491507 102.6127836663585 54.43858947912132 86.52638491098139 108.91278063480848 91.74426406660038 71.06637341952869 51.39762035617935 45.424613886759765 69.75236634356177 12.645588911989707 64.98631618040991 34.85951218609103 73.61774308930904 22.895460764022445 21.25825670337145 94.67774511860458 69.93564976044092 108.11997348823826 98.17815482586425 40.76497277285564 152.81010675461187 137.051127679821 121.71191617097891 106.97320013043112 93.12054887775372 80.6120572243231 70.17027138646634 62.83411711088984 59.75852767655867 61.58516913519468 147.79121818381554 131.4581512267823 115.40775574067158 99.77653960760497 84.79663222803067 70.88217708864563 58.794561237582215 49.88006660238093 46.021135017941894 48.44142755331193 143.96473695399084 127.16118258956132 110.51151850957135 94.09746852906738 78.0677906604689 62.71789847017192 48.69494977316357 37.51759551696109 32.29009613570823 35.72728843148125 141.42753868397477 124.29477092874757 107.21633916781062 90.2231046419114 73.37428541607571 56.79854603664279 40.829839895975745 26.585498725981743 18.579924155573895 24.131936169526945 140.24964957204764 122.95904625991454 105.67215055172194 88.39113779288908 71.12029648024583 53.869410573897014 36.66665668896226 19.63892876257835 5.064072093305521 16.257786516630617 140.4652867107501 123.2038231455971 105.95555913254701 88.72819276276881 71.53682322603753 54.41557837679305 37.460732365738636 21.077736481170678 9.162351633780013 17.953818709483485 142.06810171890916 125.01981505090777 108.05218113165125 91.21022202552957 74.57912857739997 58.3395174785556 42.93789984150097 29.707545319465424 22.806234191171825 27.50311709663668 145.01208214751165 128.34031684472646 111.86007754531299 95.67039265587306 79.94797167831906 65.0326024565155 51.62855461309441 41.236912870495324 36.52622862114145 39.5797275640714 149.2178272317617 133.052689776638 117.21253240788894 101.84909648234397 87.21467972541757 73.74458264727768 62.19990181001933 53.83394194988898 50.25992471147898 52.466446074039304 154.58232674801556 139.01539637128226 123.9094774533504 109.45560865991071 95.94892090055144 83.84839931638021 73.84853556678462 66.89807048496844 63.9983668219146 65.68807783163929
40.24388558893651 66.64912715875337 14.226131961573223 56.058949275368995 46.17897186027527 16.472336611690487 55.07751926596569 51.16016118862257 67.58253739739592 66.94668534094592 38.24419025802817 75.36370593918213 0.0 64.17724953123688 67.77856224673356 61.487421807152906 52.83403827574968 47.501895176033074 51.53216465431338 53.75116309298622 43.4363933113586 24.898050723920587 18.187223330776472 52.982906211966856 28.521186343325102 14.22595443121201 42.74066598326815 55.74743093213434 44.980991977821525 63.70735621851626 35.32366419417001 52.988233314021095 15.194003683492049 61.0472053641006 54.12134748239574 55.16130963688712 26.649281809659843 55.16491956266312 58.90744491984299 58.420396302529895 81.72257076211925 64.76304248632718 48.04828151962611 31.964599586094245 18.263254946170257 15.62273729487499 27.44641952546458 43.142259488499455 59.73203284326916 76.63738987073648 80.41745727184724 63.115839013839874 45.81445664710333 28.51373957261666 11.216766648987486 6.108352216261653 23.399181238564516 40.69944718997574 58.00070623364326 75.30227386161698 81.57290481851551 64.57494690665865 47.795621534406685 31.58531003702909 17.59417189963865 14.838822795720738 27.009982256978944 42.86724067989452 59.53464712174078 76.48438268505045 85.08871839892772 68.9434036603587 53.525748014473685 39.69292601387709 29.74493122239145 28.15498844218182 36.04657678352064 49.03792312383079 64.09984394368294 80.07229212196044 90.69075290280648 75.71927240608925 61.97345326500982 50.464985384766145 43.0281969724287 41.89083269748649 47.507506123398265 57.94643696193902 71.11484457941928 85.76454877649336 98.02189923478377 84.32411082093891 72.19083798589169 62.539403578602915 56.65276161425683 55.736812654413676 60.01956063681955 68.53321472788842 79.93718703092048 93.17620247260905 106.72633436187 94.25823873175715 83.53089610004362 75.29206830840539 70.42066749017734 69.62711528029664 73.04443762302702 80.13572527826742 90.03704224723994 101.93278863811376 116.49652511172957 105.14543523299052 95.59479147182927 88.42988851274677 84.26153112946545 83.53948464349223 86.35024482346768 92.37187606538342 101.03188414770428 111.71839222034059 127.08678663273507 116.7191739205419 108.14040315049928 101.80370836122361 98.14433396247605 97.46431425096821 99.82455522855317 105.02027476266237 112.65984824178875 122.28610595536874 138.308736272888 128.79436273856916 121.01785776965224 115.33129934382566 112.05332659755727 111.39676871137034 113.40716397869333 117.94821867402061 124.74386725910412 133.45012263706172
89.79699880336314 3.7805407905060013 74.19072884923855 93.10810224960791 84.18263590111665 64.5674529459287 40.224806574796446 25.614565296319284 44.378521739346645 9.569482569547624 44.81296898247018 18.74967394943607 64.17724953123688 0.0 11.701001993057726 93.78730458598314 85.0476036844631 24.68915092031617 72.29975076514846 24.96531598096472 86.02430388677205 40.61313219744497 72.48584423745581 91.69002490646537 76.34105256354911 57.1617649622989 33.55945734227237 26.674942064307096 51.520211256015095 9.339686428114103 47.72298582536819 16.5470555721594 59.426743260324685 4.312515418029875 16.837800669340172 76.4198999853055 53.849677917161394 90.59064337126105 79.82334802621686 22.058042908474473 137.55408450240904 122.43892527344252 107.98216841675347 94.48651218848765 82.42540440498925 72.51818815813607 65.74588924852607 63.125670764982345 65.16036128776783 71.4534049146672 131.59187636144546 115.73219431157814 100.35019345260935 85.70346260290836 72.24062104487636 60.75387071365091 52.55530359090593 49.31316979857413 51.96363292613403 59.727307233773075 126.90942726450665 110.40411730499638 94.18515231382163 78.43037756032878 63.486319327039254 50.08401709951894 39.81221176647273 35.501028893430025 39.170668989764835 49.06186885517424 123.65227828992238 106.66158011570873 89.78981407553256 73.11935477820938 56.82763999349276 41.36462962377964 28.131757735041916 21.690327229046897 27.354270051307374 40.308227168492266 121.93474982732502 104.67484476892777 87.43155230728084 70.21711222948535 53.05961421240168 36.04047405944932 19.524911780467157 7.889352900428828 18.492563313077596 34.93452742110705 121.82200393236671 104.54408883052665 87.27568852205593 70.0238426172526 52.80477907414965 35.666010171519964 18.82809869167622 5.9702386415640705 17.762421817889425 34.55541836732855 123.31844387661737 106.2761648326111 89.33375346229111 72.56119823027483 56.111025248472615 40.37918405770928 26.668737143635965 19.765532157328042 25.86199271228794 39.315655375373595 126.36689373195428 109.78291302192301 93.45957529707646 77.56161744727507 62.41494092530854 48.72528361993441 38.09710934598445 33.57579903428931 37.443115317424486 47.70060326823608 130.8588912753426 114.90191457258693 99.39594098522909 84.58935371459893 70.92155529375486 59.18680439815601 50.74437102537059 47.38783739601388 50.149034306087 58.1631044307056 136.6520940962692 121.42937306144177 106.84140421707454 93.18676869837947 80.93921953352914 70.83244913327746 63.89060678446891 61.20031547365306 63.305945902738465 69.77465265364843
88.40149385562734 8.488993498867675 76.03290588261248 89.1551662273043 80.9556949356919 65.28065167197565 32.93277121079704 20.998328412645865 34.549826713252095 20.73946354974519 41.69843648584708 28.432229372688038 67.77856224673356 11.701001993057726 0.0 88.96735930354733 80.7357740625589 22.26488489007129 67.05624887136494 19.28328833292271 83.50908811464876 43.03939869281364 73.30203693872299 88.11375259734163 75.56066405555563 58.60455095111711 30.625290774000025 19.838680096513258 46.572370593414036 21.012604258606327 45.12512043907707 14.987418363022739 60.48693503966392 10.31606456335979 27.60140177030171 70.88944153467412 52.85833064188724 86.49122477462512 73.96866957592704 14.706285319012482 136.20269953203467 121.90766557283185 108.49179794527826 96.3231501174443 85.93320666365456 78.03570015534076 73.43917702823947 72.77185361957376 76.13711557899884 83.04616662339456 129.14288237880137 114.0033832210068 99.57085599110148 86.20113688644291 74.46887470207822 65.26321521156828 59.76334898416061 59.014618237027975 63.18614651444621 71.42093333726454 123.28679146900292 107.35592125435174 91.92202354914755 77.28341805342586 63.98827007009496 53.05633247014005 46.196902839918216 45.29941453359481 50.68159222485896 60.69525790398734 118.81263897480133 102.21089650493295 85.88597335931593 70.03172386073001 55.0562725358542 41.912442256148765 32.875847638696975 31.68120534066609 39.0548979963139 51.43520404288677 115.88067256245165 98.80337779066919 81.82051578986939 65.00614045914854 48.53567700880952 32.929283928962086 20.289792742275225 18.377317297804787 29.368146769831753 44.56413861399462 114.6093542760511 97.31610324481099 80.02660409468636 62.74395846688959 45.47598084986111 28.249582181256553 11.25728659895192 7.357150176777694 24.088220458841448 41.292500772182805 115.0537649087199 97.83670585584136 80.65597478276742 63.54104646601399 46.564535499115635 29.96265023200597 15.032561792119697 12.365616910503556 26.049032833412628 42.460673616506874 117.19438129800655 100.3339284149824 83.65394232612609 67.28876306242738 51.53914914469658 37.195441212872765 26.635098871424923 25.180683652152513 34.02081508312261 47.743853856450365 120.94114076964127 104.6663526944081 88.78084072862998 73.53731306810447 59.43182299834558 47.489506161951205 39.71235632852975 38.69878207294319 44.90909330866857 55.988963454951595 126.15096356133208 110.61850141914836 95.69503856757092 81.71492066048447 69.25183328146633 59.27060713017981 53.18734463126872 52.37826544445328 57.06813520454367 66.09660901378585
