0.0 38.022536271221014 15.142180911779223 56.8321818480309 75.00597880277554 26.56046602212947 37.65354343854295 27.85134776792309 35.07673306552862 46.540040793705394 33.552359884532336 27.029650726988706 14.315044266271395 33.892296305135744 19.291488597257022 34.94177628409082 27.509182677314264 46.92258636945873 22.770352364403923 19.17127576889731 10.591529790143085 19.451380230585237 13.886405470850349 58.3799070842173 67.05090845948665 33.751624882818334 44.386761779916476 11.146921629526894 17.968958699052152 29.233623439287392 15.052948799337848 32.38298480041028 17.932604044965142 41.506987640179624 22.892323555517404 20.71155887624138 27.480070580531148 50.75577304023838 19.325924796560738 65.07040876926425 15.647231564604825 10.565703704787145 29.73303756513731 14.536933281504645 24.080127891212236 31.452789444952003
38.022536271221014 0.0 23.936456997726825 94.45995487712557 113.01157215957599 55.564846817082845 57.43326695416887 10.258701540669643 71.35010009057372 75.7653041856737 13.282196905573542 11.753237973595475 41.660718787608516 16.99051553224519 29.519682939113817 7.9150491896994275 61.876279460879736 79.32513264777917 60.71832841877726 56.443017406828666 40.08892475498267 55.4231550840254 25.67394458372941 95.99124809921018 104.56206991756329 63.64476497379287 75.92381195215181 48.25134459476706 54.77411608987584 55.806881994375466 22.970052249038588 30.62882780042376 47.51349094540109 47.30783245555096 36.09346810878697 17.347610614994718 10.669598971180275 82.2216069699256 57.173246052347295 101.49745967292577 29.585602401549618 33.00487778180944 12.981194785471514 28.702649783873348 22.906446963606847 69.46759248977007
15.142180911779223 23.936456997726825 0.0 70.6083369003247 89.73193575098203 32.93922847008882 46.25611207233885 13.72504902727427 50.10832660471908 59.43910951237146 18.456337144469238 12.34238703066738 18.474534180452192 19.136651590528174 10.550416398683272 19.9165847462028 41.92581307056961 56.237535714088196 37.745452918024455 32.60727074994931 16.352982752279903 31.487275380794078 9.716641921394503 72.13255425043502 82.14452461369935 41.035255319803845 58.090273372581585 24.469946197894515 33.0138925718299 40.41028803316865 4.333981358715113 21.551533336270538 24.306588426947325 35.34495841508129 17.705282126623896 7.150888608363223 14.185833801930707 59.45761085285217 33.5757455198831 80.18151194243598 7.95856312056877 15.425000704564619 19.13861297929461 6.258573174666431 10.769567954645638 46.239126902342306
56.8321818480309 94.45995487712557 70.6083369003247 0.0 23.26299437706928 45.439674585806195 69.22304142334212 84.20125342434102 35.02821564064276 55.24113912796309 87.35084740329988 82.94957771040544 54.86002866671005 86.29365282467057 68.42546098152204 90.16282072726497 44.2964868636069 29.725205330372738 35.59815738042717 38.01761308774661 55.20205767734833 39.442664817360175 70.50242889670453 1.556269359002139 26.10558683818083 40.40945453298187 49.20741177715125 46.211897373068005 43.67540612207736 58.83207266582419 71.66532564211113 77.69308829364186 49.791461865507 74.05867284985322 65.487987090855 77.15541732975727 84.14247101714312 32.10518909369252 37.51259109251064 34.12253492072772 66.575622910356 64.88248009788767 86.44287779196453 66.81300120656722 75.65662750570414 26.9694381414399
75.00597880277554 113.01157215957599 89.73193575098203 23.26299437706928 0.0 67.93329331871088 77.33919900969038 102.85712591144085 44.87823092849108 58.232591773412274 107.40911577559353 101.94941671666324 75.77409529246668 106.78571854849038 89.13396672304371 109.62854753524884 55.51312448080578 52.78611156746026 52.306103786933924 57.64677230913102 75.49257358470506 60.01756681453256 87.86873345069253 22.32837022254959 14.359257664259419 63.46457174032566 52.830162283753324 65.44322785859318 58.975182772942205 68.74651382109488 90.05308161941629 99.39996011132695 71.22495524809685 96.95863194542409 87.06950266187357 95.7174377732302 102.40915574668028 54.77171559973595 56.20732698155711 24.919509811016535 86.83600669132998 81.32013209924698 103.54957139353826 86.78846372282902 96.12637318378745 43.55439484017999
26.56046602212947 55.564846817082845 32.93922847008882 45.439674585806195 67.93329331871088 0.0 61.10711356990151 45.96244239405637 43.072993060174745 62.70686040494816 45.4124346119842 43.94717239065087 14.530137332837965 43.450319430478196 26.27392556667556 49.41925552588677 41.83441966733285 23.838570140875277 27.850720588065272 18.010404321591025 17.438454514260794 13.711426882766439 38.207718101574955 46.74680426078756 65.02787264734759 8.11707364629621 58.44428949935452 18.697755645165397 31.55757043154077 50.76267062128873 36.03312338641268 32.814095139717274 8.980697706461802 29.372278503983377 21.218641681030764 40.06108349954468 46.92665210544335 26.670558133060947 21.44178814580273 67.35675531481476 26.034693703172554 37.05234948123814 51.96678522510027 27.14575169385061 33.495582453009845 31.0634732768081
37.65354343854295 57.43326695416887 46.25611207233885 69.22304142334212 77.33919900969038 61.10711356990151 0.0 50.9615110892474 34.287722294370795 22.271102876336887 61.35925399023882 52.11069388003318 51.693091976018856 63.56632042826981 55.040726512570025 59.56652008788902 25.334066262198498 74.60357916690563 38.78047070821652 45.384754917001814 48.05666580524503 48.84783740012172 37.03398422069494 70.6151038422736 64.37725811225805 66.32227027059182 25.721284310589287 42.41348195361766 31.241075878382624 11.185154829282206 42.70210645596623 67.59179148527168 53.9549012390128 78.94818155578017 60.13412235164439 46.319041320261476 48.81705117126476 79.01933977622264 42.54458761152672 56.801958533449074 51.31918335063891 30.993796491143993 44.461349170237476 49.65486732697596 57.01180317634185 44.46500772318733
27.85134776792309 10.258701540669643 13.72504902727427 84.20125342434102 102.85712591144085 45.96244239405637 50.9615110892474 0.0 61.704720372700336 67.71040273579942 11.049889616528793 2.568522991860147 31.78297755771864 14.220543789072188 20.528906550851143 8.654962296302815 52.55696477959202 69.5787379737264 50.598204042763086 46.18437155397462 29.995267035024966 45.20261391052012 16.23622604988641 85.73259135349242 94.63679959764663 54.07620048167148 67.36224629829219 37.99309051640618 44.919676390934654 47.836875127996855 12.818427177460077 25.058863067133267 37.65342652562471 41.55419582553333 27.62578650543506 7.139824315828009 2.568522991860147 72.62418342129983 46.934183962253876 91.90037766650784 19.944819889794722 23.75808661645832 9.897855970754064 18.85106414477146 15.017847210374418 59.3032244539617
35.07673306552862 71.35010009057372 50.10832660471908 35.02821564064276 44.87823092849108 43.072993060174745 34.287722294370795 61.704720372700336 0.0 22.59428119497693 68.56454018642235 61.37934174569472 42.30420881062455 68.96386830947137 53.218856235025406 69.5216553598399 10.644186646801606 46.49427727905602 15.524039288983603 25.381434044437565 40.20582661243514 29.63367811682548 45.67706995978833 36.38718496964268 33.90911735145332 44.397376871111376 17.00183539908471 29.494668838058015 17.10934299546481 24.37975846955535 49.14955136385026 65.7773910414284 40.51220685313992 70.08805837905918 54.23724207139923 54.75784691952046 60.71983452626184 50.846627176762205 22.093415267609682 30.19851079680397 49.95731969070757 38.43083165015708 60.489868141815435 49.216489396586866 58.947527564592384 13.962161830474153
46.540040793705394 75.7653041856737 59.43910951237146 55.24113912796309 58.232591773412274 62.70686040494816 22.271102876336887 67.71040273579942 22.59428119497693 0.0 76.91027310729477 68.2443811972603 58.04788792473426 78.34747070473622 65.81023688615156 76.29622752581274 20.945549760222224 69.00939641978586 35.2610153364712 44.760865900042305 55.027573457348346 49.01780101456816 51.901260307434185 56.39005484286675 44.382351979139656 65.4695885049837 6.036613320558204 45.85422849685519 31.6757483417028 19.9599264125689 56.93971690926605 78.90870438716077 58.059960297930644 86.73623751221172 68.9455083136828 61.76875480185923 65.98362651863576 73.38651964073235 41.339191821233165 35.62490864332727 62.117172127631754 44.53713241578782 63.1786945539589 60.83698174120782 69.83302744435557 36.40106679363126
33.552359884532336 13.282196905573542 18.456337144469238 87.35084740329988 107.40911577559353 45.4124346119842 61.35925399023882 11.049889616528793 68.56454018642235 76.91027310729477 0.0 9.334231797006508 32.724610564316635 3.764805778666657 19.311421599282443 5.369615762693691 60.24865606693806 69.2084330898532 55.90060791332356 49.80691663183228 32.15799829174533 47.91508426238756 25.049117224269516 88.83676782219482 100.36319902272876 53.27357616926184 76.01899622904828 41.985385182478836 51.467406928777244 57.306677985591065 20.051205041795768 17.455900909505175 38.291998704004556 34.06194743131559 24.659547798882574 15.228744402404807 13.581425975035415 71.71349533173895 51.24788955838871 98.62082269409424 20.775417883377713 32.37907861096195 20.535086853838813 20.637142650029563 11.968007992723848 64.1652668123452
27.029650726988706 11.753237973595475 12.34238703066738 82.94957771040544 101.94941671666324 43.94717239065087 52.11069388003318 2.568522991860147 61.37934174569472 68.2443811972603 9.334231797006508 0.0 29.925828640470762 12.165362404561401 18.233221342982745 8.203668054078197 52.4859411070877 67.64928602896265 49.79533809262934 44.949326451431126 28.34611723506191 43.76432466398531 16.41317357823746 84.47300383452641 94.02551490150978 52.04912736380013 67.67111579738159 36.80291389049685 44.453552046358546 48.47093147260929 12.233565059821629 22.50843231265921 35.786161778046846 38.98660787224883 25.228804483222593 6.664506808330033 4.936618800056593 70.61765022101962 45.86536359068442 91.57171502655125 17.91676390877957 23.925372174523584 12.341541966494256 16.963059720061157 12.487973995894357 58.41000180962896
14.315044266271395 41.660718787608516 18.474534180452192 54.86002866671005 75.77409529246668 14.530137332837965 51.693091976018856 31.78297755771864 42.30420881062455 58.04788792473426 32.724610564316635 29.925828640470762 0.0 31.450096343886045 13.571667140182154 36.10939761609087 37.520587594397014 37.81492895678338 27.18783239195032 18.645890942545986 3.729385259690116 15.759923966003127 23.97378309903088 56.31873738340162 70.31639769418838 22.587528451437635 54.918515118512076 12.831112502090436 26.716339342744043 42.568080571776804 21.506542462912247 24.145070138847455 5.870572519616333 28.688425051550077 12.04336102968688 25.62052546024083 32.57683369598119 40.984033703656046 21.094167604987398 70.47422390023699 12.181819575240267 23.988291822457114 37.44120755492057 12.962974741409171 20.859382478356732 33.9239507413929
33.892296305135744 16.99051553224519 19.136651590528174 86.29365282467057 106.78571854849038 43.450319430478196 63.56632042826981 14.220543789072188 68.96386830947137 78.34747070473622 3.764805778666657 12.165362404561401 31.450096343886045 0.0 17.878971728248782 9.081017364242655 61.04403755855261 67.12456963068364 55.7783656404379 49.142852294710906 31.30360884096841 46.96262026516591 26.791589775026686 87.75923740989093 100.19635886719136 51.16160748165582 77.18368035280872 41.552619803124074 51.8598907813406 58.96126925522044 21.440301575432 14.006540277163795 36.80148472388959 30.465735595177705 22.368802579789417 17.248664433675547 16.78830665082575 69.46418371687463 50.81060965320487 98.85574996948007 19.954890894220956 33.87076141578542 23.95590580043203 20.15480374536401 10.669598971178859 63.81994255687471
19.291488597257022 29.519682939113817 10.550416398683272 68.42546098152204 89.13396672304371 26.27392556667556 55.040726512570025 20.528906550851143 53.218856235025406 65.81023688615156 19.311421599282443 18.233221342982745 13.571667140182154 17.878971728248782 0.0 23.145348405745075 46.59778408734465 50.11249109996412 39.02642719403548 31.598819806403448 13.740781704821506 29.17019723427026 19.936694095255532 69.88722930707983 83.0969959280501 34.26901673425059 63.64690926740718 24.447669830620814 36.43678866444227 47.90793639696764 14.877823862166967 13.098513653450073 18.997719835896522 24.923642746906125 7.384666951476144 16.170345865726755 22.029591448632758 52.823622550337824 33.56074983171694 82.48858418999254 3.7611654253832194 24.161258168103775 28.39528597793106 5.3954662116572 7.351211508241047 46.60258540412882
34.94177628409082 7.9150491896994275 19.9165847462028 90.16282072726497 109.62854753524884 49.41925552588677 59.56652008788902 8.654962296302815 69.5216553598399 76.29622752581274 5.369615762693691 8.203668054078197 36.10939761609087 9.081017364242655 23.145348405745075 0.0 60.686986321486835 73.25780325230433 57.64591103077548 52.29439993371658 35.077137143931964 50.769945910991794 24.575276159027734 91.67041125843909 101.99239115850384 57.40038198180685 75.82608992706028 44.2573689415485 52.547511513657454 56.453952111425025 20.38015359818285 22.78126663418117 41.8481808726774 39.42212980323594 29.157582177662242 14.867207138541847 10.767314374337277 75.93354007520257 53.43806729877304 99.70335974399235 23.93826047093306 32.10155833067464 16.735518721866377 23.43083335730689 16.038699998469056 66.15443171442828
27.509182677314264 61.876279460879736 41.92581307056961 44.2964868636069 55.51312448080578 41.83441966733285 25.334066262198498 52.55696477959202 10.644186646801606 20.945549760222224 60.24865606693806 52.4859411070877 37.520587594397014 61.04403755855261 46.59778408734465 60.686986321486835 0.0 50.60456498949734 15.03164863075144 23.999484211016195 34.74368882222059 28.195916066148737 36.34170779889958 45.741569238193165 44.404776008640205 45.060154542230535 17.3982109643731 25.040926319136602 10.843327560933238 14.56108727434508 40.377277952769646 59.5756413428417 37.171813844433196 66.14824330986534 48.864910023850385 45.821503235493076 51.35563376429251 55.05015317643533 20.6183659256285 39.8381361790312 43.06464656761923 28.88584137740957 50.53715943911231 42.039678938446144 51.557616362424504 19.203826101982084
46.92258636945873 79.32513264777917 56.237535714088196 29.725205330372738 52.78611156746026 23.838570140875277 74.60357916690563 69.5787379737264 46.49427727905602 69.00939641978586 69.2084330898532 67.64928602896265 37.81492895678338 67.12456963068364 50.11249109996412 73.25780325230433 50.60456498949734 0.0 35.9305411927891 30.110093581848243 40.03714521570248 27.93918574100002 60.14615497160937 30.49547665021251 54.70503659253138 15.963398671247635 63.494898491377405 36.31036216613281 43.45355540419468 63.44344543647206 58.903900130038934 55.61630126595697 31.94993042362262 47.722613203577495 44.76669557693499 63.387410073430296 70.38449683820085 4.445895774027682 32.38348514769595 60.59517805670657 49.74340246771005 57.292768716200214 74.9208976336525 50.7292495575984 57.31976059669636 32.60887153909999
22.770352364403923 60.71832841877726 37.745452918024455 35.59815738042717 52.306103786933924 27.850720588065272 38.78047070821652 50.598204042763086 15.524039288983603 35.2610153364712 55.90060791332356 49.79533809262934 27.18783239195032 55.7783656404379 39.02642719403548 57.64591103077548 15.03164863075144 35.9305411927891 0.0 9.920299536110656 25.505417826701514 14.219264501184188 35.64574560241105 37.15003121856433 44.46318983313297 30.22168210058911 30.67973166392606 14.636636974933214 8.45298232975066 27.596111504721527 37.78134969092551 51.09801844934347 25.017315425486668 54.59089751131415 39.22107919972804 43.46094265602798 50.10446461271275 40.3682886945793 6.57495235601538 43.48701485550814 36.083456000058725 29.478525753338978 51.472563361373645 35.645745602411026 45.35013024271599 8.895699983961338
19.17127576889731 56.443017406828666 32.60727074994931 38.01761308774661 57.64677230913102 18.010404321591025 45.384754917001814 46.18437155397462 25.381434044437565 44.760865900042305 49.80691663183228 44.949326451431126 18.645890942545986 49.142852294710906 31.598819806403448 52.29439993371658 23.999484211016195 30.110093581848243 9.920299536110656 0.0 17.880637065628466 4.311554881068944 33.051423970422455 39.548233105743236 51.67745210859939 21.27952105665462 40.43389390886572 8.212752877786814 14.365558203943795 34.456684460532955 33.70937990684547 42.78530694005974 15.495984501946186 44.93842647716848 30.57691877322988 39.15121514177137 46.16756111242046 34.37198244309004 3.4322612389873033 52.03910642022493 29.19009930894393 28.50154813459345 48.89219960892785 29.170204980067723 38.49087295494098 15.300465561472665
10.591529790143085 40.08892475498267 16.352982752279903 55.20205767734833 75.49257358470506 17.438454514260794 48.05666580524503 29.995267035024966 40.20582661243514 55.027573457348346 32.15799829174533 28.34611723506191 3.729385259690116 31.30360884096841 13.740781704821506 35.077137143931964 34.74368882222059 40.03714521570248 25.505417826701514 17.880637065628466 0.0 15.759923966003138 20.771902661118094 56.69361837475639 69.3699293022212 25.309848099492374 52.119579871443676 10.869681606952504 24.05538722701786 39.09075855390413 18.876360337870572 25.626141533901258 8.461857639111251 31.815910283640964 14.160264731159439 23.459823877835362 30.534838019207353 43.42193904651521 19.841840088920748 68.98593215192865 11.397813329508422 20.33138395083916 34.896122683466636 11.648485104923852 20.637200846444404 32.873754059921644
19.451380230585237 55.4231550840254 31.487275380794078 39.442664817360175 60.01756681453256 13.711426882766439 48.84783740012172 45.20261391052012 29.63367811682548 49.01780101456816 47.91508426238756 43.76432466398531 15.759923966003127 46.96262026516591 29.17019723427026 50.769945910991794 28.195916066148737 27.93918574100002 14.219264501184188 4.311554881068944 15.759923966003138 0.0 33.20097064271602 40.93611014188899 54.82747496394124 17.494500927918295 44.73648933885601 8.443149566281694 18.23312934707281 38.08063470829221 33.1203691643559 39.67465998293324 11.777352710629946 40.9128477486977 27.356234832696483 38.327837260684035 45.422815651456716 32.02169094528557 7.735850140310318 55.71218682382239 27.143887463849065 29.519662653964385 48.76015704224986 27.377995354073096 36.29790041346196 18.860412106959146
13.886405470850349 25.67394458372941 9.716641921394503 70.50242889670453 87.86873345069253 38.207718101574955 37.03398422069494 16.23622604988641 45.67706995978833 51.901260307434185 25.049117224269516 16.41317357823746 23.97378309903088 26.791589775026686 19.936694095255532 24.575276159027734 36.34170779889958 60.14615497160937 35.64574560241105 33.051423970422455 20.771902661118094 33.20097064271602 0.0 72.05521030553379 78.9773855859339 46.002387023404026 51.25861689830749 25.01339722999162 29.19009930894393 32.25982331281718 5.71383814094198 31.224633965494892 29.227417169897574 44.85935653700226 26.655926200693084 9.867723837527349 15.0521853761254 63.78101980406111 33.02089782361346 75.83641332985263 16.72986777950832 7.533305585878167 15.940451379494332 14.870996336312436 20.188467948758163 44.52106665985728
58.3799070842173 95.99124809921018 72.13255425043502 1.556269359002139 22.32837022254959 46.74680426078756 70.6151038422736 85.73259135349242 36.38718496964268 56.39005484286675 88.83676782219482 84.47300383452641 56.31873738340162 87.75923740989093 69.88722930707983 91.67041125843909 45.741569238193165 30.49547665021251 37.15003121856433 39.548233105743236 56.69361837475639 40.93611014188899 72.05521030553379 0.0 26.00881827595578 41.58037447165628 50.36122526672311 47.74585900937082 45.21696714820859 60.26637801340417 73.20529417340995 79.07590718106965 51.21790993576705 75.25870419712466 66.88913916876211 78.69057467950688 85.68149667014134 32.70520188773358 39.06204490035159 34.385783299745896 68.06137983272833 66.43871741181565 87.9956334687683 68.31085897338374 77.12769418228453 28.509915325470228
67.05090845948665 104.56206991756329 82.14452461369935 26.10558683818083 14.359257664259419 65.02787264734759 64.37725811225805 94.63679959764663 33.90911735145332 44.382351979139656 100.36319902272876 94.02551490150978 70.31639769418838 100.19635886719136 83.0969959280501 101.99239115850384 44.404776008640205 54.70503659253138 44.46318983313297 51.67745210859939 69.3699293022212 54.82747496394124 78.9773855859339 26.00881827595578 0.0 62.14773713121852 39.23600928325516 58.71472314407404 49.795432184556034 56.576217995264386 81.86013103009309 94.43310337979041 66.54903354698996 94.39225909349358 82.15721943485556 87.5466047635563 93.89247094638301 57.64112755403271 49.53642937766011 10.730297199894665 80.37310307778668 71.97587194676402 94.19155552253912 80.04299722457691 89.6888333122023 36.49619317900819
33.751624882818334 63.64476497379287 41.035255319803845 40.40945453298187 63.46457174032566 8.11707364629621 66.32227027059182 54.07620048167148 44.397376871111376 65.4695885049837 53.27357616926184 52.04912736380013 22.587528451437635 51.16160748165582 34.26901673425059 57.40038198180685 45.060154542230535 15.963398671247635 30.22168210058911 21.27952105665462 25.309848099492374 17.494500927918295 46.002387023404026 41.58037447165628 62.14773713121852 0.0 60.70730782753012 24.553722888627792 35.62300778358487 55.5738887719793 44.05623753271477 39.82529453652582 16.88092411982145 33.70304892838887 28.80378892908123 48.16489785600294 55.04230509480582 18.576859669373235 24.524563000760786 65.71288075084223 34.142458613560855 44.31654274578847 60.02442999198222 35.26282075490164 41.4173719878421 31.124101754173726
44.386761779916476 75.92381195215181 58.090273372581585 49.20741177715125 52.830162283753324 58.44428949935452 25.721284310589287 67.36224629829219 17.00183539908471 6.036613320558204 76.01899622904828 67.67111579738159 54.918515118512076 77.18368035280872 63.64690926740718 75.82608992706028 17.3982109643731 63.494898491377405 30.67973166392606 40.43389390886572 52.119579871443676 44.73648933885601 51.25861689830749 50.36122526672311 39.23600928325516 60.70730782753012 0.0 42.383369557975556 28.22094068043016 20.713164129363875 55.967803221522054 76.70143108399267 54.41080090287383 83.53289573285149 66.21395107731911 61.07721274116062 65.81425347970578 67.84168167840716 37.002667245268796 31.11752821464702 60.03274030512052 43.75355519940278 63.66056942314005 58.88491183403026 68.18172270637743 30.943108614689315
11.146921629526894 48.25134459476706 24.469946197894515 46.211897373068005 65.44322785859318 18.697755645165397 42.41348195361766 37.99309051640618 29.494668838058015 45.85422849685519 41.985385182478836 36.80291389049685 12.831112502090436 41.552619803124074 24.447669830620814 44.2573689415485 25.040926319136602 36.31036216613281 14.636636974933214 8.212752877786814 10.869681606952504 8.443149566281694 25.01339722999162 47.74585900937082 58.71472314407404 24.553722888627792 42.383369557975556 0.0 14.203918522312723 32.195066436358644 25.4970792242687 36.48082575754704 12.266995144961058 41.17946571528824 24.74795276350692 30.945448992825817 37.955303459899746 40.32066845745469 9.268019107678898 58.1211920414812 21.66250519165396 21.076569655495415 40.76928648118519 21.420482245711227 30.986574584672802 22.270933183477727
17.968958699052152 54.77411608987584 33.0138925718299 43.67540612207736 58.975182772942205 31.55757043154077 31.241075878382624 44.919676390934654 17.10934299546481 31.6757483417028 51.467406928777244 44.453552046358546 26.716339342744043 51.8598907813406 36.43678866444227 52.547511513657454 10.843327560933238 43.45355540419468 8.45298232975066 14.365558203943795 24.05538722701786 18.23312934707281 29.19009930894393 45.21696714820859 49.795432184556034 35.62300778358487 28.22094068043016 14.203918522312723 0.0 20.180687612290807 32.22552794496049 49.24530193560911 26.384283787681284 55.31248405078041 38.21288759860601 37.88315193647998 44.10537864398868 47.84675900298427 11.334422327013753 47.18630115124432 33.051423970422455 22.364803858225518 44.626620050916564 32.21533695117833 41.91402599535452 16.707507389358426
29.233623439287392 55.806881994375466 40.41028803316865 58.83207266582419 68.74651382109488 50.76267062128873 11.185154829282206 47.836875127996855 24.37975846955535 19.9599264125689 57.306677985591065 48.47093147260929 42.568080571776804 58.96126925522044 47.90793639696764 56.453952111425025 14.56108727434508 63.44344543647206 27.596111504721527 34.456684460532955 39.09075855390413 38.08063470829221 32.25982331281718 60.26637801340417 56.576217995264386 55.5738887719793 20.713164129363875 32.195066436358644 20.180687612290807 0.0 37.52983788471935 60.883880377424525 44.14252667106277 70.69148950207818 52.12379932023053 42.093990839137234 46.05908208379413 67.8646606451528 31.513677972026418 50.22880303740076 44.148340660095776 25.115160928988445 43.26522059283591 42.665002808940756 51.06473162370302 33.458313006992114
15.052948799337848 22.970052249038588 4.333981358715113 71.66532564211113 90.05308161941629 36.03312338641268 42.70210645596623 12.818427177460077 49.14955136385026 56.93971690926605 20.051205041795768 12.233565059821629 21.506542462912247 21.440301575432 14.877823862166967 20.38015359818285 40.377277952769646 58.903900130038934 37.78134969092551 33.70937990684547 18.876360337870572 33.1203691643559 5.71383814094198 73.20529417340995 81.86013103009309 44.05623753271477 55.967803221522054 25.4970792242687 32.22552794496049 37.52983788471935 0.0 25.5839165775597 27.187747447325417 39.67056752644242 21.970259735236514 5.690452784629573 12.480906870934787 62.29220018023117 34.25444549835993 79.33955522513774 12.107328754007437 12.430570617472544 16.019868442780233 10.310470399776202 14.482224695627611 46.50283856895806
32.38298480041028 30.62882780042376 21.551533336270538 77.69308829364186 99.39996011132695 32.814095139717274 67.59179148527168 25.058863067133267 65.7773910414284 78.90870438716077 17.455900909505175 22.50843231265921 24.145070138847455 14.006540277163795 13.098513653450073 22.78126663418117 59.5756413428417 55.61630126595697 51.09801844934347 42.78530694005974 25.626141533901258 39.67465998293324 31.224633965494892 79.07590718106965 94.43310337979041 39.82529453652582 76.70143108399267 36.48082575754704 49.24530193560911 60.883880377424525 25.5839165775597 0.0 28.180948335479677 16.729091327846326 12.342873333653179 24.266486705812465 27.3965219536966 57.47573289338125 45.19507472826772 94.53579392715476 16.811248568238035 36.59860008696527 34.75564222308249 18.220607266979208 11.32445940424064 58.06902076483074
17.932604044965142 47.51349094540109 24.306588426947325 49.791461865507 71.22495524809685 8.980697706461802 53.9549012390128 37.65342652562471 40.51220685313992 58.059960297930644 38.291998704004556 35.786161778046846 5.870572519616333 36.80148472388959 18.997719835896522 41.8481808726774 37.171813844433196 31.94993042362262 25.017315425486668 15.495984501946186 8.461857639111251 11.777352710629946 29.227417169897574 51.21790993576705 66.54903354698996 16.88092411982145 54.41080090287383 12.266995144961058 26.384283787681284 44.14252667106277 27.187747447325417 28.180948335479677 0.0 29.576540214703165 15.844716242992194 31.457085511622044 38.435611762040075 35.16211683969335 18.51422972532333 67.45319666919178 17.977393722712087 28.284059723997736 43.17920061077838 18.826187236074645 26.347457846839433 30.611241329006464
41.506987640179624 47.30783245555096 35.34495841508129 74.05867284985322 96.95863194542409 29.372278503983377 78.94818155578017 41.55419582553333 70.08805837905918 86.73623751221172 34.06194743131559 38.98660787224883 28.688425051550077 30.465735595177705 24.923642746906125 39.42212980323594 66.14824330986534 47.722613203577495 54.59089751131415 44.93842647716848 31.815910283640964 40.9128477486977 44.85935653700226 75.25870419712466 94.39225909349358 33.70304892838887 83.53289573285149 41.17946571528824 55.31248405078041 70.69148950207818 39.67056752644242 16.729091327846326 29.576540214703165 0.0 18.83855362487614 39.741535601538004 43.78417304925664 48.40493103514632 48.066014984773226 96.37420552454212 28.30534151622945 48.632263776090305 51.03268020833449 30.13573446254134 26.931976324213924 59.63425217053209
22.892323555517404 36.09346810878697 17.705282126623896 65.487987090855 87.06950266187357 21.218641681030764 60.13412235164439 27.62578650543506 54.23724207139923 68.9455083136828 24.659547798882574 25.228804483222593 12.04336102968688 22.368802579789417 7.384666951476144 29.157582177662242 48.864910023850385 44.76669557693499 39.22107919972804 30.57691877322988 14.160264731159439 27.356234832696483 26.655926200693084 66.88913916876211 82.15721943485556 28.80378892908123 66.21395107731911 24.74795276350692 38.21288759860601 52.12379932023053 21.970259735236514 12.342873333653179 15.844716242992194 18.83855362487614 0.0 23.5544795091659 29.270667585865354 47.11007178233637 33.126383718623416 82.50664514300712 9.940453361416937 29.848231573030226 35.76272437528653 11.795493510020728 13.200080313014741 45.877290824994205
20.71155887624138 17.347610614994718 7.150888608363223 77.15541732975727 95.7174377732302 40.06108349954468 46.319041320261476 7.139824315828009 54.75784691952046 61.76875480185923 15.228744402404807 6.664506808330033 25.62052546024083 17.248664433675547 16.170345865726755 14.867207138541847 45.821503235493076 63.387410073430296 43.46094265602798 39.15121514177137 23.459823877835362 38.327837260684035 9.867723837527349 78.69057467950688 87.5466047635563 48.16489785600294 61.07721274116062 30.945448992825817 37.88315193647998 42.093990839137234 5.690452784629573 24.266486705812465 31.457085511622044 39.741535601538004 23.5544795091659 0.0 7.107671133826538 66.60455908895469 39.82638304128227 84.95505112102718 14.530412020242025 17.3247798425457 12.297316645400375 13.073423127846663 12.999758773268955 52.1637011781477
27.480070580531148 10.669598971180275 14.185833801930707 84.14247101714312 102.40915574668028 46.92665210544335 48.81705117126476 2.568522991860147 60.71983452626184 65.98362651863576 13.581425975035415 4.936618800056593 32.57683369598119 16.78830665082575 22.029591448632758 10.767314374337277 51.35563376429251 70.38449683820085 50.10446461271275 46.16756111242046 30.534838019207353 45.422815651456716 15.0521853761254 85.68149667014134 93.89247094638301 55.04230509480582 65.81425347970578 37.955303459899746 44.10537864398868 46.05908208379413 12.480906870934787 27.3965219536966 38.435611762040075 43.78417304925664 29.270667585865354 7.107671133826538 0.0 73.53780655308785 46.73147388594927 90.8872470558451 21.05622131085839 22.472136439782215 7.404927480992535 19.79258381146456 17.03514757411766 58.885009645390376
50.75577304023838 82.2216069699256 59.45761085285217 32.10518909369252 54.77171559973595 26.670558133060947 79.01933977622264 72.62418342129983 50.846627176762205 73.38651964073235 71.71349533173895 70.61765022101962 40.984033703656046 69.46418371687463 52.823622550337824 75.93354007520257 55.05015317643533 4.445895774027682 40.3682886945793 34.37198244309004 43.42193904651521 32.02169094528557 63.78101980406111 32.70520188773358 57.64112755403271 18.576859669373235 67.84168167840716 40.32066845745469 47.84675900298427 67.8646606451528 62.29220018023117 57.47573289338125 35.16211683969335 48.40493103514632 47.11007178233637 66.60455908895469 73.53780655308785 0.0 36.7292530224545 63.994744010144636 52.70477886189598 61.19967889311455 78.30770437411468 53.78829344495022 59.92178012128494 36.993252481097805
19.325924796560738 57.173246052347295 33.5757455198831 37.51259109251064 56.20732698155711 21.44178814580273 42.54458761152672 46.934183962253876 22.093415267609682 41.339191821233165 51.24788955838871 45.86536359068442 21.094167604987398 50.81060965320487 33.56074983171694 53.43806729877304 20.6183659256285 32.38348514769595 6.57495235601538 3.4322612389873033 19.841840088920748 7.735850140310318 33.02089782361346 39.06204490035159 49.53642937766011 24.524563000760786 37.002667245268796 9.268019107678898 11.334422327013753 31.513677972026418 34.25444549835993 45.19507472826772 18.51422972532333 48.066014984773226 33.126383718623416 39.82638304128227 46.73147388594927 36.7292530224545 0.0 49.38097185298081 30.894750689413666 27.828559538824564 48.95575824329281 30.687281445000533 40.22389671185461 13.04601385986859
65.07040876926425 101.49745967292577 80.18151194243598 34.12253492072772 24.919509811016535 67.35675531481476 56.801958533449074 91.90037766650784 30.19851079680397 35.62490864332727 98.62082269409424 91.57171502655125 70.47422390023699 98.85574996948007 82.48858418999254 99.70335974399235 39.8381361790312 60.59517805670657 43.48701485550814 52.03910642022493 68.98593215192865 55.71218682382239 75.83641332985263 34.385783299745896 10.730297199894665 65.71288075084223 31.11752821464702 58.1211920414812 47.18630115124432 50.22880303740076 79.33955522513774 94.53579392715476 67.45319666919178 96.37420552454212 82.50664514300712 84.95505112102718 90.8872470558451 63.994744010144636 49.38097185298081 0.0 79.44772511351776 68.51791544835113 90.37049332849318 78.87596048686254 88.62493125895034 36.8517871859711
15.647231564604825 29.585602401549618 7.95856312056877 66.575622910356 86.83600669132998 26.034693703172554 51.31918335063891 19.944819889794722 49.95731969070757 62.117172127631754 20.775417883377713 17.91676390877957 12.181819575240267 19.954890894220956 3.7611654253832194 23.93826047093306 43.06464656761923 49.74340246771005 36.083456000058725 29.19009930894393 11.397813329508422 27.143887463849065 16.72986777950832 68.06137983272833 80.37310307778668 34.142458613560855 60.03274030512052 21.66250519165396 33.051423970422455 44.148340660095776 12.107328754007437 16.811248568238035 17.977393722712087 28.30534151622945 9.940453361416937 14.530412020242025 21.05622131085839 52.70477886189598 30.894750689413666 79.44772511351776 0.0 20.500699331678774 26.807840687382132 1.8588758180328115 9.329446936809093 43.9280805375878
10.565703704787145 33.00487778180944 15.425000704564619 64.88248009788767 81.32013209924698 37.05234948123814 30.993796491143993 23.75808661645832 38.43083165015708 44.53713241578782 32.37907861096195 23.925372174523584 23.988291822457114 33.87076141578542 24.161258168103775 32.10155833067464 28.88584137740957 57.292768716200214 29.478525753338978 28.50154813459345 20.33138395083916 29.519662653964385 7.533305585878167 66.43871741181565 71.97587194676402 44.31654274578847 43.75355519940278 21.076569655495415 22.364803858225518 25.115160928988445 12.430570617472544 36.59860008696527 28.284059723997736 48.632263776090305 29.848231573030226 17.3247798425457 22.472136439782215 61.19967889311455 27.828559538824564 68.51791544835113 20.500699331678774 0.0 22.266620457447296 18.76671073824708 26.182210986506764 38.36277845567947
29.73303756513731 12.981194785471514 19.13861297929461 86.44287779196453 103.54957139353826 51.96678522510027 44.461349170237476 9.897855970754064 60.489868141815435 63.1786945539589 20.535086853838813 12.341541966494256 37.44120755492057 23.95590580043203 28.39528597793106 16.735518721866377 50.53715943911231 74.9208976336525 51.472563361373645 48.89219960892785 34.896122683466636 48.76015704224986 15.940451379494332 87.9956334687683 94.19155552253912 60.02442999198222 63.66056942314005 40.76928648118519 44.626620050916564 43.26522059283591 16.019868442780233 34.75564222308249 43.17920061077838 51.03268020833449 35.76272437528653 12.297316645400375 7.404927480992535 78.30770437411468 48.95575824329281 90.37049332849318 26.807840687382132 22.266620457447296 0.0 25.288591482414283 24.14741135335025 60.36454474387239
14.536933281504645 28.702649783873348 6.258573174666431 66.81300120656722 86.78846372282902 27.14575169385061 49.65486732697596 18.85106414477146 49.216489396586866 60.83698174120782 20.637142650029563 16.963059720061157 12.962974741409171 20.15480374536401 5.3954662116572 23.43083335730689 42.039678938446144 50.7292495575984 35.645745602411026 29.170204980067723 11.648485104923852 27.377995354073096 14.870996336312436 68.31085897338374 80.04299722457691 35.26282075490164 58.88491183403026 21.420482245711227 32.21533695117833 42.665002808940756 10.310470399776202 18.220607266979208 18.826187236074645 30.13573446254134 11.795493510020728 13.073423127846663 19.79258381146456 53.78829344495022 30.687281445000533 78.87596048686254 1.8588758180328115 18.76671073824708 25.288591482414283 0.0 9.750933767167291 43.675291261841636
24.080127891212236 22.906446963606847 10.769567954645638 75.65662750570414 96.12637318378745 33.495582453009845 57.01180317634185 15.017847210374418 58.947527564592384 69.83302744435557 11.968007992723848 12.487973995894357 20.859382478356732 10.669598971178859 7.351211508241047 16.038699998469056 51.557616362424504 57.31976059669636 45.35013024271599 38.49087295494098 20.637200846444404 36.29790041346196 20.188467948758163 77.12769418228453 89.6888333122023 41.4173719878421 68.18172270637743 30.986574584672802 41.91402599535452 51.06473162370302 14.482224695627611 11.32445940424064 26.347457846839433 26.931976324213924 13.200080313014741 12.999758773268955 17.03514757411766 59.92178012128494 40.22389671185461 88.62493125895034 9.329446936809093 26.182210986506764 24.14741135335025 9.750933767167291 0.0 53.255165521020274
31.452789444952003 69.46759248977007 46.239126902342306 26.9694381414399 43.55439484017999 31.0634732768081 44.46500772318733 59.3032244539617 13.962161830474153 36.40106679363126 64.1652668123452 58.41000180962896 33.9239507413929 63.81994255687471 46.60258540412882 66.15443171442828 19.203826101982084 32.60887153909999 8.895699983961338 15.300465561472665 32.873754059921644 18.860412106959146 44.52106665985728 28.509915325470228 36.49619317900819 31.124101754173726 30.943108614689315 22.270933183477727 16.707507389358426 33.458313006992114 46.50283856895806 58.06902076483074 30.611241329006464 59.63425217053209 45.877290824994205 52.1637011781477 58.885009645390376 36.993252481097805 13.04601385986859 36.8517871859711 43.9280805375878 38.36277845567947 60.36454474387239 43.675291261841636 53.255165521020274 0.0
