0.0 25.91345418237639 79.67583515528115 3.782133933185943 18.601008033805197 13.111301285813589 8.740870103563251 15.982237345867013 37.99658241336938 23.52529685993845 18.493971550045053 24.530999556821563 27.89817474479413 48.37282491002808 16.423298060530783 25.84141900402905 29.09536473743035 64.08921400429844 19.329323750385065 18.460669908874824 11.30631361600361 17.97467615955495 69.36919874941738 15.8727154898451 36.487690571976714 11.753002688240842 14.97278234166719 8.000300952261586 39.292013170629694 13.746450908221068 13.203017999769838 33.45450960965528 38.71249170715867 32.155269571551585 28.997604990387547 20.696859361598168 38.112150103386 17.459027534037787 21.74721946246277 25.78424273108702 27.852298318330032 26.609844727196823 47.07403743715536 27.74792922623572 37.17525513689158 16.2500860654575
25.91345418237639 0.0 53.79653293674135 26.847760309140742 10.742940441122412 19.15986505194474 32.65595464810818 41.89567662362019 56.26280494005128 5.824888659215911 18.197189582788102 1.4424383678984656 2.224316653802099 69.09223041489639 41.22832254101803 1.8968912986096291 28.554440559424968 39.504231526805526 33.09956933506433 14.9374385596521 36.455997309680804 43.66954892658485 43.45920398938371 28.168984871253798 49.11576339549504 37.58616659705291 23.069188858756593 17.913170386045696 51.35036092832454 14.344150730695436 15.302067382084445 55.401340706817244 13.858414382681193 57.75714184917854 48.574101103995616 5.9932870253346096 38.5341212152234 28.698377945034906 35.05487013524928 8.703263494716394 50.60715209497871 39.14177362953361 61.200845416725876 49.8758330341224 59.60978044091878 14.089723489829899
79.67583515528115 53.79653293674135 0.0 80.59181075295412 62.28130739896023 70.66888766351023 86.283441523459 95.64523447672605 103.93405246672425 57.24286246857316 68.41959306501043 55.20545353224555 51.91319157265335 117.77362090766255 94.32975530125908 53.85288720998639 72.17418057240964 25.99128885564499 82.14076543569146 64.76558860010358 89.83761096899768 97.46096601764285 10.53351563447147 79.41203635213148 93.26376414268506 91.37889280661528 73.25882191698494 71.68281254380057 94.49085880083031 67.54527115233965 67.85096020322824 106.034768706309 41.55407475177336 111.11275861401869 98.13405909745232 59.080580448671725 77.97163966954253 77.89885690130725 83.27479304464316 55.525627895553285 102.11045692713914 85.71470637137814 104.42204419791332 101.01452586395732 110.36657398144062 66.33962403808069
3.782133933185943 26.847760309140742 80.59181075295412 0.0 20.799733443281557 16.377367583971946 6.0122043581126 15.759516668756198 40.86445353475451 23.692134581718417 16.656869369299944 25.420722547677126 28.67931484921406 50.639764361481994 17.880675024088415 27.036310685927614 26.22120940124566 63.93437583972144 23.028112610638516 21.291827809064355 12.818697130150708 16.930530675922448 70.1906522242857 12.368507058771897 40.00140612845706 11.155037691860715 18.612240266047763 9.44534686927795 42.81697896832845 13.415897170718436 15.767359433136283 35.61419708053535 40.15807918703621 32.48573815274922 31.802028538131736 22.13529660950337 34.85820025029145 21.2410099785069 25.425427969493054 27.850684270152012 29.881354904376803 30.253131593250604 50.357609038163716 29.978353709200917 39.12679721466081 15.461404780502566
18.601008033805197 10.742940441122412 62.28130739896023 20.799733443281557 0.0 8.676628165040157 26.793384431959144 34.02109015319458 45.53565990337824 12.86338721742047 20.001254593483463 9.9582923731014 12.94084981739639 58.46595720185765 32.054345477202354 9.580502902673443 32.53137935974619 49.99643427798033 22.365896494213526 4.447306054007913 27.68027391888346 36.462556338158755 52.26516580142696 26.763421003879266 38.536417224463634 30.18078545904631 12.347655040781548 11.459372528892082 40.848899697711936 12.89591173023901 5.6402630027907605 45.0285965039081 20.761879057584444 48.864910023850385 37.96815212075669 5.018356191670036 42.922421023804105 17.957073112791647 24.312728754496135 7.199583995875328 40.4655393475177 28.452263923146457 50.598241231197896 39.60857747835769 49.28753889207521 14.769646115435252
13.111301285813589 19.15986505194474 70.66888766351023 16.377367583971946 8.676628165040157 0.0 21.852148172176108 26.843737590642725 37.24266406387332 19.926421440884358 22.689172192404815 18.174825203729267 21.38368084769347 49.93408299118723 23.90220434288358 18.1822288121067 35.36497734892233 58.603442808058816 14.226131961573223 6.133592117583019 19.92951762022949 29.77227727840214 60.76387837562364 25.901422560566584 31.341481075998026 23.554397159823782 4.446558668496364 9.412805687592442 33.85744382136982 15.166992025311364 4.313318699308854 36.35917094885709 29.11976521204197 40.738634950318 29.414769891841747 13.179883162489071 45.5212664055244 10.036064907513824 16.407424682942274 15.153402617621582 31.80172549498928 20.963401275857287 43.22110140838244 30.93221949355552 40.61297296202492 17.933529668445583
8.740870103563251 32.65595464810818 86.283441523459 6.0122043581126 26.793384431959144 21.852148172176108 0.0 11.650864381538591 40.87342493665465 29.15017393680721 20.46495504464332 31.21960158224587 34.41534907825802 49.25541406481107 16.089020058043022 32.931163303874804 27.74095732506758 68.92037552126185 26.039362362664995 27.09433972774706 11.77776261896036 11.7491648205443 75.84315327380293 12.818785507799037 41.874483642318644 7.140361532209118 23.478561675815698 15.456720926042065 44.701079442469904 18.795098460246358 21.664665858653272 34.253179266992845 46.09380020998943 28.397921787014937 31.84558984551131 28.103349876516614 35.10291952201722 25.12704991323412 28.26519471259122 33.86084761752489 28.42968531921727 32.81912879111895 51.348621550444705 28.89533767479532 37.32029229582838 20.433348020051973
15.982237345867013 41.89567662362019 95.64523447672605 15.759516668756198 34.02109015319458 26.843737590642725 11.650864381538591 0.0 32.39804760416911 39.290136579352875 31.922549741892386 40.512206853139986 43.87396796318765 38.81419653644456 7.543797792742334 41.79588457534857 39.20184607287173 79.67851918357205 24.430817763512604 32.89947721370606 7.503458963320275 3.9969400005066498 85.35003840110633 24.256875135107084 36.49984895260817 4.6588724544361195 26.51552671015886 23.982506415232145 39.20710165014016 29.128967243203785 28.40201883345662 24.18263436267214 54.531960634678036 16.836181752003554 23.92746977527724 36.60381374389699 45.87122634389345 25.563414709122792 25.982996017342664 41.19776027762361 18.526767730175493 29.46178435354148 44.042272323647175 19.470688227135604 26.666730605810248 31.217186514239536
37.99658241336938 56.26280494005128 103.93405246672425 40.86445353475451 45.53565990337824 37.24266406387332 40.87342493665465 32.39804760416911 0.0 57.027119305085066 56.16276643260031 55.36559502918409 58.47157157129554 13.923986199237966 25.324486535933854 55.08580526413083 67.04211875560135 95.32533474816542 23.17185297773314 41.60242244702396 29.095665218197777 35.86497949038544 94.91776860009611 52.960797208997896 12.843825230670175 34.8769662866676 33.19374988148832 42.79144103174356 13.66995144458678 49.93125081397822 41.423995786093286 10.513454207152224 63.821882843171544 27.83587288613484 9.079091829816173 50.34828887599164 75.59274766424595 27.600242087718325 21.36882425286475 50.44114068284627 14.4770584647324 18.23452533122308 12.487973995894357 13.102380502664401 12.36096240836076 52.81675562867999
23.52529685993845 5.824888659215911 57.24286246857316 23.692134581718417 12.86338721742047 19.926421440884358 29.15017393680721 39.290136579352875 57.027119305085066 0.0 12.632566258936675 4.883723902779856 6.318084871732067 69.30021182977512 39.63396035541198 7.465806623772391 22.75304299999948 40.58581224211904 34.148433485564574 17.303982659607385 34.63646719973331 40.61048497567039 46.760231990570304 23.0732086720303 51.053857159846736 34.78185171020657 24.25715552018868 15.80756126727792 53.46043024089518 10.35515630700377 15.648745157730973 55.08149913609398 19.05280502083835 55.68022360437212 48.852847384352025 8.04699322380274 32.8050916977566 29.933693909394037 36.32500451863295 13.65556126230495 49.952808149753864 40.779295042361206 63.03897329121549 49.424420263657915 59.164135977018915 9.204969681956877
18.493971550045053 18.197189582788102 68.41959306501043 16.656869369299944 20.001254593483463 22.689172192404815 20.46495504464332 31.922549741892386 56.16276643260031 12.632566258936675 0.0 16.955509853813417 18.950637133916647 66.86571120555286 34.50640089983539 19.50038310886866 12.762188294010398 49.014940214631025 35.25205593213749 23.51438082231915 29.403684932226053 32.164891092183495 57.88625021060556 10.99259381772982 52.97823095923148 27.270835523705333 26.927805948551665 13.989739532996158 55.66438020708077 7.585647122901794 18.954517935033486 51.94033189115438 31.68128602191009 48.75743850312625 47.28040439336097 17.26678024337044 23.08974535905912 31.878156746108072 37.697839330406666 24.26090493902293 46.30215589385191 42.59715228343158 64.33169156117917 46.239133427451364 55.607594069960264 5.232006965585719
24.530999556821563 1.4424383678984656 55.20545353224555 25.420722547677126 9.9582923731014 18.174825203729267 31.21960158224587 40.512206853139986 55.36559502918409 4.883723902779856 16.955509853813417 0.0 3.4117984858661092 68.09785968910225 39.942985644241155 2.608106253509697 27.614769325012166 40.62329555294196 32.22746581204691 14.281146171735491 35.14042239626021 42.256318657696056 44.85444129582029 26.798318121750352 48.469127822120605 36.185775292609776 22.19199460205735 16.53263215621681 50.74815028227829 12.910734257598833 14.207954062738215 54.307435614932295 15.273582599033023 56.429554425626186 47.577250465502054 5.0184617641748295 37.68867136184227 27.853381770028353 34.23396468105594 8.959549703058945 49.45680626630716 38.41055629624785 60.541047280182106 48.75622530935957 58.4985247200108 12.72396906044582
27.89817474479413 2.224316653802099 51.91319157265335 28.67931484921406 12.94084981739639 21.38368084769347 34.41534907825802 43.87396796318765 58.47157157129554 6.318084871732067 18.950637133916647 3.4117984858661092 0.0 71.31531600629593 43.3546636633504 3.6114742401957765 28.552181511685433 37.28646236894346 35.3048417953601 17.08284678712029 38.549788093017995 45.55739738477748 41.52996710597518 29.28787741333937 51.229253509845506 39.51983773855988 25.27811402938879 19.90643343291279 53.43894805598847 15.86218571834251 17.518467445966085 57.6208115784212 12.74063268469439 59.83482386384259 50.79757037266621 8.216729020171622 38.31536994463846 30.897742694985713 37.245540815969385 10.235925253006707 52.81354739074955 41.29827812578208 63.31852621165023 52.090392614415535 61.82631642092754 15.265707313732687
48.37282491002808 69.09223041489639 117.77362090766255 50.639764361481994 58.46595720185765 49.93408299118723 49.25541406481107 38.81419653644456 13.923986199237966 69.30021182977512 66.86571120555286 68.09785968910225 71.31531600629593 0.0 33.19081572593484 68.04581073582645 76.68055259601911 108.44894321932902 36.317970530913676 54.75506401219436 37.94769163424744 41.4141875608222 108.66212394954637 61.974811547601 26.130479354041203 42.430219425421804 46.16125482767558 54.28687718315735 26.183703787279658 61.326772859364354 53.941149939367 15.051826699274184 77.38787566707893 27.865389027856892 20.520670283244044 63.113508732119605 84.33589446660756 40.755910179940734 34.78377701953979 63.79740122257247 20.857943017271054 32.064499910759224 19.94337605382079 20.664871717125838 12.173060396138304 64.1261214115739
16.423298060530783 41.22832254101803 94.32975530125908 17.880675024088415 32.054345477202354 23.90220434288358 16.089020058043022 7.543797792742334 25.324486535933854 39.63396035541198 34.50640089983539 39.942985644241155 43.3546636633504 33.19081572593484 0.0 40.788740218756566 43.551637750444 80.1941070317367 18.088398349823606 30.01218053035739 5.132248573472868 11.46636372808913 84.25471496796462 28.78570678054273 28.965184529750893 9.58333035130886 22.40760950601999 23.826667206754845 31.6655970673533 30.153669028708528 26.48267235380563 18.16780410571097 52.81272297578569 16.841611543749462 16.590194763981547 35.49358115908187 51.191925999351014 20.109167815647616 19.283469646074057 38.97480143321613 12.344431536573918 22.306910958877722 36.666145860058016 12.84900736850599 21.375179491427293 32.668615400476426
25.84141900402905 1.8968912986096291 53.85288720998639 27.036310685927614 9.580502902673443 18.1822288121067 32.931163303874804 41.79588457534857 55.08580526413083 7.465806623772391 19.50038310886866 2.608106253509697 3.6114742401957765 68.04581073582645 40.788740218756566 0.0 30.21346824941325 40.427479507181815 31.914626064772253 13.57271188851775 36.11276276911805 43.72684776951499 43.60264676420238 29.150793210942364 47.661616366150795 37.57591101939999 21.9179387486284 17.870737775694426 49.85378382561029 15.036748982798033 14.538615986315612 54.52632244759388 13.214836247394706 57.4289569980182 47.54446029009406 5.295196487215322 40.2624746574968 27.488140176912893 33.80253400115771 6.820798693443418 49.84228537718221 37.78179683504682 59.75299321437071 49.05234688895647 58.763362601565504 15.11813597687763
29.09536473743035 28.554440559424968 72.17418057240964 26.22120940124566 32.53137935974619 35.36497734892233 27.74095732506758 39.20184607287173 67.04211875560135 22.75304299999948 12.762188294010398 27.614769325012166 28.552181511685433 76.68055259601911 43.551637750444 30.21346824941325 0.0 49.53719965814272 47.333859519868334 36.21858648017305 38.73543619585053 38.21520971141872 61.83755461778705 14.950625118284712 65.0091780040866 34.85964619989469 39.51728189223793 26.34980894735211 67.7504983218899 20.344072118271544 31.710180681941242 61.62872648077417 40.53947273019976 55.46379357074173 57.998570839722206 29.218449256501085 10.391042045143921 44.2431125928234 49.80141789574579 35.94937684485668 55.8320823240625 54.73620748736222 76.0281694997529 56.07242294063296 64.92082456173775 17.893088642187134
64.08921400429844 39.504231526805526 25.99128885564499 63.93437583972144 49.99643427798033 58.603442808058816 68.92037552126185 79.67851918357205 95.32533474816542 40.58581224211904 49.014940214631025 40.62329555294196 37.28646236894346 108.44894321932902 80.1941070317367 40.427479507181815 49.53719965814272 0.0 72.20771718203697 53.73959796648476 75.21888442961856 80.63573449878766 18.256059714233157 59.59071002468639 86.88712635631921 75.08932870749265 62.28879410526998 56.37609780183224 88.76931157644428 50.55313755277782 54.80492970057632 94.90497023236082 32.72618693463889 96.22610356176325 87.96327230370827 45.49299049939696 53.712478929948546 67.76283110304803 73.96018081117063 44.974372563645495 90.0775559155826 77.58441165562321 98.87684796271078 89.37510822204564 99.1126634769984 48.53856452601132
19.329323750385065 33.09956933506433 82.14076543569146 23.028112610638516 22.365896494213526 14.226131961573223 26.039362362664995 24.430817763512604 23.17185297773314 34.148433485564574 35.25205593213749 32.22746581204691 35.3048417953601 36.317970530913676 18.088398349823606 31.914626064772253 47.333859519868334 72.20771718203697 0.0 18.468849960248978 17.172526907966247 28.326370011076357 72.705613849913 35.15098088272513 17.72691842872541 23.512866952398955 10.035884563890596 21.276093160265454 20.431704129961034 28.22150675429014 18.50447877422874 23.924466053694516 41.19090886484634 33.005464062628434 16.058148490139814 27.20925131037152 56.94292174823244 4.4456088093509125 2.4697946162489877 27.48514363799645 20.579154483720625 7.408285610589919 29.256939932455154 19.213684079559943 28.254453703940992 31.127789693093817
18.460669908874824 14.9374385596521 64.76558860010358 21.291827809064355 4.447306054007913 6.133592117583019 27.09433972774706 32.89947721370606 41.60242244702396 17.303982659607385 23.51438082231915 14.281146171735491 17.08284678712029 54.75506401219436 30.01218053035739 13.57271188851775 36.21858648017305 53.73959796648476 18.468849960248978 0.0 26.057100882733728 35.71705562147927 54.97033849589542 29.043756065543263 34.19367661799752 29.458058916077558 8.674747538822597 12.683471470382363 36.46801122928346 16.067953971753592 5.669911882095012 41.70923992473865 23.280490005555198 46.8389475705811 34.342799131670155 9.43560682172322 46.588618795677455 14.023521949685218 20.264612135989783 9.288175020772085 37.43306003322046 24.216489421285228 46.27244834451931 36.442370273585084 46.01101821047858 18.32693924934015
11.30631361600361 36.455997309680804 89.83761096899768 12.818697130150708 27.68027391888346 19.92951762022949 11.77776261896036 7.503458963320275 29.095665218197777 34.63646719973331 29.403684932226053 35.14042239626021 38.549788093017995 37.94769163424744 5.132248573472868 36.11276276911805 38.73543619585053 75.21888442961856 17.172526907966247 26.057100882733728 0.0 11.229229810698216 79.68129279448492 24.13669174816233 30.874548606671464 6.638582041788458 19.169753908455792 18.84779053180773 33.67134117137924 25.04862480342271 22.0494446858013 22.89677247862603 48.415857095897884 21.316298932549454 20.07478810019631 30.82822774922649 46.702707027684006 18.069199100675654 18.91562143505472 34.74353826076433 17.11648990144078 22.804739458383793 39.74012527659645 17.35150472372742 26.318344128911246 27.543085990080282
17.97467615955495 43.66954892658485 97.46096601764285 16.930530675922448 36.462556338158755 29.77227727840214 11.7491648205443 3.9969400005066498 35.86497949038544 40.61048497567039 32.164891092183495 42.256318657696056 45.55739738477748 41.4141875608222 11.46636372808913 43.72684776951499 38.21520971141872 80.63573449878766 28.326370011076357 35.71705562147927 11.229229810698216 0.0 87.08627293509244 23.44565669317013 40.42848879434601 6.286753335734458 29.835104132217847 25.862912530584154 43.11918141396143 30.29141838324941 30.917308464223602 27.155628576024082 56.67961904474694 17.251245923262754 27.606044845113537 38.644082189987046 44.14102725722387 29.26466136688299 29.931657660568362 43.662127753942904 21.69212056769027 33.455865837274054 47.70254927798971 22.810476066905025 29.245295769198442 32.107677585140664
69.36919874941738 43.45920398938371 10.53351563447147 70.1906522242857 52.26516580142696 60.76387837562364 75.84315327380293 85.35003840110633 94.91776860009611 46.760231990570304 57.88625021060556 44.85444129582029 41.52996710597518 108.66212394954637 84.25471496796462 43.60264676420238 61.83755461778705 18.256059714233157 72.705613849913 54.97033849589542 79.68129279448492 87.08627293509244 0.0 68.87874288500366 84.7089744577542 81.03989810524311 63.55727577975885 61.36946613984529 86.11128288422853 57.08127253014562 57.77974258907819 96.50490512646189 31.690067692499397 100.9866321768249 88.75442636253418 48.865324798858595 67.95896862463661 68.3901106168776 73.97302082160697 45.68699941413479 92.39834858305439 76.68681347620442 96.15488479298874 91.36799176595476 100.83063292502 55.833369416663615
15.8727154898451 28.168984871253798 79.41203635213148 12.368507058771897 26.763421003879266 25.901422560566584 12.818785507799037 24.256875135107084 52.960797208997896 23.0732086720303 10.99259381772982 26.798318121750352 29.28787741333937 61.974811547601 28.78570678054273 29.150793210942364 14.950625118284712 59.59071002468639 35.15098088272513 29.043756065543263 24.13669174816233 23.44565669317013 68.87874288500366 0.0 52.34073766663829 19.9165847462028 29.251003084666138 16.621004242924297 55.150682677678844 14.410037033315684 23.50734422993203 46.937979812280666 41.977064588452244 40.648519185803885 43.881727778758254 25.687421756132434 22.632116841043178 32.884868364548375 37.5878065181923 32.60389771114531 41.11968201505699 42.47118252556466 62.70788331537886 41.47220960709276 50.10543853585809 14.07931460375886
36.487690571976714 49.11576339549504 93.26376414268506 40.00140612845706 38.536417224463634 31.341481075998026 41.874483642318644 36.49984895260817 12.843825230670175 51.053857159846736 52.97823095923148 48.469127822120605 51.229253509845506 26.130479354041203 28.965184529750893 47.661616366150795 65.0091780040866 86.88712635631921 17.72691842872541 34.19367661799752 30.874548606671464 40.42848879434601 84.7089744577542 52.34073766663829 0.0 37.45982833439495 26.905950974398795 38.99745779159705 2.82870955413857 45.89228243928941 35.644527999899054 21.23397429470261 54.51633339473645 37.336215302744655 14.40335125542626 43.550327281943005 74.48454019735672 21.37138911423483 15.282490628896596 42.08242583530628 22.478537531022482 10.429632063478378 12.092212167336607 20.636682711106943 24.362671458116125 48.788304544928195
11.753002688240842 37.58616659705291 91.37889280661528 11.155037691860715 30.18078545904631 23.554397159823782 7.140361532209118 4.6588724544361195 34.8769662866676 34.78185171020657 27.270835523705333 36.185775292609776 39.51983773855988 42.430219425421804 9.58333035130886 37.57591101939999 34.85964619989469 75.08932870749265 23.512866952398955 29.458058916077558 6.638582041788458 6.286753335734458 81.03989810524311 19.9165847462028 37.45982833439495 0.0 23.858663625643146 19.70717770744335 40.24518706130045 24.560084899333923 24.630675190296962 27.528279615845413 50.4622046751584 21.492699975832103 26.033028330706877 32.449182253899444 41.93547458889331 23.840399651493694 25.392826950275396 37.38028160037559 21.730843096857313 29.41228166407791 45.98159580491029 22.38722811714697 30.392497200479394 26.593322597480267
14.97278234166719 23.069188858756593 73.25882191698494 18.612240266047763 12.347655040781548 4.446558668496364 23.478561675815698 26.51552671015886 33.19374988148832 24.25715552018868 26.927805948551665 22.19199460205735 25.27811402938879 46.16125482767558 22.40760950601999 21.9179387486284 39.51728189223793 62.28879410526998 10.035884563890596 8.674747538822597 19.169753908455792 29.835104132217847 63.55727577975885 29.251003084666138 26.905950974398795 23.858663625643146 0.0 13.251409113135775 29.41255843584161 19.476704315125904 8.738770372986373 33.040032061606524 31.877915561891808 39.03012116473418 25.702304844756082 17.174041669701037 49.57621308315936 5.690452784629573 12.09221216733802 17.928572169680134 28.85622647494164 16.5482925839878 38.81419449549314 27.812961191470514 37.34637187731047 22.28834669914491
8.000300952261586 17.913170386045696 71.68281254380057 9.44534686927795 11.459372528892082 9.412805687592442 15.456720926042065 23.982506415232145 42.79144103174356 15.80756126727792 13.989739532996158 16.53263215621681 19.90643343291279 54.28687718315735 23.826667206754845 17.870737775694426 26.34980894735211 56.37609780183224 21.276093160265454 12.683471470382363 18.84779053180773 25.862912530584154 61.36946613984529 16.621004242924297 38.99745779159705 19.70717770744335 13.251409113135775 0.0 41.67657496799764 7.1405519831135615 7.022738063037664 39.71561191063696 30.85093136531034 40.014296153545324 34.142716707776025 12.799163935051697 36.3346372069752 17.921966010709003 23.715077475061328 18.42318587841069 34.396807916530506 28.60836396967885 50.43482295497929 34.00596224507342 43.68527195515628 10.036727339583342
39.292013170629694 51.35036092832454 94.49085880083031 42.81697896832845 40.848899697711936 33.85744382136982 44.701079442469904 39.20710165014016 13.66995144458678 53.46043024089518 55.66438020708077 50.74815028227829 53.43894805598847 26.183703787279658 31.6655970673533 49.85378382561029 67.7504983218899 88.76931157644428 20.431704129961034 36.46801122928346 33.67134117137924 43.11918141396143 86.11128288422853 55.150682677678844 2.82870955413857 40.24518706130045 29.41255843584161 41.67657496799764 0.0 48.52854229918862 38.14621921937217 22.903491324670277 56.26461444456368 39.42609288603377 16.653772486216596 45.867225458658694 77.26251870205108 23.94955078549074 17.97317635245351 44.118580310526276 24.656756114669047 13.069346311888857 10.129367427755174 22.84051377807838 25.71153482619796 51.41713601010173
13.746450908221068 14.344150730695436 67.54527115233965 13.415897170718436 12.89591173023901 15.166992025311364 18.795098460246358 29.128967243203785 49.93125081397822 10.35515630700377 7.585647122901794 12.910734257598833 15.86218571834251 61.326772859364354 30.153669028708528 15.036748982798033 20.344072118271544 50.55313755277782 28.22150675429014 16.067953971753592 25.04862480342271 30.29141838324941 57.08127253014562 14.410037033315684 45.89228243928941 24.560084899333923 19.476704315125904 7.1405519831135615 48.52854229918862 0.0 11.368886848193645 46.65221524797101 28.168416651178102 45.7154420435111 41.260486448214984 11.27742306538782 30.642965565294745 24.614515657476222 30.628984213281164 18.221286127819432 41.22811094968985 35.46939017340177 57.453762427009984 40.930425769645105 50.547857776915464 2.9134426284169557
13.203017999769838 15.302067382084445 67.85096020322824 15.767359433136283 5.6402630027907605 4.313318699308854 21.664665858653272 28.40201883345662 41.423995786093286 15.648745157730973 18.954517935033486 14.207954062738215 17.518467445966085 53.941149939367 26.48267235380563 14.538615986315612 31.710180681941242 54.80492970057632 18.50447877422874 5.669911882095012 22.0494446858013 30.917308464223602 57.77974258907819 23.50734422993203 35.644527999899054 24.630675190296962 8.738770372986373 7.022738063037664 38.14621921937217 11.368886848193645 0.0 40.10485601355706 26.37117369253769 43.26744182072661 33.428444036109894 9.325034314318923 41.98335692823045 14.348716821914596 20.712474925854053 12.795748166625856 35.32216095718644 25.2747472008458 47.53412467630596 34.574093317908776 44.307981058797914 13.991440818576361
33.45450960965528 55.401340706817244 106.034768706309 35.61419708053535 45.0285965039081 36.35917094885709 34.253179266992845 24.18263436267214 10.513454207152224 55.08149913609398 51.94033189115438 54.307435614932295 57.6208115784212 15.051826699274184 18.16780410571097 54.52632244759388 61.62872648077417 94.90497023236082 23.924466053694516 41.70923992473865 22.89677247862603 27.155628576024082 96.50490512646189 46.937979812280666 21.23397429470261 27.528279615845413 33.040032061606524 39.71561191063696 22.903491324670277 46.65221524797101 40.10485601355706 0.0 64.87363757508548 17.325323763186425 8.43600991835229 49.412050915883576 69.3535727917536 28.137918859407222 23.060027371248044 50.96529940117073 5.823623471497961 22.066817677338932 22.95251562828751 5.7240359238733864 4.332051188520474 49.399209771062694
38.71249170715867 13.858414382681193 41.55407475177336 40.15807918703621 20.761879057584444 29.11976521204197 46.09380020998943 54.531960634678036 63.821882843171544 19.05280502083835 31.68128602191009 15.273582599033023 12.74063268469439 77.38787566707893 52.81272297578569 13.214836247394706 40.53947273019976 32.72618693463889 41.19090886484634 23.280490005555198 48.415857095897884 56.67961904474694 31.690067692499397 41.977064588452244 54.51633339473645 50.4622046751584 31.877915561891808 30.85093136531034 56.26461444456368 28.168416651178102 26.37117369253769 64.87363757508548 0.0 69.6267521076588 57.24595673495501 18.052032057673514 49.76525239118023 36.820668912769754 42.604906846783926 14.000581044727792 60.7092099755915 45.70544382412206 66.39294850446184 59.69080694872547 69.19282121261264 27.908849070108037
32.155269571551585 57.75714184917854 111.11275861401869 32.48573815274922 48.864910023850385 40.738634950318 28.397921787014937 16.836181752003554 27.83587288613484 55.68022360437212 48.75743850312625 56.429554425626186 59.83482386384259 27.865389027856892 16.841611543749462 57.4289569980182 55.46379357074173 96.22610356176325 33.005464062628434 46.8389475705811 21.316298932549454 17.251245923262754 100.9866321768249 40.648519185803885 37.336215302744655 21.492699975832103 39.03012116473418 40.014296153545324 39.42609288603377 45.7154420435111 43.26744182072661 17.325323763186425 69.6267521076588 0.0 22.970192539992752 52.143288429022476 61.17555944444624 35.98777562390032 33.40316800434679 55.814329383282725 14.889451353349921 34.71136167455528 40.26942078419911 16.74661756090388 16.868775617070146 47.93187539078827
28.997604990387547 48.574101103995616 98.13405909745232 31.802028538131736 37.96815212075669 29.414769891841747 31.84558984551131 23.92746977527724 9.079091829816173 48.852847384352025 47.28040439336097 47.577250465502054 50.79757037266621 20.520670283244044 16.590194763981547 47.54446029009406 57.998570839722206 87.96327230370827 16.058148490139814 34.342799131670155 20.07478810019631 27.606044845113537 88.75442636253418 43.881727778758254 14.40335125542626 26.033028330706877 25.702304844756082 34.142716707776025 16.653772486216596 41.260486448214984 33.428444036109894 8.43600991835229 57.24595673495501 22.970192539992752 0.0 42.593556236566116 66.51365801685557 20.43603296350836 14.889381056210194 43.48404866821021 8.0856867980322 13.632123221001315 20.114916913060082 6.236343765430141 12.609781212969885 44.11862132422381
20.696859361598168 5.9932870253346096 59.080580448671725 22.13529660950337 5.018356191670036 13.179883162489071 28.103349876516614 36.60381374389699 50.34828887599164 8.04699322380274 17.26678024337044 5.0184617641748295 8.216729020171622 63.113508732119605 35.49358115908187 5.295196487215322 29.218449256501085 45.49299049939696 27.20925131037152 9.43560682172322 30.82822774922649 38.644082189987046 48.865324798858595 25.687421756132434 43.550327281943005 32.449182253899444 17.174041669701037 12.799163935051697 45.867225458658694 11.27742306538782 9.325034314318923 49.412050915883576 18.052032057673514 52.143288429022476 42.593556236566116 0.0 39.55186829276517 22.838805168440672 29.223598007545235 7.035756556180761 44.645773575344485 33.43722705393418 55.60720384210449 43.89602498086599 53.625628868630066 12.24371375303147
38.112150103386 38.5341212152234 77.97163966954253 34.85820025029145 42.922421023804105 45.5212664055244 35.10291952201722 45.87122634389345 75.59274766424595 32.8050916977566 23.08974535905912 37.68867136184227 38.31536994463846 84.33589446660756 51.191925999351014 40.2624746574968 10.391042045143921 53.712478929948546 56.94292174823244 46.588618795677455 46.702707027684006 44.14102725722387 67.95896862463661 22.632116841043178 74.48454019735672 41.93547458889331 49.57621308315936 36.3346372069752 77.26251870205108 30.642965565294745 41.98335692823045 69.3535727917536 49.76525239118023 61.17555944444624 66.51365801685557 39.55186829276517 0.0 54.090717605831514 59.41146323401959 46.20136772011503 63.53063770864883 64.34760889076253 85.17678139167649 63.980772960255194 72.32790530589355 28.26247635749004
17.459027534037787 28.698377945034906 77.89885690130725 21.2410099785069 17.957073112791647 10.036064907513824 25.12704991323412 25.563414709122792 27.600242087718325 29.933693909394037 31.878156746108072 27.853381770028353 30.897742694985713 40.755910179940734 20.109167815647616 27.488140176912893 44.2431125928234 67.76283110304803 4.4456088093509125 14.023521949685218 18.069199100675654 29.26466136688299 68.3901106168776 32.884868364548375 21.37138911423483 23.840399651493694 5.690452784629573 17.921966010709003 23.94955078549074 24.614515657476222 14.348716821914596 28.137918859407222 36.820668912769754 35.98777562390032 20.43603296350836 22.838805168440672 54.090717605831514 0.0 6.401759382708446 23.06063886577411 24.443406458936007 10.95561111935314 33.192282062452605 23.204546231749696 32.46913374356662 27.489363801007542
21.74721946246277 35.05487013524928 83.27479304464316 25.425427969493054 24.312728754496135 16.407424682942274 28.26519471259122 25.982996017342664 21.36882425286475 36.32500451863295 37.697839330406666 34.23396468105594 37.245540815969385 34.78377701953979 19.283469646074057 33.80253400115771 49.80141789574579 73.96018081117063 2.4697946162489877 20.264612135989783 18.91562143505472 29.931657660568362 73.97302082160697 37.5878065181923 15.282490628896596 25.392826950275396 12.09221216733802 23.715077475061328 17.97317635245351 30.628984213281164 20.712474925854053 23.060027371248044 42.604906846783926 33.40316800434679 14.889381056210194 29.223598007545235 59.41146323401959 6.401759382708446 0.0 29.083650633748736 20.255603573993106 4.938491649815704 26.90210275344766 18.744697462598616 27.360293719164858 33.53107595881353
25.78424273108702 8.703263494716394 55.525627895553285 27.850684270152012 7.199583995875328 15.153402617621582 33.86084761752489 41.19776027762361 50.44114068284627 13.65556126230495 24.26090493902293 8.959549703058945 10.235925253006707 63.79740122257247 38.97480143321613 6.820798693443418 35.94937684485668 44.974372563645495 27.48514363799645 9.288175020772085 34.74353826076433 43.662127753942904 45.68699941413479 32.60389771114531 42.08242583530628 37.38028160037559 17.928572169680134 18.42318587841069 44.118580310526276 18.221286127819432 12.795748166625856 50.96529940117073 14.000581044727792 55.814329383282725 43.48404866821021 7.035756556180761 46.20136772011503 23.06063886577411 29.083650633748736 0.0 46.72098957587161 32.610507019988155 54.14859003365773 45.72614904481004 55.27428499532688 19.27767125822728
27.852298318330032 50.60715209497871 102.11045692713914 29.881354904376803 40.4655393475177 31.80172549498928 28.42968531921727 18.526767730175493 14.4770584647324 49.952808149753864 46.30215589385191 49.45680626630716 52.81354739074955 20.857943017271054 12.344431536573918 49.84228537718221 55.8320823240625 90.0775559155826 20.579154483720625 37.43306003322046 17.11648990144078 21.69212056769027 92.39834858305439 41.11968201505699 22.478537531022482 21.730843096857313 28.85622647494164 34.396807916530506 24.656756114669047 41.22811094968985 35.32216095718644 5.823623471497961 60.7092099755915 14.889451353349921 8.0856867980322 44.645773575344485 63.53063770864883 24.443406458936007 20.255603573993106 46.72098957587161 0.0 20.500699331678774 26.807840687382132 1.8588758180328115 9.329446936809093 43.9280805375878
26.609844727196823 39.14177362953361 85.71470637137814 30.253131593250604 28.452263923146457 20.963401275857287 32.81912879111895 29.46178435354148 18.23452533122308 40.779295042361206 42.59715228343158 38.41055629624785 41.29827812578208 32.064499910759224 22.306910958877722 37.78179683504682 54.73620748736222 77.58441165562321 7.408285610589919 24.216489421285228 22.804739458383793 33.455865837274054 76.68681347620442 42.47118252556466 10.429632063478378 29.41228166407791 16.5482925839878 28.60836396967885 13.069346311888857 35.46939017340177 25.2747472008458 22.066817677338932 45.70544382412206 34.71136167455528 13.632123221001315 33.43722705393418 64.34760889076253 10.95561111935314 4.938491649815704 32.610507019988155 20.500699331678774 0.0 22.266620457447296 18.76671073824708 26.182210986506764 38.36277845567947
47.07403743715536 61.200845416725876 104.42204419791332 50.357609038163716 50.598241231197896 43.22110140838244 51.348621550444705 44.042272323647175 12.487973995894357 63.03897329121549 64.33169156117917 60.541047280182106 63.31852621165023 19.94337605382079 36.666145860058016 59.75299321437071 76.0281694997529 98.87684796271078 29.256939932455154 46.27244834451931 39.74012527659645 47.70254927798971 96.15488479298874 62.70788331537886 12.092212167336607 45.98159580491029 38.81419449549314 50.43482295497929 10.129367427755174 57.453762427009984 47.53412467630596 22.95251562828751 66.39294850446184 40.26942078419911 20.114916913060082 55.60720384210449 85.17678139167649 33.192282062452605 26.90210275344766 54.14859003365773 26.807840687382132 22.266620457447296 0.0 25.288591482414283 24.14741135335025 60.36454474387239
27.74792922623572 49.8758330341224 101.01452586395732 29.978353709200917 39.60857747835769 30.93221949355552 28.89533767479532 19.470688227135604 13.102380502664401 49.424420263657915 46.239133427451364 48.75622530935957 52.090392614415535 20.664871717125838 12.84900736850599 49.05234688895647 56.07242294063296 89.37510822204564 19.213684079559943 36.442370273585084 17.35150472372742 22.810476066905025 91.36799176595476 41.47220960709276 20.636682711106943 22.38722811714697 27.812961191470514 34.00596224507342 22.84051377807838 40.930425769645105 34.574093317908776 5.7240359238733864 59.69080694872547 16.74661756090388 6.236343765430141 43.89602498086599 63.980772960255194 23.204546231749696 18.744697462598616 45.72614904481004 1.8588758180328115 18.76671073824708 25.288591482414283 0.0 9.750933767167291 43.675291261841636
37.17525513689158 59.60978044091878 110.36657398144062 39.12679721466081 49.28753889207521 40.61297296202492 37.32029229582838 26.666730605810248 12.36096240836076 59.164135977018915 55.607594069960264 58.4985247200108 61.82631642092754 12.173060396138304 21.375179491427293 58.763362601565504 64.92082456173775 99.1126634769984 28.254453703940992 46.01101821047858 26.318344128911246 29.245295769198442 100.83063292502 50.10543853585809 24.362671458116125 30.392497200479394 37.34637187731047 43.68527195515628 25.71153482619796 50.547857776915464 44.307981058797914 4.332051188520474 69.19282121261264 16.868775617070146 12.609781212969885 53.625628868630066 72.32790530589355 32.46913374356662 27.360293719164858 55.27428499532688 9.329446936809093 26.182210986506764 24.14741135335025 9.750933767167291 0.0 53.255165521020274
16.2500860654575 14.089723489829899 66.33962403808069 15.461404780502566 14.769646115435252 17.933529668445583 20.433348020051973 31.217186514239536 52.81675562867999 9.204969681956877 5.232006965585719 12.72396906044582 15.265707313732687 64.1261214115739 32.668615400476426 15.11813597687763 17.893088642187134 48.53856452601132 31.127789693093817 18.32693924934015 27.543085990080282 32.107677585140664 55.833369416663615 14.07931460375886 48.788304544928195 26.593322597480267 22.28834669914491 10.036727339583342 51.41713601010173 2.9134426284169557 13.991440818576361 49.399209771062694 27.908849070108037 47.93187539078827 44.11862132422381 12.24371375303147 28.26247635749004 27.489363801007542 33.53107595881353 19.27767125822728 43.9280805375878 38.36277845567947 60.36454474387239 43.675291261841636 53.255165521020274 0.0
