0.0 46.25158193065575 6.8116158782536615 61.19475891438738 30.809346492853763 19.80710533604273 48.29802186410966 60.16980400021309 43.12509654986675 32.17395856918923 41.87146932397928 47.234931309969085 47.05839402871111 47.526821536371 8.924106072412842 16.574767706308595 6.522242695873402 9.587570654883708 43.74160457305022 65.09873895829041 52.47601291551553 10.951413541524225 39.66836468100907 50.017181625853006 26.284271074016157 18.2849969599104 54.69386745459514 52.81152583324109 17.3988329997596 33.48891329218033 36.91594138672156 45.32305490758417 38.16987676616147 9.908712977401882 26.8079280498758 11.78619524635252 56.61601031839781 39.876721738539395 47.08688886087933 42.36214301845097 105.32549654648155 91.23709936341642 78.44522995187224 67.68897715994642 60.071947536004956 56.869832580911655 58.808286491406875 65.43201806116681 75.51808485493194 87.88237034600293 98.33674032541583 83.11064460905544 68.87197220648858 56.37395163422221 47.025534013032264 42.935810633518344 45.5441695448471 53.88657980896164 65.81762793216564 79.74246904084573 92.97676645767136 76.7244335204028 61.05168122018434 46.547678173734646 34.70986012293224 29.009858996797714 32.8188807115949 43.71836486177638 57.829243502374005 73.32023502902635 89.53864352852294 72.53965304612638 55.72742896548121 39.34213911448052 24.26466519592421 15.114778860931537 21.606748921127764 36.1103746012844 52.34290023221058 69.09639463493552 88.2473354640652 70.94699346736117 53.6476760536138 36.35084604510714 19.063275394915763 2.036302461733255 15.607632267412136 32.8901724017937 50.186076700521184 67.48507054828428 89.19614888618354 72.11841528778452 55.180535164109685 38.567212606989 22.993066464894007 12.986343309970835 20.182217657919434 35.28046905213656 51.776576493615686 68.67043789114132 92.31602546711666 75.92607384985129 60.04996996699881 45.23205905631829 32.933106604411826 26.869125878989117 30.9519048062797 42.34148045967997 56.80045417611921 72.5154624364661 97.39851575009202 82.00351464659096 67.53804408659906 54.743984367643186 45.068011834596774 40.79280571322635 43.53947342556184 52.211339145431346 64.4598135697158 78.63088856365297 104.15664229803926 89.89146377388631 76.8833095291249 65.88103072459177 58.036850665670876 54.7260519483781 56.747725852144626 63.59533723283101 73.94003209925813 86.53663199148119 112.28817786001814 99.15869008614558 87.49255512133203 77.94959290334816 71.38642249318428 68.66290155255768 70.22718301061975 75.81431835938646 84.63128826565361 95.7903413132093
46.25158193065575 0.0 40.620262351465605 106.95678694264626 20.655201926794415 37.893278641146445 92.02198051625477 103.9968611550918 88.56116635793765 75.47114584888021 64.07131995231512 73.1398951842855 91.68955454405787 12.353537587733651 52.22530364163754 56.85639101283651 39.833169492405595 38.10970384411318 82.5629398914075 111.26180973496388 82.21661255622028 38.55067649411099 83.91173631534598 70.21436643702118 25.07320356640661 36.32127885001107 98.91718055386337 97.83816012005171 59.390413873908685 78.25281355778792 61.42573885697664 84.43307430491524 78.44204175685823 41.597540247602495 67.90623977052573 55.55768461751831 98.42557647488715 6.431437032164404 91.01822019262313 67.87489747683868 146.6091858854267 130.86098779775375 115.55795213709455 100.90282409692563 87.22280065302337 75.05299082378743 65.24402918707995 58.985699053955535 57.45032181526125 60.995603906944076 141.6107369390625 125.26192914031635 109.20716657434532 93.59788370738607 78.69959785258233 65.00302942482034 53.4402959518331 45.66224801004641 43.736950284734185 48.36842991115473 137.86172103439642 121.0273029282112 104.34592092209296 87.90474164535591 71.8688056543585 56.5837086141601 42.86042658286773 32.72652571298722 30.062335832355213 36.54000298626225 135.465967506996 118.30378102245886 101.18919503671495 84.15125736766943 67.2482518538068 50.615540841827766 34.64463751486942 20.91126918406285 16.52343141647806 26.59847230949308 134.49584711745388 117.19679991812733 99.8987512856183 82.6023285626516 65.30882358218632 48.02138866773518 30.75026308241533 13.557919009571473 4.557327536483099 21.364336611554933 134.98211549189568 117.75197544650912 100.54649122310265 83.38092725473217 66.28630416096031 49.33641824935755 32.75672707917246 17.62490082581956 12.12369771241571 24.12558642285358 136.90924842604056 119.94622195362668 103.09588008116921 86.42415918588236 70.05869371372395 54.27721724121793 39.780931748484456 28.596139999963448 25.527757203358696 32.92877200247584 140.21782261249845 123.69231072590394 107.41156274920213 91.50631681476993 76.2120354490287 61.98264921130973 49.740621076280554 41.293051386289676 39.17663750909113 44.30810181276718 144.8131374053806 128.8549157719463 113.29180811887731 98.31163802137809 84.22602014715123 71.56512198925863 61.21936635770842 54.522975576536545 52.88098742348446 56.73396436661591 150.57737037278326 135.27188243903473 120.50772477775706 106.51024892811061 93.62396256370627 82.37203074995666 73.50883197532589 67.97526867870116 66.60643940892125 69.64833260598732
6.8116158782536615 40.620262351465605 0.0 67.60822079079644 24.15349106223657 13.69821698544598 55.08484873949293 66.93497903193592 49.700174425756586 35.701224544117494 46.111357928015465 45.494855709283065 53.772213703894266 41.05020642506686 11.801441513987882 17.9736854954586 2.593223840696421 8.587413358215565 50.34861040802411 71.22772623604048 58.14993102850382 10.97077263605727 46.43802001090193 54.245078582328 19.534677238286868 11.846078277484322 61.43585712616711 59.45109004588828 19.81888861409305 37.87439170683447 41.31820503678957 47.285014095616035 44.85890851862591 11.846517854113632 33.47532705470437 18.527473650642754 63.42318111846629 34.1934388901649 53.86390987412461 47.16668116491453 112.13706336396471 98.01284982964526 85.07063007324098 73.93376149164428 65.52927356363396 60.99726155893295 61.204099210254654 66.10531915907077 74.78355635118017 86.10425656228725 105.1037091008804 89.91987638012363 75.65105162663188 62.922825739211575 52.86005418818001 47.19948730281253 47.540517642108334 53.76907082020063 64.19367631742698 77.13135629811354 99.57986148017253 83.42733814973757 67.84394632001083 53.33094521099659 41.04006268658248 33.51256685175759 34.06766637373077 42.38900813644571 55.061406564673504 69.75240023363715 95.82700340536876 78.93126500553203 62.25902736319856 46.0536671743648 31.054885467347138 20.16391434667447 21.15355410767638 32.970807393943524 48.2222698370332 64.51676026775006 94.05741575695137 76.78324136710934 59.525190809997554 42.30300246152552 25.190339095000333 8.84736346896209 10.986900707330781 27.601840955334474 44.74063869977509 61.97016514881719 94.38274338057474 77.17959716543143 60.033252330911374 43.011693159876266 26.357794061386187 11.754746417554943 13.428626704065064 28.656502983278756 45.395765304256685 62.44252595897482 96.78185817959503 80.08255685786871 63.70568852494293 47.98254459057168 33.83704209569831 24.21316269442231 25.026387574755603 35.56787736021151 50.02538078073725 65.86891939336675 101.10721228453116 85.23635785606189 70.04649826220746 56.09361844985813 44.55539290237738 37.71709077507592 38.19269210707158 45.754687390841724 57.68022191390816 71.82779041370931 107.12567815653733 92.26451311989284 78.41090949136178 66.20046796533991 56.70479764688614 51.44965577573806 51.74360799851461 57.501615142155764 67.33625624521423 79.75341968870902 114.57066722597128 100.7755381591711 88.22512888366056 77.52632207767294 69.53905979151921 65.26656136314956 65.44050887219505 70.02777552178954 78.25606341542132 89.12253672022749
61.19475891438738 106.95678694264626 67.60822079079644 0.0 91.69927165511778 77.02123444150914 19.53535777980018 14.481367604442692 18.504802490359015 43.664239247358 65.12244647225405 76.05473357036598 17.126376650352405 108.65610683132707 57.69609531255629 57.315918930415535 67.71482192562794 68.8505173242289 36.323103956955016 8.069512126102161 54.20442328747162 68.57432342747985 24.58642435094741 68.55560961788936 86.92563616345349 76.7567795675747 13.767294417526092 10.901758992012622 54.218050260887956 38.06556290747727 62.38719831535709 52.40268695621059 35.55023181018197 65.6334081446133 41.73569273051043 51.46166636416388 23.838342452174196 100.71022537655317 19.594889263364703 60.71260713912522 52.91836159736413 45.87729696602287 44.80852217946781 50.095756738034915 60.08385745444679 72.86466160047692 87.21898757513543 102.48779720935013 118.31757798169811 134.51042279759366 41.64561385541804 32.304830588631035 30.84730307769144 38.186636888041974 50.63192143593213 65.32742763604939 81.05839399155845 97.3240092322243 113.89544069472264 130.65637814652405 32.75255401833744 19.621373835052374 17.20404481547774 28.38436779707433 43.750175346487886 60.17637144947546 76.98717977136941 93.97642442544152 111.06224910703891 128.20604640918452 28.55661604308859 11.354490128503741 6.409536491150831 23.49368969940251 40.7619717268379 58.05029550427812 75.34486620145726 92.64218533369713 109.94095565164389 127.24058527645516 31.025995297523565 16.594701825535015 13.669994180293594 26.402011681597834 42.49678303722177 59.27562554636841 76.28850416035924 93.4076271930246 110.5836635146007 127.79366698877097 38.911744976371615 28.711936097522422 27.08019254616074 35.22795138403792 48.44987580570404 63.65911206508809 79.7263118966442 96.22264413684799 112.96025786511976 129.84588035561765 49.69916520031006 42.14131072741114 40.99364133872484 46.73085386301852 57.321656356568354 70.61499404659718 85.35741322728238 100.91582687186842 116.96506207030339 133.3279898903612 61.88899881685533 55.94564301178018 55.029815958378116 59.37461740341421 67.97873648499245 79.47056631946344 92.78325324473701 107.24081372492924 122.43835611376369 138.13185309890292 74.7985830518261 69.90300929949406 69.11384562396839 72.56519048422595 79.70809462186112 89.66462006493934 101.61101367003361 114.92842281484151 129.1935637162036 144.12529862313252 88.11198273794248 83.93695419883602 83.22128779232 86.0513386703282 92.10082907035938 100.79172697661073 111.50812266752551 123.72481681704497 137.04115751369602 151.16681874181583
30.809346492853763 20.655201926794415 24.15349106223657 91.69927165511778 0.0 17.616254358014878 79.01673754858963 90.93468628054035 73.85357482557419 56.36294245013602 61.28099389067996 52.68656792202653 77.86716560667263 17.171792554635548 34.50402191093054 37.74552480240233 24.451066493185156 25.64432644812582 72.70215043057527 95.0636810631055 77.01234009813379 27.278262743762387 70.43627459397507 68.7750652285344 4.9791461865507 16.465790493056144 85.48928082403498 83.59666327475962 40.549263298159815 59.7497542386084 57.36706239666047 64.16554622909794 67.65031644241166 30.22762167083298 56.357435627186476 42.01491241264523 86.9094259698504 15.083255900338628 77.83444627553831 63.88690640288736 135.69041730700016 121.04234393062013 107.1881498090554 94.47772571072208 83.43543978874293 74.80371201847326 69.48675278628771 68.263555840828 71.34499324783857 78.22399778320275 129.08717062859677 113.62600602195072 98.77722388210861 84.86288801010676 72.42360565136602 62.34858972360488 55.93043640579951 54.47733366929521 58.36133259327583 66.6559036509297 123.73327102464174 107.53370010086842 91.73754136200675 76.59479011000451 62.581569076964875 50.64434068796971 42.56702055412469 40.71558391578598 45.85053814270647 56.08467225487619 119.7964229637948 103.00073105254872 86.40502500842099 70.151380621259 54.546440457058615 40.349996743164354 29.658732525658273 27.01608224978202 34.333760243728804 47.18533238256867 117.41930482840569 100.23893833677593 83.10901975779957 66.06880023934912 49.211547006753925 32.820407467169524 18.201503443852406 13.569196834034273 25.212383299180026 41.0599346605033 116.69730507500914 99.39611258182742 82.09523116552302 64.79491000838567 47.495761337212244 30.19980010101128 12.919833838454295 4.530991703634091 21.745143465988463 39.036985565321544 117.66090673118154 100.52054677644661 83.44689448245573 66.49135730626222 49.774787967918456 33.655177332081294 19.660237242991517 15.46258124796951 26.27490118827145 41.717645777965835 120.26958798481851 103.54815747666468 87.05387760039126 70.9453582661982 55.55915477829877 41.70257864714113 31.46585479529362 28.979381225995063 35.89176257243582 48.32537915965197 124.41988017531116 108.31943550644532 92.65310767081205 77.6839838125429 63.903904798084255 52.262046301266565 44.47064927077886 42.69262860747142 47.60658731900289 57.52233047056343 129.9641211619073 114.61676750544463 99.91011963167549 86.17284156930387 73.94716527175022 64.10386796375526 57.87163841552977 56.459234734402756 60.206825606645886 68.26988004482273
19.80710533604273 37.893278641146445 13.69821698544598 77.02123444150914 17.616254358014878 0.0 66.58909405112233 78.14356515130639 60.020404970545506 39.12186289432673 59.39263363206625 37.58410070976278 64.72763567756859 34.23255645661564 19.468850260866578 20.778489004526307 15.75825674557514 20.74756549591645 63.46464433997615 79.58811099140772 71.84799979380394 23.21763285115161 57.86633573377167 67.47663412676414 12.85101588559498 2.589499528365261 72.5027232074849 69.93570819294106 23.770326621561647 42.90287377427798 54.70806387947723 46.59199269065084 57.791137420709475 24.955067812695034 46.49639108087293 31.453701222063806 75.59406572167333 31.82683633144706 65.2800304789258 60.698735909141746 123.99219698622701 110.45891237969275 98.11709969740731 87.47254827037304 79.21247167117994 74.13819633238579 72.9178727240325 75.73802010773848 82.18373766772639 91.49193026671058 116.15985345732614 101.63086564806909 88.10931092042651 76.13386244733441 66.54454052391073 60.487050335334246 59.058336968386584 62.57625424371437 70.30209489983034 81.04121187205105 109.58473520476174 94.08152643836027 79.32563690431556 65.8216024574024 54.50792287841592 46.99412292815415 45.215983345897065 49.791830022459536 59.26779185097903 71.7273977748456 104.50451688840606 88.14019960465059 72.21429467337555 57.094857532673956 43.6285455974516 33.849461709972346 31.413865697007505 37.77015608758748 49.649242255925415 64.04856481687168 101.14478085263966 84.1482731341654 67.30757155958567 50.777934648092355 35.002860527698566 21.695943935566945 17.74654505918864 27.529581906950995 42.42084438751874 58.6505783198949 99.6796970509439 82.38965181248334 65.1059213584861 47.83535109765029 30.600231729143346 13.536657551396088 5.368571690415506 21.75122007776927 38.93742590738203 56.19469944984286 100.1924357927709 83.00643074657388 65.88113507240288 48.880399236608255 32.20211108921281 16.833643267311466 11.33491026348747 23.92283205838278 40.18503023123917 57.06211066593515 102.65335740028928 85.94747738277275 69.53370851367794 53.68067659069447 39.07690017423651 27.76875733053443 24.77729421508623 32.48746530661345 45.77845742215229 61.11145223524569 106.928002178981 90.98764518500626 75.64794698038122 61.36105090586997 49.05559737920046 40.57623787780126 38.53721456700924 43.84642645695542 54.39308503540981 67.77471996535277 112.81032296823231 97.8028777303989 83.68594271993449 70.99275539283288 60.6243005785128 53.93830286731839 52.364829848722735 56.33391950941663 64.83552855320042 76.37068306220338
48.29802186410966 92.02198051625477 55.08484873949293 19.53535777980018 79.01673754858963 66.58909405112233 0.0 11.997289224479264 10.205090694938688 41.8443479422873 45.62112765444818 75.0845166563317 4.479237559929756 95.34248570896568 47.33786023551877 49.477653316728436 54.566537220592224 54.34955466293495 16.865325757281767 27.1497629251186 35.362282849872436 53.56176844188036 8.722772370264817 49.07158810895212 74.57690656584529 65.74570526597351 7.1130659807859065 8.728354144668264 46.65492902201244 36.510065771212275 43.04252465662093 55.16042887740702 16.258998520436737 50.47678551741398 24.388483325306844 37.079544673856695 10.719390714704915 86.03292429867336 1.449789020882388 41.17954808168244 57.42885364222131 44.89110678118964 36.48365898342666 35.29321386663924 41.938910151519906 53.58023041917147 67.68690911981723 83.01145648562908 98.98986724230947 115.35074075348263 50.07406639862085 35.04519284128692 23.401505611297075 21.58256000768978 31.347963827249597 45.80714227881662 61.746297373805746 78.2663893567788 95.06503918066666 112.01699493263462 46.03572164934141 29.014060719174367 12.769383869009875 9.111092289723919 24.529171090138817 41.4615708743067 58.610211377348584 75.82852556500329 93.07785501587027 110.34365542553712 46.192048892642504 29.26034022254658 13.317017769784638 9.86061549433609 24.81599961473503 41.63110927099217 58.729702916741346 75.92048520353157 93.15243134604776 110.4062687581702 50.504109336441985 35.65418219880102 24.29995173996171 22.5491884284225 32.01804867438451 46.26614616495287 62.085976024220656 78.53338051202118 95.28392617961342 112.20192787773954 58.05308579466027 45.68336018419866 37.449770925829206 36.286479635787174 42.77428180120005 54.23354202073965 68.20280268295775 83.43065878073581 99.33999533070225 115.64991066481052 67.76563176531518 57.47522900811227 51.120684972430915 50.21900333720668 55.0388366695872 64.30629960794342 76.42007706110205 90.2411079719791 105.09799398155202 120.60854236115397 78.8461026422945 70.14628302945998 64.98451842486382 64.21968341719557 68.0003039165911 75.64792408548944 86.13866144231115 98.56887471356956 112.29635176473037 126.90079458618294 90.79492721649022 83.29611974570822 78.93954628368043 78.25179880873381 81.32600883303535 87.76775635193984 96.90780176801516 108.06363253925255 120.6774997942358 134.33931993159635 103.3111064523601 96.72952398296913 92.9445466465125 92.30085883006925 94.86242764313351 100.38418034665312 108.4147545165647 118.44494998399558 130.01278861099024 142.74493361513007
60.16980400021309 103.9968611550918 66.93497903193592 14.481367604442692 90.93468628054035 78.14356515130639 11.997289224479264 0.0 18.91004013818054 50.35969019824938 54.936540957212316 83.73343038282627 13.472188595237656 107.31920910356322 58.76014812150174 60.27398780847669 66.48505240154388 66.34551682682981 25.684235918813204 22.378034740668262 41.59679467565471 65.55538093879895 20.501986835285663 57.166017223451625 86.45363313937257 77.4043339893073 5.714180252680206 9.839616534085472 57.33462441466449 44.754547900048834 53.01571855734739 61.920795849078196 27.03702304166731 62.46834698529181 36.235506430443515 49.050465278109684 10.064122020042744 98.02235257919055 13.10856116348417 50.1894264816903 46.2752123663397 35.40476576464912 31.053316428931513 35.69073194430911 46.712493995619596 60.73709498241934 76.12254056118007 92.1900022721944 108.63728972665704 125.31493838306957 38.16873023790151 23.918256489727654 16.91230964203227 24.467971712762367 38.859352290405 54.955701064537905 71.6164862089118 88.52358619401589 105.55871222533982 122.66853850491903 34.29392700375845 17.105198528554187 2.795669956581423 17.937594341326825 35.13420523428404 52.400200673068724 69.68402435388742 86.97504835393585 104.26969065181994 121.56640698614605 36.04252565502113 20.371938751254806 11.387760471832296 21.048972797541385 36.812367355094054 53.53461022480764 70.53702262450338 87.65672590677555 104.8362752095054 122.05040176103805 42.72962553232552 30.649069569325597 25.526857100848844 31.025566910008 43.269637985269455 58.143337892529146 74.07931095633839 90.51823729366643 107.22904762311242 124.10195979871669 52.50083492485169 43.192928597134674 39.668959663109526 43.36276637505549 52.78009588477969 65.49697246751766 79.95420032741326 95.36351904267087 111.33028898203025 127.64549185774305 63.95780433149973 56.51365803218369 53.81157607640918 56.535628252404635 63.9966262418359 74.7900959019985 87.69405958081244 101.90994599273144 116.96035851555625 132.5613563631498 76.34521025683239 70.1700786791896 67.95424676761186 70.07431958255503 76.16909987253321 85.39171028182655 96.85271030289006 109.85372865499173 123.91096320915877 138.70365101297872 89.27644784441529 83.99847401322539 82.0967940869069 83.80157533252205 88.9055955665971 96.87304208899761 107.06655924846741 118.9150553948431 131.9735320185898 145.91749850495685 102.54584006740821 97.92586107646137 96.23911516189354 97.63774052081997 101.99488971534345 108.9562056463782 118.06193305119481 128.8582686050987 140.95728006746148 154.05234267176152
43.12509654986675 88.56116635793765 49.700174425756586 18.504802490359015 73.85357482557419 60.020404970545506 10.205090694938688 18.91004013818054 0.0 31.989854492089265 49.579254754908 65.36258598670823 6.072166868122601 90.65124610606067 40.55163666907866 41.49599829776771 49.616202259273265 50.45470989681884 23.520636064321394 24.155529081775725 42.6577639673925 50.110445492771305 7.6067455777038475 54.32257424110337 69.17935147248005 59.49224005475992 13.235277670178936 9.921518016060798 38.516532554890475 26.533949061342042 46.15897972786646 44.96951631528778 20.31054946179864 47.15126291604756 23.7919006924674 33.01473132760508 20.824523915573643 82.35143901523364 8.869989794595105 45.688107633955866 65.14091860815745 53.921508576482324 46.58779471511241 45.07793101893706 49.923149267337834 59.59299891627346 72.17363733416418 86.40281275070011 101.59016633111094 117.3643108343216 56.25450678257395 42.821631044541896 33.18920900616072 31.11372785128257 37.85912683050328 49.972711204481364 64.49759067616708 80.13311112145435 96.34002672795027 112.87247210332154 49.88161619160886 34.06451273731347 20.768212818530312 17.348156698408708 27.73645001622683 42.852946452719074 59.17897955650673 75.93839914357852 92.8969404720607 109.96251577265154 47.054938177029115 29.793212560476764 12.641890464323735 5.541917209697431 22.367875853896216 39.60611652358939 56.88304346598939 74.17162782246955 91.46525944709119 108.76153074326533 48.39987760902406 31.865803519470635 16.94177275081341 12.543159194140662 25.027004811410777 41.15925224927507 57.97007909456601 75.00459348167705 92.13881356447658 109.32586992731493 53.6033267963452 39.290850892636094 28.512026506111738 26.092349808188633 33.87323652907319 47.03925976028042 62.2631362525298 78.35441713470308 94.87276534536826 111.62875478649721 61.69655683138845 49.72577371766247 41.68388008833406 40.01430977913482 45.42521277304532 55.89687615878622 69.1677483623868 83.92019961239646 99.49737801833906 115.56626844335877 71.70760289699449 61.66085479864878 55.324868474814146 54.02148170037258 58.090440302726726 66.55356774865 77.99330010638339 91.29749010001784 105.76487077944957 120.97885533586319 82.94482020011013 74.37726358189785 69.15780791962959 68.06113702509066 71.27780347811007 78.27785818924617 88.16468575914865 100.0864199841164 113.40309534081005 127.67898620091246 94.97383345257536 87.53500372680185 83.08673325133685 82.1164668973766 84.7437523212825 90.65634841302894 99.26894774123032 109.94887444242987 122.15509208942044 135.4756752386919
32.17395856918923 75.47114584888021 35.701224544117494 43.664239247358 56.36294245013602 39.12186289432673 41.8443479422873 50.35969019824938 31.989854492089265 0.0 63.96975241776213 33.4014712587265 38.044980716056216 73.30693782658953 23.97425708597909 18.663581167665278 37.304738085987466 41.74772175156296 49.105665677033905 43.76579647869757 65.91350162672067 43.04218067470108 34.89977876312924 71.22384971902547 51.40049387292373 39.911742305037464 44.91059328591646 40.58843291533897 16.095784894158836 5.662596211266762 59.127427235353785 15.90964779898031 43.41480608320296 41.40457978520207 36.992724197080335 31.110051444339028 52.55896883065093 69.07860581006962 40.409821793882315 62.12436817965646 95.74896726281474 85.72341157460984 78.28044974105639 74.20135639752665 74.04418093858096 77.83268677468189 85.04116938391164 94.89341815641933 106.65930849099968 119.77621769227542 85.24598292477154 73.86617825343664 65.14785591402314 60.25753169767858 60.136455484016395 64.81136154911265 73.37116633393956 84.64537594007112 97.69875865149862 111.91046140024669 75.93926064916332 62.952110593540674 52.5154126037861 46.3839660481564 46.300966128948836 52.29522000431037 62.645861944527766 75.58387007010941 90.00023457262179 105.28944127303416 68.3195961787919 53.561109248430355 40.850047199164344 32.670613995549395 32.63005381496907 40.7526751948725 53.43734077899791 68.18377353803545 83.91193769970386 100.16041300490846 63.002230227127086 46.62296104460712 31.254313114202688 19.45959374270019 19.473869614090933 31.280976896311483 46.652754925568736 63.03309985556444 79.80335783242786 96.76100595744198 60.59639126957564 43.3324632184758 26.118875351341824 9.24134611469871 9.344669804705259 26.228930150900105 43.44311507381804 60.70720933403775 77.98807492360059 95.27658654046319 61.445067531889414 44.50620479576402 28.014661391789673 13.695009555594252 13.747667686529052 28.091929324466133 44.587303863088785 61.52732632447357 78.62511780428537 95.79623928455683 65.4217135570024 49.82969711977297 35.84281560895841 26.174926016298397 26.158300376909754 35.806385055288274 49.78602563268159 65.37514888154695 81.65710281190495 98.28817524644245 72.00991797464846 58.174603985837884 46.71024551511411 39.725505010294405 39.66220727184673 46.54859662909882 57.958254249682156 71.76526212719327 86.83347675609029 102.60876545204843 80.57149908825167 68.44448042718916 58.959539022475525 53.539774820935214 53.43676299544155 58.678511368369435 68.04077938066197 80.09136986112036 93.79982568574287 108.53979443384051
41.87146932397928 64.07131995231512 46.111357928015465 65.12244647225405 61.28099389067996 59.39263363206625 45.62112765444818 54.936540957212316 49.579254754908 63.96975241776213 0.0 88.23177921309018 48.28253152612602 72.49566171498466 48.94180765999918 56.205160567686185 43.76399707689292 38.73365438019241 29.29218818657145 72.47473149704703 19.070223960599172 36.32777814281019 42.009799265586985 8.15311253750555 59.0471562003916 57.11826500223758 52.14899026582175 54.230396184649926 55.46409015184555 61.66271429155033 5.048530268116117 79.7943012398001 29.699782647828265 34.444058041026985 28.276487025702377 34.507950442471795 45.793255377798445 59.94008217246541 45.536071102295466 4.9791461865507 88.13390362940656 71.14525978181537 54.35460889374604 38.02514332243042 23.15409336458737 15.00083506129315 22.641787996864164 37.40305566406785 53.703250185345915 70.48263677005716 86.82457653667726 69.52423224197899 52.2249389224694 34.928258196353184 17.64187615767751 1.0963423967932164 17.025913705160075 34.31144279823382 51.60796522683145 68.90720311670734 87.7924834810525 70.72381609677255 53.80435816413972 37.238052289065934 21.84373836564035 12.89721132541919 21.312906907400723 36.61768327457729 53.161849503442866 70.07298012443515 90.96494791516946 74.60806568539408 58.79468720761685 44.11323027006741 32.1535221775783 26.84084489291594 31.71313581618008 43.47096818111834 58.072689178819864 73.8502501337088 96.12389801033237 80.79063495811005 66.43158173029502 53.8320427964104 44.51211114285122 40.78569199535325 44.09447506319718 53.14017516952877 65.59069392312396 79.86930241203773 102.97112422521765 88.79264670933848 75.92044963507144 65.13366344632824 57.61573078000805 54.73070099176441 57.18413859798145 64.36847568262135 74.93513524680213 87.66953407675919 111.195090889959 98.1700885425053 86.65491762537565 77.32705626858596 71.05324012531624 68.67563361408367 70.58904158019776 76.47204292413055 85.50920608587035 96.82130819304875 120.51417362618456 108.56702138205637 98.22733970499498 90.05055494973722 84.6656640910955 82.6203785607612 84.15853658114833 89.09473415288011 96.9111143064433 106.97820593948877 130.69420412357732 119.71799735860435 110.37432018726675 103.1079530793164 98.38026827810033 96.56485981983907 97.82399953502616 102.04393850381965 108.88096092830872 117.8805738291032 141.54942083025009 131.43109271845066 122.92550306031858 116.38676920964417 112.15941497427309 110.50901440217781 111.55000554722042 115.20945615515664 121.25051510651869 129.33989954699564
47.234931309969085 73.1398951842855 45.494855709283065 76.05473357036598 52.68656792202653 37.58410070976278 75.0845166563317 83.73343038282627 65.36258598670823 33.4014712587265 88.23177921309018 0.0 71.39991482913489 65.76154084996993 39.335005650362774 32.06676115428887 48.07110813537883 54.0705098314468 80.3298238917906 74.69762808382146 94.96041500945469 56.38858014743378 67.67989462984507 96.24251290080207 48.97408557997564 39.98946865595238 78.30949485900909 73.93393684240802 33.205646522987934 38.97965465342067 83.18588273659894 25.18569930993446 74.33871121468098 56.615690938311765 65.52758506578503 53.97188969501568 85.76428254186263 67.76808965819663 73.63996497108451 87.82810935109161 128.73887740173362 119.11637057704483 111.36598504707925 105.89956191480697 103.0811015888966 103.1279375286095 106.0362730206799 111.58258195660902 119.39981448163653 129.07602605298024 117.64484824238905 107.08796277302322 98.4582555695802 92.29788337463371 89.12039793573064 89.24497884128486 92.6583079702204 99.02086997474 107.81177213953248 118.49176595504805 107.26626068659299 95.6256008924379 85.91359915515874 78.84620221306012 75.1730456829012 75.39188352474686 79.4705701244819 86.86709987432477 96.82407074210937 108.63974603663873 97.83124738926914 84.95889761954568 73.91732567199597 65.63705672384661 61.24843530690267 61.58907266003322 66.58642764181754 75.319228968156 86.66553865104993 99.73735688159518 89.63841136258753 75.42635829322936 62.78478389574787 52.85286635714227 47.36691572702301 47.88033791515134 54.22298075811857 64.70269975588896 77.66240981937914 92.0606499643378 83.0562946577669 67.51030384380802 53.06262784298583 40.89440215884149 33.58228830976711 34.378719496303106 42.83375918807225 55.55424199838358 70.26040839363202 85.93884149183998 78.49126742684732 61.834838558862856 45.661004319905665 30.741165072402573 20.095347798404326 21.47879500582377 33.43001832631614 48.708371706662064 65.00889694442135 81.72221086163496 76.30627928067872 59.0496775889617 41.83054000531476 24.72725660058478 8.473125097991517 11.43957896699284 28.08286974364744 45.2232757240692 62.45282419130769 79.71373357083223 76.70502262601312 59.5617111025835 42.54700408974947 25.915456366834903 11.4755128223765 13.801344301226926 29.12009630228839 45.87151738207934 62.92158134818063 80.07975952705179 79.64869682943312 63.29095835666602 47.60553423236587 33.54905879758273 24.15580219530484 25.301723064806176 35.99392417131767 50.49414759443815 66.35108350381999 82.78879513393123
47.05839402871111 91.68955454405787 53.772213703894266 17.126376650352405 77.86716560667263 64.72763567756859 4.479237559929756 13.472188595237656 6.072166868122601 38.044980716056216 48.28253152612602 71.39991482913489 0.0 94.4410315523814 45.31563965207699 46.84607416601297 53.45748734492143 53.728668536873634 20.316486973609607 24.195970056038924 39.20674690816932 53.139312616834935 7.849788528481765 52.23873071196698 73.3068672113649 64.03996632503576 7.783149908831346 6.432916845739236 43.93159487650458 32.603937488118824 45.358029891398886 50.972074405789726 18.58906553263399 50.0970377962773 24.927567060595507 36.27733699371398 14.8134651918484 85.59027860011643 3.4641448441354563 44.03232197760855 59.7068172299984 48.0118971771385 40.54733745683706 39.77105651924946 46.02274824485048 57.03644302420328 70.61815890481844 85.55348595258172 101.24514609242915 117.39023090872416 51.457167807990004 37.31315336230083 27.11850330951579 26.024325977223622 34.8973978442817 48.549991997232986 63.99285571391853 80.19837875369929 96.78421792709187 113.58389074795426 46.188598196542756 29.6676608975967 15.022204074244671 13.033654119475353 26.6982897674869 43.063142310479584 59.9565074627567 77.03145046625527 94.18927193183937 111.39168077310893 44.961659209446424 27.728065891489006 10.716997387059628 7.718548024169084 24.556292267039378 41.77511881374292 59.04255388781446 76.32561393780259 93.61564544488617 110.90938804643072 48.08673722484903 32.53151711077698 20.07428845693099 18.61092828182531 29.80718686671216 45.04755564102918 61.390620557775385 78.14759406784773 95.0999304288462 112.15907996841146 54.824565290118024 41.81540241968627 33.01562620788439 32.09741488683013 39.612690959827844 52.0268709597017 66.65683830410354 82.32971309024272 98.54916537552982 115.08433042180192 64.04480398602084 53.28715249761124 46.647698490069686 45.94777880403786 51.43046207378632 61.462915084317025 74.22257662954175 88.53810073379854 103.76754372388969 119.56217808344576 74.83535644249415 65.81232619592339 60.5052902968661 59.910050890971576 64.15788658367131 72.40131762054172 83.46474312239722 96.38190735028104 110.50464674737884 125.42638481930109 86.61115747985035 78.8906305538853 74.46245706427997 73.92070324853864 77.34707595854579 84.25886827894695 93.88945916023236 105.49687735730276 118.5016398842798 132.4929172069197 99.02118933839307 92.28706070578971 88.47193313656828 87.95646693603216 90.79687738348582 96.69788804777014 105.1454511920457 115.58255059650885 127.5216132272756 140.58048733153578
47.526821536371 12.353537587733651 41.05020642506686 108.65610683132707 17.171792554635548 34.23255645661564 95.34248570896568 107.31920910356322 90.65124610606067 73.30693782658953 72.49566171498466 65.76154084996993 94.4410315523814 0.0 51.66772159058777 54.7706080520577 41.040220267332245 41.124694778158776 87.7714511273234 112.1713065666698 89.7836603413849 42.267338228479666 86.87659014069965 79.24818813327975 22.128457842316287 33.431410109697154 101.97089956171908 100.3036082433319 57.62924553972601 76.84386105233794 69.27808609871747 80.16673970168695 83.08477725687881 45.362118169340484 72.0104355252961 58.26901492347748 102.7378996837753 13.034505851922056 94.21336338914422 75.84231873837315 151.42295553193208 136.29533357581735 121.74815879286881 108.01620298659232 95.45195529608968 84.57742699251213 76.1202750164622 70.95027206354654 69.80168815136796 72.86494326689967 145.38189568759472 129.58249442065562 114.21929938292799 99.49458310898322 85.73793798701935 73.49499424192432 63.64536568666014 57.43386801161581 56.08265367201667 59.92142453055406 140.48432089317023 124.08864056391708 107.97611717932865 92.2951673139367 77.30885332496764 63.51082238551894 51.858414772002035 44.08708053702049 42.388100016245424 47.418733015614144 136.85312573109084 119.98142170614909 103.25218993645984 86.74789645089166 70.62641142441191 55.22401726496789 41.352192388109515 31.129169407619656 28.753368516149184 35.82173717675242 134.59090185373276 117.4065150688366 100.26256156410872 83.18404458911584 66.22161164652276 49.49475705567318 33.35974602773739 19.357863678160037 15.339285167468027 26.354752983789787 133.76715496299863 116.46563518873417 99.16425874928774 81.8631165240923 64.56239680448054 47.26256357417126 29.9651522677041 12.680078296760845 4.729907098280788 21.969826059070236 134.40834739630156 117.19815661967483 100.01962190073321 82.89242667568227 65.8566383907334 49.00767312390987 32.636176474502754 18.088692316020985 13.711103147165167 25.44603494263004 136.493826611513 119.57331862101566 102.77987378173034 86.18779779539548 69.94055067587887 54.34827388935201 40.1808315818212 29.56304592655702 27.058422872084567 34.48264662432421 139.95901614234288 123.4963478425707 107.29806719570485 91.50468884309791 76.36783681443407 62.36738316193403 50.45829989882562 42.43931123922609 40.67991902482879 45.90557753597649 144.70478427646876 128.82586084853807 113.36414517103879 98.51627050398272 84.60603320552804 72.1775956444007 62.126716708560814 55.75438729736851 54.369786047684805 58.32919273318981
8.924106072412842 52.22530364163754 11.801441513987882 57.69609531255629 34.50402191093054 19.468850260866578 47.33786023551877 58.76014812150174 40.55163666907866 23.97425708597909 48.94180765999918 39.335005650362774 45.31563965207699 51.66772159058777 0.0 7.747662115925432 13.334251239482978 18.128206197951453 45.97197559520349 60.64566031954121 57.37965890584953 19.77313801436649 38.63031693305944 56.99768652305451 29.58631782757339 19.061111494736515 53.09736306452765 50.46767958652599 8.527744327130401 26.09462244595685 43.90340639140179 36.46828716933809 40.03267997935872 18.81865853823156 29.263480616065603 15.283433400252854 56.68753932788164 45.79437748427571 45.999016714265494 48.79356483279472 104.76518921340136 91.64877089397436 80.13702723613059 71.01466506936958 65.29100832931827 63.886168108843485 67.07207150422128 74.26019572614045 84.4344962422539 96.6565322921528 96.71516077971229 82.37110668999459 69.38931835715103 58.68097800045611 51.6791858349099 49.96719634490795 54.05001910402242 62.80756174404349 74.61150348108212 88.2477449194969 90.16881686228409 74.61362271723996 60.02230528042562 47.29554781398719 38.33755118185297 36.074562977432 41.61355107666405 52.54244425401801 66.24527559666492 81.33186279179053 85.47246324198572 68.89190851901047 52.77650413495755 37.727111745338235 25.690888953816224 22.258028495383506 30.488180208746094 44.29841616859683 59.94899048602161 76.31595172795309 82.94102374716101 65.73977529423567 48.610039952585865 31.668078653430722 15.540647347011786 8.880851720830185 22.692303267184734 39.36654697595849 56.42005589332359 73.58963028953632 82.77340131798344 65.52913668270178 48.3261106396046 31.232540903122295 14.637065263367274 7.192299655141359 22.089094496634733 39.02358829706738 56.182436917785715 73.40848329044675 84.9835866854427 68.28722099218618 51.98837119103805 36.62169535596396 24.046164887677865 20.34696941298845 29.12888474025805 43.37852385168745 59.27573179888908 75.7907650865623 89.39535919433351 73.68136240444028 58.8647944830644 45.824587689043675 36.516155162649866 34.14197244670966 39.95781426639398 51.24731703246445 65.2277243871765 80.50920753533069 95.70467959923384 81.18776167024507 67.98692462491856 57.02362249279624 49.7982675593874 48.0285718004027 52.271620350152 61.29113481084335 73.34566412668458 87.18527406162092 103.56524359950605 90.28098559257268 78.57638215037525 69.25701480007943 63.38387146073756 61.94506452482681 65.23466618258087 72.61285781579684 82.99630933643806 95.40881721062547
