0.0 52.34458683202998 33.72672883801595 27.78426326931294 56.20115874725567 44.03560163653197 50.28998201955081 32.984777132890436 31.354007633400915 68.06774852428283 38.785863388620164 17.599113109575107 32.97776987295287 59.779148587266945 31.697201640827778 47.0163851562025 35.78045476623158 41.8898429875561 20.471249501839964 32.77414680122741 5.663253198169342 49.50122620795359 31.721510875104894 17.946978907820178 43.71433331560814 39.13969239006014 50.898205808360196 25.092834759651055 81.2419620923493 21.67816288877784 32.30212266615049 17.12812845272897 31.441050121171177 4.245274836900405 80.49587832268358 51.16310914551412 48.94047800458538 44.2300829255714 21.426438913633397 39.12186289432673 60.47397057150882 57.200392067601015 79.03307059846352 60.5417015115809 69.7080466117098 18.925604230832583
52.34458683202998 0.0 37.251286486395735 32.736576744369906 36.661169622416736 9.448547399871849 27.42922898866799 67.84103412903185 24.72624817197868 35.5344805684571 73.57830112992033 58.3573919936228 29.481146144517187 14.983794698728031 26.79751403548838 14.080614112737964 47.80440509405872 34.91723533541142 58.541919234502224 23.6362821656045 50.32673916208759 40.813621138143034 31.874659938680423 37.71993544719975 34.59145997446982 13.59976438288942 35.07486083585442 27.714050720935408 31.78905018086102 32.10597880603394 65.21610219608665 55.53839468999227 27.04695163091715 55.96016914350143 31.283471040567477 9.139565994742954 52.07633392983732 28.78392663731951 50.354117089981436 17.80312602226217 15.911072301639647 7.4006640529275405 26.79456973144533 14.506162156379686 23.552116510651743 33.90007001568185
33.72672883801595 37.251286486395735 0.0 39.0377245285988 22.913902515194067 28.180342651174232 19.456511003428048 64.14651283502015 15.145581034981769 36.32457471060148 70.35363669173938 49.34372731725081 41.15797409740491 35.834288280965886 12.060924807239607 42.12527903916717 10.620176217601898 52.308981279245586 51.476185727301115 15.407688922991403 28.513746926882988 61.009261913721296 6.28927430279435 33.67853360915916 53.38915182744482 26.039598390742565 17.620445321952655 20.460132609452465 56.28427315817358 30.116882621786456 62.644455616186704 47.67593089592653 37.23145082493711 34.86030426955224 55.390211720097284 42.258465189781155 19.217565769842974 49.99582570281841 47.687003247484526 19.5734042994211 36.127543573345484 44.51579273756018 61.37599551446126 37.09533179870567 43.87975521146754 27.806095450976038
27.78426326931294 32.736576744369906 39.0377245285988 0.0 54.57464678855184 28.140148818782308 45.51041400150309 35.110221418283764 25.908987752682652 61.1819897315522 40.912525607956745 26.795070240017143 5.293766767054227 45.29495960180756 28.67038743464847 22.270763533076664 47.31426593174136 15.02609309200541 26.385904204878713 26.637041764313505 29.22674943595269 23.56653532200246 33.295297249673574 9.943472354283472 16.65905261472831 23.85319530825679 50.19673396794665 18.66628337747933 64.49404043761633 9.401477557884204 32.51431610187168 23.8821793022788 5.724812829459431 32.02952220812501 63.9584570895231 27.769051701496267 58.24211274991054 16.44748385960025 17.793760120146455 29.17042181374843 46.20013029948688 34.8540233058549 56.989424330451875 45.45010642516098 55.17909291615542 12.618167693572008
56.20115874725567 36.661169622416736 22.913902515194067 54.57464678855184 0.0 31.459904249712654 9.746196573238986 84.72087755154324 29.072201887560865 14.87338829058899 90.9830984356474 70.66014084081178 54.74535386096003 26.24566457212588 26.888187907926444 47.862223075485986 27.208835240262637 64.5990813600083 72.427698453573 28.11362244069517 51.21594914453229 72.5389783263033 24.710724495420628 52.367043684138196 65.10741423107719 33.07111889183227 5.316921230995637 37.12507323308811 40.835357631059644 47.41705281604805 82.87790732301006 68.64997795749917 50.80757308184062 57.648991142633136 39.895057115386855 45.03280488739216 21.710167510474943 60.25579206453947 67.25082769935509 26.00489770319034 25.902809763236004 43.52342150826976 52.35539864158371 27.64938328307471 29.45554536518444 46.25437192663808
44.03560163653197 9.448547399871849 28.180342651174232 28.140148818782308 31.459904249712654 0.0 21.729827163281012 62.775472571633934 15.287506488317327 34.14280795236276 68.76886783716799 51.85838962679921 26.24819948779124 17.288786709655497 17.371029259233396 16.440213786563188 38.79243257170591 34.35151517563556 52.44236938864228 14.187766242672051 41.570513451498336 41.672006088991346 22.578327681124584 30.99233566739345 34.54260891551877 4.9791461865507 28.766356709214023 19.00296714010489 37.780553238536065 25.17625882549305 60.32995292068362 49.157987690514425 22.90578409850989 47.44558455248006 37.11736162715728 14.592740984846985 44.150661182233485 29.263968676675635 44.84644829703999 8.607342985627822 18.16604055856279 16.419815054593478 35.83643176207403 17.616254358014878 27.350688672409895 26.32575870258695
50.28998201955081 27.42922898866799 19.456511003428048 45.51041400150309 9.746196573238986 21.729827163281012 0.0 76.9197576916715 20.775154360989024 17.77782581580014 83.16770913764752 63.43936951619464 45.35231720787161 19.243943501760118 19.17127576889731 38.15184590000254 27.21225054612534 54.98714384782767 64.95232604560736 19.62153606829303 45.78395267291602 62.84785164554125 18.754685151000082 44.19611794677542 55.45064070543189 23.391667238804708 7.761511843848693 28.888579625230935 37.62083920351563 38.93519613108526 74.91930126165941 61.232940030821716 41.46505459736185 52.30814596510433 36.698099057647354 35.51045388329573 26.429440232941875 50.5397202120478 59.152945756353276 16.524001119422323 19.18602380840276 34.53011876248791 45.95274589041225 20.664965259850305 25.324486535933854 38.17118870054853
32.984777132890436 67.84103412903185 64.14651283502015 35.110221418283764 84.72087755154324 62.775472571633934 76.9197576916715 0.0 56.147625569780914 94.00122021534254 6.262234257959613 15.404741625598886 38.739066490961946 80.061216416745 57.93120809030165 56.417198894250916 68.20644697477974 38.922634999790105 12.78429287223198 57.33921460812033 38.561710413365056 41.273120714853995 60.34157591486032 32.832207868108526 40.542377542046225 58.12269961728712 79.67344977433052 48.053661843644356 99.60400553359472 38.42594195818046 2.914641193367373 16.53580786554038 40.79545046110076 34.656612006118955 99.06548081981983 62.267173231834015 81.22708204571266 45.02792796560778 18.028223635491972 61.91969296825766 80.94149488710923 69.4760386199483 91.18433538250181 80.32171386239897 90.07247483493317 38.762360269724255
31.354007633400915 24.72624817197868 15.145581034981769 25.908987752682652 29.072201887560865 15.287506488317327 20.775154360989024 56.147625569780914 0.0 38.045642841168124 62.393749246287186 42.89080135880188 27.021427237499275 28.696106254849557 3.122949331166716 27.19618010132485 25.398883025901526 37.86795976493821 44.27042077491912 1.4226131961563322 27.854076995712546 46.438879636129286 8.860894640745958 23.440019568850406 38.794346050470025 11.755892020613675 24.423336498501254 8.123621008648282 50.256865888409315 18.34581329433326 54.14670906794413 40.58712073190481 23.00885031932558 34.1657729498481 49.47070799381643 28.002788638969246 33.7853956888693 35.05207261989889 38.39295616272138 8.045143850486738 29.328981755302095 31.444752550049785 50.91947631692955 29.58517662394382 38.45575505804669 17.396497556683855
68.06774852428283 35.5344805684571 36.32457471060148 61.1819897315522 14.87338829058899 34.14280795236276 17.77782581580014 94.00122021534254 38.045642841168124 0.0 100.21526385616241 80.92743561529409 60.105570284782125 21.21308149565521 36.780195844130866 49.01400158445784 41.926137705175044 68.45780570386383 82.30334299155302 36.77284041773045 63.52623560399011 75.46635922301259 36.472368450664746 61.169351146955464 68.56172185384465 37.56373332311503 19.364949316349225 46.0230470900765 28.202491165527086 55.655250267440586 91.87494678527038 78.6311311902294 56.48492163643799 70.04781927340106 27.297160769977225 44.66619666024196 36.140629307373466 63.0870945528635 76.0659667415642 32.24511937612878 20.430425040906666 40.877094467215656 43.18268021674614 22.236617554005534 19.036914349678852 55.28940927505117
38.785863388620164 73.57830112992033 70.35363669173938 40.912525607956745 90.9830984356474 68.76886783716799 83.16770913764752 6.262234257959613 62.393749246287186 100.21526385616241 0.0 21.340044615401933 44.276259201502334 86.04119475530585 64.19078185803194 61.80133203106223 74.23276217368495 43.46275236621961 18.906141261147553 63.57893155280985 44.411636069468805 44.845775288352804 66.59408296773785 39.04875940493622 44.97125077169178 64.1661920753589 85.93421646747491 54.29396887380353 105.36530996435101 44.60317906092489 8.439764536145919 22.69259780292557 46.54778599604779 40.16825907618204 104.84530782449433 67.70897870322132 87.29193203950504 49.79543675638556 24.178624022479763 68.0991999780299 86.92876681095028 74.92925433180638 96.42446856852854 86.26934750015107 96.0163784362989 45.003233971587214
17.599113109575107 58.3573919936228 49.34372731725081 26.795070240017143 70.66014084081178 51.85838962679921 63.43936951619464 15.404741625598886 42.89080135880188 80.92743561529409 21.340044615401933 0.0 31.659113026798387 68.9609146303505 44.27042077491916 49.05107732211784 52.89430168923717 36.26676696368035 3.1561456519801157 44.19090031306774 23.157945177859354 41.66225128893095 46.01062170676115 20.866623514969557 38.14109589458396 46.9485887756167 65.49233518492485 35.05116510608716 89.54315241227106 26.68410173889113 14.761410766512652 2.9143539913458367 32.309739371409684 19.568267088151572 88.91360790691465 54.421264782305954 65.96571243300161 40.955926725668505 10.249796608841875 49.49583810324964 69.78402055282662 61.37703088262805 83.61744243195366 69.42156348616234 79.08927258907451 26.015199187532374
32.97776987295287 29.481146144517187 41.15797409740491 5.293766767054227 54.74535386096003 26.24819948779124 45.35231720787161 38.739066490961946 27.021427237499275 60.105570284782125 44.276259201502334 31.659113026798387 0.0 42.934747515561234 30.00415126921464 17.782664951967593 50.09338859512271 11.268724054471964 30.996869635496815 27.499324147416722 34.15587755162153 20.033270345799778 35.126577273877594 15.04974296653561 12.598961240749862 22.554371145524698 50.69279518016342 20.763272424499153 61.23067834686247 13.23504826438574 36.01311967492065 28.747567115092053 4.015935793470276 37.221244723235706 60.74805579455156 23.547656207821035 60.337863639824434 11.358378392573552 22.19308615738654 28.828419785452844 43.86304592953135 30.744615852799832 52.63668825782108 42.93797058690727 52.56110169298199 16.664730001700118
59.779148587266945 14.983794698728031 35.834288280965886 45.29495960180756 26.24566457212588 17.288786709655497 19.243943501760118 80.061216416745 28.696106254849557 21.21308149565521 86.04119475530585 68.9609146303505 42.934747515561234 0.0 29.26378377548157 29.01430853763132 45.27981986120705 49.57782243828438 69.65237807226902 27.286110190497013 56.53918349046398 55.7653101755423 32.36361563346044 48.128794826208534 49.37707964132123 22.0602533127726 26.653625699670986 34.87626693336957 21.561705012762662 42.301751589768166 77.60392581564452 66.30702601922327 39.888147616032235 62.794390414467024 20.77547563499196 24.029453198581948 45.6656575104808 43.632477201813394 62.133939687006006 20.71198377253268 0.9433809879227952 19.67911183637093 26.708818387706714 1.4289854838059295 10.129900717572045 43.13124495291616
31.697201640827778 26.79751403548838 12.060924807239607 28.67038743464847 26.888187907926444 17.371029259233396 19.17127576889731 57.93120809030165 3.122949331166716 36.780195844130866 64.19078185803194 44.27042077491916 30.00415126921464 29.26378377548157 0.0 30.148007639121957 22.415117181800547 40.92009858700908 45.82392661729116 3.4311607547572467 27.74804081505036 49.515457407625036 5.799583786841001 25.483590520056897 41.871200499129 14.364483246608543 22.04019032281621 10.345355153130248 50.77108304218517 20.701797836652396 56.02791884388684 42.08813722526086 25.999645632508102 34.194571390199236 49.95460497930648 30.683999325442322 30.670250836842925 38.170569806079136 40.36575366530827 9.280884531406116 29.819710588170825 33.73518417728089 52.53999142392591 30.264154069369653 38.73082358413906 19.36719306207473
47.0163851562025 14.080614112737964 42.12527903916717 22.270763533076664 47.862223075485986 16.440213786563188 38.15184590000254 56.417198894250916 27.19618010132485 49.01400158445784 61.80133203106223 49.05107732211784 17.782664951967593 29.01430853763132 30.148007639121957 0.0 52.563001958071794 21.03792381557034 48.62833352222572 26.741220916703057 46.49773920919721 26.751027501042337 35.936151454706796 29.937824597891773 20.58165846705635 16.343064193046796 45.18185449279352 25.87244749885072 44.60175109741064 25.345988542305946 53.646118887532516 46.14095565166212 16.783536850823452 51.07687054305265 44.22250850378075 5.989088093435811 59.66892142396671 14.735337068671534 39.91189394550421 23.721904890868817 29.9495205041384 13.175731737821497 34.85402330585349 28.584338597479746 37.503772206468035 28.198137804080574
35.78045476623158 47.80440509405872 10.620176217601898 47.31426593174136 27.208835240262637 38.79243257170591 27.21225054612534 68.20644697477974 25.398883025901526 41.926137705175044 74.23276217368495 52.89430168923717 50.09338859512271 45.27981986120705 22.415117181800547 52.563001958071794 0.0 61.355908754908086 55.42871573339145 25.82896050364732 30.131927329766548 70.1163729860979 16.636338292122705 40.491530103593 62.57912562732681 36.60516664892115 22.608373305005255 29.41822510860878 64.8230519123209 38.00517823221518 67.09112389474285 51.72706043923139 46.30880494501007 35.64638521730467 63.90299492225718 52.860396127148796 13.168175650607507 59.6183222933692 53.17312965964773 30.185199169674434 45.46096907035752 55.099116969634586 71.37460401413058 46.61070591055654 52.484972425425745 35.17864826557781
41.8898429875561 34.91723533541142 52.308981279245586 15.02609309200541 64.5990813600083 34.35151517563556 54.98714384782767 38.922634999790105 37.86795976493821 68.45780570386383 43.46275236621961 36.26676696368035 11.268724054471964 49.57782243828438 40.92009858700908 21.03792381557034 61.355908754908086 0.0 34.67929530112758 38.2068736399653 43.96005784701973 8.764564502449646 46.207294435504956 24.667288116411406 1.89497487024838 31.62951499884739 60.87114828281193 31.98997012152069 65.5036813666698 24.182843615685485 36.01311967492063 33.54022889901625 15.08927192006814 46.08895758910637 65.1602427328983 26.8835461045004 71.44021786948262 6.671111937664678 26.020209412306095 38.61690127204172 50.52107569398622 33.78048590559209 53.812530827026826 49.29693900495071 58.4580392814113 27.534872923408727
20.471249501839964 58.541919234502224 51.476185727301115 26.385904204878713 72.427698453573 52.44236938864228 64.95232604560736 12.78429287223198 44.27042077491912 82.30334299155302 18.906141261147553 3.1561456519801157 30.996869635496815 69.65237807226902 45.82392661729116 48.62833352222572 55.42871573339145 34.67929530112758 0.0 45.53063226074038 25.948698687763574 39.595386416347466 47.87995405660697 21.56697003770126 36.527542871391205 47.59372115896051 67.31067855392767 36.29665591218389 89.96563089844632 27.37930728837228 11.836291064098464 3.8033732933527484 32.033469625040055 22.632712596973477 89.36091478271463 54.15001913355999 68.44283555407674 39.70885498172386 8.900472732814189 50.57696016990165 70.49502203134747 61.2011895917019 83.37251482566981 70.05253878920006 79.76466067048294 27.095746991123928
32.77414680122741 23.6362821656045 15.407688922991403 26.637041764313505 28.11362244069517 14.187766242672051 19.62153606829303 57.33921460812033 1.4226131961563322 36.77284041773045 63.57893155280985 44.19090031306774 27.499324147416722 27.286110190497013 3.4311607547572467 26.741220916703057 25.82896050364732 38.2068736399653 45.53063226074038 0.0 29.271151399080335 46.71266008116074 9.195505379885459 24.57636281768922 39.07301252759813 10.952287918586196 23.577068279302306 9.285570419214332 48.847623868513246 19.36374901512622 55.308097037039474 41.86197893338951 23.483694932915224 35.58745592190732 48.05950163955087 27.266504229101972 33.71891190211651 35.1606188213922 39.53301390679791 6.669685110875577 27.914732464647805 30.460841685515202 49.68992166867613 28.18368222302923 37.03485992860804 18.576859669373185
5.663253198169342 50.32673916208759 28.513746926882988 29.22674943595269 51.21594914453229 41.570513451498336 45.78395267291602 38.561710413365056 27.854076995712546 63.52623560399011 44.411636069468805 23.157945177859354 34.15587755162153 56.53918349046398 27.74804081505036 46.49773920919721 30.131927329766548 43.96005784701973 25.948698687763574 29.271151399080335 0.0 52.006206939993774 27.055055189843475 19.32574161417791 45.7095776869835 36.82962659549825 45.900087650072834 22.628740661945383 78.09298385535901 21.67121677521665 37.78256541603683 22.47471419578427 32.007839710252256 6.52451762035041 77.31424430997039 50.11960609659898 43.29632174485426 45.51406400758361 25.96748811206668 35.83450052110662 57.181378586296724 55.716268011572986 77.12096315480257 57.39578363328271 66.29540749879249 18.452118888300813
49.50122620795359 40.813621138143034 61.009261913721296 23.56653532200246 72.5389783263033 41.672006088991346 62.84785164554125 41.273120714853995 46.438879636129286 75.46635922301259 44.845775288352804 41.66225128893095 20.033270345799778 55.7653101755423 49.515457407625036 26.751027501042337 70.1163729860979 8.764564502449646 39.595386416347466 46.71266008116074 52.006206939993774 0.0 54.875383618355684 32.88807125748141 7.6445707281009305 39.46786939052224 69.01402999868296 40.736569257822744 69.89077803578499 32.85124687754938 38.395577384467465 39.166747450088494 23.827410549021867 53.624478741558306 69.64742861948854 32.06299713269896 80.10413921296428 12.411786898577674 31.578431239391275 46.68554044832419 56.70028250169917 38.30930970375281 56.26909867983736 55.31860580159156 64.03021184044661 36.162230826333136
31.721510875104894 31.874659938680423 6.28927430279435 33.295297249673574 24.710724495420628 22.578327681124584 18.754685151000082 60.34157591486032 8.860894640745958 36.472368450664746 66.59408296773785 46.01062170676115 35.126577273877594 32.36361563346044 5.799583786841001 35.936151454706796 16.636338292122705 46.207294435504956 47.87995405660697 9.195505379885459 27.055055189843475 54.875383618355684 0.0 28.78173413509502 47.24228270214444 20.010828465978644 19.493040508120295 14.629022903610295 53.511543393621075 24.683230512791322 58.64393817115433 44.0853059677386 31.16428106095141 33.575658156702794 52.65276587257937 36.312873797645246 25.233025046875646 43.74797752614583 43.290018825162804 14.073115860828457 32.791467838719505 38.99718963453258 56.91001165482356 33.509719745072914 41.21027760929754 22.727208170224007
17.946978907820178 37.71993544719975 33.67853360915916 9.943472354283472 52.367043684138196 30.99233566739345 44.19611794677542 32.832207868108526 23.440019568850406 61.169351146955464 39.04875940493622 20.866623514969557 15.04974296653561 48.128794826208534 25.483590520056897 29.937824597891773 40.491530103593 24.667288116411406 21.56697003770126 24.57636281768922 19.32574161417791 32.88807125748141 28.78173413509502 0.0 26.396495654070105 26.091466339294335 47.500469175077406 15.316399001067454 68.69201788179417 5.8270931190054345 30.74031924985703 18.179026959983165 13.641592739046978 22.185661414617048 68.05613331868848 34.72056192195287 52.428439421186184 26.360348036887487 14.95684226965488 29.140200392738645 48.96187152865327 41.34873018171095 63.589604424399376 48.567043244002235 58.25216358461272 6.123761744198128
43.71433331560814 34.59145997446982 53.38915182744482 16.65905261472831 65.10741423107719 34.54260891551877 55.45064070543189 40.542377542046225 38.794346050470025 68.56172185384465 44.97125077169178 38.14109589458396 12.598961240749862 49.37707964132123 41.871200499129 20.58165846705635 62.57912562732681 1.89497487024838 36.527542871391205 39.07301252759813 45.7095776869835 7.6445707281009305 47.24228270214444 26.396495654070105 0.0 32.06015109007752 61.48989483337141 33.17164790570877 64.8230519123209 25.689400566570203 37.62937363158419 35.42186225837492 16.270755131422526 47.920145156568324 64.50364092356432 26.308793017507643 72.4676836287439 5.879563090563996 27.892632643696533 39.181562864594106 50.319076127870076 33.065675069129796 52.700564632544626 49.042968839321084 58.08190983559308 29.071666963615396
39.13969239006014 13.59976438288942 26.039598390742565 23.85319530825679 33.07111889183227 4.9791461865507 23.391667238804708 58.12269961728712 11.755892020613675 37.56373332311503 64.1661920753589 46.9485887756167 22.554371145524698 22.0602533127726 14.364483246608543 16.343064193046796 36.60516664892115 31.62951499884739 47.59372115896051 10.952287918586196 36.82962659549825 39.46786939052224 20.010828465978644 26.091466339294335 32.06015109007752 0.0 29.694176621955823 14.204303689925933 42.75032879919022 20.26662383182896 55.727565371312934 44.26887293453366 18.932169454581746 42.609958923653345 42.08135276348607 16.32030703364787 43.32923432898134 27.210173134855157 40.140376392350305 7.513580396900669 22.909627492707575 19.84444156719391 40.35032198135305 22.475578539610325 32.17162261845086 21.348354345143566
50.898205808360196 35.07486083585442 17.620445321952655 50.19673396794665 5.316921230995637 28.766356709214023 7.761511843848693 79.67344977433052 24.423336498501254 19.364949316349225 85.93421646747491 65.49233518492485 50.69279518016342 26.653625699670986 22.04019032281621 45.18185449279352 22.608373305005255 60.87114828281193 67.31067855392767 23.577068279302306 45.900087650072834 69.01402999868296 19.493040508120295 47.500469175077406 61.48989483337141 29.694176621955823 0.0 32.362582275508835 43.483935186039275 42.70583988526669 77.87931283781161 63.52451393574905 46.710836485943695 52.33207368737545 42.54517836280666 42.921111240044404 19.218232594030958 56.86683623880379 62.320723337390135 22.33322461518955 26.49354892182702 42.239660196953025 53.29526694885152 28.08257392999388 31.550251673113575 41.3773598036212
25.092834759651055 27.714050720935408 20.460132609452465 18.66628337747933 37.12507323308811 19.00296714010489 28.888579625230935 48.053661843644356 8.123621008648282 46.0230470900765 54.29396887380353 35.05116510608716 20.763272424499153 34.87626693336957 10.345355153130248 25.87244749885072 29.41822510860878 31.98997012152069 36.29665591218389 9.285570419214332 22.628740661945383 40.736569257822744 14.629022903610295 15.316399001067454 33.17164790570877 14.204303689925933 32.362582275508835 0.0 56.22408304128971 10.356466814944874 46.03097100927202 32.65803080906273 16.90988774407873 28.442971994686893 55.495811662949905 28.38385408774162 39.67589447626671 30.31695013673194 30.270035534621528 14.564746005284011 35.614349382978304 33.377717681764125 54.506759115172834 35.56532990393377 44.92005339513773 9.291301790046477
81.2419620923493 31.78905018086102 56.28427315817358 64.49404043761633 40.835357631059644 37.780553238536065 37.62083920351563 99.60400553359472 50.256865888409315 28.202491165527086 105.36530996435101 89.54315241227106 61.23067834686247 21.561705012762662 50.77108304218517 44.60175109741064 64.8230519123209 65.5036813666698 89.96563089844632 48.847623868513246 78.09298385535901 69.89077803578499 53.511543393621075 68.69201788179417 64.8230519123209 42.75032879919022 43.483935186039275 56.22408304128971 0.0 62.90268351561617 96.99550810676007 86.79648584178253 58.82354563213392 84.32428555226383 0.9410729897011568 38.654773554793145 62.41900724505113 58.95718777530512 81.99310380013995 42.25887304785221 20.958365780974937 31.7588503468412 19.353218446403098 20.71100432767297 12.405448395668838 64.09297970419368
21.67816288877784 32.10597880603394 30.116882621786456 9.401477557884204 47.41705281604805 25.17625882549305 38.93519613108526 38.42594195818046 18.34581329433326 55.655250267440586 44.60317906092489 26.68410173889113 13.23504826438574 42.301751589768166 20.701797836652396 25.345988542305946 38.00517823221518 24.182843615685485 27.37930728837228 19.36374901512622 21.67121677521665 32.85124687754938 24.683230512791322 5.8270931190054345 25.689400566570203 20.26662383182896 42.70583988526669 10.356466814944874 62.90268351561617 0.0 36.2312717712881 24.006008753653163 10.452660347871383 25.775402709811004 62.260128945292145 29.702455961438815 49.23257222828358 24.365344257535245 20.42726301655324 23.496308156220838 43.13533714853486 36.08815846114848 58.2480238890949 42.74189761526594 52.425099411540636 3.4421624940344935
32.30212266615049 65.21610219608665 62.644455616186704 32.51431610187168 82.87790732301006 60.32995292068362 74.91930126165941 2.914641193367373 54.14670906794413 91.87494678527038 8.439764536145919 14.761410766512652 36.01311967492065 77.60392581564452 56.02791884388684 53.646118887532516 67.09112389474285 36.01311967492063 11.836291064098464 55.308097037039474 37.78256541603683 38.395577384467465 58.64393817115433 30.74031924985703 37.62937363158419 55.727565371312934 77.87931283781161 46.03097100927202 96.99550810676007 36.2312717712881 0.0 15.39602546067545 38.17207322363041 34.30113587948662 96.46735058526373 59.516022924965284 80.03199922916998 42.13617492204057 15.808986643807991 59.719969080862455 78.49076106697537 66.73033254052768 88.38093718690229 77.83686855582874 87.58496928627827 36.75115546422082
17.12812845272897 55.53839468999227 47.67593089592653 23.8821793022788 68.64997795749917 49.157987690514425 61.232940030821716 16.53580786554038 40.58712073190481 78.6311311902294 22.69259780292557 2.9143539913458367 28.747567115092053 66.30702601922327 42.08813722526086 46.14095565166212 51.72706043923139 33.54022889901625 3.8033732933527484 41.86197893338951 22.47471419578427 39.166747450088494 44.0853059677386 18.179026959983165 35.42186225837492 44.26887293453366 63.52451393574905 32.65803080906273 86.79648584178253 24.006008753653163 15.39602546067545 0.0 29.406187128345437 19.663662063531763 86.1748267179438 51.523418044327244 64.71278294846726 38.119395885752645 7.602907297457765 47.01754021235123 67.1382201413113 58.49139786857055 80.72555372656822 66.74412469422379 76.43107334267332 23.51725848642758
31.441050121171177 27.04695163091715 37.23145082493711 5.724812829459431 50.80757308184062 22.90578409850989 41.46505459736185 40.79545046110076 23.00885031932558 56.48492163643799 46.54778599604779 32.309739371409684 4.015935793470276 39.888147616032235 25.999645632508102 16.783536850823452 46.30880494501007 15.08927192006814 32.033469625040055 23.483694932915224 32.007839710252256 23.827410549021867 31.16428106095141 13.641592739046978 16.270755131422526 18.932169454581746 46.710836485943695 16.90988774407873 58.82354563213392 10.452660347871383 38.17207322363041 29.406187128345437 0.0 35.646385217304726 58.2983904456344 22.12980463299306 56.38893967287745 14.045086312939166 23.506674128344066 24.950393494103537 40.80416835239528 29.17023082128039 51.349621412295704 39.98340868128735 49.68358984545862 13.865238921602726
4.245274836900405 55.96016914350143 34.86030426955224 32.02952220812501 57.648991142633136 47.44558455248006 52.30814596510433 34.656612006118955 34.1657729498481 70.04781927340106 40.16825907618204 19.568267088151572 37.221244723235706 62.794390414467024 34.194571390199236 51.07687054305265 35.64638521730467 46.08895758910637 22.632712596973477 35.58745592190732 6.52451762035041 53.624478741558306 33.575658156702794 22.185661414617048 47.920145156568324 42.609958923653345 52.33207368737545 28.442971994686893 84.32428555226383 25.775402709811004 34.30113587948662 19.663662063531763 35.646385217304726 0.0 83.55828110750296 55.10239684098945 48.78552162000227 48.47517880270925 24.82926869283757 42.083951717702305 63.45727579454749 61.01489334523072 82.71245528401712 63.614046509568155 72.62036802522931 22.90706034696733
80.49587832268358 31.283471040567477 55.390211720097284 63.9584570895231 39.895057115386855 37.11736162715728 36.698099057647354 99.06548081981983 49.47070799381643 27.297160769977225 104.84530782449433 88.91360790691465 60.74805579455156 20.77547563499196 49.95460497930648 44.22250850378075 63.90299492225718 65.1602427328983 89.36091478271463 48.05950163955087 77.31424430997039 69.64742861948854 52.65276587257937 68.05613331868848 64.50364092356432 42.08135276348607 42.54517836280666 55.495811662949905 0.9410729897011568 62.260128945292145 96.46735058526373 86.1748267179438 58.2983904456344 83.55828110750296 0.0 38.291663824700684 61.47795327873246 58.632627439772115 81.42265972555722 41.48323918597148 20.154803745364035 31.45193787428306 19.754010013961558 19.954890894220966 11.510969002012184 63.41605370284756
51.16310914551412 9.139565994742954 42.258465189781155 27.769051701496267 45.03280488739216 14.592740984846985 35.51045388329573 62.267173231834015 28.002788638969246 44.66619666024196 67.70897870322132 54.421264782305954 23.547656207821035 24.029453198581948 30.683999325442322 5.989088093435811 52.860396127148796 26.8835461045004 54.15001913355999 27.266504229101972 50.11960609659898 32.06299713269896 36.312873797645246 34.72056192195287 26.308793017507643 16.32030703364787 42.921111240044404 28.38385408774162 38.654773554793145 29.702455961438815 59.516022924965284 51.523418044327244 22.12980463299306 55.10239684098945 38.291663824700684 0.0 58.740387488198145 20.430042523364065 45.527924881152416 22.924308161974434 24.942394692349335 7.220835973842395 29.222739897036206 23.43663232885323 31.967886468992933 32.23799353607824
48.94047800458538 52.07633392983732 19.217565769842974 58.24211274991054 21.710167510474943 44.150661182233485 26.429440232941875 81.22708204571266 33.7853956888693 36.140629307373466 87.29193203950504 65.96571243300161 60.337863639824434 45.6656575104808 30.670250836842925 59.66892142396671 13.168175650607507 71.44021786948262 68.44283555407674 33.71891190211651 43.29632174485426 80.10413921296428 25.233025046875646 52.428439421186184 72.4676836287439 43.32923432898134 19.218232594030958 39.67589447626671 62.41900724505113 49.23257222828358 80.03199922916998 64.71278294846726 56.38893967287745 48.78552162000227 61.47795327873246 58.740387488198145 0.0 68.83630337058335 65.77265593193049 36.005722560408174 45.57411356382119 59.461889395793456 72.37115073693421 47.089291750255256 50.68987838778849 46.74895408155252
44.2300829255714 28.78392663731951 49.99582570281841 16.44748385960025 60.25579206453947 29.263968676675635 50.5397202120478 45.02792796560778 35.05207261989889 63.0870945528635 49.79543675638556 40.955926725668505 11.358378392573552 43.632477201813394 38.170569806079136 14.735337068671534 59.6183222933692 6.671111937664678 39.70885498172386 35.1606188213922 45.51406400758361 12.411786898577674 43.74797752614583 26.360348036887487 5.879563090563996 27.210173134855157 56.86683623880379 30.31695013673194 58.95718777530512 24.365344257535245 42.13617492204057 38.119395885752645 14.045086312939166 48.47517880270925 58.632627439772115 20.430042523364065 68.83630337058335 0.0 30.848267427213468 34.54398839514109 44.572779104510644 27.204488255904558 47.16396183007732 43.26342924900946 52.2382381952768 27.806095450976112
21.426438913633397 50.354117089981436 47.687003247484526 17.793760120146455 67.25082769935509 44.84644829703999 59.152945756353276 18.028223635491972 38.39295616272138 76.0659667415642 24.178624022479763 10.249796608841875 22.19308615738654 62.133939687006006 40.36575366530827 39.91189394550421 53.17312965964773 26.020209412306095 8.900472732814189 39.53301390679791 25.96748811206668 31.578431239391275 43.290018825162804 14.95684226965488 27.892632643696533 40.140376392350305 62.320723337390135 30.270035534621528 81.99310380013995 20.42726301655324 15.808986643807991 7.602907297457765 23.506674128344066 24.82926869283757 81.42265972555722 45.527924881152416 65.77265593193049 30.848267427213468 0.0 43.92178161871552 63.00502144346428 52.64040223789582 74.728809063414 62.43572737938473 72.18389471454809 21.018860952509986
39.12186289432673 17.80312602226217 19.5734042994211 29.17042181374843 26.00489770319034 8.607342985627822 16.524001119422323 61.91969296825766 8.045143850486738 32.24511937612878 68.0991999780299 49.49583810324964 28.828419785452844 20.71198377253268 9.280884531406116 23.721904890868817 30.185199169674434 38.61690127204172 50.57696016990165 6.669685110875577 35.83450052110662 46.68554044832419 14.073115860828457 29.140200392738645 39.181562864594106 7.513580396900669 22.33322461518955 14.564746005284011 42.25887304785221 23.496308156220838 59.719969080862455 47.01754021235123 24.950393494103537 42.083951717702305 41.48323918597148 22.924308161974434 36.005722560408174 34.54398839514109 43.92178161871552 0.0 21.375362460447388 24.975238908794992 43.25917947992759 21.564231151605885 30.58618371738307 23.5003829068753
60.47397057150882 15.911072301639647 36.127543573345484 46.20013029948688 25.902809763236004 18.16604055856279 19.18602380840276 80.94149488710923 29.328981755302095 20.430425040906666 86.92876681095028 69.78402055282662 43.86304592953135 0.9433809879227952 29.819710588170825 29.9495205041384 45.46096907035752 50.52107569398622 70.49502203134747 27.914732464647805 57.181378586296724 56.70028250169917 32.791467838719505 48.96187152865327 50.319076127870076 22.909627492707575 26.49354892182702 35.614349382978304 20.958365780974937 43.13533714853486 78.49076106697537 67.1382201413113 40.80416835239528 63.45727579454749 20.154803745364035 24.942394692349335 45.57411356382119 44.572779104510644 63.00502144346428 21.375362460447388 0.0 20.500699331678774 26.807840687382132 1.8588758180328115 9.329446936809093 43.9280805375878
57.200392067601015 7.4006640529275405 44.51579273756018 34.8540233058549 43.52342150826976 16.419815054593478 34.53011876248791 69.4760386199483 31.444752550049785 40.877094467215656 74.92925433180638 61.37703088262805 30.744615852799832 19.67911183637093 33.73518417728089 13.175731737821497 55.099116969634586 33.78048590559209 61.2011895917019 30.460841685515202 55.716268011572986 38.30930970375281 38.99718963453258 41.34873018171095 33.065675069129796 19.84444156719391 42.239660196953025 33.377717681764125 31.7588503468412 36.08815846114848 66.73033254052768 58.49139786857055 29.17023082128039 61.01489334523072 31.45193787428306 7.220835973842395 59.461889395793456 27.204488255904558 52.64040223789582 24.975238908794992 20.500699331678774 0.0 22.266620457447296 18.76671073824708 26.182210986506764 38.36277845567947
79.03307059846352 26.79456973144533 61.37599551446126 56.989424330451875 52.35539864158371 35.83643176207403 45.95274589041225 91.18433538250181 50.91947631692955 43.18268021674614 96.42446856852854 83.61744243195366 52.63668825782108 26.708818387706714 52.53999142392591 34.85402330585349 71.37460401413058 53.812530827026826 83.37251482566981 49.68992166867613 77.12096315480257 56.26909867983736 56.91001165482356 63.589604424399376 52.700564632544626 40.35032198135305 53.29526694885152 54.506759115172834 19.353218446403098 58.2480238890949 88.38093718690229 80.72555372656822 51.349621412295704 82.71245528401712 19.754010013961558 29.222739897036206 72.37115073693421 47.16396183007732 74.728809063414 43.25917947992759 26.807840687382132 22.266620457447296 0.0 25.288591482414283 24.14741135335025 60.36454474387239
60.5417015115809 14.506162156379686 37.09533179870567 45.45010642516098 27.64938328307471 17.616254358014878 20.664965259850305 80.32171386239897 29.58517662394382 22.236617554005534 86.26934750015107 69.42156348616234 42.93797058690727 1.4289854838059295 30.264154069369653 28.584338597479746 46.61070591055654 49.29693900495071 70.05253878920006 28.18368222302923 57.39578363328271 55.31860580159156 33.509719745072914 48.567043244002235 49.042968839321084 22.475578539610325 28.08257392999388 35.56532990393377 20.71100432767297 42.74189761526594 77.83686855582874 66.74412469422379 39.98340868128735 63.614046509568155 19.954890894220966 23.43663232885323 47.089291750255256 43.26342924900946 62.43572737938473 21.564231151605885 1.8588758180328115 18.76671073824708 25.288591482414283 0.0 9.750933767167291 43.675291261841636
69.7080466117098 23.552116510651743 43.87975521146754 55.17909291615542 29.45554536518444 27.350688672409895 25.324486535933854 90.07247483493317 38.45575505804669 19.036914349678852 96.0163784362989 79.08927258907451 52.56110169298199 10.129900717572045 38.73082358413906 37.503772206468035 52.484972425425745 58.4580392814113 79.76466067048294 37.03485992860804 66.29540749879249 64.03021184044661 41.21027760929754 58.25216358461272 58.08190983559308 32.17162261845086 31.550251673113575 44.92005339513773 12.405448395668838 52.425099411540636 87.58496928627827 76.43107334267332 49.68358984545862 72.62036802522931 11.510969002012184 31.967886468992933 50.68987838778849 52.2382381952768 72.18389471454809 30.58618371738307 9.329446936809093 26.182210986506764 24.14741135335025 9.750933767167291 0.0 53.255165521020274
18.925604230832583 33.90007001568185 27.806095450976038 12.618167693572008 46.25437192663808 26.32575870258695 38.17118870054853 38.762360269724255 17.396497556683855 55.28940927505117 45.003233971587214 26.015199187532374 16.664730001700118 43.13124495291616 19.36719306207473 28.198137804080574 35.17864826557781 27.534872923408727 27.095746991123928 18.576859669373185 18.452118888300813 36.162230826333136 22.727208170224007 6.123761744198128 29.071666963615396 21.348354345143566 41.3773598036212 9.291301790046477 64.09297970419368 3.4421624940344935 36.75115546422082 23.51725848642758 13.865238921602726 22.90706034696733 63.41605370284756 32.23799353607824 46.74895408155252 27.806095450976112 21.018860952509986 23.5003829068753 43.9280805375878 38.36277845567947 60.36454474387239 43.675291261841636 53.255165521020274 0.0
