0.0 23.606646381262824 43.79725930998063 20.25359459797332 14.03343131443782 82.03739236903438 61.39676114254637 69.90316975103839 53.967959197241925 18.65737883506177 41.26536982020135 39.52429085017476 64.02475143716194 64.87063519147634 32.957084025720896 51.504531121114084 42.36612790403597 77.15617765042899 27.99563336838328 40.066866925221284 4.892844927440159 36.32680935495029 38.55675134815057 33.80768662280275 33.86545327989815 54.75960280818548 54.93515632907078 70.96390671897704 26.14144779737745 22.93843046444919 30.186670823769308 46.86616146432717 58.513691815786416 60.530400378160095 14.588628151517124 54.3214571901669 38.934277494600906 58.26457447802478 71.68219670326242 44.43501381745465 105.56083689422839 96.13558655439533 89.10494046173343 85.06473137471599 84.44528009243719 87.31941841788617 93.36506323312834 102.01993887754843 112.68442448011352 124.84458261071951 94.54147064617266 83.94723320183388 75.86089643943585 71.14283246614164 70.47282434059787 73.96096731603251 81.07231191061888 90.96100366038982 102.82887712620094 116.07041444904061 84.46134973036146 72.46393975856088 62.98431242827226 57.28632243966157 56.52539203962281 60.886905257140064 69.4118764928552 80.79294551175381 93.99834876288095 108.36317259546509 75.69680170048042 62.07842183239877 50.75588629220183 43.55794297380539 42.62785082157749 48.328850617265026 58.76160995941624 71.89492801776912 86.50745292060887 101.9652049143044 68.75295085256282 53.434834973523884 39.77819305589861 30.13365914418469 28.85272778352413 36.81890960080024 49.77443143144177 64.79248151522798 80.73008741392422 97.13566843909534 64.22321454673252 47.4941071660582 31.39222472582945 17.719084624666557 15.529738426796335 27.6964297382078 43.49395698079808 60.12544383541633 77.05275029421125 94.11639755278227 62.633644965181766 45.33172066697054 28.02980413095602 10.727932913631216 6.574250798910268 23.87606765199212 41.17798007996678 58.4799032522941 75.781829809773 93.08375786475673 64.20301947872018 47.4669201016705 31.35126694701812 17.64675652724369 15.447547837456575 27.650643644586307 43.464952493189 60.104565034658265 77.03653693056759 94.10318776726017 68.71521763660077 53.38649831543126 39.713536878933574 30.048653248471293 28.764350405431408 36.750018884838276 49.723733401623264 64.75372715359899 80.6991353028759 97.11006867649803 75.64539117472663 62.0160097874555 50.67988395945843 43.469767777692496 42.53816742083378 48.25013542758303 58.697192048460714 71.84253645444475 86.46412341622562 101.92862275121253
23.606646381262824 0.0 35.689457077832195 21.050681439417197 37.00925952305573 78.91877083158845 41.52396920226832 48.06757269911231 67.88304758983224 9.922874317126903 59.633136782582504 55.8862727417545 78.30176053429994 69.7274524734722 39.99458943505177 31.333198516429714 38.124888278641464 57.56047959984575 18.76023474597149 53.664815947310586 26.5196036459794 23.96930190059083 26.32189884854629 18.293622793331235 27.504391095613514 60.6349838813629 33.68281625324479 49.80523807898869 19.702780338327667 12.821150798369052 14.983448651039625 33.98663344944767 61.75988990748697 65.31241585633788 12.698286290638753 34.5182532944889 36.511416402086574 42.84658715240855 50.93832506125877 60.46386947283973 122.57040600897462 110.94322728622484 100.9552969415917 93.13549983552964 88.06331658742141 86.22500320199241 87.82386734909153 92.68219475809711 100.32758256804995 110.18137534053534 112.96511311314629 100.28145227645064 89.16451355241587 80.26792136522775 74.39257920533252 72.27904536482886 74.24926177721032 80.00208289524555 88.80541412536522 99.85568489216676 104.3878372020842 90.55721105681376 78.1222968532575 67.85480771320327 60.861757016513316 58.33291418916939 60.82763485322325 67.79358612137493 78.04252910901259 90.46545889561702 97.11149463278682 82.10446179721929 68.19345145104683 56.19835328014227 47.59061797175399 44.386741753512226 47.68860120727347 56.364230179649816 68.39849500772297 82.33155963355401 91.44727021596412 75.35245896768134 59.93406346172096 45.8791881109319 34.87716858629253 30.44081016840408 35.150789565351445 46.2949472260118 60.41171507615889 75.85932735234941 87.70814292180903 70.78965294075785 54.11417428701441 38.002960683317674 23.639341134843757 16.496185757694594 24.16903197254749 38.663578922525666 54.81163042973231 71.50153559379858 86.14521039856453 68.85272588250808 51.566578521887614 34.29635187043646 17.090379017224624 2.5760299783244016 17.88587090726333 35.098239242709575 52.369666696768824 69.65623557217911 86.87602621736059 69.76077434079157 52.76741709191072 36.06865593708355 20.40118967864539 11.409737251420648 21.044444222563524 36.80038214166379 53.51990829166808 70.52096146504849 89.84462420451533 73.40828623512164 57.48223135466591 42.64208952569576 30.515555391339657 25.352729374024154 30.87123413046692 43.15108053002901 58.04919335526706 74.00075939850285 94.84106431907836 79.41865614103554 64.9501687125311 52.234393831527235 42.86076752511335 39.29840833338246 43.0161645553768 52.4892554659797 65.2576392188883 79.75401572392099
43.79725930998063 35.689457077832195 0.0 54.50112556509434 49.075056868792615 114.59146764918124 69.34462550148432 70.65289044291019 97.46728386775818 43.92870818810647 84.93961365896112 83.2932890421456 107.66325466571949 104.17436431496799 72.83832622500678 60.32040321966348 73.77115792740277 84.02386467349442 54.39950591788679 83.30529085954991 48.681266554048705 59.31676727692498 10.298430892832206 53.258712242292624 63.147677412889394 94.58418099982438 60.24804346261696 73.95883401689785 55.04562025060439 48.14953593758327 50.3800108773464 68.56211066590633 96.56915594801363 99.72167351970552 31.43763543740345 63.50388111934415 71.94871608423753 75.3972214412264 75.89514499000241 88.19932875988852 149.17179894934074 139.91501192527568 132.28316622247604 126.57054204931892 123.0447427140226 121.89567609715226 123.18986784523504 126.8525591975404 132.68775586405735 140.42489053746198 137.73734239705777 127.71287849120455 119.36598964049757 113.06881065443291 109.17659416373665 107.94979293402875 109.47804888139727 113.6502744833439 120.19144272268133 128.7409694964041 126.8430268217533 115.93684882044602 106.7343549969874 99.7083864116043 95.34134605502636 94.00453381259437 95.82485403135665 100.63112384277127 108.02552329937684 117.52052775666444 116.64047610621147 104.73095225467064 94.50304838898313 86.5549654892084 81.55599333402381 80.06047806911566 82.25972496173969 87.87676971171405 96.31548712908281 106.90978237812816 107.32731532726207 94.29884966813394 82.84977736170802 73.71967373938365 67.85121304078065 66.11865132966071 68.83499926588036 75.52172086141384 85.24960790089179 97.10897538210214 99.15462216037828 84.9263485947181 72.05574587860937 61.40257797118558 54.28833104796079 52.18112142937944 55.65263891767375 63.79861473843817 75.1133177647459 88.38811010280514 92.42556038345442 77.00150195269164 62.56744224931224 49.98844658809081 41.008672144783034 38.252895655656744 42.93673598678106 53.127667034412084 66.33431350316377 81.09648406272996 87.47403259696961 71.01078269841926 55.06420668910351 40.25311385977508 28.412500960055475 24.35031754443808 31.262060657344517 44.276468094008564 59.51643080272862 75.64863622264926 84.61275506151841 67.4714550038202 50.4399568488211 33.68522434015456 17.997569728891982 10.575621911479496 22.32684766939268 38.52071598837996 55.38877213863103 72.46171184251017 84.05549991658825 66.77451802540425 49.508170901740776 32.279951235438 15.219890101593478 4.473074430815527 20.176354285138395 37.321249802648985 54.56537032441035 71.83729621626127
20.25359459797332 21.050681439417197 54.50112556509434 0.0 32.752289762807436 63.00002953393104 45.16153432144905 55.485400083240435 47.14568704382785 11.188526015030218 40.97625720565245 36.276818945596204 57.53257829360145 49.67326822459746 18.968013261316546 36.27663650201265 22.364902871355437 60.05410291719764 9.977936174819748 33.12303574186324 18.731556095671188 17.788948239785253 46.22285081643391 17.82656255785829 13.68513012892119 40.158448750358474 40.621033413990844 55.60725259844949 7.222424294170946 9.641612584064415 15.401507044056082 27.512247283515546 42.1554794872936 45.22068325183827 23.825366859132565 38.4914054208231 19.25241622544463 39.34966684519126 55.82938078841666 40.52975539085824 102.23413571083707 90.10532328294245 79.90501065061125 72.45234871545965 68.64812893383834 69.0976051856117 73.72301637332764 81.81917812073924 92.47898862777502 104.92396976168045 93.28217474572324 79.85439984029007 68.19520011726462 59.35608276395495 54.7211375992589 55.35666478696202 61.098419534458166 70.71331204150371 82.86390786685325 96.59803854428492 85.73556416349399 70.93610432143194 57.54980830743159 46.80529438356081 40.8435592807271 41.765568276066816 49.18571600006858 60.76851347297213 74.59956707078673 89.64420890717558 79.9931640696933 63.91091984345192 48.67253069558489 35.385519710308124 27.091787645730687 28.53953577668028 38.64913244417095 52.64708887331181 68.17907807199819 84.40241464770496 76.46264260652228 59.4538733185254 42.681415676605276 26.596170572802755 13.846378137212838 16.57712095951022 30.928830312504125 47.297959819572256 64.15850929595827 81.20495354621117 75.45517275489617 58.15849798774076 40.86627303535368 23.588286209515736 6.440171713228782 11.191870620308315 28.421008341710742 45.705175344038494 62.99909509025427 80.29646631106256 77.06977764058875 60.229157057936476 43.750022839546084 28.27171804549943 16.829378725099215 19.127946558707507 32.36110466413519 48.24226626989759 64.85448187176893 81.75331055718833 81.15007572327686 65.34662166877008 50.53450732474245 37.89460635850715 30.281599117351 31.569900105793458 40.92738977531217 54.33372036283443 69.4835548642614 85.45457809892055 87.35116698990065 72.8717401519265 59.908754866719526 49.66418795660423 44.07616680245404 44.91758735234457 51.876536951258636 62.95605433502816 76.38362866202213 91.12714708751982 95.25970011637668 82.14539025017184 70.85207909880306 62.37680968396977 57.969068999904394 58.55473367546644 63.996859388618645 73.22046495354901 85.00336619701291 98.43071340661557
14.03343131443782 37.00925952305573 49.075056868792615 32.752289762807436 0.0 91.27989618433958 75.39662115638735 83.91578373175784 54.613561567037564 32.68633184915737 38.78497558726555 39.38289226010958 63.73787533805127 70.89194147116314 40.61634922772741 65.53206319454252 53.678796114954146 91.10339545443537 41.471369291477885 42.32576566347624 14.02254078169723 49.81375263387449 46.487569375676195 47.706353645795346 46.374266169410745 60.80562682774912 68.9621151679058 84.99733775795366 39.338380009252866 36.83384962463282 44.138590622253524 60.10738251492875 65.72578177858372 66.82240458366927 25.982738794741277 68.33190764578111 49.918526137834306 71.74366228800916 85.70927578881108 44.051292934771574 101.59936775647405 94.2651441763519 89.71108352776702 88.3680645496165 90.37934708901379 95.53330912076453 103.36089756704159 113.30936573183162 124.87283451898217 137.64487807247775 89.45020493778647 81.0890825550083 75.81705573681208 74.294677175361 76.74541457084388 82.81729737004555 91.79453858708622 102.91965978103491 115.57405378450515 129.30952760680654 77.98927289624565 68.3022864105986 62.02236505675743 60.22492010774037 63.29300145516915 70.59506258108999 80.99393486357089 93.46158518073696 107.27914112203733 121.98875411428041 67.56790230484684 56.171467007582656 48.41228301546319 46.16240618638955 50.16861070679109 59.17359557037595 71.3080814651941 85.24596007229465 100.237757814626 115.87512947621144 58.74219067810629 45.22781194079503 35.20189692342646 32.116984414327526 37.716526822469255 49.11497398989047 63.25135185317447 78.6631738436115 94.72995774098027 111.16808640292415 52.326027843332206 36.55382270857105 23.0881516025564 18.12885984591682 26.88792292616882 41.42435593136506 57.512660818573195 74.14949136420279 91.03460885678538 108.05167733451373 49.2700338993769 32.04878728458681 15.014220731300847 4.737342473706312 20.449242896686364 37.584760052064446 54.82490650319018 72.09466061909913 89.37686131358984 106.66545888214034 50.19181743822088 33.44230577408403 17.78398661948098 10.623823772055127 22.542718777063097 38.75817068755828 55.632099610632984 72.70748452516965 89.86956766173 107.07666956091728 54.89133607845466 40.1244289732934 28.382944080679273 24.493344387068177 31.51137912196818 44.550205379887686 59.792853041987044 75.92338533451915 92.47835582766018 109.2650119783099 62.522395393060066 50.01863364108351 41.150745305426966 38.51766230390715 43.272891304291676 53.480671990820674 66.68228980439712 81.43451118919275 97.03266353980602 113.12737209171323
82.03739236903438 78.91877083158845 114.59146764918124 63.00002953393104 91.27989618433958 0.0 61.31509750499255 71.92074335751762 55.71646198473735 71.62606938009601 69.29603711232603 63.150151961096526 58.398457458242675 28.233831890602524 50.74811677900311 63.32615601210008 41.2010477591988 61.712905774975006 60.35731284814881 56.266937214110506 78.83225427530498 55.512614149220624 104.93306740724705 61.74795461549471 51.68787009325623 34.79516627963242 67.03898001230701 68.2883025629317 60.16518431658596 66.84187393891888 64.29883474538615 47.889349433491255 27.885973162357118 29.74193432196756 86.26014481696825 61.64933321510327 43.795497524534326 47.3155108347524 66.25103733112454 62.063201769846664 92.81873705126746 75.58610989285552 58.39448088567917 41.295085849512326 24.481955824057653 9.600079940745541 13.552499290263388 29.56166888730348 46.50621061790429 63.6433524644296 92.7376304589653 75.48694640092769 58.26665814293248 41.11497568739829 24.178345700846652 8.800964510249266 13.001344246625305 29.314268344191806 46.35009282965335 63.529908566775624 94.7770735559287 77.96764410631279 61.43227937580605 45.47095707512819 30.983906977426773 21.23931759973892 23.257822316124866 35.06359296965519 50.16668587069028 66.35245855869083 98.80581555306333 82.79660566802461 67.42903275840959 53.2614197426524 41.54023390700191 34.82974388269944 36.04634392958653 44.545197140773475 57.16570730566142 71.76537759222822 104.5941848306087 89.59487211850788 75.58598347760122 63.22928803706385 53.67818003917388 48.61536113548948 49.439476572678345 55.890719521651995 66.34745958105967 79.23951309967298 111.86929775933652 97.95318446651223 85.2854474062482 74.50559279719815 66.53761194832869 62.46694227083401 63.0529822990471 68.17575011821566 76.93426972860931 88.25262285079663 120.36176933356877 107.50819121019052 96.06118886215528 86.58047125496715 79.77022733536883 76.34844795502407 76.76957086564637 80.97366044820899 88.42276591135533 98.38253170984676 129.83282525597184 117.96934979559965 107.59017740298182 99.16248717177385 93.21708672416777 90.24591658241549 90.54225240010135 94.07522142929109 100.50407410351119 109.31909413498829 140.083999427253 129.1164649256576 119.65473944690093 112.0808296203583 106.79713762391864 104.15279824149734 104.34865930760581 107.3691788080879 112.98804785057942 120.84336099319627 150.95631521668423 140.78655407980202 132.10807652234595 125.23130328994908 120.46518225051729 118.06560174782105 118.17680765851695 120.79186558490534 125.7546702314715 132.80227689376372
61.39676114254637 41.52396920226832 69.34462550148432 45.16153432144905 75.39662115638735 61.31509750499255 0.0 12.330698530076356 82.03301498281398 42.76442352797213 82.66027498804377 76.64357707748748 91.05164323213806 68.53535087102074 54.51588495960685 10.196504856873393 37.675606568690014 16.046025064895588 35.20741316593279 71.02949504681067 62.080297875920294 27.747915658413575 59.14817977676855 27.880320198743572 35.05324349813739 63.97178723308645 9.113107110819675 10.82953662571453 37.950022690985676 38.64612683276229 31.295903778258193 21.93175270424642 60.379772256177496 65.30613299749852 54.124392796987635 7.111893096046938 40.3765314857848 14.4904987554647 10.687488018139572 79.62662806719581 135.7153474925567 120.57683886862971 106.10177830254466 92.60181103989346 80.56859325299506 70.75447542060488 64.18557570029776 61.90375777553786 64.36658363125842 71.08258375159646 129.80240318285058 113.91214861576982 98.4986982963114 83.8254839761196 70.35717586607122 58.92584205895281 50.922291420535274 48.08957162870008 51.291678371153914 59.563141921629516 125.1923042814924 108.65456386936933 92.39709560965214 76.59856482902075 61.6130247601418 48.204743914908974 38.07804723687028 34.27660800834831 38.71100439760624 49.20270008948006 122.03286414293085 105.01571696979138 88.1095524765659 71.39325746748244 55.040101138401724 39.503668211760015 26.275053157425074 20.467744918908284 27.316483908259926 40.89209644360277 120.43834815148497 103.1670899365156 85.90817524582192 68.67091152561903 51.477053072723436 34.39176186166468 17.731693727742112 6.689247234862132 19.3337136188051 36.07703318772444 120.4709339049501 103.20495472470238 85.95343386824783 68.72725993363947 51.551848390358174 34.50309025548493 17.945661094989735 7.234888896119912 19.5282828939895 36.18117464208013 122.129318551432 105.12727238823176 88.24187092773536 71.55573775051668 55.24971366827938 39.793838104537635 26.70729632593903 21.017165325034632 27.728581551728823 41.16720377615517 125.3489670525248 108.83420812228977 92.60730973506968 76.8508322506115 61.924911477496714 48.600890404824646 38.57597798676759 34.82632983862692 39.19627616671861 49.583571105184994 130.01389837338857 114.15198495096885 98.77469077796768 84.14811572895003 70.73947409969465 59.379651262258484 51.44428778085959 48.63937170399978 51.80505947780997 60.003682124199884 135.97538036002084 120.86810501697737 106.43114197153628 92.97726376692407 80.99783700543044 71.24059269603221 64.71853615646346 62.45358455194289 64.89303468932535 71.5573623436926
69.90316975103839 48.06757269911231 70.65289044291019 55.485400083240435 83.91578373175784 71.92074335751762 12.330698530076356 0.0 94.2234176959279 51.355963566028564 94.22955565594339 88.35753259119124 103.32647733943242 80.73186352383642 66.34893507603114 19.21524564044978 49.92446048061768 15.077816464061014 45.54056519644753 82.94386295536644 71.21175853834538 38.814351411458496 60.90979002959846 37.704354243629425 46.59555010089225 76.29968050086357 15.052230236939135 4.320391361724807 48.4047489523165 47.91598846088961 40.66306117881054 34.13940695201152 72.63377541192382 77.5688713258922 60.72285871632499 17.3493391461878 52.500934154514745 26.40011693661179 6.789185832274874 91.50458890618312 148.03966723751353 132.90184261462701 118.35855441337807 104.65794749561739 92.17654519755855 81.4765974686 73.34198883257785 68.69024426665187 68.2374012524709 72.0626612245691 142.0358160339676 126.21138586987568 110.82939146603573 96.10251456421382 82.38283681766526 70.26286005254286 60.70837180931757 55.07124946130582 54.57909701826181 59.36002316411537 137.20743047074896 120.77748569401176 104.62900518685097 88.91547674135293 73.91482181580702 60.162657573818144 48.72776878878061 41.56863166530927 40.99039434520287 47.23536092043571 133.68201165009788 116.77576990467615 100.00495372221525 83.4512506521013 67.27512048436242 51.831289501836906 38.02280159556077 28.349505207053053 27.57472727649586 36.273225081897344 131.56439687215357 114.35674768427042 97.18257949624667 80.0634409342026 63.044176503370714 46.2352096118851 29.992229407612882 16.127177122798873 14.810491524377472 27.88060753587926 130.92294638822344 113.62158684151551 96.32043241682456 79.0196178471829 61.71942893154451 44.42059668361226 27.12571678298712 9.855618266981615 7.561449003264434 24.817965464644526 131.77922732438307 114.60270769636941 97.47055452793363 80.4111305739508 63.48309516686566 46.829150700842476 30.895758129401187 17.74370077135881 16.548187072548163 28.836757885803014 134.10454088865723 117.25702268313795 100.56391225084083 84.11718684754473 68.09560482500447 52.886966894565695 39.44313293449122 30.219195913785203 29.484715791330125 37.738663550117316 137.82452038573638 121.47486334721808 105.42955575666048 89.85179366790454 75.03334738879485 61.525331468777956 50.3928010873129 43.49950790208478 42.93815053414876 48.92716170123386 142.83018532437055 127.10061098745736 111.83633987143209 97.25670489848872 83.72015593313905 71.81894249767787 62.49443674472411 57.024967140079625 56.54058066066221 61.15983793635915
53.967959197241925 67.88304758983224 97.46728386775818 47.14568704382785 54.613561567037564 55.71646198473735 82.03301498281398 94.2234176959279 0.0 57.98330300464316 17.78838579115194 15.233409946576245 10.421919076309162 27.58624281384624 29.363852966924288 76.48053556007545 44.38694565211503 92.51895392157336 53.97315619495298 14.322828790804863 49.09868719023646 57.269239929886396 90.96354493251249 61.317741228306595 48.92099010715144 22.487447466452853 81.41000649931786 92.68933704751147 51.39043006028668 56.617999274252156 60.59546433696548 60.10451308304223 29.438455480529445 26.201129535468304 66.37675066147162 77.31994265289657 41.74518717602858 69.81260937274979 91.89465249817496 10.76976690640736 55.360770102852534 43.08124393511946 35.29702772689298 35.13509112671999 42.6822792899759 54.84329655512549 69.22792256997276 84.71086839507953 100.78722666877127 117.21308275609142 47.872174395352424 32.961466968084345 21.906235643835434 21.726013153278664 32.601652826932586 47.45974629731767 63.56649197641361 80.17282530731859 97.02255699202563 114.00781922599754 43.834259072463475 26.79269544805781 10.628651003467043 10.3344737058287 26.445186768886284 43.48112109348973 60.667794682938265 77.9055079161363 95.1665300800819 112.44012701487463 44.2030733881349 27.38922245375607 12.04743085945594 11.782399926803352 27.041127561302766 43.8444236541634 60.927478737996346 78.10694667691322 95.33071827602 112.57846085665614 48.878961781985325 34.40088335762148 24.00832783223024 23.83463852138563 34.03661763778407 48.45207782553992 64.3072897080202 80.75866722596687 97.50491430243247 114.41663101380506 56.808095363771926 44.917659800909675 37.506528909472834 37.34421435027733 44.510089483150324 56.27088831602888 70.35897074001687 85.63330976227503 101.56007977283161 117.8751159120055 66.8425026027104 57.0323046714807 51.343436324750755 51.169465374862185 56.56130280933473 66.17211512247285 78.46666629519419 92.37958472718783 107.28307734282777 122.81706212269951 78.17554998118248 69.91899609481116 65.30396988986904 65.10947719340855 69.37270807729469 77.36015964303822 88.06423247958627 100.62165200534923 114.42385122743501 129.07211811198738 90.31957536151133 83.21970656470536 79.32273666940846 79.10345548520726 82.5911612199129 89.35281908487921 98.7179607246617 110.02376281870346 122.73509735669765 136.45974858492696 102.9879520687786 96.76370901191451 93.37335657077472 93.12692026606592 96.04860261663961 101.8661674755796 110.12161146851592 120.3141461867959 131.99579332648077 144.80661711703272
18.65737883506177 9.922874317126903 43.92870818810647 11.188526015030218 32.68633184915737 71.62606938009601 42.76442352797213 51.355963566028564 57.98330300464316 0.0 50.27966703218618 46.24207930721047 68.39903282009165 60.462046468832625 30.156526324321078 32.847160134999406 30.42809473024335 58.592025553389675 11.73959832501198 43.79309983532862 19.956084527581066 19.262812655184497 35.261282229987835 15.505530097599795 20.015818136889077 51.14089794352304 36.34200648063545 52.32086214235745 11.46151007781913 5.222075092281331 11.756873638961665 30.03626628865048 52.69688804539062 56.02123436494871 14.907041522499 35.67751993918983 28.19135497418295 40.66455313098927 53.024821526745654 50.74323760039103 112.78112654111918 101.03268765624162 91.07309681565242 83.54458372689597 79.14397952437461 78.39977703009403 81.4123092681724 87.79570992272977 96.88597823951137 108.00177033572733 103.37260392824541 90.46118302763846 79.24171457523556 70.52635199325826 65.32516073445527 64.49403249511481 68.19294049235624 75.76125224297392 86.18556058036394 98.56382534195788 95.13637707836098 80.96755155162285 68.25877038178145 57.97823930694355 51.59839049548801 50.616328787195656 55.32027429117968 64.47754589729156 76.50540027747844 90.26350196775356 88.40085323249282 72.97385531542645 58.60344174706898 46.28445016817286 38.06368857563709 36.79871691357661 43.10630885245792 54.41387026434205 68.28097692035982 83.44112570511278 83.52996301294439 67.01910697538409 51.035064672533544 36.28093300957392 25.03488609032366 23.149429597234967 32.30724078922453 46.371658065567594 62.09359615662225 78.48318191247397 80.86144821678202 63.67800049325974 46.582345845153924 29.726341863338995 14.003896430617807 10.357417073289744 24.84263110357245 41.5421449902628 58.59229095331548 75.75669321214961 80.61435589518992 63.36537655318493 46.15605015135622 29.056917178918102 12.527623750442014 8.263880943360945 24.04902389251645 41.07472242927715 58.26339799241509 75.50382585750832 82.81036768848666 66.12420785538 49.85956734487399 34.61580232621254 22.566408866572942 20.468111079644114 30.452521353657904 45.10521329073714 61.158124552442025 77.74872253015 87.26520809701456 71.6002960478608 56.891970625688124 44.10780346965002 35.397858832713986 34.04741650672485 40.79402909063169 52.60976264827577 66.85902721476212 82.287179997514 93.65704565264205 79.23215728881105 66.20067831885326 55.552024124247225 48.86949428891561 47.84485419784328 52.80847647667299 62.34615317501977 74.72652110797164 88.76804386226308
41.26536982020135 59.633136782582504 84.93961365896112 40.97625720565245 38.78497558726555 69.29603711232603 82.66027498804377 94.22955565594339 17.78838579115194 50.27966703218618 0.0 6.676944411657903 25.361311981909367 42.46591326990875 28.459249001282917 75.33649471381348 47.0135911841661 95.36626137621575 49.92295399000425 13.765155840208088 36.45339724660857 55.50063490117136 79.70474250075833 57.92282086466527 47.652872117077436 34.50106475450183 80.0808714383596 93.48662019744073 47.03715625712955 50.497106210558286 56.15047975018198 61.329971099691214 41.49083508119425 39.8171439658569 55.1721371732057 76.88306434071079 43.39426470487621 72.55597987893762 93.151728632961 7.63065570007453 64.29561796941113 55.593639603361645 51.440059475626065 52.91698549282375 59.607345761274914 70.03259715253452 82.79368538210534 96.97280388913667 112.03283326112351 127.66239635041511 53.59129384820811 42.83131628499008 37.35938107602151 39.44149940595705 48.10662342873739 60.59347639230753 75.01732044049682 90.45625557076936 106.46960504562445 122.83292004149898 44.87110912012012 31.302337232940648 23.344532522892838 26.623468614815103 38.35833629545857 53.22241863638781 69.22861205819336 85.73964432685457 102.51186999960905 119.43530203413738 39.4728726381824 22.947961233338546 9.686247519616686 16.11679475098627 32.006123958839744 48.86456880478621 65.95311527037869 83.12998231102435 100.34982670617023 117.59376980366109 38.80859407595835 21.790959980475034 6.503719586171305 14.438291758650536 31.198455702607678 48.34187084105498 65.56861126685199 82.8267019708951 100.0999290916134 117.38161064566356 43.09773860431738 28.714945411068605 19.758361931879534 23.557364063613548 36.307267814325265 51.77062632191669 68.12407476412797 84.85454103476121 101.77626670777353 118.80755680791452 51.10799324551693 39.69521888396993 33.735766147144425 36.044438121205005 45.376306681496594 58.45960129211294 73.312678609765 89.05436987068096 105.28685021155447 121.81407532787452 61.39977152643902 52.23334349569556 47.806012734504634 49.40860234862614 56.53058968506662 67.44558996538268 80.62760130878188 95.13892489940429 110.45688036568126 126.28829027179313 73.01447468315774 65.43979661679441 61.90569685860574 63.09483719170165 68.76260983494755 77.9379842991138 89.54918835972833 102.77392533510175 117.06663561765252 132.0810715941466 85.41398876792576 78.97988787257478 76.01829513131432 76.93130049789202 81.58893364422421 89.40787708686159 99.64671681424122 111.64162822485112 124.88764321175884 139.0276195360392
39.52429085017476 55.8862727417545 83.2932890421456 36.276818945596204 39.38289226010958 63.150151961096526 76.64357707748748 88.35753259119124 15.233409946576245 46.24207930721047 6.676944411657903 0.0 24.675592603707912 36.91696070703748 22.1940161276201 69.6231882321423 40.5493453572833 89.05345748241349 44.71279998148039 7.137623693660403 34.63179737727109 49.796809393204576 77.37951446900587 52.61787580426733 41.772485530822316 28.40824608143085 74.42619957352052 87.47258512197895 41.87568426565911 45.90776127199531 51.11008385941212 55.12851873801996 35.273597060870756 33.95490883129397 52.70576648531152 71.03647792679263 37.0093086990905 66.19891729383204 87.06145798264546 4.911836987086156 66.85755816414652 56.621844664553464 50.40669760484776 49.74272503974816 54.831960443567155 64.32301872952243 76.59673133644799 90.5282796960678 105.46270079089234 121.02931360303621 57.13403316690476 44.787391556353484 36.69101602354873 35.85050054338614 42.69652959596169 54.400702272951946 68.51705403691932 83.83581870392689 99.80485869550384 116.15628548699718 49.61112802963065 34.735405432747704 23.46367780506574 22.209263406841973 32.166286782627694 46.63475151698945 62.55910415005653 79.0644951565699 95.85123210433106 112.79376940531266 45.3965125044974 28.424611379849406 12.40109194433351 9.91609779710816 25.329513900301862 42.232131347134754 59.36526700527563 76.57434491968704 93.8175838418956 111.07907607085899 45.420715693790584 28.463073421313176 12.488596284231772 10.024813206658175 25.37207276949941 42.25755113025527 59.383268119412634 76.58823533457249 93.82886765215805 111.08856094216459 49.677542137126565 34.82976326166511 23.602500127349014 22.355200804156773 32.26675349431461 46.70378085825123 62.61033699915462 79.10484712772659 95.88436142700604 112.82178903285462 57.23013124511616 44.909357253667075 36.83911345378765 36.001356304228096 42.822686697474055 54.49931009440772 68.59500397262741 83.89923601320675 99.85788151873928 116.20162934855497 66.9725250508111 56.75692884590065 50.55769395723632 49.89502430629105 54.96951945198279 64.43977244668046 76.69434179250743 90.61049298284772 105.53294461698115 121.09023472372505 78.08927288570436 69.47367162104099 64.45107686475377 63.87476279020003 67.85810994978024 75.68457307985533 86.31500373779402 98.84886893407275 112.65261497052153 127.31385698397725 90.07281085767316 82.65926273557797 78.4262719937761 77.89409813688656 81.1355955987573 87.73347812841736 97.00528572334098 108.26620753465492 120.9619853129258 134.68747546872555
64.02475143716194 78.30176053429994 107.66325466571949 57.53257829360145 63.73787533805127 58.398457458242675 91.05164323213806 103.32647733943242 10.421919076309162 68.39903282009165 25.361311981909367 24.675592603707912 0.0 30.533203983953694 39.50962222683845 85.99283686059125 53.40755041620173 100.74185770891438 64.15455925449977 24.725052496487873 59.13778823909496 67.08192814524081 101.30088462865449 71.36137959551917 58.745631143858354 28.70284648536532 90.92912776125378 101.57759192034722 61.62278324582681 66.97073028626711 70.78052665068984 69.2014570859054 34.85972014752639 30.644625819319444 76.68140032328249 86.65855351376402 51.09380500549233 78.31325024490647 100.65002588776663 19.81488422396569 45.29602026754556 32.66054809259206 26.084547934652218 29.87986227931173 41.2785536123544 55.800914834978684 71.57007401185662 87.91768412093359 104.57281270824018 121.40896764049316 38.88827987793628 23.01621326983371 12.079186669953701 18.99421869524588 34.26903635917955 50.85927917335855 67.80618422366999 84.89643028887998 102.05803274841975 119.2601909146561 37.09888941677065 19.859428411202604 3.3436171412683215 15.055770729562486 32.26276905104337 49.535945325857426 66.8240007012254 84.11776172731375 101.41430956336177 118.71242609060097 40.54404072143446 25.703420010211804 16.620007159975856 22.14713867196874 36.10372751243117 52.10733926037802 68.7428741387073 85.64288038376102 102.67684963755725 119.78764634972305 48.11205081894904 36.44926598403192 30.676335448226144 33.944589131333124 44.296068844243344 58.05822342934658 73.33540692861561 89.35387803449703 105.77739899859856 122.44308786760686 58.21656673269102 48.96975551450814 44.78402668891174 47.03068058350221 54.92599169931772 66.4872017038863 80.14321677341869 94.9948744780104 110.56138990202291 126.57930112938291 69.7638988513442 62.202206226132944 58.906060127012246 60.57581996039463 66.84035152455309 76.58023115470515 88.65736065881411 102.24685803205676 116.82212521006 132.05716369039826 82.14771597053812 75.77440563234883 73.03397349601586 74.32933099607853 79.46335654885266 87.76495910936916 98.43596134718433 110.7938461744263 124.33664640055561 138.71775066502846 95.04145861609551 89.53182980670758 87.16475518390476 88.19363270229499 92.50521854113285 99.67442184597667 109.13955097801252 120.36016412697884 132.89233586763675 146.39963475898801 108.2629389047624 103.40041616124175 101.29704539722567 102.12345456445887 105.81101908661996 112.07768185386631 120.52180300785353 130.7220962605617 142.30140940953282 154.9508922408804
64.87063519147634 69.7274524734722 104.17436431496799 49.67326822459746 70.89194147116314 28.233831890602524 68.53535087102074 80.73186352383642 27.58624281384624 60.462046468832625 42.46591326990875 36.91696070703748 30.533203983953694 0.0 32.03267052894057 66.17520770296352 34.243461895214935 75.11587136086739 51.665267106287004 30.720052618105946 60.687022933201526 50.74811677900311 95.7219837753261 56.563764710213576 43.58853944538429 10.151599032660164 70.89584747987173 78.15294666655184 50.13835008426226 56.924287582530276 57.59233901132585 48.383766528726674 8.51248147505899 4.453404665545326 73.19998383614224 65.8541734333654 34.153996019737235 54.394383828878865 76.75151955287383 34.93146858214748 69.72746091388422 53.333478248953405 37.75861144068178 24.61051224404203 19.60493884468388 27.59966812302984 41.68742583921576 57.555651372231594 74.06872670579642 90.87580143177746 67.12744057457367 49.90252902337352 32.75889170107203 15.960608564749931 5.920348279746048 20.3487955287735 37.30696842296044 54.48173789511236 71.71766235000749 88.97921037827827 67.45745962505207 50.343567284890334 33.42385253185335 17.278492769318433 8.868593456461252 21.388567755266717 37.881432847176065 54.874842338659796 72.01532428608003 89.21815278045304 70.67648063544259 54.5627745147504 39.46820120175603 27.149448338999527 22.697076459244013 29.865249206428143 43.213655668071844 58.66530540176496 74.93014863974597 91.57591052247626 76.42025323662297 61.79094487143407 48.937650603090354 39.62793762207477 36.66824578630272 41.44217746646245 51.85609812265226 65.2637936915605 80.17716405925914 95.8962956587847 84.17343630452326 71.11635726200069 60.23791300295804 52.89968863514967 50.66407952929785 54.166611981426186 62.44914534752572 73.92205799151523 87.33697133829388 101.92999297999685 93.43705893242849 81.82496480655175 72.51798952952406 66.49124605288729 64.66843012279837 67.39153481037162 74.16148009744488 84.00550191976475 95.98237667106476 109.39379308585225 103.80742482156928 93.44229909452721 85.35589171554793 80.24011727294203 78.67660242144666 80.87164086657029 86.53970189154803 95.0615636804758 105.74953878710399 118.01657593642526 114.98534952495348 105.66892811418329 98.53367699219854 94.0772023626873 92.68670820305827 94.49763553178222 99.33504786823771 106.78844375114306 116.35619051806505 127.56341871144511 126.7572347979327 118.31596433379171 111.93121051910947 107.96843052737213 106.69782436173648 108.2142647130016 112.40500914953566 118.98782587564425 127.59301297740366 137.8423332755721
32.957084025720896 39.99458943505177 72.83832622500678 18.968013261316546 40.61634922772741 50.74811677900311 54.51588495960685 66.34893507603114 29.363852966924288 30.156526324321078 28.459249001282917 22.1940161276201 39.50962222683845 32.03267052894057 0.0 47.87742839117927 18.757404263721657 66.90915107680844 24.64500629401206 16.64250200987419 29.00388893481234 28.233831890602524 64.9785311397717 31.969819942150092 19.963746597130292 22.033439803549694 52.753598630551465 65.33921064907258 22.14505303867952 27.868668885640087 31.270942620469548 32.93450403804874 25.595754309324985 27.642549187106095 41.52647981386049 49.091642493144896 14.989953487375855 44.101009080877425 64.88672789005791 25.158153946697492 84.71516553188403 71.75381209316052 60.98573922391534 53.745807163341816 51.54283409808177 54.98560053674944 63.157496357644604 74.51860832084061 87.8400659489339 102.35932759354108 76.85329587658126 62.32327947421681 49.60503942424693 40.44546207882865 37.546205719672706 42.217371067115515 52.47477460998129 65.75411938066789 80.57489159277992 96.22748458316575 70.96773944091103 54.93780785554365 39.982700245993456 27.88872177702543 23.572360555966902 30.53264578184125 43.6753893070578 59.004641344603804 75.19485797343096 91.79159290142998 67.57695273588365 50.50283776710793 33.66217267589659 17.733027977972988 9.720692287656716 21.75400195628424 38.087983786939795 55.016957222909255 72.12315731058352 89.30479955793768 67.06048975103243 49.812844883729916 32.622741244135824 15.680576464661385 5.12164147105107 20.13195086333504 37.18969186321756 54.401878803115196 71.65730356945961 88.93080115173156 69.48248172543119 53.01426599763189 37.3084633251537 23.917407384561574 18.7316635733587 26.989256536023063 41.28772965928486 57.268186424591356 73.84663591641677 90.69574411079806 74.55707725057576 59.48201889730872 46.001866806671046 35.957492974605024 32.6866827026281 37.9816472123157 49.1477384787456 63.14351307850287 78.46919563650272 94.47980978651849 81.79197005811372 68.29424310470183 56.89449733602067 49.07715276746639 46.67818474683418 50.47615129581201 59.29193603566031 71.28764562541559 85.12946651628265 100.05411850705715 90.67141185910306 78.66686420198067 68.95173408477629 62.601144227191845 60.68080750360506 63.593341283090176 70.74433706851242 81.01916387044068 93.39242001509503 107.1395297400068 100.76145898229348 90.06222540269755 81.6591909104267 76.31466873156403 74.68815203968298 77.01556748278361 82.96482026913732 91.83469582696226 102.87248174462304 115.45808689611289
