0.0 21.17504303793321 22.921811741253148 21.034184565620045 71.7872297833672 59.3385831262253 62.89013265992834 35.274475899992815 4.354556462622066 64.73440283821117 30.147988009774846 28.265224727038103 30.290932346381755 66.1334489803716 75.46321995166304 38.845707696690006 72.60720061592221 65.57057380487073 35.26689633786895 46.87377116498594 8.02249418873923 20.69114909196013 23.771585704058463 30.803447736642358 81.52009522132059 60.49896384776099 71.30386449142132 25.100042937013395 51.581780912088526 54.23505388967252 23.934637436896868 20.2232369800221 45.038424681068875 65.94929796683982 9.958292373099985 27.63322992923229 71.95248844728711 22.92821032080102 46.219775606076965 62.21335351998482 110.96850514920052 101.06485285869466 93.34279043690766 88.37604463422879 86.63977550528371 88.32470113112905 93.24554496583737 100.93011036107613 110.80487080417454 122.34062409726087 100.20334630250113 89.16954543125924 80.37656824327689 74.6208099731347 72.62799396986588 74.69988891398523 80.52334424248247 89.36795958591924 100.43875298434064 113.08378163535367 90.37379858908653 78.01597383202183 67.85467990700057 60.997702486539275 58.61636753646728 61.23507237629826 68.28093691408336 78.57184809982373 91.01363080632139 104.84332778816197 81.81793469810513 67.97046523602027 56.075820755994876 47.62053155497461 44.6053382550229 48.06517657603362 56.82948196903066 68.90299460477401 82.85142806886684 97.87644978900212 74.97322538069533 59.59618022093825 45.619446224665374 34.7745892111954 30.59606575775201 35.52007079094024 46.75404391295899 60.90086058074311 76.35835265840439 92.47156441743887 70.34109066158086 53.68118004926017 37.60560332159195 23.353928247303987 16.59345598994948 24.576245696098816 39.132507932022875 55.2940028871337 71.98758634092759 88.9140634137898 68.37278386328423 51.087052173527944 33.81789168771122 16.61704752593789 2.704867947503814 18.363548802023804 35.57860467263875 52.85042921448973 70.13709573197131 87.42980097844445 69.29569994901343 52.31024760327685 35.63064601776605 20.035888435882054 11.491025786969908 21.479373368656233 37.27460590580561 54.00131451177543 71.0042298106274 88.12361937313456 73.00025067021896 57.10597690569526 42.33035568291915 30.353514452652256 25.485742691469664 31.247731677295775 43.61225519207443 58.53500904923129 74.4941352006552 90.94567327570343 79.096509114946 64.68439677337733 52.063332151681536 42.84642179557511 39.493633712861985 43.38645277320206 52.950235144395855 65.75542910355394 80.26538138178738 95.70784908773125
21.17504303793321 0.0 7.987212721391271 2.87584123310903 51.63002494694055 40.07008269571323 44.82953081134275 19.496263802577687 22.93589529033782 44.450600273522866 30.357533307534023 40.666032843057906 18.050057828007425 51.24570135708966 54.73400504342318 19.92633425376969 51.54288732085731 65.74279666048774 14.710158782695727 44.76636433150556 29.130693286143423 4.735241838301528 10.83513126719656 25.925729067585653 61.36513834563338 43.99942777840932 51.845600006180085 8.611154418215664 43.6591242211561 40.61972885070943 25.133081444959956 35.83595033685182 23.975624341378193 52.01744361148042 14.39180501882595 30.068364685859873 50.99464321674189 2.13391979423662 40.27380294698429 60.76941929771499 113.3887970803541 100.87561229578851 89.96358081593802 81.29999665071188 75.66121795861365 73.74440464322971 75.83232421000831 81.61821144585798 90.39474735586916 101.38823957651815 104.6467275277581 90.98644722808966 78.77071536580019 68.77364061018291 62.076547182179226 59.79864380769887 62.425587032584374 69.40263723644703 79.5939332996814 91.93670868766209 97.17534798719946 82.32586108407038 68.63490233792602 56.944319328211854 48.71616218292537 45.8538622284373 49.301036237335865 57.94230696331876 69.87655520730354 83.70697861076422 91.28730945421225 75.31900228275197 60.09359320043419 46.349071016597 35.832128404937485 31.911676069444248 36.762444351732086 47.783973897852725 61.75635683704771 77.09147592036749 87.30364979540998 70.46107782895137 53.91021916429232 38.03382694662411 24.19802211816592 17.978558814101184 25.6831637461646 39.934111275532494 55.93347483466927 72.53334399522623 85.4910616405728 68.21284107730872 50.9507142316385 33.72939962498779 16.675822105167004 4.148157684809285 18.84263535036543 35.93878305103417 53.16823180156409 70.43322471740062 85.98697808484171 68.83052493430935 51.770986489559135 34.95056563608234 19.014787700084995 10.014758164728311 20.92227826359584 37.06617313942324 53.933048972598904 71.00957307693565 88.75270357560161 72.24064439320682 56.205780904026014 41.20897603791007 28.913325640109075 23.926802700929624 30.12829517007107 42.914417701500305 58.088648786791836 74.20003897210076 93.5871823059941 78.07812384762983 63.5022260500011 50.67127945234949 41.24719345319467 37.86541869103307 42.01137293641446 51.91172832615039 64.98773867430279 79.6912252162695 100.19133049898487 85.84915125568577 72.80488475373375 61.88478104893827 54.38383414144653 51.80904472643752 54.85848361133773 62.7170610112614 73.86546330058877 87.04874498864406
22.921811741253148 7.987212721391271 0.0 5.165734834124319 49.01145367522589 36.418410695351 40.141487768806094 26.58242791907939 25.881275767774657 42.04979443929491 38.00682975818812 46.48790300012998 25.893857107081146 57.6714491032518 53.07653392449822 15.954584868888011 50.880030350524116 73.66909892407033 13.600350612832086 52.72241124746319 30.186670823769273 12.676787623128824 2.8728987388425944 33.870545945947775 58.71776656802429 49.92810359456916 48.38511078923546 16.361836323046045 51.50408484306686 33.706797848128524 32.490865995501856 40.588160801524154 26.03265880447683 58.732265961739394 13.61252064685131 37.44517734485669 49.94754358242107 6.861220105488444 48.24085931760652 68.74112661156762 121.26989644087416 108.85079446176898 97.92489649392321 89.04357067549266 82.86683191337245 80.02342414460335 80.865735761127 85.28463083346988 92.7704237364402 102.654357000997 112.35990323967123 98.87561321124275 86.75666046130385 76.65338607001752 69.45111426788337 66.1049556824165 67.19349130879858 72.51729172062392 81.2480285194849 92.42520702389098 104.59804430825652 90.00055826453348 76.5385549789201 64.92226586008168 56.305870977907595 52.19676144091028 53.640963819463714 60.240388364003095 70.56313539742669 83.23525731270664 98.2569127482385 82.58123425608825 67.70233428879241 54.27944688047433 43.67627625920392 38.31034234883326 40.329319641230626 48.82552798873143 61.156494444933706 75.46527619291679 93.62572472279136 77.0394996556657 60.85312989167561 45.49541802407311 32.17566530714316 24.48314824443561 27.609534425674195 39.03663622397753 53.70421098367976 69.59264559026981 90.96609178675475 73.79963359076953 56.71556285997144 39.82006167929465 23.523023678902703 10.942625968886524 16.877872272152246 32.38359416460471 49.10442809807891 66.12492446795318 90.45213372124178 73.16810425014525 55.895151856796566 38.64813138212733 21.489570825598665 5.351521831212996 13.93518762898101 30.958902747080888 48.18123494737851 65.4455703581795 92.11977845057623 75.21065429891357 58.53156015241012 42.35512511173863 27.58046026016393 18.05876597902793 22.142004082871104 35.399572547162116 51.134168652884846 67.63866310539113 95.85520729048088 79.721983802169 64.20029083853309 49.864503326578216 38.07845514453334 31.814737251251582 34.25047404844391 43.962724491520866 57.36772631761126 72.4437685855871 101.43017306507727 86.31580398858404 72.1904388125459 59.75955422770078 50.29565204862754 45.68155356992433 47.35672588169016 54.74685437535241 65.95816909052151 79.38794306083746
21.034184565620045 2.87584123310903 5.165734834124319 0.0 50.989074966800516 39.01408158290989 43.40747493074839 22.162650055417163 23.297203217527347 43.86689324938286 32.930531005034105 42.34629239672555 20.919531509992442 53.75387715125336 54.450552029849064 18.58821319027219 51.61010428219274 68.50586992554152 14.24150333750309 47.55675557607649 28.816745585758085 7.513059760048548 7.985321569303033 28.704847780170063 60.734968943517316 46.342590441271085 50.89641728780466 11.451267442404871 46.53167720954673 38.33199287458909 27.534056590379937 37.03586937847453 24.86619876155848 54.61359656543025 13.152841478738564 32.485883014536284 50.92195987741972 2.5978771518120767 43.141411903718854 63.57759326041368 116.11778471615325 103.68816194973165 92.83218716009388 84.16103647904264 78.40299862789456 76.22116091379716 77.91652965145182 83.25257268942461 91.59520276877014 102.21084348075384 107.26915216096567 93.72094596838446 81.60425821267013 71.64906657749333 64.85843863718155 62.276319108433036 64.41084783803623 70.8369201402776 80.53369312758765 92.47797975931138 99.63953196787541 84.92472188981591 71.37984705382955 59.8051742169022 51.54548749688895 48.33133372943553 51.1233848593054 59.07609719235246 70.46326816143205 83.89792119495046 93.5278485746966 77.69836189014845 62.65237595551505 49.115300839037054 38.70417459929409 34.386353072611634 38.28233555038257 48.44957114433276 61.86996415238146 76.85786736273948 89.24659241485618 72.51285187518022 56.12472419945464 40.503915809286795 27.015944835688515 20.44179309456364 26.544002798371608 39.87496475579878 55.445045712415805 71.81228950434968 87.06626732959344 69.82445326914751 52.62211548981399 35.51666087313101 18.774790470181536 6.501208463970464 18.18659018221593 34.899166323713914 51.99870146833916 69.1989269812909 87.14474108327545 69.9218326274633 52.75066623733292 35.705969108482186 19.12885261762884 7.45808996716556 18.548491595025382 35.08822175521819 52.12517052666604 69.29355547176255 89.47606963669459 72.79380951208428 56.48558862135703 41.00019626217268 27.75106877619943 21.399506909635846 27.284928565164073 40.36963104496571 55.8001635092382 72.08550990057526 93.89255796503903 78.13498886532876 63.19056884900662 49.796856936704444 39.56151403848296 35.3441266442385 39.14088203495525 49.127563217514776 62.39978967785589 77.28297030286483 100.11858238417017 85.48370890018816 72.0409612405694 60.589086197639915 52.44879690622158 49.28911531473039 52.025562381380404 59.85484988409709 71.11433490550634 84.44285561336177
71.7872297833672 51.63002494694055 49.01145367522589 50.989074966800516 0.0 13.598209873057327 15.620304397357067 52.22518695072271 74.28549846806924 7.219338200988101 75.43965120083908 90.95687124937787 57.6694183387991 62.17832971889814 7.4310349347135904 33.09393900914986 12.734747169405548 102.33259402549652 36.9207129480667 83.0794084394794 79.19762408629944 54.38252446343787 48.79653693632072 68.42421812576484 9.745937406394615 53.801426927881415 5.726654786618017 52.93252202400629 74.0201419056066 32.857641775160076 72.62003040753636 87.25209317401576 32.86627569320412 65.4291135968475 62.60233830123797 76.8236385685051 10.189380411492063 49.5742142931114 75.07671890151866 96.04690424694535 148.01661482501245 132.33906042295195 117.11973336344532 102.56282637186796 88.99399499379841 76.93780162103073 67.21321204709238 60.946721088386035 59.245979877351935 62.48492485654672 142.88371414651098 126.59901525459706 110.62354639328211 95.11325264262913 80.33801154281896 66.78746011091395 55.36819499223076 47.63835287545406 45.518037876342774 49.730014468076426 138.97992525174826 122.19664317439415 105.5809085835906 89.22637270395637 73.30805950883514 58.18510347674493 44.67269433274735 34.705930992577244 31.81292737207921 37.66074514285873 136.41087060887585 119.28021410321733 102.20726667325687 85.22671689826977 68.40740613323246 51.906311588442634 36.161708751197786 22.798798327298705 18.182773683235197 27.20575933051863 135.25266693851776 117.96003732873507 100.67060354886485 83.38635350508025 66.1113530533384 48.85541499058498 31.649734042366926 14.672193963261785 5.249229098815102 20.941562889658055 135.54150294193042 118.2895891245434 101.05477682740963 83.84761232693562 66.68950003665199 49.631339759080355 32.8293086488937 17.057850843362527 10.143480338370086 22.661051615197238 137.26824037292823 120.25530268298967 103.33836048335137 86.57370609607781 70.07073100039872 54.06957568371192 39.189815033006504 27.32901582716162 23.59278546330175 31.065654054512876 140.37980459904827 123.77922463347115 107.40023362512873 91.36208587334173 75.88121050868128 61.380716045926576 48.74354641800142 39.78669568631977 37.26574581380887 42.34616027088653 144.78689786534665 128.73340831579392 113.04882088071842 97.91058294028802 83.61596417287872 70.67869227289424 59.98355176626343 52.9081873437805 50.98261427224325 54.752885701160906 150.37559822216804 134.9603709926556 120.06030143164443 105.89307468192649 92.79495458443601 81.28442023285636 72.12560845351321 66.30039866551598 64.7153411333463 67.66905451702894
59.3385831262253 40.07008269571323 36.418410695351 39.01408158290989 13.598209873057327 0.0 7.463390452137551 44.54089437924989 62.137388934780546 8.52204192672798 66.5045653948861 80.38736385464605 49.10196705417709 61.31683613646774 19.78875832560365 20.524649719344207 21.58541962922079 96.47798596656297 25.61455061485294 76.24873279862611 66.49747447432982 43.4075234877758 35.88499938555625 59.916439398404606 22.82291723669381 52.40276783690516 11.968233361983904 42.84114966944559 68.88399803367257 21.21762524412951 62.90472016985948 75.90379954969663 25.92128267392938 64.15788541066996 49.86108718771657 67.43080994663075 19.384551136093357 37.94934205571377 68.8524782798431 90.41881885672205 143.36314287675935 128.4392003139582 114.18824839126353 100.89585926300153 88.99260202513709 79.10804300155661 72.07754278409496 68.78191865758028 69.75258381534557 74.82368620870476 137.08043697469705 121.41976703234786 106.26933836930172 91.88190004269467 78.67714827460452 67.3543064197286 59.00686700437287 55.006517267912784 56.28785266973112 62.52700698356978 131.99618556432884 115.67617430249436 99.68784744406354 84.22031752566559 69.6215639710263 56.56825775254018 46.38403529681355 41.25160609760794 43.01879369348819 50.97296877793049 128.25307309716447 111.40601491485718 94.72306751359855 78.30918744898422 62.37714419973156 47.415159580545414 34.70153537787712 27.548243449489295 30.204715472510646 40.797719500548304 125.97076420756578 108.78300568320799 91.63822310411491 74.56606640885057 57.63111402294668 41.003720138664 25.297777466704297 14.048585059369485 18.80054939250489 33.290708773206475 125.22918729867895 107.92734636885963 90.62553966884155 73.32379142968185 56.02215581613658 38.720783802258815 21.42031413271779 4.132096336841851 13.192125910523183 30.491043853083514 126.05554799069705 108.88072431964095 91.75366855718107 74.70724111666465 57.812807171803136 41.25750946415912 25.70517686346778 14.766271170661085 19.340166165248636 33.596932994282724 128.4195699295091 111.59677172550008 94.94631501388108 78.57783253880629 62.71250716567827 47.85343352703424 35.29523200832581 28.288963601216494 30.878589308310644 41.29671718958687 132.23878028249703 115.95165151110615 100.00590477587264 84.59480785815585 70.07201344292356 57.11915304337202 47.05117688260028 41.996831701582046 43.7305331002257 51.57218439044295 137.39182695546097 121.76960204944662 106.66703460956865 92.33945517508457 79.20853560446864 67.9713738602892 59.70696473470131 55.7533320339651 57.01442668044214 63.178747124641056
62.89013265992834 44.82953081134275 40.141487768806094 43.40747493074839 15.620304397357067 7.463390452137551 0.0 51.228188135560885 66.01864760553381 13.751616904547308 72.54970036171044 85.46867582342965 55.441241364142 68.77714316641752 22.92351998307762 24.9034359840273 26.544709023366284 103.39566854493542 30.985642877089067 82.97971783303002 69.63657060565569 48.564060608264356 39.125809911486456 66.18386843454792 22.838848856595042 59.86590170538512 11.250539929067928 48.56040896197538 76.01719806604642 17.31800131917476 68.60319785120667 80.43820118740588 33.05310535229645 71.62118908187742 53.11766338239561 73.25883410360866 24.08358249900555 42.696460914497 75.76625930819765 97.39962104413476 150.46213109435217 135.67040017317598 121.54319681723034 108.34078882225354 96.44371920547604 86.39295137839706 78.89727336335692 74.72953943000786 74.45075557566027 78.10257723839906 143.9469852444446 128.4411638122026 113.4558340759311 99.22709173859965 86.13071989175278 74.76417463469218 66.02695233332832 61.05842109120793 60.789792433342434 65.27911356817036 138.54948129615426 122.39014213619392 106.59004633855568 91.33582006434753 76.95277147412018 64.03068803998359 53.63610674717095 47.45985509920421 47.18841709646236 52.912744524294595 134.4044172884209 117.69928751896857 101.19488875775265 85.00821767036369 69.36207151623222 54.72207225071842 42.14999111216407 34.021267511874655 33.719132084352225 41.41523182331429 131.630226958174 114.53591102193917 97.51484509586726 80.6134414999168 63.92668240137371 47.68046068643118 32.54141631466163 21.051675856070986 20.642533106084773 31.745348097390977 130.31453158367125 113.0283828981162 95.74793476204178 78.47695301027196 61.22344949696366 44.00798626149969 26.90368772554157 10.470312489727288 9.703604793595757 26.02702288596743 130.50147052410298 113.24287391325701 95.99987716553966 78.78272386736705 61.613082901551294 44.545927196801436 27.770857306457188 12.522565303354117 11.879478462807983 26.909898101818307 132.1846660959153 115.1697602283138 98.25513998120967 81.50326702664512 65.04001599775643 49.15624037394994 34.65803508855401 24.181273053996787 23.811755051947262 33.88180238159941 135.30826739325374 118.72566931323115 102.38139019347992 86.41076748541691 71.06616348497239 56.85671133002072 44.87403291337647 37.327995023666546 37.03763992255367 44.146364579087326 139.77569762004123 123.77022740161738 108.16466187509566 93.16018628214856 79.09960733230706 66.58360755357576 56.64545041320289 50.82065183831886 50.5516725459713 55.91874358646047
35.274475899992815 19.496263802577687 26.58242791907939 22.162650055417163 52.22518695072271 44.54089437924989 51.228188135560885 0.0 34.78682027920744 45.33078372959675 23.681745160427752 41.74273019765879 6.493985581717075 31.953066314490748 52.66962788261671 29.73594403596707 47.35558407172571 52.32419973433566 22.604221316405493 31.7515348603331 42.907500017646015 16.323437168709823 29.373979026114355 16.407995648681833 61.22263177966482 25.380777080250823 54.50558604545418 11.279210276619944 26.34021365556003 53.21556395274593 22.418274230750757 41.078144026677755 19.36662962117475 32.55367501747935 32.298647532579615 25.67418348525335 47.80309010711802 19.838023523752014 24.815787441841753 46.50583324368077 99.79627768745053 85.81158395091326 73.25747668590685 62.99513386939 56.29222808588662 54.47882199033248 58.01524109226522 66.04766009053147 77.18495746344455 90.28533083708831 92.76542893798853 77.56257692693688 63.44436486357278 51.31400477835277 42.8925669552326 40.56011678797366 45.267862860345325 55.24437801481669 68.21589812263359 82.78636222903086 87.46430051189606 71.16815310421876 55.48439710708879 41.119834415013905 30.031207039604528 26.676134730810617 33.4674332162906 46.121927127703714 61.099143953097276 77.05639996467575 84.22023426876704 67.16025294248412 50.26593401326814 33.78670598156893 18.84493862778654 12.939658211579443 24.051000588930076 39.851967780406326 56.53866707440553 73.51037508444492 83.27403406585381 65.97531316712299 48.67887364530183 31.38848714461502 14.126397455015429 3.547770971140893 20.599316654865778 37.878629970054085 55.17212125835188 72.46964132559795 84.70275553679923 67.76160704708029 51.06296528466409 34.95611388197716 20.860148892551678 15.718593001314156 25.645954068750576 40.82974643909991 57.22878531371895 74.03993505322093 88.39129238990552 72.29921496267976 56.92136477703984 43.030412756844555 32.58681399137106 29.510910530942947 35.75746921698495 47.80176502396224 62.370908636406085 78.0638272115237 94.07415668043312 79.11609279938722 65.32587319534098 53.612383476150065 45.604933940831515 43.40549184224947 47.82225244560769 57.34634531007626 69.92097822778204 84.19018622468985 101.41657231261777 87.68215092499253 75.43007042841822 65.49754912947029 59.06657127723812 57.32790094193701 60.68619360182293 68.39471795975358 79.19317065883614 91.99987280556532 110.08688669588989 97.53751277037605 86.64120750952567 78.09302111405151 72.72571568441342 71.26168791278427 73.93318114269272 80.32864402448382 89.65464569523914 101.10345496207347
4.354556462622066 22.93589529033782 25.881275767774657 23.297203217527347 74.28549846806924 62.137388934780546 66.01864760553381 34.78682027920744 0.0 67.16236527763294 26.878029671730072 23.911961036290613 29.295414096337847 64.78771769998053 77.63990407732156 41.61425034590543 74.45071950581031 61.73643444675658 37.472137447624476 43.49581425232738 8.446281816714404 21.559308146963794 27.058645695433604 28.352703320818755 84.03126188563516 59.63688285503267 74.07408277899863 25.431977065949855 49.01963420404912 58.02266343970641 20.85444380702576 15.976466591853393 46.30403818933027 64.3774790330138 13.745789988473742 24.13732360827681 73.9296667561986 24.871411596224206 43.4281358551481 58.57915694986082 106.82137263917086 97.1387734407993 89.77614212554806 85.33609330805396 84.28179331417216 86.73679314180256 92.42186224995581 100.7919078873922 111.24250763741638 123.24553156454814 95.95348872035002 85.10164565670017 76.6563602923091 71.47583114095326 70.28570754953574 73.28066811002037 79.99200795031865 89.58836831481987 101.25275069066883 114.35406722428645 86.04498055270936 73.80519800253956 63.94821282555984 57.70822032164146 56.30099075179761 60.06715012747187 68.15439521432943 79.2507334178029 92.27694189163682 106.52740191860264 77.46503345283048 63.64525448003989 51.954887204539006 44.120370213618834 42.33921005338772 47.300266647492506 57.27762755811117 70.16297377634714 84.63843120088517 100.01594902570352 70.69915267845613 55.25254323245366 41.30407484444655 30.950272774372056 28.43451937064962 35.46595719639832 48.01933015819483 62.86960902339417 78.7275627053968 95.09037932981651 66.30512285211303 49.533795030466294 33.309713506388356 19.08375769389705 14.74975361327742 25.877273536408104 41.47799380143976 58.051074787506586 74.95427424930318 92.00582482938391 64.76756419819571 47.465639412786324 30.16372128152653 12.861836658218564 4.440406162026839 21.742152044652627 39.04406162491197 56.34598410530222 73.64791039403772 90.94983831766284 66.28557331799695 49.507743058183756 33.27113851271253 19.01665942692277 14.663241667669672 25.82829106364171 41.44759612989114 58.02946211390781 74.93761648265522 91.9923197747552 70.66247981590487 55.20582501594519 41.24184675302792 30.867563517582948 28.344889794367035 35.39447447602896 47.96680743423978 62.829691654601554 78.6958412961481 95.0642438934645 77.41482607786115 63.58441540977299 51.88068410827498 44.033371417616216 42.24896599497179 47.2198832197136 57.21157688161657 70.1093189351312 84.5941699406259 99.97867516763384
64.73440283821117 44.450600273522866 42.04979443929491 43.86689324938286 7.219338200988101 8.52204192672798 13.751616904547308 45.33078372959675 67.16236527763294 0.0 68.3878220339937 83.74879205860697 50.64045986169301 57.49188608202763 11.655031333468274 26.218573101549627 13.141944909337457 96.00999017981844 29.747255265792628 76.46280901292337 72.21499851790297 47.16575712677336 41.96976800976353 61.42869086610701 16.919276706843988 48.83630469539869 9.566027791844418 45.73106306707853 67.84372050974883 29.605908922711507 65.4669111367694 80.03884124496119 25.972055675113758 60.5910581359614 55.659910480944426 69.710835800806 10.875287424698307 42.40489584218782 68.59596473091632 89.77895919580308 142.11513224410567 126.67607294051872 111.783897244277 97.68903467561528 84.79004006579356 73.71736484067694 65.40523259073706 60.99290621170126 61.32797365685035 66.33853845510072 136.62121090830468 120.50930146486266 104.77753130728627 89.62629777207334 75.40635448221587 62.75401340955086 52.80830389851919 47.30825066852995 47.813461086796764 54.15612984676503 132.3918238328634 115.7149386239952 99.25224070802099 83.13107609313793 67.59624694781309 53.164251643060126 41.01622808724544 33.71843031200102 34.4998895852758 42.92156197734316 129.5509412327928 112.46870483817627 95.46561977017768 78.59307440702668 61.957807643278684 45.81899505429555 30.96292111947698 20.41412396793882 21.759646761319125 33.599699308876126 128.19095136712357 110.90667257475594 93.62891376192208 76.3621007065291 59.11582544325771 41.91544670896517 24.856427523663033 8.802997621305563 11.655771379774235 28.15909635001631 128.3589535616417 111.09992526410325 93.85669440507588 76.63992453237502 59.472600722853095 42.414805173330755 25.685685036389668 10.918167906529861 13.318093776252896 28.883388131969344 130.04902382268867 113.0394580133344 96.13428483606022 79.40021131141086 62.9737848162695 47.17746044844329 32.93082381559096 23.278245692933773 24.45455929839218 35.39612127036004 133.20321565989258 116.63816185005982 100.3221420008687 84.39970847108418 69.14330512080967 55.10888979888873 43.49586262649416 36.68102554962072 37.38732999489904 45.26405297745809 137.7209252255943 121.7489495485222 106.1944518899149 91.27112321820492 77.34517231515932 65.06024018806411 55.51662320713359 50.299676714496854 50.76141181227046 56.76341962120676 143.47334522886126 128.19102665894974 113.48996247676882 99.6277952840716 87.00642129758445 76.2445463294495 68.2278395335848 63.996398918617736 64.30189582340294 69.08416810826895
30.147988009774846 30.357533307534023 38.00682975818812 32.930531005034105 75.43965120083908 66.5045653948861 72.54970036171044 23.681745160427752 26.878029671730072 68.3878220339937 0.0 19.961808657598578 17.782664951967593 43.4631943635178 76.27271290168535 48.55461679136769 71.03727875530646 36.45781156939396 41.753877716029336 16.741327605804575 34.71490516960301 25.687163535467487 40.653657095585636 7.3588750941922445 84.64777092259133 41.181041424536765 77.24649989066006 24.178841607946925 23.341652561986546 70.79365030685288 6.336262743367784 23.056187495241662 42.68298177906333 42.01462792171215 34.29022866631841 3.4537067921242786 71.46025838264937 32.175549378269274 17.221239098664547 32.40674805211139 83.55156975659476 72.08141755638142 63.31898472888503 58.49405114592658 58.587638065800945 63.578028996627054 72.46045356098348 84.00932097949176 97.27955496566697 111.65910056292253 74.35434901916649 61.237884847020545 50.69804741971607 44.600556421179455 44.79767185147118 51.216767985396174 61.953106392617755 75.1792631626168 89.80178158944365 105.24021328542625 66.91229141618965 51.995895689543204 39.0973251113223 30.859969694148262 31.22152886347038 39.949208202487355 53.06414838473076 68.07626376273086 83.97416726717952 100.33769523295832 61.862236988595534 45.3456676989419 29.736092145385648 17.633863907142626 18.34076115432372 30.992358192810173 46.726666863610305 63.28466567186018 80.15752494543936 97.18138239751418 59.81323728125939 42.52125365378504 25.24290514459275 8.066293920562613 9.5728535302442 26.775502636451733 44.05597743533102 61.34854801667596 78.64523589735539 95.94381431113848 61.068152601145144 44.26125857513176 28.062637344904886 14.651862489686392 15.5098481505749 29.41337383679434 45.6995687817692 62.53373064814342 79.56882056593885 96.69870629569556 65.43716014248747 50.09224908861741 36.53977409657634 27.564233063369237 27.984441727576506 37.485746548856746 51.243961506834744 66.67395419899155 82.84684017577158 99.40066331053109 72.35829927133939 58.809628321997536 47.75067391652181 41.2357478635459 41.46507579360158 48.342772837209004 59.61040535745262 73.26993062875124 88.21717864357895 103.89785391027696 81.18134211838974 69.3329817147277 60.186488600178784 55.10411489179214 55.21967545634494 60.50339369412469 69.79117244269969 81.72914941800757 95.32680100181426 109.97019198185122 91.35679025073266 80.96100345307927 73.22564818382337 69.05068819803881 69.08465854522021 73.32170939769888 81.10577419985893 91.53638983873925 103.81890597114096 117.37337996759219
28.265224727038103 40.666032843057906 46.48790300012998 42.34629239672555 90.95687124937787 80.38736385464605 85.46867582342965 41.74273019765879 23.911961036290613 83.74879205860697 19.961808657598578 0.0 35.286138544705175 63.12678016842493 92.8284476490678 60.57786847147602 88.26828627842045 42.96569442345817 54.774198736304875 30.46537286847675 27.847965112718306 36.98794310009152 48.43808531538739 26.735932633880356 100.52265276475158 61.142795165015485 91.89423859694959 38.03320222830506 41.416917500155925 80.07216718436241 19.324476882963598 9.0665067549565 59.243676921436055 61.422855641975914 36.94492839114018 16.866479543395773 88.35753259119124 42.79382476769197 35.09436113805774 41.71070510138289 84.6803169020689 76.77569470265881 72.2284366700549 71.6803694952474 75.21896182892002 82.31887758350166 92.16068323672688 103.96862027724691 117.14966926593519 131.29091573384088 73.03358383978893 63.76561968418829 58.28294435228397 57.67535361468376 62.08613927715184 70.58065194921654 81.89789760490547 95.03473205964468 109.33724171498805 124.40402733118258 62.44697613181707 51.364702303184686 44.44935194920828 43.72483923466454 49.46395328801141 59.83484114627512 72.88647464625642 87.42638382547818 102.82514975486791 118.74912499057533 53.553131205188905 40.14178391356249 30.878750188669986 29.905535512022034 37.86679731512994 50.71643783947097 65.64395812924361 81.51570924723933 97.87339736950614 114.50896215781167 47.31657376492043 31.38724919180551 18.17066786648076 16.549907235839697 28.57163257904467 44.24352434943368 60.80586489298437 77.69124444741155 94.72707227632777 111.84462204380965 44.8597219536437 27.563224720634405 10.285021167822185 7.109540352621786 24.372588451151547 41.66790337625914 58.967099944953 76.26753687017307 93.56852614393884 110.86980918822958 46.78194723963474 30.579108302680186 16.742935404782287 14.976069300145275 27.69390116487084 43.68448713335834 60.402230213777756 77.3772392748378 94.47093545147636 111.62880845291261 52.60535568930317 38.87426443161477 29.219913678727124 28.1976631673901 36.53933487666674 49.73778956442816 64.8943939076342 80.91617231936722 97.37700681991723 114.08701023209535 61.22666899216223 49.88088668263905 42.73413016715129 41.9882611049963 47.942960116021894 58.58964023864331 71.87259301255897 86.58694170432312 102.11577980496861 118.13835812517192 71.64273352387121 62.17516548376635 56.546614222931545 55.92840421737826 60.474388443541464 69.17380543205228 80.69434614102492 94.00445777137561 108.4472088294241 123.62626971925074
30.290932346381755 18.050057828007425 25.893857107081146 20.919531509992442 57.6694183387991 49.10196705417709 55.441241364142 6.493985581717075 29.295414096337847 50.64045986169301 17.782664951967593 35.286138544705175 0.0 35.897517929079186 58.538536459980506 32.45523491390991 53.45662381241796 49.250276926025876 25.341219789830767 28.243401426332824 37.60873076456801 13.819810095907924 28.76673267022408 10.834233594747019 66.86569995053597 30.34212611801981 59.58826850933365 9.538820345735308 25.616706805470855 55.64620019229959 15.969542553048456 34.6396919222904 24.903553915590393 35.931633047868125 28.81490615005856 19.46020262637052 53.78457490652954 19.068241472685976 22.588040900534313 43.807692863166 96.99061979050236 83.70641224770223 72.14598987367532 63.26153284616738 58.28976326215752 58.24146928336129 63.12795155417815 71.95071278652303 83.47076825619484 96.7291606265147 89.22911715681445 74.61925815182053 61.42423190514151 50.759659994688725 44.484313416727474 44.49572380954764 50.78965420545826 61.46554116759784 74.66686525743573 89.28030590887812 83.15980029046389 67.27956184383538 52.30904106817895 39.30192604884087 30.85054753124241 30.944796864488406 39.52358664353885 52.58665826525027 67.58186614724418 83.47436681044925 79.17288911355661 62.308070157345966 45.770702831877635 30.105336131377914 17.78813324450626 18.033760006009086 30.540591193904845 46.248797993825214 62.80037671974154 79.6714234293238 77.59011886977434 60.293543541424754 43.00127706358181 25.722011102909658 8.535072994385965 9.098718405519953 26.29523667869453 43.57528952418078 60.8677733452262 78.16443818423271 78.55696311072117 61.52715117174918 44.70679000051979 28.469574561462615 14.867721479771804 15.175456204777491 28.952593368811893 45.22083277943367 62.05084716965354 79.0847925607993 81.98325399952877 65.82651649376623 50.4352736165832 36.78333304144892 27.586601246243973 27.70808114689335 37.05624329594945 50.76714279330954 66.18270636175167 82.3511303447411 87.58076925691186 72.64931790084734 59.02678444768206 47.84459024903346 41.14309168191303 41.1716991806891 47.91836054096893 59.12643557349345 72.76267678836298 87.70167915232064 94.96628099434571 81.36311311758638 69.42634209795541 60.156270902587174 54.92026977141877 54.8852829615381 60.06040035592564 69.28786507837083 81.19768441409916 94.78406412439617 103.7585892203461 91.42871233700585 80.93988373675089 73.08906112785833 68.78551934509508 68.6991646566705 72.84499650219028 80.57234354343622 90.9730856368495 103.24239833336723
66.1334489803716 51.24570135708966 57.6714491032518 53.75387715125336 62.17832971889814 61.31683613646774 68.77714316641752 31.953066314490748 64.78771769998053 57.49188608202763 43.4631943635178 63.12678016842493 35.897517929079186 0.0 58.634537563627006 55.43148878849031 51.54288732085727 48.07081662543379 49.49269773411526 36.851834745617715 73.21126056870683 48.275461708845 60.283402906037274 38.00834438089285 68.17614130783602 8.997620576593532 66.7562930728928 43.2318932414221 23.531729233118117 77.21110175168404 46.673679915639546 66.24498815212011 38.30660180013829 3.6110760818008694 64.20124560259019 46.84612685734257 53.4180310955493 51.27524978260712 29.130693286143423 41.830941579441465 88.37682084306287 71.78046791512567 55.61582328957922 40.4043950649912 27.760071961731885 22.52641037664294 29.033908589499962 42.15694066096153 57.53397742342634 73.76869650975188 85.83245137133544 68.63826934896788 51.516284555706406 34.57392621658243 18.31661590037603 8.622859529434814 20.295867542381547 36.717897768544674 53.69542846641047 70.8301299182934 85.56985769458055 68.31111847417382 51.08160852213649 33.92588999455779 17.067945258188526 5.511529683418982 19.18730372582832 36.11982488584301 53.29018986643204 70.5248919383348 87.60956350579106 70.83803271594702 54.399723378161106 38.72137253995219 25.260072097358943 19.3780689593735 26.676949489659222 40.577351746959145 56.39233173708361 72.88607854653777 91.7982019307054 75.9345830562173 60.85983964839088 47.33378721527366 37.09127787416888 33.312858308293904 37.97944595625347 48.72205100103508 62.48156803753432 77.6708606049014 97.86016856090878 83.12941885327658 69.59231706213505 58.08944427840072 50.04377190552474 47.25544734786965 50.601167270607135 59.04728259453443 70.79115525190835 84.4683157715692 105.47287486623412 91.93110805985305 79.85502560695491 70.00726240648515 63.43424669899607 61.200373435973454 63.763335491498864 70.60265849886581 80.63747894654246 92.83730836234648 114.3268646891001 101.92410857006172 91.13233050926969 82.58550271662452 77.03450326268238 75.14619063003282 77.18983792486654 82.87507484659564 91.52579320520188 102.39311232447015 124.15675076097898 112.79210254344052 103.09167089354304 95.56359869054569 90.75012263319641 89.09232681732598 90.7632922174893 95.58860971434295 103.12644654146872 112.83448152505989 134.74900426554288 124.3056664173089 115.52127360844347 108.79840076782594 104.53554785232483 103.03849242895852 104.42625379442076 108.58828409708975 115.2243455456228 123.93766808590797
75.46321995166304 54.73400504342318 53.07653392449822 54.450552029849064 7.4310349347135904 19.78875832560365 22.92351998307762 52.66962788261671 77.63990407732156 11.655031333468274 76.27271290168535 92.8284476490678 58.538536459980506 58.634537563627006 0.0 37.48083517713774 7.14317835781404 100.9894725384361 40.20962839185918 82.48364175675346 83.10226852593932 56.97954371849945 53.20554923016706 69.06684037014381 9.56180922746636 50.70435255705729 12.961574967293927 54.91821248895753 72.54318248911555 40.01853633769875 74.02505676985304 89.78580323325599 33.71121200241339 62.03343142290878 66.67064318913339 77.95416926768745 5.311834404276394 52.76900946079526 74.21330549184451 94.619648072798 145.77270479650645 129.74468251084198 114.08936952066999 98.98376764672452 84.72242147157422 71.81010768244127 61.10805882919938 53.94810993648891 51.819906416458224 55.3073888352641 141.30797175859925 124.73099463741852 108.3808362224881 92.37801033760822 76.93955045626795 62.4851866597316 49.87794278578891 40.86473171862297 38.0887111574603 42.78177221857454 138.12661857577376 121.13181658679564 104.23810210185634 87.50404321988024 71.04255020617589 55.098466492118256 40.29080279470173 28.452895810674924 24.38229850364574 31.275172114169834 136.31857486416405 119.07553594039717 101.8524704050522 84.66156895177231 67.5274007259306 50.507737049888625 33.77611902937649 18.14756163141815 10.796056286599804 22.416260420053504 135.93867472473994 118.64243310518584 101.3481333433258 84.05697403009319 66.77139496728563 49.497242756773275 32.25288277089655 15.140455918140438 4.1148409022833645 20.083425448840504 136.99880489421878 119.85011260101652 102.75280346018579 85.73762259272367 68.86547333239679 52.27503311613422 36.35404981392697 22.56694416745275 17.193870444275444 26.09029653471299 139.46611584770184 122.65009902678135 105.99058948931913 89.5749534013984 73.56662586481755 58.30208875527375 44.55252645177063 34.19693876976517 30.864908508322838 36.531677777756975 143.26788990265854 126.93702799014412 110.90100867752982 95.30877309931405 80.41886959717866 66.70330425638616 55.04698778485294 47.00760346818352 44.58657373814916 48.6303833612623 148.30148191167743 132.56666609945142 117.27407761964763 102.62160834968795 88.92624256914365 76.70238349321286 66.76324998702901 60.250347414544 58.323014993260536 61.41449903614508 154.4464314399529 139.37633029836624 124.88599117288108 111.20228512436778 98.6614095033922 87.75469968520228 79.16052673096512 73.69246061849643 72.06564088457495 74.53202348434584
