0.0 17.84481086321908 63.65082452364242 42.92396724135696 41.745620843092745 10.226872654962902 37.96194229386795 24.002453556418434 46.27338884812479 17.11682441940244 42.51042207091482 10.225205061338135 10.441309212513241 32.35029397592954 31.396278395267384 24.178634423021965 28.227508532538774 42.393934690470104 46.59513671349995 37.583081166178594 60.501830011583394 43.13466368907232 53.4776511087772 46.29758856853639 20.871263059051227 4.010510592874663 21.4908179754454 21.20348613076616 46.23492887511405 59.74070607345633 37.18358438449921 7.3563739593412265 16.72050021639721 31.247458882712657 24.34225989455721 27.207230130779774 27.564765028974723 8.747642113475905 47.048746602752075 52.305232750937584 97.39564155409931 82.43881504122099 68.5937978838424 56.68124594719681 48.157261420665805 44.99092869070847 48.24882540433133 56.836768845917454 68.78656179955401 82.65269219347184 91.65491221562824 75.60316606010113 60.24751753168503 46.28603336440614 35.408180778191806 31.044975648289956 35.672827552210904 46.69068005188265 60.71406301157234 76.0991731656574 87.82646864305009 70.93553506685308 54.3039947236792 38.27152619800603 24.066735527847662 17.100232960114145 24.58333464965763 38.922678281223064 54.993832322698104 71.64063420528578 86.16564160737325 68.87816971489563 51.60039038791963 34.34693390023488 17.19118971329856 3.1742234358708723 17.981321985153823 35.1467458166087 52.402033337563516 69.68045643919145 86.79697379230849 69.66275345103388 52.638358711491215 35.880460251999345 20.06816081644553 10.805913187834188 20.72480329705677 36.61939669340564 53.39621697536209 70.42758544040491 89.67205602617202 73.19794700134248 57.214612218486764 42.28232314247627 30.0131378281928 24.74858838896103 30.37939112605127 42.80225199817227 57.791597486102646 73.79983263386448 94.58646553599117 79.11583733493583 64.58125280608402 51.777089075471196 42.30486892419952 38.694226426708646 42.467524361016025 52.04271643993766 64.90072639022385 79.4636425029509 101.2436033269652 86.93109418712338 73.90847743874731 62.98103617073645 55.40269647091649 52.64035158280283 55.41889959857881 63.009540786114194 73.94491197316704 86.97239655455712 109.32548770953446 96.1822183891475 84.54979484681361 75.13327017055522 68.84795253477473 66.58652006194411 68.74722208042024 74.94857061754131 84.30354521182518 95.89358183144037 118.54096462388696 106.49555610437466 96.06939346827646 87.84096407015019 82.47074204036257 80.53256070307154 82.26934478279395 87.46244088400546 95.54995424546694 105.87063173181073
17.84481086321908 0.0 54.50156394810583 27.543895669235486 37.73132500570556 14.281262639041554 20.155955457826227 10.832224193668356 53.46702606776944 21.0971493791652 41.9717844697636 16.951451558387326 12.730761245937606 29.9011637470541 31.500900740334348 16.78143275985537 44.84293675755693 54.505752722260276 42.622825438663675 19.989835861068922 69.78266894451689 29.663058278655356 51.62579574384845 39.85251681940262 4.660183677808461 21.8139360439525 11.652419660391319 6.522150129062058 52.8092737137367 42.92474290415094 30.64119871294515 18.923126493944583 21.030501506637638 30.643935147587435 15.845857077209775 38.60047843741749 44.99561037035716 9.439074220791856 47.97897704083283 60.41025375414826 109.68786438864022 95.96776168794635 83.58761520783217 73.23019863946526 65.85688281136342 62.53231547678986 63.89167699030408 69.66130018045149 78.8792846147597 90.49796010900074 102.21677145106821 87.37219670304127 73.60866246314197 61.65445373066307 52.754243265731965 48.615334441610294 50.42413455740134 57.62324176492967 68.53455099211622 81.68374018297642 96.24374384909497 80.33628162621216 65.14357829297171 51.304592114918 40.241077065801534 34.71649646615185 37.28047347483131 46.61694981736712 59.62511257969335 74.40346646511682 92.06092617353907 75.29860782191182 58.84945254163836 43.07374260002604 29.08862408776349 20.872477421457887 24.977671804069104 37.560875608043546 52.88162418805396 69.14350648971876 89.91855935117486 72.67598339446225 55.47038122147224 38.35154765203176 21.527484890418197 7.3984720085421785 15.644665364551912 32.14789424876352 49.20296778490316 66.38591987012755 89.96256646685579 72.730175083414 55.54103632422193 38.453197659273044 21.707221158674916 7.903912739699267 15.888787515713629 32.26683509114767 49.28039235674131 66.44304960506179 92.18981594156159 75.4554149353504 59.04903488919135 43.344766676320816 29.486615162474084 21.42110052991007 25.435762633573248 37.865603022435664 53.097468512153796 69.30793483548895 96.44914676662096 80.58111818624836 65.44389082377103 51.683620482358386 40.720976759828964 35.26906310840389 37.7931636542802 47.02602649201217 59.94396265165156 74.65800487008572 102.48745839693763 87.68727282147405 73.98066150810112 62.096058778707956 53.26729325837215 49.1689975794618 50.95564631701429 58.08672169178765 68.92284351956351 82.00823895922264 110.01212953982437 96.33652551116897 84.0087956752394 73.70836761206307 66.38571580971916 63.086426223100865 64.43155427443021 70.15445318284618 79.313072812436 90.87449498432005
63.65082452364242 54.50156394810583 0.0 67.4236789458704 24.693076118790138 53.426374773498225 48.33254017907838 43.67597816720228 107.57417466884418 48.242468631148405 95.90206843469011 69.3529512486832 65.6683013199716 83.81615454988406 36.44092130471777 39.85344142110236 90.06741272077295 105.99426799404601 21.706016153213366 54.75111171013511 123.27148669477853 27.142248797477833 24.873039020667886 18.291368630246314 49.95155862482571 66.64654283665395 65.30946123556673 47.97997586367332 107.0573829538159 37.82460031357817 82.53267101670214 69.3563884270057 74.88254326588456 84.94525655400614 40.07854010117046 90.46420697113058 87.4405624262397 60.26366429188532 32.95564237306492 114.30802309536334 161.02711108974142 145.79171540215975 131.0702321244117 117.05671665768745 104.03764596233628 92.43417299895964 82.84327731995464 76.03044492268882 72.78005367111963 73.56583153150352 155.09189146049485 139.23933843047917 123.77555697987535 108.86634105562814 94.77377535281111 81.9204086019779 70.98263708746353 62.96675918318263 59.07442194488364 60.11204926001137 150.23054383720265 133.82870404141667 117.6848815234766 101.92175549602898 86.7471079537463 72.53124033351185 59.96002419571921 50.28251952920094 45.389014424004365 46.80488310135464 146.55004721427727 129.7028585250432 112.9931654457209 96.49242520701688 80.32950618791939 64.75785484225747 50.32930280231039 38.35630893167444 31.7503213638481 33.818162814167614 144.14094003953528 126.98715470175274 109.87982704993114 92.84464117745797 75.93016836437924 59.23989880125329 43.03548328790506 28.16828186792713 18.263719629387513 21.734462858791673 143.06749851203952 125.77300943258463 108.48089325256782 91.19249984474884 73.91044163654789 56.64051788077933 39.39868876771743 22.250362139727446 6.050957114718337 13.298987802884794 143.359744598716 126.10381933701451 108.8624970469267 91.64402002944968 74.46423761105751 57.357929624591556 40.41849367107374 24.00188122754767 10.82770087748899 16.034370649764 145.00941733562587 127.96759867114409 111.00627182692183 94.16894043095047 77.53642486391428 61.27573664476237 45.78477371343296 32.194502459556 23.98827537091431 26.703924879313895 147.97110032713948 131.29905660397617 114.81352174383211 98.60808315082603 82.84726988683867 67.84167576410405 54.221975168459245 43.31580531257103 37.56597086028585 39.30460687499881 152.1681640720341 135.99032573424557 120.12613390953594 104.71823251852153 90.00127340763729 76.37572276576401 64.53660713949645 55.63629314091224 51.230082844739265 52.46281047169572
42.92396724135696 27.543895669235486 67.4236789458704 0.0 59.04207090352922 41.80308351705467 19.157592336678476 32.50034065137458 57.53269637118979 48.359146802408404 37.703924631598646 36.33468293710475 33.373278510870264 28.828523314458085 56.427448407658076 40.48199819524275 64.53316536613309 65.67802431745508 63.28675818629743 12.86021704403897 74.55661845088284 40.53040555841056 73.1665213149807 58.48744664543547 28.241811899054063 46.34385988708411 21.9659573970251 30.05347194399138 56.09929426836687 38.65181408993143 22.24104989112508 40.13475962505286 34.94503000257431 31.807471366890805 39.108030354679165 51.86216738260007 66.52495575276365 34.422845250383574 71.83807574284504 64.61209937370266 116.81860648636305 106.07015742514658 97.23089067502579 90.85972836117578 87.49748971175613 87.49175678688715 90.84316505526354 97.20509297585896 106.03704963256548 116.77995555573443 106.5863323333239 94.73858875088688 84.7870361308113 77.46592885098708 73.56484289056161 73.6294059890512 77.64972687077706 85.06678599649086 95.08902889391518 106.98680335108439 97.33341871419991 84.24478728066596 72.93332842903081 64.3432438894083 59.66181441750744 59.81394145152844 64.76557350430959 73.55370730024671 84.99654481545716 98.17012697303306 89.36474825624106 74.94169137468403 62.009350691692205 51.69879720455039 45.81566635758723 46.08783491811594 52.41951319255108 63.00972775248058 76.10091859900346 90.61554736178071 83.05094204132271 67.32488498190166 52.597814944569265 39.98911066009403 32.10041496939306 32.56459958967572 41.099616629232294 54.00567250835313 68.86766784498576 84.66172406091738 78.79093962351864 62.01893881266685 45.644249717345 30.31762604843464 18.805092989024434 19.667657501768858 31.91730153154156 47.427035313860195 63.86427308292106 80.66398967489795 76.92676810184565 59.64388332981002 42.37654470441913 25.15678472844721 8.286715213145275 10.15820035916744 27.137095909715125 44.36629879369753 61.63625976040641 78.92022630614792 77.63124093436402 60.54565558771471 43.6309097083666 27.207520712482303 13.249721301752235 14.47667350411545 29.022509657710977 45.538457240358404 62.481270303492266 79.57876739143042 80.83722142560443 64.58713492323879 49.06169799472974 35.23227221547716 25.96702492865549 26.57010245901985 36.556324877874964 50.650469053191884 66.2818657314446 82.58215313928605 86.26622047525447 71.23587824741524 57.497357481333346 46.217400383205785 39.558264525905614 39.90451979084353 47.1019248066197 58.68149754827098 72.57514176153316 87.68973977582449
41.745620843092745 37.73132500570556 24.693076118790138 59.04207090352922 0.0 31.791955688656337 41.12949793693532 27.9140036368687 87.58881857879298 25.026213131040127 79.37147118435577 49.27296077558085 46.251653523751415 67.43037124636386 11.858800214972504 20.960299591730028 66.41660066196039 83.87525122470655 4.9791461865507 46.5633554111347 102.24391025681474 23.591077402522906 14.211911884673757 6.800639116767308 34.01901115328297 44.13822208054451 49.38216731116846 31.79599758736221 87.35416718265938 44.58972947746131 68.26018695968615 48.3385881243917 55.53778556827884 67.80683614065592 21.907592713226467 68.95013812332533 63.38795955696081 40.563517520218106 14.459370369498938 93.89017895164092 138.20582031699323 122.48900477688203 107.2611899782557 92.76350857398944 79.39693466287956 67.83345051371448 59.1403402712984 54.70358078266264 55.55252215507281 61.46855089739084 133.21142498422734 116.85120868479618 100.80591103390807 85.25352738416953 70.52093070521528 57.244605927712996 46.683976399256395 40.99448623289779 42.194877118172116 49.789285122337866 129.55105599493248 112.68010513205988 95.9627331281637 79.4958884477033 63.474849229121254 48.34487318441636 35.27190263964886 27.380605225391644 29.22324491390452 39.45894851849258 127.33985884841088 110.14251407411966 92.98397676195593 75.89057408706047 58.91902331995825 42.216538887380246 26.300832215589963 14.140161519439369 17.517629215258925 31.819856564950395 126.65378998901507 109.35225207647143 92.05086175977559 74.74972152554184 57.44905731586889 40.14948450136905 22.85348170140841 5.594260177643561 11.790821383656317 29.076877270003756 127.51747805477318 110.34687792034754 93.22484798512369 76.18414306619468 59.29492040167006 42.73715098135812 27.124769500150865 15.612646308384829 18.72081427052823 32.494547343174176 129.9000022174089 113.07928884545194 96.42899044889981 80.05550871628077 64.17108691919553 49.25121278495817 36.49856393178827 28.936447973356906 30.678991468174505 40.54371292379721 133.72016984535045 117.42820173612405 101.4711099808033 86.03542652326806 71.45983439766665 58.39200378680686 48.07753258514746 42.56732352344069 43.71738537128545 51.079813965243794 138.8593263329392 123.22252253640313 108.09424505086534 93.72107430464185 80.50845873430441 69.12512054483074 60.61064969761261 56.282480642107146 57.10063573903053 62.864503342263 145.17739681387687 130.26944396004353 116.02788108739091 102.73022936991006 90.79218325736082 80.8185048915565 73.61202757431965 70.03227936450804 70.63284916514418 75.31379878996219
10.226872654962902 14.281262639041554 53.426374773498225 41.80308351705467 31.791955688656337 0.0 32.40937260709666 15.755500690478513 55.83614748689663 8.420888318954818 49.615463272672955 17.826511694199517 15.564022407875074 38.37155666974363 22.129160888018966 14.177001299745172 37.69456363813863 52.61317112975912 36.703501882334656 33.67555903979463 70.52028941644066 33.75955758165211 44.10535989571716 36.119909853438514 15.028598382095565 13.404471073141286 23.13750622924775 14.35119917966082 55.655770473036945 51.89794950762905 41.50927417724741 16.549751290116266 24.385687270446557 37.98812509243946 14.530137332837965 37.30913559710041 36.237124788863696 10.226872654962902 38.42647807393345 62.098246471281655 107.61016927535206 92.56514603138244 78.45613851205421 65.88722761650024 55.90697217987789 50.08746346507331 49.906113224644244 55.41829987289147 65.19553257033091 77.64295625511801 101.84716430608795 85.82965938004557 70.42246408929643 56.13041897828953 44.0526036485244 36.460215428444975 36.287328330134606 43.622248371283426 55.56742189389497 69.79458192561589 97.79003723468651 80.99682727803962 64.4731884167877 48.4954571993041 33.84579829428144 23.194355008850394 23.002814942546415 33.45134130630365 48.03713484371139 63.991028759198265 95.65615311278711 78.41928720446802 61.21913843008158 44.09869092998264 27.20881291992345 11.604214167481524 11.300858354113835 26.82301884196453 43.70300455590187 60.82059027818226 95.57445012919055 78.32006156474351 61.09256887330717 43.923630332729495 26.925490407938547 10.926672313542998 10.607341986848148 26.539642843175056 43.53048337083439 60.69733704857905 97.55008597251721 80.70829303970636 64.11200691705626 48.01647498456049 33.15909954220255 22.185163251086184 21.989739153473867 32.76625338868292 47.56487851079087 63.638978211929434 101.46292643133438 85.37545743469636 69.87073683421194 55.43986689074822 43.17343694461431 35.39802700807962 35.225031103759335 42.74684968742836 54.8861671265891 69.25602765924401 107.10080710826902 91.97522189678075 77.76247301152205 65.06354725367498 54.9384233506568 49.00915981812752 48.82896004184961 54.45492758536538 64.38255310788882 76.96485793999678 114.20847074281124 100.12607020617786 87.20997505175951 76.056717196129 67.54526912850558 62.759837489653556 62.561375392685584 66.99066240557242 75.23474381666553 86.2060274787739 122.53031733411304 109.48201579923106 97.7631327668861 87.90696048366384 80.59976738934449 76.57477740065815 76.35283749727219 79.9656193810786 86.93635603788876 96.54037988323972
37.96194229386795 20.155955457826227 48.33254017907838 19.157592336678476 41.12949793693532 32.40937260709666 0.0 18.136254471536187 67.77916368967288 36.33999699206546 51.23854875825998 35.94521944235824 31.826789161340926 39.934300233263045 40.671932404862034 25.3787332536907 64.71626345446306 71.99349707087228 45.02353685798862 6.432080060123456 84.82452126523614 21.372815214832343 54.980909589564625 39.80956773031417 17.512506980992367 41.95011106616658 23.99856730898389 18.086735957298927 66.71489706590741 24.562038813087778 36.265572041711835 38.6169012720418 38.06091088270403 42.06525218936973 23.952578585370343 56.451252583860196 65.10968962118474 29.56523666997769 54.735046026977656 74.98187844975669 126.22186400688061 113.57986974199953 102.31077897849323 92.91547238155502 86.0102049137543 82.2247318015745 81.99230768613337 85.34196710229111 91.88277862163737 100.99663110399104 117.47241993663845 103.81696215218615 91.40484046053223 80.81100874033186 72.83326474185871 68.39328050233544 68.18568932341707 72.24698391545013 79.92906972343488 90.31266098489463 109.8393422024003 95.13579256239137 81.45953791047741 69.4204074184108 60.011906946688256 54.61102768195401 54.42425078518191 59.500698840674055 68.68308824884556 80.57977053810177 103.569873578196 87.85774714956311 72.86943478898633 59.15767989026802 47.83318330338547 40.92800424364273 40.75408457251397 47.38559969932213 58.554252449202565 72.18387404617164 98.92371520517737 82.35578199201295 66.1646318285356 50.7124487926148 36.93855303322752 27.49311219160883 27.31292763397575 36.53534034416787 50.22326604610009 65.64017131847726 96.13658356229053 79.00193490308061 61.9603229765887 45.1172961716982 28.82311728262067 14.989551410928113 14.741577211692018 28.436849886196875 44.70690830042064 61.54245488827906 95.37164302729592 78.0735816848405 60.7777229591408 43.48669505403738 26.210060529761467 9.030807652212044 8.652010653900799 25.823878048924417 43.09990318136197 60.390762692864044 96.67691714535054 79.65558506372844 62.78782159920472 46.24198564880746 30.545774152558312 18.068751663908504 17.85014400755041 30.15771678649004 45.8155051127516 62.34858075339746 99.97133168917486 83.60554030178241 67.7068302312059 52.69964546582142 39.610600677438036 30.97508710918455 30.799701921145044 39.19817007281638 52.18314591201628 67.14442775861976 105.06789987123722 89.61081036165598 74.96422718350956 61.708003161819526 50.93941720155281 44.50252879530297 44.32640507986368 50.476624086972706 61.070887048277115 74.23019051661355
24.002453556418434 10.832224193668356 43.67597816720228 32.50034065137458 27.9140036368687 15.755500690478513 18.136254471536187 0.0 64.11520849091251 18.265860606189523 52.651617323328736 26.585072243356226 22.56628650106134 40.5493061348094 23.92746977527724 7.981950379080822 52.21878540552319 64.21045625245756 32.64889542750843 21.36208087572244 80.22563824402185 19.599350054656924 42.071953854045724 29.32782728824194 6.401759382708446 27.883612595520137 22.05934000632321 4.313038766828802 63.513551957808076 36.1678637444277 40.53484195805251 27.583526176690285 31.487747388397324 41.42635666352752 6.61426311631347 48.31963066810847 51.40858235575603 17.741920077172782 39.6001620090868 70.98584886427952 119.53834926939066 105.34480603751014 92.2189393054521 80.6835222904533 71.51239170375835 65.70317314174393 64.17542481713079 67.22169840108978 74.28136857394283 84.35271242901764 112.5057756856694 97.33003114648757 82.9904908252797 70.00292405524657 59.262959678116566 52.17747222860741 50.314809265781044 54.21598158926943 62.81613242492382 74.50544631596613 106.87504498397975 90.79382325650913 75.2560200830862 60.68052316953374 47.9530013847717 38.93021844112002 36.47383432509393 41.75914737303808 52.497802855863355 66.08267046979341 102.87668176260146 86.07378179629362 69.51612262527723 53.432179694982885 38.42154967042494 26.38454587910187 22.688855711212227 30.530889534941462 44.13838905270667 59.69062481310617 100.70536624501406 83.47861784741606 66.29103808564808 49.183707351377485 32.2844490859126 16.255690767936915 9.21534359175815 22.45686706323343 39.018104063192496 56.028807382286644 100.47964462535424 83.20742647720691 65.9507855966683 48.72627508455279 31.58650201202428 14.828276974760106 6.384508569192867 21.455991336819405 38.453486730937726 55.638971793434145 102.21241059967703 85.28238452409796 68.53834781768882 52.15972502833068 36.63987568904963 23.728376430706945 19.552569847203298 28.289254307769877 42.62596172533391 58.58647539126288 105.80746408427069 89.54050757107919 73.74614389191385 58.80640428221519 45.56973593538802 35.96827330931571 33.309769430944264 39.039377521907575 50.37175258116099 64.41476633418338 111.08409432450703 95.69073786427437 81.07071813863497 67.72671623287157 56.56905134208579 49.11119804922115 47.14302391691689 51.300315402222296 60.32978321522038 72.43166331934276 117.81651062715505 103.39590532635104 89.99662021692119 78.14579587837329 68.65008760082371 62.59072609523642 61.00048204884606 64.2122572319669 71.5825711954713 81.99762417535366
46.27338884812479 53.46702606776944 107.57417466884418 57.53269637118979 87.58881857879298 55.83614748689663 67.77916368967288 64.11520849091251 0.0 63.38393414613159 21.685140070041037 38.4485534151563 41.93182716130822 28.81400338361586 77.65617666926104 67.98351881513834 34.87536618846398 16.1845285942897 92.52337094394576 63.06071169836351 17.1482902643472 83.03086302026487 99.74123849799386 91.43911968766128 58.12420734602287 44.852010868190106 44.27938403020559 59.89168490322281 1.898023664343391 92.25308182151596 35.60638335326527 39.303678203949715 32.693123572468835 26.096856478431697 67.59513991124564 20.54632538855614 40.39519638965775 47.4543532973855 93.18954054559772 7.21281390770154 59.29688157279934 49.264101605916125 44.005539223868276 45.21866307555126 52.45637931556553 63.69709729644418 77.21187026295001 92.00396647564746 107.54762208905511 123.55952581039543 49.71332889563418 37.2427514959538 30.022313750177698 31.849103938422477 41.54636970041543 55.10485971031281 70.32566819344449 86.3340197412705 102.7625205854866 119.43792372572335 42.776785453069 27.356786488542994 16.29866854132545 19.53488831358999 33.11026370465419 49.0884884643379 65.74026371087074 82.65952626136635 99.71020372369621 116.83477482043031 39.8929091686346 22.606956673415308 5.423870752840731 12.102720919970569 29.36404143171037 46.655456278475555 63.95255950871426 81.25171832454585 98.55185025903904 115.85251936872453 41.90693195599445 25.982072461588686 13.880130660678097 17.577279631477186 31.99962946121839 48.34981495712204 65.19314167480417 82.22712223329391 99.3537434341667 116.53216651313463 48.20882971266574 35.21891861698635 27.483872113781988 29.479895789037588 39.76776730774939 53.78286352616183 69.29954929852092 85.50420275219702 102.06968146770069 118.8451980214392 57.403284509200915 46.9784935176004 41.44304454919873 42.740827524223484 50.34616212801086 61.97902106473084 75.80743611754849 90.8341400387834 106.55336658006338 122.69924274151744 68.33238297633562 59.79025164034808 55.4899309959972 56.410010773542155 62.319698425079 72.00068701617823 84.16146191877948 97.8820874114644 112.59375214278744 127.95507660325876 80.29074782585005 73.10293258670939 69.57128212452629 70.24939727550779 75.02321184886706 83.1906051903237 93.86991661181257 106.30679975433515 119.95582553278531 134.44833379302187 92.88154100247839 86.68591194764048 83.66954866156479 84.17492968976138 88.14149746461317 95.13730989513815 104.55606756272712 115.80809196668214 128.4123687017465 142.00928869278766
17.11682441940244 21.0971493791652 48.242468631148405 48.359146802408404 25.026213131040127 8.420888318954818 36.33999699206546 18.265860606189523 63.38393414613159 0.0 58.00422875719068 25.97702877779765 23.961326435224873 46.79219283202417 14.280195320695961 12.755085673710443 41.825458401196386 58.869183913706856 29.744779648369047 38.84085436177008 77.46979806612626 32.434142899636704 36.36098917805814 30.229816938711934 20.288493038565164 19.154817792987565 31.14934717418203 18.8263617922268 63.31871713497876 52.636813174079926 49.79186614777412 24.192472654980946 32.61259041962231 46.3894345090517 13.843853490590504 44.14532634790898 39.344870316626874 18.63839410556618 30.187845969449512 69.40675947311193 113.24217715247414 97.68730745355515 82.82833196782585 69.11554314081066 57.376713211629905 49.05017148477844 46.02667286356431 49.29191714276754 57.789573149608536 69.62958869912532 108.20363002875914 91.82676994837186 75.86167893289633 60.63449105612462 46.87000324948947 36.273425913579075 32.147071007812585 36.73983458375573 47.59102058238813 61.47116038297884 104.82636901406089 87.84072655779602 71.00796299060244 54.46999484427934 38.607535961491266 24.75510638524863 18.270213893962026 25.563608974104724 39.64728813285062 55.57903177675045 103.27355541905864 85.99030753754155 68.71646266843264 51.46149048249525 34.25392347536436 17.236329481425653 4.4231599890702515 18.45944593823074 35.505653833786404 52.71873740656526 103.62725992665297 86.41284356861132 69.24206255653384 52.158029873908 35.28696775518737 19.19878293471112 9.525208595437396 20.287412136453234 36.484815244097774 53.37993588781451 105.86837037825946 89.07598906463026 72.52353220524549 56.422553413235356 41.30444598743783 28.763186498440053 23.39434656785746 29.42755375011102 42.230052127265935 57.44114031058388 109.88143187388108 93.78903547446781 78.21473041289451 63.54063035434706 50.55676148813987 40.90559048204099 37.27271532145513 41.278929933288005 51.16005844086289 64.26087360967075 115.48180931667328 100.26325959224292 85.83760774362673 72.67853411190481 61.603120674567776 53.91122677056914 51.15268327228572 54.08765458978044 61.911650689304615 73.07072835269022 122.451833075543 108.18284507605809 94.92785324457816 83.17306945601136 73.64044033348827 67.28121752210998 65.0330901861517 67.30925802799446 73.6916713241923 83.24110425622891 130.57225877260652 117.25519071599786 105.10531728559214 94.57356225381594 86.25469620544435 80.83482877145528 78.913556837215 80.74102023231968 86.07879081858081 94.33285267779611
42.51042207091482 41.9717844697636 95.90206843469011 37.703924631598646 79.37147118435577 49.615463272672955 51.23854875825998 52.651617323328736 21.685140070041037 58.00422875719068 0.0 32.41403876617975 34.051468842596634 12.108629310372828 71.43996467079005 58.49171475435651 45.26728946641119 34.73470199293092 84.32549549343848 45.61633676476593 37.78255630217064 69.53744733916048 92.87241959806161 81.8217014390657 46.25195402317968 43.02956163962713 30.64429128580034 48.37291539120411 19.928579880058763 74.85852982238823 15.54952203648627 35.30896246392208 25.79645802833023 11.65689359074307 57.700910918680755 27.962708088768622 49.861451555669035 39.54909562318258 87.9544471333196 28.126855243640442 79.9590410282881 70.87665387007348 65.20924394706205 63.8724082785628 67.12538412046581 74.36829605492726 84.58228735073025 96.83169325744774 110.44131434632902 124.96753426088522 69.09588722130262 58.40973885857943 51.457312667266656 49.82683946648391 54.00253981428015 62.83737862456772 74.69604721227742 88.36947581824876 103.13840465074522 118.59425888855759 59.64320783736971 46.90770534443272 37.974475356656725 35.81195491701174 41.492635850041395 52.53083782888281 66.30268768741944 81.43286341764416 97.28968841727901 113.56919951379625 52.3705775855851 37.27496502090469 25.196824624224906 21.887171086455375 30.363265278698126 44.31161057538232 60.03183420772696 76.43843756924001 93.16952125444435 110.07722732948446 48.27368531780316 31.288652024146494 15.044072977350734 8.50775252012669 22.740996219957285 39.50490222926342 56.593595274942075 73.7817462999642 91.01302369948542 108.266838014639 48.16982461382076 31.128907101477402 14.710509675110705 7.9058659257219785 22.523759027627197 39.380834285192 56.5074674784048 73.71601614443354 90.95999986336568 108.22248147971531 52.08289034539663 36.871540447986185 24.59888213601151 21.199315761325458 29.87354103938305 43.97905636529609 59.78794044268016 76.24794898870236 93.01404789898264 109.94629583132257 59.22186673777002 46.373258357877205 37.31536282905314 35.11553982161605 40.89588723129331 52.06297791570576 65.93437167329695 81.1346823981053 97.04143253779131 113.35762079022491 68.58663711919542 57.80919794243325 50.777768297976145 49.128015949514555 53.3614463841168 62.28986900355462 74.2382206942028 87.98466260717578 102.81045718696797 118.31052856866157 79.39333915618536 70.24077402312481 64.52072858101495 63.1725933161671 66.46294248974654 73.77372805314344 84.06246026309256 96.38010971127093 110.04748028850535 124.6212836341232
10.225205061338135 16.951451558387326 69.3529512486832 36.33468293710475 49.27296077558085 17.826511694199517 35.94521944235824 26.585072243356226 38.4485534151563 25.97702877779765 32.41403876617975 0.0 4.230068289842029 22.136618776840482 39.95473766520512 29.585572435758976 29.099192187824606 37.68257128980268 54.234168762124035 33.86084761752489 53.929240291854846 46.12839733163705 61.91170985369473 52.99057076277811 21.36930765589179 11.776118393418065 14.42064365762696 22.674475432532176 38.12254533869516 59.65874049393589 27.330300145506584 4.017291820513224 6.672234607625244 21.046163089510774 29.277085253628353 21.768578390859258 30.380119110170277 9.090701011343837 56.160137258955025 45.01027673742989 92.97888332517223 79.04520207736671 66.7076918189722 57.01218530902359 51.473909403576116 51.45326398413728 56.95624943508817 66.62800668251361 78.9510554001132 92.87598167668403 86.00218094202482 70.7471661303126 56.68028640252757 44.931672353809724 37.73277695930502 37.78063917356648 45.05216863168265 56.83947627471772 70.92574420183902 86.19108585289298 80.91197436601907 64.49358593186116 48.690951017660474 34.364310698955286 24.284028553978253 24.438356941648777 34.690972765334095 49.07550251386407 64.90036484278603 81.32908963325902 78.0781805630428 60.91748021872409 43.86786678461163 27.139515473635317 12.142079226255861 12.530766122374951 27.664477858340558 44.41103235252684 61.4660026188221 78.62895386005664 77.747962102067 60.495605106772246 43.28284111659709 26.1878579631376 9.844640468525347 10.331672608856689 26.744783482460225 43.84674332074039 61.061475807819 78.31464886917853 79.95235033017792 63.29107268638906 47.094089202306755 32.0727047714247 20.932638211539135 21.12827705294655 32.45527133683314 47.5289067983737 63.74449876583779 80.41415958581565 84.49316809335939 68.91341946477903 54.385030217002566 42.01323413730079 34.22280490120597 34.29281425644483 42.184144481528335 54.60508385954645 69.15660866881879 84.74825109307089 91.02135103887599 76.74376920249381 63.97678142623032 53.806632452683516 47.91640130738048 47.91150192573255 53.79354239578246 63.958432394076084 76.72235416821569 90.99813661668938 99.14501822223565 86.18227057638981 74.99152038604116 66.47381245978127 61.745466240885314 61.6841365751211 66.30277561370413 74.73873592981289 85.8742946854205 98.80083791017917 108.50630525900493 96.75934242231713 86.88963284329286 79.59856864532843 75.63558587436928 75.52640237911801 79.28694058739828 86.41346147754722 96.16048869715564 107.81965837942435
10.441309212513241 12.730761245937606 65.6683013199716 33.373278510870264 46.251653523751415 15.564022407875074 31.826789161340926 22.56628650106134 41.93182716130822 23.961326435224873 34.051468842596634 4.230068289842029 0.0 22.941811773412287 37.50835413538371 26.08850183844654 33.00896012450051 41.8322464113223 51.22915347906533 29.99348911549957 57.72940159668203 42.042002670723896 59.2469390306087 49.64376029426982 17.187622032812428 13.216747692124992 11.46792198283044 18.566442771088276 41.49044124937389 55.44254733753327 26.977868409642184 7.030550043831591 9.331515093901114 22.428157005260942 25.665052554069987 25.916105275980616 33.952678115261826 5.690452784629573 53.94417099353873 48.64227983815838 97.09120378858206 83.2453962019731 70.93369781358734 61.09077134429142 55.057011931262394 54.12177143889333 58.529967419337545 67.23873429805273 78.83550631039617 92.23733561583181 89.94247449207391 74.8255501454972 60.8833555747975 49.12645735564741 41.45769450274208 40.283716928805454 46.10337363659958 56.80642627970259 70.19348165963618 85.00579664373345 84.56568403687768 68.29980959812968 52.69803957821497 38.57477244814126 28.24275258006393 26.570724247338575 34.82906847185292 48.15428271762477 63.429616010883564 79.53934712001853 81.31318372562315 64.24805410351564 47.355083893424315 30.917768208675675 16.371490996648262 13.373703671829217 26.23736054468265 42.38696890317936 59.19141900002676 76.21880305838147 80.44310544983502 63.14836522019624 45.859049584526325 28.58500325087376 11.395875400889604 6.429861950049301 23.48475796095684 40.74847446858037 58.0349555853376 75.32853079219431 82.03130516260205 65.15041608759022 48.56676587538133 32.73525806111594 19.574877639545868 17.130875355006616 28.32790651999692 43.705674994530646 60.13829152196415 76.95293710537351 85.9415824840891 69.98850506943059 54.85923135311752 41.46551420585363 32.06168512434529 30.581426040254403 37.96320277964599 50.456863684631344 65.18661366730463 80.9407393762662 91.87788392926483 77.13072705438594 63.68246742953339 52.540159510830634 45.433293591694145 44.346409927699085 49.67623256741589 59.72902303228713 72.56781934350239 86.9673773180012 99.47808713595182 86.00486225315106 74.13824887013878 64.76743520920843 59.091949413943624 58.203036102322166 62.30590214065091 70.53477564688271 81.65158181773195 94.64409202179431 108.39265486022181 96.13236688607986 85.63051141904671 77.60428594110451 72.87629309364925 72.09834382282348 75.39281436068505 82.27192668609182 91.93449609354171 103.60463990960018
32.35029397592954 29.9011637470541 83.81615454988406 28.828523314458085 67.43037124636386 38.37155666974363 39.934300233263045 40.5493061348094 28.81400338361586 46.79219283202417 12.108629310372828 22.136618776840482 22.941811773412287 0.0 59.85924189152495 46.50481282908288 41.73931432726027 37.55154615355112 72.3697574189596 34.700524423317496 45.93165011441559 57.56459522645405 81.05506227497581 69.75262564078922 34.148462271136694 33.60937730609731 18.53653580218312 36.27663650201265 27.477229642576308 64.05369542976197 8.210984244481912 25.613372617493198 16.044978199842696 3.2261930789793762 45.67802229877131 25.80125503199662 45.4004916982818 28.165872620557927 76.4409639454805 35.96827472586355 88.09944871682704 77.28394272514993 69.15776230436539 64.74162274654019 64.79855469057084 69.31753753084612 77.52214311920571 88.3919548551179 101.07069821132268 114.96141846184537 78.29170820504328 65.94203202055868 56.265556438399216 50.81314137873169 50.959190274456795 56.660427559988854 66.50315985167758 78.9533896055862 92.96938437422027 107.94293108904166 69.99030527662146 55.88410932726615 44.114982887295184 36.98563170101144 37.261902620072895 44.80701974891624 56.79432936499818 71.00866055989967 86.357229564981 102.33093138807088 63.78623820614666 47.925687878558584 33.52268107029742 23.438855497717014 23.952055472389056 34.59383166214541 49.178009619928105 65.10707553446132 81.5971638749975 98.36653004706183 60.33015379705756 43.2420747623231 26.433688570127053 11.23904098208519 12.353359141367067 27.885627320505534 44.73616243200614 61.836506501626616 79.02465521975651 96.25358184484196 60.09807620892905 42.919182000450895 25.904575416424734 9.937368654171241 11.187894725092491 27.39160647602932 44.431347567249205 61.617388879191445 78.85413116811408 96.11430079131122 63.12557725131451 47.04688530880708 32.25975744334754 21.602918841343786 22.167360550083266 33.38875954835937 48.34188943055505 64.4808413588626 81.1007469141637 97.95710804598761 68.98479077623266 54.62537350043745 42.51669525177714 35.07299807142195 35.373279263467374 43.25656541533397 55.58506895491458 70.04981943843138 85.57430916654499 101.67426148494644 77.03217702904293 64.44851606878194 54.515762277575504 48.87768036311003 49.03864931310014 54.94772791506367 65.05704164295648 77.74501089608917 91.95029613069916 107.07067471970196 86.6601787153651 75.64675869542415 67.33180666764386 62.796551172960136 62.864425961763715 67.52155082622814 75.92811180672781 87.00397152396955 99.86490134610251 113.90785987741378
31.396278395267384 31.500900740334348 36.44092130471777 56.427448407658076 11.858800214972504 22.129160888018966 40.671932404862034 23.92746977527724 77.65617666926104 14.280195320695961 71.43996467079005 39.95473766520512 37.50835413538371 59.85924189152495 0.0 15.945551402854036 54.776535068842335 72.8764034085464 16.044670630192005 44.97207359712789 91.68638654695265 28.538169559533177 22.085075746473184 18.203163027288937 28.854324454623143 33.306589320902745 42.832726970591914 26.764195872917576 77.57285150832564 50.329790750376084 61.8949534023911 38.41560453681161 46.50314997676238 59.78307591052868 17.327612592299776 58.37210528017905 51.60537480429606 31.9098985208656 16.60830820487562 83.68384915432358 126.77623408512389 110.89834777251794 95.51636640337625 80.91360618485098 67.59696578804468 56.48354277889865 49.09311692387859 47.20784211518232 51.43665316178971 60.510998365581756 122.16960750083328 105.62621952398676 89.37053021144978 73.59343214660558 58.682220523689836 45.496383612365875 35.98537208127738 33.446692687110776 39.25714795355271 50.618911930507316 119.05200216598057 102.02112857288637 85.09967026204745 68.36891713387607 52.013224562420305 36.539758848567736 23.741191462847652 19.769828413202106 28.579009901502992 42.911365003410005 117.54200514071188 100.26311163284073 82.99381655218278 65.74168439657174 48.52502445652347 31.40223526317881 14.704972300333258 6.714573031566827 21.74047426925852 38.71594505782962 117.70152664258221 100.449220958781 83.21752146923359 66.02256461827858 48.90312330630074 31.98069996886675 15.897425670248365 9.022437943329708 22.556460294108653 39.17775754959547 119.52387998444767 102.56887174000332 85.75255229470633 69.17613903456481 53.064935787171855 38.015099897341834 25.94454551704322 22.356258089364623 30.41703998133278 44.150895556929186 122.93511425135641 106.50665592029148 90.40464847651046 74.84009920294703 60.231119059170986 47.46832869950447 38.4370137758487 36.059299752081344 41.49517371155636 52.36538032138842 127.80802326841612 112.07103592138016 96.86921504941131 82.49893337222422 69.47808749955867 58.71147017109535 51.62916103216069 49.82775592368438 53.83996382047194 62.55701080001495 133.98315516082425 119.03404558176918 104.8113347824522 91.65381356726493 80.08820721990902 70.89791310113914 65.09685845635511 63.619035140623254 66.75219873641048 73.91227362604123 141.28978844097296 127.16605446136604 113.92230100958673 101.90220850779035 91.5888295719629 83.6160958110862 78.69862405499805 77.42079533934883 79.95730014969767 85.97118306030504
