0.0 24.438663076090453 59.432776833106225 37.24434914646953 31.396777909098894 21.93349318084386 49.42072205148936 50.171744828844965 35.58717552791057 33.95227968704892 57.572347807788624 15.99685246972491 15.809270439546912 48.53829091649297 35.94809907498434 11.984092640975764 15.95779115320414 25.726784437815553 36.684012418882055 15.846384979680103 25.676748790339996 12.864453524543055 52.93344355295123 34.19391471712657 29.591935906118536 22.05211654565781 45.701135899062976 44.95788881077778 45.56191349090766 26.513421643057693 49.58929371740485 35.07947944655752 31.358986914225596 23.303758052143213 23.97756215478137 15.018099800921473 32.16689579123801 31.03775762098651 9.012124942971267 16.455920593816792 39.95478484309575 36.51709845868857 58.062787488286055 39.85265288907316 49.27303569383057 5.175736585315594
24.438663076090453 0.0 53.6965722799967 40.011680687915096 31.205114952675668 7.222298629161887 29.708349841204022 28.697658067770412 36.86939800085378 24.46559885537627 80.00325917762828 21.662303995197952 12.473295799881475 41.96249994384812 42.46391103393838 12.953572020604875 21.458390779019016 9.579871119814555 42.057229486543925 15.172047368104355 15.698813321860394 24.86494431865566 48.070027402548725 36.239793484598884 19.007060086988304 3.4333616546695946 26.527288784298943 20.58363252501785 45.16594399800215 20.627891344281675 72.67483345567256 37.179497733959224 48.836142408407895 33.74445010812779 20.073755341256412 9.450050746395545 31.32266041495998 53.1307886487149 15.889680106220938 27.99746170498424 41.325298464002955 25.82157768369559 47.09389583204566 40.170436664602626 49.49715055402104 22.498103739192185
59.432776833106225 53.6965722799967 0.0 24.699373605612585 28.077002239577126 60.202981032905356 78.18249113905286 74.70789007327117 24.811391216677972 78.15993508099241 80.98132594499825 69.88557072254966 61.78815141195554 95.65496986730828 92.68027654565569 57.82978880246699 43.548896068453416 63.27047334477481 92.8251873508059 64.52588192561296 69.09393964954702 46.93282991436225 6.5195675458925 26.35845519584235 72.66965586214366 51.46869557742585 76.25889634105569 55.016596665010596 16.043277642212733 73.64218015133444 78.75579259460056 89.08003968428586 90.66968687647143 81.09134704153014 72.4365295141966 55.275236162551934 83.85679382082292 62.96019606913851 54.0628674754668 73.97588620018163 21.601170189267428 27.906132267915613 13.05175412889093 20.817895574699563 14.919449188825528 62.672108062075054
37.24434914646953 40.011680687915096 24.699373605612585 0.0 8.887233834328736 44.733311142113635 68.96922639920325 66.87510454055544 3.411891346863466 62.854080744206996 59.53127412476232 50.34468487643488 43.91484013163249 80.09957917617015 72.56847365912502 39.08167087737071 22.606617268473165 48.68962517187041 73.04492076857049 46.20640659218039 53.21490377487922 24.383675735193155 18.517586539257337 3.775276138773146 57.31051675950247 36.86317894234533 66.1347320854457 50.42949689155221 8.887967689509619 56.866691785821644 55.940755474840536 70.29485135997814 67.62047933061775 60.221293354488665 55.067269630260014 37.68018433885771 65.91744706004016 38.75684993646734 34.12624527415024 53.1282423602744 3.103587777801543 20.91566060808048 29.475026850156915 4.207280823633565 12.09221216733802 41.34687919329476
31.396777909098894 31.205114952675668 28.077002239577126 8.887233834328736 0.0 36.18447781063627 60.08227512750407 58.017831378489426 5.664347915749833 54.40899956187649 63.41169708457948 43.000298463203514 35.907219257335385 71.77734270043895 65.59942369006183 31.3051141203881 15.661118083488601 40.04266913959856 65.93072153572808 38.36435260083228 44.81198488485963 18.86753860407943 21.562662099855302 5.194402770808957 48.841708115856456 28.11533194946611 57.25189483501854 41.956920590488544 14.873140701009113 48.683082105472934 58.711826665765116 62.7805543743225 62.5927373852145 53.58224066299853 47.02050749665253 29.51076784561343 58.10398965358488 40.009135799892015 26.786575644674734 46.441460269202864 10.199489824779924 13.734952325712438 28.81631017623099 9.311924728701657 19.04389547498129 34.876362100286016
21.93349318084386 7.222298629161887 60.202981032905356 44.733311142113635 36.18447781063627 0.0 28.07112717830234 28.336701036153496 41.79332373236338 18.282012758601095 79.21362549157897 15.173841835283149 6.8810244824840385 35.776160609151546 35.26064592458169 10.04476105091829 23.972941447542432 4.32227240567152 34.83710458684236 8.939475232044016 8.896516840404196 26.10402449801993 54.38429870345303 40.9743304695977 12.704078456580046 8.739548527185635 24.48101608049947 25.39329839529588 50.67176590631751 13.572957309924915 71.42418546811348 29.980572939291314 42.62070024733637 26.96050984924087 12.864853511804434 8.311163587331162 24.184424334674624 52.41569246935481 15.01543510937619 21.720160849634134 46.38338106609022 32.49703944633056 54.116463117509696 45.40678587384923 54.97586175006528 18.667093901725316
49.42072205148936 29.708349841204022 78.18249113905286 68.96922639920325 60.08227512750407 28.07112717830234 0.0 5.134720571226526 65.6749661309254 20.692530789033007 106.9884054627232 37.21700115468636 33.61169070892716 27.900095997284136 44.51418039105148 37.95825802407833 51.03146166136997 23.891252053781965 43.00481670368099 33.948209376690656 24.489457745507234 53.88853166159469 73.58660218768746 65.24932467744958 21.6432063230911 33.12762623888358 3.765663839758503 24.461107403903444 72.92515820465499 26.37300045676471 98.96647482582415 36.898779618758596 60.75165640442195 44.11172954015486 28.69668313910802 36.295736486055695 31.609824589484443 80.31870661656392 43.085933955618586 42.81515842220964 69.87808493228894 51.38364693335765 68.44785714173887 68.50392051783156 77.2023196485109 45.30575809735955
50.171744828844965 28.697658067770412 74.70789007327117 66.87510454055544 58.017831378489426 28.336701036153496 5.134720571226526 0.0 63.52638712196138 24.215380868944102 107.54859542082625 39.21686544858435 34.47196840724115 32.92685312785963 48.56504642855084 38.37923217574919 50.152140652687095 24.451796251696894 47.136925783278315 35.22734029640647 26.339168271340732 53.421070918234186 70.36079415686851 63.21045026308754 24.14844084496499 32.12194861244001 7.068750291207609 20.2010692310088 70.30250515896792 29.022192610057484 99.73826187921144 40.996274051713094 63.93423483215275 47.14778948208765 31.13319133269678 36.26401328398926 35.43224658814349 80.73258011185143 43.16876447771155 45.17389090978528 67.5803702038114 48.47135872838247 64.55036447592468 66.12520996171449 74.53102084090311 46.41107548587624
35.58717552791057 36.86939800085378 24.811391216677972 3.411891346863466 5.664347915749833 41.79332373236338 65.6749661309254 63.52638712196138 0.0 59.9873484283316 61.65592410656075 48.05761127768843 41.28778389056412 77.3131743428728 70.48389140846403 36.56539533956854 20.387017243456068 45.68249242045438 70.89160566660996 43.66804058844527 50.3713708114034 22.76181113851688 18.378741261636783 1.55203609696054 54.427081894718654 33.77483318908298 62.87653532937471 47.01799412948129 9.977543356480785 54.153911983564605 57.67384155947471 67.94375515009362 66.39096202421321 58.27696010841211 52.42926534940278 34.958855802448895 63.41062282457545 39.87570672870113 31.805279746625697 51.15142146314829 4.655526869112444 17.60803816172417 28.030653175688766 4.267839588473241 13.864909308818321 39.438738479775665
33.95227968704892 24.46559885537627 78.15993508099241 62.854080744206996 54.40899956187649 18.282012758601095 20.692530789033007 24.215380868944102 59.9873484283316 0.0 90.44476689530839 18.89816932551406 19.779293551457855 17.53274803238271 24.61871884219149 24.953846684883533 41.29197213875205 14.889542126951506 23.350524102740877 18.469326807395753 9.654330128079636 42.32277960523132 72.4822516702204 59.11514327456511 5.578067526946209 26.840639699540446 17.328148288004805 34.149408267824164 68.95143327376408 7.479311051948496 81.96351554094382 17.246119245688984 40.076737767782475 23.5523398188256 10.079652448664467 25.350799801187353 11.324207581811429 64.61207983545376 30.585962033226654 23.283776935339247 64.59987270034064 50.284888987082994 71.21145247968452 63.66083021418771 73.25249837455307 29.01695177601223
57.572347807788624 80.00325917762828 80.98132594499825 59.53127412476232 63.41169708457948 79.21362549157897 106.9884054627232 107.54859542082625 61.65592410656075 90.44476689530839 0.0 71.54873785889443 73.37826155038684 102.02862344334866 81.95239937258566 69.17690957235928 60.357312848148894 83.20172077410109 83.57742834317756 73.25774317425177 83.04998268553837 55.75155288489587 76.18106082657722 60.490697892558686 86.73955639827781 76.86362942517688 103.27296651291269 98.94425784778241 66.04644058521777 83.01357354136692 9.006081570726076 85.40341296937416 63.69197928918337 71.50775120198773 80.4008584691694 71.41246203693053 85.31633376582757 26.884914156948454 64.49855211754569 68.11942032364544 61.99591980942478 76.78523824048943 88.7549432472407 63.61435772945517 66.10002609032948 61.91165813308994
15.99685246972491 21.662303995197952 69.88557072254966 50.34468487643488 43.000298463203514 15.173841835283149 37.21700115468636 39.21686544858435 48.05761127768843 18.89816932551406 71.54873785889443 0.0 9.329124653036326 32.543572200252804 22.79667425972133 12.092212167336607 27.73908638340751 16.61449464477062 22.97883786325892 6.498647050106679 12.877697285034927 26.90585209935147 63.61191076662868 46.87046421469182 15.705344161973963 21.517613544395054 33.468747543257464 40.41328988636363 57.842768995102176 11.510639513017129 63.071183339524325 19.978506761983652 27.45481654029153 12.20337807604075 8.910977835799892 15.146485822346346 16.28835422049719 45.877569600567774 16.252367550866076 6.595556303310543 52.675838243750235 43.60937229077262 65.8653492943145 52.17464672731283 61.90722832947099 10.824227103632852
15.809270439546912 12.473295799881475 61.78815141195554 43.91484013163249 35.907219257335385 6.8810244824840385 33.61169070892716 34.47196840724115 41.28778389056412 19.779293551457855 73.37826155038684 9.329124653036326 0.0 36.38356427219153 31.398590778963907 5.17468353002538 21.739353050848354 10.052473360703438 31.303818660656095 2.91349460471533 10.464010807683936 22.54647701823128 55.66767785932411 40.260972418839046 14.662841773830671 12.194857118466263 29.895314099559453 32.11713722098665 50.74683034429872 13.060321763050549 65.38057984620387 27.291895327988982 36.36708444470165 21.527132298638488 11.152435690632702 6.523123209085014 22.24571440706659 46.764383955064524 10.810031905411924 15.530378698964386 45.943030332457795 34.85960501618079 57.026738740991746 45.214514448927204 54.95045965215602 11.995487580429971
48.53829091649297 41.96249994384812 95.65496986730828 80.09957917617015 71.77734270043895 35.776160609151546 27.900095997284136 32.92685312785963 77.3131743428728 17.53274803238271 102.02862344334866 32.543572200252804 36.38356427219153 0.0 23.425422343890116 41.465776699558134 58.122911384954755 32.402775502815466 21.533381993681136 34.478147586908676 26.982709273154594 58.549175331518235 90.0086450903569 76.38771371935984 23.090233641057072 44.37249138539964 26.410608593273093 48.697656828521076 86.40477352099934 23.32354702870201 93.19790118711256 17.288659328176816 43.611024929433604 30.686131112273085 25.393782298974106 42.429544977530725 16.839149389372984 77.61539649143056 46.95157479881738 34.19425105058273 81.94598801776093 67.76072202704323 88.40193703134469 81.05974010233584 90.69354405776505 43.36763752027419
35.94809907498434 42.46391103393838 92.68027654565569 72.56847365912502 65.59942369006183 35.26064592458169 44.51418039105148 48.56504642855084 70.48389140846403 24.61871884219149 81.95239937258566 22.79667425972133 31.398590778963907 23.425422343890116 0.0 34.876726705663366 50.09781236576227 34.394730627064206 1.8962173125469794 28.514900178270967 28.004904110360066 48.43955742225037 86.39396860787515 69.22578187305527 26.98432715105779 43.23463227304253 41.52657585010155 57.56098492201196 80.36876660759111 22.96127802486345 72.96257252456135 7.623668371846435 20.417796420919803 12.719554612562273 22.639843204564915 37.72022444434147 13.314039276433835 59.85869307486792 38.825226475419704 19.53920378538504 75.04970433687058 66.22562407990627 88.42285341643166 74.6651508633348 84.34712255586695 31.331759656010167
11.984092640975764 12.953572020604875 57.82978880246699 39.08167087737071 31.3051141203881 10.04476105091829 37.95825802407833 38.37923217574919 36.56539533956854 24.953846684883533 69.17690957235928 12.092212167336607 5.17468353002538 41.465776699558134 34.876726705663366 0.0 16.701298526394236 14.07150638660297 34.99567790399817 7.127516509091019 15.579829689065848 17.375188986418962 51.59015113666671 35.477945089836865 19.800846600328658 11.284559206504063 34.303746160271864 33.50831936486669 46.177821111043905 18.16331589149982 61.382436978497495 31.50304557045414 37.1549949053328 23.88140125516981 16.117673043331727 3.789949613845544 26.848588378258704 42.402173814986746 5.6428899788880456 17.11302406196324 41.21712571013286 31.60033934181696 53.86695966907602 40.576757361509735 50.32746743789525 9.546860044727328
15.95779115320414 21.458390779019016 43.548896068453416 22.606617268473165 15.661118083488601 23.972941447542432 51.03146166136997 50.152140652687095 20.387017243456068 41.29197213875205 60.357312848148894 27.73908638340751 21.739353050848354 58.122911384954755 50.09781236576227 16.701298526394236 0.0 28.248746756611098 50.50928127464316 23.806477383920242 31.67981919791163 5.212851745361783 37.071147392080576 19.152046807822963 35.89777173681897 18.030489430223977 47.7009866400173 38.674689790796776 30.285389381894667 34.79959097783976 53.855357029299974 47.690190064063856 47.31300835009998 37.95382592069359 32.81592774878104 15.999061884886142 43.40968089921364 34.0059062343155 11.530806997322953 30.816186363802846 24.970686192235704 21.49896499036468 42.31680867849337 24.572836407377395 34.25159734447646 19.215457335821867
25.726784437815553 9.579871119814555 63.27047334477481 48.68962517187041 40.04266913959856 4.32227240567152 23.891252053781965 24.451796251696894 45.68249242045438 14.889542126951506 83.20172077410109 16.61449464477062 10.052473360703438 32.402775502815466 34.394730627064206 14.07150638660297 28.248746756611098 0.0 33.749547777387576 11.235822926002287 6.52349455987085 30.424508937254195 57.60741486324032 44.91980545363991 9.436617525957464 12.064646279135363 20.256627803809145 24.091424981279758 54.35526315613851 11.65449772074573 75.31006470541101 28.445105203328197 43.82587555782502 27.52455202101594 11.791722527386582 12.625938913185651 22.370645316128055 56.463226096252704 19.25241622544463 23.180997922167425 50.23596118784765 35.40141880913913 56.53624876998033 49.19329244065677 58.6759366173823 22.042402646866655
36.684012418882055 42.057229486543925 92.8251873508059 73.04492076857049 65.93072153572808 34.83710458684236 43.00481670368099 47.136925783278315 70.89160566660996 23.350524102740877 83.57742834317756 22.97883786325892 31.303818660656095 21.533381993681136 1.8962173125469794 34.99567790399817 50.50928127464316 33.749547777387576 0.0 28.452263923146457 27.294581879884824 49.03458884688658 86.57673150592488 69.65791947991676 26.017897600384607 42.97350056885525 40.082901773216406 56.63940631230513 80.74012829014586 22.195825353223945 74.59501653542564 6.145594424882994 22.296353895797623 13.670397677118832 22.080240264702855 37.70449447863463 12.140014663818292 61.23874698604187 39.144710798613495 20.22894928250937 75.479011919041 66.16337687370134 88.31029645187424 75.04970433687053 84.75602644926816 31.951749873749446
15.846384979680103 15.172047368104355 64.52588192561296 46.20640659218039 38.36435260083228 8.939475232044016 33.948209376690656 35.22734029640647 43.66804058844527 18.469326807395753 73.25774317425177 6.498647050106679 2.91349460471533 34.478147586908676 28.514900178270967 7.127516509091019 23.806477383920242 11.235822926002287 28.452263923146457 0.0 9.832983442967997 24.102029120435564 58.36716203870924 42.594568452842275 13.784037159365653 15.081976981631628 30.192039314050504 34.331116058022914 53.22988671824022 11.307210779646526 65.09314468827795 24.58233238154279 33.77900858013549 18.66409226463003 9.084367316157174 9.268182214391405 19.74516246668132 46.86608753374887 12.476789070523331 12.877817291243279 48.3219191941272 37.71990341875106 59.90825809525527 47.653739076936404 57.40176352506715 11.377583088629525
25.676748790339996 15.698813321860394 69.09393964954702 53.21490377487922 44.81198488485963 8.896516840404196 24.489457745507234 26.339168271340732 50.3713708114034 9.654330128079636 83.04998268553837 12.877697285034927 10.464010807683936 26.982709273154594 28.004904110360066 15.579829689065848 31.67981919791163 6.52349455987085 27.294581879884824 9.832983442967997 0.0 32.927239071383305 63.28011599025972 49.48166091183786 4.237222908917717 17.625277158853144 20.725326751958647 29.86296792904004 59.422736742427375 5.135192807685456 74.82752951419516 21.925459264377867 38.84931603516996 22.152806144515765 5.6935491613043165 15.708836993046807 15.849751895459276 56.698707316770815 21.217794983132734 18.976874264265167 54.993344879219954 41.34873018171095 62.79269831796941 54.08404172387924 63.710855775425806 21.138471193647977
12.864453524543055 24.86494431865566 46.93282991436225 24.383675735193155 18.86753860407943 26.10402449801993 53.88853166159469 53.421070918234186 22.76181113851688 42.32277960523132 55.75155288489587 26.90585209935147 22.54647701823128 58.549175331518235 48.43955742225037 17.375188986418962 5.212851745361783 30.424508937254195 49.03458884688658 24.102029120435564 32.927239071383305 0.0 40.41432859488035 21.3482730389335 37.1587240866695 21.52975432941762 50.41811847056619 43.19720689150349 32.726004289228 35.39097555247645 49.005940881507705 46.80191760874607 43.756156758236195 35.94301750367756 33.17172745306987 17.80339040059999 43.066251521491345 29.162050653992917 11.736982612774668 28.912114143995154 27.093968159161133 26.467042863728693 46.69815204951958 27.02965072699012 36.4093321993111 17.108494277422043
52.93344355295123 48.070027402548725 6.5195675458925 18.517586539257337 21.562662099855302 54.38429870345303 73.58660218768746 70.36079415686851 18.378741261636783 72.4822516702204 76.18106082657722 63.61191076662868 55.66767785932411 90.0086450903569 86.39396860787515 51.59015113666671 37.071147392080576 57.60741486324032 86.57673150592488 58.36716203870924 63.28011599025972 40.41432859488035 0.0 19.93000576795362 66.95410572796533 45.68100547467751 71.47083147412823 51.10088038535688 10.276249513923116 67.72520237363857 73.4919852456676 82.94552983395812 84.15485030222196 74.71063206902996 66.43298903671493 49.14534413042095 77.81918345225739 57.11465641172824 47.693999131521124 67.58561958595368 15.45691629600241 22.526718664582344 13.74634049758735 14.499054549572994 10.504319291178847 56.224215606694344
34.19391471712657 36.239793484598884 26.35845519584235 3.775276138773146 5.194402770808957 40.9743304695977 65.24932467744958 63.21045026308754 1.55203609696054 59.11514327456511 60.490697892558686 46.87046421469182 40.260972418839046 76.38771371935984 69.22578187305527 35.477945089836865 19.152046807822963 44.91980545363991 69.65791947991676 42.594568452842275 49.48166091183786 21.3482730389335 19.93000576795362 0.0 53.56642152160077 33.087948689813146 62.39325263553436 47.03812968807139 11.380905569257733 53.17986793925956 56.37998981302265 66.78792834579862 64.92238862304734 56.97077062123384 51.411407087234906 33.985211677208476 62.325783093413136 38.447192390985144 30.624549974344657 49.85342803597306 5.824036272133743 18.056878332293802 29.465328601429615 5.724140922282391 15.141466253783012 38.114985386966154
29.591935906118536 19.007060086988304 72.66965586214366 57.31051675950247 48.841708115856456 12.704078456580046 21.6432063230911 24.14844084496499 54.427081894718654 5.578067526946209 86.73955639827781 15.705344161973963 14.662841773830671 23.090233641057072 26.98432715105779 19.800846600328658 35.89777173681897 9.436617525957464 26.017897600384607 13.784037159365653 4.237222908917717 37.1587240866695 66.95410572796533 53.56642152160077 0.0 21.28836488253432 17.937645981476624 30.624301345032805 63.37355851432171 4.889044876856542 78.42143637924133 20.225140538551425 39.961301289963174 23.12770325641519 7.056570773657111 19.91146428678842 14.000267689957571 60.54426789092594 25.442053911033963 21.177486732538753 59.03508340806575 44.822240832729804 65.93887943341306 58.087888183403486 67.67513273037582 24.887300903681126
22.05211654565781 3.4333616546695946 51.46869557742585 36.86317894234533 28.11533194946611 8.739548527185635 33.12762623888358 32.12194861244001 33.77483318908298 26.840639699540446 76.86362942517688 21.517613544395054 12.194857118466263 44.37249138539964 43.23463227304253 11.284559206504063 18.030489430223977 12.064646279135363 42.97350056885525 15.081976981631628 17.625277158853144 21.52975432941762 45.68100547467751 33.087948689813146 21.28836488253432 0.0 29.91807581362547 22.976653352952685 42.302786746989696 22.272036944478742 69.64182164120507 38.41569112568803 48.128663961903904 33.71983176561113 21.348396861619115 7.513874557040207 32.774230012126765 50.01606054130588 13.212171533203314 27.535269190109513 38.28235961360622 23.768726645147915 45.527856945373564 37.189700684181744 46.626785796596764 20.70673640411175
45.701135899062976 26.527288784298943 76.25889634105569 66.1347320854457 57.25189483501854 24.48101608049947 3.765663839758503 7.068750291207609 62.87653532937471 17.328148288004805 103.27296651291269 33.468747543257464 29.895314099559453 26.410608593273093 41.52657585010155 34.303746160271864 47.7009866400173 20.256627803809145 40.082901773216406 30.192039314050504 20.725326751958647 50.41811847056619 71.47083147412823 62.39325263553436 17.937645981476624 29.91807581362547 0.0 23.680626607886683 70.38934793780359 22.707792596202907 95.22934839943255 33.94563027207952 57.28612192565573 40.581562503649316 24.994216734933644 32.7467539685959 28.44778862244448 76.62961102589999 39.49168075663632 39.11511603872643 67.1537550383016 49.10366157829586 66.937446258575 65.8290655394183 74.68947805803703 41.554635546299615
44.95788881077778 20.58363252501785 55.016596665010596 50.42949689155221 41.956920590488544 25.39329839529588 24.461107403903444 20.2010692310088 47.01799412948129 34.149408267824164 98.94425784778241 40.41328988636363 32.11713722098665 48.697656828521076 57.56098492201196 33.50831936486669 38.674689790796776 24.091424981279758 56.63940631230513 34.331116058022914 29.86296792904004 43.19720689150349 51.10088038535688 47.03812968807139 30.624301345032805 22.976653352952685 23.680626607886683 0.0 52.3541069403048 34.68874501970548 92.09958638008102 50.81996457643771 67.8252511238415 51.615014468369296 35.53293947323093 30.026985872994008 44.60090063914297 72.30441824240043 36.18844643054898 47.00563878114089 50.538370957827894 30.30641375114065 44.4308802348219 48.89456192163145 56.40207593233302 43.03054834585425
45.56191349090766 45.16594399800215 16.043277642212733 8.887967689509619 14.873140701009113 50.67176590631751 72.92515820465499 70.30250515896792 9.977543356480785 68.95143327376408 66.04644058521777 57.842768995102176 50.74683034429872 86.40477352099934 80.36876660759111 46.177821111043905 30.285389381894667 54.35526315613851 80.74012829014586 53.22988671824022 59.422736742427375 32.726004289228 10.276249513923116 11.380905569257733 63.37355851432171 42.302786746989696 70.38934793780359 52.3541069403048 0.0 63.43702950188138 63.22515845424972 77.65117628162346 76.27391631406121 68.22007519383993 61.83422110075936 44.31372570828944 72.9637335651101 46.95009693670155 41.60445879524267 61.08849130991233 5.823623471497961 22.066817677338932 22.95251562828751 5.7240359238733864 4.332051188520474 49.399209771062694
26.513421643057693 20.627891344281675 73.64218015133444 56.866691785821644 48.683082105472934 13.572957309924915 26.37300045676471 29.022192610057484 54.153911983564605 7.479311051948496 83.01357354136692 11.510639513017129 13.060321763050549 23.32354702870201 22.96127802486345 18.16331589149982 34.79959097783976 11.65449772074573 22.195825353223945 11.307210779646526 5.135192807685456 35.39097555247645 67.72520237363857 53.17986793925956 4.889044876856542 22.272036944478742 22.707792596202907 34.68874501970548 63.43702950188138 0.0 74.56922156747808 16.791008273081125 35.08438324026098 18.250070754024243 2.612752101819055 19.196756195460456 10.743617843051158 57.133303231859635 23.70610857019885 16.486361139257433 58.80196990921047 46.039331597483276 67.67737113413726 57.9916137975309 67.68836820673604 21.54662222192053
49.58929371740485 72.67483345567256 78.75579259460056 55.940755474840536 58.711826665765116 71.42418546811348 98.96647482582415 99.73826187921144 57.67384155947471 81.96351554094382 9.006081570726076 63.071183339524325 65.38057984620387 93.19790118711256 72.96257252456135 61.382436978497495 53.855357029299974 75.31006470541101 74.59501653542564 65.09314468827795 74.82752951419516 49.005940881507705 73.4919852456676 56.37998981302265 78.42143637924133 69.64182164120507 95.22934839943255 92.09958638008102 63.22515845424972 74.56922156747808 0.0 76.49294935679197 54.71145466529776 62.61967204871977 71.95921489119232 63.82847686117427 76.53304846911882 19.852663113767754 56.953893162263995 59.41412901876408 58.64601957250773 71.65081851935608 85.41315598800736 60.12493113338952 63.85474370540419 53.716791441397646
35.07947944655752 37.179497733959224 89.08003968428586 70.29485135997814 62.7805543743225 29.980572939291314 36.898779618758596 40.996274051713094 67.94375515009362 17.246119245688984 85.40341296937416 19.978506761983652 27.291895327988982 17.288659328176816 7.623668371846435 31.50304557045414 47.690190064063856 28.445105203328197 6.145594424882994 24.58233238154279 21.925459264377867 46.80191760874607 82.94552983395812 66.78792834579862 20.225140538551425 38.41569112568803 33.94563027207952 50.81996457643771 77.65117628162346 16.791008273081125 76.49294935679197 0.0 26.5598158051228 13.936153051936959 17.117779611696054 33.80740558573959 6.224881665756036 61.89533788093351 36.17044223425817 19.005651524823477 72.57791620256788 61.962798528268976 83.93417857328161 72.01787528699701 81.76520252843756 30.052180142983556
31.358986914225596 48.836142408407895 90.66968687647143 67.62047933061775 62.5927373852145 42.62070024733637 60.75165640442195 63.93423483215275 66.39096202421321 40.076737767782475 63.69197928918337 27.45481654029153 36.36708444470165 43.611024929433604 20.417796420919803 37.1549949053328 47.31300835009998 43.82587555782502 22.296353895797623 33.77900858013549 38.84931603516996 43.756156758236195 84.15485030222196 64.92238862304734 39.961301289963174 48.128663961903904 57.28612192565573 67.8252511238415 76.27391631406121 35.08438324026098 54.71145466529776 26.5598158051228 0.0 16.834370955011764 33.32378306284799 40.885488083297986 29.88423639440476 44.89811391331081 38.39139589285622 20.907970774391462 70.5193177392144 67.41289615207255 89.29334475554019 70.64407445689416 79.70552921232505 29.069737790546643
23.303758052143213 33.74445010812779 81.09134704153014 60.221293354488665 53.58224066299853 26.96050984924087 44.11172954015486 47.14778948208765 58.27696010841211 23.5523398188256 71.50775120198773 12.20337807604075 21.527132298638488 30.686131112273085 12.719554612562273 23.88140125516981 37.95382592069359 27.52455202101594 13.670397677118832 18.66409226463003 22.152806144515765 35.94301750367756 74.71063206902996 56.97077062123384 23.12770325641519 33.71983176561113 40.581562503649316 51.615014468369296 68.22007519383993 18.250070754024243 62.61967204871977 13.936153051936959 16.834370955011764 0.0 16.547244523635168 27.209588678043033 14.56572225499771 48.067586009900474 27.02965072699012 7.140870368477101 62.78878745979774 55.46619670219206 77.72940683757163 62.49895310298644 72.11219398574161 18.87460667615497
23.97756215478137 20.073755341256412 72.4365295141966 55.067269630260014 47.02050749665253 12.864853511804434 28.69668313910802 31.13319133269678 52.42926534940278 10.079652448664467 80.4008584691694 8.910977835799892 11.152435690632702 25.393782298974106 22.639843204564915 16.117673043331727 32.81592774878104 11.791722527386582 22.080240264702855 9.084367316157174 5.6935491613043165 33.17172745306987 66.43298903671493 51.411407087234906 7.056570773657111 21.348396861619115 24.994216734933644 35.53293947323093 61.83422110075936 2.612752101819055 71.95921489119232 17.117779611696054 33.32378306284799 16.547244523635168 0.0 17.520628062049948 11.450313949544594 54.534373729320556 21.559308146963847 14.120935923813635 57.083738605459104 45.025126976976196 66.87441946786984 56.331808848963526 66.05703054352257 18.97674734827658
15.018099800921473 9.450050746395545 55.275236162551934 37.68018433885771 29.51076784561343 8.311163587331162 36.295736486055695 36.26401328398926 34.958855802448895 25.350799801187353 71.41246203693053 15.146485822346346 6.523123209085014 42.429544977530725 37.72022444434147 3.789949613845544 15.999061884886142 12.625938913185651 37.70449447863463 9.268182214391405 15.708836993046807 17.80339040059999 49.14534413042095 33.985211677208476 19.91146428678842 7.513874557040207 32.7467539685959 30.026985872994008 44.31372570828944 19.196756195460456 63.82847686117427 33.80740558573959 40.885488083297986 27.209588678043033 17.520628062049948 0.0 28.74642768464213 44.543614313676734 6.918454344757869 20.627860206653796 39.60857747835769 28.51363414222631 50.74682006549526 38.822638336392146 48.54044786887179 13.213505269086943
32.16689579123801 31.32266041495998 83.85679382082292 65.91744706004016 58.10398965358488 24.184424334674624 31.609824589484443 35.43224658814349 63.41062282457545 11.324207581811429 85.31633376582757 16.28835422049719 22.24571440706659 16.839149389372984 13.314039276433835 26.848588378258704 43.40968089921364 22.370645316128055 12.140014663818292 19.74516246668132 15.849751895459276 43.066251521491345 77.81918345225739 62.325783093413136 14.000267689957571 32.774230012126765 28.44778862244448 44.60090063914297 72.9637335651101 10.743617843051158 76.53304846911882 6.224881665756036 29.88423639440476 14.56572225499771 11.450313949544594 28.74642768464213 0.0 60.778464237111905 31.908285968375946 17.355873139562263 68.06363430881116 56.47458927664641 78.28348949495043 67.39753879103488 77.14440472430897 27.001491587589545
31.03775762098651 53.1307886487149 62.96019606913851 38.75684993646734 40.009135799892015 52.41569246935481 80.31870661656392 80.73258011185143 39.87570672870113 64.61207983545376 26.884914156948454 45.877569600567774 46.764383955064524 77.61539649143056 59.85869307486792 42.402173814986746 34.0059062343155 56.463226096252704 61.23874698604187 46.86608753374887 56.698707316770815 29.162050653992917 57.11465641172824 38.447192390985144 60.54426789092594 50.01606054130588 76.62961102589999 72.30441824240043 46.95009693670155 57.133303231859635 19.852663113767754 61.89533788093351 44.89811391331081 48.067586009900474 54.534373729320556 44.543614313676734 60.778464237111905 0.0 37.62648228609897 43.434851463609625 41.72171629417839 52.39122656444786 67.90585557226463 42.94313903550226 48.49180372793024 35.67032569470888
9.012124942971267 15.889680106220938 54.0628674754668 34.12624527415024 26.786575644674734 15.01543510937619 43.085933955618586 43.16876447771155 31.805279746625697 30.585962033226654 64.49855211754569 16.252367550866076 10.810031905411924 46.95157479881738 38.825226475419704 5.6428899788880456 11.530806997322953 19.25241622544463 39.144710798613495 12.476789070523331 21.217794983132734 11.736982612774668 47.693999131521124 30.624549974344657 25.442053911033963 13.212171533203314 39.49168075663632 36.18844643054898 41.60445879524267 23.70610857019885 56.953893162263995 36.17044223425817 38.39139589285622 27.02965072699012 21.559308146963847 6.918454344757869 31.908285968375946 37.62648228609897 0.0 19.92645942879234 36.42558156108162 29.08059972776022 51.17170267212851 35.927357738641824 45.65601230595278 9.326202416676502
16.455920593816792 27.99746170498424 73.97588620018163 53.1282423602744 46.441460269202864 21.720160849634134 42.81515842220964 45.17389090978528 51.15142146314829 23.283776935339247 68.11942032364544 6.595556303310543 15.530378698964386 34.19425105058273 19.53920378538504 17.11302406196324 30.816186363802846 23.180997922167425 20.22894928250937 12.877817291243279 18.976874264265167 28.912114143995154 67.58561958595368 49.85342803597306 21.177486732538753 27.535269190109513 39.11511603872643 47.00563878114089 61.08849130991233 16.486361139257433 59.41412901876408 19.005651524823477 20.907970774391462 7.140870368477101 14.120935923813635 20.627860206653796 17.355873139562263 43.434851463609625 19.92645942879234 0.0 55.67392048208307 48.570541190467026 70.81282472101219 55.36858868366872 64.99382873528907 11.806088768870694
39.95478484309575 41.325298464002955 21.601170189267428 3.103587777801543 10.199489824779924 46.38338106609022 69.87808493228894 67.5803702038114 4.655526869112444 64.59987270034064 61.99591980942478 52.675838243750235 45.943030332457795 81.94598801776093 75.04970433687058 41.21712571013286 24.970686192235704 50.23596118784765 75.479011919041 48.3219191941272 54.993344879219954 27.093968159161133 15.45691629600241 5.824036272133743 59.03508340806575 38.28235961360622 67.1537550383016 50.538370957827894 5.823623471497961 58.80196990921047 58.64601957250773 72.57791620256788 70.5193177392144 62.78878745979774 57.083738605459104 39.60857747835769 68.06363430881116 41.72171629417839 36.42558156108162 55.67392048208307 0.0 20.500699331678774 26.807840687382132 1.8588758180328115 9.329446936809093 43.9280805375878
36.51709845868857 25.82157768369559 27.906132267915613 20.91566060808048 13.734952325712438 32.49703944633056 51.38364693335765 48.47135872838247 17.60803816172417 50.284888987082994 76.78523824048943 43.60937229077262 34.85960501618079 67.76072202704323 66.22562407990627 31.60033934181696 21.49896499036468 35.40141880913913 66.16337687370134 37.71990341875106 41.34873018171095 26.467042863728693 22.526718664582344 18.056878332293802 44.822240832729804 23.768726645147915 49.10366157829586 30.30641375114065 22.066817677338932 46.039331597483276 71.65081851935608 61.962798528268976 67.41289615207255 55.46619670219206 45.025126976976196 28.51363414222631 56.47458927664641 52.39122656444786 29.08059972776022 48.570541190467026 20.500699331678774 0.0 22.266620457447296 18.76671073824708 26.182210986506764 38.36277845567947
58.062787488286055 47.09389583204566 13.05175412889093 29.475026850156915 28.81631017623099 54.116463117509696 68.44785714173887 64.55036447592468 28.030653175688766 71.21145247968452 88.7549432472407 65.8653492943145 57.026738740991746 88.40193703134469 88.42285341643166 53.86695966907602 42.31680867849337 56.53624876998033 88.31029645187424 59.90825809525527 62.79269831796941 46.69815204951958 13.74634049758735 29.465328601429615 65.93887943341306 45.527856945373564 66.937446258575 44.4308802348219 22.95251562828751 67.67737113413726 85.41315598800736 83.93417857328161 89.29334475554019 77.72940683757163 66.87441946786984 50.74682006549526 78.28348949495043 67.90585557226463 51.17170267212851 70.81282472101219 26.807840687382132 22.266620457447296 0.0 25.288591482414283 24.14741135335025 60.36454474387239
39.85265288907316 40.170436664602626 20.817895574699563 4.207280823633565 9.311924728701657 45.40678587384923 68.50392051783156 66.12520996171449 4.267839588473241 63.66083021418771 63.61435772945517 52.17464672731283 45.214514448927204 81.05974010233584 74.6651508633348 40.576757361509735 24.572836407377395 49.19329244065677 75.04970433687053 47.653739076936404 54.08404172387924 27.02965072699012 14.499054549572994 5.724140922282391 58.087888183403486 37.189700684181744 65.8290655394183 48.89456192163145 5.7240359238733864 57.9916137975309 60.12493113338952 72.01787528699701 70.64407445689416 62.49895310298644 56.331808848963526 38.822638336392146 67.39753879103488 42.94313903550226 35.927357738641824 55.36858868366872 1.8588758180328115 18.76671073824708 25.288591482414283 0.0 9.750933767167291 43.675291261841636
49.27303569383057 49.49715055402104 14.919449188825528 12.09221216733802 19.04389547498129 54.97586175006528 77.2023196485109 74.53102084090311 13.864909308818321 73.25249837455307 66.10002609032948 61.90722832947099 54.95045965215602 90.69354405776505 84.34712255586695 50.32746743789525 34.25159734447646 58.6759366173823 84.75602644926816 57.40176352506715 63.710855775425806 36.4093321993111 10.504319291178847 15.141466253783012 67.67513273037582 46.626785796596764 74.68947805803703 56.40207593233302 4.332051188520474 67.68836820673604 63.85474370540419 81.76520252843756 79.70552921232505 72.11219398574161 66.05703054352257 48.54044786887179 77.14440472430897 48.49180372793024 45.65601230595278 64.99382873528907 9.329446936809093 26.182210986506764 24.14741135335025 9.750933767167291 0.0 53.255165521020274
5.175736585315594 22.498103739192185 62.672108062075054 41.34687919329476 34.876362100286016 18.667093901725316 45.30575809735955 46.41107548587624 39.438738479775665 29.01695177601223 61.91165813308994 10.824227103632852 11.995487580429971 43.36763752027419 31.331759656010167 9.546860044727328 19.215457335821867 22.042402646866655 31.951749873749446 11.377583088629525 21.138471193647977 17.108494277422043 56.224215606694344 38.114985386966154 24.887300903681126 20.70673640411175 41.554635546299615 43.03054834585425 49.399209771062694 21.54662222192053 53.716791441397646 30.052180142983556 29.069737790546643 18.87460667615497 18.97674734827658 13.213505269086943 27.001491587589545 35.67032569470888 9.326202416676502 11.806088768870694 43.9280805375878 38.36277845567947 60.36454474387239 43.675291261841636 53.255165521020274 0.0
