0.0 50.5982412311979 60.890789844697196 26.384091539754788 24.8202189595864 9.089661640939157 14.564746005284011 50.21055584253801 41.485016542364185 36.23144897614688 25.748750761087383 12.055785894161803 49.54845761394555 22.748174823540218 19.225973935009257 5.755885077892614 16.893289251931712 37.01227164908614 38.35412680495429 43.28182349121669 11.752125238579922 15.280485808141334 27.614197044459925 24.78573209840339 22.149326473486333 3.7861277173195442 39.701605568566066 44.83925411321991 21.944611980697786 43.36525762398264 29.456305456497063 16.47067749800884 50.43373877020173 51.5895674058495 37.008891904294224 29.31643467118087 23.198177872427134 38.557933403740904 45.90358810495318 45.44102539672647 102.48536139908545 89.31588517979691 77.7823895707669 68.7136641951487 63.18013853302941 62.13362134353453 65.78859046806537 73.44647784955447 84.0197971864637 96.55548802482943 94.52131578815498 80.0970600062671 67.04849879352442 56.33973415798036 49.51295169321537 48.245221646234455 52.93744160766094 62.256295441765154 74.48504686229474 88.42454622792924 88.11345562769877 72.46100927010963 57.757446117475276 44.94391188440047 36.092876927387515 34.41139680864079 40.79584061835145 52.375231829340734 66.48862400831581 81.83530565525751 83.62040292887376 66.95162832558204 50.70878536316054 35.481726546288236 23.3503009095748 20.742030146719685 30.23141916660532 44.68061350537744 60.642290274661484 77.18373626880168 81.3600782128219 64.11956035392407 46.92427021720729 29.852465109457608 13.385276727222909 8.116342481544164 23.47973210562035 40.44050007709305 57.604545788305124 74.83212389557671 81.51845196113855 64.3194809298071 47.1958318303908 30.27558018263038 14.29993939779499 9.54353583961222 24.007981673169578 40.74801332422173 57.81981748392144 74.99716858670598 84.08185575772963 67.52446215630076 51.45929233005472 36.54142581434711 24.92396617382698 22.490967853620006 31.451461588033645 45.51105901773551 61.2538146211683 77.66282491752483 88.84231895666032 73.34155754893523 58.853358316048975 46.33744492132692 37.806178252564415 36.19616998806627 42.30514891907742 53.55367236535512 67.41641727346226 82.58727569960104 95.47169090759198 81.21131158824022 68.36967099401052 57.89860197644698 51.27168543196313 50.040231419705485 54.57073585130105 63.64437979446106 75.6435745097785 89.39795896291871 103.61177249970052 90.60030238320151 79.24723215403586 70.35997752525437 64.95862292278906 63.93287548853164 67.48256119918145 74.96047748807857 85.34016595801118 97.70111712346795
50.5982412311979 0.0 105.55492853765888 72.35947561106317 73.0931747947255 41.96708928664081 36.80291389049687 32.83981619679274 11.852421937479708 86.14958681789771 59.90049672079772 45.42747344442774 95.71404437761908 65.1907621294239 46.550000634241655 48.33674559116802 52.3201657835332 18.191491641701365 16.98223455041306 66.5482138713074 58.59518468785267 45.62773525935209 77.57253982310759 61.222258322562155 68.73853665136627 48.766101729097315 20.068945294738796 30.062189000925677 31.677491757573293 89.60686495529899 48.600451059985325 62.49398373903001 98.19969389977769 3.1660221688366597 13.64149445941183 51.53797927855182 58.116940476613934 16.962928310735823 14.162320142011849 69.95373520453309 144.26915367517861 128.6158624225645 113.44244571165711 98.9698639474607 85.55452360577203 73.77544380308119 64.53489572996328 59.03716190016494 58.34995512851237 62.631821797786586 139.11934073068068 122.838646298026 106.8792733219122 91.4096772237669 76.72667787426731 63.37934275818585 52.39850248665513 45.52986954621876 44.71061353502483 50.23756451301059 135.23315637617162 118.44001267292668 101.81736424655186 85.46475158849776 69.57284605365844 54.54582563307295 41.33790418162846 32.266183419658816 31.17851672302927 38.753093552179706 132.7217045297452 115.57753263429179 98.48854492461759 81.48946648459676 64.65125713858129 48.1430076580843 32.471919534744856 19.743712045360834 17.997638943838307 29.269917747402253 131.66371341308368 114.3666515794594 97.07132490909778 79.7788619125117 62.49163991160866 45.21567064601404 27.971811658091365 10.913348947221516 7.3819838385920695 24.26107474709118 132.09412676528123 114.85963361361173 97.64899162534371 80.47750443871888 63.37700607935692 46.426006743607864 29.88003226936159 15.131806844265114 12.799994219662235 26.40873244538857 133.99859668303984 117.03494241941424 100.18703608793435 83.52494999723712 67.18707437500795 51.48299984707276 37.223731712950276 26.822075819415204 25.533349156494392 34.39753924766441 137.3157781195636 120.80169984247053 104.5427414855287 88.67933952326999 73.4681704411437 59.412332276587115 47.547710083034424 39.88045374428614 38.97207714147365 45.23164104648246 141.94661826248145 126.0172264964979 110.50131457812813 95.60041781035419 81.65194094652006 69.2339457800896 59.31559027439661 53.31078187816945 52.5779411251003 57.31963481293774 147.76760100072715 132.51049511805297 117.81973916792253 103.93576270843292 91.22766473849512 80.25598463471411 71.82096865348099 66.88925339559836 66.24790649009493 70.01492856414008
60.890789844697196 105.55492853765888 0.0 61.956489693109724 56.545551616671034 66.60423796827094 74.60473144876816 111.10097021810125 99.39666719103782 31.047338493604876 76.96079088101534 60.828473093679776 11.827892828850889 40.62760739835659 59.03994670225829 66.1078353980351 53.289969074716275 87.97829429428101 89.35819018011654 48.58598257730856 49.57543251941983 75.02984359379722 36.88435974504819 74.6577692400991 60.84330601598346 64.42971236453363 99.65133991027409 105.71950705347038 82.3315573152048 17.678023594780285 87.40485125285754 44.92370727421392 14.583762331854416 105.37503088886922 93.36424260167043 56.41840361335846 75.47345863382974 97.68691027086936 104.90837782816097 46.2267884328246 41.944370639310414 31.54671783293492 28.805731748300612 35.53947882154731 47.90666473540238 62.65582251477586 78.45486130025282 94.78020904122435 111.4007198704781 128.20164720780042 33.8608526471603 19.627099448161484 14.91982941531904 25.66499898883775 41.152103502593754 57.68025362760596 74.56031304019237 91.59793386853721 108.71906586941097 125.88964081374363 30.625697354393974 13.32488226158822 3.9856291682461666 21.282189647397807 38.58356588300716 55.88528536250028 73.18710465367201 90.4889665034706 107.79085041822707 125.09274724236313 33.66691525501664 19.29214155886814 14.4784294457329 25.412118421199928 40.99560044977326 57.569222679814686 74.47485611802277 91.52871482623524 108.66103133947445 125.83976508168989 41.63097519937965 31.13074008062758 28.35167694231499 35.174165497978834 47.63754797493807 62.451259083845414 78.29235767746796 94.6463760827419 111.28741827245186 128.1036773516677 52.315920666311236 44.36612159863367 42.40819220818718 47.193872665463395 57.05062048794929 69.86408096415148 84.29656665452265 99.64706378108566 115.55028481174739 131.806313009264 64.3808922970303 58.05051080256399 56.51125799354675 60.13219370447846 68.09505946449215 79.09925088858245 92.06054433062168 106.26520652159229 121.27713046811434 136.83087588126088 77.18127556716901 71.92795146853983 70.63285520632937 73.50550587971586 80.09873708408121 89.59489437378201 101.17989741246991 114.21990767627823 128.27194589897977 143.03805796002277 90.40508733148336 85.90478601941467 84.76357135304188 87.11355874904537 92.68958695077087 100.95853238689988 111.3219174969768 123.25255246363092 136.33962146615036 150.2813075276517 103.89061240143423 99.9391643672021 98.89933948391747 100.86122978163934 105.65775665968668 112.92830007471312 122.2321803721636 133.1438185708481 145.30145378393996 158.4184776508957
26.384091539754788 72.35947561106317 61.956489693109724 0.0 5.46575865308714 34.80582042385764 36.27056117347052 60.57742117648311 61.447767241599 30.970547091970133 17.756261711997283 38.11356021213894 50.348892501973666 38.126962368511705 44.5753639586786 25.409407820812994 40.25290790290484 61.808437067246906 63.03739561404471 64.06133245481388 29.61671227664663 26.915720407414575 25.993481352325865 15.3064757589793 4.239459244687825 25.908797051778194 56.538649292534956 56.47318056254338 40.709701487059235 45.53031666619825 31.651023741839744 31.59353473479249 47.96741952453214 74.02665880951106 58.96671260973845 53.42135868073922 17.627171410243673 57.18580968437077 63.905090624118536 65.29529827311218 103.0260823129259 93.3581981788458 86.11512033200816 81.94239430814434 81.31407795019011 84.30945269448414 90.56969474970641 99.4803329948939 110.40147168522597 122.79786031845127 92.19060691731104 81.30291854456468 72.93773099227802 68.03199335149063 67.3459955397561 71.00215200902616 78.39527755728133 88.59472317870164 100.75178353272237 114.24320667996817 82.36794989033352 70.0241375733698 60.17458171738393 54.19668343372519 53.40674558562102 58.01706836241498 66.9206973746628 78.67324209107932 92.1915292918348 106.80719494927571 73.96290675890441 59.96184932474846 48.156425261102214 40.51376722515142 39.52714886037931 45.63038221080767 56.573617400313175 70.12647654135905 85.0504400907153 100.73796765937507 67.50721410610615 51.82966171691886 37.604710452292935 27.21442999473127 25.804005288375425 34.493169108623924 48.08764164131289 63.512001852326925 79.71096547592643 96.29440374183555 63.59740033042747 46.64830330080293 30.10335676693616 15.332090274245799 12.7533098240428 26.247549342919946 42.59030168122452 59.478120042814034 76.5511119846626 93.70811994734753 62.71152207240305 45.43876936222513 28.201809843637974 11.167629674561658 7.266593660580924 24.0749739583707 41.29308556590044 58.560626847711504 75.84384401405373 93.13401038098094 64.97339891821936 48.49915571338601 32.886255535424716 20.23748160455014 18.338966180798426 29.356291656136165 44.5643153133332 60.900547610037435 77.65621262555015 94.60872147819761 70.078869217696 55.12276414923131 42.008322633000674 33.00890849226603 31.830578626864472 39.185357699687344 51.5413194128818 66.15309351778494 81.82093120606754 98.0398215577559 77.46767844134128 64.21623649164603 53.337720333344585 46.5274472418087 45.644253073764716 50.99701840141102 60.96472331032232 73.69805048956229 88.00460987151794 103.23237683063591
24.8202189595864 73.0931747947255 56.545551616671034 5.46575865308714 0.0 33.71690598117747 36.44355151512761 63.66943935537438 62.58730374922281 25.61171488787045 22.005045336080514 35.92341585320589 44.91059328591646 33.60624775893073 41.86570840061063 25.06164131787678 37.022868258613556 61.36846404224995 62.65542376376921 59.82148921716871 25.98462501757595 28.459166373138462 20.544246327902382 19.53335596170183 5.324463952172192 25.135693729825565 58.34049974609299 59.284559410516586 41.72751511412409 40.06502593396489 35.265295526132526 27.373294169736617 42.638263376329306 74.55714513173464 59.53197491028512 50.10117509827314 21.38811249468001 58.59706116520438 65.5470824934652 60.88384971532014 97.72849655589087 87.91897162495844 80.66794413547541 76.70445852608724 76.54094206353544 80.20064073080029 87.20352540231143 96.8269178406814 108.37497082323621 121.29922377805686 87.05193708954778 75.93385950741684 67.4726384436386 62.752350615982316 62.624697425715596 67.11588931127011 75.40508682352416 86.40605470627173 99.22086529974666 113.2353680666953 77.49901198234252 64.81665670741775 54.726623958839845 48.862153124781614 48.772111918258304 54.485136036039215 64.47668921105968 77.10096697899186 91.27199472507506 106.37338570971434 69.53454368412211 55.09547903659014 42.83315042412693 35.107743595684724 35.05904256648125 42.713313979952545 54.94020237278153 69.36232696823099 84.8678200975297 100.95875045583828 63.75675778187523 47.63303612809721 32.73529814547814 21.74867822554666 21.751365714527793 32.74065458019391 47.63917148969239 63.76317514112711 80.3785169922063 97.23364196378989 60.79245041085781 43.60496407061465 26.56646736868012 10.434314424706999 10.520745163153448 26.668533373137965 43.70867989280044 60.89663501275861 78.1349156650786 95.3962439947297 61.05285922591402 43.965638161709464 27.15172806599951 11.839282650327256 11.909415144382352 27.24358645976365 44.06024416637672 61.14826659446306 78.33025710225601 95.5555394866587 64.49893401246405 48.617476508093525 34.145522996825775 23.809360447275854 23.802641336075336 34.13146656273808 48.60102334666045 64.48157191324565 80.94688349690865 97.70176029459245 70.66610550871995 56.51045737538742 44.63039626010917 37.26955728906591 37.213904436104315 44.490859947905875 56.32677611100577 70.46049920181525 85.76342659268838 101.70917306889302 78.91893103729143 66.50025418124748 56.70159712494342 51.05447685819083 50.95830921917815 56.44147526564153 66.1304178290564 78.48264377926131 92.43657158805783 107.3695270505932
9.089661640939157 41.96708928664081 66.60423796827094 34.80582042385764 33.71690598117747 0.0 8.443149566281694 45.55283368813417 33.55913431781077 44.261665530959455 30.67166652213246 8.015593329635104 55.739230514120074 26.463425448832933 15.136961069142057 9.916437356941563 16.18305168309018 27.92309997328131 29.267233498758088 41.59928622212959 17.30185801980589 16.24704092008573 35.65371759394465 30.34694844401673 30.62495330320849 8.945188360867132 33.047151067393756 39.98615652446727 16.076753926047562 49.51261754913651 30.158736622476297 21.759082318519997 57.34206010462804 42.79104535183179 28.51334868508712 25.760779972331452 28.078246326684802 31.237150271605042 38.5504088006906 44.25291690764269 107.54908732696958 93.52709344823027 80.78691048887976 70.03163055097386 62.29791588017885 58.790543820128306 60.25215711206176 66.35520706738308 75.9894811630779 88.00275941050266 100.4517569825312 85.31017348732301 71.16037998074219 58.72373810302197 49.313881554382874 44.87698932197418 46.84797953772784 54.536464520818896 65.97289214153493 79.55704112080488 94.93186494324382 78.76717085385634 63.20747078246311 48.834521159631706 37.05597774878147 30.986923900988494 33.851770333200804 43.93636526213833 57.56366011711276 72.76987478015238 91.27613105404103 74.34148967581123 57.625465528981465 41.39376367117134 26.550052119337433 17.177865626153228 21.999206137091274 35.658985923791036 51.554569989595606 68.13880171928209 89.71278930590297 72.42240708646833 55.13926996904107 37.873297963193615 20.667555875543272 4.315390422541765 14.45029011818341 31.586591077081458 48.83982134091033 66.11850817072713 90.35054188982704 73.2073433386332 56.16157786028953 39.34010100354882 23.2352593345941 11.437832657138086 17.902060373382685 33.29949737613755 49.95940647727582 66.94580700670161 93.14417868705512 76.61322119937387 60.514823401726005 45.312388921207855 32.29693294736358 25.133279044958716 28.617863354814475 40.062364385169616 54.67828204080712 70.52054001044357 97.90929501155132 82.31530462753214 67.55808524433728 54.323904201507844 44.00891311406749 39.00241632663733 41.28315280146716 49.86095778469355 62.18229408113207 76.45826615274554 104.37616341029727 89.87754606911635 76.55235455160512 65.12489991177527 56.753344315527116 52.90870906539574 54.556583475189214 61.255285547687116 71.60097147380232 84.26083387725264 112.250967228123 98.87395389044482 86.89378335365402 76.96552557395884 69.96818121383713 66.82882875094887 68.08325812211184 73.50686658558675 82.27928383369375 93.46225641984984
14.564746005284011 36.80291389049687 74.60473144876816 36.27056117347052 36.44355151512761 8.443149566281694 0.0 37.13173085900298 27.058166103010468 50.793531994033344 27.808823308435944 16.164972211750282 63.53687447271641 34.78451434669238 22.61037269269589 11.53394715546627 24.529588863778287 25.824874806425235 26.973034828963936 49.27954683077558 25.045944022105754 11.857483823669206 42.178578853506274 28.16632621551492 32.39066093154297 12.09221216733802 25.25526681653806 31.57779717750645 7.744895237515602 57.31475583519109 23.786615988912686 29.682169717712476 64.77723052136471 38.13956160680765 23.17360241179306 32.94796961804903 25.384157501138773 23.993515285934986 31.338866088041016 52.079583642946616 115.77259440839502 101.89848598517568 89.2300522266586 78.35429751741704 70.11050280570574 65.50009323111318 65.2972799465792 69.54063753724573 77.50328196381169 88.1833890617146 108.40397148692986 93.48258403146181 79.53154632333772 67.15832833378583 57.392648740488156 51.73289142620598 51.54967354179479 56.895926834014375 66.45016929512367 78.69437317409997 102.45330106656621 86.54477087561102 71.28830693685599 57.207996990202105 45.411386316148345 38.08332927376989 37.910325822011785 44.97502099194127 56.63054914460067 70.63987934186045 98.1788426978819 81.46367828432538 65.05603422689529 49.264137896799646 34.93327868680741 24.747194197487016 24.56062428449928 34.536008651827004 48.795066407345004 64.55921391643263 95.80528199888532 78.6002944260421 61.44976565566916 44.4168245682292 27.719092709396893 12.74970928545669 12.468972027464122 27.333287952720045 44.01653311558316 61.04518764852165 95.47453167834745 78.19865818784832 60.937571161608155 43.708792128030794 26.57523157053672 10.036974159891296 9.692897454728934 26.189256678501383 43.318766870715436 60.54640744542257 97.20745073837277 80.29572440084532 63.594261755987255 47.32619562981898 32.156171267662714 20.663537976824077 20.461088587245648 31.765427495342525 46.88433123198027 63.13438476360749 100.89774092657943 84.70608695920332 69.05502589471529 54.41305380467561 41.85298838941955 33.78273582327586 33.60925813109778 41.43186713603571 53.873234415999534 68.45991197957264 106.34177298204885 91.09430911557014 76.7233771944124 63.82384386604913 53.47141728622612 47.36670635080212 47.18813683202837 52.99564725583518 63.159005546496296 75.94922197249049 113.28692783093528 99.07847005952901 86.01077905720285 74.68507663428848 66.00426428031768 61.10614378433996 60.910215785191426 65.45871706357208 73.88050193333525 85.03240068191174
50.21055584253801 32.83981619679274 111.10097021810125 60.57742117648311 63.66943935537438 45.55283368813417 37.13173085900298 0.0 24.127502819306496 84.68323296878306 43.50113715058335 52.90394186113402 99.70420686200028 71.87447477294288 58.20924548023274 45.09858261667828 61.35772555107835 41.36539839476042 41.161292075798364 84.07049716070344 61.68716957903959 36.86556605065852 76.43567260676944 45.73170874338903 58.3913867368732 46.69929326268306 16.481212868881066 5.605468715576127 29.503620477154517 93.54635868101802 29.223040924750016 66.4159823822701 100.19560058617981 36.00162042056713 30.017764467844327 67.34993513802888 43.044293463032716 20.732916693335845 18.888385252547817 87.18846540042252 152.62857343415502 139.00279825786038 126.28043576384411 114.76233279885389 104.8461331799275 97.0242459264719 91.83338714488426 89.73133083751023 90.93253826796432 95.31219932605534 144.6782278186498 130.26480601415088 116.63933747969818 104.11165012178394 93.12583753614929 84.28696711528842 78.32527891792803 75.92161150365997 77.4081271755201 82.57499921909735 137.70350925561058 122.50883024585353 107.95029024555949 94.32291073550046 82.09173201529953 71.9721341316743 64.95858964367825 62.11234415585709 63.991896953089025 70.21878029280181 131.85943361196928 115.93225383361725 100.46077278322926 85.69217234165802 72.05992004255025 60.33919038374559 51.84308883244376 48.30420237634571 50.76995389780045 58.48574710449027 127.30189904748256 110.74549278606739 94.45667051816956 78.60196435291029 63.507344117517974 49.86787017385023 39.23179777514802 34.49885795063503 37.94622781489572 47.836899702020965 124.1727151942365 107.15064371618286 90.23507745911444 73.49958819312509 57.10272524467083 41.44833532875966 27.81940470357323 20.70230808378267 26.11442795345851 39.16698405643945 122.58136320616948 105.31090899790698 88.05281299151572 70.81611095472205 53.621438241334204 36.52819569424825 19.80083067900787 6.967789016323123 17.42815668020526 34.02417640530617 122.58776998642564 105.31833221092272 88.06165008069001 70.82704777120334 53.635813994453066 36.54919637323229 19.839363246637383 7.076035497287364 17.47150790602748 34.04629589963967 124.1916881698562 107.17252942577778 90.26094503891805 73.5311962227436 57.14321411561622 41.503837219110274 27.9016410148418 20.81216283126991 26.201186139183417 39.224605434219534 127.33274171368896 110.78078257899544 94.49785283041383 78.65121941045327 63.568012117348125 49.94474686174178 39.32901013802402 34.608843706002716 38.04577258767142 47.91552238889873
41.485016542364185 11.852421937479708 99.39666719103782 61.447767241599 62.58730374922281 33.55913431781077 27.058166103010468 24.127502819306496 0.0 77.64089873393733 48.27412226466904 38.56820331853024 88.9377006191048 58.772144791310666 41.41962876853824 38.41559080669206 46.362750071181466 17.902163885431417 17.440970800355288 64.67132414765948 50.79298660443854 34.54512527818207 69.01246923424334 49.6913532216014 58.00062915308057 39.14163491692902 8.797406954759255 20.123415682938752 20.859832913932404 82.73440140097014 36.749420938503306 55.073560628869984 90.83371947281516 14.473214040545221 7.018003848321285 48.48210695041922 46.582752553319324 5.142067665409091 6.604542660826437 67.99577564637482 139.3666460260583 124.36682456131177 110.04473879032673 96.70198796898951 84.80210420271764 75.03473686262743 68.32070735863971 65.60425924612584 67.37069888210674 73.29662859796238 133.2217488115917 117.47236475725161 102.22611717080302 87.74566660142649 74.47902663533823 63.195326059407904 55.12597835097636 51.79573504511754 54.08718216857092 61.37384465175003 128.32463134180853 111.91426831991838 95.81806936093739 80.22535694323591 65.49671667809413 52.36638628958942 42.34812214298363 37.989406466760954 41.13068291475416 50.38826916090076 124.82231508396953 107.89933397425747 91.11878476442399 74.57687535414897 58.47647795561837 43.31278502386299 30.515683753108718 24.189404691104894 28.94405603408078 41.09866416435391 122.83421781977002 105.6037764847613 88.40126258342937 71.24690816390503 54.186471536460424 37.34887615876977 21.270084183610084 10.421491742598121 19.065979576575387 34.88737224837161 122.4341547131681 105.14030862291848 87.84964598209929 70.56450698406174 53.29026681763063 36.04259943391395 18.894415981501552 3.6935729964979283 16.4012058260675 33.51223908495897 123.63754797097727 106.53285100292037 89.50399741599786 72.60437245939418 55.951196441077826 39.85461080441377 25.395979165881425 17.32725164213292 23.541955683501907 37.50901013879976 126.39859139424098 109.71073289520041 93.24695582263081 77.15084886093356 61.710785458093774 47.56992175698101 36.28061083231277 31.118753848777658 34.916755464773374 45.48287189274388 130.6185065705143 114.52538731653269 98.84147972148922 83.79687094178674 69.80613682601594 57.641838889455144 48.692608635620545 44.922849132898115 47.58002002961498 55.7526495435139 136.1616641260823 120.78117040881261 105.99471746584246 92.08890157976867 79.52702758368292 69.04655746238797 61.717118676755966 58.73052900764661 60.730914670689586 67.27488101351364
36.23144897614688 86.14958681789771 31.047338493604876 30.970547091970133 25.61171488787045 44.261665530959455 50.793531994033344 84.68323296878306 77.64089873393733 0.0 46.765651443323655 41.427607050733336 19.66833546842681 25.715373971696064 43.46348998718663 40.22369609070226 36.96047294795836 70.64416116232307 72.0622505543716 49.0024559392926 27.805134586173853 47.817797409871616 8.628464566938574 44.37110707918447 30.184198865902793 39.01741561237977 75.78683140612013 79.6599032138583 58.013741680397466 15.859709380042206 58.48076126010968 24.703449731008593 17.039024743460985 86.7816505729491 72.7713614693581 46.749027471406286 45.57111885019293 74.78657116069004 82.12913610686911 48.63629603427063 72.14100254443137 62.55194955581049 56.7438714453929 55.907834051727605 60.25116827480986 68.7998477971234 80.22052881572368 93.46628182358201 107.86684773328594 123.01734125322041 61.79482172406947 50.332476524536595 42.974661526184974 41.94031488387335 47.64308586673617 58.132971610675376 71.32829932511662 85.9925306043488 101.49093306042079 117.49386709771308 53.24841519737355 39.42901839821202 29.539992848592814 28.094212535716963 36.12019232189832 49.18090812076 64.27725156380785 80.26878800848753 96.71246818669448 113.41179211935184 47.48388599486273 31.25105184468271 17.24093353311663 14.716795584028219 27.104078861047913 43.027791542446224 59.723222741206676 76.68799488588559 93.77604448933778 110.93041609908435 45.569566388356535 28.27204770728858 10.988429508873867 6.395004718368903 23.659251644813338 40.95531579911452 58.25486414700562 75.55550345365216 92.85662393309265 110.15799887042272 47.96867843994788 31.97954565129165 18.522987867442026 16.193311264400425 27.929520056187215 43.55003286016262 60.098794866044784 76.97946113892458 94.01341521698643 111.13019191419423 54.11046503801485 40.58045135943417 31.05339117910217 29.67427573200591 37.35668135727701 50.09181678808603 64.97359495579883 80.82484419413392 97.1722815499088 113.80227866429956 62.908039262025156 51.6869892964189 44.546299352238904 43.54199322732143 49.05244160306957 59.28813831599422 72.26845181246327 86.77026780095815 102.14760929854457 118.05885507060545 73.41264462246679 64.00775126103973 58.33751418923173 57.51727054916564 61.74062496000103 70.1018590251035 81.33470364010294 94.41978025035337 108.69017111641703 123.73645057191439 84.99357037528283 76.96164491997573 72.2562881118485 71.53695656130132 74.91855401612519 81.89463912259997 91.64803706160731 103.39575463298395 116.53621777409819 130.6498627149535
25.748750761087383 59.90049672079772 76.96079088101534 17.756261711997283 22.005045336080514 30.67166652213246 27.808823308435944 43.50113715058335 48.27412226466904 46.765651443323655 0.0 37.105950168239076 65.14215493621391 45.77375820304687 44.596262911826436 21.237282616121643 42.61165255033129 53.02641313657776 54.023135216538755 68.87376827156164 34.9253654676559 15.984816202988311 40.077704075949406 2.47431365502318 16.833046963056436 22.92512863897481 41.924341642227795 39.852630188613645 29.080448357364837 59.66956423198868 14.280913234956339 38.72944412470503 63.705649248685496 62.05338587212785 47.407670925083075 54.966899096033025 2.6029931136066633 43.48133028076189 49.4548068987506 70.86491372524233 118.68604931994527 107.77910206876862 98.71660052058054 92.04496417861785 88.30775436015232 87.88014205189197 90.80889323989246 96.78980655584861 105.30410272936436 115.79428866039562 108.55362737727279 96.56285764181735 86.39194321824083 78.74920411320531 74.41769522502138 73.98132531673792 77.5059129843058 84.49723970753739 94.18645023202693 105.83514640433076 99.39949056826961 86.19435820279769 74.68180586613992 65.75692320857733 60.5744983759767 60.11042204533553 64.46667282224092 72.78280739509793 83.88932161424147 96.830757459735 91.51782125927008 77.01693106440601 63.92501120084969 53.29080378056832 46.82003633441961 46.29281976102216 51.890633497716344 61.975429424927334 74.7527470006275 89.07129638566991 85.26236068199944 69.5041563431064 54.68723796349689 41.824261983748734 33.26488286849601 32.596696480105805 40.21499046340223 52.637011141342114 67.25156558123173 82.90717611633063 81.01080259189207 64.2428467765152 47.85654226538364 32.43556633626242 20.312442980509548 19.283069425157425 30.492462075268023 45.677738239721315 61.982524539521954 78.71418535544977 79.08705117330837 61.810715671943086 44.55424798386411 27.35527349307457 10.500214059637171 8.420898744200137 25.105419912172962 42.289079148370256 59.541278575549846 76.81585140156369 79.65995936675925 62.53875408616044 45.55431367172607 28.948373368494245 14.125659007439733 12.640144747725158 26.80905390402419 43.317324228856634 60.27245540539122 77.38126567820218 82.67763438323401 66.32296464817193 50.60228047299152 36.34771898337068 26.085116416030043 25.266987523580053 34.57048966289006 48.482239938639005 64.06752032263788 80.35843121884278 87.88857133865824 72.68753146249486 58.662253165698495 46.8801570088736 39.40742004114148 38.81812522377847 45.38122294462583 56.66366035161023 70.43288913062206 85.49572969662081
12.055785894161803 45.42747344442774 60.828473093679776 38.11356021213894 35.92341585320589 8.015593329635104 16.164972211750282 52.90394186113402 38.56820331853024 41.427607050733336 37.105950168239076 0.0 50.48473115619762 20.206762353193103 7.529476564145127 15.880759704323907 8.453876342825723 29.22324962776078 30.643070105165116 33.6240124210263 13.644624915120248 23.827820383250614 33.102933587888835 36.41895802698248 33.87887915078053 14.202784086027187 39.42301377639008 47.30486164525194 23.45215059213792 44.31664036075902 37.99304295247457 17.117230458840893 52.775878318307974 45.73057924725318 32.65874466601621 18.11659514078843 34.507950442471625 37.05046839429184 44.1699700855601 36.24525738041263 101.11238701461308 86.64025152987347 73.40335320904339 62.19543423418155 54.288051328936334 51.23293564684079 53.862190572976154 61.45045282206561 72.45606552272989 85.57047043299114 94.65891341621524 79.05006259074074 64.31346414755018 51.20778958767907 41.315378820666055 37.28793516189126 40.89653358298269 50.53087747581685 63.50527117251108 78.17401181760081 89.97208233548557 73.39986218238138 57.26093661820699 42.057114521146794 29.283063821666797 23.343215229170696 28.827495437650004 41.42287067180759 56.563193524312894 72.67493676705097 87.33684390426221 70.16001446495049 53.06452794718437 36.165920322499765 19.970393818749383 9.40067209135451 19.407261843297544 35.54749159547179 52.43395536475382 69.52501968094722 86.9399946804729 69.66765845970193 52.41484615723462 35.21026927375083 18.191303669318287 4.560427421368131 17.589342499334403 34.593148788004854 51.7947914253477 69.04656687146476 88.81155163358913 71.97920373382438 55.436736545751295 39.54958494932803 25.56989445898032 18.498142009296814 25.084954357688865 38.923521611389475 54.76803863839279 71.29339029738198 92.8143668254995 76.84199599866142 61.592097209069294 47.76179391507462 36.97972292025755 32.44255363680649 36.55471372690736 47.102901553745184 60.82621148657211 76.02421392334385 98.68939783399178 83.81307783451813 70.05975886768519 58.23066747485137 49.718753827489614 46.3875129261047 49.29859282508007 57.51177426684033 69.1632859958165 82.81436533377564 106.12609149310117 92.41649606469699 80.10971166549668 69.9501163025172 62.98545346319868 60.332508939871595 62.542398673524104 69.15046882337036 79.0614871779429 91.20496631470729 114.82131805131313 102.24089611544495 91.22035452268916 82.38805618461299 76.50566650124907 74.27737673248339 76.02517257030989 81.4936286895396 90.00712556213882 100.79702509928028
49.54845761394555 95.71404437761908 11.827892828850889 50.348892501973666 44.91059328591646 55.739230514120074 63.53687447271641 99.70420686200028 88.9377006191048 19.66833546842681 65.14215493621391 50.48473115619762 0.0 30.53270612908795 49.56505741121857 54.62677497301257 43.45538109325636 78.53775259779052 79.9420943404383 43.8175440137843 38.51063795143478 63.41072611090719 25.064512755388883 62.84628810186346 49.09989814757928 53.00550892649574 88.72189997527927 94.37527397949603 71.22134419175927 6.227423820949185 75.62338812999849 33.98101517060839 6.189550944859868 95.7457094841214 83.14331426622165 48.515767162603815 63.64605698275034 86.9571587563822 94.24102265011773 42.12173888102778 53.734346351137255 43.00935562474706 37.56242951818111 39.632995066874564 48.26302136452843 60.71713852811966 75.11677134508285 90.53835932851942 106.5390371114859 122.89281953524736 44.977168026322616 31.45348891635267 23.545896455018315 26.799393057634152 38.48008121311915 53.30981884777224 69.29551121439688 85.79341418059765 102.55663270804473 119.47354042351353 39.51977678722959 23.028179924109164 9.873934457836606 16.22976557119323 32.06289439634568 48.901598147712 65.98042591161533 83.15154901321142 100.36760832482516 117.60887167264073 38.78128256596331 21.742505082543072 6.340241024422287 14.365732296401362 31.165098295313292 48.320450311235476 65.55289439820906 82.81431934671826 100.08973220520828 117.37295674953504 43.00548600540387 28.57693396689003 19.558176834996523 23.390493903547636 36.19972274443278 51.6956134141076 68.06735460916103 84.80922637557622 101.7386691038324 118.7755046346606 50.973127143258694 39.52222228655867 33.53297737750638 35.855588724536325 45.22713861618653 58.34443457291572 73.2213095853048 88.97952271485626 105.22385138848553 121.75988868508433 61.24002628932773 52.04633135416425 47.60255184198888 49.21267949717142 56.36022756941934 67.303530568188 80.50936435560233 95.03921726037085 110.37142035974713 126.21390808025545 72.84022808564808 65.24621426737737 61.70197000798384 62.89588784314012 68.58095428272641 77.7785114989116 89.41108090891727 102.65418113703835 116.96202544999223 131.98880583621295 85.23093095199525 78.78278748587351 75.81443836325953 76.73080197644104 81.4007882445836 89.23702218701888 99.49416755507875 111.50613468467428 124.7671119030151 138.91987545889924 98.11295149435679 92.50821701257274 89.93365962646989 90.64783509831426 94.57626994864614 101.34587126118768 110.4353854539543 121.32451134321258 133.57385109976082 146.8434005803384
22.748174823540218 65.1907621294239 40.62760739835659 38.126962368511705 33.60624775893073 26.463425448832933 34.78451434669238 71.87447477294288 58.772144791310666 25.715373971696064 45.77375820304687 20.206762353193103 30.53270612908795 0.0 19.215484886477384 28.4902551753382 12.94084981739639 48.06404671362579 49.474818929734404 26.403154450467984 11.205835691627783 38.01437466643787 19.413714087972966 44.105363607886225 34.66198888640916 26.534277647829988 59.351036738923085 66.34475627798638 42.5056677867291 24.47795375202885 52.022169184028016 7.050068367588716 33.45519705009206 65.21654411465087 52.76433205643747 21.03418456562001 43.51570330782237 57.17896238858611 64.34819646360326 27.28774926773262 81.11645464669715 67.12832404139087 55.0567792143567 46.421873735789724 43.32939140739313 46.889085438554574 55.843002083515266 68.09551971280871 82.18432394867216 97.31511072456647 74.45215999973692 58.94234943767998 44.76590628717612 33.65236327695347 29.3204045419763 34.43254377572005 45.93716794923023 60.27898562063919 75.86565886866094 92.06709327156625 70.04601758180777 53.295723797230266 37.055852773123505 22.46220666155121 15.319193358948528 23.738515032206788 38.61436210011737 54.93025831499615 71.70990203853943 88.69046891210155 68.33629816298749 51.038434495063974 33.7447409344066 16.468360018262793 1.5555766099949067 18.23036893278824 35.51037144552589 52.804736576469026 70.1028353603397 87.40245100764783 69.52224612140748 52.60861890894674 36.065269551895945 20.795512948948648 12.763849591342113 22.18312783614076 37.68261232212926 54.28241141344897 71.21723044951943 88.29450970205144 73.46374224506296 57.69459951859189 43.11754037842196 31.437045801456406 26.76123119280601 32.29162781573752 44.3626537170349 59.09357789476697 74.93174852957551 91.30275468257962 79.75323043656313 65.48216453305658 53.04672857219097 44.03069822315886 40.76953266136578 44.54562418976551 53.89968375679031 66.51875387610941 80.8889285302937 96.22888513100666 87.88798542728054 75.13583868677333 64.53827839204227 57.30343227602785 54.78025350166363 57.59138691791957 65.04889215687268 75.79345449769528 88.63766675901951 102.79748558157996 97.40668676189642 86.02957962674976 76.8947647843868 70.87461793720371 68.79177581989286 70.99363147101484 77.11402813131821 86.32346897473941 97.7527472385434 110.7165219138679 107.94371930861888 97.74953573759846 89.75955005836708 84.60060169980768 82.80354268436658 84.58292644569059 89.72622862338972 97.70363683795404 107.88829913748117 119.7182083917395
19.225973935009257 46.550000634241655 59.03994670225829 44.5753639586786 41.86570840061063 15.136961069142057 22.61037269269589 58.20924548023274 41.41962876853824 43.46348998718663 44.596262911826436 7.529476564145127 49.56505741121857 19.215484886477384 0.0 23.39290841669575 6.522705869767217 28.998025804854695 30.39490423716685 26.669364065028983 17.043997300562513 31.25574503663926 35.70885868722349 43.85131311047568 40.38078747887611 21.672726897269122 43.68295739332381 52.61189519717907 29.250964050593982 43.6120081998788 45.29422038446989 18.852669352295866 52.670505855496145 46.338472300034304 34.89321304772323 10.642848590576852 42.00180224443418 40.765433220948836 47.508693919023706 29.494232138303108 98.07495224007177 82.94720097858792 68.85117462314932 56.563544332959 47.50883130411031 43.742973838117564 46.56727039990442 54.97524705488396 66.8935655266366 80.78319523716256 92.57151793053363 76.39261365159625 60.834908988417 46.52580064196914 35.03032032153943 29.80445941515521 33.88506312507971 44.797304022692096 58.85667876397273 74.29756432884923 88.98469944694705 72.02502094555598 55.27787006518438 39.017874953627455 24.245795163010698 15.875609296156732 22.691930905357466 37.10154789427771 53.261978505566994 69.97045249763377 87.5504310251453 70.25356995840066 52.96002074574348 35.67460005604467 18.42020540622184 2.155094321806717 16.392024955573024 33.63727276448112 50.920991174561756 68.21394396783198 88.37360047439172 71.27212902998566 54.29781195288674 37.62314819410196 21.942266700830487 12.088744628075304 20.23673185509312 35.659862260599034 52.27273789927944 69.2240230649003 91.39321928274047 74.9670489814467 59.04326056999991 44.16859844034376 31.84860815450033 26.009861175166073 30.61702466133504 42.39105806245628 57.05533885578675 72.88574527263188 96.40307062938076 80.9727270674846 66.47043550166705 53.654084914822064 44.02168358503567 39.946992235915666 43.03860496320919 52.03447521681945 64.51013463295706 78.83041351460598 103.11340507192412 88.82159231423103 75.79495730087521 64.80104303826396 57.02783654732908 53.887590775990766 56.162888761272676 63.27216642683426 73.83199408469993 86.58902350957393 111.21676239298039 98.07200190753167 86.4046172018303 76.89011109751772 70.40675742340484 67.82938001247268 69.59331211160058 75.3944585774236 84.40444699925322 95.7214080419952 120.43217595324744 108.36551424406628 97.88228181624093 89.54037220189537 83.98033197949869 81.7716014877118 83.18157371441953 88.03655119629738 95.81427467965693 105.87255009064107
