0.0 82.1395452098523 47.90988536930342 73.37452458783822 13.74302829999975 6.595306642935729 65.61909631668499 35.614140008003794 37.24286211859614 71.65823531698153 57.30236517978809 74.56471859002465 67.80710661575016 24.44469126326238 55.93557111972177 28.782114960035386 54.75811676888987 53.257659013103336 52.85685236810742 68.1149339174141 29.66584376294924 43.42177912514048 49.94493450809237 75.60571569704119 10.532039670026025 20.066358750933524 58.501331541680614 47.23407110469967 15.271746397590844 31.39589472469601 26.017016900105904 64.56782044160148 81.25037332342953 12.336174966554195 86.03960388447969 63.931476071039235 53.43880694252894 13.198957457740066 68.58118315696979 73.06852607259862 139.49424016677736 124.22196547110057 109.55475880264349 95.77102094448497 83.31042272943934 72.85505764561557 65.37420837467293 61.95489991725696 63.25920434255445 69.01984534517581 133.75533888783878 117.77152485870519 102.21778570435042 87.32423272867436 73.49333160167157 61.44688941951692 52.42969492659769 48.17393343202989 49.912774677779275 57.10117819485225 129.29159702779896 112.7002232198798 96.35907538092854 80.42083278332703 65.18172386382058 51.26901353917831 40.08833017124277 34.41430699334271 36.88255250175579 46.206154087379645 126.2384213214797 109.20044976195972 92.26076625897963 75.48557017899985 59.01529608444437 43.20012257849636 29.127436582512683 20.71897886405357 24.675010855274596 37.244432986434504 124.69950975888409 107.42596037583036 90.16329396892377 72.91924015022009 55.71108486604539 38.58688582835453 21.74589448665304 7.452079188839426 15.391440139491397 31.890010395366502 124.73094542987127 107.46228192763068 90.20636716535141 72.97224587518721 55.78012199516863 38.686027223760455 21.920509705688854 7.944944304256929 15.63486121077332 32.007639416299156 126.33155562443463 109.30760879009163 92.38699135965764 75.6390801491433 59.2106085040888 43.46531161035204 29.51748477977182 21.261278006358665 25.12993071245332 37.545922989949496 129.44312097796006 112.87322590205709 96.56042843115448 80.66086540900642 65.47626848612192 51.641223048541946 40.56103743584351 34.96122501707904 37.39096693645113 46.61104181527511 133.96035310188233 118.00324580031194 102.48345151734927 87.63362168753125 73.85897010671519 61.88170392464668 52.93623613780719 48.72213986272132 50.439575035493995 57.560025601923165 139.7469455501945 124.5043734691809 109.87339853136861 96.13367186837098 83.72512466204225 73.32669775457585 65.89694362375408 62.503633702 63.79416701139453 69.50814150222332
82.1395452098523 0.0 34.231977514974666 9.246985775022527 80.13494063614328 88.24687386981168 16.660737865723576 50.50315031090605 46.169641162371754 10.850715919793975 25.153127547689632 25.952369020744225 32.69355492974572 57.70930343352575 26.206148208525644 53.923915946040225 41.7197880494535 34.511174045287454 29.556091361930125 30.503281231130245 72.07197492131934 38.85973440368666 32.41591148231835 10.385840240754726 80.93591062831858 69.58895721441712 23.88326935530498 34.91221525532182 97.3890483066567 52.10002560316448 71.86563627495042 35.93859243907768 37.335383072560994 74.46754017299457 4.314373411429186 19.956388635548645 37.711835668210085 92.71945228367804 13.940326934591637 43.42143433259953 59.9616512401209 47.82115593739889 39.711872692610356 38.28719436295575 44.19832817533615 55.13421548044239 68.7370188585374 83.71666708680128 99.45295106820838 115.63738645229296 52.10319698272934 37.5530722005819 26.541178314344602 24.440660377245774 32.99952169033885 46.682992648779155 62.196028749517204 78.46082462247544 95.09241203833132 111.9274026886068 47.29212004557135 30.56503309866322 15.185882239601787 11.212222421367292 24.89035927857038 41.37703686301034 58.33782233903996 75.45367447714975 92.63868311930884 109.86039945847429 46.48452294719633 29.305866156096506 12.472779067125709 7.142839290099461 23.349166956439813 40.472960738784714 57.70312828031117 74.9663590196982 92.24409176185846 109.52946386352022 49.87527422926382 34.410346335732996 21.893213848017158 19.320083136620987 29.42669424824411 44.241462210326404 60.39367139669938 77.04671331825638 93.9345966275973 110.95013644000333 56.71627883880922 43.702757842473375 34.66748017288974 33.05216635650014 39.771416884537196 51.670048209286534 66.00401914763329 81.49831646107747 97.60189039603222 114.05696301479962 65.94225058521877 55.10354586972154 48.19879674481676 46.99521393731854 51.89103143633907 61.445187273985894 73.87182020042906 87.96182970537345 103.03506216367559 118.71759544939297 76.69719194795876 67.55342366361816 61.99327608634308 61.00461414151446 64.79702962798963 72.62535773404795 83.36021568186123 96.03178622671953 109.97262299179548 124.75795398857376 88.42483231923386 80.56737625130768 75.90743898431921 75.04307098125786 78.1003952837314 84.65557876809832 93.97951011400504 105.33952561665636 118.14977369241244 131.98866777025918 100.78605063034898 93.91104560830416 89.88556974283122 89.09669738094976 91.62806336432432 97.22066232509398 105.38826806095476 115.5862949537468 127.32780839552072 140.22562060054588
47.90988536930342 34.231977514974666 0.0 25.533488590924858 46.82390566434945 54.05553513746146 17.756261711997283 19.598707487550246 13.633126333446572 23.8812457020732 9.978004430015526 32.49307055631542 30.258616270887337 23.49603685199754 8.047088513887923 20.10405533983174 25.30036454560675 15.089271920068317 5.992832263464513 28.663529310752896 42.097813074716456 5.01829590609575 3.79090763864282 28.4592036488104 47.25892890218879 36.894279931816186 10.832009725654732 0.7113065980788735 63.16571619655404 18.935361240301965 40.84147951760807 28.88505503496357 44.11710145071944 40.7870004768945 38.17296785758665 17.06913123245293 19.787120023841368 58.75445690458723 20.86535113095194 40.76009975617796 92.4799141236371 78.15254523497424 65.28252912436177 54.90445667724685 48.64044191095441 48.12471597580751 53.52369996932919 63.3426167851988 75.88471661669286 90.01886359320696 85.98645128981086 70.3865033135004 55.79926471091391 43.261577482195484 35.04680129023551 34.40494914400664 41.68729807775648 53.76494366139494 68.1338063167363 83.6209902465167 81.44768118647376 64.79037845441277 48.585730605671024 33.49723877203497 21.960612488740374 21.00437347526848 31.60396522551093 46.42358494914376 62.53158857515409 79.14519321189343 79.20044357061748 61.955072581024844 44.75338223859538 27.6769375402562 11.308137245454141 9.404706846002757 25.450667973531917 42.493975293919384 59.68628668966974 76.92776577971952 79.43948283428553 62.25896419102267 45.17121954609705 28.344537258762756 12.849115671440403 11.202679083947624 26.16512044254902 42.92365665785774 59.99150221472959 77.16368082888123 82.14309309275752 65.65847554851261 49.7322253757062 35.13209688143338 24.37099470237953 23.501865783943753 33.30827478145173 47.59470352403193 63.40174760343977 79.83118786391256 87.08198983953437 71.71467888761896 57.45802397460016 45.37136770987754 37.60857128941324 36.999397276235946 43.84305305278562 55.44527338691256 69.4611439483386 84.70082546152865 93.90407411361191 79.8250962747874 67.26676779406917 57.238896721614 51.24905599882473 50.74782141264803 55.883076239518736 65.33908658903323 77.55111512339447 91.4213097234794 102.23295289134263 89.4324902830006 78.38020993995312 69.91021122333233 65.03930571315455 64.58698222890774 68.64064823897601 76.48720310764413 87.10763008427807 99.6186705860276 111.73206431432897 100.10666752622718 90.3178781768993 83.01793120769688 78.90068589351534 78.46873973729036 81.78050835315418 88.41630803157896 97.70117222392209 108.95998407657859
73.37452458783822 9.246985775022527 25.533488590924858 0.0 72.02944727286962 79.57231826143062 7.77817203657151 42.95312564580846 38.11944798226965 5.670213410445844 17.232117669662543 20.718913098753813 30.897934660417373 49.01145905878051 17.654511681851165 45.51251313423666 37.093298122886104 25.39745337829441 21.420289332521484 23.553446341258525 65.0813331592036 29.96925464378968 24.153674003856917 10.687409284115915 72.65145971423185 61.701010176256155 14.89153842979871 26.188522067746064 88.64353000296892 43.93664855628101 64.55304870607482 28.47007438196309 38.92886067891367 66.17230217475385 13.529555695740992 10.743533057065024 32.33073741790442 84.26480219304668 7.489128987285389 37.455431056792115 67.32820160914777 53.894185472563585 43.2988025279124 37.995999128775274 40.141153148721145 48.76099854684081 61.17731899379747 75.54071958861535 90.93317793435037 106.91114048084009 60.45338347943896 45.0569196126529 31.691501516429486 24.02680512042343 27.366663895687378 38.97809710356817 53.743470741858765 69.6860106006893 86.15468839208243 102.89718860494953 56.37018288409766 39.43721201211327 23.058686164563976 10.335640639749228 16.752942150105316 32.45319425553003 49.23892471955453 66.29062332736557 83.44540082087603 100.6505650187995 55.69606233995535 38.47197761708571 21.374009282323343 5.68480371441025 14.370080834200419 31.295286586494313 48.48715511678299 65.73680072489385 83.00821186608941 100.29014415334854 58.54890413739656 42.47970326418809 27.924686813103776 18.808588684339313 22.944494186636653 36.02566514526564 51.65229148178034 68.09391905256827 84.87824420299599 101.83596023219329 64.46209213108652 50.285041961819445 38.736519912378505 32.72856415167236 35.22084971501925 44.817028064864175 58.097608910759845 73.08082323236403 88.91000896402939 105.20399740507392 72.69251981202127 60.433959804130964 51.17643497454956 46.7385754385067 48.46302002148613 55.781153837410706 66.88133428267408 80.20842577593284 94.82812448474742 110.22730042364907 82.5498724307842 71.94124904105709 64.3063038436146 60.776258850344334 62.055637061562116 67.87301428267322 77.2093619311063 88.96359141161368 102.30567505568891 116.69223292317353 93.52099511000681 84.25202168243415 77.77734861165547 74.82589742258216 75.81028994672468 80.58642172943169 88.54280795714088 98.91497602884161 111.02793473798367 124.37410610104413 105.25806468269812 97.06088600450217 91.43875475451189 88.88166862960192 89.65227846594131 93.66848946289305 100.54210894186485 109.73750630608464 120.72530711049245 133.06221901593503
13.74302829999975 80.13494063614328 46.82390566434945 72.02944727286962 0.0 14.188118142641141 64.30993722048821 30.142143820922577 33.9717164234387 69.32066247276346 55.004884057017314 77.00952546331558 60.78285728537978 24.791357993975712 54.406538595814084 26.764195872917576 47.049627266879924 55.75317233437465 50.659597796218605 71.26984765924165 16.97802177810401 43.21449046882115 47.878944820766066 72.29996094540498 3.269643932335787 10.954402234728283 57.64181906424632 46.24069806930971 22.2151837132285 28.093746673046937 13.732401350393271 68.68502769191161 73.26457960210274 6.615583481072395 83.68214900957553 63.80460427846463 47.05152704445977 14.239561539562915 66.21264296749041 78.54985406823377 139.26201377779583 124.91964055354705 111.42087591976787 99.11101586801936 88.48763881863337 80.22354930549962 75.1016669933666 73.77933172602266 76.45394742910024 82.73880134335967 132.23733256133994 117.07459212457955 102.59095517538414 89.11814636467352 77.18730403776462 67.61961079133624 61.52755145929505 59.979691394408974 63.310213529741596 70.83430567700557 126.38926307166922 110.45779633091514 95.00687811838719 80.31433358179194 66.88184086283975 55.629778586206925 48.113065417547524 46.19269457664349 50.511049986142474 59.729979735344266 121.8873711399636 105.30114979964873 88.98787304068395 73.13042760097996 58.10323422709766 44.750650364492 35.042318450111075 32.43479536902002 38.40281647050728 49.96243758114006 118.88475263334854 101.82680503694765 84.86768511522442 68.0812872021257 51.636336962633344 36.0037895270831 22.91170799604488 18.770503559791035 27.90034376292895 42.46455578353897 117.49644962340469 100.2099462231584 82.92987682854465 65.66132134184642 48.41660118935836 31.235219255136926 14.346570109941222 5.892599319431887 21.501973871632185 38.5831638779118 117.7795811745694 100.54025129730557 83.3268726381597 66.15970420023908 49.08725292330692 32.260246786802 16.44997961805281 9.959584309955288 22.94554408429479 39.401977748890076 119.72228554827049 102.79894794749508 86.0263490260482 69.51368742847109 53.50218442860817 38.62027606053026 26.8193715999164 23.36113543305412 31.15955054421195 44.663223318415575 123.24608232694293 106.86379852762802 90.82319620775668 75.34282586993469 60.85176051641167 48.24975661245954 39.39350423359387 37.07241893807296 42.374369889435556 53.061446536956964 128.22063379353585 112.53920699335377 97.40798857813463 83.12797552718533 70.22040544061956 59.58398538261169 52.61461999207949 50.843348717897385 54.77677363549693 63.361223946931474
6.595306642935729 88.24687386981168 54.05553513746146 79.57231826143062 14.188118142641141 0.0 71.80204561664907 40.62046968837593 42.85818541596391 77.67987232411451 63.28011599025975 81.13893847374426 72.56399157356513 30.56176678369351 62.047183422583004 34.540856563128955 59.19901223709994 59.813937331463876 58.8319585151405 74.70594187442553 31.15528163246499 49.675830328959314 55.928696030883394 81.44187402076358 11.119069230102545 23.294901084140292 64.73067673039291 53.39090859418356 9.328868311971902 36.913218209828926 27.808980893970173 71.1600806891479 85.68530456729354 15.758463277596793 92.09108404760471 70.27808514118763 58.340422171251454 7.1172832004842626 74.58780995297974 79.59289486381006 145.91131372218896 130.71980251735403 116.12025752890575 102.36627270790102 89.84701168874817 79.15054878494489 71.10432742927652 66.6748342951791 66.58779032560238 70.8592002187616 140.00261594074402 124.12103908896968 108.67397287101056 93.87615552343227 80.08828212537482 67.92814919964592 58.42117882912552 53.01447896791061 52.97863708262216 58.323555759783275 135.29518278867099 118.81088879085809 102.5961715580443 86.80223416111367 71.70765375095961 57.862368356818656 46.39855656878852 39.45002846607889 39.47771212754133 46.469141139239994 131.91774751150288 114.96812669420292 98.14152434767162 81.51415856001202 65.23854603720672 49.661739108309064 35.71021383915587 26.131609453185828 26.25287130593483 35.97604883828144 129.9740831241094 112.74295468767774 95.53741882119111 78.37433236652427 61.28936749855377 44.37285407152801 27.9325402380309 13.791897819673851 14.10386834927821 28.396034494017485 129.528777936632 112.2316604309232 94.93629683447048 77.64385921913983 60.35686254668538 43.08185700219683 25.842900635890654 8.853145657710849 9.360257851055831 26.373551719123103 130.59716633793172 113.45742427110605 96.375653739074 79.38928384704553 62.576052852604036 46.12568304385053 30.628534517990463 18.637270776648293 18.84942551158266 31.015577812823913 133.14279898935524 116.36534885793179 99.76719382564538 83.45538071286194 67.63739522790708 52.75929258257381 39.88706221070899 31.577231785448333 31.653980162580147 40.06914536777573 137.08336837465632 120.83400961508663 104.92173214121865 89.52645348078416 74.96736537948868 61.83793231524654 51.24897927048064 45.02987765671654 45.02916709888921 51.247106257705596 142.3029847460995 126.69831209864877 111.59517098544272 97.22756380834856 83.9738841524174 72.44808040433651 63.59663959902491 58.643310461511774 58.58532440093412 63.4361071324651
65.61909631668499 16.660737865723576 17.756261711997283 7.77817203657151 64.30993722048821 71.80204561664907 0.0 35.49043200765781 30.458431809868703 7.545490669078565 9.890572555533959 22.050299608910418 28.267815742757737 41.24033185778392 9.904840907105916 37.74735458439785 31.758373527999417 19.563409193114197 13.824537840904364 22.41580218765066 57.81495796312323 22.241285031192255 16.470992251883086 13.634209782587016 64.89567065680203 54.05225644202783 7.223179253205975 18.4134630893485 80.88549202232493 36.22659516485521 57.13104047852691 26.170612973686527 38.74000550746646 58.416666955651465 20.78152227734205 5.6573405679996505 26.53406964893105 76.4888089466101 5.697864211618339 36.75552091095565 74.98049024674089 61.206963262185596 49.69120821998495 42.318381177633356 41.366411316840946 47.22520485486619 57.86160514973338 71.16471116994782 85.90443684490761 101.45656120493854 68.23142505160045 52.76521133611119 38.87824265553427 28.9409405260327 27.610657127532548 35.85845503411409 49.071572929462064 64.2566712800203 80.30274217002187 96.78249355022409 63.95054653746665 47.126438584677814 30.835739375767126 16.718170652784853 14.382782590890997 27.072946609010963 43.10147606618819 59.84348617867449 76.83398489522708 93.93823731395773 62.6459663317605 45.34866539370249 28.057074060986483 10.798655159862209 6.688504928886832 23.907631409865857 41.196203436731096 58.49267571324679 75.7916396650297 93.09170623989917 64.49855660777725 47.86408457861635 31.94667178573666 18.679441678254587 16.612215452299317 28.31470149327456 43.88839706191655 60.41003997891663 77.27397311775576 94.29673043157737 69.2553908748011 54.07684610492869 40.63263202455899 31.247810595881457 30.009164101365766 37.72775602028529 50.44726553347482 65.30833795505788 81.14271867639313 97.4772381786663 76.3756774765928 62.9006874895426 51.753775038418695 44.71145649982445 43.800454581478455 49.36141882442122 59.60976331722858 72.5865170990492 87.08033884699637 102.44936666439742 85.26930196107847 73.39979196792562 64.05390293798183 58.454879343779524 57.70390605120532 61.977464009217016 70.36596288943097 81.610225084961 94.69839681813589 108.9680746710219 95.44169902079561 84.95518686285531 76.96972240453998 72.31860817717583 71.65411739760633 75.08217179260154 82.09166237658421 91.86641427491115 103.62684806848728 116.77455946318764 106.52703914517711 97.1907058364924 90.23710012245637 86.24449479267307 85.62808669965911 88.45848341425732 94.42624132193099 102.98739980293396 113.55690948285911 125.62888429323829
35.614140008003794 50.50315031090605 19.598707487550246 42.95312564580846 30.142143820922577 40.62046968837593 35.49043200765781 0.0 6.404683016118105 39.65321342138634 25.721784446805792 52.068645935850135 32.22915550834647 14.91216650196127 25.860199147935386 9.46050816412091 19.734017821143212 33.00158577758045 21.68801868053494 47.86172660727393 22.56708520092951 18.18837672876299 19.257681418077798 42.239493183475425 31.48300050598481 19.289475630879775 29.60871863240873 19.245609324938172 49.93027413326364 6.10679628504424 21.643853547822967 47.22640158749032 45.92549671435016 25.273870475361324 53.85490304519114 36.2264005573298 17.826664343750085 43.68217098484262 36.57870123268875 58.7909087179607 110.2192452017597 96.69624258282002 84.56203589887868 74.49836085760546 67.43861575741575 64.37873321201107 65.87844074256387 71.6520054799714 80.78826705478565 92.29394112092372 102.52488904293321 87.86767850677892 74.35594196922128 62.73423637388539 54.231576117786325 50.45041536664332 52.422572435982424 59.57943368823912 70.35618568388134 83.36052984928634 96.29250737737563 80.54375385665274 65.5824112800975 52.09142087844788 41.529347031877826 36.531688664107435 39.28293477366441 48.48134412557923 61.28979986891832 75.90221000464201 91.8203791732696 75.16570402201867 58.88544136932193 43.402977593473615 29.98087452566166 22.64063438413041 26.926844003078475 39.19467623630844 54.27800177977131 70.38956899810199 89.37320660404066 72.16994692578902 55.02858950774879 38.032924296196974 21.530774282416132 8.908332911172977 17.142222513119382 33.27260785539117 50.18954390788539 67.30250697583716 89.11799703176594 71.85511211525379 54.61694188891129 37.43764158651777 20.465999508677804 5.903450371110186 15.797397847299376 32.60334788444301 49.75050019716006 66.97730741470792 91.07318316207333 74.25531229205724 57.72425734932633 41.821527233393994 27.653248713778027 19.46987312302933 24.334369216043747 37.46943903463022 53.05155953121194 69.45278141650195 95.10250739658198 79.12382080892299 63.83869747124472 49.88875363749075 38.74408798150602 33.34710087739974 36.35467081063097 46.15195783466918 59.473124212164365 74.45005013041234 100.95787904109176 86.04260163911987 72.20019328905686 60.17565274394055 51.264540508485574 47.26203235415269 49.37660325800246 56.93066708447876 68.13850173224536 81.50651900333436 108.34356265071678 94.5626029665778 82.12514492330375 71.73345255057241 64.38580774175692 61.18881842342308 62.779821594093505 68.82757976652617 78.30619842199371 90.13978546399339
37.24286211859614 46.169641162371754 13.633126333446572 38.11944798226965 33.9717164234387 42.85818541596391 30.458431809868703 6.404683016118105 0.0 35.3726370256009 21.033263683982337 45.92618864192409 32.190278896022264 13.742973987012066 20.60074497599529 8.535679176943654 21.546919109914466 26.601533872034462 16.707507389358426 41.54164076247583 28.531954604139646 11.796933204903425 13.987786340012036 38.67525588244314 34.809922028562724 23.59384118359259 24.108392638262806 13.198609897454112 52.16661665615268 5.990561441257442 27.208518786810256 40.82496056081329 46.36261887977401 28.365284877059086 49.76763616988806 30.594472843890944 18.00215298886527 46.7524143737099 32.261828870947916 52.38826189556597 105.4326777869519 91.49172682034268 78.8930898133615 68.3827476551764 61.04897825957676 58.10724851044584 60.204849685702484 66.86921963929053 76.9224164843079 89.22623377288873 98.26887425430839 83.1753522367656 69.1246035277249 56.89452018320533 47.900585193620834 44.1661603266215 46.963149332492975 55.30939426132662 67.16714087187923 81.00879306058353 92.71180799688675 76.56177783553804 61.0462236860935 46.800493000922756 35.39265434799331 30.22751952071986 34.25602149814255 45.077224840291244 59.068997855055756 74.46506518973571 89.06283059795295 72.12108576572746 55.40240548309664 39.19329480926175 24.525792262913026 16.298064844611773 22.98807631527085 37.2825521003169 53.38762059669501 70.06568117308926 87.5608730012869 70.26652281532598 52.97712292926363 35.69986633960118 18.468863986886554 2.535940607523557 16.4461737210113 33.663568480724706 50.93828258931666 68.22679093243934 88.31556596853476 71.20048633200136 54.204171937944146 37.4885075329928 21.711680695939464 11.66700048247173 19.988838432986483 35.520435858345564 52.17817556462575 69.1529868259372 91.27093750141667 74.81860862976743 58.85554139676041 43.918512040938694 31.502492563217345 25.586886613108 30.260219537705005 42.1352987107186 56.8664778181233 72.73870766253938 96.2243909694355 80.7608908946917 66.21340883185756 53.33681140349802 43.636238642821446 39.52382984743315 42.647987753993924 51.71338824561553 64.25265845764793 78.620860110117 102.88767699352512 88.56064546938863 75.49040557182057 64.44621245465856 56.62620263824415 53.4643704719196 55.75886076663141 62.91551285092231 73.52803900381954 86.33123908035635 110.95308492392613 97.77425315827631 86.06807412257216 76.51348549203412 69.99717721389676 67.4061380788179 69.18281116418237 75.01750827303613 84.06951297149318 95.42762048573087
71.65823531698153 10.850715919793975 23.8812457020732 5.670213410445844 69.32066247276346 77.67987232411451 7.545490669078565 39.65321342138634 35.3726370256009 0.0 14.420873923425077 25.98459518364082 25.23620853002814 47.214664849988615 15.849522110747507 43.24336562263575 31.99491213573666 27.08765611155648 18.860703592048406 28.035504474619152 61.31411728554996 28.700371304828035 21.754808167839773 6.253040419935432 70.16877230561765 58.7468241102293 14.281613019894552 24.580669084531852 86.87275140132743 41.323799147380086 61.04476995764756 32.490322248796765 33.53925376502069 63.708727738020215 14.427278147394095 12.717347566769257 27.516101994661664 82.01319634198559 3.111561900719038 42.22501047588 70.71655989189198 58.053328748116364 48.35545910622981 43.646491072599915 45.50259609632532 53.24153107324512 64.7884196553275 78.48007595953729 93.37777912535589 108.98807850635161 62.932483790535784 48.31783210671293 36.158507070762965 29.647457199078303 32.39159078934964 42.63998053540441 56.44315792834558 71.7788378590833 87.84806430654459 104.31237985414106 57.633496628544606 41.214771438943266 25.969352737620024 15.775602181351854 20.543719538806595 34.55331599895228 50.64120186447629 67.33382100949562 84.27258167922568 101.33412574092468 55.53564798423189 38.24044336359012 20.95634548628988 3.8365244061940613 13.747109469981298 31.01549151507344 48.307887605911134 65.60531146066245 82.90461612381613 100.20482749501035 56.9935583056312 40.31920935626367 24.530071320266487 13.286194185515635 18.7092039913814 33.50012646459037 49.93190796861915 66.80452974693648 83.85229726785245 100.9865492059539 61.755890977635566 46.7822237399108 34.08919047194103 27.09759062022631 30.08647518791861 40.92459679046075 55.164837687429134 70.78280916324985 87.04000741196757 103.6360447368245 69.14313622480402 56.134988387121574 46.04569396073861 41.08503767062765 43.063442564081264 51.182469924100815 63.115257636484266 77.11116418732105 92.23574640444605 108.015922732231 78.41684488967827 67.18114540764722 58.95854290927484 55.11453541224962 56.54920860204425 62.90240632431661 72.89932233713148 85.26786276663208 99.12418671460537 113.92672693431716 88.9890746214994 79.21530882835181 72.31711469794041 69.16035843331221 70.25123097883515 75.40560923732484 83.87768791330961 94.78194622089752 107.3799716111821 121.14449822623094 100.45053305767614 91.84981407761958 85.91360054377566 83.21409032628495 84.06368156078427 88.36005853615808 95.63982951398732 105.28596151414685 116.71319570359971 129.45070902386055
57.30236517978809 25.153127547689632 9.978004430015526 17.232117669662543 55.004884057017314 63.28011599025975 9.890572555533959 25.721784446805792 21.033263683982337 14.420873923425077 0.0 29.94007536667907 23.474308963511398 32.875739266123 3.2946506510553824 28.8225621266856 23.26509173283949 19.366097659627503 4.448462939812003 28.320203091655408 47.94639112046938 14.989892889596147 7.3576698723727505 18.53674857007592 55.78305816221273 44.54692377197364 6.316885290303214 10.687995686384792 72.49202365667563 26.94821460011921 47.33413595587848 30.49300696081312 36.32586104990269 49.315849779143306 28.848128684179898 12.266029215298516 17.700491415410962 67.59652115445783 11.316666124873022 42.119333289847 84.53440379207869 71.03267081973064 59.53080999230971 51.38965331972456 48.338160017001954 51.29289497482441 59.363680407261526 70.82255391836266 84.2990145304286 98.97229750341397 77.24091513564954 62.21842775707943 48.73206690150048 38.43440837149322 34.32638867893304 38.446143930449104 48.750577606840366 62.240175620936405 77.26427321866746 93.08278133431538 72.01560001115452 55.63082820425581 40.02552964460609 26.608430523357416 20.314667151209914 26.759566569387307 40.22654197742383 55.84788743440681 72.2392549603462 88.97609206094668 69.32776911826068 52.12120774977372 35.00877650528264 18.25710755359245 6.304199297014646 18.57087208659049 35.33730408595191 52.452704780537026 69.66032462059937 86.90540157215617 69.47260731911446 52.312827365667786 35.29212317140494 18.79226757437712 7.712197800671939 19.092406368385625 35.6128527170017 52.637856035706726 69.79918200889095 87.01621137385672 72.43312190302666 56.167816317587935 40.76519734961329 27.703615718046006 21.723043447163167 27.838861205555734 40.94905436870192 56.368068957457666 72.64024109330529 89.30039942768883 77.88886647809753 63.017373569407674 49.74344727813647 39.70313649971933 35.734785210625105 39.702871754241684 49.74302466024434 63.016873172520526 77.88832667169694 93.59895236617633 85.36267678309578 72.01192671484037 60.690609049800926 52.72270763828985 49.74654973887313 52.61611879929117 60.50532324030914 71.77766894762276 85.09920572333958 99.6514791948887 94.37623082092196 82.45235528022903 72.72277810456254 66.1627360092277 63.75818719490355 65.96513359167704 72.36286950040586 81.97599973102379 93.82130780467695 107.16111552591907 104.53186825609338 93.85726523750978 85.38234514331445 79.81094758539267 77.7696194863552 79.53064782829888 84.85763395951169 93.1407322627884 103.67380498121481 115.84473893579272
74.56471859002465 25.952369020744225 32.49307055631542 20.718913098753813 77.00952546331558 81.13893847374426 22.050299608910418 52.068645935850135 45.92618864192409 25.98459518364082 29.94007536667907 0.0 50.21116937239301 52.24674732436918 27.923908190385756 50.78554836157859 53.14132768490773 21.401836891465276 32.12145314019175 7.223095287059962 74.45340863467264 34.531972421762084 33.62679291980197 31.3951870827085 76.74654575307532 68.14050682278125 23.92596223257301 32.82369782717293 89.41024462248306 50.576954756800106 72.94253757450302 12.803518765416891 59.52373432355824 70.5252482900222 29.464910662904504 17.72397827136718 47.63172841195263 87.00578840739477 26.411649597459807 17.494883230363655 66.82131522196661 50.45984614899404 35.01450890123844 22.4621336622515 19.539470785830012 29.28730515744555 43.95922455000656 60.0482510780229 76.66735515739997 93.53441126613762 64.24121297631837 47.00625907120345 29.848899952285127 13.078178548554623 7.0593320667634245 22.96395161126457 40.04454353934489 57.25819897828949 74.5127554348354 91.78514903857752 64.7250100999157 47.66231669306089 30.86712037716018 15.250409696968681 10.539642270701815 24.25502649319222 40.79511917983413 57.78313227338928 74.91496639163803 92.11040761659713 68.20753434733449 52.273504842714914 37.569692911267296 26.251767416585988 23.78107881705338 32.258875942525584 45.983055516128 61.53826989968754 77.83435539640726 94.48876148898132 74.2680905396305 59.933717050076105 47.61363652429388 39.252682753912076 37.592480636723245 43.40878798360479 54.35216577742915 67.99043867945704 83.00571278820009 98.77197849339876 82.33929325403452 69.64393405966898 59.325344975267136 52.795986865714966 51.517342414682176 55.851209275108886 64.67904802273124 76.45980379415099 90.04179366616472 104.72654049465292 91.89276110641745 80.6671102536872 71.89421696097958 66.55123448362077 65.48318725762945 68.88919682238418 76.17143616504593 86.35477148969015 98.5438889696568 112.0863157109795 102.51481127527116 92.53508607305687 84.94045220994626 80.40958482956165 79.46826339661278 82.23983880157421 88.37567498374385 97.2409965761565 108.16674879315897 120.5942051519134 113.90676332802308 104.96154834198958 98.27397040046657 94.32545052218322 93.46378284925218 95.77232127905285 101.03398968706644 108.821263321002 118.63784538909029 130.0249210517072 125.85959237743928 117.76969498114399 111.79186911518251 108.27649711329727 107.46550393946586 109.41903915624691 113.99506395290987 120.89615363462495 129.7518485534095 140.1922298935529
67.80710661575016 32.69355492974572 30.258616270887337 30.897934660417373 60.78285728537978 72.56399157356513 28.267815742757737 32.22915550834647 32.190278896022264 25.23620853002814 23.474308963511398 50.21116937239301 0.0 45.84390123082756 26.728997318130666 40.38546485749554 13.875520439481168 42.7956412267247 24.960792289426756 50.44735985692315 47.745578926588216 34.43488933473881 26.470343244387124 22.366739946640198 62.707009813027675 49.93272010081911 29.34558261292005 30.779479123597405 81.8002587790464 37.18022097879069 48.97036885803933 53.46678850331648 14.27337897904127 56.90795927829875 33.773089350182715 33.38496914460017 14.446609802071317 74.89763732192142 23.969368623826853 64.69424139623264 89.59561775046323 79.58889333630492 72.38853223234653 68.88031423494364 69.624609253224 74.4940613230912 82.76372735188775 93.53605931230132 106.05114167921691 119.76387328397286 79.17305799135144 67.70107854002325 59.137111110369176 54.86035669636448 55.86428657621341 61.89246516269055 71.68845740066368 83.94338303997411 97.73662127763006 112.50378514448938 70.0759889455959 56.8499550082966 46.38853379963617 40.87273269177767 42.28439444197062 50.040636236587524 61.79697454205745 75.71243210983849 90.79969281399617 106.562195828251 62.882488898127626 47.7478300701893 34.70177661621782 26.968156811147445 29.138631073440347 39.61752538268787 53.747064772022355 69.33004964132908 85.57613424528274 102.16948604556201 58.3015976520934 41.560357285716876 25.576613390062576 13.408051803293436 17.438503367121942 32.04902170238063 48.46535907571777 65.34030237495676 82.39254847620137 99.5310093396826 56.967172760457494 39.675550834378555 22.399854608074126 5.298228918685317 12.373462071996757 29.61161070221926 46.89675899113782 64.19095037562508 81.48842744303717 98.78746425995234 59.09955204698934 42.667500164278216 27.331053411261436 16.497569004844006 19.901393865138367 33.446577772396594 49.39629585090381 66.03049988508695 82.93836373184435 99.98114739331093 64.35501225258665 49.662445477264725 37.280807793504984 30.20046388615598 32.140109807076925 41.86423949084497 55.41616811108429 70.62576072695815 86.62420977129689 103.0447408106189 72.05332176861185 59.25933579754278 49.29868908413758 44.13339752089821 45.42969263796776 52.71300916027619 63.97007004314426 77.48795101716173 92.2783799656974 107.81892426590615 81.5051091520034 70.40193050157585 62.19708960706061 58.13106940162817 59.064893473133296 64.78270748600966 74.18648040133824 86.07651071076835 99.56603162885219 114.08909127721529
24.44469126326238 57.70930343352575 23.49603685199754 49.01145905878051 24.791357993975712 30.56176678369351 41.24033185778392 14.91216650196127 13.742973987012066 47.214664849988615 32.875739266123 52.24674732436918 45.84390123082756 0.0 31.5032148753868 5.56742920844648 34.344810011779046 30.96186631645673 28.43552165888942 46.4858301574421 26.791036451729255 19.175131633762696 25.522103591898386 51.258918121920445 24.545463543196487 17.139180530165127 34.184246682542785 22.829534586040293 39.68037948586253 8.957480313468135 23.901589634238903 44.06573268978959 59.9338082610014 18.278594843690456 61.59571928476228 39.880942334726264 31.50321487538677 35.47478781819333 44.140410822813614 54.373061054513734 115.59505063693533 100.75026281366522 86.82000750098226 74.32032338794532 64.09372633398804 57.36897736009799 55.43547503640389 58.768041850257944 66.58056859544425 77.53038118765348 109.4502034964994 93.67006257484523 78.53355548548548 64.4954509162666 52.445325607195976 44.0461837707471 41.57313518517417 45.99228164744193 55.686259622754086 68.44950100583391 104.84753812040375 88.2737643346534 72.04317140784426 56.45254183893426 42.21694293306137 31.24677452413892 27.733759621680775 34.06863343889089 46.37771019648358 61.15408472655604 101.9961149075172 84.88321428000465 67.86623133696557 51.04119242713559 34.68852795993461 20.002432322730584 13.986182638078821 24.286662798951884 39.78420986012888 56.342145838001954 101.04434225731798 83.74244339162773 66.44056104542635 49.13871266840311 31.836953642429698 14.535603035247957 2.7729943764630294 20.070098252651846 37.37167100593688 54.673470234897586 102.04540142761792 84.94215974529375 67.93960319904028 51.13825861811731 34.8305316807693 20.246555531043583 14.331528725874328 24.486221664722947 39.90576422333089 56.427631672019594 104.94340902901574 88.38709293643277 72.18134840401915 56.62795844577976 42.450136145515934 31.559660970668048 28.084161073445518 34.353133286906825 46.586105126475296 61.31151911217404 109.58793710455109 93.83022623920826 78.72364159563956 64.72570686354906 52.72691442700961 44.379532154135035 41.92449447202357 46.30862330663468 55.94657220643911 68.66042735036201 115.76890894464478 100.94877792931469 87.0492365292536 74.58673959450894 64.40102634868843 57.710492935127895 55.7871680910114 59.098338227021166 66.8709007528696 77.77865698494219 123.25531278107434 109.41613938472588 96.69850439836195 85.60373656823496 76.83806636702793 71.26616966664382 69.65870514465917 72.28065601185584 78.71048870441923 88.1185485465746
55.93557111972177 26.206148208525644 8.047088513887923 17.654511681851165 54.406538595814084 62.047183422583004 9.904840907105916 25.860199147935386 20.60074497599529 15.849522110747507 3.2946506510553824 27.923908190385756 26.728997318130666 31.5032148753868 0.0 27.859876932294014 25.734392064005917 16.082482822731794 4.326054301087883 25.72208463164838 48.3528874229105 12.864641646736937 6.6371619964119635 20.666229740236815 54.997625668332205 44.18707359087295 4.024748006567827 8.740249663550184 71.18293609888185 26.32853161134547 47.486555076041924 27.55011892423878 39.61722979603846 48.51845801425493 30.127030143715974 10.652200005227806 20.075789208428994 66.62954961904406 12.865065617019756 39.281106219495356 84.87151070274402 70.92258732111227 58.78398374815854 49.79762432160193 45.85578830131172 48.21209955312108 56.07818698753525 67.55607195595326 81.12697424471682 95.90647700524895 78.07419473943753 62.66967590624525 48.560326448951656 37.248234376863714 31.866365596601483 35.244973844145186 45.471526684260034 59.09162317506925 74.26095038851824 90.20125391768374 73.40131240390944 56.77059142803867 40.703310514874424 26.255113215976735 17.905711391742862 23.46508210635244 37.139166703370144 52.97865018967655 69.5188398618273 86.3580503649306 71.27202650741354 54.0023960485199 36.76315178138443 19.634495466773185 4.267438222469625 15.799436038826041 32.85950186356653 50.085777219807824 67.35084877056603 84.63097608990493 71.91266632935357 54.84130599729034 37.97919429458807 21.817026514587635 10.404767345289914 18.418708206118065 34.1899331873383 50.964373258413495 68.00364874607713 85.14891798968837 75.25251359471906 59.133991408298634 43.92525238611121 30.995763811993356 24.305507014255813 28.62671283936712 40.582390572575854 55.43539375695739 71.39990236098883 87.87217963062288 80.95815228568063 66.21202365928788 53.03346257548271 42.89254770568242 38.284455918089755 41.113682656159305 50.13658004381693 62.735355547743595 77.17823160118505 92.6063737034309 88.57349332920313 75.29386148676312 63.96692603926748 55.794891062919646 52.27879401006615 54.33023955620782 61.3936295551765 72.00889363272222 84.8533085200535 99.06355214438565 97.6526818899176 85.74503529452556 75.94121352412412 69.14200447052673 66.27863675367894 67.85123900689206 73.57591736900321 82.59378085251882 93.96138404122117 106.93195398264767 107.82646232798616 97.12437658536926 88.53488029723343 82.7187251177929 80.28095599212635 81.52520014731425 86.29233208808309 94.04816239130446 104.12698533313589 115.92447219088035
