0.0 89.61470857245922 60.07021273229541 59.868056530769955 96.0588103473693 73.28731332644887 35.636021481726054 72.80931962326058 55.22644246128622 62.9614201999939 7.494870031239527 66.54173550702298 62.0827647488962 52.16624775500206 70.13814762545961 41.96541234488285 100.0220681055647 68.54206236315329 51.4679167020336 66.22353932032102 55.134432397597365 78.52505994936527 55.520478543244465 70.80072990664893 90.4412721591772 69.47575678739477 36.09517390948516 68.40109457201103 65.0503253981116 59.36906393811988 6.320801535638422 49.04008436799413 91.19225100651258 45.86390303821546 62.095451545088366 44.76520122100165 62.77768104049008 66.62363607935801 56.92428660396081 82.312462344154 133.40726174464896 99.67930414482542 66.85260818957951 37.38208297791389 26.840461867230132 130.81554374113838 96.21576785867946 61.620579699712664 27.04758876449648 7.804013773106385 134.14130562521365 100.65062789746568 68.27917360241652 39.854483195325706 30.15877559641568 142.9720147880905 112.04971251595695 84.04802387709218 62.99042581373175 57.15162601790704 156.37738726922655 128.57333213322178 104.8953346921843 88.71119303549614 84.44545771639089
89.61470857245922 0.0 29.692932320847248 68.40532852498822 61.66013721901352 18.645420379525167 60.51732718783052 42.1078362776855 36.954082370685306 43.336087755149094 90.63314137638083 37.428345924774106 53.13620756999321 50.78886292349679 21.82967449247788 48.38648113865252 74.03124463563496 37.17715311863073 70.08234344076634 30.275060682926746 35.554732124633865 46.02945974728582 34.20124155282658 36.415063902765134 65.85297120370119 22.952076439115878 56.352742603098555 40.24440168981715 31.68443267987672 35.0009622597301 92.66948134698626 42.31776153336973 50.08271099132064 56.97548657919525 77.71644963962768 45.565099099270334 47.551140878306754 41.425306040741354 74.64188354006377 14.027595286663153 104.83917950419135 88.57374110604434 84.22634610128294 93.4749316784805 113.0299253978549 83.69732972713598 62.41713564353539 56.40343468830834 69.72509499435006 94.53371410730702 67.93244620162575 39.08225938053195 28.89407884952729 50.37014621646758 81.45105591670553 61.80706111469788 27.203231992051403 7.400896832274478 42.00458466598449 76.6084290919294 67.97922518818721 39.16276839845056 29.00187442242989 50.431477585365634 81.48863762916521
60.07021273229541 29.692932320847248 0.0 48.22418515025198 59.43390077837226 14.02546040556886 31.948092454930045 31.682578763653563 10.008100793842713 25.71347825650478 60.94021647391122 22.563428085975964 34.90883802275824 27.073718112780398 11.449308544690687 18.74653582556114 69.69673146135148 28.88490112556327 46.89403147186833 14.5675742823419 10.636774443093032 38.59152983282831 6.432033140270169 25.322796410529563 59.46857271763879 11.380905569259147 27.0765113591616 26.794370028383145 14.743406481569023 12.043102444845877 62.98627777264846 13.42620553361905 49.19659668430443 31.256966234767017 57.374331161209106 15.950776408349979 29.859700256341494 31.391641244690565 52.934999978420635 25.582497069578153 104.69396599181567 79.79161465489112 64.55504317280739 66.05135885209272 83.38457285721047 90.39020015193051 60.01585953184726 37.792178373629795 40.6131054791137 65.31026080635289 83.4652281319419 49.0817861531824 15.698807300531913 21.8800540025975 55.730372055787086 85.72667890911138 52.802701175222474 24.940590630968906 29.168251675925987 58.943929168377664 96.5309478808652 68.84179103485668 50.54669772817175 52.588527976954474 73.28673866034826
59.868056530769955 68.40532852498822 48.22418515025198 0.0 39.06825742805158 50.74886572923083 29.831220035900603 28.4024560076635 38.381275303390346 25.129918038101508 54.89724933383026 30.977215582151672 15.29198235907227 21.480010166963254 48.18616267493514 40.03971470592354 40.549358454778634 76.04348290655619 8.535679176943654 38.80961027419984 54.86229377062794 29.19104652615295 50.66839393299278 32.468145584000574 31.804460872506237 46.934591195199275 34.88967087783987 28.46472047039964 37.54776440701064 36.711830155123316 57.73614058154793 38.03999486622731 38.618450380874066 20.65228213498731 9.386979206149743 40.41222633239549 20.854310521055787 77.62496184363502 7.063939548767443 71.39413203274799 73.59988159973048 40.56113151902051 16.380399256860407 35.864729759150414 68.54990497951081 72.74174486631323 38.997150527465244 12.043493935715729 34.119868654295 67.66193037192104 82.20247497165151 54.527045997985475 39.79917101179416 50.88784428297567 77.39505664179273 99.06823464774794 77.47506111626501 67.7127721466529 74.58162218619789 94.52291607077673 120.26217759510072 102.99593728521194 95.64522786210973 100.41180662206685 115.80901080892778
96.0588103473693 61.66013721901352 59.43390077837226 39.06825742805158 0.0 51.841025651942246 61.377583300564616 28.192333311440112 53.582953670793465 37.055570431324554 92.17378407727108 37.46530432499533 34.235344675183924 45.44207599147469 51.5096848642882 63.70246701406077 12.53041589342208 86.99217655960946 47.225571956318284 44.876278933161316 69.75220176405452 21.066464058586288 65.07132405139032 34.151889306144724 8.980474261199682 50.642326491914474 63.60345743667271 33.47813531784953 44.73241921447782 48.905414437909045 95.00626011644769 57.6923560218789 11.597466903643465 50.60021910468131 43.042516047381724 62.320139059182 35.10875967674833 90.15672200735958 45.10336380435568 71.66247337623192 45.353851655313186 28.978609598583944 44.91531665678594 74.76529561311878 107.5041910201601 34.78573877464801 0.7784016827767987 34.438620775666394 69.03829152976668 103.64076031386648 44.3906139654461 27.461021081137922 43.960531566903974 74.20100119631218 107.11623783053552 65.86626980645299 55.6796377823586 65.24470920012176 88.36467361238218 117.27980411598686 91.17800944957987 83.8976459136017 90.32672128062904 108.04505619440802 132.60191460639976
73.28731332644887 18.645420379525167 14.02546040556886 50.74886572923083 51.841025651942246 0.0 42.2625755588748 26.984887325111035 18.789258334118653 25.67256143389721 73.548826444274 20.156211821760046 35.7015846681471 32.217967993421894 3.289867663277625 31.35546049750566 63.3304650280178 35.69460232871412 51.756885460864936 11.979533677388078 23.473117736597167 32.6362883094848 20.159843862804877 20.45538606895877 53.84316982083699 4.319750919370086 38.58820239970053 23.712228723319114 13.317646779887722 16.376490349058802 75.76034203287752 24.61180133605836 40.629346187736296 38.33025273734829 60.131291920615126 28.53668817644666 30.066973831303834 39.25244820547763 56.667767143515796 21.417138198559748 96.99846183996766 75.79719055170622 66.90659897652077 74.85010536826395 95.5162287554357 79.96263685622034 52.518802757342485 38.95190080519014 51.68269626463863 78.86555771223627 70.50993723310822 36.727598777481475 11.001536923221892 35.888760870024285 69.64068163272628 71.70541648891708 38.9534401222912 16.968293914030177 38.122490171730405 70.80659766517765 83.09067392006692 57.12772480971003 44.921136780085305 56.2765924343469 81.92079052782688
35.636021481726054 60.51732718783052 31.948092454930045 29.831220035900603 61.377583300564616 42.2625755588748 0.0 37.17472069288305 23.567846135071523 27.36258435251615 33.48146333629737 31.32573211617896 27.144643001428296 16.548802714625317 38.9742494615689 14.93883533993711 66.90716366002569 53.51930870143685 23.43482451447024 32.70513550811737 33.084616264070235 42.97056862468776 30.54533889302329 35.487211032807146 56.74401495341318 38.003883795249045 6.376364749019478 32.85304092543207 31.35719202226935 26.298870259838676 36.09718663301681 18.535833610429147 55.70775198323283 10.831848314683205 36.11423873207051 17.03136884908753 27.209112585089855 53.8838985800184 30.473949167021754 57.44648121204632 101.76576222229092 70.01902412628891 42.94053441589898 34.35036579607181 53.95218385704862 96.12454656626402 61.616420246547484 27.35126702658413 9.718752207486757 42.84472258675855 98.51205346527388 65.24575072981735 34.702106060063265 23.373258402537374 47.78312587517725 108.39895024843572 79.27112660262173 56.67712299971202 50.35361647851835 65.21873025441155 124.00376795024489 99.38398932411951 82.2931125085226 77.85802185110937 88.01319750745762
72.80931962326058 42.1078362776855 31.682578763653563 28.4024560076635 28.192333311440112 26.984887325111035 37.17472069288305 0.0 25.397516124701415 9.978012018756315 70.31915046996546 9.294951398610435 14.111879262722564 20.69851202467937 25.601376880091028 36.22335746759459 38.014374950360484 60.07441351233932 32.93110080644973 17.402048444389347 41.74528237594583 7.131236203949756 37.03372348984335 6.674449949467116 27.831547901242306 24.50354089434552 37.74579470063088 5.323054154605324 16.972381665166207 20.726757999401812 73.02728963450764 29.769101741357733 19.46146951508385 27.494290637347202 37.126485993084145 34.55753310807565 10.520092900345935 62.91781800778654 35.338093302478065 48.338897702617665 73.14786550320036 49.00779615192468 42.98531976338351 60.73327854099961 89.01766287976388 61.30492567623453 28.706586276785025 16.87284427992359 46.26195248228438 79.94056677139929 61.340463038598585 28.781705484679595 16.999154272872932 46.30773619999988 79.96681892174473 73.23718631736457 49.13979305146897 43.13435504362757 60.837861825844406 89.08837073401241 92.52730224204673 74.71931013017883 70.70648194899552 82.52633222535124 104.95971640347938
55.22644246128622 36.954082370685306 10.008100793842713 38.381275303390346 53.582953670793465 18.789258334118653 23.567846135071523 25.397516124701415 0.0 17.463628093984497 55.00394071687018 16.193246994189625 25.717078178921362 17.092585797028118 15.503508803548403 13.52560554021643 62.856371194878626 37.94989851455487 36.88744724413521 11.534300773072667 17.37069249293895 32.52874680799221 12.763296810021558 20.013636363331475 52.39984583421497 14.622091099317764 19.852812768750486 20.106041691711187 10.687882462450608 5.018145324808921 57.30299362699229 6.212995143722726 44.37971727411844 21.397248062313984 47.45662966009995 10.95682161090824 21.138231098226274 39.95850205087679 42.94754921931045 35.080995818070164 98.29117434199581 71.60390011168741 54.66151628373958 56.95123798821159 76.7711205397112 86.24876363232224 54.08541259252901 28.398178165618074 32.901720803462965 61.265259171727784 82.48260276900034 47.91243258530758 13.515801777092822 21.554741099351897 56.048114105547924 88.0612452075378 56.90573497244312 33.41524205072466 37.27908386148777 63.700217813083235 101.45444413848722 75.84960236584372 60.06752252992587 62.111508501656736 80.63720515553436
62.9614201999939 43.336087755149094 25.71347825650478 25.129918038101508 37.055570431324554 25.67256143389721 27.36258435251615 9.978012018756315 17.463628093984497 0.0 60.698907128825816 6.027462731897091 10.0447610509182 11.144180722182954 23.25931746432514 26.67933784152473 45.584274278208284 54.59398690467171 27.19092360913348 13.846158581260703 34.72560654621905 16.551506546295563 30.03422567302347 8.958704688081289 35.075322537645754 22.012942983100842 27.76899733009556 5.574371395082595 12.700151879987613 13.710735357163157 63.371240274815705 20.73165783122675 29.271772757455658 18.24077958338878 34.49484347327503 25.271379012277084 4.44088760091536 56.96629049655903 31.31646710412533 46.64822639075262 81.1199579781067 54.24884049410454 41.23404894355403 53.407657454274684 79.99581202785878 70.90894356259558 37.480998952257806 13.282440961118764 36.645219926817 70.0297936539652 71.1905421866527 38.006220297027035 14.686811887000855 37.17233222835234 70.30442589830385 81.85652298108452 55.334229175223015 42.638974540863416 54.48950402996883 80.7152316271066 99.62517834174486 79.10085314625393 70.59369804677578 78.13291154959408 98.08562564042987
7.494870031239527 90.63314137638083 60.94021647391122 54.89724933383026 92.17378407727108 73.548826444274 33.48146333629737 70.31915046996546 55.00394071687018 60.698907128825816 0.0 64.80502003651424 58.6913733021296 49.640591590927514 70.31762717011463 42.316050324001466 95.36622176919695 72.36158386232734 46.384532764773816 65.48517815504795 57.22852136220838 75.60856511166169 57.00276766858307 68.96598658931066 86.08843825063819 69.54530714098377 35.25350856293052 66.24006989430906 64.22443767250968 58.740270417509784 2.8452263923140793 48.96454680221863 88.07883507264279 42.90452198567405 56.30233739081225 45.15041042509843 60.00869250618013 70.7982614461841 51.35398537222602 84.36983672099045 128.10229695909862 94.05685550205965 60.64678460840001 30.070246686561045 22.91841671017459 126.7902877746025 92.27864070995345 57.87720777638727 24.06341663547701 14.254053874397755 131.56433035700385 98.67824218141392 67.53108683104821 42.17024601839564 37.296666911375254 141.8108439808414 111.86047330076471 85.4984913469541 67.09690813409497 63.94352715385901 156.45780097074535 129.7740251559652 107.69514953404634 93.54082732611666 91.0835936971013
66.54173550702298 37.428345924774106 22.563428085975964 30.977215582151672 37.46530432499533 20.156211821760046 31.32573211617896 9.294951398610435 16.193246994189625 6.027462731897091 64.80502003651424 0.0 15.724546145714703 16.102524085920603 18.04446986028331 27.804080869150482 47.215111545907284 51.223826539437056 33.21327629577885 8.883853161863183 32.478914490813814 16.400500693447743 27.760916775024903 4.313634293609088 36.922198969933355 16.83028923564605 30.653216056873934 4.232750972576554 8.102830255887804 11.44014068324466 67.40311273988408 20.965733618417804 28.23872450299038 23.26436808934027 40.30073723515378 25.879593432308027 10.122905062563518 53.91954811060457 37.286307431515255 41.426239840070615 82.43129712763452 57.44941656918714 46.91229427105849 59.12615677951913 84.76940868505466 70.14601757538878 37.98941324437018 18.994068294949674 40.904781101810116 73.35172103190173 68.1124247237941 34.12647531153645 9.207770518973218 37.413935425122595 71.48199000701963 77.1456458346277 49.64588429419129 37.05137575759425 51.727386615472646 79.83400321050331 94.11075186520229 73.09865614151542 64.99819069199964 74.16796753426381 95.76941773573215
62.0827647488962 53.13620756999321 34.90883802275824 15.29198235907227 34.235344675183924 35.7015846681471 27.144643001428296 14.111879262722564 25.717078178921362 10.0447610509182 58.6913733021296 15.724546145714703 0.0 11.784326435141162 33.30179735497094 31.590595575640155 40.38367887822452 63.590398737785655 18.834839701372154 23.887296713742952 43.02167699476274 17.366744784806674 38.472767429151126 17.260850646214298 29.97437713064046 32.05448539650838 29.76263575748706 13.23962238914362 22.716307116944414 22.917759576755962 61.48605031757226 27.272875158431894 29.435485202373293 16.371981601007217 24.580754617188706 30.973274125935657 5.636538567012667 65.67549869192992 21.838225758193484 56.678574772682964 75.78036100018835 46.488384519742205 31.21717359789428 46.719259520031756 76.06380047699655 68.99845022821373 34.47188493282205 3.269522153241338 35.04173093276416 69.57018216003488 73.29126650322095 42.350022766773165 24.7038767232287 42.683498406492255 73.67715359176574 87.03504491243599 63.06168356166072 52.66168149010993 62.964508532672774 86.89422216221578 106.63549176788774 87.96556262791444 80.6193457271725 87.49710965074743 105.86187265612564
52.16624775500206 50.78886292349679 27.073718112780398 21.480010166963254 45.44207599147469 32.217967993421894 16.548802714625317 20.69851202467937 17.092585797028118 11.144180722182954 49.640591590927514 16.102524085920603 11.784326435141162 0.0 29.19881446898137 20.00506847316771 52.146194255692826 54.56356547104117 19.993703627468197 20.606741621343836 33.39904183954183 26.43746005227841 29.19044268321854 19.86356506983724 41.70136933676039 27.996285722597133 18.17123493679023 16.718545875519652 19.172927863911937 16.380484932400236 52.337598133251504 16.693341307652286 39.20237135429087 7.173545388029147 30.405193028968196 19.702296545079314 10.687910746704294 56.18074858427749 25.86128753343744 51.413221287252924 87.56457219524415 57.83176042361195 37.63375449440838 43.392570737143274 68.87931233014612 80.02462907534654 45.74394803017613 13.263837441284851 25.577393641970723 59.39132787641371 82.02697538462482 49.13258655486861 22.236102743033097 31.140396621986977 61.9665326709828 92.9569042030116 65.64298062937799 48.70139410359704 53.192675106922565 75.37841599489151 110.18854704530727 88.18939604755641 76.21001170441069 78.95128136000389 95.14928485261724
70.13814762545961 21.82967449247788 11.449308544690687 48.18616267493514 51.5096848642882 3.289867663277625 38.9742494615689 25.601376880091028 15.503508803548403 23.25931746432514 70.31762717011463 18.04446986028331 33.30179735497094 29.19881446898137 0.0 28.181394956636755 62.6953945921385 35.535842826512706 48.8813047277746 9.414794298791959 21.484669637614736 31.68040427099915 17.793619788714697 18.94763110233034 52.96937818765803 1.2515975601702203 35.31620269591311 21.860847818349587 10.63857561472277 13.173419614263024 72.5451819379972 21.36246322750546 40.539349274273995 35.18107698389693 57.572901940719305 25.373379551081978 27.692267621803463 38.8729301894327 53.95607859816767 23.4150132853663 96.81398968829139 74.59808652574543 64.43270429650714 71.64527346221007 92.24581287004835 80.63862938159859 52.162050339521286 36.5239478917977 48.39366044059386 75.79394632207725 72.27465554240459 38.126949785739846 8.863169116508036 33.14061306407908 67.17810433746811 74.40519848338411 41.99168476570783 19.62948265276225 37.44567479309904 69.38218434060995 86.25597873916193 60.41335621674904 47.47908583481788 57.0400194238481 81.53327100899213
41.96541234488285 48.38648113865252 18.74653582556114 40.03971470592354 63.70246701406077 31.35546049750566 14.93883533993711 36.22335746759459 13.52560554021643 26.67933784152473 42.316050324001466 27.804080869150482 31.590595575640155 20.00506847316771 28.181394956636755 0.0 71.56465255996055 38.69682661229436 35.67741420995166 24.976119632320966 18.16342305272878 43.14340254061585 15.982315901463892 32.03315774201048 61.03624785765824 27.510633779864126 8.960545678478997 30.991399628782055 23.9977364669039 18.171683148761524 44.45449005025862 7.354065076900917 55.68017695953497 19.539661718552466 47.934932047068365 2.834684510347062 28.86586912805747 39.29731344322647 42.603881681566115 43.48578736483692 107.11798565319845 77.83545418852823 55.111354032931445 49.10166082320293 64.64899988228798 97.50707094831927 64.1077290639393 33.26888937750448 22.33121378699355 47.80578680608628 95.51082163471902 61.05760225862407 26.992553747988165 11.13636126236381 43.752629024571334 101.57927650958058 70.09329119349657 43.619032745609786 35.874796987559535 55.37339247499182 114.4362594223495 87.54912254537774 68.0354136066801 63.14715679575293 75.76995828967591
100.0220681055647 74.03124463563496 69.69673146135148 40.549358454778634 12.53041589342208 63.3304650280178 66.90716366002569 38.014374950360484 62.856371194878626 45.584274278208284 95.36622176919695 47.215111545907284 40.38367887822452 52.146194255692826 62.6953945921385 71.56465255996055 0.0 97.90122134498598 49.08417926466479 55.31913417411554 79.67953476532263 31.20365385997418 74.95588624557178 44.46779010042427 10.538552069844528 61.740884454533116 70.10194072516795 43.02489446323504 54.97339475809165 58.49828033224177 98.20992765934182 66.23838618500191 23.9714686519067 56.12153899261047 41.775740184058776 70.55088271697822 42.74315330885731 100.86522507529047 45.251417279117234 83.63906910452991 35.57546934618081 17.31036663799029 41.57562158027248 74.51351937101187 108.49352778268667 33.20567131558579 11.75358159220474 39.60465471169371 73.44223982999871 107.76756668587542 50.48311448480982 39.633449138801225 54.661681768386764 82.4609746303605 114.04625789216776 74.85530309456487 67.80529315355614 77.37288480272696 98.84499465988392 126.28882284716677 101.32500829606388 96.01154217894175 102.78301593264909 119.6041541991365 142.97073909488367
68.54206236315329 37.17715311863073 28.88490112556327 76.04348290655619 86.99217655960946 35.69460232871412 53.51930870143685 60.07441351233932 37.94989851455487 54.59398690467171 72.36158386232734 51.223826539437056 63.590398737785655 54.56356547104117 35.535842826512706 38.69682661229436 97.90122134498598 0.0 73.36427037817833 42.67237181555755 21.290147780998716 66.70371791629752 25.379971634959 53.48719806284332 87.88799517297925 36.35774185987853 47.24156439932892 55.4459018267092 43.176184406275084 40.897191324896326 73.47540761722904 38.22357914932142 76.07402257062847 57.013609525288 84.84984437779524 37.11805567737129 58.69424572825275 4.267839588473241 79.95268222268368 23.473117736595754 132.32774666253866 108.62521554909158 92.10292276508535 86.95496149150797 95.04782108386102 115.55171377320328 87.63122680333288 66.34041680014911 59.309826577284745 70.91576548191603 103.79484661956512 71.58289150444642 43.2398606090974 31.782003610092136 50.451372431627696 98.86503529451647 64.29789784882438 29.81607423140427 6.215388015160434 39.788414954596725 101.75967209035957 68.62664750619322 38.19745621474737 24.562524388125613 46.286418927741806
51.4679167020336 70.08234344076634 46.89403147186833 8.535679176943654 47.225571956318284 51.756885460864936 23.43482451447024 32.93110080644973 36.88744724413521 27.19092360913348 46.384532764773816 33.21327629577885 18.834839701372154 19.993703627468197 48.8813047277746 35.67741420995166 49.08417926466479 73.36427037817833 0.0 39.84591043071729 52.08180944242811 35.206682823628206 48.28404489354898 35.64379100203477 40.23180507141836 47.65089177944784 29.18385394003138 31.66650231203027 38.46328721906369 36.33762504311882 49.22100128915393 35.18345595378609 45.796810612388825 16.37353485003315 12.67946956966767 36.59214286884589 23.565710745609493 74.51505858851405 7.058738415742694 71.39662458579011 81.94092506532351 48.49585684175941 19.60179471285694 28.48616990938082 60.27887433602486 81.17280664613841 47.19860788929281 16.163054816547163 26.2608416051452 59.26947755041596 89.73025937242159 60.63634779194249 41.19268694280166 45.95358309980918 70.1530448366248 105.36468223140538 81.8470478144382 68.49034285436633 71.25783990977159 88.65211384107869 125.45692682494298 106.2734813540248 96.14229453661551 97.91478116687026 111.02226603285698
66.22353932032102 30.275060682926746 14.5675742823419 38.80961027419984 44.876278933161316 11.979533677388078 32.70513550811737 17.402048444389347 11.534300773072667 13.846158581260703 65.48517815504795 8.883853161863183 23.887296713742952 20.606741621343836 9.414794298791959 24.976119632320966 55.31913417411554 42.67237181555755 39.84591043071729 0.0 25.036144105868583 24.131732111310704 20.455543397531557 10.851553996408374 45.22313395708015 8.167201897537952 30.27712446950498 12.966810173871107 1.4397069270469294 6.873138664411943 67.90558902808304 17.622124483504418 34.67781671085983 27.141291574667946 48.19606432792935 22.479029587689475 18.281872625258803 45.54892225437564 44.68823378762483 32.80763473587566 90.16674205718328 66.19425332488153 55.02828303429607 63.79137602679407 86.63349431770787 76.117703234859 45.46427221539173 27.10969174435973 42.39941934904104 72.49362849181719 71.05988194957942 36.46147836967401 2.0558178511859 32.76992171326666 67.36737749884016 76.79121141951491 46.57294851198925 28.914130867567412 43.56434830995394 73.17455823209144 91.30173217378305 67.7181828805173 56.8356338388144 65.34230821177347 87.77093025448369
55.134432397597365 35.554732124633865 10.636774443093032 54.86229377062794 69.75220176405452 23.473117736597167 33.084616264070235 41.74528237594583 17.37069249293895 34.72560654621905 57.22852136220838 32.478914490813814 43.02167699476274 33.39904183954183 21.484669637614736 18.16342305272878 79.67953476532263 21.290147780998716 52.08180944242811 25.036144105868583 0.0 48.77579402723952 4.7260683742823995 35.60258202269005 69.32641014115933 21.665135691463934 27.076085770636183 36.654941164612 25.041290174868376 21.22575466972757 58.92147541370823 16.93588670306638 59.713951208999 35.74549344692518 63.589042436942755 16.176400420147868 38.50514117972719 22.79395222435281 58.66411601040536 27.199607270097943 114.8896111799824 88.94858421696121 70.84381428853925 67.23547371594105 80.10704927284728 101.01542040093108 70.31269877828814 45.59014171838742 40.098271744027855 59.43152980101217 93.75920259030734 59.52762972801254 26.289568296641118 15.283853277288292 46.59295022189149 94.65581038029296 60.91732399591959 29.27400068608461 19.946495906360628 48.30742294068083 103.49351954805994 73.79709329164754 50.753606864858924 45.83297376390136 63.40512283111682
78.52505994936527 46.02945974728582 38.59152983282831 29.19104652615295 21.066464058586288 32.6362883094848 42.97056862468776 7.131236203949756 32.52874680799221 16.551506546295563 75.60856511166169 16.400500693447743 17.366744784806674 26.43746005227841 31.68040427099915 43.14340254061585 31.20365385997418 66.70371791629752 35.206682823628206 24.131732111310704 48.77579402723952 0.0 44.076009947878596 13.284942143163523 21.290621619990652 30.670412494364808 44.11873085011015 12.440391213539518 23.848147460164174 27.840424159812397 78.36698700930683 36.827401760098994 12.803518765416891 32.741604446317915 36.95600757361661 41.568543242261065 15.7616072665088 69.66633005594026 36.2517794674275 53.65143329367046 66.1247766982309 43.23234909664299 41.95724710400387 63.612968975045185 93.42180537521561 54.3741299945431 21.589215896203214 19.248235963147593 51.669594992665196 85.81288726059762 56.03608356757205 25.454005555573552 23.46526566127776 53.36833839263744 86.83656458774057 70.16384802345628 49.137176031492864 47.96636900597266 67.68971141396322 96.2176464818525 91.13294134162308 75.93194405006514 74.97236607045967 88.7175272348669 111.87265983371942
55.520478543244465 34.20124155282658 6.432033140270169 50.66839393299278 65.07132405139032 20.159843862804877 30.54533889302329 37.03372348984335 12.763296810021558 30.03422567302347 57.00276766858307 27.760916775024903 38.472767429151126 29.19044268321854 17.793619788714697 15.982315901463892 74.95588624557178 25.379971634959 48.28404489354898 20.455543397531557 4.7260683742823995 44.076009947878596 0.0 30.93096522922975 64.60039438939822 17.7936197887147 24.9013019905264 31.932011290451477 20.39594576642929 16.50150210629343 58.876209560672855 13.157942554650884 55.1155824017141 32.06523249943316 59.52757950265692 13.547096573837472 33.86264578624616 27.214575989135117 54.72799316796213 27.65159487807524 110.18100333608898 84.27333482412449 66.77508314820572 64.88916550103382 79.73124338980847 96.53393896944701 65.62674060954011 41.10676649089713 38.30786966821132 60.33281830500769 89.89704382672167 55.506012665713 21.799302941726523 16.258997168067754 49.48084056023076 91.80389799209676 58.51675359486176 28.55366486786693 24.52059675170107 52.74518095824058 101.77530706804434 73.0529150273961 52.058170949921674 49.78139648414299 68.12584835349264
70.80072990664893 36.415063902765134 25.322796410529563 32.468145584000574 34.151889306144724 20.45538606895877 35.487211032807146 6.674449949467116 20.013636363331475 8.958704688081289 68.96598658931066 4.313634293609088 17.260850646214298 19.86356506983724 18.94763110233034 32.03315774201048 44.46779010042427 53.48719806284332 35.64379100203477 10.851553996408374 35.60258202269005 13.284942143163523 30.93096522922975 0.0 34.402654683549635 17.837869529174597 34.955063159228715 4.022714831477502 10.588245926403905 15.081976981631628 71.58250616351143 25.09117586436624 24.406743105306496 27.0306533134588 41.60872787987215 30.03772117058907 12.079335815749054 56.398610877631945 39.09907315116476 41.86242060349838 79.37178170070275 55.679342194490374 47.90937768134543 62.33167492138379 88.71288988973174 66.23845044957619 34.71890642862092 20.44797037910305 45.00759274939605 77.6408024230338 63.799031058561624 29.85128860253475 10.331288198180031 41.43940899467903 75.64764858997964 73.13173036570458 46.44672279362598 36.89409758569347 54.40477112966511 83.38712198464711 90.67116518039964 70.73843224696786 64.6634684663143 75.85232539506498 98.59289597495419
90.4412721591772 65.85297120370119 59.46857271763879 31.804460872506237 8.980474261199682 53.84316982083699 56.74401495341318 27.831547901242306 52.39984583421497 35.075322537645754 86.08843825063819 36.922198969933355 29.97437713064046 41.70136933676039 52.96937818765803 61.03624785765824 10.538552069844528 87.88799517297925 40.23180507141836 45.22313395708015 69.32641014115933 21.290621619990652 64.60039438939822 34.402654683549635 0.0 51.9606685632778 59.73246711321683 32.70520188773358 44.79718551933698 48.11351399192459 88.93299843778556 55.70671492663964 17.039918615039586 45.9225395496506 34.742236343740615 60.01239689169691 32.20554227904991 90.74869983082218 37.31900043712485 74.59755647607267 46.11399316955613 22.77618937298616 36.13660392877334 66.99103215670553 100.3224179324008 40.942759886350274 8.526144361983436 29.39276019698149 63.63982424593135 98.13752478957959 53.20781594278679 34.88353044083137 44.693186411289645 71.92310007192695 103.64948110037238 74.77112291322474 62.85846051620388 68.60341685736879 88.63661240846439 115.7637543461132 99.7752460839815 90.96985700393215 94.81889393805355 110.0019228147339 132.68351820880267
69.47575678739477 22.952076439115878 11.380905569259147 46.934591195199275 50.642326491914474 4.319750919370086 38.003883795249045 24.50354089434552 14.622091099317764 22.012942983100842 69.54530714098377 16.83028923564605 32.05448539650838 27.996285722597133 1.2515975601702203 27.510633779864126 61.740884454533116 36.35774185987853 47.65089177944784 8.167201897537952 21.665135691463934 30.670412494364808 17.7936197887147 17.837869529174597 51.9606685632778 0.0 34.46914384776265 20.680238018105083 9.386979206149743 12.057597661097157 71.79741964174934 20.581658467056297 39.752327567477735 34.03103158397372 56.32134177388953 24.720492309813547 26.447134248578962 39.624801259982526 52.70925103760292 24.65221725681077 95.97038511568988 73.51009846727312 63.18172541945089 70.53298782325722 91.39283565356834 80.07024149225448 51.2871674295895 35.2751130737433 47.46708071078558 75.21132886225026 72.13580860728952 37.86551889220883 7.672909877501847 32.845135994202835 67.03421334239859 74.74876442250188 42.591960782832984 20.87147448052396 38.10521950861448 69.73695608260796 86.9633850084846 61.409971052778445 48.72932007164253 58.07509451218365 82.25384154013003
36.09517390948516 56.352742603098555 27.0765113591616 34.88967087783987 63.60345743667271 38.58820239970053 6.376364749019478 37.74579470063088 19.852812768750486 27.76899733009556 35.25350856293052 30.653216056873934 29.76263575748706 18.17123493679023 35.31620269591311 8.960545678478997 70.10194072516795 47.24156439932892 29.18385394003138 30.27712446950498 27.076085770636183 44.11873085011015 24.9013019905264 34.955063159228715 59.73246711321683 34.46914384776265 0.0 32.933760831907456 29.05077375615697 23.494454659859663 37.637085511468406 14.04986674544931 56.91831078603543 14.550055930376903 41.81066080253218 11.399747503880313 28.62274134116893 47.53434064892589 36.24140236725712 52.25232529997749 105.34439232616865 74.43851866769188 48.78082188832975 40.160522450741425 56.92969348170453 98.12001910530859 63.91167471394199 30.605845782554304 13.549355825556507 42.72357553421281 98.68157225221984 64.76264992638932 32.32952903088964 17.060057676812953 43.95158913231333 106.9063998146762 76.61320219262325 52.00965567616425 43.99139600575803 59.66823834702614 121.24445604645047 95.45025743636775 76.91579556798216 71.52679228588185 81.9199540161805
68.40109457201103 40.24440168981715 26.794370028383145 28.46472047039964 33.47813531784953 23.712228723319114 32.85304092543207 5.323054154605324 20.106041691711187 5.574371395082595 66.24006989430906 4.232750972576554 13.23962238914362 16.718545875519652 21.860847818349587 30.991399628782055 43.02489446323504 55.4459018267092 31.66650231203027 12.966810173871107 36.654941164612 12.440391213539518 31.932011290451477 4.022714831477502 32.70520188773358 20.680238018105083 32.933760831907456 0.0 12.290036068099752 15.515082146488695 68.90246171225256 24.459237766008165 24.70246635190674 23.804184657595936 37.63588558223873 29.27002114475102 8.107349342088336 58.152064056830774 35.077580733208144 45.10681323205779 78.30240958582161 53.257291578604935 44.00258587665697 58.57416426985961 85.55965505992215 66.58787353928935 33.979457338080316 16.435073629126315 42.19560729673664 75.40342439673607 65.8114626085824 32.44612804481869 13.007894995892542 40.994035323160766 74.74401664758534 76.30782622718489 50.3069384385656 40.41675921442846 55.955906344241306 83.80593739597647 94.38785350120388 74.75713554043945 68.28583125351065 78.30736361743087 99.97947115821935
65.0503253981116 31.68443267987672 14.743406481569023 37.54776440701064 44.73241921447782 13.317646779887722 31.35719202226935 16.972381665166207 10.687882462450608 12.700151879987613 64.22443767250968 8.102830255887804 22.716307116944414 19.172927863911937 10.63857561472277 23.9977364669039 54.97339475809165 43.176184406275084 38.46328721906369 1.4397069270469294 25.041290174868376 23.848147460164174 20.39594576642929 10.588245926403905 44.79718551933698 9.386979206149743 29.05077375615697 12.290036068099752 0.0 5.826261994155921 66.66076914888387 16.65528108426616 34.742236343740615 25.70267825224063 46.934591195199275 21.566066245882467 17.140866568093173 45.954197419424204 43.36536476755454 33.963422493406064 89.95750944204676 65.54419935587373 53.80082055143303 62.35232292557271 85.29884943696035 76.34106339389588 45.30392396727871 25.91861175469888 41.060256765665315 71.37896243163691 71.79831692805278 37.22455016740786 3.345187775526704 32.11802845701249 66.68432759877558 77.93274685521007 47.913934587292246 30.212808995133088 43.87162103073391 73.01685449895527 92.64690827813175 69.15654213303408 58.108460754589075 66.07077484654532 88.0277771605
59.36906393811988 35.0009622597301 12.043102444845877 36.711830155123316 48.905414437909045 16.376490349058802 26.298870259838676 20.726757999401812 5.018145324808921 13.710735357163157 58.740270417509784 11.44014068324466 22.917759576755962 16.380484932400236 13.173419614263024 18.171683148761524 58.49828033224177 40.897191324896326 36.33762504311882 6.873138664411943 21.22575466972757 27.840424159812397 16.50150210629343 15.081976981631628 48.11351399192459 12.057597661097157 23.494454659859663 15.515082146488695 5.826261994155921 0.0 61.13087065631511 10.832537640140806 39.48376566255443 22.033521171351815 46.001029404610684 15.76013931013201 17.81665267589997 43.26101821517805 41.895759589759734 35.06558933622916 93.81723100047878 67.91772877392005 53.092027370147015 58.47657051286161 80.09404264680346 81.31389786379702 49.42885444269158 25.871140948336194 35.920228748799545 65.62051774892409 77.53201241937936 42.98829438982902 8.923460522627487 26.57286264706468 61.05292867035841 83.6629911074944 53.17139681120927 32.39959796713124 40.830204629909176 68.40549995288015 97.8608341421222 73.3537144724097 59.8295704959459 64.6001013675973 84.62596646077513
6.320801535638422 92.66948134698626 62.98627777264846 57.73614058154793 95.00626011644769 75.76034203287752 36.09718663301681 73.02728963450764 57.30299362699229 63.371240274815705 2.8452263923140793 67.40311273988408 61.48605031757226 52.337598133251504 72.5451819379972 44.45449005025862 98.20992765934182 73.47540761722904 49.22100128915393 67.90558902808304 58.92147541370823 78.36698700930683 58.876209560672855 71.58250616351143 88.93299843778556 71.79741964174934 37.637085511468406 68.90246171225256 66.66076914888387 61.13087065631511 0.0 51.21981750270687 90.85960431817983 45.64589997110751 59.07270271657362 47.28815610802297 62.74374264417364 71.7673203108321 54.15387816275857 86.10608890605623 130.91228901737293 96.83807061399192 63.34069207295511 32.269513046993815 21.574209614476242 129.6297364312072 95.11323672463885 60.69629499876794 26.765758840543192 11.9843506069649 134.29927825495326 101.32924205547319 69.95544468336833 43.757776189374006 36.4767255223654 144.34416964282178 114.19633977089835 87.41364519122396 68.09011205494451 63.45201337614362 158.7467707616384 131.77986986495014 109.20634018268532 94.23804507353083 90.72093096963508
49.04008436799413 42.31776153336973 13.42620553361905 38.03999486622731 57.6923560218789 24.61180133605836 18.535833610429147 29.769101741357733 6.212995143722726 20.73165783122675 48.96454680221863 20.965733618417804 27.272875158431894 16.693341307652286 21.36246322750546 7.354065076900917 66.23838618500191 38.22357914932142 35.18345595378609 17.622124483504418 16.93588670306638 36.827401760098994 13.157942554650884 25.09117586436624 55.70671492663964 20.581658467056297 14.04986674544931 24.459237766008165 16.65528108426616 10.832537640140806 51.21981750270687 0.0 49.12417585218812 18.91299343994269 46.669683815362276 4.9791461865507 23.615504985347375 39.60748220614289 41.72910710986573 38.98452250277737 101.80308762835782 73.74595489800772 53.92464742629808 52.650487752785864 70.93013919028245 91.0326994300802 58.14323768382553 29.48159125700668 27.43240364673277 55.052281776012826 88.28603466966878 53.78321178628362 19.639187713575414 16.541323698847446 50.56072544012628 94.2672345145367 63.043534428458145 38.17716416744114 36.54226861402057 60.066728128245195 107.52931048702239 81.40106909892017 63.9100695489848 62.750628949578065 78.6483781268714
91.19225100651258 50.08271099132064 49.19659668430443 38.618450380874066 11.597466903643465 40.629346187736296 55.70775198323283 19.46146951508385 44.37971727411844 29.271772757455658 88.07883507264279 28.23872450299038 29.435485202373293 39.20237135429087 40.539349274273995 55.68017695953497 23.9714686519067 76.07402257062847 45.796810612388825 34.67781671085983 59.713951208999 12.803518765416891 55.1155824017141 24.406743105306496 17.039918615039586 39.752327567477735 56.91831078603543 24.70246635190674 34.742236343740615 39.48376566255443 90.85960431817983 49.12417585218812 0.0 45.34045823519626 44.79718551933698 53.96639244459281 28.514708532189964 79.37598292769631 45.42833720071162 60.127506627662434 56.37005290532862 39.499267794001554 48.34900105959546 74.22859358707723 105.24716985596342 41.91376320106574 12.345477796629158 30.706842833547235 64.2515499423027 98.53154439826216 44.055561630854484 18.298911251761723 33.52098315081741 65.63010731178709 99.42743170721504 61.073392447525805 45.90751265389876 53.66427005078101 77.76259866275964 107.7450849408194 84.40297294000995 73.9611936313415 78.81244933664559 96.6814039075666 121.97513366815664
45.86390303821546 56.97548657919525 31.256966234767017 20.65228213498731 50.60021910468131 38.33025273734829 10.831848314683205 27.494290637347202 21.397248062313984 18.24077958338878 42.90452198567405 23.26436808934027 16.371981601007217 7.173545388029147 35.18107698389693 19.539661718552466 56.12153899261047 57.013609525288 16.37353485003315 27.141291574667946 35.74549344692518 32.741604446317915 32.06523249943316 27.0306533134588 45.9225395496506 34.03103158397372 14.550055930376903 23.804184657595936 25.70267825224063 22.033521171351815 45.64589997110751 18.91299343994269 45.34045823519626 0.0 28.40680632729704 20.257131381284527 17.106797698136802 58.142372752390635 23.152500467458367 56.45166829128551 91.1100506287154 59.891351543526675 35.60535498820101 36.65164755363091 61.755808499078675 85.36976890040388 50.825573852394754 16.53283383995231 18.92840072953768 53.273710548641766 88.6600143935721 56.13001023966771 28.90330539142148 30.25007754800201 58.22006902114957 100.09400923595244 72.72522735647189 54.34986970384367 54.89680878215495 73.94736321829572 117.31373116157084 94.85914885215368 81.41704003039541 81.57168859984465 95.25689498446351
