0.0 73.13117458758343 23.384064613182332 73.28640150649234 56.614222643221375 75.05418074224227 44.11400286048634 57.56446412727421 63.46756916384932 101.22035139729367 45.656968939424964 86.95247253102015 88.9444456314131 61.92838718753046 55.721669309836 58.119815869696005 64.37120435437525 46.07885076131174 4.94557071625122 64.84805217828942 2.839708831488795 65.46970614126185 32.947351902106355 78.231981618234 59.48655680675248 55.62969014529202 81.18170809354145 58.71669195068188 81.81568135411011 96.15096511842661 41.629420597914766 83.00196019535296 91.28323602979673 101.71227582272118 48.436491202202504 98.21363953975255 58.29854881093664 64.99726732465666 17.166790907092757 58.643292006489794 131.42039950476988 113.18948236450748 103.667943759505 105.2467213093499 117.4791397074408 110.46702118269208 88.26136045824819 75.97312940889186 78.41242693539388 94.44492927989607 93.392015411434 65.88744192973097 48.528879208802316 52.5714740436563 74.61419638010146 82.63678274677802 49.65197485182585 22.285565760107616 30.377975024113624 61.18695434983169 80.76743795727444 46.50447510682803 14.028768502762171 25.015984018979974 58.73368315674421
73.13117458758343 0.0 49.996049388285904 38.864690426679005 50.703871359454325 64.22312287528874 30.692984150924183 17.150283640339246 20.0427911827666 28.117359161691468 29.817648539083955 19.095526679851904 20.848208394903743 28.363234655451134 30.1468577273482 15.011361929789995 15.857719020248398 40.84502940692681 70.63288871558339 18.23053293327905 74.9746262778511 9.532120155850738 43.91761309068659 48.767997408518816 47.6224511310746 28.18308929236371 43.138609770086305 14.438594079398262 32.014947930945915 27.26608523187384 32.0053668890457 18.003363246013922 29.428892391373246 47.69986079246545 27.855472741738065 38.401169508462495 23.030326874271022 10.336713410450596 88.8779662428819 17.81665267589997 83.13786478109014 52.34893126233715 31.044379317753073 39.77352397529829 67.78605882310278 77.48213406150884 42.89909829123294 8.487550118640891 26.431018088107617 60.99191146924912 81.75621228101609 50.14655805611042 27.205101554649925 36.883587731418444 66.14772683034211 94.62376593683378 69.01743163023811 54.47891490763309 59.72684474431339 81.00269939510108 113.19049341037123 92.66277231473549 82.19132647603948 85.55210181735043 101.37866296588118
23.384064613182332 49.996049388285904 0.0 52.75983322305488 45.531919102473076 65.82662743668199 20.80717484263586 35.215889787505 40.433420492577625 78.11329171854358 22.426809828704236 63.60057065700646 65.59704874431985 39.873449157088395 37.087874799496255 35.01935165642963 42.739983492176314 30.980463564509034 20.637666499628164 43.708453051151 25.033675217767346 42.11270866378678 16.374764749364562 59.281442704118476 46.921240274210994 36.33616318123013 60.80134044974242 35.67569810573744 59.697460432329514 72.8117852697294 18.254024489692146 59.70450430590435 68.31918264503479 79.91085137208074 25.261469388941062 75.59411883495171 37.749469450811105 42.43152159549557 38.9284222509602 35.28721293594022 111.38203710959071 90.73154045913928 80.33178426110823 84.0767957187808 100.39595848748037 93.00318852058761 67.15918458455378 52.59201763280217 58.44900178609192 80.38316084246905 80.5133389133361 48.611418056479806 25.270243077490136 36.17932285669092 66.13731637212226 76.8407192286209 42.31403187057676 8.444677964071682 27.331337506510533 61.7862894587147 83.16201830827495 52.845159711001614 32.62108467999782 41.5992075873776 69.22201689741442
73.28640150649234 38.864690426679005 52.75983322305488 0.0 79.76380841669366 97.45882548546746 35.60519383523272 44.261357356940344 21.34847497792803 54.6196327155438 33.743110620178925 32.52627482966562 33.48223416188196 15.092266799009455 59.685553024475354 37.82975012586388 49.85455983098184 65.23891148571266 68.9241936684035 52.696333168238205 73.77674911472697 32.23008664989936 58.7855705197116 10.038178973853531 78.1525914074838 57.48397712527908 8.043175251894745 38.492568350140694 13.560900223446145 37.950997281347355 39.62119830741296 28.39282794198329 27.373144723864293 29.48667935711298 31.284018057147478 29.786895871233536 53.527985316188925 43.552701177881886 83.92413383316135 28.701227198924954 58.62289757063236 42.624830292097705 50.91097731045552 75.90651144095749 106.42597785140842 42.849520674155286 15.198712083530317 31.949504396833117 64.84898895580695 98.9184637013661 42.900611738959434 15.34085109535984 32.01673635861312 64.88182774650372 98.93979081348684 58.734887984887436 42.77731290338052 51.037526307573124 75.99064971044427 106.48543446683362 81.63310257369207 70.81369951344442 75.89435600156668 94.34025194700835 120.14561843592953
56.614222643221375 50.703871359454325 45.531919102473076 79.76380841669366 0.0 20.366626274245743 46.95035464494661 36.60086397402036 59.02350001975 71.10125303804391 48.40483295221464 69.79129023533045 71.50029515195429 64.77435826339206 20.982736704173934 42.754516418937435 34.84734423054864 15.75863479129089 57.82137830311878 32.62250607646248 59.43589836719842 50.72934766244568 29.244462836126306 89.22552458679988 4.384003705943905 23.162208482757187 86.71865553179796 42.32521994968216 78.97871217515889 77.5289519700888 43.40750960980338 68.41930197680885 79.85030422128511 97.38611932355708 49.98156020817992 88.81788471993521 28.075327313867344 40.80735672420003 73.1529942743557 51.30081502342026 132.74584597867096 103.04536967747747 77.52432382015627 61.615560885261125 63.069151665475516 122.46749731170777 89.55057307230682 58.610206701211844 35.2964796354908 38.096726543357896 118.09558457359515 83.52998431289352 49.01839909754384 14.939966804528538 20.939335075981997 120.27617217787964 86.55788608102469 53.972416817559626 26.992961993226253 30.64412346855322 128.67645298455315 97.79725748546392 70.46830379008553 52.555345656562004 54.34290318757523
75.05418074224227 64.22312287528874 65.82662743668199 97.45882548546746 20.366626274245743 0.0 66.44166946927021 53.24848077165187 76.22269049824591 78.84007692829695 67.75614114884475 82.65014111703368 84.10363182982731 82.79442853951541 37.82561450579163 59.67242951539713 49.055129203194255 35.910540878788765 76.8322025714495 46.337867886719515 77.8934846170174 66.55968378313047 49.593041408525615 107.22147536570628 20.068594125130915 40.005403994978415 103.90439811689427 59.06297195428042 94.9150748481709 89.2001223872923 63.11170679571144 82.20169278187674 93.56383205479254 111.91735997677323 69.04136822666565 102.49040143374364 44.01958382034533 55.54840176021866 90.86767972844501 68.76014091936354 147.36073742587809 115.71661342553797 86.37292381908902 62.6500516922956 52.769078526634814 139.6102288529516 105.76688611964428 72.64361087464356 41.980900484518926 25.348365107748403 137.22248614986012 102.62413232702012 68.03138021854996 33.46160756532319 2.4380309925928683 140.47138164845558 106.89063294575266 74.2552556586298 44.68686392422502 29.57745518972275 148.98845320277636 117.76360754269179 89.07168940763728 66.28766830171101 57.001180764426316
44.11400286048634 30.692984150924183 20.80717484263586 35.60519383523272 46.95035464494661 66.44166946927021 0.0 19.726603120356295 19.835038524691335 58.51058473886994 1.8951345339906016 42.843808346633345 44.83302639417781 21.00454404088681 29.949948378925324 16.607897139572756 28.16486659698308 31.396624123408895 40.96081974404874 30.171374881624438 45.58083023624161 21.949076016783508 23.180511838604723 43.961317343200065 46.385292066605345 28.14662787069329 43.44283835387953 17.48027227227397 40.03623848262405 52.0371030909691 4.0213805101538025 38.90189892985233 47.66517165873469 60.357641229952264 4.712761052306964 55.22180688358308 26.580948506318922 25.34137056326544 58.857473756166904 14.557560146660734 93.36391186647032 70.44904699841005 60.03415732787136 68.1169252771166 89.83604294315185 78.07347290189158 48.63941429134641 32.10844579694656 45.7268649471935 74.46995556333157 71.17468490211174 36.682671280749766 4.500562020821569 33.01129851360708 67.48400318180441 75.01989528928146 43.61884874343527 23.91791127617864 40.452097988841565 71.3829196743632 88.21497489298329 63.53516716815805 51.830057078271444 61.080224664164916 84.67605654142737
57.56446412727421 17.150283640339246 35.215889787505 44.261357356940344 36.60086397402036 53.24848077165187 19.726603120356295 0.0 22.975704186830423 44.27078457766161 19.88296491932579 35.26564895994562 37.182197078534756 29.901113125572365 15.74533298673794 6.432115265762421 8.438680976539302 24.461363595417478 55.6011602171116 10.566821127958743 59.639735409734406 14.22703366604649 26.94084824366602 54.11766947174251 34.38014667633007 13.524786273791072 50.6742515718801 5.825743349472315 42.38185104507557 44.010670977839936 19.04679959965151 32.96668441649941 44.13698647967478 61.008883731458 19.507586915943218 52.978702888533405 9.26793771129642 7.517916799997705 73.9566430605662 15.648745157729559 96.24467346907133 67.73660892522066 48.044490172965375 49.225112635279054 70.23364024859879 86.41925983043174 53.00934921230652 23.378239269055832 26.03730731090353 56.6055563169201 85.20254720168279 51.02053932996099 18.48158989460663 21.792091323190075 54.8003072175228 92.9333409562597 62.98867402124629 41.15053002163943 42.59090349186515 65.79840326706626 107.70146281818835 83.08637455011701 67.83697437080457 68.52104394144654 84.75364740779649
63.46756916384932 20.0427911827666 40.433420492577625 21.34847497792803 59.02350001975 76.22269049824591 19.835038524691335 22.975704186830423 0.0 43.60490271273616 18.078372187541255 24.480044196316772 26.354521225968842 8.36219221952593 38.56289247504692 16.55062826534788 28.623400960718225 45.19534684225352 59.9557291575004 31.453029585463934 64.71134952410206 11.535946961232064 41.3934891567718 31.30383321748603 57.14848624249843 36.34619184448751 27.753631064431215 17.174358647647395 21.025226156754083 33.33482230903737 23.259530442489833 20.094178376854448 27.886026045598488 41.112507096481785 15.206055295362923 35.40823705724623 32.22755019568191 22.481170400070773 77.27707888694489 7.773052955177493 75.25108603318441 50.6528318225007 43.16840935883607 59.63331731692403 87.42752583706597 63.526244720528084 30.8789290968057 16.31818016183607 44.428684351514015 77.95115926227477 63.27871663745993 30.371181857776623 15.345105099891244 44.08385950179291 77.75700573915938 74.62281403581704 49.723358988401394 42.08421411206968 58.86060074346176 86.90730783931335 93.42697477932715 74.85606648521504 69.80702854228541 80.8540119591728 102.93920893446582
101.22035139729367 28.117359161691468 78.11329171854358 54.6196327155438 71.10125303804391 78.84007692829695 58.51058473886994 44.27078457766161 43.60490271273616 0.0 57.454857111923786 22.093415267609682 21.267138283668825 50.54214783788788 53.35929588159371 43.11483818961092 39.55392841456403 65.33167519650898 98.749794759014 40.55092516234287 103.08633366406745 36.60485007335799 71.14668685083282 62.65993191806775 67.15366776283476 51.95051767840125 54.919358750850435 42.50391188470765 42.27266209560678 19.305820458925133 60.07380486068127 26.357221887932777 30.317365236107975 46.376708953258635 55.20809198227886 35.7715225375666 47.19050801778668 36.770084284452054 116.9842923178985 44.61287254957639 77.47660857206344 42.889209333182414 8.437892654911233 26.4152634194844 60.985150687852254 81.8282809727713 50.26289187098423 27.41696613064697 37.03866580909668 66.23349982055171 94.75279029962867 69.19259775713094 54.698600900629074 59.925414799560514 81.14783286866434 113.35415942790301 92.86079043824695 82.41243733952663 85.76255444110649 101.5546362710763 135.31026840463966 118.4595740793379 110.23198264300154 112.53500192908064 124.78694112435477
45.656968939424964 29.817648539083955 22.426809828704236 33.743110620178925 48.40483295221464 67.75614114884475 1.8951345339906016 19.88296491932579 18.078372187541255 57.454857111923786 0.0 41.35582349626861 43.33608775514892 19.111263590269616 30.955321537410395 16.19209084657753 28.287561805166604 32.93318336914499 42.402173814986746 30.41993249141644 47.062465846258505 20.85036012626658 25.045278559050683 42.16830758130999 47.722461606914486 29.083142006692086 41.566018373224544 17.099569846612763 38.16621770074125 50.524231201202 5.880527481732578 37.347701265550164 45.94421932183432 58.489201065456975 2.880884688074052 53.43185113070153 27.215578723042796 25.054063549422043 60.186982342020364 13.169871849924943 91.4688370553737 68.64861638987263 58.766516161375 67.74334522009525 90.10884934941492 76.25953327601903 46.74431651977937 30.812036419958375 45.91914415616015 75.25018114101992 69.69091764431896 35.14461415458448 2.8841050584256402 34.29790774740544 68.84205942341765 74.09808162561961 43.162777021838735 25.1071098142263 42.3385241796118 73.14079791434459 87.84409653194955 63.785886992258646 53.061214819293 62.905840049459265 86.56555874857749
86.95247253102015 19.095526679851904 63.60057065700646 32.52627482966562 69.79129023533045 82.65014111703368 42.843808346633345 35.26564895994562 24.480044196316772 22.093415267609682 41.35582349626861 0.0 2.0122046649236767 29.930256895268236 49.21087745829322 31.137578304133676 34.94472392425193 59.57637345985823 83.75693193808397 37.2389143707326 88.41328297798273 22.3856775197987 60.81164754034267 40.74011551816855 66.65299490033877 47.2108524310896 33.2122502697431 30.965622558327876 20.482767772175063 9.235730262003775 45.48062830497734 4.6170620758620355 11.450075394512906 30.198510796803948 38.66094815377062 20.02221866686843 42.06895420313968 29.258673980654628 101.42013190858454 28.313478701914097 65.12724842674073 33.304289478487945 19.277989597650677 45.04391239075364 77.98150536619661 63.31233830918355 29.634606582528257 11.950737052434425 42.4533015038428 76.52841292427944 73.28574472340057 47.2022056433215 38.47235619137884 55.919784511724345 84.66846251054538 91.2607542934177 71.82348705943478 66.20778087635014 77.47964984716049 100.08741662974406 113.49651069913432 98.33482207123404 94.08877414687466 102.12902872502465 120.01108487406309
88.9444456314131 20.848208394903743 65.59704874431985 33.48223416188196 71.50029515195429 84.10363182982731 44.83302639417781 37.182197078534756 26.354521225968842 21.267138283668825 43.33608775514892 2.0122046649236767 0.0 31.587772384615533 50.99155309006259 33.122793339516676 36.66622615704788 61.45151684202786 85.73458464665443 38.910128278958204 90.39667864425897 24.388157679265657 62.80661582890925 41.397096417871964 68.3136480301856 49.01002702681955 33.71557788994893 32.94046422361889 21.025226156754083 7.22662282270918 47.48571098568074 6.31568563405755 10.688087850932874 29.27222916533828 40.63184716482813 18.875185504428735 43.86206243295402 31.075395341510358 103.37482963306209 30.31001070364987 63.93363070849662 31.70105410623332 17.81161897785749 44.9933323182853 78.27129345317665 62.94115767729731 29.668051298644635 13.915778278500603 43.611422603362904 77.49267808632791 73.69822346196693 48.337722733774164 40.45325676993524 57.71672005828435 86.14404687233437 92.1788567472738 73.30688858134941 68.15880095324574 79.448778049767 101.84968566786898 114.70812843550914 99.9605556215745 96.0257488294031 104.13668904267654 121.91238401760025
61.92838718753046 28.363234655451134 39.873449157088395 15.092266799009455 64.77435826339206 82.79442853951541 21.00454404088681 29.901113125572365 8.36219221952593 50.54214783788788 19.111263590269616 29.930256895268236 31.587772384615533 0.0 44.96888595195753 23.54829183275158 36.34918573948843 50.15074367927704 57.98110690080938 39.13690909708883 62.83193298039489 19.832351116025652 44.070519188538874 24.47873605942528 63.28949454678659 42.79267498651477 22.616672152808533 24.31397210180762 19.903839951798155 38.023718102353435 24.962281389828963 25.32058293355704 30.400599097553066 40.03877638324837 16.46995712113434 36.45336435276364 39.126860836010195 30.45282556578561 74.4518236404379 14.281379433855983 72.37534185809263 51.28105014534834 49.15397207092272 67.80332372520853 95.77723798785925 57.94174077384595 27.677954398844424 23.86923378321281 52.614245304829424 85.7999103865987 55.45367885858782 22.057298932579858 17.11114162104265 49.93906980588516 84.20144305575332 66.27067025144844 42.32171945475081 39.815592606064634 61.43502394015741 91.42248187884714 85.48241860226007 68.40910008250843 66.68685651517154 81.29722912629371 105.66982950459742
55.721669309836 30.1468577273482 37.087874799496255 59.685553024475354 20.982736704173934 37.82561450579163 29.949948378925324 15.74533298673794 38.56289247504692 53.35929588159371 30.955321537410395 49.21087745829322 50.99155309006259 44.96888595195753 0.0 22.06329603647254 14.519065000157157 12.13419371849732 55.09596677274843 12.89114240026392 58.24129834185352 29.766435369767695 22.799463339189256 69.40565925617999 18.63640656757293 2.2225164531616377 66.31366366739708 21.547667356988804 58.09408192722364 57.31736438532132 27.306221410209677 47.58896027921197 58.98520235250218 76.40653412742795 31.796945732760378 67.93442128261027 7.163239548302977 19.99602263229074 72.85980737827764 30.990464288001547 111.76417552358683 82.33011189944878 58.82234739061934 50.36560943331872 63.30975840237874 102.08210110093076 68.7517688155998 37.78492476129891 22.878807602979723 44.877874389431945 99.64815245678768 65.11772727060244 30.752827459367346 6.782939159405364 39.25727965074777 104.96788002611585 72.93019512348478 44.879883222572936 33.23292809609644 50.88697413137062 116.98802345926816 89.23132064225517 68.0664490680023 60.816415142475094 71.82627075376307
58.119815869696005 15.011361929789995 35.01935165642963 37.82975012586388 42.754516418937435 59.67242951539713 16.607897139572756 6.432115265762421 16.55062826534788 43.11483818961092 16.19209084657753 31.137578304133676 33.122793339516676 23.54829183275158 22.06329603647254 0.0 13.33149964576472 29.813375917918666 55.65579504498171 15.95649909284643 59.97157221185494 8.926155108304764 29.715470063383382 47.694854796446954 40.68928286400019 19.841596840365426 44.27256363949412 0.9466494225855001 36.286212269251294 40.20399372087932 17.24604026067214 28.276487025702302 39.072881106859406 55.318379858574716 15.031814348754057 47.750048102285376 15.698332034488454 8.917959316421253 73.93241178463302 9.268116921618818 90.37285463013404 62.73766694236941 45.82130128455579 51.55563256164691 74.90787438859985 80.03101530783952 46.79653391034788 19.22801336554407 30.73054095188148 62.56088661151947 78.93903446171187 44.92124357669623 14.117973208902596 27.849026750330044 61.210060404345114 87.44418810936668 58.481042543248385 39.854779729210804 46.385336320830866 71.48160750696007 103.19993745758335 79.9761075427659 67.35648037559471 71.22064381581171 89.45742980928553
64.37120435437525 15.857719020248398 42.739983492176314 49.85455983098184 34.84734423054864 49.055129203194255 28.16486659698308 8.438680976539302 28.623400960718225 39.55392841456403 28.287561805166604 34.94472392425193 36.66622615704788 36.34918573948843 14.519065000157157 13.33149964576472 0.0 25.985065726283228 62.771171476632055 2.845226392315494 66.59279525726764 17.826426964902755 32.38256939985039 59.86833705932853 31.79848553765224 12.744508039864185 55.570514109331896 12.426376749673562 45.919584837783844 42.85121394598395 27.376748682671714 33.69563922887213 45.147996554194705 63.099503764599504 27.758933266188517 54.129333253191646 7.714581635903459 6.521965063560873 81.07731419950179 22.23414358918472 98.56784277194788 68.20548128925066 44.532909497622654 41.342431965029306 61.88729785148554 90.98532149758957 56.81466415596381 23.923530015196164 17.652659963449018 49.45451859388502 91.7852218331009 58.07547386572488 26.755251190425913 21.302003466675536 50.85819816938711 100.76807983895151 71.32000534548351 49.12938319735457 46.21325900715739 65.21081357195044 116.04855272942467 91.48308652026027 75.27148160066965 73.19282111364787 86.27476154836654
46.07885076131174 40.84502940692681 30.980463564509034 65.23891148571266 15.75863479129089 35.910540878788765 31.396624123408895 24.461363595417478 45.19534684225352 65.33167519650898 32.93318336914499 59.57637345985823 61.45151684202786 50.15074367927704 12.13419371849732 29.813375917918666 25.985065726283228 0.0 46.21782619631009 24.780985118163226 48.760233555734 38.51105453214945 14.71229766548832 74.42223451373917 16.17043205557515 13.381239086005852 72.51359226017166 29.613738950002674 65.85470857952188 68.09243842290569 27.747950953171756 57.422943375804024 68.58620670134518 85.1299275306404 34.70734121892165 77.39679073507557 18.270761087693323 30.508891227424495 63.20621698065448 37.42991629900402 120.09478068848207 92.19751146889384 70.51797502121188 61.96747042881614 71.42778795861915 108.08445300960761 76.05964525638915 47.77783613466941 34.28126238535688 49.62378070891676 102.5667968412456 68.0694824054338 33.79074766223613 6.710319827731475 36.64827047495261 104.5749466690791 71.03239920186935 39.371685453879145 21.201488354845562 41.75790003596287 113.71077392869913 83.79431867179578 59.225358061116985 48.873363875234816 60.53408807629742
4.94557071625122 70.63288871558339 20.637666499628164 68.9241936684035 57.82137830311878 76.8322025714495 40.96081974404874 55.6011602171116 59.9557291575004 98.749794759014 42.402173814986746 83.75693193808397 85.73458464665443 57.98110690080938 55.09596677274843 55.65579504498171 62.771171476632055 46.21782619631009 0.0 63.45362575809804 4.866994081983845 62.63786531989698 32.34996678241938 73.62227890515416 60.41107026542673 54.808127045363065 76.76907396945646 56.30623474753853 77.81583160239929 92.9127325648493 38.78797174818695 79.70341267261006 87.65080084475987 97.57203850215967 45.110867186892065 94.37752264620406 57.089390369547665 62.928383929345635 18.355973932847977 55.51668209464301 126.87480184465299 109.26019430892039 100.8613921865251 103.937031257968 117.59017032871702 105.6662955491229 83.97170929839207 73.01972732534125 77.5065407907823 95.27537888594956 88.44683803506732 61.15088890992815 45.286138521300366 52.5076427022236 76.53813307183891 77.90916452210669 44.74963463513342 18.167843414347413 32.441641753701155 64.57320307976129 76.85343539874619 42.902719656318816 13.026441363703496 29.89289204324572 63.34298551704772
64.84805217828942 18.23053293327905 43.708453051151 52.696333168238205 32.62250607646248 46.337867886719515 30.171374881624438 10.566821127958743 31.453029585463934 40.55092516234287 30.41993249141644 37.2389143707326 38.910128278958204 39.13690909708883 12.89114240026392 15.95649909284643 2.845226392315494 24.780985118163226 63.45362575809804 0.0 67.14292111235594 20.665599811039524 32.4324418589314 62.70809548123398 29.414446839595545 11.399747503880231 58.41135957907751 15.074923127325176 48.69936265110035 44.91849529366649 29.09016789781139 36.18320012090034 47.630489578265276 65.70379698590293 30.065096989656617 56.60972978645744 6.88006884586731 9.330543556048006 81.6938592637499 24.97702632698758 101.17368417284392 70.5377963054326 45.93333641397272 40.48439735791086 59.69024889970113 93.8079861271201 59.60373135002001 26.459841543025803 15.572203832698685 46.687425973509605 94.58341866346544 60.80581323714964 29.0434132433729 19.609739274170913 48.170665224616364 103.31679668300374 73.55133438309859 50.39893892580461 45.44362709845267 63.12693075671524 118.25756400489452 93.21942932013098 76.08958545060611 72.692093662989 84.69597631806242
2.839708831488795 74.9746262778511 25.033675217767346 73.77674911472697 59.43589836719842 77.8934846170174 45.58083023624161 59.639735409734406 64.71134952410206 103.08633366406745 47.062465846258505 88.41328297798273 90.39667864425897 62.83193298039489 58.24129834185352 59.97157221185494 66.59279525726764 48.760233555734 4.866994081983845 67.14292111235594 0.0 67.13645484429601 35.44505852240099 78.39424381420805 62.28597018503558 58.096334089460065 81.61127769272805 60.59457203265462 82.67452539619741 97.58658560256593 43.27205381756093 84.39591790488707 92.44502154074974 102.43896337641495 49.79888320906789 99.21529700883005 60.65053798389832 67.03331997821682 14.626522145573675 60.13667226420216 131.6706550367005 114.11256484819974 105.36048476253477 107.5854278300337 120.17926215096536 110.26848569798588 88.83257848249853 77.57611095610262 80.86789791969511 97.2415485678865 92.57151048846613 65.83730879583752 49.94421845953843 55.21870823500068 77.4505879515689 81.04568812423732 48.49591958594253 23.024996394004962 33.21584397637605 63.80658048190208 78.46024737681867 44.08230618043616 11.195648691490781 26.50073419285303 60.614262410687225
65.46970614126185 9.532120155850738 42.11270866378678 32.23008664989936 50.72934766244568 66.55968378313047 21.949076016783508 14.22703366604649 11.535946961232064 36.60485007335799 20.85036012626658 22.3856775197987 24.388157679265657 19.832351116025652 29.766435369767695 8.926155108304764 17.826426964902755 38.51105453214945 62.63786531989698 20.665599811039524 67.13645484429601 0.0 38.442393097777114 42.26790764103052 48.304862395798615 27.5710508061885 37.746426486451405 8.947722106672314 28.423465858009227 31.54618050245454 23.86442696126538 19.363654412524724 30.17488198950272 46.78186146261942 18.650040051222277 38.90737945796285 22.828417016586883 11.380905569259147 80.70617583118984 8.311163587331082 82.0402254432273 53.83780656771391 38.22624954562322 49.18138678488477 75.96839718616039 73.19579636180674 39.21921391430272 10.654636096226495 32.920331042216105 66.69953160851166 74.67136391945938 41.88472975056161 18.102396794264333 35.998765811320126 68.25667510904746 85.93689587091782 59.55710333619805 45.866767185120494 55.27463609251962 80.01014777421848 103.85342373614695 83.16368108358924 73.7672677316606 79.76070106847827 98.37010109493306
32.947351902106355 43.91761309068659 16.374764749364562 58.7855705197116 29.244462836126306 49.593041408525615 23.180511838604723 26.94084824366602 41.3934891567718 71.14668685083282 25.045278559050683 60.81164754034267 62.80661582890925 44.070519188538874 22.799463339189256 29.715470063383382 32.38256939985039 14.71229766548832 32.34996678241938 32.4324418589314 35.44505852240099 38.442393097777114 0.0 67.00086682963938 30.54713993199554 22.69130920137302 66.6042080172413 29.983147753908817 62.34317349026904 69.91452635194956 19.165251595052577 57.71387438183478 67.97378104339528 82.50598411778253 27.601141286465666 76.25145630134583 25.6720254692853 34.39291832303653 50.06734970663835 34.26330055654112 116.24882471593548 91.47243303217385 74.93581691649928 72.51414487474301 85.41650692398728 101.15766506740866 71.52932197128092 48.93701519243588 45.47566234502 64.31218493499361 92.38525156459797 58.602129541844114 26.985809326148587 20.423213783132454 50.00830786566532 91.76257943848285 57.62464482883507 24.812900609410807 17.481762505178487 48.89167252777046 99.44289116592496 69.10586619121177 45.356105834181626 41.63598668794918 61.68271958376322
78.231981618234 48.767997408518816 59.281442704118476 10.038178973853531 89.22552458679988 107.22147536570628 43.961317343200065 54.11766947174251 31.30383321748603 62.65993191806775 42.16830758130999 40.74011551816855 41.397096417871964 24.47873605942528 69.40565925617999 47.694854796446954 59.86833705932853 74.42223451373917 73.62227890515416 62.70809548123398 78.39424381420805 42.26790764103052 67.00086682963938 0.0 87.76755927983375 67.21770869115315 8.161561590946606 48.38518870583697 20.399999975429285 44.82233189966424 47.96902981711714 36.98662305782762 33.58518537368093 29.8092723428539 39.95046786270415 33.49719150794148 63.38396402578772 53.584230382223865 87.27494435001013 38.49300980590501 53.33089843311463 43.732865240599246 58.10128542221654 85.05158625110546 116.13183185104617 34.16520229382991 15.84371270705159 41.58888337791273 74.85383766077132 108.95599390551342 33.15965522057475 13.562667631078176 40.782107554304936 74.41280645291297 108.656349819185 51.391571704302855 41.36829095599824 56.3595458090548 83.88255100618447 115.28654463491343 76.10365295744968 69.52053374259171 79.17829769342423 100.49905787342927 127.77197670745497
59.48655680675248 47.6224511310746 46.921240274210994 78.1525914074838 4.384003705943905 20.068594125130915 46.385292066605345 34.38014667633007 57.14848624249843 67.15366776283476 47.722461606914486 66.65299490033877 68.3136480301856 63.28949454678659 18.63640656757293 40.68928286400019 31.79848553765224 16.17043205557515 60.41107026542673 29.414446839595545 62.28597018503558 48.304862395798615 30.54713993199554 87.76755927983375 0.0 20.85853768753675 84.90109319992273 40.18366869062823 76.69112718355075 74.17766805525946 43.04358477131463 65.4888012334082 76.93978521392515 94.72220280893973 49.080155267428125 85.92010868797813 25.48348885215602 37.971942929824266 76.23045350399218 49.51172105579454 130.15201973140654 99.95198024104246 73.7295208290837 57.24054424643578 59.25969412021758 120.67434270675162 87.3785625832959 55.7007044566467 31.063850725944178 34.959923259601645 117.28946936482778 82.68581870946886 48.082471037781104 13.48175953705858 21.129270526997843 120.51208397872188 87.15640284527706 55.354805943430144 30.4452022142554 34.416652186578105 129.85099645734198 99.56330299056883 73.2066703831628 56.571875894397365 58.6202436408803
55.62969014529202 28.18308929236371 36.33616318123013 57.48397712527908 23.162208482757187 40.005403994978415 28.14662787069329 13.524786273791072 36.34619184448751 51.95051767840125 29.083142006692086 47.2108524310896 49.01002702681955 42.79267498651477 2.2225164531616377 19.841596840365426 12.744508039864185 13.381239086005852 54.808127045363065 11.399747503880231 58.096334089460065 27.5710508061885 22.69130920137302 67.21770869115315 20.85853768753675 0.0 64.09561777140668 19.32529263024861 55.88185411453904 55.40499075845992 25.658995751050654 45.50914202593148 56.887594847717345 74.24262412386193 29.82350333576034 65.82740689729664 5.154160389082632 17.96055778865938 72.72284912215142 28.78544980246146 109.58518272492115 80.27568549695012 57.221194376764835 49.99150413882344 64.17820411051194 99.86304203785416 66.53284142693914 35.71352427569495 22.784592357380692 46.450667234350746 97.55377841589069 63.046984069873275 28.774267252377726 8.709101563948318 41.45590648787632 103.15656037301481 71.33807734549889 43.95223322482034 34.195153559721874 52.93061915461754 115.52563147365177 88.1427942952826 67.72675411401494 61.639716414235025 73.53078564231585
81.18170809354145 43.138609770086305 60.80134044974242 8.043175251894745 86.71865553179796 103.90439811689427 43.44283835387953 50.6742515718801 27.753631064431215 54.919358750850435 41.566018373224544 33.2122502697431 33.71557788994893 22.616672152808533 66.31366366739708 44.27256363949412 55.570514109331896 72.51359226017166 76.76907396945646 58.41135957907751 81.61127769272805 37.746426486451405 66.6042080172413 8.161561590946606 84.90109319992273 64.09561777140668 0.0 44.85106856110947 12.729630546376068 36.790868869755144 47.44564451120984 29.743169617044316 25.49316306583289 22.8608872142678 39.026842732604685 25.46442256718119 59.88483708522806 49.1162899052509 91.45779767573131 35.42305758824084 50.583623427300246 36.563474050298765 50.09890653201093 77.95987020230214 109.72880393257113 35.77332969135051 8.34566207367091 35.41782151000641 69.52731213264518 103.96405739978934 40.101851951353 19.876223117439988 39.709150180673085 71.78729426443543 105.47445792395854 59.53122280450095 48.09481831177002 58.96664765924991 83.87984532211014 113.97105023697944 84.18458718758475 76.3130550724369 83.39700190073037 102.37762144771695 128.07042871910082
58.71669195068188 14.438594079398262 35.67569810573744 38.492568350140694 42.32521994968216 59.06297195428042 17.48027227227397 5.825743349472315 17.174358647647395 42.50391188470765 17.099569846612763 30.965622558327876 32.94046422361889 24.31397210180762 21.547667356988804 0.9466494225855001 12.426376749673562 29.613738950002674 56.30623474753853 15.074923127325176 60.59457203265462 8.947722106672314 29.983147753908817 48.38518870583697 40.18366869062823 19.32529263024861 44.85106856110947 0.0 36.66614776486348 39.98272073813561 18.011589254425697 28.22094068043016 39.12177311524231 55.5526294696598 15.97121501045798 47.84747872688207 15.054029414016977 7.9843760088136335 74.59980807165864 10.036546494164252 90.67362818990436 62.783489300792176 45.35021628533661 50.65899342534263 73.96513382544242 80.59364383361856 47.23616882655663 19.026954919257552 29.79334708861753 61.70989545537933 79.7330271465488 45.766182731937484 15.052679217397115 27.44949229597487 60.62357552053787 88.36161675754687 59.427585197166955 40.624184019745556 46.51703614037272 71.21916072417464 104.1465868800208 80.88545226940168 68.06736804047864 71.54468652408939 89.43647534432712
81.81568135411011 32.014947930945915 59.697460432329514 13.560900223446145 78.97871217515889 94.9150748481709 40.03623848262405 42.38185104507557 21.025226156754083 42.27266209560678 38.16621770074125 20.482767772175063 21.025226156754083 19.903839951798155 58.09408192722364 36.286212269251294 45.919584837783844 65.85470857952188 77.81583160239929 48.69936265110035 82.67452539619741 28.423465858009227 62.34317349026904 20.399999975429285 76.69112718355075 55.88185411453904 12.729630546376068 36.66614776486348 0.0 24.649390428980077 43.774372936266424 17.10982577397665 13.82141268270895 20.323764032407993 35.328220717815086 17.155254600887144 51.23822974772545 39.40080533907729 93.97632470241088 28.597563058015552 54.29347864341733 31.493312934384573 37.82476659492973 65.3026373760091 97.43199269238737 45.4683986367126 10.931714491007927 23.80092155783037 58.380816459296376 92.97854576227924 52.81837576766757 28.901173928966916 35.71575607638308 64.11546577526606 96.64787122587983 71.51892940681756 56.02779876114722 59.64952950975 79.82364106827922 107.61206317307402 95.09349095992447 83.8503412854317 86.10288209520193 100.95172973597042 123.94965116822858
96.15096511842661 27.26608523187384 72.8117852697294 37.950997281347355 77.5289519700888 89.2001223872923 52.0371030909691 44.010670977839936 33.33482230903737 19.305820458925133 50.524231201202 9.235730262003775 7.22662282270918 38.023718102353435 57.31736438532132 40.20399372087932 42.85121394598395 68.09243842290569 92.9127325648493 44.91849529366649 97.58658560256593 31.54618050245454 69.91452635194956 44.82233189966424 74.17766805525946 55.40499075845992 36.790868869755144 39.98272073813561 24.649390428980077 0.0 54.711126542804045 13.258892668027594 11.390930099911069 27.387200345691678 47.802467635059706 16.659826207894955 50.251772974850915 37.59719228219201 110.49872167570791 37.52683796425777 60.408218489427526 26.75685243502355 13.325094777038913 45.10033100585686 79.28035235959078 62.582493240848756 31.3191539313816 20.977556510563605 47.89649134129302 80.88842574688881 76.03058484368385 53.17758112624069 47.643172538342846 64.08353998610008 91.31451010959698 96.1316313298687 79.09943461827824 75.2787821997344 86.43965536958254 108.034612360055 119.5754698648529 106.14748827481228 103.1064118411702 111.30688065808124 128.6163201956302
41.629420597914766 32.0053668890457 18.254024489692146 39.62119830741296 43.40750960980338 63.11170679571144 4.0213805101538025 19.04679959965151 23.259530442489833 60.07380486068127 5.880527481732578 45.48062830497734 47.48571098568074 24.962281389828963 27.306221410209677 17.24604026067214 27.376748682671714 27.747950953171756 38.78797174818695 29.09016789781139 43.27205381756093 23.86442696126538 19.165251595052577 47.96902981711714 43.04358477131463 25.658995751050654 47.44564451120984 18.011589254425697 43.774372936266424 54.711126542804045 0.0 41.7167708997925 50.901156025922226 64.07780291002784 8.52702585599798 58.656497238600195 24.737685022513478 25.469927721204684 56.93190241104885 17.237127077158675 97.28484050677788 73.90762692292704 62.089562141122656 68.13713687933053 88.45905494919332 82.08934645236896 52.55184284108022 34.34477246371097 44.63476705552381 72.10959221465 74.85427343294583 40.45526312312125 8.059037864968776 29.80136879455879 64.07923834219827 77.83257329598136 45.68586467983845 22.61265010216853 36.47342327390262 67.41019369124103 90.01597883000767 64.1356382590457 50.1865447357787 57.60906159933756 80.70764655241538
83.00196019535296 18.003363246013922 59.70450430590435 28.39282794198329 68.41930197680885 82.20169278187674 38.90189892985233 32.96668441649941 20.094178376854448 26.357221887932777 37.347701265550164 4.6170620758620355 6.31568563405755 25.32058293355704 47.58896027921197 28.276487025702302 33.69563922887213 57.422943375804024 79.70341267261006 36.18320012090034 84.39591790488707 19.363654412524724 57.71387438183478 36.98662305782762 65.4888012334082 45.50914202593148 29.743169617044316 28.22094068043016 17.10982577397665 13.258892668027594 41.7167708997925 0.0 11.452466515884574 29.788056127858027 34.59733939858192 20.433916874934145 40.42709010835357 27.61824804088188 97.24580792474171 24.48101608049947 65.17009207689999 34.807299136205486 23.89141492884925 48.21717332870079 80.46015388071274 61.34892784853094 27.065425189284042 9.810063676145857 43.06728774984543 77.51257327079477 69.83059785194565 42.83622759045619 34.47324587627344 54.19132087055196 84.14170263993728 87.09157083694294 67.22127924167653 62.0261149930664 74.63616674291633 98.43096929550065 109.03863633874762 93.72116871518263 89.84757834399865 98.77354819253591 117.62030831241853
91.28323602979673 29.428892391373246 68.31918264503479 27.373144723864293 79.85030422128511 93.56383205479254 47.66517165873469 44.13698647967478 27.886026045598488 30.317365236107975 45.94421932183432 11.450075394512906 10.688087850932874 30.400599097553066 58.98520235250218 39.072881106859406 45.147996554194705 68.58620670134518 87.65080084475987 47.630489578265276 92.44502154074974 30.17488198950272 67.97378104339528 33.58518537368093 76.93978521392515 56.887594847717345 25.49316306583289 39.12177311524231 13.82141268270895 11.390930099911069 50.901156025922226 11.452466515884574 0.0 18.761043775883845 43.081087398903044 8.981460100662707 51.82829512816079 39.043065844323436 104.61747009417661 33.91425616026156 53.892118327811794 23.664875158240008 24.709128226155244 55.280236271026915 88.86009694779742 52.36631805889998 19.98462929883428 21.245976037062793 53.835392965143924 87.97703974324546 64.65645568223965 42.713105317633854 43.16463271477186 65.54987197512615 95.52596485149978 84.96444166953202 69.5342838590525 69.61208243053079 85.15534342469037 109.78063631651995 108.89240181204728 97.1135155225932 96.94941854701132 108.45284574778353 128.5283037916134
101.71227582272118 47.69986079246545 79.91085137208074 29.48667935711298 97.38611932355708 111.91735997677323 60.357641229952264 61.008883731458 41.112507096481785 46.376708953258635 58.489201065456975 30.198510796803948 29.27222916533828 40.03877638324837 76.40653412742795 55.318379858574716 63.099503764599504 85.1299275306404 97.57203850215967 65.70379698590293 102.43896337641495 46.78186146261942 82.50598411778253 29.8092723428539 94.72220280893973 74.24262412386193 22.8608872142678 55.5526294696598 20.323764032407993 27.387200345691678 64.07780291002784 29.788056127858027 18.761043775883845 0.0 55.64816378166293 10.744098891322436 69.32412216841705 56.77045108612587 113.17795308681784 48.437615964690565 35.470181682101526 13.95043952179662 39.063363900508314 72.47157165143187 106.64502640971598 35.71166821739403 14.548076242270044 39.27874902250961 72.58680358083465 106.72262323485664 53.85927834993169 42.687615401785614 56.02197594311939 82.76176474407276 113.82168621281208 78.32328557546677 70.89626718432687 79.45300455431477 99.97016934162227 126.76768189700623 104.76776540054307 99.11411619359069 105.19312053749688 121.25278719847088 143.99147685490468
