0.0 53.48241977856956 69.71083255427543 57.672301242278444 58.18085306688646 87.57163809980348 75.3318849768993 33.57490509759628 22.40722438326226 64.09327355846979 70.62609600177058 13.134398690983922 26.850717756319426 92.06920499831689 102.11767112113569 58.65813862045307 4.9791461865507 48.40476294772931 5.136287127146953 19.270934551123265 14.871572668165495 62.70690396952156 66.11568368149702 67.51268349157128 7.537174653745847 68.91246728887315 92.5908359254826 48.30373123261008 56.063281510033484 85.43845531605224 79.26968495114424 6.21344322568005 44.38001075993364 64.70061115081143 107.78466577638984 29.610425876086435 15.140990268131786 36.2394742926342 7.463390452137551 22.05050454043942 134.26216042007687 103.83249152718237 77.01193046985786 58.951515141503194 58.433872082833076 124.96681101958615 91.61729746897495 59.712586211253296 33.6495932623218 33.073187326776825 121.56071079272827 86.95835953990381 52.35800394552013 17.77130434994389 16.885862053478892 124.52824417108927 91.0237085379693 58.806359651425765 32.02968709400343 31.439692682965813 133.44472070489147 102.78309774814933 75.60445494531723 57.11828745140993 56.601772459088224
53.48241977856956 0.0 39.06078073919828 65.00440633224964 39.684369132440764 67.2166391605199 74.63982165284921 28.57178356504103 32.36454691137738 32.579050495151826 77.89305770155705 63.141213996547826 48.87217453323108 77.06587386737833 78.73739753787476 26.819729822433846 49.39714920083389 27.740081613008417 48.48919399021096 34.72064977654827 50.10929513511321 14.894649396018059 65.46566257577969 44.68270113142235 51.95562511957012 53.34145753262231 80.15985577679976 45.63120682134923 51.16653018095395 72.23513028542627 83.86676907321163 57.66806175805438 34.37630458206271 59.16483927315808 84.46892744676975 23.96605729052565 40.10970085163048 21.759677381251578 46.30916769521638 37.087874799496326 116.03953788117205 96.3415681547813 86.56171001040309 89.99372206135754 105.35425413929073 96.71026950897165 72.16078150297307 58.7900352353643 64.03238084919195 84.4914850704986 82.6420454073711 52.03065726427388 31.29708017696489 40.57907670432587 68.61961826584222 76.78419738924605 42.21224820776119 7.923959066640718 27.17643564416256 61.71857483649024 80.93976484895158 49.30806505792502 26.573797179465757 37.09298834492637 66.6367356878838
69.71083255427543 39.06078073919828 0.0 42.64055644209396 14.249229427648265 28.40426076641598 43.44913842220897 36.470619109939726 57.49425236754235 6.827195415525756 50.90926294213963 72.91461932897914 48.91952979268144 38.916124402370805 39.77183161711994 13.314574747916573 64.73190478202966 21.486246384507528 66.2953517294891 52.55672070321592 58.184577435051025 26.446184158252763 37.09144257064162 9.25341442979989 64.16630289619347 19.198614103518644 42.54420872567605 28.82167202693551 27.299333882492224 35.06925691872991 53.84230911770194 70.64234267439103 25.980451427602567 29.892606287430123 45.570674326529506 46.7907085241334 54.859546377196274 36.44355151512761 65.0286489704781 47.66164171059954 76.99557907417702 59.22559222058793 59.00689726145234 76.49018661643161 103.02657397483082 59.23143598870321 33.31559542424039 33.26158891628881 59.14030948158769 91.01460115345432 51.84993874994582 17.24844341021748 17.362484423763867 51.964000464196715 86.56739130127691 58.89418813530678 32.71783883732717 32.66845332314612 58.81188646133687 90.80356500530488 76.47644240922052 58.555351527621994 58.34042560983022 75.98206661459173 102.65347900171946
57.672301242278444 65.00440633224964 42.64055644209396 0.0 30.085416431009133 39.86810659659662 18.004573732451874 40.53619927872306 60.57571309158208 43.02879788326955 14.054933033998624 52.6406454990667 31.09614380672283 39.12690921453358 53.17601114463545 43.86277716064557 53.844886771252 37.62648228609897 57.39563274335716 51.143907696358475 42.81959485620137 60.234922187741994 10.687946122413608 33.8907018573489 50.1459300708391 26.289059743242337 38.03281936057031 19.377257256576513 15.74900736820761 32.744189295595994 22.138139622882456 54.67990430933403 30.655616913833722 14.845508149759294 57.78433110173485 54.27920985557697 48.757120424933426 46.79638409164953 57.680268607097666 42.571217346193 78.9799883352349 46.57238584024556 22.248175247155796 34.86862622050867 65.81418160869586 76.33840174978627 41.98177221210975 9.60418316083998 28.580850058721758 62.74028343687691 83.70720589379086 54.13852613697761 35.35384703499683 44.31297533010175 71.21949072701146 98.87267230745233 75.32896213244969 62.9910881337927 68.23546933591908 87.97192057169026 118.88700633277362 99.96364034416943 90.80766476705023 94.30815471791942 109.25528631326225
58.18085306688646 39.684369132440764 14.249229427648265 30.085416431009133 0.0 31.327362922754638 35.397523435765265 26.673527055680992 49.431019442633236 12.985718979859525 40.50673423303573 59.956615494863236 35.40847848551261 39.15139351857399 45.28793064586559 14.442842419241744 53.25540470019282 13.635856427882128 55.338088586600186 42.77654489340767 45.527888382838675 31.36737431344788 26.998742408207274 9.331872238872911 52.018641405256155 14.162548298066124 41.55158025058844 14.576342543921628 14.337166020314477 33.513293263875255 45.184005905242735 58.356996091270865 13.872517543319166 20.08259371871619 51.160899472100716 39.47535852289706 43.974890625223416 29.10010202198338 54.38985021148848 36.479005925090824 80.70235031369562 57.12114469969977 49.06718397233651 62.82642326332754 88.77802612333774 67.3011596482075 36.02243362542866 21.46232160381193 44.92763807552121 77.27353989190841 64.34939655139192 30.208988486203864 8.898007481030751 40.504561370977996 74.81255141694253 73.12378397065596 45.91022780480115 35.542092435099605 53.04301777914819 82.21139348094455 90.26686007334672 69.87879032284016 63.34635412294498 74.41271234965564 97.24463415270597
87.57163809980348 67.2166391605199 28.40426076641598 39.86810659659662 31.327362922754638 0.0 28.63074416621811 57.85633028163164 80.7342611397008 34.64297245651201 39.5723692825944 86.88147256453452 62.09225228685869 11.391939238387474 14.573727257357275 40.57249869658118 82.81665937681868 44.67018794020413 85.36046860825884 73.7257494890101 73.65950066327781 54.81378453922759 29.51136104907698 23.2294131138237 80.7587066981543 18.664952223501793 15.80426247946223 39.40495172316681 32.23042556354648 11.045280640108967 37.711835668210156 86.69315423736701 44.618294353001225 25.79969966173852 20.22223263730525 70.78388945913039 74.28667819329851 60.36003807963549 84.68375680449795 66.76245591119144 49.569289188632894 32.26776478233042 44.945934095300096 73.4431717276994 105.65271453469425 37.827923771316875 4.945872976558609 31.82492131207776 66.30266727594456 100.86682246231652 44.84381332128137 24.47765233794078 39.776703681137576 70.42769106226118 103.59911197237274 64.78525071960473 52.58571295955008 61.05887290662543 84.17787696169195 113.30685872056998 89.38294357198316 80.76288176848202 86.31744882416918 103.79541078637082 128.41728487144618
75.3318849768993 74.63982165284921 43.44913842220897 18.004573732451874 35.397523435765265 28.63074416621811 0.0 54.32786423788072 76.09621139519652 46.523113352093404 11.150261975016623 70.64512144774667 48.5366689958908 23.79267308199716 39.310002464131905 49.703502933947036 71.31594578615888 47.10287316976274 74.72863980950709 67.08443168043755 60.46120610828166 66.61443497282805 9.94475971573092 34.29012818966724 67.8392133760387 24.25059559812495 21.48731947420041 31.51659626816656 24.09893819810311 18.58105555969894 10.437068213855824 72.57453273168632 42.14222902950654 15.475416525256588 42.96428780971943 68.49726932604234 65.40573014160714 59.647375406753945 74.8294007122982 58.678838004247226 61.25378234410303 28.59820950408559 16.68951882088443 46.196030201497905 79.90279776382816 61.39292269268425 28.89231739199013 17.184046024032202 46.375287138745115 80.00558394600318 73.36777395218205 49.33242617102791 43.351648654158964 60.99066946863542 89.19180026704548 92.69925353606708 74.93018622497299 70.92722347612022 82.71376109010883 105.10574930464763 115.757814884962 101.86813739288255 98.73716185235502 107.31076764429864 125.20718261278726
33.57490509759628 28.57178356504103 36.470619109939726 40.53619927872306 26.673527055680992 57.85633028163164 54.32786423788072 0.0 22.998742109448568 30.58618371738307 54.45257254119311 39.04779826317351 20.42700735005098 64.69119106765193 71.95360664746616 25.091175864366228 28.620964570373772 14.989529788073135 29.881319640661957 16.242575771408198 24.385782467076414 31.936857385337102 44.400077573137345 35.69783389353997 28.89049497243725 39.72577650048816 66.38470121262455 22.813694562012905 30.5840119017091 58.5025747769781 61.81947469934578 35.38705547967322 13.402567499738085 39.95948393178296 77.81815038311747 14.178979898897017 18.50440954154631 7.000589743022967 28.560347134824898 11.798245570935915 106.85157717620268 80.5119631619543 62.78437044586627 61.61462835295929 77.75366214308507 93.85112283138547 62.42538225257117 37.15720449505395 35.48551460428804 59.435848205735375 88.22224761988342 53.67940382111775 19.355771799941543 16.207019999206434 50.45337630368043 91.33845505149914 58.616419729586056 30.395711762078296 28.403472785807573 55.537902195168336 102.4043280941885 74.56618076339142 55.03077666160247 53.772294099724476 71.75886713162032
22.40722438326226 32.36454691137738 57.49425236754235 60.57571309158208 49.431019442633236 80.7342611397008 76.09621139519652 22.998742109448568 0.0 50.96408151559781 74.60639338902963 34.242498689196594 31.997986581672276 87.68332366974582 94.6750565323604 44.66579758043439 19.455281607075467 36.619819579481906 17.27548851210399 9.72707567660696 25.563413900930616 43.83546145032475 66.1739088253845 58.16955022268689 23.558383762425898 62.718532612332815 89.30813373728054 44.98771844674949 53.03170379602428 81.46246016300178 82.60130455476981 27.724290352120192 36.40017273194967 62.43599360548946 100.56242203202686 10.83090984721692 14.256949291556868 21.057477115416614 14.94386147103285 18.20030195246321 129.84417047722516 103.0900363680162 82.40359256504192 73.12932393155853 79.373757962154 116.13216224187174 85.35654444217231 58.9882545519281 45.47859492569123 55.24314386118605 108.12104190455392 74.20066924835747 41.42664824594219 17.92884008304495 36.353372367358794 107.09833526684805 72.71627676089606 38.731290383586035 10.364422966803582 33.31039075071609 113.25357774596125 81.43405302020432 53.211499243648106 37.765710038109944 49.151404867621366
64.09327355846979 32.579050495151826 6.827195415525756 43.02879788326955 12.985718979859525 34.64297245651201 46.523113352093404 30.58618371738307 50.96408151559781 0.0 52.83139466568817 68.10309446542249 44.810656955482905 44.7280103717228 46.491302054817915 6.498647050106679 59.12061412343876 15.698890470273286 60.46427105246591 46.44098207969137 53.26080759305187 20.877830895920177 39.07182866495417 12.887114403396374 58.88717287531636 22.722615467338233 48.0899742038772 26.82148792067604 27.28599579873379 40.35565155989988 56.71966507949918 65.399326798461 21.517613544395086 31.898141933504103 52.31574357797287 40.20398849923617 49.08412222578899 29.964818933736378 59.091047352682814 42.0831430698737 83.62013117074233 64.60491883204331 61.237634322019275 75.63784302515026 100.43356936965812 66.04076263436365 39.585437744364825 34.168194311924566 56.23840496299537 86.90733543117254 57.68867904272111 23.30442149363899 12.371843638582547 46.453019829591945 80.97874826125393 62.3874138725115 33.19821850019026 26.58753785284729 52.02418458961725 84.26729822878258 77.8072444039739 56.95657837119324 53.18775844812572 69.3442482755705 95.8285613959688
70.62609600177058 77.89305770155705 50.90926294213963 14.054933033998624 40.50673423303573 39.5723692825944 11.150261975016623 54.45257254119311 74.60639338902963 52.83139466568817 0.0 64.29536543544216 44.55055506019733 34.83389616665097 50.43990690741538 54.89735420584748 67.07382932498876 50.19450240157218 70.74625471851411 65.13463481312805 55.910534981766475 71.72946357346996 13.83187701080722 41.66971857283178 63.09425163306319 32.17477329385898 32.19426998905769 32.54227335104833 26.92487606544559 29.728345893171298 8.702706732590952 67.12278128677661 43.86250684398677 21.05152020717047 53.96916502757016 68.29030928230291 62.567164759286825 60.55353483314828 71.18091724808293 56.553059367908844 70.1791062563649 36.09431683191665 8.680172695509588 35.25257474771735 69.31807551068088 72.30125874613522 40.02983480698469 19.291200953297594 39.201534345003125 71.38779487374906 84.39318697223932 58.98917889734032 47.24454438440278 58.130725517519814 83.19330533039688 103.0010322489769 83.27483855791635 75.1992556740138 82.27940566747677 101.38844295494386 125.25286679154019 109.39431486156418 103.15326856425153 108.20685152339954 123.17261800085366
13.134398690983922 63.141213996547826 72.91461932897914 52.6406454990667 59.956615494863236 86.88147256453452 70.64512144774667 39.04779826317351 34.242498689196594 68.10309446542249 64.29536543544216 0.0 24.926500694082208 89.80106398803264 101.41125954034987 63.46209000823029 14.791406349454254 52.65770369602432 17.615341079103988 28.521275961163614 14.869677447682157 70.40855974178105 62.25626878858638 69.09785832271976 11.211033165622998 68.56880879888553 89.66630240188888 47.75858537602292 54.65981970412166 83.1284557519214 72.98946218571709 6.935325451474264 46.93418396225386 62.27717146297701 106.82645498203155 39.322425837619804 23.031514320049375 43.526104919859534 19.845407815554815 27.456665290495042 131.22328828544659 99.19153786890192 69.66483242189597 47.56295265182064 45.45435019330376 124.69707643951594 90.4662154273793 56.69004371558161 25.263326007484135 21.390649530368822 124.29081940111959 89.910586897102 55.807446370870075 23.235319888251446 18.977373260502453 130.06190042747474 97.66421794250469 67.49314525549417 44.35282983972102 42.11705167792637 141.25490089945845 112.0143286825755 86.81151158307459 70.14294812650436 68.54628887187947
26.850717756319426 48.87217453323108 48.91952979268144 31.09614380672283 35.40847848551261 62.09225228685869 48.5366689958908 20.42700735005098 31.997986581672276 44.810656955482905 44.55055506019733 24.926500694082208 0.0 65.65294418685659 76.65218000126774 41.10011721036951 22.789541066940124 30.305311941206078 26.29954596259552 22.290377144673972 12.04184368020313 51.64898742195426 39.26500696963924 44.38349028928429 19.438364004997094 43.67672934281432 65.93565959004704 22.83844827231556 29.959632819938058 58.98639315851563 53.04791177396306 24.814969710412726 23.295800744885483 38.124568440549446 82.14660071542606 29.346000158778345 18.491372249621406 27.112802095296495 26.63543621461878 14.303913667457374 107.63196868403317 76.99300606133147 51.63356238081671 42.41398388791499 57.67743733896741 99.8687514365324 65.81685401316113 32.936292469578476 15.250927249791399 42.133508437281314 99.71305609007685 65.58254317820386 32.469944725265385 14.225877025940619 41.77684490045165 107.19804376689255 76.39083613073845 50.73973166474508 41.331612144763554 56.89380655449871 120.91261250436781 94.52639678742246 75.13574966844965 68.92229995820414 79.05660851756907
92.06920499831689 77.06587386737833 38.916124402370805 39.12690921453358 39.15139351857399 11.391939238387474 23.79267308199716 64.69119106765193 87.68332366974582 44.7280103717228 34.83389616665097 89.80106398803264 65.65294418685659 0.0 15.8220000611889 50.2479144596715 87.52375068451319 52.78656738320702 90.41197266263093 79.94297407788197 77.59826572733633 65.33492269960588 28.480087275918386 32.41234575821305 84.9138952124721 25.129607781941722 4.6443786855540194 43.98709315866655 36.03393409869106 6.675918497261503 30.734915900383704 90.46608975379584 51.28974649247888 27.561203246884393 19.175330703744518 78.27017227191948 79.77751020029142 68.08224859352492 89.99848804585345 72.37391611596225 42.393470607169554 20.8829390356257 38.33841265082119 69.9886889110774 103.54634332124249 37.663695090948515 7.80506203628608 33.13815598598575 67.30682799075016 101.77000604022936 51.44301311106069 35.741892268476015 47.99386981732256 75.65824230726061 107.42326158255881 74.03124613070274 63.91963091057676 71.31330344779859 92.0881615711527 119.45562344156298 99.60480840715937 92.11659750730591 97.1828430121075 113.12926312422682 136.18606069697023
102.11767112113569 78.73739753787476 39.77183161711994 53.17601114463545 45.28793064586559 14.573727257357275 39.310002464131905 71.95360664746616 94.6750565323604 46.491302054817915 50.43990690741538 101.41125954034987 76.65218000126774 15.8220000611889 0.0 52.81710069780376 97.34674737620796 58.24916767361994 99.8443096802045 87.96834734528811 88.23321995843533 65.27342233651324 42.53619338096219 36.58233477761957 95.32750760145771 33.2065143268792 19.577219337743745 53.97856243641565 46.75151636125584 20.896220577001735 46.55022598603878 101.26678052626697 58.86197192655469 39.833169492405595 5.903735807348448 84.50167606754675 88.71104436699086 74.01373627423528 99.12414995070097 81.17936286059702 37.38289527730138 31.111001545073233 54.15852449946173 85.40043873104796 118.52494207935305 23.408932885747614 11.233119078074202 45.817487864292204 80.4186286177908 115.02140612919342 36.20459117805408 29.698168854369573 53.366933019759905 84.90534342418896 118.17209754757485 60.710957032510606 56.879223612212726 71.9684995753133 97.56268169648295 127.48443772542443 87.59558568062182 84.76935271063171 95.35939831501965 115.73980167678859 141.74873434572405
58.65813862045307 26.819729822433846 13.314574747916573 43.86277716064557 14.442842419241744 40.57249869658118 49.703502933947036 25.091175864366228 44.66579758043439 6.498647050106679 54.89735420584748 63.46209000823029 41.10011721036951 50.2479144596715 52.81710069780376 0.0 53.710181533165155 10.880909762747413 54.82719291643868 40.56366616535339 48.59475546958219 16.9356928091516 41.441199577157064 17.869688268987158 53.817066525511905 26.907100064757895 53.364517269571465 25.924117347685897 28.308301672130266 45.47411476812409 59.59793556385423 60.33568727354585 18.14845576251642 34.49853837928737 58.665773432548136 33.867918475803776 43.55070134167781 23.77101318080483 53.35162889443562 36.80966833193719 89.81885574284647 69.65274644638352 63.48510894793581 74.8597940112871 97.83861298151791 72.53885043547946 45.51621655536425 35.72670000040973 53.62740151178183 82.88684617651622 63.65079981804619 29.53609429025746 9.390995531219765 41.21715796750508 75.52728518528482 66.60416254026806 35.405345559995894 21.5825963386274 45.52937929772946 77.94155655136626 80.09952123178951 56.70253094687344 49.083891367412996 63.23043120123323 89.34066335900391
4.9791461865507 49.39714920083389 64.73190478202966 53.844886771252 53.25540470019282 82.81665937681868 71.31594578615888 28.620964570373772 19.455281607075467 59.12061412343876 67.07382932498876 14.791406349454254 22.789541066940124 87.52375068451319 97.34674737620796 53.710181533165155 0.0 43.429789460056234 3.9718062777443666 14.80377303883529 11.208964846496837 58.11056098431773 61.9528410416107 62.586218649917946 4.996730982515506 64.15197702589846 88.15530789564431 43.647031206168336 51.49183769924612 80.9133159115907 75.65974563952744 8.398488702611033 39.436536879208944 60.25943554439486 103.03677774055963 25.43365610661695 10.26150697144899 31.48238016676767 5.563527323630465 17.07135835388872 129.7885927814768 99.72209543853978 73.74758445625083 57.68629388673085 60.09578344365442 120.13388580361463 86.91238001218106 55.40948884405312 31.328892139964605 35.8835043716004 116.58173767916749 81.97955111996838 47.37981048051012 12.802362215936016 21.85884061995558 119.67698277317433 86.28556828406327 54.430311813176154 29.579703450761006 34.38167143779946 128.94163206746535 98.6274685815644 72.2745266684475 55.808900919221195 58.313430785707354
48.40476294772931 27.740081613008417 21.486246384507528 37.62648228609897 13.635856427882128 44.67018794020413 47.10287316976274 14.989529788073135 36.619819579481906 15.698890470273286 50.19450240157218 52.65770369602432 30.305311941206078 52.78656738320702 58.24916767361994 10.880909762747413 43.429789460056234 0.0 44.851115960708775 31.095788978096845 37.78849840206608 23.510793915166264 37.76631398885208 21.666833398806855 43.22320848656474 27.76281056184967 55.14859069930941 18.355973932847892 23.428273021973013 47.11238213299756 56.15121066558061 49.740446208243554 8.093791486706957 31.673423387502837 64.15108013583603 26.260330958290453 33.43720900967803 15.765181767996557 43.54982898512871 26.384691292792592 94.1865296235048 70.50584932098928 58.87133304733177 65.99529954786385 87.4054455443552 79.51431967549819 49.456139978977006 31.050415709952397 43.32646577037592 72.00744921620753 73.24450659000492 38.690285148923735 4.8962067410539705 30.754865830532474 65.28862810867133 77.4457826659867 46.0892000373241 25.405147404302816 39.51544908753098 69.80230630741072 90.67395084781937 65.78527490326547 53.18306673492382 61.02437171219964 83.75146840636708
5.136287127146953 48.48919399021096 66.2953517294891 57.39563274335716 55.338088586600186 85.36046860825884 74.72863980950709 29.881319640661957 17.27548851210399 60.46427105246591 70.74625471851411 17.615341079103988 26.29954596259552 90.41197266263093 99.8443096802045 54.82719291643868 3.9718062777443666 44.851115960708775 0.0 14.703156709267219 15.031668852320268 58.07151502732851 65.266177992483 64.64528002553318 8.912749609576052 66.70740272911891 91.17984253335 46.44091214430425 54.393237670519795 83.83436530803395 79.30007123268558 10.763301832059929 41.46722443374816 63.30842778834307 105.57938142435161 24.712173385656662 11.448019245408554 31.906831848386993 2.3370243326741953 18.86380534358803 132.74584597867096 103.04536967747747 77.52432382015627 61.615560885261125 63.069151665475516 122.46749731170777 89.55057307230682 58.610206701211844 35.2964796354908 38.096726543357896 118.09558457359515 83.52998431289352 49.01839909754384 14.939966804528538 20.939335075981997 120.27617217787964 86.55788608102469 53.972416817559626 26.992961993226253 30.64412346855322 128.67645298455315 97.79725748546392 70.46830379008553 52.555345656562004 54.34290318757523
19.270934551123265 34.72064977654827 52.55672070321592 51.143907696358475 42.77654489340767 73.7257494890101 67.08443168043755 16.242575771408198 9.72707567660696 46.44098207969137 65.13463481312805 28.521275961163614 22.290377144673972 79.94297407788197 87.96834734528811 40.56366616535339 14.80377303883529 31.095788978096845 14.703156709267219 0.0 17.09164159457813 43.44022124160745 57.21530495918419 51.89589594476953 17.310255339817278 55.32220483500808 81.27127530428945 36.46223588453413 44.58324330892035 73.56420816618419 73.23845956519932 22.96391472707653 29.1153212014272 53.92669546306623 93.80659099756241 10.805389257529724 5.718885541961253 17.251595023032692 12.937598081484355 8.584635722741877 122.29105700437238 94.50963731898297 72.82729456621303 63.799157432634004 72.32996967356482 110.04388758951994 78.18432034327448 50.1073595135959 36.10451199476609 49.911450336681675 104.12394411649557 69.68919190762095 35.58404451735127 8.409399791390886 35.6379686664284 105.60109345163285 71.85770907429429 39.62722383711066 19.28601787128455 39.60342412440261 114.18855036557922 83.86662595632336 58.50647715689248 46.98101527397769 58.19136302243729
14.871572668165495 50.10929513511321 58.184577435051025 42.81959485620137 45.527888382838675 73.65950066327781 60.46120610828166 24.385782467076414 25.563413900930616 53.26080759305187 55.910534981766475 14.869677447682157 12.04184368020313 77.59826572733633 88.23321995843533 48.59475546958219 11.208964846496837 37.78849840206608 15.031668852320268 17.09164159457813 0.0 56.108622778629126 51.281885931832164 54.77416284388252 7.400610991486989 55.09015809916675 77.95442978075499 34.25507884479078 41.73506512781903 70.9410261669011 64.51963346721922 13.040192235030853 32.225696229529426 50.11014032016192 93.80413504579872 27.178619348545055 11.510442748850112 29.419932658475037 15.910404386316074 13.212344557647778 119.64918974547751 88.9724893734626 62.538699897646346 47.967530343337444 55.54717646353537 111.32034170485922 77.52473058408484 44.97550243605484 20.744984437600262 35.110675471709214 109.74373342392008 75.26458279107587 40.99611039016781 9.5633654688592 29.951428991574254 115.19702359129369 82.94663613937992 53.71000348477754 35.835936261663534 45.59050347903612 126.77598262314837 98.26583837630716 75.06648082376857 63.31314577210336 69.11518390291025
62.70690396952156 14.894649396018059 26.446184158252763 60.234922187741994 31.36737431344788 54.81378453922759 66.61443497282805 31.936857385337102 43.83546145032475 20.877830895920177 71.72946357346996 70.40855974178105 51.64898742195426 65.33492269960588 65.27342233651324 16.9356928091516 58.11056098431773 23.510793915166264 58.07151502732851 43.44022124160745 56.108622778629126 0.0 58.35567818823395 33.751613199302696 59.63191966992345 43.40877382398635 68.85209846340398 41.47369652765252 44.95392578846859 61.19333004033777 76.53361192716318 65.88422852092732 31.559898350045376 51.43395601661402 70.86685015498247 33.71212220293047 48.021700377021524 26.89593421783008 56.124900066938494 43.003703666527876 102.65534390002131 85.4371675338669 80.34691981306595 89.47889926678229 109.32541912071811 82.26776004975765 59.69920621326619 52.48625492524521 65.88186051397552 91.21860000993529 67.77052864372843 37.534375723750664 24.892912296431813 47.17337933218724 78.90400031590002 63.34685859365945 28.881403968716207 7.092293411162681 40.75929201501055 75.28076297703419 70.90809047337562 42.8945981751996 32.353829917758354 51.462885344123116 81.51638685002537
66.11568368149702 65.46566257577969 37.09144257064162 10.687946122413608 26.998742408207274 29.51136104907698 9.94475971573092 44.400077573137345 66.1739088253845 39.07182866495417 13.83187701080722 62.25626878858638 39.26500696963924 28.480087275918386 42.53619338096219 41.441199577157064 61.9528410416107 37.76631398885208 65.266177992483 57.21530495918419 51.281885931832164 58.35567818823395 0.0 27.863166469298815 58.68185456882318 18.586175308302117 27.616421876410858 21.598719372341574 14.429125202389956 22.05946695448713 18.407898730814733 63.693333029336365 32.383485147695794 7.220278016631235 47.09857929786679 58.563910937015024 55.6861618556165 49.80756671824438 65.26992468871148 48.853981566873316 68.97814925427696 37.77948171223109 22.16841072211903 44.16370298255354 76.18577242418648 65.65669445453257 31.37215874127169 7.244089677157314 38.93064345977575 73.30461676389433 73.87726244434018 46.05135106697658 34.32834791157052 51.29303570870453 80.48817963152064 90.5486868282263 69.54687542362122 62.20329260049722 72.7771246649862 95.49109211125983 111.95664011954946 95.56243786362793 90.13747590595852 97.52971016677876 115.29969182878627
67.51268349157128 44.68270113142235 9.25341442979989 33.8907018573489 9.331872238872911 23.2294131138237 34.29012818966724 35.69783389353997 58.16955022268689 12.887114403396374 41.66971857283178 69.09785832271976 44.38349028928429 32.41234575821305 36.58233477761957 17.869688268987158 62.586218649917946 21.666833398806855 64.64528002553318 51.89589594476953 54.77416284388252 33.751613199302696 27.863166469298815 0.0 61.327856613071454 10.083302932700589 35.498659263192344 22.425705009209484 19.11126359026967 27.63837389970782 44.65290056360661 67.64586884364667 23.18078396704187 20.6826356666049 42.484354855815916 47.92209305164793 53.262854166491174 37.43157954407801 63.66670868065197 45.78209548327529 72.79167443812075 51.86163338110393 49.753792483671766 68.2353311434515 96.08064667371836 58.15386587943855 28.11529600357923 24.370360493872187 52.841327769423316 85.93802545269551 55.352731827030716 21.804622116088364 16.787232692012786 49.83004945019618 84.13744401783755 65.91513046820394 41.767955196440454 39.23197578160714 61.0619517539664 91.17458069852262 84.9966912804151 67.80677560543786 66.07459788658771 80.80048596642145 105.2917705989627
7.537174653745847 51.95562511957012 64.16630289619347 50.1459300708391 52.018641405256155 80.7587066981543 67.8392133760387 28.89049497243725 23.558383762425898 58.88717287531636 63.09425163306319 11.211033165622998 19.438364004997094 84.9138952124721 95.32750760145771 53.817066525511905 4.996730982515506 43.22320848656474 8.912749609576052 17.310255339817278 7.400610991486989 59.63191966992345 58.68185456882318 61.327856613071454 0.0 62.13803113200978 85.32181521871976 41.375122823493086 48.983506305981315 78.2643238579084 71.73452828225686 6.519889380930608 38.41055629624785 57.459148281696855 100.9392446801399 28.11187855533231 11.861534524083302 32.74872738580409 10.53395657262181 17.094672597104676 127.01292377043538 96.36370796132701 69.5301979969046 52.704226313237896 55.81957834368073 118.32427882239698 84.69901125128365 52.36462067978713 26.552362141599595 32.60131617354035 115.93700550784125 81.36227940350149 46.83060833564563 12.698241933385463 22.896264391292544 120.22719228298378 87.31374531948607 56.45916462854454 33.85881290918033 38.73029751122496 130.537896265825 100.92310710131018 75.66763008957982 60.502003716480175 63.167873000371586
68.91246728887315 53.34145753262231 19.198614103518644 26.289059743242337 14.162548298066124 18.664952223501793 24.25059559812495 39.72577650048816 62.718532612332815 22.722615467338233 32.17477329385898 68.56880879888553 43.67672934281432 25.129607781941722 33.2065143268792 26.907100064757895 64.15197702589846 27.76281056184967 66.70740272911891 55.32220483500808 55.09015809916675 43.40877382398635 18.586175308302117 10.083302932700589 62.13803113200978 0.0 27.391209158170057 20.864625037406984 14.350092151488766 19.35319177368519 34.64838704948949 68.13023203037467 26.34372756542256 11.768534028013553 38.88655452489405 53.15969662701475 55.67932360884093 42.95279700134672 66.05885752490735 48.16712206424279 67.12611999137144 43.0776662764841 40.00351565806392 61.15311753865503 90.96127137587911 56.2352118774524 22.90202343270217 16.776737473512636 49.32816420398853 83.54597098433663 58.45854360514681 27.87765910618834 23.06022795136492 51.78061440573453 85.00316242527488 72.60102084560909 51.12391285554352 48.48930260133829 66.95955668344688 94.92504284014733 93.3960062828342 77.6779846168854 75.76060638174431 88.54498599845367 111.06531632460262
92.5908359254826 80.15985577679976 42.54420872567605 38.03281936057031 41.55158025058844 15.80426247946223 21.48731947420041 66.38470121262455 89.30813373728054 48.0899742038772 32.19426998905769 89.66630240188888 65.93565959004704 4.6443786855540194 19.577219337743745 53.364517269571465 88.15530789564431 55.14859069930941 91.17984253335 81.27127530428945 77.95442978075499 68.85209846340398 27.616421876410858 35.498659263192344 85.32181521871976 27.391209158170057 0.0 44.96216924865873 36.871601897725704 8.038288053814867 27.26449282888627 90.68595941573378 53.0325561805806 27.896830094740146 22.0651101623119 80.18204250932716 80.7867769692041 70.1551107871829 90.8828598246017 73.47845755732779 41.696310168074696 16.74924536329311 34.89041897635147 67.44623510545644 101.36812665100182 40.14803833931429 12.449202733352028 33.05982394423251 66.52648280235475 100.76430674147667 55.59687773086388 40.25615649770786 50.447262647594464 76.57752497394586 107.60172490455453 78.58715854012058 68.38991082297657 74.65374148929715 94.14852699075735 120.62119195207558 104.24238681809454 96.56434751576477 100.88380802957445 115.86666363628403 138.08438095693134
48.30373123261008 45.63120682134923 28.82167202693551 19.377257256576513 14.576342543921628 39.40495172316681 31.51659626816656 22.813694562012905 44.98771844674949 26.82148792067604 32.54227335104833 47.75858537602292 22.83844827231556 43.98709315866655 53.97856243641565 25.924117347685897 43.647031206168336 18.355973932847892 46.44091214430425 36.46223588453413 34.25507884479078 41.47369652765252 21.598719372341574 22.425705009209484 41.375122823493086 20.864625037406984 44.96216924865873 0.0 8.126002864107157 37.44486678594922 39.34108261536497 47.29093868258399 11.338740791940621 17.477689895028433 59.56640552695319 36.988697396547316 35.83618081154943 28.303036191115755 46.01302258665579 28.520597172026882 86.35878603266198 58.11868082169003 41.14054327195656 49.011525648020715 74.20604488269254 77.09582952339082 43.331477575385136 14.363782514340697 30.49378342729946 63.62605352855933 77.58427032457672 44.186818974368435 16.747559964098905 31.67548551964493 64.19534115107885 87.66123328153688 60.01958707789888 43.76102813070622 51.2105660114686 75.6626347494018 104.5905835407347 82.62656892279145 71.48331724915535 76.0745320461803 94.12523165759053
56.063281510033484 51.16653018095395 27.299333882492224 15.74900736820761 14.337166020314477 32.23042556354648 24.09893819810311 30.5840119017091 53.03170379602428 27.28599579873379 26.92487606544559 54.65981970412166 29.959632819938058 36.03393409869106 46.75151636125584 28.308301672130266 51.49183769924612 23.428273021973013 54.393237670519795 44.58324330892035 41.73506512781903 44.95392578846859 14.429125202389956 19.11126359026967 48.983506305981315 14.350092151488766 36.871601897725704 8.126002864107157 0.0 29.441381747833713 32.74677936745077 54.71039747878362 18.047225950793628 9.407779719661097 52.19813923547134 44.74561979010429 43.91559232273272 35.59604675080092 54.033805166866124 36.63430803627406 78.35404795998986 50.058937224294034 35.598694629105395 49.22871541927636 77.29485935914109 70.0570814033149 35.85867505155739 7.651651215558197 35.01577108073988 69.19908923246571 72.58804078704411 40.54081510337605 20.320876266823046 39.71353213221338 71.66754883242156 84.9848411832168 59.824877993901744 48.274397108205086 58.962932415432604 83.7713911491644 103.76936790455437 84.2146580457101 76.2291001037544 83.21287722083937 102.14024831930365
85.43845531605224 72.23513028542627 35.06925691872991 32.744189295595994 33.513293263875255 11.045280640108967 18.58105555969894 58.5025747769781 81.46246016300178 40.35565155989988 29.728345893171298 83.1284557519214 58.98639315851563 6.675918497261503 20.896220577001735 45.47411476812409 80.9133159115907 47.11238213299756 83.83436530803395 73.56420816618419 70.9410261669011 61.19333004033777 22.05946695448713 27.63837389970782 78.2643238579084 19.35319177368519 8.038288053814867 37.44486678594922 29.441381747833713 0.0 26.92423783417884 83.7978993254931 45.12370812897529 20.88603253129325 25.095938443248727 72.23160120895916 73.2696222670021 62.16101202692327 83.45345550470866 65.89753121772691 48.91771162336397 24.24927515870426 34.321371584595376 64.51922283772552 97.68494279998234 43.67119312690314 10.330340283178836 26.47853020790667 60.748358034912776 95.25999819572456 55.00120534114425 34.84846766112961 42.40908963765009 69.119303711383 100.75344898627387 75.8073691373764 62.53849453847515 66.8591695386439 86.1627121897317 113.01617830394402 100.35881538866906 90.53454868267804 93.35851478617174 107.84162071812773 130.1480431228191
79.26968495114424 83.86676907321163 53.84230911770194 22.138139622882456 45.184005905242735 37.711835668210156 10.437068213855824 61.81947469934578 82.60130455476981 56.71966507949918 8.702706732590952 72.98946218571709 53.04791177396306 30.734915900383704 46.55022598603878 59.59793556385423 75.65974563952744 56.15121066558061 79.30007123268558 73.23845956519932 64.51963346721922 76.53361192716318 18.407898730814733 44.65290056360661 71.73452828225686 34.64838704948949 27.26449282888627 39.34108261536497 32.74677936745077 26.92423783417884 0.0 75.81622661120471 50.47043764022925 25.10238389470477 49.323358879359155 75.83831172456489 70.88885819998539 67.62786344065687 79.68161315072501 64.67819513735142 62.627611930323106 28.1561246307637 7.6269970410312204 41.453937871082005 75.98382063101191 67.16442171707358 37.097197193539294 25.222753568545134 47.86455179528582 79.62842521599032 81.82497853020817 59.501363805940315 52.728531155165825 66.44534762431527 91.89380263817125 102.34693805043499 85.3538172900561 80.5628944027409 89.94561253881757 109.93076869234594 125.89499405251408 112.29680748710717 108.47220809102812 115.39709874361958 131.3825878081755
6.21344322568005 57.66806175805438 70.64234267439103 54.67990430933403 58.356996091270865 86.69315423736701 72.57453273168632 35.38705547967322 27.724290352120192 65.399326798461 67.12278128677661 6.935325451474264 24.814969710412726 90.46608975379584 101.26678052626697 60.33568727354585 8.398488702611033 49.740446208243554 10.763301832059929 22.96391472707653 13.040192235030853 65.88422852092732 63.693333029336365 67.64586884364667 6.519889380930608 68.13023203037467 90.68595941573378 47.29093868258399 54.71039747878362 83.7978993254931 75.81622661120471 0.0 44.829524097299135 62.92683438430481 106.82660210268672 33.70780998817555 17.884889313827067 39.05040079190008 13.042806209135856 23.58883384693088 132.3748034259206 101.16789832445926 73.08627893823491 53.320447647791866 52.338719487238805 124.36039574461151 90.53337338637016 57.63609946076143 29.024004259113433 27.526537804496424 122.38286200688175 87.82276107132449 53.31944948259776 19.181863982171965 16.964020759051454 126.7252431588584 93.72624231259127 62.48810320226728 37.67958181858679 36.46329704201992 136.78674252181347 106.82482559218194 80.66756876643093 63.22778500665824 62.31397758973137
44.38001075993364 34.37630458206271 25.980451427602567 30.655616913833722 13.872517543319166 44.618294353001225 42.14222902950654 13.402567499738085 36.40017273194967 21.517613544395086 43.86250684398677 46.93418396225386 23.295800744885483 51.28974649247888 58.86197192655469 18.14845576251642 39.436536879208944 8.093791486706957 41.46722443374816 29.1153212014272 32.225696229529426 31.559898350045376 32.383485147695794 23.18078396704187 38.41055629624785 26.34372756542256 53.0325561805806 11.338740791940621 18.047225950793628 45.12370812897529 50.47043764022925 44.829524097299135 0.0 27.183201654156324 64.69365210215412 27.199229109581122 30.104602619669876 17.601687845711705 40.523420774157984 22.606664832966874 93.4624444708283 67.43132796413836 52.47419532096072 57.921499273755124 79.6935424065638 81.12395731301571 49.118647790961745 25.27904038030812 35.500160781749635 65.39370122333256 77.56256796361004 43.042873019418614 9.18041303759382 26.659428846852865 61.090297154807175 83.90367896778704 53.54585125495404 33.004899694127154 41.30766268243625 68.68884162580906 98.24797239459006 73.86468145614938 60.44917122873379 65.16899176575379 85.05690285202984
64.70061115081143 59.16483927315808 29.892606287430123 14.845508149759294 20.08259371871619 25.79969966173852 15.475416525256588 39.95948393178296 62.43599360548946 31.898141933504103 21.05152020717047 62.27717146297701 38.124568440549446 27.561203246884393 39.833169492405595 34.49853837928737 60.25943554439486 31.673423387502837 63.30842778834307 53.92669546306623 50.11014032016192 51.43395601661402 7.220278016631235 20.6826356666049 57.459148281696855 11.768534028013553 27.896830094740146 17.477689895028433 9.407779719661097 20.88603253129325 25.10238389470477 62.92683438430481 27.183201654156324 0.0 44.923254406520776 54.10313794005687 53.067913962787635 44.78458590190989 63.060932344927195 45.87893377549152 69.56317453610248 40.65414299277075 29.348280805053037 49.64596643106009 80.39254027709852 63.234208906680415 28.63576640335645 6.0252355806412154 40.588843478691665 75.1894897636237 68.9438088217238 39.5949570678441 27.876733796863064 48.79860408751982 79.87699948108771 84.27955234866688 62.41776207583465 55.53112170008572 68.30979657937095 92.97067019202993 105.1085794428897 88.34321089024355 83.40234083486632 92.20681163912833 111.54801601138715
