0.0 80.51000921841029 31.6248634548298 20.26120740405612 32.84951166210259 22.477385120527764 64.31961525832709 53.72307851884679 45.2004785401257 9.329801203484834 31.441962170766786 17.776202561804734 56.74112726317934 40.58220904121048 12.23533438176943 16.41508349565775 17.97016571803568 24.433287706890663 34.34595355565625 13.730299007888018 47.25430546919698 65.96264749911327 7.978941844189304 19.049799649991346 17.61855815811766 19.24560177153252 18.547711609365585 58.75457488472354 20.86719492011241 15.738603223182334 31.78831938091993 10.936981478877637 57.223908384003565 47.734990406600645 18.393095590949958 19.043418190590256 16.39352687855164 22.986805572447928 32.33042577068364 21.25774403451656 113.85499446306576 84.83936019274621 61.86495650408311 53.40062904174355 65.35120545833239 103.51827485880983 70.50848919815911 40.27036641377007 25.822457598889788 45.89921312146279 100.24103549879968 65.64920361772802 31.084159944260854 4.18167302287964 38.257053011599616 104.68855686899029 72.20019207160672 43.13789991994394 30.06203524164649 48.38812246246933 115.9752871033165 87.63871593532554 65.61715512547201 57.66686022984605 68.84846910024575
80.51000921841029 0.0 107.85345163845057 73.68426143449048 47.73576582214285 62.58250041511382 48.11742234509533 55.03215080336174 59.78266680160101 88.82950163364308 105.8165304849066 95.32533474816542 45.08943500441161 43.50391996802664 70.1242609769767 93.94708924001453 98.45062902984564 99.01002452209882 48.8622208490783 94.2400416410215 33.334579112683535 16.408865591518907 80.89249512943493 72.62284606049367 63.0316461408634 63.494761169397144 62.469368222790386 48.38994163611846 65.38499712328155 93.25846614091851 109.03988190270096 82.32821083673551 51.97816295753457 33.465095188730785 62.121803182438235 95.57956129164275 86.67090849880832 89.40805096248158 48.49060062647112 97.52537487820341 35.923585614193286 27.64184718725221 51.307705717062454 83.04053740922745 116.42088419679656 24.936400099824684 10.075954961838523 44.45312124927815 79.0284088867184 113.62109458845455 39.557922944921614 32.18510330928581 53.868064381590564 84.63150549851204 117.55020613519906 64.18306621491207 59.72509012094292 73.54925397531268 98.21753966891929 127.58786541818506 91.02520981220391 87.72113140000903 97.46337544569113 117.0381424844139 142.44805585440815
31.6248634548298 107.85345163845057 0.0 50.42518537291689 61.91170985369473 54.07852332877305 95.93907036573015 67.64840614321699 76.4358371254967 22.394382728428273 3.9595661099494244 13.862339692470238 88.34703632330702 64.80210310337061 43.8138359816861 15.252696978981664 20.98280556573784 8.88472726952223 59.071579577022696 22.005612160679824 75.70843207468026 92.09627373519469 36.83497100399325 49.65412431381909 47.80241049225713 50.65246355115732 46.27228748024909 74.82152047427951 52.477601268215835 15.950009026188592 2.5633884198661376 38.23667687391779 88.78231318703702 76.91178377020358 47.67366030296302 12.862815671416378 21.21116352827668 20.03797769794784 61.883674032843594 10.687403870663395 138.54306697624938 106.39452773182185 76.42136155433026 52.49255490965803 45.4480691543367 131.9925783935188 97.7955102270684 64.03695320426596 32.13019478040945 18.942437635553055 131.2092096940956 96.74541354502367 62.436734178721814 28.84213770472452 12.658769271935503 136.29248376248484 103.4743783409382 72.34002628830439 46.411619479346236 38.338284153009674 146.63326997293956 116.64347363043146 90.02696858852485 70.70205983897928 65.47884024500213
20.26120740405612 73.68426143449048 50.42518537291689 0.0 28.835986851418298 11.75733670130268 47.096954872066775 62.49161444744977 26.360332371373673 28.41354760933211 50.897133514368434 37.03217963756483 40.588076822891814 42.34079967487004 12.178930565037497 35.81158941035828 31.907303323201496 44.19758679548821 37.004927974546014 29.071966695976027 41.49464724053329 61.78975686406024 13.60031845918702 1.8705036129202635 18.212226467185573 13.1869954265066 23.70597749656134 65.38708792354906 8.991576824175272 35.206982356598 50.0653678241265 12.486327067099012 39.44192742907175 40.47962582790895 20.69182936454108 38.60277134990587 36.52004910231895 43.04123350192448 27.312960204565186 40.74215474076271 109.08225940384497 84.56837835742061 69.27804427235652 69.58340117661272 85.31715842241356 94.13567343817503 64.36075964212662 42.63699833222431 43.455077373880755 65.98179862700016 86.07941244864067 51.997968811047876 19.818275828932588 21.83096737742461 54.36239508962158 86.85299713703708 53.257275020913355 22.89281078394815 24.630741779619512 55.53481167450646 96.24370602711457 67.3791178216012 47.03037582585407 47.73450687315261 68.84857447106651
32.84951166210259 47.73576582214285 61.91170985369473 28.835986851418298 0.0 17.101908453790845 41.24512467080772 38.82333971820849 31.48751791494841 41.47149691877273 60.48976731445507 48.624257393805344 32.6881489179863 15.049029989817104 22.576523346470903 47.20944422416282 50.74217310579425 53.351617597205426 12.047801985337857 46.563042571139654 14.416835626304515 33.901707061917264 33.38657738361782 27.312960204565186 15.298064060950564 16.519287569419358 15.648745157729559 39.46580169427506 19.84572723415661 46.50221611169182 62.745708525468146 35.11935385068757 36.78550049564008 15.055611211826703 14.565394350707013 49.1786198781935 41.37312512589587 45.65177912410996 1.8788463516240572 51.27445610841535 81.84791806016759 55.75665272240515 43.74178482958881 55.791575914655816 81.8955000671617 70.73695834122952 37.80225949357123 15.784609190607567 38.26416690415003 71.23193502542276 70.00742509763782 36.431801308251465 12.18048536702696 36.9364833257402 70.53435245763615 79.94407069079865 52.94908994523262 40.137022130746125 53.03939759720978 80.06370951627058 97.3328142865799 76.53702456454522 68.09492449896572 76.22784647372248 96.84634032653844
22.477385120527764 62.58250041511382 54.07852332877305 11.75733670130268 17.101908453790845 0.0 41.96010918206205 52.53385267613033 24.23155407939686 31.79425677802914 53.69373197372162 40.21683104245407 34.269051101092664 31.041758064889745 10.266200762495256 38.83478907710559 38.536026341973646 46.55093152941638 26.10959778571962 34.8595682534274 29.924303174940412 50.17519434859729 19.456317189475197 10.3288355654618 10.058820416035386 4.2242570736380625 15.718523604748546 54.71128830534216 2.839708831488795 38.14488674227661 54.26290868906426 20.19071521876113 35.11137658147562 29.162288983948375 12.290884889532302 41.37335425128473 36.43983420194001 42.35546597011855 15.556501386895876 43.594846507457326 97.70146318804208 72.81260300333473 58.75851137672608 63.231625153501696 83.2988741628469 83.88100907082621 53.05825394976 31.451065570241674 39.471474801181685 67.24330230236576 78.19931301838123 43.62049289011906 9.231281728629048 25.739853217876654 60.288621181363624 82.35869838902885 50.64024851422429 27.216829285875654 36.22041249006379 65.40582713513463 95.07604019119641 69.28349339630363 54.366805114482666 59.21228371668352 80.31959655436768
64.31961525832709 48.11742234509533 95.93907036573015 47.096954872066775 41.24512467080772 41.96010918206205 0.0 75.97946794489644 21.48731947420041 73.56348864978519 95.649740490302 82.09573827303979 8.557228492780677 52.16837983165793 52.20227256243828 80.7297174256211 78.87974483647209 88.51098290385404 52.28054808335458 75.72632114276222 36.942071159872604 47.427285322812644 59.8832188744622 47.28467850342147 49.907282980080915 45.69368905635876 53.85226331617261 73.62816621096292 43.462359745433076 80.04744628606525 95.99447556859838 59.439230477341226 7.925432225887078 33.49668894311615 51.06218520509504 83.30808389825957 78.10366187236396 83.66087110608534 40.00392218805334 85.52925339442771 81.79582407288848 72.02133831085312 77.96372421104083 96.76964501937994 122.65862742489851 58.29749280491822 43.878475895284055 53.35597894389455 78.50616022646409 108.96967816320159 41.38117705587851 15.956095352048091 34.5201655615151 67.25724027209641 101.24366940505926 40.398828731694536 13.228668688896963 33.358375841005824 66.67395333464978 100.86080566176682 56.19246293090108 41.06735061266436 51.090931059248824 76.99909571166205 107.89930396905886
53.72307851884679 55.03215080336174 67.64840614321699 62.49161444744977 38.82333971820849 52.53385267613033 75.97946794489644 0.0 70.21585431664045 57.40569098285517 64.35272142901839 59.50905827844987 67.90371634183983 24.438663076090535 51.3667838454971 58.53794612882863 68.58938246272741 59.3845893526353 27.03861242626989 64.51794822488624 39.104711550968176 39.6204055124358 59.43233227344414 60.64006752656887 44.28749686101086 49.597557606212554 39.02982560548033 7.923824722813609 54.51664573046791 58.0593708622542 69.69645904312463 62.3507659289954 73.4983539298263 42.526007228847114 41.82401568657703 58.68334880891217 48.78131898184803 47.70183426892955 40.670027294882615 59.79832327288961 76.23806035381133 41.80071893819939 8.787045906831175 28.31921719568994 62.62266174612681 79.32285015247439 47.14620368023328 23.414932292744375 35.617385571120174 66.21013384167335 91.44174327725206 65.36995696997364 50.790499363488024 57.27934242309111 79.85597036164779 109.63830114339892 88.87397110211778 78.55789326095757 82.6972589755972 99.50409481071748 131.41080361721467 114.44916314963062 106.40984762518342 109.28006903862692 122.29408978653656
45.2004785401257 59.78266680160101 76.4358371254967 26.360332371373673 31.48751791494841 24.23155407939686 21.48731947420041 70.21585431664045 0.0 54.117826871589656 76.58429841587808 62.77307751665136 17.029839133670382 45.95258614324559 33.741658678290776 61.47191531257807 58.252681329380884 69.63154219448296 43.51419083554706 55.405657550388625 35.43778908516379 53.05160900594038 39.715285943823716 26.867794296656957 33.86375158586614 28.42694709218535 39.011648108016495 70.1314650497483 24.803974509983778 60.82337372430659 76.23002364548583 38.84614686897779 13.573247792230552 32.546296388867354 35.71034440924989 64.18265226883929 60.35466774289017 66.44933090424492 29.694420064713984 66.37928013150606 95.51578185534775 78.35673748446484 74.50529375012839 85.77322453314773 107.50720932735632 75.54534623170669 52.48790307413852 46.879350217429916 63.52306557905946 90.9257890789363 62.34980055850716 30.855882651786974 20.285991542844428 47.600477998501894 80.71516370877282 60.53563705945667 27.040675839044745 13.881115034977201 45.26615698897879 79.37390623879831 70.9810484529252 45.74200025879587 39.257836871904544 58.179470126394556 87.31179503444635
9.329801203484834 88.82950163364308 22.394382728428273 28.41354760933211 41.47149691877273 31.79425677802914 73.56348864978519 57.40569098285517 54.117826871589656 0.0 22.51516506399186 8.66036466078739 66.04560344824345 47.56352901669022 21.564056634822062 7.400610991487076 11.208964846496837 15.809605378939384 41.38542992543493 7.1396681609728585 55.77495411603255 73.85342681658508 14.888391151157052 27.480804084868723 26.501236434712155 28.560768730686032 26.37242313547479 63.264327193910255 30.103161270207906 6.7948861358618995 22.470173573903285 16.887110002919528 66.38794588252198 56.48719827780655 26.906404235171763 10.191134676754379 11.788594594449847 17.850220881231753 41.119238268463086 12.332523553219618 121.49238242827691 91.41382254196184 65.93463649697057 52.27874333759057 59.27528234843782 112.20391621327235 78.7766971559518 47.081419235328724 24.947843219162237 37.72230834940942 109.51806238392582 74.93818387234961 40.39939366117899 6.583677289559361 29.145030407874074 113.9030055409135 81.15670683205674 50.92899902803286 31.55868036717384 42.3435137616442 124.61431966968546 95.48691610767224 71.42520797137644 58.99284895155515 65.21915999026098
31.441962170766786 105.8165304849066 3.9595661099494244 50.897133514368434 60.48976731445507 53.69373197372162 95.649740490302 64.35272142901839 76.58429841587808 22.51516506399186 0.0 13.866769643872352 87.8953292700885 62.54776399692659 43.448645673128055 15.123964579223243 23.018729058335637 7.219172203806348 56.959452298825674 23.35624677404205 74.04128433406794 89.91289889844023 37.31533018107971 49.994942511336546 46.829552223850165 50.09109406893246 44.85087445022197 71.63200258827266 52.27143798948677 15.763111284559303 6.517271960663952 38.99578770945143 88.64557241453001 75.39849939633797 46.50014471810509 12.405061909054087 19.244961230716623 17.058551059079683 60.575805117463105 10.205233911031527 135.99808802776033 103.54986213275106 73.10601218886146 48.59243933280999 42.10442227553281 130.12754242421224 95.78437612570981 61.73302892238355 29.019609714488123 16.375572479975155 130.1439727292094 95.80649091717991 61.76701727047699 29.091163603808198 16.50084343207384 136.0452451303926 103.61121888912557 73.19208606894445 48.720622683518364 42.2508877458867 147.12461479852047 117.65950843373587 91.85112314903608 73.64956877803691 69.33001081773891
17.776202561804734 95.32533474816542 13.862339692470238 37.03217963756483 48.624257393805344 40.21683104245407 82.09573827303979 59.50905827844987 62.77307751665136 8.66036466078739 13.866769643872352 0.0 74.48495040957522 52.96511555444797 29.951721511684497 1.4226131961577468 12.3826228000017 7.462576777504856 46.97082990981058 10.77578035675836 62.682088373693034 79.91167587816564 23.4585426318201 36.13152069314998 34.14836283481708 36.80454876923169 33.09490469032478 66.03383198440191 38.6410763979513 2.13391979423662 14.239498370230967 25.23334269433375 74.97973275382083 63.676621851417856 34.19349828722019 1.9857332776182264 10.736744016564572 14.06095194928657 48.468777897822484 3.7685878368172627 127.06736980327742 95.93885885561876 68.2438400039258 50.04985165465018 52.41719656750928 119.12737222692289 85.2493939849161 52.33004558106684 24.581584595486927 29.409540409450052 117.5088947341417 82.99392415475712 48.605513921525635 15.226751216000855 22.272524636447216 122.4629210701429 89.81026279811033 59.40900900922242 37.25329758378082 40.50946546904616 133.25818045566706 103.92818156167448 78.9884129023255 63.81261640238699 65.57216514813211
56.74112726317934 45.08943500441161 88.34703632330702 40.588076822891814 32.6881489179863 34.269051101092664 8.557228492780677 67.90371634183983 17.029839133670382 66.04560344824345 87.8953292700885 74.48495040957522 0.0 43.880973607320506 44.533231219187 73.10070085565467 71.97473943027865 80.7188064042749 43.78623586572022 68.63016457544872 29.094588896211654 41.77677075013755 52.81871688594875 40.54447609048306 41.72799841999011 37.81160472862182 45.47810487904904 65.90364899131232 36.010732061401285 72.40913372801522 88.51512303275499 52.65157132876618 7.077365986851372 25.649618618792534 42.77054631249656 75.61934019608505 70.05017343278453 75.47802192633205 31.450925074580514 77.83997362812426 80.13677255994193 66.95300096196063 70.27286013662633 88.25312412513672 114.16532518060947 58.810981406607105 39.32846990166458 45.050545483869996 70.05141572186666 100.89438107612231 45.81043571248948 14.109422011242282 26.35162392721311 59.87146985408564 94.17871440033541 48.38980601427718 20.97196118035404 30.543752032748376 61.813155748031754 95.41309900343626 64.7120514122371 47.63356876467407 52.39347360583017 74.94002406897326 104.31562809558999
40.58220904121048 43.50391996802664 64.80210310337061 42.34079967487004 15.049029989817104 31.041758064889745 52.16837983165793 24.438663076090535 45.95258614324559 47.56352901669022 62.54776399692659 52.96511555444797 43.880973607320506 0.0 33.44037435618094 51.65112371452788 58.19450748422278 55.918956337808815 6.236868222218043 53.86264116374854 16.27046585611474 27.385570335867452 43.62461452326019 40.63214591790913 25.469531559553285 29.217850616374154 22.195926828164772 24.429669985643383 33.52536166597438 50.99631363964507 66.1685571996248 45.9919439165251 49.19710156521866 19.39303206226171 23.49002750415604 52.9596008133388 43.6035776380022 45.94728762817392 16.926186069784666 54.76799393804032 74.11042473148225 44.28874563708343 28.730978453503102 45.65395330560671 75.74916487004822 68.21301653902161 33.61342300832392 1.2502768457142277 35.61065266063344 70.2106001862435 73.53015695679903 43.31984231395056 27.22817190042282 44.73229038462981 75.20254059519837 88.05292191829585 64.82044261285297 55.18022327359042 65.44324899501554 88.96951823684728 108.13316217244015 90.02761827987659 83.13772801888574 90.07502464054527 108.21209166768438
12.23533438176943 70.1242609769767 43.8138359816861 12.178930565037497 22.576523346470903 10.266200762495256 52.20227256243828 51.3667838454971 33.741658678290776 21.564056634822062 43.448645673128055 29.951721511684497 44.533231219187 33.44037435618094 0.0 28.56870259893303 28.995292370074825 36.32541628233725 27.50763492628505 25.08854618825902 36.82515980440335 56.451245331024886 10.81052718143429 10.370099050108578 7.978702866847726 7.14035096444758 12.365564235613201 54.961248776002414 8.959955655117458 27.878687418288518 44.02154820233236 12.704015165966293 45.24861101599533 36.81493778378493 10.048520905274078 31.112126892844252 26.616757048957897 32.79415529274658 21.650173950237843 33.333656713410065 104.41944958744408 77.28557588461697 58.63013890900539 57.4170732419176 74.50329907752982 92.426211701597 60.28216104397448 33.46808587992197 31.640576904989786 57.24490320887423 88.12582464151923 53.52224445212035 18.919692072631722 15.688634725178144 50.290816114307646 92.59662509569888 60.54072639036795 33.927319681399915 32.121416316371686 57.50953527989004 104.72096440693868 77.68873579383764 59.15565824280326 57.9485727739661 74.90978055321773
16.41508349565775 93.94708924001453 15.252696978981664 35.81158941035828 47.20944422416282 38.83478907710559 80.7297174256211 58.53794612882863 61.47191531257807 7.400610991487076 15.123964579223243 1.4226131961577468 73.10070085565467 51.65112371452788 28.56870259893303 0.0 12.385045578669512 8.478962962282047 45.63888503240036 10.29741417083877 61.27833180514687 78.5594203777601 22.264773704006227 34.8790559645278 32.7259973900018 35.40336887229083 31.689274514470302 64.98932100885897 37.282255564500005 0.7113065980788735 15.66090220018088 24.128249465477154 73.6330203297349 62.26261888207155 32.773110257929154 2.8270378380143386 9.853355268855585 13.77271633692701 47.04922665349261 4.931915852455517 125.75914138470864 94.72042012351208 67.25595281789805 49.694841251612644 53.01509371901108 117.72769892168093 83.87129356022939 51.02766702162892 23.834803300391286 30.450271324351025 116.08906391506953 81.57681974405503 47.19891640349861 13.983966928294171 23.626645630201658 121.10310744914044 88.50497586160849 58.26774092873447 36.76899885631316 41.274928038850675 132.01370555233365 102.80751791584068 78.14045784625637 63.539394821121114 66.05570654384198
17.97016571803568 98.45062902984564 20.98280556573784 31.907303323201496 50.74217310579425 38.536026341973646 78.87974483647209 68.58938246272741 58.252681329380884 11.208964846496837 23.018729058335637 12.3826228000017 71.97473943027865 58.19450748422278 28.995292370074825 12.385045578669512 0.0 18.794957574067553 51.97043972373026 4.332328288799112 65.15863215207789 83.9210651720134 19.205278148123927 31.597769288015986 35.45251446246133 36.10374927749968 36.4252552675095 74.4722017253828 36.29790870666848 12.447378302240713 19.772530471138992 19.453705462446543 71.30986958781416 65.51101322382554 36.3547906915428 14.286112729795027 21.39766829506323 26.128638775607786 50.13193720517829 15.249317172014303 131.78001557454357 102.2770691357858 77.1362930363831 61.92090927296601 64.13402199998569 121.27061752196754 88.46270378776559 57.789016194541986 35.33162845062986 39.39429769143137 116.7013985883859 82.14806704384512 47.66809490010252 13.821848270230182 22.46538612291016 118.76024668181958 85.02132540723248 52.42232332927306 25.737498325754466 31.170214703970746 127.12542675216687 96.26310233437765 69.04419631802409 51.59866908731246 54.337369196484204
24.433287706890663 99.01002452209882 8.88472726952223 44.19758679548821 53.351617597205426 46.55093152941638 88.51098290385404 59.3845893526353 69.63154219448296 15.809605378939384 7.219172203806348 7.462576777504856 80.7188064042749 55.918956337808815 36.32541628233725 8.478962962282047 18.794957574067553 0.0 50.20401940706385 18.005526568668454 67.0048277695786 83.22215738309848 30.697987703686756 43.206959359117626 39.6109228750967 42.908317593664094 37.704354243629425 66.39699331631907 45.19021984701056 9.028403188733813 10.47970341667013 32.60652794093 81.55888845773502 68.29679983987475 39.29862565228573 5.65192649325263 12.342484266990688 11.72124635718031 53.40592922526465 3.7526779024884904 129.67570951163114 97.64297968518765 68.1713446534878 46.42555211565513 45.366843121492984 123.20755748873741 88.95791955520177 55.152250260267614 23.767204170788116 21.97360479463631 122.93928840429392 88.58941997547635 54.5614636370923 22.375714098015703 20.47542754598104 128.90962982880956 96.63269059065045 66.72993176749458 44.30252106649715 43.213026149830064 140.32422441734928 111.27803155375987 86.42613528146619 70.36275735309925 69.4774970522166
34.34595355565625 48.8622208490783 59.071579577022696 37.004927974546014 12.047801985337857 26.10959778571962 52.28054808335458 27.03861242626989 43.51419083554706 41.38542992543493 56.959452298825674 46.97082990981058 43.78623586572022 6.236868222218043 27.50763492628505 45.63888503240036 51.97043972373026 50.20401940706385 0.0 47.639184730446516 18.85588099517935 33.03438903992581 37.51633242690153 35.23953471463413 19.587462029693864 23.81793318432202 15.997532122914167 28.60569790524658 28.40293613661818 44.974995021953305 60.35519247257026 39.95017333312282 48.427247925695085 21.38572158123285 17.481886203111117 47.03859366734471 37.862594629727454 40.62076621263988 13.819810095907924 48.89713493056221 80.18214069266885 50.51315474056149 32.69274609079608 44.507147984356415 72.71719553097783 73.32916229816097 38.84884149351857 6.012731857283547 30.950402587900733 65.38008804889759 76.91564526327295 45.20103179985462 23.771699363128917 38.495424805312666 69.23543454522076 89.69780493342844 64.44571789383718 51.532586355613844 59.60509135620164 82.73287696944094 108.4715790561345 88.54074378308106 79.42023656565134 84.6783057473736 102.11751942206243
13.730299007888018 94.2400416410215 22.005612160679824 29.071966695976027 46.563042571139654 34.8595682534274 75.72632114276222 64.51794822488624 55.405657550388625 7.1396681609728585 23.35624677404205 10.77578035675836 68.63016457544872 53.86264116374854 25.08854618825902 10.29741417083877 4.332328288799112 18.005526568668454 47.639184730446516 0.0 60.97435303558819 79.63898048533127 15.844108680643748 28.569977116121763 31.294821374048944 32.22527559896132 32.12164653006322 70.29853381220774 32.743709437977486 10.12493243274913 21.263022831934197 16.614166519989872 68.25950842720678 61.39376125047586 32.12267687784147 12.760222097795914 18.17560817083327 23.521913267022313 45.99782914955868 14.26355281099702 127.47708820425864 97.94859615610099 73.02215458013713 58.867059817399614 63.191886395568545 117.17244276729723 84.23827134744812 53.456782188878464 31.843444411149818 39.56284279305153 113.05735237568169 78.4689947795889 43.90507507032062 9.632359619529268 25.549233774228416 115.79383889411997 82.32783165641895 50.42194877245258 26.489927984716 35.4387071623367 124.93234172612594 94.64415891178966 68.56926405798536 53.29888820080786 58.09130181943685
47.25430546919698 33.334579112683535 75.70843207468026 41.49464724053329 14.416835626304515 29.924303174940412 36.942071159872604 39.104711550968176 35.43778908516379 55.77495411603255 74.04128433406794 62.682088373693034 29.094588896211654 16.27046585611474 36.82515980440335 61.27833180514687 65.15863215207789 67.0048277695786 18.85588099517935 60.97435303558819 0.0 20.302633574581563 47.61814664365939 40.213980626016955 29.713486020749635 30.347416706802722 29.590565280456108 36.810214530219945 32.76385084628227 60.57678343851978 76.67966819094863 49.17192587519824 35.220854336859155 3.4504092181350527 28.910787047555647 63.11715017788182 54.802580480640074 58.44702699795578 15.175115272824002 65.15926791827316 67.84918216068141 44.185799523857185 41.18352746641356 61.92419305078952 91.47651682360963 56.46578629098507 23.457409875154323 17.520480918634124 49.58363179691897 83.69562682517557 58.06699781859049 27.05471598142714 22.067796474615047 51.350425401415805 84.74428181119877 71.78909872475302 49.97496585659784 47.28777605141393 66.10283163661023 94.32841020067794 92.37953616042391 76.46415930764168 74.52721083779232 87.50194964358961 110.24348400216967
65.96264749911327 16.408865591518907 92.09627373519469 61.78975686406024 33.901707061917264 50.17519434859729 47.427285322812644 39.6204055124358 53.05160900594038 73.85342681658508 89.91289889844023 79.91167587816564 41.77677075013755 27.385570335867452 56.451245331024886 78.5594203777601 83.9210651720134 83.22215738309848 33.03438903992581 79.63898048533127 20.302633574581563 0.0 67.2507646978972 60.486696169589024 48.898672223355646 50.322834522687636 47.54808214495817 33.69482349618729 53.013978104059625 77.88423260189685 93.38907169281194 69.02043083292294 48.807886277133996 21.794551101262524 47.65931431371896 80.04255389638864 70.88511557673884 73.32663213620965 35.019780541267494 81.92227848402375 47.99100504481515 25.39832706923234 37.17332472395985 67.18243613086247 100.19953082666929 41.34321184053563 7.526576549291303 28.264672232920343 62.737454450556484 97.30333415689385 52.15394503568576 32.52916754432013 42.321318391845224 70.13469705170051 102.1836188478474 73.04380470208835 60.411173736936874 66.01822505035678 86.38336520672092 113.84440762296438 97.75071538560114 88.49062487764319 92.19913542701075 107.54288448867622 130.47974930458867
7.978941844189304 80.89249512943493 36.83497100399325 13.60031845918702 33.38657738361782 19.456317189475197 59.8832188744622 59.43233227344414 39.715285943823716 14.888391151157052 37.31533018107971 23.4585426318201 52.81871688594875 43.62461452326019 10.81052718143429 22.264773704006227 19.205278148123927 30.697987703686756 37.51633242690153 15.844108680643748 47.61814664365939 67.2507646978972 0.0 12.853313203690645 18.502462377390486 17.505527341941967 21.627888693036617 63.82818362572914 17.116753926216045 21.67824901220769 36.52999210986403 3.1072154570405943 52.43816151850162 47.52054806049656 20.18598453472081 25.072882663631717 24.145712909118174 30.754425456179945 32.446586242951135 27.18745361552183 115.22556993799584 87.75277267614548 67.22312073502505 61.09114925117629 73.07592475867972 102.97322435678292 71.07515498841323 43.52818968831027 33.653556392231195 52.58567616470332 97.52127655673846 62.997144227302016 28.66591774771305 8.34765594899792 41.3821910895511 99.98868905014324 66.71955435331893 36.05696121047094 23.314255170549433 46.71026718454335 109.84294552624424 80.62398006210154 57.70428538215004 50.53857788521394 64.6012079687225
19.049799649991346 72.62284606049367 49.65412431381909 1.8705036129202635 27.312960204565186 10.3288355654618 47.28467850342147 60.64006752656887 26.867794296656957 27.480804084868723 49.994942511336546 36.13152069314998 40.54447609048306 40.63214591790913 10.370099050108578 34.8790559645278 31.597769288015986 43.206959359117626 35.23953471463413 28.569977116121763 40.213980626016955 60.486696169589024 12.853313203690645 0.0 16.355540815502764 11.43219201391266 21.836215834199624 63.57921044222113 7.504912715614963 34.25780628356087 49.38219421176751 12.156129241775632 39.72481376424055 39.315139412731824 18.83175299716476 37.647793984286515 35.179156882093935 41.661396823480416 25.836217093209495 39.81002621415297 107.9126680330554 83.0683296133282 67.45606884464308 67.78691202314023 83.8724033141453 93.3502545142712 63.21712992728263 40.906817548778164 41.775071941194845 64.89816836700614 85.84264137602445 51.60868763483875 18.783151125164007 20.904771198370785 54.000599231724074 87.23123350599568 53.866290771533805 24.263437726775646 25.89786643023443 56.102874324134596 97.1351806765306 68.63493113296147 48.79628129344763 49.459207589137826 70.04400198038498
17.61855815811766 63.0316461408634 47.80241049225713 18.212226467185573 15.298064060950564 10.058820416035386 49.907282980080915 44.28749686101086 33.86375158586614 26.501236434712155 46.829552223850165 34.14836283481708 41.72799841999011 25.469531559553285 7.978702866847726 32.7259973900018 35.45251446246133 39.6109228750967 19.587462029693864 31.294821374048944 29.713486020749635 48.898672223355646 18.502462377390486 16.355540815502764 0.0 6.008133908388013 5.791141690372884 47.42320980996445 10.984678119264755 32.01482292362414 48.384726817907634 20.632393329127066 43.66115668097032 30.11651971057659 2.495456641467068 34.94239562607766 28.395842700441673 33.75923971016036 14.712191553289342 37.11791849756217 96.88907674796519 69.33848144362072 51.21487729977473 53.22507997052462 73.7405007571971 85.9001310786831 53.08126566359888 25.519687929854147 29.660304150311866 59.186639330046546 83.40690255914598 48.98344872512347 15.391513392025256 21.66270299383526 55.64620650602866 90.11744544019876 59.6080654767074 37.147276521952996 40.019370591425975 64.94621681384582 104.26933213212618 79.23877965623309 63.876858576234504 65.39495550428155 82.87053537161403
19.24560177153252 63.494761169397144 50.65246355115732 13.1869954265066 16.519287569419358 4.2242570736380625 45.69368905635876 49.597557606212554 28.42694709218535 28.560768730686032 50.09109406893246 36.80454876923169 37.81160472862182 29.217850616374154 7.14035096444758 35.40336887229083 36.10374927749968 42.908317593664094 23.81793318432202 32.22527559896132 30.347416706802722 50.322834522687636 17.505527341941967 11.43219201391266 6.008133908388013 0.0 11.7803292449518 52.24326011537077 5.044699055633775 34.70343292747201 50.96105157771846 18.839684280137227 39.02810233295135 30.06170099534416 8.388548640767825 37.85889728404726 32.48083169541356 38.2891043767451 15.303058740803587 40.07590923796869 98.16337933780287 72.10106692337557 56.17716565503087 59.228196940638355 79.08779910139556 85.47640135408844 53.759986424838004 29.477062370174743 35.24909056216167 63.33197990588206 81.01744009098066 46.41731859819186 11.83907651821299 22.816976131167888 57.410098996122336 86.07509945432376 54.69826360657348 31.14025488407232 36.638354826720374 64.10819566955128 99.20412432150451 73.49888307759952 57.94397875102099 60.89100806523252 80.32880169989627
18.547711609365585 62.469368222790386 46.27228748024909 23.70597749656134 15.648745157729559 15.718523604748546 53.85226331617261 39.02982560548033 39.011648108016495 26.37242313547479 44.85087445022197 33.09490469032478 45.47810487904904 22.195926828164772 12.365564235613201 31.689274514470302 36.4252552675095 37.704354243629425 15.997532122914167 32.12164653006322 29.590565280456108 47.54808214495817 21.627888693036617 21.836215834199624 5.791141690372884 11.7803292449518 0.0 42.63899051596047 16.775564667919788 30.987040703631195 47.14616625086849 24.20674616842956 48.0302031260309 30.643824002761598 3.4278588923213724 33.5751850569084 25.794864356218852 30.43242106977994 15.76065669403619 35.65185463135098 95.3558183624742 66.47938041518647 46.272033118630816 47.51327374585866 69.05605273758404 86.04970389346413 52.41030279599981 21.999493100437473 24.8186444590512 56.060700026737706 85.45354828107992 51.43478101165947 19.586117679151663 22.727666795431027 55.1754401376307 93.733718947678 64.1529766389094 42.89547476996422 44.26355273576141 66.88292343153245 108.88328655797562 84.59880960588819 69.66427401985878 70.31377928728713 86.19575416164297
58.75457488472354 48.38994163611846 74.82152047427951 65.38708792354906 39.46580169427506 54.71128830534216 73.62816621096292 7.923824722813609 70.1314650497483 63.264327193910255 71.63200258827266 66.03383198440191 65.90364899131232 24.429669985643383 54.961248776002414 64.98932100885897 74.4722017253828 66.39699331631907 28.60569790524658 70.29853381220774 36.810214530219945 33.69482349618729 63.82818362572914 63.57921044222113 47.42320980996445 52.24326011537077 42.63899051596047 0.0 56.95625919730206 64.47249127411345 76.7936377817426 66.61827032285831 71.943168548252 40.25403428040443 45.05688846508201 65.33762891399725 55.37287547627616 54.798319970444055 41.34450974429069 66.5791638071555 68.34591961197461 33.87985572931152 4.402110319375 35.857587491151236 70.33497451836749 72.27322836592212 41.17071082487426 23.695542008792945 42.69395018443658 74.0196693012777 85.84083842100996 61.81063949414274 51.645549023860994 62.520174978334914 86.86244176898325 105.3884820612891 86.74275737915356 79.60282378326026 86.85414752463868 105.57180551712226 128.20863371380923 113.16389672635194 107.56071850215913 112.8147848854921 127.59181044202491
20.86719492011241 65.38499712328155 52.477601268215835 8.991576824175272 19.84572723415661 2.839708831488795 43.462359745433076 54.51664573046791 24.803974509983778 30.103161270207906 52.27143798948677 38.6410763979513 36.010732061401285 33.52536166597438 8.959955655117458 37.282255564500005 36.29790870666848 45.19021984701056 28.40293613661818 32.743709437977486 32.76385084628227 53.013978104059625 17.116753926216045 7.504912715614963 10.984678119264755 5.044699055633775 16.775564667919788 56.95625919730206 0.0 36.60466291367734 52.55128171495531 17.619396649670605 36.374406582494665 31.981759992906564 13.411499590839577 39.89201320141581 35.553687830674015 41.6613648156849 18.34048471885853 42.11057240584654 100.53461326436118 75.5881518665209 60.948444890304756 64.11428203959632 83.07438463835072 86.5587810262885 55.882077344666875 33.88251587998764 39.598958510989746 66.20396111007702 80.40752807817333 45.882357168142185 11.826449740357123 23.861961656943603 58.256120719391966 83.82190175718549 51.58274412988251 26.27339078522108 33.38631349160056 62.72036421722948 95.78419714590135 69.20651026910122 52.90814347926094 56.602156958006596 77.47992411617551
15.738603223182334 93.25846614091851 15.950009026188592 35.206982356598 46.50221611169182 38.14488674227661 80.04744628606525 58.0593708622542 60.82337372430659 6.7948861358618995 15.763111284559303 2.13391979423662 72.40913372801522 50.99631363964507 27.878687418288518 0.7113065980788735 12.447378302240713 9.028403188733813 44.974995021953305 10.12493243274913 60.57678343851978 77.88423260189685 21.67824901220769 34.25780628356087 32.01482292362414 34.70343292747201 30.987040703631195 64.47249127411345 36.60466291367734 0.0 16.371682897375816 23.588465610511992 72.96074442111546 61.55576618408629 32.06299023164019 3.39625047191781 9.461075491949442 13.681895227140226 46.33952145513088 5.558995860314778 125.10596336247076 94.11334923564607 66.76789480379999 49.5317058798722 53.325761483240555 117.02806970501472 83.18280533584323 50.378916553336445 23.48483527474413 30.982024919046463 115.37917420730977 80.86834007573887 46.495983087768145 13.376019246457352 24.30664043785505 120.42374469974332 87.8536984538692 57.70179485534968 36.545214201714316 41.67060099217592 131.39282389483407 102.25000229514892 77.72277570859289 63.41431114385832 66.3076010189035
31.78831938091993 109.03988190270096 2.5633884198661376 50.0653678241265 62.745708525468146 54.26290868906426 95.99447556859838 69.69645904312463 76.23002364548583 22.470173573903285 6.517271960663952 14.239498370230967 88.51512303275499 66.1685571996248 44.02154820233236 15.66090220018088 19.772530471138992 10.47970341667013 60.35519247257026 21.263022831934197 76.67966819094863 93.38907169281194 36.52999210986403 49.38219421176751 48.384726817907634 50.96105157771846 47.14616625086849 76.7936377817426 52.55128171495531 16.371682897375816 0.0 37.740496972192155 88.74591846621574 77.78167032086205 48.384726817907634 13.571003597304554 22.588902886215884 22.004110516321077 62.64423778313222 11.530250215918175 140.05544013880277 108.11915588756708 78.47794483990074 54.97848837715377 47.76286156656713 133.05435472486263 98.97111583493937 65.43660225630855 34.10956973316975 20.971963843312043 131.7461182574662 97.22164319626992 62.784627077655145 28.75107216201936 10.304958290757218 136.29483232320555 103.24761531231206 71.68464925821242 44.85686050220535 35.782915657496936 146.15442572102276 115.84160999302188 88.72552240740436 68.7017854508432 62.947832378661694
10.936981478877637 82.32821083673551 38.23667687391779 12.486327067099012 35.11935385068757 20.19071521876113 59.439230477341226 62.3507659289954 38.84614686897779 16.887110002919528 38.99578770945143 25.23334269433375 52.65157132876618 45.9919439165251 12.704015165966293 24.128249465477154 19.453705462446543 32.60652794093 39.95017333312282 16.614166519989872 49.17192587519824 69.02043083292294 3.1072154570405943 12.156129241775632 20.632393329127066 18.839684280137227 24.20674616842956 66.61827032285831 17.619396649670605 23.588465610511992 37.740496972192155 0.0 51.856170105691966 48.87854543199 22.501916448618235 26.95498038263896 26.825946655758436 33.4203149181017 34.05599164132819 28.99757349467035 116.9390761071303 89.97059372834646 70.06741064575644 64.17904969396761 75.6520514693157 104.03996938468298 72.59805773151106 45.95072830074814 36.70544326542117 54.57049008765748 97.74575062562786 63.34090022293803 29.406811064239026 10.59737954203568 41.88915599093392 99.32054117669036 65.72332179477027 34.19630434083992 20.348624237428563 45.31658483544034 108.4219159171584 78.69508544763292 55.0030176352834 47.46112386615614 62.24624858492188
57.223908384003565 51.97816295753457 88.78231318703702 39.44192742907175 36.78550049564008 35.11137658147562 7.925432225887078 73.4983539298263 13.573247792230552 66.38794588252198 88.64557241453001 74.97973275382083 7.077365986851372 49.19710156521866 45.24861101599533 73.6330203297349 71.30986958781416 81.55888845773502 48.427247925695085 68.25950842720678 35.220854336859155 48.807886277133996 52.43816151850162 39.72481376424055 43.66115668097032 39.02810233295135 48.0302031260309 71.943168548252 36.374406582494665 72.96074442111546 88.74591846621574 51.856170105691966 0.0 31.82140615563512 45.04388117293376 76.26160632452587 71.5068949073961 77.2638849193479 35.32425189130734 78.4787332613385 86.74888762142591 74.0187338240602 76.33430443925235 92.57336947047662 117.07895223635776 64.56417262037705 46.39768538154669 50.3167254373323 72.83965496842099 102.34389400072295 49.13333980693229 20.35682242832092 28.452842860712316 59.99647675486113 93.72533855712447 47.56182959521596 16.243073390414693 25.698231311499423 58.75212857891308 92.94126098314865 60.931672494928115 41.24397487124808 45.65398006706311 69.73040951596397 100.17583445242518
47.734990406600645 33.465095188730785 76.91178377020358 40.47962582790895 15.055611211826703 29.162288983948375 33.49668894311615 42.526007228847114 32.546296388867354 56.48719827780655 75.39849939633797 63.676621851417856 25.649618618792534 19.39303206226171 36.81493778378493 62.26261888207155 65.51101322382554 68.29679983987475 21.38572158123285 61.39376125047586 3.4504092181350527 21.794551101262524 47.52054806049656 39.315139412731824 30.11651971057659 30.06170099534416 30.643824002761598 40.25403428040443 31.981759992906564 61.55576618408629 77.78167032086205 48.87854543199 31.82140615563512 0.0 29.590892572437692 64.21153162171233 56.20707913238381 60.142375848377604 15.404690933527565 66.2951844647424 68.60469977694734 46.38490712785238 44.62436616913146 65.00713939062123 94.10282650249823 55.7839055794936 23.904792736428032 20.636973930791534 51.72215051071572 85.55306889285552 55.82301770869587 23.995087560900693 20.740531491824918 51.76316803128723 85.57763715588511 68.70007376700758 46.52456013238163 44.76816581623281 65.10500795454962 94.16981929141521 89.00688234372748 73.05928803469813 71.74852870419741 85.74847237106862 109.32752166903056
