0.0 103.00399305363453 17.24894744611477 88.48971412278888 100.1709688141342 61.4321977562097 99.29337689313343 69.24877552994833 26.338635631349547 79.55281137555575 72.25079845852488 91.92998091598525 11.921612584973275 64.86000643713264 95.07813111603677 21.06060985765628 54.0628605194386 60.06843730634474 81.53618785985329 69.08966732184477 4.650885022373173 85.3590650897974 26.569579598389854 57.17289381591096 91.66204915919316 67.9844079857533 100.48430363778304 99.58015874533241 26.172496218677654 75.29998041767092 23.696615877969165 61.89613596557127 18.181288450672305 98.99760107574568 61.290876156238795 66.98955220994046 63.42815489394828 61.22276935490069 44.52143993262489 67.61983655993298 136.4264023238061 103.64908597281676 72.58738657076778 46.79263030731702 38.79429996243127 131.2472943704486 96.79658380245755 62.51525575251956 29.010135773770685 13.033455540325575 131.92994048980205 97.71173106292873 63.910127337604585 31.87907095462007 18.51741756688238 138.38758499104642 106.19385111783055 76.14433672027877 52.09224203038973 44.989543362408675 149.87526612808205 120.65709182115386 95.12320971588342 77.02901441808463 72.20294950045745
103.00399305363453 0.0 86.70256888780497 40.42262787777882 5.202080363063961 52.08248272224601 51.92333532021818 49.14985014058327 86.48940046107478 88.35853477041542 31.29749031546054 24.264341950781414 99.7143125564221 69.74651188315107 7.92593145285562 86.227323530678 50.184699833047425 57.397731303059956 37.05910516435433 34.87679637550783 98.50257454085101 22.73793807772869 85.598865055908 59.26128228624342 12.091616536897853 41.70246896879748 49.12061793412306 5.264632129145812 90.30342061412082 93.70545279871561 88.91304306865442 43.56037950421112 89.80984371981154 21.702313710207704 51.71219296141988 44.70787650022686 40.549364071547096 42.84512497980169 67.4968919981345 36.849803352226026 36.945137854645445 23.33602821428076 46.033047955566694 78.02792503153529 111.59084619431854 29.619589613518716 7.837099925802785 40.50153067910724 74.92784292353933 109.46617335366756 44.716280758215156 34.254217884199505 52.364005061477336 81.88686411238396 114.29680619432933 68.78630929101242 62.29205909516026 73.64661227369525 96.75807441219837 125.28050533529094 95.25332688752529 90.45503342113722 98.4160745948701 116.55053960876688 140.98590957378258
17.24894744611477 86.70256888780497 0.0 71.33399220742032 84.1575966454753 44.28584233905575 82.51682616815245 52.1696903712593 13.682052339971827 66.96478370585386 56.52898517238735 74.75253629429614 13.92853352439439 49.667723589570414 78.79014031210008 6.545954901888237 37.118374711711006 43.22908937350217 64.2950367590734 53.632824462702715 13.51361694385048 68.35677374773852 13.345242011672273 40.36670571790057 75.13089714648439 50.7480551873957 83.58067388236282 83.05602221608865 16.150947472434126 63.93703066851285 12.457020047681938 44.82960472379417 6.951005410399629 81.83852291769064 44.12378382953779 49.74351746992295 48.13700479875348 44.38120524396226 27.81979144744362 50.748055187395686 121.0217846378814 89.20089683387047 60.51569560739633 41.98000256026756 47.5111944379082 114.50965702263264 80.2315129891175 46.439001218427386 16.459557239201406 27.93034635700006 114.68216162487927 80.47526764111706 46.85498359156495 17.58864837044123 28.603879009424116 121.51082264037822 89.85720236721612 61.4700995088062 43.33184705615812 48.698504339903764 133.98139598308646 105.97711090320921 83.10258936029078 70.53858123492614 73.75704230759301
88.48971412278888 40.42262787777882 71.33399220742032 0.0 42.785699459673424 27.05757572979984 15.59801163069388 19.36925483352022 64.92164330784844 48.96999629209344 40.27839621285169 16.174835537696673 80.99440005529455 34.46707403076876 36.8107685453104 67.90809090191041 38.47054350894154 29.190596338477093 8.966122323020723 42.89362209414192 84.82298158923672 21.44282779665705 64.2641850403732 32.064134858698424 31.930866813538028 22.72448245371595 14.648537761454866 35.24417421324537 67.60010338549041 55.154068658580776 67.80755763872565 31.052993419131944 71.31055573301161 20.3261034103833 27.21026289788916 22.312686899595217 45.17512044859188 34.06130921400643 44.460151680292455 29.721035049947655 74.95910903033611 60.72100180617325 64.42046422184559 83.71222417866716 110.72606223247388 54.9067461634875 33.26894142540967 39.92153395813795 66.89895368522119 98.75244733589169 44.87420311400991 10.72161679242865 24.719753294166836 59.17798166513073 93.74355977740169 51.14445323377741 26.6737436996629 34.67080304581648 63.933426618504846 96.78710641734168 69.43269705939156 53.818165629124934 58.023185925061576 78.94165491246221 107.1992503537643
100.1709688141342 5.202080363063961 84.1575966454753 42.785699459673424 0.0 51.69935975507319 55.209536343964956 49.55135125118946 84.70063659513308 89.77371558885342 27.997369586141712 26.686720973288317 97.40207674869872 70.31338812346783 6.616905494415691 84.03751380089672 48.215432050591836 57.20106194801069 38.43149477411068 31.398706859902468 95.62266215748514 23.38770688816008 83.79374933002681 58.857489255606104 11.849812884352135 41.2736212006294 52.548656672341785 8.253129184851673 88.60777433166734 94.79035298195387 87.02996941925778 42.117292054700386 87.59068824014635 25.309706710517474 51.280368648456225 44.45958742463115 37.12153186627895 40.970445844287326 66.28033122893893 35.306127116959715 37.74884068325747 18.971697850990026 41.10624131405638 73.58239082619261 107.39581376049867 33.97005534117621 9.56040260623452 37.731825150227955 71.76930160857135 106.17357190268412 49.91262783853918 37.635599817763094 52.31092572040247 80.3196996112087 112.07542977991875 73.73476847870924 65.84041950235516 75.01916284529237 96.51713807821938 124.08871940492408 99.95215801381224 94.05743959695653 100.48806112443565 117.23301303179278 140.6555675584042
61.4321977562097 52.08248272224601 44.28584233905575 27.05757572979984 51.69935975507319 0.0 39.018877544962564 8.045299500257896 38.43073743379358 44.06669826067715 32.51477846715222 33.19664892457879 54.18768035412851 21.23340521725056 45.15710426106236 40.92967984494026 16.052880156586763 5.757566230028141 20.63743852389174 32.734752451335055 57.78483926960496 29.714472780582604 37.704392181805474 7.179734619296036 40.14587104210336 10.427188699949735 39.68634309975856 47.21163727486266 41.485194529998324 46.77400716141452 41.26047731360959 13.320151538713516 44.38098793966545 40.24430993420335 0.6259196292698668 7.423674140258502 31.33423956984066 16.96283753626437 17.793624032451497 18.63949990931311 89.01221964878305 64.6274951408327 53.15119905813899 62.194740508830726 85.4758473753662 75.45857037526305 44.362245297784284 25.23615930626613 41.23785432407166 71.82687161429683 71.1094990435494 36.557196902917084 3.3392664431033583 32.87441283376487 67.4177840169598 77.53003749411138 47.77037631805652 30.788745381795913 44.818753663299184 73.92110907321421 92.50393977922339 69.31590882139454 58.71284595266025 66.96632040032267 88.97507841714767
99.29337689313343 51.92333532021818 82.51682616815245 15.59801163069388 55.209536343964956 39.018877544962564 0.0 30.990498826071626 74.2519463930199 45.22665039274461 55.85068914572418 29.082367522318204 90.64818309145349 38.41569507316176 49.90511373284266 78.29213643315684 52.61503970890461 39.28774079081092 24.43043682387646 58.49160468044232 95.99691443988344 36.18780720304549 73.72646057986661 42.157060164847756 45.51128293091322 37.25891487390181 3.3075327222202184 47.11792122325647 76.30523058827205 52.61171265381789 77.16106366071503 45.72352582266989 81.4630137735862 30.247411929285345 39.346777695332136 36.08936972232852 60.69367972631691 49.002192773778525 54.78098963142152 45.1083165863532 83.16465419476978 73.8886820597213 79.98413769672177 98.64144436311915 124.32841236767986 59.29465000855389 45.71908940893029 55.31209880006637 80.1463344832803 110.37325358681271 41.48988942645937 17.67075671025944 36.02705677219253 68.39949163131764 102.24422012897708 39.155180623194795 11.211622876971486 33.363526946796235 67.0477553538904 101.35349125933432 54.32327293980069 39.122631998583536 50.04964739099124 76.64319011499194 107.88055661065556
69.24877552994833 49.14985014058327 52.1696903712593 19.36925483352022 49.55135125118946 8.045299500257896 30.990498826071626 0.0 45.591832065052486 41.85501734099348 34.6912844447048 27.895741651168848 61.62590776348453 20.784367443606243 42.93508041742823 48.56529587594059 22.730203437153307 10.036757493725407 14.21239421567596 35.7461376971038 65.68120797097916 26.41510220191964 44.920556752633104 12.818815004898605 37.71639672388248 10.685893466166139 31.644083111250453 44.02886257060568 48.37286070901366 45.832052520627336 48.469050025941826 17.638384996930824 51.95089683314489 34.63386921529537 8.35641991615842 7.558350605848073 35.55033425981311 21.447891779618633 25.091100568774603 20.70939776547301 85.96635074299951 64.2815103529545 57.17344026310348 69.28407144067494 93.41602337890116 70.30230859995567 41.31333857587401 29.428000275176387 49.19410902082899 79.80571051312282 63.94852729517439 29.353442357913373 5.3562496737402725 39.882435233397985 74.48075098302519 69.50727176874642 39.95821445928681 27.511761700171796 48.083003401111846 79.13212656833686 84.66352389063825 62.54480634571724 55.23213020087243 67.70611859495861 92.26290514572533
26.338635631349547 86.48940046107478 13.682052339971827 64.92164330784844 84.70063659513308 38.43073743379358 74.2519463930199 45.591832065052486 0.0 53.924708902438006 58.48204628662461 71.1266148402717 16.411278477831715 38.59689850602015 78.76188084059802 7.1376586679860425 36.50034638493904 35.76085291104805 59.06815573118909 56.24506887171394 24.30610239595644 66.0465743559543 0.9432217120714604 32.86764880777878 74.490925712831 46.93960863535597 75.74323267130515 82.27881102611344 4.204601841961691 50.485130590348895 2.911811769818185 43.000688198258246 8.407416304249614 78.25922923489112 38.455948961903445 45.08878688766066 51.33598369602535 43.736150334975015 20.63724092773321 49.642775222510636 122.32227844902204 92.50387594524553 67.42397078294206 54.12775739809139 60.89691223881847 112.6331045571932 79.38121989354532 48.07682269057791 26.762374099132415 38.934681637332396 109.47536021174223 74.87633739406799 40.28562622727794 5.852506336068933 28.99010781663683 113.3961850742092 80.4504228633605 49.806465179398394 29.731045968180734 41.01248469969839 123.72423774596543 94.33314457830896 69.88982938536495 57.14214963389055 63.56613254591414
79.55281137555575 88.35853477041542 66.96478370585386 48.96999629209344 89.77371558885342 44.06669826067715 45.22665039274461 41.85501734099348 53.924708902438006 0.0 76.16540258414562 64.44110458836296 68.08413136982335 23.12768278688818 83.2808240140712 60.66064393588904 58.754910877744564 38.824309335728366 51.371236177278774 76.715763157873 78.11385377768583 66.45676542749132 53.98352209371685 39.382060436454054 78.03918025586646 52.30969770301887 48.38042321837873 83.09390773860528 53.398703924075704 7.923405081612614 56.194369501099445 57.37869464734207 62.30802757631939 69.29347559700122 44.688233787624654 48.920915847333006 75.34522531406081 61.02092120997601 44.918074549299135 62.071699838602626 123.86269177515895 105.78033563148821 97.11674728837328 100.34199524461162 114.45540451434321 103.071331016543 80.71280740026661 69.2833052351885 74.03078141379902 92.49701570906552 86.57245282755423 58.43279292019122 41.579013711063965 49.37670369030798 74.4454481256583 77.17134360553827 43.464459937034725 14.756467638165974 30.67895781401257 63.71416344728517 77.49624094160026 44.03349564224639 16.342588667043994 31.46524682476527 64.09284982472359
72.25079845852488 31.29749031546054 56.52898517238735 40.27839621285169 27.997369586141712 32.51477846715222 55.85068914572418 34.6912844447048 58.48204628662461 76.16540258414562 0.0 30.67328469429763 70.04029845519655 53.69538918246829 23.506880681249957 56.96147811366565 22.64597511870453 38.18662316223882 31.772470761033297 3.771418551595 67.68114504073071 21.68870898753958 57.547843784845625 38.70276048837513 21.391717601961197 24.013725729990995 54.51404626934919 28.792151982290537 62.56668614421908 79.26778728176728 60.55991982255572 19.521185964217782 60.434955784497895 35.61669889619719 31.923330334943095 27.312318353199466 9.26821488574285 16.605666733451706 42.27360073262264 14.094927044805102 64.50449633932578 34.27045849443644 24.144213826939435 48.849424313439336 81.14452482171838 60.640640398251875 26.369706511719087 10.406218863187132 43.77295028275652 78.22216295774507 69.21070979373098 42.40257622262192 34.650640271377036 54.75570794890465 84.79705487357086 86.59833573263064 66.94962518959476 62.129000731927015 75.05033650078038 98.9943086370257 108.64888759646222 93.53089964653755 89.92315696742517 99.09094654846575 118.09552816530854
91.92998091598525 24.264341950781414 74.75253629429614 16.174835537696673 26.686720973288317 33.19664892457879 29.082367522318204 27.895741651168848 71.1266148402717 64.44110458836296 30.67328469429763 0.0 86.21274531297186 47.32724239685495 20.94943856426354 72.62057607195867 38.218974489317546 37.49560279412415 14.02437222015041 34.08569408450806 87.81043414172308 8.987450867194193 70.33645065996006 39.94041583897033 16.428916576216427 24.25799881569678 26.766610216918643 19.0708062854754 74.43130349347626 70.14742366505668 73.8621499706494 30.197402179890872 76.2020901442954 7.141083290976828 33.03555300914047 26.09704030689541 38.05073496653435 31.6595179781442 50.67223310081755 25.530623247738834 59.548643041176554 44.97430021635749 53.79730052024535 78.4883843485844 108.72680663866383 42.43841430469304 17.13703925633801 34.368390343284105 66.80975549719409 100.70128916115719 40.76209725843901 12.469460852153716 32.3152917996478 65.78693231441926 100.03206781624655 55.92528523526237 40.10141641497962 49.834053446342025 75.85226022731338 106.85748028837244 78.73501335202033 68.20193181049724 74.15233047438414 93.49008590796659 119.90407684756762
11.921612584973275 99.7143125564221 13.92853352439439 80.99440005529455 97.40207674869872 54.18768035412851 90.64818309145349 61.62590776348453 16.411278477831715 68.08413136982335 70.04029845519655 86.21274531297186 0.0 54.72839473735126 91.83956585606744 13.641346017694932 49.64294078479117 51.946918557721524 74.75213235452044 67.26998910100613 12.413613691842306 80.45287546023408 16.92253140638886 49.03755203318333 87.9534549627194 61.96176298323687 92.10385232894033 95.85573124647526 15.114047157531422 63.57953734876844 13.514160599929566 56.96123582642131 10.034596148630467 93.35057027542834 54.148485762628425 60.461060836687274 61.85352248597288 56.99598426464033 36.5351572898392 63.24701319511118 134.53351912480196 103.03098466658412 74.33914008558317 53.21691096193202 50.32473937934529 126.93919888881152 92.99432906265656 59.80949696450359 30.02086412765025 24.903299088991965 125.284726429577 90.7440737423361 56.281122609226934 22.25974404560896 14.774344243971212 129.79753127560247 96.82475236310133 65.55530435609093 40.18451074118994 36.426962454246876 139.88174804012536 109.8613524846371 83.4680185334239 65.26165400087406 62.81748854292256
64.86000643713264 69.74651188315107 49.667723589570414 34.46707403076876 70.31338812346783 21.23340521725056 38.41569507316176 20.784367443606243 38.59689850602015 23.12768278688818 53.69538918246829 47.32724239685495 54.72839473735126 0.0 63.699598642477305 44.129831402539736 35.63270682150921 15.77634337574329 33.32462094516094 53.964198815015955 62.38508068894468 47.06901145010316 38.30320045851631 16.265887127087442 58.46891298042921 30.380700656161014 40.666079467820005 64.56757405789189 39.71788476068735 25.57800659907249 41.37797269041464 34.527111160001226 46.69387114962665 53.44049401297742 21.841951071590092 26.93773774448569 52.318937774318734 38.07885567530182 23.7198187129738 39.69123139141785 106.39013152419538 84.87244516808185 74.04425381704347 78.46348712035623 96.04808072726426 88.98192191418912 61.915251183764724 46.30364427358372 53.37948913043488 77.133167245339 78.14228660031127 45.15057748160838 19.125388587030233 32.982335882638296 64.84394051790025 76.70897770385835 42.64579540216965 12.16194464065721 29.529889201959715 63.17411053574398 85.15835857395638 56.33629912904823 38.606181322864664 46.924641136718115 72.85761955888037
95.07813111603677 7.92593145285562 78.79014031210008 36.8107685453104 6.616905494415691 45.15710426106236 49.90511373284266 42.93508041742823 78.76188084059802 83.2808240140712 23.506880681249957 20.94943856426354 91.83956585606744 63.699598642477305 0.0 78.37634291819043 42.373649067152726 50.62872973545633 31.999907053912132 27.146650864373246 90.57769670278346 16.836760191517403 77.8649280685648 52.32482234813681 5.256831697713664 34.730129035700905 47.40839561276478 5.897599838116821 82.61358744685205 88.22473996621744 81.15252289424248 35.94452971749515 81.95293879010534 20.83200902201935 44.74809534061346 37.88644518704902 32.77445905980798 35.0546277976102 60.023762939977324 29.174499994205448 44.04143365858442 24.02564707662986 40.120552481307676 70.97132463504406 104.20672859376079 37.16283894182896 4.877041260635817 32.57834430776102 67.03555442706329 101.59250292207673 49.28478005704407 32.58962237918437 45.71663891868328 74.24804581045224 106.4441975124372 71.29745447267058 60.76237517738144 68.52435637952512 89.96605222893679 117.84301270786177 96.66404589626994 88.95832426715388 94.22275809127615 110.62084715495638 134.1294691711506
21.06060985765628 86.227323530678 6.545954901888237 67.90809090191041 84.03751380089672 40.92967984494026 78.29213643315684 48.56529587594059 7.1376586679860425 60.66064393588904 56.96147811366565 72.62057607195867 13.641346017694932 44.129831402539736 78.37634291819043 0.0 36.08110683532826 39.15510610713014 61.375848786555046 54.36944443442399 18.259557814125046 66.81172888734895 6.814967242738538 36.24691572541467 74.40953609528948 48.38490106595719 79.55031747541776 82.29913534390074 9.928841703899574 57.46989432384337 6.230319880794098 43.327495493846804 3.609949575997817 79.75476287761916 40.84913580670234 46.98342493922277 49.120299781854975 43.43756028318469 23.593612889880422 49.65228010044036 121.3507060690179 90.43810644404589 63.45801284920947 47.640306023166815 53.91742934865144 113.30785938612372 79.42974800693018 46.62988116647561 20.84355647269639 33.006195707209514 111.91785399355616 77.45255954404259 43.20931579064298 11.403684321082485 28.06948725831696 117.41727707683168 85.13818933324514 55.722837288692254 36.829158215358596 44.75006347963197 128.92723289158621 100.28883218684435 76.7348892109102 64.13588283308106 68.79937933220079
54.0628605194386 50.184699833047425 37.118374711711006 38.47054350894154 48.215432050591836 16.052880156586763 52.61503970890461 22.730203437153307 36.50034638493904 58.754910877744564 22.64597511870453 38.218974489317546 49.64294078479117 35.63270682150921 42.373649067152726 36.08110683532826 0.0 20.207502843707534 30.01236484662981 21.204791327457432 49.80693475040831 31.297490315461953 35.58846941324982 19.37350931152278 38.32880705444458 15.776521229186386 52.630391243153035 46.21933688642851 40.45480189073667 60.35731284814881 38.81535983999606 8.046326928607371 39.67757380545505 45.16818041051018 15.469648088742959 16.528183442647457 17.751857182364745 7.3564664548673395 19.73630493287077 13.64472470297559 85.82389640129297 56.906049652326296 38.8031153332963 46.560616529356246 72.28365128382424 77.42322127015017 43.35332578753413 12.630080038515382 28.88562595303492 62.48273562820964 78.81808688617853 45.776024326630065 19.32475580839768 32.34650169970028 64.14042686617087 89.55185992560257 62.33848521243186 46.34060039027416 52.94930721633104 76.51549129941132 106.8456186627508 85.15477167290327 74.0366936347839 78.14266969078227 95.52941748018951
60.06843730634474 57.397731303059956 43.22908937350217 29.190596338477093 57.20106194801069 5.757566230028141 39.28774079081092 10.036757493725407 35.76085291104805 38.824309335728366 38.18662316223882 37.49560279412415 51.946918557721524 15.77634337574329 50.62872973545633 39.15510610713014 20.207502843707534 0.0 24.14278335950476 38.26883302988938 56.712744493129144 34.830772774863796 35.1253268307277 2.913105084747449 45.55577666168383 15.98317813805669 40.41620841031265 52.44324043180937 38.41559472830411 41.19526019671079 38.65666716817022 18.820482218186275 42.43884164219137 44.390562157808226 6.309089019703032 12.742397246985009 36.54622869659521 22.314847195598432 15.563309196878476 24.380553625965184 94.34278547979845 70.37041597915578 58.29423488320128 65.1093564683145 86.45823779045298 79.92560064144517 49.62474165042021 30.528099716845748 42.38102527685822 71.09974878511778 73.9333731810841 39.358937016154634 5.192542235831477 29.99422253406193 64.55384260209973 78.32458093194609 47.02744574068316 26.139295229629887 39.36732509311851 69.36246277662464 91.6179695137296 66.70787944815184 53.85933433149579 61.2087614739105 83.58824642025147
81.53618785985329 37.05910516435433 64.2950367590734 8.966122323020723 38.43149477411068 20.63743852389174 24.43043682387646 14.21239421567596 59.06815573118909 51.371236177278774 31.772470761033297 14.02437222015041 74.75213235452044 33.32462094516094 31.999907053912132 61.375848786555046 30.01236484662981 24.14278335950476 0.0 34.19741672764712 77.68667820090988 15.31818935275938 58.3405101008068 26.792353929851195 26.79822818112234 14.26220285317816 23.61452937191368 31.80099324282991 62.08478486314349 56.655017845514614 61.89626260534575 22.354083511934125 64.87606427966446 20.495439319885385 20.627891344281675 14.56877200328557 36.26455935736583 25.20450523230452 38.43096537360065 20.756126930245582 73.25032941217778 55.20189439046208 55.889955930600365 74.79923026233264 102.27884514747439 56.21242506659915 29.355108694508356 30.95885211107397 58.73688010580276 91.30407486939954 50.544002397469 16.1906312604132 19.09007825858351 53.49373627145173 88.05443053979484 59.58375298692446 35.334485420960085 36.62871780433043 61.88404434153098 93.34046168576013 78.39873892269462 61.81289440789045 62.37058651022328 79.7128013826249 105.89124534772942
69.08966732184477 34.87679637550783 53.632824462702715 42.89362209414192 31.398706859902468 32.734752451335055 58.49160468044232 35.7461376971038 56.24506887171394 76.715763157873 3.771418551595 34.08569408450806 67.26998910100613 53.964198815015955 27.146650864373246 54.36944443442399 21.204791327457432 38.26883302988938 34.19741672764712 0.0 64.49622931612194 25.103165552821324 55.305256522473954 38.50138073957657 25.15523195436178 25.097555553262655 57.296613128487365 32.506849709276956 60.375570777488385 79.46335164639652 58.21551731909051 19.449270742520362 57.792488617676675 39.22597040826633 32.123493154915344 28.22692284945087 5.72485248916582 16.080000696974473 40.939850166184364 15.069299782095943 67.42951666515899 36.25948903345679 21.85421991104644 45.11439755365393 77.38124036843658 64.30480002494758 30.114749585856647 8.575691975375461 40.43563226869309 74.7756092248165 72.9268086621378 45.59873722675811 35.14257945211195 52.77866598788894 82.04270177810554 89.97948921797959 69.51059956715729 62.943747584146635 74.07350541081445 96.98778264683128 111.66429958194841 95.72970421726181 90.85223801985897 98.68522915643504 116.6966673409197
4.650885022373173 98.50257454085101 13.51361694385048 84.82298158923672 95.62266215748514 57.78483926960496 95.99691443988344 65.68120797097916 24.30610239595644 78.11385377768583 67.68114504073071 87.81043414172308 12.413613691842306 62.38508068894468 90.57769670278346 18.259557814125046 49.80693475040831 56.712744493129144 77.68667820090988 64.49622931612194 0.0 81.09853491924258 24.38508513164518 53.84000477122116 87.21776030179204 63.989767836603065 97.0857640132474 95.12994136191253 24.85699955881052 74.25839323211885 21.920752688688527 57.69953740961386 15.907370292161168 94.85283599108884 57.61430863863714 63.12055003205245 58.825756195500716 56.90791952233303 41.24522191890393 63.30934124665873 131.80762012823266 98.99940224195035 67.99516966501943 42.902599987919224 38.11497879861521 126.84894306006206 92.35847515515738 58.00322766169186 24.362138947488585 14.748088614962995 127.96826361592399 93.87590668871047 60.368391632848116 29.51011772860703 22.185555590846867 135.0144390417024 103.19234045842774 73.9136779020724 51.69735686734189 47.715971211123346 147.13808027200506 118.48165235116855 93.91984077128743 77.45139321898931 74.64078918405369
85.3590650897974 22.73793807772869 68.35677374773852 21.44282779665705 23.38770688816008 29.714472780582604 36.18780720304549 26.41510220191964 66.0465743559543 66.45676542749132 21.68870898753958 8.987450867194193 80.45287546023408 47.06901145010316 16.836760191517403 66.81172888734895 31.297490315461953 34.830772774863796 15.31818935275938 25.103165552821324 81.09853491924258 0.0 65.20522934365376 36.851834745617715 11.585708848247698 19.571266051145496 34.29513969392419 17.658475252814913 69.60962225635913 71.40264887927057 68.66173796551982 23.548668265177383 70.42011919177526 14.660945886284088 29.400826831927233 22.290833735952834 29.183356491296998 24.257745491332788 46.130643717184405 17.88242632944359 59.615254237593874 39.90566278120884 45.008563631541854 69.6699732466606 100.3835894817935 46.5935300767778 14.904143844960611 25.84883610622965 59.23718019869684 93.5135127841564 48.895211817601904 20.973818570630606 29.730598502628396 61.01445733867297 94.63861588316837 64.91009233202823 47.38936748175777 51.701033816826744 74.12863366202986 103.49842724299228 87.39901694297646 75.09716012529242 77.68735349951292 93.9457953651987 118.36826506725048
26.569579598389854 85.598865055908 13.345242011672273 64.2641850403732 83.79374933002681 37.704392181805474 73.72646057986661 44.920556752633104 0.9432217120714604 53.98352209371685 57.547843784845625 70.33645065996006 16.92253140638886 38.30320045851631 77.8649280685648 6.814967242738538 35.58846941324982 35.1253268307277 58.3405101008068 55.305256522473954 24.38508513164518 65.20522934365376 0.0 32.225780387971916 73.60647861238145 46.134115184775155 75.18713711456981 81.40064510108385 5.143118879456036 50.67226681493437 3.5565329903943677 42.124420431263715 8.48612694294859 77.47131333572548 37.71981542600204 44.316276732921054 50.39318048689236 42.832726970591914 19.9165847462028 48.75501224290936 121.40778838794125 91.56379803287852 66.50417980557232 53.446062040538884 60.703838092429606 111.79522009026442 78.50390412488345 47.14229834853477 26.014827074740513 39.06389337333247 108.77482459798071 74.18072781533378 39.603694506344354 5.38323177495816 29.73819222123416 112.87720313122671 80.02324248277506 49.608594502400365 30.218254756793566 41.9536667509744 123.39376257170609 94.15746386538345 70.00017764101166 57.69931757634656 64.4452258865954
57.17289381591096 59.26128228624342 40.36670571790057 32.064134858698424 58.857489255606104 7.179734619296036 42.157060164847756 12.818815004898605 32.86764880777878 39.382060436454054 38.70276048837513 39.94041583897033 49.03755203318333 16.265887127087442 52.32482234813681 36.24691572541467 19.37350931152278 2.913105084747449 26.792353929851195 38.50138073957657 53.84000477122116 36.851834745617715 32.225780387971916 0.0 47.32370348836539 17.597121426851118 43.31523066588902 54.381068776432414 35.56532990393377 41.2010477591988 35.76054955340355 19.185288360993614 39.52630733658654 46.89859404066328 7.5773438770655765 14.575465447572192 36.359159323607386 22.426809828704318 12.65842418723454 25.21511912959489 96.19194629200128 71.47105168000854 57.949301535294786 63.268645418619506 83.91967029171552 82.32840431214856 51.535648938588565 30.474864549528487 39.95433556258968 68.25553306667994 76.76143953612318 42.171218039804565 7.704481039018665 27.113848694319756 61.69130343714632 81.21575283193663 49.755674315799645 27.387890641659563 37.675015458901804 66.95937450885565 94.28131119470306 68.9023192751716 54.7803814933765 60.40734580143133 81.8046532403272
91.66204915919316 12.091616536897853 75.13089714648439 31.930866813538028 11.849812884352135 40.14587104210336 45.51128293091322 37.71639672388248 74.490925712831 78.03918025586646 21.391717601961197 16.428916576216427 87.9534549627194 58.46891298042921 5.256831697713664 74.40953609528948 38.32880705444458 45.55577666168383 26.79822818112234 25.15523195436178 87.21776030179204 11.585708848247698 73.60647861238145 47.32370348836539 0.0 29.731645942659817 43.15944808657611 7.925777761257384 78.27498463406822 82.96791332325432 76.94607797719745 31.515511412305898 78.00429888952958 17.628801264346002 39.75522948361922 32.82262654305297 30.52922443766676 30.972664793401638 55.40594025534645 24.85761084562884 48.8920990855201 28.791912641141817 40.77192380294725 69.93256726328156 102.53592937772702 39.75673453305761 5.154225860569284 29.451461141835697 64.05517542114637 98.65899274144425 48.744432201046834 28.54275478027721 40.59799215924328 69.8322563091016 102.46819024228483 69.11336492294907 56.50926997857974 63.28293766915556 84.91734233979524 113.18998224928922 93.71431985123128 84.63011450138183 89.08901785424102 105.38578751073577 129.11308840398192
67.9844079857533 41.70246896879748 50.7480551873957 22.72448245371595 41.2736212006294 10.427188699949735 37.25891487390181 10.685893466166139 46.93960863535597 52.30969770301887 24.013725729990995 24.25799881569678 61.96176298323687 30.380700656161014 34.730129035700905 48.38490106595719 15.776521229186386 15.98317813805669 14.26220285317816 25.097555553262655 63.989767836603065 19.571266051145496 46.134115184775155 17.597121426851118 29.731645942659817 0.0 37.0468754206266 36.88940472799972 50.345212531200744 55.863544913363356 49.64638302042869 8.46550037723619 51.95898751036585 31.398745563237792 10.024046950646689 3.4432622858998454 25.26591404557555 11.896583699743545 26.68300641793755 10.035971809738871 78.61350057706497 54.60303993074989 46.665979990532236 61.39012648388617 88.06017143243582 65.87254603483116 34.02214517239727 19.25274581155107 44.482332432323545 77.34038656506631 63.97996865127616 30.23255116700688 11.376751813294874 41.70978762712025 75.79468883946309 73.77552922106632 47.44479196809443 38.13153990538628 55.243523276931164 83.93155467364028 91.58216103453786 71.89181568111168 65.91163516191584 76.90919115305427 99.40056973132494
100.48430363778304 49.12061793412306 83.58067388236282 14.648537761454866 52.548656672341785 39.68634309975856 3.3075327222202184 31.644083111250453 75.74323267130515 48.38042321837873 54.51404626934919 26.766610216918643 92.10385232894033 40.666079467820005 47.40839561276478 79.55031747541776 52.630391243153035 40.41620841031265 23.61452937191368 57.296613128487365 97.0857640132474 34.29513969392419 75.18713711456981 43.31523066588902 43.15944808657611 37.0468754206266 0.0 44.40012409300049 77.93566859710506 55.701647832102616 78.65501619411728 45.47445907399728 82.78419545552799 27.41846274738051 39.969391714580844 36.174101357216976 59.77594792152285 48.607884178620694 55.97298716599484 44.36933942555551 79.95691494754264 71.32560811532778 78.58963613293054 98.285674695301 124.65380538916733 55.98779452664727 43.1133858479366 54.56842335069344 80.569718248716 111.35557486313483 38.51166678821522 14.914145595543161 36.83157689678572 69.89669829351067 103.96817717736721 37.93083652030262 13.358105721148835 36.23507334904321 69.58716128389081 103.76230728523362 54.78535667777929 41.55464236735253 53.35692811126103 79.7618689068398 110.77802202254792
99.58015874533241 5.264632129145812 83.05602221608865 35.24417421324537 8.253129184851673 47.21163727486266 47.11792122325647 44.02886257060568 82.27881102611344 83.09390773860528 28.792151982290537 19.0708062854754 95.85573124647526 64.56757405789189 5.897599838116821 82.29913534390074 46.21933688642851 52.44324043180937 31.80099324282991 32.506849709276956 95.12994136191253 17.658475252814913 81.40064510108385 54.381068776432414 7.925777761257384 36.88940472799972 44.40012409300049 0.0 86.02641447741026 88.45185948454315 84.76107617776536 39.278672672720546 85.8968064022413 17.078947288853726 46.86231673564591 39.807285015253115 38.033968389764055 38.86324882771203 62.98147707188814 32.692600785527745 41.9576426876259 27.223576880437676 46.006982804759765 76.72679952665584 109.78251697810161 31.95261334452622 2.9039229260059685 37.2927664257468 71.88826383715013 106.48919624949164 43.475535309559085 29.489182113157902 47.37023321202072 77.5442039664953 110.34992335195054 66.089729118982 57.65944170818842 68.38244854091562 91.7741600081618 120.67983570567166 91.94573815805445 85.8678669696436 93.20553550184634 111.33715720441617 136.01236249379426
26.172496218677654 90.30342061412082 16.150947472434126 67.60010338549041 88.60777433166734 41.485194529998324 76.30523058827205 48.37286070901366 4.204601841961691 53.398703924075704 62.56668614421908 74.43130349347626 15.114047157531422 39.71788476068735 82.61358744685205 9.928841703899574 40.45480189073667 38.41559472830411 62.08478486314349 60.375570777488385 24.85699955881052 69.60962225635913 5.143118879456036 35.56532990393377 78.27498463406822 50.345212531200744 77.93566859710506 86.02641447741026 0.0 49.401521943952034 3.7133857995178525 46.76056047508338 9.706205230790264 81.54783919732178 41.55516943936765 48.34069585483832 55.50251543854685 47.63855563187641 23.76690153793938 53.45677710155126 126.27024685813582 96.63470189614905 71.60409799487792 57.53971638407238 62.36410784572368 116.16007142412296 83.12516886502206 52.16572472966541 30.45602743544929 39.09877249822294 112.32128563282669 77.72238394298458 43.13143971782973 8.644511858377676 26.153172755747644 115.38176894231962 82.04414316388672 50.44176167809795 27.428858632668145 36.812420754881806 124.83495665609215 94.76904212013775 69.0896087080988 54.40932334524968 59.516154544207204
75.29998041767092 93.70545279871561 63.93703066851285 55.154068658580776 94.79035298195387 46.77400716141452 52.61171265381789 45.832052520627336 50.485130590348895 7.923405081612614 79.26778728176728 70.14742366505668 63.57953734876844 25.57800659907249 88.22473996621744 57.46989432384337 60.35731284814881 41.19526019671079 56.655017845514614 79.46335164639652 74.25839323211885 71.40264887927057 50.67226681493437 41.2010477591988 82.96791332325432 55.863544913363356 55.701647832102616 88.45185948454315 49.401521943952034 0.0 52.49292767810865 60.01415130380692 58.721206545453484 75.38291077252111 47.37527046579325 52.423380865395664 77.55856928731943 63.48395045480042 44.534637911726364 65.26858672136812 129.69481014877175 110.11192524132703 99.1120305528975 99.58121983434023 111.37463943963564 109.73354638009387 85.96080324198094 71.63676629467393 72.5889177268035 88.3245932266261 94.06450579880864 65.00217072299701 44.690632601697175 46.519271091190774 68.74337800975249 85.0938697719428 51.3116480629333 20.485462663539273 24.520879545133596 56.37147582164423 84.97087404477998 51.10929651026203 19.978031566353927 24.102574602932513 56.19250182576408
23.696615877969165 88.91304306865442 12.457020047681938 67.80755763872565 87.02996941925778 41.26047731360959 77.16106366071503 48.469050025941826 2.911811769818185 56.194369501099445 60.55991982255572 73.8621499706494 13.514160599929566 41.37797269041464 81.15252289424248 6.230319880794098 38.81535983999606 38.65666716817022 61.89626260534575 58.21551731909051 21.920752688688527 68.66173796551982 3.5565329903943677 35.76054955340355 76.94607797719745 49.64638302042869 78.65501619411728 84.76107617776536 3.7133857995178525 52.49292767810865 0.0 45.500199016782446 6.252740397358828 80.99869749317548 41.27455798477377 47.85662016332562 53.192213725855574 46.10065625846828 23.473117736597167 52.088529480785006 124.59224596879717 94.45204842625971 68.65821181239944 53.8656620671343 59.02429969826911 115.25508598199562 81.86752941329132 50.15666982239459 26.90599025412214 36.42821329832672 112.33065481561049 77.73579879218994 43.15538370862458 8.76208872610874 26.19189915370803 116.30386684122062 83.32414734175835 52.479277935403346 30.98503977907173 39.50832523667553 126.52637281026611 96.96606581203712 72.04652980205269 58.08422015980593 62.86207477794754
61.89613596557127 43.56037950421112 44.82960472379417 31.052993419131944 42.117292054700386 13.320151538713516 45.72352582266989 17.638384996930824 43.000688198258246 57.37869464734207 19.521185964217782 30.197402179890872 56.96123582642131 34.527111160001226 35.94452971749515 43.327495493846804 8.046326928607371 18.820482218186275 22.354083511934125 19.449270742520362 57.69953740961386 23.548668265177383 42.124420431263715 19.185288360993614 31.515511412305898 8.46550037723619 45.47445907399728 39.278672672720546 46.76056047508338 60.01415130380692 45.500199016782446 0.0 46.93743714149817 37.180232363284276 12.70253423253723 10.323184425399345 18.17433610994421 3.8240667535357518 24.19675698635066 6.820798693443468 79.86611358785447 52.83239734987576 39.98438810897817 52.9250729630144 79.98873906016837 69.98054190836544 36.3805908047713 12.027888465113184 36.88691348834439 70.5086536857174 70.77181065499161 37.86683818786288 15.937223946311114 38.32678178182193 71.26527007032016 81.93112075393701 55.87759859722063 43.89441905475913 55.91020073234262 81.97559142740296 100.04677385995632 79.92919597595723 71.85226968687155 79.57118718724665 99.47437801711712
18.181288450672305 89.80984371981154 6.951005410399629 71.31055573301161 87.59068824014635 44.38098793966545 81.4630137735862 51.95089683314489 8.407416304249614 62.30802757631939 60.434955784497895 76.2020901442954 10.034596148630467 46.69387114962665 81.95293879010534 3.609949575997817 39.67757380545505 42.43884164219137 64.87606427966446 57.792488617676675 15.907370292161168 70.42011919177526 8.48612694294859 39.52630733658654 78.00429888952958 51.95898751036585 82.78419545552799 85.8968064022413 9.706205230790264 58.721206545453484 6.252740397358828 46.93743714149817 0.0 83.33795504318915 44.31552660816592 50.51812183911325 52.492567355765594 47.03392194320748 26.90459185910187 53.25671739575815 124.86181345729997 93.79154659914772 66.31776509501405 48.929006969112045 52.7717678469739 116.9177745677348 83.02899093596018 50.12691172049633 22.944451150131133 30.578342267611813 115.42001019151436 80.92605670552122 46.595362498462706 13.714306764602071 24.49264920214292 120.60899908097414 88.10513047903262 58.0803518917322 37.13449121497908 42.183450581866026 131.6964367025733 102.63627801356124 78.22554737636295 64.02377321828008 66.88518064824969
98.99760107574568 21.702313710207704 81.83852291769064 20.3261034103833 25.309706710517474 40.24430993420335 30.247411929285345 34.63386921529537 78.25922923489112 69.29347559700122 35.61669889619719 7.141083290976828 93.35057027542834 53.44049401297742 20.83200902201935 79.75476287761916 45.16818041051018 44.390562157808226 20.495439319885385 39.22597040826633 94.85283599108884 14.660945886284088 77.47131333572548 46.89859404066328 17.628801264346002 31.398745563237792 27.41846274738051 17.078947288853726 81.54783919732178 75.38291077252111 80.99869749317548 37.180232363284276 83.33795504318915 0.0 40.101402814733056 33.20739661896731 43.662729830451674 38.44826907840224 57.784033640937814 32.197325799175935 54.66492146362358 44.24555421903436 57.63593085795518 84.14836903498704 115.04265088602497 35.72025758232239 16.157382584245262 40.509685763695195 73.59251108488114 107.63610060339023 34.23787954869371 12.582050153878612 39.2330857432056 72.90413903563551 107.17109405406372 51.74114733195597 40.61300113051998 54.92274109229164 82.33116792309856 113.73283179056652 76.09594530077638 68.80624569861415 77.92796282105206 99.0252327283061 126.22989909717649
