0.0 53.35421967870438 68.8684612355255 41.54681748294742 19.392973652964514 51.57158257476601 51.09064963082574 72.90448872657258 25.000265140419856 12.108516475463333 26.4441010748894 10.837106836923189 29.56055681559032 39.50143799788794 67.91664654639142 25.920335047987546 42.51702077499836 50.251875551318626 26.44204411318172 59.24514784082356 6.1477791552224765 39.72705113424325 62.89706522849687 47.83590424024758 23.646033199246016 66.305143585158 66.16012817099654 60.24009082488834 34.86198229044981 15.723645387686314 36.28486311079888 41.39020967105314 58.80918196927366 33.20840450666654 64.07110528705134 76.09504332769461 72.06444816661345 53.81525166138978 22.013056481185092 53.54143217120759 64.53787776877353 30.604782886123456 10.14991317185178 40.79511824443614 74.96876376884082 66.84286372248422 35.16678280626919 20.00709558736228 44.25734078521629 76.88945071621661 79.78486515987565 55.829496587659094 47.571536257767605 61.67641224186151 87.9756726821391 99.28745191371212 81.10015553072219 75.44014334691333 84.8524490617575 105.3726903717234 122.24929095114882 107.78409875563963 103.36623874587171 110.21066755853134 126.50236256777225
53.35421967870438 0.0 49.6457131598622 47.054016956685345 43.28662067068112 15.661277204946968 31.920121150198817 50.799264975030106 37.23610268404105 56.826826036679854 55.08819510530393 51.06178190764537 26.659113168344213 62.306339359449055 27.28670670119145 29.38414748645716 10.84141328686938 42.77908519702597 36.70465283010826 8.929228770498757 47.704406323665815 61.92070751297394 42.98768885013101 50.83515925644224 39.16636015823735 36.27359043329124 51.734489204637704 33.013943527033696 51.68455191685091 48.4801107431232 53.76041083921357 16.1093093503565 15.648745157730973 52.32904846200356 10.868387015180248 22.771182243900768 58.7317833117983 11.116650438318553 40.68788258216342 2.223636056098436 97.57601203415298 73.63467515967194 60.974051832208694 66.39568478899092 86.56628252770555 82.87132941346549 52.84903064313702 33.364896497405596 42.757994272322016 70.27168211662328 76.18273156724747 41.7006512814833 8.302651554861296 28.174060865969196 62.55777622174952 79.55873936649407 47.538391675902595 24.18776968110537 36.12535905433137 66.48216886527595 91.89657466118726 65.99888827791922 51.59001024704106 57.982826297292675 80.35726611802826
68.8684612355255 49.6457131598622 0.0 88.42285341643168 73.18733992090941 64.49987918986301 20.711265138086716 100.23873834012602 70.92509201438556 79.22844571864601 86.88664642387816 74.54367943536417 61.488048501227595 98.48797722592694 28.084506599391162 48.038932421706676 49.397604090834776 88.3434163308694 71.40742473967995 57.44119630549876 63.29698698273694 98.35096240040151 7.1130659807859065 93.94446367130577 71.98944433662747 85.89612536718586 5.553696035458459 82.28313822172733 88.87271213650769 75.57932315113197 91.0842946118884 59.303327338954496 35.20183392927605 88.5231435775666 50.01065671474903 57.99942018384706 9.827509854688941 38.54352504365246 72.40077594458215 51.86729258353944 130.76642113605828 98.83310164713438 69.50484798147497 47.84017802817636 46.27373125924956 124.0733162111763 89.87771916669789 56.184252992066064 25.10349459526148 22.328230395378725 123.5227210228606 89.12313589783162 54.98050530658254 22.30763195695031 19.163945095030726 129.19322414882717 96.76144176097235 66.55440379396215 43.48592100372098 41.80175350297864 140.33240952864094 111.0740851070227 85.88647796843571 69.3562492840075 68.10916997973405
41.54681748294742 47.054016956685345 88.42285341643168 0.0 22.553643330388947 33.79002232624776 67.71620014720938 33.99427193724803 19.751676317024344 33.65908232649508 19.592739904194495 31.1526714055022 27.029650726988706 17.647689002184137 73.1759797607828 42.53273764021045 40.905156217702675 11.377299593847718 18.666271273470915 46.24932836221778 40.90152072140837 17.082848024276586 81.32957449897886 6.510327547248514 19.8533361034424 33.45762442301042 88.20422925168764 28.458202166796696 9.506828269583924 25.95396137492356 10.214633088953985 31.521596637390697 61.22082231091739 11.463744622284057 56.031156022607576 63.67346162340405 95.31712621353341 55.45114687302723 20.763736754931692 45.516109336829295 51.983463412012746 38.45969121458683 51.48631426127845 78.85022886232713 110.35715633156728 36.267030185548236 10.241587966706128 35.907312952441295 69.77558653719532 104.12868088784455 39.18815786939352 17.980047696349658 38.803357740986876 71.29493030754941 105.14314842960121 57.99578112882829 46.19860756958195 57.44496930077868 82.82723041402652 113.20595452611266 82.45356325071847 74.41689531645707 81.6817240335474 100.99841231019074 126.98110114900464
19.392973652964514 43.28662067068112 73.18733992090941 22.553643330388947 0.0 36.66301045537847 52.98595123631667 53.618339989474606 6.955450274067734 15.115596458257786 13.760205172565508 10.285831637494054 16.629943046990764 25.67696197003535 64.4147430390658 25.148667072510964 33.4174535781272 30.860959876932014 8.177764136424932 46.80986795006946 18.358318971767822 25.63813860408698 66.37746374340074 29.00495529259118 5.032470871124 47.99040810458372 71.8626147969975 41.970861008517296 17.632654754077056 5.706577044588583 19.574528674324483 28.154530789345024 53.363258187946315 16.553266999285558 54.039313426221284 64.81947846941759 78.6265200899702 47.61342707250284 3.145294441474089 42.71889424001962 58.03549754055912 30.371466087378153 29.522459286708933 56.70597785861743 89.18745943082779 52.688297962605255 18.324811455413606 17.04097537657602 51.37942314703653 85.93107446251372 61.51214153122296 36.527184224349604 35.770957934037725 60.164127918928955 91.40414518544937 79.94449273243266 62.59135898548263 61.95981417603818 78.45471928150282 104.24035414595603 102.94679719614285 89.92207700703048 89.26712326464963 101.22233518933953 122.1392871502006
51.57158257476601 15.661277204946968 64.49987918986301 33.79002232624776 36.66301045537847 0.0 45.46051824713833 35.7862361792963 29.765710609541337 51.61513838795218 45.821608780628075 46.21103224783717 22.012358969395443 50.48786510188763 42.90140638342479 33.13245905343112 16.82728848988327 27.755857527462677 28.735086206696543 12.480283154929698 46.9490825160781 50.01710047753455 57.62656516726929 36.56736707636721 31.769836755346645 21.984383559937125 66.07514202293382 17.79793820389362 40.14391957960166 42.346990673909865 41.988036406354624 10.650249228021458 31.30373155253375 41.2187886158197 22.58176603509654 30.091328782254227 73.21372309558923 26.43700219619497 33.600144945346294 13.572801093179695 85.58633740340892 65.64755668231054 60.736854345792004 73.91287088836381 98.14297080548681 68.52806478882903 41.28940708154444 33.2921719157263 53.91434303581706 84.261368129992 60.52676982553364 26.10920730985227 9.733736697792002 43.619429578737055 78.13717250042023 65.0174031892584 35.217708774452696 25.458878177581646 49.50621292076971 81.53783741435322 79.92109876737192 58.14268703225427 52.617140315734424 67.46374009443169 93.4288519247075
51.09064963082574 31.920121150198817 20.711265138086716 67.71620014720938 52.98595123631667 45.46051824713833 0.0 81.17180413548076 50.35201246762784 60.39330916240438 66.74149620395232 55.32929932852822 40.77911360857986 78.02217007963176 21.73031699140564 27.953203328064436 29.41809001534707 67.92442176819735 50.7851423095649 40.573284780318836 45.13912599127211 77.86330547949001 13.64198968011653 73.27530343957423 51.491296297367406 67.34265167284542 20.959396690844393 63.1882214031523 68.26754820530607 55.80650510351566 70.4850272970226 39.1332958775647 20.944911208571867 67.97864721324687 35.64889449935699 46.42685756729755 28.17839030316076 21.625796385640847 52.00054578560701 34.04203352376309 110.89748017592315 79.97129698561328 53.7343942360164 42.121033434927725 55.27926684650895 103.38735042123643 69.28850648858123 36.16214006958526 14.469068948851056 38.80538463879863 103.23710806797881 69.06619141138076 35.73832736066701 13.385373426015029 38.41821617095329 110.47679237843484 79.39228617555237 52.87693151042981 41.03201190174801 54.46194495960343 123.81647326346385 96.95255491824243 76.57570307598668 68.72146858048953 77.30591007841358
72.90448872657258 50.799264975030106 100.23873834012602 33.99427193724803 53.618339989474606 35.7862361792963 81.17180413548076 0.0 48.083394530857554 66.96087898788726 53.58637968008418 63.52661816093577 48.37148645077906 48.781031548631354 77.07653576950487 64.20226342982629 51.98781382563888 23.146324295941483 46.6426609274067 44.213281551841504 70.63171132965833 48.147656031176545 93.39994513385778 29.89959661577308 49.28076316282733 14.9374385596521 101.85784943560009 17.99421692601915 43.38974869103678 58.323329641389414 43.62182759769293 43.056826929719584 66.2069892193937 45.39271476310784 54.059301453978826 54.81108446456912 108.99991244309552 61.88432060355445 50.891954274759485 48.58387212871099 76.38711340612039 71.89634825153571 83.0537934269395 104.98349501184906 132.43824883588826 50.67990767573588 43.96031268844652 60.75675143136048 88.57242403741131 119.97326142218564 30.213935634080677 17.091620632329732 45.455639049305695 78.96300895386085 113.13243779155518 29.46815098285456 15.748707029139918 44.97246412338791 78.68846288374155 112.94280303753513 49.34496552868805 42.42883973985117 59.66831295752771 87.83637635409478 119.43605301472383
25.000265140419856 37.23610268404105 70.92509201438556 19.751676317024344 6.955450274067734 29.765710609541337 50.35201246762784 48.083394530857554 0.0 22.062941624470778 18.05461137194496 17.037557374048397 10.982293160465433 27.762122669429996 59.79445464071151 23.473117736595754 27.920143872424585 26.006793979908966 1.4451691705594705 40.19908247833567 22.612244384171685 27.56772589716467 63.95017195452271 26.20706974274425 2.0166085286159396 41.488739104132904 70.10777256950149 35.43612542906221 17.960582437000056 12.661347223684206 20.164635243626307 21.652294807658084 48.374618009760724 17.632443553947912 47.844793638864424 58.294850121576516 77.07281132329017 42.533898597724495 3.8404384748938774 36.493967286268074 61.92513545228878 36.554192506165506 35.10741611489396 59.3606555747458 90.6072805095673 53.373110210831186 18.953291220692357 16.267138906579454 50.64451178465902 85.2054431664629 58.83959781114409 31.096712768645794 29.440705352354964 56.22585731204754 88.60463442300177 75.33203521255078 56.209510666474124 55.12623748536121 72.89097639018358 99.91039098911298 97.40130594152532 83.28632764788934 82.34643802064717 94.97360077496545 116.84930183210334
12.108516475463333 56.826826036679854 79.22844571864601 33.65908232649508 15.115596458257786 51.61513838795218 60.39330916240438 66.96087898788726 22.062941624470778 0.0 15.744638755226344 5.780255955585519 30.570714490241702 28.2054099168909 75.1400920544465 33.18849664030101 46.35512875223956 43.82172317441573 23.288238517440092 61.2268869971644 16.254194612250124 28.50756967393064 72.92611431662623 39.421520159706134 20.144352625151974 62.66249921351382 76.92355770525265 56.706898816076084 25.49029744534535 9.437690598479074 26.459052470894004 42.58272978802083 64.96024779024064 23.591328293176023 67.69170754754225 78.99479468040352 83.10692170151283 59.49614222122151 18.258299869250315 56.54279029676248 52.69488208153353 19.62224191888041 19.701950625687005 52.784032047471456 87.05741737541477 55.179077695673094 25.505929806186327 25.51904773950998 55.19727024142533 88.52741377017477 70.09098667000909 50.01420400715056 49.84883211424296 69.73666750309864 98.1647125769188 91.5461162928624 77.05537542886262 76.74056534454411 90.74933536456788 113.91450030203346 115.96709762548157 104.68374572189089 104.22884076957212 114.73125825721324 133.63202360579658
26.4441010748894 55.08819510530393 86.88664642387816 19.592739904194495 13.760205172565508 45.821608780628075 66.74149620395232 53.58637968008418 18.05461137194496 15.744638755226344 0.0 15.764694987038693 29.029392593220955 13.188084116020063 77.70499049920498 38.865394572522334 45.974161366977846 30.725278286087743 18.41310528775701 57.25803744189302 28.312447660740528 13.353784819966032 80.10723062518329 24.56293214496094 16.296707044836875 51.77004188460309 85.44227447367115 46.19454852575407 10.39078344230392 12.108623035051393 10.918465116053529 39.183492596242466 66.39014494551633 8.371409692230706 65.52711552290107 75.41674673355723 92.1277985214495 60.56288201592468 15.19989094268953 54.20279312067258 44.31384513822744 20.153645169049863 35.262854628388226 66.90004020702706 100.5117346524262 40.70952922180714 10.125727484082518 30.70257103950346 64.63449778183707 99.03252830387716 54.369765870212845 37.27489709008162 47.09131676969263 73.76038182280048 105.15903854092433 76.55102784924668 65.3204303959995 71.19149199955022 90.90912815624503 117.70931047081844 101.82860863337865 93.45794706974706 97.43917909305172 112.46814122424838 134.90165072935375
10.837106836923189 51.06178190764537 74.54367943536417 31.1526714055022 10.285831637494054 46.21103224783717 55.32929932852822 63.52661816093577 17.037557374048397 5.780255955585519 15.764694987038693 0.0 24.90488517811361 28.928518404399153 69.54212397726566 27.796639401594298 40.575527246869875 40.53212351986803 18.361859053117872 55.57447779956101 12.818891785624851 29.11375959240653 68.100462351339 37.304131700572114 15.243164244501823 58.27403504871737 72.47750421384343 52.25652916316902 24.06278851201502 5.241937752477351 25.45128086349115 36.966079218024724 59.25282203240577 22.38122607962459 61.92838718753054 73.2813227031915 78.8353284493821 53.75969980433117 13.377719683344775 50.79981758840556 56.5752304573855 24.71876130753956 20.399215150152095 51.147718969699206 84.91702239053566 56.40950560252933 24.340597327557436 19.943614416707142 50.969417845889424 84.8107662789467 69.00817272556766 46.45486363898717 44.145225180549424 64.2990478511629 93.35284837621224 89.11202649836801 72.85393991505657 71.19830299145131 85.00269778082821 108.51947936927007 112.77556025929032 100.20584298683877 98.78644070423893 108.95401179969888 127.9760072259245
29.56055681559032 26.659113168344213 61.488048501227595 27.029650726988706 16.629943046990764 22.012358969395443 40.77911360857986 48.37148645077906 10.982293160465433 30.570714490241702 29.029392593220955 24.90488517811361 0.0 38.251929957126706 48.87575202181089 16.449237981151313 16.967550832810367 29.31052525134198 10.838806641418282 30.669593684682567 25.106593654816177 37.996513622111834 54.41696126844388 32.8715044624827 12.762188294010398 38.679750295128315 61.17553230970351 32.76729947734778 27.962076712128173 21.876319264482138 30.184512228659457 12.108380426106864 37.39880606190028 28.003146726027936 37.434921039354364 48.45142316775069 68.28826306132945 31.553667144162226 14.127389576703461 26.143659407964577 72.81563424828327 46.99373662077847 38.85269257213155 56.61694010401549 85.41808848841929 62.651212895663015 29.05361922256977 12.565965387728788 43.20354807070895 77.26604706605207 64.37385385912354 32.57179915310051 19.305421262127282 45.599612178539154 78.6180521390579 77.19170839504551 53.46799782508854 46.41020133512472 61.99838574400607 89.04215816916279 96.79241294415871 78.97926224199414 74.17158225594011 84.61601771834579 105.89175786160524
39.50143799788794 62.306339359449055 98.48797722592694 17.647689002184137 25.67696197003535 50.48786510188763 78.02217007963176 48.781031548631354 27.762122669429996 28.2054099168909 13.188084116020063 28.928518404399153 38.251929957126706 0.0 86.93060530844673 50.564569228001375 54.505939806829915 28.310242819753114 27.52675476978971 62.75570751037428 41.492593434714166 0.6333968412766219 91.57146075903061 19.115946186999494 26.53172067388993 50.71459668894275 97.39248014437591 45.9850955118059 10.62475700259788 25.18221964069675 8.568748343947139 46.22908108632363 75.21161094460551 10.252636518872343 72.04641084029491 80.57408885690275 104.22306059980649 69.34004589298745 26.10020779758434 61.04708618362346 35.29382672010109 23.936635811564333 47.90735999182375 80.07566438443402 113.68356604730262 27.527316706803724 9.462388460939366 42.616595719602785 77.05624874786719 111.59753812901336 43.36609789032754 34.671350069342694 54.022388549029934 83.84250886386032 116.34236545150077 67.92780087082974 62.53475962704796 74.8450713017732 98.42637725501405 127.15540603015164 94.64829957912859 90.63588175265421 99.32834039212297 117.94943426113538 142.66293340275257
67.91664654639142 27.28670670119145 28.084506599391162 73.1759797607828 64.4147430390658 42.90140638342479 21.73031699140564 77.07653576950487 59.79445464071151 75.1400920544465 77.70499049920498 69.54212397726566 48.87575202181089 86.93060530844673 0.0 42.212412222377644 32.49310125159133 69.91997314618018 59.713835260417476 32.86816482408854 61.76891693394993 86.62944180845352 23.595974731782437 77.52522652866234 61.437445620831404 62.19920320889597 32.25353738318104 59.753028580797945 76.421468582437 68.58033595594881 78.60686047958761 41.669697739314685 11.97613745223602 76.6940425432432 23.597442208407706 29.99512058054252 37.90980695337001 17.732568027335205 62.52373564831284 29.329431437229772 121.69138602085114 93.99459349693882 72.4979180058143 63.80977166602034 72.67874615226165 109.37455742083378 77.55740029315706 49.62192698423718 36.11578192548857 50.41024241071469 103.41511214799426 68.98333816816563 34.89368844986259 8.443403760854405 36.329955479429486 104.90253074654069 71.17378501559564 39.00924874202279 19.302393613154358 40.22798042245486 113.5444523409967 83.28356903713484 58.09280569996826 46.99155526830843 58.62123718741368
25.920335047987546 29.38414748645716 48.038932421706676 42.53273764021045 25.148667072510964 33.13245905343112 27.953203328064436 64.20226342982629 23.473117736595754 33.18849664030101 38.865394572522334 27.796639401594298 16.449237981151313 50.564569228001375 42.212412222377644 0.0 18.970391723069085 45.75419343446518 24.216913763951858 36.839142623077464 19.811099067301644 50.45877327139556 41.2422673389722 48.708523288922954 24.257464356812488 53.19785937272655 46.831633254804736 47.611828565112646 41.33229597098085 27.87616604610916 43.50339646684379 22.730203437153307 32.89947721370613 40.782386447949534 39.51316390317988 51.92856799524379 53.70751820422729 28.040259247995373 24.475276627063714 30.14382555315948 82.94753982599059 52.51010635568424 32.0805783490248 41.180712435282146 68.97371947175523 76.81469362179686 42.26718650022061 8.208968347137228 27.26010778140449 61.75511314402694 80.6847380045348 48.89218087954574 25.801283309123182 36.5487284974724 66.33818925952298 93.32121344099788 67.59487786446815 53.142132559256176 58.939843037914194 80.73737700922567 111.78925352757989 91.22640275220036 80.88512254121595 84.60068956390819 100.83093492018806
42.51702077499836 10.84141328686938 49.397604090834776 40.905156217702675 33.4174535781272 16.82728848988327 29.41809001534707 51.98781382563888 27.920143872424585 46.35512875223956 45.974161366977846 40.575527246869875 16.967550832810367 54.505939806829915 32.49310125159133 18.970391723069085 0.0 39.126915030332114 27.637209575233765 17.877983258633787 36.86675462381159 54.18885941633188 42.33863053788232 45.669959915886515 29.72899395541382 38.73463528881381 50.33793959815038 34.09837530677066 43.95766498670492 38.34057846385479 46.133600989766194 9.9582923731014 20.705671997548674 44.296986029975045 21.592242153549797 33.607624559720236 57.54783357814986 14.83450663684959 31.06853814969049 11.257847130537801 89.4697284648267 63.75338925400085 50.18926521489523 58.03650072698868 81.31613531415364 77.17186530478388 45.09971130041105 22.52367660022305 37.087638633327394 68.10664251534844 74.13964915452412 39.7415306779946 7.546169511765491 30.485304948077715 64.78129892997774 81.41517603522415 51.968611843214816 34.174175246191695 45.05378785104235 72.70932027345286 96.69882122870135 73.47082221367846 61.96806299670479 68.38785983345787 88.92995749041424
50.251875551318626 42.77908519702597 88.3434163308694 11.377299593847718 30.860959876932014 27.755857527462677 67.92442176819735 23.146324295941483 26.006793979908966 43.82172317441573 30.725278286087743 40.53212351986803 29.31052525134198 28.310242819753114 69.91997314618018 45.75419343446518 39.126915030332114 0.0 24.618718842191555 39.97098838524113 48.55133460939232 27.702710243730632 81.24303257693217 10.000113296280642 26.895653253965925 22.406004866492406 88.83873255594375 17.943900511822314 20.868502105676683 35.30259966697061 21.541554238759343 29.17036573389307 58.013718513310394 22.79467209619216 50.28517426755566 56.20603453840691 96.04945002549312 52.562559580195334 28.342470050937266 40.905156217702704 60.96030165776432 49.836970260021914 60.38289827447215 84.87208478426139 114.69635006307364 41.001426375053136 21.618355709526476 40.60092200811232 72.27974583282266 105.80705870832013 35.40412322445405 6.6039385594891415 35.05175639821708 69.3432967747392 103.84225318932737 49.327352141743184 34.82131419866758 48.85376901416748 77.17310504405944 109.17653643269387 72.25134563338608 63.03984659574962 71.57208840749537 93.0907175046709 120.84691057556789
26.44204411318172 36.70465283010826 71.40742473967995 18.666271273470915 8.177764136424932 28.735086206696543 50.7851423095649 46.6426609274067 1.4451691705594705 23.288238517440092 18.41310528775701 18.361859053117872 10.838806641418282 27.52675476978971 59.713835260417476 24.216913763951858 27.637209575233765 24.618718842191555 0.0 39.38557475477545 24.03819749857491 27.301473356308602 64.40571466002241 25.08062764388796 3.145294441474089 40.08097252813117 70.69444031104125 34.03204912185793 17.485495506790297 13.858880803659654 19.706168825988104 20.94785878343483 48.2014224816591 17.316048123327718 47.233264305832954 57.51445059473586 77.69215619091695 42.344214402280436 5.032470871124 35.88690170633852 61.977844853145164 37.299020856553305 36.55152744261123 60.62709672450932 91.70664672171046 52.7576132897046 18.521356259273073 17.250203703870877 51.44854157750811 85.97202652931 57.664780382105995 29.663573855647833 28.800552695596558 56.337017684370096 88.9555551476643 73.93785055267907 54.789115290998296 54.145087860468884 72.50059240812689 99.87884277214798 95.95822062917654 81.90651866403303 81.26564419547309 94.30939235822404 116.52959915084938
59.24514784082356 8.929228770498757 57.44119630549876 46.24932836221778 46.80986795006946 12.480283154929698 40.573284780318836 44.213281551841504 40.19908247833567 61.2268869971644 57.25803744189302 55.57447779956101 30.669593684682567 62.75570751037428 32.86816482408854 36.839142623077464 17.877983258633787 39.97098838524113 39.38557475477545 0.0 53.93487872792021 62.30229282790576 51.01283132023257 49.00127858307293 42.20903410389049 29.332396461521174 59.90049672079772 27.146248379583334 52.30285573112308 52.33004298050779 54.21480652350853 18.675816414052836 22.416728204415133 53.262781209150354 10.437397589291933 18.161655667917312 66.77095321184066 19.17130211294687 43.92358256087492 7.197482646901115 97.9445191791018 76.67876532495272 67.53445076803679 75.07952986489832 95.43445050604116 80.89112050608013 53.45922966181326 39.58823971201416 51.68550898951347 78.55175735607146 71.3134958506303 37.59680529995548 11.673757279479938 35.41024161515604 69.03872518669631 72.24912521192806 39.32693047497889 16.374614402819684 37.20883904029633 69.96939744047499 83.34464536039519 57.071399853051744 44.303220015289234 55.346379993191036 80.98446829270107
6.1477791552224765 47.704406323665815 63.29698698273694 40.90152072140837 18.358318971767822 46.9490825160781 45.13912599127211 70.63171132965833 22.612244384171685 16.254194612250124 28.312447660740528 12.818891785624851 25.106593654816177 41.492593434714166 61.76891693394993 19.811099067301644 36.86675462381159 48.55133460939232 24.03819749857491 53.93487872792021 0.0 41.63104229716383 57.18071505663992 47.36256547062307 21.666844298028533 62.978721997313016 60.8015633949805 56.93434140874904 35.39238751787644 16.435077904029466 37.08495807514306 36.52928719682804 52.710184319095376 33.97214388358215 58.33641247787282 70.4741558105919 66.89775773382684 47.77245864698529 20.344072118271484 48.00292383595041 68.89595346732209 35.65081233928384 13.78982119553577 38.78387098618167 72.20158488985572 69.0194282336718 35.88667016437309 14.383154043327153 38.996763301439856 72.31507711880005 79.83741657854326 53.697257085165475 42.27998405632264 55.5573396259466 82.34353782508113 97.86498469548869 77.83004519619357 70.22986596212823 78.75093424191691 99.32745162731698 119.89213841714823 103.97130712120854 98.18658444315473 104.23935358962143 120.35674106052991
39.72705113424325 61.92070751297394 98.35096240040151 17.082848024276586 25.63813860408698 50.01710047753455 77.86330547949001 48.147656031176545 27.56772589716467 28.50756967393064 13.353784819966032 29.11375959240653 37.996513622111834 0.6333968412766219 86.62944180845352 50.45877327139556 54.18885941633188 27.702710243730632 27.301473356308602 62.30229282790576 41.63104229716383 0.0 91.42379161187374 18.486824743274585 26.373563683749012 50.1081140608838 97.2900863279505 45.39500133865577 10.260614542422537 25.284876161968743 8.16179269690029 45.85378781997037 74.89381921270085 9.995696747664049 71.62528126918664 80.09898725669804 104.13506414244232 69.02334716961178 25.98546081410907 60.646688356080006 35.70751462055542 24.537023240365446 48.207345115290984 80.25381262528828 113.8079279424519 27.405216130283954 9.104450803942635 42.53927730627611 77.01391522988429 111.56858921895939 42.86994103498763 34.054491300324194 53.63224427592294 83.59401646661843 116.16511638909454 67.34480423057349 61.90683385279307 74.3261027119543 98.03602937505207 126.85636211288984 94.03916607377664 90.00545257642229 98.75876756505623 117.47468997923447 142.27440856110243
62.89706522849687 42.98768885013101 7.1130659807859065 81.32957449897886 66.37746374340074 57.62656516726929 13.64198968011653 93.39994513385778 63.95017195452271 72.92611431662623 80.10723062518329 68.100462351339 54.41696126844388 91.57146075903061 23.595974731782437 41.2422673389722 42.33863053788232 81.24303257693217 64.40571466002241 51.01283132023257 57.18071505663992 91.42379161187374 0.0 86.83576703877347 65.05166942892583 79.16051160869782 9.027730525898829 75.42279719178225 81.88271157356398 68.93617886262932 84.09786011871104 52.2269388920559 29.069448522985244 81.56596798087891 44.11176895302523 52.91664015691439 15.762536149876029 31.94457831497422 65.50746934921723 45.20114617568566 124.1160905990936 92.54823858172277 64.19007449186194 45.5013356213816 49.144624380679886 117.02902182936657 82.89682335523976 49.42493246285573 20.214198729311036 27.735409973963094 116.44397616279393 82.07647213067743 48.04942068708347 16.60717427958959 25.252752424913155 122.45421466019708 90.32815796501187 60.97656963665079 40.8892707107775 44.95049906033496 134.17605915711687 105.54472013642196 81.67575039392337 67.80070512894247 70.12638726736799
47.83590424024758 50.83515925644224 93.94446367130577 6.510327547248514 29.00495529259118 36.56736707636721 73.27530343957423 29.89959661577308 26.20706974274425 39.421520159706134 24.56293214496094 37.304131700572114 32.8715044624827 19.115946186999494 77.52522652866234 48.708523288922954 45.669959915886515 10.000113296280642 25.08062764388796 49.00127858307293 47.36256547062307 18.486824743274585 86.83576703877347 0.0 26.357991407278544 32.071421843414605 93.92574960658462 27.907693053487584 14.177506009903613 32.16033968119884 13.954798680757744 35.952943700019475 65.54982417251834 16.19199320096178 59.1266395360883 65.76534740407871 101.07499272040411 59.88572647515336 27.271310665984167 49.128114261059736 50.96027537391331 42.0151786465379 57.69246964950706 85.36033691554283 116.78687181183965 32.05562493498683 14.501204580517598 42.28306578587845 75.89651667776361 110.12518199232655 32.68052566942016 15.823005861914053 42.75006848137819 76.15523146791197 110.3019505205737 52.13739892980643 43.42258269616771 58.715848692118826 86.04881733931047 117.2862520509362 77.31975141348626 71.5237796852438 81.53350493276015 102.83252430822876 129.98499122411732
23.646033199246016 39.16636015823735 71.98944433662747 19.8533361034424 5.032470871124 31.769836755346645 51.491296297367406 49.28076316282733 2.0166085286159396 20.144352625151974 16.296707044836875 15.243164244501823 12.762188294010398 26.53172067388993 61.437445620831404 24.257464356812488 29.72899395541382 26.895653253965925 3.145294441474089 42.20903410389049 21.666844298028533 26.373563683749012 65.05166942892583 26.357991407278544 0.0 43.110663963835144 71.03680099117702 37.07262526988499 17.082997733254665 10.718650839525223 19.246655824650226 23.646033199246016 50.09346071953578 16.553266999285558 49.8033585183824 60.29853387043191 77.95351557911395 44.26804950783791 1.887176701074464 38.453666544890964 60.35914565332754 34.56888794223866 33.78796976198985 59.01765096334197 90.66077810690969 52.57853221934587 18.009722160687748 16.70486493741442 51.26996500054476 85.8662942489308 59.03835483918474 32.229746140190336 31.41378878906088 57.703865655539126 89.81918777446124 76.19882675410054 57.77704088281655 57.13936559199227 74.74237847423737 101.50238702127577 98.62338059505763 84.98534122082812 84.33957922314924 96.94606956187008 118.65342624320064
66.305143585158 36.27359043329124 85.89612536718586 33.45762442301042 47.99040810458372 21.984383559937125 67.34265167284542 14.9374385596521 41.488739104132904 62.66249921351382 51.77004188460309 58.27403504871737 38.679750295128315 50.71459668894275 62.19920320889597 53.19785937272655 38.73463528881381 22.406004866492406 40.08097252813117 29.332396461521174 62.978721997313016 50.1081140608838 79.16051160869782 32.071421843414605 43.110663963835144 0.0 87.77272542333142 6.06506027666057 42.68922514453553 53.373802222659094 43.6588430151123 30.806300636834948 51.488548758503136 44.47799934891706 39.12186289432673 40.41020463729465 94.85352362499805 47.390222377453476 44.93642231001468 34.04996550190559 82.59274864821306 71.56840449600399 76.27100123328894 94.37822550598149 119.96661194122456 59.733166020071074 43.57042529267754 51.22041383392236 75.78586690090347 106.10505381401391 43.807332551540114 16.26484361623237 31.69949465752272 64.34299384000497 98.33633012261706 43.29838225384822 14.85326489712617 31.00548312605002 64.00712009692043 98.11897775487832 58.6093525915876 42.03103011542944 49.92974420700657 74.92777724583651 105.49969114076808
66.16012817099654 51.734489204637704 5.553696035458459 88.20422925168764 71.8626147969975 66.07514202293382 20.959396690844393 101.85784943560009 70.10777256950149 76.92355770525265 85.44227447367115 72.47750421384343 61.17553230970351 97.39248014437591 32.25353738318104 46.831633254804736 50.33793959815038 88.83873255594375 70.69444031104125 59.90049672079772 60.8015633949805 97.2900863279505 9.027730525898829 93.92574960658462 71.03680099117702 87.77272542333142 0.0 83.86413427217813 88.0594020504039 73.8725157071283 90.25154854412881 60.09096072532745 38.07921860450101 87.58663866221306 53.13696132222609 61.84808138193053 7.219130717774846 40.769286481185276 71.30678405308653 53.93557780864097 128.95625946709845 96.4477426637357 66.10176279655121 42.79655122533235 41.091024829751916 123.45205286731931 89.02606732475132 54.82448512870874 21.923956673323964 18.720250615935306 124.1791230633011 90.02238370357534 56.41323697131244 25.60714390102111 22.88770646815535 131.03374473076184 99.18328236630494 69.9972873739085 48.546189101872464 46.996385092440015 143.13794690674746 114.5662367634799 90.3168076152513 74.72336478417773 73.51727095934929
60.24009082488834 33.013943527033696 82.28313822172733 28.458202166796696 41.970861008517296 17.79793820389362 63.1882214031523 17.99421692601915 35.43612542906221 56.706898816076084 46.19454852575407 52.25652916316902 32.76729947734778 45.9850955118059 59.753028580797945 47.611828565112646 34.09837530677066 17.943900511822314 34.03204912185793 27.146248379583334 56.93434140874904 45.39500133865577 75.42279719178225 27.907693053487584 37.07262526988499 6.06506027666057 83.86413427217813 0.0 37.44129885425923 47.387578921911945 38.56446263435412 25.55989833536342 48.56725922482674 39.15628108381911 37.416577519481436 40.585550598491345 91.0087227422753 44.03708672517054 38.90526249072923 30.817425071769225 78.83132017936626 66.13918379899815 70.20809287186711 88.76221636530822 114.9915469905401 57.32358334596546 38.37814933288605 45.32767906890408 70.9305409406516 101.99270459446171 44.286111242923766 12.661204902806537 27.462799001869975 61.1797132004527 95.5330416367023 47.331299244528225 20.8982772358513 32.06355297852133 63.358126571684515 96.92925415177716 64.21023298434577 47.98085224728251 53.630038963078285 76.45266973804141 105.87091703473612
34.86198229044981 51.68455191685091 88.87271213650769 9.506828269583924 17.632654754077056 40.14391957960166 68.26754820530607 43.38974869103678 17.960582437000056 25.49029744534535 10.39078344230392 24.06278851201502 27.962076712128173 10.62475700259788 76.421468582437 41.33229597098085 43.95766498670492 20.868502105676683 17.485495506790297 52.30285573112308 35.39238751787644 10.260614542422537 81.88271157356398 14.177506009903613 17.082997733254665 42.68922514453553 88.0594020504039 37.44129885425923 0.0 19.220817562043447 2.225579779954212 35.60437100839662 64.65870310353722 2.024732538350973 61.47609213907025 70.22717705599037 95.00610438956778 58.79043224966053 17.117868385563074 50.439217131335624 45.8997958317085 28.988835998891446 44.37061951177942 74.10795535618485 106.8179017096071 35.49687641271502 1.1655957699458432 33.7274872561134 68.32702674927742 102.92947185745366 44.94844225206798 27.47210946936162 43.40404046161558 73.53872619112568 106.42752164004109 66.2400982797327 55.681092966492855 64.8676427865731 87.80678515737343 116.64924101253341 91.44428820111442 83.89413866543526 90.05060365026321 107.58583544887668 132.0417691946678
15.723645387686314 48.4801107431232 75.57932315113197 25.95396137492356 5.706577044588583 42.346990673909865 55.80650510351566 58.323329641389414 12.661347223684206 9.437690598479074 12.108623035051393 5.241937752477351 21.876319264482138 25.18221964069675 68.58033595594881 27.87616604610916 38.34057846385479 35.30259966697061 13.858880803659654 52.33004298050779 16.435077904029466 25.284876161968743 68.93617886262932 32.16033968119884 10.718650839525223 53.373802222659094 73.8725157071283 47.387578921911945 19.220817562043447 0.0 20.77355883709232 33.65495538319955 57.832568182353604 17.665411449175938 59.29317582218025 70.26931412721825 80.44145793275379 52.17461197131183 8.836342905235712 48.01880975718906 55.18898913715931 25.527168278526574 25.54007830374387 55.20690500566851 88.5333643424179 52.689722912346554 19.60851018859731 19.688401504344103 52.77902373594654 87.054409709941 64.08307404435244 41.2639591071204 41.15355596830376 63.86973400526297 94.1270289542153 83.88712087838174 67.8691595553992 67.60300776512273 83.23989770356057 108.0849876218699 107.5512236683421 95.36693858421016 94.95853018987917 106.46160883333816 126.67165456278818
36.28486311079888 53.76041083921357 91.0842946118884 10.214633088953985 19.574528674324483 41.988036406354624 70.4850272970226 43.62182759769293 20.164635243626307 26.459052470894004 10.918465116053529 25.45128086349115 30.184512228659457 8.568748343947139 78.60686047958761 43.50339646684379 46.133600989766194 21.541554238759343 19.706168825988104 54.21480652350853 37.08495807514306 8.16179269690029 84.09786011871104 13.954798680757744 19.246655824650226 43.6588430151123 90.25154854412881 38.56446263435412 2.225579779954212 20.77355883709232 0.0 37.699841052006505 66.82999164713392 3.113418579152937 63.47774792392959 72.07936446864572 97.18952891105188 60.96367906525938 19.215630920453684 52.485563521343444 43.8609825939595 28.378910714921723 45.62650496100553 75.84874381742975 108.715797030468 33.355014638154245 1.2555041395682605 35.85317273901918 70.45692383250778 105.06074743738652 43.69603387439321 28.12565831854629 45.47087880399815 75.75610778165311 108.65180070455617 65.68180521460262 56.33601476379317 66.54461355259187 89.87444929272071 118.83366394099089 91.25069047054404 84.554845249676 91.47168416327746 109.4501254228287 134.11302958479038
41.39020967105314 16.1093093503565 59.303327338954496 31.521596637390697 28.154530789345024 10.650249228021458 39.1332958775647 43.056826929719584 21.652294807658084 42.58272978802083 39.183492596242466 36.966079218024724 12.108380426106864 46.22908108632363 41.669697739314685 22.730203437153307 9.9582923731014 29.17036573389307 20.94785878343483 18.675816414052836 36.52928719682804 45.85378781997037 52.2269388920559 35.952943700019475 23.646033199246016 30.806300636834948 60.09096072532745 25.55989833536342 35.60437100839662 33.65495538319955 37.699841052006505 0.0 29.70466059454548 36.22170478845117 26.34471759790597 36.67345660178998 67.30910231345855 23.966318684622525 25.313948984765137 15.041593106801333 81.48033127364279 58.20516761996001 50.3134554289537 63.79538512682408 89.45984370518251 67.70655836251655 36.76744588792591 22.679438723881756 45.51608107583813 77.61388512367155 64.21939413133671 29.93363021470447 7.922599267266458 40.30343244140337 74.70488257167266 72.51846850088967 44.948849575106415 34.30308542341296 52.22868989572698 81.69334253018356 89.37844426992207 68.73798972718284 62.09746518790494 73.36251191067207 96.45102458679169
58.80918196927366 15.648745157730973 35.20183392927605 61.22082231091739 53.363258187946315 31.30373155253375 20.944911208571867 66.2069892193937 48.374618009760724 64.96024779024064 66.39014494551633 59.25282203240577 37.39880606190028 75.21161094460551 11.97613745223602 32.89947721370613 20.705671997548674 58.013718513310394 48.2014224816591 22.416728204415133 52.710184319095376 74.89381921270085 29.069448522985244 65.54982417251834 50.09346071953578 51.488548758503136 38.07921860450101 48.56725922482674 64.65870310353722 57.832568182353604 66.82999164713392 29.70466059454548 0.0 64.99995342893472 15.1329779675109 25.494030693543454 44.72290160953204 5.872818387076854 51.28682045231313 17.793607060793654 110.13502263979008 83.35362011071268 64.50357912699133 61.38713560448137 75.96599290755104 97.40417092867699 65.80242347946184 39.587611850959966 34.629939990475194 56.798944804376575 91.80545975273235 57.27447029139055 22.963915931710385 13.006610000320292 46.96654504544905 94.61391892337355 61.636874631111255 32.26854365605916 26.043376134802177 52.058619908485376 105.15795820325535 76.7212306859453 55.75752704180518 52.21551423117104 68.83909900617373
33.20840450666654 52.32904846200356 88.5231435775666 11.463744622284057 16.553266999285558 41.2187886158197 67.97864721324687 45.39271476310784 17.632443553947912 23.591328293176023 8.371409692230706 22.38122607962459 28.003146726027936 10.252636518872343 76.6940425432432 40.782386447949534 44.296986029975045 22.79467209619216 17.316048123327718 53.262781209150354 33.97214388358215 9.995696747664049 81.56596798087891 16.19199320096178 16.553266999285558 44.47799934891706 87.58663866221306 39.15628108381911 2.024732538350973 17.665411449175938 3.113418579152937 36.22170478845117 64.99995342893472 0.0 62.272443907620705 71.26400382157642 94.48945042792255 59.12728166752689 16.372194512285162 51.15292697031263 45.28107252779326 27.123685156389595 42.6128274937818 72.73824194170035 105.64416982130743 36.218022066548166 1.9598331802960913 33.027127642956216 67.62097134145004 102.22159635099257 46.68946276329708 29.39449328162308 44.079519255662184 73.59897608340664 106.23300816060231 68.22615701225463 57.58672590839024 66.12444916515237 88.45023363238207 116.91550006443711 93.46823964477383 85.79210388134683 91.53670380392167 108.59263780541525 132.66673889968246
