0.0 52.17030819203798 43.65512783523291 21.06554570761045 80.93087761838635 40.974910172517944 13.863826632746465 75.4613363636732 83.80263346412355 27.7311713862456 15.417144686212943 5.984455420004764 47.91588794246134 44.23394053794824 82.6624670473294 41.423472630414 47.65754207127038 61.96227113030963 40.13683810101375 101.98756025887657 62.60735628124404 56.164373938756384 47.163961830077305 20.775880106525648 80.68436522858019 41.12930574012178 4.3195415287001975 81.55870850144615 39.71263114414871 0.9417093540475735 60.527770295313374 22.5996348777534 39.52159568170683 38.02545741101671 43.963502620886835 63.448910058963314 88.42709177494915 56.21487828278536 68.05378166365834 75.57932315113197 135.54679776302834 105.02070061161004 77.9779028986232 59.384776983389806 58.02880964838269 126.34973221062361 92.96680613916615 60.96095215533953 34.41637346347963 32.366251994820935 122.98327711315015 88.38088322086826 53.78037733389289 19.19197361702575 15.465740018606477 125.91615245960497 92.38211890919972 60.07391154872536 32.83495568350203 30.695835098926246 134.7374703144083 103.98370786416437 76.58873198479088 57.56607514075742 56.18424087632495
52.17030819203798 0.0 10.87682259750222 68.94063236297175 54.66698324841194 27.523023939559348 38.31624165920027 35.833003068274934 49.63051638511387 70.97571042011263 37.78141351912528 46.235976384124946 6.139109290358128 14.743406481569023 34.742236343740615 11.756873638961665 10.621102791459442 62.39298952105219 32.711364007550294 59.28939795129855 14.370817336988104 4.349823232545332 5.0182657746662205 31.48713648632664 55.98190215994969 31.501643609424328 53.17109541834578 39.668169593209804 12.489197077916703 51.35596356602856 27.253467870129757 32.776537530403345 23.215754912372034 18.401033733152143 8.558535818337417 45.713980352943985 47.70719393915157 40.18925827635314 16.716382879896685 40.938038995202135 98.52815027162997 76.78962574640686 66.9347693296853 73.88265402657825 93.97763714737806 81.82212251433786 53.957248138193584 39.02222620812713 50.28825178840643 77.00588948540862 72.61755583305677 38.76714497130734 11.283868370539249 33.86165801804893 67.53332602638139 73.77822646288305 40.880901338585794 17.14987616642105 36.219292854643754 68.73430629095778 84.87992621791777 58.450360718238066 44.97890889665129 54.996132660640775 80.13027988208776
43.65512783523291 10.87682259750222 0.0 62.00293106384932 62.599255118572 28.838376183829137 29.91331870203016 45.683300699445255 58.90648695384098 65.1577928102798 28.571571122841085 37.67206472844024 11.347894721712152 5.190635881482577 45.61314357614564 10.609800136901596 15.728686174842784 65.05297005525274 33.5381320534334 69.92679065972249 25.062572076059446 13.644375554543704 7.053669109752096 23.776700968455803 63.652137650912564 32.7141172152764 45.26202457679597 49.99066640708778 7.785254917377369 42.7819026244011 35.08537443204952 27.224979889982922 23.87692311071497 7.5376230383306915 4.006440549863925 51.284190252870935 57.999521342156015 44.80954121527355 24.57840452636782 50.00894226811707 108.80735656433615 85.63380954107555 72.26349679773044 74.19994436210436 90.46549429451596 92.65744714904608 64.10464700768712 45.035838577441424 48.39282465521486 71.06561709489225 83.179534907142 49.57974104728967 19.806973872106692 26.857615352534868 58.69579701873508 82.70086903184315 48.77990334996838 17.730638100268212 25.37958645282542 58.04069791140961 91.36302966043613 62.236605215316125 42.3604672314525 45.93741019486316 69.43273322187235
21.06554570761045 68.94063236297175 62.00293106384932 0.0 85.14600318249609 50.597609688209005 32.719276215977246 85.35905979148528 90.76140367733377 8.87313940267254 35.56971355414895 26.10567011109156 63.78364871468811 63.49687684341238 95.42083695088228 57.35611038935178 62.221272690256406 58.44888557011482 47.673622489192454 111.21650782231606 76.97818049097813 73.20009424478104 64.13058480230808 38.2287807171888 84.32407661306641 49.084060868962816 17.708346093032205 91.7585511521478 56.62469485148353 21.98091308964033 70.43030459829725 36.3105321165703 51.14047075960449 57.41527628734879 61.460461122698646 67.18362510043694 97.61031147674218 61.02324273508205 85.50444978087812 83.61485119926472 140.6912556493133 107.83874988676033 76.54533017739632 49.839785335951404 38.77687286537557 135.5519060982925 101.10663397265793 66.82541111903866 33.220049079781866 11.677315713216837 136.0835375617735 101.81174970057684 67.8777192629312 35.27019111594787 16.59630092278469 142.22254026145836 109.81088541890198 79.27437779507716 53.900280291498284 43.82773414005339 153.296400155587 123.69659792984139 97.45083456297192 78.02074569734694 71.22192885070697
80.93087761838635 54.66698324841194 62.599255118572 85.14600318249609 0.0 41.28858350307034 71.56409041451404 23.55191502305572 12.264186372010922 81.05345585132186 74.34862297507698 77.12931348298449 51.3752038094792 67.70721467661933 38.71934005478353 53.332525201617514 46.893787911336844 34.725460968254055 40.910247723221794 33.46663181450123 43.31455753938357 56.00777696588594 55.94458831990703 65.7374027631248 2.362738323927275 40.09172484418519 78.80492344224312 25.920890987909836 57.10878362087089 80.64183212478002 27.576815170496854 59.8730200275758 44.717943809736425 68.21436619600597 58.61495331265738 17.98122112820332 24.06147502579599 24.771445749580842 60.49338236239749 15.790674164160952 55.547405132540355 24.369622968453847 22.29557005426358 52.86923470434487 86.53363002932218 54.72778458023874 22.45716883490289 20.20816234373696 52.03139998845306 86.02915035238418 67.11319632614747 44.71601584815163 43.47050877700966 64.61168857990616 94.09823364999426 87.25010174581033 71.26981027667351 70.2919149247488 84.8367997718314 108.85023532371375 110.99617302907777 98.71038180056865 97.78547495997574 108.51234649214922 127.99425829097896
40.974910172517944 27.523023939559348 28.838376183829137 50.597609688209005 41.28858350307034 0.0 30.374761263699376 35.05619012140579 42.879721464512805 49.78036833552802 33.06004783876605 36.48500661171639 21.45193745260762 33.71204310668245 45.093831826570735 18.314400514744413 17.080860327730264 36.22232393520935 5.209304091242656 61.39856158425196 28.801972573548923 31.463311680000015 24.97989950121278 24.461363595417417 41.49850493085082 4.002369532323442 39.67223338593554 41.374768779099284 21.217108835518776 40.53314898788267 20.004736750319896 18.835183401277103 4.988977262716487 31.45374862739741 25.32160646983499 25.56753947712302 47.76137537200712 18.143447058127638 42.791064207027496 34.60828834290329 94.77960552080069 65.65787281784509 45.0949898897673 46.37864998089739 68.28776937051559 85.82562986691062 52.04498944850747 21.12281728957471 24.05236355962611 55.72889084089971 85.6437037647439 51.74720109162353 20.385105977848724 23.413311798107728 55.45867553137378 94.28462846812346 64.94793083461587 44.06469429129905 45.38702299098854 67.62460675416722 109.68222863481401 85.61527426766412 70.88384677652952 71.51101256564574 87.16588060027337
13.863826632746465 38.31624165920027 29.91331870203016 32.719276215977246 71.56409041451404 30.374761263699376 0.0 63.409732768610425 72.95533145552739 37.322292725523795 4.33567913679901 7.921618571632637 34.19371627544756 30.884772953497052 69.47383053331 27.7479237980418 34.28419484864722 58.07906166403068 30.96815434445781 89.89351269619488 49.11579104235582 42.30054828622305 33.30636311821404 7.140034564342948 71.63933462774051 31.580552394741556 15.417144686212943 69.29207630846493 25.877180983960518 13.040192235030853 48.79915149614232 11.740715046831113 27.82628258373215 24.743536396843815 30.103161270207906 54.96417071644972 76.49411858595522 47.47067611518283 54.21658656131089 64.37548365564525 124.94972679379669 95.92021141345825 71.99808883705118 59.67870427836563 65.83430567098311 114.09813384039498 81.42782952570957 51.35594739447264 32.236778393425496 42.84648254861021 109.54212352549467 74.97302028566104 40.46337611638054 6.9620352220021315 29.231988537375553 112.05253550429421 78.56291806064243 46.72619120894562 24.277258194592953 37.286419190249106 121.19089856888793 91.01645278333558 65.38775290649019 51.59384223598845 58.67788047993707
75.4613363636732 35.833003068274934 45.683300699445255 85.35905979148528 23.55191502305572 35.05619012140579 63.409732768610425 0.0 14.500163072200365 83.6153080649372 65.0039040234832 70.46058658088165 34.56210327314755 50.31448512511846 16.146823268893506 38.805501742483365 31.412198815686224 49.2855824460943 37.704452275258994 26.533108536767394 22.217344924654547 35.90054330345502 38.630145390041044 56.53393988211727 25.652577871651154 36.276636502011236 74.53673471553964 6.432692188272609 42.355650855675265 74.92450335754046 15.055883074049172 52.87007511426141 35.940953018738675 52.5382355458395 42.03823958023208 27.101636142725344 13.102244178316457 28.24544382570844 37.91964485186692 7.848006974251506 63.30625356363794 41.83729499189931 43.449526674785815 66.48449509693502 96.68163947508224 50.89583408999814 18.603031509978567 22.284787298126734 55.15435448264868 89.3434161073348 52.66932950255989 22.97953876483934 26.017468722062127 56.750389433172906 90.32803146331543 67.51805899595396 47.91980905245461 49.28226678546431 70.39878869837285 99.38838458627102 89.13009697209883 75.17125971060003 75.84201079057075 90.81878180742919 114.62477859761131
83.80263346412355 49.63051638511387 58.90648695384098 90.76140367733377 12.264186372010922 42.879721464512805 72.95533145552739 14.500163072200365 0.0 87.67007174833397 75.15093386286682 79.35468512368898 47.58306966849704 63.75798707517254 27.57276514402514 50.931252914870036 43.788112216877465 45.33848116495181 43.98223427013699 22.44331301903276 36.530331834116154 50.08259149094107 51.916163617041654 66.49307226070495 14.624988042224464 42.82542031363322 82.2450274286891 14.656419745145094 54.649177209412585 83.38677706037747 24.815932245665813 61.658314071271 45.165373190535654 65.35414868416478 55.085000555818475 25.179396773344 11.800101334009339 29.934171757880318 52.38276215902813 8.979838487130671 51.99795630256984 27.387473845000066 34.51379434805006 63.46000543379109 96.21842126815453 45.54876958283087 11.258347174603262 23.95129615964783 58.44170625827741 93.01642709249776 55.21236308134505 33.03828800994512 39.10865926064568 66.04756846815344 97.9280893730982 74.99917210947606 60.36847535581117 63.70726077879388 82.87136172575335 109.8703571028198 99.01492733346089 88.23308550269697 90.33771634326715 104.55349197738339 126.87263867700582
27.7311713862456 70.97571042011263 65.1577928102798 8.87313940267254 81.05345585132186 49.78036833552802 37.322292725523795 83.6153080649372 87.67007174833397 0.0 40.77286566413761 31.859912156189193 65.4325395938131 67.2684852254296 94.86645600638583 59.226357853575614 63.23175509685789 52.16354031709857 46.126126818129045 108.8370781261693 77.53612237175238 75.31005243469747 66.38666705055304 41.75660026693431 80.02578846460148 47.631715450365256 23.75588351169333 90.04798350516826 59.051363887417175 28.567569424763747 69.00491804946316 38.29115207077918 51.17920217035207 61.39918177133448 64.09413137911018 63.283602859008745 95.36604366418089 57.73590611107347 87.68711658660449 81.09133960437804 136.41529893303 102.94477141737168 70.57587963862545 41.941867599625674 30.530679253419496 132.96374722321778 98.36872689328756 63.78329773650177 29.241511490662987 6.056170651172584 135.33156731148992 101.51766057753896 68.49729877687898 38.376642680628954 25.465578741618422 143.23031232932766 111.74021927191865 82.774581409546 60.10146875674984 52.607435427291385 155.82072829297059 127.34364649203152 102.70072204756094 85.28306628143352 79.9605750463973
15.417144686212943 37.78141351912528 28.571571122841085 35.56971355414895 74.34862297507698 33.06004783876605 4.33567913679901 65.0039040234832 75.15093386286682 40.77286566413761 0.0 9.603556629302043 34.23333007685528 28.8470064741354 70.12069713982162 27.99065802370912 34.94978029437563 62.103645575292724 34.16223796849521 91.36428711026822 49.474666420795714 41.5556337817267 32.77329634181136 8.671585991485253 74.52979685379746 34.64157347210449 17.90606750351189 70.71768051734377 25.61457998741546 14.497802218722567 50.68465455560366 15.055633556252689 30.02302114542856 22.634431930434143 29.328853348910993 58.10877405815962 78.10598588529056 50.59411460285492 53.12547978205692 66.4399543158981 127.12986972968667 98.71779326703339 75.65167712453089 63.999409476768136 69.73841978174285 115.4166052670245 83.24852737798663 54.17075509809475 36.516475244114126 46.1222731451433 109.79575204829162 75.33971427864665 41.13260211528228 10.127309389108804 30.134479648328426 111.19541168236535 77.34688479218623 44.67111726947609 20.08292739219684 34.727314188991286 119.36880774779533 88.59855413661212 62.01053513439486 47.283403880280076 54.96312618783128
5.984455420004764 46.235976384124946 37.67206472844024 26.10567011109156 77.12931348298449 36.48500661171639 7.921618571632637 70.46058658088165 79.35468512368898 31.859912156189193 9.603556629302043 0.0 42.0820230411676 38.31474048976349 77.12769418228451 35.614101972057796 42.00850166506076 60.44402925403748 36.22036463471091 96.99036013527635 56.90793673087626 50.20705381760425 41.22468968985131 14.950271864978182 77.02246818267946 37.0683067117213 8.39759607300305 76.46565559243379 33.79839515447267 5.130081078046372 55.6464629799555 17.722300764002647 34.575779527924404 32.11355179900788 37.99658241336938 59.97394002796232 83.49434209717086 52.59529499405759 62.07320913768762 70.9596364503871 131.260269696435 101.3777279735203 75.63344043161243 59.6504748606412 61.56889839209239 121.28968376118335 88.21867207021032 56.99751789638787 33.312703601689826 36.95391220059673 117.32383268090562 82.73410754773816 48.164692966549545 13.769422844415564 21.312217680072116 119.9599754294821 86.39845523158087 54.16486656030942 28.24561585201071 32.50598718308921 128.79321974132543 98.19256570517763 71.34890991003653 54.16968165414581 56.3279891030611
47.91588794246134 6.139109290358128 11.347894721712152 63.78364871468811 51.3752038094792 21.45193745260762 34.19371627544756 34.56210327314755 47.58306966849704 65.4325395938131 34.23333007685528 42.0820230411676 0.0 16.356951252960616 36.27412547572939 6.522520532320025 5.001555066604576 56.70934833213765 26.62286863495466 59.46389535477418 15.403098152653111 10.343573005207164 4.60097323458359 27.144242805346767 52.49686347338335 25.443750742692753 48.55971152117404 39.185840053374015 8.738848146317984 47.14718217928894 23.8116086853346 27.478818328251638 17.080860327730264 17.978741495577864 7.510615469390148 40.968617801877265 47.12578642584441 35.01075602290578 22.501491580764657 38.67092212167452 97.82758467960761 74.29005091630576 62.1495480241109 67.82993652388147 87.94324062881967 82.73501479440895 53.09323864935763 34.46060273441731 44.17019498507243 71.47944419697009 75.56323935035157 41.158733605546736 8.551799631572283 29.104620181484222 63.370957614010926 78.51409200344153 46.30900853148411 22.791025652586747 35.90518598559257 66.7366380797438 90.603726093334 64.57797541268337 50.26330849764831 57.24762878035748 80.14354226992417
44.23394053794824 14.743406481569023 5.190635881482577 63.49687684341238 67.70721467661933 33.71204310668245 30.884772953497052 50.31448512511846 63.75798707517254 67.2684852254296 28.8470064741354 38.31474048976349 16.356951252960616 0.0 49.19659668430443 15.664350098399822 20.881691012796022 69.92834675774611 38.27210044547416 74.02044213411028 29.111024846798088 16.444230988759227 11.865630265359671 25.51641383195242 68.78709981737784 37.52518737553662 46.288047410280676 54.370878158473204 12.496328248103286 43.325107939162066 40.16118616926643 30.0887476473102 28.727359475179995 6.212800869194593 9.18906510106601 56.465963637806 62.404929036897435 49.95399921911309 25.614688998992715 54.90312155982743 113.23423539788644 90.61327659170125 77.42273896771324 78.56548804889891 93.5175497101031 96.36050870208173 68.60479585019442 50.226459027604704 52.28369876663637 73.07039020258628 85.64539487750312 52.67184666258294 24.66494477763434 28.935132175403986 58.83001402516756 83.49527974395868 49.13240338465387 15.854894590830538 21.99126189985319 55.77371078505147 90.52266387086631 60.21335060661463 38.10212968359821 40.898982386579604 65.4867239424718
82.6624670473294 34.742236343740615 45.61314357614564 95.42083695088228 38.71934005478353 45.093831826570735 69.47383053331 16.146823268893506 27.57276514402514 94.86645600638583 70.12069713982162 77.12769418228451 36.27412547572939 49.19659668430443 0.0 42.181042491475154 35.214418380042154 65.06759429259829 48.93150505401857 26.024946921219936 20.88748606805311 32.855722583190456 39.046634966703095 62.33770474656427 40.97285328931073 47.39092719150013 82.5139253384034 12.934168550587868 44.99749778389244 81.9928916227509 26.703865999085423 60.461060836687274 44.319118319992654 53.11416724266265 42.81299183664418 42.90851109818572 18.5288742221683 42.96636643787576 29.392766737529943 23.705377912894004 66.33935976406566 52.65257979271144 59.4851100666262 81.85024823378671 110.70342635182978 47.17178676790578 24.829949762849857 37.452881445485446 67.70342116038127 100.79499555840395 40.673896625200875 7.138121644426775 29.02402083153944 63.47195349547647 98.02978152840879 51.850828212898854 32.796426972111334 43.09915113440435 70.95281534451978 102.98495594949335 72.99004100184796 60.74887936611902 66.69399697152554 87.18104580877143 114.6636947373885
41.423472630414 11.756873638961665 10.609800136901596 57.35611038935178 53.332525201617514 18.314400514744413 27.7479237980418 38.805501742483365 50.931252914870036 59.226357853575614 27.99065802370912 35.614101972057796 6.522520532320025 15.664350098399822 42.181042491475154 0.0 7.418172296157272 54.48786215786887 23.16030601611795 64.47244762414417 21.485569954803143 16.102022805727348 7.508986026342237 20.665410050069 54.20037214617031 22.244233914264168 42.037193212084645 43.93572994951273 3.7796377729846604 40.66306117881054 26.308577629680126 21.089964246934198 13.406534640581897 14.900864215320698 7.012317967127455 40.990993584523686 51.708215863163375 34.33310282907922 28.473150147296597 41.95146576816322 102.0441616254123 76.94297871389615 61.824069722366 64.17937203124954 82.52605991458498 88.11178710100182 57.40418299422803 34.951780586935655 39.27909430532259 65.26025647295731 81.86257380274492 47.358143207127824 13.377609842101798 22.582762027726766 56.884583281990786 85.00855006786443 52.56370311296802 26.349118834740956 31.944531928215557 61.167589907980215 96.63630154284013 69.68255049225405 52.60745339548094 55.44577266021667 75.99820065200946
47.65754207127038 10.621102791459442 15.728686174842784 62.221272690256406 46.893787911336844 17.080860327730264 34.28419484864722 31.412198815686224 43.788112216877465 63.23175509685789 34.94978029437563 42.00850166506076 5.001555066604576 20.881691012796022 35.214418380042154 7.418172296157272 0.0 51.82695508775234 22.290027215337336 57.069793065664996 14.989892889596153 14.396007827429719 9.48341108197744 27.144242805346767 47.92535981345095 21.014423296978475 47.85546326838086 36.519405005080316 10.95641696279971 46.95034502376015 19.463629211753965 26.087576622129763 13.161720386738438 21.59966557879206 11.73029291754245 36.00598544859795 44.29229771050973 30.009249497589103 25.87862643188398 34.816999874929 94.68364936078676 70.13792655142919 57.17040320923737 63.34328886178817 84.56406129457204 80.77576723028362 50.014765461843474 29.547706584085688 40.49068006878178 69.28752693118008 75.32826909127596 40.72974381126763 6.191149728507598 28.5061929477794 63.100951935585734 80.0869074077388 48.904834833235256 27.645852226353483 39.13749562926609 68.51302158266326 93.50602186723837 68.55470261325458 55.23507602808808 61.6187897212262 83.29244934924738
61.96227113030963 62.39298952105219 65.05297005525274 58.44888557011482 34.725460968254055 36.22232393520935 58.07906166403068 49.2855824460943 45.33848116495181 52.16354031709857 62.103645575292724 60.44402925403748 56.70934833213765 69.92834675774611 65.06759429259829 54.48786215786887 51.82695508775234 0.0 31.790991862844752 67.69234067098853 58.20537967643073 65.76109318936048 60.735411828316344 55.13080974022661 32.878388411466176 32.42032278002291 58.49822946649715 54.650959827856056 57.43204185846291 62.059790546973964 40.84546061583618 47.585450454552124 41.20216535604681 67.32526468477461 61.46631034957688 22.190044289253283 56.31129274436337 23.534270368485085 75.32964730015571 42.92121568881921 86.92473967204194 52.46410606192565 18.544760935804835 18.171064001250603 52.07034329818902 89.43651590250346 56.49240411025215 27.905881666034926 27.584957951881243 56.01755745391432 100.13428191019538 72.11615454013537 52.62519622267945 52.27704094803408 71.3524557677925 116.7893248331755 93.70384793890682 79.47208713352697 79.03132886551681 92.57875590712183 137.24904193143286 118.02626948671451 106.85381612229916 106.30104754574859 116.5192016685627
40.13683810101375 32.711364007550294 33.5381320534334 47.673622489192454 40.910247723221794 5.209304091242656 30.96815434445781 37.704452275258994 43.98223427013699 46.126126818129045 34.16223796849521 36.22036463471091 26.62286863495466 38.27210044547416 48.93150505401857 23.16030601611795 22.290027215337336 31.790991862844752 0.0 63.61749770553211 33.63262634167648 36.66984157222133 30.040578472093845 25.887650323024342 40.82254637186822 1.5531517364925853 38.31849345479025 44.11882687057155 25.80725407785199 39.80458086426557 22.898721588529053 19.23263575238867 9.773991001752199 35.54032154092777 30.1664381290051 23.996272663555438 49.98474478923469 16.505947680610902 47.97679269401851 36.22613538562746 95.46188876877052 65.17012895209686 42.144339496211416 41.23070627344088 63.39261055011575 88.00885181697046 53.78008451680494 20.83001187573459 19.244056498459745 51.977210755810404 89.23487236220876 55.7458967217774 25.440043125967506 24.11710646942857 53.95296184584362 98.81737251184641 69.95038152931829 49.15335454540879 48.310063879583396 68.16513700623314 114.6799321489972 90.82151500602718 75.76514310025595 75.01276426950142 88.92818041069378
101.98756025887657 59.28939795129855 69.92679065972249 111.21650782231606 33.46663181450123 61.39856158425196 89.89351269619488 26.533108536767394 22.44331301903276 108.8370781261693 91.36428711026822 96.99036013527635 59.46389535477418 74.02044213411028 26.024946921219936 64.47244762414417 57.069793065664996 67.69234067098853 63.61749770553211 0.0 44.92104238051217 58.088944823967786 62.99969094166012 82.96796429596141 35.64643451221075 62.26879356608362 101.00285684129238 20.649585909342942 67.81163565311915 101.45504252148797 41.4940290694218 79.40070674587457 62.47084154474706 77.2158011520196 66.65966509993076 47.458976289293076 13.647478555373084 51.461099576341844 55.397479184031475 27.748144762658224 40.331230456763855 33.852651859364876 55.319344832794236 85.84457917787107 118.63046666658899 24.428105463828768 11.205891544845054 45.268816930162316 79.79858193834767 114.37314232216478 34.33434017453427 26.50184087116043 51.192684640673335 83.2699050586528 116.79856999268897 58.07683496312106 53.631108534115604 69.09755935824735 95.22315620855174 125.51982356363311 84.7279352225153 81.53093027725316 92.25230445753728 112.99738166107653 139.35944295261618
62.60735628124404 14.370817336988104 25.062572076059446 76.97818049097813 43.31455753938357 28.801972573548923 49.11579104235582 22.217344924654547 36.530331834116154 77.53612237175238 49.474666420795714 56.90793673087626 15.403098152653111 29.111024846798088 20.88748606805311 21.485569954803143 14.989892889596153 58.20537967643073 33.63262634167648 44.92104238051217 0.0 13.733960966395397 18.27431102699502 41.98565067170592 44.964455996820575 32.121247566469 62.84511250892472 25.450120154184656 24.139227823236048 61.886804352474115 18.07733278012325 41.02227084692732 26.42007958640294 32.464040480279124 22.019379760502805 38.30324250193432 33.48326251754321 34.702413574706156 17.81193379792264 28.33951281332606 84.2516302056417 63.913998264409614 58.87655536368216 72.40639464000934 97.02427950152426 67.65113628754617 39.83079491316016 31.48244934943253 52.82644623650077 83.57606498220674 60.42633363712156 25.877677267596457 9.10059793166169 43.48381196110803 78.0622651518004 65.74486060868377 36.53132304399272 27.23104409168916 50.43176869264714 82.09773539232253 81.17741448972835 59.84232854934695 54.47231778993645 68.90689356792477 94.46631152177426
56.164373938756384 4.349823232545332 13.644375554543704 73.20009424478104 56.00777696588594 31.463311680000015 42.30054828622305 35.90054330345502 50.08259149094107 75.31005243469747 41.5556337817267 50.20705381760425 10.343573005207164 16.444230988759227 32.855722583190456 16.102022805727348 14.396007827429719 65.76109318936048 36.66984157222133 58.088944823967786 13.733960966395397 0.0 9.090908951485499 35.57026297789499 57.46323069403192 35.40873798073447 57.285333918392894 39.11438829205576 16.629225201816855 55.33513977478536 29.046905448264067 37.087721770753 27.31634890192495 21.086226465093485 12.23688841199746 48.26592118671247 47.126554356853426 43.1444504608217 12.377070560608718 41.643246885986535 97.78711907522516 77.4214370911651 69.43051774347536 77.72949425235053 98.27467307459091 80.02355150281949 53.5213612800451 41.47437797440314 54.50259205569533 81.33733245029703 69.55662928284178 36.23908367365321 13.537670554858849 38.05412846023762 71.46898412535728 69.75297676192731 36.61110569181949 14.49547014836346 38.402012339582505 71.65305820862402 80.5346292101036 54.275594728733516 42.43433605853359 55.22974364525901 81.82172878825784
47.163961830077305 5.0182657746662205 7.053669109752096 64.13058480230808 55.94458831990703 24.97989950121278 33.30636311821404 38.630145390041044 51.916163617041654 66.38666705055304 32.77329634181136 41.22468968985131 4.60097323458359 11.865630265359671 39.046634966703095 7.508986026342237 9.48341108197744 60.735411828316344 30.040578472093845 62.99969094166012 18.27431102699502 9.090908951485499 0.0 26.50753523869425 57.083506673449186 28.978205305572516 48.211221048555075 42.96942962597152 7.538744454361123 46.34654157998586 28.371086191910734 28.109347344914177 20.29731611099183 14.22244745899905 3.769572750573004 45.488184953713315 50.968884427538065 39.40513205705566 21.381738169127857 43.045205514091805 101.76593230273134 78.74889790152552 66.64263823777156 71.24508341418121 90.02916726470498 85.92455399570164 57.05635334045609 39.021168352677506 46.740788922981885 72.39873455335774 77.45318067873646 43.406315629204606 12.809121215029561 28.963619364409343 62.518487006991684 78.76726972545974 45.689275867126206 19.12028854260778 32.22591029244889 64.08027395303003 89.4364578228284 62.17411733441609 46.121313144454156 52.75930219549949 76.38537943882106
20.775880106525648 31.48713648632664 23.776700968455803 38.2287807171888 65.7374027631248 24.461363595417417 7.140034564342948 56.53393988211727 66.49307226070495 41.75660026693431 8.671585991485253 14.950271864978182 27.144242805346767 25.51641383195242 62.33770474656427 20.665410050069 27.144242805346767 55.13080974022661 25.887650323024342 82.96796429596141 41.98565067170592 35.57026297789499 26.50753523869425 0.0 65.95778682201423 26.247827028273424 21.722051974809457 62.34019145108325 18.999855570545563 20.002940482408835 42.08848212970759 7.583229048710689 21.35266509752855 19.67597336012582 23.488440159406082 49.701409783592986 69.63280337883111 42.18684811184963 47.66230391479545 57.80334812156653 118.47935780460554 90.1028652004399 67.78259871864913 58.866130697818164 68.78043530630178 107.11487507032673 74.68825496096838 45.584095074654414 31.182035629060948 47.55590705593978 102.41119497223724 67.83695682683386 33.32426667743725 3.7436572812743676 36.22674940261969 105.26530246445013 72.03564613507034 41.13790912659676 24.29740033346099 43.39634317764205 115.11627003263777 85.6746547535946 61.83315143982504 51.97434056884344 63.04067615034036
80.68436522858019 55.98190215994969 63.652137650912564 84.32407661306641 2.362738323927275 41.49850493085082 71.63933462774051 25.652577871651154 14.624988042224464 80.02578846460148 74.52979685379746 77.02246818267946 52.49686347338335 68.78709981737784 40.97285328931073 54.20037214617031 47.92535981345095 32.878388411466176 40.82254637186822 35.64643451221075 44.964455996820575 57.46323069403192 57.083506673449186 65.95778682201423 0.0 40.08242244875828 78.44879174613227 28.213361891108814 57.96736009933245 80.42156251594285 28.775606141429666 59.916973643375556 45.1196051654763 69.0996873166756 59.655650199505196 17.365488311316373 26.42044199174655 24.47138176158286 62.28139279336398 17.83861927384397 56.416594823709666 24.356871402840632 19.96328890397307 50.97704708490573 84.81530794233943 56.5678371476471 24.70199057219266 20.37907878187052 51.13976672685817 84.91227829225068 69.39616103468106 47.024043180103064 44.73827404650998 64.70382329811576 93.62945792026373 89.61283865385877 73.46007362917744 71.8126781445156 85.51313247615086 108.9159660762266 113.3297745069987 100.82346613123067 99.40708399835772 109.5117750260865 128.44669275487956
41.12930574012178 31.501643609424328 32.7141172152764 49.084060868962816 40.09172484418519 4.002369532323442 31.580552394741556 36.276636502011236 42.82542031363322 47.631715450365256 34.64157347210449 37.0683067117213 25.443750742692753 37.52518737553662 47.39092719150013 22.244233914264168 21.014423296978475 32.42032278002291 1.5531517364925853 62.26879356608362 32.121247566469 35.40873798073447 28.978205305572516 26.247827028273424 40.08242244875828 0.0 39.42449618844887 42.683001280934555 25.033535185417445 40.77094602049307 21.42146466884546 19.84444156719391 8.844180352532335 35.01140432203708 29.256409005811342 23.4701462643943 48.628632607247745 15.95412799351772 46.612668413961664 34.96004516185461 94.42269997053224 64.40359128386132 42.12866072902257 42.38691689774377 64.90995746476662 86.67290765755986 52.509673768863415 19.929649058359296 20.783843212923447 53.49390171451094 87.71585589407697 54.198459193517635 23.994233518654056 24.67432197555939 55.106893827969785 97.26906610024906 68.47213770954025 48.06673240273953 48.24108814105009 68.83900860686224 113.19757642238282 89.49886757236233 74.84085492420199 74.74630504261795 89.2615087927921
4.3195415287001975 53.17109541834578 45.26202457679597 17.708346093032205 78.80492344224312 39.67223338593554 15.417144686212943 74.53673471553964 82.2450274286891 23.75588351169333 17.90606750351189 8.39759607300305 48.55971152117404 46.288047410280676 82.5139253384034 42.037193212084645 47.85546326838086 58.49822946649715 38.31849345479025 101.00285684129238 62.84511250892472 57.285333918392894 48.211221048555075 21.722051974809457 78.44879174613227 39.42449618844887 0.0 80.73625565416037 40.68449014186551 4.9880814883728535 59.51245555934233 22.059189829966126 38.72982911320931 40.12559810236318 45.203572300713226 61.126219113489505 87.38740123650234 54.034834647262116 69.37672839329957 74.21858728667759 133.75924243066913 102.7247625404263 74.88671784727991 55.30339909124618 53.88611290148982 125.41493649809138 91.70410910335426 59.03578459856642 30.913540844822293 28.651580408680253 123.02683588807555 88.44092851274773 53.87808012325164 19.461536253706683 15.795868540941834 126.93170276157075 93.74899111113922 62.13634305792901 36.439162306963084 34.48964479212513 136.59068303307518 106.35231265502132 79.74585462168623 61.66664788633317 60.340175715240534
81.55870850144615 39.668169593209804 49.99066640708778 91.7585511521478 25.920890987909836 41.374768779099284 69.29207630846493 6.432692188272609 14.656419745145094 90.04798350516826 70.71768051734377 76.46565559243379 39.185840053374015 54.370878158473204 12.934168550587868 43.93572994951273 36.519405005080316 54.650959827856056 44.11882687057155 20.649585909342942 25.450120154184656 39.11438829205576 42.96942962597152 62.34019145108325 28.213361891108814 42.683001280934555 80.73625565416037 0.0 47.351243483349414 81.00148468340839 21.37622512476807 58.959248418317685 42.05357456264291 57.1022463798362 46.53399483652128 32.597963893745344 8.040110307367787 34.384142817243195 39.18015198579686 11.828490215764027 58.86380253524107 40.6225810176524 47.22567579397387 72.14678333589526 102.83421493932654 44.82511054409709 14.41860633988273 28.308191523934813 61.56023904265746 95.77486193990836 46.44735601969818 18.830924719338835 30.768482524283613 62.71877114846759 96.51651640110492 62.523098495881754 45.71988898965301 51.636165076745634 75.08058157154565 104.89379773816484 85.23223309916337 73.58607552873526 77.20127673772072 94.33935241004974 119.30858878691977
39.71263114414871 12.489197077916703 7.785254917377369 56.62469485148353 57.10878362087089 21.217108835518776 25.877180983960518 42.355650855675265 54.649177209412585 59.051363887417175 25.61457998741546 33.79839515447267 8.738848146317984 12.496328248103286 44.99749778389244 3.7796377729846604 10.95641696279971 57.43204185846291 25.80725407785199 67.81163565311915 24.139227823236048 16.629225201816855 7.538744454361123 18.999855570545563 57.96736009933245 25.033535185417445 40.68449014186551 47.351243483349414 0.0 38.90846198564087 30.070678857777455 20.76598354015941 16.23133022063668 11.14696427176436 5.164156081649448 44.58980256230895 55.18453755211063 37.81931102065884 28.88098559850041 45.669857309317635 105.63847315370457 80.71802552339335 65.31529172926776 66.41950074983866 83.37738232168734 91.29107794838191 60.958473260636985 38.634691564439336 40.794272925999564 65.0425660323317 84.23075213457605 49.88066802649393 16.619136261661414 21.42810180874612 55.108843336565265 86.26606518261816 53.215663767629245 24.835987504827823 28.22396530602473 58.06207623727036 96.82501869904658 68.90132950543686 50.144905355653336 51.73431379262881 72.34069586992626
0.9417093540475735 51.35596356602856 42.7819026244011 21.98091308964033 80.64183212478002 40.53314898788267 13.040192235030853 74.92450335754046 83.38677706037747 28.567569424763747 14.497802218722567 5.130081078046372 47.14718217928894 43.325107939162066 81.9928916227509 40.66306117881054 46.95034502376015 62.059790546973964 39.80458086426557 101.45504252148797 61.886804352474115 55.33513977478536 46.34654157998586 20.002940482408835 80.42156251594285 40.77094602049307 4.9880814883728535 81.00148468340839 38.90846198564087 0.0 60.014180931382356 22.054455487735154 38.984202631134146 37.11534250604894 43.126395953836 63.21447500030423 87.90772698277179 55.950193139948205 67.20058790397583 75.12595057548843 135.17048390573524 104.76656828651683 77.9474127811821 59.752453578097466 58.8192441303153 125.80441664793145 92.48898145029409 60.63423006187556 34.549178649859606 33.2508550366968 122.27861410183357 87.67876909680461 53.084159605741185 18.5241415136829 16.22387141360561 125.08810737787714 91.52129990928715 59.161670109951956 31.920200929141764 30.537458782354534 133.8343631462493 103.05298337744428 75.65048620484251 56.75273386889922 55.79917203755232
60.527770295313374 27.253467870129757 35.08537443204952 70.43030459829725 27.576815170496854 20.004736750319896 48.79915149614232 15.055883074049172 24.815932245665813 69.00491804946316 50.68465455560366 55.6464629799555 23.8116086853346 40.16118616926643 26.703865999085423 26.308577629680126 19.463629211753965 40.84546061583618 22.898721588529053 41.4940290694218 18.07733278012325 29.046905448264067 28.371086191910734 42.08848212970759 28.775606141429666 21.42146466884546 59.51245555934233 21.37622512476807 30.070678857777455 60.014180931382356 0.0 37.97523133708107 21.070910703623195 41.01176784313332 31.1241017541738 20.238660779170985 27.90196337866078 17.423225936415328 35.8586157696352 15.896307293440584 76.56296534013416 50.6895768077988 40.88765873885106 56.29378280534429 84.02976396876153 65.90251573202819 32.62873060303733 13.452799062109026 41.13602806977675 74.82124744332094 66.47500912010922 33.759789239659156 15.980290907365964 42.02220629015632 75.3074481141327 78.03357678432387 52.86489213393951 43.531276634772354 58.22426282437864 85.32276969108041 96.71599128918908 77.64959483020391 71.41211798410967 81.0226883348831 102.1000287265227
22.5996348777534 32.776537530403345 27.224979889982922 36.3105321165703 59.8730200275758 18.835183401277103 11.740715046831113 52.87007511426141 61.658314071271 38.29115207077918 15.055633556252689 17.722300764002647 27.478818328251638 30.0887476473102 60.461060836687274 21.089964246934198 26.087576622129763 47.585450454552124 19.23263575238867 79.40070674587457 41.02227084692732 37.087721770753 28.109347344914177 7.583229048710689 59.916973643375556 19.84444156719391 22.059189829966126 58.959248418317685 20.76598354015941 22.054455487735154 37.97523133708107 0.0 16.929930368819694 24.89877560487162 25.841276405921278 43.228553459270685 65.85939201359938 35.731640634452674 49.455595464849615 53.23765506208675 113.60030974749053 84.21643011601017 60.618365348864444 51.4933755421915 63.429895345109216 103.75274612449508 70.51018844860776 39.66843046193653 23.881487171250484 44.29345140942156 101.01035085995696 66.44778247264381 31.974657330246927 4.929881177795892 37.697252508057126 105.92657134546427 73.64307470122361 44.95554488296034 31.836052055664673 48.99900035661693 117.5441050295977 89.41818992146412 67.5972905830281 59.48075021013941 70.00936040074257
39.52159568170683 23.215754912372034 23.87692311071497 51.14047075960449 44.717943809736425 4.988977262716487 27.82628258373215 35.940953018738675 45.165373190535654 51.17920217035207 30.02302114542856 34.575779527924404 17.080860327730264 28.727359475179995 44.319118319992654 13.406534640581897 13.161720386738438 41.20216535604681 9.773991001752199 62.47084154474706 26.42007958640294 27.31634890192495 20.29731611099183 21.35266509752855 45.1196051654763 8.844180352532335 38.72982911320931 42.05357456264291 16.23133022063668 38.984202631134146 21.070910703623195 16.929930368819694 0.0 26.522455736969935 20.418505329811428 29.850771314709533 48.93450224785924 22.585187363323563 39.037564477742066 36.54925792540548 97.16225114206634 69.02233954721954 49.824432604072676 50.94776963932551 71.44009236580386 86.82848992785487 53.66784725708249 24.822086241373164 27.32912497340157 57.20553424724621 84.99294384517084 50.67296797611518 17.508623504761683 20.981113985407305 54.485919507869795 92.16486649986453 61.859816187537305 39.41750509067111 40.9349626110452 64.74898630796204 106.54013464936014 81.58938095404277 66.01232895232354 66.73231421635626 83.32796436533228
38.02545741101671 18.401033733152143 7.5376230383306915 57.41527628734879 68.21436619600597 31.45374862739741 24.743536396843815 52.5382355458395 65.35414868416478 61.39918177133448 22.634431930434143 32.11355179900788 17.978741495577864 6.212800869194593 53.11416724266265 14.900864215320698 21.59966557879206 67.32526468477461 35.54032154092777 77.2158011520196 32.464040480279124 21.086226465093485 14.22244745899905 19.67597336012582 69.0996873166756 35.01140432203708 40.12559810236318 57.1022463798362 11.14696427176436 37.11534250604894 41.01176784313332 24.89877560487162 26.522455736969935 0.0 10.57110290810937 55.619501903639986 65.0715930155844 48.715222172858965 31.353703513865806 56.39420155387783 115.8038479939617 91.70091376175958 76.17304255156661 74.7686812334831 88.16534143560773 100.10630286158384 71.07000727280392 49.75372873485446 47.90338862177048 67.14796563642014 90.64216070441266 57.11624837921069 26.521284924674962 23.22368344475107 52.632201027359436 89.41377320351862 55.1644812905772 22.051521359825827 18.007543786243552 50.568034496640806 96.73545967873092 66.28364067258197 42.70970792904252 40.61457314418993 62.20767012002845
