0.0 48.51976144017582 37.51883745729603 53.373053802523074 39.144710798613495 56.935630506328124 25.976757710007018 39.29218962733069 73.52137766552242 102.49640289420861 75.88078295815419 78.3061853094178 49.27747944345342 25.49178984871039 40.5493490982363 22.733139512627467 39.163173986132435 50.58639853788516 43.70841034459322 74.04202350106404 49.67201135219861 51.368258457756134 39.84277495659559 54.52704395042371 45.3519768141917 15.55526987984977 25.464422567181273 38.71365010078751 51.677447496468055 96.9386156926495 24.24656901059941 86.66387233881157 42.792871698124756 17.47883877428829 38.45685157318026 42.61715432100372 40.36386191563675 41.48864892536172 28.06626657626361 71.18966269918447 56.86202206330798 44.78040890737469 56.321358932221216 82.05925239030522 112.65061612427588 38.55220014447815 16.561887886722317 38.172884970558215 70.95696714013543 104.91645364972476 36.69662393121782 11.659642932150108 36.333236597748474 69.99366137734282 104.27354855007928 53.05099172437287 39.87789308347181 52.544344450187786 79.53862617211911 110.8453928434674 76.74298059248113 68.09633083301743 76.02301430592081 96.52279711501671 123.48508106644556
48.51976144017582 0.0 39.049734369875225 22.58563924143729 52.535166806797385 53.08224849989106 67.03604102684275 30.723040824061492 58.429305389534996 88.49314003364645 57.24595673495505 67.97862623801002 57.927732892720925 71.96911480012989 45.59921402322514 71.00313853766177 71.07444124793209 65.95658605407726 28.382055269791866 68.53337921613073 40.44153813632837 12.198505956168527 38.72728506276064 18.854676307459126 35.950435016654545 35.398622341403545 68.21742362654624 37.003816253594124 57.040163232615754 82.30095892578302 32.67791471136267 68.33179580820742 28.501763341704752 32.02710839547227 43.64888117094124 36.92401607337884 8.479811516137476 54.378999268449235 50.4087668716501 52.54726134730344 105.05501316150409 90.44829135440484 87.863165420571 98.25315810403954 118.24607868832153 82.86773187782103 63.637098339603995 60.225286459156656 74.82830693574746 99.83111465417433 65.53600926955585 38.745358709318666 33.20048926257338 55.66127476384009 86.53853410084652 57.62313072621939 23.143183919018178 12.068262423304473 46.37384157816177 80.93378550581996 62.79718679620126 33.95508801144168 27.518203000338875 52.50140143914384 84.55994898143166
37.51883745729603 39.049734369875225 0.0 26.261788014643617 13.83822491968463 20.390098157887653 39.07458296353745 8.79085153026682 36.0042721683791 65.48721352792096 38.47270997352346 41.372942966373955 19.327006339874654 61.72047174849536 6.658816820493241 56.53525863712551 35.875113917696304 26.90853363777025 13.310131607593037 38.148885600902844 12.430264726405127 32.0544853965083 2.4737021936109764 30.233666052568662 9.396097721791753 24.314470541771165 41.45831842899207 2.6020631482108536 19.349975575146463 59.7497542386084 15.403982824907494 49.145644404053954 12.594158135511051 25.675364079668125 4.604996838379205 6.114065474891929 36.108770239926315 15.427451927444151 17.0066381599416 33.91674316870519 88.08869937046802 62.97907412473976 50.67457622647438 59.70147110285001 83.39917688712701 75.32232114843788 43.581633697145065 22.805917010905954 39.18807507794072 70.32883426041668 71.96339277529552 37.53905622976007 5.872431548662029 32.47528335144907 66.8554894679951 79.21793196543905 49.95856008122095 33.33267787145657 46.05550793615534 74.33696870802508 94.67651191181754 71.82845837959896 61.2355600104595 68.81163447139541 90.08367842715253
53.373053802523074 22.58563924143729 26.261788014643617 0.0 39.61760280424791 33.14227564286452 63.47098517002489 18.057960023297017 35.90319958499882 65.93743063906061 34.6770081105698 45.63994055508225 41.5977953429404 78.83469974850233 31.323330678499428 75.57990715351039 62.11421467220037 50.76130691001085 12.998682078620623 46.83406422134041 21.37483158410254 10.582528781616032 24.638222108699093 4.867754748122657 18.75660996052589 37.83284680166787 65.47393184598026 23.664144404785382 39.624640309592536 59.741315398419445 30.107287048911356 45.85573524537456 13.805326122666072 36.24667380744521 30.31120541058615 21.29592953858721 25.980451427602567 40.68164718848292 42.43840312148567 29.961715949780725 109.16609190701546 87.74826613427567 76.66173250568168 80.30581976358619 97.03488331685621 91.5156783843595 64.73162386618934 48.99036151795651 54.815477475579186 77.48694261440532 80.13668405150203 47.485743696465 21.971569261508904 33.24831025982047 64.21056527018335 77.83092927586816 43.52019551398831 11.189931949883725 27.409396753060353 61.418146972534394 85.33719285531677 55.745300449358886 36.43446530074845 44.07075791889297 70.36918961749019
39.144710798613495 52.535166806797385 13.83822491968463 39.61760280424791 0.0 20.727560076266652 31.256550003922037 22.6273911152394 39.221079199727996 64.98331641856701 43.06198450978678 41.213446122140795 10.133111669806917 60.08160494980855 8.405272645889628 53.59318318206948 23.60063805767047 14.119202862636254 26.905699245996125 35.83129928655466 21.22270825721026 45.89071729889752 15.028751087412653 43.828022343615295 21.221771767427846 30.365967161480206 34.046821117230195 16.28158676676722 12.81873835180274 59.903662521570475 23.99603269709835 52.00599819727099 26.273341008051162 33.10936417940104 9.383353447662252 18.355973932847892 48.82542425507672 2.473457676810443 11.380905569259147 39.451491311261115 82.08772455890502 53.45986601738024 37.04521281110513 47.765741661994525 74.73695288984247 73.73568691533953 39.603898839305295 9.738528927455997 31.875726691175853 65.81897767755774 75.67275067236191 43.07231177584628 19.466128834754972 36.020599449649154 67.903492401743 87.2159330996532 60.9770985296627 47.16571983265949 55.908986163158154 80.13635482157105 105.25020384680131 84.60088341011172 75.04503735858292 80.62846821434292 98.81743892728146
56.935630506328124 53.08224849989106 20.390098157887653 33.14227564286452 20.727560076266652 0.0 51.960928231439546 24.440023002187687 18.537316220665005 45.561423274722756 22.66118184678547 21.375263900019725 14.094932314504916 79.8083427513845 16.407553412474464 73.7501465176119 42.336159331585115 22.851474058296994 24.928250596440655 17.779450204023618 12.658017533951835 42.77145949140215 18.64818493465244 38.00996699589908 17.567885286944914 44.63561958760323 54.76639142575918 20.39518871976683 10.412928642502521 40.06815196434656 35.7896115411699 31.289657140011304 25.017315425486668 46.05943230785858 18.493971550045053 17.920315159271844 52.643111886458286 19.496396160939778 31.31108315334188 19.686115962215574 102.814788554296 73.50721501929358 51.288921256037455 47.46165923928638 65.34123982954215 93.51017139502787 59.94473458220612 28.93852403400196 21.825514012509846 50.1010565765383 92.19699973335733 57.894275393685206 24.455267029922265 15.466921035456606 47.699515781640834 99.1932383137899 68.39921269842128 43.73137288599552 39.25863673278457 59.70657458549057 112.96508653557916 87.02534408873309 69.14102327089589 66.19911278743655 79.86823410331414
25.976757710007018 67.03604102684275 39.07458296353745 63.47098517002489 31.256550003922037 51.960928231439546 0.0 45.68833343625556 70.47531098361354 94.89873878532165 74.27735581966648 71.82243755617188 39.476335079078616 34.0695482392304 37.67487294572668 26.231762636366845 16.437440110554853 35.8352251119656 50.911043855601456 65.71060077486533 50.56982824133515 65.63704370152297 41.42256103989572 66.37742781523406 48.46466150644458 32.162589587040074 2.9142235667397545 41.450467836994555 43.03752643850315 90.23712690334517 35.0147628443235 83.18949833274233 50.001127735134226 35.92169477411353 36.89590066289215 45.17828735158229 60.0872832109532 32.54106015839661 22.181385728334746 70.50668063017831 50.902677292700766 24.285246897418478 31.35776376708373 61.414094069204296 94.63042862752718 46.663405245024016 13.414922325603065 24.027076353909703 58.0473441287512 92.50157527216662 58.020406536305195 36.85027380649561 41.765394698257055 67.27246181469194 98.49695656150953 78.47099665400776 64.21567912141009 66.96555654223735 85.08756824329987 111.31118076159152 102.71953774193965 92.07026782905655 93.7936877216117 107.2952391689232 128.92622576275818
39.29218962733069 30.723040824061492 8.79085153026682 18.057960023297017 22.6273911152394 24.440023002187687 45.68833343625556 0.0 36.410056242279396 67.0870642839678 37.74550682780677 43.60108157856766 27.20575839716578 64.50983089318173 15.007440252074714 60.202843850883895 44.21999666686917 35.396890933366585 5.222784545893043 41.80120338063033 12.660142190063066 23.263769513285236 8.029157965227887 21.69287547731842 7.356281474561789 24.298440553625404 47.82113680753637 6.417649799934021 26.478365460814263 61.08244741457395 15.084867458540936 49.080155267428125 4.318490110050191 24.314520420205145 13.31263681428672 6.630455528523116 28.707024059016483 24.15120561020376 24.382781837651535 32.814902940681286 92.9552464783347 69.91155416369823 59.408400681265924 67.57126494703323 89.42694633042555 77.81373116297728 48.225243532472156 31.483431651569543 45.29430231428643 74.20765576610135 71.14070177805003 36.61729744669953 3.93797832448949 32.93999168835516 67.4494819085508 75.2250140326783 43.96747603979354 24.542163828177426 40.82081949874355 71.59052623585166 88.59092757926877 64.05136675753276 52.455725265061 61.6070534825463 85.0532501442811
73.52137766552242 58.429305389534996 36.0042721683791 35.90319958499882 39.221079199727996 18.537316220665005 70.47531098361354 36.410056242279396 0.0 30.93355697742643 5.1571013774500365 10.37035144339484 32.12225599888637 97.35536568741134 33.91314231958734 91.6477106048773 60.541471293942486 39.804453128268726 34.256029152491955 14.938887206013293 24.192416559294752 46.47627641879444 33.71427368766865 40.1732897686467 29.1901096323288 59.83136954706178 73.26708629455499 34.992813996302594 28.33840516669959 24.815121242888125 50.537454769638224 13.17187956295186 34.82291515324278 60.46428977834772 35.56646373810029 31.32223578975023 60.59153815106679 38.03301125375322 49.458272287826375 6.617423527106235 121.29070948792672 91.93152798139455 67.72125889834757 55.81868342908861 63.56158727420774 111.03006460061796 78.03565957059399 47.39506373260687 28.24639712605737 41.76439653572211 107.33122671867424 72.72762852971495 38.124507706144726 3.5359069239581 31.08667884115545 110.85320689670421 77.78613780717718 46.98694204316712 27.562691136249207 41.309452858632184 120.96675132744024 91.50762926896297 67.15007403066852 55.13087712593565 62.96419400214305
102.49640289420861 88.49314003364645 65.48721352792096 65.93743063906061 64.98331641856701 45.561423274722756 94.89873878532165 67.0870642839678 30.93355697742643 0.0 31.264264495782715 24.192286183298368 55.60138770658938 124.99880030771006 61.961246921936166 118.57092425723607 81.78091536933914 59.79464981081828 65.17632939757395 29.25073409579246 54.5676321448179 76.33718847925715 63.415498532488265 69.77590123571854 59.7656617710029 89.76276592339818 97.80715123670026 64.91874571695477 52.28398999497032 6.199635752823645 80.61753770664124 20.35722058907708 65.72462345321296 90.75507564097127 64.04461610797324 61.551177397572985 91.27709122610513 63.11339877841519 76.22269049824591 36.08612187397169 145.399518300507 113.23185093082267 83.04634095456511 58.023684532674885 47.23993786154388 138.67935204622495 104.54647344309919 70.87181559688035 38.86528134773412 19.825555588077876 137.42665673995097 102.89446884733597 68.43471868347073 34.266645422610196 7.742643031565033 141.786493394145 108.59738331860534 76.66944513049482 48.55765819445654 35.10439748269539 151.27413479005648 120.61614886119207 92.77620595338892 71.14331265821124 62.53075246170647
75.88078295815419 57.24595673495505 38.47270997352346 34.6770081105698 43.06198450978678 22.66118184678547 74.27735581966648 37.74550682780677 5.1571013774500365 31.264264495782715 0.0 14.274036742577275 36.571590815180556 100.15252027221914 37.14137629794079 94.70290472915208 64.95484242696395 44.573277844699106 34.94284383354805 19.824104344682365 26.211177865514863 45.11311242324967 36.08298605674686 38.59877442766966 30.813099126695082 61.70905916194364 77.02621462663689 37.16854547478651 32.79866865810419 25.06628700798086 52.37695816462977 11.531186325273815 35.61433033651075 62.03800626480821 38.576077700860424 33.306589320902745 60.10580066125078 42.05625311504534 52.86978721071927 5.017589833075887 124.94407350774993 96.16178298207049 72.64941612989767 60.856955072607974 67.26055647625094 113.78001057655153 81.28016657254926 51.59334454812121 33.34837295027083 44.240115378410906 108.88620439000728 74.34245415979284 39.902999110076635 7.249279199880236 30.128203121432204 111.09468081210217 77.5122936237741 45.487666524783556 22.91166808157001 37.08916079123388 120.01387726606181 89.72459696226329 63.972502550628114 50.29178944918555 57.972858399699305
78.3061853094178 67.97862623801002 41.372942966373955 45.63994055508225 41.213446122140795 21.375263900019725 71.82243755617188 43.60108157856766 10.37035144339484 24.192286183298368 14.274036742577275 0.0 32.356168824976855 101.01246685339713 37.78125397965134 94.75352784382144 59.94644214769768 38.113074977441556 42.33363726804968 7.51983333201334 30.947503478971562 56.21555940437664 39.363479582585136 50.0790335314735 36.2458519212851 65.68099078115848 74.70430928547336 40.92938160733099 28.79843547430488 18.74967394943607 56.61027614771716 13.731196663145713 42.7622211395559 66.81122018285045 39.85259993511507 37.73333610330503 69.53899505068604 39.50808739725137 52.298129607089436 16.987296812786752 122.65664832569236 91.64748792815503 64.41026165385634 47.88436768547928 53.21611251578945 114.7086206928726 80.80858208699854 47.92528874895353 21.412303702443086 31.858865070323713 113.33633566062636 78.86673777397355 44.60552351531467 12.417575606172173 26.713155835885672 118.76802302855434 86.42387433344652 56.80807883673325 37.14913988405686 43.906586912215005 130.15433247094822 101.37714843412431 77.51952741699755 64.31176395700587 68.24590671258166
49.27747944345342 57.927732892720925 19.327006339874654 41.5977953429404 10.133111669806917 14.094932314504916 39.476335079078616 27.20575839716578 32.12225599888637 55.60138770658938 36.571590815180556 32.356168824976855 0.0 69.84729440427736 12.691339167610815 63.12707643563794 28.41976252082879 9.467270230349735 30.18507936633356 26.350884286016168 20.58749066808973 49.58954571573887 19.234158165300165 46.25687688585017 23.01926437442138 39.94226962003141 42.365132784576176 21.026510051779788 3.783885098061287 50.78963457499979 32.70112013530095 44.2053500394782 29.8235796496227 42.396708410691794 15.020407303110996 21.211196443698558 55.41901587940548 7.849257465302369 21.42159171734723 33.78017351676706 90.30251674551027 59.88493317545521 37.58585446720132 40.422991414384164 65.19333215866406 83.44594912170402 49.049295782846315 15.597880126994054 21.808433410757615 55.702559428782855 85.7815344305383 52.89089692887191 25.12505046140154 29.32465170607896 59.02074286982396 96.64500808460538 69.0001697540639 50.760191144210914 52.79183957203966 73.43137876413816 113.61545158665638 91.08485082328716 77.96902194393007 79.09883590759745 93.96181366082065
25.49178984871039 71.96911480012989 61.72047174849536 78.83469974850233 60.08160494980855 79.8083427513845 34.0695482392304 64.50983089318173 97.35536568741134 124.99880030771006 100.15252027221914 101.01246685339713 69.84729440427736 0.0 63.559656679384034 8.069417454271699 50.50303959228912 68.47110207725245 69.0821797320157 95.91026978449504 74.11982823350047 76.29453540842074 64.149407030036 79.83176003175583 70.17200476050513 41.044707577458915 31.54573477224806 63.253499169528965 72.88297003477959 119.76187169505585 49.59267221918427 110.52038248507247 68.15645503944344 42.709863438687265 61.79458779200694 67.24957697699266 63.52227854844452 62.08884525846847 48.77944559248752 95.63721337960556 33.88401191957068 37.50541311537776 63.71829578060956 95.43700475161546 128.6516925202933 13.701830818243192 21.332497924064377 55.83247301845351 90.4118846988395 125.00482799473534 29.05047208751623 33.24528214586886 61.33032738976404 93.87444139114062 127.50785799550117 55.827038616887876 57.94082224898415 77.41069954788239 104.98805076792995 135.8210664024813 83.70063258154971 84.91535388352291 99.0462489464613 121.67342440618022 148.97451341644873
40.5493490982363 45.59921402322514 6.658816820493241 31.323330678499428 8.405272645889628 16.407553412474464 37.67487294572668 15.007440252074714 33.91314231958734 61.961246921936166 37.14137629794079 37.78125397965134 12.691339167610815 63.559656679384034 0.0 57.73582163354985 31.823898192343798 20.394902862310914 18.813303085087327 33.63929876778874 13.188679904494805 38.086003994052696 7.024040244012565 35.63594324828427 12.818793071718039 28.915655262602133 40.30185209313624 8.614120896585572 13.036948308863439 56.469938615879016 20.74642492383689 47.036053572669736 18.260987815954145 30.850040629769477 2.4734576768103986 10.027401177501769 42.76687200515725 9.37791393275027 15.77814215425841 33.04947589048788 87.93253617585835 60.80946972446271 45.36812796906853 53.042975036305776 77.22475059026225 77.25594055071062 44.16268003052908 18.084606518937523 33.1453225487967 65.30712479655362 76.12328175676048 42.16884943895673 12.510866368894698 30.490716100831072 64.013262970349 84.9173826549784 56.40399053267731 39.327893418899905 48.02896038562104 73.90333992895079 101.07929029665614 78.48475441501904 67.06308428285797 72.31752707429905 91.4164045496797
22.733139512627467 71.00313853766177 56.53525863712551 75.57990715351039 53.59318318206948 73.7501465176119 26.231762636366845 60.202843850883895 91.6477106048773 118.57092425723607 94.70290472915208 94.75352784382144 63.12707643563794 8.069417454271699 57.73582163354985 0.0 42.627453548639984 61.185312719596105 65.01820157566254 89.37299692816127 68.9616948337805 74.07449547200353 58.999458330914635 77.02985535158552 65.3549345710263 37.88934977707062 23.62439626268181 58.27969380472934 66.30783147348193 113.47696692195609 45.692580303356 104.76786950785394 64.07657927936245 40.17023223961985 56.14310699007677 62.30053771581214 62.705566824450855 55.47583594300759 42.473067268570425 90.33496264146468 34.13778326856323 30.55643741596614 55.64928904199947 87.4918896592926 120.86214470513441 20.583117537267476 14.098741672938125 48.66968970850189 83.2679846413799 117.86954749427495 35.99251417922028 32.597175172413635 56.784926869500296 88.21177556107668 121.37933972733684 61.487622323706155 59.3721357766391 75.26062744475944 100.98545592180804 130.869214473132 88.7655519135007 87.09797936600533 98.42510546788706 119.09514403895164 145.17063699337004
39.163173986132435 71.07444124793209 35.875113917696304 62.11421467220037 23.60063805767047 42.336159331585115 16.437440110554853 44.21999666686917 60.541471293942486 81.78091536933914 64.95484242696395 59.94644214769768 28.41976252082879 50.50303959228912 31.823898192343798 42.627453548639984 0.0 22.017833924606492 49.12240901689107 53.159423596497064 44.82284972017484 66.82862436197729 37.70011165429142 65.91276224967184 44.443066500964584 39.727386939194545 19.01096756095337 38.47717659309994 32.20361347414611 77.63871367338342 38.62475762731319 72.43629407903455 48.34751134458903 43.51317071721192 32.15449195963747 41.35325964470294 65.47928293772159 23.65699264310252 20.707140601226182 61.93236829834019 63.93363070849662 31.70105410623332 17.81161897785749 44.9933323182853 78.27129345317665 62.94115767729731 29.668051298644635 13.915778278500603 43.611422603362904 77.49267808632791 73.69822346196693 48.337722733774164 40.45325676993524 57.71672005828435 86.14404687233437 92.1788567472738 73.30688858134941 68.15880095324574 79.448778049767 101.84968566786898 114.70812843550914 99.9605556215745 96.0257488294031 104.13668904267654 121.91238401760025
50.58639853788516 65.95658605407726 26.90853363777025 50.76130691001085 14.119202862636254 22.851474058296994 35.8352251119656 35.396890933366585 39.804453128268726 59.79464981081828 44.573277844699106 38.113074977441556 9.467270230349735 68.47110207725245 20.394902862310914 61.185312719596105 22.017833924606492 0.0 38.905756638170786 31.18092419445522 29.984969517267757 58.314948596732755 27.382024321020683 55.34021990817787 32.04271640181429 43.89553480004736 38.73706194996361 29.00846424334219 12.596163733723335 55.62313382811234 38.07334724793654 50.983021674887645 38.44914047899737 46.880765275925114 22.316309317387798 29.902084547403675 62.71631724492179 11.868888751583658 22.88133370538635 42.29234827350307 85.69136936460289 53.65099399999005 28.437460617195224 33.67181033660557 62.078451109185 81.7587797240598 47.180153020362106 12.739306161730605 22.214124095771226 56.74062920522207 87.25345233027117 56.090116248173175 32.77001336235635 37.36954440482922 64.13991238256347 100.6427259976361 75.09180549816371 59.52636597724782 61.99020308125899 80.8515327472131 119.29683223006634 98.50816265808024 87.009718726415 88.49990571136513 102.4133027692609
43.70841034459322 28.382055269791866 13.310131607593037 12.998682078620623 26.905699245996125 24.928250596440655 50.911043855601456 5.222784545893043 34.256029152491955 65.17632939757395 34.94284383354805 42.33363726804968 30.18507936633356 69.0821797320157 18.813303085087327 65.01820157566254 49.12240901689107 38.905756638170786 0.0 41.436123723210734 12.306436725015876 19.424745237109754 11.883282553203548 16.94332750078988 7.568759706430301 28.39913999732739 53.04072198443824 10.729198464566815 28.878632660504028 59.07101810990142 19.48980760850756 46.43915241991053 0.9472080593411815 27.897687142643267 17.528327576222132 9.009912740321008 27.804582730664535 28.17505829461623 29.527410011724328 29.933262676504402 97.97793137861918 75.13113411959712 63.909891373581985 70.13583778867152 90.26833273218304 82.25933493148455 53.269454028297915 36.1040236874775 46.52091535653404 73.61874659223098 74.32362515544426 40.0805693943511 9.151832213200354 30.917846398396538 64.98402589970746 76.62868456077615 44.17250113380354 20.623067413191958 35.97580377105892 67.51335052182006 88.37669610300732 62.224500000771826 48.250860158823095 56.384499039481454 80.15664088250685
74.04202350106404 68.53337921613073 38.148885600902844 46.83406422134041 35.83129928655466 17.779450204023618 65.71060077486533 41.80120338063033 14.938887206013293 29.25073409579246 19.824104344682365 7.51983333201334 26.350884286016168 95.91026978449504 33.63929876778874 89.37299692816127 53.159423596497064 31.18092419445522 41.436123723210734 0.0 29.328688158397057 57.242765876989544 36.42498361348931 51.52559323294918 34.59963231120739 62.3131826410366 68.61394094664784 38.15654857495932 23.065185680917743 24.574589817460865 53.552860643643065 21.243272303768805 41.708803365907265 63.82422343246174 35.9123246811954 35.468687556759846 69.17488673935931 33.89736667887835 47.1486700731209 21.054820309760842 116.36504659689247 84.82881557727403 56.972392660414464 41.116916110027184 50.30079271327923 109.56694492101899 75.32690707012337 41.691983179859534 14.041047596728413 32.41807516238595 109.74746529315384 75.58683475146164 42.155465889813414 15.350807417221953 33.000932406947314 116.87426558290335 85.51962156314862 57.98652266966813 42.49808670932451 51.42525994820743 129.8078820183196 102.3462706273459 80.58654033858446 70.05983410695566 75.61301955933465
49.67201135219861 40.44153813632837 12.430264726405127 21.37483158410254 21.22270825721026 12.658017533951835 50.56982824133515 12.660142190063066 24.192416559294752 54.5676321448179 26.211177865514863 30.947503478971562 20.58749066808973 74.11982823350047 13.188679904494805 68.9616948337805 44.82284972017484 29.984969517267757 12.306436725015876 29.328688158397057 0.0 30.41072526837607 9.977649526794245 26.17779227777245 5.319728306946604 35.65361563899753 53.10802133673105 10.958364548236844 18.30746871727533 48.622276791097796 26.34811615148032 37.174963702763534 12.464566206286536 36.29829970424993 13.673941254294101 7.140424967215901 40.09450249647995 21.461994358778796 28.419762520828733 21.54556884852435 100.27407155610452 73.95328855558743 57.25453997093745 59.00737076871482 77.97724835696229 87.69761230700429 55.91772809321595 30.94435145658932 34.39698999266893 61.67327148395922 83.14670574365404 48.543173818633555 13.94127638461476 20.66719779168041 55.269895570470844 87.87743925732369 56.19675555278158 31.441138542892364 34.840406217498376 61.91931420974717 100.58843806293227 74.37508407807138 57.79329696712515 59.52537275315507 78.36624026142887
51.368258457756134 12.198505956168527 32.0544853965083 10.582528781616032 45.89071729889752 42.77145949140215 65.63704370152297 23.263769513285236 46.47627641879444 76.33718847925715 45.11311242324967 56.21555940437664 49.58954571573887 76.29453540842074 38.086003994052696 74.07449547200353 66.82862436197729 58.314948596732755 19.424745237109754 57.242765876989544 30.41072526837607 0.0 31.068586740275602 6.671315955555417 26.673899157446527 36.42530018402716 67.27961150732929 29.63516518448247 48.1176020254246 70.14956569491542 30.70970429974698 56.145985755996506 19.86729945027672 33.9042767998736 36.55318986289895 28.43383316368186 17.17491412841542 47.36466122725461 46.311880347900015 40.470947591721355 108.14367910993694 89.77133332671559 82.56784836402748 89.27892932657569 107.32532413385263 88.24987153791649 64.71291191067118 54.610235959459885 64.5878513183745 88.0664463141362 73.9834570491694 43.526202717121556 26.652376534183126 43.829310660255274 74.34048840911161 68.932748874618 34.34140089604501 1.3394573248674844 34.91576805224851 69.50742373129941 74.98397780135345 45.19077831502912 29.268644158183196 45.45259272617501 75.29980350928535
39.84277495659559 38.72728506276064 2.4737021936109764 24.638222108699093 15.028751087412653 18.64818493465244 41.42256103989572 8.029157965227887 33.71427368766865 63.415498532488265 36.08298605674686 39.363479582585136 19.234158165300165 64.149407030036 7.024040244012565 58.999458330914635 37.70011165429142 27.382024321020683 11.883282553203548 36.42498361348931 9.977649526794245 31.068586740275602 0.0 28.799588629020885 7.061338958052946 26.348265582004366 43.8355357786737 1.8944959214461794 18.77419454673361 57.62919853404624 17.254536152572744 46.83255891747306 11.281381682428345 27.492192149863964 5.67422941939677 3.78512928015115 36.316564445709005 16.320306298904566 19.294440868796627 31.49340053346799 90.55147711097437 65.24908813503416 52.05879959334844 59.64558110812089 82.46134666549901 77.73904265749168 46.054737398184535 24.363130129737723 38.22209534001007 68.72509166313789 74.01127465113598 39.5037360468008 6.1867313120309895 30.180460955834736 64.63976252424534 80.63828132441428 50.75425718365389 32.31549420556821 43.674043157412044 71.87062864612976 95.48764882644618 71.88413580671283 60.09617954239518 66.71249151564774 87.66040249734078
54.52704395042371 18.854676307459126 30.233666052568662 4.867754748122657 43.828022343615295 38.00996699589908 66.37742781523406 21.69287547731842 40.1732897686467 69.77590123571854 38.59877442766966 50.0790335314735 46.25687688585017 79.83176003175583 35.63594324828427 77.02985535158552 65.91276224967184 55.34021990817787 16.94332750078988 51.52559323294918 26.17779227777245 6.671315955555417 28.799588629020885 0.0 23.297597275468583 39.14051033473015 68.24981308463805 27.665820443883792 44.37727699190623 63.59601531967704 32.17110166348531 49.54264951855321 17.640049872676446 37.12552466290657 34.46167110713083 25.64030975699761 23.473117736595754 45.013718220543005 45.87935297447083 34.038046771817136 110.88063726925589 90.65464598848008 80.85011300373675 85.14660018821647 101.77363652284818 92.20137216476331 66.78090920210627 53.03853840750357 59.67648781205602 81.87966632194411 79.35647273454734 47.71047838952412 25.49455077867582 37.662937734722114 67.68946761701882 75.39039682490208 40.843479559636634 6.893615058144493 28.66545397362091 63.172373640450665 81.60829999302541 51.33638998956533 31.71388731508174 42.08267770087834 70.220853587409
45.3519768141917 35.950435016654545 9.396097721791753 18.75660996052589 21.221771767427846 17.567885286944914 48.46466150644458 7.356281474561789 29.1901096323288 59.7656617710029 30.813099126695082 36.2458519212851 23.01926437442138 70.17200476050513 12.818793071718039 65.3549345710263 44.443066500964584 32.04271640181429 7.568759706430301 34.59963231120739 5.319728306946604 26.673899157446527 7.061338958052946 23.297597275468583 0.0 30.899782613132697 50.85440390235058 7.1787027856597145 21.44757920546538 53.7823744516238 21.5679061832061 42.0084371596945 7.513059760048548 31.303777476372463 12.304816273584304 3.286556967537022 35.082013221518615 22.057582019975737 26.35409576939064 25.975179083134595 97.32405360410722 72.31007446101832 58.14045063994853 62.6631215890931 82.87225885800987 83.65406433883294 52.70205319290533 30.852028412483964 39.00033615193706 66.97045691235851 78.18373760341356 43.59282103802758 9.100858878334156 25.69380439814295 60.269162118228344 82.55970615357208 50.963517359467545 27.808199191311466 36.66268678443297 65.64944844811451 95.43682210242743 69.77323692338891 54.98380531867033 59.7739891903041 80.73064721441347
15.55526987984977 35.398622341403545 24.314470541771165 37.83284680166787 30.365967161480206 44.63561958760323 32.162589587040074 24.298440553625404 59.83136954706178 89.76276592339818 61.70905916194364 65.68099078115848 39.94226962003141 41.044707577458915 28.915655262602133 37.88934977707062 39.727386939194545 43.89553480004736 28.39913999732739 62.3131826410366 35.65361563899753 36.42530018402716 26.348265582004366 39.14051033473015 30.899782613132697 0.0 33.05037762766027 24.895730932753494 41.48240823263421 83.97113198882123 9.332197338942622 72.8208675019237 27.50627058146155 3.8461278422686163 26.521677420037673 28.514469246476903 28.026607674778163 32.83762614665175 21.669724654157257 56.87062899270636 71.81020129847836 55.08734241667826 57.509336830648216 77.29702837032467 105.05777272339913 53.97558624012736 28.49323651031432 33.24465293440182 61.59051205841137 94.21473986146907 47.664236075238726 13.276588376358863 21.806202307101916 56.29926625689343 90.87661175973915 56.85321510472786 33.583648928437405 37.65993222200236 64.05868502039709 95.83107726401207 76.1218440203997 60.55238320857947 62.71708656231261 81.20997870190351 107.94199457179604
25.464422567181273 68.21742362654624 41.45831842899207 65.47393184598026 34.046821117230195 54.76639142575918 2.9142235667397545 47.82113680753637 73.26708629455499 97.80715123670026 77.02621462663689 74.70430928547336 42.365132784576176 31.54573477224806 40.30185209313624 23.62439626268181 19.01096756095337 38.73706194996361 53.04072198443824 68.61394094664784 53.10802133673105 67.27961150732929 43.8355357786737 68.24981308463805 50.85440390235058 33.05037762766027 0.0 43.78841796733336 45.91330614814934 93.13481074438788 36.57995114730493 86.01486931669596 52.12129985402692 36.73129656137869 39.44173682201935 47.57121378677512 61.069452934621275 35.37880591844071 24.688623151836836 73.20971252500904 48.06285437323937 22.49185708276108 33.11457802501193 63.89141490594655 97.27536428875995 43.954918054936286 11.46078019304686 26.93543151823217 60.94701622335469 95.38560388743655 56.19394216258239 36.685489021488266 43.91720131801021 70.04602441403205 101.38540327792929 77.37661814769875 64.41460272493606 68.60113372483701 87.50865413146884 114.03590680391417 102.07849536282639 92.41989486421397 95.17112508857672 109.39989701290054 131.42990606924843
38.71365010078751 37.003816253594124 2.6020631482108536 23.664144404785382 16.28158676676722 20.39518871976683 41.450467836994555 6.417649799934021 34.992813996302594 64.91874571695477 37.16854547478651 40.92938160733099 21.026510051779788 63.253499169528965 8.614120896585572 58.27969380472934 38.47717659309994 29.00846424334219 10.729198464566815 38.15654857495932 10.958364548236844 29.63516518448247 1.8944959214461794 27.665820443883792 7.1787027856597145 24.895730932753494 43.78841796733336 0.0 20.649996218105326 59.090619092431375 15.698909763491619 48.06122365594388 10.035117902768617 25.88264513113969 6.918454344757869 4.021042086829833 34.46216353543351 17.7418235955053 19.47413916190194 32.4901338067989 90.14575005429641 65.4320054524442 53.209373391726665 61.4485678537613 84.35291672862982 76.79801947048213 45.53564500227319 25.37510808741147 40.114077688366066 70.49272530322636 72.53100316543404 37.97576091444412 4.292397675015544 31.457037408103506 65.9963634688509 78.83352430284427 48.860760276936645 30.900794469994 43.78561597578352 72.62463147700191 93.59388688708493 70.06487847986476 58.76347084227905 66.27209511327202 87.89552008826189
51.677447496468055 57.040163232615754 19.349975575146463 39.624640309592536 12.81873835180274 10.412928642502521 43.03752643850315 26.478365460814263 28.33840516669959 52.28398999497032 32.79866865810419 28.79843547430488 3.783885098061287 72.88297003477959 13.036948308863439 66.30783147348193 32.20361347414611 12.596163733723335 28.878632660504028 23.065185680917743 18.30746871727533 48.1176020254246 18.77419454673361 44.37727699190623 21.44757920546538 41.48240823263421 45.91330614814934 20.649996218105326 0.0 47.34598120734126 33.70545190549686 40.46383839138633 28.626045160177483 43.68007529850962 15.503620460305147 20.116147159271485 55.073250498109694 10.832725801216895 24.19251012485351 30.073511946029665 93.90876309987881 63.65470538139071 40.9855375893284 41.26177541591022 64.1878569056937 86.52410825129574 52.265964509040884 19.28453871614791 20.171972412881914 53.26139463677325 87.97340567918764 54.61049268778016 24.902600392459664 25.550359900844636 55.50090148698876 97.86489516894005 69.30823707875126 49.23960004019437 49.39895912742637 69.64760282466574 114.02179131378001 90.52957482882863 76.05909297878507 75.9546839580267 90.2662123384496
96.9386156926495 82.30095892578302 59.7497542386084 59.741315398419445 59.903662521570475 40.06815196434656 90.23712690334517 61.08244741457395 24.815121242888125 6.199635752823645 25.06628700798086 18.74967394943607 50.78963457499979 119.76187169505585 56.469938615879016 113.47696692195609 77.63871367338342 55.62313382811234 59.07101810990142 24.574589817460865 48.622276791097796 70.14956569491542 57.62919853404624 63.59601531967704 53.7823744516238 83.97113198882123 93.13481074438788 59.090619092431375 47.34598120734126 0.0 74.78036135418208 14.284295412032005 59.633040730800126 84.87428828268223 58.48868102780823 55.65158280185265 85.0832815039476 58.13237311205081 71.03648503543505 29.8880757990765 140.93707523752877 109.24836417912019 80.01222827057894 57.127173658378375 50.198376163318024 133.4575677618805 99.50755746982331 66.23767992377519 35.6083015274687 23.309154464933524 131.6215134336542 97.05427867474089 62.527570751186744 28.19069143362968 8.636373514080024 135.65835163340182 102.41371941748856 70.48960837537885 42.93987961098117 33.37236943707466 145.07845148080688 114.4936815069759 86.97489491371408 66.44730851322362 60.5032271654156
24.24656901059941 32.67791471136267 15.403982824907494 30.107287048911356 23.99603269709835 35.7896115411699 35.0147628443235 15.084867458540936 50.537454769638224 80.61753770664124 52.37695816462977 56.61027614771716 32.70112013530095 49.59267221918427 20.74642492383689 45.692580303356 38.62475762731319 38.07334724793654 19.48980760850756 53.552860643643065 26.34811615148032 30.70970429974698 17.254536152572744 32.17110166348531 21.5679061832061 9.332197338942622 36.57995114730493 15.698909763491619 33.70545190549686 74.78036135418208 0.0 63.502131745256285 18.56585509001514 10.271389604227343 18.27781087299496 19.21550064081364 26.87304987681908 26.373757106858935 18.272986535860667 47.54028987249546 79.07351780172328 59.07083441752235 55.86503018390054 71.74423721630501 97.81802189022793 62.79551742924532 34.65864147621227 29.223388524316672 53.86679898465866 85.6977141861388 56.84895591981008 22.27734781750548 12.474415096339134 47.008469532773184 81.60168964693696 64.17353168662783 37.075331899997444 32.027417954918555 55.42353259479274 86.67535767696047 81.25602470051845 61.936024774802185 58.85906777752382 74.0776459842867 99.52584834305573
86.66387233881157 68.33179580820742 49.145644404053954 45.85573524537456 52.00599819727099 31.289657140011304 83.18949833274233 49.080155267428125 13.17187956295186 20.35722058907708 11.531186325273815 13.731196663145713 44.2053500394782 110.52038248507247 47.036053572669736 104.76786950785394 72.43629407903455 50.983021674887645 46.43915241991053 21.243272303768805 37.174963702763534 56.145985755996506 46.83255891747306 49.54264951855321 42.0084371596945 72.8208675019237 86.01486931669596 48.06122365594388 40.46383839138633 14.284295412032005 63.502131745256285 0.0 47.0941259758701 73.3070530773957 48.726972955222564 44.31494377793158 71.49881676144527 50.65244570026496 62.484235427512964 16.546329165923964 134.07611126169868 104.05294646562118 77.92569966215764 60.93111367109075 61.21742812168803 124.19793179385108 91.09998457183157 59.73377293079559 35.09808515334575 35.92301557600562 120.18478187437591 85.60072661946056 51.04352246681137 16.680892012216596 18.598852526293424 122.61413670478123 88.94888004658536 56.4306916294725 29.185366352154794 30.232287637420203 131.12828288199475 100.26180788505856 72.83567459939322 54.33638464184143 54.72341113629306
42.792871698124756 28.501763341704752 12.594158135511051 13.805326122666072 26.273341008051162 25.017315425486668 50.001127735134226 4.318490110050191 34.82291515324278 65.72462345321296 35.61433033651075 42.7622211395559 29.8235796496227 68.15645503944344 18.260987815954145 64.07657927936245 48.34751134458903 38.44914047899737 0.9472080593411815 41.708803365907265 12.464566206286536 19.86729945027672 11.281381682428345 17.640049872676446 7.513059760048548 27.50627058146155 52.12129985402692 10.035117902768617 28.626045160177483 59.633040730800126 18.56585509001514 47.0941259758701 0.0 27.05673525442117 16.890025964661042 8.612637689575255 27.63935832229205 27.599087332442355 28.66961288732335 30.611548543019822 97.03072948609925 74.22896436230349 63.24311811812908 69.88720185255666 90.3522336749187 81.34476020557518 52.322539341844525 35.39994832355595 46.51338159769672 73.95040974861757 73.55111671192178 39.26237073100481 8.255551436676463 31.458351703482847 65.6197763066809 76.11453046662834 43.83679552715698 21.08918029601111 36.91460955613287 68.37740314889005 88.13576468115322 62.27374232739507 48.81529334392916 57.29445574400782 81.09984196834912
17.47883877428829 32.02710839547227 25.675364079668125 36.24667380744521 33.10936417940104 46.05943230785858 35.92169477411353 24.314520420205145 60.46428977834772 90.75507564097127 62.03800626480821 66.81122018285045 42.396708410691794 42.709863438687265 30.850040629769477 40.17023223961985 43.51317071721192 46.880765275925114 27.897687142643267 63.82422343246174 36.29829970424993 33.9042767998736 27.492192149863964 37.12552466290657 31.303777476372463 3.8461278422686163 36.73129656137869 25.88264513113969 43.68007529850962 84.87428828268223 10.271389604227343 73.3070530773957 27.05673525442117 0.0 28.399911188091487 29.224273447733626 24.437446420797503 35.56494558332187 25.058891166879764 57.12389324677479 74.25462182251604 58.62588134065693 61.278291902906524 80.42297027908153 107.58935463680105 55.26902348494697 31.63036683320002 36.62148288112799 63.84844292661728 95.9528638070594 46.87997398788009 12.30496602209014 22.359490459367677 56.950292672623775 91.5509653389267 54.24941238291801 29.830165708761037 35.09300144930215 62.99236967576951 95.39076708867447 72.73529269896086 56.70729805908663 59.462650748739314 79.06130751845255 106.58502797737147
