0.0 44.831152331308175 19.481860279075676 22.835685407386915 32.01481822320183 12.847992624427224 34.39162860784072 28.56121779333981 8.558482860057484 35.894566785403114 46.98302123845613 57.539999041065094 33.87491787753696 47.0509932078064 23.752131709342905 42.965628808179694 46.369471283778154 4.365355183816055 30.618029654331718 18.93093631709591 5.825328883675265 44.11328372886273 26.3112133261884 24.577801343676295 23.156270422365015 47.01161248791285 5.741592968399508 22.067928171345404 21.666641911936722 21.534535679150764 30.285230357876394 54.376133179541355 36.22714645885905 46.88998685363234 27.125481046417384 32.302521144103295 38.15440609952682 48.142353426921254 29.417549070393434 15.173752151395828 99.7434378022094 72.57867076313684 54.60196116038979 55.58673874464621 74.78768304206805 88.10935813774613 55.6978563676558 28.915153099333367 31.060644167916035 59.06169499803698 84.63853731687743 50.08176908275122 15.733384221419653 19.538407124125836 53.95195562836948 90.27766457134354 59.03807860583551 34.867864239737884 36.617979387199526 62.13549789554193 103.54866830005813 77.67965300783631 61.161393485665606 61.98458996668981 79.61311771335184
44.831152331308175 0.0 33.37382874576917 65.44020702323655 14.179744881603515 56.41672477745448 19.266525065735873 62.827020290703445 53.160865456275076 77.49369267895021 6.7840999454737245 12.835846940272036 76.82363562445904 91.1839113709876 47.291968455496644 3.393704610184819 64.47500285886603 44.25755228627085 70.81391394160944 53.99001144011709 39.51817294976401 3.3937046101849764 67.67705047812814 68.387306178579 60.80205386879145 10.849387196099347 41.3719427778325 63.397106889894516 65.58473257525084 64.71696755152507 14.557125229055819 9.56893716070975 79.67607772435308 91.55326738517044 45.3878373957248 12.646441837389801 66.92231421256899 3.763744918194157 70.59498582005769 45.03099983453683 136.12037266456628 103.93788055173468 73.97450316149948 50.360581504996674 44.66504415382 129.71415544845607 95.47648360551139 61.64904711724011 29.66985659462688 18.83733159093493 129.1884312331573 94.76761023587493 60.555767778762096 27.348746753509868 14.958568214514852 134.61214506125472 101.9731036664 71.21392311355514 46.251016433670216 40.021430509036314 145.32039226222483 115.62231174690348 89.51977049765308 71.09027655441098 66.99726343751415
19.481860279075676 33.37382874576917 0.0 42.091709954184864 19.215329996343215 26.436088229683705 17.250199955971805 29.457327576282143 27.30443183798096 44.83502571835529 32.990832319603456 45.91918605431712 52.76597903417701 64.78790463735471 14.571444135041913 30.525616863255024 61.344135222927285 22.150845934856125 50.09300148329178 20.840463978202898 14.171022702555643 34.07938274768666 45.73469058432709 43.22422872147047 27.710904502618213 31.62446256119482 20.60200196566461 31.215087786752026 40.339027701065284 33.524360095833075 20.55859571642535 42.534070969141425 54.79714911191786 61.252395491851054 14.31730265760195 21.585691558988433 55.91854083642182 35.764774352628415 48.83161649552065 11.976816398921105 119.22495299307771 91.5965430929224 70.42756083071359 62.64928788724042 72.6952718682806 106.94696079243073 75.0900753655007 47.26750349492424 34.99635449985555 51.089169532742716 101.1905803597252 66.71892788281971 32.52922571788224 7.729108453646958 38.15994120661996 103.05484694718955 69.48872366612544 37.84058760317399 20.736044459004425 42.69546961664643 112.16030659854493 82.28183192222384 57.926453056420016 48.32656283539039 60.91180509797209
22.835685407386915 65.44020702323655 42.091709954184864 0.0 53.86877216231705 19.8663253923312 57.11248291521132 38.16086123595693 14.845508149759246 33.0163872520791 68.56760030084283 77.654034719455 11.398230725265883 26.097412619913378 42.28115786442127 64.09303844445105 39.69123139141785 21.666641911936708 9.029045454473165 32.647389297499544 28.60905374357296 64.09303844445105 4.327314842968997 4.719118528162818 31.819518880941718 69.09774855381195 24.385609781543447 26.055442144776812 4.390738758222522 21.73718211775686 51.30868295276949 74.72847033002853 14.281549282568529 32.187114799268 46.60342983978321 53.47866465765761 25.949628015631244 69.00793030077557 7.071493434858916 34.625390356629055 77.50089376264935 53.0037077433657 44.80193205305844 59.998739801305426 87.10510903562655 65.36577595344005 33.03951318950134 17.4752196492079 43.74935743531588 76.92514773700512 64.29711358953547 30.892005440549685 13.014029658900935 42.18134326260202 76.05273337968495 74.77097630795969 48.96448310623707 39.98957279152778 56.529946726063756 84.77574794588773 92.96419589865836 73.62839506026764 67.7842460579493 78.5049812642287 100.62864784304655
32.01481822320183 14.179744881603515 19.215329996343215 53.86877216231705 0.0 42.86025076340959 8.76884394116524 48.672317366471795 40.54447609048447 63.4294187078041 14.988305529247297 26.86848094258674 65.23467233991992 78.99458324675503 33.33938672829995 11.511287953942944 60.389971549234204 32.22485523819392 60.21379255455354 39.81910491352555 26.384074751839826 14.965015380176476 56.60341512296653 56.317385403189824 46.64198722851361 15.252574199295564 29.485402542665728 49.40726848475423 53.43877167558106 50.954053086571726 4.825888098284739 23.50768270567013 67.86152913831543 78.1531027049286 31.803152608908626 3.7090184181250723 59.727073591930306 16.82056795575194 59.64364824219323 30.86018909690335 127.66006537750464 96.96159093975807 70.00579102640609 52.86657047197729 55.53143800899058 119.02042397665699 85.38103936046896 52.99835741932332 26.88072440774357 32.11174627944444 116.64786744540682 82.07270167244005 47.53930840822821 13.3752544623723 22.196015944788254 120.91201492672792 87.9750046735796 57.04666808886532 34.11565670895332 38.317992192262004 131.16697107754615 101.49326754233454 76.10373150549847 60.6420487998401 62.91203190645143
12.847992624427224 56.41672477745448 26.436088229683705 19.8663253923312 42.86025076340959 0.0 43.38970248279856 19.496263802577687 8.867577578031252 23.09013978264356 57.76396301335958 69.23995120384402 28.37101885272474 38.67906639922469 22.848892420181 54.22720304194993 53.78505872696148 15.973468855086484 28.89273871019597 12.782084768797095 17.087867801064267 56.04467479269106 24.176916466204187 18.95771170694155 13.149597940896644 57.177855685744014 18.324004396342083 9.743873586311052 16.46570042982791 8.698810398314246 41.91958606037815 65.98133280887501 29.707126278443496 35.30970392959426 27.36728386426108 43.77051474087629 42.66402298233114 59.50864069657031 26.86404767588808 16.188581673905816 96.47908451828269 72.85358652209612 60.84290166226528 67.01383880424986 87.60498156135607 81.57063712684348 51.745377036455125 33.109405144644676 43.700284149737975 71.54041110927324 74.76302313647477 40.28772895376348 7.1795930907533645 29.577795499371373 63.97655346460872 78.20164295477281 46.30611977408982 23.829820258258383 37.233154258212956 67.82034396751493 90.72872072667025 65.12312205624674 51.43096666652976 58.686205220723174 81.47269529611644
34.39162860784072 19.266525065735873 17.250199955971805 57.11248291521132 8.76884394116524 43.38970248279856 0.0 45.531919102473076 42.85956214496755 61.90640488400435 16.734247012417633 30.51722573291637 68.26018695968615 81.16045152578202 29.311042536695574 15.920592743240954 67.95520690328495 35.66231844762286 64.26880190620551 37.78158711701189 28.567747113204856 21.24879166918467 60.29307448968754 58.94695270174142 44.62976249285129 14.610393149988079 33.24641179384101 48.44650728975638 56.033404896230635 50.747484874381485 13.461159388762654 27.174054749783078 70.6021761477284 78.44536795250768 26.73949202438988 12.44255654766689 66.03873687249343 20.52935941456056 63.39322166533336 29.120686785891902 132.74584597867096 103.04536967747747 77.52432382015627 61.615560885261125 63.069151665475516 122.46749731170777 89.55057307230682 58.610206701211844 35.2964796354908 38.096726543357896 118.09558457359515 83.52998431289352 49.01839909754384 14.939966804528538 20.939335075981997 120.27617217787964 86.55788608102469 53.972416817559626 26.992961993226253 30.64412346855322 128.67645298455315 97.79725748546392 70.46830379008553 52.555345656562004 54.34290318757523
28.56121779333981 62.827020290703445 29.457327576282143 38.16086123595693 48.672317366471795 19.496263802577687 45.531919102473076 0.0 28.134513442812892 18.75740426372163 62.045961224875136 75.29997278346522 44.0742536685143 49.781818825180686 16.424767677587923 59.933999262648456 73.1287853492662 32.78587700637712 47.01954300976775 10.061762910961455 29.480029602841597 63.49170936494974 42.445478719188465 35.889058975768656 6.410577980056259 60.128179704678814 34.1592987322627 12.41178689857775 34.09760621076257 17.10658561182827 49.66362365423736 71.91047653314693 44.27098761721169 39.48469492024846 20.158907916785555 50.90695129734106 62.130757886978444 65.12939114126374 44.726348873034695 18.31855340208527 111.38203710959071 90.73154045913928 80.33178426110823 84.0767957187808 100.39595848748037 93.00318852058761 67.15918458455378 52.59201763280217 58.44900178609192 80.38316084246905 80.5133389133361 48.611418056479806 25.270243077490136 36.17932285669092 66.13731637212226 76.8407192286209 42.31403187057676 8.444677964071682 27.331337506510533 61.7862894587147 83.16201830827495 52.845159711001614 32.62108467999782 41.5992075873776 69.22201689741442
8.558482860057484 53.160865456275076 27.30443183798096 14.845508149759246 40.54447609048447 8.867577578031252 42.85956214496755 28.134513442812892 0.0 30.730912996674807 55.495784557256215 65.7905148192718 25.52158736499558 38.49269440076426 28.287105982231424 51.39805043647097 45.00501389164761 9.321532737654595 23.288697517385316 20.181136523745852 14.348716821914596 52.289805011245775 18.71451847779542 16.093752087443484 21.89121634090285 55.56854476800227 12.190605875645739 18.416748853305894 13.180743859120701 16.198869963475172 38.656380744899934 62.67317086236206 27.748164496079166 39.04766205635202 32.359634717580825 40.715661487065454 34.43518515350844 56.534518502815985 21.75465664943072 20.17116181904519 92.29262942319342 66.54421178050964 52.279407757057 58.59131768910735 80.79325603339359 79.76819945155842 47.88491143659828 24.8557245966628 36.571745237706665 66.72346856040313 76.141991946774 41.62686240009449 7.927326523020593 28.06676745203378 62.509986893984 82.59463455094551 52.41809844334615 32.684473250317595 42.23419110909436 69.95722525401729 97.13763034827495 73.05813192978044 60.28304941457053 65.76766262998453 86.09012047770182
35.894566785403114 77.49369267895021 44.83502571835529 33.0163872520791 63.4294187078041 23.09013978264356 61.90640488400435 18.75740426372163 30.730912996674807 0.0 77.78040355366073 90.28132316944259 33.92706855431501 34.54728603735988 34.19419296643002 74.93811285948556 72.39415600289 39.00610119385832 40.19778895285576 24.139989230703545 39.496314970572925 77.57791576948311 36.5262564722885 28.962618141412985 17.356506036109696 76.42888606302299 41.41365371166734 14.242335965226873 28.68063354441269 14.59471545767974 63.370929078557175 86.93204740925988 32.77526145420472 21.368368443345812 38.41055629624785 64.9895274062437 58.96575344108819 80.24290684391411 37.685449570023216 32.85833924488616 97.15877994321748 80.9342537988574 77.81783664463326 89.19425601934404 110.68130942560406 76.44269868987772 54.653737185904006 50.253186613834636 66.77231097232134 93.7363709063917 62.002442628982884 31.72070347238696 23.726543055278775 50.14519260817729 82.83101784770511 58.671907922153515 24.65731132032985 12.977930721272651 46.083878222273 80.46039050443919 68.1012392638594 42.33667101318789 36.63111998905785 57.32464135868636 87.32250785315935
46.98302123845613 6.7840999454737245 32.990832319603456 68.56760030084283 14.988305529247297 57.76396301335958 16.734247012417633 62.045961224875136 55.495784557256215 77.78040355366073 0.0 13.955396152402487 79.95995477279213 93.90075311624676 45.96964900722832 5.263114127621659 70.45425631611724 47.01161248791285 74.53086148555921 53.82935889943852 41.37176123362055 10.177801990592554 71.11819660092881 71.17411043614403 60.70079799533947 4.309339335616234 44.209608516809084 63.94470900572579 68.31087616915829 65.72989612138498 17.347934447232852 10.729965029688346 82.66176619177904 93.07262230578145 43.47175322076849 15.13988104988591 72.0641517425026 4.975579616838933 74.11465014199767 44.94898816729221 140.93707523752877 109.24836417912019 80.01222827057894 57.127173658378375 50.198376163318024 133.4575677618805 99.50755746982331 66.23767992377519 35.6083015274687 23.309154464933524 131.6215134336542 97.05427867474089 62.527570751186744 28.19069143362968 8.636373514080024 135.65835163340182 102.41371941748856 70.48960837537885 42.93987961098117 33.37236943707466 145.07845148080688 114.4936815069759 86.97489491371408 66.44730851322362 60.5032271654156
57.539999041065094 12.835846940272036 45.91918605431712 77.654034719455 26.86848094258674 69.23995120384402 30.51722573291637 75.29997278346522 65.7905148192718 90.28132316944259 13.955396152402487 0.0 88.9915055264936 103.56162992751374 59.479820534321505 15.399647840346312 72.58093552569241 56.76613340348692 82.56997366157302 66.6604167246584 52.30278354592185 13.570716874300803 79.66875771093518 80.78186063466254 73.49740212726576 17.413880542407497 53.86193586390409 76.21068193427672 78.01774368289949 77.55261832605868 27.337651642862387 3.3898974408604787 91.92905104220993 104.335374093979 57.214288850552045 25.4761784425725 76.92367375172606 10.172069841218857 82.51390250246055 57.70580187081891 146.3244290495538 113.36553693855362 81.77698686634646 54.01879659184241 39.28624924023456 141.2741492943696 106.83005652696177 72.53818565550729 38.80421962790991 12.024900243636347 141.66011390214678 107.33526178737317 73.27331430903867 40.14907684695271 15.804042794025937 147.4396150644143 114.7882008663518 83.72000962417968 56.89083364280882 43.11510040334963 158.0216624307852 127.9804022265108 100.90529080333927 79.87195300912481 70.51196248774262
33.87491787753696 76.82363562445904 52.76597903417701 11.398230725265883 65.23467233991992 28.37101885272474 68.26018695968615 44.0742536685143 25.52158736499558 33.92706855431501 79.95995477279213 88.9915055264936 0.0 15.315709132210563 51.21217549955051 75.4910234538188 44.2029187325478 33.01259460349834 9.42336105998859 40.65373212823287 39.69461225738863 75.43963521121772 9.766204155817125 9.60263788959109 38.17439831349664 80.45014252984893 35.763209194449054 31.688443502917842 12.441171227768644 26.977255216436628 62.70679309650009 86.08831214379471 3.4147982884793673 25.7086578622037 55.73756681925941 64.87595027870175 29.222599376539673 80.3993242077413 7.768302315266015 44.24545298174755 68.16446441303731 47.30236162374171 47.15346284453477 67.85426396229319 96.8492109064047 54.25127442668609 23.45111121195575 23.48527046620932 54.29558649011892 87.97336510139809 53.29210933289453 21.160095618676063 21.220316879368603 53.36389718486662 87.40686854824834 65.85548203981061 43.942056773633404 43.81422863425424 65.59947672544196 95.2980508733392 86.21949990580335 70.70596755419363 70.42462571887043 85.52592790287486 109.83853218999694
47.0509932078064 91.1839113709876 64.78790463735471 26.097412619913378 78.99458324675503 38.67906639922469 81.16045152578202 49.781818825180686 38.49269440076426 34.54728603735988 93.90075311624676 103.56162992751374 15.315709132210563 0.0 60.502177883760844 89.64417539692437 57.45322678522444 46.9630124146828 24.170006594818933 49.27242022727982 52.819419034494956 89.99091637089165 25.073500437770488 22.796620948817935 44.96473445083172 94.06004271755806 49.82701902268148 38.412196908223315 25.614771839496413 34.05886718526797 76.843993688657 100.57248874410044 11.993406852749985 17.181084599648546 65.15803224263101 78.96492195918209 42.43567161252793 94.67771642763553 22.957889701045627 54.81446692642983 62.61185181756987 49.90904810099607 58.79105224385335 82.56311653721107 112.12383442393319 43.436760906882874 21.819253337998752 38.21325259527327 69.56486736162009 103.02006652740704 38.20226206821488 7.256826045346488 32.260870750488046 66.5110486994603 101.0026186630378 51.36390001406876 34.93826568931667 46.88224825665238 74.63269123573924 106.47517366531393 73.64236023543509 63.087841191564756 70.22628124633896 90.98440434902635 118.40341834090205
23.752131709342905 47.291968455496644 14.571444135041913 42.28115786442127 33.33938672829995 22.848892420181 29.311042536695574 16.424767677587923 28.287105982231424 34.19419296643002 45.96964900722832 59.479820534321505 51.21217549955051 60.502177883760844 0.0 44.24197674042972 69.9211418211732 27.906402852722213 51.18688688501253 11.305833269636778 21.271339490705557 48.303490699506575 46.48614906233407 41.79522146947629 17.116877313150233 43.8498639395304 27.848111939576974 22.754795676551595 39.23081850805955 26.59925922357639 35.091372255744766 56.094588568335105 52.423537102232245 53.363022598068476 4.6578534208531455 36.00223291153567 61.7600520574314 49.3231327751128 49.35195200292398 8.5785062504898 119.32497361853876 94.81110304425974 78.32359944395034 75.33108415722927 87.23361331680783 103.83442300601305 74.59259866674245 52.35776444617042 48.098093184853155 65.42422324104227 94.3778174545708 60.88405862024751 30.0235252044385 22.154070564313315 49.74978316237703 92.81870370421595 58.46101615870306 24.797620197450907 14.387717985131461 46.83955373828976 99.52900132784379 68.53129093775222 43.38066058898522 38.23681122521318 58.62639248931372
42.965628808179694 3.393704610184819 30.525616863255024 64.09303844445105 11.511287953942944 54.22720304194993 15.920592743240954 59.933999262648456 51.39805043647097 74.93811285948556 5.263114127621659 15.399647840346312 75.4910234538188 89.64417539692437 44.24197674042972 0.0 65.19677868950173 42.68289876484693 69.80280281572875 51.2626784265395 37.50313784153019 6.163487332718882 66.50435819735972 66.8657134583265 58.10323433981925 8.535415198929787 39.833169492405595 60.91640020060144 64.02967094018781 62.408295987459255 12.803518765416891 12.021651654028682 78.26604331297696 89.4694722039803 42.21116070029436 10.687438915841861 66.87910042721221 5.310946485643265 69.4692411050667 42.30970785928473 135.84500492119034 104.03839877012189 74.75909918656355 52.42774877736607 47.99193903023831 128.74259076335122 94.66819976154594 61.19091891830764 30.35516780976454 22.212406676681013 127.5262143430743 93.02266810068565 58.637456305058386 24.86642010458063 13.898902160861503 132.3583215236106 99.48594082636579 68.34477867163619 42.88816068042319 37.45142303618113 142.6252162842737 112.67077376707712 86.26835900561929 67.70917099602865 64.199762287981
46.369471283778154 64.47500285886603 61.344135222927285 39.69123139141785 60.389971549234204 53.78505872696148 67.95520690328495 73.1287853492662 45.00501389164761 72.39415600289 70.45425631611724 72.58093552569241 44.2029187325478 57.45322678522444 69.9211418211732 65.19677868950173 0.0 42.08148913790208 34.9396687592127 64.58309772932084 48.90430041049247 61.54922487625174 36.97397899112273 44.20482841252384 66.8921963598355 73.21040925013287 42.13284935269332 62.81322253422679 43.86277716064557 59.44047276413551 55.757258804390666 70.95217989022824 47.365953552666554 69.83467862352104 72.79428516248514 57.680268607097666 15.063531607013433 68.09252909127565 37.119006275309715 61.40179170749437 76.34098486254693 41.98642593918575 9.62431653000622 28.58755824423792 62.74331052976221 78.97218503963714 46.55927295404515 22.22096810202949 34.85143592774966 65.80516230852152 90.74620858034292 64.40246363963597 49.550856766877956 56.19345711848403 79.08810891855445 108.73194924468453 87.76377762180812 77.31146450439954 81.52534840540537 98.54156649914547 130.38285196128766 113.27829444706187 105.16127695882196 108.07615197470909 121.22975440733354
4.365355183816055 44.25755228627085 22.150845934856125 21.666641911936708 32.22485523819392 15.973468855086484 35.66231844762286 32.78587700637712 9.321532737654595 39.00610119385832 47.01161248791285 56.76613340348692 33.01259460349834 46.9630124146828 27.906402852722213 42.68289876484693 42.08148913790208 0.0 28.628029221812263 23.257626106722974 7.989594617798271 43.219838439367685 24.644427460828002 24.184424334674624 27.21950084597159 47.4384133175712 2.9127162652428096 25.56753947712295 21.34836142667212 24.448945493987527 29.881332227423403 53.705979252208024 35.65354769060771 48.365319170595505 31.087368590317837 32.00879691354081 34.343465314411866 47.72193195170146 27.738551930597254 19.347607216593623 97.47435365265979 69.45697760447072 50.41927316288105 51.52420524370627 71.8484070600377 86.97362119179893 53.90018710752442 25.315924680075454 27.774239862416202 57.41748203116608 84.93233028152179 50.57217168962163 17.217479584988507 20.741067683243024 54.394810465219315 91.91593732032568 61.491746075272424 38.842755118876624 40.3870511866141 64.40727963771833 106.15769648501454 81.09396265010677 65.40474213026427 66.13701739030847 82.85653327710844
30.618029654331718 70.81391394160944 50.09300148329178 9.029045454473165 60.21379255455354 28.89273871019597 64.26880190620551 47.01954300976775 23.288697517385316 40.19778895285576 74.53086148555921 82.56997366157302 9.42336105998859 24.170006594818933 51.18688688501253 69.80280281572875 34.9396687592127 28.628029221812263 0.0 41.674599943698325 36.18929018849405 69.13406983227357 4.720852449575187 11.502099980206431 40.72275267999308 75.45125579204733 31.042319526937245 34.77729869261589 12.92343630489682 30.301512218354404 57.18352157015298 79.82123101060085 12.768011508731552 34.89739114043675 55.44767913954182 59.39575754165277 20.096457646472103 74.48627498979516 2.5123741080508912 43.3678046407924 69.14212180533887 43.976542926958125 38.4976258728536 58.52371842238699 88.10681918956232 58.93999924469588 25.282884293268268 14.120120991402297 46.41534495020708 80.64889043416177 61.35558928839616 30.448991733267867 22.014110997753217 49.36545647823084 82.36578615106232 75.18225120700336 52.8930091520565 48.350600918118495 65.36590451223127 92.74930192191462 95.589766256638 79.06140064260016 75.8864278318 87.53021184734833 109.35752941794374
18.93093631709591 53.99001144011709 20.840463978202898 32.647389297499544 39.81910491352555 12.782084768797095 37.78158711701189 10.061762910961455 20.181136523745852 24.139989230703545 53.82935889943852 66.6604167246584 40.65373212823287 49.27242022727982 11.305833269636778 51.2626784265395 64.58309772932084 23.257626106722974 41.674599943698325 0.0 19.429911100329363 54.39370995026501 36.95899579529782 31.491190878894574 6.872083135078271 52.33468560821147 24.371238070191346 11.534359734929552 29.143964828099417 15.298864396823719 40.348903253451304 63.284289111741344 41.60766642544047 42.266414747096896 15.954584868888011 41.74887846195438 54.61348512186419 56.535536918986644 39.630385048978646 8.959130402845567 108.80735656433615 85.63380954107555 72.26349679773044 74.19994436210436 90.46549429451596 92.65744714904608 64.10464700768712 45.035838577441424 48.39282465521486 71.06561709489225 83.179534907142 49.57974104728967 19.806973872106692 26.857615352534868 58.69579701873508 82.70086903184315 48.77990334996838 17.730638100268212 25.37958645282542 58.04069791140961 91.36302966043613 62.236605215316125 42.3604672314525 45.93741019486316 69.43273322187235
5.825328883675265 39.51817294976401 14.171022702555643 28.60905374357296 26.384074751839826 17.087867801064267 28.567747113204856 29.480029602841597 14.348716821914596 39.496314970572925 41.37176123362055 52.30278354592185 39.69461225738863 52.819419034494956 21.271339490705557 37.50313784153019 48.90430041049247 7.989594617798271 36.18929018849405 19.429911100329363 0.0 39.00791555561903 31.982028476692584 30.400131758210254 24.934895226136284 41.27436115672884 6.848011025203454 25.304140290382414 27.488140176912893 25.669613240621818 24.967973817136656 49.08537970804142 42.05114088143878 52.036007410157374 23.891641305238924 26.90413904333148 42.12592900939304 42.73177999362514 35.09198822390028 13.096329644503747 105.23347249722326 77.446542054431 57.59034854234487 55.04659701043139 71.68267341518165 93.9203894501222 61.364722489484045 33.24244651869352 28.97124104715986 54.4834547182774 90.2853998156912 55.697367862484576 21.16115496082308 13.720295087311653 48.20324512758413 95.21220336486788 63.306459735036775 36.67272558105528 32.816254236803985 56.60177617357856 107.53007939346784 80.51155400034618 61.6140530137174 59.20524959647356 74.89339410621835
44.11328372886273 3.3937046101849764 34.07938274768666 64.09303844445105 14.965015380176476 56.04467479269106 21.24879166918467 63.49170936494974 52.289805011245775 77.57791576948311 10.177801990592554 13.570716874300803 75.43963521121772 89.99091637089165 48.303490699506575 6.163487332718882 61.54922487625174 43.219838439367685 69.13406983227357 54.39370995026501 39.00791555561903 0.0 66.15443740542112 67.21199784783823 61.140849758184686 14.207799803643312 40.312388668787975 63.39950260252246 64.45094403784825 64.47778400898233 14.214547580932603 10.68733385022658 78.36515540117516 90.97875306262125 46.6926411848867 12.646831304175894 64.46783696508244 6.586396670810405 69.02198434468164 45.458561698098165 133.7786007738952 101.35069488963902 71.00728628942028 46.97795314204531 42.03145823312596 127.93983201495514 93.58370503253407 59.51529330247739 26.852960432300318 17.173930505443323 128.09367821896902 93.79198907109188 59.839237439636165 27.556882447263966 18.244985957552153 134.2195258255227 101.92665600438497 71.81939203583752 48.18533717945254 43.364134319789315 145.56503848987262 116.33630585452185 90.96071215691661 73.54131984218321 70.26777189201546
26.3112133261884 67.67705047812814 45.73469058432709 4.327314842968997 56.60341512296653 24.176916466204187 60.29307448968754 42.445478719188465 18.71451847779542 36.5262564722885 71.11819660092881 79.66875771093518 9.766204155817125 25.073500437770488 46.48614906233407 66.50435819735972 36.97397899112273 24.644427460828002 4.720852449575187 36.95899579529782 31.982028476692584 66.15443740542112 0.0 7.565563439943609 36.11880473896593 71.85595833211454 27.202518760421952 30.280351484632337 8.43109999796308 25.88669523886321 53.78643968514844 76.83115325128107 13.096308347131464 33.486045234325175 50.76599684760822 55.98313327239034 22.675067419450457 71.30423585687353 3.1100009776489674 38.717027585240054 73.59536212141002 48.682124539425985 41.4541073465179 58.83671153849444 87.17738282040149 62.41851951527786 29.388813009905455 15.039426072653633 44.5366994498909 78.33072266972826 63.02324708480151 30.640885804544595 17.3392006666962 45.35726693441255 78.79571837863999 75.12554344499266 50.945358987493194 44.06619300925554 60.68810896738279 88.42556877314442 94.40195400110329 76.37607342863122 71.76095375946194 82.82945488277377 104.72132985125661
24.577801343676295 68.387306178579 43.22422872147047 4.719118528162818 56.317385403189824 18.95771170694155 58.94695270174142 35.889058975768656 16.093752087443484 28.962618141412985 71.17411043614403 80.78186063466254 9.60263788959109 22.796620948817935 41.79522146947629 66.8657134583265 44.20482841252384 24.184424334674624 11.502099980206431 31.491190878894574 30.400131758210254 67.21199784783823 7.565563439943609 0.0 29.712631581077723 71.45859949910337 27.036885600890244 23.52567679379508 2.9135985944151113 18.94553970652168 54.06289255490429 77.78079906147948 11.655434461228728 27.545410381737884 46.27748618805217 56.19322124821545 30.164882644568397 71.88497861825631 9.046064866280842 34.675008797880515 77.53118575189885 54.84277504086444 48.98146423185398 64.6950257493612 91.46866965589803 63.72999011082411 32.80332081503874 22.03294020136677 47.850699387161605 80.55293160476617 60.89576699661211 26.945943758001484 11.77822345574497 44.11601099833158 78.41282752765969 70.36656399530358 44.24735140586672 36.86505178551757 56.169966519467984 85.70838577954405 88.26617316999786 69.0740180196766 64.39174496048169 76.9164994496588 100.40305358695434
23.156270422365015 60.80205386879145 27.710904502618213 31.819518880941718 46.64198722851361 13.149597940896644 44.62976249285129 6.410577980056259 21.89121634090285 17.356506036109696 60.70079799533947 73.49740212726576 38.17439831349664 44.96473445083172 17.116877313150233 58.10323433981925 66.8921963598355 27.21950084597159 40.72275267999308 6.872083135078271 24.934895226136284 61.140849758184686 36.11880473896593 29.712631581077723 0.0 59.195234562347764 28.869406850787552 6.631014265016668 27.81480037493338 11.287956135536618 47.03899589733526 70.12446928275035 38.59815435474264 36.355484639465224 21.565628877836552 48.49441366681839 55.73782695104957 63.38268200669155 38.46144596220584 15.795406701218631 105.8880015518999 84.53377986166575 73.98917943164199 78.7247424906246 96.51693715966222 88.37723075038038 61.44489699360323 46.20853865205589 53.756822350135316 77.71213599383739 77.4507577248449 44.49949395453783 18.88486695032495 33.58451406255017 65.52899447893908 76.00412718289218 41.955353665342074 11.778305464381592 30.200292782524915 63.87675097234256 84.52555849261803 55.81781256745234 38.49041987848589 47.352114068607854 73.46944298574519
47.01161248791285 10.849387196099347 31.62446256119482 69.09774855381195 15.252574199295564 57.177855685744014 14.610393149988079 60.128179704678814 55.56854476800227 76.42888606302299 4.309339335616234 17.413880542407497 80.45014252984893 94.06004271755806 43.8498639395304 8.535415198929787 73.21040925013287 47.4384133175712 75.45125579204733 52.33468560821147 41.27436115672884 14.207799803643312 71.85595833211454 71.45859949910337 59.195234562347764 0.0 44.72292666626406 62.81671429610928 68.56760030084284 64.88236713914945 18.60816725494325 14.415931569869343 83.03841353083318 92.44209795203096 41.0310477280029 16.40654055736386 74.07826279778065 9.260742994955502 74.89573020812102 43.584885552170114 142.57289914460767 111.33153098805947 82.80812104075017 60.94634466562088 54.46582274536654 134.27293653354988 100.58848987253026 67.83588732121879 38.4735159241046 27.45096996427458 131.51819661938373 96.9154086036049 62.3138123375282 27.717871341701684 6.957296589858504 134.64960944984304 101.08614152392917 68.56483992004524 39.73292238249556 29.173816206638755 143.28160184581162 112.22936974029095 84.00022910147678 62.54149503525567 56.22838936549012
5.741592968399508 41.3719427778325 20.60200196566461 24.385609781543447 29.485402542665728 18.324004396342083 33.24641179384101 34.1592987322627 12.190605875645739 41.41365371166734 44.209608516809084 53.86193586390409 35.763209194449054 49.82701902268148 27.848111939576974 39.833169492405595 42.13284935269332 2.9127162652428096 31.042319526937245 24.371238070191346 6.848011025203454 40.312388668787975 27.202518760421952 27.036885600890244 28.869406850787552 44.72292666626406 0.0 27.7365254306367 24.216726325445578 26.925930950270182 27.029650726988706 50.80893278919484 38.456496905443444 51.23721828224292 30.677243404194705 29.170174015112593 35.38044393973425 44.85081415181526 30.27637365309605 19.4291729782559 99.63965908196793 71.09672834560854 50.75665855079379 49.9253691065155 69.30841984221915 89.60031908994041 56.32369975326604 26.67110999587498 25.400473317394084 54.53317305005883 87.82411500393972 53.480025916863546 20.05004248214689 18.40511533952883 51.6753845989137 94.77686261620664 64.17183779535027 40.59833114386859 39.664251724973916 62.39479053379726 108.79742661989027 83.3427963440753 66.70784951337653 65.9441164459799 81.49901609194715
22.067928171345404 63.397106889894516 31.215087786752026 26.055442144776812 49.40726848475423 9.743873586311052 48.44650728975638 12.41178689857775 18.416748853305894 14.242335965226873 63.94470900572579 76.21068193427672 31.688443502917842 38.412196908223315 22.754795676551595 60.91640020060144 62.81322253422679 25.56753947712295 34.77729869261589 11.534359734929552 25.304140290382414 63.39950260252246 30.280351484632337 23.52567679379508 6.631014265016668 62.81671429610928 27.7365254306367 0.0 21.868387172776508 4.713338988683796 49.18591926810619 72.87720886059931 32.0090057597734 30.747260797833768 27.36218716376507 50.84331326415419 50.857846594618294 66.22694320064109 32.437285838545236 19.367003805245186 99.27307425695183 78.35330815609109 69.41252224038107 76.75750978219253 96.74756891300935 81.84384712155722 54.87720052479221 41.46588476384305 53.1239371424712 79.49658125905802 71.64967036815638 38.22484685122866 13.544497189198538 36.06409191752418 69.373156782309 71.84018763217345 38.57752098190386 14.501310215399805 36.43077239971479 69.56266717208148 82.34333995374321 55.61262634900474 42.42548570684927 53.86927249622493 79.99183867421395
21.666641911936722 65.58473257525084 40.339027701065284 4.390738758222522 53.43877167558106 16.46570042982791 56.033404896230635 34.09760621076257 13.180743859120701 28.68063354441269 68.31087616915829 78.01774368289949 12.441171227768644 25.614771839496413 39.23081850805955 64.02967094018781 43.86277716064557 21.34836142667212 12.92343630489682 29.143964828099417 27.488140176912893 64.45094403784825 8.43109999796308 2.9135985944151113 27.81480037493338 68.56760030084284 24.216726325445578 21.868387172776508 0.0 17.455680903581296 51.22922406603975 74.99879031668046 14.569032255278575 29.34965707069991 43.67099973914893 53.35162889443562 30.30277824833692 69.06664955909947 10.650599158486262 31.955895886747548 80.14286000749478 56.76317426078256 49.1532849525509 63.283808505442416 89.37808983977264 66.62637283002238 35.44672637012407 21.649784086070742 45.56096770698049 77.95983768898323 63.64273420775235 29.518868437484112 9.337182271551683 41.205045252669706 75.52073846514398 72.50429223342056 45.46162741782502 35.657773570393715 53.581938542955704 82.85771860945964 89.76875276407691 69.58871920145202 63.41550765692924 74.80133212260229 97.79431408149681
21.534535679150764 64.71696755152507 33.524360095833075 21.73718211775686 50.954053086571726 8.698810398314246 50.747484874381485 17.10658561182827 16.198869963475172 14.59471545767974 65.72989612138498 77.55261832605868 26.977255216436628 34.05886718526797 26.59925922357639 62.408295987459255 59.44047276413551 24.448945493987527 30.301512218354404 15.298864396823719 25.669613240621818 64.47778400898233 25.88669523886321 18.94553970652168 11.287956135536618 64.88236713914945 26.925930950270182 4.713338988683796 17.455680903581296 0.0 50.29772109038679 74.26208082736143 27.312867220662866 27.748084521497148 31.25200486889598 52.08172165477369 46.99887619387637 67.71052901113165 27.922489547173832 22.085866229186376 94.60178481365287 73.72398906987644 65.69417782244405 74.77294294756526 96.2342483481208 77.48837668323745 50.17195375833371 37.74689133329014 52.22314721941882 80.15305885673371 68.21019718316623 34.31941878566346 9.89275288651772 37.58674183073402 71.57172843442646 69.95800430533913 37.6443358597028 18.30075303915147 40.590478993248155 73.17857809179974 82.02992638433238 56.87733976593243 46.21652498396343 58.580841845313586 84.39357397012219
30.285230357876394 14.557125229055819 20.55859571642535 51.30868295276949 4.825888098284739 41.91958606037815 13.461159388762654 49.66362365423736 38.656380744899934 63.370929078557175 17.347934447232852 27.337651642862387 62.70679309650009 76.843993688657 35.091372255744766 12.803518765416891 55.757258804390666 29.881332227423403 57.18352157015298 40.348903253451304 24.967973817136656 14.214547580932603 53.78643968514844 54.06289255490429 47.03899589733526 18.60816725494325 27.029650726988706 49.18591926810619 51.22922406603975 50.29772109038679 0.0 24.120029782308013 65.46698375218723 77.00374622566275 34.13925108800076 2.2217048755717723 55.60043226946187 17.87874537423436 56.77442153126665 31.463976453198065 123.96515829990636 92.86291278066095 65.3795977311861 48.1692242238289 52.54395930498011 116.10991330329293 82.18890833354747 49.227720134729395 22.058270499297247 30.734561270183935 114.75491960521758 80.28121404478905 46.00334921840716 13.505406549778069 25.364087384000108 120.12042808383528 87.71378704889189 57.907932611725315 37.520366560676536 43.09357471126319 131.38537458432057 102.47365565993509 78.32214602995724 64.51854013662044 67.71780041999308
54.376133179541355 9.56893716070975 42.534070969141425 74.72847033002853 23.50768270567013 65.98133280887501 27.174054749783078 71.91047653314693 62.67317086236206 86.93204740925988 10.729965029688346 3.3898974408604787 86.08831214379471 100.57248874410044 56.094588568335105 12.021651654028682 70.95217989022824 53.705979252208024 79.82123101060085 63.284289111741344 49.08537970804142 10.68733385022658 76.83115325128107 77.78079906147948 70.12446928275035 14.415931569869343 50.80893278919484 72.87720886059931 74.99879031668046 74.26208082736143 24.120029782308013 0.0 88.99162739236733 101.12108578071684 53.85061583336813 22.211474005690963 74.74468156348415 6.782174341587 79.705090214869 54.33127568872776 144.12809995771167 111.39704741975726 80.25282784643012 53.54018873612705 41.07807776250346 138.6156216477324 104.23544886894108 70.07580033135827 36.756734600817055 13.650935511578542 138.63100959486104 104.25572306420831 70.10567335254409 36.81311933575673 13.80060682785423 144.1724929435892 111.45394969305141 80.33105917029694 53.65627847007078 41.22783475840656 154.64686590745177 124.59181576617101 97.59789787434417 76.95674422178125 68.65925279509347
36.22714645885905 79.67607772435308 54.79714911191786 14.281549282568529 67.86152913831543 29.707126278443496 70.6021761477284 44.27098761721169 27.748164496079166 32.77526145420472 82.66176619177904 91.92905104220993 3.4147982884793673 11.993406852749985 52.423537102232245 78.26604331297696 47.365953552666554 35.65354769060771 12.768011508731552 41.60766642544047 42.05114088143878 78.36515540117516 13.096308347131464 11.655434461228728 38.59815435474264 83.03841353083318 38.456496905443444 32.0090057597734 14.569032255278575 27.312867220662866 65.46698375218723 88.99162739236733 0.0 22.767099356890046 57.00599107893664 67.62019328499707 32.33865639035286 83.22287197520416 11.182817810880831 45.79484299777578 67.32679290170026 48.15949941521645 50.00590731255974 71.25066448138406 100.23740146039998 52.16130176611139 22.888307322990293 26.866262061705932 57.572264825113926 91.11631869060442 50.099588005848176 17.74759454710051 22.690037758842333 55.7633465837535 89.99508952337865 62.453270670891136 41.14191096035491 43.35582976921622 66.795392280908 97.15115131422257 83.01836536911414 68.24100640792602 69.4002029787134 85.85283129974646 110.99457806334922
46.88998685363234 91.55326738517044 61.252395491851054 32.187114799268 78.1531027049286 35.30970392959426 78.44536795250768 39.48469492024846 39.04766205635202 21.368368443345812 93.07262230578145 104.335374093979 25.7086578622037 17.181084599648546 53.363022598068476 89.4694722039803 69.83467862352104 48.365319170595505 34.89739114043675 42.266414747096896 52.036007410157374 90.97875306262125 33.486045234325175 27.545410381737884 36.355484639465224 92.44209795203096 51.23721828224292 30.747260797833768 29.34965707069991 27.748084521497148 77.00374622566275 101.12108578071684 22.767099356890046 0.0 57.892276803856085 78.92816052800225 54.91184253623166 94.73007558725813 32.788710760436274 49.795409351546645 78.05095646344033 67.056115702573 72.77266061572499 92.14100197029644 118.6542666040706 55.5775802284726 38.9999406778979 48.45563318508347 74.6306000731367 105.76544620846285 41.1212624768447 11.658200891502467 31.236538483766303 64.88745096654102 99.19623741564382 43.5695293062944 18.475840091795543 34.34032153918913 66.42293980902092 100.19782639995066 60.917095926809864 46.23107920537368 54.39251561266364 78.57857078339845 108.56081603526677
