0.0 32.169237505980476 24.638007873467416 69.3483700965036 26.69198982552303 6.401759382708446 35.7307234668047 49.956329292753466 55.57462614216946 31.02755296358274 34.690477196936534 62.41286556854612 30.4401827049804 29.326268399034333 54.945564083440345 63.54587488066329 41.93408765069832 74.6599275380647 17.81048016876323 29.69780419628924 4.661787860446479 23.05375746812469 35.77295007233554 55.57462614216946 24.903641995410286 34.04402711371671 59.95557109613547 24.378771651050513 36.598136902533106 14.922083640836666 37.732871824694215 68.23939209095694 58.11008646428677 39.13539641180519 17.838924015508095 8.42761141982143 17.13443160669849 73.1397410855753 19.607273068656283 31.57935754519529 103.49905511887059 82.43249567541666 72.61493936390524 78.3931989313261 97.01963204412868 85.90465870804974 59.104002970728786 44.74115943643723 53.898747016776035 78.76035750047018 75.08603048580257 42.042636876636365 17.091039917721588 34.80622019092647 67.2732582161881 74.07468352848107 40.225809561504576 12.001027772587769 32.63105082649497 66.1845766488257 83.22895715365205 55.18051337957507 39.4657184509086 49.648977203637244 75.94289348007082
32.169237505980476 0.0 39.44945140816441 37.358083870200424 56.24882566431946 38.30960744707949 41.5129181125914 60.99893784040569 25.222198432935702 1.5520360969605749 58.262011440457606 32.226698520461376 1.8877974616636874 12.635233826573211 24.325455124686204 77.5694966487956 63.52638712196145 44.804303388410176 25.820164734279643 15.576931752778176 28.854547119380634 43.1380236919548 48.74870334079928 25.222198432935702 56.49028968123357 8.945720221337728 29.5794856464658 20.20687665221048 27.424957060031698 18.535753243195035 65.58670599949363 36.87900287169344 26.72050234697454 25.906979646896744 18.75357997678071 39.01828867066433 42.84562665183226 42.39100139563117 34.71371271962321 8.584635722741877 121.30315985447629 93.23968089240377 71.18706737585462 61.93817885075856 70.70966275661988 109.43041759272684 77.32648294859706 48.770739064569945 34.24348648212312 48.595052197879106 103.98638222116155 69.48538428542139 35.18697406365555 6.548376200760212 35.24901261927015 105.9668692510436 72.38926224303422 40.5743615814712 21.14705577944907 40.5334767738977 114.988788715689 84.94304708799292 60.02523190339217 48.84202269932024 59.68974282127959
24.638007873467416 39.44945140816441 0.0 70.4876914260102 25.212636738792447 23.812451492620358 12.641560663567523 25.628203370271176 54.287853309482436 37.899801869984344 19.956190878013008 59.87030912188545 38.58621010254976 28.785835293687843 54.18798049584151 40.52112343583954 65.18034817685951 70.26169403728527 13.913321210734479 46.086397760062134 27.78541270338646 6.240798836218011 60.405579547503244 54.287853309482436 30.696710493878303 35.209331709656645 68.72473041561048 43.63397137655246 23.959343295871854 23.81340045233705 29.976085734199078 67.34831286953765 58.380123562116474 28.150747003372423 21.329399992858534 20.732095382800022 40.867103571881145 70.45840659983935 5.645517082616503 33.3095324981399 82.96356806834609 58.61751436824032 48.82499331715167 61.04551230224503 86.39465718181118 70.00753765327988 38.37077123265228 20.938546865540637 42.41904416553888 74.53303813817709 67.17702620678098 32.978473109903774 7.567029260867791 37.706678181980465 71.98041839070534 75.61791042463223 47.768460856614304 35.21950380602017 50.92966880350065 79.63717097286884 92.28723121099733 71.09842564471585 63.14915097344716 72.90693015033878 95.06735356561437
69.3483700965036 37.358083870200424 70.4876914260102 0.0 91.67690507462956 75.30649282256546 66.71903179994159 84.73207428210706 16.464108799165224 38.37528071312458 90.44090451878425 13.243202369739807 39.18674590246305 42.61774978660819 16.371646310479736 101.0629244785819 98.16602879271393 16.238354544774513 59.163635732577994 47.394459402192496 66.20191535443914 75.70734905209 81.27167081076969 16.464108799165224 93.03233280139095 36.46052905310871 21.944409657364766 54.254383732955475 48.763019248878734 54.94131061613449 99.65367740038052 6.070544000972533 12.10787581007262 44.622545842163206 53.6817673788224 75.61528653857275 79.72541122653192 11.156911966380555 67.27591031604784 38.821727815183934 144.58984872018442 112.19989963546718 81.64695701554365 56.021859039976434 44.78266160882117 138.3373381356785 104.09655868613791 70.2126515993612 37.661490487760275 17.372616208846868 137.59142370566758 103.11240741660227 68.75892418975758 34.903626672973715 10.177871137769865 142.4386831371915 109.43972926039385 77.84700966126603 50.379422121670686 37.56117838789327 152.34591163268544 121.9453700690524 94.48196188301537 73.33335063950332 64.9883902588859
26.69198982552303 56.24882566431946 25.212636738792447 91.67690507462956 0.0 20.632092307065104 36.73390052929088 39.65950112655445 76.27128256223065 54.85975296671893 15.135836227819949 82.50588057359337 54.78488098681545 49.118613849124095 75.93397875435808 47.31303214949969 52.38289373700514 93.75286547086935 32.681114115733756 56.322418830004736 31.321954712338588 18.986468188751836 55.035836186956885 76.27128256223065 8.21879433895165 55.2185712778345 85.39311525358926 51.032051785100315 48.59635646439826 37.72007977949443 11.560117648640272 89.4270591964841 79.75529144437223 52.57115730402077 38.11884028850254 18.318629769443895 33.43497735709251 93.32512883377268 25.69939165003755 52.880985684023365 81.22393991109325 66.79832295060352 68.71298098156427 85.88190632225617 111.46613916938303 60.599496662783594 39.54533862137022 43.013901071158486 67.31556010126667 98.01734869460576 48.46733832270637 15.898511915776654 23.47967718769792 56.96209760173885 91.2848215649622 51.26163814949111 22.997338616383864 28.720149238147716 59.2930325773889 92.7433437133629 67.14388347096764 48.909740503947596 51.680123637750214 73.10484578050993 102.04220992879578
6.401759382708446 38.30960744707949 23.812451492620358 75.30649282256546 20.632092307065104 0.0 35.95214899878736 47.99553737614221 61.16476786283358 37.11176528212889 30.138540740071026 67.91348710057248 36.6212503401044 34.40911098518441 60.592769540572384 60.465637770302315 41.36842535619835 80.00937413302356 20.77375357742135 36.0054598532205 10.833479142508308 20.674651285061046 38.08202668257643 61.16476786283358 18.504638177552778 39.55850730109713 66.3377949596087 30.444554865179985 39.78277282445614 20.459885812264325 31.919600903736256 73.98280295407795 63.90443887487273 42.77310461485085 22.678883471658626 3.4416125718705577 17.281165288535682 78.70408763746437 19.739631027125267 37.09091205620675 99.12247158941553 79.69505519019378 72.60915956947471 81.16421052378307 101.47866214192625 80.54215886224978 55.170052877486846 44.66816965535865 57.80632571061851 84.15885259075249 68.86450130473273 36.26345392885391 16.81087776978576 40.55887204578961 73.5002555198638 67.75842836855563 34.1366514303142 11.587459415548016 38.705030028396095 72.50338869471642 77.67691557373719 50.936842816117924 39.37314721862123 53.85862522231996 81.52350779061713
35.7307234668047 41.5129181125914 12.641560663567523 66.71903179994159 36.73390052929088 35.95214899878736 0.0 19.528871379158122 50.258858554516614 40.0130123271815 27.54618715880432 54.8023081699334 41.20391906582735 29.12020560306901 50.443072289214854 36.21893960463106 77.19944873339314 63.74268903118877 20.324096420457764 51.6873086691998 38.06455777131144 18.192866149800192 71.02371785143883 50.258858554516614 42.943665455055665 34.91053095406385 68.95220847314225 50.80706684880939 17.95720766706368 30.396940684691096 39.08342865978123 62.705625247658375 54.856740351096946 22.12983533092137 26.611290221547875 33.066159626258276 52.586688730434574 64.7764510566802 16.29100413401073 33.71152774852369 80.19596586385516 51.948367736575975 36.88767565976488 49.16905588319712 76.6114823822877 71.6184144459124 37.52862794772586 9.080275641967614 33.931663060521004 67.93465222239972 73.61235175898929 41.174253665888294 19.149602419844705 37.85422902752621 69.95731064126764 85.4407368918738 59.66054145986915 47.04733645256665 57.11684953839324 81.89034197368541 103.79360925821324 83.66883626602524 74.98385804977539 81.48268369476014 100.25477785731019
49.956329292753466 60.99893784040569 25.628203370271176 84.73207428210706 39.65950112655445 47.99553737614221 19.528871379158122 0.0 68.41318312614023 59.48859695118152 25.16304324299587 72.21241975023364 60.628710341800144 48.64855356196153 68.74149805261814 16.74137893737765 88.61408883828146 79.72699755090753 38.10917245070352 70.42071188797298 53.358782954575915 27.322018269324968 85.65191141719404 68.41318312614023 47.624876862283635 54.4009336143033 88.35937371360995 68.76597863843148 36.584519038930736 48.44258209531571 36.0590030617445 80.2404148886874 73.18417517592661 40.39596667785389 45.12893349408494 44.612013436759916 65.2671264535056 81.49080879664277 31.18698680537002 53.238920663626686 60.77608523650653 33.15821605921607 30.00071419270234 55.6368512429446 87.66821764132848 54.72269816703159 20.16747353698384 14.619666142488773 49.14871964190766 83.73955458340356 62.4038901869507 36.02970273054853 33.11903327894317 57.36234104305603 88.76284635081275 79.95434096946981 61.43007185520743 59.57683537663488 75.63024128008622 101.4162510374659 102.41964896233003 88.50496036197471 87.01253143173369 98.50859021625092 119.2954867810389
55.57462614216946 25.222198432935702 54.287853309482436 16.464108799165224 76.27128256223065 61.16476786283358 50.258858554516614 68.41318312614023 0.0 25.77367146267843 74.23835189323795 7.011226319592385 27.099890696499944 27.2415972478799 1.2348831720576705 84.84708601541409 88.62362658340987 19.58493003076758 43.59422340023153 38.744588589092686 52.999687634778596 59.6781138528542 73.14766848317025 0.0 78.2494079122268 21.609172348637838 26.3606001094225 44.739967682012 32.30183668834661 40.732158726507784 83.75212753186031 13.169176339635934 4.930213424059078 28.18060698495218 38.800815888944655 61.06476603237478 67.900033663955 17.565603078181066 51.35662329268113 24.075073454471813 128.55075427529468 96.65198158893355 67.47393943793807 46.46156800081935 46.46977447105778 121.87615057277173 87.6668772954103 53.96310151471263 23.09547422629154 23.444299707824293 121.46013199917009 87.0929399999559 53.03440686430871 20.855886608554677 21.263567015948066 127.3640647830899 95.08263664652294 65.22755708754067 43.16693451456899 43.208308086644195 138.78341299426754 109.78151173261091 85.07579377443034 69.41589753578981 69.23878070460319
31.02755296358274 1.5520360969605749 37.899801869984344 38.37528071312458 54.85975296671893 37.11176528212889 40.0130123271815 59.48859695118152 25.77367146267843 0.0 56.73968419811669 32.78474738054779 1.861784996991906 11.235218075698667 24.927213101218804 76.0473749446796 63.21045026308768 45.352066993184685 24.284749760821555 16.1354569578717 27.83710910574887 41.61098336443733 48.74314617750119 25.77367146267843 55.21812777197353 8.099814156413334 31.087756990333947 20.29161829644779 26.14649373213149 17.17305318740883 64.12768898941218 37.695125422257156 27.519191050612303 24.780985118163308 17.25173472491961 37.737651428674376 42.151308206219845 43.0863451486594 33.176992202004996 7.398203432784152 119.76682861016229 91.77385918939947 69.96834740146302 61.347196029131275 70.89547022889226 107.88389516461827 75.77699989189237 47.33080131421364 33.66137189639946 49.20165980497982 102.52797236595235 68.01150597821827 33.674894174735 6.106207846177903 36.54349155699237 104.7058197053963 71.2231643140502 39.71164412610387 21.820525048149204 42.07256870626087 113.98631344557072 84.16442578550974 59.74301418610482 49.49354688532224 61.03114685208848
34.690477196936534 58.262011440457606 19.956190878013008 90.44090451878425 15.135836227819949 30.138540740071026 27.54618715880432 25.16304324299587 74.23835189323795 56.73968419811669 0.0 79.74812668791053 57.16191034822002 48.469984903195375 74.14397129237891 32.323573322893154 66.91074187180045 89.87033765636819 32.50288036954321 62.20934782419574 39.16975678701332 15.14768673581349 67.60760392402977 74.23835189323795 23.349756980229692 54.89898043622238 87.8161982068602 58.207016954363134 43.29725511865161 40.8105002313746 11.836087771908835 87.28048762704393 78.33306171389785 47.58856739339082 39.544354267392514 26.86217843212759 46.00467770258016 90.26466198210159 23.68222513742446 52.87404003477804 68.98635136117755 51.85834542375579 54.90231284966522 75.72347438164245 104.1567560809674 51.911240077260885 25.37508844925828 31.43021037924902 61.046423960414884 94.12926418048437 47.250486258282265 13.63702964142245 23.1123867858865 57.247270573712605 91.73424264156083 58.07441645554368 36.27029885088393 40.66033556815946 66.2255447386021 97.5357075144554 78.19718676010697 63.5021928402607 65.91688172081614 83.9780948687448 110.24692222214264
62.41286556854612 32.226698520461376 59.87030912188545 13.243202369739807 82.50588057359337 67.91348710057248 54.8023081699334 72.21241975023364 7.011226319592385 32.78474738054779 79.74812668791053 0.0 34.10619058924129 33.73920758088084 7.92860816383104 88.35315731326442 95.576779212305 12.57764874197163 49.8467784344944 45.494271499913964 59.927265357488544 65.46386264432653 79.94752191999251 7.011226319592385 84.77004541706043 28.37848109671256 29.214362355680638 51.623584677474035 36.99313462672819 47.52861652014701 89.60362568602497 8.039593238037593 7.433936192311373 32.72010351161828 45.41494910134173 67.70239017510222 74.90564214687981 10.851049903071063 57.29262763953987 30.84690411313407 131.6679149869448 99.05547973590342 68.42778755767893 44.13119046028665 40.09473345328891 126.28626931514364 91.85065178084375 57.61696669585563 24.448715173716767 16.45043160125326 126.99655852057225 92.81589897532605 59.129562090203784 27.79690463878378 21.068447648177454 133.70168913505492 101.71884979753136 72.19503229246621 49.72259577160092 46.123377292312576 145.5753028562722 116.75719392199557 92.01667454133376 75.47613523626984 72.94503495779303
30.4401827049804 1.8877974616636874 38.58621010254976 39.18674590246305 54.78488098681545 36.6212503401044 41.20391906582735 60.628710341800144 27.099890696499944 1.861784996991906 57.16191034822002 34.10619058924129 0.0 12.73255117762386 26.208581912745956 77.12915769871111 61.68760824208677 46.6835112860681 24.829311552230518 14.2736760003468 27.052955818819935 42.071682166244216 47.03324725529294 27.099890696499944 54.866638930503804 9.955928775643931 30.810113282334505 18.532696114451177 27.759971317863812 17.07135835388872 64.26504268519267 38.75888173729074 28.60349145713638 26.5196018439982 17.617929550258705 37.41150277502931 40.95926324897255 44.278763150809006 33.71713298976493 9.14556253361626 120.75784774699126 93.05167532705092 71.62085326508041 63.208028121117245 72.49647489136474 108.4954041891382 76.63716526208307 48.6835403491395 35.52110267961481 50.4800951229964 102.65597286061835 68.20254489180581 34.05552403501807 7.926129367106399 36.887959526989896 104.32409392550754 70.66597922895198 38.71293431833857 19.963681100814462 41.14914894804273 113.16817735889751 83.0633246413686 58.19626492197293 47.63301816442307 59.54673296428631
29.326268399034333 12.635233826573211 28.785835293687843 42.61774978660819 49.118613849124095 34.40911098518441 29.12020560306901 48.64855356196153 27.2415972478799 11.235218075698667 48.469984903195375 33.73920758088084 12.73255117762386 0.0 26.84407848176925 65.31132282247815 67.21147548412902 45.63817866952217 16.54887562710543 25.846033139252437 27.665081246160565 33.43724511691749 54.91128274152674 27.2415972478799 51.03874050103237 6.431833999522676 40.294586988903085 27.987537915577565 15.114417629890685 14.533134973273379 57.124910163333986 40.353432686831574 30.641623025822284 14.463994981258157 11.7446712155666 34.00021864092199 43.92396429646664 44.58659979545917 24.895730932753494 4.657271434175884 109.20632034970141 80.65954986342561 58.99750199022213 53.387706231877594 67.93076468990662 98.54670641104578 65.66393129026315 36.15096855191862 26.398395956520382 49.816666067416556 95.27957146417003 60.698566924365494 26.178036227777053 9.006519894718277 43.2642980560874 100.13134804945265 67.9977315930672 40.198659593195636 31.670318227078802 52.77235992882922 112.05208344541876 84.43828703454655 64.02161227651479 58.842985732563335 72.25658940236595
54.945564083440345 24.325455124686204 54.18798049584151 16.371646310479736 75.93397875435808 60.592769540572384 50.443072289214854 68.74149805261814 1.2348831720576705 24.927213101218804 74.14397129237891 7.92860816383104 26.208581912745956 26.84407848176925 0.0 85.22292967384074 87.64890929223793 20.494660190739495 43.27458280769756 37.66134711653887 52.296214969611746 59.509076664886145 72.08680936998874 1.2348831720576705 77.79087280485382 21.070381122003912 25.27147802081262 43.71585945901632 32.4917830288217 40.14189528454398 83.54703553147357 13.510900508832709 4.442701003979692 28.424921699145646 38.32160708180064 60.55555182064262 67.07526883408929 18.244138487353815 51.145440835860974 23.5272710000244 128.9841988131938 97.2224552212587 68.28106449229504 47.61530691030668 47.612465301096734 122.04540012850475 87.89985905005553 54.33727650282929 23.94875535313062 24.27745902698684 121.34043598138452 86.92747137819092 52.76477319667247 20.167038333142354 20.59489534233921 126.97321973769719 94.56328975171247 64.47525507718049 42.03244910452482 42.08587115313104 138.17051333960313 109.01282889231123 84.0908554624434 68.21668482478697 68.04799198635797
63.54587488066329 77.5694966487956 40.52112343583954 101.0629244785819 47.31303214949969 60.465637770302315 36.21893960463106 16.74137893737765 84.84708601541409 76.0473749446796 32.323573322893154 88.35315731326442 77.12915769871111 65.31132282247815 85.22292967384074 0.0 99.16082620239439 95.19503509570602 53.87888346933741 86.3339104486537 67.41906052259692 40.51193940490321 98.54702302656591 84.84708601541409 55.51362718371847 71.12192588692471 105.10029194803329 84.15398889089926 53.263954705424304 64.13010303816296 39.80027092791393 96.39274697970498 89.66304234310101 56.992714539547656 61.11660781630835 57.02571291269097 77.33931069148703 97.28135566815804 46.16183388115331 69.92050104973735 44.037224864819116 19.543642935976752 34.92102834237114 66.72218444847384 100.39456663709095 40.85073413496697 10.674333133924279 30.886129507632123 64.72107310355854 99.08851755345506 54.804597447554436 37.900590979830014 47.583530951569514 74.0726451853743 105.37622045110263 77.09400346696057 65.95012201810668 71.76434587091966 91.35422049433313 118.05013927593927 102.41308184246766 94.08860842333524 98.03863642885234 112.98302228451229 135.3271351385043
41.93408765069832 63.52638712196145 65.18034817685951 98.16602879271393 52.38289373700514 41.36842535619835 77.19944873339314 88.61408883828146 88.62362658340987 63.21045026308768 66.91074187180045 95.576779212305 61.68760824208677 67.21147548412902 87.64890929223793 99.16082620239439 0.0 108.11695300583264 59.57933468301468 50.79120492135131 41.034889647469676 61.60579981109553 18.405007691893534 88.62362658340987 44.541277421885646 69.64377611475972 81.13398740698338 44.11486295183009 77.75934043912595 53.5710484839035 62.48610181408113 99.22171889918864 89.4092458589223 79.66032877898316 57.67733390839907 44.510041278852434 24.799657421931826 105.2382287274069 60.910089831266326 67.50705297554046 132.61621948931386 118.70204935227822 113.96442593218232 119.49980438174767 134.0414679300786 109.0521763101235 91.91186927917464 86.01113460612916 93.50266223484537 111.72416667299323 88.2677189152274 66.21381359570648 58.0700977659374 68.95499716578546 92.37009932196224 72.68930541357051 43.58717250941031 30.17921096807963 48.13070354308731 78.21241048458754 66.10714915613043 31.538097453701635 3.7419708724623844 37.79163180633089 72.36896335255135
74.6599275380647 44.804303388410176 70.26169403728527 16.238354544774513 93.75286547086935 80.00937413302356 63.74268903118877 79.72699755090753 19.58493003076758 45.352066993184685 89.87033765636819 12.57764874197163 46.6835112860681 45.63817866952217 20.494660190739495 95.19503509570602 108.11695300583264 0.0 61.286120869798914 57.8541231329994 72.3230526584886 76.10786973632884 92.32236394969645 19.58493003076758 96.46769332483414 40.636919308663074 37.55736188567126 64.10797352965372 46.58852940917226 59.74163695941975 100.21492338992579 11.09632101898214 19.027890756388437 42.28654208095473 57.38060689257163 79.62449590852415 87.44885679837536 5.121639880691996 68.22274004609227 43.093210502170024 137.52788611925928 103.9454185505062 71.34576860999809 42.07880041168642 29.08384903652485 134.3673800743867 99.7658840627181 65.16689955438045 30.578952764969138 4.274843486154085 136.96605981375305 103.20780667165279 70.27689651155502 40.25759577554989 26.407325904124676 145.01449948244044 113.58023134888377 84.65536496804363 61.86590868283414 53.69402641787328 157.67996988437224 129.22443548774325 104.54502298258268 86.92004498381003 81.08792696879352
17.81048016876323 25.820164734279643 13.913321210734479 59.163635732577994 32.681114115733756 20.77375357742135 20.324096420457764 38.10917245070352 43.59422340023153 24.284749760821555 32.50288036954321 49.8467784344944 24.829311552230518 16.54887562710543 43.27458280769756 53.87888346933741 59.57933468301468 61.286120869798914 0.0 32.45518331789118 18.79521983921691 17.355961043870742 51.3638103120171 43.59422340023153 35.269054709867554 22.838329429233546 55.32777718905455 30.727170314353266 19.0307169051429 10.334244450892724 40.62222472367193 56.75533922550082 47.16288518426525 22.037981985414877 7.416339806654821 19.291424119549802 34.82901425943192 60.68028540631006 8.894611703550686 20.63729202381614 96.78346900354127 71.25010227217668 56.39954017694071 60.663275946943806 81.07991010621505 83.6676663603505 52.26432441845755 29.286178414044304 37.13004594675659 65.5319754361787 78.8788922873606 44.275412514715775 9.674661373600173 24.934722908385428 59.537686844726124 83.85635431021838 52.56309509294063 29.81121586102279 37.54167064180889 65.76385250322706 97.10951339780597 71.68831142108868 56.9470195554742 61.16784056223439 81.45452131398005
29.69780419628924 15.576931752778176 46.086397760062134 47.394459402192496 56.322418830004736 36.0054598532205 51.6873086691998 70.42071188797298 38.744588589092686 16.1354569578717 62.20934782419574 45.494271499913964 14.2736760003468 25.846033139252437 37.66134711653887 86.3339104486537 50.79120492135131 57.8541231329994 32.45518331789118 0.0 25.174532392110017 47.942324523596774 34.468610557715245 38.744588589092686 54.29016601630424 24.215972657867493 32.34013043512818 7.115328166145157 40.84848068088004 22.273828559740824 67.07868950862041 48.519010494203336 38.90468172088367 40.22418147389021 25.291866276230813 38.00474492892052 33.918184057399785 54.657812928024555 40.573284780318836 23.1464793428273 129.02187161525634 103.45927595953326 84.59158690986462 77.47507819167811 85.11037115443006 114.11590633603936 84.33824292088124 59.98536533941315 49.783075320307105 61.26394388098646 104.76815439757742 71.31392979382844 39.872695283287754 22.109543544571387 42.22175792798116 102.51116492552248 67.98639897646653 33.6246300711629 5.825361732568802 36.49805092703082 107.79139655634435 75.64646364468024 47.12347926135477 33.37198944579591 49.00601603690459
4.661787860446479 28.854547119380634 27.78541270338646 66.20191535443914 31.321954712338588 10.833479142508308 38.06455777131144 53.358782954575915 52.999687634778596 27.83710910574887 39.16975678701332 59.927265357488544 27.052955818819935 27.665081246160565 52.296214969611746 67.41906052259692 41.034889647469676 72.3230526584886 18.79521983921691 25.174532392110017 0.0 26.929072082260106 32.96090279698514 52.999687634778596 29.190544421721555 31.737162657687087 55.89963128613347 19.723826527314177 36.74321876047332 13.183714991316199 42.39393469047014 65.41166422812682 55.24094668108313 38.832047405259694 16.900312250693837 13.087792022958117 16.610518712784355 70.53905582439701 22.422912455281352 29.31143428923169 107.8397972402007 86.1080054151951 74.79639898578372 78.54400031017404 95.59584011044322 90.52109661389797 63.3308452058607 47.141649516592686 53.18539674476059 76.35345360553843 79.67189794967652 46.70440462570835 20.244485878889428 32.14381300027906 63.65106384413223 78.03944286136937 43.88860817643628 12.534667167413119 27.979966085447305 61.67245569205827 86.14936804108534 56.9696071415575 38.26467928678194 45.581380447833155 71.31595772004539
23.05375746812469 43.1380236919548 6.240798836218011 75.70734905209 18.986468188751836 20.674651285061046 18.192866149800192 27.322018269324968 59.6781138528542 41.61098336443733 15.14768673581349 65.46386264432653 42.071682166244216 33.43724511691749 59.509076664886145 40.51193940490321 61.60579981109553 76.10786973632884 17.355961043870742 47.942324523596774 26.929072082260106 0.0 58.46655386399296 59.6781138528542 24.75890071663829 39.85272104350268 72.67732343816478 44.62263102514663 30.049493711177345 26.033621359316562 24.14710863854409 72.80550117392578 63.61119994568905 34.183176907861565 24.46073339142949 17.303506230871704 37.951314289763715 76.13755937443125 8.558659545638623 37.78186077870118 81.45109594670998 59.39985857046066 53.077352468422355 67.08850476721739 92.62467045997555 66.59776366930244 36.735767611247766 25.66346887079755 48.60610212018365 80.38243096780477 61.90294651948608 27.418404292270388 8.14967401439282 42.14166187533893 76.68295984867981 69.45828582164785 41.65494277830831 32.25910777084439 52.35456807514688 82.68123457007299 86.09669849707488 65.57100257360253 59.843597728179574 72.51028150698741 96.58680335775975
35.77295007233554 48.74870334079928 60.405579547503244 81.27167081076969 55.035836186956885 38.08202668257643 71.02371785143883 85.65191141719404 73.14766848317025 48.74314617750119 67.60760392402977 79.94752191999251 47.03324725529294 54.91128274152674 72.08680936998874 98.54702302656591 18.405007691893534 92.32236394969645 51.3638103120171 34.468610557715245 32.96090279698514 58.46655386399296 0.0 73.14766848317025 48.584910593070944 56.0340059203165 63.268758060117825 28.563946923443122 67.564152898079 43.086732183124035 66.36964566990412 82.8446530679385 73.35699168010956 68.63410613192302 47.447563012347004 41.52280407868248 21.68252911276661 89.06371465132135 55.249376143340456 54.19304637522835 136.12322602940893 117.75339325647177 107.68853990878985 108.2700913570768 119.34251039543713 115.11703136077035 92.93413905502152 80.10187271993567 81.18250024489403 95.70589950469643 97.77797618615811 70.56397434851077 52.84713643125541 54.78292332047803 74.86201340742667 86.34552132745166 53.79249387253865 26.95477189228687 30.89224895902917 59.80757770506996 83.289258843411 48.78470748194513 14.752921326893846 21.218002955753196 55.476234275195885
55.57462614216946 25.222198432935702 54.287853309482436 16.464108799165224 76.27128256223065 61.16476786283358 50.258858554516614 68.41318312614023 0.0 25.77367146267843 74.23835189323795 7.011226319592385 27.099890696499944 27.2415972478799 1.2348831720576705 84.84708601541409 88.62362658340987 19.58493003076758 43.59422340023153 38.744588589092686 52.999687634778596 59.6781138528542 73.14766848317025 0.0 78.2494079122268 21.609172348637838 26.3606001094225 44.739967682012 32.30183668834661 40.732158726507784 83.75212753186031 13.169176339635934 4.930213424059078 28.18060698495218 38.800815888944655 61.06476603237478 67.900033663955 17.565603078181066 51.35662329268113 24.075073454471813 128.55075427529468 96.65198158893355 67.47393943793807 46.46156800081935 46.46977447105778 121.87615057277173 87.6668772954103 53.96310151471263 23.09547422629154 23.444299707824293 121.46013199917009 87.0929399999559 53.03440686430871 20.855886608554677 21.263567015948066 127.3640647830899 95.08263664652294 65.22755708754067 43.16693451456899 43.208308086644195 138.78341299426754 109.78151173261091 85.07579377443034 69.41589753578981 69.23878070460319
24.903641995410286 56.49028968123357 30.696710493878303 93.03233280139095 8.21879433895165 18.504638177552778 42.943665455055665 47.624876862283635 78.2494079122268 55.21812777197353 23.349756980229692 84.77004541706043 54.866638930503804 51.03874050103237 77.79087280485382 55.51362718371847 44.541277421885646 96.46769332483414 35.269054709867554 54.29016601630424 29.190544421721555 24.75890071663829 48.584910593070944 78.2494079122268 0.0 56.75986785328922 84.83071923292025 48.34676727183212 52.79933121804204 38.16358450119675 18.11728932630113 91.28825019413782 81.3611717887587 56.51049144682974 39.473550207904296 17.48268180102797 27.43630737597624 95.62027547631274 29.832137480181263 54.3308149950259 88.41555222376974 74.98130890329985 76.30092675823683 91.73992638304155 115.78145226213842 66.53215336600313 47.56613512457217 49.93356330299915 71.5471734715044 100.69483140915368 51.353801633236834 22.12794898423636 27.146414187129306 58.129665172629444 91.73895920318398 49.49210505960856 17.424834924388932 23.508156436460983 56.53754596657406 90.74804089746027 62.15548811494285 41.28539804742114 44.05097240471249 67.61151482061211 97.96412808153204
34.04402711371671 8.945720221337728 35.209331709656645 36.46052905310871 55.2185712778345 39.55850730109713 34.91053095406385 54.4009336143033 21.609172348637838 8.099814156413334 54.89898043622238 28.37848109671256 9.955928775643931 6.431833999522676 21.070381122003912 71.12192588692471 69.64377611475972 40.636919308663074 22.838329429233546 24.215972657867493 31.737162657687087 39.85272104350268 56.0340059203165 21.609172348637838 56.75986785328922 0.0 34.12343835318792 27.91883258035758 19.195401290680483 19.150137555502077 63.45780124893228 34.53955793461643 24.619323972358927 17.18439694657168 17.291608444581406 39.48663421433802 47.35048271419816 39.14732995559776 31.303697785744426 2.46894118052576 115.10425459012416 85.9377690722618 62.581222875573566 53.31338797255128 64.52149870575734 104.89488617902728 71.83242500998405 41.37268388647855 25.658180263124162 44.719425424326445 101.66331164593511 67.07105089705189 32.503494091397805 3.0467546612221565 36.8367021580951 106.0495311190508 73.49301965139556 44.167654641205495 29.919498462371294 47.26952456781985 117.20114023266031 88.7014069030599 66.29148630080726 57.58447692069587 68.06006219549631
59.95557109613547 29.5794856464658 68.72473041561048 21.944409657364766 85.39311525358926 66.3377949596087 68.95220847314225 88.35937371360995 26.3606001094225 31.087756990333947 87.8161982068602 29.214362355680638 30.810113282334505 40.294586988903085 25.27147802081262 105.10029194803329 81.13398740698338 37.55736188567126 55.32777718905455 32.34013043512818 55.89963128613347 72.67732343816478 63.268758060117825 26.3606001094225 84.83071923292025 34.12343835318792 0.0 39.411585046557924 52.16431815238103 47.80224075475515 95.0647733099439 26.468095089516037 22.359213749189006 48.95746245505382 48.33306539069807 67.59981228869445 66.25760406663467 32.72589948928181 64.20227661491047 35.6446205968541 149.1260531031375 119.13719796677532 92.4312282703403 72.71973445709762 66.539878283584 138.7105465103596 105.94006191846542 74.83850874371107 48.71481017035992 39.24649967945308 133.4451674092552 99.01252855219988 64.76264947546098 31.301319067573846 12.65686514296008 133.93899009066646 99.67098917905065 65.75567236141887 33.289039609215244 16.951731926140337 140.13111434541014 107.77645845173663 77.3926219752963 52.51940621512753 43.83805739902973
24.378771651050513 20.20687665221048 43.63397137655246 54.254383732955475 51.032051785100315 30.444554865179985 50.80706684880939 68.76597863843148 44.739967682012 20.29161829644779 58.207016954363134 51.623584677474035 18.532696114451177 27.987537915577565 43.71585945901632 84.15398889089926 44.11486295183009 64.10797352965372 30.727170314353266 7.115328166145157 19.723826527314177 44.62263102514663 28.563946923443122 44.739967682012 48.34676727183212 27.91883258035758 39.411585046557924 0.0 42.29564766143951 20.43857191540489 62.104960461895864 55.1114220957449 45.30845503946142 42.386437050795095 24.262637662752937 32.80558048315221 26.860665551114632 61.13040960880592 37.99801356403545 26.339228095094604 126.06749645181338 101.92405318707486 85.31551939616884 81.01659929190095 90.79299065425536 109.93370821726631 81.33830061812851 59.50812828215966 53.49125869405158 67.64770079536052 99.29099586429213 66.4053378353974 36.816814633368615 26.384250988859353 49.311474066390915 95.9843018507356 61.39941893649812 26.863458053748186 8.261743180155278 42.540824052296315 100.73882181559675 68.5318551654695 40.49390678897394 31.26874102323762 52.062925455367825
36.598136902533106 27.424957060031698 23.959343295871854 48.763019248878734 48.59635646439826 39.78277282445614 17.95720766706368 36.584519038930736 32.30183668834661 26.14649373213149 43.29725511865161 36.99313462672819 27.759971317863812 15.114417629890685 32.4917830288217 53.263954705424304 77.75934043912595 46.58852940917226 19.0307169051429 40.84848068088004 36.74321876047332 30.049493711177345 67.564152898079 32.30183668834661 52.79933121804204 19.195401290680483 52.16431815238103 42.29564766143951 0.0 24.563538515067336 53.89377356673748 44.82941679248674 36.911739706444095 4.3130038148915695 20.25698610703771 38.08755164214212 53.27029527936783 47.20658938214691 23.03837640701468 18.858225482952083 97.26995252023404 67.05417637455446 43.88514273780571 41.83746186846618 63.00527721354234 89.57452450117566 55.42227149466095 22.68287468072035 18.76830621381959 50.841299360807454 90.38722447403323 56.71453963811307 25.653006533840976 22.23653664221553 52.20823171893114 99.49974882173701 70.22098499161856 48.54471447757467 46.65841540510877 66.27399193107868 114.95453612985798 90.63593600567889 74.89961701875801 73.48322652992283 87.08828136386182
14.922083640836666 18.535753243195035 23.81340045233705 54.94131061613449 37.72007977949443 20.459885812264325 30.396940684691096 48.44258209531571 40.732158726507784 17.17305318740883 40.8105002313746 47.52861652014701 17.07135835388872 14.533134973273379 40.14189528454398 64.13010303816296 53.5710484839035 59.74163695941975 10.334244450892724 22.273828559740824 13.183714991316199 26.033621359316562 43.086732183124035 40.732158726507784 38.16358450119675 19.150137555502077 47.80224075475515 20.43857191540489 24.563538515067336 0.0 47.284678503421475 53.523026113248626 43.4528198425638 26.11314455970968 4.364508219657009 20.69614452568434 29.65268111099429 58.287492431610005 18.32851564853201 16.68180652526715 106.76379235153473 81.58417245764848 65.63704861209469 65.99425902181181 82.44414724865021 92.59683908996183 62.109560034857424 39.18991816912073 40.11148619985689 63.85015555879514 85.64702472558336 51.2856574571445 17.885124766520075 20.10944866672409 53.700608694012296 87.64869057312445 54.533579573403834 25.697785625775627 27.2339423202308 56.72605737914878 98.05506157929511 69.91892187808283 50.57000663158604 51.19379752205749 71.267760162626
37.732871824694215 65.58670599949363 29.976085734199078 99.65367740038052 11.560117648640272 31.919600903736256 39.08342865978123 36.0590030617445 83.75212753186031 64.12768898941218 11.836087771908835 89.60362568602497 64.26504268519267 57.124910163333986 83.54703553147357 39.80027092791393 62.48610181408113 100.21492338992579 40.62222472367193 67.07868950862041 42.39393469047014 24.14710863854409 66.36964566990412 83.75212753186031 18.11728932630113 63.45780124893228 95.0647733099439 62.104960461895864 53.89377356673748 47.284678503421475 0.0 96.89980461287716 87.58570499905481 58.11525202690634 46.963005961129014 29.306328651911965 44.865086138438365 100.28465519817449 32.40160547295815 61.252457251537066 70.2999101239116 58.77616522946934 66.04532271538413 87.54495144391592 115.58996154120553 49.04508209349499 30.679899972926663 43.265790682170795 72.09325364002082 104.48819068633934 38.400295603078355 4.354312489602005 30.95467152058267 65.51547647291447 100.10603349864395 46.36397610276417 26.225972749208378 40.25948570315757 70.34693957278778 103.30246270410201 66.56191362104033 54.2931197887798 62.12724156095044 84.65602286369449 113.4384725033692
68.23939209095694 36.87900287169344 67.34831286953765 6.070544000972533 89.4270591964841 73.98280295407795 62.705625247658375 80.2404148886874 13.169176339635934 37.695125422257156 87.28048762704393 8.039593238037593 38.75888173729074 40.353432686831574 13.510900508832709 96.39274697970498 99.22171889918864 11.09632101898214 56.75533922550082 48.519010494203336 65.41166422812682 72.80550117392578 82.8446530679385 13.169176339635934 91.28825019413782 34.53955793461643 26.468095089516037 55.1114220957449 44.82941679248674 53.523026113248626 96.89980461287716 0.0 10.178022673673386 40.58694007153866 51.815049230954465 74.0205555867608 79.69374791977903 6.510383548848128 64.51169120417691 36.98470879724402 139.68749814213658 106.98267159250852 75.97901035380728 49.95148765332414 40.15364660140029 134.24690719879172 99.843088127528 65.64985741811248 32.342181267540134 13.30341975999217 134.5236081277952 100.21141107483021 66.20349418763027 33.441416583305255 15.76718145678416 140.48380695167577 108.01084093837869 77.40673344513584 52.077652452037434 42.74552921851233 151.45769863831225 121.82197316572125 95.58509262288472 76.3359996294979 70.09006971217539
58.11008646428677 26.72050234697454 58.380123562116474 12.10787581007262 79.75529144437223 63.90443887487273 54.856740351096946 73.18417517592661 4.930213424059078 27.519191050612303 78.33306171389785 7.433936192311373 28.60349145713638 30.641623025822284 4.442701003979692 89.66304234310101 89.4092458589223 19.027890756388437 47.16288518426525 38.90468172088367 55.24094668108313 63.61119994568905 73.35699168010956 4.930213424059078 81.3611717887587 24.619323972358927 22.359213749189006 45.30845503946142 36.911739706444095 43.4528198425638 87.58570499905481 10.178022673673386 0.0 32.86055584895345 41.90771107840093 64.02582866205186 69.55561100997835 15.834631083309828 55.1954404040654 27.033202282125323 133.4124787773059 101.57641994611711 72.32884838888499 50.39810667204921 47.36337858247059 126.44695547015505 92.32748827265378 58.777084575928576 27.92801979226205 22.361818926873635 125.48781925846983 91.02169224098691 56.72351158239079 23.345614273562617 16.350268412987987 130.66745607808434 97.97720647014896 67.2302707398544 42.838219237619334 39.30832175884912 141.31217293051645 111.66039105012325 85.80051286173509 68.1922683013581 65.82868127117176
39.13539641180519 25.906979646896744 28.150747003372423 44.622545842163206 52.57115730402077 42.77310461485085 22.12983533092137 40.39596667785389 28.18060698495218 24.780985118163308 47.58856739339082 32.72010351161828 26.5196018439982 14.463994981258157 28.424921699145646 56.992714539547656 79.66032877898316 42.28654208095473 22.037981985414877 40.22418147389021 38.832047405259694 34.183176907861565 68.63410613192302 28.18060698495218 56.51049144682974 17.18439694657168 48.95746245505382 42.386437050795095 4.3130038148915695 26.11314455970968 58.11525202690634 40.58694007153866 32.86055584895345 0.0 21.992466844243392 41.30398640757937 55.44003229573284 42.897451785564876 26.909989677845157 17.38390142050585 100.92879731282012 70.1893393631223 45.40143049143729 39.88560791998225 59.2896183644297 93.73306048658371 59.486824666305694 26.19790360150853 15.12713326931181 46.54226393709994 94.69642478393646 60.979833607355694 29.402653425616148 20.13307309080202 48.38402543861697 103.59145933132858 73.93312126908354 50.9493596371494 46.0476158780597 63.5589762553456 118.64703261256577 93.70848865723828 76.68242320459338 73.30660200177722 85.21896768030653
