0.0 60.409679541682046 56.39713353222725 12.345797493234189 37.91617067289626 21.74385814217465 45.332971743422085 31.286455120825902 40.61788909296065 28.35761182755303 18.91213255407703 17.076482704366605 27.208473561794897 21.02129158384959 30.545541775362008 44.25972575442475 43.46213816655623 63.63828095830496 25.286946910036153 34.4169016598617 36.17704278048526 61.97946906184433 48.33983270525507 17.209626448462846 22.321560303525604 15.960330578554606 69.25591717109913 36.9337309808869 29.507122122114534 10.000377216468358 35.66001164327881 30.277217890530732 16.167232227792557 46.890065341295916 38.141837829659465 26.759700930244033 30.17748929116206 56.98350664150788 46.65891218898454 39.30215058488318 117.87459285846526 95.29346457682784 81.62106747336199 81.47320073394903 94.91309571452483 100.73471521579836 73.26895313618664 54.62597962577603 54.72163484454963 73.4827769182742 89.36289511788421 56.801835787653694 29.3600600881964 29.87341230458424 57.599231347785526 86.07715083734888 51.529550126665676 17.20951216236295 18.21796404959659 52.55925467502447 91.75054474252819 60.45585371956535 35.86771224392833 36.234100774895644 61.10779067363266
60.409679541682046 0.0 11.918143134419957 61.98439502318286 48.28490514987353 52.37866385452812 25.050630827805612 32.343411052440445 21.328733983968284 62.77078064079548 48.21645834076635 43.38286448784254 42.56725954002028 39.401103266968356 31.501643609424253 20.217597131076488 63.62154558632023 13.084464874216048 49.76883362090381 93.79037816399237 46.06108624559614 1.8949748702483213 34.85206674485643 49.246005033219525 46.53175658705839 53.2023253502148 39.94627796721738 25.753688281619574 32.54606241767389 50.56195154828911 25.76818839480305 52.94287180729164 45.38059483774018 37.76200570241638 49.972687525483536 38.980655753183484 30.23272733863019 9.435174185642722 56.186517088770984 60.604955992519 74.88382404908378 42.826379937325456 21.34141808797805 38.36220831421587 69.8763731218223 72.08900855185384 37.777106677680464 7.228273761161388 32.74507003947116 66.98570593715226 79.85947143603907 50.96052165293294 34.80294665135367 47.1205492731223 74.99518632189007 95.65380121212348 73.10011403690936 62.70869892773885 70.11356811918422 91.07261504449346 116.24547397366844 98.32043533910746 90.63938929356128 95.70153018831378 111.78890808303416
56.39713353222725 11.918143134419957 0.0 60.302594193679184 52.41339227805438 44.61660458972905 14.712768207528953 33.05782933022154 15.852941245838645 64.18458796486762 41.480224570827446 40.11817110054471 34.56115643748696 36.17924961340131 31.25513725515529 24.460359421382293 52.95419381160156 24.736378354624616 50.98392548370244 88.15468885144969 49.84413955353022 11.75591149274311 23.312681303941407 48.343742177615326 39.1881007710709 46.53426357824432 29.011334128693232 19.518421003410857 26.966926218906803 47.138121443385856 25.886882467819444 43.69366769532708 40.4266837831539 26.35543353522532 39.59514264735458 31.856557176755935 27.34345906934803 19.332571189110343 61.63376104437213 50.277840273400685 68.91844077881831 40.1584631724123 29.504084393517232 50.230647757040956 81.05913334524105 62.52295507505619 27.92471595934974 6.731568638859259 41.300032398359775 75.90076245142731 68.29310740605465 39.08563799867312 28.040425858974334 49.393154111168826 80.54776017752766 83.75078622732195 62.09952757450142 55.617468563507785 68.73898928159942 93.54992698094281 104.68869426383775 88.12291998648395 83.46432413449439 92.52921612438207 112.03453184127875
12.345797493234189 61.98439502318286 60.302594193679184 0.0 29.2855173145396 33.01046294130452 51.53073646163333 30.073828392258537 44.60239607750473 16.351428842254904 28.90151000792303 20.69246848281395 36.383293832261565 24.367319636617847 30.504768026274693 43.415233262827286 55.481914650136574 62.64411550805102 17.30053730303357 39.65380184061679 28.23975383196263 63.732008255117556 56.600308817970934 12.931190678911655 32.174039794593426 27.208904563245014 77.25516789354188 41.75682855914616 34.88654813404626 14.822786227576325 36.22080516686433 41.6372679494053 23.47964752866886 55.6685066423226 48.96886808169987 34.606935540735506 32.96034970054246 56.80657958848023 36.467228469704004 51.229359665455384 125.29905909785649 100.26588353767197 82.47047090248488 77.09894760891763 86.49771590711795 110.03093273337764 80.58057641060311 57.22289072729172 49.502484233172886 63.41403205328899 100.46757807103243 67.07207175368359 36.03382750805243 22.204864115584545 45.6346426077565 98.28913377119159 63.79390717988538 29.553764772390554 8.487701358652876 40.810669924390176 103.96100081313668 72.15437135104322 44.71519418239855 34.459767090103085 52.633964097812424
37.91617067289626 48.28490514987353 52.41339227805438 29.2855173145396 0.0 50.112491099964075 51.05406995205598 21.42038738061639 40.647265330773095 18.694555749743905 43.995424690354604 29.75124130308648 47.198663665197216 29.753698529595408 24.216327664538145 28.41202167307178 72.7219878922202 43.14031719864756 12.633458863335242 68.9198306451353 2.8452263923140793 50.17477828270362 60.512623335866515 21.180651763380965 45.87249719912908 45.719006731990014 77.82902742056424 40.71626097357559 37.82750243052105 31.47776195430591 27.73509746857894 57.4092009858975 36.22761058901892 61.17555450509973 61.754727568686484 42.99437513271957 31.29749031546054 39.98615652446727 10.829661306151817 68.29008272698695 121.32970769237025 90.93710706104268 64.90779640354154 50.51031331008675 57.3093935720593 112.50095416198855 78.89302104355897 46.76106695992371 23.322318266084476 36.00150285420751 110.3036558539437 75.75646930666836 41.30426935624865 8.23993752955811 28.71592506142139 115.1182933969423 82.5493002396399 52.64395144675112 33.51443624906732 43.24213697187115 126.14427203737017 97.21152131008485 73.36596458912425 60.9083904297319 66.57237918651013
21.74385814217465 52.37866385452812 44.61660458972905 33.01046294130452 50.112491099964075 0.0 30.6465629458972 33.8365779957525 31.097807167247293 47.094759486538095 6.238614907698307 20.40447843423558 10.056328778790892 21.37786507665662 31.46120435612624 42.80582224633296 23.18350725592465 59.832851371614375 39.03492818122566 44.94222265394249 47.58937121657231 53.481194294823865 29.60274765022853 30.272155374947573 6.03051329936629 5.826729306564254 50.029510930970034 26.657789112976932 20.67672128413843 20.160405991080495 33.819672789470864 8.627479194968105 13.91463649801708 27.407849492243283 16.45814980453196 13.46359816978253 26.269637764683765 52.43367810209794 60.55555182064265 18.759019857349177 98.65284769946052 79.7245649282049 73.3101429049913 82.38626559997593 102.93379120483671 79.73186353791715 54.87976178057561 45.40066706661101 59.206984508655054 85.70021928830761 67.64666135135363 35.3135320177311 17.688098890792475 42.113426462925425 75.02706899323923 66.2509493842937 32.58648887647545 11.376395701182824 39.89758965026285 73.81778308454447 76.13496730242161 49.56107349078069 38.87019071615633 54.40871629317042 82.48969664278678
45.332971743422085 25.050630827805612 14.712768207528953 51.53073646163333 51.05406995205598 30.6465629458972 0.0 29.701716592665534 10.688002770561699 58.78838543727452 28.411213291057116 30.855830645990935 20.68590294198049 27.40644040931278 27.05169861674012 27.36814978481903 38.59238421418069 36.179931980379585 46.11861255603196 75.10859218088235 48.24182355011897 25.533098263744378 11.156350803233048 41.147784035003724 25.681234664576216 33.34639481783165 27.083529640120823 10.645210786877605 16.657097253125823 37.142169604751 23.50646799447964 29.031984059346232 29.21101566216016 13.440680714112284 25.03020034135928 18.962190161076393 20.623103224832338 29.26925947590034 61.42849205964765 35.70793111492956 73.88713095620001 50.09454991641312 44.20901959346319 61.59730974158932 89.6037800130117 61.60734693178767 29.341064761101432 17.921518967845774 46.650975106603745 80.16418146578064 61.05976545810858 28.184119371391176 15.976400948292062 45.9455913595175 79.75964216962902 72.51069742854983 48.06045415490751 41.91222777850586 59.98569823797976 88.51414983041893 91.56362114756321 73.5336609057543 69.46411249800502 81.47446001655355 104.14256293223927
31.286455120825902 32.343411052440445 33.05782933022154 30.073828392258537 21.42038738061639 33.8365779957525 29.701716592665534 0.0 19.519806530615977 31.157765461867058 27.6891842293963 15.425685683135523 28.133484342349877 12.765004841451313 2.9126644758139446 13.391636481606502 54.48877667035373 32.79272390787619 17.949955248670943 65.70092288299449 18.58766601365835 34.16394947676577 39.126874366389956 17.154029831487257 28.400608349899514 31.17073210211749 56.64041824765315 19.29645083917649 17.105384756746577 21.48513242399331 7.170967802627977 39.50155572231671 20.84853759492196 39.911863609668785 42.22262559537868 23.49318256066222 10.132575185135206 26.73647742052361 32.00879691354081 50.209572301146764 101.48920686360152 72.98747221345019 52.431777247963396 50.65391995483261 69.11842102091366 91.26876974311726 58.09651730350683 28.55290387492986 25.49857488797192 53.665000956768125 89.12913744643413 54.706190977776366 20.8898285582857 16.57878040338363 50.08173717739495 95.61446356266315 64.6519844179247 40.155484624526586 37.945714010260474 60.51546817277425 109.19838477636387 83.28548745006768 65.90473875223876 64.38302377460984 79.63472798365078
40.61788909296065 21.328733983968284 15.852941245838645 44.60239607750473 40.647265330773095 31.097807167247293 10.688002770561699 19.519806530615977 0.0 49.77592618282038 26.919680322465712 24.274548370002837 21.44404826840858 20.355745976646112 17.091075698970453 17.091075698970492 44.80934819107215 29.520666936369167 36.76012899424948 72.99986917993206 37.86394034679605 22.53742176785177 21.387696016664417 33.007362595804494 25.212292108392624 31.93280575760077 37.18711104542977 4.440052731004672 11.465784804825592 31.286045673906507 12.940060781883076 32.428160888968044 24.808129038678473 23.078636897516848 31.07518674867084 17.663562908658367 11.787278988362855 22.122165085473437 50.88402853722931 41.24453459886982 82.38000968994133 55.66640900480014 42.49530707295863 53.92376185108972 80.02819501868379 71.85453989528281 38.60399626306241 14.570944319509 36.45828542685777 69.57694302816815 71.63629996931431 38.200009454560494 13.474896760705057 36.03825515320854 69.3598565282389 81.8078327268774 54.82396788773389 41.39606459814623 53.06996913201825 79.46086982262351 99.22334285578147 78.29086832652543 69.34268719804521 76.6949566939067 96.69841987139336
28.35761182755303 62.77078064079548 64.18458796486762 16.351428842254904 18.694555749743905 47.094759486538095 58.78838543727452 31.157765461867058 49.77592618282038 0.0 41.96708928664222 29.818195430268574 48.062948091204184 32.162042105226085 32.98065100990447 42.634120675451555 70.17966391372036 59.98818032426998 13.20788409007233 53.4048689485746 19.235251095779685 64.64769275968762 66.09493383530307 18.30529326322823 44.85123690539489 41.55516943936766 85.72690375438076 48.204628763972266 42.76332227609049 27.0367879567909 38.31822721256163 55.53795937842367 34.99243719137245 65.84394699952858 61.962310647088096 45.07912484490337 38.282652973772834 55.63336330438936 22.113340998551127 65.79971018233326 132.15408819877516 104.13841512414604 81.36140266716731 69.20482678038876 73.1689833429592 119.76599689539451 88.04942731842942 59.63497875217799 41.890107814629786 48.45671240948061 113.12364141253516 78.86692882830445 45.14285762618682 15.830781475481604 29.295061107107795 113.24303284140198 79.03651152630789 45.43573726917166 16.640092791799557 29.73599763078939 120.10400153101308 88.50442465919276 60.29854922634686 42.820751381004435 49.2558454902895
18.91213255407703 48.21645834076635 41.480224570827446 28.90151000792303 43.995424690354604 6.238614907698307 28.411213291057116 27.6891842293963 26.919680322465712 41.96708928664222 0.0 14.247334192041121 8.46371184112487 15.150848733138172 25.387204438044417 37.187069634346976 28.918756352463 54.80768939459108 33.176992202004996 46.78238019790678 41.44028114372138 49.45682591431132 29.68350211977621 24.575692534494777 3.409600600122468 5.058104237106211 50.56829613528602 22.550817594387954 15.791312963525597 14.950498589370138 28.086132820111935 13.745701821835505 7.770132417007914 28.051352697179723 20.1623767345601 9.632659311320912 20.61004250861789 47.47406514192785 54.51127140462814 24.468596531266066 99.27307425695183 78.35330815609109 69.41252224038107 76.75750978219253 96.74756891300935 81.84384712155722 54.87720052479221 41.46588476384305 53.1239371424712 79.49658125905802 71.64967036815638 38.22484685122866 13.544497189198538 36.06409191752418 69.373156782309 71.84018763217345 38.57752098190386 14.501310215399805 36.43077239971479 69.56266717208148 82.34333995374321 55.61262634900474 42.42548570684927 53.86927249622493 79.99183867421395
17.076482704366605 43.38286448784254 40.11817110054471 20.69246848281395 29.75124130308648 20.40447843423558 30.855830645990935 15.425685683135523 24.274548370002837 29.818195430268574 14.247334192041121 0.0 18.493971550046467 4.005083652083981 14.011599319320409 27.58642938813404 43.03507236673565 46.79036578499905 19.365882105495654 51.15644756177651 27.194515308526228 44.98206616942842 36.65900902888801 11.533299541826718 16.249174202266616 16.51484041459483 56.95104324739887 21.135814237940743 14.200929382991895 7.184719128058467 18.71590487062747 27.739620894581204 6.490493572058081 36.15985298219991 32.86977400889346 15.26095796060547 13.19386284882954 39.995687993150916 40.311350636157464 38.59183634571031 104.69396599181567 79.79161465489112 64.55504317280739 66.05135885209272 83.38457285721047 90.39020015193051 60.01585953184726 37.792178373629795 40.6131054791137 65.31026080635289 83.4652281319419 49.0817861531824 15.698807300531913 21.8800540025975 55.730372055787086 85.72667890911138 52.802701175222474 24.940590630968906 29.168251675925987 58.943929168377664 96.5309478808652 68.84179103485668 50.54669772817175 52.588527976954474 73.28673866034826
27.208473561794897 42.56725954002028 34.56115643748696 36.383293832261565 47.198663665197216 10.056328778790892 20.68590294198049 28.133484342349877 21.44404826840858 48.062948091204184 8.46371184112487 18.493971550046467 0.0 17.47909522259633 25.38778307385009 34.81481532917436 26.371107174588047 50.68239090011435 37.78173290784889 54.51785008179708 44.462125752315735 43.602792485067894 21.22474037700966 29.933557616654312 5.229169394382556 12.966810173871107 42.122124410919824 17.035085359448825 12.226580305128671 21.744278723554235 26.345343856912887 11.766009315288413 13.180456892729012 19.682655307469354 14.56877200328555 4.740031749155335 18.948131236201522 43.25262827524408 57.98687472775206 22.145679389737708 90.8173407344306 70.23834089603471 63.35483782744248 74.08793566923116 96.74184584472462 73.77889657268821 46.41890629648561 35.509634456423996 52.55457555817022 81.5957270940856 65.0640474823771 30.916519392329207 8.554849582353294 39.816995302500466 74.11109337979684 67.95493052279899 36.56285219405217 21.228699659829054 44.26419736628918 76.56909688733501 81.22149060534844 57.42583039331253 48.92166344573302 62.31965990262925 88.14169594420595
21.02129158384959 39.401103266968356 36.17924961340131 24.367319636617847 29.753698529595408 21.37786507665662 27.40644040931278 12.765004841451313 20.355745976646112 32.162042105226085 15.150848733138172 4.005083652083981 17.47909522259633 0.0 10.854150449751442 24.083366297021737 43.146075564562146 43.10340682007608 20.665410050069 54.928604531536955 27.0468280382897 40.990993584523686 33.93911197927075 13.977487622451854 16.384894931142686 18.407849615041783 53.87516574360453 17.39361880858412 10.822956786475759 11.185154829282206 15.0430517014356 27.86856174163089 8.087011900539698 33.71970294472166 32.04785399915222 13.52928108949532 9.192285387925752 36.20850250200498 40.52020062512648 38.74852122078423 101.29348714639652 75.95382851430138 60.600190612816355 63.0124404279855 81.63049494471828 87.64784081952047 56.696088202759114 33.787334097022985 38.25645807422533 64.6557370574115 81.79877741707338 47.24879529651742 12.988899358608052 22.356845387049116 56.796124377536316 85.36460157726904 53.13235496673345 27.45581536145532 32.85481945223288 61.6433227243869 97.31564901656517 70.61308648765213 53.82268230631987 56.5893540043047 76.82857249151137
30.545541775362008 31.501643609424253 31.25513725515529 30.504768026274693 24.216327664538145 31.46120435612624 27.05169861674012 2.9126644758139446 17.091075698970453 32.98065100990447 25.387204438044417 14.011599319320409 25.38778307385009 10.854150449751442 0.0 13.714356581073867 51.757984443942526 33.11747803685479 19.82412988723397 64.91823835782863 21.375376547856302 33.271107295483276 36.29826633560676 17.75298179776245 25.89381868443839 29.11052545085205 54.06706078526341 16.54982432135561 14.204303689925933 20.585808978746137 5.743274605154101 36.853036450618255 18.889376429375492 37.03566691778418 39.38185223698518 20.71410244690526 7.221712805588693 26.66862901957499 34.859544509223696 47.50479763702145 99.33183645652804 71.34598462460227 52.04317645990376 52.16839864218441 71.61981795988756 88.6549904189703 55.69189232131099 27.171895237602552 27.746754545718666 56.53581485551485 86.24333498651501 51.8041341964683 18.007703695417856 18.96681436679955 52.82098337188935 92.74402614616501 61.93963081558429 38.29376668883306 38.61526241379416 62.53555498888164 106.53762433176388 80.99425483251271 64.53411216858407 64.52915893292615 80.98241459406387
44.25972575442475 20.217597131076488 24.460359421382293 43.415233262827286 28.41202167307178 42.80582224633296 27.36814978481903 13.391636481606502 17.091075698970492 42.634120675451555 37.187069634346976 27.58642938813404 34.81481532917436 24.083366297021737 13.714356581073867 0.0 60.39631105885513 19.447816823650577 29.776437197042593 78.62638397048438 26.036359187218174 22.108739832310356 38.37932403820132 30.484043867162647 36.849357152488864 41.50890500531979 51.94055895033558 19.852465334378692 22.598002583638298 34.296490856990246 9.182623643973944 46.56348556376021 31.749972482669595 40.167564218571485 46.97838681860897 30.16873866396945 16.579054833730574 13.432947604350685 37.209473099054755 56.47883338012326 93.16455998800944 62.56181180723793 39.28301254885633 39.58736633402962 63.1347273032171 86.33498334033911 51.95516815377753 18.433744213382404 19.368005367476783 52.96498481504084 88.3920732108975 55.27626882861611 26.31766622627438 26.918759010411847 56.13791934869014 98.78209574599863 70.58568581973987 51.00573148140465 51.14332062906931 70.88372765085535 115.27293497689568 92.08609181210593 77.88830619445233 77.76933425663701 91.78393994532806
43.46213816655623 63.62154558632023 52.95419381160156 55.481914650136574 72.7219878922202 23.18350725592465 38.59238421418069 54.48877667035373 44.80934819107215 70.17966391372036 28.918756352463 43.03507236673565 26.371107174588047 43.146075564562146 51.757984443942526 60.39631105885513 0.0 74.02989213114037 62.09183100673612 54.89651740024792 70.09008490769875 64.12261872661854 30.4588917298705 53.414964661974075 26.85075772464248 28.62518609982562 44.39936633991904 40.97405227376806 38.24101338840433 43.336785601551284 52.4327901931872 15.312896715619564 36.64007882095551 27.231699885061783 13.77862355578809 31.072181450259006 45.21530571779419 66.74932658969205 83.34369954917997 4.450168256539351 89.3665626055801 78.60536298046647 82.25544413807177 98.73118815462703 122.98158950828245 65.87067482996595 50.644242842683546 56.440572302014296 78.74669776102013 107.75598336570505 47.91035366521023 23.238957426036386 34.34445179451028 64.9143949268228 98.19908879882853 43.079781389816645 10.224886807676997 27.351100077202116 61.53430474295818 96.0193327643166 54.95787102237293 35.47339484818725 43.48777843394707 70.13446357076933 101.6923304043857
63.63828095830496 13.084464874216048 24.736378354624616 62.64411550805102 43.14031719864756 59.832851371614375 36.179931980379585 32.79272390787619 29.520666936369167 59.98818032426998 54.80768939459108 46.79036578499905 50.68239090011435 43.10340682007608 33.11747803685479 19.447816823650577 74.02989213114037 0.0 47.88879087389691 97.93685122519275 41.47690257353235 14.025266459285001 46.766055097298306 49.73862552237309 53.807834846795934 59.502479085416404 53.01717225470008 33.76569250302898 39.1721589151156 53.64989515616953 28.080107723743467 61.92695389884898 50.351221579329675 49.46165808328922 60.25157624093184 46.46895693093399 34.68824132657331 7.4301779429402375 49.08650468279006 70.63772095349817 85.42770853078197 51.85835384344383 21.806733975461157 25.624748484737285 56.85570444582725 84.69193465002998 50.648488663608504 18.77942290721723 23.128245875669048 55.78545062625825 92.91827296849661 63.34765789274855 42.27138141485025 44.222587337162764 67.22520652750144 108.07892830982838 83.85806360144758 69.12351224197782 70.13351615051222 86.33727618915506 127.72743358734841 107.8092913056028 96.57155506369493 97.07709905874754 109.16289220412315
25.286946910036153 49.76883362090381 50.98392548370244 17.30053730303357 12.633458863335242 39.03492818122566 46.11861255603196 17.949955248670943 36.76012899424948 13.20788409007233 33.176992202004996 19.365882105495654 37.78173290784889 20.665410050069 19.82412988723397 29.776437197042593 62.09183100673612 47.88879087389691 0.0 56.85317020911398 11.101910398304309 51.63371059862869 54.10081957248571 8.951709381150879 35.52252919084064 34.16927938075216 73.17780393797916 35.477945089836865 30.65113122980899 19.45490231013834 25.11110437493909 46.890747633834856 25.51875106381419 54.16577962004133 52.22916284965712 34.148409166215124 25.49936204037641 43.011205160087236 21.91701298261398 57.6421207014339 119.11818600618733 90.93357377618392 68.87285981131708 60.10665667390728 69.83504073369615 107.49270674754834 75.22416823095449 46.448926185108945 32.42165599964248 48.37001745184964 102.46187232871421 67.9127357957594 33.476828836735656 4.910238102100949 36.364499048314784 104.97839118661813 71.61960352539283 40.411837352951125 23.058828760599678 42.72173411690254 114.54577288120929 84.91365922029767 60.78428065565192 50.733931886259235 62.031755836694025
34.4169016598617 93.79037816399237 88.15468885144969 39.65380184061679 68.9198306451353 44.94222265394249 75.10859218088235 65.70092288299449 72.99986917993206 53.4048689485746 46.78238019790678 51.15644756177651 54.51785008179708 54.928604531536955 64.91823835782863 78.62638397048438 54.89651740024792 97.93685122519275 56.85317020911398 0.0 67.87763301455358 95.22973261475555 74.36720023344515 50.507300531249896 49.431521705682805 41.7809650049177 94.18366038361009 68.84000496604905 61.53413271445097 44.332587756363125 69.8717309364088 50.05225392567548 48.41004851254914 71.92245312580027 58.29872150763031 56.40007143985524 63.813227342031276 91.13330365014475 75.28593163915164 52.711720520694946 142.19188684374384 124.6568959074212 115.12927205949312 115.60603553867674 125.9736488360138 120.4766570205828 99.43764754786318 87.49728482642703 88.421785757257 101.8614636805051 101.96493664194927 76.20961670838675 60.11447807732287 61.76068889556421 80.06124114541304 88.68730785302272 57.4434999771462 33.599239707257595 36.78176494477708 63.0216126438004 83.18978632534147 48.61624990189492 14.191308496851128 20.835090492892576 55.332296459715714
36.17704278048526 46.06108624559614 49.84413955353022 28.23975383196263 2.8452263923140793 47.58937121657231 48.24182355011897 18.58766601365835 37.86394034679605 19.235251095779685 41.44028114372138 27.194515308526228 44.462125752315735 27.0468280382897 21.375376547856302 26.036359187218174 70.09008490769875 41.47690257353235 11.101910398304309 67.87763301455358 0.0 47.95480294887896 57.66998318964064 19.17880027013694 43.24052693114249 43.3144278156221 75.05038564724792 37.884082600734956 34.992813996302594 29.284249029880197 24.97098774651379 54.778546691040106 33.68281625324479 58.33048618411805 59.00787240181371 40.222731665278765 28.452263923146457 37.96866821606549 13.641642958641022 65.66507442537471 118.76050886898875 88.59804235587957 63.166231454322116 50.250746554052604 58.7801608478805 109.7178815003689 76.17457541277756 44.2940500980261 22.72013040483078 38.279110413332084 107.46191480505243 72.91858980495651 38.48418145228694 6.30853250099716 31.518515509804928 112.40211476213017 79.95814802398655 50.46987807666112 33.10505817466905 45.16098190646067 123.67889083383672 95.03187947879977 71.83613617919518 60.70078312747549 67.84925903590371
61.97946906184433 1.8949748702483213 11.75591149274311 63.732008255117556 50.17477828270362 53.481194294823865 25.533098263744378 34.16394947676577 22.53742176785177 64.64769275968762 49.45682591431132 44.98206616942842 43.602792485067894 40.990993584523686 33.271107295483276 22.108739832310356 64.12261872661854 14.025266459285001 51.63371059862869 95.22973261475555 47.95480294887896 0.0 34.97995378650912 51.02220974322072 47.682071129266895 54.46441346546752 39.05588250216135 26.931673081820865 33.8635786653928 52.165578671689666 27.53137291450242 53.78183750875541 46.82536233862323 37.95842520830591 50.54131327993695 40.13475962505294 31.80704639632004 11.118009321840583 58.038434578245536 61.20243010463987 73.16506291733594 40.97040974505932 19.971707906207346 38.91028601584486 70.88016787525409 70.80627666942574 36.63462823948606 8.094214593182938 34.406246332732856 68.53405297161491 79.15816704242775 50.82399779471177 35.985706537933304 49.007064586975986 76.83256252887114 95.44901586425689 73.49456865523773 63.93092132516955 71.88635384753074 92.96723683635184 116.39099578441515 98.98006367721192 91.87997929683523 97.37297711392841 113.64748669976537
48.33983270525507 34.85206674485643 23.312681303941407 56.600308817970934 60.512623335866515 29.60274765022853 11.156350803233048 39.126874366389956 21.387696016664417 66.09493383530307 29.68350211977621 36.65900902888801 21.22474037700966 33.93911197927075 36.29826633560676 38.37932403820132 30.4588917298705 46.766055097298306 54.10081957248571 74.36720023344515 57.66998318964064 34.97995378650912 0.0 47.89123347648731 26.36783925552474 33.918289774652955 20.916766661671264 19.95613009479072 23.452189897885624 41.7819406093818 33.64220838971904 24.935649330160533 33.171896225316445 3.22736953150638 18.268786189472927 22.008775015035148 29.27123417891251 40.103564208633045 71.1333921433617 28.48261216985576 69.59293974862139 50.77583811275154 52.03847229876226 72.33690518819861 100.75743890135156 53.740042062790806 25.31693616962557 28.08467068002925 57.718251285578106 90.93344087624158 50.33644959259656 17.02835268933979 21.000586705417287 54.6528837076674 89.03765474257882 61.485734764873506 39.05455716957318 40.802577184250346 64.80178382604261 95.54329427834554 81.4133482201604 65.92994379529803 66.78439533913803 83.47650678014934 108.95537002398548
17.209626448462846 49.246005033219525 48.343742177615326 12.931190678911655 21.180651763380965 30.272155374947573 41.147784035003724 17.154029831487257 33.007362595804494 18.30529326322823 24.575692534494777 11.533299541826718 29.933557616654312 13.977487622451854 17.75298179776245 30.484043867162647 53.414964661974075 49.73862552237309 8.951709381150879 50.507300531249896 19.17880027013694 51.02220974322072 47.89123347648731 0.0 27.144731996556718 25.270034800687988 67.82012550248083 30.77833126875388 24.744733631131687 10.503532586585099 23.49583594246906 38.321246413104014 17.116824419402434 47.559835914323656 44.11875826692465 26.787837712500153 21.221994366103612 43.879044778790046 30.85842218464074 48.97136967180637 114.9522287663344 88.48788831638407 69.57708132465669 65.16599191034673 77.76255620269772 101.61664494390801 70.48815681261111 44.78890182930572 37.92543947197806 57.144203093496834 94.97075757620462 60.61428316856877 26.89964047497929 12.959274500389606 44.80120241386532 96.40848785921933 62.82287784379262 31.522673721448896 20.868432270307565 47.66709033734277 105.60010406607528 76.0686042691077 53.0687767129106 47.33887936013798 63.72170640761077
22.321560303525604 46.53175658705839 39.1881007710709 32.174039794593426 45.87249719912908 6.03051329936629 25.681234664576216 28.400608349899514 25.212292108392624 44.85123690539489 3.409600600122468 16.249174202266616 5.229169394382556 16.384894931142686 25.89381868443839 36.849357152488864 26.85075772464248 53.807834846795934 35.52252919084064 49.431521705682805 43.24052693114249 47.682071129266895 26.36783925552474 27.144731996556718 0.0 7.752386120343657 47.22558995100548 20.779137759828096 14.646525259774945 17.957544200558303 27.92807135270833 11.53819829495706 10.036606760830201 24.672002537952935 17.11749590945115 7.551135498734912 20.366571415431597 46.41258750175945 56.51698420307118 22.424898479079392 95.94019273544363 75.4182159181682 67.57261751929376 76.4131835581708 97.50207813380767 78.43733623832512 51.61233578523311 39.62416276609473 53.58300967298748 81.03719613188072 68.50937193751582 34.90486924507771 11.7480853162335 38.11216181281057 71.84641957207548 69.48351546329688 36.76329991382248 16.430784565511573 39.79007795730099 72.74186612752848 80.96717031639008 55.347958784590865 44.33876640489635 57.12505285356613 83.39923808267882
15.960330578554606 53.2023253502148 46.53426357824432 27.208904563245014 45.719006731990014 5.826729306564254 33.34639481783165 31.17073210211749 31.93280575760077 41.55516943936766 5.058104237106211 16.51484041459483 12.966810173871107 18.407849615041783 29.11052545085205 41.50890500531979 28.62518609982562 59.502479085416404 34.16927938075216 41.7809650049177 43.3144278156221 54.46441346546752 33.918289774652955 25.270034800687988 7.752386120343657 0.0 54.670798921594645 27.582427293139702 20.700274316133747 14.883066382405447 32.34043000659672 14.445602452893546 10.3478243300733 32.02766519031975 22.183110346592684 14.680063467534573 25.01481118996089 52.2139859755686 55.936103911995644 24.257689236008666 103.38509785495606 83.16619916808415 74.4278208006208 80.97610718691887 99.84740838413589 85.13023857859622 59.219124154927236 46.49154553390639 56.66422983130618 81.57829413495654 73.46762703870755 40.91733823968639 18.59603720473799 37.5798392237666 69.81062754081714 71.69092192868297 37.66554757162537 9.625555695818923 34.0802264187955 68.0082715907495 80.45781785626019 52.348008872994754 37.44321748283036 49.583283090695275 76.87545975431607
69.25591717109913 39.94627796721738 29.011334128693232 77.25516789354188 77.82902742056424 50.029510930970034 27.083529640120823 56.64041824765315 37.18711104542977 85.72690375438076 50.56829613528602 56.95104324739887 42.122124410919824 53.87516574360453 54.06706078526341 51.94055895033558 44.39936633991904 53.01717225470008 73.17780393797916 94.18366038361009 75.05038564724792 39.05588250216135 20.916766661671264 67.82012550248083 47.22558995100548 54.670798921594645 0.0 37.72579023706195 43.07545681138638 62.47842395229865 50.09819972004621 44.137452306529525 53.94533968456761 22.65652855022417 36.09187999709343 42.79502522387588 47.69771095394962 48.28882708055299 87.96114062948618 44.1799195827418 48.720071569641014 34.67429579760757 49.25240072368086 77.74395113077239 109.80562676543877 34.676535602247206 6.4705984883156 35.722944536285056 70.03743631801773 104.54286108454131 40.48438832644502 21.780434097095906 41.2872136534769 73.0049710874744 106.53479565743035 60.689300865573024 49.998380653638 60.92035906079314 85.54266467263349 115.40628258390024 85.64439447446877 78.21831741970576 85.41652149974738 104.25254528759703 129.75337505132802
36.9337309808869 25.753688281619574 19.518421003410857 41.75682855914616 40.71626097357559 26.657789112976932 10.645210786877605 19.29645083917649 4.440052731004672 48.204628763972266 22.550817594387954 21.135814237940743 17.035085359448825 17.39361880858412 16.54982432135561 19.852465334378692 40.97405227376806 33.76569250302898 35.477945089836865 68.84000496604905 37.884082600734956 26.931673081820865 19.95613009479072 30.77833126875388 20.779137759828096 27.582427293139702 37.72579023706195 0.0 7.449839793220711 27.916956839170766 13.744116656835063 28.167898795685833 20.909493194360632 21.090973469306114 27.342105093056635 13.228634038744424 9.979285253729298 26.342647029621798 51.24803492892359 37.276534992636066 84.17985636731956 58.68638457179457 46.86946203864377 57.8291659251931 82.98487580912054 72.20024508243789 39.84877805194494 18.91618929418699 39.02008079938443 71.28925989715043 70.22731894221315 36.18710964809162 9.054849017084688 35.34581282059404 69.36508836830964 79.01434733240104 51.07693288518798 37.00360191599149 50.24447760791042 77.93956632324505 95.63980719631003 74.06678827977855 64.95827105192433 73.13026922898642 94.18740374118643
29.507122122114534 32.54606241767389 26.966926218906803 34.88654813404626 37.82750243052105 20.67672128413843 16.657097253125823 17.105384756746577 11.465784804825592 42.76332227609049 15.791312963525597 14.200929382991895 12.226580305128671 10.822956786475759 14.204303689925933 22.598002583638298 38.24101338840433 39.1721589151156 30.65113122980899 61.53413271445097 34.992813996302594 33.8635786653928 23.452189897885624 24.744733631131687 14.646525259774945 20.700274316133747 43.07545681138638 7.449839793220711 0.0 20.67957544179497 14.200929382991836 23.989782689912268 13.459908258220384 23.60700574449987 25.372244526125268 7.576747166293448 7.124066737753896 31.789927245458795 48.623761763643905 34.15542343064505 90.52285248227524 65.94582696850058 53.83414388749834 61.98528601983203 84.7409818128937 77.00926975257295 45.88777995078392 25.99596923710987 40.505972785558576 70.71434502892829 72.50929361540811 37.93466198562374 3.915842690882599 31.408333172193316 65.97338316313643 78.58711969279075 48.46587476328948 30.27842900327299 43.35276370505778 72.36696477180057 93.19543065397896 69.53663409203138 58.138514580523015 65.7238045617573 87.48678932023562
10.000377216468358 50.56195154828911 47.138121443385856 14.822786227576325 31.47776195430591 20.160405991080495 37.142169604751 21.48513242399331 31.286045673906507 27.0367879567909 14.950498589370138 7.184719128058467 21.744278723554235 11.185154829282206 20.585808978746137 34.296490856990246 43.336785601551284 53.64989515616953 19.45490231013834 44.332587756363125 29.284249029880197 52.165578671689666 41.7819406093818 10.503532586585099 17.957544200558303 14.883066382405447 62.47842395229865 27.916956839170766 20.67957544179497 0.0 25.659822068710795 28.514158628548092 8.67443420330776 40.857447578731275 35.05611239667309 19.784222499141652 20.377104792501367 46.98372635117556 41.35124577114962 38.91854470676537 110.67280162784398 86.59173424890055 71.7115516613063 71.98419011627684 87.2677454462275 95.23130828604465 65.93844047254107 44.96191360713734 45.71749455578157 67.47906958201368 86.45853224452001 52.617489833423825 21.376931513165033 23.24213182153848 54.93879056223342 86.41057461058273 52.53937593153045 21.185734054470004 23.068058372398962 54.86607323482018 95.10063812777776 65.75131758569418 44.68960196078073 45.45223482476757 67.30134579404896
35.66001164327881 25.76818839480305 25.886882467819444 36.22080516686433 27.73509746857894 33.819672789470864 23.50646799447964 7.170967802627977 12.940060781883076 38.31822721256163 28.086132820111935 18.71590487062747 26.345343856912887 15.0430517014356 5.743274605154101 9.182623643973944 52.4327901931872 28.080107723743467 25.11110437493909 69.8717309364088 24.97098774651379 27.53137291450242 33.64220838971904 23.49583594246906 27.92807135270833 32.34043000659672 50.09819972004621 13.744116656835063 14.200929382991836 25.659822068710795 0.0 38.09931024579931 22.580905964731414 34.831838445696 39.390739980041836 21.618762609259687 7.561770523493674 21.32455863307589 37.94875914082826 48.35612284680153 94.397478432293 65.84523561057445 46.423293386119695 48.67715361240812 70.55936789333947 84.77330653160578 51.25493972787097 21.50519365137621 26.319707879085186 57.60060636024019 83.95649837735348 49.905062941488644 18.088361078909607 23.637134298037406 56.43661259408961 92.18151755626114 62.65734013582642 41.82435075606228 44.35576974236199 67.67877254091628 107.39015913674272 83.2662437539678 68.76520921146009 70.13420155920537 86.62403846556009
30.277217890530732 52.94287180729164 43.69366769532708 41.6372679494053 57.4092009858975 8.627479194968105 29.031984059346232 39.50155572231671 32.428160888968044 55.53795937842367 13.745701821835505 27.739620894581204 11.766009315288413 27.86856174163089 36.853036450618255 46.56348556376021 15.312896715619564 61.92695389884898 46.890747633834856 50.05225392567548 54.778546691040106 53.78183750875541 24.935649330160533 38.321246413104014 11.53819829495706 14.445602452893546 44.137452306529525 28.167898795685833 23.989782689912268 28.514158628548092 38.09931024579931 0.0 21.38482738160198 22.182656743048597 8.544997063711744 16.480632857922306 30.657763976022697 54.50821953684097 68.03952455773778 10.888756760222122 92.28356887652915 75.71140365581097 73.09533649858359 85.72276131755231 108.39099322224202 72.14451700771467 49.50952848293309 45.742448983663486 64.25236197739233 92.51581784639406 59.08641603987239 27.446301164432864 20.254473077712802 49.618920348947455 83.11847074101266 58.0988345816408 25.271168950912344 17.223268190635313 48.471657087595105 82.44521636238855 69.6968291831576 45.90422174791014 41.851762534306594 61.56919162322065 90.69059247449144
16.167232227792557 45.38059483774018 40.4266837831539 23.47964752866886 36.22761058901892 13.91463649801708 29.21101566216016 20.84853759492196 24.808129038678473 34.99243719137245 7.770132417007914 6.490493572058081 13.180456892729012 8.087011900539698 18.889376429375492 31.749972482669595 36.64007882095551 50.351221579329675 25.51875106381419 48.41004851254914 33.68281625324479 46.82536233862323 33.171896225316445 17.116824419402434 10.036606760830201 10.3478243300733 53.94533968456761 20.909493194360632 13.459908258220384 8.67443420330776 22.580905964731414 21.38482738160198 0.0 32.189269246783304 27.02965072699012 11.16451491593762 15.682416858542615 43.23879376093986 46.745405854426636 32.19148370617906 102.29920082898548 79.12641499431172 66.72046919815254 70.97197244188543 89.53875773186846 86.55879157329996 57.58122363372146 39.16115280151649 46.32947355513991 71.79185196414053 78.15790275166452 44.096973412459775 13.239360902366588 28.299657267664486 61.81676825278677 79.46008885473856 46.34550091777262 19.410140329425747 31.629890890975904 63.395542475659916 90.04530268257909 62.65518990244727 46.23854350387344 52.39414840281892 75.80965945022966
46.890065341295916 37.76200570241638 26.35543353522532 55.6685066423226 61.17555450509973 27.407849492243283 13.440680714112284 39.911863609668785 23.078636897516848 65.84394699952858 28.051352697179723 36.15985298219991 19.682655307469354 33.71970294472166 37.03566691778418 40.167564218571485 27.231699885061783 49.46165808328922 54.16577962004133 71.92245312580027 58.33048618411805 37.95842520830591 3.22736953150638 47.559835914323656 24.672002537952935 32.02766519031975 22.65652855022417 21.090973469306114 23.60700574449987 40.857447578731275 34.831838445696 22.182656743048597 32.189269246783304 0.0 15.175809492582648 21.122251949719583 29.881458546307208 42.66723555223358 71.88524703185578 25.283877222135374 71.35916460999967 53.604455020547576 55.22270373923525 74.96971791604058 102.88912666139626 54.380539862459976 27.5344526182145 30.88515292963402 59.53555985474826 92.35754829954999 49.23012622343031 15.146168843005253 20.737924610376442 55.00518691494931 89.53174655851713 59.08677897002669 35.87825109763569 38.44585301802088 63.74756141522427 95.10127663496262 78.48635920260647 62.7025754166894 64.01483268728936 81.60248832633154 107.77205042703172
