0.0 40.70490647040135 21.056545318177115 61.970773079089014 47.75854599195837 39.06548333868263 34.950769529224914 13.742240437349698 16.583596202201928 51.06313759669152 56.177304848936664 40.46072963595172 26.99746387344879 9.172972247165868 3.107858628907361 55.144532606781794 32.726018095806694 26.368590356080936 40.10064843403107 10.392435497704083 5.669911882095012 48.324206203395164 11.311122801540755 56.06470140849677 27.747942802915574 47.05192788453638 35.062396915839514 22.7473266021273 12.237166489148935 46.98413494266802 58.33175582621029 32.08876129446494 16.80082178909564 42.152516484592724 4.600973234583506 61.3267681862932 27.30353718250717 27.492121746120652 41.328748114313775 3.2861891437163053 94.69071692208426 69.45635387194527 55.46921181061529 61.02685449338796 82.25883310748753 81.44812062532272 50.130606803156226 28.057070479937362 38.15967439630007 67.23066544891996 76.7498918446315 42.15038807067655 7.59071345956141 27.082042890311108 61.6774639829738 82.07693348091075 51.13667732209446 29.80158762250123 39.4480364750957 67.96321533148088 95.77045109701471 70.90799183937695 57.259920469162346 62.64379347342269 83.45407366994759
40.70490647040135 0.0 49.013871685691036 81.53637543491647 75.12209218214008 23.641757109721766 70.80683811483229 26.975907117026374 24.673471636964646 43.20836086065294 61.32731442056157 13.653586187314005 65.10013812388578 49.843732335028335 40.89992826109498 32.51752088287911 60.767759437160976 19.04922421436933 23.548031588807408 33.17812791777656 45.725934980764364 8.70939022216204 41.69257005762754 76.89542265213007 57.715814857749855 29.73505816703537 70.35421484192213 22.643028733078424 35.93289877172022 47.64567363589016 58.38028873798803 8.637843424066231 55.74639470992534 5.827457234241313 44.31425554927295 39.412882429407695 48.28099405911687 20.095619273947598 18.87157237263476 43.838778159605795 63.585636382144905 31.77126943129375 19.249477340294796 46.11420175993731 79.22969922584024 62.013610686783 28.526852145326536 13.293867227981293 43.983232578873576 78.02034875543599 72.41760411478639 46.899470757698346 39.36542262471289 57.398064506771206 86.2221797970398 90.76848413995688 71.87956155556098 67.0014347637105 78.78121848877402 101.58019367221628 113.26668479052789 98.56441728574917 94.84316139750784 103.29658567284952 121.40767024928218
21.056545318177115 49.013871685691036 0.0 81.73135453404122 65.93849311076475 35.968661801053535 49.27401050928512 26.717023828606088 26.502064380427065 39.24354007715116 77.21078766027446 42.51550517051845 40.072387989689965 22.271612209327383 17.990910968680637 49.78427171307955 51.87430891542965 30.153900226362396 56.789885936899154 29.64513953676812 17.978491959085908 54.27039385360701 10.357262722025794 75.75716540600304 46.74359031216785 41.3302862496101 49.88903251842852 26.381858914679572 14.353462556267978 32.02797731883087 79.14355475460006 41.093321250701116 31.32246710558976 47.88080176996835 17.752649130422046 54.286765465304946 48.23504200681976 29.662759644392654 56.50199045423649 21.76112660028557 89.2447586324912 70.9945998180106 67.16105268595234 79.84828318456512 103.12932265187426 70.54793746312608 45.60755472901973 39.72294027332223 58.91180091660005 88.08015643524053 59.885748417526344 26.49734608413033 14.586573471961273 46.02476715845277 80.11643120155202 61.58393047254463 30.108022620847958 20.37777850039522 48.15457386269666 81.34691394197488 74.8052978751316 51.89593791991781 46.74780789729131 63.81488934594182 91.400963063435
61.970773079089014 81.53637543491647 81.73135453404122 0.0 18.703377551223717 94.55865042727586 39.14833764592566 66.90882709971 70.51770086355964 110.97084503287917 27.64277290966337 90.41992143832007 46.60722554154421 59.671934355411004 64.98294166052975 109.7255533364024 29.919435343440973 80.13975019346327 60.76655090395442 58.32714104245064 63.7939655090827 89.94366307552447 73.12790909397307 5.982090946659245 35.04014127006017 103.18368516702691 37.80953019817448 78.40136771821744 73.70765076523156 108.42216928917125 34.879548883336675 76.4381807080119 51.60488792103978 86.54228097993966 64.19794012464828 116.74360886044596 36.297660384372264 82.19825002403502 66.04123097416627 60.32471358401922 145.06820356998966 112.59961974954606 81.8986027051707 55.95448115416349 44.15023077640703 138.96450319638703 104.69469931564453 70.75080141802422 38.01605790241955 16.72167265640593 138.34869688489883 103.88349527302088 69.5561025805174 35.7655473610827 10.730773772561895 143.29159030378364 110.32264366296019 78.7687586527362 51.31057160271207 38.15570679864469 153.25601733973636 122.87723888890464 95.42009551369247 74.20204329046203 65.58705391976108
47.75854599195837 75.12209218214008 65.93849311076475 18.703377551223717 0.0 83.97692282617285 20.50692149430932 55.56362614111077 59.32839939919578 98.5037919484401 35.850385232149044 81.66390500932559 28.442782804721123 43.67275280225306 50.53713263283557 99.82658294002916 15.390942901605362 69.64647435624943 58.012026071364055 46.66921282182121 48.432578416267155 83.8206081714633 58.33045515090583 13.573165094859858 20.06966966604923 92.52496025993474 19.201402493560177 67.19775829490305 59.95653509401257 94.73574563148068 42.8807092505969 68.56783463804682 34.81663870716127 79.36911388113208 49.09586767192894 106.60077365855857 26.844800501534507 71.49150145709467 62.84822274558876 45.52785364070998 137.3614217815045 106.88684620292753 79.85127111378831 61.0118268771263 58.85108711047816 128.02403268160236 94.70791137228244 62.800167504150544 36.23493660915227 32.81641745392678 124.42201294018598 89.82560071872068 55.238520130813235 20.707582895707233 14.183377379955912 127.04434464041577 93.39164848205523 60.81592134264275 32.710768156905864 28.918060109624026 135.53006924503077 104.5448956967378 76.71812155898378 56.89028520045382 54.60895843748848
39.06548333868263 23.641757109721766 35.968661801053535 94.55865042727586 83.97692282617285 0.0 73.87971354024423 28.424511401816705 24.65504517055445 19.84105917410709 79.13637787710665 10.49663930966489 66.05475880980218 47.3024739488761 37.46431464558433 16.119772262755586 68.61274159375044 14.447114027071622 44.43574291290298 37.315710346374836 41.87215254981541 23.611218226966958 33.44413994564882 89.16693655436497 64.300806492414 8.628535079766303 73.8844040732311 16.866229847223625 28.37998204328996 24.20487527186469 77.68815521004453 21.528918756916067 55.849253775395105 18.91575505790913 40.52362707134788 22.64806666713761 58.47884401416162 12.495108105669365 40.84207121144876 42.231056077642435 55.71661511270364 35.27377743009124 42.17782945067066 68.61873627839849 100.16448665748274 44.40939136044928 11.06717477383831 25.83842928875946 60.063468538776256 94.5646330921385 49.431462254876585 24.278235324919855 33.61905046442246 63.764355179947415 96.93497832239699 67.21711530290814 51.43018302742757 56.274249280560745 77.99565889813707 106.74576689211226 90.53225470774834 79.30484116387946 82.32350399943289 98.28424888064848 122.21767724203792
34.950769529224914 70.80683811483229 49.27401050928512 39.14833764592566 20.50692149430932 73.87971354024423 0.0 46.40555624756527 50.014113449261636 85.44652802323226 50.289826159633336 74.03237684301185 9.24698577502394 28.041031993243163 37.02340352600015 89.99465044386763 16.16979332066915 60.46875676479002 59.52573570704112 38.20957365696296 33.521860707170696 79.32401462691531 43.605450442164916 33.69860783667231 15.297444330094905 81.98195300623293 1.4287751722226423 57.215534847533625 46.76814484290966 80.1844706368673 56.223617850837215 62.92304965242602 18.640654322849294 73.8494871536726 34.58495019908569 96.26269805021718 27.42491594708722 61.901216593868426 63.35377738971611 31.95600744158835 129.25480739221595 101.8852616814997 80.30670040262528 70.08911458045615 75.96420281099127 116.24006840404402 84.94077315696985 57.5581069895862 42.49418443846441 51.89792903018452 109.05234173870589 74.9031721166612 41.513941917617764 15.204597333038016 33.67198260811383 108.85254851036701 74.61467416893373 40.99601130674135 13.742173864047135 33.0434985999834 115.67691314609004 84.17559415150033 56.43345510443108 40.972684181779385 50.671576187742296
13.742240437349698 26.975907117026374 26.717023828606088 66.90882709971 55.56362614111077 28.424511401816705 46.40555624756527 0.0 3.770615470624803 44.11898499137316 55.168686352155504 27.645805207074844 39.457869851751944 22.905377952244553 14.055885965478941 44.38289359939434 40.19111127091836 14.256357085661337 30.072938810152916 8.894475737895265 18.81034236995845 34.61584985716751 17.029077779798577 61.32647226563674 35.900732704253386 36.96152394038266 46.24069806930966 11.653873782248837 12.42586924725008 42.62075637120662 55.57019881082124 18.35076955144489 29.562370754382215 28.513271279579666 17.420887615859012 51.06718208933784 30.61157810587538 15.968389796550477 29.99882032246096 16.923467695882408 82.98607317655386 56.12260160398023 42.516154938701206 53.481953981237695 79.4218755952665 72.55074037064982 39.26290845015364 14.642141242599964 35.805849926975526 68.88088084799828 72.33464266642167 38.865848212864876 13.55207207945224 35.37815753751179 68.66163613383567 82.41821361111731 55.2872744988288 41.41768065597633 52.62116098612294 78.85029904179572 99.72414428068846 78.61216840822273 69.35128719989683 76.38120840305426 96.19426647869273
16.583596202201928 24.673471636964646 26.502064380427065 70.51770086355964 59.32839939919578 24.65504517055445 50.014113449261636 3.770615470624803 0.0 40.62270294647528 58.06403387134613 24.14234434546382 42.88668927332269 25.72427790427331 16.330591258906388 40.61575395142763 43.95874455859754 10.52101440180423 30.793178505190898 12.661216724918884 21.1945078689474 31.879235440344566 17.603607942609514 64.96973646940144 39.6695447996298 33.198888910012464 49.87998175186426 7.924283165230315 12.24371375303147 39.55229216580061 58.128368015567226 16.069149234214162 32.88486836454843 25.624371266048158 19.764594979876083 47.29677094938856 34.23371771566047 12.199114534613127 30.06107319543991 19.850876790264657 79.30211812200375 52.905487735746426 41.2792474804399 54.80677749129268 81.84381706283366 68.81540469257337 35.49633519550267 13.389198920862341 38.64456532725543 72.1275617017304 69.10570205756161 36.050800782794674 14.78420069170155 39.145052253752965 72.39439076748658 80.05584333795021 54.018511947633705 42.683484391430376 55.862139891053445 82.54753862363873 98.16051438303761 78.19792349734617 70.63356289986088 79.10778400970695 99.60792682845897
51.06313759669152 43.20836086065294 39.24354007715116 110.97084503287917 98.5037919484401 19.84105917410709 85.44652802323226 44.11898499137316 40.62270294647528 0.0 97.79505682546156 29.613757284483178 76.7385180558544 57.46629667878577 48.60462973525659 17.95521704372728 83.19579660703087 32.199704743411374 64.18307469041156 52.65171521788192 51.937360190770754 41.54908874993486 41.94267756996789 105.31965920525585 78.44169298986299 14.231911708174271 85.73743972457673 32.93814960327056 38.86632660973381 9.91437086503601 96.84297512484623 41.25738401175216 66.81020673051479 38.033566447862704 50.86300364791212 18.25120826985678 74.68719279826051 29.977983213127505 60.67901412103421 53.737547175390574 51.939156315596875 44.851593962628414 60.99566319846081 88.45389930479287 119.67677134281024 31.354107044816104 17.686063330438806 45.13715818287025 78.46514300365456 112.56573052754878 29.651940793070832 14.488164166023347 43.993495449312825 77.8190196262206 112.12057537309124 48.848281059068455 41.267439353726544 58.43518244750098 86.72463059855967 118.41652994347538 74.18723043008445 69.22424085768975 80.46742834250561 102.72672321522626 130.4810845832431
56.177304848936664 61.32731442056157 77.21078766027446 27.64277290966337 35.850385232149044 79.13637787710665 50.289826159633336 55.168686352155504 58.06403387134613 97.79505682546156 0.0 72.62018616045175 53.69907438524389 58.14016976952907 59.22207423264183 92.57330261726669 34.606579756560066 65.59974769398931 38.20632841553538 48.46740857762249 60.17194094250115 68.92188167561049 67.11385978731042 26.589120128903833 37.84810807222271 87.4264839621869 48.89903988679882 65.14623346842627 65.47565575441222 97.60783523357811 7.3637368094317885 58.44646972846246 53.42479090406552 66.93531069940755 59.9422957858276 99.67917018853936 29.913430181144 67.8192193964216 43.43480364406249 55.992348117649456 124.20786399516008 90.3256659898763 57.31233474201179 28.38180420400862 26.855078209149806 122.4226327034573 87.87766429088163 53.4089923222826 19.427061977118125 17.238175941255488 126.95146086658451 94.02907391119432 62.93720896702367 38.41288863277944 37.21343793318663 137.1701347743426 107.31081051522436 81.30409023775921 64.03031301995556 63.120422553919546 151.934404823365 125.47812465465857 103.92379813701501 90.83089525976726 89.97247864842849
40.46072963595172 13.653586187314005 42.51550517051845 90.41992143832007 81.66390500932559 10.49663930966489 74.03237684301185 27.645805207074844 24.14234434546382 29.613757284483178 72.62018616045175 0.0 67.02892151036222 49.4144949586974 39.61347984716598 19.956556221237808 66.56868734620028 14.17642005118317 36.098994904608105 35.987121665301174 44.397768210861784 13.287625954544277 37.65932055501984 85.33953029120929 62.7480943947487 16.11433556873526 73.83461168773675 18.078619797079618 31.97570481344798 34.69181105471558 70.41847273038655 14.240001184987296 57.00373875795183 8.482495408608884 42.96873178166111 27.059172926212916 55.20813597093836 13.557582386828354 31.93559872816079 43.74628547604902 55.760120601440875 29.32773100157764 31.71565233577296 59.55242599271342 92.09746099102426 49.80778173284759 15.411285501771832 19.72446594788246 54.17984523310178 88.75083626915236 58.765751915190435 34.65802561969552 36.65759460592204 62.299398917171594 93.88017005111061 77.63331114977613 61.246009805671044 62.20933894714096 79.89815645788595 106.26483131682353 101.00109168324835 88.80904645751359 89.26128703593143 102.19007981669887 123.74470444399253
26.99746387344879 65.10013812388578 40.072387989689965 46.60722554154421 28.442782804721123 66.05475880980218 9.24698577502394 39.457869851751944 42.88668927332269 76.7385180558544 53.69907438524389 67.02892151036222 0.0 19.288912864312238 28.728479694010304 82.11286420005725 19.337490462583602 53.142496220429834 56.588985532738896 31.95208344220515 24.84962825164981 73.39339913024745 34.80172396726765 40.86282540303563 15.94700656311506 73.94894607099444 10.035284414307398 49.66854205900327 38.35481457581665 71.19549797993974 58.86248694616094 56.87117224698555 10.207255831545401 67.62103843584622 26.015759539446627 88.1955330144134 26.852317836714036 54.40444910992964 59.842745161949786 23.828062729580157 121.68379932239118 95.50186887878989 76.34804961822913 70.22962469047452 80.188113029099 107.72091765935603 77.11616113454028 51.815322350408984 42.632992728098216 57.83714744402461 99.90170663259512 65.86638920068467 33.03424994218612 15.45937634448391 42.2086859487957 99.68302116317545 65.5372884493043 32.37929410734555 14.019708881940204 41.70775501089326 107.11143619058339 76.27037201188253 50.559876914802174 41.11270222559534 56.736487722296765
9.172972247165868 49.843732335028335 22.271612209327383 59.671934355411004 43.67275280225306 47.3024739488761 28.041031993243163 22.905377952244553 25.72427790427331 57.46629667878577 58.14016976952907 49.4144949586974 19.288912864312238 0.0 9.8911992135743 63.231071185254955 29.754194562423073 35.256791060143456 47.5511278004466 18.161875742061284 5.570897795473911 57.49717792334673 15.565925495459314 53.6899464089558 24.63207577510146 54.9504591859423 28.429420399628782 31.49447908940755 19.17937379369874 52.19218075642909 61.33047998067525 41.23970158772829 9.43423788887984 51.31920420930713 6.814009963024778 69.13726764276024 28.246526952383302 36.218940932272794 49.34363285779499 6.011186806627001 103.01880370506304 78.52651624167592 64.14616180665803 66.76692955957638 84.82742585775648 88.43538054729484 58.30959978030462 37.06794479714965 41.74788435195238 67.13098670204184 81.33986705792033 46.97270351050705 13.840128965701645 23.906418743182634 57.84754045846393 83.66011687400353 50.850354937736455 23.819069345529503 30.721060481680833 60.95133366185294 94.70648434800846 67.36437355225729 50.014073830400065 53.47583051774904 74.91815153402771
3.107858628907361 40.89992826109498 17.990910968680637 64.98294166052975 50.53713263283557 37.46431464558433 37.02340352600015 14.055885965478941 16.330591258906388 48.60462973525659 59.22207423264183 39.61347984716598 28.728479694010304 9.8911992135743 0.0 53.450308082952596 35.61431129251726 25.439006497237937 41.972920068059 12.606521661588271 4.869276018151806 48.20527720048869 8.215402319035498 59.06497625666758 30.59252443097818 45.23391469883719 37.224636709491335 21.62950007936891 9.762713201040055 44.21306689946524 61.27981774263412 32.263025091447574 18.54668955002307 41.92016734071259 3.435012149330376 59.46977968558802 30.41132029838002 26.34297593058448 42.87582294646267 5.133659647550636 93.17663664478381 68.81372406257422 56.42307985844995 63.45542988147311 85.2315172986664 79.22310178330756 48.49577497990199 28.674365271582634 41.07842444502871 70.33842039910127 73.90008155657769 39.29694028794125 4.704401294030016 29.91433904823484 64.51711698043007 78.97277258358788 48.0895301644423 27.988327477125143 40.607012945482225 70.06676806784084 92.75066461889404 68.24116287675159 55.729890360887076 62.845675227242 84.78284588088687
55.144532606781794 32.51752088287911 49.78427171307955 109.7255533364024 99.82658294002916 16.119772262755586 89.99465044386763 44.38289359939434 40.61575395142763 17.95521704372728 92.57330261726669 19.956556221237808 82.11286420005725 63.231071185254955 53.450308082952596 0.0 84.50193217608705 30.187734091690995 55.802232502409815 53.243825153479634 57.744409746750904 27.883919512899894 48.87372873710378 104.47857297054615 80.2828984353617 8.50755316278047 90.00378456706511 32.93689954684561 44.142550377743085 27.21530013051795 90.32853260414355 34.148528882181346 71.90563399211287 26.702225177332803 56.426145076681 7.11306598078732 73.95456007041231 28.418442873800043 51.354508346373436 58.28504792092183 39.936742875748486 26.900125884066306 47.40391054224993 78.52060441485065 111.7080145780674 29.851289416613827 5.12146822312775 39.448875116212676 74.03413005739644 108.63123599140945 42.38867842390018 30.39114496213653 49.449772580390736 79.76073599639783 112.57489367851772 65.66577189704024 58.444351991318065 70.10191559643746 93.84882774793876 122.86461644932105 91.85062268546439 86.6166776485818 94.67348072362377 113.2183474615826 138.08847739800353
32.726018095806694 60.767759437160976 51.87430891542965 29.919435343440973 15.390942901605362 68.61274159375044 16.16979332066915 40.19111127091836 43.95874455859754 83.19579660703087 34.606579756560066 66.56868734620028 19.337490462583602 29.754194562423073 35.61431129251726 84.50193217608705 0.0 54.31444412716153 45.87563745036095 31.297527845674345 34.00551908465385 69.47385370117058 43.60835471941539 23.93735863121457 5.1311343288644435 77.14875773237036 14.883637975364685 51.81611179623786 44.82964508437377 79.6761801014156 40.21971760847959 53.798933561880084 21.915722211738558 64.70969257067969 34.503742364692634 91.2470792555645 13.127450624196674 56.135435631166025 50.26594800587045 30.743880306460714 122.32227844902204 92.50387594524553 67.42397078294206 54.12775739809139 60.89691223881847 112.6331045571932 79.38121989354532 48.07682269057791 26.762374099132415 38.934681637332396 109.47536021174223 74.87633739406799 40.28562622727794 5.852506336068933 28.99010781663683 113.3961850742092 80.4504228633605 49.806465179398394 29.731045968180734 41.01248469969839 123.72423774596543 94.33314457830896 69.88982938536495 57.14214963389055 63.56613254591414
26.368590356080936 19.04922421436933 30.153900226362396 80.13975019346327 69.64647435624943 14.447114027071622 60.46875676479002 14.256357085661337 10.52101440180423 32.199704743411374 65.59974769398931 14.17642005118317 53.142496220429834 35.256791060143456 25.439006497237937 30.187734091690995 54.31444412716153 0.0 33.45458258438699 23.070274370911275 30.2220687346714 24.25962467843863 23.904228002772147 74.72722965995635 50.12026977271719 23.073564403122354 60.361691200682955 4.027458520066813 18.112871334722023 33.15616356329992 64.73445787978201 12.092013774672816 43.03600992046049 17.821942352862937 28.79253147704759 36.97099349913943 44.03189370313384 2.2244870427676795 31.043263751859072 29.648089999503615 68.80316885993841 43.446618512341836 37.896830084382486 58.13397677905332 87.85088068294357 58.846783916533504 25.066820931892778 13.733175522980039 46.30019192471327 80.58330161123085 61.55734610113733 30.849828769832857 22.560225084680848 49.60909514674787 82.51065162270535 75.58403309337874 53.45736068744427 48.961640732433345 65.81492698087511 93.06329277255104 96.09241258750738 79.66284444894222 76.50703986025718 88.06376578868783 109.78099960236588
40.10064843403107 23.548031588807408 56.789885936899154 60.76655090395442 58.012026071364055 44.43574291290298 59.52573570704112 30.072938810152916 30.793178505190898 64.18307469041156 38.20632841553538 36.098994904608105 56.588985532738896 47.5511278004466 41.972920068059 55.802232502409815 45.87563745036095 33.45458258438699 0.0 29.749693298339828 45.75594900939641 30.746028802498405 46.935226722168615 56.84048459756321 44.50785816556111 51.924583471623286 58.67015172463192 34.861625509396305 42.477240739976565 66.48868312750712 34.85954882380374 22.926605597787486 49.55533148240868 29.33110520301921 44.67574291030915 62.80028702079991 32.79162219597723 35.53293947323098 5.319472847806856 42.20029063658741 86.00858975835828 52.34339321182215 21.841103637989548 24.67967783260063 55.99990073480462 85.48599930030551 51.48818202872294 19.72463227443931 22.846022972405805 55.22383389896535 93.8305819193801 64.29312174844226 43.10284858289415 44.46266140754188 67.0136076820835 109.02457503018732 84.77890980344225 69.88084526895992 70.52634207664639 86.3675906865671 128.6632008531033 108.68501137051837 97.28986493984213 97.53398191479592 109.33943076929764
10.392435497704083 33.17812791777656 29.64513953676812 58.32714104245064 46.66921282182121 37.315710346374836 38.20957365696296 8.894475737895265 12.661216724918884 52.65171521788192 48.46740857762249 35.987121665301174 31.95208344220515 18.161875742061284 12.606521661588271 53.243825153479634 31.297527845674345 23.070274370911275 29.749693298339828 0.0 16.019065459973536 41.44291425440864 19.289526841816365 52.66953794185582 27.05054040858772 45.85579430943834 37.93322248891239 20.536872470540246 17.008775275017637 50.45775668329944 49.75331074643472 24.924510905640354 22.6274065961299 35.73935691081996 14.99144702119083 59.95429953991812 22.085633917005207 24.845756201984358 31.223353601178953 12.510819459674934 91.60177510295082 63.727528259463874 46.1120954132101 50.85536017742122 73.76330255632618 81.42036852975384 48.12248638081577 19.927862929988923 29.551894830657833 61.191159466239185 80.34768950413878 46.30164936660199 15.059427001322547 26.543964122168415 59.80994735985987 88.71482130603005 59.54338619470233 40.191230511783786 45.60789439869998 70.28264297599361 104.27320090603395 80.74905316304955 67.54765575724403 70.70876228294624 88.49598511917898
5.669911882095012 45.725934980764364 17.978491959085908 63.7939655090827 48.432578416267155 41.87215254981541 33.521860707170696 18.81034236995845 21.1945078689474 51.937360190770754 60.17194094250115 44.397768210861784 24.84962825164981 5.570897795473911 4.869276018151806 57.744409746750904 34.00551908465385 30.2220687346714 45.75594900939641 16.019065459973536 0.0 53.07195717756016 10.133783015402036 57.82638234240782 28.88500608826345 49.43444556740238 33.860059720024985 26.36347421608701 13.636798847134157 46.84696588348147 62.770794703988024 37.088110229874864 14.881326132909873 46.789430431167695 1.438446052167168 63.60059643622126 30.636052678341436 31.04701639670342 46.99230012924231 4.225597968081143 97.57601203415298 73.63467515967194 60.974051832208694 66.39568478899092 86.56628252770555 82.87132941346549 52.84903064313702 33.364896497405596 42.757994272322016 70.27168211662328 76.18273156724747 41.7006512814833 8.302651554861296 28.174060865969196 62.55777622174952 79.55873936649407 47.538391675902595 24.18776968110537 36.12535905433137 66.48216886527595 91.89657466118726 65.99888827791922 51.59001024704106 57.982826297292675 80.35726611802826
48.324206203395164 8.70939022216204 54.27039385360701 89.94366307552447 83.8206081714633 23.611218226966958 79.32401462691531 34.61584985716751 31.879235440344566 41.54908874993486 68.92188167561049 13.287625954544277 73.39339913024745 57.49717792334673 48.20527720048869 27.883919512899894 69.47385370117058 24.25962467843863 30.746028802498405 41.44291425440864 53.07195717756016 0.0 48.00418295287971 85.39839684286083 66.38807869161387 27.36688299288091 78.9031063351379 28.226215805322873 42.18563238361286 47.60644997196119 65.48767347370016 16.52499165476608 63.864224217686335 6.445913671768476 51.64020005109233 34.242168130807336 56.9827843984206 24.609474402092303 25.637688733998257 51.534545789804866 55.426685405177096 23.066797490286472 19.669473587430222 51.34735231007584 85.32915293459486 56.221413111391676 24.899647166255377 21.771247070425378 52.18075892741638 85.8284663652865 69.63260893613841 47.87849764556682 46.160781632041925 66.06134951366364 94.82722684982133 90.19744974262312 74.49198434431858 73.19347462192086 86.9497954413409 110.26333175421823 114.11090593815321 101.93096472349839 100.76310237725968 110.95558817907363 129.86046668528238
11.311122801540755 41.69257005762754 10.357262722025794 73.12790909397307 58.33045515090583 33.44413994564882 43.605450442164916 17.029077779798577 17.603607942609514 41.94267756996789 67.11385978731042 37.65932055501984 34.80172396726765 15.565925495459314 8.215402319035498 48.87372873710378 43.60835471941539 23.904228002772147 46.935226722168615 19.289526841816365 10.133783015402036 48.00418295287971 0.0 67.19590180764027 38.53685745024099 40.42535563264572 43.97340346297456 19.878283861101774 5.818565463265219 36.71684034919046 68.8695118013802 33.296501681538764 24.978235749666016 41.56351344827457 9.26814955967466 54.38157246395435 38.58733649224256 24.118183031505602 47.02787436168319 12.864524048011997 88.81042197406248 66.9289727908532 58.87673670529591 69.62929865055555 92.86977287806276 73.03289290888033 44.15257778511791 30.982777756896972 48.6338423755473 78.52008943474866 66.13764518540086 31.601384389690313 4.238058005436695 37.843480701556196 72.39579534197877 70.77075572848406 40.337749079651324 25.31027725449537 45.26508884516956 76.49894379026227 85.06881023880244 61.926356444997076 53.17747378130352 64.92775032003732 89.4325486239434
56.06470140849677 76.89542265213007 75.75716540600304 5.982090946659245 13.573165094859858 89.16693655436497 33.69860783667231 61.32647226563674 64.96973646940144 105.31965920525585 26.589120128903833 85.33953029120929 40.86282540303563 53.6899464089558 59.06497625666758 104.47857297054615 23.93735863121457 74.72722965995635 56.84048459756321 52.66953794185582 57.82638234240782 85.39839684286083 67.19590180764027 0.0 29.058289725869443 97.79546238279885 32.32888020265161 72.87480979302165 67.85908565687939 102.61814385202524 33.95264999274914 71.47810298220762 45.64586803669642 81.76151985735152 58.241305490555646 111.46449493901619 30.74192441236949 76.75759965583943 62.0507227193195 54.3793272314159 140.2980439415218 108.21108437895515 78.29782313642353 54.279573620399766 46.44144482364878 133.57385403771883 99.42343117415757 65.74884387000915 33.99485099634906 19.5764383562919 132.53582990141888 98.037402551648 63.65352505444376 29.783603980914325 10.826252436915057 137.31304449089652 104.3484329586269 72.91877079800929 46.265831994058544 36.86103210661194 147.34068793151684 117.11846355490378 90.1052991362524 70.11397582131868 64.09171964543002
27.747942802915574 57.715814857749855 46.74359031216785 35.04014127006017 20.06966966604923 64.300806492414 15.297444330094905 35.900732704253386 39.6695447996298 78.44169298986299 37.84810807222271 62.7480943947487 15.94700656311506 24.63207577510146 30.59252443097818 80.2828984353617 5.1311343288644435 50.12026977271719 44.50785816556111 27.05054040858772 28.88500608826345 66.38807869161387 38.53685745024099 29.058289725869443 0.0 72.7815036895118 14.289310957156653 47.45027694680962 39.91119720282423 74.72922972627842 42.915499011165124 50.39870355832966 17.008101405487224 61.367548029985215 29.401929210233696 86.94884839122733 12.127479079739865 51.86865386019028 48.56378501228658 25.675024690121912 118.49285389136092 89.32002827188565 65.65343231790138 55.11327970072719 64.49316804117652 108.12153036969947 75.16239748495721 44.758756644717785 27.425284540006878 43.54062244647716 104.48580504524502 69.88212376430158 35.2787953615864 0.7280089421665886 33.931121501869576 108.26659282059236 75.36900673756699 45.101643723256394 27.97621116822932 43.886416476700774 118.75745958293167 89.66754163910778 66.12106576441062 55.664316680035654 64.96022217685886
47.05192788453638 29.73505816703537 41.3302862496101 103.18368516702691 92.52496025993474 8.628535079766303 81.98195300623293 36.96152394038266 33.198888910012464 14.231911708174271 87.4264839621869 16.11433556873526 73.94894607099444 54.9504591859423 45.23391469883719 8.50755316278047 77.14875773237036 23.073564403122354 51.924583471623286 45.85579430943834 49.43444556740238 27.36688299288091 40.42535563264572 97.79546238279885 72.7815036895118 0.0 82.03973207241681 25.338147595447712 35.80527468743977 21.63214779740052 85.7378944364805 29.28285389879107 63.748064971125316 24.267875418112503 48.13740362384319 14.282975068810252 67.1052762254137 21.09432312670359 47.959066222266436 50.14185935789462 48.405536478224015 32.7794024373253 46.911787336181796 75.64241972789691 107.87802759164802 35.78197467785638 4.636123564933185 34.02192793388425 68.4714796665689 103.0245091416032 42.716502109136236 23.682252697612796 41.13200745129376 72.2334990481293 105.53842018781437 63.056438790988764 51.88954377842366 61.674439809242884 85.49707474045522 114.93722000238981 87.94584646070678 80.10242691226708 86.56242814519143 104.71120959964516 129.73260631471297
35.062396915839514 70.35421484192213 49.88903251842852 37.80953019817448 19.201402493560177 73.8844040732311 1.4287751722226423 46.24069806930966 49.87998175186426 85.73743972457673 48.89903988679882 73.83461168773675 10.035284414307398 28.429420399628782 37.224636709491335 90.00378456706511 14.883637975364685 60.361691200682955 58.67015172463192 37.93322248891239 33.860059720024985 78.9031063351379 43.97340346297456 32.32888020265161 14.289310957156653 82.03973207241681 0.0 57.16704814373311 46.98384384552859 80.61611981724072 54.8646198070437 62.54459700326853 18.99810794023891 73.49073255066155 34.88281891948977 96.32268871744245 26.40072969277584 61.83345779945922 62.56829992919798 32.12775359450967 129.163548578517 101.53536133037125 79.56380207798381 68.89215693297878 74.542750547974 116.44468935501297 84.93702996729266 57.13189806673741 41.335575856681146 50.47798752186721 109.59433966551238 75.36638234024507 41.7626004461005 14.247417792356758 32.50713675944305 109.71769191524992 75.54399681427357 42.07932250053113 15.142447016658455 32.90544656104487 116.79264542258491 85.40906930971255 57.824873561273286 42.27934096260471 51.24635724075441
22.7473266021273 22.643028733078424 26.381858914679572 78.40136771821744 67.19775829490305 16.866229847223625 57.215534847533625 11.653873782248837 7.924283165230315 32.93814960327056 65.14623346842627 18.078619797079618 49.66854205900327 31.49447908940755 21.62950007936891 32.93689954684561 51.81611179623786 4.027458520066813 34.861625509396305 20.536872470540246 26.36347421608701 28.226215805322873 19.878283861101774 72.87480979302165 47.45027694680962 25.338147595447712 57.16704814373311 0.0 14.08542321548224 32.67647633105303 64.73440283821114 15.050065898477108 39.50961997841377 21.78146085497899 24.942007239001384 39.50702591360577 42.133911881830514 4.744824180356123 32.98920050510551 26.00554286356889 72.06643591211312 47.39374374452404 41.153195770197556 59.46281958655022 88.16400126352757 60.897825275647065 27.83479995666933 15.357689012376568 45.73612022064924 79.64030594922463 61.80773989655167 29.755714028797644 18.586492955184088 46.908019785268095 80.31261617378662 74.3540151817829 50.774401975814264 44.9708411139383 62.14120643616379 89.9749901686685 93.98625522498413 76.50223052054851 72.57078440438653 84.11419972365965 106.20089835331743
12.237166489148935 35.93289877172022 14.353462556267978 73.70765076523156 59.95653509401257 28.37998204328996 46.76814484290966 12.42586924725008 12.24371375303147 38.86632660973381 65.47565575441222 31.97570481344798 38.35481457581665 19.17937379369874 9.762713201040055 44.142550377743085 44.82964508437377 18.112871334722023 42.477240739976565 17.008775275017637 13.636798847134157 42.18563238361286 5.818565463265219 67.85908565687939 39.91119720282423 35.80527468743977 46.98384384552859 14.08542321548224 0.0 34.85402330585349 66.64037164535591 27.600063694258548 28.225131547244107 35.74516130271149 12.370952809261933 49.9639399165205 38.153333787112494 18.418267178084733 42.15638848889857 14.885305859068948 84.02023128402779 61.285787533334684 53.36005061164253 65.82887670777933 90.63324872671679 69.47197666176785 39.28626454900012 25.598975443896425 46.497810981724875 77.86929580376089 64.71333366988716 30.178376702158594 5.339246141674866 39.25729157269458 73.81474512021114 71.72040002831038 43.104008193762 31.09551493250563 49.70656254493843 79.80845478669848 87.71716826604496 66.21948058832642 58.91115427599447 70.36202864793441 93.9462215332
46.98413494266802 47.64567363589016 32.02797731883087 108.42216928917125 94.73574563148068 24.20487527186469 80.1844706368673 42.62075637120662 39.55229216580061 9.91437086503601 97.60783523357811 34.69181105471558 71.19549797993974 52.19218075642909 44.21306689946524 27.21530013051795 79.6761801014156 33.15616356329992 66.48868312750712 50.45775668329944 46.84696588348147 47.60644997196119 36.71684034919046 102.61814385202524 74.72922972627842 21.63214779740052 80.61611981724072 32.67647633105303 34.85402330585349 0.0 97.40279425035675 43.97908460518464 61.626353154715936 43.11806508007201 45.95617507915099 28.154516686251863 72.45456261455838 31.008721193394813 63.62297028547735 49.27709553386923 61.599629347861814 53.87958886174998 66.37999368605664 91.12845182764161 120.81921869453781 39.24867341590135 25.877239379473462 46.83637854323947 78.18249724935812 111.47287150115035 29.931754898059612 5.567385388754174 39.508680935242595 74.0657155423662 108.65256015732413 43.13821732674555 31.41877402361478 50.08201633256101 80.1505632557167 112.84880438549565 66.598730832709 59.48115370695258 70.96061968725483 94.48596005636726 123.3473507935138
58.33175582621029 58.38028873798803 79.14355475460006 34.879548883336675 42.8807092505969 77.68815521004453 56.223617850837215 55.57019881082124 58.128368015567226 96.84297512484623 7.3637368094317885 70.41847273038655 58.86248694616094 61.33047998067525 61.27981774263412 90.32853260414355 40.21971760847959 64.73445787978201 34.85954882380374 49.75331074643472 62.770794703988024 65.48767347370016 68.8695118013802 33.95264999274914 42.915499011165124 85.7378944364805 54.8646198070437 64.73440283821114 66.64037164535591 97.40279425035675 0.0 56.48179562390561 57.54952349666098 64.12667132894124 62.38259357576892 97.39144158757576 33.57839459523159 66.95686471991027 39.85253192245551 58.5472718261807 120.3573455059817 86.11777914130572 52.35936688270976 21.48452619504747 24.010759686624265 120.13453562447555 85.80897863149924 51.85466369933791 20.235677666669122 22.910921492325947 126.29176681780538 94.16223993545225 64.63951400092411 43.414610320606755 44.56694164323207 137.97722511921748 109.20725777559494 84.90876943920385 69.91091893453084 70.42966369874158 153.93648755672092 128.61608669906224 108.54689354524626 97.04346052853641 97.19626104464452
32.08876129446494 8.637843424066231 41.093321250701116 76.4381807080119 68.56783463804682 21.528918756916067 62.92304965242602 18.35076955144489 16.069149234214162 41.25738401175216 58.44646972846246 14.240001184987296 56.87117224698555 41.23970158772829 32.263025091447574 34.148528882181346 53.798933561880084 12.092013774672816 22.926605597787486 24.924510905640354 37.088110229874864 16.52499165476608 33.296501681538764 71.47810298220762 50.39870355832966 29.28285389879107 62.54459700326853 15.050065898477108 27.600063694258548 43.97908460518464 56.48179562390561 0.0 47.354768778513595 10.979787192246462 35.67650962872025 41.26060204957963 41.81637611645302 13.744680264644717 19.653465328439705 35.240985881019604 68.96314460530856 39.012886139789046 26.13305890520673 47.31500567811496 78.67225856990228 63.98610385567933 29.434465784350188 5.779997380497836 39.94099733051501 74.51182771964076 70.9039809996065 42.319873401009524 30.812418135495694 50.02674086706654 80.31675264645443 86.92135018528315 65.54162061479934 58.57366593386049 70.43317430696632 94.26333931001977 108.06441078936282 91.54475024608378 86.47354173373442 94.70804214865615 113.38545223452627
16.80082178909564 55.74639470992534 31.32246710558976 51.60488792103978 34.81663870716127 55.849253775395105 18.640654322849294 29.562370754382215 32.88486836454843 66.81020673051479 53.42479090406552 57.00373875795183 10.207255831545401 9.43423788887984 18.54668955002307 71.90563399211287 21.915722211738558 43.03600992046049 49.55533148240868 22.6274065961299 14.881326132909873 63.864224217686335 24.978235749666016 45.64586803669642 17.008101405487224 63.748064971125316 18.99810794023891 39.50961997841377 28.225131547244107 61.626353154715936 57.54952349666098 47.354768778513595 0.0 57.94836239835544 15.958031201875643 78.00018691390073 24.00641789090002 44.250747263911876 52.232933893228356 13.620833776181431 111.491524173025 85.6841772829706 68.17601268896152 65.9464280543296 80.27867860011202 97.66741232804655 66.90975559577137 42.54098082763403 39.20946823451045 60.4967556347068 90.72432881393206 56.39961902806854 22.929958890648972 16.29422607636504 48.990543910207 92.23001724883049 58.769529302184715 28.2167783368954 23.094655179067274 51.62738739078121 101.81023714090101 72.77170714245561 51.19502089785798 48.383373184634635 66.75165367628966
42.152516484592724 5.827457234241313 47.88080176996835 86.54228097993966 79.36911388113208 18.91575505790913 73.8494871536726 28.513271279579666 25.624371266048158 38.033566447862704 66.93531069940755 8.482495408608884 67.62103843584622 51.31920420930713 41.92016734071259 26.702225177332803 64.70969257067969 17.821942352862937 29.33110520301921 35.73935691081996 46.789430431167695 6.445913671768476 41.56351344827457 81.76151985735152 61.367548029985215 24.267875418112503 73.49073255066155 21.78146085497899 35.74516130271149 43.11806508007201 64.12667132894124 10.979787192246462 57.94836239835544 0.0 45.354236962736394 33.585750901228785 52.55415951481197 18.240818144892 24.698342552642103 45.3887685990994 58.5400267945711 28.046564347335423 23.26225055007638 51.87005228474107 85.05715632234903 56.192305552556206 22.79743650929604 16.635015283688055 49.28059526421518 83.51816041843847 66.98309593139983 42.85651151455231 39.76748641734288 61.00042894024586 90.85966455715906 86.10655427167418 68.82882225534114 66.74762235294311 81.0422953704804 105.23893014821118 109.27130800549126 96.02986831389472 94.32886627061939 104.73212002212458 124.2351860873621
