0.0 48.08968363603036 46.5133064420257 23.92517758415184 79.59977698459984 18.84876414468603 34.50374236469263 14.408867603236061 51.66457442952032 97.81211890749712 54.82182164146797 11.276002519188971 23.043331968629147 9.258539590811008 72.93753562927823 50.21384501740099 23.536504125800345 27.92127951224248 50.37456163447998 15.895129305734443 44.63322115712445 40.07100392941518 30.807581466740256 9.934648078326315 95.81266876113924 22.50782830384772 27.852211792576092 17.581243200098864 29.81920541198683 55.97233494453824 80.7281150125629 11.956771587879311 45.415081020727314 28.98900131330183 81.3989268328965 46.1949383775136 24.073180037189456 27.60267095118905 42.997760443622866 13.866399720174856 122.32227844902204 92.50387594524553 67.42397078294206 54.12775739809139 60.89691223881847 112.6331045571932 79.38121989354532 48.07682269057791 26.762374099132415 38.934681637332396 109.47536021174223 74.87633739406799 40.28562622727794 5.852506336068933 28.99010781663683 113.3961850742092 80.4504228633605 49.806465179398394 29.731045968180734 41.01248469969839 123.72423774596543 94.33314457830896 69.88982938536495 57.14214963389055 63.56613254591414
48.08968363603036 0.0 5.016054823058052 44.15713197376043 31.5272092220316 66.62268136390992 16.451162691435908 53.21801556204928 3.793462989092152 50.69572378638518 24.459841954539947 51.849772073872884 25.0509892048179 57.208843921087436 24.85657885408139 3.8290517690606993 60.82617927461383 32.63882390327509 47.81549311418371 52.858330641887186 78.00757680204526 14.068817264079009 17.30185801980589 53.14240816871358 48.25538996729267 70.36763927991416 26.308577629680062 54.590092599997725 19.280033703952984 9.556238947977041 36.96625633296675 47.27988753031389 22.55136615505311 74.2078112080056 33.37341724729547 6.270068257686077 57.27719239528012 29.18619124047656 45.106813232057696 37.47034550113395 74.5991348837824 47.70013167272136 37.153759440297584 53.6686944363526 82.31089434008466 65.27310245257115 31.350096982879627 9.996605158490201 40.148331290028395 74.28793813836947 67.45858683645955 35.64053496653037 19.613306122831194 43.51968601836428 76.14520086519818 80.2200938524463 56.01377997604155 47.271920409213244 61.045361772988606 87.25393258199759 99.57046654624683 81.14560383191898 75.16437864648826 84.31786404704671 104.70942727416269
46.5133064420257 5.016054823058052 0.0 40.39143353255705 33.47813531784953 64.6909239249812 13.049464554752005 50.39783676401337 8.046783819700265 51.382812359770874 29.251213750164897 51.308609490639355 23.770784270862553 55.44763296953395 26.934402233738698 8.807709283459722 57.572368974271 28.656691929609728 42.82477778652639 49.89222826484972 74.08803426963568 9.546860044727254 16.37200930120635 50.75052095482421 49.30033196210941 68.45309608797257 22.733914824397935 51.543320235378395 16.853198692653415 14.085423215482322 35.92068424848993 46.950369090873 26.5098164167517 73.58207937300887 35.13308305541238 1.2540137961432192 53.80430440762012 25.401934768150912 40.257667829215826 34.9736921617626 77.24791032118821 51.70897130028082 42.133308029213744 57.196446104197506 84.63138375816192 66.15937487870977 33.139762524637156 14.638150198636929 41.53501688359412 75.03925918464621 66.1922617954386 33.204766622164485 14.78337080422676 41.58593631672192 75.06718768799125 77.33238204089808 51.83392194821598 42.285141990668514 57.30733476911534 84.70565281919596 95.77900042732992 76.49019475892429 70.1615333564706 79.93303153115262 101.24572185208885
23.92517758415184 44.15713197376043 40.39143353255705 0.0 72.81743260684655 33.30139376313531 27.713175130426638 15.142578295382009 47.90379559295626 87.4209569824934 60.762634095907835 35.067036353119214 25.883044068433414 27.543426963711205 66.62230914538965 47.55696555945771 18.386655514607785 11.89164159855233 26.88602290271775 13.57180016064308 33.895279213386864 31.121379803062396 30.846119782646863 19.048671121836996 86.36568656377251 36.61327485414002 17.86871067994172 14.239682894364924 26.040589755426183 53.63972792932367 67.87388864946433 34.4084836700938 52.69577458991942 50.67554989432665 74.15167922314296 39.49272298561823 13.889682967119622 14.99922719478741 19.467105727415447 14.138364892386905 116.96934463036928 91.8566248228726 74.75431210947795 71.64866049943794 84.10475397680925 102.16471094269203 72.27211000175213 49.02759989518047 44.48562874847381 62.841504797811695 93.67974911494967 59.80633851165778 27.794795944381324 19.05657525956464 48.46241082829513 93.2562300762642 59.146892045965004 26.359752875956662 16.916549502652035 47.6692150647763 100.99564276490932 70.62529665906129 46.58935179119385 41.809393380113825 60.99430753588185
79.59977698459984 31.5272092220316 33.47813531784953 72.81743260684655 0.0 98.036169598886 46.432686311449146 83.8000514335127 28.06626657626361 21.40208798366392 39.945440253938386 83.09087304118613 56.572296300939776 88.68202971552586 6.676226153117396 29.8354317281502 90.61239094696026 60.927832344287545 67.20264568360763 83.21850213653109 105.67071437380908 41.912119155837814 48.82897087332795 84.2262410306172 17.962345522416406 101.79125376735217 55.792784249666425 84.80792383592471 50.28517426755562 24.96735989044427 21.026358171678705 78.39661606745643 45.342076266257 105.4210015719597 2.225613990250728 34.06489320660746 86.57505091214577 58.13023737240361 67.57578140670404 68.45101153358672 44.15522597648624 27.082397939107604 43.72720626330732 74.06430212492296 107.02248886378347 34.796152922734976 1.1506072082603944 34.448946663455054 69.04339465903726 103.64412745743536 45.59894426559972 29.35723334136968 45.15825559335122 74.91012224169 107.60400664917063 67.49154678729928 57.57583573146384 66.85532184717484 89.54931872626833 118.16647635029504 92.94173835937401 85.79378089117061 92.0743646648679 109.49663964788812 133.77611607388772
18.84876414468603 66.62268136390992 64.6909239249812 33.30139376313531 98.036169598886 0.0 52.15525166134364 18.165423173193393 70.26263563547887 115.64115349583302 73.247228452248 21.816634802184367 41.68149855914965 9.596595904809629 91.40041621552139 68.90591340550704 20.33069236718549 41.98542098434466 59.40416869617685 19.83213262726663 36.57127534536166 57.45149788855919 49.4350208495695 14.950216646519214 113.8516401751598 3.76414257777253 44.13291195320956 19.704897523819064 47.841846286419056 74.73278706622543 97.72106789155647 26.02703490409029 63.78749818722443 20.496941384119772 99.7738463652504 64.25910630207876 24.376108389469792 42.9659647300177 52.155251661343605 30.09524611831411 141.05396748284252 111.33645062204889 85.38244833877972 67.67047722851622 65.2931715518763 130.50779724967802 97.76613776225535 66.92517046667534 42.36233458405637 38.79413025053585 125.4460273719611 90.96459719013845 56.63270196243695 23.126191910744268 16.03843521621601 126.52888242357386 92.43862802586254 58.949889386208746 28.286509323788287 22.803758565588108 133.60698477686324 101.82940706591835 72.68041374993608 50.89665589855473 47.88850865172695
34.50374236469263 16.451162691435908 13.049464554752005 27.713175130426638 46.432686311449146 52.15525166134364 0.0 37.37532389507055 20.214277379693243 63.49590926616427 35.76308023423905 40.777392296557814 13.339878102487868 43.129522923816445 39.941531536401016 19.863750632963757 44.55461119421073 16.356951252960695 35.62117764628772 36.84598245409363 61.585838787138144 5.724746763261197 8.922057094836715 37.918428727081995 61.714166808365285 55.917903321073965 9.857460964401582 38.493927165873444 5.133541905201485 25.929661067123426 46.30335873468542 36.91642542928865 29.675504849768835 62.59804952773484 48.01880244499874 12.370952809261933 40.87815728175881 12.78037680895677 31.259627519427546 22.162940530281624 90.29309435969621 64.14545044305436 49.7115818025324 56.768393918849306 79.80517753025723 78.35757392700219 46.045592302529826 22.25599185763356 35.57115687039854 66.55922665579114 75.61012058716217 41.24395036773387 8.949308694096414 29.222771732283285 63.42479189382083 82.96872849070864 53.453376582054375 35.007829346926876 44.59443743811668 71.73988202083402 98.18656417458703 74.75781116198732 62.702768938673785 68.33243808174191 88.32771317106948
14.408867603236061 53.21801556204928 50.39783676401337 15.142578295382009 83.8000514335127 18.165423173193393 37.37532389507055 0.0 56.998051176431815 100.03900684216758 64.94296388774653 25.023456907131884 29.957137153428913 13.614333655121497 77.31615367860624 56.084071843798576 9.53531015762446 24.69071172889133 41.44824536673457 1.8870008935862577 30.648269460769406 42.07718939139967 37.0820686123523 5.1865966341234815 98.60413268155862 21.481867974327717 28.201967045226972 3.179619267739792 33.94078846590975 62.16937824380476 81.25690967416213 26.361780553247687 55.89380443614073 36.407499250559916 85.35529353309367 49.74595139125765 9.725336921644992 26.37410187626359 34.12385317276391 15.948607382808772 127.63408656397907 100.07951857131724 78.3334111207194 68.19897240816277 74.5710376618521 114.89423165692921 83.39391985931042 55.70663850980311 40.57998993269457 50.84352364450189 108.10613656338789 73.85605865237983 40.21628103984456 13.222418304488361 33.57330271418572 108.39420533315204 74.27321799040102 40.97033199672994 15.345205433279698 34.45624164521867 115.7055826344343 84.49806416486639 57.33134021678572 42.76284630912857 52.585722476148774
51.66457442952032 3.793462989092152 8.046783819700265 47.90379559295626 28.06626657626361 70.26263563547887 20.214277379693243 56.998051176431815 0.0 47.69518454027886 23.267746119966922 55.086596251308954 28.623750346608773 60.81742312700248 21.39114269856686 2.4754148929317794 64.6192942011105 36.333349345402866 50.65240566871194 56.64697611587027 81.73348018251805 17.5153987431344 20.857599076986972 56.87563882649287 45.09598972026537 74.00132489170974 30.070076454616004 58.38151951241237 23.057422250261244 6.0386463300817885 35.064157486297916 50.446354424523555 22.880357494437433 77.43832576014456 29.975529042149947 9.230905733200693 61.06114276168016 32.91951573106718 48.279148821370654 41.22832254101808 70.88191387355052 43.96694133048632 35.16773049985936 54.17820346037941 83.83684938390314 62.14307968793916 27.951438943258744 9.780446571377151 42.48393745308433 76.86980134052217 65.53657993962919 34.7934670480575 22.82482457648224 47.18267810769831 79.53793333040825 79.5239828105015 56.75363042776371 50.12675205422725 64.8013422446437 90.99748689678579 99.74321066972612 82.53687308399282 77.91468818587757 87.88513938903445 108.49715520480026
97.81211890749712 50.69572378638518 51.382812359770874 87.4209569824934 21.40208798366392 115.64115349583302 63.49590926616427 100.03900684216758 47.69518454027886 0.0 61.31843932889109 102.48662209661593 75.14689940726655 106.60243038177472 27.29540648035204 49.79546422378582 105.74880726334065 75.84078348418011 75.77541330220491 99.18778968559866 118.32447721782118 58.22585537150108 67.61806479346399 101.21659565545467 4.26452192627663 119.40182204874156 71.89985199541695 100.57017056472404 68.00025183741556 45.68113076360221 20.87968844391461 97.96442726790941 66.64217000895874 124.82947394534646 19.176857653306783 51.630395635336676 101.29804072485184 73.69323456737108 78.0893610979538 85.57738368510009 35.91716092038851 38.706883021296555 64.04089475028985 95.3891119028435 128.42025618943242 14.873801580936842 20.95734289415431 55.2453117739083 89.77601421815167 124.34739638958094 27.725205054017906 31.331256511969094 59.91203177557442 92.69357445679158 126.44994747475397 54.15147632657108 55.906208011410314 75.58721244493199 103.42219374932222 134.43836697821024 81.92797528082208 82.88942826180613 97.0765076492804 119.8823014036672 147.35810418407567
54.82182164146797 24.459841954539947 29.251213750164897 60.762634095907835 39.945440253938386 73.247228452248 35.76308023423905 64.94296388774653 23.267746119966922 61.31843932889109 0.0 53.38347733795017 35.47913066497792 63.78757271077474 34.74097900563364 21.211652088577495 74.02280267090013 51.10740145123369 70.82400507839613 65.2664608875467 93.80614058848944 36.41451387325857 29.988157648457175 62.95491730244357 57.67662651268313 76.66577487876302 44.09768926647325 67.23152776868315 35.25479866279626 19.753527851067897 54.728842943638156 48.47743455425342 9.469284577214793 74.0824569161523 42.1687222440465 30.46008527518562 71.70395904878275 47.29741921543318 66.98120249713033 49.567586180310556 73.77904217344346 40.28748945240939 14.059419992575194 34.16289678190878 67.31560357267968 73.89420269978662 40.496070517214555 14.641061293889594 34.404070080764406 67.43715455317798 84.07446353772657 56.86231030926003 42.34322429483014 52.41559261880835 78.08110815730657 101.32986634570253 80.01976163983767 70.23774188805366 76.53937687849505 95.80172093580178 122.71042941888872 105.5901023101831 98.15984537687487 102.54806729822147 117.43731217462127
11.276002519188971 51.849772073872884 51.308609490639355 35.067036353119214 83.09087304118613 21.816634802184367 40.777392296557814 25.023456907131884 55.086596251308954 102.48662209661593 53.38347733795017 0.0 27.747899388748444 14.288889751938331 76.43240935014238 53.256206398151676 33.417163284218006 37.65318901160026 61.16243038729809 26.692683125139844 53.99142954199732 46.50211241532949 34.942498991389954 20.008294525102663 100.10505361860334 24.582258873653828 36.12517209733621 28.180652719615654 35.700748748097666 58.48163098972955 86.79969952879537 4.933375870088431 43.97455010327191 22.358515017207733 85.04481542336742 51.24812754623692 34.737927200872164 36.604415873578695 53.849429918135705 23.46110522279729 124.34262527206374 92.84903495868271 64.61898894982401 46.098804557881216 49.693072352667706 117.1189844355862 83.02261224480968 49.63366423792282 20.714631559812233 28.098757071997166 116.38317314557283 81.99098054522945 47.90460226404281 16.187435666479256 24.98134017531225 122.2524345333591 90.05694495167819 60.577837117725856 40.29790066614377 44.41838222317137 133.86045121951173 105.14690474451974 81.16582730586804 67.19137027283652 69.54306385103423
23.043331968629147 25.0509892048179 23.770784270862553 25.883044068433414 56.572296300939776 41.68149855914965 13.339878102487868 29.957137153428913 28.623750346608773 75.14689940726655 35.47913066497792 27.747899388748444 0.0 32.200633313145104 49.90524017077746 27.224458188289535 38.714241427196505 18.7528540029814 43.22846674295832 30.062085332609904 58.3376362668514 19.0037459627179 7.7664865477104765 28.86960641100421 72.98661774313726 45.407741169834615 12.921415584809035 31.988452638516492 8.21245882302684 33.086089744337166 59.051806838235755 23.6776004507912 26.96027818373555 49.88748620129983 58.39190634462925 23.605877383719633 36.22859735370021 15.428272493087956 37.22116578036689 14.178979898897163 99.37397502556391 70.38661124565495 49.276536822865864 47.9259118767175 67.53090319681992 89.90091769606606 56.37145187098464 25.84868496466918 23.52481217406677 53.23088770926907 88.73309784435915 54.50729619255985 21.52627174040071 18.723454904536233 51.308941752755146 96.17360243965413 65.83465021551808 42.58951114394892 41.08962981545618 62.91005345496749 110.49657777956911 85.24746211104843 68.69887168271418 67.57743133213351 82.51455969352756
9.258539590811008 57.208843921087436 55.44763296953395 27.543426963711205 88.68202971552586 9.596595904809629 43.129522923816445 13.614333655121497 60.81742312700248 106.60243038177472 63.78757271077474 14.288889751938331 32.200633313145104 0.0 82.03087429146406 59.4115450281376 20.143183212682317 34.4182876887738 54.39545350430474 15.500481972179923 39.992857745786814 48.562502320201425 39.965553160313284 8.665486656299272 104.70582585141845 13.251407395595566 35.65198967370946 16.342691962813117 38.641076397951274 65.20186307249504 89.08478855251593 17.643250907280095 54.34216922236935 23.135993823533784 90.45190285261428 55.06893358167693 22.559461765523686 34.8595552977989 46.9884822459779 21.42007143039538 131.54336635821684 101.74064198768606 76.11469022481425 60.25380273266174 62.14806723211896 121.4511484398932 88.43849650708972 57.334015682668294 33.87988382230859 37.46116903370085 117.34082313493909 82.75797809190557 48.205303503084366 13.909486614833499 21.402115177156674 119.8297772834102 86.21925567189268 53.88123523103769 27.703030674029787 32.040150504766224 128.53508401172746 97.85686138025385 70.8905110659342 53.57019268445508 55.757226217718966
72.93753562927823 24.85657885408139 26.934402233738698 66.62230914538965 6.676226153117396 91.40041621552139 39.941531536401016 77.31615367860624 21.39114269856686 27.29540648035204 34.74097900563364 76.43240935014238 49.90524017077746 82.03087429146406 0.0 23.183828009250625 84.27358983884821 54.733220363634715 62.44761738634477 76.77196109444729 99.73125580398661 35.58465373837026 42.158276416030354 77.65372449459706 24.192707785077467 95.15343536885234 49.40959659895753 78.38748772921946 43.693404075268816 18.493971550046467 21.957880449298113 71.74912016606267 39.40306633613671 98.768726153948 8.628676156817129 27.573135587759758 80.31288161932517 51.83009390684273 62.316423633217234 61.886038030917945 50.416020175750056 29.69046407988568 40.20087290865237 68.8878412077077 101.34000743878926 41.18618758859284 6.618848645031896 28.038735196089522 62.636942694502416 97.23917376006237 49.55277955736613 28.213798780468426 39.13308777052661 68.27604493705454 100.92907263292358 69.42088705879873 56.018822719998965 62.06247736342208 83.4277373075343 111.6396760313407 93.74173088165077 84.08296740054672 88.01758451761982 104.01423671821149 127.61482739075869
50.21384501740099 3.8290517690606993 8.807709283459722 47.55696555945771 29.8354317281502 68.90591340550704 19.863750632963757 56.084071843798576 2.4754148929317794 49.79546422378582 21.211652088577495 53.256206398151676 27.224458188289535 59.4115450281376 23.183828009250625 0.0 63.92201507968336 36.16921218664753 51.630029953159 55.809411787062004 81.44337238829091 17.850679337390062 19.48107025207294 55.75447404726278 47.09869554621184 72.63039984247783 29.688300407580495 57.582504622416046 22.207694055073258 6.12436791051231 37.50931727189934 48.56529587594059 20.43498008810392 75.58639591756656 31.806586982254068 10.05825630354397 60.49986605798285 32.64310660573443 48.929847113292084 40.21896235263192 72.15066733916215 44.35851919108199 33.53312493453709 51.73099193728121 81.3790722564147 64.15099854052242 29.78796527325102 7.358602606842259 40.19737659805051 74.64826209787306 67.96931723450663 37.24470087765267 23.43824959902291 45.89531008513525 77.83477098278232 81.97025312316238 58.882800452222455 51.08864393774255 64.40278292440897 89.88988216345047 102.04466491640872 84.4230598036626 78.96913679841384 87.97572539739211 107.87985957690829
23.536504125800345 60.82617927461383 57.572368974271 18.386655514607785 90.61239094696026 20.33069236718549 44.55461119421073 9.53531015762446 64.6192942011105 105.74880726334065 74.02280267090013 33.417163284218006 38.714241427196505 20.143183212682317 84.27358983884821 63.92201507968336 0.0 29.95107391130192 41.02006374492942 8.806059130099047 21.16067015930241 48.703650282520634 45.45002023893372 13.643633480265828 104.61316996143286 22.507828303847674 34.87728338713251 6.81827295579221 41.73119652398371 70.0441492072687 86.26015646275448 35.3587592700369 65.09805527573639 40.624308180436195 92.04113504017174 56.798176639794455 4.9791461865507 32.49056420601608 34.23333007685528 24.535308422105047 134.68960394105218 108.19559546941313 87.5558174801891 77.59183140904501 82.27818824721398 120.51615325372529 90.1243792701425 64.1519303535186 50.03341368280499 57.32382305477651 111.72311026904461 78.09668776270838 45.945367425375274 22.75314953154055 36.32189032678951 109.61358066549083 75.0764277415735 40.65288097088557 7.981055865404712 29.48883800570142 114.55750115992548 82.06437988884068 52.350133252791665 33.78376959427982 44.011161722069666
27.92127951224248 32.63882390327509 28.656691929609728 11.89164159855233 60.927832344287545 41.98542098434466 16.356951252960695 24.69071172889133 36.333349345402866 75.84078348418011 51.10740145123369 37.65318901160026 18.7528540029814 34.4182876887738 54.733220363634715 36.16921218664753 29.95107391130192 0.0 25.057347840513465 23.59616517012908 45.433870928024945 19.28004131796801 21.3245586330758 27.03679630886591 74.66293367874002 45.591118647272936 7.009712208444435 24.826234565443247 15.859939375891086 42.182159038268054 56.659630846636944 35.4395255026695 43.83591149196744 56.75076455498336 62.27205041439388 27.712947923983542 25.691493422672504 3.810525817354621 18.589161326948535 14.23779588057534 105.07851662132506 80.29090040824104 65.16546436414511 66.64249267055783 83.84915586257168 90.63951632356668 60.387269556369866 38.37384657032952 41.14986328404286 65.64221025754611 83.5226966518186 49.17855329503217 15.996017055106119 22.092266255918236 55.813234132013804 85.57524402273783 52.55875303791477 24.42476583657618 28.732601440397467 58.73161090048699 96.21198812936177 68.39795197981596 49.94619461760068 52.01705706797146 72.88165367662502
50.37456163447998 47.81549311418371 42.82477778652639 26.88602290271775 67.20264568360763 59.40416869617685 35.62117764628772 41.44824536673457 50.65240566871194 75.77541330220491 70.82400507839613 61.16243038729809 43.22846674295832 54.39545350430474 62.44761738634477 51.630029953159 41.02006374492942 25.057347840513465 0.0 39.6675331749669 45.2189208668797 34.44941305472948 43.6021037752403 45.81682865080698 76.00210637165675 62.406267393545015 30.342126118019728 39.70540293762998 38.01183513310573 56.56929599601524 54.89927740784809 59.68029332264399 65.29050356851779 77.53061808381342 67.79307912740994 41.57793591024641 36.107296609350406 27.87546397119696 7.421472617857405 38.08556033679078 109.61155536830644 91.51827288309885 84.4464898217922 91.00296251842246 108.75009380059224 89.44647086950556 66.32073117671165 56.48893054207658 66.16910775942114 89.22160067354987 74.69380614167241 44.71211349021469 28.53103426915075 44.985610446382324 75.02152214444673 68.92250739436902 34.321027672402764 0.6389562130901872 34.89610292259374 69.49764127591587 74.25739400788021 43.98597509539946 27.3899818773462 44.2774871854608 74.6030850405605
15.895129305734443 52.858330641887186 49.89222826484972 13.57180016064308 83.21850213653109 19.83213262726663 36.84598245409363 1.8870008935862577 56.64697611587027 99.18778968559866 65.2664608875467 26.692683125139844 30.062085332609904 15.500481972179923 76.77196109444729 55.809411787062004 8.806059130099047 23.59616517012908 39.6675331749669 0.0 29.66745255243943 41.394755048890694 37.000739717699304 7.022336592146889 97.82219440831891 23.061901772423667 27.48684537586029 1.9911699180699236 33.61404669886814 61.91355567787508 80.24209069471222 27.845744608322292 56.30695136900988 38.27530581974075 84.73958844749338 49.201796966585796 8.185993859425611 25.49557964782991 32.365650534946795 15.916743691206477 127.13901604052714 99.93301522630486 78.76322440156781 69.39339565846007 76.30203838793527 114.02947718361968 82.78931383184437 55.67979506927372 41.72803554756654 52.697614749746414 106.85387425937016 72.68887660808926 39.29943626204912 14.144580880529274 35.36302045795566 106.81529205970364 72.63267003448249 39.19634705051104 13.8583265668805 35.25058206295845 113.9209842837182 82.64119357772731 55.46137250944888 41.43888940908293 52.4711351209515
44.63322115712445 78.00757680204526 74.08803426963568 33.895279213386864 105.67071437380908 36.57127534536166 61.585838787138144 30.648269460769406 81.73348018251805 118.32447721782118 93.80614058848944 53.99142954199732 58.3376362668514 39.992857745786814 99.73125580398661 81.44337238829091 21.16067015930241 45.433870928024945 45.2189208668797 29.66745255243943 0.0 64.65496790572529 64.30638153579227 34.70089379219227 117.81890785815617 36.915106576328235 51.75810087949042 27.706512456940906 59.81817876423892 87.51485219167675 97.84253082532965 56.33015930073707 85.2005997550433 56.46635036837079 106.82368619883138 73.12839515306682 22.23563395271457 48.821767596514555 40.79585715647387 44.41160418560675 149.72733415169625 125.70039343809353 107.59910559737521 98.73809014092325 101.56533696041569 132.68221290111785 105.02930053772246 82.77979499427165 71.19403828928559 75.3620850235622 119.85344851175854 88.43770466959845 60.60052846011063 43.7999822934267 50.58923606496354 112.69116632624073 78.55567807507298 45.13911703594014 17.289735539004003 30.905982634235702 112.28541633024793 77.97788017009721 44.13543193740334 14.49739252466983 29.449344797664377
40.07100392941518 14.068817264079009 9.546860044727254 31.121379803062396 41.912119155837814 57.45149788855919 5.724746763261197 42.07718939139967 17.5153987431344 58.22585537150108 36.41451387325857 46.50211241532949 19.0037459627179 48.562502320201425 35.58465373837026 17.850679337390062 48.703650282520634 19.28004131796801 34.44941305472948 41.394755048890694 64.65496790572529 0.0 13.631208512975984 42.9997607986068 56.60105964222534 61.207270883743554 13.91069127884794 42.93689872205928 10.83322790502717 23.529397233109634 40.66649935462893 42.62689514540923 31.62386917213205 68.29670282022177 43.37432873736692 8.502787190934304 44.73524298867525 16.246637432383263 31.181750446789852 27.362584352516173 85.99540223945692 61.23899919501943 50.000260964240255 60.37087401376058 84.75885806175575 73.09926757570052 41.440956591219255 22.046489689989365 40.61511287176691 72.16627980499294 69.88678653753144 35.52790084280106 5.9291038324294165 34.683288979426024 69.0330393711013 77.5707128654404 48.835209423783944 33.872875890772704 48.007266321551604 76.53009456989919 93.50184946176101 71.31077300088485 61.82747035518902 70.39051844758144 92.09665214076871
30.807581466740256 17.30185801980589 16.37200930120635 30.846119782646863 48.82897087332795 49.4350208495695 8.922057094836715 37.0820686123523 20.857599076986972 67.61806479346399 29.988157648457175 34.942498991389954 7.7664865477104765 39.965553160313284 42.158276416030354 19.48107025207294 45.45002023893372 21.3245586330758 43.6021037752403 37.000739717699304 64.30638153579227 13.631208512975984 0.0 36.3874956745155 65.36882143872414 53.16570761851538 14.373433483713947 38.864696868790546 5.663433588134245 25.39787173018821 52.11149793031899 30.58618371738307 22.52146887156556 57.240599000940364 50.66499749344842 16.37200930120635 42.53093092146009 17.53276505992379 38.5297042986138 21.134259194477067 91.6299651816938 63.0076047987448 44.030502466486574 47.981571200140074 71.13786856869525 82.32466865991567 48.64289375825805 18.70191025866887 26.98596065522608 59.17409051813253 82.13480469217193 48.32383545123522 17.8636753059927 26.417411115607784 58.9194298728717 91.11738319950076 62.26673202124057 42.97365770241535 47.02281936414171 70.5008990749042 106.98605598365276 83.61758877572353 70.2320908487504 72.58066184465198 89.4322023592019
9.934648078326315 53.14240816871358 50.75052095482421 19.048671121836996 84.2262410306172 14.950216646519214 37.918428727081995 5.1865966341234815 56.87563882649287 101.21659565545467 62.95491730244357 20.008294525102663 28.86960641100421 8.665486656299272 77.65372449459706 55.75447404726278 13.643633480265828 27.03679630886591 45.81682865080698 7.022336592146889 34.70089379219227 42.9997607986068 36.3874956745155 0.0 99.5795866329575 18.586574841759035 29.41403256535515 8.241649414974672 33.96871890218276 61.75564149124402 82.96243354959822 21.716522073998497 53.711278079052384 31.739665036530855 85.87551225346162 50.212108728665825 14.77424829843915 28.080150638390535 38.42555396655499 15.778660860380088 127.73965662422678 99.25420675385962 76.02729698981692 64.05994743516356 69.44046725872393 116.09032380194036 83.8871983324167 54.69908295136284 36.62985362285364 45.67637843144282 110.50486282252722 76.0464482628016 41.82885259408401 10.540235070097912 29.45154039087167 111.89538309651739 78.03505920743766 45.31237467569351 20.29283761165682 34.135529062459405 120.01958878903208 89.19791998030671 62.47117192773076 47.36915530648009 54.58788864570779
95.81266876113924 48.25538996729267 49.30033196210941 86.36568656377251 17.962345522416406 113.8516401751598 61.714166808365285 98.60413268155862 45.09598972026537 4.26452192627663 57.67662651268313 100.10505361860334 72.98661774313726 104.70582585141845 24.192707785077467 47.09869554621184 104.61316996143286 74.66293367874002 76.00210637165675 97.82219440831891 117.81890785815617 56.60105964222534 65.36882143872414 99.5795866329575 0.0 117.61560342503468 70.40730939497098 99.26191218033621 66.06475264377389 42.68306707889614 21.48050128236479 95.51570558007194 63.30375485125352 122.46319602184461 15.763820880514166 49.63841043045519 100.25535216784115 72.34571847499961 77.92180770068876 83.86551986371794 34.32069333689603 34.51113748292748 59.991368033728115 91.66104338970875 124.89742399160022 17.052340253932556 17.6642485321881 52.231440932265734 86.82785005455528 121.42850590331831 31.91712370037978 32.14453761892427 58.674355029416425 90.81260211620706 124.28200832402824 57.979565587312 57.91989579612505 75.77989766072209 102.59271760502357 133.05161695576118 85.55367195028697 85.30077561393985 98.12099998089651 119.89143310396149 146.67957457435506
22.50782830384772 70.36763927991416 68.45309608797257 36.61327485414002 101.79125376735217 3.76414257777253 55.917903321073965 21.481867974327717 74.00132489170974 119.40182204874156 76.66577487876302 24.582258873653828 45.407741169834615 13.251407395595566 95.15343536885234 72.63039984247783 22.507828303847674 45.591118647272936 62.406267393545015 23.061901772423667 36.915106576328235 61.207270883743554 53.16570761851538 18.586574841759035 117.61560342503468 0.0 47.85881043270549 22.74113110914774 51.60475561018866 78.44188567640647 101.44742220030787 29.019725744363818 67.19884898135469 19.55349079075752 103.53217059037708 68.02284751893936 26.88558870564733 46.64882708133375 55.22475941511864 33.8478680754676 144.77391419785067 114.9410609458475 88.64637347934776 69.99773107485831 65.84797618423516 134.2690272840363 101.52391269491379 70.57523972850477 45.27085741206786 38.89554028363137 129.08783994107068 94.63170005952959 60.34483624351157 26.882935778248704 14.097431702939383 129.8693991636575 95.68535332307965 61.96903555314676 30.323001499062286 19.84076607157062 136.51128639547142 104.44461615401659 74.67823842834488 51.37913651497709 45.79963938170764
27.852211792576092 26.308577629680062 22.733914824397935 17.86871067994172 55.792784249666425 44.13291195320956 9.857460964401582 28.201967045226972 30.070076454616004 71.89985199541695 44.09768926647325 36.12517209733621 12.921415584809035 35.65198967370946 49.40959659895753 29.688300407580495 34.87728338713251 7.009712208444435 30.342126118019728 27.48684537586029 51.75810087949042 13.91069127884794 14.373433483713947 29.41403256535515 70.40730939497098 47.85881043270549 0.0 29.0281055137538 8.854210115162537 35.773052887542036 53.58883181814036 33.11916659424122 36.89457146047178 56.767027532733415 57.27801206027368 21.927827047371554 31.073719408021812 3.2002781124508077 24.58478481063029 14.23976223598487 99.82306550262582 73.99983172205134 58.15579920595634 60.6878082222531 79.86685389644975 86.76758302404401 55.338291628010644 31.478208992562166 36.25281819922881 63.501921847101684 81.72951627118732 47.129890349557556 12.553632790967697 22.10916609893377 56.7000101620858 86.1277775919438 54.338968524846564 29.703419342819657 34.73762994435709 62.657425264575984 98.70872278300976 72.50362298152048 56.25774783452748 58.88878070200781 78.5215782364193
17.581243200098864 54.590092599997725 51.543320235378395 14.239682894364924 84.80792383592471 19.704897523819064 38.493927165873444 3.179619267739792 58.38151951241237 100.57017056472404 67.23152776868315 28.180652719615654 31.988452638516492 16.342691962813117 78.38748772921946 57.582504622416046 6.81827295579221 24.826234565443247 39.70540293762998 1.9911699180699236 27.706512456940906 42.93689872205928 38.864696868790546 8.241649414974672 99.26191218033621 22.74113110914774 29.0281055137538 0.0 35.37657335006194 63.69345075940358 81.48083588480381 29.536462060949884 58.285641916196354 38.74299284264634 86.30557132871641 50.8295757932867 6.55741952401697 26.91685643077345 32.48831470193068 17.824058150148165 128.77680060539623 101.7548507058399 80.74273751995575 71.2705018789307 77.68097560636323 115.39737195820146 84.36337085450128 57.5553681570899 43.62200868309725 53.739706512052365 107.82375613562442 73.77080923580313 40.65896806135654 16.09411547450392 35.492800715774955 107.2930012619744 73.00005382796337 39.256582380576006 12.165620570169933 33.908362536200634 113.90363119780922 82.32746528381776 54.55648082306112 39.62109766795007 50.577434517106454
29.81920541198683 19.280033703952984 16.853198692653415 26.040589755426183 50.28517426755562 47.841846286419056 5.133541905201485 33.94078846590975 23.057422250261244 68.00025183741556 35.25479866279626 35.700748748097666 8.21245882302684 38.641076397951274 43.693404075268816 22.207694055073258 41.73119652398371 15.859939375891086 38.01183513310573 33.61404669886814 59.81817876423892 10.83322790502717 5.663433588134245 33.96871890218276 66.06475264377389 51.60475561018866 8.854210115162537 35.37657335006194 0.0 28.323488139869166 51.229507511292404 31.79368118222309 28.107314951513935 57.61916401783498 51.97350650955195 16.42977051347619 38.432864840583086 12.049617261198751 32.86733207890133 18.226809074598105 93.81012239428065 66.47335106971313 49.31412461570379 53.29041674676555 75.11766299311847 82.8326723976394 49.97433897896765 22.98834406748218 30.892391238452046 61.44153462231697 80.68416304643303 46.3610274149948 13.550232034555874 24.753301641917595 58.62334283308384 88.01367399930348 58.090079165708005 37.380973958276705 42.60336326061676 68.0263576749155 102.81341749045879 78.56654221693557 64.57228020811763 67.53689557333958 85.71849411209267
55.97233494453824 9.556238947977041 14.085423215482322 53.63972792932367 24.96735989044427 74.73278706622543 25.929661067123426 62.16937824380476 6.0386463300817885 45.68113076360221 19.753527851067897 58.48163098972955 33.086089744337166 65.20186307249504 18.493971550046467 6.12436791051231 70.0441492072687 42.182159038268054 56.56929599601524 61.91355567787508 87.51485219167675 23.529397233109634 25.39787173018821 61.75564149124402 42.68306707889614 78.44188567640647 35.773052887542036 63.69345075940358 28.323488139869166 0.0 35.63387538086934 53.70619019488584 21.76044510687931 80.72905960773936 27.05901555162234 15.265707313732605 66.62174911059668 38.6978323342084 54.30449258775916 46.28094009965777 66.35311191798637 38.243856025347704 30.2867579592843 52.60057997093449 83.73286356129168 59.677952326244366 25.080659451119853 9.564275611455594 44.14482599648693 78.74585932839686 65.70286579886735 37.11484968124044 28.861693350515875 51.80079538826551 83.23753507875891 81.66344390978541 60.89308186122942 56.05186015331957 70.50141059446305 95.88472779832976 103.0411480383783 87.29416962067482 83.7722135116844 93.86167114712052 114.00421355809627
80.7281150125629 36.96625633296675 35.92068424848993 67.87388864946433 21.026358171678705 97.72106789155647 46.30335873468542 81.25690967416213 35.064157486297916 20.87968844391461 54.728842943638156 86.79969952879537 59.051806838235755 89.08478855251593 21.957880449298113 37.50931727189934 86.26015646275448 56.659630846636944 54.89927740784809 80.24209069471222 97.84253082532965 40.66649935462893 52.11149793031899 82.96243354959822 21.48050128236479 101.44742220030787 53.58883181814036 81.48083588480381 51.229507511292404 35.63387538086934 0.0 82.62784125366396 57.28406740402446 108.84599453483156 19.934579223324345 35.7656511766837 81.64877437240548 54.9564151449213 57.373663384265804 67.70800847334692 55.75208495485749 47.66476541648899 61.89002355847584 88.22488559196205 118.87681071355988 34.84804107304509 19.88451797015808 44.39875415935028 77.08405746007102 110.93918011883757 30.50092726661867 10.673357369666782 41.13863540062012 75.2708898535912 109.69903904618063 47.49813620648477 37.78260772829725 54.71567279617905 83.39610992743809 115.37263258740761 72.05282521727747 65.84932569297814 76.65133646749231 99.0428729621846 127.03670177544979
11.956771587879311 47.27988753031389 46.950369090873 34.4084836700938 78.39661606745643 26.02703490409029 36.91642542928865 26.361780553247687 50.446354424523555 97.96442726790941 48.47743455425342 4.933375870088431 23.6776004507912 17.643250907280095 71.74912016606267 48.56529587594059 35.3587592700369 35.4395255026695 59.68029332264399 27.845744608322292 56.33015930073707 42.62689514540923 30.58618371738307 21.716522073998497 95.51570558007194 29.019725744363818 33.11916659424122 29.536462060949884 31.79368118222309 53.70619019488584 82.62784125366396 0.0 39.05819934077862 27.031383024672007 80.370392288718 46.950369090873 36.0276417206642 33.96087593028105 52.49802842692607 21.59972472464484 119.46560322039876 87.9162240044997 59.84408291696397 42.75728949689589 49.697857887993756 112.54686768384808 78.35044296105221 44.78433608159874 16.35028941152575 30.39535373993264 112.40921789351678 78.15440820473357 44.44369163882892 15.402041473102859 29.900752282291293 119.07618005000444 87.39120686770787 59.077329996429526 41.68765167029965 48.78945772597166 131.51662269854396 103.56658948870714 80.93341017874721 69.0590857480095 73.36797519022036
45.415081020727314 22.55136615505311 26.5098164167517 52.69577458991942 45.342076266257 63.78749818722443 29.675504849768835 55.89380443614073 22.880357494437433 66.64217000895874 9.469284577214793 43.97455010327191 26.96027818373555 54.34216922236935 39.40306633613671 20.43498008810392 65.09805527573639 43.83591149196744 65.29050356851779 56.30695136900988 85.2005997550433 31.62386917213205 22.52146887156556 53.711278079052384 63.30375485125352 67.19884898135469 36.89457146047178 58.285641916196354 28.107314951513935 21.76044510687931 57.28406740402446 39.05819934077862 0.0 64.915967396601 47.5480829668938 27.552726536715642 63.0049656841785 40.051520674599715 60.758058251833106 40.807404011489574 82.08857970371368 49.234422938174006 22.458150513969713 31.297847933677765 62.04505366532542 79.9986740417002 45.69894451838717 13.10924754739413 25.498320963286428 59.35764089106377 87.45934766428273 57.6737800630804 37.3927991449679 43.18572747722232 68.75043124352894 102.40367370662136 78.34265441342063 64.67924784638613 68.00009701796263 86.36779363644696 122.11367746783925 102.57754134814316 92.34307266037806 94.48292684900785 108.2658449427377
28.98900131330183 74.2078112080056 73.58207937300887 50.67554989432665 105.4210015719597 20.496941384119772 62.59804952773484 36.407499250559916 77.43832576014456 124.82947394534646 74.0824569161523 22.358515017207733 49.88748620129983 23.135993823533784 98.768726153948 75.58639591756656 40.624308180436195 56.75076455498336 77.53061808381342 38.27530581974075 56.46635036837079 68.29670282022177 57.240599000940364 31.739665036530855 122.46319602184461 19.55349079075752 56.767027532733415 38.74299284264634 57.61916401783498 80.72905960773936 108.84599453483156 27.031383024672007 64.915967396601 0.0 107.38612103292884 73.47727259396355 44.26754303377715 56.59049215083743 70.1244692827504 42.849939323573274 146.27681859135134 114.13832587188391 83.98223987467571 58.93458411197374 47.836839409340264 139.4748023615717 105.36488820083093 71.72966656676229 39.79166614878662 20.40721816449892 138.10287642987302 103.55891369221499 69.0749315972834 34.82954476354187 7.049939357470949 142.31824026410183 109.06716287810289 77.01715116253607 48.60522788741353 34.46920123071621 151.65547669299872 120.89369023705028 92.8760685893113 70.93252390725517 61.90041062498494
