0.0 36.80076278944984 45.54460438241688 59.671579827384406 27.854991613489233 23.184951251043124 24.06678681723703 49.16070551239223 26.448249466541995 21.99465097179714 69.98846615158187 30.87541547881994 52.72216768380177 58.3123517021635 97.52078482319463 92.65401296172499 21.3452776303523 38.82490994061451 29.495308012506296 70.59710717225548 16.645829060233638 29.246470995731954 54.76785374652011 38.661745345005535 24.388561171855745 36.282084850306404 21.92517966019402 51.841580198440724 46.361513320317144 27.583329346011336 66.87454595119026 29.328060079749037 47.05359889477051 60.026670707776766 86.14961837744973 49.46479071341894 28.43853710443947 37.322950927738994 14.895286235493748 75.00341398934529 68.0950454450981 57.432758132477495 65.9916496513265 88.35193016847258 116.84185434540986 46.591889977889785 29.24069123398677 43.97805695596745 73.53882390191177 106.19173887374724 36.21347103802134 1.8746553763530163 33.02222854271526 67.61860113950159 102.22004333391172 45.374199649999866 27.277450393007342 42.70995721048922 72.79465247296211 105.68264876817099 66.43018258740187 55.46720292764144 64.30432356508703 87.1107079732848 115.9150501095107
36.80076278944984 0.0 69.18738700030114 71.29316834780995 31.041698821260212 32.6590896296643 47.16340294206976 31.560574634887526 38.92940820434574 42.586160275753116 51.132344341226116 46.473596157176985 60.59363174685185 29.330718459019764 77.84593100629154 82.61640689897067 50.091655241961305 36.985914490851656 57.58852048308899 52.31392494790574 34.82995123364937 7.594718132841886 47.92026692556652 28.107793088073446 31.397551896571088 30.404804996358493 50.69248441109369 29.699976411259783 48.71442727055213 42.6937071520478 52.375750179482196 51.83631971130363 54.72184813226654 28.514063157304033 70.18585252496048 25.126118931032877 61.07925819890719 41.29968334718824 25.61541484869938 55.427928195775024 104.65268238968004 89.1734518421153 85.71077216293 95.5797038402604 115.40942108508554 83.02024496007752 62.684597736430476 57.97539521052112 72.02585676620875 97.0004720168334 66.55098855572558 38.583023103045875 30.709980108941192 52.84310453974933 83.8839801677652 59.685371696699974 25.098146303030195 9.609614393992434 44.154578668946456 78.75127512453882 65.51594545235324 36.78600015237371 28.44153238068367 51.570068639132394 83.09550801819823
45.54460438241688 69.18738700030114 0.0 24.192535136943313 39.086259438242685 36.54719555599763 23.036190942850933 57.05671245859302 30.448982499631022 27.18321966564277 68.34385329566156 23.15093380243997 26.954294216612045 73.39199148076666 89.22139344061591 73.18206595681502 24.238310167954022 39.67888437116454 16.547244523635097 68.01828128261445 35.47133233665967 62.85486578985386 46.7281714221165 48.77733004172268 37.926337008786774 44.50237654058982 23.684435108040603 62.66023390010418 33.880738201542194 26.62104758557513 61.25047830520932 17.730686926860184 26.680110349219646 77.61434952113913 75.67200996286626 63.90832066206177 22.97049729700706 33.37139394500496 45.63939937589314 72.43804198108026 58.454094237435356 26.98423173813303 20.839040746791913 50.351084431038686 83.85133877759739 57.36521497567827 24.5599946043158 17.620171719828434 49.11821697324107 83.12388162549772 69.01351081222934 45.40677377811752 41.898790983611654 62.00052755886675 91.25483712857113 88.50473131676212 71.4409585331378 69.06009933429074 82.64107790643337 106.22881843791974 111.80903816522313 98.63632951997671 96.70399804627507 106.62492310425316 125.62148886290859
59.671579827384406 71.29316834780995 24.192535136943313 0.0 40.95370466118175 41.58366135606046 35.926933857608496 48.85723708462327 35.53061684950486 37.72641314987534 52.68203498892424 29.135119273286882 11.238259828896277 65.41509421694347 68.76236121094865 50.07546533167767 41.152184910156016 34.83355124723455 36.3744065824947 51.95105644774905 44.697072606272954 66.82905439318642 32.72681067847167 44.72623939587713 41.963610291799306 41.372233313146445 40.84017171124824 54.57315803858484 23.738140408257323 32.93110080644973 44.802038823454886 31.286765543816728 16.62574978520292 70.28821796534508 55.29504679370621 57.46237392769129 45.00053762781272 29.99348911549957 53.60495992242649 55.766366720097956 82.06888862647902 48.709779185816515 20.12042711314954 28.84214758207852 60.44630888731167 81.08296148734107 47.0453464960414 15.714152771867322 25.989547029908643 59.150912920842714 89.4504176102384 60.22528642848656 40.590855654126905 45.419979340066824 69.80799386047933 104.95719390613496 81.3266435458419 67.87341049132102 70.67066759456827 88.1853342099042 124.97271786113893 105.7067012514357 95.52125999752194 97.31080864593723 110.4950396728118
27.854991613489233 31.041698821260212 39.086259438242685 40.95370466118175 0.0 5.323182251812318 19.819972534533814 23.499434545634333 8.89824417723714 15.544576836066904 42.86542078167738 15.940199550977068 30.957004276249556 37.09536275754676 69.98426174371724 65.14039794236314 25.632787469543555 11.119539542999767 30.79790734176444 43.32924982665101 12.49343819563275 25.931261653204075 27.05002211468283 12.700031798191446 3.611453261429151 9.092157053763207 26.05346458460783 27.77083603490042 20.842939483267894 12.663164007015546 39.14175048826565 22.991577102061605 24.839374849920638 40.51376784342876 58.34041183936866 27.25319337136256 37.37047193636628 11.753387297044945 15.179345079090869 47.867658827482245 84.29626268947771 62.051351785316264 54.67793609290827 67.25904559903861 91.9384457995863 69.28884962574719 39.5805652988229 26.9655012455178 47.77547495019123 78.94741539180592 63.959643185921884 29.377429006799417 5.484987093019033 39.899764429806204 74.48994354595315 70.53775078668116 41.7090773159111 29.97594435683238 49.520749336050514 80.00555764721769 86.3429738651913 64.77972141336691 57.72785122848579 69.73798562930804 93.74997494366487
23.184951251043124 32.6590896296643 36.54719555599763 41.58366135606046 5.323182251812318 0.0 15.550808107043501 28.782357515384433 6.437673921721538 11.011191985080233 48.12970120505646 13.975287500417696 32.42998971300137 41.91161370333544 75.12305703887142 69.48355675550545 20.746106035433375 15.698851891171392 26.56427116575738 48.56774249119988 7.22330524066237 26.62607131876687 31.602095749614044 17.940143485376566 1.8975303312105731 14.415154492020752 21.2084478072865 32.90777361612812 23.813357777661793 10.071745534353772 44.21131186326983 19.498294929491507 26.331927214554074 45.09993183084161 63.309348386937316 32.10915653224956 32.543124510491786 14.542394979685069 12.260856436544945 53.12455936792767 79.3273477047803 58.17030432464388 53.56809136438669 68.92094323031455 95.00238057127996 63.969680023779894 34.6883590112074 26.632443323699327 51.08947368980983 83.10128822228002 59.06241781513878 24.59826961993157 10.799755762656853 44.97831440689775 79.52557447355413 66.9448300538688 39.86472649654419 33.03963565454176 54.6705916161387 85.32856853775209 84.0939146073545 64.46387002098966 60.28415562491759 74.21289051320804 98.87219848646347
24.06678681723703 47.16340294206976 23.036190942850933 35.926933857608496 19.819972534533814 15.550808107043501 0.0 42.380395076008405 11.389971240410478 4.627511810773937 59.293603119872316 9.246985775022527 30.38187984546121 56.8682442814671 84.6492702445636 74.72872832856575 7.223725529495315 25.989891729942844 11.026688139321239 59.445314601436486 12.583584825625167 40.404817139646 39.541340218014916 32.06231571027113 17.330668961707353 27.92502698849324 7.359710529689178 47.18348184987779 27.80461926045252 8.685732561278202 53.92103435804698 5.46575865308714 25.52738322019746 60.33307883235096 71.86316994453553 47.0219385993646 18.024338594522266 21.078731616881644 22.699393271319554 64.10012016438374 64.98868092589935 42.64422119799051 42.524759763789376 64.75342016176374 94.72317715278176 52.98156508850742 20.372773960372065 20.44274225779568 53.06235591982734 87.22484527368044 54.6864989758724 24.432187480358913 24.456061660025718 54.718503915665906 88.23252768387877 69.09572322637435 48.62267773543297 48.46570508641578 68.7640771497792 97.48274718855255 90.32032921128908 75.60851661146158 75.3012751258381 89.54699672830252 112.968117379087
49.16070551239223 31.560574634887526 57.05671245859302 48.85723708462327 23.499434545634333 28.782357515384433 42.380395076008405 0.0 31.001394004984206 38.57266271246268 21.48365896500414 35.7025123383623 37.681409501173505 16.757311792832837 49.329685219546434 51.092819256765516 48.81347680804278 17.477314494775413 52.88975317646225 22.36383365612686 35.75149967838697 31.990368507542005 18.35234609038798 10.87546127198316 26.94821460011921 14.565821352939466 49.17854747280198 5.789030611039402 25.45352404991877 33.997334188436746 21.00200042131558 44.220813504465234 33.39245222001416 21.4891901566062 39.68871034469685 8.990175387706744 60.35378457238748 23.739369879482652 34.423229254482806 26.384280052042154 107.35537037804593 82.64139410760978 67.29632111057946 67.99088171086386 84.32968340020501 92.70239659931538 62.6505823429573 40.63598524944701 42.09866771909631 65.4838838758625 85.13614388291829 50.910591372057006 18.1787292613675 21.538260059972327 54.70081955884065 86.53634227411023 53.1982621426352 23.79957141707106 26.412725119641035 56.777569874172386 96.51345603478248 68.11447818703036 48.57087517616862 49.734198764784814 70.58798745419145
26.448249466541995 38.92940820434574 30.448982499631022 35.53061684950486 8.89824417723714 6.437673921721538 11.389971240410478 31.001394004984206 0.0 7.775976882236398 48.53987120877667 7.565563439943609 26.94953310779916 45.60615986217288 74.64590191354797 66.8961192735283 17.956696959988502 15.083261294864824 22.152806144515697 48.79410261064739 9.906310660620527 33.04120881532123 29.933693909394037 20.69975890314964 7.532775459865228 16.537081384541708 18.273440711687876 35.802572154297216 20.014860749923034 3.833323026998647 43.69303760073174 14.102262990366707 20.991823520956903 49.21273735511334 62.26130000521683 35.76877100610975 29.357768313447043 11.398150960950511 18.076202808721867 53.43441575316151 76.3547606126659 53.18229924355786 47.13254284044315 63.3198894013163 90.51050960884622 63.14859087472703 31.669671205246022 20.323371447933948 47.095207694510144 80.1107081261054 61.17025196908976 27.555063572781645 13.100225131875673 44.48373675839352 78.61833336391668 71.35985636991322 45.79641114853349 38.69392564281189 57.37556033711542 86.49575943727132 89.66022275838066 70.83064779746937 66.25537868532545 78.46871451469087 101.58578898884033
21.99465097179714 42.586160275753116 27.18321966564277 37.72641314987534 15.544576836066904 11.011191985080233 4.627511810773937 38.57266271246268 7.775976882236398 0.0 56.302022512477336 8.97566145949964 30.931924674027396 52.63862029166696 82.24322581992608 73.58406060041682 10.245593164527591 22.843523928461533 15.569692363579442 56.54099920070632 8.300581415744036 35.902496401145214 37.32520826640901 28.037720608749726 12.833319656841242 24.021053793848143 10.606845694132256 43.180340681710696 26.43746005227841 6.432526990299108 51.33504654139812 9.459946463975896 25.526651136829656 55.98930784389143 69.71317005513797 42.79756661549861 21.859249844642108 18.66345126432309 18.46669023388096 61.18534722513254 68.844341195229 47.25170511102281 46.051292074716194 66.35915093038102 95.29517231434424 55.43308562027941 24.110324686021414 22.014504111903786 52.75243014186683 86.46299347177904 54.82281224617353 22.68566073679362 20.459443489905176 52.12858733111277 86.08740657409717 67.36236662770676 45.085716053015915 43.84719608453615 64.86333999347488 94.26956350366419 87.57386960873785 71.66218404960809 70.68603366057576 85.16057088869785 109.10037148860856
69.98846615158187 51.132344341226116 68.34385329566156 52.68203498892424 42.86542078167738 48.12970120505646 59.293603119872316 21.48365896500414 48.53987120877667 56.302022512477336 0.0 50.99005042951667 43.239162874118485 25.278465060605033 27.850744290633916 33.64824790869054 66.32536954062479 33.458764603522646 68.62413686427973 1.4294060973511111 55.346455211100675 52.8592545337995 21.61576728700203 31.35318343460064 46.47545434914682 33.898087074236486 66.56946698014052 21.49388390774597 34.56037430969232 50.61202345625482 7.9680746705396315 59.644370534052754 41.75198772636532 29.563268400658657 19.120967387846694 26.006371344847473 77.1058866170355 38.33939035621695 55.51355693139409 5.017544908453111 123.44623753445241 95.23528911312417 72.76898076206828 62.57528561934082 70.21955369468607 111.65043470744922 79.51166653640664 50.72692774306493 34.916583736171226 47.53887861929449 106.15711411430816 71.6702161496558 37.4000039469731 7.466867750362041 33.28064511476628 107.93322977831794 74.25208943189642 42.09524460323284 20.62747173784635 38.390385533112415 116.64709771855792 86.32694915617793 60.76962753612571 48.25310195887739 57.953298478607664
30.87541547881994 46.473596157176985 23.15093380243997 29.135119273286882 15.940199550977068 13.975287500417696 9.246985775022527 35.7025123383623 7.565563439943609 8.97566145949964 50.99005042951667 0.0 21.956473328673557 51.291254126120386 75.7430445326426 65.48748931535198 16.408346709977714 18.42911546425713 17.666672006838578 51.03912929183962 15.60315887476893 40.59855203547114 30.633977458148074 26.292021904609634 15.080878425389194 21.975858638727388 16.468516238258648 40.95981411967702 18.58909085870903 4.026103318614605 45.22302943639071 8.709390222161987 16.6329081337878 55.2167301992846 62.82495647936176 41.56592732496889 26.19890315582729 12.702915712514974 25.01598345925666 55.6859050928738 72.55413825124096 47.108090599362086 39.611440379593745 57.565484490754294 86.33266233897743 62.05760676137419 28.62149223326653 13.493895004702594 44.043532001654924 78.05403477058677 63.515797592683185 31.632553762895746 19.021802030324306 46.020517474563036 79.17572662059247 76.24580304374548 52.56850508258847 45.916087923314386 62.03177163950601 89.34432502174357 95.85688693404353 78.15098618187274 73.62988098397332 84.43868172197088 105.98665685411937
52.72216768380177 60.59363174685185 26.954294216612045 11.238259828896277 30.957004276249556 32.42998971300137 30.38187984546121 37.681409501173505 26.94953310779916 30.931924674027396 43.239162874118485 21.956473328673557 0.0 54.30599445109762 62.327448593842256 46.933100655863015 36.78924549304637 23.808755569595164 34.165755211682935 42.67529727199092 36.70574204897478 56.5210592409765 22.299095022212697 33.601308916442946 32.48832202377604 30.39970224263303 36.6337920327129 43.42085815043642 12.508404642397984 25.157047905856096 35.61022693977801 26.915720407414597 6.133592117583091 59.14534219015734 48.762625124485396 46.237288549195 43.394247224146596 19.4725153428725 44.6808573219289 46.812815570107894 85.14279155363269 53.68344912021145 30.15575340228591 36.49198837137621 64.41117888604226 80.3011067413585 45.69731945064748 11.093993047873242 23.510907558034035 58.11457031023327 85.05900396940342 53.55168470416342 29.922750298768452 36.30149182783615 64.3044703348309 98.02830807051257 72.25290142467563 56.79971757599328 60.22231846790181 80.13763746738567 116.49754068719889 95.63580124822447 84.35314633618273 86.48362526039278 101.1834912621519
58.3123517021635 29.330718459019764 73.39199148076666 65.41509421694347 37.09536275754676 41.91161370333544 56.8682442814671 16.757311792832837 45.60615986217288 52.63862029166696 25.278465060605033 51.291254126120386 54.30599445109762 0.0 49.50930948187227 58.88581001063779 62.64434046669019 33.72807832114944 67.7569281006731 26.67588135463534 48.05301334633614 33.577487539961055 33.65981162762229 25.031073331726876 40.01660011480214 29.333132854185877 63.09091462171909 10.96878573167681 42.188663441567435 49.01762283939863 29.73466234853154 59.4735223328452 50.14550118212707 5.034158443836387 43.944925918972224 9.846427494365939 74.42577109079616 40.03417412876002 43.61570528408974 28.47042041453109 121.22371730247689 98.3966957717568 84.04376020228995 82.70139847924591 94.92319412839404 104.13800649618885 76.5952405402665 57.30388352029704 55.63665138830038 72.81439835027795 92.61857683409227 60.175881350243166 32.54095659259343 29.858537374645728 55.84793542179035 88.85802458419322 54.26745047408738 19.723543598704236 15.09750000511693 49.61557400555985 93.79449207047136 61.9542424763707 35.69434980150299 33.236758024672774 57.70714504778183
97.52078482319463 77.84593100629154 89.22139344061591 68.76236121094865 69.98426174371724 75.12305703887142 84.6492702445636 49.329685219546434 74.64590191354797 82.24322581992608 27.850744290633916 75.7430445326426 62.327448593842256 49.50930948187227 0.0 25.049724602232104 91.85074199662044 59.76707649773667 92.86494771451963 27.05785525382589 82.33093925045078 80.29528155363369 45.1209909068834 59.04170588607492 73.58282185351618 61.25097940479484 92.00895693978791 48.8066057692601 57.58333706286575 76.14005366713481 30.98300689255168 84.03623317284487 63.107323844740776 52.42680735784462 13.572282306972909 52.99713030303644 101.82891907943137 63.6503520368538 83.22519862011326 22.9700522490386 146.77713755313775 116.0066074069317 88.12674058441638 66.85728415147068 59.73487321963884 137.59235364203107 104.25783836210225 72.12885738259875 43.93496789608851 32.44726291577364 133.7328129780113 99.15716430813995 64.611726421598 30.200349992670574 6.655905584214714 135.6540333694623 101.71003842182164 68.43019243173568 37.62040312653461 23.29683243648645 143.12330534999742 111.3913521573869 82.01579613983927 58.651112351734724 50.47890478203673
92.65401296172499 82.61640689897067 73.18206595681502 50.07546533167767 65.14039794236314 69.48355675550545 74.72872832856575 51.092819256765516 66.8961192735283 73.58406060041682 33.64824790869054 65.48748931535198 46.933100655863015 58.88581001063779 25.049724602232104 0.0 81.80976002034544 54.02118721226207 80.66951988041542 32.23397846663958 76.1682018225679 82.77307201032721 38.13874670083439 57.558934804310724 68.40627293706348 58.0370145582254 81.80263419284651 53.37605991817774 47.14671307611394 67.15163918097011 30.307973269496575 72.59600481514124 49.88808865861674 63.207906852738915 17.192653516794152 58.10549222812574 89.93694709956677 55.55737983752012 80.08461559801661 31.365840592054553 131.63341010638015 98.7694782376907 67.66309490236094 42.37933929135329 37.53067802542827 126.8064566452492 92.30065101818485 57.91196787636832 24.14611732325738 14.391909318817353 128.0633334041875 94.00426998644696 60.56595755152962 29.90843824601314 22.7077336701016 135.23444827149137 103.477385607512 74.30742767246096 52.25351114426203 48.312277861556375 147.4590956147851 118.87641496751021 94.41273570572072 78.04276243742571 75.24843091278909
21.3452776303523 50.091655241961305 24.238310167954022 41.152184910156016 25.632787469543555 20.746106035433375 7.223725529495315 48.81347680804278 17.956696959988502 10.245593164527591 66.32536954062479 16.408346709977714 36.78924549304637 62.64434046669019 91.85074199662044 81.80976002034544 0.0 32.913470952292435 8.316027928587058 66.51267240082558 15.574412837595554 42.89368143744083 46.75293632255301 38.23242481978135 22.63592012816296 34.25558800777682 0.6303854679144529 53.36609030441931 34.99491953034337 15.762537123851175 61.08196213932648 9.988846738640287 32.30893453456831 65.83118411316288 79.08509584156626 52.825045041621266 11.801364341091412 28.236001044636136 24.603381386946324 71.16541376917498 58.664976674250426 39.11181296957695 44.86328973056672 69.93226753868274 100.81247812613758 45.76244656397574 13.954268725712932 26.269646476621844 59.83577229821406 94.15624024550526 48.47614478466035 21.16860147000964 30.67784874329793 61.87890399087646 95.45530239221821 64.8750352596868 47.85272863689949 52.59095543503278 75.0769276573233 104.4130885256412 87.58194042966281 75.63027249384358 78.51129979239101 94.88337326284213 119.31650805461298
38.82490994061451 36.985914490851656 39.67888437116454 34.83355124723455 11.119539542999767 15.698851891171392 25.989891729942844 17.477314494775413 15.083261294864824 22.843523928461533 33.458764603522646 18.42911546425713 23.808755569595164 33.72807832114944 59.76707649773667 54.02118721226207 32.913470952292435 0.0 35.947589272828885 33.71325515546736 22.76181113851688 33.61251767964514 15.956726223218764 10.005041996170242 14.445183158685477 6.608948800067133 33.181849376263244 22.99323493182848 11.732154109249569 17.322753596566596 28.784422533894098 27.088483504261717 18.254024489692146 38.05777203511765 47.693970723565094 24.400529163532017 43.96793090337626 6.308118169348052 26.1848180174635 38.351769074430344 90.76882778419834 65.17847413475133 51.50038628672895 58.74648065689809 81.51571072987089 78.22277774205591 46.34147555422341 23.897814313738262 37.276299107371464 67.84381471410526 74.75855871121388 40.27951971182267 7.133814244184518 29.566820812373408 63.97152858931169 81.54218433874473 51.70092516092464 33.04053644756707 43.648619517706884 71.50916356316803 96.43443116271702 72.79498584803497 60.77337307983035 66.9513125149125 87.55761577363688
29.495308012506296 57.58852048308899 16.547244523635097 36.3744065824947 30.79790734176444 26.56427116575738 11.026688139321239 52.88975317646225 22.152806144515697 15.569692363579442 68.62413686427973 17.666672006838578 34.165755211682935 67.7569281006731 92.86494771451963 80.66951988041542 8.316027928587058 35.947589272828885 0.0 68.64217303900398 22.760941514924593 50.57165217913837 47.93773860652006 42.83017090603266 28.355422972590734 38.61405355210744 7.695809372031012 57.879535732405294 35.28676062894081 18.897792785552735 62.67243798803969 8.979802678744234 30.817070934218336 71.30274198468467 79.71399320630464 57.91659926335612 9.268485055685789 30.369341553468846 32.40111430413178 73.28055060480034 54.88873023666279 31.742607077569243 37.37981781285842 64.66641890387866 96.75266387029966 46.17937135288723 11.637591639005793 23.090844894509456 57.669706735042354 92.26731496063996 53.43034610408761 29.173140658487977 35.244612839929566 63.467579753903834 95.96314382219215 71.96898053158111 56.16465040897946 59.364947075023174 79.30145720925654 106.99551615288945 95.42849988886962 83.93741256507796 85.90168087829242 100.53570131740322 123.41180903574536
70.59710717225548 52.31392494790574 68.01828128261445 51.95105644774905 43.32924982665101 48.56774249119988 59.445314601436486 22.36383365612686 48.79410261064739 56.54099920070632 1.4294060973511111 51.03912929183962 42.67529727199092 26.67588135463534 27.05785525382589 32.23397846663958 66.51267240082558 33.71325515546736 68.64217303900398 0.0 55.79008120382787 53.91592859679876 21.31800760174473 32.01485115201236 46.94069519188431 34.419895904063374 66.74432963113158 22.63742469021432 34.32311225893367 50.773601429214 7.149132181553539 59.66521767102726 41.37898119180542 30.982683160276757 17.884889313827067 27.195623015773222 77.1956410487447 38.43218264602224 56.19669275822902 4.654945814249249 123.41567332552447 94.94443566577647 72.05722649880546 61.35814946358801 68.79085484000574 111.93493743343116 79.60711484294488 50.39828831127003 33.72705756987203 46.15055337448531 106.7885621418199 72.2634743139252 37.8823990982631 6.557158600008205 32.33837074321172 108.87880110851115 75.29051054932637 43.33097896523471 21.93927093357535 38.46991801316672 117.82102251574855 87.61975129476659 62.18886283824757 49.52267037361156 58.58618844986898
16.645829060233638 34.82995123364937 35.47133233665967 44.697072606272954 12.49343819563275 7.22330524066237 12.583584825625167 35.75149967838697 9.906310660620527 8.300581415744036 55.346455211100675 15.60315887476893 36.70574204897478 48.05301334633614 82.33093925045078 76.1682018225679 15.574412837595554 22.76181113851688 22.760941514924593 55.79008120382787 0.0 27.898188171675308 38.537837551823806 24.876087185694864 8.898152207764117 21.56099107035153 16.137237975673415 39.58986418527322 29.71716652506141 11.774846253500652 51.40049387292373 17.74074834631565 30.829937193732352 50.88777509329744 70.44416467897668 38.37945458055981 27.170456394070765 20.701770863177455 10.16880280211363 60.343686717946596 73.3281616244735 54.41903724633564 54.22772545833009 72.90173569904533 100.41654341913227 56.95406338776825 29.11632054552413 29.096366604991296 56.92346281530204 89.60360667782746 52.062806387245075 17.872476378414962 17.976901830367666 52.17055272355064 86.69035775721139 61.460240221480724 37.100643172081966 37.01874675834321 61.31191394347402 92.42698341310246 80.27565276154697 63.39397887491647 63.15215164731969 79.7017786915233 105.41031430849529
29.246470995731954 7.594718132841886 62.85486578985386 66.82905439318642 25.931261653204075 26.62607131876687 40.404817139646 31.990368507542005 33.04120881532123 35.902496401145214 52.8592545337995 40.59855203547114 56.5210592409765 33.577487539961055 80.29528155363369 82.77307201032721 42.89368143744083 33.61251767964514 50.57165217913837 53.91592859679876 27.898188171675308 0.0 46.41679569021698 26.019230670076528 25.614699864013556 27.314273376024406 43.50364866812143 31.495080281082096 45.226844516481925 36.685369998651666 52.963905108649215 45.28824769047728 50.48496522764822 33.71628940872649 71.57374506546387 27.3828589588332 53.69631902191598 37.048612421868626 18.30224871287264 57.46660987585294 97.05796621846596 82.005494405389 80.15163621055143 92.29517772071475 114.04931494727305 75.58932768291582 55.24877514032879 52.78173009726945 70.10134158739743 97.14570672092584 60.046795851268804 31.042749782824906 26.768096085876067 53.51872246214511 86.06288614502613 55.641556629144986 21.417193673297927 14.705898582279742 48.669134252972036 83.16224932199404 64.69057846820095 39.212085863234066 35.848810584919185 58.545021739064744 89.24536249863093
54.76785374652011 47.92026692556652 46.7281714221165 32.72681067847167 27.05002211468283 31.602095749614044 39.541340218014916 18.35234609038798 29.933693909394037 37.32520826640901 21.61576728700203 30.633977458148074 22.299095022212697 33.65981162762229 45.1209909068834 38.13874670083439 46.75293632255301 15.956726223218764 47.93773860652006 21.31800760174473 38.537837551823806 46.41679569021698 0.0 20.410507469088273 30.400131758210254 20.096739481863363 46.89962764529162 23.44334364579958 13.031945238272659 31.099525022684293 14.817663313597293 39.027140047435694 20.169006547623795 38.67454212103708 32.390715708120375 27.323606112974634 56.78036093956787 18.66176546715683 41.94657623965846 25.815766651998864 102.43272476424481 73.63213709531114 52.39970910286314 49.64450429142256 67.66264471757368 92.51282794813334 59.208315759826355 29.1113806783286 24.16954333077128 52.11245220284875 90.59942956596026 56.20033773696229 22.439975957824075 15.603855787137697 48.76742093924833 97.1667796740965 66.18361936684582 41.400355528415716 37.980744714113804 59.71527498086537 110.71554557209949 84.68137345213063 66.92319099397535 64.66272096542285 79.23759826924707
38.661745345005535 28.107793088073446 48.77733004172268 44.72623939587713 12.700031798191446 17.940143485376566 32.06231571027113 10.87546127198316 20.69975890314964 28.037720608749726 31.35318343460064 26.292021904609634 33.601308916442946 25.031073331726876 59.04170588607492 57.558934804310724 38.23242481978135 10.005041996170242 42.83017090603266 32.01485115201236 24.876087185694864 26.019230670076528 20.410507469088273 0.0 16.09059309958456 4.317229256900729 38.62733240739217 15.143188451631275 21.21401509066083 24.009823454863053 28.99928887066349 34.449395730651155 28.21177935864278 28.940213710456742 48.337008711100545 15.27394318063655 49.89351727696051 15.895626174464722 24.184424334674624 36.36191572308175 96.88074161373231 73.37980636490812 61.46620750940445 67.57495206883746 88.03087200595658 81.82796531267763 52.14637922104097 33.72693989978115 44.16560579193596 71.82289081891643 74.80599581683748 40.36668730738134 7.606295500512184 29.683259109558396 64.02491596667356 78.01476969582379 45.9927409695764 23.220778478589196 36.84998350908183 67.61273856469269 90.37084547516356 64.62820848624342 50.808712303332285 58.14679229354215 81.08870424456863
24.388561171855745 31.397551896571088 37.926337008786774 41.963610291799306 3.611453261429151 1.8975303312105731 17.330668961707353 26.94821460011921 7.532775459865228 12.833319656841242 46.47545434914682 15.080878425389194 32.48832202377604 40.01660011480214 73.58282185351618 68.40627293706348 22.63592012816296 14.445183158685477 28.355422972590734 46.94069519188431 8.898152207764117 25.614699864013556 30.400131758210254 16.09059309958456 0.0 12.66336759489973 23.09453628661623 31.02437487399107 23.274755504941652 11.32261206504191 42.71944427888909 21.099375384513355 26.360348036887412 43.221769331178 61.886804352474115 30.212255984298743 34.430481629410764 13.996924265727989 12.492518808675886 51.478402909590734 81.22461065497151 59.90574814416446 54.541335272318 68.9609538371048 94.50537742487273 65.77281216955446 36.58114177354245 27.297221601683557 50.467196691659446 82.11929637699193 60.42374601574411 25.871689891589916 9.083717145333242 43.48031532274355 78.06033594605819 67.61933677666963 39.77725713535474 31.415317263329598 52.78684141765283 83.5512752098062 84.20241731932721 63.849707789402125 58.807406532622274 72.3507064079374 96.98312300358742
36.282084850306404 30.404804996358493 44.50237654058982 41.372233313146445 9.092157053763207 14.415154492020752 27.92502698849324 14.565821352939466 16.537081384541708 24.021053793848143 33.898087074236486 21.975858638727388 30.39970224263303 29.333132854185877 61.25097940479484 58.0370145582254 34.25558800777682 6.608948800067133 38.61405355210744 34.419895904063374 21.56099107035153 27.314273376024406 20.096739481863363 4.317229256900729 12.66336759489973 0.0 34.62776990493342 19.27245394336289 18.314681325275128 19.753527851067965 30.643247195608136 30.16868034420036 24.757874076249355 33.25606052508457 49.98111724276469 19.59027345505646 45.83925044041488 11.910282873595573 22.369669345810895 38.91155738358341 92.84359509918015 69.06873080353452 57.5832916026742 65.23780225324937 87.12574640894557 78.37182493695568 48.119216285990554 29.725616413690965 42.97211688733577 72.14174000972046 72.49461953037533 37.906863822171005 3.6393893048183092 31.37537808366498 65.95784950235196 77.20080691038707 46.20556243612405 26.54777183726301 40.85896665680212 70.91520922992368 90.86026002823306 66.40399064754472 54.3892415427381 62.46347507345299 85.08806227288002
21.92517966019402 50.69248441109369 23.684435108040603 40.84017171124824 26.05346458460783 21.2084478072865 7.359710529689178 49.17854747280198 18.273440711687876 10.606845694132256 66.56946698014052 16.468516238258648 36.6337920327129 63.09091462171909 92.00895693978791 81.80263419284651 0.6303854679144529 33.181849376263244 7.695809372031012 66.74432963113158 16.137237975673415 43.50364866812143 46.89962764529162 38.62733240739217 23.09453628661623 34.62776990493342 0.0 53.765909210277734 35.056734468375275 15.974541961909932 61.270575707072716 9.768146494489113 32.22957859593062 66.30376460021373 79.21045096958227 53.26625244564222 11.33667618416593 28.42398860144307 25.21662243925759 71.39812091217853 58.256741221141276 38.5024724547033 44.33802235343659 69.59962227515335 100.5842033733346 45.63307643521853 13.52798134140271 26.04779709255712 59.73961857544641 94.09574465204612 48.72392817362801 21.724944509512756 31.060785944202685 62.06785645746237 95.57673544850351 65.33576206232232 48.46983248402617 53.14788678332902 75.46443817832296 104.68942324749196 88.1277000378112 76.25584067996415 79.10851627937576 95.37349654811679 119.70293531214334
51.841580198440724 29.699976411259783 62.66023390010418 54.57315803858484 27.77083603490042 32.90777361612812 47.18348184987779 5.789030611039402 35.802572154297216 43.180340681710696 21.49388390774597 40.95981411967702 43.42085815043642 10.96878573167681 48.8066057692601 53.37605991817774 53.36609030441931 22.99323493182848 57.879535732405294 22.63742469021432 39.58986418527322 31.495080281082096 23.44334364579958 15.143188451631275 31.02437487399107 19.27245394336289 53.765909210277734 0.0 31.23527426936514 38.99789550623574 23.09059627303056 49.35311170384629 39.18077320838941 15.725412690404191 40.49160148463986 4.730055661184454 65.0367049582779 29.294310000024574 36.9505003726206 25.987992363813458 112.02158292113701 88.02059356271471 73.08330939022773 73.00322392464378 87.82099217747331 96.43117507983689 67.28763156477119 46.37992037119668 46.576673177267004 67.69411919406288 87.37469626301217 53.64967899053051 22.739577215650794 23.46781829740005 54.58240033990046 86.91966622757595 52.91226390950197 20.95801275215081 21.762818214945053 53.87813607058086 95.1895401647587 65.51250813427829 43.78985358679762 44.02313281509669 65.97987237896741
46.361513320317144 48.71442727055213 33.880738201542194 23.738140408257323 20.842939483267894 23.813357777661793 27.80461926045252 25.45352404991877 20.014860749923034 26.43746005227841 34.56037430969232 18.58909085870903 12.508404642397984 42.188663441567435 57.58333706286575 47.14671307611394 34.99491953034337 11.732154109249569 35.28676062894081 34.32311225893367 29.71716652506141 45.226844516481925 13.031945238272659 21.21401509066083 23.274755504941652 18.314681325275128 35.056734468375275 31.23527426936514 0.0 20.00497490668816 27.823878815685156 26.518567294516423 8.018306691802398 46.93926710140105 44.44789168343143 33.82800658678925 44.31540505428767 9.286091263710006 35.756813971152795 38.843725631760286 89.49692594573175 60.6919642774563 41.858708403304824 47.07027276700608 71.23125616757814 80.6045145905229 46.74183910902683 16.3512250475224 27.290600656908122 60.141853099649275 81.07136942264681 47.535094776739854 18.478456755608423 28.60369427286979 60.74322284315255 90.75314286161849 62.51293764451551 44.434441764630854 49.35371987926399 72.7459794472529 107.18064475459555 84.43667066911867 71.87605523165466 74.81669932485879 91.78052571145419
27.583329346011336 42.6937071520478 26.62104758557513 32.93110080644973 12.663164007015546 10.071745534353772 8.685732561278202 33.997334188436746 3.833323026998647 6.432526990299108 50.61202345625482 4.026103318614605 25.157047905856096 49.01762283939863 76.14005366713481 67.15163918097011 15.762537123851175 17.322753596566596 18.897792785552735 50.773601429214 11.774846253500652 36.685369998651666 31.099525022684293 24.009823454863053 11.32261206504191 19.753527851067965 15.974541961909932 38.99789550623574 20.00497490668816 0.0 45.326216973727654 10.476779225198548 19.486311791075455 52.7386464087495 63.48325441614181 39.205747486078934 26.647042307218765 12.491770399109043 21.004070141945384 55.42792819577506 73.51570346197688 49.55014799424882 43.59695411772666 61.16363610821367 89.30904257973762 61.45306348714148 29.01872195783485 17.393782772140888 46.45267890177885 80.05004258632229 61.19700269807439 28.47751240544061 16.483784068050827 46.122797101297124 79.86088240479732 72.87209912224911 48.59903717946386 42.523059084640906 60.41005916321013 88.79955234524962 92.04454744342762 74.12617957708252 70.08524555732231 81.999708249604 104.55009335991357
66.87454595119026 52.375750179482196 61.25047830520932 44.802038823454886 39.14175048826565 44.21131186326983 53.92103435804698 21.00200042131558 43.69303760073174 51.33504654139812 7.9680746705396315 45.22302943639071 35.61022693977801 29.73466234853154 30.98300689255168 30.307973269496575 61.08196213932648 28.784422533894098 62.67243798803969 7.149132181553539 51.40049387292373 52.963905108649215 14.817663313597293 28.99928887066349 42.71944427888909 30.643247195608136 61.270575707072716 23.09059627303056 27.823878815685156 45.326216973727654 0.0 53.729106793713754 34.571676270380635 34.489660741557294 19.364142349723938 27.82012854948144 71.41965370902066 32.847160134999434 52.93632942729664 11.231379572514326 117.24552205276113 88.21830507637046 64.90932837857547 55.12501359235636 65.26184176253663 106.74879691696057 73.84361630501392 43.649665723253214 27.432582634247748 44.661386967595654 103.06319715443574 68.45952229152473 33.8562282537733 0.7978754651673389 35.35369052083033 106.89577945143911 74.05398692760195 44.001333133500225 27.98357872082625 44.99870066509147 117.51304048431902 88.57027821507192 65.38246807840365 55.676148688634655 65.72361361130065
29.328060079749037 51.83631971130363 17.730686926860184 31.286765543816728 22.991577102061605 19.498294929491507 5.46575865308714 44.220813504465234 14.102262990366707 9.459946463975896 59.644370534052754 8.709390222161987 26.915720407414597 59.4735223328452 84.03623317284487 72.59600481514124 9.988846738640287 27.088483504261717 8.979802678744234 59.66521767102726 17.74074834631565 45.28824769047728 39.027140047435694 34.449395730651155 21.099375384513355 30.16868034420036 9.768146494489113 49.35311170384629 26.518567294516423 10.476779225198548 53.729106793713754 0.0 22.770441988794076 63.215389851965504 70.96390671897707 49.67187613821805 17.800395780280457 21.407511161117302 27.908718210419934 64.30505413844995 63.853000236929724 39.088853097665364 37.06080278827897 60.11571874105975 90.824710543556 54.29627697193975 20.22829741270523 16.283000249476178 50.159166019156395 84.6262461180986 58.4645275870338 29.57844636384631 26.953898399490683 54.52508995758497 87.25997293685593 74.07580371657039 54.0833911272917 52.51291491375765 70.60455939295971 98.01635535835939 95.68353434852948 80.99044863727192 79.73895055033326 92.4763815191305 114.6306917010509
47.05359889477051 54.72184813226654 26.680110349219646 16.62574978520292 24.839374849920638 26.331927214554074 25.52738322019746 33.39245222001416 20.991823520956903 25.526651136829656 41.75198772636532 16.6329081337878 6.133592117583091 50.14550118212707 63.107323844740776 49.88808865861674 32.30893453456831 18.254024489692146 30.817070934218336 41.37898119180542 30.829937193732352 50.48496522764822 20.169006547623795 28.21177935864278 26.360348036887412 24.757874076249355 32.22957859593062 39.18077320838941 8.018306691802398 19.486311791075455 34.571676270380635 22.770441988794076 0.0 54.85575412721625 49.672727605632446 41.60570237720064 40.075256721417546 13.462154425981335 38.590205344160886 45.76845053126525 83.6846496058316 53.65639877698243 33.907678258273116 42.60616299870855 69.82601643651016 76.91895757308507 42.4546426456969 9.117084492613625 27.544503563394336 61.87998079262473 80.12026940541793 47.96363033501288 24.012628217996312 35.32063146145675 65.675961458873 92.256633563536 66.13108204783943 51.28506116942098 57.2869871466798 79.55026212446822 110.4196223348021 89.55840721947185 79.01681218404329 82.83319329113002 99.36675607154386
60.026670707776766 28.514063157304033 77.61434952113913 70.28821796534508 40.51376784342876 45.09993183084161 60.33307883235096 21.4891901566062 49.21273735511334 55.98930784389143 29.563268400658657 55.2167301992846 59.14534219015734 5.034158443836387 52.42680735784462 63.207906852738915 65.83118411316288 38.05777203511765 71.30274198468467 30.982683160276757 50.88777509329744 33.71628940872649 38.67454212103708 28.940213710456742 43.221769331178 33.25606052508457 66.30376460021373 15.725412690404191 46.93926710140105 52.7386464087495 34.489660741557294 63.215389851965504 54.85575412721625 0.0 47.82257569029807 13.707023854564623 77.63251271510438 44.33923011054772 45.611641778605744 32.344560836213816 124.20992127421327 102.25537446704605 88.76331417790085 87.7291146429189 99.54183263441304 106.26866062437645 79.7438810960924 61.805595154295325 60.62642404860173 76.98039798544004 93.49955969502265 61.90046888472262 36.27677083198263 34.57131506279572 58.899772645533446 88.17975319086327 53.610177949414386 19.16475198389325 15.980565988571936 50.38177737933585 91.61652246875363 59.044821618999435 31.206363045981384 29.261332730766632 55.977285178030456
