0.0 20.083776169179448 36.99426280533825 30.445265015044804 46.50504349218718 58.98037999499297 69.67635154546159 45.16483532372773 21.18174048716402 62.73780826782655 17.89458541473698 28.514691000749508 57.72851551410192 38.126853148792804 41.74813208325909 29.47527000757095 59.154815796680076 22.19200505564476 41.080599874579 35.77503852821851 8.140095252136085 28.15418384195793 43.19571103778092 35.61682106981605 61.466876243834655 66.85905855753255 59.19456237253499 33.78401921643515 59.582895843031864 58.055923577030725 29.354512760738505 30.4820342063466 1.5543672627566778 64.33583131893273 53.39758847275326 25.39025140281771 11.309919532737363 18.365407906314694 35.486205676501676 21.95751724517224 104.29129611850011 84.85106928754381 76.92510341240107 83.84495914993435 102.65096627650756 85.38954561190889 60.39316188292377 48.970407052110296 59.52877282697747 84.16683482224065 72.78962516513245 40.897364138842875 21.016778741988315 40.07070397858822 71.86420095816466 69.98323687736224 35.71551966699233 6.956774692689815 34.87188768864057 69.12708481923302 78.03440993875836 49.561765671073154 34.90270136024607 48.73252478793832 76.9827892847157
20.083776169179448 0.0 21.617630199816475 18.00906953005346 30.96450993237684 39.010787503242696 49.5987559170603 39.91200472368489 5.323694773200789 45.579632965346 22.069948352506007 10.905739202581973 38.19520601369503 33.700978092252484 38.127444431616865 22.411656493278752 43.36578338155 25.09140180801731 20.997569306879342 24.477730357953916 13.17050030063293 8.283579658381923 31.487902747577177 24.108392638262806 46.41403953408956 47.2734302629983 39.14755724496868 31.49231477256433 61.49041525363497 39.60387935676461 34.34784208070253 11.318274383296403 20.110158286154515 44.80941618462451 53.54913266694497 24.257127465562874 24.002709676099443 17.17439829241117 37.119492136119426 10.64469866359361 85.19876908271775 64.77332304599335 59.38958409325978 72.48067476720263 96.82231109138027 68.57044072217914 40.769311735194805 31.893633870922912 52.60329502365877 83.13750703863484 61.1637004614084 26.646818096209874 8.600106416622753 42.81033755190636 77.37145744680423 66.15258018103317 36.597627299106094 26.40929285715364 49.50108221603573 81.22872335412403 81.28570539723412 59.582723638739175 53.73671751261248 67.97034250869211 93.52592640769097
36.99426280533825 21.617630199816475 0.0 7.446154063544785 9.623821482405353 29.1459974457117 41.8322464113223 24.903541792447353 25.94555478600058 51.248951526991306 26.603992789143557 10.856988365488663 37.48301771020135 21.551168058764915 25.39078225163784 14.112128323418263 22.302391029716336 26.081933844985663 19.9165847462028 41.55892010302294 28.873968950461386 16.11745364419415 11.5314490388871 7.539866719332351 25.010447923380635 33.62996286004763 30.477923526721952 22.866349730902847 50.34699640237569 42.90521081295842 32.485285415574346 12.47853601122285 37.73386667167483 43.04998324235323 41.634185562257244 21.612404553813676 34.21070891908476 21.603673162479417 30.588717655180595 15.037443160296124 82.32632484649693 54.711867545827474 40.04967114762506 51.082158227732975 77.52174301801978 72.78354695188725 39.07435391878615 12.288903040346154 34.2064426421339 67.7052130564983 73.54408116165064 40.46072304374218 16.132506749985165 35.753249760363715 68.49219949993108 84.32958497804654 57.655676675111536 43.951015730235504 54.1666234470279 79.56865581552492 102.00778628285089 81.16667557911214 71.86948603878706 78.34009101662497 97.48779274675833
30.445265015044804 18.00906953005346 7.446154063544785 0.0 16.27530751483627 35.85664964600223 48.405010298905175 22.914889974141776 23.070127065079692 54.773825404764644 19.16056577225701 9.435823257598805 42.398771495631344 17.79360281925187 22.129681880657753 7.768673426508277 28.79403467121748 18.816347002314235 23.784571512202433 40.84263865501688 22.459678119126856 15.403275045849938 13.69822905068579 6.111642120948267 31.021815948566466 40.94060325919148 36.99701239736995 17.62107482229643 46.9503466267667 46.911145653788324 25.855863019468075 12.81883271222322 31.328060851436693 48.37361403276788 38.430698220313005 14.616800295461333 26.85273500197802 14.202784086027187 25.04271817612899 8.876655833069867 88.32572285575867 61.76330659664728 47.14647498581807 55.00623150315757 78.8884797874979 77.01029820742157 44.283680816035584 19.65579164302295 34.734756449372334 66.49438974838208 75.16625430292835 41.02440631229348 10.530472549971343 30.555402182038872 64.4300175725922 83.42414896400159 54.59482181470165 37.368811506359485 46.97966734709418 73.57022346508127 99.29440913091533 76.50978976091021 65.13745346605111 70.89992546061794 90.58411939990987
46.50504349218718 30.96450993237684 9.623821482405353 16.27530751483627 0.0 26.40047361742234 38.88102076208547 24.851959321743593 34.954642177663395 53.88090786106965 34.797367257799436 20.064751111841662 38.41055629624926 24.192539481868405 26.90257091191671 20.88864233587619 12.685854808094334 33.480257985056944 23.97425708597909 48.94639235841617 38.411381213958855 24.586337063814337 9.891139867669994 12.876848736602948 15.459306556376317 28.039992358427885 28.23463999653743 27.205649620782037 50.52431356100827 45.09415641972906 38.29995459811175 20.79232786417043 47.28727638799243 42.974065497056515 41.8740516869612 28.590423079928954 42.97194163830451 30.30546033612378 34.73673960869296 24.566710626088557 80.0816201283093 49.87333868651784 30.926849213160228 42.666452327234396 71.26863522896845 73.9468655926719 39.38404316579697 5.377830551436659 30.02654737139559 64.56872550162623 78.1905757857586 46.80597694452113 25.742467745495706 39.10743721581127 69.2166921884153 91.3778452524056 66.380743359379 53.457406349339706 60.85872343211635 83.33470382166493 110.34692777051656 90.54162920281667 81.32560309587619 86.16638422862802 103.10268073163105
58.98037999499297 39.010787503242696 29.1459974457117 35.85664964600223 26.40047361742234 0.0 12.726016402561683 51.21993445135741 39.64478543704421 32.85725252215437 54.17024758691871 31.583190565552826 16.144413724291105 49.7860075120904 52.981482148297154 43.20163199573092 27.290495081858676 54.551427838348694 18.473602915661086 42.7406186675606 51.41257123442096 30.8279833296215 36.163839768849165 36.342691414884904 31.102480686355587 10.088118986878548 2.2249304997124275 51.83796506183792 76.92463044594288 24.281518457711204 61.57817606680585 28.77676152798478 59.101656195486186 18.181434239954452 68.27057244527343 50.46949301036231 60.19048927677502 48.60625655468762 59.579113190836324 39.91611737648489 53.7501637975918 26.279435430336875 29.782247953814174 58.976273264638216 92.00143624587675 49.39554492171123 15.670711969496846 21.12051695243931 55.14920603447823 89.61945817341876 59.93361816394757 37.24399142593297 39.71174274312883 64.5117154419492 95.61031141799604 79.657834366331 64.149625543968 65.41984561470089 82.69894681475456 108.59674611863622 103.43963831080627 91.81281930117504 92.48849741994123 105.22995711572598 126.4407329256235
69.67635154546159 49.5987559170603 41.8322464113223 48.405010298905175 38.88102076208547 12.726016402561683 0.0 63.732669578932565 49.30535085684594 29.40610113769786 66.36271861104738 43.41572034217412 16.047015457550177 62.48847211708199 65.62302399137756 55.84422817950944 37.82990042948973 66.97380608909745 28.60666857639178 48.021630566221134 62.48109443183974 41.7550514763942 48.723688050371585 49.065605357409375 41.27489491466699 14.447786895749559 11.408196543041546 64.56145500959921 89.33163397163098 22.821614028743138 74.20298599549889 40.27926018787137 69.62740412842818 12.886252839823413 80.72395351209907 63.01877324600295 71.91050196106823 60.73619392826977 72.30286011081839 51.860761143490905 41.21343045994063 15.51995955149437 34.32260764507229 67.15700710624144 101.17774344224341 40.54343159605542 13.659969270012638 33.53014611598334 66.75925149263664 100.91667673997334 56.52305859488149 41.5144387913319 51.44766206619402 77.23403436548459 108.06549414098757 79.69766236162455 69.65158212991159 75.80057902253134 95.0519439355312 121.32096145117102 105.42378123659903 97.82688150040696 102.08178352292836 116.90144993981308 138.9455798164041
45.16483532372773 39.91200472368489 24.903541792447353 22.914889974141776 24.851959321743593 51.21993445135741 63.732669578932565 0.0 45.209034498707865 76.1512484263933 27.612174771486796 32.332398416262336 61.98884176709416 7.038802663757577 4.350949401301617 17.618443789029985 30.48008328847776 23.70138385873026 44.81667898491258 63.64773216608685 38.97087969795542 38.31465180223713 15.073322320407629 17.880637065628466 29.69515561285072 52.313263313256236 52.995548567105736 11.687470470829052 25.811348791885077 67.76020451151088 21.805410852805245 35.52458618291177 46.527955482384 67.1486049328046 17.095797998782494 19.786506924432018 36.29040311754477 27.19638960141918 14.982317439615045 29.35179244705096 104.93220719854587 74.1833973205558 48.89179107413006 40.89572713364703 57.87345011579508 97.4944791317478 63.33578399498724 30.207961246670642 14.43854655177493 43.58065678513101 97.879019537702 63.92073168505473 31.40489274556939 16.778692244172813 44.40305861510079 106.00071139717745 75.67355796184093 51.104227612997214 43.492699775618036 59.71939330246447 120.30221795837568 94.51565769821623 76.08253144970122 70.98344718140709 81.75270085284704
21.18174048716402 5.323694773200789 25.94555478600058 23.070127065079692 34.954642177663395 39.64478543704421 49.30535085684594 45.209034498707865 0.0 42.20976018019939 26.585194514063605 15.090721636830821 36.613505133210474 39.024065353498074 43.45108490787973 27.732166166022246 47.043634399909294 29.90109288604862 21.185287168425994 19.29807595155006 15.78462834364968 10.6611739472336 36.33303940090444 29.124136093488488 50.2922790874383 48.544417760855104 39.48156803872784 36.78183937951415 66.73464730588218 36.97481938667125 39.16678667210908 14.36277309549404 20.813555710778335 43.20520269046416 58.839774639095204 29.40442544295571 27.236677677544463 22.05050454043942 42.263779410988796 15.968389796550477 83.12221171443484 64.71867094257867 62.14895192481307 77.0146716598224 101.95493437613173 65.12720684279118 39.30966248248037 35.26725546579527 57.76800413737726 88.46094361823843 56.32015467701044 22.033520311101444 13.922865520120329 47.92776151479 82.43269033503876 60.832420510005115 31.768638747627122 26.697437359269284 53.01984200430959 85.46518508425511 76.3373669019501 55.82589673350548 52.91947122025627 69.85136111829983 96.70965511560885
62.73780826782655 45.579632965346 51.248951526991306 54.773825404764644 53.88090786106965 32.85725252215437 29.40610113769786 76.1512484263933 42.20976018019939 0.0 67.2902310419565 46.07703608696404 16.759040821049762 72.30488192217922 76.42265664504446 62.32985124245279 59.02848291591906 69.66751525834647 31.35483582186811 29.618888030086026 57.98923043543057 41.107964949794464 61.934834350125634 58.493365800036564 63.01511417580174 41.17635902485147 30.700022738267922 72.3445126562355 101.44086697996921 8.904167237016978 78.60190021376982 42.327524759647446 62.037732664950404 16.56526299145644 92.77505650969044 67.42310360177335 69.370923290217 61.91349263215281 79.50061995302559 53.292047603419626 43.82748696434282 41.01497370590784 61.9550855734319 91.59400795866242 123.83584724684047 22.991035193785788 17.39928924918556 49.71654826628866 83.87840851285543 118.29747248225334 27.38321902817266 22.8464263018751 51.85485238149643 85.15127859537536 119.19481023618745 50.83891208482719 48.372382016056214 67.00740127343673 95.05213533429294 126.39081121102681 77.67075520267608 75.87104820195523 88.74024105337021 111.30134542000617 138.90965870184448
17.89458541473698 22.069948352506007 26.603992789143557 19.16056577225701 34.797367257799436 54.17024758691871 66.36271861104738 27.612174771486796 26.585194514063605 67.2902310419565 0.0 23.149750944138194 57.9121209303996 20.633166411430263 23.981307276273633 14.370654816265505 46.65613721363422 4.3442613664847975 39.14916792406339 45.56257038725523 13.530526801136899 26.602952843391915 28.703243430167976 22.137585325035563 48.149274824326824 59.971386565798134 55.04201197376166 16.02436721042351 42.55973719258615 60.678203993924704 12.939168328503841 26.66356620330948 19.35858345861709 64.34606698945156 35.81915333667551 8.007451943118623 8.99511091307532 5.678699156733023 17.91288975080949 14.744559490134566 104.90945606372819 80.3716413992685 65.63521110900123 67.46209722233976 84.78833418553727 90.24374396203288 60.198318019717334 38.71136962430769 42.049152930690674 66.57717975651015 82.8774311301945 48.582817357876955 15.70874606482654 22.98025831601401 56.60629691518017 84.73649000335081 51.662667518322614 23.508226364229355 28.82861795667307 59.19787778787644 95.28235900366526 67.4540064765446 49.154537315247005 51.740743955242486 73.02637283011296
28.514691000749508 10.905739202581973 10.856988365488663 9.435823257598805 20.064751111841662 31.583190565552826 43.41572034217412 32.332398416262336 15.090721636830821 46.07703608696404 23.149750944138194 0.0 35.00972754321445 27.144865531898663 31.52079242486191 16.407811218870286 32.47563741169841 24.450924423226937 16.12320115748709 31.641760661335553 20.497953320850776 5.993628226821283 21.539178805577794 14.893125856956715 35.50935363490714 38.60709725121812 32.22921642382593 26.436682042562122 56.206993267535736 38.613496848526715 32.881192922308784 3.771257866881083 28.965652103226766 41.33632453687089 47.75917675209964 21.51107826769246 28.608344815677466 17.47300207672394 33.43253864750078 8.462817603240381 81.82840398710088 57.85667889873476 48.92556048618473 61.92603028294719 87.58289539446494 68.65294522658627 37.18792927358775 21.15427085984137 43.66818251571473 75.90232571784396 65.76302164467035 31.592048201627176 8.135933076877734 39.104765799314634 73.39635830967978 74.36769643172732 46.82695406957738 35.35255413265725 51.977616736360915 80.92201369686268 91.27154965472496 70.47688963159118 63.23182871383406 73.64993108062058 96.15163299754732
57.72851551410192 38.19520601369503 37.48301771020135 42.398771495631344 38.41055629624926 16.144413724291105 16.047015457550177 61.98884176709416 36.613505133210474 16.759040821049762 57.9121209303996 35.00972754321445 0.0 59.02469312483106 62.847848099918394 50.16666625569584 42.44834560535346 59.45922926855833 18.89745694703554 32.25469573565694 51.36276056158407 31.4830319023552 47.21425932625388 45.00175405017638 46.407564067131815 25.015154720967782 14.028951788994359 59.88341808571232 87.70473651028672 8.160000508184563 67.76510503001592 31.33266309965351 57.42193182133498 6.618378179934525 78.97163136942795 56.340483571360046 61.90779034620416 52.25932510885845 67.4267925469602 43.203320901362815 47.1308319546192 30.884072258874895 45.61986623002746 74.85555521929456 107.33299481366856 35.588770164473594 2.798393552633859 33.82241458766952 68.37349433817474 102.96003110376144 43.80528140456942 25.57709733404051 42.24114943555117 72.86482739700331 105.9674148286374 64.63980592043254 53.785311051122804 63.2630414482036 86.6392676218048 115.78130473094251 89.69190229521882 81.9982828800161 88.30357690046385 106.14163759039731 130.8789326118553
38.126853148792804 33.700978092252484 21.551168058764915 17.79360281925187 24.192539481868405 49.7860075120904 62.48847211708199 7.038802663757577 39.024065353498074 72.30488192217922 20.633166411430263 27.144865531898663 59.02469312483106 0.0 4.445405466988954 11.305833269636778 32.48580950926042 16.83551506065157 41.024481259696906 57.827215035683444 31.98580460130079 33.0113598637893 14.539130742035296 14.022940850094566 32.54632281983578 52.231897924597035 51.366670302252544 5.029364944245715 29.189903420672216 64.19917634038394 16.42161239785345 30.6117063442609 39.489174114884726 64.58182066444783 20.637222701786726 12.7564646180686 29.404140546674217 20.19981305516991 10.925927222014248 23.05871351914184 103.44754498936656 74.05808528524766 51.6005650484849 47.28054057537757 64.83127029160245 94.20732631367933 60.621877299182515 29.49324677338775 21.43686369850389 49.43758253879558 92.9042638564551 58.595518997544715 25.11015829891733 14.915021031679073 47.00264092936824 99.84965829860712 68.99190091928051 44.09804348704135 39.04125259132026 59.14920359660435 113.53941923199059 87.48873322386115 69.36950369253687 66.06624346953976 79.44897666028845
41.74813208325909 38.127444431616865 25.39078225163784 22.129681880657753 26.90257091191671 52.981482148297154 65.62302399137756 4.350949401301617 43.45108490787973 76.42265664504446 23.981307276273633 31.52079242486191 62.847848099918394 4.445405466988954 0.0 15.746558353525895 33.8214080002 19.90744137587607 45.09071602000791 62.27257736733674 35.95282720852735 37.412810512676096 17.01905981388609 17.95646803758204 33.35788242131775 54.79202469168929 54.650774722229336 7.9673577541904885 25.01872699808728 68.22606182131177 17.46520839303991 34.9434310891314 43.154715334039544 68.26666596481343 16.371802073463197 16.414295286481465 32.45758645920318 24.180842516534575 10.659882761023063 27.48303454234863 106.72481036313631 76.6753270804903 52.562739794988396 45.1817733584967 60.948821730757516 98.16694377582235 64.35672038031532 32.274988149245736 18.341511830518257 45.011065825354265 97.28323938955059 63.01313315199817 29.531903712497275 12.979361615801668 43.12361792401042 104.26904857207899 73.25106205868289 47.47869858743499 39.211741500722184 56.7073156552194 117.7314131979256 91.25183127072854 72.02690905688503 66.66050112578117 78.06495408985216
29.47527000757095 22.411656493278752 14.112128323418263 7.768673426508277 20.88864233587619 43.20163199573092 55.84422817950944 17.618443789029985 27.732166166022246 62.32985124245279 14.370654816265505 16.407811218870286 50.16666625569584 11.305833269636778 15.746558353525895 0.0 32.358258548859794 12.596163733723252 31.512431469378622 46.538657938009614 22.314412991043884 22.059387970007492 14.370654816265505 8.014236567200305 33.7788777450864 47.580088000382716 44.452690127325106 10.036004777701336 39.910472368126115 54.585906248291536 18.381505837397672 20.073272844214042 30.651444744777795 56.13474668422634 31.59835276075337 7.728761622569031 23.140134012482065 11.194903294456125 17.293373293282862 11.78309496436425 96.00565935650876 68.81341393205008 51.46154705391433 54.37004040901848 75.22444644876919 84.68824679979343 52.04889868523414 25.316427207599812 31.10627015333318 60.73815541485086 81.94060879425727 47.49166941529438 13.838630381540394 22.85630001866951 56.992692013704925 88.56413209284736 58.08979601109928 36.05655713077756 40.256157645251356 65.84734732123444 102.76215696397004 77.88402174794942 62.980636124030944 65.28384144863318 83.3797285107462
59.154815796680076 43.36578338155 22.302391029716336 28.79403467121748 12.685854808094334 27.290495081858676 37.82990042948973 30.48008328847776 47.043634399909294 59.02848291591906 46.65613721363422 32.47563741169841 42.44834560535346 32.48580950926042 33.8214080002 32.358258548859794 0.0 44.81598303795044 32.65973646830826 59.33824645711005 51.07736497431585 36.453264445429625 18.62178006308324 24.533931167109902 4.020196285476084 24.142020966312895 29.492552601007638 36.57495589377053 54.081335674427876 50.1415522059312 48.25071361978556 32.69264696381066 59.95719127655433 45.44327779369355 46.00995690071961 39.7948653363493 55.13944365686463 42.54597760620557 43.40915032739739 37.23851834695196 78.1846656049066 45.22321050034236 19.29465268895794 33.07985034948487 64.89312288820173 76.68498431473594 42.60301907568206 12.012499620928 29.469230694448243 63.146048697355134 85.07620338733507 56.21317839672132 38.42796910898537 46.77950979229664 72.76511942520352 100.92019127505145 77.9729067887258 66.10168635405543 71.0905144567344 90.18347472309304 121.33092010096793 102.83194075955387 93.92713171382938 97.2876470593971 111.81300744719263
22.19200505564476 25.09140180801731 26.081933844985663 18.816347002314235 33.480257985056944 54.551427838348694 66.97380608909745 23.70138385873026 29.90109288604862 69.66751525834647 4.3442613664847975 24.450924423226937 59.45922926855833 16.83551506065157 19.90744137587607 12.596163733723252 44.81598303795044 0.0 40.57330563651001 49.084166909028326 17.74491633111824 28.62631741809277 26.434953095289234 20.609875533777025 45.99388868892374 59.70759881607298 55.581628386431234 12.021355044138575 38.320569097661284 62.723557922301296 9.267921444630158 28.139168337966066 23.67018418494608 65.77671300369165 31.485835559213506 5.037992203545416 12.589041979925245 7.923290733588846 13.59976438288942 16.44200703258827 106.2078341491684 80.56396643284273 63.99828972874921 63.99835340739446 80.56411818763176 92.53561076630659 61.630005536312595 37.795606475753985 38.12597696860147 62.237483361887236 86.20235583540669 51.7365110802081 17.814059728892417 18.78479670921792 52.756517785943274 88.79295862013196 55.909248548999884 27.610571380463526 28.172473030625458 56.743967321891446 99.6134697681254 71.73398271653957 52.568916886107054 52.68798344016403 71.99556934706814
41.080599874579 20.997569306879342 19.9165847462028 23.784571512202433 23.97425708597909 18.473602915661086 28.60666857639178 44.81667898491258 21.185287168425994 31.35483582186811 39.14916792406339 16.12320115748709 18.89745694703554 41.024481259696906 45.09071602000791 31.512431469378622 32.65973646830826 40.57330563651001 0.0 27.170456394070765 33.90952751458195 13.243297162532018 30.899062149518087 27.145712440417196 36.563815439656786 27.69031907477933 18.31849970247425 41.39520966932256 70.10808237055376 23.186557510613408 48.884557785233454 12.490770256051299 41.06668098455077 25.22076246509678 61.429586127182866 37.46521680227754 43.73761054020144 33.476745888546304 48.80571019897235 24.406569909866512 65.760388109176 43.80072344151639 43.67379975454415 65.50664758077903 95.23478172428386 53.25662602503667 21.07139412104438 21.132691040133032 53.329439869086805 87.38603566128425 54.29691943282974 23.555547503775205 23.588589445876952 54.339936155885454 88.00048378402518 68.26480787022125 47.44552173644138 47.29574233680801 67.95228564664602 96.91725943394697 89.28581153810678 74.38109779495032 74.08030248159848 88.53240458619041 112.1732323014369
35.77503852821851 24.477730357953916 41.55892010302294 40.84263865501688 48.94639235841617 42.7406186675606 48.021630566221134 63.64773216608685 19.29807595155006 29.618888030086026 45.56257038725523 31.641760661335553 32.25469573565694 57.827215035683444 62.27257736733674 46.538657938009614 59.33824645711005 49.084166909028326 27.170456394070765 0.0 33.31907323613415 25.71537397169602 52.92673126758929 46.5324436414255 63.10013778704196 52.802472487862474 41.58523290272203 55.92148740653535 85.96211974048498 28.295315079322787 58.32714104245064 29.12249427707535 34.7485247475742 37.73079035570322 77.95938759521984 48.69753078284046 44.68389942127192 41.29880580176686 61.55933127141741 34.96659848544258 73.34791221069736 63.13425453137183 70.61676958511357 91.55489270984599 119.04891763488429 50.896216547716996 34.957653920535904 47.41814819503023 75.29777214821023 107.17209853098767 37.51464802010195 7.05809410734778 32.97177748128639 67.22583632506905 101.71696795710835 42.78732877786777 21.664220981121403 38.765535380218736 70.22136634700847 103.70226200709583 62.13389412132063 49.80541058801869 59.121424336823594 83.09580298374752 112.73547753881107
8.140095252136085 13.17050030063293 28.873968950461386 22.459678119126856 38.411381213958855 51.41257123442096 62.48109443183974 38.97087969795542 15.78462834364968 57.98923043543057 13.530526801136899 20.497953320850776 51.36276056158407 31.98580460130079 35.95282720852735 22.314412991043884 51.07736497431585 17.74491633111824 33.90952751458195 33.31907323613415 0.0 20.73149819989344 35.5167963890697 27.84589559168131 53.461639709654804 59.00763535127025 51.752672573845786 28.13846653489536 56.063281510033484 52.509931935257455 26.356319568115143 22.702940670686225 8.882608370712155 57.978108051834 49.123241934853326 19.64235462065131 11.532412344922014 11.788362770350835 31.32254427070859 13.846158581260527 98.32787038643617 77.47578720579136 68.78507465050329 76.5182120181334 96.81657104781745 80.91167047466355 53.939758111658136 40.83035913963367 53.09953470967339 79.79238423251323 70.83307334736426 37.33858668977037 12.878935898060517 36.502261320405744 69.95580269614985 71.2764693297692 38.16545727477845 15.090365113572696 37.3321048291654 70.38823001103387 82.07147628045895 55.648810813648296 43.04266556049432 54.80301050160198 80.92519291925487
28.15418384195793 8.283579658381923 16.11745364419415 15.403275045849938 24.586337063814337 30.8279833296215 41.7550514763942 38.31465180223713 10.6611739472336 41.107964949794464 26.602952843391915 5.993628226821283 31.4830319023552 33.0113598637893 37.412810512676096 22.059387970007492 36.453264445429625 28.62631741809277 13.243297162532018 25.71537397169602 20.73149819989344 0.0 27.271962912204938 20.85943781980676 39.78301108726249 38.98992243616425 31.0634722653262 32.01490065782159 61.9619149838909 34.12400954800414 37.494380992768804 3.795113348051755 28.285068183993864 38.014374950360484 53.5805267342663 26.360332371373673 30.553868847191847 21.03418456562001 38.734187416170315 12.197593323192459 78.60522911727642 56.76558602176585 51.58183027963073 67.03612772726667 93.39059573901768 63.920135743222815 33.890278826654836 24.62036759813383 49.584455816746306 81.88967134315517 59.911948499263 25.62744854775705 10.906169278655005 44.451960595473686 78.91681022696349 68.4819964841316 41.79719230570979 34.62743554594206 55.190088477137884 85.36782183657229 85.94619093537108 66.47710921793899 62.01971244569539 75.28920096757659 99.42466092530827
43.19571103778092 31.487902747577177 11.5314490388871 13.69822905068579 9.891139867669994 36.163839768849165 48.723688050371585 15.073322320407629 36.33303940090444 61.934834350125634 28.703243430167976 21.539178805577794 47.21425932625388 14.539130742035296 17.01905981388609 14.370654816265505 18.62178006308324 26.434953095289234 30.899062149518087 52.92673126758929 35.5167963890697 27.271962912204938 0.0 7.7334874113550125 19.559066775142778 37.81366202825196 37.92442145091093 18.117431662375335 40.86046519033162 53.347994855899955 29.68729818138825 23.80877047974891 44.237578828726356 52.191436747971736 32.1614429251017 21.397248062313984 37.51057792434078 25.3359136532097 25.335410433009418 22.46902035556343 89.89919441569553 59.685338406249265 37.916272975351475 41.32526544534139 66.12670446924086 82.79355439029761 48.44091120722788 15.26841133567076 22.684359523451196 56.48795646334936 84.93850608847082 51.99031976637023 24.213286385275048 29.401011567755038 59.4760630866159 95.71403280156056 68.05684074995202 49.97099139697539 52.509763864374996 73.56806054555996 112.67004944901238 90.1811058046015 77.23642013650057 78.69585948034533 93.89011106304528
35.61682106981605 24.108392638262806 7.539866719332351 6.111642120948267 12.876848736602948 36.342691414884904 49.065605357409375 17.880637065628466 29.124136093488488 58.493365800036564 22.137585325035563 14.893125856956715 45.00175405017638 14.022940850094566 17.95646803758204 8.014236567200305 24.533931167109902 20.609875533777025 27.145712440417196 46.5324436414255 27.84589559168131 20.85943781980676 7.7334874113550125 0.0 26.239822550894942 39.97378173441723 37.78246174766406 15.495984501946136 42.9665248885441 50.26959380956497 25.79429694459745 17.790852408768433 36.616605375793924 50.589689594078756 34.28392022937386 15.715982757602799 30.63194197914314 18.128801549375954 23.237518857423755 14.75120072785567 89.75477391275719 61.46138827442301 43.51900915529445 49.042075491393184 72.87774200931463 80.22643837726693 46.61270399209626 17.437236545773395 28.813548019517167 61.24731967027385 80.03148368835309 46.279457379827996 16.53447480615471 28.281450221945665 61.0011711688893 89.23111636162828 60.70120287571851 42.44880256682615 48.10391412514266 72.25574838582193 105.39285357711815 82.46938348759022 69.92499686113051 73.29782743381912 90.83170247133918
61.466876243834655 46.41403953408956 25.010447923380635 31.021815948566466 15.459306556376317 31.102480686355587 41.27489491466699 29.69515561285072 50.2922790874383 63.01511417580174 48.149274824326824 35.50935363490714 46.407564067131815 32.54632281983578 33.35788242131775 33.7788777450864 4.020196285476084 45.99388868892374 36.563815439656786 63.10013778704196 53.461639709654804 39.78301108726249 19.559066775142778 26.239822550894942 0.0 27.289995582022975 33.31588758970469 36.94731254871099 52.201350297212414 54.13341624140188 48.69478088525526 35.9977569028981 62.33962674041802 49.27921054812745 44.39854483264119 40.95605780738482 56.82505694954161 44.368424639066156 43.38169713584413 39.69053487092067 81.24429394972991 47.826726002459914 19.209514146662244 29.076871227772294 60.965340481516755 80.46937570587563 46.510559684672145 15.684246977814787 26.900013936495704 59.96730443947303 89.09600410668395 60.10466336749488 41.010568331148434 46.32479268531594 70.74552753255743 104.82787887328847 81.45752109548816 68.38520392952059 71.50181334192281 89.12489734490666 125.01001813324768 105.9779706292704 96.07201165516197 98.09693232469897 111.40404113920827
66.85905855753255 47.2734302629983 33.62996286004763 40.94060325919148 28.039992358427885 10.088118986878548 14.447786895749559 52.313263313256236 48.544417760855104 41.17635902485147 59.971386565798134 38.60709725121812 25.015154720967782 52.231897924597035 54.79202469168929 47.580088000382716 24.142020966312895 59.70759881607298 27.69031907477933 52.802472487862474 59.00763535127025 38.98992243616425 37.81366202825196 39.97378173441723 27.289995582022975 0.0 11.568908900242185 55.09602026258458 77.31991994652935 33.108087552470515 65.7632433991355 36.37808792087397 67.13241040839141 25.117223402094606 68.91257577340119 55.20657418374237 66.81982767695376 54.641296431207664 62.715409654891474 46.50445740386431 54.042658268552394 21.886615337489776 20.791592052484447 52.72957443569999 86.73740306891705 54.857750071317234 23.811193373924663 22.790847866199613 53.54177987888353 87.22884424429566 68.5410264481244 47.32834675432651 46.65714727892533 67.14628257554178 96.09981279980244 89.3644854493385 74.14800468168274 73.51595108192208 87.78392025497809 111.3651263705838 113.46189659234965 101.68898177424454 101.00670480588778 111.61862829735735 130.80420601663732
59.19456237253499 39.14755724496868 30.477923526721952 36.99701239736995 28.23463999653743 2.2249304997124275 11.408196543041546 52.995548567105736 39.48156803872784 30.700022738267922 55.04201197376166 32.22921642382593 14.028951788994359 51.366670302252544 54.650774722229336 44.452690127325106 29.492552601007638 55.581628386431234 18.31849970247425 41.58523290272203 51.752672573845786 31.0634722653262 37.92442145091093 37.78246174766406 33.31588758970469 11.568908900242185 0.0 53.27196666783933 78.74306866960755 22.183466172302705 62.80258617026077 29.251648509158365 59.25765917428652 15.963966762713849 70.06944250315853 51.610577090304105 60.81469018007042 49.43730158454965 61.01198446161797 40.63482331536374 52.088258737158256 25.732003359078895 31.716394516696433 61.19287336803515 94.22340583047354 47.20043413340461 13.464193166924067 23.011775777048534 57.20710587602299 91.70942106737 57.83401530082413 35.88768318005405 40.32257929663946 66.02065674504608 97.39802847682243 77.87040537886396 63.103063360082416 65.5360396222099 83.68230210414153 110.02391645309432 101.90586852994592 90.90293048737931 92.39358692466386 105.85132234058645 127.542641404154
33.78401921643515 31.49231477256433 22.866349730902847 17.62107482229643 27.205649620782037 51.83796506183792 64.56145500959921 11.687470470829052 36.78183937951415 72.3445126562355 16.02436721042351 26.436682042562122 59.88341808571232 5.029364944245715 7.9673577541904885 10.036004777701336 36.57495589377053 12.021355044138575 41.39520966932256 55.92148740653535 28.13846653489536 32.01490065782159 18.117431662375335 15.495984501946136 36.94731254871099 55.09602026258458 53.27196666783933 0.0 30.10548987029729 64.53209128504747 11.74918014762519 30.10927419494393 35.195672372176354 65.70767344567822 22.058042908474473 8.509792193182445 24.608146290183033 16.435835795661475 7.741557708068944 20.96508522548549 105.19240367737655 76.76800285506103 55.82126936599289 52.282935520582946 68.88976674080915 94.63130739402506 61.663317745192934 32.318555716258565 26.104735281364142 52.08905102761888 91.8018409627301 57.268722856192284 22.949710777525446 12.981749717822815 46.959731903761934 97.38045489090894 65.76763545525252 39.530298448793815 34.565023673513835 56.759765430712356 110.09608927473451 83.3026437352618 64.4383050554553 61.31918941861891 75.91161934229261
59.582895843031864 61.49041525363497 50.34699640237569 46.9503466267667 50.52431356100827 76.92463044594288 89.33163397163098 25.811348791885077 66.73464730588218 101.44086697996921 42.55973719258615 56.206993267535736 87.70473651028672 29.189903420672216 25.01872699808728 39.910472368126115 54.081335674427876 38.320569097661284 70.10808237055376 85.96211974048498 56.063281510033484 61.9619149838909 40.86046519033162 42.9665248885441 52.201350297212414 77.31991994652935 78.74306866960755 30.10548987029729 0.0 93.22957190693317 30.228385419650625 59.7497542386084 61.130602033047836 92.94641316966948 8.734739166054451 37.451265031480304 48.476148324865605 45.307146968107226 24.815481152332087 51.05066849228302 130.5435162052164 99.0228605226805 70.45747291621349 50.177638208799216 49.660311784724314 123.1237107509892 89.11049253054442 55.82793860111726 26.223743014341387 25.562820402040373 121.84924845563133 87.35755919583238 53.012262820224755 19.598722694823987 18.782249985814403 126.90548117429734 94.22066935472986 63.599505029175745 40.08851047611108 39.548823382902825 137.59600768398417 108.07026533382825 82.58618821108338 66.00416680859016 65.47821706356666
58.055923577030725 39.60387935676461 42.90521081295842 46.911145653788324 45.09415641972906 24.281518457711204 22.821614028743138 67.76020451151088 36.97481938667125 8.904167237016978 60.678203993924704 38.613496848526715 8.160000508184563 64.19917634038394 68.22606182131177 54.585906248291536 50.1415522059312 62.723557922301296 23.186557510613408 28.295315079322787 52.509931935257455 34.12400954800414 53.347994855899955 50.26959380956497 54.13341624140188 33.108087552470515 22.183466172302705 64.53209128504747 93.22957190693317 0.0 71.44121043680012 34.84255131139417 57.537464515114344 10.348091055039793 84.52944046316107 60.11617325888505 63.60604609264041 55.15077788550565 71.85621536223573 46.28190795944203 46.379129046621166 36.37911149685957 53.76508945979893 82.78139214030774 114.93329314218971 30.102543083412257 9.486757357934447 40.849568823785646 75.11477367224734 109.59299438081764 35.653187025961095 21.251755925946505 45.021890616867864 77.44126974244983 111.18532278780644 56.973351367186346 49.07478774540743 62.97233043565942 88.98034384072304 119.43322971007396 82.64677687025329 77.20090538197769 86.51131425260091 106.78563962927203 133.10475498361626
29.354512760738505 34.34784208070253 32.485285415574346 25.855863019468075 38.29995459811175 61.57817606680585 74.20298599549889 21.805410852805245 39.16678667210908 78.60190021376982 12.939168328503841 32.881192922308784 67.76510503001592 16.42161239785345 17.46520839303991 18.381505837397672 48.25071361978556 9.267921444630158 48.884557785233454 58.32714104245064 26.356319568115143 37.494380992768804 29.68729818138825 25.79429694459745 48.69478088525526 65.7632433991355 62.80258617026077 11.74918014762519 30.228385419650625 71.44121043680012 0.0 36.638804896656175 30.902349197323602 73.94385209471758 24.427698595011194 11.426769340319437 18.311846571411674 17.173448202118934 7.4055847751729145 25.31662342017072 114.1269817548553 87.14820207547315 67.52354329183669 62.60053744043993 75.31934872865085 101.38602789598119 69.81552288204212 43.17544514085132 35.339243578002524 55.03123164256437 95.47022192796506 60.994657882271255 26.851198745006432 10.792544955002542 43.66720448879296 97.62860515264218 64.29073491143284 33.61693362140277 22.841703882882715 48.044086275082314 107.37526057928804 78.18589656253977 55.60062532580605 49.645059491064764 65.0587550398204
30.4820342063466 11.318274383296403 12.47853601122285 12.81883271222322 20.79232786417043 28.77676152798478 40.27926018787137 35.52458618291177 14.36277309549404 42.327524759647446 26.66356620330948 3.771257866881083 31.33266309965351 30.6117063442609 34.9434310891314 20.073272844214042 32.69264696381066 28.139168337966066 12.490770256051299 29.12249427707535 22.702940670686225 3.795113348051755 23.80877047974891 17.790852408768433 35.9977569028981 36.37808792087397 29.251648509158365 30.10927419494393 59.7497542386084 34.84255131139417 36.638804896656175 0.0 30.76672622580355 37.707244638258075 51.24818050829879 25.278777111432532 31.63216921482539 20.988644224208965 37.17369056053423 11.919057693509258 78.24886882819392 54.96947797004357 48.11664384800418 63.27392191015015 89.92650801430234 64.88299604531464 33.557829518914424 20.91170834284421 46.29598305743718 79.0201456984794 62.389625110101704 28.49041911653963 11.215866341865464 42.833869198054714 77.0619105618662 71.90890092286952 45.589359496252534 37.15800927044357 55.478589501772966 84.67501650034237 89.69394795346868 70.18627009019826 64.82278466547623 76.63319781857014 99.68988562622145
1.5543672627566778 20.110158286154515 37.73386667167483 31.328060851436693 47.28727638799243 59.101656195486186 69.62740412842818 46.527955482384 20.813555710778335 62.037732664950404 19.35858345861709 28.965652103226766 57.42193182133498 39.489174114884726 43.154715334039544 30.651444744777795 59.95719127655433 23.67018418494608 41.06668098455077 34.7485247475742 8.882608370712155 28.285068183993864 44.237578828726356 36.616605375793924 62.33962674041802 67.13241040839141 59.25765917428652 35.195672372176354 61.130602033047836 57.537464515114344 30.902349197323602 30.76672622580355 0.0 64.01759386850067 54.9208693425442 26.77225742437599 12.86021704403897 19.607141152077507 37.00373041409742 22.72062279433633 103.83389853933284 84.86483106791026 77.57149404365023 85.01393941698976 104.07756324909046 84.61158939045046 60.10782842175335 49.61438327035585 60.86894962855844 85.69292293850498 71.62142286742528 40.02621018485665 21.66591772856206 41.61215785600397 73.40692455677684 68.50632028420003 34.19933058018762 6.397353818320272 36.153999642109994 70.48511101543357 76.48273738624663 48.119288861541825 34.29510316107096 49.312001979408755 77.98733407048037
64.33583131893273 44.80941618462451 43.04998324235323 48.37361403276788 42.974065497056515 18.181434239954452 12.886252839823413 67.1486049328046 43.20520269046416 16.56526299145644 64.34606698945156 41.33632453687089 6.618378179934525 64.58182066444783 68.26666596481343 56.13474668422634 45.44327779369355 65.77671300369165 25.22076246509678 37.73079035570322 57.978108051834 38.014374950360484 52.191436747971736 50.589689594078756 49.27921054812745 25.117223402094606 15.963966762713849 65.70767344567822 92.94641316966948 10.348091055039793 73.94385209471758 37.707244638258075 64.01759386850067 0.0 84.21503455559763 62.518776219165915 68.48667891215987 58.68065514946675 73.32351818103173 49.61304295754704 40.596874843431884 26.05056863143088 45.86937199806173 76.9688750813971 110.17829848443009 31.314027528042807 4.1494618373112555 38.06208151686855 72.62974850292156 107.22076752261195 43.84019839507751 30.821689970691228 48.71166278411688 78.67980395687901 111.36890477351756 66.87478347416013 58.964857816384985 69.83021160586839 93.11524392180121 121.89924137518122 92.90448911874185 87.16482851781377 94.65133734407168 112.75969620327757 137.35111068176963
