0.0 43.547805260971714 25.798376964637974 22.413469339689055 58.90408785537086 49.64245042145308 34.709803871403096 41.467936079916875 11.004534428898104 23.22783209054385 23.13638284149666 14.25264008242514 25.010592140841755 22.213421849769823 6.291676824083763 17.958420173197535 12.04672647977232 45.80082066305336 22.770445314186563 42.43296053345164 15.161065634277753 32.119946058973746 32.5903641189151 16.091906326572996 53.28477469590553 51.517842968540414 29.2697061590053 37.321066929591716 14.39565643357136 49.61979572555134 23.517086927836225 42.74301980667285 37.009275910903284 12.207983833410788 15.424629099928831 17.978491959085908 5.803803500061493 28.420852995929323 19.84890670239918 43.70983572466345 103.09573881173611 89.34127202456256 77.03045761024902 66.96429570678802 60.27801744242546 58.14945280596728 61.05714801789835 68.3614567872202 78.84985232359699 91.43307189399519 95.75137802264449 80.79692774321285 66.98256995735618 55.1714584679389 46.902227953908074 44.20918627225161 48.039455876867315 57.094925319851754 69.35831370330921 83.42676350104895 90.03451785705566 73.96549047618122 58.60274966062527 44.68086687895401 34.01744513117014 30.27709352654727 35.706124440419686 47.24257998516415 61.542704812778304 77.08344036522887 86.26940692185342 69.35509180413968 52.693066422834306 36.62925115692048 22.4845976838685 16.374508454243312 25.087929820089066 39.86723240481657 56.10793631913178 72.8389807572396 84.71673016627759 67.4229776831954 50.134868571951436 32.86131085701745 15.650560156520623 2.954300702570117 19.267312462471885 36.50266214769431 53.780785933897285 71.0704939121895 85.49713209421641 68.39652800996384 51.430763461835625 34.79762571926916 19.373668215392243 11.769291547844533 22.36976454847062 38.22315328914213 54.957487822550256 71.96078395310074 88.5489376106712 72.15821671744428 56.315295556747195 41.65005610380463 29.94582139975172 25.641522014844597 31.889394306781355 44.44198097903909 59.43026386842993 75.41573602102788 93.65031259799765 78.30721514199956 63.971593347311746 51.49189728639812 42.534364173944844 39.56810210313488 43.82696876648412 53.61601996882696 66.5376428955058 81.10822501766964 100.48953384508476 86.33485343158267 73.53888059121597 62.93589228218967 55.790551650723124 53.50648845828628 56.67453130220012 64.49620319837146 75.53950948378058 88.60798099631259 108.73909818069819 95.76977733764485 84.36942734742473 75.25451170857194 69.33234480610119 67.44922373586488 69.93220124755278 76.35652560527697 85.8418107678717 97.4987445620817
43.547805260971714 0.0 68.2673788497481 32.18066505865056 102.44748329756433 16.79473635515706 30.124251533368056 11.940897947902828 42.439295989697165 61.55063789705369 37.78119019283758 53.18008884138263 37.949633681744935 44.81663688406551 47.38709615830783 59.02887180667183 34.19692096504913 85.37904421128181 64.74388606691825 85.98001746148202 58.39829971513543 11.517034829318032 55.22411006185681 38.34994381016804 96.52226287088776 19.583663477519288 24.710272775385373 15.531653384375469 39.61301270297623 8.205421388032047 53.40617755958876 75.9602330718166 77.84743240645315 36.61439215978546 42.33891873589728 61.346765949996765 42.537830479550834 66.50579451911723 63.0309857272326 86.96599458701299 146.39674754448572 132.07206677783708 118.54424360579505 106.11846352027777 95.22711088389664 86.45207189468745 80.48852441897529 77.98415308488366 79.2675055913122 84.16549467561445 139.2989738966757 124.19549706583649 109.74302818620016 96.23531764109389 84.12867448141294 74.11291899166194 67.13053728514964 64.17933229927714 65.8039340473373 71.69394787097796 133.30606369946528 117.46621561998795 102.10199878643802 87.4644250639863 73.98604124552958 62.42230449677321 54.01717366240784 50.37724838323526 52.50314668006854 59.782897390270406 128.57269766053173 112.09114654949664 95.89900277129802 80.17181161213155 65.24666327778213 51.82124861299314 41.38192351798339 36.58131254702617 39.530093709460544 48.84435726959816 125.24183723098331 108.27224563996648 91.42730241364106 74.79127720008198 58.542546338046094 43.121170975036094 29.838768553783115 22.803067763145943 27.355415516505314 39.69091438617284 123.42712978364486 106.17761543015966 88.94846195649467 71.75433760140088 54.62832835639898 37.663467281052974 21.249293881692225 9.123674015290872 17.71054993027084 33.80530941073422 123.19561994538418 105.90964125986703 88.62988737225804 71.36088035617702 54.112910109925586 36.915475368616804 19.900027351441622 5.289928284753512 16.083192459846206 32.985880371995265 124.55613928179788 107.4819904542663 90.49440089712033 73.65328776095342 57.08843039412344 41.134934719366235 26.90332147764319 18.820373040141877 24.152351001398944 37.5656433340284 127.45769773415405 110.81633309959835 94.41272719323685 78.39626799239015 63.062627752043284 49.056330965029694 37.87955387128857 32.58689921202755 35.88397698236002 45.95782863586207 131.79851640937156 115.76046773307026 100.14402580150347 85.18138863579226 71.28544794441682 59.21202800193193 50.29131619356787 46.379648143098294 48.69938492762884 56.487976382710386
25.798376964637974 68.2673788497481 0.0 47.09597140963344 35.73379152389408 75.43448142505751 59.367702395378814 67.20480823154244 26.62085129792396 27.84502299776851 37.23624719572645 15.898453553678326 38.590205344160815 31.117460326867945 25.092532802796732 9.6562391116486 34.20030581465908 21.5402453080237 3.7985763516017466 20.369206451330353 15.815677321315029 56.756029268318336 47.72855180995875 39.52557834947804 28.510152801834543 77.3144354334768 54.774171116085526 63.118564479760366 30.468176114699734 74.90231432450337 23.885044682742862 44.929965957695124 12.20642718632249 32.18655869642513 28.59060864511282 8.898424982761703 25.729933459504764 12.04558330776633 6.673972379504857 25.084121655390977 81.28457968173454 69.62747818407196 60.724682466181626 55.90784311028867 56.23686780249269 61.62939394139924 70.9399578037497 82.85814110207963 96.42180250542414 111.02952295378118 72.2943611735192 58.93719743701011 48.16032626732866 41.999357267968826 42.51094207396305 49.488580313562736 60.74342900411416 74.35801203024852 89.25899920477544 104.89961451224602 65.16768648410812 49.984268677459056 36.72515228356811 28.244582610217744 29.077242389240645 38.625452031803775 52.317062282756865 67.68260048659135 83.80634673331102 100.32339227856215 60.56612062247524 43.84633687719519 27.847087632055164 15.070901213362774 16.658828858590173 30.44033239400347 46.63071772266106 63.41093420024815 80.41257400864085 97.51989685674334 59.08270236825 41.783057439292016 24.486642473118515 7.216718854789282 10.162676972300279 27.444354178027172 44.74168917292114 62.04158705767386 79.34237140403067 96.64356613963602 60.945567079392305 44.36662632234937 28.65563529944506 16.510779999890552 17.966045658483537 31.171529567988266 47.10904619299579 63.76184383631542 80.68826274104 97.74625965973469 65.87139791584251 50.8941942415467 37.94873445590097 29.811128481806723 30.594277425385084 39.77468712976137 53.16720000714513 68.33875966184125 84.33463394568949 100.76301101298947 73.24475112531583 60.09392184272716 49.56278692982233 43.593173604895576 44.07906819087972 50.835698590026816 61.84073722530257 75.252839419943 90.00226348018339 105.52975671690038 82.41119487689018 70.93352001821357 62.211101171014576 57.51152563988988 57.824109848879765 63.07437993406876 72.19296886874648 83.92836069929216 97.33864767161666 111.82286240436814 92.8410208417879 82.77108912095848 75.37466429519225 71.48647159611136 71.67970427781749 75.92320574032213 83.60248270658205 93.87814356657604 105.9977610322424 119.40114583678054
22.413469339689055 32.18066505865056 47.09597140963344 0.0 76.49227165229713 31.181749006048545 12.344236592216369 24.67673087800378 29.827253795561163 31.205091197761526 36.33616318123013 36.57358607705882 37.890133636477536 39.465614140148 22.05931263740235 40.228642174524495 23.429779447325334 67.91613240970413 44.541937988153705 60.353206212242654 32.86862400550493 23.848466238219356 23.496249478025067 8.043878454390653 72.54016301563287 32.337578511533685 8.950061801615316 19.588265069202485 30.583602131639918 35.120975383933235 44.04581981091133 43.809183838785 58.892810038852026 26.293708153110554 33.107486921198046 38.430870950190545 25.95263734788452 50.83413666878 40.58779169657201 59.451766616585 117.95455152538383 102.62346081752565 88.02598496379404 74.59406264539442 63.07674032270166 54.697138795584834 51.02528441985107 53.04793250350314 60.19374943219278 70.93090041337938 112.50093684750115 96.33543818924161 80.64291258614624 65.76282300465988 52.392034401751054 41.997720034765734 37.1671702944977 39.971182713610204 49.11923439527571 61.85798063148579 108.60773346339235 91.78038442654298 75.16880414224222 58.955663173275745 43.587868468398135 30.376722806602235 23.330221875890157 27.650753526003108 39.79371862236501 54.783454313114966 106.44635022377125 89.22417798414773 72.04023578819371 54.93041400161899 37.994978179594504 21.64715976430452 9.60696931261123 17.739824334136156 33.70195914124408 50.55349549760068 106.12268639702407 88.83956437429258 71.5655317284643 54.30926226911832 37.09555375149463 20.034414174668214 5.038739702831123 15.751620473550844 32.70400129298647 49.896927329029175 107.65332335450654 90.65419312444176 73.79593059521879 57.20321628569911 41.19816105266403 26.85295020139891 18.536054991201947 23.765556473218936 37.21195982543658 52.94686178922772 110.96153016269052 94.54148753980587 78.50116585110071 63.1306716059218 49.063620317368866 37.78497669389958 32.355502975516494 35.56348078839697 45.621839536691716 59.13249363532779 115.89514078245483 100.26060185162383 85.27248117432889 71.33937862921142 59.21081807070161 50.211932306864576 46.2088568508843 48.455978919745434 56.20861562770539 67.59835933303766 122.25747197010328 107.51954711663528 93.66275923216536 81.13980414972983 70.66342097556434 63.25872435324913 60.072533208787114 61.76121907799417 67.9623646910698 77.60163492598667 129.8385800714711 116.02958859583477 103.27807486574387 92.02468598415784 82.88191405744452 76.60918541810615 73.94058201385471 75.26047310705322 80.37259932105859 88.62311998747683
58.90408785537086 102.44748329756433 35.73379152389408 76.49227165229713 0.0 107.17508457804267 87.71542134681798 99.55812895318631 62.127004395163866 47.09817265684568 72.9301279610857 51.5945104087121 74.23054396167285 66.5630858042129 55.696804597296385 45.35874819380253 69.13344629615511 32.458706296686366 39.53226475222313 16.479368555581782 44.39330522920566 90.9902488889516 66.93658156552146 68.45130461825772 9.74380580556274 108.6342370789543 85.1997831942986 94.93871315205162 66.1129338222203 108.38916463612988 58.54106423277106 51.06617653313397 31.934500534954797 67.46646316935798 64.31791292325474 41.21239590432521 60.44873849385092 43.67631580196545 39.72616433926709 17.78266495196618 45.62574903811327 35.59887861699932 32.42776286876323 37.87542624122684 49.155309821159044 63.219059757333014 78.58602300559798 94.62338489616958 111.0410527173521 127.69242056508959 36.88604145876682 23.440288192908255 18.35827182963046 26.894556261693968 41.33182970047326 57.37625915115944 73.98960778288267 90.86033779050632 107.86775182953048 124.95605132952362 32.302400246545226 15.289262880332302 4.774052908590701 20.261666440316432 37.376358794263666 54.60918229116405 71.87521762272502 89.15517119118125 106.4422647069861 123.73350559076682 33.620061047018545 17.894915475768236 10.433628108445216 22.275688354521684 38.50019595236284 55.38083590564356 72.4604856689001 89.6254432717307 106.83459776888049 124.06955944029141 40.26374484722664 28.440203953179736 24.397376092765874 31.31021282375774 44.318592051857316 59.55381166099536 75.68279905439161 92.23787925499245 109.02512267146427 125.95173315527614 50.15994435043828 41.22628052391584 38.495437905877274 43.16129769180621 53.31606551908909 66.49070921173957 81.22888849086416 96.8191953293509 112.9091988615952 129.312505718711 61.764458947480556 54.703732345151934 52.61984691594795 56.07047583183522 64.1689040275094 75.43273985198309 88.66368057019773 103.10721737992819 118.3201094993557 134.04065935426175 74.28079026143139 68.46534286089747 66.75374339612496 69.45007598929733 76.08715769137073 85.75482370738115 97.55621828043385 110.81170233044546 125.05975664882511 139.99765642156294 87.31757011125258 82.36866269491149 80.8920056772563 83.07296801748166 88.64198154524541 97.01734490949634 107.54539031405693 119.65925866864056 132.926095385344 147.03413523578354 100.67266354726154 96.35221189333843 95.0325286175223 96.83637468387063 101.59751294205867 108.928853006524 118.3537266213261 129.41554542863122 141.73154693441282 155.00305996072507
49.64245042145308 16.79473635515706 75.43448142505751 31.181749006048545 107.17508457804267 0.0 22.87678998971274 8.624543646505513 52.01817084661217 62.364820518957266 50.79796043983683 61.89617488594703 51.39761072690141 57.14146792628534 51.63143534572791 67.04795153716998 43.500445012065505 94.63677404883522 72.29675157545721 90.83364580151829 62.918229744737246 23.029265667228636 50.512360699464566 39.04519624684637 102.52387937582236 2.8239347272161357 22.238987269552442 12.342095394610881 50.257771298990164 10.867319909723967 64.88538536266034 72.9109355855494 86.29400265101097 46.438596642466386 53.16188437695468 67.43008025205422 50.53711923232905 76.12000977908608 69.41112444592082 90.44169146234577 149.13464591176967 133.76024242248042 118.91658958393157 104.8293903828957 91.84737275986545 80.50696655142943 71.5925724479569 66.09322342248498 64.88316362079134 68.19111853424694 143.48852486788326 127.46447220964352 111.82185564960021 96.74587301246962 82.54756997121876 69.76488723467124 59.320135648268405 52.62431297139402 51.1708799817582 55.37418550675713 139.0314477606963 122.44897579925536 106.09649698234237 90.09932552244699 74.68612346027828 60.306321442013456 47.89983888031513 39.378211161663494 37.49132238951435 43.11915798616287 135.88053861441668 118.87598775043179 101.97152078345657 85.22671257296525 68.75830800009307 52.825450306472256 38.10593627223427 26.689088713888058 23.901117791513375 32.076943512518966 134.12792819597823 116.87792963678567 99.64593766036597 82.4432440546818 65.29301057796323 48.2512084040203 31.49435086821999 15.947485783895587 10.745399532006406 23.985788739080846 133.8285892515691 116.53586727644 99.24635482008121 81.96208300594486 64.68725282985733 47.43218136537159 30.230721160521068 13.292655757912947 6.181133772826497 22.325582965352744 134.99219407764707 117.86422437790274 100.79568618467782 83.82289280179971 67.01862726823263 50.55123621879645 34.90086825111969 21.895793322912365 18.42533486623419 28.253711327251292 137.5816125650667 120.80789312043919 104.20701826686525 87.8769990600494 72.00236081919955 56.96509155095805 43.63956965307571 34.09561725344392 31.92677378953136 38.40358506254634 141.51856463064115 125.25299685199143 109.30611047197287 93.84051275333914 79.13887390286315 65.71593698012975 54.524406147084754 47.17987749343482 45.58151266753399 50.28032653038501 146.69454233655964 131.04677870476908 115.87028986368632 101.37695174231007 87.90531851847042 76.00065862438683 66.5097858018895 60.578044804048105 59.283588167993976 62.91330979063685
34.709803871403096 30.124251533368056 59.367702395378814 12.344236592216369 87.71542134681798 22.87678998971274 0.0 19.302857574838608 41.38542992543484 41.24951668797386 46.01391634716351 48.7902368080079 47.34483684881863 50.17838525966087 34.28419484864722 52.56731702263054 34.13794089726005 80.25733397996463 56.868546305655 71.83105138591382 44.8166486585439 26.043789355686055 27.636196829941365 19.926266201515777 84.27017734169294 23.15414672483013 8.04293474854248 14.6762702992195 41.53182730059624 30.067019441765407 55.6069501639798 50.10016003844756 71.21727415797938 37.18501728416711 44.24419161592148 50.64121017339722 37.91957323897559 63.115256863732654 52.81752528329194 70.34070990875911 127.91125045920249 112.08187547350377 96.7579854631155 82.22269040883475 68.97634385433663 57.910304190543094 50.479429256025576 48.38847333117283 52.28210067879049 61.02535438787937 123.20450125528681 106.70437822747155 90.50418383197719 74.7990508248068 59.979133643790234 46.891392561009745 37.40075768384114 34.605467916935844 39.937049209929214 50.902899179133414 119.96707373020001 102.96689586830237 86.08702581993212 69.41528569960393 53.14789993513361 37.81042383834574 25.16482741341864 20.871522016066 28.925487522241443 42.8539231592083 118.31968654488257 101.0516204300942 83.7975246240585 66.56826307485372 49.38983234030058 32.34332701694153 15.859994973867177 7.463340588763574 21.4144072774292 38.21211325573589 118.32879230553789 101.06223320846591 83.81026331850572 66.58422379062692 49.41124206025515 32.3758581343091 15.925919181964765 7.601774629122515 21.46281475244643 38.239132057970835 119.99401377457922 102.99813873354253 86.12422015336493 69.46119409537484 53.20756663312354 37.893855473630246 25.289422533906396 21.02086999535215 29.03292152797622 42.92616408851656 123.24821823141555 106.7546211021679 90.56314183835867 74.87004672301859 60.06723596799605 47.003504989894196 37.5405624609986 34.75580358071278 40.06676477213415 51.00424590324017 127.97019814243802 112.14883550636429 96.83518498983757 82.31310255802236 69.08359217544775 58.03740705487 50.62450574824551 48.53908323979691 52.4208610783298 61.14370618068735 134.0048181591529 118.95812781129504 104.6110681501663 91.29408256794402 79.5263350725407 70.09251710660283 64.0326359366508 62.3385153993248 65.35057050989076 72.48446837945515 141.18377978786833 126.95491775583162 113.58225092931299 101.40507594510028 90.90509472472307 82.72344398763055 77.59694093597498 76.14517331703625 78.57209883806186 84.54435008636378
41.467936079916875 11.940897947902828 67.20480823154244 24.67673087800378 99.55812895318631 8.624543646505513 19.302857574838608 0.0 43.429789460056234 55.7240479575306 42.32079100825982 53.40610979683627 42.986504850045975 48.567271591990476 43.87084677136575 58.659038166755295 34.90379907078642 86.14987100017674 63.9934784471733 83.14184877131177 55.18229246455857 14.80377303883529 46.09643423740781 32.13140579316766 94.5941897805639 11.107004591784264 15.928747431039168 5.1399654276068 41.63345286780868 10.873191157398889 56.26310643011381 67.89183656210615 77.89401706606249 37.82705444635591 44.53736430437929 59.37121731287895 42.08206777287809 67.57412681747319 61.3027716533319 83.11542724735736 142.1558904053833 127.09647747667164 112.68284735004505 99.19690356804196 87.07077212994605 76.95001710750697 69.713578293333 66.31253996323386 67.33063943471845 72.58215448283035 136.07693904961255 120.29091156643902 104.9836825369763 90.39880487146998 76.94812782231433 65.33593925881334 56.70322453639927 52.539761300193774 53.89153451943771 60.38930864765152 131.22295825216327 114.79713397428233 98.67119874346159 83.02008944216401 68.17163147125997 54.78242164270347 44.19912218426859 38.79068676875827 40.676512331654415 49.021895396597536 127.73374681379366 110.81050863648325 94.02519962776793 77.46752931060726 61.32217071911673 46.025098997750305 32.78599465751585 25.10465585355878 28.00493951599856 39.204848182148595 125.72303768499735 108.4973589012308 91.30051799695055 74.15258120032755 57.097627140167155 40.25401552173548 24.069597429950303 11.705481172988138 17.129041793998518 32.38059403882138 125.26207913288486 107.96533446713326 90.67056848089824 73.37918025464236 56.094293517101406 38.82459271736006 21.606522124161945 5.004813790991093 13.489554774371713 30.620280519397042 126.36783817809406 109.24046938875406 92.17831643186994 75.22576772401811 58.47822227697157 42.180576966957126 27.15532926445402 17.156193729256138 21.21250340520501 34.703283126801004 129.0000170020301 112.2611821963891 95.72278054860183 79.50998333639764 63.8712238089528 49.3552232104596 37.29680860516582 30.73881671159178 33.12713118079569 42.99590485669356 133.06802926651764 116.89218308109332 101.0899030398982 85.86768022171665 71.59645588897705 58.9707594019221 49.272227598782735 44.459625957521624 46.08978463490085 53.577813829593445 138.44530804060759 122.95158894583335 108.00824120837494 93.87845414623659 80.98916703270885 70.02873153634727 62.028206043460926 58.22087675366578 59.41834460544104 65.346047332667
11.004534428898104 42.439295989697165 26.62085129792396 29.827253795561163 62.127004395163866 52.01817084661217 41.38542992543484 43.429789460056234 0.0 33.2890348621838 13.00100763229964 10.880909762747375 14.814108330857447 11.218290688649164 17.019436646164074 17.015540425671258 8.535679176943654 43.0524041951505 22.89419077849229 46.096962126747364 22.360540488033873 31.095788978096845 43.437685114822315 25.33847896209308 55.12376711568576 54.28705455730552 34.577938524551215 40.224806574796446 4.316598813957206 49.64332355939766 14.239273677452973 53.20118451858633 35.42016598578934 5.826158215342761 4.436712753592629 21.631865882784552 5.2018007679609966 24.257604879648625 22.656418313463465 48.97524404358459 107.41517158887795 94.78014929975598 83.82854309199733 75.29849198254837 70.07989351698808 68.92902421056375 72.04109663717543 78.91336485951406 88.67586495024712 100.48974683012199 98.85817905784182 85.0075108415882 72.65199958493058 62.68211865863248 56.37802557040816 55.01467392293099 58.93594606387044 67.22332885199522 78.50608229426767 91.68496487404998 91.68666740936375 76.59006106971383 62.64451542497629 50.8068750790277 42.860788398821576 41.127377663891814 46.30961659663313 56.53676122301429 69.61993632722078 84.23877422569382 86.24705701939568 70.01841060124077 54.454667766610356 40.33303732573819 29.780983835548003 27.308792292581348 34.68923917763026 47.53552916427379 62.566922499484356 78.53867256995818 82.88113766456705 65.84764069878791 49.00258532770918 32.63905222578389 18.112837154941133 13.767889729999563 25.490144833769882 41.3358555963832 58.01957609569741 74.98401323582732 81.84520461493914 64.54492580555153 47.24585669734127 29.950093521165563 12.67118099573081 4.777358345976179 21.9954785522939 39.28730838021567 56.585313658397475 73.88515712181326 83.22632333045604 66.2796140428315 49.578887468296124 33.494140232419106 19.605134011935558 15.670916748967592 26.561372070956324 42.001760001659896 58.49360394588052 75.34963878012145 86.90931972318376 70.82886354377273 55.48815599096936 41.71153902642576 31.614537937176003 29.28847927756904 36.261005449285165 48.68896694697945 63.4435180050953 79.2354336116228 92.61995167851339 77.69981045939385 63.99039145592121 52.44982753901882 44.787310436301716 43.12222745270821 48.081746869078536 57.99040283162742 70.79988570729759 85.21188513705422 100.01141453106112 86.33985489995138 74.1994323430907 64.46114088725322 58.34054608678437 57.014889807912816 60.79863247494062 68.85453849004972 79.9006817193039 92.87619779125504
23.22783209054385 61.55063789705369 27.84502299776851 31.205091197761526 47.09817265684568 62.364820518957266 41.24951668797386 55.7240479575306 33.2890348621838 0.0 46.10752826644361 29.690211775780963 47.96651249367652 43.83257542085455 17.01105157314039 27.84526374238761 35.02910960948062 48.51432163203933 27.81659435192449 32.16280875872472 13.762042022022882 51.09335084949349 21.067439619632196 23.612408968018624 45.16940554559662 63.39950260252246 40.15389349487564 50.70910578868161 37.245585437505994 65.7932401685852 41.779586629747634 20.079860957350842 39.37352963568933 35.43558464295421 37.61197100979364 20.399046612009105 28.477058463739205 37.95842520830599 22.15957626393372 29.40637281130718 86.83825174175786 71.41987262889478 57.091346005532415 44.90826998300742 37.05119402710016 36.43537548406304 43.370376253405745 55.07403950947816 69.1665920888292 84.46059694393718 81.98513732170726 65.46166107530875 49.47329264943168 34.76629957609605 23.84314938682241 22.95663836439126 32.927648005120595 47.33037129726095 63.204504403797074 79.67537883491735 79.3799268680985 62.18330380054681 45.06736139418558 28.17949900263676 12.482570831800501 10.782313973818248 25.988753802692173 42.81688525955715 59.915518123155984 77.10490431950353 79.24467244692686 62.011344063761165 44.830892103189534 27.80151783168811 11.6083294892007 9.76194888952158 25.584201991093803 42.573707258437096 59.74280810890691 76.97141745186322 81.59166019191893 64.97045435621321 48.824506768995384 33.84104872575805 22.479152389435423 21.5434352208141 31.963080354649666 46.66764410241315 62.71212882709241 79.2872297005739 86.21838612080538 70.66836165122236 56.152759769074834 43.714475623384445 35.60177223917679 34.96748278541349 42.150579786806034 54.12324600932512 68.41555377945272 83.84961596426075 92.78437532034368 78.5109415224062 65.70919094116694 55.408752106671336 49.206341527308695 48.693947094752 54.03368506327566 63.772093896881756 76.24187169111272 90.31870370103155 100.91170807879877 87.92607696296847 76.66493210998124 67.99061143803952 62.98118207213706 62.523835215111866 66.71225725560143 74.76974782287027 85.61074543459844 98.31876169342158 110.25554498821081 98.4635777541415 88.50170740235325 81.0475996444575 76.83462584987261 76.40085848603694 79.80794291226586 86.60374964626317 96.0718287522501 107.50845656239655 120.53318734595754 109.80065233869227 100.90981600229988 94.38258519112357 90.73052143423595 90.30313595324286 93.14482764584743 98.97441680594854 107.30603504583864 117.60913587830579
23.13638284149666 37.78119019283758 37.23624719572645 36.33616318123013 72.9301279610857 50.79796043983683 46.01391634716351 42.32079100825982 13.00100763229964 46.10752826644361 0.0 21.642981000312357 1.8748578885060447 7.3564664548673395 29.4128015624236 27.739686978164674 13.446429460849625 49.701695567712804 33.44488509543918 57.44712370845173 35.31175994849954 27.883915742501458 54.11378790023265 34.29644942177381 65.15268378609333 53.40899026883495 38.222830294481476 40.51191344450652 8.865906992707849 45.79395672658908 16.43124373292472 65.85207581453648 43.64143979523083 11.446544641760541 9.181321025914222 33.86223799558809 17.633329997179228 31.268631747951716 34.523092300673305 61.04039806122521 118.51684847186874 106.5817473044809 96.29005917435856 88.21883746880818 83.01826440363479 81.24150612105787 83.10844458368499 88.38849448541568 96.52315528081948 106.86250139566462 109.20674525697586 96.17299417610194 84.6821571839944 75.44257431777649 69.35984163906667 67.29550195249075 69.6079943130017 75.8983036691236 85.29081700600528 96.88749026087089 101.0156498335012 86.8053930957033 73.92489865558775 63.19259943845182 55.86070370440531 53.35008364611658 56.309361956207304 63.98403453135165 74.93910006066649 87.95726446795068 94.23594259408439 78.85104799175909 64.44585816633479 51.84356732460963 42.67257062735536 39.40618057965746 43.39875372347951 53.035483919218876 65.88459043805562 80.42078047724782 89.1901688323994 72.77498305967991 56.88778887031569 42.130194707215125 30.20590190550587 25.46664748553228 31.359435242969916 43.78342887133779 58.73051616530921 74.70119700945864 86.18349466255762 69.07474663140094 52.093756308566384 35.42472617674058 19.86896970865835 11.54788483236423 21.694337628803787 37.505304697260705 54.234347326590104 71.23758792704022 85.43152823692911 68.1385549295283 50.85167542217553 33.580302157250415 16.37357832223508 2.6953692787945713 18.57820062321259 35.8015032591658 53.0759767428553 70.36394355898206 86.99276897423184 70.07728686511058 53.40994940690963 37.324677328175746 23.072768806650792 16.440379068567005 24.63598482291346 39.271996552641646 55.464943514022956 72.17438940180612 90.74788381772895 74.66731003370711 59.27853769460808 45.29229457769429 34.46081743719226 30.37125289200883 35.439908852830975 46.77895200006548 60.98575763546168 76.47851980699345 96.44089471280498 81.46162484149431 67.60066880484946 55.699268184987744 47.26172322711501 44.31293762667304 47.87803622221532 56.74222604494994 68.889462424515 82.88871939026183
14.25264008242514 53.18008884138263 15.898453553678326 36.57358607705882 51.5945104087121 61.89617488594703 48.7902368080079 53.40610979683627 10.880909762747375 29.690211775780963 21.642981000312357 0.0 23.139803588554283 16.34659767094187 17.409262732490916 6.2429833967642425 19.005499668149866 32.74435614517223 12.120320036294467 35.855563708242414 16.3672486067115 41.754863735581125 44.71600742098137 30.29292240056385 44.33217049146005 64.02061331896743 42.865765786254705 49.807049666745904 14.577219700115041 60.210436206551826 12.110638760124065 49.60830644173543 24.702859633533354 16.631802842545948 12.744724966164654 12.665323832442624 11.398124399904788 14.44652580019004 12.987609673968267 39.45156723111741 97.06843515351979 84.94008319831207 74.873543019657 67.79358550202002 64.68837690536151 66.12030746065007 71.81850103771474 80.88629181963425 92.33623556053955 105.39478957891494 88.19164368507893 74.68485887153977 63.0602195094137 54.53490108009714 50.69734311093319 52.58409239209792 59.654454639790984 70.3627895653637 83.31801344051874 97.62971669982277 80.82646732647638 65.86863054738686 52.37501479650418 41.78893244412549 36.71776940269744 39.35455907807691 48.45694032610055 61.205194440259035 75.78115598384097 91.31373605854166 75.41720147409096 59.138654687123804 43.65452748139077 30.212020000082727 22.77115778376196 26.888588520337773 39.066326291188105 54.11164937990317 70.20451864911232 86.76398659731711 72.40364250124496 55.26257441479433 38.26656575211654 21.75824482777475 9.012525812837184 16.962996937083314 33.0601595378189 49.96917321969279 67.07887622689852 84.26711244293354 72.08691756458478 54.848863115275456 37.66942190761225 20.695080802267256 6.025018897520557 15.589380897380144 32.380089585368815 49.52398476589848 66.74948234534224 84.00639963947833 74.501433816142 57.97170078095642 42.06761576082316 27.881216863347454 19.589588188548902 24.266302368824753 37.31844918471591 52.869571797709256 69.25625132933934 86.00219083182482 79.39837698412688 64.11636308683096 50.16395002281648 38.99543392537201 33.519754935638794 36.40346403386355 46.10378005300399 59.368451179349535 74.3126878424305 90.10464067883709 86.35640574115403 72.51866543776079 60.491217687438834 51.556964165970356 47.49480231655698 49.51862777365671 56.98364065660651 68.12399477928486 81.44522443369384 96.04412036852624 94.92326806297376 82.49150349986714 72.09691079249507 64.72847911473283 61.484002292538186 63.003842216988104 68.97376890568458 78.38349651948253 90.16240526153291 103.50478821999994
25.010592140841755 37.949633681744935 38.590205344160815 37.890133636477536 74.23054396167285 51.39761072690141 47.34483684881863 42.986504850045975 14.814108330857447 47.96651249367652 1.8748578885060447 23.139803588554283 0.0 8.042591059481444 31.285942978407107 29.167504616695894 15.202667511782545 50.4244910024427 34.80968644976536 58.861988021712655 37.08171328157693 28.400521958937794 55.92779695305699 36.03948455702807 66.33623523208823 54.04349255571093 39.49438942033521 41.37610878035406 10.72105112088197 46.03338669932153 17.098032599719314 67.72290393707776 44.620451050874465 13.29259098519338 10.877282872465436 35.475333358569756 19.496263802577687 32.18032255435072 36.07492952973109 62.58107035931941 119.83959214690421 108.04401848283142 97.89878267697452 89.96395392478887 84.86185243595213 83.11579049237004 84.93300240077662 90.09813983471255 98.08371089770385 108.26741671284871 110.39876315776642 97.51830644132335 86.20001946146628 77.13466600152744 71.18820213741145 69.16974503734308 71.41314454745054 77.54940928437746 86.75640971664147 98.17397034602173 102.04126955098607 87.99137477807439 75.30764894674506 64.79738077681492 57.66157934449014 55.224211365230104 58.079840915830125 65.5402237724491 76.26580200049818 89.08491897337305 95.0534300531161 79.82180811325073 65.62463535187592 53.29511899628175 44.416797294186324 41.2800107106749 45.09913431599015 54.42912618424498 67.00621514145664 81.33782138177388 89.75582544883665 73.46398269020408 57.76257644195144 43.298771987138046 31.808206612522074 27.339537197542388 32.89146567753367 44.888268719282365 59.554804648630956 75.34787839565755 86.45979174897131 69.41759925413825 52.54544041217142 36.08263093230121 21.0143267054489 13.414929137967748 22.738325480978165 38.115814206009404 54.65630672203461 71.55781691320277 85.39745326336858 68.09602281463832 50.794933062452394 33.49471195295852 16.19814295372947 1.2560031180498432 18.425223332726993 35.722734613049845 53.023129707263195 70.3242803163814 86.65101911621629 69.65454087020214 52.8566323149914 36.53224139621207 21.773798683282173 14.570673378334437 23.43551369668933 38.53381174612074 54.94723431676944 71.77921033517323 90.1238857257648 73.91116449152806 58.32765476441912 44.04633923339062 32.81393461912067 28.49803899089084 33.85604470827129 45.596435343798284 60.08783308297914 75.76786963395617 95.57438593619216 80.43864181762571 66.3701114932076 54.20620862715385 45.50097976880443 42.439015283916866 46.15740058534567 55.30502681922342 67.71625437237783 81.9209434327455
22.213421849769823 44.81663688406551 31.117460326867945 39.465614140148 66.5630858042129 57.14146792628534 50.17838525966087 48.567271591990476 11.218290688649164 43.83257542085455 7.3564664548673395 16.34659767094187 8.042591059481444 0.0 28.111718134562505 21.988258574305288 16.098453650632095 42.40724048779347 27.387515148050408 51.47909102259819 31.72230667035307 34.504860973194454 54.62132185451578 35.98790432299691 58.49135843115011 59.67240492233032 42.726841488335324 46.30968209849639 8.930253353234512 52.72838619005776 9.0929895605319 63.884812549832574 36.61051420636571 13.172049289033566 6.875524389675632 28.998051122010654 16.416735711865158 24.149907205168823 29.290852552410886 55.602220549712534 112.18883450652959 100.7336074399341 91.14201697891859 84.05449043249348 80.13819299737781 79.86103620814788 83.25937030714385 89.9174226489175 99.18087295205592 110.39579128992312 102.54622713754 89.92291739550315 79.08998625006025 70.87321960285375 66.2532494953541 65.9898883210496 70.13223319326468 77.98132715417042 88.55697102169135 101.00633310708827 94.04293240609387 80.1381726892399 67.81504874133114 58.089030610164805 52.426049311832315 52.16652512410497 57.38381800180045 66.8068807922702 78.94375593775479 92.73496864363987 87.01374465917752 71.80021175977826 57.77417859893081 46.034201109978994 38.71881049297315 38.44283490189061 45.335013838590555 56.84524658495811 70.75455670055574 85.90540834770265 81.83949377628853 65.46434333136034 49.72090722824186 35.460793067673094 25.327414712235175 24.983972635828014 34.7221932339471 48.84437919467338 64.53392066540309 80.88381368069555 78.88611128876897 61.750049996114605 44.7418365950023 28.094632163216126 13.247562719440392 12.66493690288249 27.276665533601143 43.89015249046941 60.88832101284291 78.02014440516284 78.4050124310818 61.13707913461418 43.89592722997639 26.7334232959825 10.060463525174923 9.298572096704149 25.892614221257734 43.04770622066398 60.286781818122144 77.55385628442053 80.4405748488866 63.71501107764229 47.40496963228296 32.14920853909282 20.460303717218668 20.059621167410025 31.382554536363887 46.540874634398975 62.81682297666737 79.5271365047163 84.81175780145895 69.1277415148538 54.43311041193291 41.7850553186819 33.58164176464008 33.28920179305795 41.07704620852417 53.52742260910923 68.13042414245236 83.76773181300653 91.18322323811059 76.77797988221238 63.82820118986748 53.403402675324806 47.207103760197455 46.94465839228597 52.70478475179057 62.85292990671866 75.64317773484869 89.95550542045426
6.291676824083763 47.38709615830783 25.092532802796732 22.05931263740235 55.696804597296385 51.63143534572791 34.28419484864722 43.87084677136575 17.019436646164074 17.01105157314039 29.4128015624236 17.409262732490916 31.285942978407107 28.111718134562505 0.0 19.193663698635042 18.039647394577184 46.220400658171485 22.761254635657576 39.27100492970431 11.31160428987985 36.223933554927186 27.49636140210851 14.443424929852855 50.92815671034148 53.24803884055694 30.107559730258558 39.32652101420054 20.63138919857726 52.82858425830173 28.26993346734275 36.45256640531501 37.05177172468911 18.46755176710901 21.454300331076535 16.37204626799784 11.901113139772331 30.32168216095991 18.536405041921153 39.619238776467085 99.02431542070647 84.774871584715 71.8779731394571 61.19483275652084 54.054347214412914 51.938788133506606 55.426558039722025 63.602431736432756 74.9475528127584 88.24795966721251 92.32328178548343 76.87926867323573 62.41764230196175 49.80169390889304 40.78188186938365 38.01080883686404 42.722216879312384 52.955269508642544 66.19697764486217 80.98472483571672 87.40560047731387 70.9268542900534 54.95642910424236 40.106237869910736 28.20500501837073 24.109024781972632 31.075369983929725 44.14547473044811 59.41950887146464 75.5727722506054 84.58297449628955 67.43427586972982 50.39044214015203 33.611380002402036 17.859624347646502 10.340242144341412 22.216843676826254 38.45736324695055 55.34494143497742 72.4283743194053 84.06674154059617 66.78860361411684 49.527079868706096 32.308810501907686 15.280718566396228 4.67493442666331 20.221849371727988 37.345748088140596 54.58204958265152 71.849905366338 85.89850181580101 69.06973238144202 52.549170113923935 36.754790973220864 23.2190884992236 18.0568411806628 26.677424679962975 41.18291506344631 57.26335678348234 73.89765624495936 89.93487571851557 74.00748748641473 58.8612194656774 45.286716920181824 35.15450072732051 31.929605900516325 37.44154329277261 48.81544033310784 62.95024928644996 78.36599501696797 95.89783451499036 81.11811316938991 67.54705912186252 56.069291064016475 48.204034037961115 45.84970760463371 49.79423430615539 58.782983469812464 70.92330938245357 84.87341029095488 103.4547010465653 89.88733165015405 77.81571604944676 68.04068627148749 61.66425515200651 59.783959302656164 62.804930281659175 70.09631086394599 80.50603938144532 92.9927309410152 112.28402319041324 99.87912229951182 89.12162012211012 80.67325560535886 75.31515160996346 73.72419446560592 76.13690650888032 82.20150309668982 91.19228358358653 102.34092511714785
