0.0 45.60014919884881 65.96249387023252 76.22365058084378 63.322705647955026 44.228146832071495 54.65472738835353 64.62284704270238 72.5993366064452 26.678720405412513 75.04781361639492 60.248360957892515 7.2227596267627945 23.52401066959947 67.51306088977358 52.2061769142436 41.137340137770664 64.8028422128318 57.6729540151619 57.430360290071235 27.92081948844029 48.70636006999205 73.77428046612388 54.24639123210634 31.07358063690887 11.485585111312865 50.211393181157675 87.25408083678577 66.5802796255802 13.640793618011607 65.25136687425376 66.52323706773349 9.327663181846233 24.002709676099332 52.11848715600968 49.33394840204946 30.302066602980666 56.84613258761833 63.836256203471926 53.14089000090082 116.34775876077826 106.69100380697735 99.13531850478043 94.18770734235686 92.26867730617121 93.56476456152983 97.94842153492152 105.03377148645342 114.31957304556009 125.31762911216441 105.37156984123364 94.65977552073484 86.11888278182974 80.44336107553161 78.25912221926393 79.8531751397362 85.01324866840902 93.14858462722478 103.56036252429375 115.63529760791987 95.23329237124678 83.28260116929665 73.4935143526082 66.82286254938045 64.24940917938657 66.25233213846164 72.45308662089968 81.90373203377113 93.62524335875528 106.87302924153825 86.22915236086577 72.8666925758619 61.50076629025442 53.42129555795665 50.23969129547602 52.84807982747658 60.50217929147342 71.60173918318807 84.80451406848213 99.27488784061565 78.74929372327247 63.884161010573536 50.59276575269238 40.457100952208435 36.23028071840675 39.839636255361675 49.60309612831378 62.70920846689519 77.47986615860619 93.12637459718664 73.26220863548414 57.01668730367253 41.63130103322073 28.533121071617096 22.2221499457937 27.788848052836727 40.6119118209414 55.90300407971866 72.10877565334172 88.72945601637886 70.23658926667653 53.091586514714564 36.096646915211004 19.64516610866858 8.222557838019053 18.65480196650768 35.030074057394 52.00888206419388 69.14806441041715 86.35218053343567 69.99242264871218 52.769631280231025 35.62361830228814 18.766028208590814 5.830856436957251 17.73548412465761 34.55154621385255 51.68930965570006 68.9091688955714 86.16191630500468 72.55779745705492 56.11288086023173 40.39045058506368 26.69893765560811 19.823968292766722 25.92022066407374 39.36289665583314 55.00662778653456 71.4194108150725 88.17282492511491 77.6547325413083 62.53619429380787 48.88764348973085 38.31364970640742 33.83160948495744 37.681929695134535 47.895572127591485 61.37386912958019 76.40828340555889 92.24103052580243
45.60014919884881 0.0 20.878007828375637 41.50889977179758 51.124789166956205 3.409600600122517 10.05254787370814 53.5238492920111 45.12034547327781 33.84425731822079 52.22861379943303 16.08813472006175 43.857944151174586 35.21590695302337 43.64115617523512 25.879593432308027 20.445603541556878 26.589474144091437 55.27932556698313 19.884549302130953 21.84576711024298 3.1326186438472505 43.354711698686884 34.16591501757398 24.14234434546382 34.534636338497855 54.72742779565288 66.25632044513993 45.102916449617865 37.89442324784317 43.5806222450279 22.064605566436065 41.393429445304385 33.21327629577885 25.799258433943887 20.965733618417804 31.8614646442965 46.76308807628785 56.497594577321564 24.00560428661161 89.73519128954223 75.54082233524831 62.92161686144449 53.01458897394939 47.54646323401357 48.057137185616256 54.37842816147591 64.83240864337063 77.7699924000807 92.1509900724766 83.1296075605265 67.6000660921843 53.17625847300045 41.04105556413731 33.759891374553035 34.55141873534583 42.97184025413069 55.660271470691136 70.34387558738052 86.00676771111577 78.5358915782429 61.891214188165954 45.7369691409128 30.853364866001773 20.26577720638177 21.63758657703233 33.53178201129854 48.77794052326453 65.06078990736617 81.76329928432521 76.31827431349528 59.06510629154184 41.85221675764437 24.76373948105769 8.578520729291663 11.517496341703149 28.11454970865473 45.24286206596359 62.466940935009596 79.72474102116676 76.68321028274818 59.53374660705194 42.50802796097761 25.85171382038681 11.331504050066476 13.682400041289934 29.064176713105486 45.83620703544558 62.895966429033 80.05973095720681 79.59518015730816 63.22390537332678 47.51676267233498 33.423558711335 23.98201069338052 25.136634913507393 35.87861494764331 50.412405459762695 66.28919411018646 82.73943984055546 84.79213639134383 69.62518209744063 55.71653679540798 44.26856520196626 37.600347869098805 38.2958660565299 46.02246686635319 58.03678538796599 72.23002396545397 87.5487930698398 91.8871243102995 78.07346631352401 65.92715323478905 56.53329805114602 51.42313591217743 51.87836629290069 57.767566463095214 67.68692225610766 80.15390207203298 94.16197456214609 100.47878618189107 87.98093459633145 77.35629343456971 69.46970791229059 65.32057411819922 65.62169908792346 70.31593191855877 78.62026503497137 89.53577368133418 102.22943003283474 110.21756383960357 98.9099519408267 89.53842094215273 82.76328941567246 79.2532544666338 79.44229119894241 83.30522154731347 90.37214870573615 99.96586219556123 111.43565392156493
65.96249387023252 20.878007828375637 0.0 29.708740308890672 62.544006842882254 23.261573719416848 11.309597353488217 65.00400429213555 38.49319923950821 53.92993308288159 47.216832163092946 6.321707830399515 64.64768194871907 55.636604719928606 40.10474349346593 37.45504525522608 37.599159073468826 27.543085990080282 69.72856225784425 16.475133443902106 42.50926828199283 17.778558956431695 34.85971578882793 36.88544753366626 39.96449499214959 55.17536486402852 71.26864316888837 71.00549989793028 42.78828526031613 58.77237174926376 41.59486717397442 2.9135465933850457 62.23059799212851 53.63852174167709 28.778774647218405 33.839974355540654 46.666266018864704 59.851314938732685 69.02869253632767 25.934383124095444 77.97951791840704 61.97055654424402 46.88928166597776 33.99367272136081 26.669177494722362 29.421598607832593 40.233395261499915 54.50258633406844 70.15018127630675 86.43074766650068 74.3552645301526 57.365290744019546 40.63939782976335 24.71957897742565 13.01027934825511 18.060731094405284 32.89111584690356 49.35761188189702 66.25130228714978 83.31271879981719 73.32226037793649 56.02609392757774 38.735076160708815 21.461655111222235 4.417323351663239 13.309261497780382 30.552802296721197 47.838526370401866 65.13285709182155 82.43037747783137 74.98768500453166 58.17896445091815 41.77491240534533 26.53690087478243 16.1858984701079 20.456585986410285 34.25890994822357 50.27510627675338 66.93438661180528 83.85433984413734 79.18143055705075 63.46951378115521 48.844331263547346 36.6315096062416 29.94454170642129 32.406680523133566 42.454912431757585 56.15474618547159 71.43529051645783 87.47202538842119 85.53234925603513 71.20165607455623 58.5001976514059 48.71934586887825 43.85864154040212 45.52241703742704 53.10089177553927 64.54318864903343 78.17062065563357 93.02780716153768 93.60229403040711 80.67630982314289 69.67525927660661 61.638574073135054 57.815941939662736 59.031768914197215 65.00395072649603 74.59875836092533 86.62062778426858 100.19974469023066 102.98785536192577 91.35278884542649 81.74872526472555 74.96041962378715 71.79110887429877 72.71554505196777 77.58753795907617 85.73674810872086 96.33505219283138 108.66822424371654 113.36261796678794 102.85740015416228 94.37628905345842 88.50311101856295 85.77525832220667 86.49084793492595 90.56829560449914 97.58710527825413 106.96984444079973 118.15468538031432 124.47936301750697 114.94160796509983 107.36246772669067 102.1787185393364 99.7644544918356 100.31982381233024 103.79717015091443 109.91952885868298 118.27686979557285 128.43363205481828
76.22365058084378 41.50889977179758 29.708740308890672 0.0 90.69706429142553 44.89931831827829 33.142798757599046 93.15947964517103 12.376037633142792 73.92328397802272 20.78914996570319 28.655463737098128 77.69235971748513 74.55196056577589 17.635024428983634 65.00370529696514 61.86776938643683 57.17216054138883 96.35153386386955 21.770418908866947 61.26443705981401 39.580244666506616 7.614425005609266 25.375142190278073 45.1882276781041 67.97003444579698 96.23060406816073 100.69441457047084 20.935614359853364 74.03886511218995 20.684184118626536 26.796158136689186 76.03359951533496 72.63222584507773 24.223358179027066 60.64445621557723 47.988523173453075 87.19038764153487 96.7479333943406 23.09684715777433 48.87250730586532 34.0362087890347 22.959018095845927 22.236928294151795 32.56619278996318 47.173555203467956 63.157289152083145 79.69349722725889 96.49857663353933 113.45311167588328 44.65909098607056 27.679916332897317 11.689076462497928 10.2861376985499 25.955502861984346 42.89854320066709 60.04660913419176 77.26330893858304 94.51114181729174 111.77569649487751 44.75536040632153 27.83426466128528 12.048387086895714 10.690851770799801 26.11777804108083 42.996461320064775 60.116273839256905 77.31720644594107 94.5549987198205 111.81260434857472 49.13598966195049 34.41175598129041 23.50965245834519 22.80241011521644 32.95310903037297 47.440238424935266 63.35579206495709 79.85015900934737 96.6273808952841 113.56216325301295 56.818466535706776 44.65915263414789 36.867995232080766 36.369844855405034 43.41646624407443 55.18986185295197 69.32214325459545 84.63985836001159 100.60297751349235 116.94750929096722 66.67089829601703 56.617555872124164 50.64373661362968 50.226785239028274 55.49210146235627 65.07471218458713 77.38710796318043 91.33187977641022 106.26834674252271 121.83231199579372 77.87387101002432 69.40803155140222 64.57014407069475 64.18586893252584 68.33038591863442 76.26893937049476 86.96869660475303 99.54321106300031 113.37037157497828 128.04501175561404 89.92390346251284 82.64501540031219 78.56699374927406 78.19226447015512 81.57188068845618 88.27568745063793 97.62123770025325 108.93070680152883 121.65761585963439 135.40286513355292 102.52261110357163 96.1441112248595 92.60219467882122 92.22426359758565 95.04806749005868 100.80489805337169 109.031150638351 119.2167276299892 130.90506667978346 143.73001362008503 115.4904212497216 109.80853836854193 106.66044751104116 106.27156390432044 108.67151325404562 113.68380956731025 120.98420388009085 130.18834388791635 140.92370433611563 152.86802891878656
63.322705647955026 51.124789166956205 62.544006842882254 90.69706429142553 0.0 47.87974073429872 57.709815602899795 2.4660188446553057 96.01850830858511 36.860461930719794 103.34398501017796 62.102223903627085 56.52367266960161 39.867497590298214 94.76588156915886 25.732056217832035 32.158991427000316 36.97663767926454 12.385045578669512 70.2592530964487 42.42513353639973 52.08172165477363 93.81824413629916 84.67792574047753 66.88900704190533 54.951863968554974 20.8081177368599 24.72428886252499 96.17004851098231 49.74330806051263 94.63604786744267 65.26941843491899 54.03380516686616 39.71019528874912 76.7067799523277 30.345251530581486 73.53014960693234 6.476850919695044 7.129151083822052 75.09023756723033 139.56711013608447 124.2076431062473 109.42940435126498 95.50259695078545 82.85766753614665 72.17157108331186 64.42649946991558 60.757777721536016 61.89456221553528 67.59483462885089 133.9642630155529 117.90678031996417 102.25603535494547 87.23123023860985 73.21872119212601 60.921076639842425 51.57981065259544 46.99232913063785 48.52611636530612 55.677569847049334 129.64479452137556 112.99812823740484 96.58203496148877 80.53763234108496 65.1401506194372 50.97917688886853 39.41093736292871 33.26072376622084 35.46882802087646 44.81638127941131 126.74005484489771 109.66886204575468 92.68327193380648 75.84082201549091 59.263677453810566 43.257929220989254 28.79279787430486 19.63450463331305 23.25326060557973 35.98091548604535 125.34847709666087 108.06510279968627 90.78879686930304 73.52454210713789 56.28342925210279 39.0960865805734 22.088391174636524 6.782589821186263 14.241611071516363 30.9573401372447 125.52041826539568 108.26358308270089 91.02386883919402 73.81327273046722 56.65833583945739 39.63140251374114 23.01830503133752 9.367492942576828 15.632361873632432 31.61810885666567 127.2495381398606 110.25456735301475 93.37240205798712 76.67758791540544 60.3258708151557 44.6954144110868 30.90081921048739 22.599831086391497 25.794481602698088 37.665227676610805 130.47391735290554 113.94410382342842 97.68204395446641 81.84749143757668 66.74540603523226 53.005601853155774 41.98744643043643 36.26299376326507 38.285388918239256 47.066384199106416 135.086483202466 119.17448999069151 103.70854155205028 88.92168196430583 75.21549615874918 63.29595254249047 54.351501921494766 50.00495296584886 51.43545750063057 58.21871402437492 140.95095564362452 125.75354037580928 111.17296275861644 97.48638926519138 85.12613140462088 74.75302078731491 67.2923747465107 63.774657934897085 64.84476851669639 70.29348993192875
44.228146832071495 3.409600600122517 23.261573719416848 44.89931831827829 47.87974073429872 0.0 12.968701205859405 50.26673301066156 48.48739246915847 30.900150694469076 55.51821919281132 18.953454949528496 42.01085708197461 32.4364843713801 46.90564405604246 22.838686142016364 17.036012506765307 25.133197368750082 51.88182207439915 23.29339820507495 19.249393326574626 5.761768854385705 46.75784585283748 37.12148074745925 25.179329458135697 32.95430710489887 51.332013118668485 63.552227871273566 48.296464870654354 35.737599662128574 46.76605784207078 24.711254111108914 39.450580429012 30.434167345773556 28.893046165918534 17.881092887105588 32.95330468550051 43.429368940323144 53.170950067324064 27.210600065921856 93.14416772053389 78.93388009498605 66.21163607399005 56.00094601700446 49.869159172864165 49.36053076190175 54.63234240145501 64.27772206654934 76.66329076127991 90.6730203804833 86.49410543845163 71.00295449659924 56.5713394545467 44.24840084130901 36.25235351413618 35.62657607210913 42.69637383829476 54.54736826130256 68.74996769772568 84.1213906295438 81.76516982722222 65.18722413833113 49.111270030451536 34.25158326767644 23.089749411869686 22.176869903091163 32.39138849648954 46.960643074672056 62.92943195709837 79.45839335187885 79.30186318261953 62.08407753670422 44.93098298592557 27.96188744941543 11.985592874067176 10.205640230305738 25.755953052381685 42.676650664264834 59.81586140278816 77.02786124478286 79.31559406672747 62.10153518920968 44.95499129373813 28.000270896066773 12.074454727174825 10.30936963825185 25.79703677540795 42.70134036676252 59.83339527817684 77.04141269847248 81.80511499624562 65.2370916555873 49.17713740665118 34.34552353784053 23.228227621430463 22.32033954850023 32.48932108357 47.0279261625883 62.97941823789255 79.49779765327948 86.55703269948962 71.07924689110776 56.666624602492284 44.369594606538854 36.39949290590601 35.77558970378557 42.82020702998504 54.6438927793918 68.8262121765393 84.18341596442426 93.22596875596996 79.02994949858012 66.32560885410525 56.13503065878968 50.01898389091389 49.51118699033658 54.76785855049325 64.39239728772327 76.75900684491931 90.75357425511409 101.43443076179847 88.52277559340902 77.34541981943988 68.7534744516942 63.80016179763996 63.344890526761645 67.47876540451821 75.45121946869288 86.20373177544761 98.8330629813981 110.84080736249555 99.11550452299241 89.22312704450127 81.83113139606684 77.65684924778468 77.22384934972249 80.59245675288723 87.32382129850215 96.71835374004709 108.0838315244518
54.65472738835353 10.05254787370814 11.309597353488217 33.142798757599046 57.709815602899795 12.968701205859405 0.0 60.16422223634471 38.71826304809059 43.836875484120604 46.66357398718749 6.035596753682966 53.445256955304615 45.26282710744226 38.493230825636 31.977860869001407 29.17888527913345 27.209598277548 63.250545877510895 12.941482103629056 31.896006125231803 7.20693813691199 36.18028921933636 31.662759251319088 29.42863007998641 43.91327335522524 63.565772068080264 69.93186483044713 40.54447609048447 47.74898746606515 39.12694219996244 12.108380426106864 51.07577352273194 43.25978868073723 22.93007357137168 27.517090922223527 36.56090989896831 54.05443538724657 63.639632189698055 20.397189952606837 81.93586426705745 67.03934953783211 53.60755134158525 43.03453701919582 37.80052689279723 40.0561472388373 48.773114224780855 61.252306503609844 75.65434603518395 91.07151990081881 76.41361821021336 60.198265703977725 44.8032610135822 31.457019233771756 23.88444637545979 27.387960059623424 39.095329539025826 53.902690890655215 69.86605926096009 86.34664582899778 73.24080472684156 56.13535874805958 39.20273809537072 22.830768586399206 10.215011600198785 16.916325765827033 32.660233319973656 49.456372201033616 66.51231321887522 83.66932541751156 72.72562076315212 55.46461092576877 38.24060309686185 21.144216598924178 5.524995589064612 14.583784393737474 31.52081008688742 48.714984143794545 65.96553192411598 83.23741126582122 74.92291662772018 58.303224213087034 42.235061466463854 27.695610235822976 18.68168036965289 23.01467971492535 36.180902824168086 51.837746110290304 68.29317725971876 85.08511117955001 79.60837524925141 64.18724602360254 50.01219999750253 38.4856622574614 32.55427321507376 35.1727687865264 44.868419607032926 58.20597002274907 73.22160383937286 89.0706463740707 86.37798044490576 72.37763853860214 60.121482440862245 50.88581115888005 46.50636450811907 48.32205643726125 55.73063226781843 66.89909299546939 80.273139655307 94.92506672253192 94.78614714498387 82.1876511017777 71.58143605296543 63.96631670035893 60.48283267363651 61.833260592749106 67.72906963846938 77.13492933669936 88.94415924806648 102.32802790755457 104.43776246722217 93.10662265257966 83.83988641382714 77.38279101932419 74.46980970983793 75.5122188181435 80.35623338458383 88.37895516904833 98.80911703644355 110.96995053383118 115.02010991198408 104.78833317683639 96.59316268948174 90.98658477995905 88.46215781377502 89.28170777921846 93.35720939798482 100.29251703194946 109.54581060697873 120.58464036788743
64.62284704270238 53.5238492920111 65.00400429213555 93.15947964517103 2.4660188446553057 50.26673301066156 60.16422223634471 0.0 98.44796327901621 38.32472168430859 105.74904118836666 64.56717747398889 57.7425277156523 41.2598374286755 97.16289882254326 28.186553770096854 34.41807349296577 39.34950215049534 11.482942224898457 72.69894632131074 44.38044492259404 54.50914999777856 96.26395101518713 87.00903068981248 68.99955850861828 56.52058311861366 20.425036975463417 24.25717691047272 98.54789134029282 51.09982352962538 97.01209540920925 67.73182590748885 55.30961584461348 41.201333880775515 79.07129274058353 32.77903644656178 75.56367506674022 8.04135451133842 5.142178161249252 77.47505262543397 142.02889015822558 126.67365973677519 111.88798566886196 97.93018655150293 85.20807693276292 74.3586319613891 66.30754675073432 62.15199274024891 62.67171996776034 67.75923259961682 136.40117213542453 120.35976454405079 104.72042952656314 89.69373488542628 75.64566130210446 63.23186181739641 53.60012036435934 48.439444015152844 49.178133852586875 55.581473903119395 132.03039224824695 115.40622065814703 99.01451867084927 82.99314369570081 67.60589283034133 53.40373996668091 41.61814498167738 34.79782167481983 35.89449327192483 44.32435846708353 129.04439785523616 111.99375599911531 95.03398183266474 78.22420072099145 61.687154329307546 45.71975498018334 31.20894963103702 21.363816001466244 23.184871935683905 34.890908481430344 127.5405322310948 110.26559261979358 93.0006874072917 75.75267776853075 58.53650065063846 41.3918955375592 24.46976731429995 9.108424512297308 12.879078780484782 29.111704378631917 127.57124379342143 110.30095141321213 93.04241437928917 75.80366228364551 58.60215788623675 41.48426151524131 24.624953791656544 9.515571252184998 13.168796243723273 29.240411146233775 129.13543723195156 112.09816310433125 95.15643245303893 78.37223071111687 61.873887058815775 45.97021532069642 31.573009632671837 21.88973781688568 23.66807448703308 35.212303559384246 132.17866061306498 115.57504073467283 99.2103292290009 83.22557585494296 67.88969872500395 53.7608926229622 42.07331249645659 35.33838337358041 36.41629746073946 44.745946948216606 136.60205838608815 120.58633471861128 104.97955945724317 89.99474264990603 76.00066791522275 63.65415430994291 54.095316034581835 48.98425350651581 49.71230215049442 56.0523942165482 142.27689973991508 126.95039744828917 112.19975545608854 98.28459358744584 85.61327028889565 74.82043346289545 66.82257836257885 62.6985741154884 63.211232506202784 68.25615822417979
72.5993366064452 45.12034547327781 38.49319923950821 12.376037633142792 96.01850830858511 48.48739246915847 38.71826304809059 98.44796327901621 0.0 74.7089952668988 8.90471549919952 35.70477396219002 75.17029454047577 74.79581794354596 6.375576459376762 70.38099415002236 65.38183606386364 64.97519762451235 100.31539688552652 25.846409758573206 62.147719645773584 43.93931158104099 4.761616932139673 18.50997216595465 41.92168655775791 65.82349440407943 99.06128732993018 108.36294438512944 9.31764329561654 72.64533427702735 9.610436807846787 35.704773962190025 73.91000759625497 72.99889048567034 21.79656988058766 65.67414324577693 42.745129455669684 91.86544727761162 101.58617395277655 22.189517117647004 45.55086609026383 34.101291923946356 29.148314660206378 33.690648725288355 44.9355627857449 59.17819887016047 74.72364463410592 90.90597527362631 107.43779149136212 124.17959239563088 38.00948512858941 23.143422995362116 15.007584523777709 22.66163400181511 37.42437995639781 53.724587217531855 70.50383553634917 87.48692974396123 104.5746021925499 121.72281819123175 34.90343187505526 17.611978488456728 0.9097341580252465 17.03487735611941 34.32579317622763 51.62409038574268 68.92421156221512 86.2250588351763 103.52626817926722 120.82768406064815 37.355995668342885 22.058843948587977 13.282602054507542 21.56328303730222 36.77275581692147 53.27484117670286 70.16334207711706 87.21406525002472 104.34751803658534 121.52871512643182 44.456506915202404 32.632007996300786 27.423070429993597 32.21663459963251 43.84641610455544 58.359358912162584 74.07989772635395 90.3800731835446 106.99529857469827 123.7987888159838 54.41482409426686 45.22100839012397 41.56454293479124 44.82173546296532 53.75006810598451 66.08976307842195 80.28293004668345 95.50678531172444 111.33933866624069 127.55412866220252 65.94871215740093 58.539333788670845 55.706129952038445 58.12220381837271 65.20664527326421 75.6592423129409 88.29175304188136 102.29977864591045 117.19110083256523 132.66861672888137 78.3654256020697 72.18427991706685 69.84762146994609 71.73213926450507 77.5306326714988 86.45916852333015 97.66302402150436 110.45195480294973 124.33781402864007 138.99222745584333 91.30536394825148 86.0003732357754 83.98891495178233 85.50374494777893 90.36770381367606 98.08380249495566 108.04268442397166 119.68579668807699 132.5701215392407 146.36824534247276 104.57432803469986 99.91648644232811 98.12993789378822 99.36967056527159 103.5270226293665 110.27249733907934 119.1673998720539 129.77049349584476 141.69883216820665 154.64605833253543
26.678720405412513 33.84425731822079 53.92993308288159 73.92328397802272 36.860461930719794 30.900150694469076 43.836875484120604 38.32472168430859 74.7089952668988 0.0 79.95876369496234 49.846890401129585 20.304422025773555 3.2839823343816827 71.37302038453586 27.997509302889963 18.766274743918366 43.09352541119573 32.86713338939433 52.29444060561352 12.67410580166804 36.64449086616476 74.16865754109801 58.86754500584557 36.16282653737519 18.313565826571946 27.377591041004273 60.57886302781779 71.69306569958293 13.040284781252298 70.15624589066788 55.565797093211906 17.584587902195853 2.912871708692483 52.98673446649504 26.65365237471488 40.92923914457985 30.39843442144166 38.14177948378753 52.57437187419146 120.2596694081648 107.50614166837539 96.18439352805369 86.85614124882477 80.21985813834746 76.9749742447401 77.54838704645377 81.85989653240438 89.37011603523004 99.35631470975011 111.67177087923145 97.8513526989831 85.3105166097211 74.69655594024029 66.93251004327425 63.07963648045687 63.84993643591017 69.08894581453619 77.90022266371264 89.23172728630811 104.28938503892171 89.37493428504584 75.4863151719393 63.302373821251884 53.98980587255611 49.206804393461375 50.263524675879374 56.83516588190155 67.32571650176905 80.2120313771659 98.38437445779181 82.44130140776693 67.17409331250994 53.16819576816079 41.71406075362181 35.38327687437232 36.91337555284177 45.51841277505492 58.1374414890442 72.7097373026649 94.23496928143518 77.46594205639397 60.99529777199302 45.15076910032749 30.91066124966177 21.703857628040954 24.194158830223973 36.03288269873001 51.08905340831925 67.23485367877711 92.07888004569719 74.84051223264656 57.640244166222566 40.52661569100742 23.68815667635031 8.863651031867638 13.95396746598821 30.1591687883547 47.15030298419011 64.307387106985 92.05630355632856 74.81286106134733 57.60450252696373 40.47600051937206 23.601862218555457 8.631486418920229 13.808352215022696 30.092391055976464 47.107820831721575 64.27639491317225 94.16877463814478 77.3857736586359 60.893918422679164 45.014354657872346 30.711991761701885 21.421303391929015 23.942212270158528 35.86500113075817 50.971350503534694 67.14588838116812 98.27868438519194 82.31572157684141 67.0206231458248 52.975065163089845 41.46876927702099 35.09512524368173 36.63856575547949 45.29689701945445 57.96499765156476 72.57258931584676 104.14978051630409 89.21274051629054 75.29509513884769 63.0752853856433 53.7246116240672 48.91705382709398 49.98124057518492 56.58685940286813 67.11723249642178 80.03796056860385
75.04781361639492 52.22861379943303 47.216832163092946 20.78914996570319 103.34398501017796 55.51821919281132 46.66357398718749 105.74904118836666 8.90471549919952 79.95876369496234 0.0 44.10552614633374 78.3588225672159 79.7352373588973 8.700854485351043 77.87546484818688 72.130478426919 73.331991262073 107.00858478998613 33.72297044703344 67.62995570656356 51.36456319474259 13.37062452937217 21.383956324797875 45.43423195940962 69.41710190355805 105.20098708469025 116.54960572566107 8.522773621963506 76.61697052500519 9.964310544859257 44.465404596540985 77.38631491319042 78.03220117050158 27.29683310100799 73.06884136990985 44.75194581786077 98.9295853810989 108.67700602693095 28.43159610915634 41.35153824759711 33.054704393029155 32.771724040455126 40.670222001644944 53.22458704133192 67.89959514384088 83.5856567989292 99.80720250080329 116.34045713395052 133.06928611679527 31.715180784157283 19.792269236563023 19.39915553909162 30.977937866551056 46.27796579395044 62.62890455930278 79.3840118616743 96.33262727061107 113.38801038498845 130.50830933631485 26.5774820879772 9.675346999436503 8.920519715420008 25.773097435851792 42.98421777691681 60.24738128216588 77.52783030520894 94.81611434411013 112.10860874082674 129.40362558790818 28.486550444179482 14.080233620607656 13.55490446901693 27.711566633245333 44.16830819854395 61.09387045126106 78.18436926931805 95.3511574291813 112.55933493864255 129.792440358655 36.34851035366271 26.56415536526521 26.24509555314904 35.646406213008824 49.50997935951133 65.04245061025281 81.2927626020521 97.90411976197069 114.71979177969259 131.66151727135014 47.28157419665491 40.19712966969754 39.93466275922977 46.60956368116124 57.869090576958094 71.58154750055142 86.58931990451107 102.32403813808293 118.49646965385952 134.9493384196182 59.61937375414237 54.11750805009551 53.86686615935077 58.93448484267673 68.14401939275702 80.07896662454047 93.703650160441 108.38268704863464 123.74142107929106 139.55562105991714 72.64958961638527 68.14926264554934 67.89235858561125 71.92436261095712 79.59614781529018 89.98150245569225 102.256960878247 115.82310882603423 130.2773589452437 145.35501090134935 86.0581327096154 82.23525268649995 81.96311488962701 85.27572022254273 91.78575900118315 100.87607986974567 111.91971346595085 124.39751553750423 137.9207827622248 152.21111522710024 99.69231411568991 96.3515380681856 96.05908993575831 98.84203107640874 104.45484159164107 112.47466040248142 122.42937967944079 133.88810723515277 146.4983480531607 159.98804698163804
60.248360957892515 16.08813472006175 6.321707830399515 28.655463737098128 62.102223903627085 18.953454949528496 6.035596753682966 64.56717747398889 35.70477396219002 49.846890401129585 44.10552614633374 0.0 59.27901073870868 51.295730153359315 36.413382682536394 36.48147861306119 34.76177732414865 29.27053121944287 68.29358603015 11.316183558797874 37.930997538173 13.202413765007668 32.623274490270184 31.647567568249638 33.67185015474813 49.67495881574956 69.02653351922301 72.7073329106966 38.8277615482132 53.703136041749346 37.521671299867876 6.274898541882704 56.953752615290355 49.29256154997804 23.22879738942376 32.318706149372325 40.34459647331472 58.81650022919143 68.27223339095248 20.43296609446021 77.5125139261689 62.16631867802228 48.16452125872613 37.063453772499855 32.03570930096733 35.74328332301178 46.12576831243965 59.80216776576808 74.99147020731125 90.9387184065049 72.76298817443183 56.16208488252576 40.1574291973541 25.879924116244844 18.04532726034436 24.087532267895938 37.86154509169799 53.71681295312162 70.25814829658047 87.09552698829508 70.57313989251355 53.30789523871022 36.07781646552484 18.97892285421645 4.183743555775117 16.538483401537814 33.58947278469166 50.8104069687647 68.07243022219724 85.35061559253474 71.17964014760652 54.10463373468348 37.23969283436076 21.09481367660221 10.094588477384576 18.908288654205688 34.81176746386858 51.62274730103526 68.67801711368925 85.83207524715256 74.5142302743712 58.40306195679036 43.22239633690471 30.399740310616966 24.05875398894057 28.848116797399122 41.04040458760124 55.99220071893282 72.00450708547233 88.50357228086239 80.23745490203923 65.51750566093604 52.399851336881504 42.39872386705887 38.05608551047443 41.20177176564236 50.45406665750883 63.185015480553304 77.7031917846313 93.17688736409224 87.88381252550893 74.64701267265893 63.39943839423833 55.366970004517235 52.05971799199435 54.34728510722549 61.60958408242565 72.36404213520436 85.2998747264363 99.57049238173725 96.99947514762364 85.1457469325059 75.42804798100155 68.75808886112581 66.06550768538767 67.8256587729278 73.72028778121805 82.87179154117203 94.33704996327067 107.3774479008657 107.21019611294136 96.56803164697725 88.06489324478348 82.3659408323231 80.0721743017442 81.47171341622969 86.38523703634613 94.2648416415211 104.44134077155756 116.31340874798572 118.23247722815454 108.6227710436463 101.08196782978297 96.0983463208755 94.0791699868698 95.21322597171113 99.39263900853193 106.25867066969303 115.33249156055287 126.13854382956131
7.2227596267627945 43.857944151174586 64.64768194871907 77.69235971748513 56.52367266960161 42.01085708197461 53.445256955304615 57.7425277156523 75.17029454047577 20.304422025773555 78.3588225672159 59.27901073870868 0.0 17.047574713627064 70.46525818625024 47.075636599769695 36.38588802524816 60.635737428602724 50.53300591948408 57.827570949149376 24.02534624062432 46.989816952191276 75.91704337803692 57.16713678974116 33.24875183051592 9.820845859835668 42.99437513271957 80.67519076769075 69.83869711215793 7.576747166293448 68.43819474768594 65.51508484226882 2.880884688074052 17.85199479811772 53.995407778274675 44.667227678029256 34.06740474527995 50.05578911067547 56.79645936052097 54.660203925415324 119.70409306772967 109.22562752180721 100.64829140051849 94.49122954444556 91.24570896729809 91.22302009063277 94.42548612189474 100.54540521280715 109.0928853506663 119.54835759146785 109.25138008278509 97.71379284732812 88.08400050020106 81.04493534473458 77.30754501139839 77.35189756082495 81.17179415747289 88.27847329312192 97.959185871361 109.53355611443003 99.70826811764528 86.96543459471626 76.04557232442305 67.83483986171979 63.394763989009604 63.5210270440575 68.18826750688908 76.57057494679003 87.60799188871125 100.42888882445664 91.36039845719502 77.2998744686698 64.82685118272826 55.031559405941515 49.52904483385554 49.76426316994442 55.664525065136566 65.72137146865667 78.35023828737324 92.50363704426469 84.56262675647666 69.17267775853178 54.93258111012255 43.00029303927514 35.765479872140475 36.1665800777008 43.99523944199665 56.23031466720586 70.617441871592 86.08429310968668 79.71262205332697 63.18045662761984 47.20327888154425 32.60736768181877 22.294456028450103 23.012096049305004 34.070248195023055 48.894974302632875 64.95665219598784 81.52745715032077 77.17853711366573 59.96677568132922 42.82773806421997 25.906166780475843 10.332336342694193 11.878477967357755 27.823599170939307 44.78750350610397 61.93869256991847 79.15551889606374 77.18883953106273 59.97997385859099 42.84613097836379 25.936421791959603 10.407611193057797 11.943706541220928 27.851377721060597 44.80468408324533 61.951057702469626 79.1651485498649 79.7425429952903 63.21802996320866 47.253326771327814 32.67944153409346 22.399248570453516 23.11316083084 34.138270316369066 48.942172268004036 64.9920178323355 81.55550237094167 84.60963016220013 69.2298680298802 55.00424815583535 43.09138637305641 35.87443965546776 36.27383131608696 44.08303338942012 56.298706947414324 70.6716530986054 86.12855668081383
23.52401066959947 35.21590695302337 55.636604719928606 74.55196056577589 39.867497590298214 32.4364843713801 45.26282710744226 41.2598374286755 74.79581794354596 3.2839823343816827 79.7352373588973 51.295730153359315 17.047574713627064 0.0 71.21888332502876 31.113016814774912 21.50947523407433 45.9745105834364 35.299651095043046 53.07863074246838 13.486834734879222 38.122210547107684 74.46404632685457 58.49965687742943 35.287190896276286 15.760872502479408 29.223156840713752 63.7385272393556 71.38733640788726 9.892117507708917 69.86382807309751 57.14700890120573 14.357399307006753 2.003389963018667 53.009334047936214 29.555251664373397 39.53913615287171 33.39346678333684 40.86179433282282 52.772983220757524 120.32376664212285 107.91196105842721 97.00956943795481 88.17825405855234 82.08919002405221 79.37599418479321 80.38124464703182 84.97307357805207 92.6195696355713 102.64028852806399 111.41626027765342 97.92965326050073 85.82274483215178 75.759901551724 68.64600822964779 65.44981909028644 66.73661515595845 72.26731900658518 81.17910815331388 92.49985089012212 103.66811609369353 89.05808525062396 75.59303810837923 63.99978812888753 55.46475420460505 51.530628231081344 53.227558100426286 60.08028666116309 70.60318234789725 83.4186938176715 97.35665543041301 81.66022144966685 66.76205415862769 53.335341768474656 42.788458555543805 37.62648518726124 39.99199029244743 48.8023860641986 61.3407954098877 75.77875807462571 92.77565075600334 76.1668085294799 59.95127144903013 44.560498803607786 31.238310412416656 23.764193648661795 27.42904738927389 39.226002347337065 54.071404255492446 70.05330209681911 90.18924432469431 73.00909410266459 55.9041054078155 38.97336694640486 22.611740551571636 10.11787726503082 17.092841187957436 32.87357828637289 49.6778847050424 66.73698718193465 89.77004163664519 72.49299145482503 55.23151959466881 38.00685747925589 20.910169444724296 5.353752797170255 14.79201351632313 31.743631971917925 48.94104810603337 66.19295824112203 91.54782467141126 74.67330019197118 58.050936993399404 41.98133841194031 27.452982146292136 18.536764750852168 23.070956438252537 36.3268272680611 52.016532877338605 68.48731977965004 95.39982528851044 79.32797163297387 63.90176844094413 49.72578249383608 38.21752723182502 32.36068354043246 35.10778829705893 44.90666172659999 58.304101434747196 73.35418685459807 101.08915606071768 86.05637405333079 72.04918250584342 59.79275062210894 50.576323482092306 46.25428747573537 48.16281621509382 55.66469046522668 66.90412398551808 80.32726181482043
67.51306088977358 43.64115617523512 40.10474349346593 17.635024428983634 94.76588156915886 46.90564405604246 38.493230825636 97.16289882254326 6.375576459376762 71.37302038453586 8.700854485351043 36.413382682536394 70.46525818625024 71.21888332502876 0.0 69.37334275902317 63.45474937503166 65.4432209051483 98.31882589470976 25.614822279094227 58.99366905684804 42.884110654667396 10.413845188199987 13.304539049680091 37.318347596746676 61.33380795320843 96.50702638116027 108.42287534486225 3.3137920587060656 68.39735184380798 3.247349075193247 37.48939924100351 69.3646759846644 69.49189854255641 18.601092934865882 64.53576225507838 37.37252112982403 90.29073652720878 100.0400514288882 19.757733262845836 49.388438905173615 39.36951594472736 35.48812598577626 39.59245885630871 49.743601825982616 63.087213117452734 78.00175900011563 93.74038493119549 109.9497727990929 126.44901233888734 40.34923730249223 27.24902615356731 21.346411078670602 27.70452074598463 40.964900070502644 56.45721362221058 72.76965209704404 89.45467526497436 106.33704411556768 123.33574639849338 34.9380357644808 18.356930803944532 7.211159627277054 19.124280037920045 35.75176499050391 52.814322508859114 69.99449959365504 87.22282174878114 104.47547388465794 121.74211268977378 34.886098465727855 18.258340758339482 6.957550946491272 19.030538351224102 35.70194156541248 52.78076581462929 69.96930194914206 87.202698108196 104.45875389965994 121.72783306213601 40.21419614629732 27.049579919913892 21.092401314204423 27.51018774501782 40.834334616069924 56.362991000235645 72.69691907227244 89.39579826711623 106.2877550335785 123.29345647404637 49.2045299813659 39.13961594451233 35.23408580128288 39.365969676987135 49.56436053594716 62.946640914197886 77.88864403525227 93.64672785003296 109.8703140266856 126.38025823428218 60.23903247562716 52.288095194491625 49.376617756614266 52.352244265919566 60.35036201067604 71.70966829095944 85.09458545783708 99.69253752461299 115.0426756366822 130.88060976516857 72.38874353326982 65.86401705966294 63.51929677024071 65.80294178253726 72.27756912298662 81.95584552237385 93.85184067359539 107.2299824933445 121.60207258868903 136.65486721739373 85.17763984864955 79.64896877143482 77.66189588073468 79.48248779818715 84.86604509853234 93.19715287369397 103.7682848728145 115.96848078295184 129.33755862842193 143.54930705179325 98.35655952662212 93.55043977716915 91.80429690295573 93.29011332439872 97.86078747429345 105.11467248922952 114.54312369481575 125.6575989106359 138.05147339340243 151.41089330275858
