0.0 52.08935539562907 61.43183035056968 41.28856440678535 54.151215385505274 23.147250829337622 64.15551888492097 16.008469231400746 10.306597798343851 47.16266514903999 66.12669370438299 47.82770504153109 83.74783670908255 25.105368599857012 19.196848106731117 79.22982592984613 84.68505666383184 46.47192188937525 75.36383494837271 4.041681418309235 6.3449929405054375 64.19350497598721 65.7683389753995 25.172341720560304 58.439211868095896 61.31740374308696 54.057601707781565 9.971793689536222 10.127941727040193 39.06324087952082 65.51370960234306 50.88685718943612 80.36118797754277 51.97643235173819 32.193291413652474 62.42065730010404 84.43909703019062 40.50714523767517 74.82957508049326 10.744042245095972 61.4741606351861 47.18894796962891 35.68235272908839 30.304667680928233 34.09141492225389 44.77482954430386 58.70311108599744 74.06776790681293 90.1372416662443 106.5932433532323 55.821436683261346 39.58269264890467 24.82455712342889 16.26161217425669 22.61268979437676 36.83666331338177 52.92691284663857 69.60092497916082 86.52185693496827 103.56875499880474 53.42928714639845 36.14748581796823 18.90254794638715 2.5856311973217387 15.961774350915027 33.1901276600162 50.46884672413852 67.75941253551554 85.0546005020824 102.35206753112152 54.72699464491503 38.03096163012442 22.27952072464506 12.046283513811131 19.813171145479412 35.19550335984502 51.80345610312065 68.75453129252672 85.84571034023955 103.00727787833614 59.47349365891064 44.563746464007984 32.147609924661886 26.071448423659813 30.408589181971877 42.05180665858718 56.66336439464147 72.46950779325401 88.83486100070337 105.4995060276868 66.93906572355584 54.086536243460685 44.3686148668989 40.131038700654315 43.024786446903555 51.86974002260906 64.2535081591853 78.51918485910105 93.81213764956159 109.7035899544053 76.32992019457764 65.30404545389734 57.46023987590486 54.19814719068632 56.31960874878951 63.285517132305685 73.73543385676257 86.41452951580452 100.48247008604797 115.43258575955718 87.0248922764857 77.48356756467035 70.94198559282952 68.26798743090711 69.90680658328299 75.57840839962269 84.47437917098567 95.69971978360716 108.53406242639491 122.47260818680361 98.6004011749429 90.23626356631469 84.62746427575188 82.33900931019674 83.64387303238523 88.38304608176725 96.04951051629243 106.01006745859621 117.6836464021307 130.61174201938474 110.78062926041656 103.35002611429518 98.43157986120703 96.41053815960092 97.46730611212513 101.50580077745988 108.19264004551563 117.07491219624632 127.69530417283957 139.6578472014858
52.08935539562907 0.0 27.265225290760647 25.48437072295284 29.086998514427272 49.05576243571813 22.838775406118977 37.05234647930267 42.22501047588 5.175736585315594 24.927020248755767 5.813294591615089 67.0055779462975 63.504107219764194 45.05425334980704 51.124009544519126 41.061472970637034 26.39220462287287 50.75647006176144 49.46092965645811 45.744592386690066 12.736578703827233 29.96024240597845 58.55307640898702 27.217798000009847 10.01876224066221 7.35665147813819 42.229071646093765 41.97218626730879 26.678434062646737 26.58345458499004 3.290603441318018 63.595651085077826 2.4743136550231353 56.768705814851906 11.760087681864233 43.13037076198867 17.433542069173722 47.43835317277932 56.73281419484996 108.94702525369841 97.37494299422268 87.7096894495668 80.63984506911412 76.88474810883216 76.93132821205174 80.77300860376734 87.9136705347274 97.63213049033978 109.24256144001697 99.43562953036817 86.65414588711695 75.6910299369521 67.43899065755545 62.972989000272996 63.1020733509021 67.80000304991998 76.2266593828684 87.30899851826044 100.16942286943423 91.12927245303418 77.02782306036056 64.50371160597311 54.65230237242102 49.10928177576564 49.34846519180803 55.294868978689976 65.4100612460413 78.09053557998891 92.28482778896453 84.38469375466698 68.95604127602165 54.66079469281604 42.654156704131005 35.35052264958249 35.75820995040585 43.66173915357566 55.97100242746369 70.41211912197832 85.91674857294586 79.59998771598653 63.03894157813089 47.014570135919826 32.33485725567033 21.895837991551527 22.627947054472173 33.81318963639925 48.71705181761975 64.82346813551257 81.4218916710663 77.14078046380514 59.91839677460505 42.760284482821305 25.795018542492453 10.051737646216283 11.636377157669378 27.721589286131746 44.7245027617671 61.89336941521456 79.12022878750669 77.22957944124417 60.032153586457596 42.91881076282052 26.055757518771284 10.700187473947064 12.198313555496627 27.96099112582961 44.87258099772452 61.99994641587166 79.20322919713614 79.85788401301906 63.362793000139256 47.44593528750793 32.95605186699907 22.799063026056906 23.49903265958905 34.399464209062536 49.12385449712169 65.1282915810067 81.66362096213962 84.7898296510977 69.44897849506101 55.278507986608595 43.439310607150865 36.28968719175338 36.68264598706916 44.41845412027289 56.56049014907399 70.87937961737786 86.298269353712 91.65422559388486 77.64534203431887 65.23651435979995 55.51133278885598 50.05911431798743 50.289396305813945 56.13228510846525 66.1161483929011 78.6801011762266 92.78185792303165
61.43183035056968 27.265225290760647 0.0 20.277407901959318 9.164903583262982 67.7721641186061 7.991163348969983 50.89820580836024 54.116407256796606 29.700274124436337 8.118638305741566 24.47260741593233 40.181400512505185 61.81616754895343 62.559700551504804 23.991509011735207 23.93297537837132 15.467224198743272 23.5338106571299 60.435497801226596 55.832315546059675 24.3829302862834 4.339817130223121 76.53252021670696 3.420702765202264 23.648244598337953 19.950660116998808 52.06867310041292 52.32496906414503 22.595874257603977 5.642903288900116 24.456248556914232 36.91388634703561 24.835471595728038 50.29483623153189 22.085253725542813 23.068177152404324 22.614299891952662 20.18250873682445 69.62561698657439 122.69409556615436 108.56606273246263 95.4883798567271 83.95333953257015 74.67923118711266 68.5893850683934 66.56359169203829 68.96094224566004 75.36048827724824 84.86157347512393 115.5504232308477 100.46116093279868 86.20724658185146 73.27778538521692 62.50022607523832 55.15090796082276 52.6845992622095 55.753128262378155 63.559858273309636 74.6324314044513 109.75571999554998 93.77015910098672 78.34585891248473 63.890614996787086 51.231376770218446 42.02384385268341 38.8079778380415 42.951379965733054 52.74740887833865 65.71501693724846 105.53252132137314 88.81329994571183 72.36851519712386 56.43857094482982 41.61890366988351 29.62540377860984 24.93805344063316 31.062179958552182 43.6637388704201 58.71026924209708 103.07423670400802 85.89142188882417 68.76836076877596 51.764384844715444 35.05322582413146 19.40666766373338 11.100534480630106 21.645738345327295 37.58413386104252 54.36275613378122 102.50795606285975 85.2141559460497 67.92449671990792 50.64321967798127 33.3833447649666 16.21336731486407 3.164240086113324 18.864387469633126 36.06149438850637 53.32645876209446 103.86463822866125 86.8340484283903 69.9367791861524 53.29977883456216 37.273207389938605 23.160953756550175 16.801184278603753 25.03681353304776 39.6246955203877 55.786227536328 107.07119276748537 90.62798209589084 74.57433168278573 59.22786288780335 45.31288478824799 34.60179623560591 30.659746688241636 35.79755327693681 47.13404887763066 61.3227632767419 111.96875955944341 96.33940129577334 81.38956459267465 67.57178453472785 55.73450245667387 47.385940123432455 44.533400242466435 48.16351327966901 57.05197756611682 69.20141714847406 118.3475226389366 103.65174370526853 89.88842340629799 77.55559414507971 67.44263144082488 60.669957310949265 58.41126378266313 61.168656887607675 68.33761970025017 78.72199679327589
41.28856440678535 25.48437072295284 20.277407901959318 0.0 13.080771584624543 50.186938934015146 24.407079836499626 32.18986169183824 34.61358089134473 24.056832232083323 26.046457838005917 19.802120658363684 49.142643355715 43.0066429929721 44.63931543233298 39.3831500604745 44.018474330395925 5.319600570642005 36.467788239722786 40.539059169241256 35.88848828461439 31.891896163330593 24.584839857914897 58.28021092829957 17.17492464982627 29.504518737875436 21.541918911727958 32.18655869642517 32.53490209757305 2.352913183196744 24.863283531392565 22.33105518071622 45.53314575108624 23.491578646503555 33.30958280600613 29.367103741317862 43.34514609801226 8.947722106672314 34.94822858345054 49.918446211359225 102.70009657487665 88.34364858260079 75.2368951851335 64.15045045376178 56.29094007086947 53.11082111164575 55.42155220436359 62.61818683730209 73.27500215754459 86.11686422375962 96.0763339433353 80.58523670974577 66.00003692608163 53.07292567953855 43.314802013917664 39.17033028034535 42.32214009842206 51.446266902499275 64.03888881988915 78.44709205350324 91.17020200121557 74.69625183953428 58.70063733878873 43.71166993290643 31.21483352433945 25.23355018414168 29.96345702958447 41.92369185494844 56.71061276008229 72.61750298477926 88.26864862166829 71.14254930362033 54.12839636573098 37.379369238018754 21.523572564670133 11.3147729572896 19.786282572006012 35.407384099616564 52.10164776036725 69.09553914481495 87.57120059057459 70.27933295076559 52.994034342969485 35.724841226991856 18.51686945071145 2.8632493127651477 16.499560836908998 33.68955903252581 50.95538084061812 68.23949629231664 89.12962479096412 72.20317681136618 55.50873547597892 39.342762140876175 24.762843089349527 16.651009252817747 23.238460936279186 37.436723554724885 53.494884994771176 70.14705565410219 92.83035560838331 76.70463286915934 61.224468122426906 47.03168402599219 35.69638805260131 30.580940959362966 34.5668163447321 45.31274265304784 59.24806759307894 74.60651038925624 98.43200837290524 83.36714540667575 69.35420290607699 57.17196738759374 48.228270921709694 44.519683783885434 47.29420936392682 55.589442356429224 67.39683843144927 81.19843241336307 105.6325269825921 91.72090366045221 79.1575289519071 68.68625351211189 61.38717507607098 58.4608066725012 60.54455698513399 67.17378696306241 77.18606571109743 89.45253845075261 114.1295990537531 101.34845571852269 90.08962989965596 80.99050066212172 74.84296107889331 72.40279202052332 74.0374743324182 79.49602985347738 88.07030011859268 98.95364877911462
54.151215385505274 29.086998514427272 9.164903583262982 13.080771584624543 0.0 62.90687371765362 16.185844075202862 45.16106227665144 47.694339920810705 29.98568722658016 16.938425757103136 24.724156857661427 38.75183492708415 52.85645498699397 57.44326119160055 26.580189513981495 32.74975037762557 7.765515222914483 24.21624067825157 53.55714466227418 48.89658723628504 30.03113069987879 12.896819219992782 71.20467729097237 5.779528012705799 28.548038122180042 22.53852401359929 45.22273213871368 45.5924022934813 15.156414707732093 14.746586986118349 25.8668075221864 35.21339245433295 26.63876267251943 41.147300340081706 27.48544891984561 31.35149275941682 18.536046137967933 22.1898197733525 62.97480341684933 115.61908691203216 101.0151899991719 87.4017224318644 75.31766512082677 65.6135458306963 59.46613520274116 58.01725775835214 61.59935293531732 69.43814145434273 80.2964994092674 109.1480078734583 93.57480731035848 78.72677808150661 65.10200223309143 53.640841588683266 45.99035944605177 44.176809773151255 48.85460025039724 58.48638725049663 71.08619490170146 104.18963758025329 87.76834442383476 71.76205915261849 56.524447206376756 42.88289026493073 32.88739227039117 30.379730259450472 36.91862129538869 49.00765586592978 63.55489922857437 100.9671593090044 83.93567093630445 67.04281291855511 50.42809717288018 34.49578984292587 20.87195154458378 16.734082516326964 26.8911321078299 42.01129331984968 58.35646372722307 99.64917018753337 82.35288525198997 65.0596024984854 47.77258233407368 30.502474426550645 13.315248668016675 4.785846394529176 21.615420005293732 38.8620897015427 56.14277538212663 100.3107867665254 83.14859358454521 66.05933872515214 49.11921003931297 32.561792047513435 17.508762154747902 12.310814247192017 24.398124662740557 40.468429313206734 57.26108625829504 102.91382722685394 86.25698630318715 69.91416129592302 54.17031129107618 39.743750617532534 28.695282070137942 25.80664885652766 33.27547820109729 46.33834466177785 61.52997102727356 107.31707799923916 91.44248125570036 76.19189922025045 62.02732959153264 49.88265937928051 41.567725200800545 39.57496470211101 44.756964432072174 55.126217722040714 68.3616842726054 113.31080657857396 98.37710348287612 84.35324381783344 71.77454037868227 61.53372410224285 54.95373880582088 53.40531122668002 57.29782524105639 65.67079974453986 77.07766701370191 120.65814473021399 106.72033621282422 93.90827362605691 82.74653450413655 73.98584670639774 68.5529975783827 67.25929575137374 70.33351744984856 77.25597654927108 87.11406070140019
23.147250829337622 49.05576243571813 67.7721641186061 50.186938934015146 62.90687371765362 0.0 67.76833569015047 18.53704374614339 19.09139483451432 43.95579884537092 69.97013387378625 47.07688102156561 98.19210530491466 48.20353353047438 5.725502370287288 89.47044771993991 88.26518182986246 55.37644123660667 86.64836234965419 19.45338083978791 21.707659113932753 61.73616359791373 71.92182850429052 9.526033318373134 65.5352340354137 59.07249857991694 53.88769198048449 23.096685166963177 22.200455955280532 48.56878838665367 70.31531383371552 49.34380666053295 94.62235386771997 50.045588717314736 53.56725987750312 60.77604584217971 89.24524406025147 45.17851203744688 85.0560876793726 16.580620585755902 60.83873352643376 51.81140495442437 47.604562692101425 49.46382126777985 56.79654355016359 67.85077467151805 81.11911246493801 95.68487712147486 111.03865782330782 126.89473539552918 50.47406053796805 39.19151603051429 33.51159807580919 36.17716984074972 45.7521165088097 58.961282614948026 73.88042816135128 89.65997221750021 105.91605971558836 122.4590581706061 42.394338236749974 28.09010662824638 19.481787749931218 23.848224361172495 36.832693956935174 52.37622237955198 68.76482956452054 85.51401456454447 102.44707597793676 119.48586465951442 38.08292991351062 21.063470940505688 5.9785903003693255 15.050938593738094 31.875248074010866 49.033107220124116 66.26592823006821 83.52732703357574 100.80262375157432 118.08571897427024 38.816550988594315 22.356811081860048 9.573012842811552 16.79795672300346 32.73245067646239 49.59202059346523 66.67860892242551 83.85355371801488 101.07182226745297 118.31450140953584 44.34551106648995 30.943898776675244 23.393083488842926 27.123030852092935 39.022970337470234 53.93177717414584 69.95135401245564 86.46651508502906 103.23969923152582 120.16290495611076 53.19494501118714 42.623431319632495 37.45021204769823 39.83700076117338 48.684305881172016 61.2539256768239 75.71414626490909 91.16977152765114 107.19108777313787 123.55823775516639 64.00192046553288 55.475317393057324 51.550717297106125 53.25544728276665 60.11247353221893 70.63693708229994 83.45265054947528 97.66172988433239 112.7385589797995 128.3777725069633 75.93508598776842 68.84597837944875 65.66652620433985 66.95602331548834 72.47632663445924 81.37087474143627 92.67315177129083 105.61296952140535 119.66026103667946 134.4683950944446 88.54011975604132 82.48337356910896 79.78936898948457 80.79518718182202 85.37015590537546 92.98896249659582 102.97821688096725 114.72036234285517 127.73289434473975 141.66617604720324
64.15551888492097 22.838775406118977 7.991163348969983 24.407079836499626 16.185844075202862 67.76833569015047 0.0 52.08096779681616 55.95834905641058 26.385000281058186 2.222821378623794 21.665512037441967 46.904510846852276 67.22858723127669 62.88476440183006 29.095665218197777 20.752889881139815 20.585234917526364 29.77771850911189 62.689034597756894 58.22398895723091 17.177463560721595 8.10815197384803 76.88889907115781 10.676205219478442 16.996761048940403 15.648745157730973 54.424134102184084 54.546815283587875 26.742485123502767 4.016647954533085 20.6373358945761 43.8067006385273 20.6373358945761 56.48644646458792 15.154363408191655 21.489741217993135 23.798780394712377 25.935803627410664 71.49735865888546 124.7475530164314 111.30228144919963 99.06124543443443 88.52541701650479 80.36824739346103 75.36609012572775 74.16014100162741 76.92913691684342 83.27751389718408 92.47098547915569 116.81378752172434 102.3742374076832 88.96181094467548 77.11432370757221 67.65892275309942 61.7052390684749 60.29957729681423 63.74352758649763 71.33814820564842 81.93730080198829 110.11640995018023 94.69745602374626 80.05183121895095 66.69097579880479 55.54979650764425 48.193117753273036 46.45510061657631 50.91443032779648 60.20951025925447 72.50375233982261 104.8926216663885 88.59791537523148 72.76968861520528 57.79249948851906 44.533435269080904 35.00270218751717 32.6475099794238 38.79741098526172 50.43140622978836 64.6538692830317 101.37056792160944 84.41829065466771 67.64329585793405 51.22006514244937 35.638274272280476 22.702203291207155 18.95799031321752 28.32194697458569 42.93683599677101 59.02307185877021 99.73075761353076 82.45113766579732 65.18335439663929 47.94020002266333 30.763116971972067 13.899260888778187 6.222783981687399 21.97658134280182 39.063163138128665 56.2814783121335 100.06579194421236 82.85422275110187 65.6901432279588 48.62387054004816 31.8132022068499 16.080797940131173 10.189085803470896 23.40418885610381 39.87991752617585 56.84868307316397 102.35627578706342 85.59406064879848 69.09840955874809 53.11824685227732 38.30426939302846 26.67577400576644 23.55180977967494 31.567222383537324 45.13316157922474 60.63188912812036 106.47605744368433 90.45853449099282 75.01365847069148 60.581006046615016 48.08091587912624 39.39793765814588 37.30050071364969 42.76872756007526 53.5323042894935 67.08917937882777 112.22379987287498 97.1288818519689 82.90089834213931 70.06995808897224 59.54611601129364 52.72932450189457 51.12459503872314 55.188473419669386 63.84756693823276 75.53778415044344
16.008469231400746 37.05234647930267 50.89820580836024 32.18986169183824 45.16106227665144 18.53704374614339 52.08096779681616 0.0 5.714116186536017 31.96401426041634 54.204472934529065 33.42599573561689 79.67608529557356 36.23870064904654 12.81905758993215 71.57087815360228 72.83256143520691 37.475282483884186 68.50164837915347 12.712816414172938 10.078447991497315 49.54424314112985 55.17649698855694 26.101513916940327 48.35083636683091 46.691742324798156 40.035799454002024 8.073882292606786 7.248183743025039 30.403760573276095 54.113822682426715 36.28562066392862 76.11235905091615 37.272042388782474 37.835935988331165 48.01361757745241 73.24808132876211 28.470161229405658 67.13368301090354 19.832018127805274 72.86113756189852 60.43544964748916 50.939621000298416 46.21633485686781 47.70489947568717 54.90235392758182 65.96576919841705 79.29312802063146 93.92561313435044 109.34049871744985 64.7818408152232 50.452666131680914 38.638901804544496 32.236106124349774 34.4104190037629 43.905534121754215 57.18411938230623 72.18766989582055 88.03865317458745 104.35160666144883 59.04241049128796 42.872385136455534 28.085380764451795 18.391515783787547 22.054911646131533 35.11840596271311 50.78284928737032 67.2547779777997 84.06083853156753 101.03442988934586 56.36234118058779 39.11730219708566 21.961937342619233 5.762255230990733 13.520133567986814 30.51389799563946 47.729607822849935 64.99112622350304 82.26962407545076 99.55626115956052 57.17353501410981 40.272095608141036 23.949600206950468 11.137239434430931 16.528942528628818 31.954449874102117 48.6588211852861 65.67334298071799 82.80705383064311 99.99870717500299 61.33762085757633 45.96819726270377 32.59689069749658 24.713358800116517 27.525508527763645 38.77199804918877 53.36284046230207 69.21436518606255 85.62928617234012 102.33685381599453 68.2435224187009 54.80745155847223 44.15021520497857 38.643662108064404 40.44910508028249 48.760987937654306 60.97412688715254 75.21144006521457 90.52283494023129 106.44582160079257 77.15843580458292 65.52994532234828 56.864957012096454 52.64763073552741 53.931649263137054 60.36698308265852 70.55793778694597 83.13466549399038 97.17521655441864 112.13105235040814 87.4701255052919 77.3563682578943 70.11194210971638 66.678729780767 67.63958490774816 72.82077828694393 81.42057428250045 92.49024783584377 105.25337920767652 119.16708264301909 98.74183554216222 89.85173654886135 83.63851225904982 80.72266474019801 81.45905824738057 85.7536555270081 93.11542514329584 102.88808026322452 114.45572688838152 127.33008863074592
10.306597798343851 42.22501047588 54.116407256796606 34.61358089134473 47.694339920810705 19.09139483451432 55.95834905641058 5.714116186536017 0.0 37.2072134711748 58.02520912168394 38.27901139421773 80.49592423009221 31.596507846754555 13.639782847429991 73.72849163128328 76.67970213340554 39.930707033363795 70.33444638821771 7.237395383006097 4.466743798421895 54.554784468868476 58.44151309279244 24.903754846013133 51.366670302252544 51.68639013787324 44.73293951750667 4.02714260677239 3.111561900719002 32.60460841708444 57.71265322310595 41.24453459886982 76.9828587606999 42.28336615826131 34.82631652652757 52.90979340855194 76.82421775246458 32.16425033823526 69.28613994359162 15.556228069153248 68.79619856482256 55.70906080047786 45.52787697981354 40.50655895167004 42.514475920015265 50.72361990454845 62.74548731540539 76.81023596712615 91.98551042800422 107.80334649893659 61.50206579654615 46.448181656871846 33.63143282933276 26.522126273166357 29.571663851254073 40.54939748989431 54.888379313019875 70.56858326008167 86.8667135092805 103.49124166434814 56.86431691021713 40.1371498213764 24.23105293372469 12.728312109363472 18.31908306700458 33.28483967308444 49.78840399218897 66.69784602582843 83.76773262561274 100.9166798221349 55.55235439215904 38.2645907047876 21.00017409423378 4.0680842004755675 13.81321443498991 31.04471072312554 48.32656434745675 65.61900004012189 82.91539722990207 100.21370473247931 57.79313818121414 41.436698614364175 26.31853946795775 16.34146272070613 20.97936234589004 34.81287465131209 50.81782359553043 67.46612857514857 84.37782985630864 101.42125119509839 63.209929176187096 48.677001337374946 36.6348871028825 30.223974391699826 32.91764700255707 43.03909294464629 56.74385200121429 72.0144092486949 88.0397337565314 104.47307538916645 71.08023436931447 58.49376884572036 48.88094036113794 44.22528381516323 46.05550116593137 53.71263080424912 65.17429162841391 78.79742338155867 93.6433854292477 109.2146391206699 80.68919059469196 69.80828449565064 61.92208560871629 58.25967546012713 59.60479745839356 65.65036916969676 75.27221971471084 87.29570519688038 100.86560477645838 115.43785039431943 91.4905003434256 82.00278359214387 75.34646221644311 72.30774653089955 73.33770542157657 78.27589573343315 86.45519450730608 97.05963862201439 109.38617018983724 122.9177895780144 103.10999828183989 94.7379246968285 88.98063857796346 86.36266985048098 87.16733609506687 91.30419079271908 98.35366320908463 107.74557026823268 118.9262367728747 131.43998138818168
47.16266514903999 5.175736585315594 29.700274124436337 24.056832232083323 29.98568722658016 43.95579884537092 26.385000281058186 31.96401426041634 37.2072134711748 0.0 28.56174046758214 5.322157846173055 68.56173603442254 59.59346433941938 39.89492958131505 53.689995411267255 45.50501103832565 25.98957797405888 52.84765682522711 44.444296564769104 40.819788008562 17.906411405645205 32.86862400550492 53.43961523885228 29.08670359261957 15.161065634277694 10.833667651637182 37.36569250304018 37.06944070263622 24.835854259505368 29.8748771193042 5.82678126119582 65.07272358948492 6.217858200364833 53.663351861593405 16.820380591610377 47.29746282400555 15.304473118498475 49.79564700010013 51.596269654946504 103.77195420755613 92.23182877060488 82.72538661104369 76.01944840112527 72.89109050108236 73.79670187578158 78.59696517738682 86.64698642368633 97.14219047888311 109.38097493983011 94.29781970721194 81.47857536776621 70.59840172413497 62.67541023348556 58.914993082722184 60.10359733063662 65.97427570159768 75.44179436237378 87.34426288344595 100.82297763971967 86.11062352509259 71.89212971155126 59.334820346104294 49.713853775043816 44.95572677145826 46.575436044109324 54.002119186184096 65.28315457434012 78.77979072264446 93.53782305457558 79.60855233056762 63.99915205403209 49.52746993859801 37.53342575485609 31.036346028688374 33.41347716552005 43.22470466438232 56.7362202290121 71.89110677882718 87.84288666285133 75.22991783948572 58.48942657462384 42.20423827213948 27.20468083746201 17.254095602269324 21.307866971844064 34.77152281650545 50.62415063296115 67.1957043259579 84.06207799364775 73.35602197629983 56.070068949378836 38.79836169807668 21.575140221758044 4.937007938977202 13.489810445591404 30.631511405640833 47.88859533121521 65.16946525226868 82.45916811611637 74.17696302359623 57.13505279301547 40.31525337423809 24.185492228183563 11.969519486529029 17.32956265715806 32.497247110617295 49.097264489726214 66.05849433416655 83.1602125401623 77.60725777620465 61.503627332003894 46.27327914492925 33.14282762657699 25.581011625957615 28.443624259321012 39.52722907913533 53.98587212216765 69.75139719972438 86.1089478868586 83.32522054597027 68.54699830581376 55.253919410671216 44.78846145681882 39.46799950718478 41.329719652630075 49.57090380510883 61.68556814615737 75.8396345378939 91.08730455936698 90.90009059943213 77.53957422785804 66.03517505924219 57.51176220751698 53.41592377661874 54.75051330584826 61.161067479460996 71.29118680964267 83.8026857061899 97.7857178707068
66.12669370438299 24.927020248755767 8.118638305741566 26.046457838005917 16.938425757103136 69.97013387378625 2.222821378623794 54.204472934529065 58.02520912168394 28.56174046758214 0.0 23.8762779705074 45.67761200573147 68.68275836831162 65.07067872470819 27.467522507216774 18.65564285517544 21.974845452548127 28.457087026934843 64.71704006134243 60.23185474174891 18.558114738397215 7.037935966634303 79.07759004387555 11.222705241190956 18.63955981170552 17.793598578257605 56.432497353808785 56.571041853771064 28.394345559718776 2.8661717509823146 22.79600981280851 42.66036354391619 22.761811138518294 57.69236730036521 16.706180630090497 19.279354563457286 25.861334786002264 24.501569794029834 73.57218582585566 126.82065032429337 113.29368544747597 100.92634527934463 90.19690336654915 81.75280899903389 76.35606314361466 74.67035004486212 76.93997771245539 82.84048142310287 91.67342445672179 118.95521310361453 104.45658912125498 90.94344803284275 78.92362075302115 69.17991420350832 62.78119614721518 60.79302669162426 63.63018971533229 70.71425200236449 80.93766288503826 112.31041834270287 96.85816959821105 82.14671485764431 68.65393871116278 57.24811467717651 49.39668777014848 46.91931037809662 50.611396001301756 59.33218282817933 71.25872036545049 107.1137776704851 90.81001653911144 74.9550871546328 59.906421413369756 46.454298106132015 36.41335673026832 33.054069856782654 38.18270249392643 49.21355763683867 63.124781113680946 103.58355532831479 86.63750650633399 69.86611439679966 53.43409170479201 37.78679901630816 24.4784397313323 19.216077947263773 27.16676461943187 41.29794615124214 57.19894597741926 101.8931568508354 84.61862039196149 67.3581464331892 50.1262639208367 32.967836572642476 16.119169698665903 5.611638365395078 20.04661588372585 37.026431120363014 54.21032986900553 102.13399909917737 84.90715051425889 67.71859330850272 50.60735900731381 33.691466671789875 17.545321373271996 8.903646021888331 21.19964050809277 37.66016247519318 54.64306133843522 104.29270016788793 87.4802646713277 70.90371787459547 54.777630587662884 39.655409720362975 27.262159311945503 22.64089758818643 29.676695568108993 42.98271023413142 58.42115713730656 108.25455947209902 92.14674197368309 76.56174985168418 61.895784174935024 48.981442724053 39.57249598575913 36.489590574891274 41.178939722699475 51.56187552452988 64.96349754304426 113.83140488729907 98.60977763445386 84.19553967112368 71.08157781821069 60.12481733202833 52.68868723871176 50.35775031130824 53.79971579545026 62.06139679914003 73.5358801896431
47.82770504153109 5.813294591615089 24.47260741593233 19.802120658363684 24.724156857661427 47.07688102156561 21.665512037441967 33.42599573561689 38.27901139421773 5.322157846173055 23.8762779705074 0.0 63.248540916390645 58.01055976622041 42.62375006550648 48.446812034126836 41.447108403971896 21.130193366256677 47.5375526376401 45.466513803668015 41.51050679613412 16.37649034905888 27.768997330095566 56.446843684369185 23.774951523080723 13.50098849925664 6.817203652875483 37.87525606525034 37.708956720060236 20.909493194360632 24.966022316522242 3.210298173899805 59.76459653544695 4.440052731004672 50.99796571881582 14.631131612051169 42.918452183522994 11.62025892321397 44.51803188592246 53.25442029854184 106.02388119373089 93.8517227493151 83.50998341553026 75.75208106033357 71.42497622009725 71.15733032813306 74.99262016450253 82.35963505890699 92.41761132404898 104.39161492251347 97.06011354476708 83.64257381175052 71.90405007901441 62.79333112156641 57.571783025866544 57.31243948889278 62.07752404468907 70.86056741757982 82.38639930020646 95.66877921233007 89.43843612363244 74.70712332482059 61.333345658442006 50.4094128012522 43.80802556045515 43.541726003094446 49.71242599630684 60.37775491672026 73.60927845224582 88.26031415483716 83.52717115440525 67.55285678458509 52.42802796451431 39.14993346863565 30.25633789571264 29.948024860675638 38.43217299591148 51.535319609294866 66.58420181350738 82.52110162161375 79.70786430702978 62.79169737667045 46.162359191262205 30.295908509021412 17.419335759660406 16.962811201923955 29.508527395994502 45.30432577498099 61.91060650967676 78.81673034623988 78.28734693774524 60.98679814581893 43.68734377202557 26.39113608544182 9.116672756779852 8.273389914475757 25.544037258204053 42.83993812400787 60.139307925332986 77.43982190872812 79.39450043655847 62.39526039736571 45.62415040526129 29.473215637706858 15.952759621443464 15.46038158473002 28.675233523802355 44.768598327757054 61.52152903251168 78.51294436223655 82.92813254366276 66.81415786042815 51.477162042099636 37.87313996984404 28.593027969098582 28.274684149064317 37.14921637180412 50.59032307023018 65.85899557100053 81.9398792090142 88.59834030508298 73.70394084287385 60.11307014125047 48.92439905686644 42.09890449495276 41.829941568888714 48.2273322818277 59.16681892516747 72.6240639159368 87.4442803887367 96.02731396649561 82.44739105917067 70.5166524219121 61.207213274867534 55.84573714161771 55.58658533253832 60.495365880388405 69.4853137649853 81.21223477290506 94.66437574988375
83.74783670908255 67.0055779462975 40.181400512505185 49.142643355715 38.75183492708415 98.19210530491466 46.904510846852276 79.67608529557356 80.49592423009221 68.56173603442254 45.67761200573147 63.248540916390645 0.0 71.16721368563906 92.48881504947992 19.94539875387435 45.64208082657005 44.65166511685493 17.282495289473687 84.60070766422469 80.14251412605148 64.08039861115456 38.798831235863624 105.3401979001812 39.791880520832954 63.690257288871265 59.867090562345616 77.07320251620187 77.73484533822516 50.25722798321067 42.97483589655897 63.95697974608486 3.6095965171958353 64.5335602824088 57.29178346143127 61.980608860903885 41.08037535310457 56.762207322462054 21.45220044677248 94.09873309404045 143.02260888568998 126.66139675076856 110.58687257973237 94.9447604302371 79.9891421739282 66.187025804962 54.423212794717564 46.27908797535024 43.821525119237634 47.933311285127616 139.29271055030594 122.45378790060943 105.76440945066275 89.30845211030424 73.24341681694106 57.895645540981086 44.02184247831899 33.50594924516082 30.101226412597317 35.891896095982695 136.902221846608 119.74020456857718 102.6251779024817 85.58533749867145 68.67667111837646 52.02722962997737 35.99850546887747 21.992373109497073 16.436205765450808 25.599717789972544 135.92186553674023 118.62326134034475 101.32579288892595 84.03016155904486 66.73779568002804 49.45212094886162 32.18392042579843 14.993691177621235 3.5398290648281754 19.97407264453458 136.38206848640007 119.14788550803262 101.9366549235211 84.76235952673149 67.6531340565981 50.67492952572393 34.024452924650234 18.603528988960523 11.542623813761388 22.78345930300706 138.26844097211983 121.29277087710014 104.42423707731324 87.72466492030519 71.31285231810784 55.4449231251341 40.76109197830107 29.111926465316976 25.14463024488746 31.87022312692979 141.52393998066293 124.97449201998056 108.65968861766018 92.70349730421843 77.32822965596029 62.96092437816589 50.4698633152899 41.581755799405535 38.853364532620304 43.46069101509852 146.05699910492115 130.06255323186517 114.4490652966809 99.39622412508032 85.20170316806863 72.372308964717 61.76465022184869 54.687228484893986 52.58530148234993 56.021736272177016 151.7531128432551 136.3995964280196 121.57049207321954 107.48307387690375 94.46972947840509 83.03698210177414 73.92187089760027 68.06201282155519 66.32589368947558 69.02537758107066 158.4868513459876 143.82053344028324 129.80482162753364 116.67441744822142 104.76273071770422 94.5315920749284 86.57884352361002 81.57360164215596 80.07053713722723 82.26184682873344
25.105368599857012 63.504107219764194 61.81616754895343 43.0066429929721 52.85645498699397 48.20353353047438 67.22858723127669 36.23870064904654 31.596507846754555 59.59346433941938 68.68275836831162 58.01055976622041 71.16721368563906 0.0 43.854324590395834 72.67038891124072 85.60586840775207 46.70951791394537 67.80077527090701 28.76515673915565 27.512528983549732 73.3854666486852 65.74992204858444 49.72154063002074 58.40756533552752 70.67222578422594 62.548915793621376 28.20661657960007 29.093636500659954 40.751967765858794 67.08316437867587 61.19858128308881 68.27954159348464 62.44350225548452 13.916609829705417 71.07009513310662 84.00037178228077 47.27119126286387 68.70953308354225 34.40939051395967 73.10133710226974 56.16943668233068 39.559050780286206 23.94878139768786 13.44925695380472 19.670628997728112 34.52097229370816 50.942851916757526 67.80386084201872 84.84259354297828 71.88544533753038 54.58501706061224 37.28598294650679 19.991962427815448 2.797534591594844 14.652216163952316 31.941544701020536 49.239727029171696 66.53985842016435 83.84073234348074 73.4229742699143 56.585489506763146 40.1449201997663 24.90028385450077 15.07136945661291 20.80818929265233 35.1785137414298 51.38859250398257 68.13779841671844 85.10842631399682 77.55030622995608 61.82380645709373 47.21255776737243 35.13655780955886 28.962722527156252 32.27708808729742 42.935894684130005 56.95508060697724 72.40843099529717 88.54823583226228 83.88598749610317 69.57234716638067 56.942678781200286 47.36380926358804 42.9289735943432 45.179284019707254 53.27422660113114 65.06783629442995 78.91899647537184 93.92176144905865 91.97469903754558 79.09670289983782 68.20505318650869 60.38433468165752 56.91488552301821 58.575064982411384 64.9728405235821 74.903935130284 87.16895499186303 100.92052147361373 101.39767647750385 89.83369951235034 80.35787004091209 73.77919709335163 70.90868428481888 72.19004105419657 77.41738490095435 85.87310335199068 96.71410036943242 109.23247446305366 111.81799271810448 101.3987230935817 93.05276361697737 87.37625999845184 84.90631913494872 85.91992475608657 90.29984570526244 97.59389848594225 107.2089274803387 118.5816910956636 122.98226564428239 113.53888864252788 106.09517607998652 101.09381347819469 98.90600306873485 99.71710658686482 103.45661328575643 109.82579798107587 118.4010411874749 128.74227273093283 134.70550802864028 126.08802815361254 119.37109704892433 114.88854510030176 112.90681023797787 113.55689683807944 116.79486657945085 122.4155378908541 130.1104837899366 139.5369595589115
19.196848106731117 45.05425334980704 62.559700551504804 44.63931543233298 57.44326119160055 5.725502370287288 62.88476440183006 12.81905758993215 13.639782847429991 39.89492958131505 65.07067872470819 42.62375006550648 92.48881504947992 43.854324590395834 0.0 83.97810422361557 83.49795596381124 49.86116266635837 81.07733078889875 15.24133795292977 16.703108600102908 57.789168780163614 66.75236074803351 14.014342663462093 60.23255752900986 55.05567044052708 49.43755258847206 17.666865803294353 16.745953984496328 42.973500568855236 65.29528730154748 45.06632874412418 88.92209632020305 45.84975672674045 48.38318875345647 56.6655384040123 84.31604806974337 39.945440253938386 79.55490896489609 15.187839236972618 64.02765220522512 53.72139359560187 47.65646712318355 47.4867606118504 53.268647946870374 63.394070074750566 76.1496568143721 90.42917223336347 105.6163007967264 121.3708105029788 54.457464425534084 41.91953827623773 33.876072732758 33.714051598651075 41.52583055759051 53.952389091384376 68.52761728417809 84.14224105252367 100.31205054542498 116.80670612748405 47.26994816481401 32.0846254039348 20.56964476224403 20.384045097007352 31.727278703454726 46.866224979876684 63.12668044741889 79.82621396029526 96.73770204319447 113.7666623767657 43.65831369632318 26.50518811875419 9.88509718086375 9.57177110053719 26.157904434194034 43.30781261431223 60.544287997664846 77.80982259014448 95.08858859259188 112.37448276279106 44.50192322351171 27.866786288904095 13.09226988469531 12.844081461164455 27.51811170144978 44.138822592227356 61.13867837318687 78.27102574887222 95.46455936890716 112.6912767891225 49.57383774288483 35.37683528456691 25.380827154688298 25.210377337300535 35.009294338080444 49.137043874490644 64.822513816395 81.16759415099328 97.84226698625493 114.7028809735915 57.77087691110683 46.12381508381668 38.93642210405408 38.7735755928938 45.71041360418135 57.22062747861602 71.11726271250552 86.25448656017797 102.08190043784694 118.32285870126367 67.97157597991114 58.34554673568151 52.79176850955884 52.61595895465214 57.867156202291426 67.28652697946985 79.40431962191502 93.17357754046043 107.96427855478392 123.40970646885592 79.40736680309958 71.2873887509342 66.76036108609554 66.56344308245802 70.73280867369598 78.57646349803888 89.12958618613114 101.55096147280793 115.23803426985326 129.79099904102185 91.61678077543618 84.61943818617362 80.78332808293989 80.56131113313046 83.98205513652458 90.63403497790375 99.87368514975446 111.05701081631223 123.65778703271236 137.2862662890541
