0.0 21.230714079681537 25.896574329328132 61.70864544784095 84.04783927241171 25.691065918528945 86.06388187787287 21.97542009069204 27.214173909232837 31.509106598166504 67.42184159055138 22.2489015781475 47.31568345489701 25.011381716542605 37.50676349750667 22.605159452999015 13.84819269878751 47.93710243521869 29.4322973671137 47.62539791292107 5.889860877840763 28.6245903803707 17.6249935049679 17.017359755996356 54.7848699508199 22.086222512304186 79.56302942799289 33.954424745670366 37.10028879375506 36.52024927726457 31.354306444174405 25.36013932971864 59.04737015458616 29.174576291301225 10.72683493543035 25.478624777635694 25.798523784665473 46.20076316804045 33.57370895901223 44.14096605801661 96.01662653560591 86.58242702094074 79.82810175419678 76.4671174696686 76.94543093848587 81.19521965131487 88.67588798359566 98.65519544511302 110.45798807511613 123.562825043989 85.11676209847435 74.37215969290907 66.45500512238219 62.45007522511106 63.10666135126007 68.29043959180598 77.09352887054315 88.44170322238527 101.48473858063873 115.65061210802769 75.31080309965915 62.97037193626349 53.45578226345866 48.46107520950071 49.37745640508477 55.91505011277063 66.43458959470446 79.36824804291147 93.7218498390618 108.93554843989811 67.08037423376165 52.90262593518747 41.18624728839025 34.53453361477297 35.884104694626245 44.51305245576903 57.21767750911108 71.86808270353342 87.49221630899581 103.65067500470434 61.06601772188136 45.07210948401428 30.539208065013618 20.796707627131187 23.04505391660225 35.047933104655044 50.24293346116387 66.47600133595213 83.1413061442733 100.02302966821624 57.961830409616276 40.78848315556193 23.802108389288083 8.251896834479814 12.975387119726436 29.45065317433119 46.529933438915265 63.72944273418481 80.97260319720125 98.23643162182736 58.235106800330634 41.174130155814325 24.454112176241257 9.970531017480331 14.125602762944226 29.97277258222288 46.86058916953547 63.970116590194586 81.16125981033795 98.39124783039173 61.841084295157735 46.11204300522662 32.04734770877177 22.9446216351575 24.99179886619994 36.35155486260036 51.156546531644274 67.16591506772126 83.69133301844295 100.4785025741467 68.25352549994501 54.37581038622629 43.05369798073264 36.73173297319558 37.993771165611825 46.22272417677521 58.55135315244501 72.9293413125517 88.36189130560277 104.38230687374484 76.77231197866391 64.70333745791682 55.47753627417233 50.672412072672614 51.53960439203447 57.824471099312134 68.04196687531876 80.71214416536002 94.85722079108173 109.90921534280582
21.230714079681537 0.0 20.397808355471867 42.60113391048878 66.99973471779907 18.210806589987964 67.2145413657486 41.332589744916135 36.618691440573485 41.166128409497524 49.556705595000295 20.497953320850776 34.857111027376135 22.72925335191399 49.27429736975044 22.658699662864503 34.21853433572038 31.9150540256498 19.01602093091698 35.36236906925457 15.761564001780624 8.046242357926738 9.480460789963049 30.63387148838234 34.34689271011124 4.016613820677267 62.98417846767383 21.038596102066087 38.455330492292234 46.29184578030759 15.502423197493366 20.67752746282885 45.95314648631126 21.574347240937232 25.35827122287459 25.553110878277568 9.53748033953077 30.02678886593789 17.39361880858412 27.38033045857698 113.09874322369839 101.74140031027713 92.24955761297677 85.24864073663748 81.38404106734811 81.10533311081414 84.44802841482776 91.01398503902077 100.17136800127427 111.28226267599177 103.36816108756688 90.85485371511031 80.1431458397966 72.04120259640429 67.4954634266056 67.23118294470488 71.29598868421863 79.02465254588598 89.4727057962746 101.80631669795943 94.7500693474424 80.96306679620677 68.78343269553899 59.211510085424734 53.66139324371221 53.40212737566191 58.50409538460011 67.76703498273311 79.75407681636239 93.42245122008188 87.57366521282628 72.47467187934652 58.606445664792595 47.06972559156965 39.938813772119225 39.665662836776015 46.37161799568318 57.67144256260713 71.41687337974543 86.44912089585884 82.21744947741378 65.93407847156692 50.334947821687386 36.31283249180245 26.501833861604606 26.16836172903651 35.5799055119467 49.4548962185006 64.99503370856401 81.25043148543494 79.05235672570466 61.96131897310928 45.031633487752046 28.551777544708358 14.187071863355245 13.640199260249783 27.740765749570308 44.17870701584899 61.09565650282999 78.18128519102567 78.34444742109535 61.05974421861527 43.788649711461346 26.557727317094706 9.58610839347042 8.785648820664344 25.713718779188486 42.94085000202575 60.21089122014006 77.49515985747145 80.1588585417844 63.36060475754811 46.92975644743237 31.447575704132834 19.34451259697909 18.925709763879944 30.67355514157432 46.06803286961722 62.46897223749519 79.25398100282415 84.33292050720976 68.54212259044549 53.690897959514984 40.81802720424906 32.3762109071391 32.078584558832745 40.10686984335221 52.79010604911366 67.55544723690744 83.30300398337315 90.54081552236752 76.01744269231537 62.91555889608986 52.31431112820233 45.97728119878564 45.71364417884618 51.61654562109488 61.94757412206676 74.89619307587209 89.33130008361083
25.896574329328132 20.397808355471867 0.0 58.74536945357732 84.48729601015012 37.88901569015044 82.77879277338904 35.6787224474681 50.99545658569815 55.58489772100776 66.80918766888638 38.588241447632775 55.07117618821274 41.2665817439954 62.571246082155 40.312481512875145 38.95176770971087 51.1704047900699 39.28528280510836 55.5974025208458 21.09937538451344 26.32623589561609 12.1128969613603 42.017805890090756 48.576761025936484 24.395761310460088 80.92372324563091 41.41364866157263 56.67636761092393 60.80015357272994 35.665168351326805 39.800285937581975 65.85626183128123 41.50265511908762 35.58350982144238 43.49809525594431 29.91326615059133 49.29628194769597 37.36308155884525 46.49106605180713 121.59896031444013 112.47631779954713 105.42391675986224 100.87689342967764 99.18043292549274 100.47902351709529 104.66124069053235 111.40279028227616 120.27407578377309 130.84261603465976 110.25037718082676 100.15887527241097 92.23411984345121 87.06976152164484 85.16943008251032 86.74790032526265 91.62555616271634 99.31749500531028 109.23078790494 120.81987906802567 99.61872330392436 88.37847234480597 79.34927487740819 73.35222683588002 71.15813129124388 73.11018277153178 78.90124656675611 87.77473043735064 98.90444178705393 111.6174834640847 89.95872425973442 77.38097978852996 66.94592999200742 59.786257610451955 57.146593974461894 59.63025535749153 66.66707622485369 77.01901257386803 89.54359323934956 103.45472163763769 81.61628455382505 67.55006526404492 55.34897637214797 46.50496220093263 43.134884824866816 46.44598501598271 55.249843574752525 67.42822377582593 81.48183824359356 96.59564700762775 75.03231271590447 59.46730683455463 45.18387595701231 33.84544496073251 29.12310210924727 33.904357273629344 45.272124332689174 59.567898022325735 75.13862616316423 91.33455667038805 70.69990751883796 53.924748447923456 37.629676432911324 22.865237436128194 15.11152205690447 23.078336076204334 37.88896375617871 54.1964024108477 70.97632686547266 87.95874258765195 69.04428886674562 51.74528031539893 34.44920670768509 17.16494243287602 1.1118690230941235 17.508593741090007 34.793376595583375 52.08954648601747 69.38858875478986 86.68878384028989 70.25497816818645 53.342764191421345 36.7947252979231 21.470116719034525 12.914828613910611 21.7101927293415 37.0753951102616 53.63347985008812 70.54947330119948 87.6163169124621 74.1917712049275 58.408094189391505 43.78700787069488 31.965742426410827 26.926294930386877 32.04609286166306 43.90431432013938 58.5400341929878 74.33029281409875 90.67391739297324
61.70864544784095 42.60113391048878 58.74536945357732 0.0 26.180227402316905 39.43763704924326 24.614059711172533 83.28471922149804 61.259477010786895 64.05968020556126 9.10753547831789 45.33339817313966 24.87504265145167 44.384453351835454 72.12642775983623 47.050898620757025 71.84468797692927 17.072922726624935 35.20768703576109 25.251958749801535 57.30485210483709 34.582832722137944 51.42565313066455 62.49824238977175 11.287984874323024 40.22104476151056 23.4479591769718 30.28618480204728 51.27647288960541 67.31764878967225 30.611459923574206 41.92717308912677 23.31715690402714 37.86259462972743 60.512623335866515 47.03797170880631 35.912056097346365 17.96216733389811 28.45905494782695 18.752676875656327 136.8905204397903 122.08740730637741 108.02938057802456 95.04762344642732 83.64476067029425 74.54886225050407 68.6826859469453 66.90128134721678 69.51937250820923 76.08414074507408 130.48754032811203 114.8963201704044 99.87006737258052 85.7064530022852 72.9099552650092 62.32837900041405 55.2493605632545 53.092905536871896 56.426245275998916 64.40252677805817 125.33782039751489 109.04023505839075 93.1057599447104 77.75794648857229 63.42412777088235 50.96712429759045 42.0877840855513 39.291492892952945 43.76033926694275 53.710512995195046 121.60076722107645 104.74339723016512 88.05863027529684 71.6671186583621 55.82776957651681 41.1826934927253 29.563475085264553 25.508710342127312 32.03279531866046 44.723775298280366 119.40914330680637 102.20272392598451 85.0350692003341 67.93557354825977 50.97287765256945 34.350244576677554 18.983079102744014 11.810513342773733 22.744935745685606 38.650859268391464 118.84850668248458 101.55014993331926 84.25326071902492 66.95897633314989 49.67001772564452 32.39491302097351 15.181030857454921 3.195400701319286 19.71474201904342 36.95734161977934 119.94173839434313 102.82164019507479 85.77453650176271 68.85466482496653 52.18592684466244 36.11771572998183 22.007275045350166 16.2130582172743 25.30056708968413 40.200577978748754 122.64460432323003 105.94792716778178 89.48148851417483 73.40040542415393 58.025955058195834 44.10343091820666 33.49511892074734 29.957345989349303 35.66050168461502 47.37730887795546 126.8542203729539 110.77203762841258 95.11887103489373 80.14648555324166 66.31759102487487 54.50954802197851 46.29538838071228 43.74859264823603 47.78409720526769 57.02109036444483 132.4269169341488 117.0842339292611 102.36818193915002 88.59158450652977 76.26526306763394 66.20429887889898 59.56782154335074 57.552922350052825 60.62218828874926 68.09154050995059
84.04783927241171 66.99973471779907 84.48729601015012 26.180227402316905 0.0 59.21345255490971 12.149405513553074 106.0141437720015 76.82111259249572 78.36506111453019 17.67811143370111 64.3981099598743 38.58991146189489 62.58161306567954 85.23090045186693 65.48850826543685 92.12917620288839 36.111648859106595 55.06759958295398 38.535197064206336 80.44130687320154 59.24390011141867 76.25154647081929 80.99320805897179 37.33304781430785 64.03512748544469 5.017171214668697 50.256588643360864 63.6106080141075 80.21230547590935 52.94182933409185 60.786941386439686 28.55963167964524 56.47678723678523 80.59838457908378 64.38164110877456 58.98075016994586 37.86738157598371 50.72938844758087 40.097115758723085 145.7885878068262 129.57949709808142 113.69292875080585 98.28540214281375 83.62213073028659 70.17124388758181 58.77115310403139 50.82121263192289 48.065009283601604 51.34585503591077 141.69898715926118 124.98210963727757 108.44888341116112 92.19816003267654 76.41039805170603 61.44351035143896 48.0704567815796 38.012372764023695 34.31938181612187 38.85109098177211 138.90824976701694 121.82371442243704 104.81051695557443 87.91008508619285 71.20276105493674 54.86524246281969 39.36074193756875 26.211690292547527 20.58030458645208 27.545538522915116 137.49552810906363 120.2178284365603 102.94826698169324 85.69176419933933 68.45819604103347 51.2706947030437 34.19878714252225 17.582472103113453 6.887886834592769 19.60755011183965 137.50332271300232 120.22670232721855 102.9585815471603 85.70409816515787 68.47356231994944 51.29111421730858 34.22924809156861 17.641366686606847 7.0361622086457 19.659875510285243 138.93139437846366 121.84998317780044 104.8409078219062 87.94614830394151 71.24707394854683 54.92246887358314 39.44009538985689 26.33013782406741 20.730236072162782 27.65720003337499 141.73679953965404 125.02478141706379 108.49783112379899 92.25546333154814 76.47920917754253 61.52866099983961 48.178735752085515 38.14856221688174 34.46944713976271 38.98308016821453 145.8400372113998 129.63711423841724 113.75828979676677 98.3606515966674 83.71015018227605 70.27562081433943 58.89515000964096 50.96387627680089 48.21511020868533 51.48571837436685 151.13538214303742 135.5402441062885 120.4122358171049 105.95164001792877 92.47209436930031 80.46813766106608 70.69546553818556 64.18154909615009 61.96279826610315 64.4841082861945 157.50257018289625 142.57384969021533 128.24285957822076 114.73380002087755 102.3725750369393 91.62493542117453 83.11918479828289 77.59609778782126 75.71126284958446 77.72979912978414
25.691065918528945 18.210806589987964 37.88901569015044 39.43763704924326 59.21345255490971 0.0 62.64418014505034 47.466025198397645 23.652687712948957 27.510650920249127 43.501093849784645 5.992718604012173 21.647494809199216 6.118307035026071 36.06203977498096 8.045299500257938 33.01473132760508 23.547627358232475 4.267839588471826 21.94254246058209 23.611385402344084 17.47460961802265 25.886795519715427 23.07143328596146 35.721305850078586 14.396142332102166 54.54268260482117 9.246985775022527 20.836932985799802 32.02766519031975 10.580385572394988 3.290235549246068 33.36548131013322 3.787126148255053 21.486415650883885 9.405832478124761 10.622925031378747 22.059333161435287 12.06160073182696 20.71270445498864 101.76249404590163 88.76114271453746 77.46076463106498 68.70585126840056 63.55715758348711 62.906477425528436 66.88521409489611 74.75783014031933 85.45483491402491 98.05620221524741 93.63847623678805 79.36224268399151 66.53772520269561 56.16826654003498 49.81145889117532 49.05293760307538 54.128568408862016 63.65779707398099 75.98309231875655 89.96247822187205 87.06060023180937 71.52055630407116 57.00473257025151 44.5263606969876 36.25412747059793 35.2822111077697 42.11905486735019 53.86931265034301 68.03306995933991 83.38946019032623 82.40008378642206 65.79536918974475 49.668892748229524 34.69407309771276 23.217881269911565 21.75253581796408 31.71730000575523 46.23324481455335 62.19123920433308 78.71911484946453 79.9928283922165 62.76861241581471 45.60326959524788 28.60299064261394 12.46263745693958 9.550757761735602 25.01659445292859 41.94229851806794 59.08634524736106 76.30169963475842 80.0424265797726 62.83151941625081 45.68941842568343 28.739509817514396 12.77142269205739 9.948487079126224 25.17039724168409 42.03378098624586 59.1510095877268 76.35154530880328 82.54444905900502 65.97525200004723 49.90584203367505 35.03089562596237 23.71593587227721 22.280910370257025 32.08026973463404 46.4818226002877 62.37537450706093 78.86397304322836 87.28822852499927 71.79620496125852 57.348607338606335 44.9637408325968 36.78750772836855 35.827516929441586 42.5747427832399 54.22466215682483 68.31344492960467 83.61726519888026 93.93468398558792 79.70992331462674 66.95013522173039 56.65395881882423 50.35596494839268 49.60319621156707 54.625384716377326 64.07877923969352 76.33445457054985 90.25801721959088 102.1128734385289 89.16079415446194 77.91629805472287 69.21665830658692 64.1064432661543 63.458808261751166 67.40251197427187 75.21882006158687 85.85649165225095 98.40476320909077
86.06388187787287 67.2145413657486 82.77879277338904 24.614059711172533 12.149405513553074 62.64418014505034 0.0 107.77663934167896 82.56335788566197 84.66455591149717 19.215183203730163 68.28825754996258 44.020811325539626 66.88876370002909 92.09248715498495 69.71911623044286 95.5613801165917 39.12675303453893 58.3798761215882 44.12945929826534 81.82254564490692 59.19180546465293 75.98211717878817 85.36587055802308 34.21622577427552 64.79871788273131 15.36873090959687 53.405568647424815 70.46481798129786 87.10195909912777 54.7513807100456 64.72890042515769 36.09114972678863 60.46424365391078 84.08172266370468 69.13358951791348 60.327703461344065 40.58694007153866 52.546544694004375 42.1900567537827 154.5172151109804 138.68730264339501 123.25365110614977 108.3856704358335 94.3511581782026 81.58140102196964 70.7644358814641 62.91567553949104 59.22715189666502 60.46507475641122 149.6173042921945 133.2320164265905 117.11065774030074 101.37921685374111 86.2513104942357 72.10780133199667 59.653038170617386 50.1611245117994 45.524667609414216 47.196989406185295 145.90120322200818 129.06444067785392 112.36906730417375 95.88896401460293 79.7576845614544 64.23855359034467 49.90595137081935 38.12249849137778 31.855211417053102 34.27670917471491 143.46098985769208 126.3121632187373 109.21163663865846 92.18629297191909 75.287154819928 58.62346615703218 42.47326126038529 27.748100734830224 18.293395014937495 22.317068410668902 142.36232441273947 125.06869512108635 107.77773010411819 90.49095663941866 73.21134393423287 55.9455275050408 38.711971468790864 21.58807407361687 5.673329660828249 14.037161988744874 142.63622616691083 125.37895401694954 108.13595311598755 90.91534388052058 73.73281698287323 56.62305182755522 39.68028284968404 23.272147441360236 10.36214247995525 16.48842920839799 144.27487410742475 127.23156955975045 110.26883609077184 93.43056812065457 76.79867728243681 60.54348463575287 45.074395813252465 31.568967525812138 23.66873866548185 26.879910640636098 147.2326849278078 130.56087589611124 114.07685113701456 97.8755355696773 82.12441663799888 67.14109025602252 53.573678622123296 42.79087436894361 37.29189811866474 39.35758185201893 151.4323389156424 135.2578272478395 119.39977934189125 104.00305618214256 89.30657868957225 75.71918655981993 63.95175012177335 55.18114160212293 50.9783419506629 52.453076385175876 156.77401111292977 141.1859301955392 126.0457707902665 111.53608791800475 97.93750358109133 85.68490785207187 75.43702927787851 68.10492247987884 64.68777838963618 65.79840429183852
21.97542009069204 41.332589744916135 35.6787224474681 83.28471922149804 106.0141437720015 47.466025198397645 107.77663934167896 0.0 41.905215764443376 44.92361117210461 89.29302456855302 43.38794046418838 69.10978274822278 45.93685198548501 47.510759430005294 43.23004360173909 19.220952676075047 69.90254390342483 51.33252129647273 69.39158241066488 25.985173992090136 49.27724643182817 34.351494672574205 31.672842527943835 75.65852644670348 43.14019293220064 101.53824738947472 55.91727131942806 55.18218728354687 48.774939663815715 53.21694131482059 46.76229205482377 80.80772543639165 50.794478819584974 28.117294133642936 45.657133978873226 47.456201845680326 68.15585723796897 55.44024802264856 66.04821410942742 92.37280981771919 86.70693150809099 84.27411636447053 85.35127501188383 89.8122059795424 97.19209473520034 106.88803934020734 118.33208088749271 131.06711455449903 144.75280447830934 79.56516489982396 72.97970857058087 70.14377890778457 71.50490217379974 76.84036575435205 85.40855953831172 96.35087822118987 108.95435229280461 122.70818835939231 137.26703010531705 67.31929023322361 59.460336246062376 56.016734559533006 57.78335167001491 64.33238006623607 74.4116438125763 86.79993409973436 100.64821210120351 115.43220890569637 130.83510736905168 56.00513986081439 46.331400226474216 41.8966181343946 44.30304259668109 52.62031512258708 64.60449327919693 78.59572856071188 93.69920785050488 109.45546840204382 125.61911710250617 46.31092602255334 34.04789022556783 27.79434520780131 31.376778981203028 42.36966756913478 56.609054377822304 72.19896939763169 88.42797726642152 105.00015705467642 121.77548454507632 39.449708212374055 23.948406959090917 13.76537741918423 20.10367471105949 34.89330251012189 51.280016429496584 68.12085078531888 85.14677469031521 102.26538451660724 119.43683352377096 37.031296032652314 19.733451074424156 2.4929699269888483 14.890745753945353 32.1864462384718 49.48650256501025 66.78752992193432 84.08892895221761 101.39050938766718 118.69219189883954 39.87250585181531 24.63554622177863 14.923675515225263 20.910155011914107 35.36192320644907 51.59853856054932 68.3598221822219 85.33717791466256 102.42321572045495 119.5713546004672 47.02952138656737 35.01465745695779 28.965256812676365 32.41381615999562 43.139707513017285 57.18498719904896 72.64929915654896 88.79430209858243 105.30738346649957 122.03922094952004 56.896269804389135 47.399879432048735 43.06989831563079 45.40912055883861 53.5505820433294 65.36089016072995 79.2157282745845 94.21741753735866 109.89729954088487 126.00244300288524
27.214173909232837 36.618691440573485 50.99545658569815 61.259477010786895 76.82111259249572 23.652687712948957 82.56335788566197 41.905215764443376 0.0 4.629118898431101 63.48703102756117 18.028797104738995 38.593708316231755 17.658943579913007 12.758383537887346 15.723645387686256 22.73293171467307 44.30245129695859 27.22817449337188 38.537837551823806 30.267164742571754 39.515723509701765 39.78203452296386 10.68119518851302 59.04772935992638 34.15138486591649 71.84466800941905 31.617400267081642 14.902782198061308 9.86071094166936 34.232933833739246 20.47196994143556 48.433425357175736 23.855991917873915 16.50191248756401 14.548697564114866 32.957856407969714 43.297493427430105 35.63522516869944 42.795305152950895 78.15521123353257 65.59627986491122 55.64358527144029 49.88233146447912 49.78942823133207 55.39340299777099 65.24241556284572 77.7394252735949 91.80939742557172 106.83264683386419 70.05465048052739 55.747475158510035 43.66480834698827 36.11312169159892 36.061159127009134 43.535783050188634 55.57903546217669 69.86702747971087 85.27884522858594 101.30285744624553 64.0935684805061 48.0808746415287 33.38063704691975 22.70406991450295 22.70229260185904 33.377010437597264 48.076678335584006 64.08916141946195 80.6361312360243 97.44568819358751 60.903553591368464 43.75902026395098 26.817424105571465 11.054862443806996 11.133692040037573 26.915080903291248 43.85883523778576 61.00398875149842 78.21821543323479 95.46415648980472 60.92152079066812 43.7839091111033 26.857830419711107 11.1520746439802 11.229774667532597 26.954781867227805 43.883095243413095 61.02135025528608 78.23169231208828 95.47514615459248 64.14477418732088 48.14880063882182 33.47795328625968 22.846249482324733 22.84382368354294 33.4729868919019 48.14304548258002 64.1387262975781 80.67534319505825 97.47798312429127 70.13271829127255 55.8450986567032 43.788804835419384 36.262257649076936 36.209815612534314 43.65842048874065 55.6746991766135 69.94279157372873 85.34063260618235 101.35462776683808 78.25316986517429 65.7124295304576 55.7798340093224 50.033569291292096 49.94024345779233 55.52836629957439 65.35650463256064 77.83474557125793 91.88973949663671 106.90136817345693 87.91709810238378 76.91966545030206 68.57512409866324 63.93085542570265 63.8001161758407 68.20886519299575 76.37498069358747 87.24975632579316 99.9529699381895 113.87434450808851 98.67192063195522 88.96171558037648 81.79798266135147 77.88656692230346 77.72006727745236 81.32148928470248 88.23063295923653 97.748599867153 109.19531661098524 122.02921688290164
31.509106598166504 41.166128409497524 55.58489772100776 64.05968020556126 78.36506111453019 27.510650920249127 84.66455591149717 44.92361117210461 4.629118898431101 0.0 65.74574472681965 22.13277413139624 40.656055165090315 21.413828831075225 8.551471433921527 19.785375452682732 25.71631820554712 47.00557079636271 30.83406908911918 40.53537936591281 34.78372774956765 43.820945151862425 44.408601599093686 14.637214005154494 62.46459421586993 38.61076471214486 73.35992522119187 34.971459852273455 15.055837749592522 5.233398091207574 38.0571739635086 24.256933621352843 49.826773007018424 27.292740097233068 20.785023783017206 18.17277688240034 37.173875280966804 46.135309151451345 39.32903549439634 45.860687214932916 74.29177029559845 61.35997395006878 51.08355367267427 45.30691218560119 45.76687569740008 52.29915213220318 63.0436317138391 76.2397630423235 90.82514641225808 106.22907678978062 66.66327872240002 51.91040933912647 39.29500544266901 31.49941737594922 32.23411429891134 41.04353714740311 54.118524978051916 69.07797432805734 84.93189810601119 101.26103436936945 61.39861902378227 44.984133423779575 29.598418066991673 18.090679771176887 19.421413116459444 32.0284581370757 47.67772251449844 64.18115430573536 81.01844334566907 98.01769231395193 59.13264585168408 41.85332685133775 24.60580630348411 7.609468534688167 10.4439404025724 27.549253040703316 44.805807294200925 62.08762327295967 79.37820313096101 96.67284454865836 60.20493986619832 43.34836333822446 27.059921965517447 13.568754634519125 15.319783965899173 29.732026706391785 46.1736287966535 63.07715539954419 80.15088285976229 97.3052591895117 64.44907703827666 49.04803103617111 35.446375812929816 26.56863113450149 27.45995547723589 37.42881966642246 51.444089269519864 67.01330086048878 83.26932842234092 99.87737487419359 71.30083103717294 57.7198378823146 46.66965560619355 40.28944916972218 40.83048573308314 48.05958080130252 59.59046852595852 73.42363694440573 88.48583432199361 104.24567703028939 80.09367300820712 68.23985931139372 59.13594329957501 54.186166402348064 54.533667740893605 60.086609603129325 69.61019924025827 81.72795403722269 95.45698796771832 110.19670630379403 90.26199869613272 79.88107770832977 72.20412597836851 68.15112696242096 68.36963850872857 72.82121874146294 80.80930264296276 91.41142135144422 103.82987806086787 117.49012838120906 101.39270032115391 92.21973543611729 85.59883335430163 82.14938637584008 82.27128195806507 85.94932652964815 92.76147028457882 102.08219604808235 113.29404164491265 125.8927548959603
67.42184159055138 49.556705595000295 66.80918766888638 9.10753547831789 17.67811143370111 43.501093849784645 19.215183203730163 89.29302456855302 63.48703102756117 65.74574472681965 0.0 49.09595357352562 25.12941532853816 47.67380553216116 73.37295913958665 50.50660873762089 76.4784166358534 19.955176852283927 39.24522662496542 25.30505045499019 63.47693032770352 41.707504924542256 58.71552567764369 66.15445792373481 20.36339342054818 46.7567700525647 14.461940244094196 34.283810431316546 51.879994722152034 68.41959614938715 36.07922849805149 45.52787679154432 19.281175994213307 41.255782688561936 64.97208544857992 49.93146816401987 41.91958606037815 21.482986475984163 33.8565722664194 23.29675926232058 136.82942433995595 121.43201467666199 106.620230894696 92.67529179120814 80.05149846529707 69.47281288579912 61.99514239057035 58.81343601584395 60.60808079965525 66.98026042554935 131.30805827742626 115.20431666168061 99.50360120123233 84.43105111572609 70.39134747419774 58.13763731360179 49.027865670290446 45.01313162464469 47.40607652891607 55.38225195661363 127.10412277220681 110.41134690334978 93.93924556278928 77.82806063068728 62.358167219901866 48.15167545872492 36.7060691572746 31.22172335986564 34.65494682211891 45.009371268876784 124.35136714256801 107.245711137755 90.21493628876392 73.31124761388597 56.648525566328104 40.52510328205264 25.965836560240792 17.46074069476037 23.113683999655404 36.90961169598593 123.14718650980822 105.85355718040549 88.56317029510204 71.27838550504673 54.004582122325694 36.75724530924357 19.606346364306614 4.054145447275692 15.721861065904163 32.81205994692607 123.53689085993071 106.30460392395075 89.09931151680443 71.94038431491771 54.871336445089604 38.01343599908537 21.8607446109362 10.463081703758279 18.43293486787218 34.187471129850465 125.50562818560178 108.57587635630915 91.7850200195634 75.226123299764 59.0945014935967 43.86412361200433 30.89778838642526 24.166010584571147 28.49613239482537 40.48177131543547 128.9810855331369 112.55720720448625 96.44084149592663 80.81617084376084 66.03315514256686 52.803486942596585 42.599829056003934 37.94718942242866 40.79141431362416 49.865783113445985 133.84589601892054 118.07568791228051 102.79938100966538 88.27376655372619 74.93666294379105 63.540927841521466 55.30005456792803 51.744014398204484 53.80976197204353 60.92814134311525 139.9551883414339 124.92770789165857 110.56718393908615 97.16977225381659 85.19107715341008 75.31113546331179 68.44492044580646 65.54646944681447 67.13169662076317 72.90872538667053
22.2489015781475 20.497953320850776 38.588241447632775 45.33339817313966 64.3981099598743 5.992718604012173 68.28825754996258 43.38794046418838 18.028797104738995 22.13277413139624 49.09595357352562 0.0 26.187093494062445 2.8825656049360067 30.652060412890343 2.358403478937828 27.752263222030344 29.163570521225328 10.133850195046676 26.38755158878275 21.471940430389083 21.809159319803218 26.492532096877774 17.175112750846118 41.692468664837364 17.25195527813584 59.638593649856716 15.054887240494875 18.17967924092878 26.90639737176446 16.387234189533768 3.611306481692758 37.69254150613827 7.92397746151583 16.25488018806861 5.065759226244818 15.067156758012896 27.769062579988017 17.99973316359039 26.58386364709952 96.1776109973014 83.49274781646072 72.73678877213335 64.87632361860766 61.04039411971262 61.98078319155979 67.49815314876031 76.60991642421249 88.20914540396623 101.44615711435353 87.82896780490894 73.76899062137136 61.38813562625744 51.90226624117045 47.09448070968219 48.38013861859251 55.336139540766155 66.19850219454102 79.37945498169388 93.90770405159064 81.0997175646091 65.65289675102841 51.401846472719726 39.65734605540944 33.19591357256496 35.0705084951128 44.23370616077277 57.288823183188065 72.15335105889258 87.91422628082569 76.41896943529102 59.80277363947614 43.721807382362975 29.078050261307254 19.446887505422314 22.57303082744628 35.208150594170164 50.67936341560216 67.05142611877064 83.797980126486 74.17561734689635 56.92171041742805 39.70961487882684 22.634915500906637 6.82193334560534 13.395956044322137 30.184068497166894 47.343614486767926 64.57918521652496 81.84276377734646 74.58993878409404 57.45812217574512 40.47129639529782 23.94011386108504 10.346277749220464 15.481442654509783 31.161159508012574 47.96950957553892 65.03724338993345 82.20295249202786 77.61938087258451 61.32238514111361 45.7691219140296 32.060896607016026 23.657992958321845 26.27186973750069 37.67535822400393 52.4153132605865 68.36672056026323 84.84905930613235 82.9779704879483 67.94903901256384 54.29094804749726 43.320306992290405 37.4766297421879 39.128677165321136 47.500692600450705 59.83548311184777 74.1819459284856 89.5787027418854 90.2517179049375 76.62463383322957 64.77651721482346 55.85123635357226 51.394793213258126 52.5565379774565 59.00555352197052 69.2807459263914 81.95540807694299 96.08463361544274 99.01937841210658 86.73640996750107 76.42162701424839 68.96388972375162 65.34878610385735 66.20877852564956 71.38230601233758 80.03722645396186 91.18757795884638 104.03405153083196
47.31568345489701 34.857111027376135 55.07117618821274 24.87504265145167 38.58991146189489 21.647494809199216 44.020811325539626 69.10978274822278 38.593708316231755 40.656055165090315 25.12941532853816 26.187093494062445 0.0 24.136945220437088 48.24605950162961 27.05002211468285 53.891033063236996 9.146527078265624 17.96615533444397 0.6226540286121169 44.79580720867889 29.1585129755342 44.17265603791062 42.431716026441904 27.751719591828753 31.010044545091844 33.71175792600891 14.09568317786261 26.827651839874854 43.30057493507369 19.408447609149153 22.616703451519584 11.740179989693145 18.400040751248863 42.43406703915064 25.796910786605217 25.368923240297228 9.760096430907838 17.76890232366099 11.913365453108497 112.21832371376661 97.24589295954735 83.18218180232779 70.57256685959582 60.33572050639878 53.842467413704796 52.500700735884806 56.67747357402688 65.32264994672387 76.94453413727263 106.29274447567443 90.37637495115492 75.07554276294232 60.85631802753585 48.67599118255518 40.42176570181975 38.69357205617975 44.26253772272844 54.95323761151309 68.40504918048816 101.98090588464673 85.28751215312407 68.89502844125946 53.082961570408166 38.571846271802265 27.504263145033722 24.97783633771383 33.01531123140569 46.42025305743893 61.79303895029394 99.49290393276426 82.3103167517637 65.19088590506406 48.20195034355938 31.554991353088827 16.331564291463703 11.68056315700607 24.593986453401826 40.89016794071222 57.77422045607591 98.96642360809483 81.67607875638099 64.39195781345916 47.12091013418716 29.885609638934337 12.830927710072945 5.901635290776974 22.444140507126082 39.64042302871867 56.90079422539641 100.43232480605387 83.43825268407707 66.60288512703575 50.086512703573575 34.35237042300755 21.218484957396228 17.86267072524785 28.04706862286389 43.0454790026974 59.311892720862524 103.8062153467851 87.45207021789923 71.54514433652564 56.464675886398 43.08735800616623 33.518503385198784 31.451050390824783 38.125528513920756 50.16624493123505 64.6409869103244 108.91087448725042 93.42772467441485 78.70581012358015 65.26233990548583 54.05964415548898 46.737788738633746 45.222785406125695 50.04481389081059 59.68726940114038 72.24514179776882 115.51701625834292 101.01758254693453 87.54210116845135 75.63982764218723 66.16527888711708 60.2743833699187 59.04959785728038 62.76468178587732 70.64454761887649 81.48984901636143 123.3836153167598 109.88757973433455 97.59985342720131 87.0337299942594 78.88406989676393 73.95410989018914 72.9000124514715 75.88346869273279 82.46743227350474 91.88112706094313
25.011381716542605 22.72925335191399 41.2665817439954 44.384453351835454 62.58161306567954 6.118307035026071 66.88876370002909 45.93685198548501 17.658943579913007 21.413828831075225 47.67380553216116 2.8825656049360067 24.136945220437088 0.0 29.96321268243568 2.913468615018484 29.784059113437188 27.853121425016592 9.594518325435489 24.29003109126054 24.352503041445807 23.24294597408408 29.156289080242694 18.50463817755277 41.44847004994658 19.267068495452683 57.76763144636792 14.20638892622436 15.733569017731858 25.91022393692201 16.64396553761483 2.8435400793069943 35.470158209232146 6.523076815520308 18.41645081244312 3.2924429925042054 16.386258704894065 26.5836590903801 17.97906641915158 25.66711147309878 95.69096367424665 82.64283584693862 71.42557670853394 63.02447622280405 58.662194828067335 59.237813133978 64.61950798093058 73.76272786672612 85.46868512278346 98.8309119366035 87.70800394455836 73.29715004933813 60.42312812506562 50.280618306575384 44.766401464513876 45.59193767366649 52.4587725700558 63.434413500638406 76.77649881674859 91.45512933971025 81.41203227142147 65.67016280116431 50.95027629278921 38.44476706367544 30.964151258949492 32.22213990651826 41.4302187476865 54.71168832283082 69.77810359316814 85.69310200459614 77.21690782265229 60.4164522211907 44.00632726240696 28.66493108497768 17.478901680339934 19.699188528114185 32.70040287597491 48.469443597969594 65.02284115591186 81.88629357894312 75.47383002779097 58.18259124981428 40.900396175883486 23.647081584597334 6.651323546198141 11.314120367365504 28.469143151519035 45.73498093581412 63.020619069792566 80.31327382196865 76.35094821445617 59.31081474846499 42.482833411098724 26.277794024302 13.227498576046775 16.066235216305245 30.659322320007398 47.12299981817907 64.0302515553658 81.10414324957235 79.76185664614077 63.622498134368755 48.29493898801056 34.86675156489926 26.413821521911416 27.899819712341923 38.181412787575525 52.30631888014871 67.91753880221479 84.19230088832668 85.40345933551423 70.53619578489253 57.05843360143685 46.20260441077856 40.154730029696125 41.09537581463447 48.620606362918735 60.314199762260394 74.23171763364469 89.33979512284962 92.87004504577129 79.37479088470604 67.63556058350918 58.715246311402886 54.028610106472044 54.67541254901141 60.48479339058046 70.18631769963223 82.41679209618442 96.21660726099512 101.76059148073675 89.57014493897402 79.30381377621723 71.79185207310275 67.9539277638901 68.41121036009352 73.08311868859589 81.24581159265242 91.97452198813706 104.48174298714514
37.50676349750667 49.27429736975044 62.571246082155 72.12642775983623 85.23090045186693 36.06203977498096 92.09248715498495 47.510759430005294 12.758383537887346 8.551471433921527 73.37295913958665 30.652060412890343 48.24605950162961 29.96321268243568 0.0 28.311968666315398 28.958980162055845 55.053531737252854 39.35405847169974 48.07079051715226 41.51032286527382 52.26195128548885 51.83890869427712 20.611287475665858 70.89046984953654 46.89425793899108 80.21378656201396 43.410062598508915 21.67003902320971 5.018854697190321 46.60525297401723 32.80659092099641 56.69265764008177 35.77757502633937 27.06588773745383 26.715288793542648 45.66385825808283 54.27613596133069 47.858972595948366 54.13803763591518 65.76269688033061 52.86047868908762 43.15592893888237 39.106831718495 42.36697370247922 51.568233666683724 64.20522623105025 78.63870240685483 94.04512770957324 110.01651087091777 58.39168992719355 43.39668923090466 30.913853620760154 25.035386576367532 29.943034953737946 42.01321969708211 56.85372848130233 72.78937271969761 89.23536095829493 105.95431579428214 53.81648080400532 37.043820473942986 21.14210678482379 10.97477736079729 19.81453536578867 35.54572970454026 52.279011118351626 69.29216493664174 86.42005701513193 103.60579811078235 52.76942365797288 35.51272299018906 18.341441357169483 3.221335722510071 16.82436009225613 33.97726794621016 51.23049811939146 68.50829653355972 85.79582161268378 103.08818009042012 55.4507569215819 39.37004949818775 24.978536803548177 17.2210903620913 23.831004064741013 37.92070285827185 53.91432838162834 70.52830675298027 87.40961875581726 104.4286981513588 61.37371247873075 47.31577353218112 36.18758158270211 31.289111381349063 35.31550248337835 45.979014067822035 59.8302895528685 75.12633463424842 91.14262206751808 107.55788094393274 69.71686050880268 57.68438741373399 48.92075178618937 45.36182151745944 48.17523471140357 56.415557425682856 68.14162084769727 81.8690989058474 96.74978920472084 112.32629949389943 79.72386740313434 69.39815304682786 62.249566271974636 59.435760263396354 61.55409764984257 68.14617024602532 78.08706898766053 90.2772197671567 103.92814208029024 118.53622764686654 90.84643343602804 81.88166140708678 75.8605663494107 73.51007838726058 75.17529359982694 80.60772268675858 89.12110968258612 99.93110862175112 112.37690062535465 125.97458538026247 102.72269428515024 94.83127172261145 89.62513137424305 87.58444013365174 88.92738630864379 93.50829813576303 100.88706312949604 110.50462929261414 121.8319440216773 134.43752442277957
