0.0 70.86672167324333 62.15520737562793 16.003730039658475 30.531402601789434 47.64435429521935 10.062110984342587 6.67444994946719 17.88242632944359 53.81706652551188 69.16118139111612 66.35617606402487 42.96899385771613 9.331482650410786 57.064652331351034 28.187793272209984 35.53408280751364 39.24778084082854 19.9165847462028 38.05652381980484 32.734741908274145 55.90897539787912 66.35571957167419 26.44493059523815 24.110619879736475 46.56554725070451 28.858189757577392 6.219806733852605 17.793777170209825 34.27278239192527 74.11879442975402 62.35275967932666 40.716861154483574 12.229365457751586 66.11415948762864 67.58902688182584 39.145663211666054 47.903680098447964 54.82758331686279 52.35996021561225 105.06865953086125 93.93912688884674 84.90218599635377 78.68219681113013 75.97420802562262 77.1489323151128 82.03974958335199 90.0431482563493 100.4176372238715 112.50920168713984 95.25044338714856 82.86605799723559 72.52320274728218 65.2007750867563 61.97872194357837 63.484467725077195 69.41100833160156 78.76670159041163 90.4941614003308 103.79252372685181 86.63439924068264 72.84797245000996 60.883802217959825 52.01490151184593 47.98921660646995 49.99082081950051 57.39252343624073 68.46476211110591 81.72911280385576 96.28382227810954 79.61194680700656 64.37944096893253 50.49822491326443 39.4225439849587 34.01339712662702 36.856388170243754 46.460558206084706 59.64462711464359 74.53245986380502 90.28511260348355 74.63439187296878 58.141690404922755 42.300490942591665 28.229746063434977 20.08027015819229 24.662270666987396 37.575917783594264 53.05076114527969 69.39400966126203 86.11263294988673 72.12642520977509 54.90053954562299 37.744280421267575 20.83040085789821 6.472551934619683 15.766917595295318 32.465533810980205 49.57962801463991 66.79057999275949 84.03890212708264 72.34537729342578 55.186564424006825 38.1572201661587 21.56625348512378 8.540866973309354 16.718337495798995 32.93588452261515 49.887427781394784 67.01829371663916 84.21912618531256 75.26745116911368 58.94844073219617 43.397688005902296 29.841434014374233 22.279457895344947 26.47543209270785 38.78445520031038 53.909466943749216 70.0495430919112 86.63923792841167 80.5991428538057 65.59076476382512 52.026745120783914 41.35363569927265 36.22390585541116 38.89635866644565 48.087308843361285 60.91435806306379 75.54757412872804 91.12090916563338 87.90301262591295 74.34537204380732 62.6596386536955 54.0733533687841 50.202848818120145 52.10974737023517 59.23872693707914 70.01234908047725 83.02368658848415 97.37986086358764
70.86672167324333 0.0 80.59813871693325 55.88158553810954 67.60144496574685 89.67905720386533 66.52361484517566 76.98693670112672 87.15494911796856 28.526060395981236 17.83792261139249 99.12017255937856 46.867910702753946 62.578920368092945 17.00433845382919 54.00373479475081 80.36936646678457 33.18348257892834 55.306161266190614 36.23894322661014 68.76402745261552 15.415155374847213 81.75586750282284 88.03751285714377 64.50060942569185 94.29948220001866 51.864866883566926 74.42809460265038 86.00474933106011 48.84930083058352 12.138560131095488 98.5501416556257 46.52853372436769 59.27022970092626 12.423263656855017 14.029953513687447 84.45496379043598 25.291822204191114 89.13252425131111 24.664494467647604 135.89612784163117 119.29258745078812 102.91934988307716 86.90668007426075 71.49725032766068 57.180852294856294 45.012778584461046 37.16662353074874 36.54138579137612 43.44991540302296 132.8245239097091 115.79767704456805 98.866379951725 82.08977633938112 65.58668228429627 49.63069237529817 34.97870176640349 24.135549463919233 23.243303071063714 33.11629125442661 131.1878921351938 113.92537813609155 96.67695585604808 79.45180346166259 62.2692349609028 45.1778645081548 28.343156669985323 12.819629016745978 11.138425195788711 26.124689723802625 131.04003370820533 113.75586544987408 96.47806417959289 79.21079639183876 61.96286884753574 44.75664665955792 27.670041167411814 11.261367137801962 9.312306643773333 25.40340870537175 132.38593914079257 115.29665210167025 98.28179312744545 81.38805505560056 64.71036950961076 48.47226123672392 33.32266597615808 21.67837164469019 20.69336361331298 31.38774552531174 135.1809798025201 118.48101070381473 101.98191367000904 85.79964892563612 70.15380971446851 55.499932441413364 42.86765921417046 34.55051568388749 33.890238765703586 41.25611051985049 139.3379379777454 123.18150008264367 107.38252078778902 92.12509096151511 77.72877076550391 64.7703175161827 54.28930893054296 47.93920007546888 47.409994203498925 52.87675296064559 144.7394607192118 129.2327275105422 114.24263544566763 100.00178584011664 86.87939982112952 75.46123892575945 66.62929214943546 61.507902661986826 61.03832511588306 65.32095912930546 151.25219626349485 136.45503157422115 122.31684587391244 109.09414422129066 97.16141311880027 87.0507580254335 79.46077727128079 75.15904572865597 74.71569824233221 78.19638963254631 158.73934439517626 144.6730373512479 131.38139661213248 119.12401260178761 108.2527816981228 99.22436433547058 92.57947707913709 88.85448801983426 88.41920534077413 91.32068260671743
62.15520737562793 80.59813871693325 0.0 54.866412371676695 31.701643840319637 25.422587072777084 52.42692611705637 66.66714000684806 61.16324734981763 86.09865709959465 92.0416225758135 20.71335753200203 88.86250851846684 64.40861181144551 79.26129783964045 79.29417424613294 30.3034019721661 70.6898679536327 70.75386809635 52.44585431449614 29.440391075410297 74.18472536388276 4.413541867581309 48.835583417453265 38.55264371682448 32.45424200080468 41.904446783517045 58.231802142557534 58.642498713976934 39.85129752424267 91.19675804611998 22.631247399845762 86.49483769141871 56.511581081843225 85.7818173360264 88.2232690842163 29.577921465436116 74.88808038113962 17.019311105128835 81.02211386346596 55.3961286135946 39.293423279446905 24.85814432058245 17.04681036213524 23.705955504923473 37.84260941974515 53.85968833360047 70.48674446640358 87.37624643977998 104.40089998009432 52.7592296167364 35.49764288746693 18.312360647762276 3.0522148572714833 16.79294612895322 33.96179655080669 51.22028671669308 68.50069692225473 85.78978230209533 103.08317795429727 53.85273876382751 37.096234954901874 21.233389253336068 11.148810987459983 19.911005740103853 35.59934421624838 52.31530811877763 69.31942450987648 86.44181141709346 103.62385779157998 58.467708120571174 43.498453414233104 31.05589297944935 25.209760230187673 30.08830363742516 42.116392337017594 56.929653731251776 72.84841060144262 89.28329554295605 105.9944964676983 65.868013396916 52.99084538888694 43.31478065356186 39.2812521826636 42.5272776576313 51.69939979187336 64.31012793165462 78.72396834571512 94.1160977262676 110.07689372323263 75.23610340668151 64.21728987833964 56.444211361741026 53.354824399871 55.73351945500961 62.963582398999336 73.62947670358632 86.46899203775843 100.65372790601647 115.6899257123742 85.93068292049506 76.41720062930453 69.95560088129159 67.42903599578446 69.26943737371094 75.15667815208455 84.24659545340994 95.6302393474708 108.5886171147674 122.62350554700336 97.51617134742227 89.1918713665527 83.66395350989791 81.50340650355413 82.97369693049801 87.89280089245108 95.73053572727555 105.84048113828749 117.63826069321034 130.66749505443454 109.71055193670794 102.32611707968123 97.48606040765453 95.57770879387112 96.77465355252407 100.96651637784655 107.80449895862529 116.82487435604627 127.56551746588497 139.63001084529452 122.33172470887367 115.69738814234373 111.37941860323882 109.65180649275707 110.635965939522 114.26184737263443 120.29080215693487 128.38473006632148 138.1812406072746 149.34565981884836
16.003730039658475 55.88158553810954 54.866412371676695 0.0 24.5534799707873 47.065237707189844 10.95991005966856 22.64859815956564 31.27504077220579 42.6965173323451 56.364074043366465 63.90765046436592 37.076560135749666 11.283552949839537 43.43475019802267 24.93062441301193 34.67338168950337 26.436179521205894 15.977251222985931 22.057945458500576 26.886198131712344 41.44142534347211 58.636638044916296 34.194731000550796 17.604086900885306 48.38641361786346 15.08349692987706 18.587284126619053 30.19753809741687 20.028502360997162 60.36162439154098 60.80444512378751 34.60993797506788 3.7871261482551253 52.48518249698986 54.228426752980454 39.04484671264399 34.70582029005729 51.940116039304066 40.00770374232185 103.81914584812637 90.70363709448957 79.21223702780254 70.14770975129915 64.54082310942233 63.31688943688451 66.71756218826846 74.10891779472031 84.44953679469715 96.79881615201052 95.78118591959837 81.42551443919226 68.4462922241484 57.77869095984089 50.89755427565059 49.41099701434293 53.768335599831225 62.76402546733281 74.7416454521326 88.4986210574331 89.26505248738039 73.68750169117925 59.077522860265645 46.35910914960677 37.50850286385644 35.543157782874985 41.45421372339622 52.65258870939274 66.51951482265505 81.70742988644213 84.6231311326339 68.01740557809431 51.86879577393503 36.78434263546999 24.789415601432804 21.78655005422447 30.553294017841793 44.62135320759351 60.39319434713282 76.8265713111358 82.17372624286921 64.95909915004496 47.80754312838731 30.82452168980602 14.610079900081212 8.687408809244715 23.156015391301523 39.94551746610962 57.04209868435406 74.2338940029307 82.11331387689013 64.88301029383612 47.704581764413895 30.665332305914617 14.27275296276904 8.110100889108294 22.946663882104247 39.82509783786435 56.95823768219159 74.16978259042516 84.44702219762524 67.79918133796117 51.58362084957764 36.38299613352744 24.192692971698918 21.108337136783685 30.075719742456585 44.297262412630296 60.155278358083095 76.64058382637329 88.98665888932166 73.35155706632754 58.65990213449785 45.82821230988376 36.85340824679361 34.85441272101835 40.868009539183355 52.194502125046924 66.1592444880267 81.41580277214936 95.41783260431714 80.99975072086731 67.9415813840437 57.18268419280363 50.22312503801272 48.71926962013965 53.13637363161746 62.22606527597144 74.29262563156733 88.12154829006747 103.38807754066337 90.21218422737994 78.65161278350041 69.51696633942665 63.857931614674676 62.62393038440709 66.06339598541881 73.52334545589072 83.93858927986705 96.35551680427734
30.531402601789434 67.60144496574685 31.701643840319637 24.5534799707873 0.0 23.79499127096819 20.725942142031105 35.4377890851637 33.008877593172436 63.10620402643098 73.5836888087115 39.431988957793656 61.068873050060326 32.98231540568814 60.012664140690305 49.48334417395751 12.818992382688057 46.383400600492344 40.445146298971544 32.00879691354081 2.3624493244055897 56.207068389521716 35.84954630570297 24.99634350854739 7.083878888669425 27.05908296406228 16.467894757363805 27.105065332747422 30.617944135191888 18.757807865689163 75.40876546669158 36.58046332659886 58.60791014643656 25.451196301549484 68.33085245877876 70.51835425313939 17.082979941152573 52.99838375858628 27.47555074793005 59.08563842213006 79.40086368620273 66.16033413756938 55.213996746027746 48.1527156521961 46.77056314931333 51.52659599228385 61.00161945700125 73.39010847972757 87.46268594804248 102.52822932187014 71.95021994605034 57.04985402771635 43.9459435392989 34.734917263174964 32.870829253028816 39.41036372671717 51.23056252986786 65.53375252410366 81.01532766877078 97.11334784247501 66.70610458546498 50.3078788507253 34.796161988592154 22.121822551961028 19.14912807736585 29.02955577419428 43.788731883714505 59.92414288678453 76.57065162720971 93.45554242336262 64.21151171690474 46.96584544701156 29.785509024823124 12.933520979129032 6.788879856235145 22.882642378500886 39.998190740047 57.22594438247074 74.48809076749389 91.76522287684325 64.78487748276763 47.74321291103076 30.991314233438523 15.49909310271574 10.894740306399274 24.4106942942621 40.88742808928913 57.848031131798166 74.96479697916085 92.15074615351705 68.34902833944629 52.45715246451222 37.82362847665105 26.61224820165588 24.176589799327527 32.55017804987044 46.18691962659765 61.69003043314421 77.95382621641266 94.58672763840015 74.47576414721426 60.18969422216755 47.93397295339376 39.63885547059796 37.99366513479141 43.75505622408174 54.627812764016056 68.20995189064757 83.1847568589961 98.9217702910811 82.59671413426534 69.94670312682928 59.67885582882969 53.19107867045638 51.920288227944376 56.22136846159047 64.99745130487729 76.72806229042139 90.26861509748304 104.92068748421677 92.18625011309724 80.9997572591503 72.26554506752343 66.95035245456236 65.88689358171042 69.2712650390357 76.5155274207569 86.65700245641538 98.80758358813318 112.31711105342961 102.83422640651884 92.88720933634083 85.32216313670392 80.81083908203442 79.87236212215419 82.62856089672006 88.73582279821312 97.56687832501603 108.45841401474541 120.85463052982244
47.64435429521935 89.67905720386533 25.422587072777084 47.065237707189844 23.79499127096819 0.0 39.90500194738583 50.13040260888756 40.58462084425773 86.90055722123978 97.00341939651507 19.107675542955977 84.11726624304147 53.17513346306989 83.45420658615721 71.53366959274368 12.514392413108597 70.17628559562935 62.27205041439388 55.20421547810044 21.927455000464374 79.37291954445266 29.441755304813277 26.686720973288317 29.823351384701418 7.11682676589026 40.10103184577137 42.17025480465836 38.19652972790772 41.428002531857196 98.32085472877976 14.750510841404736 81.64912675180383 46.981950278558585 91.528110612084 93.78395310540189 8.5039726105407 76.71682303993208 9.512232674218838 82.83298040409984 57.537433994261136 46.62217539398026 40.44012813478562 41.18114235858488 48.52911297008095 60.107977196221356 73.95653342834174 89.02176446166158 104.78017968978354 120.96116467845765 48.72952294383371 35.24083493234666 26.607834110998034 27.798337619350658 37.89760759849998 51.946319387693904 67.52275085535685 83.77907863583052 100.38553929641476 117.19338433233233 42.91351362475012 26.671265680989777 13.411044530175463 15.718420999531402 30.215796249809404 46.66511403886442 63.56873708405204 80.64148275919023 97.79481627194184 114.99267967408521 41.37116906010085 24.123737223507646 7.144882014849356 10.902181136434105 28.024620268709164 45.283713430182075 62.56647373790673 79.85753654547801 97.15246895151483 114.4495167171208 44.54862724147576 29.2183699828275 17.9320479948852 19.700654598761407 32.4559005951 48.13904258229139 64.6533959162637 81.49520250732635 98.4966329643916 115.58727276088477 51.58086318295359 39.07208570145094 31.486175910444803 32.47829465857363 41.436806494415166 54.570021064796585 69.55195485061526 85.41528321067092 101.74859088042194 118.35746636346313 61.152103681809265 50.99695401354016 45.39275893349799 46.032809164445034 52.69003877945142 63.499327276436496 76.72543680806172 91.32428183611702 106.73406186782728 122.64949727926899 72.2602785227508 63.84263584854976 59.404654334507896 59.83845139885731 65.04663004118618 74.0282675617709 85.60374536811993 98.86614459946082 113.22422169535987 128.31068042922774 84.29987286286556 77.15040738602525 73.4614830659192 73.75419288476644 77.98371484698274 85.56825307223778 95.7135279114698 107.69828343634184 120.9770574234166 135.16901985127697 96.92427510341189 90.71698961037035 87.54145029132219 87.72750452367053 91.25459328978368 97.76176531995928 106.70520575618947 117.5300613749413 129.76635130711267 143.05234268842094
10.062110984342587 66.52361484517566 52.42692611705637 10.95991005966856 20.725942142031105 39.90500194738583 0.0 15.946139710995434 20.83683982920978 53.36253517582421 67.30999718690406 58.04045582546825 45.898908537179906 13.27040572688442 54.39119185197764 32.163537862934305 27.437389089592656 37.32352383267652 22.928293936003055 31.551364904159897 22.9978174251136 52.30171535963749 56.567683599243864 23.481553323451124 14.097528600110087 39.97876305989762 19.832046329868653 9.030254007080794 19.503802469008665 25.259600047667323 71.29926380780411 54.36099450701638 43.47883069719342 8.558650700657688 63.43680724793342 65.18787281450987 31.473150735241017 45.654692676731074 46.25328918971606 50.885657526516304 97.40753783193183 85.46702311519799 75.62861839945991 68.80011678278585 65.92356547792704 67.50606764643693 73.2592254980149 82.31312981294761 93.71595822426336 106.71739585940288 88.36052823199424 75.04436843593108 63.67442102209588 55.460859399194504 51.92381276899331 53.99035204613337 61.09447004481333 71.7552144470092 84.63916176758873 98.88106483520818 80.7878658630959 66.00465864800731 52.77553608231008 42.57471089072668 37.92968968062662 40.78508629781522 49.86874494679227 62.5225298109029 77.00615753550305 92.46370323380759 75.13677970727886 58.98731598955774 43.7285036817199 30.717607729031 23.95144293640386 28.328124129140136 40.37331319583357 55.283243608814566 71.28239918202004 87.77718750365815 71.86212286469404 54.77531579483075 37.88428254790753 21.652150790786923 10.05611900882653 18.22494310360289 34.08642983205491 50.89532367726689 67.95216237675994 85.10800136930042 71.29216823562388 54.02885459120593 36.801827735837605 19.706482195461312 4.585834264735629 15.88797755692515 32.90196506832257 50.113514139661824 67.37137977698916 84.64723767638561 73.48988009347187 56.88453508840662 40.861353047122996 26.498339533463515 18.258855599590827 23.734397025741178 37.30910587421693 53.09735534532209 69.60891388862919 86.43022981204086 78.22229756544222 62.853244195977815 48.795914752026434 37.553439364179354 32.22093792526661 35.56438379362211 45.718382184590894 59.28089123496047 74.41092784432699 90.32417627967442 85.06737970335708 71.15579271896306 59.06384439226566 50.126158046945186 46.210700665812084 48.54821439421435 56.36605818263758 67.79409294685001 81.32434254903833 96.07268848367474 93.56249403084122 81.07825866531962 70.65496144072186 63.31870919023276 60.20872113203197 61.964643763761416 68.21172819042863 77.87655910527394 89.8630784169974 103.36674066583676
6.67444994946719 76.98693670112672 66.66714000684806 22.64859815956564 35.4377890851637 50.13040260888756 15.946139710995434 0.0 14.718305437688548 58.657273335814935 74.45722910769781 69.14769387912074 46.239138323505216 14.54176501391322 62.737078211511495 31.30373396678338 38.59238421418069 44.84790352845832 24.13948159577686 44.68198366591826 37.50579047755063 61.883439760077856 70.95569076976966 26.33386455565982 29.508971350723666 48.13328447176423 35.35387457361759 8.438691904899459 15.554876083937454 40.78650043817713 79.7501807980019 64.87163551044509 44.140734443759285 18.864892234813453 71.73337275967978 73.1016779480756 41.75505147639428 53.5077537266609 57.983125459624205 57.636145540837646 107.02011202979071 96.73333470567422 88.65693744459489 83.43529181753448 81.61816056758992 83.42829974553527 88.64377650214803 96.71524118019215 106.99830601410514 118.92063719944504 96.55755042430641 85.07138241740722 75.82618808559468 69.71924141743133 67.60640191058629 69.8510534357012 76.06842238470723 85.39514759725974 96.93786005953797 110.00116964344463 87.14033696879042 74.26394389131885 63.525804829369115 56.16602067103492 53.5949191511237 56.470419881982934 64.06325597775286 74.9532700631458 87.92374026109412 102.18549305650443 79.14267118738285 64.74057778100378 52.13279507117556 42.9304103676105 39.58431316417166 43.46862621474782 53.01727061309174 65.80916656061031 80.3092007512426 95.74442515783407 73.03253890577697 57.147057361059275 42.38550438202007 30.4300211820649 25.57639120993521 31.321362937698627 43.664793094492566 58.57397823627484 74.52461397111216 90.97052071564767 69.31103518118202 52.33046765635669 35.66018845367523 20.088135407570487 11.581462599439835 21.527663968052277 37.30232303876428 54.02035949933058 71.01864631881921 88.13518002271196 68.36939033453987 51.08253110912448 33.81109297861625 16.603270954827835 2.619308780417532 18.35119954313432 35.57226229738169 52.846179988075896 70.13390911539801 87.42725690753929 70.31938138677286 53.652860377901746 37.56535269719938 23.289359979210747 16.50288222313748 24.515469066631837 39.09454685625288 55.267270899463604 71.96715320112348 88.89760016707444 74.9355812171487 59.549032957003696 45.558120583464735 34.69447228836593 30.50540107858756 35.44237032002396 46.69531843945706 60.85600172296433 76.32274994038636 92.44230850826919 81.76760833195847 67.9101549679697 56.003039077203915 47.53520260604921 44.51465433543925 47.98142637861019 56.758998995177116 68.84514884391506 82.80355629077415 97.83612426862825
17.88242632944359 87.15494911796856 61.16324734981763 31.27504077220579 33.008877593172436 40.58462084425773 20.83683982920978 14.718305437688548 0.0 71.62918868424026 86.69879144616667 59.574529521639114 60.541795117989786 27.211406036981973 74.25910639665088 45.631231468375724 31.025441557798175 56.637215740683175 37.74615537583184 52.37454638587149 34.440067500811494 72.62871419442729 65.57467202420924 14.14741702690071 29.45461805753394 37.019903272082225 39.54648783755393 12.86944958485021 2.5210595974209076 44.74318781133109 91.29718162521715 54.88350088611755 58.35729868381088 27.991731890908117 83.33603441874234 84.92904775973682 32.95103162466419 65.23007720181194 49.47798478764575 69.95893251392805 95.51742319401738 86.73289153342776 80.74833984235221 78.20919303101095 79.44649102173429 84.29410163559419 92.18421653940231 102.41605128371597 114.36279515060352 127.54345863487757 84.22229635329414 74.17342424114783 67.14679393170773 64.14343628283261 65.71729081697944 71.56701487226749 80.76884507173531 92.32588186163241 105.46669616162225 119.67068541152236 73.92412038310962 62.293867233544354 53.80499529444405 50.08123846022936 52.15347233102421 59.41834910216705 70.28368976615151 83.35319542383907 97.74668603305248 112.95917570550084 65.09794502539552 51.566507510478715 40.97772805778879 36.02708628852175 38.92858777093734 48.28691535976682 61.208861235566935 75.8955232021725 91.5010570428854 107.62650085872053 58.41500917926038 42.865495391713665 29.347901848353253 21.996800690252304 26.55429133499976 39.05269242942661 54.256856097989875 70.43586679542334 87.04784591645468 103.8852967266938 54.667173737636894 37.62413603232307 21.0086802022534 8.115847426460032 17.002429797145826 33.331840070893904 50.315542429370126 67.46116928539475 84.67040933336057 101.91104148193034 54.46382509900522 37.329418245092995 20.478674276287762 6.631752800641513 16.3492385694659 33.0049764413069 50.10062623837411 67.30178631029385 84.54408047359262 101.80661106813312 57.84236071746331 42.085396200349216 28.20166707694541 20.44991567524146 25.29378676601658 38.210781455434685 53.656906009563755 69.97695962378289 86.67870422660381 103.57766278068672 64.24006403148577 50.48421084123044 39.61354628321348 34.47489436441115 37.50348545400284 47.15095214736984 60.32098260974894 75.18468850054121 90.91513413091232 107.13119821139978 72.86589407542334 61.0401448831565 52.35515362704328 48.527590001842256 50.67044432040647 58.127127229964856 69.2006789593727 82.44638908257667 96.97825649460094 112.29808301156203
53.81706652551188 28.526060395981236 86.09865709959465 42.6965173323451 63.10620402643098 86.90055722123978 53.36253517582421 58.657273335814935 71.62918868424026 0.0 16.95146898266476 100.89107016854345 18.92883592507605 44.516298879274736 12.387468205033551 29.664701479787837 75.32232916903374 16.777234482297743 34.57718954254541 33.66827712616617 65.02090231266384 17.240272630739884 88.5825178393854 76.82365330594634 57.558301992648325 89.61496993934199 46.97299773482107 58.97615269613289 71.21451479571587 46.99218716939694 24.269042263561825 98.91382781037126 19.161187788769915 44.85116130020278 17.309881599935924 17.34473269844294 79.76636548104369 11.315311637330375 89.39137428644055 5.707948928033423 140.35464034666396 125.182966451648 110.63823377457338 97.00286653952344 84.7171005321402 74.45207713865909 67.14112093396596 63.80785306529528 65.06648728758265 70.67210967323656 134.45566464981576 118.56266778384787 103.12413875917083 88.3785673409016 74.73724442064888 62.922504798951714 54.14359505216413 50.025168952357824 51.693399393379046 58.65661873605167 129.8121816030773 113.29434007776207 97.05008859399341 81.24370191039998 66.18961932089373 52.538552639553906 41.69221177930831 36.261394549633486 38.60368050311138 47.584732468995256 126.56252553372475 109.57324735241676 92.69968373019734 76.01892760708928 59.69283464521483 44.11692219635941 30.464443255478404 22.551561905235744 26.225459930912617 38.284301162859244 124.81565940335793 107.5601470152454 90.32239406640389 73.11496265570062 55.96582804465396 38.952064176790145 22.384502426379765 9.142310673954961 16.273014176288697 32.322645105925325 124.63481326241337 107.35119860646007 90.07461613751923 72.81007188017097 55.568787343883116 38.38212020390571 21.382180446096676 6.318353798145245 14.878138781946598 31.646641169609968 126.02673149079769 108.95678514480464 91.97356584278418 75.13590622699988 58.56947841057828 42.591959382971645 28.221942048008707 19.431747938538965 23.609732083302294 36.550757533231234 128.94047056618345 112.29908191662759 95.89176670886218 79.86292205834583 64.49534859907843 50.39763820181982 38.97309528375455 33.11481013075334 35.67894923258444 45.2558555440477 133.2762158983096 117.22959325084915 101.59580804257475 86.59873993730021 72.6338638292845 60.42116731897907 51.22947994222268 46.87114933269209 48.66264002378006 56.01699115520052 138.90081019425904 123.55826957859263 108.80511238126 94.9165663641412 82.33135643202637 71.73873099959259 64.13372272939709 60.650794299983836 61.98869977481601 67.86290991964549
69.16118139111612 17.83792261139249 92.0416225758135 56.364074043366465 73.5836888087115 97.00341939651507 67.30999718690406 74.45722910769781 86.69879144616667 16.95146898266476 0.0 108.9538447976909 35.46278644517543 60.027510195721064 13.57109191890035 46.51644627943601 86.29356539622484 30.093450129670295 50.70050985177437 41.81499883110228 75.1938324904075 17.953361398132536 93.84096517212446 90.40464698464595 69.00795212348028 100.62236703340392 57.120936141321685 73.86415654555206 86.033355127057 55.66386978885861 8.28648016604692 107.65567542159562 35.97224159032277 59.07326438894339 6.5891802857392205 4.19433634157583 90.64550236400387 21.658883963715315 98.07296980131895 16.822794948873376 147.3222972706273 131.2948272842087 115.63522035532243 100.51555510820894 86.22035472141299 73.23402512291692 62.37944710591097 54.9351301544622 52.37596535974897 55.38334666765273 142.8461979805374 126.27535087226873 109.92997074554424 93.92783915527833 78.47920577414578 63.98623898926947 51.26595450864013 41.96264617629892 38.62946449745748 42.68856581604243 139.63816405318812 122.65153948376134 105.76716871757047 89.04323883734627 72.59072495969998 56.646614031216565 41.796829733679566 29.729137793968693 24.887323194491504 30.881169686995428 137.7868427302311 120.54937718613357 103.33345850659751 86.15200491282563 69.03075583157224 52.0291797695007 35.32051586454833 19.66609089371035 11.166217703306398 21.47851720238709 137.34713378266324 120.04885753186544 102.75181166702019 85.45674330771733 68.16515768650149 50.880605714258365 33.61393941557195 16.42167403093531 2.8564668182270334 18.583890796865738 138.33250515689426 121.16983714302862 104.05329964148066 87.01012114730345 70.0938333997788 53.425107039083215 37.336991395655055 23.077523127938765 16.425757330259092 24.612013670942634 140.7130079424324 123.86828556235653 107.16931868617579 90.6966521040481 74.60034633948688 59.1882571211791 45.16632621973039 34.28488593344212 30.159889239299776 35.24902226405551 144.41963677650884 128.0444723253641 111.94840967116673 96.27154351877711 81.25686361248803 67.34871792473037 55.387054963947534 46.88609643273084 43.9043317856667 47.492934107552436 149.3536389213365 133.5597936616546 118.18893674276097 103.42982314589439 89.58531758212338 77.14938236766379 66.91205075762134 60.009292090169936 57.65158281930724 60.37377021405483 155.3980814363789 140.2562875376692 125.6732955282685 111.86785400786522 99.16524012388386 88.04408824620646 79.17364864444107 73.37479364807254 71.39987804608364 73.55755138691879
66.35617606402487 99.12017255937856 20.71335753200203 63.90765046436592 39.431988957793656 19.107675542955977 58.04045582546825 69.14769387912074 59.574529521639114 100.89107016854345 108.9538447976909 0.0 100.45068694723392 71.21607190146453 95.68463590540365 88.78970187467407 30.824455133163323 84.55691054022832 79.64097020563555 67.66139469006235 37.1589292259219 91.0079893226826 22.337959661005925 45.537100095039854 46.30371852412164 23.20246815614049 54.20391389582135 61.07613767585551 57.2212379668506 53.95301103004055 109.04077983983753 5.071025248614905 97.99523847598475 64.40537383620527 102.98854342833796 105.37086381422833 27.39266650237253 90.08009831051763 11.967595116867676 96.28582887601561 39.98253364059992 27.603964589873794 22.892482796738545 29.746658953363692 42.94616061927126 58.33174733984901 74.56221446684724 91.18753175364361 108.02554841802842 124.99033289497497 33.8973624869349 17.73307161268073 8.865986021632683 21.01101667025232 37.45708436283721 54.43635504397057 71.57033998828001 88.76949710148578 106.00210799461357 123.25414158144112 33.217169750422336 16.40181878936473 5.7768858001897305 19.91076633574594 36.85401306755359 54.02509971177226 71.25951147128006 88.52026891032071 105.79447763164849 123.07647396360267 38.2315470945771 25.013056599160453 19.707016971386658 27.382325425036107 41.35128394309287 57.173222159254124 73.66367958934316 90.4577788772835 107.41319070919899 124.464006955166 47.15759293692654 37.20694523165202 33.81690362273533 38.74941500323524 49.5798280638626 63.35226541982424 78.53386347272453 94.44751921098134 110.77819303969805 127.36557704443584 58.22311968903901 50.44918409640394 47.94800306001643 51.49372904250716 60.024158267593236 71.78368430518861 85.44938502185292 100.2446995110023 115.73722162915664 131.68109762375047 70.42665617819672 64.09310946114852 62.0856998061241 64.80768643102094 71.72261136287828 81.77361677672339 93.95962154224459 107.55738570250053 122.09613678007659 137.2772256134485 83.26921973339826 77.92787713136867 76.22617761588316 78.40147520463091 84.1536541993848 92.82008810708216 103.67248929741051 116.09946751494824 129.64903669459554 144.0046669796836 96.49585881825047 91.86715550191273 90.3679766547012 92.15118883191893 97.03600082081894 104.58873151914898 114.28164121587461 125.62029186833567 138.2002003977728 151.71290815344562 109.96792050253846 105.86951239862886 104.51039982509414 105.99600741554796 110.2113578750646 116.86142700225932 125.55995673882119 135.9142091515814 147.57608769278093 160.26038488262327
42.96899385771613 46.867910702753946 88.86250851846684 37.076560135749666 61.068873050060326 84.11726624304147 45.898908537179906 46.239138323505216 60.541795117989786 18.92883592507605 35.46278644517543 100.45068694723392 0.0 34.00662719156926 29.94655387120177 14.9374385596521 71.74968146620282 20.863501064188075 23.299240023948535 38.8676597598217 63.30669923405949 33.32305405302656 92.05374980063996 68.66792913123516 54.418276290956136 85.36212215544245 47.06212686604561 48.9451939579684 60.72225035298461 49.198634239014034 43.12894622817816 97.62539644041325 2.4682100534152887 37.68407058117466 36.20933687096697 36.256322646200076 76.1185559683373 23.597853764537337 88.52165548281685 22.2278220719585 140.4331492223273 126.59545978817525 113.71030573084698 102.13882206453425 92.37600592002751 85.04702299910765 80.81675523648886 80.17719057054862 83.21116513748143 89.54605671973569 132.7999400288621 118.11148101077208 104.22817236800579 91.5171785960144 80.5355085417929 72.07797437016953 67.10583237031499 66.40665013874836 70.10838553938123 77.58363460724617 126.27432515266642 110.75852001285598 95.85611337380455 81.90262108290946 69.47218409639586 59.52671282710048 53.471252753699254 52.66517213837012 57.33032352912297 66.32203095315346 121.03568474473408 104.77508296382281 88.90840999536155 73.69056286479186 59.62045850656087 47.72426447464927 39.99147530114553 38.98380566246702 45.15376441840205 56.18446500942575 117.25671834370732 100.40640025765319 83.74045050718773 67.3957825992591 51.67814427620013 37.38690014159516 26.900569349014376 25.45999966933173 34.22708222714189 47.8903472022185 115.08136746312529 97.86901564497339 80.69498337287338 63.59032545834136 46.631445124271636 30.066042123960415 15.23663794181446 12.611757002595413 26.16621343962258 42.53231793581075 114.60101937894022 97.30633206378947 80.01477635302528 62.72894202872401 45.455356773039114 28.216525455655297 11.174467160419338 7.230399847432726 24.0499938813518 41.2703196926891 115.8367691780875 98.75211844533894 81.75889493947179 64.92892349719634 48.43269052839787 32.77801271728038 20.044523544994536 18.10745512721323 29.200841405853446 44.45458971822453 118.73503026042299 102.12108533433747 85.77956451290814 69.90179014566318 54.8916733449462 41.69700587848141 32.602051400053945 31.398346635203282 38.82689205990473 51.263124000484176 123.17846750258326 107.23207574273825 91.77802086848638 77.11287827530361 63.78315382944624 52.809935280253384 45.91504820476377 45.013307749156354 50.42725387065875 60.4840625854668
9.331482650410786 62.578920368092945 64.40861181144551 11.283552949839537 32.98231540568814 53.17513346306989 13.27040572688442 14.54176501391322 27.211406036981973 44.516298879274736 60.027510195721064 71.21607190146453 34.00662719156926 0.0 48.19652534990942 19.518646035467075 40.70060629735326 30.309779846154736 10.74251809830876 31.821983730020843 35.33415885280075 47.398851960271976 68.38045033155933 34.73527584021439 25.943027848469644 53.10367874803663 26.29057924700119 14.989973691754741 27.03694439927056 31.310094370651136 65.21574079452128 67.60497137809774 31.691860413095483 8.25883008766766 57.19946066515289 58.590071917412715 44.74092032826777 38.97190103685669 59.37046081409541 43.20713889289331 110.6688050348037 98.55799226694022 88.19556461605423 80.26159569255282 75.52533492517395 74.5983581285644 77.61726742745908 84.15849165545139 93.4855581340691 104.8576834963149 101.59447705000251 88.29693110148528 76.61562457481888 67.3962567844316 61.75153877326448 60.687274333733086 64.43084357783528 72.23861540107201 82.97106193490787 95.64869206885483 93.77602787717132 79.22023517644935 66.00341566191865 55.097722797826 48.10166522011938 46.80260994264043 51.63236735810658 61.15571421851855 73.57203521076732 87.66054020628869 87.55068893444255 71.77877433798614 56.90316466970151 43.845823574033645 34.72248164957755 32.97807772633188 39.60006162555211 51.4537126216479 65.76862926866829 81.2542247556769 83.27660579092385 66.52371355508956 50.145067179369285 34.67510582364597 22.11131089632939 19.343450557094947 29.29402658537839 44.05477059225505 60.18486133979965 76.82658498996476 81.26231382412647 63.99603202758726 46.75611276877868 29.588672595533225 12.788999547808645 7.095137183463132 23.14815181868033 40.24979990433292 57.47146553556561 74.73022017911526 81.67520794958622 64.51713039421183 47.46360511026561 30.689422948228675 15.152581522801908 10.773762007582267 24.520610593300955 41.050699324370854 58.03251382842565 75.16048551293586 84.47970139652772 68.01696482827593 52.10092123934768 37.43548339090482 26.21136724116599 23.903285586489808 32.47166894768088 46.21863736517971 61.778851792013775 78.07561431548217 89.45109310270882 74.07447368454402 59.76005370720755 47.47849154867244 39.190012422525946 37.632615653950026 43.53478174501317 54.52565868955157 68.18742158724116 83.21483186928081 96.25415094303148 82.12556389770748 69.44822252854836 59.16251917036574 52.688257062763626 51.483996403260136 55.891430779833634 64.77501739984105 76.59278307460201 90.19870650011516
57.064652331351034 17.00433845382919 79.26129783964045 43.43475019802267 60.012664140690305 83.45420658615721 54.39119185197764 62.737078211511495 74.25910639665088 12.387468205033551 13.57109191890035 95.68463590540365 29.94655387120177 48.19652534990942 0.0 37.40997654984369 72.72511201180764 17.89311627995793 39.77016989975136 28.297962360006444 61.628373827379164 5.604156241112893 81.28438872245384 77.23268790009323 55.48191465013516 87.0519633440811 43.54995351109633 61.389657400026294 73.43573442308981 42.1645406966964 17.057488057298137 94.26477631783096 29.53365709847506 46.36446734365806 9.077232644799265 10.829225063278596 77.07486733296493 9.260096190458993 84.6776613944197 7.7237614139494735 134.35965706970566 118.55471646131218 103.23092942603768 88.63819398627263 75.20328931990095 63.663495541785714 55.21998961925734 51.42134276267935 53.27065213181482 60.2500698308447 129.5536844660307 113.10470352067682 96.95306821980678 81.27624250147893 66.41132759149245 53.045338619908314 42.61288708567242 37.63794656938047 40.20047982148629 49.135005988776456 126.13431718661651 109.18969738466403 92.37762117710011 75.78634844339197 59.600563446668495 44.26730794538387 31.07527601067125 23.884343039146778 27.820167910328593 39.70103877199487 124.2161681205861 106.97841586492338 89.76535868352143 72.594565212673 55.505272699885595 38.60586505710052 22.331669359437964 10.281401471118937 17.647212139657164 33.40440235438086 123.86902516192424 106.57699170175971 89.28879244108805 72.00718909068064 54.73842923996399 37.50026027032726 20.37049176610391 4.728411891052785 15.11530194862596 32.14498960573313 125.10597157138844 108.00561255586219 90.98149608308012 74.08619966443717 57.43352154638298 41.317863921664056 26.72890619223689 17.900140747685764 22.915228925667314 36.44876486270161 127.88103140076083 111.19374357075256 94.72722815035078 78.62032576628815 63.14881013176732 48.919296249401214 37.37822356813434 31.620790246678588 34.66014832196681 44.737971732394314 132.0972654424762 115.9963530581985 100.29618049755528 85.21852636901465 71.16020071222866 58.85621980141015 49.62900934319241 45.39522048331562 47.50912577998371 55.24682377581045 137.6222236545359 122.22320817619236 107.40505210790735 93.44449822466954 80.787373443063 70.14286561569874 62.547101576258584 59.185764035165846 60.7656633581641 66.9378327431715 144.3055908340899 129.6692075688152 115.77042241447103 102.9085297259515 91.52173373163524 82.225163248592 75.79191690947194 72.98314420584065 74.21153198418591 79.28966573629616
