0.0 74.86803530609397 55.405873793506814 18.75368038434539 33.176546618515864 30.64324719560813 30.93906461635567 23.448296235390902 37.84850431146615 17.993722389664118 47.44609793018182 40.34829232622946 41.916348683708534 20.83863093306389 31.832986273604185 22.79582452914675 64.48816350112637 60.057890259999205 14.440171787323182 59.505162005932995 61.481366556855995 70.61762617699438 51.16735096116091 23.678554505489895 38.12937656489289 54.38015668293787 22.476727898666248 21.532541807017505 17.07871693390667 8.209375230903444 37.040305343827015 38.88610465315913 10.292280183690776 25.748112335989276 5.724232885118351 33.00967887590345 58.31838426759007 59.62317333134154 25.3209701581696 18.273803152124238 130.14746364619972 115.54896659758933 101.80106778900289 89.29749972869958 78.63410104222658 70.64908046197681 66.31708398488198 66.35744887538048 70.76269320125039 78.8041801662051 123.52500734026601 108.07092986045241 93.2680259841648 79.48096507367633 67.33664155119358 57.8785204568071 52.57683248183172 52.70126987209436 58.2170484239239 67.82127952883957 118.21104768125953 101.98350756315763 86.17497497646949 71.0656266140128 57.21212053920517 45.7693856630292 38.924967158115116 39.16855817490845 46.38863338892742 58.03741157899877 114.38817139956079 97.54748497082008 80.9016724857455 64.60154887304128 48.99337038431572 35.01501514347824 25.50417511857107 25.9535225080048 35.99192175727315 50.15936853754558 112.20893930057036 94.9945609175816 77.81902224941955 60.71529394452403 43.76764431265393 27.268654781494938 13.048580517273042 13.988010882624572 28.631739702683383 45.19515088327126 111.76956550837677 94.47754867905118 77.1899746041531 59.9106893542031 42.6497686150998 25.44461380073167 8.63524895626206 10.02098907926871 26.92557268172707 44.139169123041555 113.09033694497757 96.0293446326485 79.07311729221689 62.30724559447874 45.94061336547528 30.62024145579215 19.062280682860386 19.694010014927755 31.797006835839564 47.25417848798049 116.11118557290361 99.55323119979263 83.29821782873347 67.56514758851175 52.822476921037286 40.17571146570418 32.197365417350326 32.52632337399271 40.96293335453394 53.82072955771123 120.70449524807549 104.85051146452622 89.53428376738621 75.08561659521921 62.11292380690437 51.73861636136214 45.76523983371683 45.9427204902798 52.208367049905675 62.76461781040399 126.69929757735775 111.66902541143457 97.39572384994801 84.2649355950924 72.896695923129 64.23374301368399 59.470293140027565 59.54959572026303 64.45377796843479 73.21967766885489
74.86803530609397 0.0 33.19799276350857 57.40998145745716 43.16493642675996 48.735425621268966 46.538657938009614 98.28186002354937 106.56048474864797 84.89956873046707 46.37855001283061 41.37518087098054 36.11672264936219 63.874094116442066 43.15789357469545 55.07049626756639 22.322265608426743 17.793828372202306 88.69121679595956 22.618873328081136 26.198903155827324 4.738192964126436 30.644358142004904 53.36196693048301 106.25420099823336 73.13721396490799 59.245227114998244 55.23033367779131 62.15265128279335 69.39848865432333 52.1818311332874 40.93686009143492 77.37861361345193 62.63896005724107 69.59224723065012 51.83915964757504 33.5019865149036 21.789981909642044 49.55758939844888 84.67087140568192 55.55167651869802 42.47465981833341 33.480044607329646 32.19376872545756 39.378583014192046 51.61022721569647 66.14580110517527 81.76568443969188 97.95251909615229 114.46603662168256 48.841492040588506 33.268637237106724 20.659748370070798 18.589251788668214 29.37698864177503 44.48782689114179 60.778599206941145 77.50884853885127 94.44531318304833 111.49405752232059 45.6895207652301 28.46410995444128 11.471370922122192 7.189763122674563 23.885279656732855 41.0856912123055 58.3461653247037 75.62558787469528 92.9133877451404 110.2056225913719 46.82003731056222 30.23757514057115 15.336852564008316 12.443479510642542 25.945603821593313 42.31101006325582 59.21133191411509 76.29190731046707 93.45395365973884 110.6595717854071 51.95421652072958 37.67116834161052 27.16070342159693 25.592992648484596 34.22001331491166 47.809287027128775 63.238889276942935 79.4436711389803 96.03201147088807 112.83487114457469 60.07411465545337 48.21427465895846 40.485052398909616 39.39757368475919 45.43131424916698 56.34310937626976 69.88414549455477 84.80417304728698 100.49083489655955 116.63521846856626 70.15040170193565 60.25608776017819 54.2145105059602 53.351007214045026 57.8977251386579 66.7582426803407 78.48489752309085 91.98801604735092 106.59460979246079 121.90868041387402 81.46017898405017 73.05913904310137 68.10437791446003 67.36071733922905 70.96067675664428 78.30747414470113 88.47256537312994 100.60527121244554 114.07952411587098 128.47391370777234 93.5570443624627 86.28509144185648 82.07310542300462 81.39750263985363 84.34330685865272 90.55779679940893 99.42995968815681 110.32044406450758 122.69297064395454 136.14408133742236 106.17216251719653 99.76574406999451 96.08615000801878 95.44926240923485 97.91447341023589 103.25984432180745 111.07031886365655 120.86895776748399 132.21445876429067 144.74353248010425
55.405873793506814 33.19799276350857 0.0 43.531581997547185 35.126393233356595 42.09095777320852 24.814729742513528 77.79940344983359 79.43095567427818 70.52829339622723 52.40456574781329 15.058093992303736 15.438741705975188 53.98331624709363 27.828493924858066 44.017872269733594 12.157123663236819 16.39893898791158 66.77685104655498 10.645466888419786 7.92420671105294 31.759175981902878 7.035756556180848 42.02612726579684 78.88673690539743 78.21451346465457 49.639566047391526 33.93992500628202 38.97480143321613 53.15196555237628 51.41387970248747 16.72920785031158 53.890327699487244 55.44345170506195 51.599334098834376 48.23505882343247 3.2114763888122955 11.537554895944789 33.519724480313045 59.126463500744926 80.84832230435977 64.41407746100208 48.58607449229253 34.21623880162875 24.075017438406046 24.23165358314716 34.54635595648521 48.97386535837393 64.82391048176612 81.26838472524778 78.05291692242159 60.88524459521333 43.82329770345567 27.067749752529608 11.98156811951489 12.376029873061006 27.595062948188826 44.36803044633773 61.43508765463547 78.60490511058667 77.76344362125246 60.515409368285354 43.31038949573262 26.23315393965201 9.963952682589719 10.444893517465582 26.788518216063984 43.873307100371875 61.08046253691214 78.32938268369072 80.00711114964021 63.359918733078004 47.186147591808904 32.207103294539515 21.137034704310217 21.3298552495096 32.58623895521612 47.61801097194547 63.81064741856873 80.46635467306054 84.58254429243433 69.0224714424387 54.52251331138972 42.19022967920418 34.43885352137055 34.5074182208701 42.35796644781961 54.73884233163417 69.2617681469658 84.83367446130435 91.13917547954557 76.88283839489623 64.14277007313389 54.00297812421716 48.13575511690802 48.12985327102997 53.987194888533985 64.1206224917921 76.85696992575333 91.1111189923419 99.28518979014164 86.3427514678419 75.1750467985878 66.67982980175307 61.9661750870554 61.90403152353649 66.50643949449059 74.91861571674856 86.0301492425121 98.93568257829463 108.6636253237391 96.93492229607762 87.08421540494152 79.80994740907633 75.85697436040955 75.74707343450527 79.4961850013798 86.60458097929714 96.33145480083952 107.97143437791215 118.98329772010683 108.32759745631586 99.55594414156278 93.20181364564488 89.77997844669568 89.62692342881554 92.75883077704778 98.86399941889417 107.43674643614929 117.94020941773998 130.02015373369784 120.29341180600981 112.40298327381738 106.75681501737962 103.72205954362929 103.52861874445955 106.19202108523102 111.50774396773976 119.12123977849015 128.62512875028378
18.75368038434539 57.40998145745716 43.531581997547185 0.0 14.637890898813694 12.156576106024056 19.547936878773896 41.423259268747806 55.70238287964742 28.095025336639527 30.163932534289437 29.416614611187992 28.32177769685892 11.248796079499456 16.17175218999866 4.66032944108755 50.28452310677305 44.18892259638866 33.19374988148832 44.93255167159948 48.04092747904574 52.96493722429395 37.82521672096737 4.9791461865507 55.82601360986822 44.13134597929406 8.288877969372246 13.766682690493383 16.870200401733747 12.051967006924215 20.716210884620594 27.165259044091716 25.387362449623165 14.604010600068527 13.043420881144474 16.081116010425063 46.7093229821633 44.83641197727655 10.011858075452976 34.25128107570064 112.95199398402106 99.06117041130153 86.41048615604794 75.62488247145212 67.60301529430318 63.40273339634624 63.783537254260644 68.66925618124192 77.20937741920984 88.35045713156588 105.63485615241973 90.66978206226896 76.69418289224133 64.35594584405987 54.77298245802505 49.56988213857888 50.12951814253932 56.28024279667239 66.48807889617514 79.19952845321387 99.78304749445802 83.81197709436391 68.49048088027732 54.370506413477145 42.66222560894733 35.814613637901104 36.660811994010444 44.766631010042 57.12087970068346 71.5558947491857 95.66593609366363 78.88882678839424 62.398990726900344 46.5030373608867 32.09583013793963 22.281461557246896 23.69590965652711 35.003430234932424 49.87680332977595 65.9459042016898 93.51298638302025 76.27594188869344 59.07684268146868 41.96237258412082 25.106202939597544 9.925496495449163 12.861682502710467 28.827827084298338 45.77529566791011 62.91601635548795 93.46006778649775 76.21135260818696 58.993810276990295 41.84593677463438 24.91201691995861 9.425929048159778 12.482030233482323 28.661252729182866 45.67107537806853 62.84059383309388 95.51067173505879 78.7013341637645 62.16287568707884 46.18720341092844 31.63864622415752 21.62086126025756 23.078797177212998 34.590629474338975 49.589353156439444 65.72980888645532 99.53484573981727 83.51768068128969 68.13169763849649 53.91995202843758 42.089214739857795 35.133325136906855 35.99870608859402 44.228620960261416 56.70222880203421 71.22374854776645 105.30652569196336 90.2888035198662 76.24548397315245 63.82304998456045 54.1487921411031 48.88255076666848 49.45318944961635 55.68154292209636 65.98448753850118 78.77926800368996 112.55713226567609 98.61276951870177 85.89844657244605 75.04200462772158 66.95338914080239 62.7128750772416 63.10109038433636 68.0388494842911 76.6519210111108 87.86605416257241
33.176546618515864 43.16493642675996 35.126393233356595 14.637890898813694 0.0 7.029248231288691 17.40431262857169 56.06017647765388 68.99952576421227 41.745095568499764 21.655914123941294 24.205345199012676 20.07600357650889 21.178785161912995 9.534800279342933 11.90717210809199 39.05625768995832 31.547675223476116 47.57109005537645 33.59862483605602 37.69151719706321 38.6209956286119 28.403449862398556 10.223408420737801 68.99952576421227 43.9389814137874 16.476444343955304 19.29679675798574 25.82405192845109 26.66435200664513 16.833327986294453 21.60748313698999 38.4156025745988 21.177360800888113 27.538916273135417 13.164804345571067 38.30149031262541 33.28430562573764 10.641116788985315 46.983295017211304 98.69568063528838 85.24427589135063 73.4236546809163 64.14184951924896 58.6175566838833 57.93579500038284 62.25585941882952 70.66629338274944 81.91675840501865 95.00359410616454 91.08417527618975 76.34584476279998 62.926570617075264 51.86060949465488 44.92211699437615 44.104133865044226 49.709726446156814 59.96368428729088 72.93102367130686 87.41240898470235 85.15073796326104 69.19389764962949 54.07080590510343 40.72122190710586 31.48798277346848 30.388772398030767 38.13359673256431 50.8288716658865 65.66343330200893 81.47703992063283 81.26386574722181 64.37331617854491 47.778072289551474 31.94177427528499 18.881792613009086 17.072774730426115 28.725416933433475 44.24400428629178 60.734064978725414 77.57856520097798 79.72351800224962 62.426615412180794 45.13356722843139 27.85155398689335 10.634510707352497 7.013570151028504 24.166114795734796 41.44304081696185 58.734689492416855 76.03101641542527 80.66425513000432 63.61819260135332 46.76044982258547 30.40588378810056 16.161953280674805 14.021860160092176 27.03200426241683 43.16895655590003 59.95916301439412 76.97633735255725 84.00274948459986 67.78272672407147 52.26130864191305 38.29753174136144 28.299606211712838 27.087722380441882 35.571504235109785 48.945166677475356 64.22333677359491 80.32655133414151 89.47095098076599 74.42274735023703 60.58997630840629 49.01276147328965 41.61804894285036 40.75020074578221 46.77393907165986 57.56500277200996 70.98142971453875 85.80036618033267 96.70820005034084 82.9457821087471 70.75470832110935 61.083171963842794 55.27004805941763 54.56282338441998 59.14494354332108 67.95473615286757 79.6006730631715 93.02358467619852 105.3504501406544 92.83453667999348 82.07603681863431 73.84707985463528 69.05792749921505 68.43459843016434 72.08524078137741 79.42266917577908 89.5451259619198 101.6237646995829
30.64324719560813 48.735425621268966 42.09095777320852 12.156576106024056 7.029248231288691 0.0 22.599751211729856 52.485941107087676 67.85786651794916 36.510945679057386 18.566654506987486 30.543996295369737 26.904091080457576 15.147018334558856 15.424629099928831 7.849295963387328 46.0063130845936 38.252577137086945 45.02323904401628 40.55430870872882 44.71089679322039 44.07993221203277 35.413292359005155 7.222089290398782 67.98233677281746 37.71315552889142 10.578956985415678 21.767399305764048 27.189175575347004 23.17678931913076 10.981743529141303 27.95809201490662 37.508153193682816 14.383398965638948 24.92694757828065 6.612380462435404 45.27622135488761 40.21336992539935 13.628319302241142 46.34845160951501 104.05054370229831 91.09947286786746 79.8148197472676 70.99570500100053 65.64349159643767 64.62537452567354 68.13591754318502 75.54641400809274 85.85284656003437 98.14710916808714 95.84418926811945 81.64689689773425 68.88413462888029 58.50242138853958 51.949433947349 50.731204805744035 55.20206218172262 64.18396428710774 76.09596538839607 89.77923868722492 89.13119588070683 73.68962729251457 59.28456215418269 46.88138753449557 38.46786623447921 36.883546687951984 42.89198466045697 54.0162542952989 67.78271281202478 82.88512310537492 84.26931686470353 67.75668105806344 51.76223522129975 36.964865293877914 25.537905969448456 23.166335930664896 31.935633759821037 45.84540752201314 61.50145674762548 77.85735724555066 81.5902182391493 64.40999726736482 47.31854842951268 30.465645320622116 14.696234414428382 10.125033775965221 24.243897248671338 40.88679542934544 57.91724068869108 75.07194375616987 81.30998872712466 64.05628194507497 46.838165078321744 29.717564177433875 13.083080479608448 7.610113697787499 23.310386689457694 40.342879002267125 57.53638071890221 74.77991567075942 83.45280151190256 66.74314199855746 50.43446926771978 35.09039953678375 22.75408428978913 20.071679724845303 29.777643711062368 44.37629508957033 60.419490478141704 77.00964781270511 87.84148285918182 72.13156010538914 57.34549643686539 44.41574164711165 35.436117122580015 33.72516617625369 40.2214298197049 51.93118664228549 66.14106909902041 81.55453416645351 94.16247460630193 79.67522470726215 66.54632861060976 55.74395825904905 48.83714288122953 47.55467147268174 52.31184994453111 61.72775001556 74.04595337256133 88.05676527696018 102.05728876981028 88.82662343931212 77.22268469154166 68.08239265342371 62.496211942866175 61.441321474070016 65.13824238690964 72.86727947062295 83.51637787205892 96.11984960042648
30.93906461635567 46.538657938009614 24.814729742513528 19.547936878773896 17.40431262857169 22.599751211729856 0.0 53.94238375106246 60.04019190031835 45.73229789303561 39.01459568671984 10.018642429207244 11.160452136370136 30.646600978506527 7.998771165618983 21.271315252385904 33.58601649437918 30.060590734414244 43.38269216652125 28.72919626659945 30.547451104240043 42.87717438089667 20.229455986600897 19.470181821443745 59.75862855726746 60.23828159024738 26.848527387585634 9.458912921343334 15.790204839006677 28.347234711978977 33.52909865803168 8.087011900539773 31.209800379888833 33.155867100976096 26.832707430129158 29.188276299098696 27.879587595175305 28.92668707298613 10.011961849243038 38.14728535128287 100.6149157840561 85.36072567434105 71.05103739638045 58.38450617069215 48.661642233721345 43.88467280793612 45.63417369216938 53.2709613972816 64.74424349902176 78.38713556860785 95.26259206476152 79.01173307046712 63.3202631705251 48.731578494350714 36.58943845658397 30.02526469625943 32.60299500209414 42.697813710301965 56.40886949449679 71.69049497018707 91.78374199539633 74.80058280087228 58.0061328836854 41.629413748142404 26.457836231492344 16.30148702566159 20.740593834439505 34.54444033593013 50.5487572131206 67.19931343096728 90.39497840888609 73.09775942692164 55.80346164204429 38.51602024535995 21.252173680678816 4.305756968727809 13.56973788622843 30.796909192893477 48.077801859869695 65.36982510168579 91.19186116877341 74.07646931034584 57.07367133271332 40.32613922959933 24.366040770078634 12.646077349689135 18.023748049267994 32.99243257226607 49.50614721633244 66.42235699854751 94.11887957374715 77.63535111166142 61.60229119926785 46.488139440038 33.55834061861701 26.265712068579056 29.194576975761496 40.16801349385278 54.52820903157177 70.22743154347998 98.98721238512542 83.44488009876403 68.74833518557001 55.572699630503905 45.26612502884853 40.1051740250961 42.03015191054792 50.23293872785727 62.28056176981527 76.37469733426195 105.52846193289426 91.07530250956798 77.79373068462397 66.39064465800345 57.98508618826318 53.99557482279308 55.38477533328506 61.790969688643536 71.88514373201032 84.35356069221609 113.45355242750561 100.11102245599041 88.15563569924088 78.22599583247559 71.17505021344715 67.90552372586858 68.95740397431469 74.14700266384156 82.69899319691928 93.69717166401102 122.4940825223388 110.20681265295205 99.4231545045547 90.68112561752943 84.61589821385054 81.82490277295908 82.64054690776591 86.96140562758134 94.3069082310391 104.03836122749354
23.448296235390902 98.28186002354937 77.79940344983359 41.423259268747806 56.06017647765388 52.485941107087676 53.94238375106246 0.0 26.53573926307105 20.680515037768494 67.09731413546645 62.86028849398184 65.05647554278139 39.362167954964406 55.281144246533934 44.809796230589875 87.50869818941075 83.44516070788278 11.402431110455481 82.65898069925778 84.30627776754285 93.99315211217535 74.10190769704472 46.081545405860254 27.48976544867536 66.07514202293379 42.73564344938018 44.486656194411445 38.82585739191555 29.45825619976021 56.41299916925477 61.67023411252618 24.471887109970893 43.42964908178235 28.719934943326198 53.253253172429865 80.54999538157503 82.82443320534624 48.76015704224981 23.383797838647038 153.59534214056166 138.95051187635102 124.98657628636889 111.95859784590868 100.23220486003756 90.31581274043654 82.86181902274394 78.57416848977886 77.97693721527402 81.15164448505773 146.86211936400804 131.50464858670438 116.69257290747827 102.66223268749766 89.78087182895311 78.61532516128335 69.99162258653857 64.93056747686633 64.27926129058994 68.16422632071189 141.20416660395432 125.18418189306036 109.55475040163472 94.50983274112475 80.37832322325461 67.73435180280919 57.56658053834425 51.36712164926939 50.61573262522812 55.53399682050814 136.75509569491362 120.1669191296104 103.81198285879994 87.82069343088732 72.43429907245098 58.13508620051257 45.949492827153406 37.97012790068014 37.02448396329299 43.57294218823788 133.63576782970503 116.62125646414137 99.70570472536943 82.94967588875429 66.4739120644419 50.55318308622749 35.93297559471755 25.00888302195403 23.63092898960444 33.016790574040016 131.94057564652348 114.68381960345896 97.44308426847246 80.22869861023955 63.06224469260509 45.99741891339774 29.21286709265218 13.774392070443293 11.170916081907492 25.662386314786396 131.72453770306194 114.43634890718154 97.15305221988717 79.87782324520623 62.617339639001614 45.38842679433306 28.248908591117385 11.601977100574317 8.36208078315607 24.57552448544394 132.99486551784233 115.88967465274004 98.85297678211629 81.92751208766659 65.1999643077855 48.87397411008185 33.54112752480054 21.449033002076476 19.845067109782455 30.43524685687311 135.7098078268544 118.98146867744651 102.44382004648236 86.20667649208566 70.47804131134068 55.690447759540106 42.829966911389405 34.14812716776687 33.11331366682945 40.31869199800227 139.78517956323927 123.58878229505473 107.73662744927918 92.40604839954256 77.90556956670667 64.79491384733842 54.09424233617398 47.46257841676056 46.66806990524552 51.97907511752792
37.84850431146615 106.56048474864797 79.43095567427818 55.70238287964742 68.99952576421227 67.85786651794916 60.04019190031835 26.53573926307105 0.0 45.16988129074556 85.24830202371545 66.20891227258379 70.60266539687642 58.45205247569307 64.60260963138835 60.136771621010766 90.93617488259748 89.62885570842332 25.055922408719365 87.05506269143078 87.03841897883471 102.90618068743548 77.96280837451239 60.66371093017101 1.2283227551097462 89.87429436491067 60.32321947719644 51.841436915669405 44.72002685030768 46.02728038915363 74.88819407980708 66.04354339334509 30.58618371738307 63.251217764593704 43.31750019066059 70.80261742146408 81.48693484781676 87.49674275311354 59.19733100437876 22.187764047936117 159.71657564366234 143.6923961916631 128.0012596470504 112.7822582669903 98.25502862241764 84.77594635913549 72.9285203104797 63.63076795588052 58.119512637536026 57.49415996856565 155.15923008821358 138.63292958155935 122.32128181163193 106.32312608733018 90.80430956471136 76.05880927246741 62.63518690377734 51.57611023789112 44.67357154359426 43.93250710010171 151.7588629665672 134.83412798000833 118.01881592820025 101.36739625729594 84.97626963424887 69.03110200577994 53.92892501828049 40.62110448421166 31.47266388241928 30.490855689388194 149.59444158899288 132.4046010748374 115.24830655391588 98.14315201608301 81.12149381114293 64.24972821017873 47.687217768215156 31.919057760980667 19.034024921811014 17.449192176353215 148.71996991191241 131.4203464517981 114.12142240084299 96.82357263830569 79.52749816555185 62.23467914975437 44.948873085408074 27.683220058342275 10.537254496519813 7.377016349842561 149.1581500499737 131.91373329737687 114.68663959012835 97.48605300468363 80.32900299606587 63.250927868497634 46.33922735759083 29.8777688251988 15.38671861880255 13.399033985675347 150.89754108638758 133.8684175925696 116.91941262461805 100.09123520713769 83.45700796975898 67.16099679502543 51.52511328542528 37.38697106005298 27.19272712413523 26.073237415086712 153.89400407286473 137.22193911135258 120.72722493684911 104.49388160227173 88.66558479938855 73.50446753565896 59.522548266502255 47.766797477600804 40.238120174492195 39.4366818320058 158.07602713042897 141.8750928907575 125.96727207593884 110.47925284137801 95.61525508859562 81.71651440479151 69.36570097066743 59.53412668342519 53.62577769185349 52.97014112248086 163.35252293441454 147.70503974356134 132.46962970814147 117.80627673448912 103.95733209119989 91.29417817197984 80.37922030164137 72.01182653236194 67.1511673841181 66.56986869457057
17.993722389664118 84.89956873046707 70.52829339622723 28.095025336639527 41.745095568499764 36.510945679057386 45.73229789303561 20.680515037768494 45.16988129074556 0.0 48.27308475123362 55.682243981174 55.84991257057855 21.631434890624462 44.12332981591809 29.83929115349301 78.19605150959045 72.28158456374699 21.025210008794936 72.90307333633007 75.72053965333161 80.32463401534405 65.38552526705762 31.605354754769614 45.889673969701114 45.44093682141921 25.95546407556879 37.03389968148843 34.28417058200147 17.388348043807564 37.793688140238 53.80522833100941 26.812384816139563 24.632956754748232 19.47847028481998 35.47691605894257 73.61068165402027 72.8468006741883 37.632010979364814 32.162308190408545 140.39678460613808 126.93208289585523 114.5029663977249 103.48325500078812 94.36799205310768 87.75266884957838 84.22839761168694 84.18428681391596 87.62559236109045 94.17098191494127 132.3545606047469 118.01811965867435 104.58256542897422 92.4415436121352 82.17088626393915 74.54770073014718 70.43688231266307 70.4559342204167 74.60169244046784 82.25251323890792 125.37754644646216 110.17402118656622 95.68593879786445 82.29204682727267 70.61771170861292 61.647705486231224 56.68082678888305 56.77755549786617 61.91416348656554 71.00517319999975 119.65233470433728 103.64311107115053 88.1238479951381 73.40596392219547 60.0813060305877 49.292960659789735 42.994574637359854 43.19694164302989 49.82090854046665 60.80275429331073 115.36553187434718 98.68655015336745 82.26526645652616 66.29345817452946 51.19356186074336 38.01905578769397 29.475855844701332 29.848169129478194 38.88071463849261 52.261040833560315 112.68148833763857 95.54973288510499 78.49265992914992 61.57236749574672 44.94360670076496 29.11033657477874 16.541105637605973 17.277650995773016 30.366739043706005 46.30845521455293 111.71582508136528 94.4142575625858 77.11285295201759 59.811752620422794 42.51132807235567 25.212970456618006 7.93021726302667 9.423184931498664 26.709887391929364 44.00856003719662 112.51280961139939 95.35166493008352 78.25254265758213 61.26739433818106 44.52684061101696 28.465737471883212 15.384070789536619 16.17880735783228 29.758204418464018 45.91361891769939 115.03580100973477 98.30265929537575 81.80647984771618 65.72592696686397 50.45993278198643 37.03001711132647 28.19484932398808 28.58997901004816 37.9280144674375 51.55959341695422 119.17519420614282 103.09443386218949 87.48087252079051 72.636417899109 59.143053169439135 48.15036506726085 41.685968371039635 41.900926565087175 48.70688575605686 59.89773934050753
47.44609793018182 46.37855001283061 52.40456574781329 30.163932534289437 21.655914123941294 18.566654506987486 39.01459568671984 67.09731413546645 85.24830202371545 48.27308475123362 0.0 44.669674330843975 39.30883654883087 27.769204127748868 31.04701639670349 25.51857930242309 52.16122638273918 42.766617405288535 61.32773607140296 47.201576612835105 52.363576509221836 41.758335720575424 45.37445232672908 25.523614205031908 85.47438981488216 27.343083416700583 25.021475144749946 40.0813923356608 45.74967157917547 39.36582762754284 10.68803820497289 42.146474711882625 55.40957950239758 23.7721585815699 41.93183866408114 14.445686342461894 55.29673263139227 46.540957888655605 31.572089679927114 64.29659147226972 98.4690824999482 87.9155313544944 79.75467459065491 74.77407709824959 73.62203551957626 76.47177677783044 82.91168912958416 92.19246588558147 103.55307990766259 116.38606862779397 88.30263995836577 76.4135063495687 66.92822929964484 60.97907835890288 59.633919154388416 63.18747364665235 70.90702034234155 81.61893430744446 94.30902150127226 108.28401927606451 79.36606753043445 65.93554173014542 54.72405400895691 47.33552521271827 45.66492355505647 50.285405194415574 59.7550177303281 72.19006682598625 86.31832243833298 101.43472415504353 72.11817335422086 57.04890082902593 43.6672873579686 34.026396021685 31.74063655472613 38.15559111368342 50.02938135945062 64.41069481672358 79.95776982787396 96.10650886554811 67.10846918583384 50.59924730755462 34.86736485380086 21.67705117762007 17.965747293925585 27.827211791092143 42.71593927870459 58.9377750937428 75.63982621382875 92.56250535935774 64.8577654995649 47.588084696746684 30.355154621518142 13.302577440944154 5.58527246722632 22.003306978243913 39.18940309457717 56.44631661431629 73.72433486455705 91.01143878986028 65.65047212482126 48.65806448076836 31.999109914933545 16.70304999752625 11.521882252226261 24.19150077179332 40.452647578249554 57.326413895545265 74.39712233468991 91.55467732866224 69.38234209980783 53.56516273834999 39.028893597149924 27.856651342005403 25.04879487969487 32.82684630339813 46.11368738110858 61.43332240617457 77.59087995450078 94.15597067936817 75.6194239315442 61.39606585258381 49.187018313103046 40.84060333679139 38.92625378029597 44.28609068216777 54.82671487974148 68.1864043859028 83.01511346441937 98.65261590874739 83.80414808793213 71.1923107626461 60.92827687810718 54.358666942424726 52.87886493764379 56.88746768282948 65.38267001669881 76.8915017046498 90.26855746490916 104.80086753175779
40.34829232622946 41.37518087098054 15.058093992303736 29.416614611187992 24.205345199012676 30.543996295369737 10.018642429207244 62.86028849398184 66.20891227258379 55.682243981174 44.669674330843975 0.0 6.492530149301637 40.35355559772943 15.148454008975442 30.676162364344982 25.069227954241946 23.77238783160097 51.946858261264296 20.86005085543772 21.548467433960635 38.41568915232782 11.785147608578486 28.766259552321323 65.77868884899034 68.11442156056414 36.3306324963878 18.895668862689895 24.057506389566196 38.29468637491485 41.02757454471978 2.5983423554806797 39.220753445995285 42.49569361694281 36.597730759338454 37.10595016823917 18.01577315977652 21.28785294494628 19.566485588969563 45.0880115399515 93.52010960164279 77.6890887352048 62.64092843437889 49.100764962147444 38.685812940069525 34.36578129581011 38.2639454787167 48.435110420005365 61.85869476008096 76.84883936391833 89.24177247450972 72.50694671837073 56.117129689307085 40.49344046722766 27.00031020877529 20.421222688091238 26.528239198986828 39.864522675311875 55.43757223629341 71.80654717321833 87.06469934230049 69.82250703887247 52.619544893452414 35.51286975692075 18.767651156447332 6.4806588762483495 18.179288957303527 34.89538010250125 51.996172512823925 69.19703575620564 87.14654402417378 69.92406936269812 52.75361737928181 35.710308685928254 19.136913956464 7.478645238326517 18.55672716068038 35.09255534613996 52.12807389513235 69.29572905161561 89.48110717942843 72.79997308007991 56.49349491315186 41.011037578067594 27.767008979645926 21.42007751762131 27.30098904420889 40.380436271326936 55.80794399414319 72.09150394415957 93.90048562336312 78.14447151427153 63.20223976841212 49.81159755447691 39.5799803675063 35.36469845323814 39.15937184553715 49.1422258940395 62.41127930179345 77.29220308701213 100.12894951556159 85.49579507476533 72.05523624475593 60.60598003335882 52.468220974165284 49.309687279133904 52.04496092762564 59.871631908087174 71.12839311836835 84.45463846690095 107.85345273913453 94.38610335997262 82.36382507396956 72.50901177214664 65.80279500027764 63.254666278632776 65.35282485673324 71.69047748479021 81.28192506074197 93.12718215010365 116.77739702514 104.42294833567145 93.64842832489953 85.05638378400873 79.3588874898306 77.19949437416989 78.86935492649707 84.1407907511642 92.39942909189334 102.92871625999354 126.64737444470401 115.30719541584845 105.59646746988304 98.0007721242501 93.03956953782695 91.14408610000143 92.50297363193572 96.97952669982506 104.1725963734115 113.5671776480105
41.916348683708534 36.11672264936219 15.438741705975188 28.32177769685892 20.07600357650889 26.904091080457576 11.160452136370136 65.05647554278139 70.60266539687642 55.84991257057855 39.30883654883087 6.492530149301637 0.0 38.57483093706302 12.402983678599059 28.59192199654725 22.597400753764507 19.07406614795054 54.54258801909887 17.605480200530238 19.87404964980102 32.81652540551568 9.541500310065231 26.59675774630429 70.25346595568234 63.82559334859899 34.20450382994759 20.580190867601367 26.879831682565374 38.609878390414046 36.76030489161143 5.018250711793559 42.309973557069874 40.01668108249368 37.512166485927395 33.23899318700887 18.650040051222362 17.77513146229523 18.354276701122522 48.964808903138874 89.56704878640925 74.21381815018502 59.93189512901693 47.693605194183746 39.4491390591485 37.90113246425166 43.766011757081046 54.709582356474755 68.33388391929829 83.33431258872122 84.55665674411567 68.11208565675348 52.224468363325826 37.606446917404135 26.45383666515359 24.167684405350812 32.66587417144457 46.35463916262976 61.88018001772905 78.15543267569909 81.70739097662182 64.55768112660652 47.518457408130836 30.773796422067235 15.321959658795084 11.009609399445162 24.62465634796009 41.11263858187488 58.07613582057507 75.19401041509333 81.24697910979167 63.97664799469169 46.72970012253331 29.547111012497002 12.692997107321647 6.921422735796967 23.095746806463808 40.21982669216778 57.450577964768755 74.71423471173439 83.2150881383678 66.4470403345299 50.043774817647446 34.52914102971906 21.88277212768619 19.083024006617656 29.123527396020798 43.94211925059153 60.10284347648628 76.76265822088465 87.44787565386751 71.65390865847395 56.7463018500524 43.64299943097986 34.46720909979372 32.71045834412525 39.378523908343496 51.284214759087995 65.63674047206518 81.14802027244824 93.63867516408374 79.05834285294182 65.80991374633602 54.86684795598321 47.8382728238003 46.53313629869839 51.389379114019036 60.951676617697885 73.40332801742835 87.51967396036022 101.42951481354775 88.10794546657563 76.398752651195 67.15075973213519 61.48475772423228 60.41706800400385 64.17760165357093 72.01390682178813 82.77642642208788 95.48071292221094 110.48232537619448 98.34951158027815 87.96360145198452 80.00781510590555 75.25684235527682 74.32779231484706 77.35848786910152 83.92101718967088 93.27285324456578 104.66900077697969 120.51293427007171 109.44881626835831 100.16683502109005 93.20097474762781 89.09615003101331 88.2524878275209 90.76097545838695 96.36017395902368 104.55470809637701 114.79009645720086
20.83863093306389 63.874094116442066 53.98331624709363 11.248796079499456 21.178785161912995 15.147018334558856 30.646600978506527 39.362167954964406 58.45205247569307 21.631434890624462 27.769204127748868 40.35355559772943 38.57483093706302 0.0 26.17317599233774 10.013554265342796 59.68400682833625 52.649886963321656 33.89520765849754 54.24133691329458 57.84818358859193 59.224915852846145 47.89032469499357 12.017280946820977 58.80489230153275 34.773124379644976 4.7023587934919515 24.814102500756096 26.57372313006679 12.686239545577207 17.08280251553492 38.00019632981428 30.28008652118061 4.9443490079122405 16.08179790862332 14.025266459285001 57.18849087623193 54.02363532031519 20.787121093597765 38.892300428747305 119.1899573819968 106.20069205515273 94.60240250413676 84.96663251552673 78.02390170887772 74.53064034610946 74.97059409357904 79.27830802236072 86.88035901546567 97.00530891508107 110.84241023520134 96.78416037652227 83.94643063180743 72.97621842254888 64.82861573715394 60.65200825561261 61.264006696246604 66.53259841234984 75.4890092025599 87.00166718465056 103.74611605893337 88.60791871534433 74.41890181271027 61.83595767342552 52.03749996284493 46.80619798815711 47.6701370316242 54.3393668153801 65.0522454176915 78.16345379038417 98.17289738607845 82.04375280252242 66.5067319161562 52.094355068799466 40.04006360644841 33.034829815623596 34.32348601288125 43.16957061393799 56.105529011482496 70.92783211130929 94.39300580667734 77.50246501056976 60.843541439012654 44.676088701196775 29.810756165045007 19.49670175550682 21.68579005431306 34.04610867544191 49.46426443719346 65.82553692432533 92.62630454921631 75.35076482070978 58.09093494755872 40.866724685175534 23.75573929189954 7.569320413031152 12.205227286928492 28.971607379225905 46.135170906216786 63.37402823202346 92.9876376298803 75.79247397904305 58.66012827677526 41.668157683627896 25.10325193616659 11.082613794655686 14.635182848265538 30.071015999003745 46.83008228851649 63.87926415361267 95.45283630731082 78.78397797309955 62.46036632141705 46.84432181588872 32.957465944229135 24.014778496963494 25.805727286462957 36.795006251364825 51.38599380185589 67.2746548311356 99.86618684626805 84.05343157002739 68.95948272231136 55.17742265875891 43.958986574023044 37.66887104040703 38.78404318567799 46.77784712573511 58.91382497413913 73.15885031790002 105.9845383903764 91.20679441165693 77.48120475635979 65.4728616226191 56.29169479363753 51.473439477994056 52.23960007488705 58.37068986741818 68.43975329040583 80.99112914623568
31.832986273604185 43.15789357469545 27.828493924858066 16.17175218999866 9.534800279342933 15.424629099928831 7.998771165618983 55.281144246533934 64.60260963138835 44.12332981591809 31.04701639670349 15.148454008975442 12.402983678599059 26.17317599233774 0.0 16.190390475679667 34.11993558181062 28.443714788834114 45.53350796441951 28.788932351658325 31.898857999073133 39.04766205635202 21.768769569056943 14.197633637278376 64.4479189600953 53.09650776909897 21.8139360439525 12.81871479201225 19.95556931608264 27.24626325216131 26.101318728755547 12.57974524332642 34.54768893961848 27.718978705641394 26.794627047065564 22.016982382810923 31.03775762098651 28.723472555122978 6.6265450706217734 42.42477859842722 98.31703133408293 83.80797332612225 70.56922663922354 59.455501989869475 51.85170487486756 49.40590544911829 52.83927801689871 61.169736983974076 72.73366316334888 86.23999306920466 91.95450275365484 76.28047171086405 61.48575106082888 48.3838013599938 38.73234199098492 35.4697593698537 40.18358837889067 50.69561274736981 64.21897663602928 79.2263605118391 87.4261154580802 70.78223003490358 54.549370747926126 39.24098552505662 26.510137243984207 21.55066458754966 28.71909203637049 42.23568025227207 57.80683749419028 74.1493059406554 85.0254992108499 67.80876886061753 50.65013403996035 33.6386139381557 17.215979282031803 7.741890153287541 20.547435586941784 37.19100268613622 54.24811128458853 71.4230901083782 84.93330351638679 67.69365847183926 50.496635028973856 33.40811730782579 16.76328892899089 6.680330099727927 20.173228934093633 36.98655055387231 54.108817017007155 71.31785636810186 87.15685560170691 70.45091270237742 54.12075650268519 38.64573753848045 25.62501389340479 20.457302018402437 27.911872678175197 41.69359217699415 57.413850093070025 73.84481226216826 91.52750595631719 75.76755766657917 60.85120418546465 47.57859933718923 37.72644943595124 34.37374968392381 39.22412721491086 49.94214104679894 63.62869287498498 78.75094583307995 97.75763650494682 83.15404594835391 69.79496658093326 58.53871797898071 50.80283245559307 48.30917313300388 51.820138676975084 60.29576665563256 72.0037104665866 85.62821559172015 105.51831157725009 92.11369059037602 80.21498904944394 70.58789910861287 64.26159888726457 62.25069671339088 64.9572163033489 71.8500189089432 81.87859942092352 94.0450925213003 114.49863562674989 102.23360620157322 91.60877674119276 83.2544940413738 77.90467664775551 76.19482641740792 78.36357295147991 84.11142979599161 92.77553956905206 103.62699419214357
