0.0 25.169062839172597 12.691539860466554 37.464314645584274 20.230210250710364 55.37234505366786 6.21688464021389 50.79981758840556 24.07022322542642 54.32773472755048 3.206762750237669 45.08739637652869 35.691526552715445 21.604761081259266 51.94691855772151 39.55662281035344 23.544551498675617 15.50121925125002 22.645787191910006 27.05879121143382 36.08298605674684 62.07434495010974 3.2073520685858328 16.886762466854282 27.290794930551343 26.064689386734905 12.691539860466554 49.063430086203 27.587464169272025 49.77856327329959 7.056410363150548 25.48647024599302 38.24102958468171 26.25906390195033 35.65236140266109 47.9879735062887 23.847843320373542 54.93502190974744 28.799729761122638 18.58938400898524 106.34135278590637 93.43828171079986 82.16832515123868 73.28879054833232 67.74623218300391 66.38184332477319 69.44233769596195 76.39777090570618 86.31160134663885 98.29271411105216 98.05688142193931 83.93528829006091 71.2307053298655 60.83744142238362 54.10430030610398 52.46004651414579 56.35191021433902 64.78980803469484 76.27975354728066 89.65591175585205 91.21585772055582 75.86989190188955 61.569916817423476 49.235913507699124 40.69646254161732 38.56080017777466 43.77641967768339 54.26343973348705 67.61193109220004 82.44350746177635 86.16289178896244 69.7427742250855 53.87741516116363 39.24548184192765 27.86306692236963 24.722536771470093 32.32286842621671 45.5745816761204 60.893577981192706 77.05662759585068 83.22438621000352 66.09529151645525 49.08757202952664 32.39297703776317 16.96270206946523 11.174731681041747 23.679718353632836 39.94116374102525 56.8205695780851 73.89567483872187 82.62628773049434 65.34406320815012 48.07601598034992 30.84596524832041 13.79700602393476 5.287222514244437 21.546823714240517 38.72066691053334 55.973458204638625 73.2494337475791 84.4183642957769 67.58574610618894 51.06777875459539 35.30885272843397 22.005095749847126 17.900991615684077 27.48415664696957 42.296859650151184 58.4925799552213 75.18278783891074 88.4554385183941 72.54338521701794 57.440661742492644 43.988921918914095 34.19546211602232 31.659797135676836 37.86904577128842 49.64368286272485 63.98151777086611 79.5077526522795 94.4500215784084 79.71176604060298 66.22558560632187 54.921709797894664 47.3884342442328 45.53720092369282 50.00313100872443 59.37754649873988 71.76194270270041 85.86363192458138 102.05768216628891 88.55555422616364 76.59698534973055 67.01347946931543 60.936122146804266 59.45007838445068 62.88170595249522 70.51668138075419 81.17753413426568 93.83857431096654
25.169062839172597 0.0 19.34899503303739 32.81630362571215 43.61223318542592 46.95034181837596 28.822640996954597 75.38069677118214 43.78925476893788 51.95969512799612 21.98347037458757 46.43925230933248 20.87913694221717 43.15068729064826 50.99106934940199 34.90488962399411 7.356466454867316 15.035073803529901 17.75161742382349 38.22383760547229 35.58846941324982 60.04482499238295 22.171002979553283 8.611154418215664 41.5409484888046 21.012105018002195 36.25787888248713 73.58462215082933 45.14255173396542 48.62992994297066 30.064762032942017 43.68321692495589 22.416288224105884 42.91940718763982 39.65183266258878 44.851995643955014 8.73962639397279 48.62316742889997 20.00511109093188 31.514210005055098 95.04428943690228 79.81097289816258 65.61151631138289 53.27903891700147 44.39759161028185 41.259441723956556 45.08039662291162 54.413674987869804 66.99372455174945 81.32758124057969 89.74941818828214 73.45619021665217 57.752711074745314 43.285671199880916 31.790453998348443 27.31897763652654 32.874458965668865 44.8758677347887 59.545502744253525 75.34056164229622 86.45653788042297 69.41356506464075 52.54013528122464 36.074940657555906 21.001180900745947 13.394423567887564 22.72629080863683 38.10867004805053 54.65134856017198 71.55404805982478 85.39759876460703 68.09620444853566 50.795175440764574 33.49507781817024 16.19889595800391 1.2656321333912781 18.42587912045746 35.72307126007132 53.02335543294558 70.3244496936184 86.65455246156161 69.65891622010636 52.86237148054436 36.5405061691412 21.787598000340846 14.59118998362594 23.44821499903724 38.541501153035256 54.9526013814983 71.78329923469789 90.13054207947916 73.91924364392295 58.33784497316615 44.059770100319646 32.83187683466352 28.518599925798732 33.87327201536792 45.60916774477886 60.09744934457711 75.77545950388084 95.58373583390289 80.44969996243803 66.38345151700806 54.22246573091489 45.5202557996105 42.45958466297203 46.176224564531175 55.320663805480216 67.72896511985157 81.93140015819054 102.69958527674558 88.75048796727437 76.18918148904586 65.81513200594406 58.79770224782047 56.403953248830184 59.197466655431 66.52798011774823 77.11226998561405 89.8071833961308 111.15915274514678 98.37438262105046 87.16289544981267 78.20428889060189 72.34044877865405 70.34955244522784 72.55113920672183 78.59367240604944 87.68667033964668 98.99307167061478 120.6800811202636 108.97127410945888 98.91649936867475 91.06529404145328 86.02313860852846 84.295620522527 86.08252766156951 91.177465219967 99.07137540665971 109.15870717068044
12.691539860466554 19.34899503303739 0.0 25.09320972845922 25.450280013003386 60.20658273625743 12.241481539748277 57.49924412136869 36.72260015042112 42.850273296298454 11.167224357343663 53.5255655946933 23.56644315463531 34.282740565903055 59.75298943274123 27.24703343621162 14.429125202390042 4.612236986771906 10.09559430591722 20.218163484482865 43.38970248279856 69.71910759605649 10.021781834761528 11.371760796808505 22.72006576407257 30.39872270353373 18.80656339899105 55.6497294382533 40.037145215702424 38.50736877299801 19.74281180062081 37.993655043573185 26.167409000939596 38.52946597738129 44.630500127780806 36.18818758196436 14.076712012494305 60.677546638486795 16.23276215892201 12.486399750327111 93.79747201133964 80.7523445158802 69.58889376534609 61.34317181237739 57.28920424073084 58.307964457357514 64.15825837612184 73.69832507264533 85.70473569716889 99.28674596732264 85.84360243639436 71.4047507403533 58.53936509822761 48.51577674162494 43.35214422156099 44.76316246019406 52.2185552014241 63.62797175929248 77.25907430166795 92.13096560005819 79.62241643040892 63.827536790210125 49.060056644718614 36.58597154809863 29.476887915026353 31.590346296178765 41.541816137302526 55.24675961306686 70.55066164348894 86.61002666941229 75.56319079147107 58.71033864584652 42.222321260002445 26.781662544093063 15.827285681695338 19.556609697516446 33.36362511864166 49.421801531617994 66.11058870987863 83.05069475834483 74.02251604579355 56.72297263259625 39.42552428450729 22.13508310895555 4.925996515877245 12.541235083138245 29.816326256745885 47.11112017123787 64.4097475110017 81.70977360986001 75.15546370341008 58.187051933423206 41.49500071710204 25.625181753828567 13.790488712321896 17.95600182501376 32.45568067012897 48.81636198635779 65.66137350828545 82.69526907858517 78.84685104003822 62.86186144711897 47.80283855062286 34.890101256507414 27.35392113045862 29.62878465410701 40.07746002791498 54.15949379208337 69.70659062534818 85.92716001711268 84.76303057746702 70.10798365302203 56.95781569295217 46.60430819862339 41.21208189911122 42.70380807271249 50.472766231089544 62.21005076128538 76.10115687632175 91.16680929724585 92.4779228392625 79.22289115551449 67.8164105490281 59.33433561655077 55.1430867208689 56.21081239377158 62.26756486026826 72.06623775375104 84.31212487438067 98.0929404386804 101.58243443246818 89.638192211772 79.68506943687913 72.54726287126005 69.10275450442363 69.89968727564727 74.80262130092905 83.08783482981225 93.86391591330809 106.37655472271325
37.464314645584274 32.81630362571215 25.09320972845922 0.0 41.99839737830193 79.68830910843026 34.88275777420879 70.69447301697244 61.4797485728216 19.215678429492122 36.25470933525962 76.70446452183653 15.542819032115585 58.66901474036464 82.24124414427278 2.2251695497479234 25.614745179986542 24.40369631251856 16.942400810869465 21.617037449205796 66.04610798518134 91.81279859952934 35.064932732033306 30.40476998503501 26.623537826870475 51.76231896408469 38.515144642734676 68.82797679425909 65.0298728394402 15.851516363689942 44.46588434663778 62.94598368192482 16.571208978482655 63.59173343703833 68.42750832164909 12.108692106879182 24.192588372689336 81.12730610011847 12.81898053651629 23.68792575786024 68.92386126207447 56.727853560216985 47.794394156215034 44.15045731351824 47.04174395449701 55.45531978627113 67.35253028552891 81.21661285684553 96.20092045625341 111.85615769230769 60.75665700121226 46.516296770363134 35.14071029714962 30.077937676693285 34.25207014659765 45.17117934601111 59.21465812948268 74.63930057891072 90.74350557462405 107.22150706114262 55.08182166096549 38.851099468223964 24.15618200466268 16.010829927266347 22.975738674658707 37.39164087196449 53.545283576657084 70.2479346760294 87.18462941311326 104.2413508749453 52.71067383424894 35.42576601487001 18.173283835404202 2.065230962041765 16.64258689127264 33.888048097860796 51.171647376988034 68.46450739331037 85.76102632247606 103.05936194786449 54.079563476438 37.42326012018331 21.797121081440444 12.183655201015611 20.505640635687687 35.93374484944592 52.54236021655886 69.4901294611961 86.57811181304491 103.73704099713721 58.92840694240643 44.11294996957778 31.90701781453936 26.246398556710094 30.958024955904712 42.73915536982967 57.38973527415051 73.20681831942377 89.57457788070252 106.23879694775474 66.50023465329907 53.77111667098606 44.26161297664061 40.31815217448467 43.48243349312387 52.48424779331436 64.93978847005455 79.23674401869843 94.54339053956143 110.44070536907654 75.98524759599273 65.08939092857231 57.429947195816936 54.39180014252625 56.72244771685829 63.83653571128913 74.37385005835596 87.10071708909821 101.19436410256004 116.15835225321042 86.75809948600578 77.34223060280952 70.96029881537476 68.46603498586875 70.2746216699446 76.07981020226786 85.06728604564357 96.35060640597686 109.22053890561533 123.18077547519573 98.3965759630629 90.14922940288722 84.67916557203803 82.54040660002491 83.98783531687639 88.84635254442861 96.60265192593351 106.62621852416187 118.34233694115883 131.2986940759498
20.230210250710364 43.61223318542592 25.450280013003386 41.99839737830193 0.0 74.18993223238756 14.965595563238605 32.053378245040996 30.592568840253335 53.338090205549015 23.14863089927924 61.17057681825028 47.290609611812364 26.348047267241917 68.46146251853258 43.48357688354245 39.79297205406512 30.019189253854368 33.90157993482264 22.15030912512604 53.789743044526645 78.44314825595936 22.350988827557682 35.00465948589006 18.577559202997325 45.8554262416476 7.586731188059697 30.209244495513673 35.56532990393377 48.59705657728288 20.724647921355746 33.437247376104274 49.86345839962819 35.652970828242864 51.637883059250186 48.75001969317358 39.519632275269274 73.18338422233302 39.16734409651922 18.484307909035437 108.40599674940083 98.01120938779034 89.77312832481275 84.32622570965852 82.22706662411497 83.7278269086743 88.64585654209466 96.45987318583295 106.53453316747324 118.29364627047673 98.00418882966987 86.42327590738482 77.0184064881093 70.66383789973179 68.21738609057934 70.08948760676617 75.96151335054398 85.00857296423243 96.34030399257647 109.2480736578064 88.64337980223893 75.69547628266358 64.8125037050634 57.18579634455406 54.20764826957018 56.61644742153956 63.80497054837075 74.40044069037222 87.16923794067009 101.2927720574914 80.68685344550815 66.24718520832774 53.53238682046617 44.061876844560125 40.19809952231772 43.462985184458276 52.54408262458039 65.04948745594122 79.37692787766072 94.70302635998637 74.58551371174615 58.69970217081068 43.89785242743675 31.734808871228115 26.189405759378577 31.038396987596958 42.890435235319565 57.571755360997535 73.40391562801767 89.78013631723586 70.82057544901117 53.858286863610935 37.21006713679703 21.614254654422417 12.185064124299048 20.699962479879304 36.15541427130515 52.76980567607468 69.71946411541765 86.80822448054785 69.77135000781107 52.47739914033807 35.19129361862976 17.935731375328544 1.9150354514609016 16.862913419391408 34.113954983211876 51.39921777226005 68.6928732693626 85.98985798218986 71.55741111028053 54.819195568620344 38.581571895986 23.88814656577774 15.857546214672992 23.043271616162894 37.539783308139576 53.72327860506197 70.44045972680496 87.38557339822061 75.9790478678642 60.45255843020816 46.20516364585909 34.842957614444074 29.863949238862187 34.18169764673362 45.206533431841734 59.30920752158065 74.76792594214697 90.8934135314077 82.61410210491651 68.5709194684677 56.369817009574966 47.45361614850657 43.8729899193997 46.86722678394037 55.3799493625013 67.35016539930832 81.26410591425652 96.28275641768761
55.37234505366786 46.95034181837596 60.20658273625743 79.68830910843026 74.18993223238756 0.0 61.585865744658435 99.00180599791857 51.448580988268624 98.87952639503429 53.430706435948125 19.775864395750954 67.21267610678251 54.68678865005465 15.486332938338636 81.80977477841442 54.07359196566371 57.8779543108703 63.6114368250834 80.20985342331596 21.05416906204176 17.69665779994671 54.741949616636056 50.346350533507106 81.78392182769431 29.930714778574366 67.30422495625402 97.67062293089714 47.97203475816987 95.41544330000771 53.47309639481246 48.717733070532425 68.21659130974128 45.946861882283294 25.89388761632466 91.76705724704013 55.49584421324902 4.546161508568504 66.8744149590894 71.87142912636851 138.87268959750133 122.46357420669976 106.3378356906167 90.6468355322165 75.6615324035646 61.89661849022409 50.362887891452026 42.899356341221576 41.749182911217524 47.37445487353444 135.28500365486417 118.39866853479103 101.65218676712219 85.12813462782476 68.98653059076072 53.57418564794767 39.748650290977054 29.806490892736008 28.206532328863208 36.0763066291314 133.08491494701815 115.89009454470617 98.73270030111948 81.63633303866136 64.649426164155 47.8886041020202 31.714368517637265 17.804398508913994 15.063356539012753 27.120573046026873 132.34167712894106 115.03974687733566 97.73781674406587 80.43588680550054 63.133957221712556 45.83202839450102 28.530101700320465 11.228186999790415 6.073818203497413 23.375712948083514 133.07971220632157 115.88414721930899 98.72575159090657 81.62796795388711 64.63891205805137 47.87447573097516 31.693131364684724 17.76672169002992 15.019017885913046 27.09608960051478 135.27476728011783 118.38702571207176 101.6386881613634 85.11209012509711 68.96682332805267 53.548925617189006 39.71475833879114 29.76149367001903 28.159205625629973 36.039493585505866 138.85773164972153 122.44668952736083 106.31847973739549 90.6242335779738 75.6345787998933 61.863822463567175 50.3227659260739 42.852470550536765 41.70123397890921 47.33240771074034 143.72479478765283 127.91494550903616 112.54487384100483 97.8220970293569 84.08730821612659 71.90887869862912 62.207692172915706 56.27971031005439 55.35082038332802 59.6550043086648 149.75073930473786 134.62017942409187 120.07744084675939 106.36390929052925 93.84381123258964 83.05859932701095 74.76290020138607 69.84942290406751 69.04406435642767 72.48388838230058 156.80193277052777 142.38765658991113 128.686920200706 115.95293082337919 104.53956646916691 94.92438993570343 87.70084782074295 83.49202159148395 82.75914866509126 85.59156362358924
6.21688464021389 28.822640996954597 12.241481539748277 34.88275777420879 14.965595563238605 61.585865744658435 0.0 46.56031126540987 27.197236938707707 50.49757657563478 8.52702585599798 51.05151821314371 35.73833365039589 23.98604353167295 57.99389273441843 36.83676889525008 25.716893039478546 16.351606111887282 22.12303153973247 21.66953504195494 42.23676971913586 68.12145732415718 7.51876368687424 20.220689315726247 21.376154161461923 32.18651044212101 7.457210044002417 44.76208580392642 31.32466939936701 45.83329365873855 10.959026596026241 29.128790468620544 38.34717204497389 30.365336672994577 41.5556337817267 44.520380266695526 25.682468635499863 61.14564034997514 28.1273693192057 13.536006173236196 103.70325326194735 91.49805221245309 81.16718942525367 73.50525137083154 69.40188454665773 69.49036938990473 73.75562051152247 81.54484616313825 91.9669645789064 104.23518345974641 94.79928366959003 81.31741744257259 69.54738921199774 60.49673614794382 55.51188696799949 55.695447541713456 61.000778117351615 70.27734881744762 82.19133381539974 95.76337360020335 87.28439869522194 72.45996871618523 59.00028168627968 48.065837908644745 41.693184944841065 42.012187875195316 48.89203975603707 60.12108228508076 73.73847625786762 88.65036146832848 81.54367224603624 65.4651593805226 50.206710032352674 36.80285861313214 28.051686263653885 28.60164038480337 38.05155178831146 51.73487590207408 67.11023920365595 83.24530651958952 77.970062858592 60.97750611167097 44.22549691042681 28.146859119865848 15.076788637716843 16.158162300128193 29.89273554203428 46.09531259713174 62.886348475891936 79.89568562683854 76.86647545464761 59.5664557897948 42.268000436743044 24.97436016216095 7.7179705314227744 9.702013799430393 26.970440734823452 44.26504121903261 61.56376104365762 78.86388953496883 78.33738547079965 61.44435479156329 44.864061435563684 29.135404247202747 16.842566675707367 17.80968341193732 30.81249898451807 46.69419518024869 63.324546052861166 80.23939743953599 82.24475779205868 66.33242980575795 51.32730053981145 38.310596375567734 29.993687432952875 30.500004168021547 39.491628225756884 52.798074044572886 67.92933109404208 83.90387893327676 88.26555816437349 73.63356062599007 60.42928325891617 49.801604717138126 43.673858567948095 43.96949561537839 50.575999246408415 61.491880662921574 74.85503061005633 89.57680704355197 96.00290115237844 82.71108840579542 71.164520136088 62.34060773475051 57.506621228091895 57.67468476975248 62.804655141098195 71.84133780268806 83.52621500320954 96.90602165786167
50.79981758840556 75.38069677118214 57.49924412136869 70.69447301697244 32.053378245040996 99.00180599791857 46.56031126540987 0.0 48.037895673481295 76.74912808502467 53.9693644814752 82.3044777915952 78.5919931622058 44.42106338560788 89.6106252879887 71.68711396483766 71.84097305559835 62.072532427470826 65.58075869501856 49.08797728560882 77.95623605595655 98.65721189713119 53.469814651338936 66.78099830497725 44.12486176627781 73.99509235242617 39.14927548819705 1.8860908383011845 52.327589506270016 72.45667889992947 48.45205929597996 51.02629688671424 81.09719983142696 53.85850262620464 73.68910115780155 74.20592906108969 71.5720171822127 96.94289161166459 70.42506102707482 49.03845746761318 131.08198182935806 123.40831208028705 117.79383247525274 114.54174958184129 113.8546783191775 115.77829288337578 120.18730540480705 126.82276454544517 135.35763288933492 145.4579454771296 118.8892183891602 110.43421502419505 104.18949142966673 100.567634350816 99.85445764715793 102.11092509475849 107.14958709112142 114.60406485710179 124.03956637633618 135.04147899029996 107.17876432004618 97.77764990284032 90.7321750662381 86.61907316999827 85.86080336520934 88.54359799198294 94.37445315975772 102.81917888045712 113.29477990674411 125.29288979744622 96.1272465087976 85.5798343067685 77.49875412503691 72.71103131278409 71.87781014374441 75.13077558788659 81.98497193133238 91.63583435110814 103.30249263182111 116.38029112433718 85.98929167885973 74.0679785332841 64.6271604006677 58.87250237575382 57.9134739737648 61.97311236860716 70.1858967509223 81.3028339344468 94.30237942652508 108.51001788571845 77.1261701995584 63.61577851436772 52.38504240525283 45.167713083627916 43.985863504861356 49.275697021958926 59.330739851736126 72.186448251946 86.60446972572319 101.92393873311151 70.0237936055117 54.83278294072558 41.335768977043244 31.770533622510523 30.14626202800319 37.50915514555848 50.037841910455576 64.80234427997793 80.58294685004408 96.88440596673166 65.25971043999311 48.632095636165026 32.711527918238886 19.331833981006447 16.616496771087917 27.8784601147545 43.32460646494814 59.795877164303604 76.6340964575683 93.64152373478996 63.36363093454692 46.06860492151627 28.78187947590132 11.540814765937311 6.05787234132739 23.214625168020675 40.495103637667384 57.78842105564635 75.08570696297349 92.3847323138358 64.58865924590539 47.73200657562773 31.364101056151966 16.96414021305286 13.804713182958322 26.30724223000347 42.33538373769021 59.0864728466967 76.08449687993803 93.19443595102153
24.07022322542642 43.78925476893788 36.72260015042112 61.4797485728216 30.592568840253335 51.448580988268624 27.197236938707707 48.037895673481295 0.0 77.69334680647613 25.796426350689636 34.27999944284777 58.937925242363875 4.3130387668287895 41.615129240270406 63.542555042392635 45.08938241677178 38.966988690865904 46.4910660518072 48.12046219742183 30.65290579389884 50.89645517647234 26.76183844004322 37.54599471307422 46.529544361292864 31.308026277727702 27.2005019479357 46.86274738490006 5.0178447333401035 73.03009905407085 17.02603259874371 3.105429722779129 61.38631747651059 5.870572519616333 25.75233889990863 71.64267659543013 45.80842996156011 49.08079711369015 52.60232736491104 40.55887976812075 130.39060164441952 117.46232337276498 105.79114444199803 95.83744304135863 88.1847217598264 83.46828878242053 82.1951685331494 84.52110177765638 90.16799863969 98.5667272907266 121.8796334043206 107.98225508947093 95.20704007191046 84.06714122948894 75.2919562794834 69.77939393007658 68.32378535510642 71.17447691723979 77.85989580480576 87.50549283275241 114.47332750473008 99.58756274989096 85.614961693223 73.08118597958253 62.85297837094889 56.2034972548986 54.459786861892475 58.065503822931014 66.15161487921154 77.32508412959317 108.39846425801267 92.57412219314611 77.38484795232023 63.28954757318041 51.19984881062739 42.848427641555254 40.611039526801804 45.4007803735534 55.42482054604665 68.4199981983953 103.88896687292682 87.27567278728618 70.99210386490458 55.33014268993832 41.008300346533424 30.01077861170216 26.80155026901896 33.68544921986803 46.36600058050165 61.348289779324496 101.15447374218532 84.01738623512195 66.96512251306166 50.08439765338465 33.63449055858847 18.783605449982666 13.156045150527191 24.332119226314273 40.121507197761204 56.79904458108194 100.34024832916421 83.03981264660419 65.74016375798386 48.44214460972443 31.148470504531883 13.875397366332031 3.6796312716109387 20.815050262635253 38.10126698020289 55.39729569642026 101.4925288628566 84.42223216748853 67.47003510528148 50.754413344128515 34.619760174776346 20.487986701492297 15.482244264946784 25.658422783912346 40.93558251584454 57.3742246651621 104.54629678647687 88.0535420761534 71.94187824170915 56.53804816436195 42.61663299827431 32.163852359800394 29.181481487539084 35.59935108496805 47.76796213149424 62.40955125091925 109.34230976281202 93.67251717962317 78.68954700675795 64.87105444328353 53.13348439832717 45.13075655718509 43.00125316782225 47.54087634932523 57.182747726595096 69.84484887532952
54.32773472755048 51.95969512799612 42.850273296298454 19.215678429492122 53.338090205549015 98.87952639503429 50.49757657563478 76.74912808502467 77.69334680647613 0.0 53.71221910867212 95.62997360022295 33.04332306433141 74.40247876218945 101.3197852125313 17.071358353887305 44.81231567895489 43.018529585311086 35.92149664722772 31.23052020438954 85.0586711543709 110.95735198780321 52.39766200940955 49.482315377373496 34.99280436009871 70.89065712493111 52.13576378094398 75.0085082740071 81.7038521974882 4.7624173137642725 61.02448105773882 79.53531067278381 33.0853247784764 80.53841653591418 87.13405919318824 7.1130659807859065 43.38970248279856 100.34293303721618 32.0087969135394 37.363421531501764 55.22588053923508 46.7144699435933 43.741167375323954 47.36076377228934 56.31605781032483 68.54676498474252 82.61067614229165 97.71945986106148 113.45645005099752 129.59299163260482 44.75942324988448 33.77177723749377 29.603533674643806 34.79820073530015 46.30517943956367 60.63112906365608 76.20240993669667 92.39150420206013 108.92328546777858 125.66257790267548 36.88830408928147 22.37881376014891 15.478632497654553 24.022432321571998 38.90088530160677 55.210442235134344 71.98485547862344 88.96155538580281 106.04343302117707 123.18674226151833 33.49522420421863 16.21992336274691 1.7191216015724018 18.480758643893953 35.7608039173061 53.05511614684372 70.35317475198562 87.65276174654416 104.95312135279414 122.25392557041248 35.87420469529031 20.672690887941847 12.902500770293514 22.456662602864828 37.95842009278301 54.55359207388162 71.48468333787999 88.5592360354534 105.70775474836537 122.89928125160719 43.0793475640821 31.52192364277448 27.02116157811703 32.63992486550546 44.713490544963264 59.43010850960516 75.25482959530888 91.61523332124067 108.26875169977077 125.09837821356527 53.18399034664401 44.29325473900885 41.15766369373428 44.996882394999865 54.352468655769414 66.9504858217685 81.29729105897599 96.61695914316775 112.51279630860536 128.77160848021487 64.8464699255777 57.72459265155616 55.29820162707005 58.15799326876425 65.61639909599334 76.33721275286506 89.15114605252806 103.28205170705647 118.2587676981857 133.79756589717843 77.36532889142282 71.44452885102599 69.44016984007771 71.68154273287794 77.8025696626463 86.98807975717905 98.38344418347778 111.31203014186455 125.3001353307648 140.03060261044044 90.38528572722272 85.31379429742726 83.5826918293634 85.39536582360076 90.53921741120199 98.49370806805175 108.64322538623004 120.43408806773306 133.43188512207487 147.31749935692474
3.206762750237669 21.98347037458757 11.167224357343663 36.25470933525962 23.14863089927924 53.430706435948125 8.52702585599798 53.9693644814752 25.796426350689636 53.71221910867212 0.0 44.140411642964 33.34453374763104 23.726335871950972 50.8110893151635 38.40006420466069 20.63337975901333 13.208540097295291 20.69975890314964 27.80479088360508 34.70538598123695 60.91731876330715 1.4226131961563322 13.776633703974811 28.58724253071564 23.788145966840872 15.566221394421127 52.2257738026404 28.914200040433297 49.25746616257039 9.177146777996015 26.902338576395596 35.85491397215757 27.36728386426108 34.85957905755434 47.18565895501462 21.02573994606793 53.213379484784674 26.805968349629456 19.24616701142082 104.93672364481034 91.71275362511439 80.05895562691792 70.75547728204805 64.82231672645399 63.21567778131713 66.25107606786395 73.3544970271386 83.49403199644617 95.70955289102183 96.99461314830738 82.55186107859717 69.42885751974876 58.520290898943834 51.2599681906046 49.28738106864222 53.194071361679704 61.87628160396013 73.66438029191472 87.30927398519228 90.56839305189872 74.93334509378307 60.216991709165065 47.28502374744564 38.004846374008096 35.377545447582804 40.71216762541059 51.59552267860778 65.31020460075968 80.42048984062235 85.99866106756994 69.36739622730636 53.16590062808462 37.94867186314518 25.540199277418 21.522389237104964 29.543799251457852 43.37245999862324 59.06111982359187 75.45841795073764 83.59051477429404 66.3725064638424 49.213396635445285 32.20746097648424 15.85547276994514 8.011543610314435 21.810249547785457 38.547405615780306 55.63120809518658 72.81808490065782 83.53114998253776 66.2980685023902 49.11342122718702 32.05519910848231 15.545315142716452 7.381818451213196 21.587937654294105 38.42265280329453 55.54525031427232 72.75275118000519 85.82544155805667 69.15351487230011 52.887827892280455 37.559919842657685 24.96165734665599 20.835849296219273 29.049826398782137 43.03909538079622 58.81791026607369 75.26912331346605 90.2941239193834 74.60313852367335 59.80748678825891 46.764841596231726 37.35870820091618 34.68578214103467 40.11535394850794 51.12814779995402 64.94336846666474 80.12429377754279 96.6359610279627 82.13209881248626 68.93153401746325 57.932142580745996 50.59063096551022 48.594163997020466 52.55545303068968 61.330747162560016 73.20893037892337 86.92719058041007 104.51042978982728 91.22692514483418 79.50451702614029 70.13044277465609 64.14268625708296 62.52186671259702 65.59251370901687 72.76308344565696 82.9774016862216 95.26135884290733
45.08739637652869 46.43925230933248 53.5255655946933 76.70446452183653 61.17057681825028 19.775864395750954 51.05151821314371 82.3044777915952 34.27999944284777 95.62997360022295 44.140411642964 0.0 67.18900354441942 38.09372453311274 7.395866727128269 78.92574618862857 52.28959463587931 52.65098671829856 59.775283050447335 71.93942448400026 10.859167353736138 17.27506672433895 45.561809328587735 46.342576129286286 72.37098345151085 25.48197888674476 55.23485423700972 81.14244395413496 30.07335941165528 91.57456733540879 41.05442759238501 31.278399652040452 68.84552357965046 28.445979139947543 9.5723183838289 88.65288318539757 53.628308090019786 16.1382582319201 64.46751471710388 63.38292050999973 141.47706473216772 126.05747665451504 111.19312286890175 97.13922639368009 84.30209732915957 73.32362172554149 65.15027990143311 60.921753250795575 61.45776311249973 66.64344569533652 135.95625970079328 119.85763711051372 104.14559351790837 89.02504691741964 74.85530149814817 62.28865226213822 52.48941887271676 47.213396842251946 47.97680110276812 54.52655226217357 131.70467566966062 115.03515399653605 98.58377136484837 82.48115880591358 66.9793356156117 52.61206611858582 40.60216574678431 33.58199645281308 34.72280761367087 43.385533438957495 128.84807833231383 111.76852927019137 94.76968279074606 77.90438506980597 61.28299475230438 45.17554066549095 30.409953945377517 20.18447223617364 22.108196125129886 34.18835398672287 127.48032128951127 110.19626244176371 92.91885523171673 75.65265706106356 58.407609475274356 41.21027335784455 24.162737370527427 8.252429075399673 12.29149118094181 28.857795942463756 127.6492918103103 110.39079685575521 93.14841715132015 75.93313151536637 58.76875498305905 41.71817253178118 25.01516606247369 10.479713902965601 13.878167402714565 29.56511312412037 129.34896529341663 112.34295190086937 95.44335515086851 78.71874252376998 62.310175638305 46.553052887743476 32.41182901105479 23.07764650309593 24.765703261190243 35.955716228970495 132.5204339715959 115.96397045961453 99.66105912171228 83.75988420330424 68.54062251256109 54.576761569213396 43.106102918013534 36.55621083573725 37.59367272668261 45.70469498876015 137.06152480403378 121.10419879103236 105.57127340388219 90.68110052226174 76.80840863214232 64.61193931788112 55.21390395164294 50.21104557991997 50.915856355593505 57.11743324201902 142.84161071030218 127.58007249725989 112.9084486701979 99.08912351574834 86.53140905477495 75.86441091331483 67.98401775503056 63.92916575322381 64.42626432356201 69.37753651191916
35.691526552715445 20.87913694221717 23.56644315463531 15.542819032115585 47.290609611812364 67.21267610678251 35.73833365039589 78.5919931622058 58.937925242363875 33.04332306433141 33.34453374763104 67.18900354441942 0.0 57.069501817760624 71.86871070247665 17.03285225749689 15.1796345212377 20.19557809299035 13.659810567646431 31.799969384810943 56.330167366567885 80.88829603331129 32.6127810470685 22.34545776787277 36.61412782852632 41.70715820141602 41.67787756646289 76.70726108359226 61.510264410136344 30.633803218302766 42.5020473536902 59.675141402987755 2.61228762276542 59.62747265580734 59.95106868429038 26.21006684995652 14.001495382402782 69.19865245553913 8.168352409399061 29.571573823118914 74.48297516095553 59.795346185298456 46.925054897356375 37.77758123558222 35.37001591941067 40.91012006234519 51.91286291579572 65.6883571409272 80.83119884486415 96.70115130882536 68.87187053057204 52.67622380896223 37.48260877590065 25.175757546418684 21.48029275766482 29.794271050115103 43.73448981507801 59.46784015638088 75.8871123960575 92.62826266414208 65.87369781297245 48.709777119230814 31.696278391415444 15.342069421740371 8.050930246442965 22.202910055694655 38.98505233374855 56.08397943621614 73.2782679022091 90.51358846878756 65.84639617201884 48.67301783673842 31.64001916267664 15.226041201943387 7.828615429518521 22.123640731013488 38.94017346696627 56.052940251766934 73.25462772333003 90.49454251875224 68.79350316360147 52.574189873802965 37.339740998856776 24.963543988683643 21.23233978492747 29.61684369861748 43.61437907666715 59.37998103271304 75.81861042145667 92.57241856288118 74.3621743338234 59.64549499074187 46.73483471360506 37.54213740302624 35.1196097355233 40.6948337910557 51.7441746352321 65.55575735291384 80.72399047051782 96.61198452914593 82.02010243893018 68.91785129909682 58.05811801447747 50.897168127007916 49.08156676057402 53.161832966662935 61.98437375184687 73.86911743519286 87.57814937485887 102.38124731103464 91.24265284648654 79.62589955978912 70.38494270255201 64.54835810722915 63.06849456067255 66.23800702549313 73.45751316195997 83.68532130335797 95.96433639389568 109.60733923026486 101.60454551429645 91.26556477929904 83.27068753623637 78.34089567006112 77.06665238352402 79.62365432747337 85.66952895193555 94.53726512054504 105.51779586818097 118.02288098260968 112.79208580992595 103.52294489451934 96.49154612978262 92.211223213694 91.0707074536434 93.18535659224615 98.3454140657321 106.1075073183737 115.95024194568279 127.39225628236954
21.604761081259266 43.15068729064826 34.282740565903055 58.66901474036464 26.348047267241917 54.68678865005465 23.98604353167295 44.42106338560788 4.3130387668287895 74.40247876218945 23.726335871950972 38.09372453311274 57.069501817760624 0.0 45.466896420928165 60.68449670949301 43.75394033835112 36.91968781188896 44.241212274874336 44.430010838846286 33.70946935141222 54.89255766974926 24.52643620066414 36.31948930432974 42.62614854856526 32.69598925962687 23.291125455851745 43.17324488608692 9.330381990117614 69.70619249144762 14.606883105472859 7.354157302255482 59.572532546009576 9.972476335825064 29.276837272210294 68.50373824345597 44.358132590768626 52.525894257402975 50.390978520257335 37.109091798327114 127.58201245888627 114.97837072492453 103.73794579724621 94.34922837469804 87.41093881879105 83.53590479247143 83.1534869266732 86.31012235483402 92.64476179388095 101.56449373921163 118.78477481849262 105.17891479515637 92.81204513365037 82.24498490763426 74.25018235406243 69.71823171626599 69.33155345657161 73.15590880304526 80.59404381101334 90.76179272950543 111.08329003119262 96.43850895148334 82.82495632908271 70.83967441272296 61.4430162753587 55.95469350677805 55.545565982042696 60.31907470696765 69.21105652331987 80.8742765952451 104.71971641312317 89.0696168634108 74.15712756147629 60.529891506330586 49.26622820089194 42.29846326278761 41.831376089884856 48.05489917464881 58.884530410663864 72.27868141073282 99.9500245675208 83.43653644735929 67.32023301089049 51.97193363790955 38.325708795338834 28.90238707253499 28.293920858771465 36.93851501998696 50.26998887436311 65.48587348551307 97.0096721981784 79.9073014479457 62.91414689431367 46.151009352546566 30.005902405476746 16.41662036396536 15.40679717808887 28.353943367792223 44.37606944988907 61.10022671994436 96.06682337765898 78.76527493547655 61.46394162272991 44.16307627756981 26.863583066099697 9.572903757740768 7.768042218953185 25.055100794663264 42.35430644103313 59.65509261350345 97.1796489796293 80.11262910744014 63.173531491405384 46.50235898959635 30.54105882299563 17.371117649865877 16.415473027936514 28.911803005111558 44.73286848868752 61.35861199031646 100.27972023626063 83.82939925459213 67.80430448587938 52.59457075632824 39.16201831038328 29.997468595922644 29.406499368824687 37.79346407833255 50.898519505738214 65.96728194787407 105.19144520859953 89.62122694621432 74.81572893837529 61.33128954287859 50.24306579757713 43.427054331715176 42.966931919998686 49.04192321684964 59.6889272013669 72.93237025796672
51.94691855772151 50.99106934940199 59.75298943274123 82.24124414427278 68.46146251853258 15.486332938338636 57.99389273441843 89.6106252879887 41.615129240270406 101.3197852125313 50.8110893151635 7.395866727128269 71.86871070247665 45.466896420928165 0.0 84.45038218492716 57.29332264223013 58.538783375517234 65.39828970497322 78.60046017326742 16.371724104234037 10.128235977895098 52.22542034760409 51.846580863835904 79.23068823095322 30.509933396977623 62.41133975094092 88.46757353817789 37.317170602769245 97.38942947720368 48.20895534590743 38.59225738018427 73.35313756168254 35.764603416018794 16.825023130477174 94.28203297403105 58.67270424418922 11.100832109946337 69.77028631225656 70.04368983923382 145.70917114326514 129.94788584329063 114.63176387002318 99.96563066513575 86.2815803900699 74.12551982509262 64.36903012146588 58.23099830101859 56.89485093154397 60.678634930017 140.74029943258972 124.37704021745851 108.30590429284123 92.67898466758821 77.76454215457555 64.06214449583493 52.52901314389748 44.870264207279305 43.19824674624828 48.14084500339596 137.03096351891605 120.18329826723362 103.4856261065162 87.02432905732947 70.96409158287074 55.65321329154521 41.9209662869827 31.87732875443308 29.557912171808407 36.467597463427616 134.68532427998818 117.5142498723633 100.38811533802705 83.33463212026581 66.40979258811898 49.74507638029801 33.72828380003752 19.983344656373294 16.11779857079377 26.813154037473513 133.77516911107458 116.47479758866085 99.17496995781629 81.87603098062843 64.5786948020833 47.28472042567278 29.99992232191122 12.761641081820756 4.943401367028564 22.016551529330396 134.32969274153854 117.10835721129756 99.91486971686211 82.76658708373532 65.69891604590286 48.79651715960045 32.319738387004 17.5141022352863 12.947391630105562 25.044740129438903 136.33101586591962 119.38828821284321 102.56554564746382 85.93328378377491 69.62813860930372 53.947534021913924 39.639695817102165 28.82680798355362 26.255943121782472 33.85963018932356 139.7169520948223 123.22320733100784 106.98503087266388 91.13912837308227 75.93148552820399 61.83482960890841 49.80168366110659 41.66023431015517 39.870395467157806 45.19322550209907 144.39008063672784 128.4738897384531 112.96585718849686 98.05982370068755 84.07658857610923 71.55917871135361 61.410576924660624 54.95908885627353 53.55785215095307 57.576776529911356 150.23026621019144 134.97514188486286 120.27525263526553 106.36106099188869 93.58368246685643 82.47319190650498 73.78645250529688 68.45250320157854 67.2736296564257 70.45870230932982
