0.0 17.313078212286737 32.68111648625673 60.2274192348009 27.183201654156324 27.45498866666509 48.569147897292 46.965292912769584 21.390912549063334 32.65100108452949 58.086180390779205 38.38587501976912 16.4986943852264 73.30667478999642 20.382809231493148 24.4248327384242 28.94046431064381 26.055747568837866 19.297116296663166 5.176789696072695 14.444847907941153 37.78349686181212 45.01989683290564 41.53081191560188 39.971424804190555 17.865067794547663 26.347843624209958 55.13300370838115 32.02170031397424 61.74098582971361 19.555837137659687 24.374734182909865 20.24131705665002 54.802444227854885 10.523779833578626 18.064189738810914 28.91910281016243 18.269703582571054 15.326163332833897 4.9791461865507 82.52242507376246 67.92968117376915 54.933033846396754 44.93929805613617 40.251068197929044 42.655153867837086 51.16132808094716 63.35776597674712 77.52184986862625 92.7565285212778 76.57490726735742 60.60146374845494 45.60776947630081 32.95921885454653 26.291858458152955 29.91527666028625 41.198252110119554 55.66307949583239 71.40147830196828 87.73069036034899 72.9189715160993 55.93298127460687 39.224141295398 23.394037814473233 12.43951884051044 18.997766487653408 34.14383564966853 50.68925697851611 67.6144430724458 84.69201809937935 71.90506511855025 54.610734440668196 37.323448790750575 20.061428916292993 3.2550910482309043 14.745978853309751 31.98446113339204 49.26744566836845 66.56027522793734 83.85685935683469 73.64240942704026 56.868631624288284 40.54121886192793 25.531391623154754 16.088065671279118 21.55254331398112 35.62177363615385 51.69160239426249 68.36552586346116 85.28998102041987 77.94723233547495 62.3187101708043 47.855840457173436 35.99236744587686 29.99047820367748 33.19813656605267 43.629267471153064 57.47711639151621 72.81781414764853 88.88171029888679 84.4276540406511 70.22153627763747 57.730439911350835 48.30369936616578 43.95901724994629 46.154600721574106 54.09993792047372 65.7424029314433 79.47344177926043 94.38589141358165 92.62808789497257 79.85207482674761 69.07562655128756 61.36145088969874 57.94575281940412 59.572561024978455 65.86931703805548 75.67919773381901 87.83286488879646 101.4917754379842 102.13496959179292 90.66129314289522 81.27777277881955 74.77546947061565 71.93993004300447 73.19852763624249 78.35421861692872 86.71465225245302 97.45853717531293 109.88899050331544 112.61780670604587 102.27603081029027 94.00361655793118 88.3835433259502 85.93776174250829 86.93459848362377 91.26131322405409 98.47998541148691 108.01233780834089 119.30507142282185
17.313078212286737 0.0 29.97940086161822 44.5013697381745 18.853472005568808 38.14255929761788 47.210773186845174 44.63213661865987 21.91904281834337 15.340398373196368 55.78578046976889 26.43181342357029 14.02817799420385 78.13881017473568 14.937438559650685 25.394018982482056 12.011434562334179 37.978493629543586 17.356287999326963 21.887232636745125 22.88560455690203 39.34515637647204 39.715285943823744 25.475793384280138 43.60807722018098 16.09392137861863 20.26783262449771 53.78677901602761 25.884544798711087 63.31852621165023 6.219221976441281 13.991054222309037 17.958285315719884 60.21234990834214 13.225186657006363 7.849469447879332 11.784244888174754 29.049207610184244 2.013221148947114 18.96219016107631 89.40413414652133 76.89580967139423 66.56973366230255 59.571728926360734 57.13798987868308 59.828140872142114 67.02805789926566 77.49072334043056 90.08641081875476 104.04329952745513 81.00654604285874 66.99607978860743 54.89620545181425 46.23220197899044 43.127069081672545 46.703063457126234 55.687634587153575 67.96876941940513 82.07983337928708 97.22730552304103 74.37124985049711 58.840584028717764 44.63244662082632 33.475449092533545 29.11813061708995 34.2612727059784 45.809535277407655 60.18223720743275 75.78917644525549 92.00438193433745 70.00129152285574 53.237196311203675 36.972013891609485 22.324270094577475 15.117167170138943 23.60925528658575 38.53540723884822 54.875046887174776 71.66781993745757 88.65661025662133 68.33274128742691 51.03369382265327 33.737603305484306 16.453797333644797 1.3937771986648386 18.21733738357002 35.503714539448474 52.8002813357542 70.09949550785245 87.39978506872788 69.56029217426664 52.65865658528595 36.13788538944343 20.920616351868922 12.96573938264168 22.29935846638258 37.750829916181345 54.329565724157774 71.25300727159154 88.32323114420304 73.5390409724729 57.790010283858614 43.244537948028906 31.610201966980473 26.963488401973237 32.4586595160403 44.48381144536261 59.18415680024213 75.00286250452086 91.36084710520423 79.85877729210895 65.61008561697044 53.20383173064318 44.21897148487474 40.97185033422275 44.73000058947495 54.05144528990435 66.64120253502485 80.9891743677582 96.3127624259916 88.01659906362936 75.28555283764226 64.71171425747264 57.49779299381011 54.98258976488071 57.78298102784762 65.21778405271978 75.93776766515357 88.76051205295157 102.90292115505375 97.55236139757386 86.19373067754435 77.07752850574512 71.07194799574103 68.99411846225897 71.18879948451013 77.29289851482577 86.48253782415917 97.89257752634154 110.83940778923498
32.68111648625673 29.97940086161822 0.0 43.44480352938387 12.658209545559618 60.13557048503566 17.25131572549496 14.876609544118953 11.350694109702927 35.030418852080444 26.170548499853258 18.8931726754273 17.510267329956875 49.83029360591023 15.14456895811357 8.98432412902865 29.957889288505765 58.64521974074518 13.9805474479284 32.44015189615529 20.733952002497553 67.68796626345608 12.660873036552411 31.56210460490094 71.04007893273975 15.53442643555694 10.03609497814145 23.871947201224692 55.83560457908361 33.63768808211601 24.184424334674624 17.354328066592213 13.081509943261453 33.335238757957676 38.367384829353504 22.129988879533467 35.790682614313184 50.905007545911666 29.490163584085163 28.814147993452135 115.05399955906036 100.60941747436003 87.21114232725522 75.41888489926066 66.09787776566299 60.40320424678268 59.38738177451459 63.2761529915139 71.271160740641 82.18261106576985 108.38274504398417 92.94341399840974 78.28691153327783 64.94541060565847 53.90432014063539 46.82038691434963 45.57768161901235 50.608349337827356 60.36380135120706 72.97311514702857 103.2135979726465 86.88909515413712 71.02880876155713 56.028361199687566 42.80153748062818 33.51827456921527 31.838445579695726 38.763478574720054 50.8943679882036 65.39552646776973 99.78036183540422 82.80084802862874 65.98903215805552 49.51602165695752 33.879677404220836 21.03665339405862 18.329242640260244 28.77661533688551 43.80568626855637 60.07074840041047 98.26520643502963 80.9770638888511 63.696408831785874 46.43160197260075 29.210757728754118 12.221154368753135 6.645178913543375 23.187792761547072 40.372052278563096 57.62677345543232 98.75647655388195 81.5698011575083 64.44483174429126 47.448427733432766 30.79420933161506 15.618144592448123 11.759363538562713 25.126716843319567 41.51065219898364 58.42627551716742 101.22495651031215 84.5282308376597 68.13415083971915 52.32794594574978 37.853349354498675 26.94900558544346 24.866291661460448 33.3035543779123 46.88956943350619 62.344586158964596 105.53195825353633 89.61833450786565 74.3276798824581 60.13708143267308 48.03165185260946 39.95393655389563 38.52662667139616 44.3958481084834 55.28461038934498 68.85122665930285 111.46450601768157 96.50332624883379 82.46301072223501 69.90067655578208 59.75584753044351 53.42394903903101 52.308466174989256 56.71801496933964 65.54686183417694 77.29520849430008 118.77920303967625 104.83006125597974 92.02649961611735 80.914175156525 72.27740360813885 67.07931592594907 66.13575734571772 69.61992815390941 76.93258486743606 87.11488422855604
60.2274192348009 44.5013697381745 43.44480352938387 0.0 36.60485007335807 82.21649379583097 50.61556010591422 47.33495546841472 48.25692817216993 31.717351460831335 52.610190239462916 25.20665069314721 46.30085376409539 85.34347340752562 42.58702838718574 48.988873085775246 32.7467539685959 82.32636069642207 45.84679393188272 63.49699137290555 57.11506075824753 78.0354344749828 38.93126586084268 19.029396838139917 83.45924232384883 46.369343652548764 39.401727351246876 53.86760461242045 60.34386942052983 66.65115453083965 40.70810033345084 36.91484319911286 45.29257674095286 73.10773539727658 57.618607762912575 42.24299254970954 36.59716067523519 73.40627353706559 46.10954633525609 59.62612308675931 129.21384753465614 118.91992328569648 110.39176990246305 104.064415240825 100.35500548839534 99.55660040421766 101.73775696317936 106.71593437686312 114.12569849789176 123.53025707990753 118.55711338920862 107.30147032634596 97.82688578157328 90.69328133024368 86.48190923452843 85.62504085367162 88.22047533044748 93.98262905293078 102.37819352446681 112.8207964155663 108.69203661996407 96.34332962189549 85.72516510909877 77.55165463175385 72.65261710623909 71.70240471527961 74.85155539373052 81.62698255474187 91.22423828174843 102.85644098318761 99.85369035829548 86.29759532261029 74.31344251171001 64.77960957669336 58.89826139692627 57.79541395364948 61.72772353172111 69.84991861491167 80.90987398461155 93.87492522089173 92.33751901409256 77.51996622972486 63.96231046082094 52.6470645291984 45.28745849067403 43.91922857430241 49.04638243137497 58.99915990613034 71.7980386816813 86.18422185163054 86.48903555627729 70.48594431712826 55.271083773008456 41.71602014854621 32.00420680326388 30.116796803279644 37.262352673854735 49.685548043546895 64.40134876254393 80.15686521353207 82.6630629387301 65.75758050975546 49.12890400342578 33.195653581129264 19.722221447239157 16.57386542099426 27.55235752558268 42.92183814191825 59.36453796477301 76.18874549477002 81.14624309259159 63.84925624157407 46.55594340795302 29.272816742667608 12.043808489758899 5.6499942716157365 22.74873924075105 40.02251151865736 57.313273409581434 74.60921376763118 82.06673626031629 65.00981670481954 48.12812277852838 31.702823265560113 17.10364494691874 13.368365815578931 25.760524166537653 41.799627662619 58.56215507277614 75.56822088302036 85.34570361893395 69.08475585678399 53.481100240471115 39.3250924944207 28.834145420408166 26.740665852718273 34.60388278882938 47.73368227528722 62.914945511348876 78.97332802548223
27.183201654156324 18.853472005568808 12.658209545559618 36.60485007335807 0.0 53.67319098956479 29.190119957057632 26.32570710899259 11.790707447426806 22.415626352288538 37.24306022415101 11.954449302146214 10.87550382431392 62.4808598509794 6.867822805236357 13.298313120549299 17.30362845739683 52.74591577895286 9.40033044823082 28.944923451178155 20.61941995536085 57.98091196089171 20.868640085222616 21.05068143941727 61.93692135821676 10.225347470957121 3.285821326221959 35.57076502250767 44.53976458199921 46.12941200123549 12.661861734211318 5.018250711793549 8.747642113475818 45.71857842698969 29.688728580639832 11.440140683244618 23.180783967041883 44.23522414721996 18.913423955250725 24.926429400691834 107.19356497729842 93.76316188064347 81.80033435016551 72.03993958060731 65.47446151807087 63.10904332094269 65.4010061715107 71.90636890504615 81.62385797853591 93.55787788600416 99.4381038860517 84.83126321684541 71.43844660295954 60.07713214637903 52.09389293198597 49.16286479423376 52.14309723126185 60.162443626003174 71.54605773360493 84.95209739139905 93.1855413096719 77.44330604614503 62.530742036008085 49.2080202198108 39.13403013471344 35.21679828606606 39.34057644190197 49.5363153085207 62.91835678209745 77.8607745410527 88.75417394948427 72.07575860123119 55.77847203145991 40.327066421521174 27.203272045464136 21.27146242328384 27.634102068077517 40.908721080277694 56.41023580477637 72.72838047457792 86.42466589843698 69.2004529060092 52.02783706428465 34.98288606212057 18.423412966741108 7.331801546244523 19.152070983244773 35.756980751224866 52.81131377271307 69.9872945098776 86.3672934957213 69.12911526378998 51.9333530268868 34.84286331752514 18.157380862964217 6.63846545025855 18.898713060916755 35.622561323911505 52.720828742380355 69.91936841375139 88.58647224854202 71.87009672608389 55.513692581368936 39.96174229549152 26.661266910341734 20.577098482455625 27.105761995813 40.55538444533652 56.15574417941863 72.5321137417632 92.91920343993795 77.1240937136364 62.13679295369784 48.708767078386565 38.507332891449174 34.52235691506797 38.723110825301696 49.049701746767866 62.53778789894959 77.55504067075596 99.08856673742456 84.42315120322753 70.95558408640524 59.50481846199976 51.435921112688284 48.46840821288027 51.49195337301082 59.601660908988535 71.07739976541902 84.55966878427672 106.77660423729489 93.28837984821669 81.25819876297787 71.42662225907252 64.80219377766562 62.41458739387594 64.73431524969143 71.30341416957826 81.09572506337916 93.09968219341354
27.45498866666509 38.14255929761788 60.13557048503566 82.21649379583097 53.67319098956479 0.0 75.74843241483403 74.30652694339926 48.82918647052982 50.94638369641254 85.32365875976664 63.80590682395552 43.548784041504426 97.12928715564897 47.180443290197864 51.76391068488634 49.49332635960169 3.112343254198887 46.620236446210235 28.528630453289995 40.875796915124965 20.937884245691006 72.43827115082625 63.264300486000394 18.947986612431535 45.134838668918 53.357237730190306 82.22244661957735 30.524990661293682 87.7727254233314 43.24403368032354 49.971175051232066 47.56695970046159 78.92655087258876 24.952008176099177 42.9584679924429 46.113563223466414 9.437973926414195 36.86551149396708 31.58786627514343 55.3700009617697 40.474862829245694 28.448247957625053 24.064535710595802 30.78330265544457 43.758797310695876 58.99799774607181 75.13591624671616 91.69928494041132 108.49342184213442 50.81621355435752 34.01288459809484 18.17080625095522 10.109065406137955 21.746754456971907 37.97844886098676 54.86817792496457 71.95404395974573 89.12331377335009 106.33559515109542 50.00819415712442 32.799097396039585 15.794163949493738 4.673751968539009 19.82286098914208 36.915595564168996 54.14138982008352 71.4040090273092 88.68195101835119 105.96772095970871 53.11717175289032 37.34874953020812 23.814621769436258 18.38627995797347 26.602374583651347 40.939337298042936 56.94808429982273 73.54489264737282 90.40647170225076 107.40819791237101 59.532565470858955 45.98169931379405 35.82199670151957 32.41639522345265 37.64489828109696 48.807402200876126 62.81636019578253 78.15584535055008 94.17794684599548 110.58636279898887 68.3292502703623 56.86768213840624 48.96614238071009 46.477262464101514 50.2124660950507 59.00127604703967 70.99093179804059 84.83499996056253 99.76444776180354 115.35864013584852 78.71275749902837 68.94753747986937 62.53417663249403 60.54732992419011 63.40450036169088 70.51934318002203 80.7745037128554 93.13838482810958 106.88167568462423 121.53732782919745 90.13622947263627 81.69323077966071 76.3001591127231 74.6212492524597 76.90015366304407 82.81076415985889 91.65313918117234 102.67258356569252 115.24628906405098 128.92028972184923 102.25157206180413 94.83653821813914 90.1733269884604 88.69703346979053 90.56364347695605 95.57749850503667 103.28125603401121 113.12670949729352 124.60723045166631 137.31331430116595 114.83987713376737 108.23255015007933 104.11068204099892 102.77375632769593 104.32889118608945 108.65197538066117 115.43243756949964 124.26868150379178 134.75690865925702 146.54284468363068
48.569147897292 47.210773186845174 17.25131572549496 50.61556010591422 29.190119957057632 75.74843241483403 0.0 3.399432680963631 27.47320082322031 50.782858094861936 9.606089068741996 30.664311698351515 34.549399057654284 35.47847877787299 32.39398709336685 24.190599232212893 46.037744098601955 73.9550363499974 30.951204601283266 47.32488960301014 34.96744363778992 84.69260613366525 11.873388431894346 44.27155605747563 87.82635094451591 32.48831470193068 27.058277397672594 6.665925243348059 73.08068650905125 17.49005330173665 41.331066189922325 34.1483959157272 30.104602619669876 22.841849909205507 55.27002847503816 39.36432401699067 52.22845996599587 66.7958688302484 46.741324461974244 44.17039583351603 131.0438781207037 116.03987957018195 101.76789471005088 88.58244872796762 77.043436695808 67.99431696722196 62.525660561855005 61.5985746961994 65.40646502893172 73.21422005007429 124.97221686237897 109.16928823334403 93.8962964838327 79.4594109457934 66.40620435672044 55.717793039843116 48.967983831149986 47.853494281139504 52.73284445698371 62.21134421680666 120.24388836076498 103.74865836169565 87.56531023309984 71.9047357368681 57.19795894521325 44.403040601430234 35.64213157096277 34.173104809861876 40.79152685215204 52.52432060147408 117.02191121577007 100.01410933249304 83.12778170427602 66.45559254989149 50.21130486125028 34.99594484003887 22.95580186607359 20.686546064656383 30.456677454395567 45.011075078612514 115.43253868862408 98.15833266982784 80.895976306262 63.65511069957466 46.45966723320308 29.389482239086874 12.949752073374809 8.388320264644626 23.911193625222385 40.888138499113424 115.54318600063938 98.28783245749315 81.0523379736021 63.852785973461366 46.72888149695149 29.811268995858345 13.8761830536334 9.751843771410197 24.420519272854225 41.18662853375864 117.34904289221475 100.39492472526067 83.58346279333584 67.02209257843678 50.95525325076686 36.05032695191692 24.526019083669965 22.408401329037147 31.64583049051329 45.82021414195188 120.77406622688477 104.35986283159662 88.28530046977099 72.77578580537626 58.28415849987432 45.78732004059017 37.34463325635717 35.937056108405805 42.27327503951373 53.6776953259395 125.6859091686933 109.98184641171915 94.83547310034389 80.56195763530569 67.71552790923151 57.26480650775276 50.71316447649147 49.6295645825902 54.34210110675338 63.57464799178264 131.9185301519088 117.02222152575602 102.88146603402141 89.85369088413209 78.49502830041548 69.62720129967244 64.28933694307992 63.37968538332052 67.07864179432255 74.70473774490098
46.965292912769584 44.63213661865987 14.876609544118953 47.33495546841472 26.32570710899259 74.30652694339926 3.399432680963631 0.0 25.649448042387423 47.64266966156236 11.298401327526795 27.300853739284978 32.36766984072036 38.8776785445331 29.957500417396005 22.549973508960317 42.96933107254058 72.62113278639958 28.807137176139545 46.05117182163776 33.77483318908298 82.55595652698334 8.497596433634055 40.90087641053071 85.8459776176236 30.35815651344442 24.383830233395063 9.246985775022527 70.5163434325936 20.821549495700264 38.65781396083917 31.32228392128985 27.926135396794994 25.922275293047626 53.20030334318337 36.80843818222125 49.2229852367328 65.2329338006082 44.26050315646344 42.73193922216734 129.4870033495109 114.70391103581984 100.72628402193216 87.93904306326246 76.93802839576215 68.5881844697288 63.936779723387815 63.79795036815308 68.19925995344752 76.35963306843381 123.11826125326802 107.49688650030545 92.47570788961114 78.40047245814175 65.88029450047556 55.96868691802206 50.234213613601845 50.13142836275404 55.69152172698888 65.4876527678333 118.08731695510315 101.72339351167942 85.72858640566103 70.3550967917925 56.11591699409025 44.12323666436039 36.65284798771363 36.5883847107074 43.9624374224667 55.905181251208745 114.57061547610772 97.63815378397886 80.86225014685012 64.36543485479663 48.43372988015992 33.8740971396279 23.404999569238786 23.384713672645344 33.83204018636156 48.38471177636688 112.7100372038034 95.45822725097896 78.22855687844172 61.039776954414855 43.93990131975435 27.097763437680065 11.686570782402196 11.729296141484784 27.15308706744276 43.99678607128594 112.5877442243255 95.31446402302399 78.05387488058493 60.81678341676019 43.63104784280792 26.596408704527914 10.477738568673626 10.53140467687897 26.65992109595298 43.69560310414504 114.20932236152781 97.21589980052713 80.35424511979843 63.729035129810725 47.588725592132455 32.660302563311625 21.619796454415717 21.606654278365557 32.63420130247421 47.558872519810286 117.50257322198235 101.04711903352464 84.92875750305792 69.38281827705181 54.89776979319011 42.57068028246061 34.77741431544469 34.71861616725593 42.42645526101783 54.711369373951456 122.33251987727209 106.60020370254294 91.43666632414416 77.17789176312081 64.42742052315516 54.25919796194085 48.33147133854276 48.23384900834748 53.99796078287738 64.06057958940926 128.52596952135892 113.62290318215902 99.49923875020902 86.53743695616069 75.33958174288475 66.7987444414639 62.02247206014966 61.88858474543879 66.425160165279 74.78704422501605
21.390912549063334 21.91904281834337 11.350694109702927 48.25692817216993 11.790707447426806 48.82918647052982 27.47320082322031 25.649448042387423 0.0 31.408969919156245 36.864289836096496 23.20141534689962 7.923557612090944 56.254678989639565 8.121834964766093 3.5565329903929532 26.120332739741077 47.3024739488761 4.661058472216866 21.139133610543794 10.020338348393878 57.33657262288274 23.9119550215047 32.656854424503564 60.3598378631696 5.826002593848022 8.855881395366291 34.117477993738135 46.96304469478217 42.13198017077658 17.356072111871786 13.628319302241142 4.346207195193348 38.29953640988818 27.89440210264034 14.639981612486233 30.625750600527386 39.65100546992574 20.86399029439504 17.4667525089979 103.87315517150255 89.29558656715274 75.87141490093177 64.32683593699042 55.84006132130951 51.93248963136214 53.61487586995719 60.42207174586685 70.8928698653537 83.66284507128316 97.51607304281819 81.84934741897771 66.99218904228087 53.62180210641161 43.14334802042825 38.02769838637668 40.36792984075649 49.10947183169528 61.58422879593835 75.97500113813128 92.88110221432626 76.29463191124036 60.112838502630545 44.776630419507015 31.544424153270377 24.163309855657108 27.773929786647347 39.46679101466963 54.245504834638126 70.18712688992298 90.23407847188565 73.06421771874588 55.97574488231052 39.07558355947331 22.7866530454002 10.501190152967208 17.321418630332264 32.99244160752415 49.7562455798373 66.7950586217696 89.75110437268398 72.46964699949434 55.2010168811007 37.962722788906994 20.830216195511706 5.033986523777021 14.679838631844715 31.691762850272923 48.90758153112791 66.16833652324584 91.46647389171478 74.5740006514448 57.92373724444532 41.80608969784171 27.185491931682943 18.14014453112582 22.7550159735781 36.12794896763018 51.878499183648195 68.38304391262685 95.26148122620651 79.16230790327472 63.69694509548689 49.46351454651711 37.8772539004558 31.96000766247487 34.74055917153876 44.62151329042686 58.08580790586324 73.18163257765138 100.90169714417807 85.83710093991637 71.78834608153579 59.479649400944446 50.20751016674253 45.852620274946204 47.77902070685494 55.33452970802506 66.63099024407724 80.10100416511715 108.09860349555765 94.15559741421444 81.51037403828931 70.8611440239013 63.22466681802242 59.76714282664154 61.20098311857373 67.21387813003649 76.73686595975559 88.6458340057864 116.5641243350409 103.7229745070531 92.34935178953133 83.04840208365323 76.5790988398478 73.6910214859509 74.80014635226975 79.7398527658177 87.86645162872247 98.39344237340308
32.65100108452949 15.340398373196368 35.030418852080444 31.717351460831335 22.415626352288538 50.94638369641254 50.782858094861936 47.64266966156236 31.408969919156245 0.0 57.78086454485099 22.27186701871346 24.927982988999048 84.85303742580722 23.2924418535119 34.21708423750557 5.29841461977806 51.34574199670366 26.961337810667658 37.12718707203887 35.95508532275889 46.732132806533194 40.62144967837985 13.702542573633101 51.980604626717366 26.373757106858996 25.401376532248594 56.77487064654482 29.59064074322665 68.10384264808455 15.179443138882615 18.25756576797124 27.079717135288522 68.09280608955817 27.178059489647733 17.946862896436684 4.889804930133678 42.53882182303163 17.325838322694217 33.95951931729636 97.98638028292534 87.23849151111392 78.85725085766023 73.65504433765847 72.32117969169711 75.06216383589073 81.467734591447 90.76531854708574 102.16840144484843 115.05263746403426 87.97021617309211 75.87163048260105 66.12825886240837 59.90063320219855 58.32599785489409 61.76127527373921 69.4671515967448 80.22226691001923 92.97438354098419 107.0119470457975 79.22457311452551 65.58176836162025 54.07501910849412 46.32441079765588 44.34521816395423 48.84413686797148 58.341280692282645 70.85452951807567 85.06308051946348 100.24866570335932 72.21269781929675 56.95583619901239 43.26626806302678 33.14636859930398 30.39905713703052 36.7182886666567 48.6936535358027 63.18718375545547 78.8218092369068 95.03601504622887 67.47737619585018 50.84797159185352 34.87905463012093 21.125648130863915 16.57558102118601 26.49375555891583 41.566820917901005 57.89986562154142 74.67061401187482 91.63906958795269 65.5141979498657 48.22472974329874 30.949193305202392 13.74023854598762 4.295267859845747 21.13807177356369 38.39141065720572 55.67491650487725 72.96715579648678 90.26310931859294 66.56890380177774 49.641676242905085 33.10416885496845 18.060699861818566 12.45811671047626 24.144013191656168 40.117016122550275 56.872924144085566 73.88096458055925 90.99987506873798 70.50617542420099 54.78620828949246 40.381267506728136 29.29974766314709 26.172771381478263 33.32060940986307 46.197644551242796 61.293490793628095 77.31928586160701 93.79958539061369 76.88438005302514 62.74802532258944 50.61745970059222 42.25689920255617 40.09824925063405 45.04219593678507 55.21263438478441 68.31380779598945 82.96881000907157 98.48642694167528 85.15671974725582 72.60606617226075 62.37238214677199 55.74662812462113 54.07178860484033 57.7800084949294 65.96968791383752 77.2280347290306 90.41591815285928 104.80747323108713
58.086180390779205 55.78578046976889 26.170548499853258 52.610190239462916 37.24306022415101 85.32365875976664 9.606089068741996 11.298401327526795 36.864289836096496 57.78086454485099 0.0 36.33902130591082 43.66607113709132 33.08522998603735 41.21238970207539 33.668841890998465 53.36254647958043 83.55001792960775 40.10394718590048 56.92316317109358 44.569902765815016 93.85415066261805 17.172382826147977 49.5867082369313 97.13118084364997 41.65438175371408 35.51816478470386 3.975204832465342 81.65431645902981 14.513627144751624 49.74326135497426 42.26115172266846 39.22430590989221 25.595687961153466 64.49510428405715 47.99121313633647 59.74975423860699 76.33416583068296 55.47719358968274 53.738045683143866 140.59191983593942 125.6373616167037 111.3647026893908 98.07211141378438 86.21410981267462 76.46108870838785 69.70233213128807 66.8522534041386 68.40119975971436 74.07372094451938 134.37290004310412 118.67001556002128 103.47834900557898 89.05989347719003 75.85684104375262 64.61854094703281 56.52920598541414 53.04946954423686 55.06034056311112 62.03011995244143 129.38388612641583 113.01644779659833 96.9739707724177 81.44869915382594 66.80221727015594 53.757677801480625 43.77151659656103 39.25187205659827 42.00213455277357 50.8562209200749 125.77141152577573 108.88158742351078 92.14479170336972 75.66264356915717 59.64661818910864 44.60171439190956 31.931445752146484 25.468254058774743 29.60332984056122 41.26490938261385 123.65623067159557 106.44263050433102 89.26318803622944 72.14230959054977 55.13457964564041 38.390674093247846 22.50730519111316 11.748474862886264 19.18821203891045 34.59857288824551 123.11557104036568 105.81694353605968 88.51960701208876 71.22450204374901 53.93377547261066 36.65362412675621 19.412309653065876 2.983446003112556 15.481528141190566 32.6981353698539 124.17000932551137 107.03633886956148 89.96708731867865 73.00745237276715 56.25665954088396 39.97809053525934 25.107688910376826 16.163437178889392 22.154676704859984 36.319623315780056 126.77973732362268 110.03947818815004 93.50390873264504 77.30449120898687 61.706539349017646 47.30876092682467 35.598454280295954 29.9180590717159 33.490891222309 44.12367341772409 130.8516953801598 114.68628053606767 98.90613700470676 83.72938054328883 69.55212887008011 57.123483174496506 47.826668974412016 43.70803628686172 46.17465584732209 54.3369992257802 136.2547956614628 120.78713257169642 105.8885773807831 91.83652658821957 79.08351145165835 68.36046608444596 60.75197309812643 57.50781268471618 59.34805958697191 65.847803351031
38.38587501976912 26.43181342357029 18.8931726754273 25.20665069314721 11.954449302146214 63.80590682395552 30.664311698351515 27.300853739284978 23.20141534689962 22.27186701871346 36.33902130591082 0.0 22.605480739327547 66.01416525888736 18.619331419273664 23.782686633860855 18.852669352295926 63.19396114381275 21.34910677492739 40.6292285897842 32.51599108210199 65.35106626622492 19.325292630248637 13.614741781706394 69.89111077063241 22.158473220806137 14.381768421460718 35.929731391026486 49.91844621135927 48.11746053614099 20.67285727578166 14.046324826257674 20.66445624895198 51.13370668933989 39.04738019270849 20.888269101723623 25.32650970259342 54.431639286071025 27.267398707839778 36.61660537579401 115.81411274294699 103.23313133149392 92.19509792339498 83.3155372113784 77.34149846025734 74.97080772632795 76.53902679090501 81.81998054812686 90.16363898657531 100.81240180119077 107.10871040888733 93.4094826697286 81.0992130761207 70.9050673271104 63.84880645864607 61.0287383314815 63.016180629595794 69.39932595189529 79.12135720832161 91.1197409599547 99.64739149702085 84.79222311111133 71.05309478446166 59.2120441073153 50.61909488563273 47.087387669876954 49.70768651829767 57.647106009735566 69.09577609645135 82.60730251052199 93.72785665666294 77.78348361625547 62.564668475282126 48.75564959459741 37.92884392476781 33.14799004022282 36.846838319197346 47.06695181014717 60.59384968290251 75.67456305872935 89.65610768536305 72.84912785595098 56.34256834390137 40.505387048781124 26.5631238101414 19.21521551656491 25.130882641938033 38.63430873708895 54.33571712071497 70.78730318796829 87.68998173509567 70.42660757614718 53.188294590929345 36.01105076397249 19.06070149779861 5.3421320538918176 17.10204306522611 33.98727479452758 51.15176720057533 68.38556277718158 87.97080112053742 70.77436094029063 53.6457986717055 36.68032845618242 20.291242152630918 8.759894546087768 18.451293416456252 34.68253071706992 51.614134469702854 68.73043757377496 90.47764254073276 73.85326033519429 57.629119444288065 42.26863893172233 29.169699172681266 22.66750859712313 27.84729117304519 40.4454989936502 55.63197134280268 71.7823457791877 95.03447982059085 79.34596630634378 64.48813384467827 51.18948591219253 40.99651878810214 36.602905092303686 39.96921056682875 49.5379647254953 62.52350860730351 77.22095137661876 101.36515888724517 86.79535151763719 73.42119384745352 62.02105625710946 53.8632730628906 50.54299163585764 52.97770167395789 60.47628294194233 71.4620582886768 84.58706640862
16.4986943852264 14.02817799420385 17.510267329956875 46.30085376409539 10.87550382431392 43.548784041504426 34.549399057654284 32.36766984072036 7.923557612090944 24.927982988999048 43.66607113709132 22.605480739327547 0.0 64.17810703372135 4.013223411336844 11.449255761867233 19.788893436578352 42.397029388791765 3.6110760818008845 18.076268235824838 11.453174592008276 50.18942648169024 29.11495007858751 28.892606122810978 53.54670957009443 2.1339197942352057 9.860771379552112 41.21344612214082 39.12186289432673 49.853445330917914 10.021781834761585 9.411179023839301 4.447238071197943 46.18859525881143 20.8643438001758 7.182314716617554 23.453682246081236 34.15254758484181 12.940797169239852 14.056952985525385 97.9182575959748 83.91763304531744 71.37963856862257 61.20977184792402 54.74412515125476 53.34699625090446 57.38975937350549 65.87842328395098 77.36309539530127 90.71289933086805 90.93571158690216 75.6936184867415 61.550387173579026 49.45788599166705 41.26040300770136 39.464734511365734 44.846579890326495 55.35044922802935 68.66465448562307 83.45479833653647 85.72764152465 69.38054762829 53.63583435106337 39.225699910124554 28.270458255144003 25.66110979883256 33.4137213117478 46.61728710806625 61.87549282490981 77.99161645251554 82.63033915449222 65.53313486023211 48.581102892869026 32.00575463621148 16.95069553897203 12.206424806504344 24.685633711532212 40.846997378036484 57.673970348283056 74.7182005573553 81.88372470038422 64.5935401584421 47.311944139855555 30.05375608950006 12.913172367143712 5.383804861097978 22.134458603806408 39.3649174937161 56.638968648736494 73.92606021288434 83.55085003469542 66.68480437679347 50.11680327033727 34.28173051854463 20.916318192124738 17.275992826809727 27.534337320176295 42.62079043419789 58.93756073050219 75.69314760608115 87.49382562389408 71.54160294232281 56.390968946099875 42.899776267038995 33.15945154648313 30.94215002255689 37.6030991705866 49.69183518935944 64.21271602830049 79.84971078777625 93.42488791456198 78.65322166465013 65.13948657340845 53.83939060290408 46.3994729139484 44.7866724564308 49.57302501954408 59.22691471159795 71.81137709039115 86.05012591228153 100.99430526589423 87.47132579817165 75.50703765632728 65.95520747217239 59.97968663059046 58.6833279780436 62.35863946196391 70.22936427973453 81.0828222077334 93.89026182400313 109.86386370623845 97.53404879359829 86.91605468840513 78.70576989357072 73.71216745045338 72.60204411656528 75.54679181514629 82.11130531847999 91.5199592016466 102.99624831344019
73.30667478999642 78.13881017473568 49.83029360591023 85.34347340752562 62.4808598509794 97.12928715564897 35.47847877787299 38.8776785445331 56.254678989639565 84.85303742580722 33.08522998603735 66.01416525888736 64.17810703372135 0.0 63.50553265158638 52.74947879712344 79.78446552370146 94.59178630036956 60.78253200883561 69.98383171516875 59.038447640529526 111.0761148292344 47.296099148011756 79.62472613649018 112.88639550793422 62.07364502319202 59.674051717214056 31.47594044039907 102.97500347791392 18.706905210796265 73.07890012489896 67.02340682708402 60.20141302220616 18.50423915719283 82.54903898502842 70.58619312226666 85.49679890041246 89.69603793705637 77.11724887853933 68.33053509753879 151.2787341637655 134.73562764028568 118.40957862353089 102.40445436153485 86.89776318044717 72.21132340634418 58.96129425540513 48.34354375139766 42.38475238460674 43.064385019429864 147.94453540060613 130.99845516849348 114.15916381682767 97.4820180112034 81.06714940840094 65.11321921447448 50.062856944341355 37.03454738676958 28.90563060469842 29.97036848267497 145.88242344851784 128.67583342815973 111.49875037555279 94.36728856913265 77.31178149678455 60.396610453646744 43.78472496386672 28.020819328493303 15.872714995756294 17.81663370718977 145.14665639608705 127.84491616256008 110.54323550652067 93.2416475931178 75.9402158115102 58.63907836169926 41.33860479879253 24.04022845779569 6.760068334426409 10.591414705323189 145.75733191205157 128.53464810570367 111.33653705466945 94.17646184244447 77.07983010614775 60.100808775292904 43.37772451310848 27.383562855842452 14.72429311334687 16.80663151744723 147.6977411769537 130.7209512260493 113.84209019620897 97.11223394256318 80.62419322254028 64.5634970765652 49.34916257958134 36.068609766627844 27.663323089769015 28.779929620130428 150.91657467338572 134.33074261366727 117.9507941357763 101.87608546582726 86.27739720900719 71.46710624794692 58.05179419199143 47.23536672517312 41.12243253751627 41.82863341510611 155.3343338917272 139.25331580686728 123.50269540055145 108.22682065994925 93.65827662619944 80.18353935134171 68.451634877843 59.50253594984832 54.7190678293377 55.19510953402953 160.85220432609313 145.3552901321452 130.3133914279108 115.90379840895692 102.39380777534647 90.18860316822894 79.88846786773807 72.3121106149055 68.37109236861278 68.69397418015613 167.36133514247572 152.49507088022068 138.19680737964464 124.66214053796239 112.16782865266585 101.1003218309693 91.97613360695546 85.42027875218423 82.05071408068595 82.25993028574678
20.382809231493148 14.937438559650685 15.14456895811357 42.58702838718574 6.867822805236357 47.180443290197864 32.39398709336685 29.957500417396005 8.121834964766093 23.2924418535119 41.21238970207539 18.619331419273664 4.013223411336844 63.50553265158638 0.0 11.141142958996399 18.009069530053516 46.132010535426375 3.784630059290551 22.08947529422354 14.655520132582176 52.81699615010725 25.95263734788456 25.636366480584154 56.43342834112963 3.8183671173762823 6.232939675749519 39.015249273102434 40.71960403116911 48.38480141745713 9.580123789294221 6.020343302967957 3.7877147180567365 45.88282540312846 23.821389086493223 7.1405519831135615 22.589513769366675 37.75473208367501 14.349759718065506 18.07016599020212 101.21262937826229 87.44726393953574 75.15816174480493 65.18567530537597 58.722167323840594 56.9746547822603 60.35418230823256 68.10169629869581 78.94144942547625 91.78432065309674 93.90807466166709 78.91944367097837 65.08867202756457 53.32444465501015 45.26767172962538 43.05266942421385 47.5037590088532 57.0822777230093 69.70559715466149 84.01225299771012 88.27176713597876 72.15370709886868 56.737284870187466 42.787743716914406 32.26719699627285 29.1592603354213 35.46917529813518 47.58751728176782 62.20764163192636 77.93406845119073 84.6377349146998 67.68068534351667 50.95602671493272 34.80044024905075 20.59944459075286 15.372575787450502 25.43634305889871 40.69903565258271 57.13604773565165 73.96862099291366 83.26859765745478 65.96848261350065 48.669658301104796 31.374259804741794 14.094903893783766 3.4208261553541077 20.57793443778671 37.867061124373386 55.16421710673333 72.4636528069806 84.27483437972052 67.22839661096525 50.356525890011824 33.920714559637524 19.083051130966464 13.282454306712447 24.23627719073877 39.96352661406408 56.61698132629467 73.57033693860515 87.57459006633226 71.30303363533136 55.656504084718215 41.350699502538525 30.34508712955642 27.027362757274712 33.74673944982939 46.32403879769271 61.25112879518817 77.1763891867319 92.92381074504387 77.75106756655403 63.673603876217435 51.59585809037094 43.22780045687792 40.912813535901634 45.582664570522276 55.50140291995256 68.42322384647821 82.95646337450832 99.99405609148691 86.04046297191375 73.52421467488317 63.30369562141924 56.6357173163471 54.83201558850711 58.3454732780681 66.33654672584186 77.43112727939462 90.4948637910107 108.44915534192813 95.69379010493051 84.56993568547365 75.79932035600966 70.26870070473456 68.76433682459137 71.54067463383076 78.14277076643602 87.71093151184925 99.39221688624174
