0.0 32.19171005001868 8.120049220032161 31.540913467868084 12.59681120960215 56.018409477592094 24.903493362800816 8.621216371710103 30.39843442144166 61.44942309914735 20.948348765081462 13.572511343471286 28.039871887562935 52.40564966070607 11.719321176828137 34.76945106017437 7.849151697296212 13.170475515522268 31.52243277972829 37.7804361691166 28.725067747223754 27.010928349914796 15.507439993024725 29.13817479184028 3.4289595812713056 59.42593539585739 8.738925929012474 43.78987977246213 47.27653435614022 21.49730490491325 2.13391979423662 23.467925666764877 38.414798060854736 28.655164422123384 14.848053860047592 19.234158165300244 50.11248915853624 16.004326030952225 48.5181764370809 47.86300961592982 112.14945908496685 98.39367063141486 85.92916478255407 75.3990848300829 67.71201015784813 63.90230308565458 64.6589982401154 69.83381316304198 78.55845315394542 89.80419453628414 104.68832144438375 89.83799838834047 76.03149817811635 63.948517805136056 54.742475258435285 50.0276495468229 51.0636298632478 57.540631942141914 67.91948032461984 80.70866585720896 98.68791625165404 82.80165424874909 67.61383279919652 53.72014643167702 42.4120877458664 36.199772773210874 37.69309244779538 46.1499966987444 58.630900383982066 73.10301000522097 94.42721598480705 77.69862152748823 61.28918102165022 45.54517414384433 31.481316995577103 22.505443925383954 24.91240549027607 36.51673784545138 51.429831741380085 67.49292035095908 92.14792087576164 74.92505057069559 57.74946215178603 40.68108711835312 23.950252899657514 9.538955566706745 14.390344928823215 30.36257030552504 47.28004461148352 64.40211841146117 91.99745377993474 74.74076701433705 57.51127222744324 40.34382282306474 23.375522971119313 7.994969406108994 13.421528410482832 29.917699466695392 46.99695187266742 64.19557349769258 93.98604181202364 77.16432682749925 60.61354854450945 44.636116013665244 30.157504731932093 20.622293368876004 23.233478628930587 35.398046950097566 50.64543987191151 66.90000810904014 97.98350726366125 81.96469468603301 66.59101009954395 52.433024413285736 40.77731531388285 34.27921836023798 35.861513502559845 44.67369989286681 57.48163833451984 72.188960382659 103.75786935673175 88.75699881440183 74.75705055179233 62.43501229032387 52.97496858135313 48.09642623762724 49.18218703611864 55.88569772899353 66.52997282244887 79.5485118704891 111.03216955929145 97.12413564055359 84.47927355002159 73.75020328318824 65.87967970895204 61.96665879704831 62.75584670889865 68.0839237968769 77.01454377340569 88.46329247236982
32.19171005001868 0.0 36.2820186037568 12.989714997158735 20.113909190506114 72.18167482082183 44.72938984443658 38.90602942509277 56.22799053877893 30.07634005158789 18.12550751139653 30.566798123978874 51.990721747557565 78.42278076106555 27.37317540779319 15.755765833235579 35.456986396183495 25.859734250036738 42.244008965403424 60.65001068233283 20.324242762230536 11.285119354127234 40.34771908436248 15.70390281056707 34.946985617777436 74.76755126532777 33.146029322182095 34.61840760929293 65.87965041005482 15.141911938942835 31.74954675295175 53.15096186361283 32.03299759086199 53.81424468532775 22.0899118670146 14.452430162018937 78.47214207074417 16.193306504945042 26.50465609296049 74.38842943574532 127.62421327635369 116.78711077881367 107.65309043136537 100.68672068047638 96.35929000667912 95.03198949514845 96.82827320542015 101.58257313167906 108.90818630076328 118.32850936724795 117.36456550245053 105.53310972926077 95.38718230985417 87.5149880642413 82.56944356236959 81.08781765608505 83.25524981671083 88.80495684101857 97.15907257893764 107.66676226273364 107.97798373946867 95.03538332582607 83.68329970015658 74.65089863720983 68.85717203101575 67.14577475303724 69.81755831181616 76.41413013535987 86.03742542716395 97.7980026261038 99.71149000750754 85.57289215565841 72.81317333098511 62.28560231487724 55.280502961490676 53.20781396078977 56.61191245833046 64.63316103004037 75.82006386168081 88.98661904880252 92.8648187462338 77.52579611486296 63.20861974701485 50.7849997751282 41.97152414268199 39.27858857550304 43.84874282174693 53.86393058925063 66.92264067442811 81.57611596463006 87.77097338878633 71.37457835023946 55.53042020152782 40.885635239397686 29.297666088450818 25.372855095305287 32.06120367838102 44.84161298477441 59.93605089565142 75.97763228034142 84.74669320346301 67.63857693269475 50.66226550729837 34.015675496609816 18.60591811667868 11.576146801021851 22.815502117522513 38.80463986831647 55.585663529889274 72.61160293719861 84.01581238688297 66.72478143508717 49.4413769364672 32.17789021160656 15.003234746198183 3.6730173580045213 20.014960141310073 37.234658205594684 54.50646276543463 71.79277654467742 85.63708132425717 68.74583838615153 52.124688392815514 36.14814285222163 22.250967850478155 16.799855830163114 25.84718531216037 40.652565333795486 56.88494875512605 73.6062223490918 89.4827188921036 73.45988487701979 58.174405036529144 44.394561897177745 34.00296840385205 30.663261471738515 36.37276945029872 48.00448021234215 62.32648628759385 77.86822635012307
8.120049220032161 36.2820186037568 0.0 32.663758295482786 16.26274659537088 47.97931553636256 31.79464062813716 3.2861891437163053 34.94915949662794 66.24149413096092 28.0473883587838 9.472477073457693 33.523892313664795 44.883107051592106 19.765746141186654 35.33273913811725 14.881077637986632 21.107846412599407 24.927299338673215 43.043159773085236 27.858107747179726 28.822640996954686 7.420739009158072 29.56580928563569 5.319983819934886 51.413505891838405 3.7846300592906976 40.70870723368223 53.351602082809436 28.040259247995373 6.571274086108779 17.012960341552734 46.36939976852673 20.709205722164334 22.283930546272252 22.06597417578324 43.256664830911966 20.81084294100635 48.28444584056421 51.22338884697666 104.03736264055436 90.28815529608602 77.96682488411744 67.85570877067728 61.062797821566214 58.75057427580376 61.42712196281861 68.5102129790767 78.82070722210851 91.27132696551097 96.67373330182603 81.73588570166233 67.92939752804165 56.095943008176775 47.726411261893645 44.805910084448904 48.3325207460954 57.124419309394526 69.20310497150447 83.14832487974448 90.91789659757342 74.87290096304042 59.53610333538225 45.62732544257712 34.89795092456093 30.864057663760647 35.861149692552104 47.09737767770878 61.22918287846449 76.67184367643519 87.08930981322 70.19654711430702 53.56561182081273 37.54605855043476 23.427557610539058 16.932412660852496 24.965474989333366 39.47854460801913 55.610684470500715 72.28591266735211 85.44748289073507 68.15846610925516 50.87822946643757 33.62031418923513 16.455101944293304 3.1509990610243475 18.649417455764745 35.83833574633946 53.10071005143195 70.38251251649775 86.11760165202091 68.9928920971659 51.985671240545706 35.26632781429861 19.586494057536328 11.057152898295552 21.438365603705886 37.35852537359497 54.13343075406442 71.16115682797287 89.04747715216514 72.60083719925419 56.66586696903921 41.831446773794575 29.789762361998406 24.973996207367186 30.9625834539116 43.50141611831471 58.52158043843798 74.53782994047481 94.02606351167344 78.60124934936587 64.141393355063 51.466362280584605 42.21564536982459 38.91325152664375 42.95378606794855 52.67371729384849 65.59511728971434 80.18493931877664 100.75004015255539 86.49757621071119 73.56487381186683 62.77300770957684 55.387816389336116 52.857069361541306 55.8446884518082 63.57742165817237 74.59388534344166 87.66474083610507 108.89648475146026 95.82215705075407 84.28534175646728 74.99895700014912 68.8793142423483 66.80245484525891 69.1336942434087 75.4656150150016 84.90784464764717 96.55214538664013
31.540913467868084 12.989714997158735 32.663758295482786 0.0 19.295218847083685 60.945819274416486 50.358098234659 35.80881819802296 60.01464345319185 38.74044083412802 26.090539310766196 24.482927197524443 56.46047915272328 70.21128142966504 31.535978716005072 3.77141855159503 37.24079207541006 30.612546823665493 31.323161768579713 65.85441586920959 8.32688796118263 4.949728157927327 34.43570212723349 3.829763748832921 33.29855273000302 63.28554478964583 28.9642452045688 21.75691747908238 72.82416838220567 23.068834955634507 30.294912393471066 48.16294805731624 43.67540179912146 46.40714235676238 27.31965426569745 12.862899252454028 71.49143845711414 18.248237221937273 17.66280723346 78.15719891199144 115.56691722099535 105.3855038918209 97.23770420872498 91.66740109957681 89.15900596484207 89.96898843947258 94.01161647820243 100.89907730212836 110.09876558361185 121.08479334722814 104.9449287899159 93.67256305623133 84.46505767373112 78.05657418871243 75.16646518602198 76.19614236559539 80.99625079314086 88.95852450326086 99.32538159395425 111.4276881343867 95.24027090795396 82.70858841644859 72.17622370076647 64.62816114125759 61.17913396264834 62.51135038966472 68.34578771094776 77.67444716992298 89.41022348290642 102.73145408201682 86.76147445085125 72.83279929704128 60.666156740024874 51.52524827254093 47.20193387328654 48.98873981992697 56.306957055303066 67.37768853518985 80.67053444442851 95.2597504627743 79.89989259485338 64.54679844381266 50.470721928854346 39.076931619255966 33.247971782784695 35.81280358643561 45.3695316696347 58.591297453049805 73.52682572080317 89.32052560220264 75.1002242544303 58.529859675542255 42.545940837330875 28.165253547227465 19.36795679967959 23.572564802858967 36.536634899080155 52.08548152481177 68.48051474054083 85.2348299117625 72.77167445593848 55.524707018455885 38.32731472253272 21.299917750725875 6.091257384916625 14.806546351714223 31.624004983493187 48.781503108451204 66.01443688948252 83.27598806462697 73.15064257979196 56.01821074554467 39.035580842883334 22.543877653816846 9.559784460068464 16.530751631460504 32.46313649978727 49.32705063784159 66.41666830825697 83.59367766175929 76.19673624356443 59.923987049498955 44.435760949379315 30.933808299958677 23.19429150241319 26.791058923492802 38.68148828268515 53.604712953650754 69.63751850437045 86.16271660946117 81.61181547449422 66.64472585453557 53.11551035329552 42.42289821246293 37.105983914395786 39.404475490104474 48.241872185042354 60.83215163059123 75.31620017517834 90.79215958577005
12.59681120960215 20.113909190506114 16.26274659537088 19.295218847083685 0.0 58.214730412090205 32.36363189263849 18.795219839216998 40.94244024350487 49.986152984504514 14.916132606145954 12.703527230590021 37.6675823431824 59.97649033830688 13.74314966333373 22.74541038003517 17.974194637172857 13.529208522628265 29.701251143688086 47.2654826774636 18.18389295031013 14.571174801856031 21.24035851992631 17.3987235338194 14.983448651039708 61.293374570246364 13.431353868138057 34.833943387395294 55.23722155765502 13.608869990021878 11.790707447426891 33.250737716690466 35.22814731996926 35.24492617920072 11.651278847556283 6.656057768300385 59.154016411971774 4.865472687598323 36.71703752018808 58.98790223754263 114.7523981516815 102.28148646514295 91.39791040644693 82.73052363894413 77.03107826492561 74.97946691036609 76.8683280693389 82.42721167561996 90.98591402655386 101.79053904789353 105.95626718448798 92.35262909872871 80.18716190794999 70.2114595793547 63.466624819291 61.03336107476409 63.40997674425998 70.10901814869794 80.05260138884819 92.19684832183651 98.40458106908758 83.62298965633506 70.00607062740467 58.374636208587354 50.13032099050371 47.08718206862127 50.20018974241286 58.49459879006518 70.15611040655051 83.790478392887 92.40307348346714 76.50433548790146 61.36942977936198 47.73058430711544 37.26819889782922 33.141165095090216 37.50284259399043 48.09675441628624 61.79676829790291 76.96162396026673 88.2686023295186 71.47972621957202 55.00970965544332 39.26190068117026 25.605415962583724 19.19608295847641 26.07783863932022 39.878935894285284 55.67151139334092 72.15966065847431 86.27008027795914 69.00817904128635 51.77300712477646 34.60452611455099 17.697899796513376 5.2603759873070235 18.461877547371863 35.39383785838939 52.56729080751816 69.80422505880553 86.55561653892212 69.36318086210149 52.24308754082243 35.3007473562452 19.017322725558763 8.711348633663324 19.71876918111093 36.062242756781075 53.01748842511562 70.14225571498767 89.1032516915408 72.50321931948051 56.327215826814594 41.07924969365966 28.301331232043264 22.65252800810771 28.705744762293293 41.63668600041998 56.937848056934534 73.13641051549479 93.72867480399722 78.09302310462856 63.32995383708203 50.215066133683656 40.387246738621535 36.597999262433625 40.575909348891344 50.5183363496408 63.69071528953362 78.48324113504968 100.1443344788525 85.65424187832731 72.40933377454441 61.223158414436185 53.405427417380764 50.54409235475874 53.44129404566882 61.28572092684887 72.48867713373596 85.74367660834189
56.018409477592094 72.18167482082183 47.97931553636256 60.945819274416486 58.214730412090205 0.0 78.71746932736426 48.732159057534616 77.70004146014185 99.48475083903767 73.03218780789713 45.70644543548694 78.17414464744643 26.345561723796113 67.28602359493333 60.48833899425345 62.60569642225375 68.33918133630937 29.938466955951935 86.43469702677962 52.631697351095106 60.95359179015149 40.56062506364383 57.304883403365196 53.24585195629632 3.6123154746186517 47.790108035386304 47.492869372823925 97.9258720230361 71.7972573828907 54.19085853826958 40.326245770637634 93.01616577661149 29.974609314758318 68.482107083283 59.83186062724376 34.40753447097953 62.78705257864659 64.67001594638612 88.94840581030832 56.56335184737808 44.609148118382365 37.13820997376893 36.97599768596991 44.203047296536425 56.02947078368294 70.16695107240942 85.47635737256351 101.42840596599629 117.76222919073751 48.70538028740763 34.154932072634466 23.65620302953237 23.481561694655195 33.7914601404377 48.280980294202436 64.17908209714217 80.65709727214612 97.42120581641429 114.34564524208399 44.1336741361257 27.277592109329934 11.792632175905425 11.522960549069229 26.92961882055916 43.77605993748013 60.878533008770745 78.06895312968761 95.29973981097376 112.55235527127874 43.88758575274424 26.879454171704847 10.84450732109684 10.555331857004273 26.531870105427757 43.533649526261534 60.70527621188977 77.9345615753811 95.19020235836398 112.46006745148937 48.03364808675517 33.19448400039937 22.25371304662261 22.074720325763014 32.83398189910308 47.618893456475924 63.684842917626625 80.26625055142979 97.09940419177562 114.0729116303273 55.59774514860495 43.383957390058555 35.664183699890046 35.502225086829824 42.98359826994896 55.077029706536315 69.41236510330734 84.86095335281976 100.9128045656315 117.32056338561272 65.40445535311277 55.34777238282066 49.474347042153425 49.302617604228736 54.88612912099537 64.75282400755886 77.27917729696604 91.37787615122414 106.42585792616156 122.0725693986462 76.59709528461768 68.15776829855106 63.423513057073045 63.23208752955283 67.62208244335974 75.80164530064965 86.70482732840543 99.43972540653776 113.39085126442501 128.1616384340945 88.65214789561063 81.41536479258193 77.43645457435726 77.22067045097565 80.79816809726445 87.70598933830809 97.23693608078364 108.70320825564502 121.55837200790175 135.40743221091898 101.26193457046303 94.93307315414124 91.48371604910378 91.24102785590047 94.22978809618418 100.161138688028 108.55379947119006 118.8876528197789 130.70307395939705 143.6349053216752
24.903493362800816 44.72938984443658 31.79464062813716 50.358098234659 32.36363189263849 78.71746932736426 0.0 30.264154069369674 13.314583960786205 67.66275735525291 26.69951731875537 38.41560649928129 8.330701792504335 69.20760163222866 18.884409141816043 54.08404172387924 17.116489901440794 19.752975670449693 56.36294245013602 15.922638555359654 50.54497028249162 45.41088611295892 38.83959001335968 49.30918422437348 26.581514351943557 82.26466100086957 33.524000193688785 67.05359747696595 22.899459410619276 29.595926406459252 27.036804664221705 40.24685829280411 29.13384396198815 49.202814861626635 23.217495721348072 37.784921847327176 64.27030957133825 32.13109585199541 67.99439025728587 30.318733957782136 133.49578922914608 118.5883323883386 104.42199476099267 91.34225186730477 79.88463267818261 70.84063576836712 65.22216180312971 63.938710347494755 67.238980866613 74.51641424161362 127.26563118491727 111.56187659276708 96.40676870132236 82.10468384245425 69.18666404391726 58.575687530210544 51.71198287985166 50.158234546337745 54.37158382808135 63.20910598021852 122.33878851708921 105.9335919423477 89.86534260530136 74.35281349962737 59.82983472478735 47.21847673683551 38.44823977571132 36.409571718900715 42.09220661911506 53.071253779797225 118.87749259629476 101.93542526139136 85.13820970865856 68.59234456980856 52.535853156156286 37.600972756413306 25.813980509897906 22.750850082449542 31.10549664220492 44.9022696019557 117.01192269779739 99.7636171104124 82.53775980269653 65.35210429918166 48.24962723391673 31.366682465591357 15.44099279163533 9.575646019829614 23.316839061394226 39.92956573446812 116.81858115507575 99.53781851530758 82.2659540191401 65.01008022429352 47.78752279684339 30.654487494518396 13.944939449447888 6.923765821549644 22.363568459895564 39.383160355338305 118.30566952874602 101.27105023880537 84.34531159741586 67.61027554066912 51.25308700142436 35.795534553506634 23.118682036306573 19.655493444907243 28.929486417403655 43.43044720611905 121.41143546901111 104.86619669714486 88.61043960843486 72.83823897129878 57.94580533893741 44.818878918567684 35.47471930725249 33.26992280801429 39.42116270093807 50.98898533048473 126.01621283166331 110.1410344069501 94.76661778441978 80.18153811798985 66.90402892583309 55.87416165932477 48.64563309261208 47.00612853804566 51.49230471256551 60.76217238021685 131.96311158870438 116.8682766778397 102.47351306553726 89.11870274959587 77.34443091417647 67.97701318345501 62.115080002608565 60.781473499205 64.25875343005885 71.85181124094501
8.621216371710103 38.90602942509277 3.2861891437163053 35.80881819802296 18.795219839216998 48.732159057534616 30.264154069369674 0.0 32.39309399526002 68.73191062074743 29.443174961816336 12.734251589950894 31.29749031546054 43.79072771676576 20.225452174752352 38.53972421570263 13.902149946481838 21.753742347638084 27.290095457169325 40.66324619132534 31.1343048865833 31.863209316924202 8.626812484527933 32.76997957300295 5.214980282371308 52.230754678543306 7.060472105178527 43.89773036342761 51.24786314988903 29.747877826258804 7.790838613257417 14.99411288482992 46.936537078715276 20.315232259317018 23.42890635304611 24.878804779138388 41.578841975087315 23.118495589750918 51.55513528258528 48.293067279689744 104.38765302742809 90.29104338129348 77.50394177516581 66.78283860634319 59.259869557880435 56.23357372532905 58.40715327842405 65.26311638652244 75.53708515005519 88.04048029926417 97.42171297396466 82.17734924826755 67.92604888406827 55.439014435275325 46.170611250733785 42.292684736461176 45.21417740530278 53.83936582005536 65.9677012070795 80.02188894442729 92.10421366435594 75.82827156272437 60.12800527772354 45.60193993983127 33.799504301747525 28.354641824896497 32.623221671257255 43.855137995623664 58.146206429951356 73.73872234377826 88.73209426352393 71.71413380654901 54.87405587943556 38.44632122219598 23.31930119496146 14.428187230976414 21.708706805700633 36.51131196533462 52.85448360854494 69.66225347667606 87.53053184351795 70.22888347797199 52.92741961712985 35.62640906834773 18.32713567077124 1.1137251441555478 16.288353769204218 33.587112950310825 50.888028525139575 68.18945916361085 88.58790864503187 71.53647353627505 54.6427419014662 38.116979781091246 22.77480540828105 13.534847017144072 21.12830127606685 36.17085642457221 52.62099678640016 69.48611702866181 91.82620841272178 75.49190187803458 59.705207892442814 45.04560303166227 33.048612047065156 27.459516870624377 31.851990174718708 43.28721973278887 57.72111753119485 73.40559466827143 97.02726749292064 81.7114946714914 67.36431749045063 54.75252839674173 45.347906745758614 41.39723556217882 44.3816940164505 53.14549464384293 65.40533329650154 79.56115152329039 103.89666876514688 89.7255615222755 76.84746942544166 66.02339949315689 58.406708187785235 55.338019474274795 57.54952471298946 64.50037013353797 74.88221589420813 87.48195999213883 112.1281153855373 99.09960481304472 87.56391440256633 78.18463119186828 71.81172621367782 69.27987808347821 71.00119020911914 76.68980723200342 85.55801583473901 96.73526570834166
30.39843442144166 56.22799053877893 34.94915949662794 60.01464345319185 40.94244024350487 77.70004146014185 13.314583960786205 32.39309399526002 0.0 80.64812422553693 38.70372886576319 43.470433826330094 5.004415532381831 63.957003772316575 29.021249608247597 63.59651311331314 23.147625435065283 30.402800209965445 59.681581987440396 8.734971036910283 58.70257483761581 55.11519028941226 40.71619432962716 58.341120394458414 30.617906065329098 81.31132077945014 37.787345856104636 74.18717056007063 20.371075878223536 41.353613572780866 32.35896066591219 37.4580471999184 42.27178980107359 47.74989583254681 34.154465758683045 47.15405852245628 57.75963729413197 41.98173136057541 77.60473539987615 18.231407176684694 130.19919646341782 114.46617066163617 99.25663010787949 84.85254235099485 71.74071504685847 60.7635365712926 53.257727019254055 50.78646007905492 54.04483783854893 62.13795455368158 125.29827240064283 108.88557773089448 92.79648645601236 77.23350082167669 62.590305077851006 49.68687774872126 40.233471653600134 36.978176705308314 41.409488693738325 51.583067430712305 121.82780988565696 104.8921238527926 88.0988706168683 71.54841252239659 55.45854882648546 40.383621858558186 28.01310700258121 23.18064681002296 29.81042740720572 42.87996911072299 119.91212463898039 102.67123406872248 85.45501829973155 68.28214391543376 51.19624381189227 34.327434522442715 18.28669787116352 9.441771807580318 21.03815506167754 37.34667401024997 119.6259621690852 102.33840740792579 85.05669838828156 67.78530633298767 50.534810503438166 33.33766480426924 16.362952686118486 4.775568095895637 19.40565342092777 36.45636052558636 120.9808902769524 103.91179241304293 86.93478788520959 70.11680282730225 53.607711056928125 37.81427353263582 24.181890597294895 18.39348620987184 26.279056091964044 40.516283087780714 123.92307261150631 107.30755128385714 90.94834644400056 75.01334148483812 59.84237296547172 46.194440414988286 35.85319469920069 32.1820654532313 37.210584856438174 48.29366869153268 128.34335525651574 112.36053228806666 96.83214758594897 82.01672761688152 68.37927774518228 56.775090085622814 48.68058439422633 45.987943563926464 49.5851371187287 58.31966997901101 134.09558743974037 118.85949954069729 104.2699895322261 90.63981922604667 78.4704974392568 68.54456312873708 61.94990983058615 59.79900959914594 62.55196078155922 69.62952013116401 141.0167915096119 126.58184403166284 112.95520329158944 100.46631089617787 89.59223327099906 80.98607203328383 75.42815408160129 73.61219978404583 75.80760153254232 81.69159018701268
61.44942309914735 30.07634005158789 66.24149413096092 38.74044083412802 49.986152984504514 99.48475083903767 67.66275735525291 68.73191062074743 80.64812422553693 0.0 42.90982955949301 60.554601713603155 75.84453298728505 108.18010818662863 54.10394741588179 39.00571439127442 63.20553859721439 52.294349774889994 70.05519187551599 82.85700266840584 47.04594295627727 39.875070391430576 70.40798555310899 42.51696139359575 64.46090626971643 101.6591743306578 63.19572889511924 55.15175041939067 84.7127304455097 40.99518908165581 61.30641569326645 83.18167817538489 43.13466368907232 83.7254507742691 48.760070558431934 44.52650337009835 108.50946062740363 45.649084239200356 39.20443541442308 97.90561435723319 152.95531583676578 143.67287588759763 135.967270797484 130.11894186191896 126.38598093316088 124.95811363955703 125.91378397655379 129.20011094836323 134.64654910189006 142.00476943448658 141.51832203942462 131.48924458336907 123.08558170217762 116.65912917430641 112.5490889890139 111.01304185173232 112.15679429559735 115.90103782355001 122.00658853684034 130.14152964854395 130.60447888948687 119.72097945768441 110.48693686021511 103.3454439745803 98.7515348926489 97.06759385721874 98.44306573436897 102.75516476258144 109.65800408290283 118.70045961449993 120.356364090337 108.5035115398148 98.28046239169775 90.24281795311833 85.01272098667937 83.12183167225646 84.7938364812078 89.83000692094832 97.71154084807031 107.81623216921466 110.95875644798019 98.02629932505627 86.63229860097931 77.45866663932306 71.36683396138532 69.17582682910333 71.24643935711825 77.23668364408736 86.33449805895623 97.67535966141762 102.64567565351366 88.55266182048564 75.80047299342337 65.18088755361448 57.87990242273241 55.22967239377684 57.87269586858571 65.16808841405849 75.78396383091594 88.5338195608057 95.7002980160607 80.43813136875711 66.18719014813591 53.757795019515044 44.69633245786946 41.28351934188643 44.828573784885045 53.9775722885357 66.45495329100044 80.73195493543562 90.43838921469772 74.13050768186899 58.39753440242674 43.86253309098962 32.19132684205251 27.337724272440315 32.51354706581384 44.33531602521165 58.93063448773241 74.69088997300717 87.16544231187018 70.11922303809837 53.2382312639114 36.75086147795754 21.57904291821495 13.393919881795592 22.17773227757532 37.456898574107626 53.97128324616466 70.86248868267677 86.10860359983269 68.8071294888438 51.50596203874382 34.20556657972123 16.908312955583806 0.6891381786996779 17.713621264885035 35.01119032057168 52.31164420539648 69.61283210544893
20.948348765081462 18.12550751139653 28.0473883587838 26.090539310766196 14.916132606145954 73.03218780789713 26.69951731875537 29.443174961816336 38.70372886576319 42.90982955949301 0.0 27.342860978944923 34.23662797281573 72.92911341845797 11.29769400623185 29.82628906963188 20.596744081505182 9.447530700588372 44.57631526591491 42.61594982093564 29.27061384170338 21.484950791042646 34.551858361040196 26.34801284500087 24.358140243680904 76.15270664075555 26.46089235946817 46.27313827246902 47.83925033319071 3.106109213190432 21.701154053016086 44.39892569665362 20.37227744674711 48.548781869705756 6.268840866811164 15.956844491070752 71.02070002417618 10.873080237053225 43.026696099808404 56.68547007253853 129.59143687639198 116.88662952442506 105.49742733272848 95.89374092856974 88.6577198476618 84.40054734542717 83.57866270997427 86.2902815685116 92.22424784409172 100.81314622476675 120.87215465199343 107.184995568081 94.688217843761 83.91533674663673 75.606869423366 70.63783325414138 69.72587819443669 73.02316422525554 80.0109789790082 89.8321814321928 113.23870738349434 98.53798703302425 84.82430844447249 72.6587234539003 62.94533550160571 56.95295256313716 55.89150853936295 60.02317073320909 68.41344677601053 79.72902076008336 106.92402588497472 91.2460655914108 76.27349928839455 62.515229624606945 50.964362156656385 43.41985166787388 42.09401218170181 47.510348747654724 57.803681963442514 70.88020240294512 102.17301522209043 85.65612582712816 69.52214420219164 54.11464651959627 40.27618641574264 30.243300204905903 28.387550321090337 35.99664720560742 48.83005219844966 63.809867388721685 99.21064581396828 82.1165712361768 65.13234947324351 48.37382837655919 32.195407177172854 18.214660645060242 15.023852007507074 26.802444729750974 42.541022618806295 59.159266518611815 98.19896869974204 80.89704031825856 63.595113136173346 46.293188498307345 28.991270959808308 11.68939204486533 5.612805437585917 22.914599873661842 40.216511457958774 57.518434473776935 99.19769921014878 82.10100073384888 65.1128080662356 48.347635794566564 32.15622271781459 18.14563561696678 14.940488088696917 26.756026174173638 42.51193184098956 59.13845128998247 102.14787147972012 85.62626949813654 69.48552528201924 54.06781144621515 40.21353081780232 30.160200637922422 28.299419776134187 35.92751636666324 48.779355472725605 63.77126644342169 106.88798489864952 91.20402283980708 76.22343024857508 62.45441478383713 50.89009337504561 43.33306303687441 42.00490651533256 47.431793781626936 57.73944078409369 70.82807390732549
13.572511343471286 30.566798123978874 9.472477073457693 24.482927197524443 12.703527230590021 45.70644543548694 38.41560649928129 12.734251589950894 43.470433826330094 60.554601713603155 27.342860978944923 0.0 41.47114063959823 47.956225999983516 22.61622263560064 26.728305626149893 21.42124248979919 23.30381616323306 18.47801791400559 51.174358384365604 18.74075015914401 21.34103134331557 10.04283266661841 21.05152020717055 12.859641046649429 48.86834866306656 5.880527481732531 31.313234584202824 60.845720782984245 26.28797857669687 11.44938774402038 23.681633040142017 47.35368743408781 23.26579041618345 22.909739687797437 16.21662938272728 47.96339775243006 17.493315408360356 39.153655609225495 60.305123910859606 102.26979108671026 89.60899333844867 78.73452836755008 70.47817378229446 65.83245973426284 65.56939287746138 69.738587329118 77.6291736113026 88.2485092271725 100.7372965590814 93.80600197825572 79.86127536683729 67.48912016731497 57.709965522407934 52.007688299812955 51.74804253415416 57.00544633698869 66.4837022141966 78.67175573259108 92.50463978461873 86.82739584632301 71.5753001427415 57.49571568789189 45.68586067257957 38.30594235101478 38.028928258882296 44.98622412200882 56.568791290513815 70.53369936691946 85.72446649338836 81.71548293997503 65.30995706012754 49.518398494726576 35.177607181581315 24.931250747695476 24.58417051615011 34.43699428507252 48.64301255163131 64.3823712211713 80.7635297472249 78.83431204168602 61.684165457687996 44.65128181571952 27.950864992339937 12.941326296630093 12.345776009506798 27.13064007175767 43.79998016657572 60.823663823710355 77.96993706382828 78.43015416304726 61.169171200704845 43.94040761315599 26.806059567369164 10.251035573999983 9.503479554418805 25.96655559435799 43.092010717992565 60.318274664435286 77.57822259987931 80.54031313788393 63.840309423992494 47.5724715739527 32.394550055372875 20.84191863236497 20.44691049105634 31.63034306395955 46.70752544731583 62.93980570205958 79.62384835912569 84.97766083562975 69.33025529740814 54.68888460270719 42.11617551064343 33.99086232110047 33.70005258432741 41.409137979528275 53.78148578614618 68.32926210342858 83.92875697170642 91.40383470657943 77.03865671502854 64.140089971451 53.77406938785703 47.62407814895352 47.36198881629123 53.075098057594566 63.16230653675727 75.89921464791885 90.169881252103 99.43389931383311 86.37349107831062 75.04901794910198 66.35529922537418 61.41980040481238 61.15924733571633 65.62934323919168 73.97745169762725 85.06945122348603 97.97783019164784
28.039871887562935 51.990721747557565 33.523892313664795 56.46047915272328 37.6675823431824 78.17414464744643 8.330701792504335 31.29749031546054 5.004415532381831 75.84453298728505 34.23662797281573 41.47114063959823 0.0 65.99102103028684 25.08880057123052 60.1059863937786 20.38356104962252 26.32597659066748 58.44725944854794 9.750356512256799 55.68807259535005 51.526462408736755 39.85263018861364 55.00792539328381 28.78313990060362 81.77296540077836 36.00359395946447 71.60387467121691 20.002569217444798 36.98211992314394 30.10280103975788 38.337189816640894 37.278813075582114 48.22483171916335 30.021180801602785 43.647356103252456 60.25370085855744 38.274277739315366 74.11101007264857 22.44905575993183 131.63471150215844 116.19158941315786 101.35073732901498 87.41943029487646 74.9068752424542 64.64225749434085 57.83512150436021 55.76629300117314 58.93688082182292 66.60278325346772 126.22939953283084 110.05924348479999 94.2916635347129 79.16756604686817 65.13673450208084 53.07343794916892 44.603704065417 41.963031152412064 46.16282613957608 55.67604527448856 122.20731750624188 105.44374531938081 88.88671512528045 72.67752436997476 57.11310441076275 42.901055540623496 31.90304314320312 28.17476674896654 34.18392202765742 46.281457337528394 119.7080324302906 102.55017687764975 85.45043668695463 68.45237823060678 51.656477270203474 35.35205518261358 20.732982671147496 14.444997002355173 24.210987371533268 39.527186641066336 118.82770594150146 101.5259167221077 84.22418557776022 66.92255755153694 49.62114050754255 32.320273271260525 15.021855624967069 2.329341437993594 19.5935989466234 36.89317024675824 119.6021048065724 102.42707353458071 85.30334129046902 68.26952029691267 51.41505121691191 35.00000436482061 20.129725365284354 13.569233761638618 23.70137317389027 39.218602724069186 121.99971191355326 105.20416826141384 88.60369234667158 72.33271418085647 56.67573333964795 42.319805339683406 31.120781867193035 27.290111207666225 33.462026852849476 45.753407284418614 125.92781303961137 109.71480470169267 93.89125610147126 78.69245771957713 64.56115829080349 52.3687764434671 43.766878584954874 41.076707567317804 45.36251179891495 55.01749155902209 131.24901023683807 115.75644920604738 100.85389030132653 86.84559664704034 74.2395240918227 63.87139446112117 56.97632785878825 54.87939189799787 58.10242840801063 65.86907872181597 137.80194436131762 123.10381372802517 109.17148187929178 96.33777231443894 85.10117925946128 76.17181543532796 70.43273841705539 68.68832676793444 71.23266277859226 77.64527466558513
52.40564966070607 78.42278076106555 44.883107051592106 70.21128142966504 59.97649033830688 26.345561723796113 69.20760163222866 43.79072771676576 63.957003772316575 108.18010818662863 72.92911341845797 47.956225999983516 65.99102103028684 0.0 63.96928247164858 71.1547092477857 56.41184640399744 65.53741260933803 41.0312819663963 72.32174372448672 62.3855047819464 68.35028704258929 38.751075836861915 66.39256053467058 49.005036407605964 28.869347877112332 46.75817808221511 64.1100461380877 84.06113335646445 72.79186325398707 51.31920420930721 29.635208015977163 90.62366390032847 24.748993843093025 67.11195188993392 64.16858711859585 8.741029586366702 64.82544255203561 79.5255690079239 70.79498466013395 67.00455690723237 50.70114754582227 35.35977679357956 22.99419499884314 20.14606484491621 29.693544587438925 44.22963924709521 60.24555686522853 76.8212535198144 93.65999465592596 64.29239596875895 47.07586461473917 29.957892725298436 13.323929651259265 7.502821046767829 23.103484660651738 40.12434598553123 57.31377439641378 74.55526666743286 91.81949846100082 64.63715518004908 47.54348877256172 30.684166311142924 14.878374992060301 9.996362601096974 24.025023012580075 40.65943234859529 57.68787038636088 74.8418638407679 92.0512467011755 67.99234489052296 51.99369785816815 37.181196349633694 25.69531472497517 23.16825689301587 31.811918331480435 45.67208403618043 61.307352448718895 77.65278333761242 94.33996580225838 73.94928827828168 59.540025031723914 47.11941138923826 38.65449887944292 36.970375203440156 42.87369831100862 53.92778853365931 67.65327597697282 82.73108321309016 98.54240464676809 81.9424468405351 69.17644972986051 58.7783870374738 52.18349692074356 50.89240514820823 55.27800136962206 64.18706218367679 76.04604822533882 89.6923906023887 104.42772330819031 91.43928734462077 80.15252181876464 71.31902454702701 65.93233497806357 64.85703781408603 68.29707854251546 75.63887588959177 85.88760783139149 98.13672012341033 111.73022651963201 102.02063412940778 91.98982468114562 84.348853183447 79.78730070666559 78.84149165998934 81.63719368496557 87.81779495452238 96.73666295986926 107.71574602662774 120.19178447125529 113.38313349624521 104.39566739385108 97.67214077888264 93.7011745025694 92.83665454666885 95.16328103405615 100.45957889731791 108.29069780994367 118.15369133590296 129.58543754489028 125.31434032931837 117.18948134563905 111.18328438861346 107.65095661938477 106.83815675766277 108.80584801587813 113.40939524604076 120.34669435287611 129.24248642120116 139.72319525710378
11.719321176828137 27.37317540779319 19.765746141186654 31.535978716005072 13.74314966333373 67.28602359493333 18.884409141816043 20.225452174752352 29.021249608247597 54.10394741588179 11.29769400623185 22.61622263560064 25.08880057123052 63.96928247164858 0.0 35.240452480626246 9.337992049382965 1.867598896754669 41.07547923753434 34.33750043798334 31.813652053311742 26.586447035989185 27.038099635669795 30.42620890746514 15.025471260146775 70.62535276189159 19.4975148737007 48.57544547686331 41.633365405263355 13.168677875679725 13.241357942555828 34.67429535987647 26.714227565384164 40.37448399132236 5.419511619918464 18.900588998228493 61.26884666009008 13.287741604585333 49.19518347109444 47.24859774794338 123.61761749392792 110.04020431626248 97.64766120739351 86.94810449603548 78.63566604920663 73.52449277804297 72.29676386566827 75.14307058263466 81.63839789938544 91.0047412510208 115.83665617140342 101.2630022509528 87.68669920250393 75.6466502223146 65.98917368539075 59.87840410971599 58.437765144819444 61.99369639642998 69.78654076518573 80.59653238313726 109.32338970493144 93.77838231418828 78.96752713895809 65.39158658229466 53.99030236603724 46.39557957447734 44.59653304068591 49.23266817047285 58.80105757394872 71.34407493998812 104.3156469762412 87.91720863825894 71.94321348653776 56.753197092912586 43.182563788216925 33.27538537718796 30.79736596418261 37.261417717593126 49.265178087165054 63.75273574671081 101.03760794477472 84.02001331957459 67.14789126266798 50.567066433021914 34.697685198050955 21.202423267769603 17.14258996241104 27.146017621123296 42.17412001003381 58.473231212309926 99.66014856037562 82.36610819944724 65.07626230789013 47.795163136080774 30.53766346073638 13.395287502548435 5.0032121790715385 21.664350997433548 38.88919700083061 56.161452525698984 100.26165335846171 83.08958383805152 65.98539036872454 49.02017475882299 32.4129035448815 17.231601509845884 11.91523631921928 24.20187211884643 40.35097722650566 57.17853709012823 102.8073843084198 86.13054284421248 69.75882073069651 53.97060538583628 39.47239464013369 28.320030870698396 25.390724200167657 32.95548693778262 46.11019280154985 61.359157083896015 107.15883173492867 91.25756304139081 75.97089277390826 61.75691401630389 49.54757766283322 41.16691170438767 39.155752194791 44.38848256311053 54.82889732788581 68.12330529027658 113.10772261930047 98.14419553539618 84.0827520319931 71.45792560956957 61.16584788101063 54.543438039777826 52.98501855349946 56.90815074110666 65.33270943497081 76.79119803076654
