0.0 27.43316709802624 34.83341696223798 25.067896578406007 42.63555180708883 34.8540233058549 7.356189000534084 55.23279162715973 48.57511021313493 34.431464863810234 56.27383287919535 23.0268608882831 34.67810367309852 52.431690398806815 46.35411238544553 39.15612249183552 39.91228866271615 52.99286998479416 36.28195987170032 55.08960054499208 32.55456220042976 34.14848222774426 8.119666852928056 28.709812064579094 60.225586671606 38.7262263925667 25.666675719884356 44.96974149757655 50.17741789493407 24.20106993983313 24.407079836499626 14.385500533211207 29.42459892059106 31.24052205139363 37.93348213424323 43.36276683535459 39.52491905120528 45.24348972296213 54.08372266641671 14.380866689715887 94.41465941417982 78.6059509845335 63.57964088755337 50.045514564693526 39.5656910496698 35.00059822381605 38.51424971911362 48.37727332566772 61.61234701725523 76.48862414100837 90.08069785407427 73.36866171020074 57.00965132342867 41.42404609091762 27.937685529570924 21.06628535502446 26.566405708713084 39.57866690030707 55.00799271576411 71.30216742346964 87.82336801004837 70.59186174346956 53.4059105022303 36.330221099292935 19.654312759962973 7.170244863564146 17.755173024650897 34.31899303973351 51.37172134335643 68.54945354038828 87.8030134935726 70.56665303588635 53.372738700329094 36.281666522049946 19.564835507136216 6.922400218714361 17.657005259051342 34.26854852792919 51.338196065549994 68.52445334240807 90.0211519962214 73.29587506063066 56.91637966518771 41.29618295480457 27.748633448697028 20.81610119863717 26.369394364848436 39.44732346352107 54.91401621530062 71.23003934095382 94.31995662267572 78.4926981711737 63.44021428274763 49.8690844469676 39.34333555119779 34.750225818576325 38.28793556777746 48.198148295134146 61.47247076134558 76.37653760960234 100.43254994027998 85.70937129561244 72.14012423179777 60.506203620979996 52.12010922282173 48.689966631883316 51.22130291498063 58.95110559143675 70.18223268712579 83.5138352348443 108.05146647606871 94.4841062165558 82.32902024867148 72.30202729337645 65.38954851284461 62.6314400858837 64.56234079053397 70.79963797952107 80.34659890814288 92.18057009100526 116.88241305270137 104.42476256563293 93.52137927532148 84.77411465562419 78.90334238541857 76.57355387905525 78.10227690651287 83.27728953599876 91.4818727228211 101.9874693813394 126.67204081441976 115.22986660524691 105.39787346766072 97.66357891188223 92.55436727460885 90.51585772155079 91.75294784594074 96.139272514251 103.27434019246817 112.63699350442383
27.43316709802624 0.0 52.278348097750374 48.324674643548654 48.252136912469815 48.69166762980592 31.459829460271656 61.78229770893885 42.22196722045187 21.66664191193669 41.48350549662084 18.40401389800015 17.826139293045166 36.50385509240984 26.173949678088075 23.481347261881577 51.684202394030315 37.882579995284495 41.01394256429202 44.20977845265298 29.4910430932981 48.45376901302636 35.410021949938525 23.878138597683016 68.28480776131829 11.84770767808914 9.27672189901962 53.0159698649695 40.222381816973424 13.340897033137043 8.51050988872114 19.24522216129732 4.344817226429189 7.750620445289014 15.56493341502616 28.452263923146457 43.45897057266297 24.00545170660802 38.11050265770059 13.17562694879525 112.24368256500698 98.25648695096402 85.49108164677601 74.5775282223823 66.43481957634016 62.161544788477755 62.55577440099924 67.53582037251202 76.20789996981198 87.48083140860095 105.04673072969145 89.98705222236917 75.88956356382648 63.399404634160966 53.65114647459006 48.33331033821542 48.912928951995525 55.2045533381975 65.58439722981797 78.44607046060139 99.3395823083947 83.28594060670328 67.84873724163856 53.56362890023149 41.63389832660421 34.58913979955653 35.47032065827975 43.80167412839836 56.371425550399564 70.96193721941505 95.39010368097841 78.55564180081461 61.97916971239953 45.940806902089946 31.279540285962725 21.09438748384698 22.588677855903885 34.26711532033777 49.36530824986835 65.56175536038195 93.42154158925253 76.16431839923199 58.9333164260161 41.761005689102845 24.769756373678792 9.045080923326244 12.198342939121249 28.539430188145055 45.59508749765959 62.78565406064875 93.55904865230373 76.33214798329301 59.149060405954785 42.06351362194544 25.274103538941592 10.34092555487807 13.183416595411774 28.972115992570185 45.865867888942596 62.98162803136316 95.79355389660203 79.0428285668993 62.59268167059079 46.761417009907284 32.467333029852476 22.81088728289332 24.192079581364748 35.33961122571353 50.11218215123141 66.12325422695508 99.98453147590452 84.05065831447936 68.78100848554631 54.734344155888344 43.12281378648127 36.35949730708758 37.19081011338638 45.1996350234975 57.459246361971374 71.82499784543586 105.89989874316824 90.97702109321884 77.05549738175824 64.7841221547035 55.273110886031645 50.1193833549318 50.670404438857275 56.76027379575644 66.89296655042499 79.53810887548566 113.26973830288595 99.42166263480057 86.82162252833133 76.09214826653186 68.12290121171618 63.954187225960574 64.32915521456295 69.17395543230293 77.65645988711752 88.73955807036155
34.83341696223798 52.278348097750374 0.0 14.266457955481984 21.18029408184201 6.971285740982839 27.492721503602702 27.067685649796857 83.28755436400319 42.01769343619143 89.56428640588311 35.33218960319898 66.16218534562117 53.575448503477546 77.08807528849417 71.44858168845153 11.04218211301753 86.09275118278859 70.69561451474344 89.3167305855357 31.45062974082557 6.303853932223735 34.1657729498481 33.787704473251885 29.451372301969073 63.722821663063016 55.68945927026405 18.66006748908213 84.46390012945432 40.490924340625185 54.151215385505225 33.31233190228461 51.37837249844201 50.82336743814286 52.89038028730744 76.16003813414233 22.80042790012718 55.761468313694884 86.9225559048777 43.63082264612353 60.55244628460666 45.98736271140174 34.08498134901909 28.41555954625073 32.43164722079977 43.53032397004393 57.76396900094064 73.32920816981353 89.53423408433429 106.0862621709689 55.29506609661959 38.84029598612445 23.62848807155198 14.378974351893396 21.305326960363267 36.05262277521032 52.38681952223477 69.19305390661798 86.19565625226443 103.29770666927448 53.38713623394085 36.085439068263895 18.78417190029274 1.4983053603161272 15.822715559231407 33.12378813068317 50.42544949058121 67.72724840321192 85.02910090055259 102.33097980271847 55.17723848040754 38.673135831914344 23.35396937391727 13.925408348246117 21.003303823910997 35.875802528692944 52.26586174868442 69.10195412048986 86.12289175284471 103.23728767317114 60.337099365433296 45.70474154350864 33.70446575436144 27.960121540409222 32.03522364327802 43.23716553774898 57.544410554931424 73.15719828525076 89.39408206453584 105.96857047093982 68.10500397509477 55.516541158931794 46.09323219712303 42.02131248437349 44.78504535976656 53.33211798961514 65.43419799297348 79.48370059911379 94.61705972456748 110.38941188690288 77.70258332547209 66.89608430202065 59.25520135687754 56.088945740690754 58.13311392289896 64.89719707368121 75.11678637374013 87.59061111470957 101.49087086384682 116.30725142689265 88.53668897558029 79.17008769203507 72.7719018556974 70.15900539904197 71.7461622800557 77.27500882977188 85.98855506148736 97.03260089959551 109.70555636107594 123.50701185923194 100.2069230686757 91.98103519842896 86.47700844958231 84.23012462220804 85.49756456623206 90.13119298538146 97.65300353919793 107.45820117630457 118.98361083669971 131.77865169444388 112.453130187518 105.13267316561296 100.29315815807648 98.3016902629674 99.32971948434599 103.2871248804672 109.85778665112717 118.60818916760078 129.09584778116061 140.93345740748012
25.067896578406007 48.324674643548654 14.266457955481984 0.0 32.689708050207265 18.9031055944986 18.15926225996115 40.94105596701307 73.1492661364862 44.307856329400394 81.33605527831081 34.70962527658721 59.218150903706665 59.239469693048406 70.73359751483252 63.99604466037596 24.28819121674708 78.03674029879852 58.948999511296805 80.04308998160914 35.88189818400793 17.953743291236943 21.919705573978593 35.96713902623429 43.698976451668216 60.171174223714694 49.404073075056274 31.694145634883153 75.11890615107849 39.049734369875225 47.965459762859574 29.38097737701831 48.62370894059811 49.0289817544305 53.133908621348944 68.34077298715812 32.58184365180522 57.951982834907064 79.0953164285651 37.15346332450735 69.809678401905 53.66619666677537 38.54142390789936 26.258965614141157 22.188655198643485 29.8973375077433 43.52098788743481 59.101719174992525 75.43647167146007 92.12502663795594 66.67656127610935 49.5417984575531 32.584184154531236 16.364034081920277 8.517479537084641 21.818033726901263 38.44761404253553 55.4898616616416 72.6549637719033 89.87255457569773 66.47145120070502 49.26666972354685 32.16627255842603 15.51924156305039 6.7629912626296536 21.19770427856648 38.10066543094986 55.25117346821982 72.47369906856828 89.72678177375406 69.22038421865082 52.90090648247105 37.473481874553 24.672442173631826 20.29553112655145 28.527169268946203 42.59579569833574 58.427013082262306 74.91155802738056 91.69775796743927 74.59746513453273 59.735148567298495 46.588647012525875 37.03274190332851 34.22066337265451 39.61554640323651 50.66001498562325 64.51504170469042 79.72861456328243 95.65469795199199 82.08777885002452 68.82252504983911 57.73541970972583 50.288364868583656 48.19919927362567 52.11629493229441 60.89134422613358 72.78808709599407 86.52836333582921 101.3652401805915 91.17186929866678 79.392979289334 69.9490899457307 63.88426897973747 62.19500845813066 65.22218139843412 72.37638724607152 82.59203672383758 94.88541639403572 108.55291139632234 101.42227716123016 90.93063958701656 82.7584993004334 77.64175601592622 76.19842799077165 78.63106039986245 84.6059807056031 93.44616291020559 104.42645179079871 116.94557445013251 112.52058008603143 103.11120235639662 95.92514150121339 91.48780850692211 90.20575952689332 92.21069683823538 97.29963917694135 105.02523777242091 114.85667140549069 126.30313921156643 124.23962252338525 115.73170657776662 109.3198619787682 105.38736524117542 104.21526517793029 105.89526171682299 110.29710615512818 117.1142903832363 125.95524050462973 136.4270809659675
42.63555180708883 48.252136912469815 21.18029408184201 32.689708050207265 0.0 14.420934515976178 36.67805471595928 13.647428319775763 86.79959768233762 30.50132990243146 89.34251709762478 29.97307714870123 65.2304353052674 36.0143053311607 74.42246577299234 70.9349507199033 10.757506556485039 85.7351316534391 78.04161738398574 90.95615172882349 19.512558605000713 15.285549253545696 45.823510861047076 24.64288133708025 20.032676071485824 57.777830439353 54.767040674671655 5.675080105132186 86.44967994198798 34.91165898748969 53.264035096016514 33.437319823429824 45.693689056358814 43.80006611588308 42.61021099400624 75.94273141109583 4.9585504101396465 42.43137758981449 86.13651343556691 44.81671107241147 67.83738689464624 57.13546424145747 50.25647685301952 48.84329673099966 53.33220212710209 62.46344459078545 74.55026502093631 88.38837082542675 103.2761741997257 118.81975506977334 58.43791206631979 45.63953395202857 36.73761414803176 34.85749945861624 40.977383823512056 52.36367484047173 66.35865159709051 81.63145583584355 97.58394469867532 113.93096894542158 51.28781875189288 36.08330964892545 23.922409344015993 21.0064193319403 30.149115877630976 44.44525029711867 60.33658020173338 76.83968439269405 93.63163373194956 110.58092115558124 47.41597394702713 30.35765037020027 13.914477821521512 8.021960887819548 23.10420797863083 40.02462245352075 57.17385578361076 74.39383424835005 91.64468762323548 108.91174579138404 47.628748730501265 30.687417378391213 14.616797640799014 9.181354441750017 23.529918692908144 40.27071127010283 57.345589254079826 74.5252731345724 91.75090938431458 109.00071430080979 51.87590409166363 36.91066101121845 25.14747747514788 22.385388238281504 31.121163955332126 45.107198332641794 60.82354061554727 77.22083980810066 93.94319754159919 110.8435919841958 59.29674298637651 46.72920790169442 38.07678116289551 36.259769809809264 42.17117261741932 53.29870489515936 67.09547926137427 82.22871749735911 98.08174078390496 114.35559023919917 68.87284568403425 58.35556358672512 51.63309037155368 50.25217937646989 54.619486759260155 63.560966217809636 75.46791245321847 89.16006103721064 103.9342506039554 119.3894539020918 79.8322452747411 70.9058408630036 65.42768931901425 64.28545845806134 67.69897478641856 75.0491544485511 85.32463511721204 97.60586309301311 111.23043216554977 125.76250214641193 91.68007454606945 83.9666311240561 79.33623213057314 78.33749950091585 81.10470664831603 87.28039050041758 96.21041109950582 107.20869066505168 119.70650364862696 133.2826852523843
34.8540233058549 48.69166762980592 6.971285740982839 18.9031055944986 14.420934515976178 0.0 27.804889022352647 22.322844054984362 82.4584532753367 36.30971701688475 87.53979168639142 30.911079228935826 63.716705245734325 46.89021276384131 74.20995901521147 69.19115581375529 5.582205043550619 84.00263088512068 71.1334006326047 87.8965683962381 25.360518048367005 0.95048351276313 35.79604368815886 28.35971510223522 26.027401323085204 59.751820072872725 53.10543678500819 12.791314663271526 83.12740632418897 36.19014834643273 51.552830558720416 30.45306257323619 47.30247394887616 46.372769167202854 47.64881444808154 74.04008365506266 15.829706487135946 49.86583152649547 84.70156562433243 41.483762934281145 63.55525818170489 50.100641397166584 39.74399536148365 35.324262756045535 38.91952446165044 48.78896086683905 62.005673076267485 76.86190056040301 92.57163439569698 108.76566877594844 56.851714413701146 41.3111638300623 27.925229962727276 21.25408351890175 26.87684970886866 39.89618303295609 55.31507188088791 71.59972290453875 88.27227678615242 105.14837499525099 53.16703443457438 36.09823175338869 19.445937173460315 7.205550712349379 18.011352011005037 34.5776082623081 51.62873750827404 68.80519916350998 86.03195731141341 103.2838480954242 53.13308735977043 36.048443250585684 19.353783050727188 6.954203414855764 17.912742421894187 34.52658549853507 51.5947404342442 68.77981349158767 86.01175278161035 103.26709959300658 56.75642473422295 41.18053039291407 27.73250542265141 21.001406366207995 26.6784130051302 39.76339787232185 55.21982740810717 71.52651470836818 88.21318899316928 105.09901311134236 63.413154854319004 49.921079214611396 39.518446981379725 35.07148006913021 38.69130829048095 48.60795738120461 61.86402237827747 76.74821541431805 92.47771317478673 108.68612542053108 72.26979285650069 60.73148361131841 52.46336796633276 49.144670004470186 51.736775470679945 59.47176655444111 70.68090147101343 83.98446512826118 98.53777279419614 113.86262198599313 82.62178215579524 72.69398788636764 65.88753163158525 63.21876094817046 65.19778070491611 71.43936900286177 80.9636352920202 92.76492331200251 106.08602978374601 120.42364549279417 93.97613076135175 85.32525828198112 79.54854172320853 77.29311432047079 78.8616814060799 84.04039688583151 92.2230777230712 102.69414813775447 114.8292832826544 128.15664156163788 106.01111828152895 98.36786114474195 93.34231402761202 91.36745397133762 92.63858957186332 97.02823035546704 104.14278308657028 113.47084923712218 124.51594499430574 136.862997415834
7.356189000534084 31.459829460271656 27.492721503602702 18.15926225996115 36.67805471595928 27.804889022352647 0.0 48.77348857052316 55.92280742784674 33.6787156251493 63.29534757476762 22.327301213584274 41.07789775285446 51.140664363803126 52.635509294014284 45.83896019514126 33.01461874288222 59.95775851335036 43.40753736937287 62.33983313518566 29.42709270483042 27.058824826263624 9.47008264790434 26.668770936833795 53.47890738615223 43.2015980333834 31.429988583691948 38.50224014082284 57.43760805279584 25.031903152412983 30.03626628865048 14.393362853371313 32.58991489717789 33.751072778643085 39.44318380708316 50.21373076454879 34.058411922983765 45.90828277972487 60.982916897037434 19.327006339874725 87.12677148149237 71.43228027010649 56.68134802706637 43.83706146201661 35.06150160836334 33.69922886993651 40.50525091657721 52.387220494752675 66.68489022576681 82.14643322441832 82.725616063366 66.01852495637559 49.71997096536381 34.41536254699028 22.259169723304208 20.130471564254766 30.227684746397376 44.954440892382046 61.04754194754224 77.66218378829811 80.59006095586363 63.334606818318086 46.11399338764516 28.99037462412937 12.37322613174059 8.029016025408122 23.969708824570013 41.02855412151014 58.23101437237739 75.47895922530279 80.89975527913136 63.72641508721073 46.648202368431775 29.828959372510827 14.219426113392894 10.645683136878345 24.963619301233752 41.614267222800464 58.64320432128554 75.79588919158026 83.62753300801432 67.14011917293574 51.19314404429295 36.50193776781367 25.352632872836562 23.491096089700086 32.551778239285994 46.5415513998458 62.21997119866392 78.58272516444566 88.55017298101713 73.15384405431871 58.82638570723981 46.56510927134105 38.40289231597725 37.1478379689058 43.40332457373152 54.648351238307946 68.46709423314798 83.59276692954474 95.32819559668512 81.19182105354622 68.5234246777337 58.28815185505561 51.944764485856425 50.96772961483815 55.64046513546554 64.7511718243636 76.73505156293979 90.45729941522718 103.59798117111907 90.71746567099854 79.53281417487155 70.85175764605152 65.67471104552479 64.84640976070135 68.52473367606383 76.05862522016797 86.4458379197756 98.79040639072184 113.03247376449954 101.31190352199461 91.38132582478137 83.87892982525506 79.49519654072657 78.75265660893777 81.7505891013316 88.10800167551866 97.16771246230768 108.25336934999102 123.36462604267905 112.67392050249268 103.7818156404427 97.18327864465026 93.36586921055692 92.67390632689475 95.17558399876954 100.6330073092824 108.60149181872474 118.57587184685504
55.23279162715973 61.78229770893885 27.067685649796857 40.94105596701307 13.647428319775763 22.322844054984362 48.77348857052316 0.0 100.36435473986519 43.097476516287465 102.96738605229757 43.58062224502788 78.86279404932422 44.89181670138435 87.93007883824059 84.57093686596555 16.75729481767416 99.35905459207414 91.11569994679807 104.60006018521281 32.62798409002217 23.257132286583364 57.47010361390663 38.01140605372148 6.845624648246743 70.98764416459892 68.41228683177363 10.275061244909983 100.0841605644092 48.44713168562206 66.91057847443045 46.96312871897939 59.079512296182735 57.021308852529515 55.12612913722537 89.58068968828174 18.325133066151597 53.806213227162196 99.742164918012 58.38134575047662 57.78978154314357 49.70591787948417 46.90842655795834 50.28742865306641 58.787356356521876 70.58175290114717 84.29897511835377 99.14410399706316 114.67995594887412 130.66037663658997 46.93307960556665 36.59139193935538 32.769716137395314 37.516489125106155 48.37176806452765 62.21637456425312 77.46376514789397 93.42965742462708 109.80107099005616 126.42055933650477 38.335351293895776 24.68128770330265 18.639867704766974 26.161713913751385 40.250935184773965 56.16540031965335 72.71642527196906 89.55175440500012 106.5366924165582 123.60958234060047 33.768696538058464 16.774881802487975 4.602386254613361 18.965251517644184 36.012401713294885 53.22423221928245 70.48019735814924 87.75426513903413 105.03750466702179 122.3260284215413 34.855354876181885 18.858067812594182 9.750426782360725 20.814131401219395 37.01484097318357 53.90437812721838 70.99280705125672 88.1645533503368 105.37889458811205 122.61789235036241 41.14985773593067 28.841898206027853 23.856030764881794 30.08448315791788 42.8923403557075 58.07874315755628 74.19729620108778 90.75267451432165 107.54333038611945 124.47408847051797 50.7500063932552 41.35305296900891 37.99070074016197 42.133338433441175 52.01778142413952 65.07831799371576 79.76986820376104 95.34140121271042 111.42459427152467 127.82646104435764 62.142097587495705 54.683397018796995 52.13067975136159 55.16921132371578 62.99504924752316 74.10675290463182 87.25792609838724 101.66012370732379 116.8516841183758 132.56150140176663 74.50854943384533 68.35520186223394 66.27243254173435 68.63183677355225 75.01542996809019 84.51622600401097 96.2151869123598 109.4094325764687 123.62110535728789 138.53744422008478 87.43677751489913 82.19811538311203 80.41487481829849 82.3119421518082 87.65067802771827 95.85775245386442 106.27068203739941 118.30844781173433 131.52566895265392 145.6014978258195
48.57511021313493 42.22196722045187 83.28755436400319 73.1492661364862 86.79959768233762 82.4584532753367 55.92280742784674 100.36435473986519 0.0 63.80723129956844 16.048720602361282 57.83003872767624 25.07406851851414 78.05491098107653 25.219668803378784 20.377482356886794 86.9681941385277 15.684119084359358 18.37203690346611 9.333872264084867 70.10730801650259 81.8752182550392 51.62364242374685 64.45144889805026 106.25028491165455 40.447907018284624 33.42218022937365 90.5514424029092 6.208618682312129 53.95584184001692 34.70039920416434 53.40583901003345 46.352443140835035 49.64263987828672 56.535228941969734 16.85176160501413 82.5139225941667 64.32093675278142 17.507492379733304 41.98542098434466 142.88865383897078 126.79191588055014 111.05815639732114 95.86626051687692 81.51973590722953 68.55141437896664 57.89496626336084 51.02018677328105 49.527703688737404 53.86677121890661 138.58244415004293 121.94127083321209 105.51284575422103 89.41451273163496 73.86241897105529 59.28799344698978 46.617408543352724 37.815430360119606 35.854402087963365 41.71063301604957 135.59503182656093 118.55103418448104 101.59426175580391 84.77707002853724 68.20278915874223 52.10374805127547 37.10379951628061 25.244694130128458 22.284714280104712 30.897146551324596 134.0146844118838 116.74855104897485 99.49485409838537 82.26141925654575 65.06434884151997 47.94279057665391 31.02202656862229 14.997812594436073 9.285252762291377 23.371151900369515 133.89125769311514 116.60749986781647 99.33006899739651 82.0629613861532 64.81442816796618 47.60466373011842 30.499366580624603 13.890002074441117 7.373357192261554 22.682902763746785 135.2287427895011 118.13383401646753 101.1093682020485 84.1980859215938 67.48512979475932 51.165218165575006 35.78027518677348 23.265604891590225 20.02649209261115 29.317983152585203 137.98464567567305 121.26458743030902 104.73369110282317 88.49802316762697 72.7554968540486 57.909694403122984 44.85990698643971 35.637030873215906 33.560286795293095 39.765511386263164 142.07641176253577 125.88006406565964 110.02080262214544 94.66819012244292 80.11403225293641 66.88163304069964 55.91735190766441 48.775510069024655 47.223439652937444 51.766387307448866 147.39277269683933 131.8243431186569 116.74493936349035 102.37089297692641 89.04444971447515 77.30927341285435 67.99433006693691 62.196700250742566 60.928856531580934 64.45864588847044 153.80672400789615 138.92688320221416 124.67371685672464 111.28826868462546 99.12269211933148 88.68045846773614 80.63389864406417 75.75033849977915 74.65311936632752 77.50321900064347
34.431464863810234 21.66664191193669 42.01769343619143 44.307856329400394 30.50132990243146 36.30971701688475 33.6787156251493 43.097476516287465 63.80723129956844 0.0 62.59806995894275 11.479867127199205 39.43898341283696 18.06653469528497 46.44034506346679 45.02430545300025 37.239909883833924 59.038447640529526 60.54746656038993 65.79652064600093 11.307210779646397 36.47661150317021 41.84311562569472 8.431099997962994 49.89927701711308 28.43605300160726 30.446985775123732 35.988927623179336 61.87983713136489 11.374635125838502 29.28172775153905 20.07426406553092 17.82664737401692 14.950549152347273 12.109728930093922 49.931576881164965 25.561608254380126 13.83911581978283 59.06794885908924 26.114000179365195 97.92410974732654 85.91218988708356 75.96953170792712 68.99657527970179 65.94222720400062 67.34181117922093 72.93938588382706 81.87845118891067 93.20246670857043 106.15088839522066 88.93148249375004 75.55310081459739 64.08146288895338 55.70724466896729 51.95056025386934 53.787774561597324 60.71317034530361 71.25835946647494 84.07210544249847 98.27097441341245 81.41345656242788 66.58433588104542 53.268219565843836 42.89800930741286 37.96948439550865 40.519511891289305 49.403304529836134 61.95360125838807 76.38401321649928 91.81226931545415 75.8101347756134 59.63665663459199 44.32376224105969 31.166837964258384 24.017878404315994 27.94737880867196 39.799048812471206 54.64049226835733 70.61099991566343 87.09164154846282 72.56650758925169 55.474811075430104 38.571030970603346 22.286931654012253 10.217795315295751 17.629874809570037 33.40560965821768 50.19731221499459 67.24818716301615 84.40130523833398 72.00223776448323 54.73803228693631 37.5086074626883 20.40226969060128 4.93184578634771 15.20220762873767 32.19634529428342 49.40461216752894 66.66138519511864 83.93675219134101 74.17850333318486 57.55801003603436 41.49832125560541 27.018675022153843 18.347177387322628 23.27962674587155 36.6875334410096 52.4282479560707 68.92154411125053 85.73417805496335 78.86873794979637 63.46232867292376 49.32914978311095 37.92059333761959 32.268968110205364 35.26059741135245 45.21107917083095 58.68119079240161 73.76741251260559 89.65761912778278 85.66092696542894 71.69288592044902 59.50334871007956 50.39970493043064 46.24191972430461 48.32393978038719 55.953501279031585 67.2687787027468 80.73466420370148 95.4452018330535 94.10092539762493 81.54824839207127 71.02073842784792 63.53321630483474 60.230305308804226 61.786775264396454 67.86911914816248 77.41785896404487 89.3282052613723 102.78242767867538
56.27383287919535 41.48350549662084 89.56428640588311 81.33605527831081 89.34251709762478 87.53979168639142 63.29534757476762 102.96738605229757 16.048720602361282 62.59806995894275 0.0 59.39041387390868 24.12430874701931 73.95354486741506 16.774979383804602 18.457377178671972 91.4024800206521 3.6096380138322446 33.25081318759597 7.924572389380881 70.95668750766647 87.10007450821651 61.09400395833148 65.31217196692869 109.31233792586033 35.29723546495196 34.698586257318794 93.78010047780965 9.969430660243397 54.65912151239896 36.23628882918893 57.181182119907355 44.85094986785122 47.65754207127038 53.001817986184854 13.513888756540723 84.67067884647919 59.63707847495517 3.764460866745951 46.0763282473416 150.04761016847274 134.6846436299749 119.85121501062696 105.77034956651704 92.7853035458175 81.42205389239851 72.44778647918645 66.83191805871773 65.44479641070428 68.54363634405358 144.37736332535863 128.3672286802401 112.7393820705162 97.67748795428797 83.48841566174393 70.69964610886096 60.2101725952015 53.39279279044137 51.72055949112614 55.65916582471326 139.88658008920902 123.31841162430625 106.98276761672689 91.00495070871101 75.61214257936194 61.247022155804025 48.82525889502295 40.19105192918451 38.01896855560259 43.29283833095546 136.6916251357078 119.6989023910607 102.80936163465134 86.08375689203451 69.64030669432769 53.73864705494849 39.046418698137394 27.570168553719267 24.378603940922737 32.05041686528468 134.8846581401847 117.64075741831662 100.41681976569846 83.22524051824352 66.09127558429402 49.07530783387244 32.363993128470156 16.887372355031257 11.029583877308049 23.597312931089654 134.5216495195845 117.22627428804834 99.93316828110069 82.64375600854088 65.36096875780984 48.09194955479865 30.859820677791408 13.803441520614408 5.239752725496863 21.5194926682646 135.6142003970218 118.4727114795419 101.38573631009598 84.3863960295449 67.54089345355344 51.0018910249889 35.2040570637033 21.821331888387125 17.655808195935627 27.31294101250156 138.1277605903833 121.32887343488015 104.6939429747172 88.31566534731355 72.36850613049653 57.2141022578892 43.68541173754516 33.79475971406744 31.21642602172523 37.490713610192564 141.98684799763086 125.6850270722562 109.68997590478422 94.15816138914212 79.36202906324435 65.79975468644477 54.40209128018252 46.778960161076355 44.896085031478954 49.41406224831841 147.08554011815107 131.3920066169006 116.15618564585084 101.58423251375218 88.00653326989757 75.95814816432468 66.27840839095992 60.12246948745925 58.61136432448277 62.08517931832803
23.0268608882831 18.40401389800015 35.33218960319898 34.70962527658721 29.97307714870123 30.911079228935826 22.327301213584274 43.58062224502788 57.83003872767624 11.479867127199205 59.39041387390868 0.0 35.302936276750934 29.406971046521747 44.55063754262691 41.02043136465324 33.461131442191586 55.781485550398834 51.89583094376864 61.28584607149368 12.350007537026393 30.7928885388826 30.363553363872786 6.875604104783559 49.9861363772411 28.901911751534886 24.966103969274865 34.62531384284885 56.91810920931013 5.293052037096172 23.50632652189786 8.641391233877386 16.451336292237958 15.512983521909712 18.42962230974022 46.03596006513464 25.281637393182823 23.80786109178405 56.16491026380952 16.851404298566838 94.34696069761371 80.94118175682969 69.28419352144212 60.39720768635772 55.62413664533476 56.026467992260685 61.50271791351371 70.88654429881788 82.86083918922199 96.46571326652303 86.75818575384103 71.99582470235228 58.63889520695558 47.87845616770767 41.771741361811394 42.38060246530458 49.45763673863992 60.78408900108565 74.44500249836676 89.37626416162705 80.94340809676409 64.90542530488618 49.722259892067626 36.47741765367314 28.06440528084228 29.040138843579626 38.700884480068076 52.44899646513223 67.84354041461434 83.98395499643185 77.30407795540786 60.32773126233913 43.60805659092616 27.61526370832146 14.908243672497612 16.751758677742288 30.621885276316846 46.83472052472112 63.62385547139862 80.63009161045161 76.15278378422823 58.85210060621207 41.55245617602515 24.256073127741104 6.98721358747918 10.392248297493481 27.674719446770347 44.972157709620994 62.2720920034139 79.57289435935284 77.60035995189274 60.7051934156064 44.1263830279454 28.423007919474912 16.3496057390638 18.0406309488227 31.342170486683113 47.30656894311668 63.97033537569693 80.90246398920122 81.50843791597877 65.60552017655206 50.62857529731122 37.697884934992075 29.62630509346022 30.545292786516647 39.83743719592688 53.28918676655369 68.49206511025669 84.50620138632198 87.54808029531351 72.94142997814762 59.790824254891064 49.27613760246011 43.35939832574201 43.939068305884916 50.79321449040903 61.870543614479274 75.33048725533584 90.11162559309402 95.31486781542142 82.06223106049505 70.5846532800367 61.87790044156201 57.221094187235074 57.604951606049326 62.93731048989597 72.1288945318235 83.92107943410785 97.37358724224298 104.42403061174753 92.44099060777765 82.3710163072475 74.98880528755724 71.13611261326864 71.38670132064344 75.69983316753 83.44793206557696 93.78346868415501 105.95192135293983
34.67810367309852 17.826139293045166 66.16218534562117 59.218150903706665 65.2304353052674 63.716705245734325 41.07789775285446 78.86279404932422 25.07406851851414 39.43898341283696 24.12430874701931 35.302936276750934 0.0 52.99573696803278 11.708223421251578 5.724140922282391 67.40982337969689 20.52277602388225 28.998655809307316 26.383639201370354 47.049988261056825 63.32213263750179 41.003342417364685 41.37362654941541 85.18995619742918 15.959305019437846 10.633459102115612 69.65791947991676 22.47180909034875 30.687595859137915 12.18424069145949 33.268381707631974 21.663506475702935 24.825179451129898 31.474763910725624 10.741339813638959 60.582528783417274 39.265753952518615 21.04797139123111 22.552385280944776 126.71141394199763 111.78960629431201 97.65626202125853 84.70696980345335 73.56963870923218 65.17981690558811 60.68789920242994 60.96170497272337 65.9418958066217 74.69292843143221 120.56098539426186 104.80006087825119 89.60947138742796 75.33501845948518 62.606514774422266 52.559389458443285 46.94790933091833 47.37537338277884 53.697754683793576 64.19637649623908 115.79967293038864 99.31174103330672 83.15520413734332 67.56820594855701 53.05511612593572 40.7791202860348 33.31270579920349 33.988887834838174 42.42005465643989 55.15782800337141 112.60389732638701 95.5836784333209 78.68642429102799 62.012732948415206 45.80738611790629 30.818275315272558 19.998186395505456 21.184917277835783 33.111718111345716 48.40126989808911 111.10887443585773 93.82598897968909 76.55170755018301 59.2935505843873 42.07136608410282 24.959728337643277 8.642321703296014 11.185030236272905 27.825052912405013 44.96749636123526 111.38313111040183 94.14911872831401 76.94559388745967 59.79887524106599 42.77732742394316 26.126752630534934 11.577040405325695 13.570619960995488 28.861891617748295 45.61325519440997 113.41382883925516 96.53216955824453 79.83065807556224 63.45170761707361 47.72856012825873 33.59498066683191 24.040403944515436 25.019399260634174 35.675070828888906 50.181291729572266 117.10960451512456 100.82915896672944 84.95343478647685 69.75929918032037 55.80627669375046 44.283497727768435 37.50230366207041 38.08574989844071 45.75295473623209 57.74814581635652 122.31957484102415 106.80928334847286 91.94057120080016 78.08082517239312 65.87004547078911 56.389817565887185 51.18067178257828 51.553969851016404 57.4009011685339 67.30985148340126 128.86013917410315 114.20837572320167 100.40350525054707 87.84570457546982 77.14638632560862 69.17337059281238 64.93872989831905 65.17526561605621 69.83756167789868 78.13736596310552
52.431690398806815 36.50385509240984 53.575448503477546 59.239469693048406 36.0143053311607 46.89021276384131 51.140664363803126 44.89181670138435 78.05491098107653 18.06653469528497 73.95354486741506 29.406971046521747 52.99573696803278 0.0 57.186191200902556 58.08899003931395 45.7477921481574 70.59848326842683 77.19745885293958 78.48325795773745 23.36164356250659 47.37002326846014 59.674416451010195 24.527582359707967 51.48923901078439 38.70367762327194 45.778576861249554 41.54317213800646 75.16418107651148 29.19104652615302 44.908341819921404 38.047496863122525 32.17077732604156 28.76880569083509 21.52118129183653 62.61223861608583 32.05986255932053 14.350234711655961 70.22635297138137 43.738602423306915 102.60145043784132 93.02174975768192 85.89362877281178 81.8600405551962 81.38241982152412 84.52107141246914 90.90217824478788 99.90636489461525 110.89652259016277 123.3429241477233 91.71361350774724 80.91386697440375 72.67332595067364 67.92983299603306 67.42554106052941 71.25051883359359 78.77665105224276 89.07062668416724 101.29207172523454 114.82718545683339 81.8317157375239 69.56969246754439 59.851100929051 54.065388354205965 53.50399907047573 58.31800218075638 67.36468365012615 79.20676480679398 92.77996735152394 107.43013010666841 73.3635500239679 59.42840251116216 47.74898633832977 40.334879275136785 39.655332484829074 46.00972094426781 57.09596804294547 70.72277448299646 85.68651126447126 101.39700051233521 66.84869446015477 51.209874939080336 37.079174310363086 26.944193805926947 25.996625323971337 34.99099902389945 48.69934325226264 64.16847037084145 80.38824343293984 96.98276811181607 62.89717925415586 45.95763147305528 29.44258206425207 14.843867492273857 13.134998331583642 26.896635026300125 43.2786643258204 60.17781660571412 77.25548169897014 94.41484157239066 62.001124195366856 44.7291863239701 27.494988155820447 10.486286041448915 7.91603265327822 24.780607493818806 42.00246420542294 59.27097981021069 76.5545860988477 93.8449455998379 64.28843034620196 47.83556770376629 32.28301346616219 19.87099743699294 18.607317904642425 29.938606845465934 45.22300564825597 61.58435239273285 78.35085729673368 95.30893650823418 69.4452278078044 54.54103107242761 41.539346409690886 32.78748777261565 31.9879701350275 39.62511750022515 52.113131407118054 66.78409853963713 82.48128269440281 98.71634614606963 76.89630509898039 63.71921144407204 52.97110181533077 46.37284657455744 45.756395430705666 51.337686914066204 61.45056569308928 74.2663416470738 88.62003458830449 103.87605648148944
46.35411238544553 26.173949678088075 77.08807528849417 70.73359751483252 74.42246577299234 74.20995901521147 52.635509294014284 87.93007883824059 25.219668803378784 46.44034506346679 16.774979383804602 44.55063754262691 11.708223421251578 57.186191200902556 0.0 8.788953111605652 77.56475547143933 13.515248280182808 35.73302525170993 22.19195661453977 55.48100144090162 73.88108126947265 52.70049341614958 49.950368956506125 94.45481797903665 18.587556705139168 21.480425318641945 79.17566829882209 20.200061062357378 39.511529529033076 22.992406286251498 43.858591305838786 28.997394622104043 31.51924204201072 36.3619820342129 8.798849098150392 69.6137942641298 42.863696389179225 13.040192235030853 33.75420051331307 137.54967360617428 122.91967379684449 109.07460586152915 96.35342766342453 85.26069635453479 76.50803621467708 70.96663166953145 69.40991253653068 72.09645656276689 78.59231566867348 130.9077680307505 115.47444932839991 100.65064131229028 86.74936989919301 74.29033040767399 64.11982251534052 57.46606407323553 55.6061492482074 58.995233552078524 66.83958230690928 125.4927695811488 109.32658648819046 93.56748822954631 78.46115114308081 64.46809031382746 52.486399607886334 44.183873348495126 41.812823745965346 46.29378835677428 56.00555772844628 121.46895514183957 104.70495803635279 88.14907366996643 71.9451174007508 56.39725546775957 42.23636713085769 31.398738353803342 28.045687898857384 34.43762806798141 46.73381668429068 118.97761767825362 101.81767929249057 84.71551661358363 67.71491950979376 50.917723082119004 34.62125581307551 20.083844623277308 14.380643455973823 24.677066846445943 40.12262429921889 118.11580392199404 100.81391673789541 83.51204753588246 66.21021041304994 48.9084394143737 31.606843130297868 14.30605546897124 3.007909108301871 20.301364856353786 37.602618480128235 118.91895927197083 101.74944290233522 84.63387078758753 67.61322159919236 50.78302947395523 34.42378722775321 19.74312206011389 13.903140195537576 24.40320558762722 39.955578779971034 121.35401927862823 104.57220981502552 87.9920794525264 71.75357090445563 56.15383993258868 41.91231861105876 30.963544275994277 27.559927567643673 34.0450885087562 46.446705009317725 125.32586371047762 109.13583854003937 93.34557106094532 78.19760395057408 64.14857858753955 52.0952996961516 43.72076864164395 41.325491109253896 45.856210755613 55.64614235425462 130.69440383616984 115.23362225885637 100.37552939587252 86.43150352954594 73.92064259669095 63.69314484609941 56.991847645252044 55.11826734329599 58.53780651117107 66.43812825929943
