0.0 68.75816175209135 40.47407615901643 30.8956597668304 38.38570424546892 32.40580845082028 100.07721580051586 71.82388948823167 18.60502282359119 80.01584901364525 33.20965843687537 13.246607451307431 25.177737250644835 35.647910775751555 23.54331344998678 40.9794992786048 10.932402438774075 49.477452202185184 73.99950036348157 68.831580605001 40.82498127157744 65.70353900192436 46.92192506423691 11.945600102185375 65.31321495284608 28.451249321575677 95.16890843250275 62.83115273793854 1.899448089757805 75.90699592958318 5.018824426642036 21.769971052798176 26.98259229227232 32.30735741165215 71.00609359463051 31.5602242622314 18.234471424255382 42.72649097584182 64.38447465335341 56.44742791072441 70.279948831079 56.45975149922609 45.109228115828685 38.47970859210923 39.05432211389543 46.567142584975876 58.39917851776781 72.46472193248064 87.69557792732445 103.57895269381662 63.73096072361215 48.10490852438448 34.13561089734271 24.801380533599726 25.76214003663547 36.207431281682524 50.56658124301687 66.34524123853652 82.73520272016454 99.43463853698408 59.8755128767904 42.89176854531933 26.325723541003853 12.045612284172245 13.995105393577697 29.074771176868907 45.75516153755433 62.772927604124625 79.91282260672666 97.1102010000001 59.24190291845533 42.006845449560515 24.864846218414836 8.405926476455557 11.035041096894732 27.777656015456426 44.945942253286724 62.188349278438395 79.45663821566706 96.73694969714461 61.92910856547944 45.70226540873028 30.6739559387978 19.79388835145949 21.009911777615244 33.01131174966852 48.34034492689792 64.67258403323162 81.40644468993557 98.33711040177535 67.54188834413425 53.02890890191732 40.7545346449741 33.294255143377896 33.98221849185028 42.42385341234881 55.16777972415972 69.89916249560427 85.59795752200526 101.81766134921935 75.42989649842723 62.726940682473575 52.710263208309065 47.12512669696594 47.559291874339095 53.86741018125226 64.34448285811526 77.31384111132652 91.72431814284748 106.99520553824185 84.96167506767964 73.86807676092936 65.52247597688535 61.06220198995518 61.34073463548154 66.29837478710023 75.01305775077098 86.35472613893484 99.42843747799442 113.63795664760497 95.64693266187994 85.89245885647377 78.77423100152691 75.04619025877012 75.21414824344215 79.25333898813311 86.62390897743937 96.56602763367466 108.37425893414216 121.50575511311624 107.1409831714772 98.47693556937931 92.27620682045627 89.05484149393341 89.13644700329988 92.51228306421511 98.84540350173238 107.6149618357531 118.28026534268017 130.3769046586639
68.75816175209135 0.0 35.6521585755872 73.99963807992944 30.61569342342594 97.8064275034339 39.902553600452215 8.86675839083688 67.43168767976813 12.09221216733802 97.03235240691846 57.800702928280785 59.230119221651975 104.27856951679223 58.47964988964354 66.86552921440082 61.39286517802673 20.71168953717668 26.91488020593679 14.256211483132956 28.569658429424162 6.84294147363659 43.666983731042855 75.09410410239248 28.52407971790854 96.91028754774557 32.5341952026092 7.220086235382782 66.96206220528238 18.072677011270617 73.60563728670988 47.72215035752498 62.373359379955325 101.0386849428696 16.75150818443129 37.47549540231772 55.21103898399645 29.19001677030989 19.80777204415793 14.014231905958862 138.47389312561788 123.37017854630301 108.92234145784737 95.42874629987533 83.35411453675833 73.402076527904 66.53205923369683 63.748400859943885 65.57359192275058 71.65631125158166 132.4876182707771 116.64298158669796 101.27636775007505 86.64249262982555 73.18225021922406 61.668981822532444 53.37776920153605 49.94006933293565 52.321469390763184 59.831121898167346 127.7698165834419 111.28058987010678 95.08060016502306 79.34720264561737 64.42316199817327 51.02368303397542 40.68409828554668 36.134231287968 39.43192466475157 49.01813837014804 124.46488574114893 107.48754387096882 90.63303786065421 73.98536460645833 57.72375559315604 42.29587336119592 29.061331814130188 22.335896446648878 27.421427628552312 40.04607691325425 122.68710691498983 105.43341160950906 88.19861458069867 70.9964801534984 53.85831434721711 36.873420025476726 20.42776136402847 8.582016909715545 18.130687909045776 34.38758386095763 122.50301053441099 105.22011475820581 87.94470407075988 70.6822669634333 53.44537600880825 36.270470564847116 19.323543099268893 5.474035574060345 16.889176346589082 33.752584412295505 123.91970218683525 106.85868018473766 89.88978960578909 73.07723875312328 56.56061506115427 40.701785370628755 26.699799485947725 19.179026482394068 24.929954372811622 38.39117082402499 126.8835536983076 110.26655992545336 93.89728720236435 77.93199033642757 62.68012411792635 48.81504961588544 37.891007463063644 32.973566567517786 36.57173780215222 46.75934331888315 131.28978544221386 115.28691186487467 99.71880057992466 84.8251683587848 71.03155666055927 59.11309290592999 50.41761915351184 46.77838973643472 49.327497692647704 57.24411906856141 136.9992371151632 121.72031343194159 107.05874089992697 93.30599591696419 80.92675277926267 70.64676445159783 63.49399113761776 60.58633562842141 62.518931456248765 68.88559419207826
40.47407615901643 35.6521585755872 0.0 38.41568915232782 13.476723639692143 64.60074174911847 74.35699462556722 42.2949386383572 33.272422456527515 47.72215876864629 63.26078371583943 27.38264596862995 44.345974219906246 75.21213945235436 42.62422272504861 31.937135423063253 30.470044693557817 15.561883508100424 53.70005753491498 42.984137217055704 12.200125434363716 36.08016755606832 13.171348159668817 43.023086680065155 24.845991781116233 66.07049918543261 67.53890059819065 28.4794712001683 38.58225672808199 36.86939543158427 44.47207746220716 19.60714115207758 48.167939057311024 71.58820612570841 31.95704706602887 14.36833947526748 23.062185848334234 7.416706245927414 42.62365549748324 29.385842271890713 110.05092649728512 96.8781885538414 85.19537572957472 75.6955236989698 69.28249566000038 66.8506375164432 68.8232729718923 74.85298727135873 84.0713276855744 95.55991946602451 101.99020851225947 87.65845520420756 74.59696206024663 63.593306032565934 55.87674149049096 52.90568732257183 55.44829218858826 62.83879618698758 73.63161922538072 86.56336544402582 95.34594313716259 79.86772656141173 65.31129122135151 52.4498037899697 42.83812806388672 38.96068090142432 42.42016311241026 51.76593438295019 64.48767191027494 78.97033516439177 90.43098958472733 73.9591037417145 57.972792782310655 43.016867708454974 30.63931526195047 25.01589294492482 30.191599622880997 42.3790160761403 57.263774300909496 73.21891298397006 87.537196046776 70.4081218023785 53.39063158839344 36.64053041034957 20.813706968722855 11.072729044704115 20.266061800611613 36.02130196154049 52.75479249117684 69.7661455739451 86.86683299236743 69.57675510066527 52.294517780065306 35.031726943731144 17.844908483094674 2.89364617390187 17.2342444246709 34.41480403690541 51.67641489313502 68.95823764290056 88.47046679449035 71.55986581478004 54.89369279433034 38.78830795963487 24.381558046385017 16.825579449286387 23.88413882644005 38.16433235096014 54.23368559054316 70.88569146363675 92.22953505577232 76.13782401575023 60.71538770911706 46.63107668868997 35.51429671775439 30.76982579315464 35.0857241212713 45.97763417861221 59.96321040392788 75.33883002075271 97.89600550850331 82.88170320364135 68.94801905636218 56.89451390341956 48.154396140050714 44.71476040196525 47.73549520968567 56.184063424713045 68.0685260433559 81.90667413086052 105.16192455458255 91.3127838229008 78.8398077777904 68.4989253874212 61.37741405532839 58.65976322196044 60.938045379692674 67.70981920221674 77.81060690040628 90.12800987423417
30.8956597668304 73.99963807992944 38.41568915232782 0.0 46.21349053757925 32.15609389539214 111.81939353265874 80.14454438057963 12.865763875814645 86.08844614102075 29.42292490633248 25.98959117500921 53.48442737419607 50.60208836550169 51.544985523878445 14.709474651105525 24.08927741970892 53.48034274202892 88.79645314250453 79.78640155494777 47.06160279302345 73.78520076732227 35.051165106087126 21.504770827618056 58.112748342455134 39.32789807946891 105.37550089545998 66.86574618943594 30.250841544268262 73.65741945852234 30.186234998274944 32.81500789017167 56.199221713359464 46.83566753474285 68.9609146303505 40.819483525631846 23.904956230439364 44.92198715474423 77.82333237793588 65.92750832169415 82.9383660462267 74.04257768270558 68.44359464734 66.97342441327704 69.89309764288076 76.70294785463939 86.48890629350964 98.36671797177324 111.67086946553344 125.9501749073418 71.90123995267979 61.49092538716588 54.691675676535795 52.91431523559601 56.63364733645345 64.91159487784428 76.27817626020645 89.56508852452342 104.03917471681326 119.26900080596434 62.15303647271046 49.802823130538236 41.18675355528354 38.87264298695539 43.86937775815842 54.19103675593934 67.4353086454325 82.20145659922399 97.80257823447904 113.89607270986866 54.391415451698784 39.74775111881359 28.28519014207072 24.878321124472055 32.19503627589539 45.30806195217619 60.56262224434164 76.69128090274765 93.24153869374646 110.02330265651511 49.55884967229018 32.86083270570262 17.38683777729389 11.112289871596738 23.310446177679303 39.52194165685396 56.385316352407585 73.45295762931113 90.6095090225803 107.81253323526063 48.538310769461994 31.307828786144473 14.251533836523144 4.974518321072665 21.097369286287478 38.26441808676866 55.51527658831871 72.79038205886944 90.07578502746456 107.36651209193921 51.55668331649855 35.78997892620045 22.415745904423694 17.964431896142827 27.233950103482 41.944813017923735 58.10127981331453 74.7720681051671 91.67702927893994 108.70696988678112 57.986612476061694 44.5203030374059 34.64644564484151 31.896765765870974 37.85683285824349 49.47306922966226 63.72392032127045 79.19974823384247 95.30567074667022 111.7696304435148 66.85076275129218 55.52994254272965 47.92523180356092 45.92150318084531 50.1940668974727 59.40376701305948 71.67198898584961 85.69506264121536 100.7428250685876 116.4186116136779 77.31628290797144 67.71601209125221 61.57763350319841 59.97372396123601 63.25018693529224 70.73203441508308 81.26592890655866 93.82951386807242 107.71490197337253 122.4733379303509
38.38570424546892 30.61569342342594 13.476723639692143 46.21349053757925 0.0 67.33784755825378 65.85910248359836 34.94232673830921 37.70446030527653 42.29133747260473 66.73545266521074 27.203864085372416 34.61087160614443 74.02570973704638 33.19472152099466 43.0542139268571 30.80529923667959 11.345909143976249 42.74461869447131 33.712632134042366 2.871217158130896 28.560557864443467 26.639247293382546 44.53540772366809 32.09961437802824 66.3372200531168 59.778559104104716 24.452846229603928 36.54925792540548 38.444278056316975 43.14016986850928 17.107080381912805 38.35133567340245 70.68732513403083 33.711708362977525 6.871379813137731 24.966403631231163 8.107087025706077 31.68572205585328 19.955388014118103 108.52816448643642 94.0096358022266 80.59751581000768 68.94059965193871 60.06955802063781 55.34072746349929 55.81701556543452 61.3773666111138 70.8344678284777 82.86471702561239 102.0310984052753 86.46420353668918 71.69712196935036 58.34039302523732 47.59654370149911 41.54474504373931 42.25169894388393 49.428247399739554 60.826002439677815 74.53293808033835 97.15812955834843 80.6837050385286 64.64308460107745 49.460150862622484 36.22974839326577 27.885351398903556 29.005188938793747 38.77781784527741 52.581815649672556 68.00504044446967 94.16181633545655 77.06640483807017 60.08932194046815 43.3697501193174 27.38350958368707 14.747566795862133 16.8474809170956 30.80417597793909 47.03902273301175 63.83693930031297 93.22333284061088 75.92218484378216 58.621498768329154 41.32185481179917 24.02550422321617 6.75778233761339 10.621863862599474 27.905088470724184 45.202627512708716 62.50259759719122 94.40408383256336 77.36087483706731 60.464794759438306 43.886107067323266 28.19045796444186 16.19030529280688 18.118018357920914 31.51367530890887 47.50445676186118 64.1790279725155 97.62719018563136 81.24535684834136 65.33955406706785 50.36284555544514 37.44709160613056 29.44253212068405 30.498365468028933 39.90172258671698 53.412116651082904 68.64597960154452 102.70049948991577 87.24951857436615 72.63793144269626 59.487514438993244 48.989431117105866 43.12619906180807 43.80043866446731 50.752266020501764 61.901625847057964 75.40911586783962 109.36676602453444 94.97211125435447 81.71298697014826 70.23546455637958 61.544509438123654 56.930929391213766 57.38669462200272 62.801533714123444 72.0661534485395 83.91499405655846 117.35475618199828 104.03104408671113 92.04057096384051 81.97050998888008 74.60262426787516 70.78578828463387 71.09425668955217 75.47746737359485 83.2946100513068 93.69004899850918
32.40580845082028 97.8064275034339 64.60074174911847 32.15609389539214 67.33784755825378 0.0 131.68624364148693 102.11755546929305 31.399301402567822 109.61687569036224 3.809043136143568 40.23654402466242 56.14700857065888 22.228665755217698 54.84375855123015 46.8133596103658 36.627016237435086 77.3475475642222 106.03086010943471 99.91525190699792 69.24028355108744 95.79222066594086 65.25805229420482 22.902167787998064 87.59273302943076 12.19201434730283 126.34746591943563 91.20491475986003 33.64578249066154 101.45151638824811 27.622665420645287 50.363222097084304 56.92397750697937 19.249413872483366 96.5504938089632 60.59341586903135 42.62900045935468 69.33372339177208 96.04479103595412 86.80608104959629 51.08839017464409 44.31854997045668 43.78297125753265 49.68367652059587 60.15555911825594 73.26403833200858 87.83650591922438 103.25496923039205 119.19156852924705 135.46355888155225 39.74754277031266 30.637966107403916 29.936804214328 38.11100883452676 51.06265965097158 66.03825327229919 81.93543829253981 98.30814141940317 114.95335905738841 131.76785767311932 30.890668549088364 17.773862551826273 16.62225914644554 28.90331003140094 44.645444167623815 61.23514155759169 78.13438398499582 95.17843181261307 112.30137277134102 129.47190928048576 27.076396382695787 9.788687477252378 7.564335122096925 24.846197516102144 42.144531057264246 59.44495829691244 76.7460633365943 94.04747210991269 111.3490430346075 128.65071068998301 30.274804882666288 16.6857045646984 15.4587958575219 28.25329553019194 44.22935398206744 60.93386173071519 77.89960181889302 94.98669974276487 112.13969412671204 129.3323686319121 38.78825216525184 29.38861334657854 28.662911908062835 37.123365686328064 50.33324822528869 65.47852556441063 81.48710682898393 97.93655948943604 114.63725670910341 131.4935032718672 49.97016082920897 43.03072909425725 42.48500101098007 48.54906762091232 59.22629157905645 72.50655317174744 87.2086686209122 102.72394318444708 118.73403098853377 135.06308421106016 62.40204412523439 56.940827471534256 56.472991133785 61.11331928783158 69.85109185545922 81.37696507299985 94.6781074345556 109.10717566564625 124.27190232341479 139.93331913053612 75.46855683041011 70.96135120362828 70.52810105522173 74.24016494804029 81.53330928943376 91.55571164436822 103.51765803069227 116.82487787918633 131.06825716392777 145.9740160330717 88.89013023789734 85.03754888436515 84.61674065720526 87.67713208869736 93.8788836513809 102.65421916342251 113.40728036582186 125.6312555799242 138.93844725954403 153.0465631227032
100.07721580051586 39.902553600452215 74.35699462556722 111.81939353265874 65.85910248359836 131.68624364148693 0.0 32.1303791230578 103.45511709915813 29.328888935102437 131.59763032177813 91.76064736019285 82.5650337562047 133.5983154482316 82.72638076854565 106.17181071306632 95.31508414254075 58.80148346826822 26.82473226497235 32.15625108196284 64.77648702016965 38.27696373520696 83.4823216123284 108.85831510109877 67.04919418073658 128.35079578934617 7.925469077898884 46.92491881562144 98.54429147617329 51.61685465655448 105.09418905877065 81.83777145021263 84.39890395973725 130.90728418794743 53.36478962033732 72.01219098220369 90.50817597436836 67.23941304269812 35.69822675519872 45.938949586992116 165.6367689071748 149.11158717196724 132.78439137096126 116.73828293637727 101.10717958134403 86.11736045650942 72.16952771450075 59.99487177034168 50.88252643867044 46.66241854819697 162.17807636404444 145.27786136344756 128.484605456612 111.8464973273477 95.44470848460558 79.42577717255878 64.07748488980405 50.021019070403334 38.69094101549441 33.02398784708366 159.86936199431622 142.7079288584718 125.5850500790133 108.51897731444917 91.54148710405791 74.71299133989454 58.16296139831008 42.22014770534066 27.943934152189893 19.43959437752791 158.76083667599244 141.47071767865697 124.18388829569403 106.90194440345144 89.62771209577517 72.36671394430483 55.13138173457016 37.95669466807142 20.99203519399371 6.271671734598394 158.87764035929118 141.60118315655853 124.33180934524222 107.07294633718405 89.83065255323964 72.61673166371118 55.45761061810413 38.42677077244443 21.826592201040004 8.654294934318374 160.21709148235985 143.09558259969995 126.02335649182896 109.02356749313945 92.13631977690744 75.43723113191444 59.08605186883549 43.47710289191713 29.80044785182594 22.013318113249767 162.74898618847484 145.91199366903294 129.1978896951901 112.66138167674785 96.393913477902 80.55863457577289 65.46990200746292 51.78445662727301 40.93481699917427 35.614546924679836 166.41887258282824 149.97591725593819 133.74981153842833 117.83017500494093 102.36009927026227 87.57814470364971 73.898407718767 62.05416685271235 53.28382785768159 49.25763621648966 171.15351286778292 155.18932314558594 139.5443344156873 124.33909568298138 109.75652309719477 96.08055063092162 83.75645800335103 73.46775146952233 66.17077116077255 62.91522556212915 176.8673541445126 161.44081814288728 146.43394209188997 131.98994607609396 118.31516035395438 105.70852998115814 94.59806704978872 85.56856961846563 79.33379331797984 76.57941144235299
71.82388948823167 8.86675839083688 42.2949386383572 80.14454438057963 34.94232673830921 102.11755546929305 32.1303791230578 0.0 72.57740627508329 9.330941079329811 101.6325448849278 61.881755221753565 59.23745435432055 106.88183776999473 58.77490541746645 74.04867938482975 65.49233759086368 26.78153828536878 18.580093915376448 6.943166729428274 33.431410109697154 6.401759382708446 51.48507385095415 79.23373644915041 37.38595065134393 100.24539160134759 25.26586460075228 15.120756291554219 70.11447305926852 25.94208721990767 76.78797461890944 51.75517793190109 62.03028705125445 103.81749080249966 25.344410538173193 41.554009621223464 59.908566288075896 35.29878787845675 13.902502706802736 15.392171472835923 140.52196203961822 124.89436582552284 109.77012862197013 95.38897936445963 82.14214116365062 70.67038311994489 61.96751141186093 57.30915822020136 57.68365874659404 63.001326033890955 135.35456536406878 119.07801653967982 103.13580452586424 87.71042595800115 73.12966540945088 60.01234538743682 49.535035377988024 43.642437557888215 44.20757262321858 51.01628263234106 131.4872432814156 114.68365774743289 98.05354128506967 81.70288831205079 65.840233553789 50.92366980391869 38.081666642181865 30.09843714062939 30.989157757310476 40.16776412549115 129.03699841087968 111.87903898751922 94.77343614309508 77.75475200736412 60.895904204441585 44.37942390169579 28.800482819840404 16.97394424754128 18.58693583786057 31.64721176061941 128.0852175690253 110.78500431873029 93.48542664097789 76.18691749073231 58.89041848537844 41.59843713622578 24.320611528493558 7.16016118628693 10.476509984611358 27.694046379176022 128.6651726695177 111.4519551418435 94.27121954584739 77.14467089351305 60.11863723323351 43.31181964794985 27.134660170830184 13.977794064132247 15.911648379688655 30.161154891094817 130.75647562701445 113.8489376532258 97.08045939851405 80.53794692745294 64.39578013854003 49.05081457212464 35.55078939993506 26.841109328740465 27.852144968083092 37.81202341760891 134.28850643136371 117.87042175173671 101.74564141854857 86.07915328961104 71.17423392148206 57.624893731890914 46.62822150902376 40.329388351998126 40.9564884836154 48.2401719863987 139.15155175198356 123.35757810787264 108.02652147435072 93.38664867690028 79.81918632015308 67.9693931361756 58.88356177076002 53.976002403884095 54.389735883309925 60.01481024431342 145.2118832346673 130.12505081174675 115.66009693808415 102.08172489844127 89.79304234153877 79.39517433930979 71.71532838163787 67.68511138170923 67.95698376250337 72.48255198947034
18.60502282359119 67.43168767976813 33.272422456527515 12.865763875814645 37.70446030527653 31.399301402567822 103.45511709915813 72.57740627508329 0.0 79.43575182898128 29.992059229871778 13.656786528000676 40.63482331536367 44.984517054532084 38.703840526527685 22.72105941076546 11.320807677039376 46.74504081429758 79.20851910971217 71.30558910849354 39.167012620576976 66.17802816444517 34.574106740437685 12.135465957758917 56.33843365008981 34.53317615178764 97.4807274997918 60.580612244632334 17.71343033744871 70.07812467735198 18.957762292369825 22.075506123806942 43.33370167353453 41.173247939147736 65.18764251320148 31.454292323537633 13.048336482830221 38.442305859722644 68.50200549309983 57.64634655741991 79.2079561409134 68.09871294430114 59.99722691201456 56.21919524115943 57.621408643252316 63.86355532316171 73.72637795859707 85.9726820505431 99.7282480264568 114.45017690196956 69.81323741895767 56.954594783141275 47.03688489589859 42.1878672179437 44.11200138301662 52.06367368468091 63.82858681596136 77.69334461864634 92.72069901971466 108.42834122461394 62.25206546119834 47.43231620422515 34.97197949932363 28.195103174754504 31.074074391935618 41.65263639838457 55.70454112428924 71.20224327967699 87.37981893683425 103.92023782640565 57.25564729675314 40.68716196050006 25.12755072528987 14.354620111178173 19.478939592712532 33.933990522943056 50.22265419104426 67.021093181099 84.02411275569727 101.12857545494373 55.52085288235161 38.21905194374426 20.917465477802423 3.6191706775668555 13.688317450054393 30.989599492011045 48.29134624939518 65.59318998436017 82.89506997350175 100.19696743584815 57.3444880831373 40.81151490063697 25.3274907985653 14.700218995884155 19.733821059684697 34.08025169237599 50.32112900084556 67.09456832795077 84.08245227739022 101.17682081134217 62.415397470822924 47.645500061004924 35.25925659074849 28.54901643293622 31.394062622528395 41.890782533906226 55.88199906343558 71.34050491804949 87.49198322781511 104.01411577640614 70.03164311368977 57.22087983201147 47.3574906233165 42.54338403861752 44.45055579794729 52.34948972043907 64.06083838916591 77.88335980185376 92.87921850729876 108.56327880275173 79.46460551859006 68.39569912623851 60.332559487000296 56.57527513182836 57.96726425322822 64.17432228323301 73.99446940583697 86.20160851870007 99.9247269993292 114.62060358545605 90.14565563959007 80.50652990297664 73.72280959419314 70.62218577240543 71.68418768151056 76.73618165691342 85.07026247911901 95.83395385865722 108.3052770485602 121.961504298688
80.01584901364525 12.09221216733802 47.72215876864629 86.08844614102075 42.29133747260473 109.61687569036224 29.328888935102437 9.330941079329811 79.43575182898128 0.0 108.92906451139143 69.48428978758963 68.41756669258312 115.33334830804559 67.89938587885159 78.73516818747098 73.09016688989274 32.77282122867523 24.709463533416685 15.672550796440586 40.412752689253864 14.494672373233994 55.22764194920763 86.82601524411625 37.72043187094981 108.33321638839953 21.55402075717377 19.24503916104002 78.25971161550585 22.877433432346876 84.92904775973682 59.362489340914145 71.2693900323657 112.18669081336114 24.101007428224708 49.094771857922126 67.0928797549361 41.27441940343173 22.80482867945966 23.788308819040385 149.22153501353282 133.7679629808452 118.82492624727705 104.61143362659719 91.46821723357446 79.92503521178043 70.769213044557 65.017271153003 63.599554664073764 66.79262632085735 143.70249056534155 127.61120463386328 111.8817891152739 96.69100970473708 82.33753345070517 69.34326864964356 58.619193399169326 51.60069958991541 49.87740968923422 53.959069971666636 139.37949057321532 122.7455377395891 106.32496844044357 90.2343506062261 74.68724376743926 60.10688788126888 47.39407976776867 38.44823611623325 36.18068768096447 41.69561966079675 136.36639566775048 119.32907394906248 102.38053080280034 85.57353248096852 69.01157157347289 52.925190002800704 37.92447282024655 25.964720615804357 22.556129338611775 30.693686662696038 134.7511489486907 117.4883568653375 100.23905978746402 83.01167067033354 65.82339310718274 48.71564374071842 31.818580456640785 15.82224483937762 9.326202524049158 22.85445093550408 134.58411311779395 117.29761987569148 100.01646473882782 82.7439923786747 65.48707350487558 48.262395125704586 31.123531866968094 14.38065207314582 6.606476957852271 21.89066895075725 135.8706318347212 118.76481558926524 101.72534622441736 84.79223150035489 68.04491749575335 51.66440638491423 36.152770200203754 23.314084051444418 19.462323940015946 28.508409410497087 138.5702075631852 121.83003899360986 105.27166133936282 88.99660254299972 73.19409915075576 58.25002437910163 45.02735649940423 35.5044874633886 33.051213749971495 39.02441715462707 142.602574865746 126.37702309509744 110.47856127589951 95.07142559349573 80.43843829334455 67.0880889125727 55.94625922430691 48.557791310695784 46.73796317086975 51.085401382166324 147.8586761972366 132.25296176636553 117.12471709273561 102.68519124829612 89.26921832005111 77.41081234446474 67.9306270184399 61.93062245433981 60.45601375676443 63.821257371494696
33.20965843687537 97.03235240691846 63.26078371583943 29.42292490633248 66.73545266521074 3.809043136143568 131.59763032177813 101.6325448849278 29.992059229871778 108.92906451139143 0.0 39.87819038451718 57.57265018885199 26.035663332057165 56.17548351458253 43.95924742812395 36.29863432400713 76.45382905560307 106.20799315208674 99.67939331753048 68.51632622109956 95.27410133857848 63.21754721969974 22.796981316008402 85.78918764239238 15.81427268505806 126.08827657839528 90.32041426611774 34.28085700539181 100.02372188570473 28.646618086471694 49.93501571771331 58.575669677757 23.022056278800193 95.14662483715132 60.08071969322371 41.83621436576389 68.29816264217513 96.04479103595412 86.39686904841227 54.3681419264484 48.046067167761066 47.53585000333699 53.005586991297186 62.914467497444065 75.5352297937953 89.73078853241633 104.86353337637821 120.5811328702616 136.68197147597763 42.62639413822081 34.27453297249812 33.63310949908478 41.06503146854996 53.29348811309607 67.76992881625313 83.33090026466814 99.46870330218297 115.94272398343728 132.6277341395058 32.90354737806076 21.06498085557062 20.088188133900196 31.016916065806473 46.03558143031531 62.25120343145868 78.9294735527691 95.829135222772 112.8507705569472 129.94645654466223 27.437331301959905 10.742643859211219 8.758718570944318 25.233695938785864 42.37307135745153 59.60644635944395 76.87062654058921 94.14866705209005 111.434120880575 128.72400161182924 28.766392201308776 13.775384523847219 12.277225192916635 26.653563350009915 43.22970924287604 60.215581242264676 77.34169527884734 94.53186010017602 111.75652312285985 129.00186621953222 36.14881578514824 25.822525542132468 25.01158871049191 34.39574270190967 48.365953561759504 63.98573757922491 80.29816040748103 96.95424342274626 113.80319359328682 130.7704830142815 46.8027245703446 39.3258493638065 38.7460490482605 45.32876231717585 56.62899926024227 70.41091469933862 85.48249380912955 101.26955650215038 117.48402396723694 133.97079975783674 58.981074908268255 53.18747510451654 52.7043453414708 57.66531649943441 66.86949704642699 78.84459868949635 92.52087358292111 107.24949208760577 122.65192723975886 138.50356369354253 71.9133860199252 67.18586023144373 66.74605964325622 70.67407641737886 78.31542385487737 88.71571498903916 101.02644453023736 114.63375959238141 129.12841328297412 144.24315349350076 85.257109087189 81.25020227055087 80.82758061819587 84.04333351719832 90.5104840839726 99.59766688799374 110.66130520371856 123.1699451488044 136.72756855996303 151.0519854797061
13.246607451307431 57.800702928280785 27.38264596862995 25.98959117500921 27.203864085372416 40.23654402466242 91.76064736019285 61.881755221753565 13.656786528000676 69.48428978758963 39.87819038451718 0.0 28.159293657639008 47.982646614473175 26.16347339744125 31.788970696674166 3.6116211630589747 37.70313983475105 66.72301195813608 59.80169795552598 29.285793267328817 55.56317718756195 33.851637923812305 17.359126608550238 52.17521487404636 39.43658386667509 86.21123489136792 51.427487445607596 11.3973155384647 63.420337225636146 17.09357899301476 10.134522440992068 31.277058717445684 44.431204261979694 58.49211409859701 20.39354901322015 5.221323168710644 30.30298302033314 56.317530025493156 46.57492404582999 82.80916247265377 69.50373084746035 58.334225940086 50.73162063765568 48.40676451997275 52.071436242553844 60.64945338329248 72.41533001493391 86.07151647684614 100.85303157467735 75.34435374717994 60.461429755438516 47.25574185480752 37.54109204846154 34.413222022172576 39.47041818286064 50.30174725511515 64.04159153280285 79.19023247125239 95.07664379427122 69.97435463907735 53.65439024711682 38.208486635849845 25.292190134905752 20.450253916788267 28.20358951142569 42.087808329924435 57.84493349727164 74.29266871744278 91.05754494571059 67.20330732078062 50.00406994626712 32.91265586408452 16.272437720387455 6.712298503591058 20.59201499466062 37.439559564454456 54.572186759550675 71.78607053986437 89.03409284021963 67.3528001317592 50.2038857852212 33.21406210668615 16.87101083714363 8.049931866693147 21.063834190421527 37.69989562181248 54.75027360970328 71.92090170543422 89.14231910403021 70.40422950724341 54.21127850387276 38.98308841878061 26.442596874504243 21.850674073042402 29.23019443328904 42.77929238479406 58.34760259369085 74.68285533531 91.37464809619804 76.00885514841077 61.28375593744931 48.29864118771247 38.839748420867636 35.81899904104605 40.696223968715486 51.26472389861745 64.79713346677433 79.79957651857103 95.58233956837118 83.6550032488027 70.50479809875677 59.51802217279995 52.082288678354544 49.814014563038384 53.37610628476997 61.7679756802895 73.35024430309522 86.85583043747958 101.52001597892811 92.83953169341511 81.14510951669646 71.75355423649607 65.66056568912258 63.81802897127916 66.57976682977456 73.42808369097651 83.36183294443263 95.42222226913181 108.90500175325073 103.15221845626323 92.71721751504921 84.56517314067476 79.40238300335274 77.82603792354864 80.0482964539817 85.77442034446531 94.36872596009951 105.13013614773153 117.4645412289308
25.177737250644835 59.230119221651975 44.345974219906246 53.48442737419607 34.61087160614443 56.14700857065888 82.5650337562047 59.23745435432055 40.63482331536367 68.41756669258312 57.57265018885199 28.159293657639008 0.0 51.98655473110904 2.0081374895440534 59.755189500637314 29.43100746075562 45.0760892990746 55.7405350723745 54.339159116536635 37.46240687500508 54.155626886337046 55.7137256300983 37.098783866370994 66.66085047578345 49.05734903430174 79.07183172167395 55.30764610209273 24.7987419812865 71.69793141517246 29.09735951332248 27.07478798325947 3.8226420918277952 49.795448956421566 67.29221923360336 30.23824951238283 32.170760670823555 42.207319786724206 48.27231797168299 45.2743008810565 83.0721834502143 66.63133960156605 50.766072695752946 36.240361791637206 25.46064560545804 24.12127883305045 33.378715920112576 47.38303732808041 63.046623560573046 79.39340164203283 80.24451863882078 63.08759215708142 46.039319992989334 29.290047376200796 13.960943873279327 11.429007875488422 25.788557091386313 42.40507424051696 59.41417469323052 76.55462870558505 79.8513367236428 62.58902145678047 45.356903872379924 28.21037650348066 11.53756679971909 8.31378640925269 24.573077399264985 41.680531581208385 58.90170442799705 76.15949282762399 81.92770091281683 65.20552339608578 48.88848801800222 33.572609592922525 21.514363666075393 19.93307422175037 30.504080494269633 45.413459244592 61.587153767557076 78.24502931596612 86.29550727812666 70.59152587822373 55.84013622512509 43.032388266982245 34.41163182473018 33.39524978670885 40.559010717614264 52.66433642454683 67.08755212554118 82.62357598034289 92.63112157464035 78.17662617997975 65.1256321281192 54.49599913738975 47.92684807813104 47.147157860510475 52.415924153344065 62.215002999473086 74.78426956473785 88.957125813436 100.56322545739496 87.38997774015489 75.89301424944263 66.94166506783479 61.654837119375976 60.99300670138561 65.09739089121835 73.17027568098175 84.07617791881812 96.86286001949058 109.74609599595628 97.77224399881644 87.5973973375736 79.91171727676263 75.47944958944042 74.88056007478613 78.20316782913496 84.98858072930808 94.4937482822316 105.9894536648895 119.89256409169644 108.98976029740349 99.90987827172738 93.18730978497764 89.35569727918363 88.79009838039765 91.5510650263254 97.35598824531002 105.70456181869898 116.04910742007326 130.77841204999132 120.809947845442 112.63106059186272 106.65425445888013 103.26260722779307 102.71253079501379 105.0486734173395 110.08744462704436 117.48161139120167 126.81985032938181
35.647910775751555 104.27856951679223 75.21213945235436 50.60208836550169 74.02570973704638 22.228665755217698 133.5983154482316 106.88183776999473 44.984517054532084 115.33334830804559 26.035663332057165 47.982646614473175 51.98655473110904 0.0 51.40381659452653 65.06781853131557 44.75187847352921 85.11859655797089 106.93392700693121 103.34061026341024 76.4721189084045 100.91083484273175 79.25123990778778 33.09661205936249 99.77243642983068 11.356403949556217 129.32675696963304 98.45948387542565 37.50282474387218 111.3623368658953 31.033593261939487 57.33361523083607 51.229590510400016 3.8235629180252553 106.44133501364465 67.2077850473346 52.16729983929436 78.18395272935399 98.2440479014241 91.60587468639308 34.840283595924745 23.449948298903397 22.01513650773682 31.90836632836398 46.371682027745585 62.29954568407114 78.80891660711245 95.59899961332079 112.5442293643818 129.58375610073767 28.601283100447752 12.485867996154004 9.61632893219105 25.055219866054344 41.973416358797465 59.1141666354787 76.32768233784883 93.57381504996214 110.83734033624218 128.11122722260185 28.75202493264477 12.82586970883285 10.051878707055357 25.224807888027076 42.07439763236296 59.18557488909735 76.38273986617753 93.61851825174922 110.87490385796312 128.14357177413257 35.21053629820307 23.994125432166857 22.59127184492441 32.30672362463874 46.645412835617456 62.50260798786417 78.96878365125484 95.73020890384842 112.65517441052793 129.6796632682024 45.35786934227236 37.276486043026544 36.337911903223514 43.01230754779908 54.57454249907509 68.59599191357329 83.85193410620411 99.77770757574856 116.09798591529407 132.66725695016487 57.26544032518317 51.048471289984015 50.3116641736639 55.27460581753485 64.63746521996487 76.80770232940644 90.6617103812763 105.53847490933799 121.06153397162436 137.011392566292 70.04104179619314 64.99946746918592 64.36464429238318 68.25963321564413 75.99105899198206 86.53668583109017 99.00125438655692 112.75013158622656 127.36808627693726 142.58807824228026 83.28603629357693 79.03459002619738 78.45414276970624 81.62304902956802 88.13781972524752 97.32888531423797 108.51834906666231 121.15376910423556 134.82923632386797 149.2591494068622 96.8078029650617 93.11565173144106 92.56333029423051 95.20550019997846 100.79124990133701 108.86843656332478 118.93051978712164 130.51924083062232 143.26460675633948 156.8849721978827 110.50463135853448 107.22439461250217 106.68423421107111 108.92492203028905 113.78228873624184 120.94146353036278 130.02278166077792 140.6544264451848 152.5125220522433 165.33338701311658
23.54331344998678 58.47964988964354 42.62422272504861 51.544985523878445 33.19472152099466 54.84375855123015 82.72638076854565 58.77490541746645 38.703840526527685 67.89938587885159 56.17548351458253 26.16347339744125 2.0081374895440534 51.40381659452653 0.0 57.747531840443585 27.47679834625054 43.82126500978114 55.9168194988194 54.05122699875188 36.057506875875134 53.562294655317054 53.86569538896444 35.426246663230565 65.17839714704994 48.072238168192634 79.05765206009414 54.364967819945484 23.079659622915074 70.58368908591723 27.60865646574414 25.139549637745905 5.634363673553081 49.096335866324814 66.1259055067015 28.607270649272294 30.162642998558958 40.68288117606046 48.13550049621459 44.579663669907006 82.94995805258542 66.66058436356155 51.041963071155465 36.95458023546142 26.920448109102026 26.12452051663073 35.19916388023216 48.930381393451455 64.40569717433759 80.62701751537877 79.78212495107235 62.69357977065044 45.76565774199374 29.278301078019506 14.787001076607536 13.371794533064397 27.160032742986093 43.53438720750491 60.42790217959314 77.50182485251348 79.0481735543 61.761191619610436 44.48583370934696 27.244220926580144 10.208785898256997 8.056339595402154 24.986065484111172 42.21866757271835 59.491527778284414 76.77747993852839 80.81445444302265 63.99620851615551 47.526472257078325 31.948843941964505 19.52956467860055 18.460535396750124 29.981511653444283 45.33986014756474 61.735135851832595 78.52046409905742 84.92508666115474 69.0919001607851 54.1647478972895 41.14192612575553 32.406869326819184 31.72477261529022 39.51488503232843 52.10662150263312 66.83923094516011 82.57466019186603 91.06309300632141 76.47851321021334 63.27829629013807 52.516914453072005 45.941414321200924 45.40819881836877 51.10674333162695 61.32371182411828 74.215899735737 88.62339216531122 98.85145580580718 85.56469057655464 73.95754752320944 64.93703105160347 59.68763500188819 59.22082527897271 63.641928990392394 72.0567880821382 83.26321454171446 96.29144139871539 107.93340283503935 95.86829238695721 85.61849734128896 77.90386545863004 73.52676373105717 73.08929662576874 76.65894039753931 83.7247189872686 93.4973345118984 105.22529218979034 118.01053975026831 107.03819825223042 97.91088235513402 91.18433247144813 87.41453368665547 86.98675484222854 89.94869061454088 95.98705629057275 104.57026161270873 115.13053833759542 128.84945455653494 118.83022789558741 110.62426457308634 104.65895323525585 101.33078901418877 100.90106462515129 103.40592155720536 108.64257044917672 116.24239908084996 125.77776553531302
