0.0 30.950517008432687 79.02199926223142 30.93437579533745 93.94410209403098 96.78784911302205 97.8962506506206 64.0648470759517 28.43876986139013 34.54379888894127 30.74444644321516 19.71392636092598 83.33195458152468 36.66722907302121 25.825358137640748 41.854698167757654 70.55333831814691 73.7161440604128 89.32762643400923 52.64033209862749 12.862234345921143 57.0912692835343 69.69165825085612 19.766004584885014 109.99548224589226 101.02285155438538 92.11489540280307 66.89237471483635 24.921441558715795 64.8894231441523 11.110010495918326 29.120270933900663 84.56647446811196 30.454106543148367 69.1750999848196 50.484286433054606 60.664186522349894 70.2173660588342 77.15495055386504 59.197704100197996 149.5757753538942 132.91864333130192 116.44966884021788 100.26161507225348 84.51605762801134 69.51433660372382 55.859005061692464 44.798664669625104 38.630541319428154 39.704200607367355 146.56182354864222 129.53345052401434 112.58850813201796 95.77129109619148 79.1632421599299 62.93018589356552 47.45849091867835 33.81004437086937 25.152346150531802 26.849070930687798 144.84360346225904 127.59511163585375 110.36334811139244 93.15759627065911 75.99552567814062 58.915321834667836 42.01694199124646 25.662126282650203 12.262914826466282 15.521806543765088 144.4673796774713 127.16983149040074 109.87366313162713 92.57964796257151 75.28926976689368 58.005780965689056 40.73795118923095 23.52029478989066 6.748438720281531 11.68726407550356 145.44357210338188 128.27266640692798 111.14240166609956 94.07498163244782 77.11214632144912 60.342159984660825 43.986152970196784 28.759333351692725 17.83617326609126 20.19581934354913 147.74536210905325 130.8649730758897 114.11090815742865 97.54827816010263 81.29417453159678 65.57841171425015 50.90208623105746 38.47370156330416 31.11491717710572 32.477060512999216 151.31223404850178 134.8608507689789 118.651632743566 102.79919659648606 87.49767811188917 73.09388835776234 60.23531640123797 50.125583839347144 44.67167956543725 45.57683339034596 156.05741824041692 140.1402345775191 124.59273653014765 109.57240407338675 95.32874992921164 82.26619282840467 71.0392813381483 62.64287345762262 58.312749794741606 58.9518538632596 161.877261896486 146.56441970340907 131.74482406441882 117.60508728126644 104.42175436125906 92.60419729602143 82.73971400654689 75.59676934531203 71.99007668985521 72.44970043489832 168.66047547327815 153.99010974172444 139.92222679331672 126.65773938425859 114.4762599184156 103.75992949483292 95.00583981181691 88.79624977583117 85.68614880414077 86.01241751306098
30.950517008432687 0.0 50.48712307989105 14.824924604587007 75.18861328307091 77.88865911786655 75.62563440957796 40.52679662846316 21.248596148282445 9.261653146168966 24.809333837503353 17.878820805785203 52.43194295372355 6.5204878271595765 23.290573360220968 10.922259320732383 54.06762937401557 60.44233391909289 60.09855908607926 36.23393443717641 40.65855493568006 28.298608423539147 38.83576422324541 13.331737693094322 92.25347258174992 80.60984645185596 70.23251406886627 44.81296898247016 11.447783321253473 34.21960936870997 20.53888327704692 13.578746628800427 54.76580761475548 2.855236737849417 39.067329675371674 24.311588374827735 41.02132213599851 57.538010952176556 47.64625087720349 39.97379139089838 135.83465733143947 120.51295702836444 105.80353369628065 92.00053763765993 79.57704669804171 69.27921802154252 62.17242146934945 59.413013611500574 61.588137127595644 68.22746761135723 130.2011032272492 114.15566063445289 98.53631721602284 83.58229566572845 69.72300818189052 57.75204735978896 49.07141185917171 45.60056285662628 48.47187418747445 56.73039066532851 125.88840571334134 109.23433544835328 92.81755235930348 76.79039424691132 61.458440501269386 47.49972428164419 36.52418845946417 31.788638163095555 35.8570401423943 46.47198916698131 123.03560540612138 105.9493471073669 88.94650146919382 72.08611593850424 55.49818118632255 39.52720753245901 25.36659559529656 17.978882761402758 24.530150734919676 38.456837900166285 121.74541459236218 104.45524083433666 87.16973224866636 69.89235023881038 52.63109862583301 35.40957472604368 18.34003656094071 4.1939741171518055 17.2492149327318 34.295698443929986 122.06740985897531 104.82864164786744 87.61477509692965 70.44406764476756 53.35820145876265 36.476592563115034 20.31499674259735 9.673134229766083 19.317171235532452 35.37583679289814 123.98902692819834 107.05000395393564 90.24876060154907 73.67961135500855 57.54339549016773 42.338050209131325 29.537933617373177 23.477211188362368 28.785070156511964 41.28791564821171 127.437898380627 111.00841540787566 94.88954319992408 79.27098646960143 64.51712914467497 51.37837463811385 41.42126963429444 37.28823602854956 40.78983065039535 50.35786724236543 132.2945862665931 116.52693487992846 101.26152436753924 86.7638568186688 73.48971459526574 62.22708591310321 54.24373751939153 51.100456631220744 53.65473925776217 61.19727273936459 138.41090835775202 123.39635368733263 109.06160435423145 95.71258995590922 83.82159088882841 74.09393506862384 67.47189207988045 64.91297343353281 66.88516211726666 73.02224726203214
79.02199926223142 50.48712307989105 0.0 48.81944569443295 42.627822687575346 44.178292962881386 35.03657838513053 21.50605242084313 69.13364285839712 44.55940568891922 71.86611681353112 68.2461413629859 22.104390690679406 43.97489062522344 72.16597904422326 40.85031725397364 37.64713912140825 46.41706077772271 10.86160001649707 37.77243844923479 90.35648971195633 22.23652218070284 21.048395719304388 59.26069211341378 57.55649342858839 42.912546757193645 32.083038872268475 23.87389135746008 61.37863236013863 32.45676573319178 67.9163314120036 61.42789594738057 9.515666581771113 49.76547838123264 14.207432235629822 28.747935647431934 30.388763386786337 46.476436461932515 6.120731174470495 31.515709139457392 102.82630357921363 91.30374646978264 81.84245573634263 75.22425827343537 72.23488447543944 73.31954765436734 78.30914143273225 86.53077617854326 97.16746806564515 109.5177908109898 93.35013744130003 80.53496632597646 69.68651544864741 61.84850089793676 58.249126046124395 59.66055062510716 65.76092236697988 75.42090899748474 87.46899514125398 101.05460752125882 85.17526531551363 70.94460572297744 58.39650992586857 48.84538558269103 44.27521930927349 46.18898600369746 53.90040669792734 65.3895197051329 79.02549438705631 93.87743216326139 78.70833828653507 63.0726860165928 48.58018184629264 36.614390019673344 30.32988932182326 33.13457344710012 43.29673047987176 57.00897231503061 72.27826865641443 88.30052353648848 74.39619187377654 57.62790815582791 41.30218585726508 26.257906235173962 16.48626847502322 21.27977400536551 35.10801675286744 51.09823112419033 67.73623795876871 84.64088235983508 72.6237412299033 55.33157059298624 38.04827460029589 20.79599186255581 3.9986168546855096 14.078997750866513 31.29154838454778 48.56765801076944 65.85732602159392 83.15209533434421 73.57478853990754 56.56843771867085 39.8175802174466 23.86638125121935 12.348340977847705 18.277631329184477 33.38225577052206 49.93386731336408 66.86643493275744 83.94975906790086 77.14866516544852 61.124382576895044 46.03448780619122 33.179335487296925 26.101204049625476 29.3323663548776 40.4748427147353 54.90672438993483 70.63989090649457 86.9709739215649 83.00723576073776 68.3387228432907 55.21654353576458 45.01397682185706 40.02943077006952 42.15635581310338 50.50412985391234 62.632912420672994 76.77110194155144 91.99689264981536 90.70882027777601 77.47223684318116 66.14003495929856 57.84254753387837 53.99736775071219 55.5371090431231 62.06226370163758 72.23418864090068 84.7498128563644 98.72174475379526
30.93437579533745 14.824924604587007 48.81944569443295 0.0 64.99985222262973 67.80458848870582 67.585713450337 33.19668994757968 33.853876844805676 8.091966601220799 37.608592124864295 27.266931967293967 56.86209935792004 14.27607481923606 34.82986459554805 19.894430915086456 42.41839739550854 47.65502169590128 59.43709346265165 23.954075836190547 43.21353806066187 27.810380207627677 43.4343347087749 12.10804291805153 81.71325580923731 71.40559757282733 61.883674032843594 36.32476142638937 23.33094114687519 42.57577902596335 20.155082845914063 27.1345886735553 55.31072948692893 11.970590411014568 40.80773745365617 20.07585304608957 30.744186646491784 44.493172817904984 47.74020903898055 29.401744643226664 123.9118377954178 108.06986830499787 92.75102315248488 78.26308917542623 65.16266515469269 54.46042328494792 47.79545428546249 46.92095659796764 52.129165133620226 61.90336435670629 119.26502710096283 102.73401269325818 86.5050079278595 70.78604231890988 56.008209540319655 43.14954974168143 34.4319053819631 33.28568659221878 40.36119564585147 52.429225193084655 116.14312357646222 99.10965299645993 82.18840150345578 65.46644352639397 49.147624317199046 33.82062367573603 21.700047405238887 19.916359877193976 30.350330903004675 45.214330061080666 114.67078733140856 97.38811421253503 80.11375408991921 62.85456133590055 45.62775086415776 28.49211994503346 11.850047715143226 8.231636811089858 24.368207570065625 41.45567171829059 114.911463730132 97.67009079332921 80.45472014092648 63.28657494877424 46.21831198737358 29.424265081874612 13.933973112142452 11.010770009833122 25.436818279165447 42.089661563871516 116.85456538279493 99.93862148890663 83.18159502404437 66.70336204272486 50.77608035621014 36.13576118478269 25.141344594595225 23.60280176629392 32.87565004665093 46.938636029646084 120.41768092332923 104.0638392869765 88.07300639870192 72.68516565319659 58.37909897459695 46.171551082749126 38.13413304400836 37.08529517239286 43.533127321709 54.89676012423843 125.46281389650468 109.83668926264653 94.79440949986513 80.66326898877286 68.0135794019448 57.82587768454809 51.58021330785018 50.75338223048716 55.58771751790609 64.8288824357608 131.8198431831534 117.01349209580196 102.98804269491082 90.10887788931718 78.93906600650955 70.29819159146979 65.1996063782738 64.48902956837604 68.30354697536939 75.96451445258698 139.3092050367828 125.35324631614327 112.33210479045196 100.60939728905545 90.69004097128781 83.22139083633589 78.90247085694386 78.25652417128488 81.37106916394904 87.84703678396777
93.94410209403098 75.18861328307091 42.627822687575346 64.99985222262973 0.0 2.8452263923140793 13.11481626744064 35.59815738042717 96.4333581989507 66.20907549433196 99.94634542334974 91.7007471030553 64.51172413861053 69.62184864227766 98.3500183642295 69.97393261757715 23.506790262961438 23.593716143508374 46.314963954783046 41.427146032834536 106.78471451339448 52.81040735810719 62.13565422380111 77.02878999509814 17.124333074205467 8.724446542702768 11.551175058499863 30.72079190824968 86.38472087378487 72.49150570437834 84.3248903680962 88.65783147040183 50.34515919227502 73.05891926896923 54.13243705003948 51.82020918592132 34.413886480370174 26.85148098491411 48.60316134823106 35.659178161307715 62.17174590226001 49.089305102399926 39.40686497546241 35.98262613904963 40.43890460259178 50.74019976268847 64.1290728398914 79.05197871907153 94.78712961216458 110.98960214934631 55.13349064186536 39.8486047618409 27.107786012644855 21.919490721787568 28.7194591602424 42.04594921466391 57.52936299140431 73.82482385298829 90.49471187587015 107.36476325055851 51.1475980410815 34.15001539737129 17.750595000599247 7.915617416136529 20.222355952050535 36.79597350787841 53.8298890719583 70.99354585852939 88.21124335701131 105.45651549600325 50.935812604098835 33.833454449560435 17.136559870252995 6.429163104995733 19.690606951603637 36.50779746659135 53.63424241514441 70.84601649262822 88.09311866507919 105.35820076879828 54.54211912830769 39.03010214489516 25.895299813714875 20.40822863522519 27.588704286398546 41.28545720903738 56.97853029238039 73.398422436265 90.14885180896464 107.07480615555971 61.29623666348815 47.980796698434844 38.02358273169426 34.46935747832068 39.10483519303082 49.68850405528173 63.304142867963044 78.38743102291664 94.23625602444272 110.52177308333786 70.29653956887573 59.00097853287752 51.179385345511186 48.541173502284614 51.88317251065871 60.217802008056466 71.82761162397603 85.38694237625128 100.10672349407969 115.54429571535321 80.79573276454603 71.13513834324053 64.73916674270784 62.61633847016115 65.1854761873551 71.94568157690199 81.86519540447088 93.94856927395865 107.46837417210982 121.94779027851445 92.28351376532532 83.90120170850548 78.49370082220548 76.69286260812852 78.74651717378396 84.37367743905735 92.92742118199082 103.68596074398697 116.03764900924637 129.52751909663536 104.43402032777244 97.04997919759779 92.35586291911284 90.76995902839344 92.452358551942 97.23355817212807 104.68984745734303 114.29889141502149 125.56744039820273 138.0898283289606
96.78784911302205 77.88865911786655 44.178292962881386 67.80458848870582 2.8452263923140793 0.0 12.648208628715754 38.126644908285904 99.1280064656302 68.93668293253012 102.62824747723094 94.46409444946562 65.89658396301077 72.27819287933256 101.07308623224527 72.5354343156975 26.348403737231852 26.196677431502373 47.282231274456365 44.26148060322133 109.62770443088004 55.1782103295898 64.01049459631375 79.84194913989919 14.571430431368448 6.614696542759772 12.400258418304169 33.31447434013103 89.1091722995762 74.51554895083349 87.157651933408 91.3378225697581 51.59190842151454 75.78085290215337 56.05419544248866 54.4145484636479 37.18469767106826 29.51004430749749 50.21357069850746 38.445427577659196 59.89004812707198 47.219736605042456 38.35748193746121 36.215970942528784 41.84021889572114 52.80453122933904 66.51872183506269 81.60802304797873 97.4356491839474 113.69366417125156 52.54106756625897 37.51303258332921 25.54608957418625 22.286520989675903 30.6510454874588 44.508374576869116 60.17653589067143 76.55159555760392 93.26193939257497 110.15508677443202 48.338551744128715 31.38818216838669 15.249055035024783 8.863559307549535 22.875860470110347 39.58232693271389 56.64741408993511 73.82284026808897 91.04618208313623 108.29458021097308 48.11423189530964 31.043206032798683 14.529121799447571 7.564623538717197 22.40680896185473 39.31437467356901 56.46138887454852 73.68086740027734 90.93165245178726 108.19877089830038 51.91970018662658 36.64172353416611 24.25465112286851 20.800765853642165 29.59336379283888 43.79011375316065 59.64974858199943 76.14015045089508 92.92612160656236 109.87227677761072 58.979979954557294 46.06537056446931 36.933811817381255 34.711702721754435 40.55127515499587 51.79398891661496 65.72318022873475 80.96396303945686 96.89942189091435 113.23665649616899 68.29287275158389 57.46196057419632 50.383919694121296 48.72272386567737 52.990284812326045 61.973694052356045 73.9743822602402 87.76321389495699 102.62190897368835 118.14750397344861 79.06626141374633 69.87256059521657 64.12152566932564 62.76670840647186 66.07907092437154 73.42970682370854 83.76212971236653 96.11951520438181 109.82040944795044 124.4217736490845 90.78153507742012 82.84255709349651 77.99471816594945 76.82543523616152 79.49719226589171 85.6512947857183 94.61062128463952 105.66399416019277 118.22552306459814 131.86490657145913 103.1180313645046 96.14568266574292 91.9419883895251 90.89190939836642 93.10221367143922 98.35333353873267 106.19513772605514 116.10387317098646 127.598920384331 140.29088576725817
97.8962506506206 75.62563440957796 35.03657838513053 67.585713450337 13.11481626744064 12.648208628715754 0.0 35.13059982929664 96.55736448967504 67.21621004889425 99.85977592109276 93.00654031498797 55.76479659045715 69.5379268814494 98.89074172647324 68.76423617676943 30.367722081332467 33.66196695130716 36.171064223801885 45.6657283805706 110.54867062970996 50.126136814104214 55.8442281795095 79.66878799064051 23.03619518447343 8.37402717916932 5.828707915099143 31.30380653840042 87.06031045831882 66.94820769415735 87.59967928144911 88.64643367408112 41.203261614803864 73.86238020711743 48.26500288515667 51.3715102724417 37.24852789055444 36.36437972562333 41.15222582003344 38.73793844745392 67.83738689464624 57.13546424145747 50.25647685301952 48.84329673099966 53.33220212710209 62.46344459078545 74.55026502093631 88.38837082542675 103.2761741997257 118.81975506977334 58.43791206631979 45.63953395202857 36.73761414803176 34.85749945861624 40.977383823512056 52.36367484047173 66.35865159709051 81.63145583584355 97.58394469867532 113.93096894542158 51.28781875189288 36.08330964892545 23.922409344015993 21.0064193319403 30.149115877630976 44.44525029711867 60.33658020173338 76.83968439269405 93.63163373194956 110.58092115558124 47.41597394702713 30.35765037020027 13.914477821521512 8.021960887819548 23.10420797863083 40.02462245352075 57.17385578361076 74.39383424835005 91.64468762323548 108.91174579138404 47.628748730501265 30.687417378391213 14.616797640799014 9.181354441750017 23.529918692908144 40.27071127010283 57.345589254079826 74.5252731345724 91.75090938431458 109.00071430080979 51.87590409166363 36.91066101121845 25.14747747514788 22.385388238281504 31.121163955332126 45.107198332641794 60.82354061554727 77.22083980810066 93.94319754159919 110.8435919841958 59.29674298637651 46.72920790169442 38.07678116289551 36.259769809809264 42.17117261741932 53.29870489515936 67.09547926137427 82.22871749735911 98.08174078390496 114.35559023919917 68.87284568403425 58.35556358672512 51.63309037155368 50.25217937646989 54.619486759260155 63.560966217809636 75.46791245321847 89.16006103721064 103.9342506039554 119.3894539020918 79.8322452747411 70.9058408630036 65.42768931901425 64.28545845806134 67.69897478641856 75.0491544485511 85.32463511721204 97.60586309301311 111.23043216554977 125.76250214641193 91.68007454606945 83.9666311240561 79.33623213057314 78.33749950091585 81.10470664831603 87.28039050041758 96.21041109950582 107.20869066505168 119.70650364862696 133.2826852523843
64.0648470759517 40.52679662846316 21.50605242084313 33.19668994757968 35.59815738042717 38.126644908285904 35.13059982929664 0.0 61.57734341408275 32.105602857501644 64.9592250458956 57.88596109515054 40.068451887025326 34.54939905765426 63.812174702685724 34.420636982287846 19.77424923450252 28.717149941034478 31.91136554285475 16.47037640851759 76.4084360316196 17.838924015508095 31.78422028546659 45.0875032566781 52.689762718046225 40.22573842281489 29.70625806081177 5.172051136079415 51.94720248875348 39.86994460774144 53.349991387257575 53.69328739728797 30.729005267511578 38.73181907252309 24.137642497909077 16.426238116860738 9.01155694735203 27.67292866606351 24.302726653891135 10.030512437938727 97.57244744181378 83.51572257665173 70.90888069443764 60.66269719984247 54.13461303404472 52.72428142513032 56.81411270038128 65.37994324478746 76.94108513620328 90.35498996428221 90.66177493959076 75.36581045749428 61.1486681761571 48.959372307516574 40.66432019714976 38.84404743100818 44.30394325491454 54.913796430408624 68.314837130331 83.16859496856338 85.54144895551592 69.15140872398423 53.34047047522591 38.822736579063495 27.711271776252598 25.04665475567964 32.946409037557736 46.28506719778429 61.62677701713238 77.79538847816623 82.54539082750998 65.42648233674791 48.437802183892366 31.788831611320244 16.539407346966094 11.631303492646945 24.40769329250808 40.68042291023473 57.556677890715896 74.62813528979373 81.90708638033756 64.62301713296975 47.35199507638836 30.116475264483906 13.057805225016951 5.720491458732457 22.218355431065373 39.41192920791064 56.67149689229732 73.95086548805708 83.68051592701721 66.84645151596257 50.330701887100815 34.59224136070297 21.419124865917755 17.878668727087103 27.914634488965334 42.86629188084652 59.11449296341792 75.83033505631035 87.71950292103696 71.81616545503125 56.737296871483274 43.351919215430335 33.739676211585675 31.560282158470738 38.110967933743375 50.07543461233882 64.50861364326474 80.08671627961974 93.7315755425431 79.01560040871585 65.57457985044927 54.36257442137597 47.00273431996077 45.40845879499132 50.132851379958375 59.69406172772813 72.19530998783182 86.36925450284531 101.36618938136365 87.89848127232406 75.9991978003733 66.51548330266607 60.592387048795345 59.306505665730846 62.94269025898379 70.74601965109156 81.52860070187276 94.27365785073681 110.28679979492603 98.0080308905044 87.44516764332519 79.28699694729079 74.32957514770003 73.22588964649256 76.14370232402678 82.65823134324694 92.00864269080186 103.42864577193384
28.43876986139013 21.248596148282445 69.13364285839712 33.853876844805676 96.4333581989507 99.1280064656302 96.55736448967504 61.57734341408275 0.0 30.367773243950612 3.761588352654147 9.476761581805183 66.01688442938034 27.033323294788183 3.761588352654147 28.458970461383316 75.16586346955165 81.19085875907561 77.7245050657323 57.066757392373546 31.2223444705283 47.69375790106996 53.50627549436995 24.74895376010754 113.5018984715986 101.75786959856964 91.25854852214225 65.98851149122551 10.526936731408354 45.121948958311236 24.46425808767 7.920785993603573 71.73385571723773 23.513391180540186 56.156986629564884 45.19987383701521 62.25062616222554 78.14790399561002 65.3099127358603 61.17705372888891 156.96394123689154 141.47957531926684 126.4672032551234 112.11658507749095 98.71674469941308 86.70959925873571 76.7515824501253 69.72623680768594 66.56863132226742 67.82115554136422 151.44755047445383 135.36230697627352 119.61708777634392 104.36590036845446 89.86063968875551 76.52664833335022 65.08779593447643 56.70286050021117 52.8460739617309 54.48761889137717 147.06176908421088 130.4598078003595 114.06605588183994 97.98507481178463 82.40018686783051 67.65510205885313 54.43657779705325 44.13813882522845 39.13713996666047 41.40002753295989 143.9100684242406 126.91300516564735 110.01101960315549 93.25582263775888 76.74361827173753 60.673123399016696 45.514649604002095 32.56761001726601 25.464202010043337 28.894850992911575 142.07464698913543 124.83755671154397 107.62127469021269 90.43768527460766 73.30978121217942 56.28841867214546 39.51153101996688 23.508488726024645 11.951985296866788 18.214384826535944 141.60672312280147 124.30721227136071 107.00848373641716 89.71099007507121 72.41561619377963 55.124357383956514 37.84285487456536 20.595682385281922 3.8724902282934037 14.301182049606501 142.51977353874375 125.34159386040969 108.20285026527662 91.12579663175072 74.153065818166 57.377311552139766 41.04079609305648 25.9855798329602 16.27470819626319 21.288359420397672 144.78766190390974 127.9027295958783 111.14611421570505 94.58603724279621 78.34722360337081 62.679866947481635 48.14512710525898 36.13654765896285 29.874004732842888 32.829430549546665 148.34823304261434 131.9016791178563 115.70484860635499 99.87930395213118 84.63358113213232 70.345682761192 57.731199899456215 48.12454811710404 43.56325460941246 45.58778897836918 153.11128137033458 137.2127339454571 121.6975832381327 106.73315656884346 92.58687376063934 79.69560346284644 68.76879210162323 60.873654896456976 57.27787087068742 58.775885023214904
34.54379888894127 9.261653146168966 44.55940568891922 8.091966601220799 66.20907549433196 68.93668293253012 67.21621004889425 32.105602857501644 30.367773243950612 0.0 33.987409509134714 25.7927525666352 50.14663118553342 6.361010257555271 32.14230489339304 11.804690035909164 44.83323818281546 51.190407552035545 54.78701382878975 26.98175689993434 45.842279580874504 22.547932430292832 36.533405166547404 14.802312169919787 83.22800118934899 71.87651378312204 61.71009390251232 36.107087734734925 20.176553180662925 34.74719488210311 23.43913346825468 22.816174263788042 50.0770484330589 6.864712919406424 34.89226096644059 16.547855687431404 31.907993132408357 48.30904525108558 42.62797815538573 30.81287762481795 126.61907279453933 111.25693003730441 96.55318911011057 82.85910410939762 70.76328780601892 61.22053274447808 55.56224724751579 55.00065427103699 59.67980883574324 68.53456176559814 121.12824822173864 104.99524045046637 89.30091804464723 74.32370319494142 60.59766659225985 49.181774909176184 42.00383574247287 41.33404042760444 47.448804265143934 58.24929700348412 117.07629564919571 100.3156494954339 83.77535504688638 67.61731096153375 52.19771469218449 38.41630051880056 28.735568919101024 27.827392004471495 36.35525573491331 49.67650895973154 114.6159800258124 97.44642278540306 80.33368233232031 63.32383822463095 46.52987454290533 30.31274863029724 16.474495474652038 14.92206553551866 27.796399868147148 43.83291478433116 113.85057006928649 96.54913773447555 79.24792294012992 61.94710795722862 44.64715757010419 27.349712517698016 10.067694442980255 7.309156509435784 24.58053431574174 41.8771437242415 114.81397907540541 97.67816583872201 80.61334208734077 63.676607272853936 47.00661927339386 31.036216710606748 17.764678166959143 16.328912502810088 28.572635985407864 44.32685665891851 117.46366323240436 100.76540289648179 84.31091434307112 68.27667060950857 53.04513962136437 39.55476635286583 30.233786744424197 29.364839459945607 37.53951715239566 50.545489565989044 121.68948457515631 105.63926460517678 90.05377611763758 75.22244184152656 61.69160167481206 50.51728887234786 43.5527729327991 42.89984128912271 48.8124321510925 59.36004952582136 127.33456225284112 112.0668241104152 97.48104165391787 83.93349743579779 72.01255860047327 62.65367742887854 57.130167945870646 56.5767353138392 61.12852004684946 69.79371778662363 134.2198655496185 119.79817555303056 106.23993096159936 93.91981954602691 83.38843795706032 75.39907277447048 70.81735857015057 70.31262961863929 73.96839191418735 81.22480920369361
30.74444644321516 24.809333837503353 71.86611681353112 37.608592124864295 99.94634542334974 102.62824747723094 99.85977592109276 64.9592250458956 3.761588352654147 33.987409509134714 0.0 12.707137864203462 67.80086462677147 30.417423676583695 4.9191260099190695 31.449440417873333 78.8116847885223 84.9014455605226 80.21019193205616 60.75911204331547 32.12390815177946 50.6884177079714 55.602579133942506 28.43672627791707 117.03075246911673 105.16981481996143 94.60654909490319 69.43423923449251 14.278131946168635 46.71893088531058 27.712125340710728 11.291233405502346 74.11267548691964 27.150289515365763 58.65557294569641 48.55054582911182 65.83065517465256 81.8715597218193 67.85853128703928 64.77711493508122 160.6047457914044 145.16420933511768 130.19255452614598 115.87167521931828 102.47477379805359 90.41351500306587 80.29208185996426 72.9227221649917 69.19045231175333 69.6821660038383 154.99579605261863 138.96250887433052 123.27270420361481 108.07607959980281 93.61312415008328 80.28134089893092 68.74204704675392 60.037846566445765 55.51860644116709 56.203086701305665 150.48361531030966 133.9347688267528 117.60285409848719 101.59254623990365 86.08347564519903 71.40300606630313 58.18177498271463 47.65032816051363 41.889065117202 42.86652479438736 147.16918569790295 130.2171175200162 113.37078990584163 96.68549087167004 80.26171016752198 64.30015494337219 49.25228487451012 36.273613521869805 28.36322167006021 29.86435135896884 145.1346381515257 127.92388042930683 110.74153611587417 93.60325369905564 76.53863749351078 59.610985567019476 42.98242449880949 27.20699681980788 15.220551263118761 17.939407186450914 144.43409893942749 127.13219609385474 109.83030198700283 92.52842152103922 75.22656410804905 57.92475040549398 40.62303626371934 23.321643268366635 6.023339430837498 11.286088550507728 145.08690281344016 127.86996871354462 110.67954255241786 93.53024158240268 76.44974657501204 59.497345507186814 42.82542706776133 26.959469482963364 14.775706284682249 17.565383792156997 147.0750208948662 130.11117293697066 113.24964829204605 96.5440744794169 80.09209548766114 64.08930617450409 48.97800053231352 35.90208726952153 27.888800054216528 29.416329319425245 150.34546153015597 133.7802385943811 117.42764597042537 101.39061693474571 85.84618646982676 71.11809632860174 57.83342359372587 47.22638572930385 41.40849549234521 42.39930252106731 154.81693541225636 138.76389917912167 123.04980639035581 107.82295165210108 93.32214028141264 79.9434409087072 68.34899074724551 59.589548097651594 55.035832540553486 55.728542050651285
19.71392636092598 17.878820805785203 68.2461413629859 27.266931967293967 91.7007471030553 94.46409444946562 93.00654031498797 57.88596109515054 9.476761581805183 25.7927525666352 12.707137864203462 0.0 68.19949002914701 24.38090152876343 8.402627631136815 27.70393912753932 69.56875886879256 74.90408508327435 77.62421431917433 51.15631835880915 25.169495498915378 46.126830295425854 54.988418141872785 16.549615225213465 108.60457378196847 97.60228563509153 87.50117148174785 61.8773735046541 7.104772289377892 48.18500310007496 15.021063899998767 9.826321342443126 72.05379702130897 19.2151988004712 56.29896653920609 41.97165863912183 57.287764936577844 71.70498031900593 65.13456647087581 56.07192295746126 151.17376932419523 135.32026702288528 119.8680035717723 104.99428256683794 90.9832838602988 78.2995146316723 67.69318666395284 60.2712081324583 57.28496328690682 59.407179598807886 146.33808303973922 129.92112206544635 113.7667159545821 98.00478380745452 82.85960372350596 68.74005018585765 56.421444153398085 47.331474853006384 43.54149691797364 46.36981439123985 142.7183478780851 125.84906921923988 109.11534662520667 92.59070557345389 76.41091474288726 60.851674332111656 46.53959486513455 35.037847472122564 29.80061853163683 33.870521377603424 140.4086905219431 123.23579203170385 106.1048200654417 89.03997745087294 72.08824222936015 55.353627622362836 39.11580056942148 24.38811098533645 16.06942440492851 22.811952656640894 139.47424348453893 122.17497273119724 104.8765793987972 87.57958340364914 70.28501639867967 52.995256480286116 35.71728526781519 18.484190613522983 2.5139046551292314 16.422171258291943 139.9425712230335 122.70689686991142 105.49291349177301 88.31330598023557 71.19296445570825 54.18809206366044 37.45628670457844 21.64048207849022 11.504802222861679 19.87771220464881 141.7997687941979 124.81119459944598 107.9222157184724 91.18818714582031 74.71329724696092 58.716084486143785 43.7240305852496 31.220403669204103 25.225916065770292 29.944791849301087 144.99245032677499 128.4105593240025 112.04659292257742 96.0120428436787 80.50398687346912 65.89520149662974 52.9355211974542 43.13777202326727 38.965003431364295 42.12341102398838 149.43499844157375 133.38396372456393 117.68791250986625 102.51003695212889 88.11850290555061 74.96754888927406 63.82864695937972 55.91742942162366 52.7078894280957 55.02894017913064 155.01993411312012 139.58454668554018 124.64029555643718 110.38683246767458 97.12875059257651 85.33128093067876 75.68059674376607 69.08234106248872 66.45207953870944 68.25012680283915
83.33195458152468 52.43194295372355 22.104390690679406 56.86209935792004 64.51172413861053 65.89658396301077 55.76479659045715 40.068451887025326 66.01688442938034 50.14663118553342 67.80086462677147 68.19949002914701 0.0 46.739524475135546 69.59331956055055 41.50986444415321 58.59995564318888 67.5782982783889 20.452938060350416 54.31587742875683 92.77376001820635 30.068293932617404 13.676427339881831 64.36073037616225 78.72129895092681 63.976740573033084 53.59294228157246 43.870272663220824 61.12006134954288 21.223416012524037 72.59468421259068 59.3869415291216 14.584626085430704 52.929272453446636 17.225262193463333 38.9083569824238 48.91783259998896 67.1895303073153 16.66259269556611 49.65457561413927 123.41814338281833 112.7322450056583 103.84484311657098 97.25027121057735 93.43527433706997 92.74350199310852 95.24303263279117 100.6964984479788 108.66004677562229 118.62924665185815 113.08207175493514 101.36698322322519 91.44210634892119 83.9448362331583 79.56441062576012 78.8221957178344 81.81726485843333 88.16957701771986 97.22328417186363 108.30301403677285 103.64248182721825 90.76804889687664 79.59024057748192 70.91591586942111 65.74359958248651 64.91585078172632 68.59014151887874 76.11728042012669 86.49720387055235 98.83514157343149 95.3661081837289 81.2361276017204 68.57567516146148 58.34928430348951 52.01303387154048 51.036980370269156 55.70360847487002 64.80518179805539 76.78041506433095 90.49560014512095 88.57973878907735 73.18946589288801 58.87047372604403 46.620536260250155 38.46976853535673 37.21664609668877 43.46195310574805 54.69470682224284 68.50392329223779 83.62279009831919 83.64692741387975 67.16416411893518 51.22452997569121 36.54573920632233 25.41536327785897 23.558467277710747 32.60020128660342 46.575271560013505 62.24507829003966 78.60251061649495 80.90748881580468 63.73618747932249 46.661490171146404 29.849639164739063 14.262554968285405 10.70295346478656 24.98798059474797 41.62881644034259 58.65348041613656 75.80380197789368 80.5854602440059 63.32877934116153 46.10602624252982 28.977758571828705 12.343775790008815 7.983769948982652 23.95466212201896 41.019806985147206 58.22488098530516 75.4742501740829 82.70908763329537 65.99790737183311 49.692717595006414 34.37616020898953 22.198792843189825 20.06400311332703 30.183668471971874 44.92499602858883 61.025965769830954 77.64530592579783 87.0996390239412 71.39933551226989 56.64001519785584 43.78385259728417 34.99526241656306 33.63062966523831 40.44846509442029 52.343534672580496 66.65073992235409 82.11884594255211
36.66722907302121 6.5204878271595765 43.97489062522344 14.27607481923606 69.62184864227766 72.27819287933256 69.5379268814494 34.54939905765426 27.033323294788183 6.361010257555271 30.417423676583695 24.38090152876343 46.739524475135546 0.0 29.39787964415318 5.9745281145937135 49.198961919649925 56.08844215723446 53.64840929542398 32.011102776038385 46.90714694413174 21.77841428031898 33.07120663029518 17.745785331838555 86.73199841343784 74.75257660350321 64.22525919854466 39.03029000079891 17.78266495196618 29.71232688940519 25.855203738872188 19.144006163560825 48.40578881170289 6.2133286501668765 32.76593698077938 18.16929458155142 35.8240594754656 53.37331473825687 41.21923316545772 34.90418476670024 130.74559751376142 115.70447156887836 101.38704882928153 88.14668489296906 76.54435252459537 67.43095140972461 61.91545826114768 60.98204813335787 64.8289432012809 72.70123119843548 124.73035809117584 108.8936061910698 93.57710986677819 79.08372964810377 65.95831927564666 55.18574318665828 48.364608996456205 47.23883295227122 52.17836771127224 61.7443079019272 120.06620990549276 103.54362286427717 87.32340542375758 71.61131655026085 56.83038276987784 43.93076801093351 35.05482242016126 33.56303020354361 40.284260482733096 52.1332380873533 116.91503419195561 99.88960980740372 82.97864097793051 66.26980725314684 49.96630496639229 34.64516841429023 22.419980837906696 20.093162293675615 30.05871895174417 44.74404745821293 115.40088519739365 98.12127735308047 80.85121702788341 63.598482535486 46.38241183016578 29.267776375951833 12.67244259197079 7.955647613270922 23.763571219244174 40.80239901871615 115.58813543273276 98.34042721790443 81.1158150562682 63.93296906413391 46.83787856795526 29.981034979177828 14.235564702112402 10.254433219110577 24.624555898422095 41.3073523725989 117.46864622496149 100.53405988892763 83.74976247588582 67.2284121265016 51.225064613530634 36.42892062142612 25.076611334604642 23.006907220036823 32.07039583569592 46.11305632567797 120.96344656724739 104.57796865132241 88.54182538432802 73.08532924656888 58.66841614928778 46.273188237565 37.93599925888947 36.54831492442051 42.791655749785 54.08492834163176 125.93817052203423 110.26872046574718 95.16648554397973 80.94955569816943 68.17406034754647 57.803769605820484 51.31812932097296 50.24466492515078 54.90176363256146 64.05140347033506 132.22581978351735 117.36693407130805 103.27158666071885 90.29804877408962 79.00093807512575 70.19439026607245 64.90030999073821 63.99641906463002 67.65889944016317 75.22370170281306
25.825358137640748 23.290573360220968 72.16597904422326 34.82986459554805 98.3500183642295 101.07308623224527 98.89074172647324 63.812174702685724 3.761588352654147 32.14230489339304 4.9191260099190695 8.402627631136815 69.59331956055055 29.39787964415318 0.0 31.35227719158579 76.70986813183383 82.43055628965615 80.93919282649527 58.44203350554742 27.689701811087307 50.5065640452676 56.96622695188795 24.78123897389049 115.36792287941459 103.89074139613922 93.51840239208275 68.09038905404383 11.965755722165843 48.7705974450246 23.182933426138064 10.740446351815272 75.02319706712944 25.292233531299544 59.384668780657194 47.53002619808306 64.03079034033782 79.30884160886531 68.49131145035513 62.89899628023741 158.47532824928516 142.815647667773 127.58088519513089 112.94312201174228 99.16707541931954 86.66465473385342 76.06648019311777 68.26529084431652 64.28751010599498 64.84066219419996 153.24704909877187 137.0182920942601 121.08702605310886 105.58799452523023 90.74294736935884 76.93140845582971 64.81745071584358 55.52353940805576 50.6273260248412 51.401265095786464 149.15328844476392 132.44521684370025 115.91149437425707 99.63895143993186 83.77991294414007 68.62167321551999 54.749441185342384 43.41400279480821 37.023735908877605 38.15030086498135 146.28938319426277 129.2265306970576 112.23689183989895 95.35960673740665 78.66702204723464 62.30776173123683 46.633947288423975 32.64818465171196 23.575282310983983 25.38493578253288 144.72840341724782 127.4649237980533 110.21350209151986 92.98085011992931 75.77977392483272 58.63806770786043 41.629136842741964 25.02519301396808 10.87422355203786 14.455116453831085 144.51259924356864 127.22096391167476 109.93256784752614 92.64922441630895 75.37440940263946 58.11572848303654 40.893614390235044 23.787622730080418 7.624158240043108 12.211391364605571 145.64795324765484 128.50329843693893 111.40727566820149 94.38631454407145 77.48989362126629 60.8218940228537 44.63892819642644 29.743519755722765 19.3760667666404 21.561514283390053 148.10337895870768 131.2671864287899 114.5698308237638 98.0822438841939 81.93116332765817 66.36273812710444 51.90394038975204 39.78358421608464 32.71324880026642 34.004238706051375 151.8148039578954 135.4219070197277 119.28601915491365 103.52738331520806 88.34810180201802 74.10504944941975 61.45268815904333 51.575291336162074 46.284897508005876 47.151628442454275 156.69295396206869 140.844374301876 125.38058012668232 110.46328857732595 96.3466788443384 83.43813921975772 72.3868757447146 64.15989896739238 59.931808273440495 60.54623689731956
