0.0 49.830177404926296 69.39573488369663 27.5407744989243 28.790472411892836 25.539571371893963 29.90130565900001 44.1723194077622 43.5029172855318 17.09271488249637 21.400076757023733 49.442627525479715 35.130176772998105 32.1072984160942 28.983536334427136 46.74257950270055 44.97260526561062 47.36307649153198 11.536783423910373 45.85050549944147 7.503850368192517 45.21252494074361 59.36935739483131 47.272742766617824 46.50627059060814 19.030115701992177 39.96372284522201 87.71260669265963 74.54261664623307 29.118986456819947 19.550184305983485 43.537163918897605 42.53079674469525 37.84707875537029 30.825492990300116 49.456384096101154 48.93943734058955 43.67894639354772 7.775482933120684 40.42698545509719 77.77188400356846 67.87638740167867 61.3566483550239 59.3360677293861 62.25428399248534 69.4918637165069 79.88328157727193 92.3702037100305 106.21613199539738 120.95526099751773 67.50007157365538 55.87326311721799 47.81304158158985 45.266498696968156 49.099169121164074 58.06121302181846 70.21526936298586 84.19006586699437 99.2192212944044 114.88970407386415 58.8736498502989 45.129300322608266 34.72621031324935 31.206961596260683 36.61349554017523 48.020105096745176 62.20949899751234 77.67124224353383 93.77809345363023 110.24766929882557 52.706948462843535 36.76569176688662 22.893709587341554 17.182548093698262 25.78895407086264 40.4179727088653 56.57620574460135 73.25867708148498 90.17490034197915 107.21428873189176 49.92010384888121 32.66524651186518 15.515587372709133 3.627965518230314 19.60368272863218 36.79891546893818 54.0622746774211 71.34432330146873 88.63412972344338 105.92789527201066 51.069499458586456 34.38843589620982 18.861290227815736 11.2980092036729 22.321620732245208 38.3089740073952 55.0963993752409 72.1274008678727 89.26266680422984 106.45185959504515 55.91289460887845 41.21107890402521 29.481600168030706 25.2722566398578 31.731997196055406 44.4281759652029 59.49383561576029 75.52403998755781 92.01605967889621 108.76001261747463 63.611975416688054 51.13097375583183 42.20160608712077 39.32277525575655 43.706884694333496 53.60045619126954 66.59153141675307 81.20690381436387 96.71295888251935 112.74279410370758 73.27192894268292 62.69467137106956 55.59827037445198 53.389260362084485 56.6423708763937 64.5368331888587 75.63297627702937 88.73776516066518 103.08799364287155 118.23103443238242 84.22059973505466 75.14699113410803 69.28002865710673 67.46158686674067 70.00785864538557 76.48415573994839 86.00722716022865 97.69007833647373 110.85193243045235 125.02656388833131
49.830177404926296 0.0 54.98563050145991 23.293462041748967 33.199965279229744 24.764385019345422 27.527198474099734 28.098965785824564 28.6981473990228 42.179986394387136 42.176536151487284 13.423958007915529 30.9759895007883 30.066018283676385 56.01897983995729 64.09313949650982 64.0132577847812 19.79042244089669 41.70327427420767 38.06737460013597 49.26347644583305 15.162780935468785 35.7080087940857 40.58743791573202 30.75483580384687 55.99204822952494 17.831536635430687 54.842398651950326 49.6665952917625 27.058634511896933 44.8420865963506 8.596318174366555 18.727603312337706 12.672764938033088 56.47713069834178 43.16392796576875 72.64053542039244 30.56864058647633 47.129935636491645 32.57162642040834 98.37903360985017 82.28917499933183 66.8078634541501 52.47648183561884 40.53368847968246 33.62866169116935 34.89272276542093 43.621388633325466 56.45225611123275 71.20110338444141 94.51632985600722 77.651931528788 61.03294302049895 44.932500489810145 30.19190073101613 20.071969066774564 22.202000307938892 34.375652664618265 49.6905823827787 65.99495633693684 92.65910433974796 75.39089635868169 58.14274125573316 40.93999191432408 23.880975386462104 7.9518867650674085 12.444978549292887 29.072941875779552 46.19857008375851 63.41997537452013 92.92770440553015 75.71926853327122 58.56594778107432 41.5360816993653 24.884436050312527 10.580050251157685 14.260189348772013 29.891165390115447 46.71534830934919 63.795603281977364 95.3041540751614 78.6045983391935 62.23499868858792 46.54479916325513 32.53233287432158 23.430708932722574 25.265681184031678 36.420080396026016 51.11947722886651 67.07227992218259 99.6377129218529 83.78309278822758 68.63123539460499 54.76854334683842 43.44706253483363 37.0730114716292 38.20832566832784 46.30390000102161 58.5400136173045 72.8596065548141 105.68785326000436 90.86345172071617 77.07861224947337 64.99814728205654 55.74142902904695 50.87392010395843 51.65177305567364 57.847702195878895 67.99638751658156 80.61861979420675 113.17954540029774 99.4401621064656 86.98146581061332 76.43231098098266 68.67833823046786 64.73193443273499 65.28725558572167 70.23760646276624 78.75855632487449 89.83981433607177 121.84708411426135 109.1609830079302 97.89898854591716 88.60579636236912 81.9539247617862 78.61671490976775 79.01527312613858 83.09586244708954 90.36102461177187 100.1198812724735 131.45797973164682 119.74748823658435 109.5280476033471 101.25214691345164 95.42679428774797 92.51605618827756 92.79461195887203 96.23477092979573 102.51874967196204 111.16532149577418
69.39573488369663 54.98563050145991 0.0 61.62058868884893 41.69843648584708 54.04738018593722 43.581499061766216 30.438396807900485 30.47939473287839 75.91539654095361 48.121133437313404 41.57437130607523 36.25656317478723 39.66414621099029 48.384950968035184 38.15940150846391 40.01531398679709 35.803324211921776 58.13721843243778 24.08600371986026 74.730038174129 68.14450856625007 19.464563848883035 22.26233583256218 27.159482676642565 58.10173076209255 41.749833716448606 29.3578099031899 14.039466163661759 69.57081045149089 50.45379354642586 49.084969994143 39.040156681194276 51.22449096219249 46.946235473191514 19.94140994871026 47.25181492110397 29.176692095342897 61.86558566462106 30.745345644857448 142.27713214315264 128.6286694264128 115.95933137532742 104.62541821052906 95.10556980214378 87.99056965741424 83.89452282420358 83.2641654099756 86.1755835096483 92.2942079177314 134.41971079669693 119.92152933996981 106.26560016419845 93.82042628578381 83.13156458519234 74.95419737749508 70.17190613852182 69.4892160724997 73.02120186834593 80.21303339718504 127.63054187775599 112.29524442196842 97.61960423506662 83.95028799315016 71.86385106243485 62.288633292635375 56.5157774267083 55.73949113212767 60.15352988850507 68.76555792840745 122.0880728179692 105.98351838059125 90.32286488949396 75.38327921504805 61.69086446663149 50.27516128549433 42.98983642963748 42.04004448845126 47.804913506052294 58.32631721953626 117.96823890341891 101.2326316505233 84.72482432180061 68.6094441494582 53.244019583377614 39.513355224816316 29.772381257247506 28.463906183685022 36.50620563199501 49.537076709701864 115.42353738928942 98.26929668662846 81.17776182662877 64.19903437883589 47.45435355464787 31.321366246420638 17.574212697731316 15.342443628838451 27.579718222274266 43.41202361198884 114.5590189038962 97.25708987575513 79.95516152172961 62.653234400304946 45.35130992222129 28.049392979023377 10.747519960907152 6.55465697934232 23.85647658209199 41.15838949345665 115.41245913797042 98.25634396673001 81.16215376272 64.1793887894542 47.42789638687617 31.28145511816966 17.503319150281847 15.261572546444194 27.53502642548206 43.383780751064414 117.94655954388364 101.20748324238588 84.69491288863318 68.57267475619827 53.196851658415056 39.4500719736609 29.688738274721025 28.37682207799543 36.438670824191746 49.487566932393534 122.05665034474704 105.94748552787593 90.28077664788803 75.33307853151888 61.62979763520129 50.200561140910175 42.90298204159349 41.9516453099259 47.72756402032873 58.26324173380823
27.5407744989243 23.293462041748967 61.62058868884893 0.0 23.883688833052833 8.636361252170458 19.282819287801924 31.257771190434354 31.15223591521253 19.246450605908837 27.651424226228578 27.48849207094111 26.659113168344213 23.60063805767039 42.2818025399143 55.71229037589293 54.84509169883012 28.875314194385627 22.129335716420663 38.60508968331852 26.064719043759354 18.192866149800192 45.47551687520353 41.032469138427004 34.51111057747787 38.296064638623314 21.03142215443374 71.1242878521337 61.482809275091775 8.013692985920617 29.19475083751528 19.21547307602194 24.128764917336774 13.64482451573118 43.40656555350271 43.88752528297275 62.1188675753197 32.46246941867345 26.73267505335515 31.552419240657514 81.60791732666688 67.18133375015674 54.456555726049 44.9044178428395 40.816693218662905 43.75275502272859 52.54816954092466 64.86156099961366 79.0660451241689 94.310987221786 75.467491446266 59.609019267665495 44.831218672868324 32.636654763795796 26.817426750446607 31.17543259907869 42.70071304831899 57.21454595442826 72.95455927835516 89.27452742493826 71.62876261905883 54.691465201893536 38.0834071329834 22.54436144870893 12.839913113320447 20.498568382744512 35.69638698918143 52.22054752459773 69.12634754413766 86.18950671129875 70.46894587757045 53.17051061597546 35.87544650295468 18.593163285598465 1.7542453360821115 16.098528783373844 33.37606144881151 50.67024692298377 67.96837474291378 85.26804561912482 72.11742308579721 55.32700987550554 38.9864821879884 24.031771209043526 15.291132198864986 22.109361882159128 36.64070829255821 52.86749084215786 69.61403690432032 86.57926508505352 76.39258746456238 60.770695986400625 46.357706594978694 34.694463965005305 29.275998666643464 33.304230438358445 44.27153522631221 58.39071241647839 73.87618804905468 90.02564314502492 82.88894616749533 68.72475955397897 56.341034433718974 47.16180820141043 43.27660512486549 46.045600832371576 54.46314871035257 66.41518038334578 80.33941877809748 95.37595420235996 91.13263895385366 78.42900330743107 67.79201075135161 60.3249730102218 57.281284036469394 59.345481026918435 66.04032268996558 76.15418444687427 88.52283819110983 102.33192775763223 100.69532467599942 89.31464067281539 80.08339590834615 73.81249350270275 71.28749349901639 72.89868241031787 78.39143894835519 87.03393670785913 97.99634285130551 110.59090794447329 111.23723663207865 101.00027683388133 92.88200516904729 87.47431454548699 85.29432796970552 86.58618203938957 91.20246331206465 98.67770551449308 108.42217334986452 119.88379222558038
28.790472411892836 33.199965279229744 41.69843648584708 23.883688833052833 0.0 15.24732758089278 5.8111858511955985 15.760613548688465 14.98963056600497 34.455241282358955 10.519632207705552 25.97361767225364 6.401759382708446 4.021718992088519 22.89635820623762 32.56028177137608 32.01456482669133 21.32530495411447 17.2549575728342 17.631305911218092 33.28128024789962 38.214785791986046 30.643335809615635 19.5053481213735 17.793632521569904 25.085212235672618 16.438287319344965 59.06784560461974 45.77430757668682 31.566491401825726 13.62196585158666 24.66446271778436 17.5845879021958 21.417138198559666 23.281915755336048 22.09739360666635 40.1215716846352 14.950503642743426 22.050504540438006 11.652419660391319 101.05874837955761 88.23071568604627 77.16956455944774 68.7336754136309 63.97021584632226 63.708341942742784 68.00008153581857 76.07866509520947 86.89424269904923 99.55877401441079 92.77362338867103 78.65166317364131 66.06000841924023 56.039869503669436 50.156862990404925 49.89645784595837 55.33808612155923 65.0665253032744 77.48356808878611 91.50112349896108 86.02323722865847 70.6021278883784 56.28526504827336 44.16004009249248 36.48142953186889 36.19927817990777 43.457890666076636 55.36692389729379 69.57809815443127 84.94371491672504 81.19140530044886 64.65605460072663 48.65673508038345 33.959707171199305 23.189586541627577 22.82462501664227 33.209659147453806 47.78609405023542 63.74050108673595 80.25523997397995 78.63267504776246 61.4274403032077 44.297591340520924 27.38496146199959 11.675143224703076 11.017947345120827 26.555502206187175 43.447756794621824 60.57172428520052 77.77450311387972 78.56947914382113 61.34689364544338 44.18634465674065 27.20547987947518 11.249737952170143 10.56827609809511 26.37297295626279 43.33696265994861 60.49268013402341 77.71325340101214 81.00765914269859 64.42622409511634 48.352325448828786 33.52413929220884 22.54994386025939 22.177545733793394 32.77039235811346 47.48331506623565 63.51490626517897 80.07704377568358 85.73403869668209 70.25109150799759 55.846343158382645 43.601834246352404 35.80689283620034 35.52259730101452 42.898531244417754 54.93105466222406 69.23341150824405 84.66296410545539 92.39808145498509 78.21037439973344 65.53641640179423 55.424571174701036 49.47167178513896 49.21088835625569 54.72365814424763 64.54725395228525 77.05010855900908 91.1361205505722 100.6154266932754 87.72492161351065 76.59343329130945 68.08921017883954 63.2804980275391 63.01901845455612 67.35774871439325 75.50781618609473 86.39727233379725 99.12739982526723
25.539571371893963 24.764385019345422 54.04738018593722 8.636361252170458 15.24732758089278 0.0 10.858354465432823 24.122310188915854 23.855989793252526 23.110133027781465 19.91118889400868 24.385454832965355 18.353566581270105 15.157478483811754 34.62924689220958 47.256525560498865 46.467515197256034 23.770784270862553 16.98848789219245 30.53140806918715 26.505728974727703 24.65130850204074 39.09080504637149 32.874641258948905 27.26078300253946 32.1268184927239 15.760915680491607 66.02572886732399 55.12905422346519 16.42044158272575 21.89853790733913 18.00033803369143 18.756496884423818 12.370952809261977 35.59706599689288 35.70037036386234 53.97988611427251 24.937828462160063 22.36876709042138 23.515480560093962 88.3908887137025 74.59602592896535 62.56905627612163 53.51549648894843 49.1083675969691 50.57723810251124 57.47333383891121 68.16900346488157 81.17600511500221 95.5550962609568 81.3418933173561 66.13317449547547 52.24363635516051 41.03542275685068 35.172743887564636 37.26990092389496 46.25663982299976 59.06788933971748 73.73643593774125 89.35220214887623 76.28624280986675 59.835866272187324 44.04296079492875 29.965736286679928 21.326503684913895 24.706388247828972 36.9418858978402 52.13167654810548 68.33324167859841 84.96978044820082 73.63574050625394 56.43386211171361 39.319876324943195 22.49528670640622 8.04590220111539 14.904647895518325 31.27737015769546 48.30230437054122 65.4726255732514 82.69782439598228 73.65055052221582 56.453096663668795 39.347350756027865 22.54305343184411 8.177888630885073 14.97597491996881 31.311262271964925 48.32415362153726 65.4886697018877 82.71046640730253 76.3291212309127 59.890273431765074 44.11650911589087 30.07323265699619 21.47658467638306 24.83544799962623 37.027917661939725 52.19238753359785 68.3793489845207 85.00668702876078 81.40890623530238 66.2152041758933 52.34695856937545 41.16627790744164 35.32461408117273 37.41258934080583 46.37114275434336 59.15717604330596 73.80763939002934 89.41068920971823 88.47721716963933 74.69783102913293 62.68983754414507 53.65600871141684 49.26074074924506 50.72450745288881 57.60236542316765 68.27731041198987 81.2665460102428 95.6316561193839 97.10067684491227 84.6921829763499 74.26765328363345 66.76299008384203 63.22660373240738 64.31643684273598 69.81617814475935 78.80791500336764 90.25392100734533 103.34189421736826 106.90349683217998 95.72580731826635 86.58629886688897 80.18496448602329 77.20592154437752 78.04206895819989 82.57759470260113 90.2565132280148 100.35986063427005 112.23479623390588
29.90130565900001 27.527198474099734 43.581499061766216 19.282819287801924 5.8111858511955985 10.858354465432823 0.0 14.711636902465534 14.204824825894764 32.5004598370112 15.079493827270145 21.376879176069345 7.515504200905171 4.3184901100501145 28.491878760175876 38.214785791986046 37.741084040491636 17.787317299582018 18.758211665504334 19.780530951046753 33.20573025696422 32.54771492172593 30.107848152455688 22.06564201896117 17.511561004616826 29.544441095653337 11.523564623273032 58.09575057360213 45.88755262176952 27.21748771202546 18.01665573598905 19.06020100392457 13.33608650659375 15.608181327608717 28.97546955212914 24.873316934099833 45.91840718771638 14.889065199778734 24.143800300545124 12.852960219790653 98.69568063528838 85.24427589135063 73.4236546809163 64.14184951924896 58.6175566838833 57.93579500038284 62.25585941882952 70.66629338274944 81.91675840501865 95.00359410616454 91.08417527618975 76.34584476279998 62.926570617075264 51.86060949465488 44.92211699437615 44.104133865044226 49.709726446156814 59.96368428729088 72.93102367130686 87.41240898470235 85.15073796326104 69.19389764962949 54.07080590510343 40.72122190710586 31.48798277346848 30.388772398030767 38.13359673256431 50.8288716658865 65.66343330200893 81.47703992063283 81.26386574722181 64.37331617854491 47.778072289551474 31.94177427528499 18.881792613009086 17.072774730426115 28.725416933433475 44.24400428629178 60.734064978725414 77.57856520097798 79.72351800224962 62.426615412180794 45.13356722843139 27.85155398689335 10.634510707352497 7.013570151028504 24.166114795734796 41.44304081696185 58.734689492416855 76.03101641542527 80.66425513000432 63.61819260135332 46.76044982258547 30.40588378810056 16.161953280674805 14.021860160092176 27.03200426241683 43.16895655590003 59.95916301439412 76.97633735255725 84.00274948459986 67.78272672407147 52.26130864191305 38.29753174136144 28.299606211712838 27.087722380441882 35.571504235109785 48.945166677475356 64.22333677359491 80.32655133414151 89.47095098076599 74.42274735023703 60.58997630840629 49.01276147328965 41.61804894285036 40.75020074578221 46.77393907165986 57.56500277200996 70.98142971453875 85.80036618033267 96.70820005034084 82.9457821087471 70.75470832110935 61.083171963842794 55.27004805941763 54.56282338441998 59.14494354332108 67.95473615286757 79.6006730631715 93.02358467619852 105.3504501406544 92.83453667999348 82.07603681863431 73.84707985463528 69.05792749921505 68.43459843016434 72.08524078137741 79.42266917577908 89.5451259619198 101.6237646995829
44.1723194077622 28.098965785824564 30.438396807900485 31.257771190434354 15.760613548688465 24.122310188915854 14.711636902465534 0.0 0.9459314335645584 46.89756299119485 25.829360639364346 15.980734553181762 9.43474186447287 12.092212167336607 34.96222572544365 37.76073497308568 38.14863015471651 9.177791779516342 32.72609653662857 9.976016297986117 47.88044816919703 38.92574298970548 15.396919965322734 12.489080566325084 3.281775757254933 39.92852284796346 11.717263040071382 43.54877181697856 31.232465528826417 39.16514751821997 28.90946040106529 20.414719762210893 9.595524109251992 21.213097506239627 34.642362792955495 15.111091787256226 47.138121443385856 2.593689275918356 37.74610121571649 6.106190637999787 112.48318417609956 98.4068516790721 85.5221926587688 74.45050478105422 66.10903971982711 61.61678220215336 61.818652614459154 66.6720257606738 75.28258412627193 86.53595305962396 105.38850983634838 90.25108304361513 76.04262377577653 63.390897818677736 53.4137985673814 47.81594382887897 48.149742957446115 54.305926612647696 64.6418768241532 77.50299006494691 99.79127662449818 83.67841905321838 68.15104475532665 53.7192716672869 41.5411068341201 34.12147603672779 34.66402830395405 42.867502271521005 55.42886256379046 70.04143788173444 95.95397748996783 79.08466539877631 62.452498498398754 46.313676150321974 31.437404327666545 20.74550422685728 21.706065116988473 33.326301063419606 48.46486546700886 64.69741717670692 94.09223911556101 76.82569983394768 59.57969710329893 42.379310018203256 25.317681313115116 9.202038648209271 11.273131874134783 27.716474306411165 44.811113046445 62.02082082413496 94.32314109319194 77.10703223207187 59.94036322670141 42.88255027430659 26.147511210097964 11.277624621986561 13.015012175442129 28.465936080155924 45.276282335127235 62.35613215582011 96.63168023933382 79.90183023630658 63.47940186354687 47.683095363673 33.41304898802754 23.619848403993043 24.455546841736812 35.170462618193234 49.7449519746498 65.65721734771721 100.87528537725223 84.96238013381077 69.71438871759395 55.680275402429196 44.03631753430418 37.10537122327873 37.59158155534145 45.25651944884304 57.287740572933245 71.51450905751392 106.82353525813957 91.91514109018352 78.00140917559187 65.71717964570634 56.142468448294444 50.832145559341555 51.13255789367836 56.95499211848689 66.87230348573942 79.36397177192953 114.21032097812834 100.36755569415406 87.76097322798631 77.00015568889043 68.95471629223407 64.64654043833352 64.82507887643294 69.45574044677613 77.74704032658569 88.67805842875346
43.5029172855318 28.6981473990228 30.47939473287839 31.15223591521253 14.98963056600497 23.855989793252526 14.204824825894764 0.9459314335645584 0.0 46.51910090015536 24.980656293230854 16.757311792833008 8.626532235909858 11.398031543220643 34.018199724067756 36.90234943610595 37.26850057536747 10.003376113761218 32.033299343840184 9.38043069074634 47.312598350382316 39.260725347030466 15.955071992916686 11.931630555179954 3.404811084419008 39.03534384246424 12.015245559469829 44.20977845265297 31.68572205585328 39.09179984125656 28.053819888277634 20.89439590185576 10.080773225597436 21.451937452607698 33.696469520435684 14.617316522716454 46.251550984692486 1.8708665975657688 37.00917764637978 5.163629859862274 112.24368256500698 98.25648695096402 85.49108164677601 74.5775282223823 66.43481957634016 62.161544788477755 62.55577440099924 67.53582037251202 76.20789996981198 87.48083140860095 105.04673072969145 89.98705222236917 75.88956356382648 63.399404634160966 53.65114647459006 48.33331033821542 48.912928951995525 55.2045533381975 65.58439722981797 78.44607046060139 99.3395823083947 83.28594060670328 67.84873724163856 53.56362890023149 41.63389832660421 34.58913979955653 35.47032065827975 43.80167412839836 56.371425550399564 70.96193721941505 95.39010368097841 78.55564180081461 61.97916971239953 45.940806902089946 31.279540285962725 21.09438748384698 22.588677855903885 34.26711532033777 49.36530824986835 65.56175536038195 93.42154158925253 76.16431839923199 58.9333164260161 41.761005689102845 24.769756373678792 9.045080923326244 12.198342939121249 28.539430188145055 45.59508749765959 62.78565406064875 93.55904865230373 76.33214798329301 59.149060405954785 42.06351362194544 25.274103538941592 10.34092555487807 13.183416595411774 28.972115992570185 45.865867888942596 62.98162803136316 95.79355389660203 79.0428285668993 62.59268167059079 46.761417009907284 32.467333029852476 22.81088728289332 24.192079581364748 35.33961122571353 50.11218215123141 66.12325422695508 99.98453147590452 84.05065831447936 68.78100848554631 54.734344155888344 43.12281378648127 36.35949730708758 37.19081011338638 45.1996350234975 57.459246361971374 71.82499784543586 105.89989874316824 90.97702109321884 77.05549738175824 64.7841221547035 55.273110886031645 50.1193833549318 50.670404438857275 56.76027379575644 66.89296655042499 79.53810887548566 113.26973830288595 99.42166263480057 86.82162252833133 76.09214826653186 68.12290121171618 63.954187225960574 64.32915521456295 69.17395543230293 77.65645988711752 88.73955807036155
17.09271488249637 42.179986394387136 75.91539654095361 19.246450605908837 34.455241282358955 23.110133027781465 32.5004598370112 46.89756299119485 46.51910090015536 0.0 31.8537101884664 46.387636370391235 39.66646446952972 36.258727967501784 43.557362666594436 60.42851042356301 58.9484223661305 46.754340136240764 21.360391666391607 51.86698637346725 10.962603472435 33.12610419901218 62.09495244730107 53.90147172582833 49.896125793420076 35.1283957753257 38.70942724828761 89.10519041402517 78.08972263322411 16.107544821287874 31.46828861091702 38.41568126140036 41.76830486012199 32.72612893566822 45.22931884970308 56.5428921341741 64.1859794484552 47.36126919612124 22.001831266310862 45.20970659272136 66.6155451982364 54.36142515629496 45.51266911074566 42.26519106566713 45.82569719870565 54.88485668513002 67.25626576415087 81.44426251854004 96.65213567799383 112.46691774067749 58.584245526450864 44.20685353715426 32.78852960622853 28.18934455050271 33.36016062628373 45.0540917808761 59.54453588463371 75.23258615455995 91.50432767623143 108.09649229063264 53.18378266624242 36.78868252664252 21.84060922345179 14.118423648380505 22.811404762521555 37.94869054422834 54.3926343051394 71.24413551386331 88.27008354701393 105.38596244027475 51.25272872489975 33.95080119568805 16.64888001953895 0.6535395749774248 17.95501673745428 35.25693892134505 52.55886663694282 69.86079577424965 87.16272548663353 104.46465548834998 53.170471926688 36.76952518388223 21.80847340611371 14.068890328894133 22.78092339205346 37.93046135794313 54.37997756319299 71.23451869298088 88.2623587932495 105.37952333698244 58.56007630199698 44.174965310210155 32.74572179512807 28.13977156457884 33.31847691052585 45.02338032248646 59.521410935476474 75.21437133845237 91.48942378137895 108.08393675137614 66.58366151950631 54.32252834712913 45.466416538997635 42.21561111768672 45.78018625426902 54.84704118890853 67.22555498519942 81.41902358181113 96.63097019505877 112.44881610004576 76.41589573364344 65.95841344300207 58.8245995347479 56.29256381111481 58.95820548471279 66.1965654020184 76.72417201526434 89.3862959013227 103.40173712899563 118.29043329879862 87.44871601456668 78.42278528276793 72.46846090785407 70.36982064315896 72.46264378678546 78.412034076039 87.43425351227802 98.69011876643694 111.50524495328426 125.40250801510182 99.28254968064039 91.37709921007865 86.26240426387766 84.44707845397248 86.13996906335505 91.14580638602014 98.96312603021052 108.98862851445699 120.67319717489353 133.58217854784567
21.400076757023733 42.176536151487284 48.121133437313404 27.651424226228578 10.519632207705552 19.91118889400868 15.079493827270145 25.829360639364346 24.980656293230854 31.8537101884664 0.0 36.28060456211847 16.431538474461508 14.541135101509003 14.720940864712944 29.094153678231056 27.888766567772997 31.843221581311344 10.866624347772872 25.091477141514982 27.46246425994466 44.547294948907876 39.95530420079489 26.218638254447985 27.381911552409882 14.595653707335495 26.531825855264042 68.35619449954856 54.23498575021948 34.09964629387194 3.1100984653274297 33.912135183068955 27.979183508151547 29.7126315810778 15.760627381262301 28.226030618173315 34.58104205693894 24.577801343676295 13.75632024294861 20.77930371429212 97.64824432255504 86.16160746372312 76.88404364021773 70.69073713603223 68.4243746923126 70.46488751241704 76.46826974034525 85.60480574516583 96.99309171563736 109.93556066296867 88.21505663882029 75.35623228229154 64.60593096711919 57.16633567969048 54.41279813294971 57.02818875796868 64.36128550668825 75.04155433961965 87.85666582393796 102.00515490774184 80.17843253672443 65.81366826268773 53.225956024076275 43.96898267668244 40.40106507381482 43.93092599899719 53.163070243273175 65.73738201900854 80.09494572116878 95.43428547234338 73.99495524575059 58.159035461394275 43.45576589679494 31.512599916596454 26.38928754834186 31.598342062580446 43.580111574865114 58.298432299677515 74.14107142617148 90.51961066900384 70.15644581396904 53.213520161079764 36.607969315431355 21.149963537974493 12.377857193972757 21.396602313730646 36.89350462111415 53.50850050857537 70.45496022924972 87.54059667319409 69.05511855633404 51.75966349781699 34.47070818580585 17.207854924457685 1.6445091115039951 17.550274646880318 34.814270938662126 52.1034391633267 69.39896883346839 86.69705282474374 70.818804829179 54.07982709409774 37.850557191091184 23.2252892532507 15.648509264503474 23.43181648084126 38.10428591464971 54.34644042263519 71.09041403882271 88.0503875621254 75.24629244222625 59.73583530088895 45.53509405237402 34.31076857425453 29.66011073016243 34.36458606588421 45.61618858481615 59.82857030771198 75.34446408060712 91.50315835260935 81.9066810525375 67.89904660893299 55.77240254839249 47.00580249325395 43.67189343879832 46.94280894378548 55.666188777537805 67.76817882235056 81.76204360850917 96.83099563284232 90.30718582499695 77.78395944685197 67.40918428905985 60.30214879865064 57.68359746955979 60.14268807139449 67.12365964364975 77.41269717169953 89.88082624528826 103.74534887422655
49.442627525479715 13.423958007915529 41.57437130607523 27.48849207094111 25.97361767225364 24.385454832965355 21.376879176069345 15.980734553181762 16.757311792833008 46.387636370391235 36.28060456211847 0.0 21.660672485378967 22.100198447092605 48.390957591589924 53.52590076857283 53.767434887614414 6.889340649112589 39.26441332714496 25.797425943207244 50.89070695499012 27.217734993199787 22.388213174753 28.18512466653385 18.123399703226788 50.850188677500554 9.886742420468114 44.22087597602013 36.98791724748551 33.9318880770314 39.30124733865375 8.959543011703536 8.440468348102051 13.870338530944586 48.45630809802025 30.560880855517286 62.679321921309054 18.571532636164907 44.82917299061539 21.433161831517793 107.82735938420839 92.42794408420352 77.83195808487721 64.58642262195076 53.70010904222463 46.84763464244592 45.87377756960829 51.115648307512956 60.991138468761235 73.65956745630118 102.60128165493464 86.30321426320988 70.48528421030717 55.55910808764362 42.475432853734894 33.46967290134442 32.17117211976917 39.35045527597903 51.58140215910492 66.1175655202399 99.1172522824357 82.15028953367666 65.35918076511672 48.925320842269855 33.380587145682796 20.82191745063909 18.749745702841697 29.466349468365834 44.538641734177276 60.80976511634147 97.56213195287731 80.275841342622 62.99813766893068 45.73875305095443 28.530952419692362 11.606485071300794 7.356580718185094 23.92157182196504 41.098387455237635 58.34918027551261 98.02778710655129 80.83854929185115 63.71034575619506 46.71036672205635 30.05697357395283 14.956539029115833 11.945189710701648 25.69805737621735 42.15217487612101 59.09259377321263 100.48612222056865 83.78931803572796 67.39843941438288 51.605815707173896 37.181736845800906 26.467218511455712 24.84464766121561 33.65575938681553 47.4012080352243 62.926541834622974 104.79696442933377 88.89060715754061 73.61645773900653 59.46370473982547 47.446686238408304 39.561981889072555 38.44241549888375 44.60038935037103 55.67114758475272 69.34021300015517 110.74413471097357 95.79942121695576 81.78933439336508 69.28319939368453 59.24127445367503 53.081031100477794 52.195435717097865 56.83160687444362 65.83312200803603 77.69728920454325 118.08057115292384 104.15660676734439 91.39402893506242 80.34818392105558 71.81563295669416 66.76699752072003 66.00659908252952 69.67497851109627 77.14289651074458 87.44222479356807 126.56481926892951 113.64297156843973 102.02685381362573 92.2112531850266 84.8235458586205 80.53468230358025 79.84559210938463 82.84614963136454 89.16463896591095 98.16243466061802
35.130176772998105 30.9759895007883 36.25656317478723 26.659113168344213 6.401759382708446 18.353566581270105 7.515504200905171 9.43474186447287 8.626532235909858 39.66646446952972 16.431538474461508 21.660672485378967 0.0 3.4080031951706697 26.82148792067604 33.1558882190652 33.03731608454422 16.086245625322224 23.60674902422784 12.303325016014334 39.35888491331681 38.47862552598289 24.256539147095992 14.55262357470256 11.398005043391695 30.710996926109395 13.203017999769754 52.669602176821876 39.5267359778865 34.63972367636287 19.526777486214424 22.422546991779228 13.301992126393824 20.64165374890823 26.812216762400723 17.357925845573426 41.70236938223634 8.558482860057477 28.452263923146457 5.570897795473911 106.0616066818875 92.73271317104539 80.92182510107898 71.38642356371996 65.13367152964187 63.146360710590116 65.81203979098369 72.6201094617673 82.55198375070839 94.62913795426012 98.2136546305356 83.68723144323147 70.42645218785185 59.28675517795372 51.65902846638353 49.20460156882802 52.65199065495073 61.00879555601126 72.59900730199016 86.12700098032433 91.87527228732763 76.18537997696049 61.368282426059295 48.23512781226896 38.54732836065578 35.26858366889935 40.006961467702205 50.556388709310674 64.10965149101169 79.13819489159754 87.37569873255939 70.72023400799458 54.46927248737719 39.13008012417141 26.346462264155328 21.34994977184012 28.569494479248856 42.13458261865003 57.73336529411096 74.09231580920813 85.00749784913698 67.78629891772627 50.62018660181674 33.59371373479141 17.128492450998902 7.5462735871083595 20.47487672046743 37.15115406879737 54.22093009922173 71.40254626592343 84.9491458111798 67.71344330782817 50.52303259971321 33.44781950234818 16.841906773736074 6.874329495612952 20.237993383218626 37.021746774960114 54.1327671589267 71.33594195225383 87.20528035102379 70.51053744157542 54.197992403028934 38.75332749326055 25.78623516864006 20.657951923015233 28.058573596109827 41.791478173774905 57.48463503177568 73.89959676870991 91.60502051513572 75.86074905123316 60.96666670655731 47.725500435088115 37.91068548721545 34.57491137154317 39.39970378710964 50.079502399441594 63.736051042452274 78.83729817892618 97.85960721115691 83.27335269715184 69.93641297178603 58.70651150905787 50.99518773568157 48.51047201748807 52.00696744742461 60.45564882880118 72.13701083322589 85.73979958470535 105.64001520802852 92.25244214612857 80.37355152751378 70.76720231296272 64.4575868022725 62.45204964461383 65.14929737590612 72.02289793940729 82.0296235617563 94.17597830955663
32.1072984160942 30.066018283676385 39.66414621099029 23.60063805767039 4.021718992088519 15.157478483811754 4.3184901100501145 12.092212167336607 11.398031543220643 36.258727967501784 14.541135101509003 22.100198447092605 3.4080031951706697 0.0 26.44185614777432 34.60537147963605 34.2816371852744 17.306493869347758 20.637427510285445 15.686640942040142 36.106550255820885 36.355356625956134 27.287104626850997 17.886140028087016 14.443675826899286 29.098479309149187 12.785500665561436 55.606814019533026 42.74815909145605 31.534356013265203 17.643625940878273 21.472804262249838 13.673941254294043 18.882218424241206 26.67382672782885 20.66185849871816 42.70079865219943 11.651900921871421 25.67619021805045 8.964083984172115 102.66260993688232 89.38366377062479 77.70432641037559 68.44837807354294 62.69843461627797 61.446741738896655 64.95387257055471 72.53278002397612 83.07645826839887 95.60903086453766 94.80927982436742 80.28528063048542 67.0921427144684 56.17550645375011 49.07873286884965 47.54428565169087 52.06629197191213 61.319173222471065 73.53832900579698 87.48961792325555 88.5244809972351 72.79275200502124 57.96286637439703 44.9367459608518 35.7440417717198 33.68486354820682 39.87996574479963 51.42821627073063 65.55928092308906 80.93136182474043 84.16044509658217 67.4435403129612 51.11744801208906 35.7220884448061 23.191668002539 19.958734351820667 29.28413289514848 43.76621473481658 59.76716837267322 76.33779554460659 82.02439059175119 64.77095160665692 47.55276174848125 30.429715502766115 13.761667015590287 7.1772439219448545 22.635274228088424 39.64734425209703 56.834686863783475 74.07539951534508 82.2900310151375 65.10549074255927 48.00535275378164 31.12902357987229 15.239146068518624 9.703622241302867 23.55424047065555 40.17657839511312 57.20337321142844 74.35729695077053 84.93483121250283 68.4030464737036 52.37116669525366 37.486164855309724 25.814668902165067 22.941072903137876 31.383110773453893 45.1909014972319 60.81321102246039 77.1556013000172 89.74866785527169 74.2699495164544 59.799117853286546 47.27103411694052 38.62478365795554 36.713815308353375 42.457527390442934 53.44236246123074 67.1434111019863 82.21372317880852 96.40710908356296 82.15752464093507 69.31152964560587 58.796416065553046 52.04469287363705 50.58638833103894 54.845386555064 63.68478061706006 75.51282839263737 89.14776685374544 104.55826008420392 91.54484955790363 80.16971026395201 71.2221780199756 65.70165960735044 64.49426907649234 67.8307205298098 75.10789430358156 85.32337405937966 97.55846334245035
28.983536334427136 56.01897983995729 48.384950968035184 42.2818025399143 22.89635820623762 34.62924689220958 28.491878760175876 34.96222572544365 34.018199724067756 43.557362666594436 14.720940864712944 48.390957591589924 26.82148792067604 26.44185614777432 0.0 17.880011025543254 16.018862481849283 42.863406525037945 22.55860438773536 29.941097723790552 36.349853308850705 59.2514009042193 46.12246366642217 29.770595232177392 35.282101128393464 11.183496329866694 39.22080146999633 73.23264941836858 57.771973372469134 48.38202768713709 13.192492008084546 47.53074110959407 39.95895699958427 43.87411741206106 1.897849889003108 30.523021550726593 20.697152789014222 32.9119101037157 21.896304885358813 28.92859370426465 106.68012063460523 96.73440347804576 89.06807109722901 84.30526411364832 82.94765591263692 85.15826138105629 90.67648613216987 98.95049564594224 109.3565536893968 121.34739748048828 95.98759631483176 84.8553490783114 76.06531502281182 70.49910845945114 68.94205320095406 71.65597928663527 78.19745710303096 87.71428326617344 99.35511532738607 112.4623166013302 86.29506671306316 73.76810796356838 63.52422971746088 56.812151563145925 54.94189808109832 58.38066940166934 66.30755424743678 77.35489471312506 90.3856543759093 104.66160753879701 77.97649012389276 63.88646485710093 51.78159101169477 43.35771372489246 40.953081779570454 45.53157004872747 55.38770830240045 68.27282026423421 82.7844377796663 98.20414291567793 71.5130865797119 55.854181703457876 41.520690487513775 30.445950906443578 26.993595127428552 33.6015251511698 46.13221076782708 61.041046119771494 76.9580912941307 93.36914042106743 67.44047699727798 50.5606087279104 34.1063801821969 19.204894694295845 13.157643717716114 24.00274969840267 39.722200277192165 56.37629992759193 73.33098928191961 90.41733009473839 66.20143682874293 48.90342586175404 31.609705481523264 14.33581169757258 3.251324378595765 20.35535114382474 37.64071103139565 54.9365045347488 72.23523745950375 89.53520608091273 67.9511649284151 51.23672204758073 35.096367619801676 20.905042858468587 15.524144956173549 25.37104253325201 40.559745866084924 56.96673268760276 73.78371598357279 90.78313344684294 72.47348702251547 57.07312584077698 43.139152291904146 32.60890404386282 29.400751362905368 35.555268720077336 47.56742038502811 62.12770095254635 77.81871474382017 94.07636737346611 79.29538259369818 65.48248661751687 53.72949655878287 45.65595187212196 43.36793142811558 47.70527649528281 57.17966184515902 69.72760175116758 83.98254316865612 99.21139582651043
