0.0 45.87891044815172 29.611926882617755 47.91440573337678 68.17467598566807 44.606870398773204 47.08986378569526 18.59636862121499 27.748103671008305 53.37867607977413 56.963913640132745 13.872790211587436 13.802114029996453 29.087479574937483 22.910279678201253 57.652584190711146 10.5889607650862 13.768641298488058 14.868060676030165 38.28842037774359 10.373753416755118 37.51240130201177 47.27453119932233 48.12758125272666 36.74794030252285 32.73441607443011 28.24321987251908 13.192667583899697 0.9484855937151834 48.93489931157696 53.164740801141015 15.89952677988987 17.122955062174533 35.40755642361912 27.760991561724143 43.17515407712647 35.535734760092296 16.95433410758759 11.247507107152568 24.232534245412825 81.90551827750727 67.36184041691352 54.455732850077176 44.631175338390044 40.21395852152646 42.907910505209585 51.61124668059056 63.914462056030274 78.13515093588258 93.40155694286166 75.90848397799505 59.96275792179875 45.0297343623564 32.53508655833525 26.23160268573299 30.27164255649229 41.75353815149705 56.29434958089555 72.0656636875266 88.41140317890962 72.21809285902073 55.2393769083945 38.54915647298277 22.790327923448405 12.307457392728589 19.55149218417123 34.81035857784828 51.380678864138886 68.31471390031514 85.39636402405984 71.19400755767654 53.89985705549281 36.61305854632293 19.35332293599618 2.701804628025371 15.45192463305911 32.694614059782865 49.97826716889039 67.27131763928996 84.56800075490143 72.94862139129131 56.18675924708109 39.88878079618733 24.97979421572573 15.986799919378697 22.042635759307878 36.26141444735832 52.369981202676755 69.05832355000543 85.98954319452668 77.29290575652256 61.6981129055967 47.305710122241784 35.60495053399693 29.938336848093734 33.520213935628675 44.154441336062476 58.08901665050374 73.46946467340787 89.55389350293841 83.82513437283467 69.67281371624279 57.27698430260077 48.01779911405057 43.92572451422797 46.38893896030686 54.526160538097 66.2795205890394 80.07216530849287 95.02016946875361 92.08075784184618 79.37171063848425 68.69911258933526 61.1388978280955 57.92286872259381 59.75658751038186 66.22188397420162 76.14803490269871 88.3764994668085 102.0832269873856 101.64059719392397 90.24045054896565 80.96020649419624 74.59530386856413 71.9239312503812 73.35075062655679 78.65304540894066 87.12610797098863 97.9505182801112 110.43702990894366 112.17157318181995 101.90527967241745 93.73146516964513 88.23359022424863 85.92684486531334 87.06524126729902 91.52031003589535 98.84460230393694 108.45838373821597 119.81178549625918
45.87891044815172 0.0 68.0642853321293 68.40852864296758 112.2757860745874 78.07950908713906 92.9554590582957 49.32981387007659 26.04087142279804 81.30666194695768 96.39593163271965 56.58790288618099 54.42812614139888 69.80314860546221 22.99564934857543 95.48883041874836 56.44064145918876 46.225723192459 52.40556511075379 74.43552655304337 45.90147647412307 8.996879232698532 87.40810080681396 65.81387756783401 78.25877978523819 70.5726644316369 64.93055689099197 54.50673438035389 45.61214986122006 83.29257526236114 93.19163855665299 42.588758532486224 61.772759237869586 79.75512027574459 36.47361368888082 86.33326693322462 11.987782626626725 47.76760203859317 49.691499549554884 59.28613477390578 36.07235434323738 22.143918550051147 16.679441746864924 25.78306988266292 40.62070747178006 56.86852667139103 73.59843098432388 90.54358634501638 107.60234793129734 124.72811150514733 32.13317028419712 14.930069259393553 3.462207510033127 19.994508515342748 37.23288113849103 54.51154081614843 71.80140878564332 89.09596007804892 106.39291084479748 123.69125446449506 34.17404143631819 18.910657142818412 12.086095999200792 23.092150113810423 38.97606951324421 55.7111614486934 72.71207563157556 89.82800951125854 107.00378292496198 124.21457541335911 41.31811044829662 29.907677398061306 26.085673690232376 32.636878904164256 45.261237781675845 60.25532104813473 76.23344457524573 92.68809371778825 109.4044681455685 126.27867148187539 51.48297189399531 42.81901407061151 40.18886943531555 44.67133506605674 54.54004782024699 67.47155804755748 82.02994065493179 97.48906026588189 113.48140053845056 129.81003564254212 63.228016979956536 56.3435531401638 54.31490542660211 57.65692538088247 65.55327801897378 76.6083715747191 89.66131859974472 103.96230389841675 119.06245559117684 134.69326319889174 75.82232064460494 70.12727084509211 68.44950335593384 71.0740845066993 77.5655016903275 87.06307599364445 98.70279598430822 111.81768756737823 125.94776359362925 140.7876899388565 88.90555680528719 84.04259368285226 82.58811751926828 84.717866110076 90.17824904836102 98.41644397462771 108.80329207924 120.78574571829563 133.93624023405934 147.9436264396185 102.29013961738886 98.033339966133 96.72882938692861 98.49398322745716 103.17136539318682 110.39141338613805 119.69488405189438 130.63741421409603 142.84281683442984 156.0149808596273 115.87153155285245 112.07110430723958 110.87067324036663 112.35360749413951 116.41740942390055 122.80613374051367 131.1805355912221 141.18772084294594 152.50660732947642 164.8672532766386
29.611926882617755 68.0642853321293 0.0 28.5307582008674 45.799529737870174 15.857392009065642 36.41047056818499 18.835991529931174 42.99353642962232 26.714285990923326 65.83896725891739 34.254870472919706 15.934258694348484 4.4479863060648785 46.7833257134658 28.466024371608103 23.865209610064433 42.08125162454595 16.362600711259557 8.892624417435242 23.258011096130627 59.06844055098017 19.34899503303739 31.064177815999535 11.146786041190316 3.134430528018799 3.771257866881083 16.442791838468306 29.068961255355752 19.555837137659594 61.87637560318565 25.47557707490359 16.338594885212338 17.793658002052787 57.37290659955308 20.20170155379573 56.15944434438197 44.75644357946804 19.88171338143055 9.082340070348696 102.0657171304965 90.18300681792647 80.2946363097798 73.2131977033611 69.79832241875103 70.58419868352891 75.43965927744823 83.65910038131094 94.36756729739102 106.81910051344632 92.90154270892502 79.71472586793223 68.3876948765094 59.98345195900969 55.83771678310095 56.88923562931221 62.877802551567854 72.59166195316048 84.75953707114306 98.47592229374813 85.10823376098674 70.52305377081149 57.465605949560704 47.220712786060815 41.90466155299321 43.369467355868466 51.03455527968978 62.66455187266594 76.47137624654114 91.47459649185738 79.09219215285881 63.1679130228206 48.202753741045036 35.43353718287777 28.040604538945765 30.260953472993805 40.544851261795166 54.50462805231993 69.97380832059848 86.14303848290805 75.28081396679363 58.34812715294727 41.719535300500766 25.98553447243482 14.446074575849389 18.461929265184363 32.73697124722996 49.00294310949297 65.7995461460919 82.80449749465613 74.01552625019633 56.71389251350828 39.41251939756738 22.112018672738987 4.821789874455646 12.500861918012061 29.7994470264635 47.100489814466805 64.40200960942504 81.70370337990681 75.42459200428976 58.5326653125352 41.97605658459807 26.393528230289068 15.164429654583525 19.026668371402533 33.05723642625529 49.21646309132159 65.95795771956924 82.9298301099953 79.36567775402119 63.50844715502277 48.64611559292074 36.031596025336825 28.789180426743275 30.952666360584868 41.06126943588547 54.88804777167058 70.2714549178726 86.38383304692489 85.48926599055149 70.9803267041762 58.02330342088185 47.89473334584364 42.65925463856496 44.09561556502369 51.65016359586845 63.16454914364368 76.87968469669374 91.81457591767355 93.36683595170128 80.25403605247242 69.0126983957537 60.691785007080966 56.59444306047064 57.62870112951181 63.5444835762856 73.16716191380631 85.2505939117456 98.89687523897987
47.91440573337678 68.40852864296758 28.5307582008674 0.0 65.22950764279213 20.78099588168808 63.83162569252198 29.400294016278078 43.23964627337306 15.205806518077035 94.10699738410408 57.97760814940943 36.33215705588111 32.92127540350449 53.70893956403014 37.7307453608595 47.57314144803647 61.662778706964204 33.70846423753422 24.477283733207205 37.74149214760204 60.370109205897926 37.12102096669172 4.029689988443185 36.355484639465224 27.29020046987629 26.037135770461635 37.266454608991104 47.02741688943986 24.472347404345435 90.11764762919236 34.25915639249336 42.300427624295345 45.34681677685381 72.66068482782991 44.319202081308426 57.128489298980945 64.8683769692822 36.87580733883143 25.989591175009142 96.28178298729115 88.67230088689733 83.98840479092036 82.7285157592058 85.04494391696086 90.66398203006598 99.02501085342892 109.50172553998406 121.5482743685056 134.74426923168684 84.3254763536326 75.58608174550362 70.10289587370265 68.6605179937728 71.50390141499673 78.16674209000442 87.78360715501049 99.50162946274374 112.6671083779689 126.83008640714142 73.16801519243091 62.96081085204808 56.331766813048084 54.60010251556942 58.20458255557027 66.28027353212585 77.44078306449352 90.55260403037836 104.88647340957867 120.00528948377685 63.233884963428274 51.13927781960221 42.785895270819005 40.55546205230024 45.36037632532789 55.39934610076222 68.40553286281613 82.99549309335357 98.46772258413792 114.46500983844925 55.18788394706791 40.82598541946943 29.774650811915606 26.552001263254034 33.499222465809744 46.23956352678103 61.25934017805172 77.2400574667599 93.69128236035374 110.40288265046571 49.95104596483524 33.44672295038475 18.46543869868609 12.72691807282562 24.11823642005172 40.001463466665705 56.72087532831096 73.70964104922682 90.81672498085061 107.98590998789318 48.44321852759612 31.16087487386426 13.927254277194487 3.956044451702638 20.881708524717748 38.14649133699788 55.434442713363374 72.72904278046846 90.02645986480745 107.3253319352876 50.99627370373256 34.98161991148728 21.107342005319538 16.310683504045432 26.177648121112448 41.269994922160066 57.61829618726978 74.39916656172332 91.37459312912706 108.45325679200207 57.067739659204655 43.322286399363044 33.10020027506691 30.218126811377044 36.460338562514124 48.41783306329653 62.91204971466703 78.55109553843782 94.76989179804465 111.31531495059454 65.68909357850372 54.13234811035483 46.30625489352377 44.23721743294776 48.66515800648326 58.123728674124784 70.61970050684756 84.82110820853873 100.00401356405055 115.78293955930602
68.17467598566807 112.2757860745874 45.799529737870174 65.22950764279213 0.0 44.52366992797516 28.005396045996303 64.2102790665812 88.30082518979957 52.69598874423182 64.88790428676367 63.65183050179033 57.84775360322577 43.02249465343572 89.75485644961259 29.223365679292385 58.0754596243207 75.5894697513423 60.03163845115905 43.00783550727868 66.37867724082598 103.35247149383402 28.59777454642198 69.0913323639112 34.73731205908603 44.178763170620165 49.476278443017975 57.782644706324774 68.11908824959168 40.93132150177391 62.36531354533496 70.33458838386296 51.134004776693764 32.803687497360606 92.89084357804893 26.052832836989452 100.68390476433086 76.82834445026876 62.58596759962906 54.84457227711661 147.25622538162173 134.35761038495602 122.54880450257433 112.17451566598021 103.66631520919267 97.51388782247705 94.18005199102343 93.96529430409575 96.89035731249092 102.68727580501313 138.59296947001968 124.84762464454055 112.09161362279455 100.7016016902668 91.19088548425168 84.19872256973967 80.38503868435737 80.20452781062205 83.68070502512859 90.39268101258381 130.8696084278343 116.25535790953751 102.48148258979631 89.93493483666512 79.20115487794963 71.105875734452 66.61801854017087 66.4723056986684 70.69559148916882 78.58662791731676 124.26164086824473 108.79859270664302 93.97878696080248 80.15978581994159 67.95491422618056 58.38535529761101 52.901127587981314 52.79118418943605 58.08604993764906 67.526065394858 118.95519440361672 102.72502153077728 86.90931030536214 71.78253815226437 57.88733666486525 46.34502244678018 39.287209903347225 39.21498457714747 46.16114779532363 57.641950983070615 115.13045447201421 98.29148229231203 81.64631101746305 65.3432122078589 49.71982831760154 35.68049805824142 25.939260261865186 25.909518939864345 35.615611576546684 49.64223072892725 112.93811592007496 95.72618704715681 78.55380829758357 61.45414357056916 44.51107478387528 28.01022754878048 13.661001747837112 13.688905824756453 28.05106716523249 44.553918436417355 112.4737074977691 95.1803518257375 77.89080446937463 60.60832467525892 43.34136789301602 26.120736466955147 9.21005581725242 9.277442243454848 26.192179994176247 43.413168543155585 113.75840012188361 96.68819187024003 79.71794943019917 62.92859954736108 46.51642705624479 31.08471483932326 19.169068122838585 19.16661196601 31.080170870102357 46.511366286820746 116.73444232624095 100.15697657798009 83.87263428796588 68.09204432854742 53.26483936582344 40.45328933430624 32.16369096964105 32.11302398049058 40.33235047834711 53.111764935583714
44.606870398773204 78.07950908713906 15.857392009065642 20.78099588168808 44.52366992797516 0.0 45.05253630058752 29.94633385001602 52.08229027725147 11.932781682430408 79.18542605724748 50.112184235555524 30.82382847799513 18.740750159143932 58.75718252243297 18.549560000062847 39.69689968590003 57.59645807450966 30.17037640413632 7.212190535859159 36.678417040485826 69.25217349320064 16.37203702274986 24.582937764322327 17.988756750480494 12.917085625670046 16.379759040125066 31.503147005400077 43.95551473264487 5.233425718062127 75.3265983528963 36.78484999232851 32.16533798695796 27.619959345593426 72.19840997041328 24.461481458784817 66.11892046538115 60.38032857076238 33.93372848659252 20.830672653503147 109.91599138488236 99.7923677516368 91.8378269356331 86.65180059869805 84.74409085010907 86.33229764936249 91.2340320117543 98.95812181331868 108.90569059512275 120.52745459000077 99.30966750857586 88.03156092500076 78.9644881076758 72.93774092112294 70.73278394650265 72.6982008348308 78.52145623971141 87.43511183019997 98.60460170056471 111.35315521709701 89.6840761213298 77.06298223870253 66.57980728651489 59.37790860524061 56.72124035784464 59.22465677872499 66.30624871581355 76.70837667562986 89.2778207096649 103.22587502078999 81.388091627601 67.2754418114828 55.01502811120696 46.1088516486345 42.70952724915535 46.05307666785417 54.92151362186209 67.16073318234722 81.26167694347433 96.41089581865872 74.86517315543263 59.257247828004324 44.908331558007006 33.47842023118907 28.69774475009725 33.54140785704564 45.00223420050393 59.36400997000312 74.97786227292688 91.20297986826304 70.60854145437473 53.805453010798736 37.45931078750438 22.5850769151423 14.686183216568331 22.803394468830213 37.72291299397758 54.080995495750685 70.8886628909464 87.88835828875843 69.0387298221691 51.73789653221949 34.43816576807058 17.142875696052677 0.6947766275118006 17.48716225591171 34.78264760965942 52.08241457038505 69.38326053160033 86.68453944205118 70.33589088016913 53.44879820249533 36.947574233824525 21.72982244149904 13.340159445221207 21.96468196494222 37.224284851800036 53.736023678131076 70.62708990065002 87.6785272686691 74.35010113585625 58.608160505389456 44.05230234999864 32.326523668611074 27.3516516565735 32.40264634072751 44.16401314538337 58.734134453312144 74.48252794079039 90.79815698813259 80.67674950129751 66.41708382385762 53.966891041439865 44.85896594059808 41.36343208055994 44.81345103173484 53.891209532789226 66.3248424650112 80.57550609555432 95.83603095063627
47.08986378569526 92.9554590582957 36.41047056818499 63.83162569252198 28.005396045996303 45.05253630058752 0.0 50.216607362872075 72.08383339974395 56.63179925207604 39.20913153824098 38.89466837371709 41.06444043396034 32.06339206298992 69.96427670844743 40.30982490623688 36.51517586889816 51.110373573197805 44.296293784218754 39.5191090539998 48.99459321217172 84.46752341619445 31.12754318157184 66.87482961431131 27.53613881362483 36.80905314258972 39.877147001505335 40.58413566613933 47.34364794656425 44.4967546360823 36.08289244948926 54.59960367478402 32.13622184517539 18.660730789502914 68.14367316631328 21.01583941554387 82.28270934834946 51.69366504524662 45.44301370263784 43.46152568365912 128.93514217464994 114.39708532101622 100.73632755219683 88.36070712988545 77.88526020887468 70.16626874076562 66.17544180679425 66.58652450674745 71.32344433410168 79.61780262958284 122.24435359325784 106.83540583809737 92.10117389596448 78.42288481743468 66.45578854484646 57.282590176491325 52.391972494535715 52.98341971606449 58.89199509390999 68.76039372908603 116.87003988044191 100.67082888379959 84.9077842451593 69.87670809129682 56.168347964630115 45.007985555262486 38.66860077318743 39.541232645854166 47.2277878365075 59.12804140201873 113.00027432323054 96.17248576267535 79.54836739388927 63.28861832109182 47.766791599569046 34.00873810146513 25.10443928146247 26.506267049126542 37.06267975984636 51.41413216151026 110.79287905347428 93.58103615586892 76.40989256378275 59.31480514831121 42.387894646203925 25.960242485093016 12.241235306497792 14.982475375360373 29.963550682740305 46.581833854592894 110.34769345360114 93.0559657991608 75.7688962277338 58.490615014683804 41.23217188672148 24.036337006104496 7.356122573808379 11.36631542964778 28.33702980284039 45.557600179582614 111.68579861146421 94.63168471272483 77.6872320139675 60.94397764171802 44.62894722048235 29.462341652702563 18.521024479389276 20.414192277264846 33.00245856539358 48.582892285641535 114.74480501404393 98.20710274236274 81.98541699969657 66.31207275108356 51.6883178769707 39.303717863748496 31.884025647412717 32.97133248279569 41.90865376659561 54.9933684726175 119.3924684868517 103.57529008139959 88.31660956937824 73.96289585207127 61.15472203074565 51.068519828763186 45.54987415420919 46.26328977278792 52.957497608028056 63.77620835632056 125.4522849170963 110.47514325112738 96.28050325320784 83.26950151415613 72.08592791887128 63.69967559971837 59.309467080400026 59.80195352637554 65.06635806719697 74.09240720157524
18.59636862121499 49.32981387007659 18.835991529931174 29.400294016278078 64.2102790665812 29.94633385001602 50.216607362872075 0.0 24.186938385631805 36.5199846490415 70.69546961993687 30.081132969209246 10.135060824580583 21.189342855038326 28.858368850065094 46.34822458181634 20.75135253171236 32.29272293548458 6.524005752644719 25.313948984765137 8.34129705598918 40.34551860615829 38.122335904751424 29.532783320449344 29.530590026900562 21.246404267008547 15.601214746394142 10.961458129013973 17.6881291843252 34.95994809434347 66.71359562123376 6.906313615021878 19.246229976566234 33.29541081650819 43.9426897938931 38.21240834802912 37.384366094577075 35.521429672973646 8.140304995446538 9.95763319613442 83.26630171805186 71.41372068763835 62.1712167659733 56.826922115476144 56.49810750298436 61.26558101469692 70.0971103112114 81.68498345463259 95.02613514610549 109.48147966706652 74.40030308233051 60.89698099653612 49.801450205444205 43.01896724778855 42.65892164657881 48.86348945292224 59.61713310298266 72.93469318272342 87.65524132693591 103.18002784692709 67.36737493897503 52.114886937390835 38.629903570344645 29.449740818660494 29.000255064688076 37.595905740480774 50.83895394434578 65.98830292481502 81.99404114084228 98.43931743562753 62.78666686012776 46.070501508159765 30.02547821336599 16.711679556534843 15.99199125174887 28.82568288399408 44.77509198419215 61.46064097922914 78.4138034778754 95.49215371452058 61.21127824400368 43.9094497004409 26.607753861764607 9.306930857340284 7.998685031968617 25.2992601935345 42.60093630757501 59.902759419463585 77.20463070109626 94.50652369630876 62.86756824512266 46.180192808260735 30.192745623866468 17.009002868058 16.301014649046387 28.997458308895453 44.88535070513846 61.540632408337665 78.4762179022642 95.54316681467027 67.51810323591789 52.30869424127643 38.889772415944634 29.788235607932 29.3423455003266 37.85917557271324 51.03303623503775 66.13723668538358 82.11337919007251 98.53826507594351 74.60496849487056 61.14571949400682 50.10390708890575 43.3671396754424 43.00838181867753 49.16744669668934 59.86534496361142 73.13676261211604 87.82264723763157 103.32160226564402 83.51010693005752 71.69654421405721 62.49439126354214 57.178679777931826 56.85025855328848 61.588963042836 70.3785964225583 81.92552285185398 95.23199960539796 109.65935526403864 93.7165092226745 83.31245887029914 75.48401652622533 71.087248820945 70.76472557120763 74.56933063702881 81.92809654970019 91.99201151566956 103.97853916342982 117.2997539438082
27.748103671008305 26.04087142279804 42.99353642962232 43.23964627337306 88.30082518979957 52.08229027725147 72.08383339974395 24.186938385631805 0.0 55.44569248400843 84.38889803775777 41.33232533169813 31.294284424619477 45.30200742879487 13.283021353022718 69.71124798358106 36.9305485106954 35.504805021947654 28.52218477624349 48.72605825461775 23.091523440200515 17.40301633585889 62.17927025431075 41.10129901158431 53.694515315676384 45.26082634786519 39.62128574978493 31.645244492701387 27.05898186446236 57.304883403365196 80.67133199789514 18.027577198642096 39.94929030598642 56.66231898692677 36.79086886975521 62.256490358537945 14.18495869538035 38.395577384467465 26.711234907065606 33.98270683731983 59.079878408595974 47.74583541310876 40.83629968537134 40.67244461444513 47.324390498575255 58.51199814899383 72.15549684399076 87.10845727120976 102.8010541643727 118.94089268196053 50.54677185315465 36.7217355909128 27.21591331393674 27.048777475201838 36.349376074191454 50.09619019179657 65.54914000285785 81.74632463340593 98.32061726578199 115.10923646858411 44.969806350445175 28.604697075504415 14.590642483554614 14.361683157113783 28.254946113002305 44.59976410597751 61.47071561710073 78.52943231900709 95.67553262927139 112.86919991346595 43.50128306283227 26.2469207082155 9.173529222556908 8.838552105086295 25.8998058180947 43.15313954625743 60.43426624991501 77.72464985327791 95.01923713462209 112.31608624616769 46.53184316431804 30.99200160820138 18.828386710792373 18.63395759419281 30.637441997594244 46.138851044692736 62.5911059681152 79.40536357132375 96.39237121494448 113.4745739798468 53.29945591733225 40.410824971115616 31.99916423829676 31.83657036211295 40.02370392983949 52.810373066731955 67.63640361461977 83.42145795656197 99.7111085304682 116.29350645720346 62.60359999750423 52.02387043402796 45.743405858139035 45.57564027422135 51.5802531560908 61.98878743102632 74.98933751446367 89.45890361803112 104.79071454085862 120.65652072266094 73.48695991613071 64.6593676469854 59.66599446436419 59.48045469362417 64.1444823030629 72.73101988441586 84.04632306568129 97.14146443167158 111.39048579764265 126.40376997255748 85.34739925560392 77.82072956402509 73.66573633184193 73.4568093383071 77.22598226271326 84.44222405879012 94.31761998971977 106.11232277909555 119.25822411277714 133.35632852862148 97.83005555880635 91.28062632952856 87.70554129440767 87.47026616386249 90.60082345222854 96.7711073403342 105.44885717403301 116.07304596624084 128.1605195710559 141.33634284481832
53.37867607977413 81.30666194695768 26.714285990923326 15.205806518077035 52.69598874423182 11.932781682430408 56.63179925207604 36.5199846490415 55.44569248400843 0.0 91.10510190107873 60.54683896589724 39.98220394013861 30.18318239151147 64.20152207775509 23.880312778452236 49.95691953464078 66.88310402973775 38.52102232215535 18.839887197965844 44.301881692331605 72.84480627742634 26.519949175872526 19.14849605052666 29.888786375070037 24.11423509669832 26.154247460496823 40.78653202708359 52.62099056180949 12.493589918464867 87.23799402044027 42.824011908993135 42.93291436569332 39.5225252494268 80.28263324431538 35.75261949563122 69.61639367188675 69.85168596860987 42.221110764680915 29.17177084558631 110.77071902971701 102.27816246315388 96.17777482930212 92.94179768916004 92.87013877896055 95.96988657132657 101.95218051871154 110.34920311607252 120.65785376539434 132.43247431158667 99.14625779219897 89.62038432285732 82.65790630821343 78.94003421457033 78.92662330276265 82.61947753280657 89.56130641673884 99.07149177970743 110.48880801425132 123.28453368212487 88.26510343926766 77.47186443764771 69.36673754225549 64.9637743578445 65.0194808057278 69.52313998621639 77.70517554568173 88.55176352354893 101.20982433942235 115.08316760134919 78.4373980395733 66.11415108432844 56.46625245652998 51.034258003949695 51.17865223177011 56.85696552950201 66.66990134105521 79.0932240518769 93.08760157659977 108.04427876393684 70.1077353896465 56.030439474929786 44.299354980547626 37.20433675469419 37.477988376952645 44.98603861166384 56.93500544373954 71.12069415740085 86.44893606927728 102.40796392352456 63.865120135900035 48.030145566868036 33.67116512710223 23.649756944367603 24.15752079004557 34.735742148360416 49.27746867626813 65.18187800548172 81.6565777270678 98.41558472318931 60.36070208245138 43.28448987001902 26.502698767982025 11.399661921587857 12.49899248459153 27.950145001347604 44.77621767550378 61.8653538283655 79.04712272148156 96.27194029427166 60.0756450103437 42.887910578333724 25.852970071728027 9.802687727080997 11.06899946747642 27.34348641154833 44.40183764729167 61.596213854120236 78.83766468670946 96.10085651401016 63.05363083762602 46.95074868816034 32.12003900953936 21.39468795325219 21.965429709381667 33.25566410517212 48.25049171645876 64.41267243102283 81.04681641816708 97.91267638194043 68.87264221310609 54.484324709971325 42.33615926189801 34.85494328387357 35.15809593754237 43.081600445453546 55.449660343887615 69.94292899083997 85.48724903479028 101.60134904258345
56.963913640132745 96.39593163271965 65.83896725891739 94.10699738410408 64.88790428676367 79.18542605724748 39.20913153824098 70.69546961993687 84.38889803775777 91.10510190107873 0.0 43.12844948428184 60.731351468921936 61.65637846277596 76.13284287519218 78.76569524939602 50.129119846529 50.598464463480305 64.26710779353066 72.37186579349336 64.98103168367001 89.9382776662184 68.43675852960843 96.1475889674841 61.443283470596384 67.70946774269325 68.07152431287807 59.83703302283836 57.76996853305483 80.18637980529932 4.01091704898896 71.48844005889082 52.55696326373643 51.952483466067726 61.73943894991949 58.15831726256617 89.0210079522072 48.69162451561076 62.98662033242188 68.88797122894907 131.03430909692926 114.2705674928011 97.69464737770764 81.42134090058997 65.67598098728448 50.95040039228541 38.435156024165565 30.940074888329562 32.18733208325413 41.39407634221444 128.46209315164307 111.32538563376679 94.24906293276216 77.27316810212467 60.48232321142371 44.08846335800818 28.778221786954727 17.64346238447369 19.826995444511958 32.76644624537524 127.39203015538018 110.09457951509343 92.79879901373964 75.50583637357529 58.218202676206154 40.942648760404104 23.70559892690287 6.806167919220983 11.375675421805932 28.481601590430184 127.86185513079228 110.63539833997896 93.43683284842473 76.28502538641199 59.220616868164214 42.34938989973603 26.049437347418785 12.743176447204554 15.649821226625459 30.43284839607943 129.85484822741896 112.92238287241344 96.12157956136359 79.53591716724723 63.33464091997277 47.90930932419644 34.322553198517944 25.68041967971783 27.196338182208414 37.66308836044147 133.3026811922701 116.85302160451786 100.68941727447522 84.97526164835405 70.01383921565417 56.40732682701511 45.390985960794346 39.21228049944431 40.16927340928285 47.83559719785345 138.09638155943986 122.26884601822472 106.89916220830432 92.21654473524941 78.6069426528633 66.7301417060898 57.66690783968561 52.88414484899211 53.5415106439893 59.45884304857515 144.10163187799162 128.98283644460776 114.48386743047337 100.87235361721956 88.5584528164145 78.15791338830677 70.52241703583692 66.60972304075639 67.07451917306165 71.83188053195195 151.17403758096427 136.80390564301112 123.18973032455824 110.61099770998017 99.46133957962797 90.27184183285267 83.69070967378923 80.36134919692789 80.68729828919395 84.6263308141292 159.17131850517802 145.55359958544489 132.79631914771787 121.17155077368788 111.03556802526298 102.82956933472161 97.04438987526858 94.12745187926257 94.3451700028221 97.67658533641053
13.872790211587436 56.58790288618099 34.254870472919706 57.97760814940943 63.65183050179033 50.112184235555524 38.89466837371709 30.081132969209246 41.33232533169813 60.54683896589724 43.12844948428184 0.0 21.645529217392852 31.929123861611437 34.41351422418007 59.40985984051715 10.621777745995981 12.21961777514898 24.478030095679745 43.05532142767622 22.889903693481116 48.94350189558868 48.13092038310859 58.88112697949588 37.51462049136429 37.24179646483898 34.39398387823728 20.711675062925455 14.714041786874699 53.52477425476419 39.36319832069755 29.155778208532567 18.024743614784995 32.63246981327058 29.403603746050724 41.33364390377877 47.455277463322965 13.17756234682558 21.941180808814288 32.28229992028359 92.53656327935805 76.97794316928426 62.34499852255932 49.46615875831374 40.070061133501675 36.91917728841067 41.46261472158045 51.7105221682245 65.01934098151851 79.87338865810669 87.80245798330128 71.24442546674713 55.14504248750099 40.06113179312342 27.704221138959703 22.997053639127085 29.814696075015203 42.98463384514411 58.353683776805084 74.57437289426014 85.16948711130925 67.98840318632017 50.889268108233495 33.99596236481777 17.90101989793603 9.158644955649807 21.11938089109141 37.50851808300234 54.46524411126609 71.58735859889737 84.83355332549758 67.56903613189874 50.33021955054758 33.15721397328951 16.259894193624746 5.299147304949675 19.760851383120176 36.764317141299436 53.95787490811144 71.2039535179298 86.82132888162445 70.03730435501659 53.58373536855117 37.893551337875095 24.481372759501706 19.01225482792785 26.875749242717124 41.01045968200581 56.92206559447405 73.46493818119257 90.98060671153154 75.10902862534863 60.033072985853224 46.5325886981341 36.40469829010243 32.92461984746261 37.96666188226064 48.96542172513753 62.868640217249784 78.14107504082769 97.03249018998854 82.30425657850503 68.7850272094633 57.3364814449452 49.41929845650825 46.85898883498499 50.47737541338784 59.15123702727208 71.05262186741342 84.8338619042554 104.64906573748284 91.12124453876066 79.07863737326174 69.29989904504322 62.850748309596256 60.80010325018909 63.57502641895484 70.60885815410043 80.79686350366597 93.1093491036569 113.51571378398887 101.13662031972231 90.38860991855364 81.9162485492625 76.47959786909732 74.74404420918438 76.96038942230292 82.81193800408161 91.60468739300214 102.58511865153909 123.36307173394508 112.02931487360182 102.37852433204708 94.92540244055054 90.21627759937556 88.6893251237223 90.50575103078083 95.47492068599287 103.14215879843748 112.95939223402908
13.802114029996453 54.42812614139888 15.934258694348484 36.33215705588111 57.84775360322577 30.82382847799513 41.06444043396034 10.135060824580583 31.294284424619477 39.98220394013861 60.731351468921936 21.645529217392852 0.0 16.07497538364238 32.09060631623038 44.274306120581144 11.375593319779975 26.937066222426186 3.611495221519086 24.50397439606699 8.539244155776146 45.510529523379674 34.38848377975183 37.30803027394705 24.31183352758363 19.027734824860126 14.448390327359752 0.9484057215754498 13.19519963089834 35.136361453578964 56.73730231395556 13.538201227357279 9.26819038067079 25.513769637698257 41.51968638744358 31.944053951396317 42.887475861813876 29.871286741787596 4.743226425843603 10.91285078637981 89.62367241190502 76.52090017913977 65.40025199807485 57.42505592837524 54.00722567638413 55.987704829846514 62.85829339799775 73.25575947001589 85.90894500443346 99.9649271362809 81.8046573085599 67.23972885088789 54.30530425292751 44.448360596081486 40.0119132889798 42.719496791613444 51.45545027413072 63.78931787796198 78.0333040649016 93.31678180587801 75.83771470921495 59.87355435614568 44.91142775922452 32.37190863648633 26.029884507248948 30.09783380011334 41.628290918043014 56.201956401245845 71.99385734299773 88.35316281876791 72.18370398709432 55.19461631073568 38.48528446764683 22.682624934227533 12.107796238344955 19.4270143893903 34.740926137830776 51.333886587996844 68.27969521037174 85.368486845413 71.19967781312823 53.907312161783395 36.623982190108386 19.37388504028793 2.8447064500137302 15.477431025814328 32.70661967661274 49.986084596832576 67.27709802831951 84.57257692680788 72.99371194431943 56.245021313484145 39.970429030339325 25.10936690511403 16.187580149143688 22.18800421403334 36.34954808692763 52.430755253383126 69.10420306995255 86.02621694912071 77.37277957314122 61.797688826810095 47.43491149389516 35.775640752309904 30.140193642237968 33.699780905960665 44.29027378762638 58.191843328552075 73.55040493717972 89.61999030037204 83.93318672034002 69.80218265930608 57.433558384280204 48.20359537640533 44.12781027526501 46.57944531817329 54.68756592286844 66.41173887853367 80.18112189862823 95.11156402106926 92.21044045197085 79.52143389899115 68.87124647489405 61.33136027814125 58.125037094152155 59.951656707353976 66.39713373189811 76.29976811648095 88.50664880209472 102.19538233270588 101.7864563868442 90.40395368461257 81.14157405220232 74.79119799662095 72.12613684622836 73.54810667543333 78.83626345317147 87.2907608817148 98.09630724619625 110.56573662237003
29.087479574937483 69.80314860546221 4.4479863060648785 32.92127540350449 43.02249465343572 18.740750159143932 32.06339206298992 21.189342855038326 45.30200742879487 30.18318239151147 61.65637846277596 31.929123861611437 16.07497538364238 0.0 47.938982530500546 28.594987776951548 21.95751724517224 40.732980664412615 17.440038880345355 11.52857633078309 24.199354297300847 60.81685350618332 18.32671243997836 35.50326165145519 8.457452601541029 6.119519069434282 7.8243725788647795 16.34659767094195 28.668642193451483 21.64938088616466 57.71046755595097 27.412500372685273 13.93589863332058 13.529269917454045 56.684613353957104 17.03701036033684 58.01462250026793 43.20656908497402 20.54551867595499 12.198201713865815 104.33370636107186 91.94689822560412 81.37341459372324 73.40111587332756 68.93841976728925 68.67298106584128 72.65081993228392 80.243352652885 90.54579146837207 102.74617150731915 95.58563972546573 81.9349079570968 69.91954577289106 60.52153120531527 55.09689389755421 54.83774990227262 59.81127845981531 68.89338405853633 80.7087778515807 94.23488948643798 88.24214850425068 73.27735028234527 59.59168544783352 48.285334244736006 41.35799379000799 41.08770395371186 47.58803211615514 58.64936320020825 72.20512741766176 87.09832756936609 82.67846338667887 66.50544394958327 51.07768631066444 37.330901406237786 27.874227483942896 27.551027438998926 36.60404165056727 50.19325467075236 65.55593001982875 81.69765788602078 79.27031413850051 62.23788804727347 45.40968584002163 29.141676035259167 15.334531318475777 14.824684614993425 28.339152275151626 44.55509717163192 61.3670813288646 78.39256031161581 78.29973077305671 61.00262142935708 43.70932845840922 26.427344895559557 9.220483343332953 8.387112664840396 25.580922491829575 42.861837607892326 60.15483556315145 77.45182341975959 79.85565664261604 62.978342227012824 46.41475721749803 30.677356332234893 18.071610376603157 17.628908581450336 29.894583791102377 45.55552950418997 62.09379037271782 78.96001357239888 83.79745441650404 67.88524516693725 52.85365603343824 39.71549698720943 30.9813128505988 30.67689832991891 39.00015046809872 51.9582590363889 66.91052927431399 82.78337075456317 89.81147497077468 75.15128345403056 61.87110833147787 51.0593474373322 44.55091636074747 44.28561402748202 50.362201543962975 60.91134009542286 74.04549704931377 88.62270695126752 97.51499372634983 84.16759120427619 72.51131044238215 63.48459813661611 58.32148476175184 58.06198666008015 62.76695253772231 71.4624635217404 82.90219767833932 96.11119805983067
22.910279678201253 22.99564934857543 46.7833257134658 53.70893956403014 89.75485644961259 58.75718252243297 69.96427670844743 28.858368850065094 13.283021353022718 64.20152207775509 76.13284287519218 34.41351422418007 32.09060631623038 47.938982530500546 0.0 74.99946515455666 33.45224367760959 25.637877889543866 30.5529059263724 54.074138782509245 23.739987313120995 14.662627464107961 66.01964470463025 52.159640496554815 56.32071649651253 49.55374605986884 44.042144915404215 32.051049639635465 22.62127473480654 63.809160975041316 72.64998246494015 21.977632391408367 38.91065522573392 57.05810782061044 23.646097148366252 63.99698607059272 13.050572751465596 27.99600315090419 27.438351810235755 38.56499101977025 58.99559696179851 44.74808765270922 33.511366728627515 29.02312035693589 34.06436252572214 45.57553660791439 59.93819936953933 75.54306992644395 91.75855571967271 108.3107526753335 53.414153722980416 37.119428043644675 22.390724985502384 14.951578485872576 23.333823943337993 38.26352685222882 54.61172164716283 71.41075060584258 88.40397598307808 105.49759781064918 51.260017299860905 33.961752851451706 16.671098952232214 1.0788995219426 17.975430688944353 35.26729069688708 52.56577858374973 69.86597142746876 87.16685407460363 104.46808381220103 52.95315230165846 36.456010550071014 21.27810650280182 13.235847991096415 22.278471050000185 37.63224172419923 54.173367133901834 71.07766555409935 88.13641766692487 105.27456692960294 58.15849207664281 43.64366596237342 32.028719862621905 27.30600946440528 32.620658318632174 44.5118690333143 59.13726033501469 74.91217907899244 91.24233407831088 107.87586579452213 66.0507586883388 53.671026312851794 44.68960273524995 41.38172670222495 45.01598829491517 54.213801605672 66.71235681562965 80.99781481072444 96.2780278205469 112.14711972393752 75.79511822729667 65.24151475753989 58.02334900910347 55.45864490180561 58.16624485247988 65.49550570740296 76.1229858656321 88.8732533876552 102.96067132345578 117.90692512192277 86.76970778357686 77.668388044924 71.65517876431487 69.53589444168439 71.6568658102237 77.67150088348758 86.77388726363797 98.10832177466004 110.99309852777337 124.94952128070706 98.56431424159236 90.59979854111296 85.44239099473079 83.6131574086389 85.3264158079494 90.38093608259439 98.26245065713591 108.35582144060044 120.10469640785706 133.0713018862621 110.91751158446556 103.84728784765284 99.32014242942157 97.69027010494766 99.10072520619025 103.42719797866368 110.32716577863916 119.35513569511544 130.06875107002227 142.0872206493563
