0.0 58.679047380533355 69.17690957235928 73.19535970393004 46.69157640195812 39.205900181931014 12.108466409047873 28.41423772455646 15.082395929896466 29.39397459545206 56.885220418255464 27.804962658986362 17.894585414736916 21.94659352389334 51.513486906786504 50.53083211801339 8.739470669726932 29.549603438449527 35.919737204383594 22.020952110326142 8.89638065928312 61.765828216892366 69.53427905556886 62.09838114812165 40.39806929966648 41.01935572820026 25.085212235672618 21.938655009038474 20.808248743546294 14.228855377075526 24.461921472478775 28.563139686703295 22.830652390248346 24.165093827559 66.65378278960316 45.11446649076368 6.4936944464064785 29.152558095342524 21.422196078624584 29.435258981771337 111.73647523307284 100.23187422896393 90.58973630722942 83.45810347925534 79.51536171235854 79.23896427949197 82.66569525435251 89.37059854043972 98.68775807825307 109.95511040630436 102.13865894533045 89.4599902457145 78.56568550799145 70.29037562324403 65.63230723327547 65.36937724951159 69.55144925119436 77.46189763687224 88.10209963129758 100.60967753846863 93.6937720394421 79.73002276116928 67.33447098622274 57.52987293313282 51.80870988332111 51.54900002219632 56.82567404130426 66.33035429260607 78.54282535116519 92.39553977713719 86.7393527259195 71.46895952064907 57.363890410803954 45.520616820601134 38.10963228687028 37.832109048284075 44.82075146326488 56.43791219626797 70.42927650479764 85.63898019804103 81.6572148811927 65.23737158486495 49.423067139642136 35.04390795507449 24.74312852399888 24.3942685620948 34.30232169019475 48.54821534427562 64.31112001807489 80.70701399436577 78.81047791510845 61.65384123859316 44.60957357205668 27.884497012438786 12.798027095850859 12.196188995399675 27.06321782480582 43.758447145755795 60.79390461824355 77.94683563428306 78.44293399588398 61.185481458248475 43.96300571511231 26.842914979064492 10.346583033918757 9.605985593434973 26.004069312394396 43.11451919278009 60.33428040908779 77.59060834002187 80.58851631152194 63.90083316630089 47.65328779114891 32.51256734249689 21.02403560335927 20.63164925229204 31.74951446330363 46.787928212295284 62.99921129728035 79.67058969071027 85.05722638470846 69.4273094477433 54.811304581106235 42.27428531087999 34.18566312367035 33.895607442462556 41.56769323178828 53.90308259580533 68.42455540218249 84.00598506348621 91.50929856201199 77.16318460896785 64.2889196168969 53.95068213689759 47.82248228306323 47.56055415579572 53.25153145888539 63.309933541139806 76.02152693995481 90.27236688169657
58.679047380533355 0.0 40.59183196886431 98.20183076724895 20.543248403446402 28.552777064127532 54.380745406219205 34.181311617902054 64.4064689266913 29.28899292913242 2.6229646653819287 53.02164347963986 56.80293032480375 76.6673655442737 7.604826317236385 83.89818437359072 61.80528001320125 39.17550814266031 56.579702812168875 45.677107011313446 52.667839575809616 3.418001450607412 37.14764438668631 83.64612028691003 42.261958880401124 19.255497769961146 38.62731321575173 51.657838404039204 70.11241289771054 53.70226031982147 54.118706277083184 48.595587531196514 66.08504413682564 78.52642803832387 22.650488098121002 28.312230599728558 64.28820245006068 33.40841987796683 49.79297568921348 36.73205377124189 56.83359161542407 42.73143876627289 31.946896866540257 28.52967257150779 34.727364598426234 46.869468997734714 61.53221947509941 77.29418205852323 93.60169209868712 110.21285126674645 51.18891585048091 34.914354226718814 20.40665951306728 14.579573731636978 24.645664612923884 40.01207560884134 56.50872676968949 73.37723627943447 90.40970082428008 107.52823721463395 49.11934016467547 31.817697969522634 14.516743219062691 2.796313115279666 20.090209160961457 37.39153975119927 54.693249944961366 71.99506606608787 89.29692654241182 106.59880977629561 51.06146794100515 34.7280884130107 20.087792334828038 14.131926142387616 24.3847479307029 39.85264340458978 56.39648127812051 73.291238728028 90.3402507607741 107.47012980460627 56.60383490655226 42.426784364615266 31.540128418145027 28.075561142985528 34.35701282286723 46.597009458435224 61.32591633667499 77.13082718498654 93.46748500686878 110.09944036294448 64.82949125234734 52.86145243820742 44.5478202403274 42.11161762472151 46.486270083903314 56.10047406359163 68.79140927779412 83.16223726531996 98.48026370607612 114.3655187900652 74.85897218562664 64.72193842162814 58.07487432100976 56.17072956493816 59.466871537480536 67.20241721200306 78.06868172161572 90.95037861415656 105.1090947146186 120.09400622150642 86.06382818057371 77.35502971155063 71.82832373748559 70.23891321111806 72.84498017128283 79.23362109656894 88.59024583218766 100.08589295888609 113.07002100409927 127.08722476085148 98.04176496070865 90.43738985517123 85.6990896102905 84.31147671312344 86.43607418458035 91.82942559219082 99.96384625285862 110.23418879424469 122.10266527897284 135.14889575585175 110.54162014782793 103.79913581040208 99.63803201891682 98.38638256462691 100.15332817112855 104.78627788618113 111.92991084677406 121.14087613108927 131.98706305982017 144.09970082177682
69.17690957235928 40.59183196886431 0.0 71.04162321731494 28.367447714072753 60.761504176647165 72.15249436893434 42.05652268340761 81.52217421186775 48.224568798236895 42.39937507770134 79.05068069585374 56.488985137383764 77.29325456772337 38.401058975584895 65.61029852225896 66.87120579979243 66.55778602686493 85.57186773434445 47.52655392688941 68.20432912540142 42.39514371284444 4.313406293409261 57.66806175805438 30.28247655687603 49.41902916702854 62.666287680202025 50.14873067997256 87.96197264635141 56.869070007888034 49.93512660627453 75.4690308585905 62.152299803296515 78.2839535564198 63.137890734786886 25.26146938894115 71.89638704904465 58.95568256219711 72.90794909625934 39.922699126288386 85.99281207222884 68.83777957963903 51.78058689121427 34.9647189625641 19.040669039172396 10.063582602012266 20.9455824487396 37.079270023099504 53.94200792304704 71.0163451895512 85.48872598652667 68.20992718376874 50.94683100468303 33.72356060405943 16.664063658174914 4.100856347719154 18.83232740153349 35.93340528429226 53.16461419670076 70.43050700820945 87.29332876063489 70.44834786520235 53.89365655369142 38.01045573939977 24.161442492695798 17.92952565389503 25.649025440713256 39.91226817629691 55.917956194000695 72.52143495440995 91.26975512068596 75.29782273210526 60.06716768244732 46.314962760202896 35.78820384610571 31.86257853012157 36.72003409128581 47.75150797351972 61.731359460020784 77.07154847737951 97.15163914470445 82.29800257241959 68.60163815361354 56.90440737378371 48.669720475523135 45.80474970196752 49.25557624139589 57.90381488268643 69.84479262232246 83.6805928885361 104.61800886953202 90.95356666913293 78.73290831573573 68.73053518078896 62.029010416434616 59.74952596480753 62.378759410690115 69.36071979859538 79.55755984787223 91.9053712209422 113.35610725598207 100.83903430103112 89.92275310158703 81.25502515285832 75.61311791496715 73.69528472226209 75.7847826485275 81.574251287452 90.35524647814931 101.35319215369128 123.09529477228429 111.62801057758729 101.822638600968 94.19958892859016 89.31937759535681 87.64140409142539 89.34627046334693 94.25058205490666 101.89339638425547 111.7140638963693 133.61672241377352 123.08299723928073 114.21069463826588 107.41230930719304 103.09892566367833 101.58757609624865 103.00167776875308 107.22554961883279 113.94715538492139 122.75688498083565 144.74978136045655 135.03446507387238 126.94393362391715 120.80507350128698 116.92569118027016 115.53361721814048 116.7178826591377 120.40248972749396 126.36891590649991 134.31341800391272
73.19535970393004 98.20183076724895 71.04162321731494 0.0 77.6781929861088 99.15397912907399 84.62386193678938 70.44397221576635 87.4208002346862 81.20562612273099 98.41012474322564 99.7931467364406 56.772871196963976 59.29340182001358 91.66629854121948 23.160394897498808 64.65113880409415 95.61337091321178 108.21452874966187 61.78504932655437 80.19928703824992 101.3845619403033 74.99952981912529 14.555710528757784 56.1556752824065 92.48871961572416 89.7878174941761 56.5913521892746 91.6860754807666 61.71380195092868 52.981546927032475 99.17654764901536 50.41059004826992 58.038115889316934 118.09645223059695 69.8907581520168 69.43851819721682 90.40133451598741 92.53992895110143 66.15442261659263 153.16413559401397 136.83951828488338 120.78724018657502 105.13212313596057 90.08147164866216 75.99527649899869 63.51846080193001 53.78298961608918 48.46986051641199 49.038220624479756 149.2852407972712 132.50383065139644 115.87560138347988 99.47739791632262 83.44494135747068 68.03728111850366 53.793985238815345 41.91923085980368 34.91931880884203 35.779932622806534 146.64471983221372 129.53547681669534 112.4851865314961 95.52542153502525 78.71471695595629 62.17409997034109 46.19461315443576 31.638226840170915 21.603797037819554 23.047390982115196 145.3101368163616 128.02964034053426 110.75583563571153 93.49243192106303 76.24649436651771 59.03333259590175 41.89336688670247 24.97773805540221 9.562111961380712 12.557625153594179 145.31749632377566 128.0379548109229 110.76540242289923 93.50371245597617 76.26026147083924 59.05102948778252 41.918182867976554 25.019140548064083 9.66923471642912 12.638994171502011 146.66659623992805 129.56012859984978 112.5134431884242 95.55853901461636 78.75471645788333 62.224495622197736 46.26209951873472 31.736215176532045 21.74636431704461 23.180441620639755 149.32105460175072 132.54399389004797 115.92131415753056 99.53039549136825 83.50781980452275 68.11402279770986 53.89055600332959 42.042499242881966 35.06649755066856 35.922897294466814 153.21300250193866 136.89396188533803 120.84863131275885 105.20232319028013 90.16300873670703 76.09145622188669 63.63295923834667 53.9175251568223 48.61838914359045 49.18432914184312 158.25111027446712 142.48490977318903 127.11876309076338 112.31698515284984 98.33476082255612 85.57476279186133 74.66625527520074 66.52634167131016 62.25073015744783 62.63583226736867 164.32992456483885 149.1772971336173 134.544020269873 120.61926189253676 107.67824677452187 96.11913887463362 86.4977365533337 79.52052276907955 75.92005134465194 76.17663941869198
46.69157640195812 20.543248403446402 28.367447714072753 77.6781929861088 0.0 32.57093537291816 46.55670214838316 18.46179553662023 56.52404543002884 20.708400824067038 20.78099588168807 51.27751507259687 39.830778971502745 60.96252364595983 14.226131961573223 63.71085577542584 47.304766319918436 38.350709582875176 57.41373539246182 28.636484306791797 43.314894389373535 23.79228686594864 26.70883856247499 63.12341424324235 21.746803178379754 21.429252872642895 34.85970868875929 33.912135183068955 62.86094823023057 37.8834670941683 35.713209276643184 47.48277170307363 48.39760757771925 62.55904673366843 41.33297220339851 7.849459799446012 51.0958465264144 30.79460742481557 45.643599051872016 19.100400472035364 76.77006616394603 61.63561186223441 47.98919045815681 37.492456741177364 33.27332842772752 37.51336584947235 48.02185971579886 61.67376722913543 76.81091249481031 92.70861423085938 71.72024074838366 55.24970215766636 39.496557113917696 25.809653989539324 19.261625947647968 25.972947640195837 39.71006879840593 55.47879683890115 71.95565310138899 88.74709520655804 69.2383467792082 52.002750769508104 34.832986937756715 17.91930073834871 5.2515871346655985 18.241997271437185 35.16639347453029 52.33826004076486 69.5746014484961 86.83703321664753 69.59967847642764 52.48069284966641 35.5393335097578 19.250417061414403 8.765050721245377 19.539367892583268 35.85332491589154 52.8000771191749 69.92101691505464 87.11350237161683 72.76188532026603 56.58922139644078 41.341251245421134 28.54065844094093 22.776092013205044 28.664308887518267 41.51199698942665 56.77640564111554 72.95605276044327 89.55625095199707 78.38668495057894 63.628847659689185 50.51232603168001 40.65792490440631 36.78784559828858 40.64887771936544 50.49776119546337 63.61150415950617 78.36791426845886 93.99650771000486 85.99211814896475 72.75356939893925 61.564764697694045 53.722058411069604 50.79960416498336 53.608216930900554 61.36597573134723 72.50121342471954 85.7074666182221 100.168930489295 95.10410160193364 83.2807121527618 73.65634285577886 67.18280747683454 64.81122857654134 66.97875805317369 73.28373395676589 82.78617183033616 94.52665116818473 107.77624166053927 105.33226529761781 94.7438243696597 86.35149944586864 80.84215307788692 78.82264287387225 80.55586510433265 85.81473552625877 94.00943208828238 104.45123678838368 116.5376826095412 116.38257194969333 106.8419319501543 99.4191381252558 94.61396758643585 92.8337865966152 94.25015777156192 98.7255984060458 105.87287922554908 115.19574889717744 126.21301757422737
39.205900181931014 28.552777064127532 60.761504176647165 99.15397912907399 32.57093537291816 0.0 30.657027724009705 29.01027421482223 39.61649194525684 18.059575218161914 25.97555249341422 24.985092399744776 45.924229058197135 60.635821919893104 24.853751395998067 79.86454172471812 45.536071102295466 11.828858681496897 28.02971982009636 37.72019226797851 30.933697065626674 30.31626572762036 58.63129070920286 85.30837297402753 46.35930254449625 11.42726423889467 14.25964273516779 43.55295172868516 44.40106748441932 41.23993688955235 47.0509932078064 20.51191747902988 55.26306274850817 62.79727727445435 27.903197899075995 38.05590319882465 45.661865234492986 10.247179529503562 23.388143562548095 33.4432194211304 73.57191926368773 63.99984759267362 58.119113856651424 57.08222153215623 61.136129666469614 69.39431102082399 80.57426493152846 93.63520519514216 107.89619478804464 122.94032602126612 63.17681993988982 51.778022602270866 44.377035622032 43.085769991657244 48.39576923798132 58.537355625632216 71.48285211290687 85.97487369952042 101.35217949209768 117.2670213077383 54.51819556153036 40.82335583311251 30.976905653772736 29.177055275182962 36.629796524499596 49.3040870572463 64.17751612406758 80.03326632893396 96.38777635534137 113.02474379571541 48.534637302152795 32.446004752490424 18.6705113384236 15.593117897896882 27.136971474691478 42.75976705683123 59.32194113121735 76.21351772004736 93.25567237330084 110.37868063689909 46.275819460391205 28.97521188655327 11.678524906868942 5.650361680465733 22.938588300717058 40.238596922970764 57.53976133439363 74.84127998303099 92.14295332562352 109.44470799735801 48.26756718079926 32.046972696653924 17.97140965361517 14.752876306452267 26.66525533624794 42.463360835370324 59.109651269202 76.04917765056462 93.12205247896958 110.26635290443916 54.04191023886682 40.18802331041537 30.138616296298853 28.289662180087426 35.930260222079035 48.78905648119847 63.784561488819314 79.71999972120675 96.12906036119023 112.80524790691702 62.55999616473887 51.027059448693535 43.5025685171716 42.18875602604137 47.60266587378209 57.88645314188857 70.95332347469385 85.53719519844695 100.98294117370936 116.9495705374168 72.86576066936755 63.190545963452216 57.2308425450283 56.18177458748146 60.300186329160354 68.66244508419094 79.94778593844636 93.09921484973513 107.43359508146104 122.53648075366586 84.30602629658559 76.04544904685771 71.11261532257144 70.21244392503883 73.49326494652794 80.44515019331662 90.22346631030567 102.01869947400995 115.21304482154422 129.37915533969607
12.108466409047873 54.380745406219205 72.15249436893434 84.62386193678938 46.55670214838316 30.657027724009705 0.0 30.10006367057554 10.149686918119677 26.478670818993827 52.23776351656987 15.699315484170068 28.154361407717484 33.43554610555707 47.929719513951724 62.24498536176735 20.779536752360528 19.535219111322657 23.884048525422635 28.237360604077747 4.744025268580719 57.125468051933275 71.78805546584975 72.94156354251508 45.906564253749785 35.40733616446035 16.643184062993836 30.460495435042343 16.333556929139412 23.530442569216422 33.64183441537446 16.66016797736528 34.55881908496749 35.65245299399421 58.55926354711548 47.01975356563413 17.95848761451984 21.680651610001874 9.58316034907311 32.71177419033972 104.2135776465962 94.0199258436612 86.12610204097452 81.20558329152352 79.8102147017159 82.11988974599208 87.8428398964939 96.37289586805682 107.04105708629885 119.27498921769833 93.71814085499113 82.29138083833577 73.20754835476501 67.42040680030114 65.80554468628704 68.6579967023711 75.47293324238487 85.30591500202661 97.24570405535813 110.61214725526334 84.29688967803847 71.43122860839847 60.80769419480648 53.772031465488475 51.80721479213934 55.45488331153641 63.75892959897177 75.19214430990672 88.55064353146122 103.08867452375416 76.34867867070196 61.89844490146413 49.31957863792688 40.39963864031635 37.82257760929426 42.75126385576643 53.13661971751419 66.46831394098506 81.30977659922944 96.9702500369555 70.37452315678019 54.395594453291245 39.546159432739664 27.706093182561105 23.87608252272016 31.16436871585829 44.39683864768581 59.7465608211587 75.94033593261257 92.53609326448331 66.90542902744772 49.84799420986855 33.04575259038957 17.260768983681558 10.127174911045572 22.492184010868346 38.83233389336625 55.7558527309515 72.85734840097315 90.03546224899942 66.33563369169741 49.08410887875217 31.887249841123726 14.935098637367592 5.2944453018949975 20.777840158952387 37.869772156118266 55.09295921902973 72.3537295426425 89.63037271379733 68.73728379819237 52.27010071077646 36.581752506867254 23.302312083855234 18.614049109924593 27.362014617289702 41.828086346343994 57.8723570860168 74.48182708401798 91.3487129663411 73.8209012914755 58.766988747237214 45.34645419812981 35.46478948665546 32.52553030201809 38.1677533087468 49.541428188357656 63.64461693097954 79.02929750796987 95.07539591169841 81.08353601992553 67.62711035778332 56.31176880397953 48.65498499751616 46.50056809604193 50.556909619680624 59.56846813693727 71.69035284344127 85.6114127557423 100.58739635562173
28.41423772455646 34.181311617902054 42.05652268340761 70.44397221576635 18.46179553662023 29.01027421482223 30.10006367057554 0.0 39.541727189505764 10.961015563419885 33.1328104605012 38.67685176078172 22.6292699282217 43.0444843238115 26.576552375907585 52.42509941154066 28.92936455368204 28.60473368414406 46.23406585702577 11.529120652508897 26.19227383882692 37.57170243389388 41.82325227220899 56.41308461468592 18.335664134827585 22.370767379284683 23.31491532771968 17.63964224335598 45.97821514965685 19.85602633600834 20.460609785422125 35.84132842047667 31.927165711046815 44.773991969538166 49.32641778705728 17.051806223035246 32.636278905193514 21.67789953575158 31.820082205517046 4.447918246227969 90.62988696279135 76.91095667702733 64.92699771956632 55.807129820517716 51.108290666931545 52.04209777875695 58.33869588657708 68.53559560117024 81.17606310381267 95.29259943663368 83.45128854762696 68.34731497702795 54.56464350809395 43.38147219908229 37.2197647980721 38.56652182385848 46.777657829909884 59.05615032292322 73.38811526561986 88.784621335881 78.19102249382071 61.846303010323325 46.20395484851066 32.30103313313142 23.46527412039639 25.624060722077818 36.8954866683607 51.62046527635005 67.57794747113279 84.06899894515062 75.25253391541781 58.10453123151418 41.08579391786936 24.46756214625402 10.3920140586621 14.698283515683134 30.377596081921105 47.20455880971156 64.2841786477219 81.45768287698088 74.90959605582938 57.66173723366932 40.46007627078941 23.40668866692446 7.579040067361601 12.873387037443205 29.541831540539917 46.67364351754782 63.897196019190105 81.1540990369656 77.19681272703788 60.59029709667729 44.5166497398214 29.849487443286613 19.97407049126049 22.486593298130217 34.800029585074675 50.151261548208744 66.46779525000646 83.18352223035177 81.89407693854513 66.44588839015279 52.17451986817517 40.348645036246246 33.6534393840211 35.15398984240655 44.01999789474836 56.90716669082494 71.67844320395035 87.38352826846508 88.61891865507427 74.54180875902449 62.11563756018384 52.52548213107251 47.52055117489459 48.54051876684691 55.252726698848214 65.94124900545621 79.00845208103442 93.46189248553402 96.95024625235192 84.23445431657295 73.41819635513949 65.45009575847972 61.44830128220129 62.18333895149033 67.50064275872481 76.44999097055731 87.92929365458721 101.08024268910086 106.51164390501145 95.03641517034863 85.54411710583821 78.75504794473105 75.40295103518449 75.94431062081888 80.30041998224841 87.90598628984434 98.00741423033305 109.91874227987016
15.082395929896466 64.4064689266913 81.52217421186775 87.4208002346862 56.52404543002884 39.61649194525684 10.149686918119677 39.541727189505764 0.0 36.61292211822263 62.21991596828044 19.21146029763315 32.976104868694534 31.45326984817837 58.04437621299573 64.44732791972712 22.929530354950476 27.946118618543945 25.533399513388296 35.900027080542586 13.355202459907595 67.0910462257802 81.36226837976432 76.8560784049589 54.153948835292084 45.32039304348409 26.17099433111937 36.77151969652523 6.440028462732707 29.16414165844353 39.47157481667881 22.157765183192986 37.09992200302647 33.524792589852254 67.33942840226618 56.57989951446891 18.005179061565574 31.359009310259868 16.49347782526724 41.71087082523406 113.06157689870645 103.46517417034997 96.0512275749897 91.35265912432605 89.79672765593016 91.54381587336479 96.41453266905 103.970803366906 113.67835217388897 125.03712052665747 102.07631305212101 91.39206459470492 82.9706612149104 77.55280227943928 75.78541434859143 77.91730412621118 83.65087509541742 92.31747880833663 103.18066800407927 115.62296040302108 91.95818927270933 79.98892025110563 70.27688807436563 63.86039052513832 61.7750176439917 64.4426177164015 71.33192831854039 81.37771109609668 93.56876922699206 107.17552020629286 83.02501331603433 69.58608955497077 58.2236831225951 50.36341019740828 47.766633654703945 51.23994426577149 59.73369969828214 71.48006900146325 85.1433382163134 99.94037329277039 75.69761400442201 60.70025690265313 47.303505359536665 37.275059487511804 33.763093898341204 38.58977803363787 49.36702783305988 63.1169067262472 78.2885202405784 94.19739326149225 70.47874112773749 54.08452538194824 38.49325283133325 25.239588630111946 19.775106772085085 27.27241379914567 41.17312174178862 56.96822839466078 73.44551607681133 90.23203594074461 67.85673342529468 50.636733703878456 33.50126525449182 16.71239634274993 5.914985527852971 19.7327991041524 36.64004792009835 53.79885042544911 71.02712824703586 88.28421734005586 68.13210623163339 51.00348114337654 34.05054392378491 17.78306098095477 8.470433152189452 20.639100787255106 37.13367728105548 54.134653957549745 71.28060601153561 88.48729903895862 71.27127964406317 55.108658293947464 39.91295887606984 27.346581212080697 22.390575522250703 29.2156018410515 42.479124992544776 57.9146948518822 74.17856058094415 90.8268515930295 76.92440599477884 62.21655702815371 49.22542843176855 39.67483768465479 36.383372459536446 40.89148986016699 51.177975728294115 64.53652889219956 79.43204031314397 95.14537088095027
29.39397459545206 29.28899292913242 48.224568798236895 81.20562612273099 20.708400824067038 18.059575218161914 26.478670818993827 10.961015563419885 36.61292211822263 0.0 27.551831512537728 30.82799491604732 30.059480574850596 48.106164098748756 22.16091010783943 62.49587527936532 32.941264323296814 18.86326507751351 37.5429160012724 20.394276509303193 23.92596223257292 32.408011342290116 47.1011020090473 67.27929454358728 28.788152645527923 13.006042298062043 14.454831467089074 26.51787659224597 42.78388902142558 26.006115463525568 29.828063732214442 27.30128207820377 39.64442363389615 50.08713321516552 40.3582461603133 23.287669876829398 35.045944410071876 11.3966841180168 24.94443713695608 15.40433683806021 83.7108120294705 71.25290501989187 61.19765080147565 54.8819462150792 53.64329542525797 57.808977112710444 66.36905975301976 77.88790610216934 91.25184550478751 105.76375686091322 75.3821466170296 61.30258119494775 49.31785543320421 41.29408237015661 39.709666128113966 45.24621420825227 55.82372423330741 69.16691727421129 83.96750963246183 99.57775290236856 68.97798228493382 53.27034878513826 38.938522295055115 28.167311136118908 25.870770264179924 33.821687284869085 47.087437250553144 62.363911055322895 78.48565790396316 95.0234183254763 65.06915756379647 48.1265042439329 31.575916886598307 16.632186132165597 12.447235663494745 25.138629787894164 41.32409359420795 58.15602881014023 75.20159329662934 92.34256089975752 64.1137674507412 46.832733874646806 29.576144373110882 12.446093288474344 5.811688969013079 22.613265742933372 39.8454189940239 57.11977425041499 74.40694439625484 91.69968215165667 66.2397428414697 49.69069800595143 33.90191194898628 20.693622886212523 17.487842960416813 27.966685601849523 43.094762844039096 59.421325250176515 76.17966548390832 93.13700231815099 71.17145762139313 56.06904662988219 42.67093335521614 33.114771179625755 31.162101030546683 38.00360462493113 50.16154245841832 64.70545319018741 80.3499841731863 96.56165488409118 78.38101849168135 64.9385316622558 53.75077181979388 46.47560424829342 45.05021477842106 49.97765155796958 59.70521921241468 72.32125890314687 86.5720481419306 101.77317078405302 87.30584859496814 75.42529320769026 65.98738597158768 60.153071033849365 59.00123217280634 62.79009027469596 70.73006483180502 81.61853527815931 94.44111988932083 108.51433797302133 97.47582630704592 86.94597663632591 78.84387424285688 73.97160044046537 72.9789445781256 76.01804092253833 82.64530388048877 92.08929077183426 103.58241264500461 116.51988009100066
56.885220418255464 2.6229646653819287 42.39937507770134 98.41012474322564 20.78099588168807 25.97555249341422 52.23776351656987 33.1328104605012 62.21991596828044 27.551831512537728 0.0 50.52856262412412 55.688000719329494 75.25790332126095 6.880899047052656 83.58600165917463 60.2887857216774 36.707595388943346 53.995648500441376 44.660769796744226 50.66071217494855 4.908039679125353 39.078941390149666 83.86042245920798 42.31662792101966 16.948682346085647 36.32527078348222 50.719365592268275 67.8614137118125 52.42167896833545 53.30203119170701 46.092595864283375 65.05729063418111 77.15141568676029 21.240334147216625 28.625451079178294 62.597359412111125 31.0944875443507 47.43145900546662 35.93289198529692 57.555378496447844 43.959749661847916 33.92648649389612 31.116913091924864 37.205200899745826 48.97857252576052 63.34258487254756 78.8947048219299 95.05353616972725 111.5557435836245 51.29012454944971 35.40668346019533 21.801417386105264 17.195423097066744 26.735286794511865 41.624280816973005 57.8713932449337 74.59442182697609 91.5328880144913 108.58601943983388 48.48674250367641 31.22818612818344 14.076526056611756 4.4509695029705485 20.980639645592728 38.20048320489767 55.471435540868136 72.75710942284854 90.04902747336155 107.3441721424712 49.73416876655487 33.123446169210325 17.875983927137813 11.859674895266552 23.674162031633504 39.73654463081012 56.53523664498438 73.56756049926969 90.70199504482183 107.88990140127864 54.75623402744747 40.243269330282786 28.974242230703492 25.655469675192183 32.79649311479814 45.73540446911034 60.8814824737009 76.942140724738 93.44699864208395 110.19664475759429 62.65165276269688 50.42089131844465 41.92861665274804 39.65422339621885 44.560205313629446 54.7491761370744 67.88253533397054 82.56700820853753 98.10855727684721 114.15766773397937 72.48743086223728 62.17223008261089 55.45308132278212 53.69731592319939 57.3625201762105 65.54551990002864 76.81582591636207 90.02125592039806 104.43027050370739 119.60867757314685 83.58122013261966 74.7586890995608 69.21411636551761 67.75704601116273 70.64086448810845 77.38176308779772 87.08865513247888 98.89196892516512 112.13162022117085 126.35691535784593 95.495461262468 87.82179634124421 83.09412386357216 81.82468848794213 84.17010507985052 89.84772812676597 98.28175124097763 108.83322893765022 120.94925188209326 134.20675115514666 107.95872148893376 101.17694825533418 97.0419114782743 95.89660432556735 97.8460692711391 102.71424553149006 110.11470206385678 119.57820619844121 130.65724471000604 142.97675406196925
27.804962658986362 53.02164347963986 79.05068069585374 99.7931467364406 51.27751507259687 24.985092399744776 15.699315484170068 38.67685176078172 19.21146029763315 30.82799491604732 50.52856262412412 0.0 43.036003557742255 48.69664890451181 48.1078000747689 77.69077939996444 36.47166550768892 13.895970863921038 8.437509030732167 40.71380496619769 19.703902125365858 55.08201721414335 77.87910375467186 87.64505525827433 56.51847790253932 34.12375570712721 16.426578780087493 44.26482785095423 21.75232105303501 38.15336858968198 47.71000594295806 4.473408546991776 50.0939413757656 50.88996303736718 50.93014085583461 53.995407778274675 33.454997367174556 20.77959616639346 7.435433049578886 42.38986121670039 96.26844857356768 88.24592232107429 83.10085717362355 81.38085254607836 83.29834872789807 88.61753597281643 96.77913775256563 107.13550469857618 119.11554168067967 132.2788313066334 84.53084851481914 75.33191794378787 69.3038433682171 67.30407776930963 69.68031571012166 76.02332040097713 85.45428851823026 97.0773760524544 110.20113334055353 124.35133280547336 73.65633197164522 62.948832003523826 55.66466868381407 53.22832804859494 56.273032192644244 64.02150478979301 75.03033837659652 88.08546960773513 102.40726494045015 117.53359326693099 64.08596845457046 51.48145294161209 42.336446634871095 39.1550188722694 43.2731136464673 53.01617959603315 65.93613808614171 80.51794448949515 96.00734626108932 112.02851315339724 56.4867370404799 41.692567865374606 29.740536076632537 25.088628385314795 31.19438378313328 43.76585886480266 58.792191164484734 74.80844603923208 91.29510377210393 108.03702542971482 51.73479112326977 35.019410520278086 19.36343527656346 11.056181535200068 21.63905465768103 37.58950963665142 54.37284979538504 71.40416911435618 88.54048198892966 105.73075024143155 50.638227937970775 33.385835195505614 16.23919367408559 3.3944641915276343 18.922127776517208 36.101038884137154 53.35950387622478 70.63923736704982 87.9277010626231 105.22059175367541 53.4226319861707 37.45712808575888 23.469286981628077 17.24211614975167 25.34730475066463 39.82955307087354 55.93758028745717 72.59713926781981 89.50077386347978 106.53236393344177 59.54600679905755 45.73425803447202 35.16001401340242 31.297597481774616 36.35328631776476 47.56355789169775 61.65818232589582 77.07061470675909 93.1490024093055 109.60064983072058 68.11364203214805 56.39469755013664 48.165953559263315 45.368047593816684 48.941433289213606 57.714569495254445 69.75229502490853 83.65702170115357 98.64236102104648 114.28401893819799
17.894585414736916 56.80293032480375 56.488985137383764 56.772871196963976 39.830778971502745 45.924229058197135 28.154361407717484 22.6292699282217 32.976104868694534 30.059480574850596 55.688000719329494 43.036003557742255 0.0 21.425952314002096 49.19851285722963 35.12406626827157 11.439823041637844 39.83810953333204 51.46668263317946 11.271985040436439 23.57151132290395 60.186274235157676 57.724522968379205 44.789304972219924 26.250976284806057 43.051771300107184 34.14847113790445 6.4011452620121 38.54497325064482 5.018145324808932 7.185989901283872 42.45979765537904 9.586028241580195 22.847879674661897 70.41751702083235 35.48631907257257 17.158537658861334 36.010220963445796 35.767238371098955 20.760486301512476 113.04948629173124 99.53436723276832 87.36524630714716 77.18143790413494 69.85667144021812 66.34475733475281 67.24575228483229 72.39508041516696 80.98639533620023 92.06104976466301 105.31274113625177 90.69406213747851 77.19295671203092 65.5041405010193 56.75854541575472 52.44971621364572 53.65736838849191 60.049594770943145 70.22460167295021 82.79937032437462 98.98964783509274 83.30369052584226 68.40150384024501 54.924793998905116 44.19736032828677 38.58479908178267 40.28490010455994 48.53520401458555 60.72203287966246 74.94912221796528 94.36490668645946 77.77778933540162 61.58525878872493 46.20405147306932 32.796270082205524 24.80094708759427 27.446116445668157 38.60313880792092 53.15849913272463 68.99391582285497 91.69592102738454 74.53230591919151 57.45172222991951 40.55920632517961 24.251002397311186 11.396757689241971 16.443056996479246 31.77381358855431 48.450896849653056 65.45316378990839 91.15468410175126 73.8684795216411 56.59188673150393 39.33757192136799 22.157640428351353 5.761166364731634 13.196006602716423 30.228987519970406 47.45695235213247 64.72438883811785 92.77844863083527 75.85412874570322 59.14870477003333 42.91854861230629 28.002615321373476 18.02784583742843 21.553934608263493 34.682172358611645 50.39688653848353 66.8995618584923 96.45791804834245 80.29290200567013 64.71845981343864 50.28634743867907 38.310092754658804 31.706757089230223 33.78879183220512 43.32153312104761 56.66159881713855 71.71490151345914 101.97075440144451 86.80925145913709 72.61102564941861 60.06312907533 50.41330602567647 45.542583329483044 46.96228156743703 54.18014770665067 65.30102941559376 78.68712729253802 109.03916402762157 94.97642517323709 82.15959926153715 71.26411810031404 63.2901704245501 59.425694630000734 60.46384918581033 66.17429486338675 75.50426417786932 87.3008985249553
21.94659352389334 76.6673655442737 77.29325456772337 59.29340182001358 60.96252364595983 60.635821919893104 33.43554610555707 43.0444843238115 31.45326984817837 48.106164098748756 75.25790332126095 48.69664890451181 21.425952314002096 0.0 69.13528222975279 36.2757297140681 15.288616953164581 51.46517688742941 56.249234615337606 32.354903006695835 30.83107064017329 79.96804718578286 78.80345890721271 51.46092098538198 47.05185816816028 60.793467667158275 46.7790059045524 27.769248707705547 34.03845680216577 23.190738777089546 27.392452826379483 50.09432826559065 15.581070466593417 2.2228552787834195 87.47893542629106 56.905636633235005 15.562833858575537 50.41927105949357 43.00544065144486 41.875745065372655 131.77984207834902 119.19680444042244 107.9282488578101 98.42668803340979 91.24580120009774 86.96238761824355 86.01043418302598 88.49751420784531 94.15148728488504 102.44936504901898 122.92844424688167 109.37860639357201 97.02909235307914 86.39616938491784 78.18337100474169 73.20976038094511 72.14836536393184 75.16510048326936 81.81006131791793 91.29440306486154 115.12421888061004 100.57023233839578 87.02789484422645 75.04688080489264 65.48977893911858 59.53557728023201 58.298848774679776 62.06225555525753 70.0241983208357 80.95523532106718 108.59329379113395 93.05901875160694 78.26980560497617 64.73830359172933 53.42880701155087 46.01011703740379 44.473905892767625 49.372357907844574 59.127279066575895 71.78540602773941 103.57691033562695 87.18100933012407 71.2150932079223 56.04783397393342 42.54220217119174 32.818094367094524 30.707079804842174 37.51707960837183 49.707613646872794 64.28741343739689 100.3026405006964 83.2828257252347 66.40896555466281 49.82955575988439 33.97838760691611 20.61041720764617 17.139429586744154 27.59425794662399 42.75322645911972 59.10115015517487 98.94363554570394 81.64859159493275 64.35724960138796 47.073689205969956 29.811447919400244 12.658049258420405 5.517568974892395 22.346688706462785 39.58559077847769 56.86279161986918 99.57836209974273 82.41312149843665 65.32004256596215 48.375678761057756 31.818510327318318 16.832761876694196 12.368472599349513 24.92647840310969 41.090053611721395 57.91518501338126 102.16966007324439 85.51208991092649 69.171569798018 53.43973317414921 39.059116236805345 28.180392239844494 25.717016127853814 33.575374851085414 46.81834192267998 62.091214760876255 106.57487161785271 90.70650380095105 75.47080539111536 61.34102350242943 49.27784416714336 41.14118071701414 39.441014686063575 44.91432501775297 55.47707281172998 68.82456456280755
51.513486906786504 7.604826317236385 38.401058975584895 91.66629854121948 14.226131961573223 24.853751395998067 47.929719513951724 26.576552375907585 58.04437621299573 22.16091010783943 6.880899047052656 48.1078000747689 49.19851285722963 69.13528222975279 0.0 76.70515266977839 54.34586115287855 34.229216441207996 52.53480659338662 38.07533417041489 45.89131596098281 11.000681927892078 35.52431593542898 77.12506630974806 35.53025324912139 14.03037201733297 32.82742387740659 44.06941481428626 63.93816338318854 46.12654711041634 46.567958053966116 43.79279511119371 58.48394084883383 70.97787386259783 27.147771248410738 22.059453201428926 56.98558147366012 27.732757788898198 44.14878450526117 29.18160021530404 64.31282651818083 50.33593965281933 39.11498568614317 33.54050548660452 36.313317529019386 45.94623673616708 59.17908776765605 74.10789638274727 89.89162531571486 106.14959451522122 58.16710927463802 42.24242513553698 28.002573580027406 19.55958943092424 24.077431676636092 37.08880773779906 52.63219897075552 69.01759807016523 85.76375157377777 102.69432842348654 55.065652625434964 37.87931072986326 20.88472482856831 6.017869095717017 15.32877141960541 32.13162282718701 49.28107755797 66.5095594071297 83.76832245708293 101.04185107914634 55.52103340564662 38.535320271936314 22.046992764649474 9.267259300699136 16.864386244622303 32.888389673984854 49.77547639916537 66.87498149270988 84.05737012302951 101.28046710892727 59.45156884483376 43.98645186188501 30.558761271613193 23.055994173104718 26.982047327295728 39.02811707521787 54.00988798992103 70.06891687958051 86.6080207507827 103.39708137896737 66.24146227869896 52.766910845269344 42.18375675523702 37.05804482678791 39.570632259000256 48.54974857762487 61.21297358446873 75.73430584346661 91.23074551068919 107.28056519898814 75.1192375715381 63.510436826330746 54.98137990531645 51.09823387085904 52.89430679390737 59.8605604361507 70.48025622958853 83.36874209443566 97.63159640270526 112.7484407477951 85.43639005989323 75.38220108798821 68.29545026944041 65.15177362576199 66.51264149157394 72.12352003529132 81.10712421672045 92.48579267747242 105.487302019238 119.58349684856374 96.73333658621792 87.92624931511668 81.87426367382261 79.21141084423573 80.27566870581107 84.92703448709081 92.62668195245142 102.69121702461895 114.49870182498094 127.56606996206878 108.70490107690088 100.891989720483 95.60492962732238 93.27423254274416 94.11978140710458 98.05944603162 104.74467799292107 113.69217689440201 124.41481227188322 136.49487478929575
