0.0 72.35054380361576 14.478194720385972 75.44171493766066 55.66363281427372 81.83822763032617 83.03943505111725 37.947788617563845 8.932386162315186 65.08917871223005 53.24752889485134 69.70365093352176 35.93485977738923 99.31502010372654 81.14877925320077 18.516628913103208 41.81521624275397 52.966386616879056 82.1353695228025 10.760306910840225 2.8229803215113094 48.432454181748184 14.009631966895142 31.680192693461546 52.26443984733947 62.09078175765002 48.512137886487906 27.851088999223446 52.84617227597805 62.58188370881236 84.52463618443474 67.77008554201285 47.242088327514665 85.87851061290701 69.71915079060865 58.33097056897166 42.15824582349299 14.917822015629419 62.91510612440702 6.069886849594538 149.31226842382065 133.60254506872664 118.33774963827156 103.7145232084093 90.04597744532293 77.83668915818407 67.87870579030738 61.2795530034947 59.17385342256493 62.02098546065967 144.22751817092004 127.92148921890904 111.91488406930246 96.35703718418006 81.50533369240812 67.82524377178382 56.1792793856433 48.06935239027347 45.430356740582496 49.15155598130847 140.3626470155147 123.56798294786459 106.93516175894197 90.55340915289216 74.58833472038576 59.37699994094739 45.67871765045763 35.3011479847252 31.693935233347656 36.899169242822374 137.82037704239585 120.6858434369922 103.60695591221499 86.61663725902201 69.77961318425207 53.2415158657755 37.40101117238999 23.700723433292055 17.981239538222923 26.14646608873906 136.6745700619823 119.38172688115672 102.09196268254341 84.80716063736662 67.53113108873616 50.272918720047194 33.06043809295858 16.041580250190602 4.515035626427083 19.548716486059373 136.96029538603588 119.70723717309502 102.47065872846923 85.2605554646504 68.09700349730915 51.02699875334813 34.19094130810313 18.248273414196408 9.782210740581396 21.37982602026585 138.66870028124342 121.64928870632204 104.72249694139367 87.94182285153134 71.41034914680704 55.351807939459384 40.33507452822025 28.084243810332314 23.435916491406278 30.140844901650425 141.74833021620654 125.13261128977494 108.73112950258597 92.65772209303768 77.11780099368139 62.5105097001796 49.66567468817655 40.305104986394745 37.16221952776675 41.66853080017227 146.1124640843175 130.03335406758956 114.3118325114649 99.11820119160879 84.73689536716881 71.65867665175183 60.73130425701058 53.2946298277812 50.90230539724565 54.22612558178543 151.65018803316897 136.19853064899584 121.24765165193479 107.00766034152046 93.80287188340677 82.13410520041086 72.74432460799363 66.60446944967447 64.64725053119913 67.23891517892126
72.35054380361576 0.0 78.16718845422756 3.110293468765561 64.72658639310895 23.32831274001445 18.465269245033326 35.862030747138654 81.13346154808376 15.655595262569143 19.79693940290462 81.1190880664121 36.922112388984154 27.748117359606205 27.914871468054763 70.80720196276116 39.97174031980559 31.081461214111215 63.47864086702799 78.13931976918089 74.95358877221547 28.326055038872518 86.34952023315245 52.599664014011196 57.349132326344254 48.550576574935086 25.607037530830954 45.57168619606158 39.33127217698983 14.423322486263869 19.132737722526596 77.93313047579171 27.029650726988706 14.240038478341253 20.737270792064162 14.028372274443951 41.34350335893372 59.98069518410476 45.013971952875735 67.03418213029755 77.88400744364561 63.39380599789934 50.69849159555688 41.48018622284186 38.33511492105181 42.629363247278505 52.570434405961876 65.64103079806222 80.3277390604306 95.8908378754921 71.91920346546739 55.940291816063436 41.04840279784338 28.97131682392101 24.33955067918088 30.727853138777206 43.52813908569493 58.68481514389479 74.77851875440375 91.31515158006594 68.40307923310469 51.36324715299062 34.5846519796213 18.781007213011208 10.395546943491759 21.497014804624555 37.61501003191682 54.46438651836789 71.53015380149462 88.6874821596572 67.7181948705225 50.45178275678707 33.22234767833163 16.14868175081773 4.068045529023939 19.262180605298912 36.3899401486715 53.6296319350005 70.89965186127185 88.18218290402888 69.94777452177814 53.393962671646754 37.521345817611376 23.73814624444644 17.828624043032757 25.902357738317214 40.28295533504603 56.33127814649471 72.95492689090734 89.83508151391361 74.83173526771283 59.621953952263794 45.918131729578484 35.508884643078126 31.81187819523904 36.90283103891859 48.06610990826251 62.10951250284247 77.4825193414246 93.53180583132155 81.89649662753416 68.24191350604156 56.61788277674396 48.506843161319274 45.814258797013004 49.43361282645129 58.19897883390502 70.20871377347086 84.08394100044626 99.04371797552469 90.63342671993583 78.46938003570796 68.55045719141889 61.96436696314882 59.822206406240774 62.5819942131847 69.66356030415002 79.9262990685855 92.31528012786553 106.0881926546747 100.60771710902414 89.7563952683316 81.1738569080671 75.63640924565641 73.83240864640253 76.02808385235959 81.90238889486537 90.74370437422772 101.78175310178605 114.38233014268859 111.48763636725612 101.75083439434042 94.21065332872557 89.42448079442732 87.8436337730614 89.63785968015178 94.61534466450186 102.3125440400364 112.17096573248259 123.67485638330643
14.478194720385972 78.16718845422756 0.0 81.15262295049348 69.87217833770583 90.81711329496746 91.08128474856413 46.827242752949616 16.001385017573728 73.43281554851634 60.461060836687274 84.17560650226928 41.371443760436904 105.80593112838179 90.86075873288426 32.94436964330488 53.141668802767455 53.90124948162058 95.59095008345615 4.362194020937239 14.974355264177218 57.65851940775913 16.145520217127835 44.74480112262836 66.07772517181873 74.97938605306594 52.86201403184291 37.44179041561272 64.68973969694568 70.46311438400193 92.48871961572416 82.21960972864393 51.46492732507262 92.23248634309695 78.95362988486355 64.31732046950077 53.818720745113446 18.504239157192835 75.42540104802717 14.783343064243185 152.96507736269703 136.61769911880126 120.53704457882438 104.84591123583529 89.74883661710761 75.60254512826963 63.050286045102254 53.23189735304651 47.860566297360386 48.438985351929965 149.13985175690658 132.3407586300071 115.68995398853195 99.26209024399948 83.18934855001785 67.72503903088781 53.40039474022359 41.41535285737805 34.3157222489287 35.19395092817324 146.55659842522152 129.43616551167926 112.37133531442639 95.391953098745 78.55344734237744 61.97076020624208 45.9218663551557 31.240553074634303 21.0199467450772 22.50368467210648 145.28162080998734 127.99742300043692 110.71876381628289 93.44871558210316 76.1931338348518 58.96472046829666 41.79708474205497 24.816682749106732 9.13523995919799 12.23727470732402 145.3493692339849 128.07396214941815 110.80683078300932 93.55255763099883 76.31986408557381 59.127621230694594 42.025502428729176 25.197687195566967 10.120145713327412 12.98555282414539 146.75798320278724 129.66309852105135 112.63145200493686 95.69681406307507 78.92165635238382 62.43466056244959 46.54306840235942 32.14247924036773 22.332310803077494 23.72839266747389 149.46953845368748 132.71048343801957 116.11076385998041 99.74995807112109 83.76817037329123 68.43147069746377 54.289350500033386 42.550071157227734 35.67059174157512 36.510015843250756 153.41492584998056 137.1188833314886 121.10218326025254 105.49213879246209 90.49942450814555 76.48792230562134 64.10429481908464 54.47036720429133 49.22786940460255 49.78400629271928 158.5019814112008 142.76221229422532 127.42807711825441 112.66532229929312 98.7305894444774 86.02719435366969 75.18192254908467 67.10185706686725 62.8624800617841 63.24095201187661 164.62483422735428 149.50061193434271 134.9007597170455 121.01521415107902 108.11953672268325 96.6109283070796 87.04133384994218 80.10868374705933 76.53295831606812 76.78457715780257
75.44171493766066 3.110293468765561 81.15262295049348 0.0 67.10412965008214 23.031065258939314 17.479973487085417 38.96030548942621 84.23106962174073 17.8065448814884 22.889903693481116 83.26496251184537 39.957001720459424 24.903715135800184 27.99903003490469 73.88612408335845 42.87153559928056 33.262839168869455 64.72779739388119 81.16804315584376 78.0494156414118 31.278846875612597 89.43814530201244 55.58637761173965 59.790243073458186 50.550405167385996 28.479799912321962 48.68139217531417 41.79389091240345 17.023872452257628 17.915512275683053 80.08813756743555 29.90109288604862 11.536487201868908 22.09287475366363 17.11189085811644 44.20746304383311 63.00620475904149 46.949752863837865 70.10866498341242 74.7927869066451 60.3797105644242 47.91831346347724 39.310646463450794 37.32553989515231 42.89256082894483 53.712702997942536 67.29817230085922 82.29058493793995 98.04663985252964 68.81575542706358 52.83260065195788 38.02196968847925 26.434213759058796 23.464358629042195 31.64009458635508 45.280526009883374 60.81338238200364 77.10330672815218 93.75651087098126 65.40427744879065 48.32690628780657 31.49560981400279 15.721647726001999 10.053863951090726 23.530902170041443 40.062947182975996 57.053390087638924 74.18795122827515 91.38560115163841 64.9638471971988 47.73190228733759 30.579094659675768 13.803660578825886 6.6868932606095415 22.30698362655989 39.3599031564549 56.564263589186936 73.81424886306439 91.08394060412803 67.55260776499856 51.184161434116405 35.70705491471856 22.99741252364836 19.53151345971574 28.858116300581234 43.39139958502757 59.426829484647946 76.01969738389438 92.87169935524938 72.84829947849687 57.96496055369251 44.852054547643675 35.527245494712886 33.337243106187984 39.487550108751975 51.04771963005189 65.20108109055421 80.59280675935203 96.63295637218502 80.31718747963725 67.07219049198437 56.082168040841644 48.89215795083604 47.26922199760541 51.73991002781258 60.978356269448625 73.2011221161249 87.16163907774046 102.14989513483619 89.41625192275417 77.69188101530801 68.3775246898445 62.55908110898558 61.24121663802535 64.69953509148682 72.25142425149073 82.78406858243503 95.3143795806093 109.15656250216882 99.70004626707201 89.28585336914752 81.25585419016537 76.36589494650667 75.23079040186991 78.01461132857123 84.33014395599106 93.4641782763847 104.68150698203065 117.38640904498601 110.83917279930945 101.52072102775574 94.4789176500611 90.24826576927764 89.22952191064228 91.529996168012 96.91360755098127 104.90676322382055 114.9664521612912 126.60101020552717
55.66363281427372 64.72658639310895 69.87217833770583 67.10412965008214 0.0 56.08722965368868 61.60626572851188 41.33980015902666 59.29304947958925 49.33610634665432 49.69724282392655 18.13739407797347 52.495620510298984 80.98899542395507 51.72776678017918 38.60064953419726 29.927716693401955 71.06467423732933 29.4907917268344 66.4187869609 56.11472565534749 39.82494966727187 64.44583696359722 27.439513735173332 7.616058560465073 19.07836970515576 58.62575133565217 41.698231515953665 25.45708131516925 50.36060572071246 63.02460365497952 15.116841732022937 58.597115236266106 71.419806374385 47.18555540550586 56.59531170373219 28.058335657009096 57.518792750341774 22.722422333162033 55.646519117558526 136.13984025576292 124.55747105983238 114.42787593917397 106.16770550101566 100.24017306371293 97.07353195378654 96.9387261214624 99.84803625541304 105.55004392114239 113.62508923912978 126.39010993322303 113.87136986104602 102.75017191587496 93.52639602734381 86.80700230969845 83.20098868127123 83.11457968793225 86.5583165702908 93.14145666506712 102.25947243621427 117.52450255092333 103.99105915577394 91.73310417967302 81.32942121206837 73.57090077949404 69.3510667773965 69.31921681466403 73.48079688880433 81.19354369574394 91.56443577558572 109.75761230054053 95.16800383927553 81.64473801891987 69.81028815685032 60.66125793376612 55.54096588146227 55.57434986975267 60.75291459103996 69.94300318501843 81.80360354513687 103.33759917740534 87.72194565611616 72.87197985345493 59.36511179260014 48.34059268354347 41.8104610881553 41.9299626093235 48.6501205038679 59.78504861768998 73.35104091869981 98.52819950768341 82.02885023586953 65.9421598801954 50.6627539149872 37.19907021469074 28.276085681512463 28.530916987774887 37.77829314463864 51.372129094708924 66.70608569331235 95.57294294158729 78.47127090859236 61.48175378952315 44.73236519136878 28.647437891713665 15.462200861535258 16.006135348273855 29.530083604248716 45.678967393510376 62.448563171358344 94.64571611060974 77.34450327844401 60.04370406378882 42.74382071156837 25.446721230004215 8.170106162385048 9.202132854062262 26.4824746659961 43.77987301053607 61.07983872125093 95.80543349267202 78.75296993331808 61.83924322114831 45.220197625431084 29.399882426508874 16.809296309049103 17.305038007110515 30.25043438958886 46.1457014617062 62.78913352099029 98.97874918624403 82.5670119805536 66.60735487628376 51.52162224953184 38.355247024260215 29.773847061944476 30.009140990280944 38.90147422156435 52.199716759320474 67.34245126480687
81.83822763032617 23.32831274001445 90.81711329496746 23.031065258939314 56.08722965368868 0.0 6.968647329311706 44.141027257223875 89.88581614463925 17.629489286987223 31.32304319311268 69.29241237376552 50.65169466575277 25.12709641808404 5.715192939221457 74.92903532765436 41.6199750555207 52.18589108397595 45.32033547782925 89.76287338105807 84.0473849991007 33.431410109697154 95.51781198257382 54.736607591480876 49.97490200487855 37.193983179960874 43.04669963946996 54.059301453978826 34.37508824809631 21.082212426843387 7.859147957052668 66.30368668382211 44.31909895759901 18.9613690479218 12.157497867806258 30.6442931006085 42.084487848878446 72.37118788103092 33.441874246796516 77.55498084436176 80.09261905822801 69.29626826835256 61.54522761401206 58.07197573869098 59.62877466786286 65.85988345432705 75.61848191248194 87.7352975863084 101.36817624740372 115.98374431715679 70.43143643901955 57.91704113394504 48.44465081279879 44.02373058870482 46.130224814841114 54.00565296261955 65.60432597189603 79.30919709757242 94.2054882999821 109.80939591270875 62.512918140219114 48.025786316914605 36.10812364151837 29.997104178720907 33.08421300210847 43.451274612860274 57.27277368536459 72.60190886131656 88.66009789906826 105.11373826954727 57.067291071828784 40.721803005723835 25.662563194481177 16.049343890342975 21.337949968096723 35.3800389810379 51.44801830661147 68.12314142020247 85.0490363620568 102.10106343774346 54.83638247167013 37.54677307169863 20.27819230606031 3.3709921227348025 14.499506273234106 31.746202387521226 49.031832919822584 66.3259640149384 83.62332183745167 100.92224728638217 56.204340468323544 39.50904302898938 23.700504809107453 12.695520032945213 18.956565700848714 34.00352027358315 50.51574261928095 67.4251730980676 84.49367157226854 101.64113319779328 60.929226822672064 45.95515228621587 33.31803616577638 26.58979537579964 30.044185364419484 41.194648950942046 55.58826586645375 71.28689692859975 87.59165609310095 104.21844813765469 68.31800158131098 55.33974096189298 45.346775673986826 40.606387958505316 42.89677105320397 51.284429754796236 63.39367514527814 77.49921874529912 92.69414926648338 108.52182847029015 77.61346700413418 66.42878624786341 58.31308597955954 54.651142008503804 56.318537104104045 62.892820675899 73.06117392838848 85.55151869497743 99.49315824695665 114.35652012995222 88.21481802186248 78.50316486472745 71.71004199993126 68.70665039443716 69.98262604567815 75.32079754668612 83.94979209447546 94.97685558516751 107.66767878541543 121.5020389405015
83.03943505111725 18.465269245033326 91.08128474856413 17.479973487085417 61.60626572851188 6.968647329311706 0.0 45.09168223623251 91.3682608711602 17.95963539698749 30.68905422217678 75.50018385652105 50.10922188896744 19.448204995678633 12.682918772801616 77.60322351572329 44.35748268677595 48.88380221424282 52.22792433910806 90.35524168550045 85.3851542292813 34.833153797057875 96.91083844110636 57.66824151667481 55.14879067629761 43.000730713946126 41.08211132646973 55.20122868833337 38.60063801730898 20.627891344281675 1.5560251051482779 72.46284698010668 42.438347280962994 11.997278284516703 15.193134949117866 28.423465858009227 45.08216413995965 72.5774249958634 39.21469990512818 78.40259799562511 74.63958900700551 63.137409106167304 54.7749705456154 51.117151291518994 53.14442305970976 60.28596052825503 71.01524596488235 83.9680538662559 98.26903768971309 113.40932172555418 65.68443899670024 52.301596247501806 41.894812228836976 37.06211666020939 39.88398888022997 49.05681934925056 61.815187116769664 76.38304831409259 91.90391536244336 107.96756978690328 58.81688270977592 43.40907299828255 30.132715892847354 23.028776286359555 27.41130294393524 39.63767831980442 54.67744121415068 70.75882018855071 87.30813085148215 104.10244863869075 54.82719144894676 37.8552046183813 21.41787408330856 9.11851757854881 17.5009318165179 33.58766269176528 50.48457957411977 67.58674192088444 84.77001717118078 101.99341722842277 54.352899425907665 37.168132900984666 20.18454856276276 5.663511986059498 15.98274711514975 32.825820822545616 49.98334012445095 67.21493537386397 84.47528783389865 101.74976384205672 57.481098552109486 41.58977174610012 27.46003116434443 19.419301834448277 24.471964172729546 37.67434872356121 53.278024058164 69.6882408863856 86.44689562152166 103.38468156246589 63.683066692700095 49.77678756400481 38.71217262939014 33.44015807269618 36.559050410672945 46.40681302013164 59.74385788638966 74.72464752840598 90.53687355913793 106.81191942786144 72.17060239588416 60.212273089096776 51.39204564551616 47.4917827157177 49.68399179067956 57.273302679569554 68.48843628041577 81.85232527567716 96.47612630232938 111.8668194043921 82.23897413506089 71.92399105829739 64.66503787655336 61.552975301242064 63.20336560978103 69.27667061459609 78.75623003551479 90.57883559660775 103.94807433025322 118.34092219397874 93.37810175926364 84.38207439382283 78.22969130318242 75.61825345510294 76.90930660032407 81.91854588409149 90.02744253528698 100.48839828755278 112.64804260205005 126.01559563702024
37.947788617563845 35.862030747138654 46.827242752949616 38.96030548942621 41.33980015902666 44.141027257223875 45.09168223623251 0.0 46.34050256474856 27.144999118361323 16.075705704839102 59.47033596407089 11.691195295690607 61.780609389670744 44.0358490754732 35.04921220698355 11.763719091463065 30.034001026406276 56.59094268863294 45.62862995899775 40.31164330215442 10.832349548939613 51.840947733396085 18.836922547551033 34.12709777788332 35.06787772709916 18.35234609038798 10.1315038015752 22.084553654365095 24.695403342635718 46.57755336154032 56.451473924286475 17.958943666347075 48.5648371228315 32.16116050019657 22.4673172669802 13.55690831190194 28.567747113204835 33.81189192025295 33.431410109697154 113.74253058757498 98.99291593124177 85.20874396032055 72.9394351021495 63.0752791673092 56.881622643304645 55.59897166886234 59.54553560389321 67.81441199056755 79.06084138366892 107.48809187855406 91.77287810626441 76.74332246737426 62.892917392796555 51.18794487577835 43.40043168827896 41.781507495639154 46.973358345501566 57.14895928738161 70.172757026121 102.79482067481612 86.25466011317562 70.08328957275552 54.60932535711765 40.63741142313266 30.32045268508396 28.035162698881287 35.37401160104656 48.11840498817459 63.07258479781922 99.88309750162276 82.77938864450368 65.77943356566551 48.99135897409333 32.742713786445144 18.512969403905533 14.56322231793243 26.079829955295157 41.79641485573259 58.41605718599669 98.9104259601343 81.60852866482347 64.30664928220367 47.00480759259632 29.70306946386125 12.401868334186476 4.904482095731978 22.20394458022373 39.50556883606978 56.807379688262515 99.93345543195952 82.8398662966032 65.85517452221015 49.09253715720304 32.89320640495679 18.776620584305014 14.8953873209693 26.265876650602944 41.91220131312026 58.4985605933309 102.89266110732729 86.3707055378786 70.2254056346187 54.79074898330262 40.87975670178833 30.64298611649729 28.382044404766095 35.64825447868914 48.31941024544978 63.22533133029456 107.6284180137727 91.93644202919 76.93794489397767 63.129156013126625 51.4765800768993 43.73889844376162 42.13133229525063 47.2833170169212 57.402787027148406 70.37863903178969 113.9193188946364 99.19506552436745 85.44243173786919 73.21103447221545 63.38769838312608 57.22624708066797 55.94984105863181 59.87173277079556 68.0996502659408 79.30446808613516 121.52400723248604 107.805073414005 95.26002893097463 84.41387391202059 75.99750551807718 70.8817982323733 69.79632895837076 72.92129655482594 79.76335741470113 89.47379851277441
8.932386162315186 81.13346154808376 16.001385017573728 84.23106962174073 59.29304947958925 89.88581614463925 91.3682608711602 46.34050256474856 0.0 73.40942280390388 61.885850119574165 71.68505246854663 44.847384105705295 107.94704347440337 88.92203862609861 20.701910538026222 49.14258319450404 61.74480079258684 87.05647732705434 11.68292005202551 6.200021663705348 56.605126171147575 5.7235256253045605 37.85051274867014 56.88955092865176 67.88934014936365 57.439607737156706 36.20902292709583 59.67292314548856 71.03340841057246 92.8694125695313 70.08231511537849 56.17253634497631 94.55795319251224 77.7339032570997 67.12893885397878 49.271090971860126 23.530759953502102 69.08369031951702 14.851810457880514 158.2183177273913 142.53171199031905 127.26443202828189 112.58719409887308 98.76340805330398 86.20463529177565 75.54443329565692 67.68587400012487 63.67485812786016 64.23621608867877 153.0386117007654 136.78619733819096 120.82554528763067 105.28942257996037 90.39698071376864 76.52494520895442 64.33678464689478 54.964333715355984 50.01635338149861 50.80250715459528 148.99803756358514 132.27115899744916 115.71348702090393 99.40960680981557 83.50829926050751 68.29135696865373 54.33682084865056 42.89496515262043 36.41666161536299 37.564287871067805 146.1911391783461 129.11581452540403 112.10998678070457 95.21090221500336 78.48753948568441 62.082066636069186 46.33339325491332 32.219479398111346 22.98080860944977 24.83649462994225 144.68977331638544 127.42126126238743 110.16323522487434 92.92153799255826 75.7073266255218 58.544851531664364 41.49835214985267 24.808064730153543 10.367264556052149 14.079542865947225 144.5346513992533 127.24589792942807 109.96128905637876 92.6831436040691 75.4159041054779 58.16928349298699 40.969329485084614 23.916936282877938 8.016681994083841 12.459053156770743 145.7300747168361 128.5959422281351 111.51363084241488 94.5112437511918 77.64130571299715 61.013779885986466 44.898798924986885 30.130296706834418 19.961944800075543 22.08699904001308 148.24335797530125 131.42437485396985 114.7490643085388 98.29057709563448 82.1792897527195 66.66739919362804 52.291078578046644 40.28498498435156 33.31833525706319 34.583973835000904 152.00911276230727 135.63870319381556 119.53095093389784 103.80819642205897 88.67546472493665 74.49320392368308 61.918008725555715 52.126242580212256 46.89513315805283 47.74793031884583 156.93715293887539 141.11475706217223 125.68283548699407 110.80465423116806 96.73605042096132 83.88534610906885 72.8994850603895 64.73495456123132 60.54411244670756 61.14949347220157
65.08917871223005 15.655595262569143 73.43281554851634 17.8065448814884 49.33610634665432 17.629489286987223 17.95963539698749 27.144999118361323 73.40942280390388 0.0 13.748563384437404 65.49119461875465 33.02238506619272 35.67339808391458 19.20462930889156 60.07295136694578 27.20664674814339 36.62778134118152 48.761660942878166 72.55593098583385 67.4266467842577 16.936483508726997 78.95170193375566 40.48882283149533 42.086051960848714 32.89963163045541 26.089712967118434 37.24504406651083 24.16730003914244 3.792824067604686 19.460982012516205 62.30935895312081 27.263976701939814 23.477606368337053 7.530173930686072 14.582944598440575 28.201487775801752 54.943715141373694 29.387325424227942 60.51224442193914 89.80533393995867 76.57509861885664 65.27781459844469 57.07311148932222 53.405867258165514 55.18815893266712 61.95142243231869 72.31130079398628 84.9621641060198 99.02986449699195 82.11430652816962 67.43558225509675 54.32367968499391 44.195843673630115 39.42320414016205 41.878532143647966 50.51870829205811 62.84245637776647 77.10327335906305 92.40866412096199 76.29025054544205 60.243028121145116 45.13261568642617 32.30161006539643 25.46655609992465 29.19601683504096 40.68144258915621 55.283474889645056 71.10735456481495 87.49262599253164 72.78282861926812 55.756191593637595 38.97279351936721 22.972099226289824 11.630521291422614 18.480629931062293 33.86017298061567 50.49952396201511 67.47299831028086 84.57967874159431 71.9317748783263 54.64573709892152 37.374409661325885 20.155643886805457 3.7903867826329476 14.872715015876901 32.04281261743901 49.30516806015378 66.58806892345149 83.8788162588028 73.82902120058878 57.10897683622004 40.87613403661582 26.057506921371356 16.906839882927244 22.167567241210303 35.995459083814055 51.9486029321176 68.55912669519454 85.44450008311657 78.27495512047153 62.72626980682477 48.382953833228335 36.68711616404617 30.817004013069752 33.943187142170835 44.19616661550715 57.90657395077507 73.15565899462266 89.15738080538645 84.8699197114443 70.75023695726787 58.36944895109963 49.0621330153775 44.787241543735014 46.94043990131197 54.76875546417865 66.29126666400816 79.925911195712 94.76536449853448 93.15853712071876 80.46398726859941 69.77886587515556 62.14840034727859 58.77460230437284 60.37533232890553 66.59282468148977 76.30677893612632 88.37160964493054 101.95614222603182 102.73157667028964 91.32981761820987 82.01939984222251 75.57721838282995 72.76907001232084 74.00977493886403 79.10906172221459 87.39409665681997 98.06069670273422 110.4208312237969
53.24752889485134 19.79693940290462 60.461060836687274 22.889903693481116 49.69724282392655 31.32304319311268 30.68905422217678 16.075705704839102 61.885850119574165 13.748563384437404 0.0 67.34736630798983 19.456607928571984 46.06989025683233 32.82300365339267 51.02401248164054 21.551433696001535 25.185809839561593 56.62558155938629 59.90715025613434 55.75599113124624 10.02372998331414 67.24778475912733 33.297111884405744 42.08148913790208 37.23851834695196 13.139599703833118 25.92718862049831 25.010592140841844 10.268202381813905 32.06415613022639 64.16765141594662 14.103904954749275 32.68320051100376 20.728868403953193 7.194330486583876 23.196877614994918 41.97169088617486 34.52711116000131 48.236649829341374 97.68074801658621 83.06405472720091 69.68822034243252 58.41199477526633 50.657441953540356 48.1569717646595 51.678947807120686 60.17504113802914 71.90312731705673 85.54405924612685 91.46915500885265 75.69738204877555 60.76420689233363 47.467798440601555 37.58726909139935 34.2216534690699 39.091536092032705 49.83856620491621 63.547816863244904 78.68592780233536 87.12054026325806 70.40618673872352 54.06279051656705 38.56489463039521 25.5034991591753 20.30560102485629 27.801402639325566 41.62006891578449 57.36073462294603 73.80372083080037 84.92164788752713 67.6791008667805 50.477207913142166 33.378881851401076 16.705220709945156 6.533946331496132 20.125454547285134 36.96063848451725 54.09119229603106 71.30454951263981 85.03943176198834 67.82615812328645 50.67330472027793 33.67333085596831 17.28340026594924 7.889990667242808 20.60342920158193 37.22182090062529 54.26914336533671 71.43898939799904 87.46453151542185 70.82945673150923 54.61035535420157 39.32532499996946 26.634240447893596 21.70243409344319 28.832617473803033 42.31259054535951 57.862786921858905 74.192723399741 92.01466329122432 76.35265143863555 61.57486403516016 48.496471608139416 38.87234253643192 35.621870367683506 40.31728737304767 50.80115207487314 64.30192704323902 79.29329081986727 98.39540259065487 83.89947805438818 70.6773734887326 59.583230590676735 51.99743408129111 49.558112086881906 52.980952571507565 61.29157965252344 72.83567584813821 86.3256344028823 106.27745710616314 92.97838321895026 81.20194202295278 71.70233480313314 65.47814925651346 63.499960865963125 66.14979830681365 72.92489553061411 82.818951612246 94.86100826858423 115.35338369245295 103.18564042789771 92.66517020990389 84.41016093126916 79.13280537284643 77.44424202923987 79.57326485974771 85.23427982301423 93.78989579233752 104.53176917742746
69.70365093352176 81.1190880664121 84.17560650226928 83.26496251184537 18.13739407797347 69.29241237376552 75.50018385652105 59.47033596407089 71.68505246854663 65.49119461875465 67.34736630798983 0.0 70.55431489748267 94.40579948105399 64.24850643830234 51.44632734555127 48.05199481135218 89.18655989345673 30.97117048128821 80.35810764570101 69.62219939634261 57.627106617986406 76.2392366442672 44.65061153243783 25.568458629235668 32.893517807643796 76.70413231860404 59.35022104530638 42.552553195908715 66.99710000000408 76.78930582469998 3.1985088964601878 76.70244229516285 86.24235467383654 62.171668636227196 74.0764048483076 46.18363114416422 73.80642370555 36.63290338617606 70.73055855142682 148.96434077850986 138.57180437814603 129.6632715563514 122.56276714950504 117.59825114218435 115.04657462317716 115.06836608816629 117.66219569903961 122.66500967960607 129.79855847569817 138.25228443344042 127.0415417640363 117.32039951330121 109.48635794822677 103.96688241492153 101.14161522080664 101.23637512396036 104.243199276333 109.92337863506421 117.89112508236971 128.19619179370582 116.07063599233375 105.40018007454178 96.66788428178738 90.4369294902467 87.24490273072179 87.4253073333583 90.95807905364715 97.47941526627419 106.44142580996233 118.96268932104928 105.83336326301202 94.0636354872534 84.22542178973683 77.06207396478307 73.3613810234046 73.64719018078645 77.87562154701725 85.4634638598499 95.61423686864579 110.75784558680053 96.56350543932874 83.5488914121279 72.35344069095322 63.93997148808614 59.500554439631465 59.92502360525672 65.11833367255218 74.0842949423944 85.64615919201943 103.82594696188855 88.5655057819131 74.20629318694671 61.38405872201202 51.26533882164901 45.6833760419809 46.30885780846218 52.92214431867676 63.6843779102519 76.87229802072292 98.43639279436412 82.21153614786381 66.53163709699224 51.89305930006683 39.47187963622047 31.9668229629997 32.930761736404975 41.78158896678904 54.82404668086926 69.74496270060821 94.85254047590178 77.9050043583681 61.156251559997564 44.8296401630002 29.631373591605776 18.57557795143997 20.268152926839996 32.791097594189566 48.35727733566238 64.80978778476724 93.28279686353392 75.99485359181483 58.715150530890575 41.45399352241682 24.251016550164593 7.516886067070226 11.117953779521194 28.09675717963093 45.32063745632635 62.587587767482866 93.82832683216265 76.6604532340653 59.57019659317511 42.65096262017956 26.235738238071423 12.499454690576018 14.92889253850136 29.803025945185137 46.39269270852968 63.36447408599706
35.93485977738923 36.922112388984154 41.371443760436904 39.957001720459424 52.495620510298984 50.65169466575277 50.10922188896744 11.691195295690607 44.847384105705295 33.02238506619272 19.456607928571984 70.55431489748267 0.0 64.45853718818518 51.66248322326151 38.87637564306395 23.400879094589552 20.822583980286684 68.11769479091245 41.21786380623296 38.651941802090754 20.00506847316771 49.81200034952173 27.57639915018334 45.48161984540452 46.680201897110955 12.67914828600138 13.387986182079375 33.59967883176928 29.699862217269274 51.45846018738318 67.60082323755174 11.506910617659308 50.88936823844816 39.460565717417055 22.974471288132197 25.149022375035322 23.063659559094614 45.25749202416963 30.338092893335038 113.37789793444541 97.72147514219655 82.72320965025975 68.81479399750341 56.80251823999825 48.12774700157074 44.77429767324721 47.87378385391939 56.37166288568293 68.28128089060779 108.5103653494545 92.0564263598616 75.98013418674263 60.58287595565396 46.54350479190125 35.51083959683302 30.89418279829609 35.3070848985816 46.23244389648775 60.2245498493078 105.31230926457087 88.28194049077777 71.38229284394495 54.73458346602877 38.66561396731203 24.349475569067945 17.014005944231723 24.181977107315813 38.45480225056064 54.511354745506516 103.93799501924256 86.64549964008083 69.35771019040332 52.07931329762617 34.82429238288804 17.661295595360563 3.1344760273323153 17.505486955432595 34.666594335892135 51.9212577647409 104.45944898110709 87.26748827659965 70.12963407064996 53.09830200470414 36.32363986189107 20.447420032677513 10.747101717051672 20.288332627151558 36.1447883160352 52.91491321144269 106.8489117680769 90.1011385784715 73.61012852935451 57.59685315202423 42.603457440935365 30.189771461039143 24.627233662891413 30.004826228147596 42.34134124168994 57.30618972983488 110.98576474951922 94.94860395748124 79.44394956829103 64.85484689546561 51.958324858494805 42.33072397110023 38.50739117817524 42.10052817267051 51.582904950217376 64.40375771133938 116.68424777515715 101.52176276290557 87.15975596670368 74.06536245964342 63.033585357943224 55.312638345797794 52.387433125581566 55.02816051134126 62.53362183705115 73.42689821694641 123.72870518020893 109.51022521392797 96.30617000121819 84.59290364944911 75.07151476745388 68.66001256577572 66.26729461957875 68.31693319774824 74.44289355953644 83.75546224530267 131.90357144894847 118.62831266739383 106.51517729505045 96.00505947858491 87.67634755649223 82.194856412996 80.14692099821879 81.79086437479144 86.9174554949271 94.96433366710153
99.31502010372654 27.748117359606205 105.80593112838179 24.903715135800184 80.98899542395507 25.12709641808404 19.448204995678633 61.780609389670744 107.94704347440337 35.67339808391458 46.06989025683233 94.40579948105399 64.45853718818518 0.0 30.24777396789462 95.69306165714269 62.843477426590894 57.445642157169466 69.22099759324163 105.6281925239923 101.82466283092631 52.384311487954506 113.31728031694898 76.1497260391069 74.59255787027175 62.24130806571788 53.35169265975273 71.85297781818305 57.93986996740038 37.278373097473505 17.98588599493212 91.42647224915721 54.7742084201071 13.573718031072584 34.4959711176573 41.490196594740866 63.74990194838249 87.50620370742986 58.469054578376955 94.22820685021874 55.194292354348285 44.264983450313245 38.35458419531068 39.76765036241865 47.859841407029485 59.986409637689796 74.19488378857938 89.49915495083015 105.42306773463712 121.72367970608973 46.52143602376229 32.8824531352593 24.433138313432583 26.672299876068983 37.74328712097367 52.31071280221059 68.16873501965951 84.5946393310996 101.31258748024088 118.1987249053137 41.05150275743898 24.585106082063888 11.060838261866618 15.458654036265003 30.891923956579635 47.62735649214796 64.66167602746235 81.808390440596 99.00912223538073 116.23989403248834 40.11685841792308 22.998058704821148 6.868230317822824 12.812024814568245 29.662044444738886 46.842707971202906 64.08865116500347 81.35837163354357 98.6393814366772 115.92663203160562 44.00743620011706 29.235365390257 19.273573993244835 22.06686737689205 34.65738786418723 50.140147064792956 66.52552952167309 83.2824694933833 100.22477382348983 117.27213124714058 51.64394986514089 39.77198077997953 33.094285239443046 34.747105472804215 43.79725248052638 56.813252624603685 71.66589415826165 87.42404394611579 103.67562344556033 120.22069163060748 61.64966576566994 52.05969594186158 47.10037624445314 48.22221263589049 55.054709053302005 65.84347374358447 78.98359277975584 93.48879970386947 108.81454985144718 124.65857249293929 73.05743979537314 65.11447589661964 61.16449792188838 61.97573729920498 67.37643204046697 76.39941457944371 87.93664124971787 101.1312541836707 115.41621915084458 130.4337842917457 85.30650830149166 78.5546799953316 75.25397715014466 75.85624787693976 80.27369148297491 87.93319443608624 98.07810030740289 110.02302837275585 123.24571278655871 137.37769325087373 98.08203832064058 92.21178212243184 89.35666637028513 89.80472943658474 93.50850001613315 100.10726378647955 109.07686964399308 119.88635143374341 132.0847666014159 145.32277321299296
81.14877925320077 27.914871468054763 90.86075873288426 27.99903003490469 51.72776678017918 5.715192939221457 12.682918772801616 44.0358490754732 88.92203862609861 19.20462930889156 32.82300365339267 64.24850643830234 51.66248322326151 30.24777396789462 0.0 73.0268651264827 40.0102178787849 55.29179482339119 39.65062699659342 89.54071849452497 83.23219627685435 33.203511272892825 94.60582182373312 52.766511431879756 45.98156714378102 32.679623974565814 45.27548546507965 53.64417609201546 31.51673769536839 22.951985147473586 13.537918280089471 61.3101491747369 46.464100670129405 24.670396980795083 12.203073335257603 33.33776012605967 40.23043263363417 72.56389671361165 29.005862456764177 77.18456475194849 84.80813045424591 74.51008153227134 67.15488964479002 63.76911361406686 64.97625869340398 70.54092593082743 79.55390602060363 90.99626030445496 104.06972907420857 118.23447603462832 74.6766864139443 62.79594856932254 53.932887381452105 49.72809113195744 51.339178760050636 58.28585613736328 68.97443219965467 81.95367649100474 96.30181413044612 111.49159268854169 66.04717796972541 52.292520247155046 41.29761535859635 35.709743759233724 37.99455183254588 47.01801296432911 59.80391727785842 74.43810116372961 90.0236674005689 106.14234726903041 59.576026749113076 43.87822978976512 30.00010797387153 21.75833748510595 25.407781573925686 37.63504778285329 52.78209565209437 68.95080684013135 85.56394830189231 102.40544944816328 56.016415548901534 38.93220813107352 22.188018952501714 8.222704918473402 15.54448144459678 31.849054407491924 48.84472301062214 65.99973485838096 83.21560173923554 100.46104260018579 55.92712331767022 38.8042118758971 21.963696877251042 7.59963724207879 15.225582957530198 31.695356932390013 48.74511575773188 65.92640103845072 83.15772833604541 100.41333872855289 59.323823549521855 43.53675779726759 29.500745862139038 21.067753115371037 24.821722829608348 37.24375269918202 52.50512159759451 68.74001717182026 85.39498589196549 102.2649928276752 65.6677393242431 51.814655556018835 40.69364470537787 35.0127770260148 37.34332654453479 46.495818805700104 59.396177840252044 74.11247104358586 89.7558824410076 105.9164111345004 74.20673600695723 62.23892150201993 53.28629177592451 49.029341148024294 50.66582236899047 57.69641825937038 68.47941051311534 81.53946595949145 95.95124394159598 111.19037628710865 84.27610614998143 73.90674375976602 66.48793581355815 63.06963274612831 64.29312304755183 69.91514069317346 79.00216614373771 90.51658269464875 103.65257044432278 117.8692203499576
