0.0 39.884809289243776 30.6523750825655 48.027032157171476 72.35487501347542 68.92755167965976 42.65266874993451 73.7870668972086 62.74782865290396 78.93932088260401 40.954526083621644 30.75625918009421 22.941815974635006 45.922763613946 52.8784704105369 75.7021688050707 51.85133229274014 36.79192876140501 30.933386552962666 41.33494830057059 16.816605768876073 33.98524496048592 38.63786362942939 46.70014539414315 77.89086696737924 72.27995157465622 39.87625911411432 74.82516069138633 35.48431459551244 77.31369355500458 37.483478830590336 51.59322061457077 35.928892405949355 40.76677093327684 60.595330101130536 74.71015240843859 42.345233095771114 43.837255009368626 45.96412681301261 69.9352729718942 119.32163900193157 102.79942761944025 86.58232727955343 70.8800731450409 56.126450401940275 43.302198492310794 34.622112121456766 33.48147540367384 40.522043835914964 52.552556284373566 116.17670437052438 99.14882275752623 82.23541387048216 65.52518110764176 49.225473572790904 33.9331248533277 21.874151429235067 20.10502086023083 30.4738749002559 45.29695424284174 114.6799262266 97.3988254440741 80.126714573085 62.87100325680733 45.6502922730027 28.528035168211694 11.935739120941733 8.353946254618137 24.40959728353613 41.479897937680484 114.89575713030263 97.65169575866412 80.4324909358807 63.2584440796716 46.179964619329034 29.36427681286098 13.80744758761254 10.850976945518953 25.368386391434665 42.048538514214584 116.81470160155267 99.89222095122811 83.12609830028 66.63446365442114 50.68595851202584 36.009611911063104 24.960549385998554 23.41104477156126 32.738908425949724 46.84342374888772 120.35529743785426 103.99197668155827 87.98847605963115 72.5831918354886 58.25267948763176 46.012353893284526 37.94213840896247 36.888780628591704 43.36664061769573 54.76546369393263 125.38019106434278 109.74273513632704 94.68603246928394 80.5364687605819 67.86384959942767 57.65052116930715 51.384475539768886 50.55538832558254 55.40786476541974 64.67547366484438 131.7195539482177 116.90101913795232 102.86082400364862 89.9641229078789 78.77455911402062 70.11428081466718 65.00220798164128 64.2903971735852 68.11693440637664 75.79757116783898 139.19382176325735 125.22559250612952 112.19029291243308 100.45177168059382 90.51595908579698 83.03254223911053 78.70420000581365 78.05756166460631 81.18065393999682 87.67153484292382 147.63062242951335 134.49996738116064 122.4105961168355 111.70111516287017 102.8036793475964 96.2222745458697 92.45284215909095 91.84226805361756 94.45183244724687 100.02983243676036
39.884809289243776 0.0 14.524816990712251 27.14375430526566 56.03874983300502 78.75957603227495 27.285712769039502 65.45213683679206 80.24508810688782 51.99804536644023 36.13119106579791 11.959708620877718 26.422103720549913 40.370141802548446 53.534412872445586 48.84851938486447 26.670792525951224 26.583310734289732 13.608896971514083 38.77437933195761 28.13475828591616 11.731204730111052 35.466631473697205 30.611459923574206 58.554603243119395 73.2675585668994 12.108111170261878 62.970877367597105 25.491043298043017 54.23037907596367 48.70051605850811 64.91170271914254 23.766764853484336 33.52013470162528 61.754727568686484 44.55103298568342 14.98890640953219 29.40119122417716 32.932276968171415 81.58454693399892 139.78870655512418 125.3137188208172 111.64614440229525 99.12054674367626 88.22466665267378 79.6303247390598 74.14224992101279 72.4696186142562 74.86859030560107 80.97810691795921 132.92773093732126 117.64778850407289 103.00931670235559 89.32823302542843 77.11578181030204 67.17775743601314 60.64284859269697 58.65966057068838 61.66889955776742 69.02062929711077 127.25273694138906 111.22610340492358 95.64484737135848 80.76714251186542 67.06287737207708 55.409669413910116 47.346986589222766 44.85472712063729 48.79405376212872 57.866022426532865 122.9281735822437 106.27455497848709 89.86620662904646 73.86675865688058 58.61202826839426 44.86814642675287 34.49116050022112 31.06185159342679 36.58887780546334 48.07662859007094 120.10007310506458 103.00544873302425 85.99377612879886 69.12632459840088 52.54217475047194 36.62818119967398 22.831542741661785 17.310320199974726 26.013980517853284 40.651191062889794 118.87532968166553 101.58139690091528 84.29074643683052 67.00591930969686 49.73298763719029 32.49092866062016 15.383900034245912 4.0474515962672974 19.86989928789167 37.03994438607858 119.30335031189522 102.07966692848873 84.88781107125983 67.75201547095766 50.72912177404261 33.98919027054542 18.324829555252563 10.725985498565509 22.20376579113592 38.33641518717445 121.36664395594853 104.47275062869814 87.7380173111242 71.27464092162008 55.32540008402023 40.502296843493184 28.61263539016759 24.405746405250607 31.16582600357292 44.10994970097438 124.98422100219422 108.63546738127619 92.63358193420807 77.19457679262868 62.73540727553161 50.111539804778786 41.05250264028061 38.185808625171575 42.77511477022402 52.91475562399146 130.02636781811393 114.37470487732965 99.27230346947282 85.01239726928571 72.09663983936264 61.37950469308659 54.18175015983768 51.98635242329583 55.391334702164585 63.50212134849834
30.6523750825655 14.524816990712251 0.0 38.32472168430862 67.59033493759829 83.2262407112948 36.46957828468381 75.1277937811262 82.08801691254992 65.81741816227401 42.67839588471968 3.1021360941427867 12.259744802475762 47.694041757374 59.86651887647229 62.60130362833845 39.19154958791252 33.52346121318171 0.942186790756774 44.85110085148622 15.513530247433549 19.315827469279853 41.29786738966356 40.52181041492261 70.92842298743378 80.41646652545894 23.449508541461984 73.55147375822375 32.06288465161432 67.34648432321647 51.00004958106378 67.63182916404938 11.447573843698358 40.587290054599656 68.38786175116697 58.76245548325328 26.840269603163243 38.55397266300358 42.03900799851202 85.5222980502926 141.47706473216772 126.05747665451504 111.19312286890175 97.13922639368009 84.30209732915957 73.32362172554149 65.15027990143311 60.921753250795575 61.45776311249973 66.64344569533652 135.95625970079328 119.85763711051372 104.14559351790837 89.02504691741964 74.85530149814817 62.28865226213822 52.48941887271676 47.213396842251946 47.97680110276812 54.52655226217357 131.70467566966062 115.03515399653605 98.58377136484837 82.48115880591358 66.9793356156117 52.61206611858582 40.60216574678431 33.58199645281308 34.72280761367087 43.385533438957495 128.84807833231383 111.76852927019137 94.76968279074606 77.90438506980597 61.28299475230438 45.17554066549095 30.409953945377517 20.18447223617364 22.108196125129886 34.18835398672287 127.48032128951127 110.19626244176371 92.91885523171673 75.65265706106356 58.407609475274356 41.21027335784455 24.162737370527427 8.252429075399673 12.29149118094181 28.857795942463756 127.6492918103103 110.39079685575521 93.14841715132015 75.93313151536637 58.76875498305905 41.71817253178118 25.01516606247369 10.479713902965601 13.878167402714565 29.56511312412037 129.34896529341663 112.34295190086937 95.44335515086851 78.71874252376998 62.310175638305 46.553052887743476 32.41182901105479 23.07764650309593 24.765703261190243 35.955716228970495 132.5204339715959 115.96397045961453 99.66105912171228 83.75988420330424 68.54062251256109 54.576761569213396 43.106102918013534 36.55621083573725 37.59367272668261 45.70469498876015 137.06152480403378 121.10419879103236 105.57127340388219 90.68110052226174 76.80840863214232 64.61193931788112 55.21390395164294 50.21104557991997 50.915856355593505 57.11743324201902 142.84161071030218 127.58007249725989 112.9084486701979 99.08912351574834 86.53140905477495 75.86441091331483 67.98401775503056 63.92916575322381 64.42626432356201 69.37753651191916
48.027032157171476 27.14375430526566 38.32472168430862 0.0 29.28811781012846 56.3846015125149 6.238640972072565 38.431028403321676 61.641571346984705 30.939767165616832 16.027627674323583 35.22374940791779 47.00794174498348 17.39014293306782 30.238466666585076 27.687068602568967 5.188774418018326 12.040568852760762 37.435102402138405 18.688846396083054 45.32214395597313 19.166651016734367 17.201526253766776 5.164682317975596 32.78221331157621 47.90966719955445 15.258361380567415 35.835018021230105 12.96843932316526 30.209529840441924 33.191414451485414 46.140634768198034 49.437689012111385 13.441935847845714 37.42785084663245 27.175064040664136 12.156203647730976 6.595217591666597 8.447618688712135 59.80033721885824 119.44755752911206 106.60109191066536 95.17642659195941 85.7437878047922 79.01979310218942 75.72941201091886 76.3180553478251 80.70088529595404 88.31481070443802 98.4127241689201 110.95732660676154 97.0389584177543 84.38178442243169 73.63902907205635 65.75578021891612 61.83553695962746 62.6269877882372 67.96573060894758 76.91057433342702 88.37322739641424 103.69587756879741 88.6848538177824 74.67177521569637 62.3333552487074 52.85567883360547 47.965621430174366 49.05488089151041 55.77422599411027 66.43680965391778 79.47098536184787 97.93702758135721 81.90938009566838 66.52322706651174 52.347310787240474 40.66755672140865 34.14919337995913 35.737832378604075 44.574947375639105 57.40528912671946 72.12847233646733 93.95756470828216 77.12979807919797 60.56978798383724 44.576948751146695 30.07027074097555 20.49511365782987 23.121199454326938 35.324803233870306 50.594518099776465 66.86165178106464 91.98876955123087 74.73012639809156 57.497506854581154 40.32428837075089 23.341949486319013 7.896734397064311 13.363519654486652 29.89184397249418 46.98057523803815 64.18364276368511 92.15962172915546 74.9393747235781 57.76795975987531 40.707219873653735 23.99440787008776 9.648769476186573 14.46302803526063 30.396922404550175 47.302007225497114 64.41816644101577 94.45850929020808 77.73647522775256 61.33694164521042 45.60912700371812 31.573339193600557 22.63338807585192 25.02750466839185 36.59498531539949 51.48515452729374 67.53488394370926 98.73687199543119 82.85972947265212 67.68461350992327 53.80879393468484 42.52379292277755 36.32997227576014 37.817562954141415 46.25123253742827 58.710239446247726 73.16635279636226 104.75239283519528 89.91231098701898 76.11888673770345 64.05191299608553 54.862661146194036 50.15851878864687 51.19124745114366 57.65337816320131 68.0145690353259 80.78831956256515
72.35487501347542 56.03874983300502 67.59033493759829 29.28811781012846 0.0 46.38907784584779 31.85361062217648 15.111426950211044 57.939417592471365 20.412577409476423 31.509772603868214 64.49207199565349 75.70416602518233 26.960046940234736 27.8718573767236 19.77118505749452 29.4910430932981 36.681957130569245 66.70740272911891 31.66834544851926 73.29063863347179 48.336369674078185 33.859172439853694 27.53163169654956 6.951489535306412 31.489818148808162 44.470954533451916 9.303822339461952 38.20270549591038 12.656996227158043 42.836279317297986 45.89569217176343 78.72468159990105 31.609028681151173 28.120197203179764 26.68217883924128 41.22667229212094 30.015906094814667 27.04988679732894 50.43445814703235 107.41315807160619 97.9098442319173 90.74010327454747 86.48625764632709 85.58420915074882 88.13693110840204 93.86297496486172 102.23050028113475 112.65242997848289 124.61437495505217 96.42380789524607 85.7703335291787 77.55151834470186 72.59899710697134 71.593849344749 74.69559991583309 81.43632192817084 91.01101532751674 102.62954638722904 115.67770386180801 86.35965158650386 74.33306702287858 64.74193133815487 58.79054246607769 57.61801353161253 61.49829650515805 69.59125557499107 80.63834461074678 93.59935779664785 107.78605813041068 77.58175580873699 63.97599522421432 52.589271150033895 45.133571318667975 43.670944856409506 48.74390150702356 58.681247331317216 71.4822634452239 85.8757447167368 101.18437339014947 70.57187458969246 55.30949200010625 41.67252922106329 31.824029321734322 29.79341130368656 36.89492155033881 49.33084713985788 64.066676884764 79.83893197368249 96.13885995977479 65.89678425466028 49.23469748596544 33.23307307287994 19.58395524706932 16.165949037966637 27.16352262512151 42.58037649476579 59.05110000141602 75.8926136604241 92.90348568761533 64.06971208358986 46.772680353342224 29.481398271676998 12.22029690009813 5.313385385589114 22.490933014015624 39.77644613439092 57.07190957011169 74.37038155429744 91.67015893266264 65.33007242201451 48.47708585838137 32.10529787020923 17.612077013185008 13.72345326355271 25.791353000791585 41.722504923821965 58.438461239059016 75.41918120883133 92.51899720470641 69.51010659243508 53.954478924104194 39.86510700483357 29.429199787687594 27.233048432134442 34.86990302253722 47.84236020316976 62.93316141666199 78.93658381891628 95.39442230574026 76.13034636804572 62.21615098705947 50.44377733735436 42.62634541541123 41.086997918358726 46.45409449638134 56.802551140268 69.95557275549234 84.61524641495313 100.12194122569844
68.92755167965976 78.75957603227495 83.2262407112948 56.3846015125149 46.38907784584779 0.0 52.92408351848215 32.95703314817071 15.005238973940282 66.5010445151896 42.78649014482773 80.75870669815431 84.92365622668297 39.346777695332136 26.14986816730177 65.2308435897761 60.576844451398195 52.21565109357226 82.6778756653286 40.04952829748597 79.72756524833892 67.19123751333635 43.294038344420905 51.307768812659184 52.62668352229765 16.435175998193476 67.52545233287913 39.132891792923196 53.268600420996854 59.01410504980304 32.81663635833248 17.3596735168146 94.10440874141948 45.53607110229542 19.821978136029824 70.98098497372692 65.88683608902005 51.104284903782315 48.128663961903904 4.0484498822816315 63.3164659101286 51.94754212548531 44.573803334909094 43.28747264501118 48.57459382897062 58.684594031706354 71.60290860674692 86.07424701000052 101.43608829524071 117.33920296129394 54.62679000131539 40.967605799051555 31.16589120524351 29.37669714260533 36.78827810709111 49.42139200615527 64.26725511634167 80.1049042387848 96.4469843825198 113.07499909442043 48.596827559433386 32.538534613280994 18.83011827560898 15.782997412728472 27.246012441292972 42.82872767349877 59.37143393803046 76.25186525662504 93.28686550569005 110.40490990039017 46.278289767109875 28.979138970659754 11.688220098560135 5.670280816994071 22.943480160916152 40.24137275397706 57.541693425154136 74.8427584020236 92.14414843110005 109.44570935783803 48.20969489205082 31.960141248354397 17.816826070097196 14.565049583953845 26.562280834455567 42.399075136657586 59.06370372166122 76.01363915602298 93.09316996262366 110.24207892242286 53.93637719352095 40.0466483542749 29.95071249112568 28.090321958520796 35.7742515146963 48.6748172037454 63.697633102317916 79.65079390962026 96.071948832738 112.75681624182623 62.42232042537366 50.858946525875325 43.306164405105626 41.98714551655772 47.424908868346236 57.741048250512875 70.83530478673146 85.4397871867224 100.90083817157571 116.87902348851397 72.70763738880396 63.00898196303816 57.03123189251776 55.97936534339298 60.1125245456314 68.49846859679367 79.80766330783936 92.97948362219965 107.33034964884837 122.44640405297078 84.1348699641408 75.85652522613093 70.91148088523111 70.0096668319184 73.30046660937293 80.26987596185516 90.06795875894552 101.88184837826402 115.09246060581691 129.27230009679104 96.29822430055398 89.10021795986937 84.8706583413509 84.05883311160979 86.76073519119389 92.66953052449121 101.22518250842208 111.82178781011848 123.93694304937016 137.16886834483472
42.65266874993451 27.285712769039502 36.46957828468381 6.238640972072565 31.85361062217648 52.92408351848215 0.0 38.736811662224994 56.99909926342498 36.397118861209044 10.793474928391685 33.42571846283502 43.872668429140326 13.611410372916719 26.95024077069745 33.20520888587184 11.317143170860142 6.005080645105603 35.641486596133575 13.6159704553224 41.503022078699644 17.251944344060643 11.496634178971068 4.34537315933632 36.30221064324061 46.06513329896755 15.258361380567434 37.127654086666574 7.178567261661153 34.787748982056634 27.53137291450242 41.39091284365755 47.85810374348906 7.985321569303033 34.81896977428286 33.242195514977595 13.078557409319725 2.13391979423662 5.690452784629573 56.12816816955398 115.5085897153898 102.1887756300326 90.2305239704178 80.24486944475997 73.0453332790789 69.50318252546568 70.1744545705429 74.94601919478414 83.11466499735594 93.79701118589033 107.53656088048919 93.12660963859214 79.87313361317105 68.45120946754797 59.9175870356748 55.618027195979835 56.52708392115147 62.417593982234216 72.07842544600547 84.22197661637243 100.91331729224676 85.42992932313348 70.79373713667762 57.65361036379666 47.27398370040224 41.766319668411015 43.04331027273632 50.593802354343794 62.17269731072768 75.95960058997873 95.91877332292356 79.49646372227198 63.54269671114255 48.521858566956304 35.63393193025707 27.99809535342644 29.945274662914954 40.103060961224465 54.02315628376836 69.47990517978144 92.81630452090049 75.7418259176528 58.80046516131791 42.153029718864275 26.362356253396186 14.552746869637456 18.091538274726435 32.27286436485675 48.523030541642335 65.31572485268735 91.79799509860469 74.49624497695639 57.19460403312735 39.893214318260746 22.592653011007943 5.3010371443513495 12.020300446847799 29.318728726804306 46.619756421245455 63.92127288073224 92.93239650721395 75.88339337695535 58.98187058922647 42.40454367169616 26.76083309278174 15.259477371783875 18.662092849683418 32.59460641623528 48.736594293715925 65.47377702011492 96.14332342318804 79.76601927616699 63.87806124945387 48.95819923581649 36.22310756278846 28.740762973612643 30.63754358352894 40.62014750198225 54.406280657921386 69.7767873480773 101.23333532470117 85.80598572433145 71.24500724507902 58.20429361174758 47.94093656513949 42.516254175855885 43.76797009337284 51.20882159919972 62.671815671305545 76.36671012856249 107.93685462480268 93.58644740550741 80.40634197352827 69.06978110133558 60.62002667195952 56.37054857546776 57.26419475057928 63.08276622733792 72.65246678520043 84.71141956949485
73.7870668972086 65.45213683679206 75.1277937811262 38.431028403321676 15.111426950211044 32.95703314817071 38.736811662224994 0.0 46.04862501293296 35.369424541687884 33.9603276384624 72.11294993216686 81.44818009422065 28.644308143841062 22.157800288990593 34.879279138729956 40.32361437357838 41.92189825281613 74.32035257196533 32.82699311383335 78.02822015097537 55.987600158233185 36.020598632991906 34.94426233636143 20.245570521504632 17.02279910176237 53.38102328886637 6.3449929405054375 43.45727686107057 27.428184270249748 39.083153803726454 36.633628518205335 86.55149914164231 35.28815183646705 17.93409446811517 41.74192841156403 50.50276846358446 36.622107025724894 33.10308007699287 36.971833562168705 92.51255724143093 83.5729536148656 77.51767437111096 75.04816479831254 76.51241843702493 81.69919978988843 89.96696200855246 100.55861571698259 112.82154967629425 126.26977026061448 81.35086919727061 71.08237953036068 63.92292844633442 60.97763707865828 62.84185712873621 69.12757143274541 78.78349191264633 90.74002096326208 104.20825087877893 118.67460991248538 71.26710514784581 59.33615660483889 50.608907173359185 46.90891482649902 49.37948861041882 57.22695432168703 68.63102437411858 82.12316063320142 96.8344583191203 112.28674865304619 62.782993226137684 48.87417347873911 37.87312689537375 32.84464889891365 36.35761948516226 46.51548495743215 60.035093902158835 75.1228525257145 91.00209753624783 107.32207998772799 56.62236311463224 40.69934750989891 26.561130422313504 18.79527306108225 24.489646957968453 38.01230334197985 53.74792536588575 70.22432367366379 87.02174250259706 103.98472762567407 53.592667896238794 36.38744412744463 19.355402997049246 4.891897115504733 16.490700008177896 33.446512722418355 50.63702930644324 67.88417899503546 85.15355703571245 102.43392158358017 54.22135314661339 37.30304521291796 21.018858100796333 9.527894739520054 18.39788925600807 34.42233357265461 51.283768745055404 68.36567847536881 85.53607553940161 102.75060881833454 58.39036130841077 43.11437348852539 30.116025663340263 23.533204097470858 28.272942565855907 40.541555969957294 55.557061949584025 71.61192217297037 88.13999407149915 104.91787552770819 65.42633136213512 52.21144971001231 42.07342149409155 37.5901154795852 40.67637443888882 49.94822082292078 62.719923145354066 77.27521870137714 92.7784283182033 108.82518443232341 74.52150263023522 63.19069274571793 55.057909927450936 51.65640078518208 53.88965150407561 61.143322096552886 71.9139599472047 84.87302241526119 99.16623786642589 114.29416446601788
62.74782865290396 80.24508810688782 82.08801691254992 61.641571346984705 57.939417592471365 15.005238973940282 56.99909926342498 46.04862501293296 0.0 77.20377621573378 46.22215080469134 80.0060864647629 81.59515664661548 44.31239654924752 32.90669246065228 75.4897200853094 66.41738866772053 54.720199157067206 81.68726328988505 43.3878699097798 75.87207011622708 68.52188661538786 45.95436184746038 56.488023392278855 64.60533542898354 30.696743198180855 70.14092253962133 51.857216903372404 55.42223685522723 70.23226335184843 31.582996428017008 15.623882012951917 92.20432795539536 49.0563644975732 29.841152463332445 80.41449361163397 69.18012713580248 55.537510831814515 53.20259486892232 12.353088797140531 59.613222920738664 45.288342196296995 33.86799368298603 29.013057727521737 33.69248442413346 45.02575884989136 59.31411196906431 74.88469978987538 91.08228209562427 107.62413960608306 54.09664879561593 37.77054078416747 22.923625335087117 14.935995214622253 22.790081499963755 37.60856529663705 53.92710876480498 70.71473992696029 87.70249901381777 104.79310440431911 51.97122268675134 34.67283254254992 17.3814914740905 0.8606832034729258 17.26496179150851 34.55619533629604 51.85456553622836 69.15471710703589 86.45558067429766 103.75680007439354 53.641600343399844 37.118887859950696 21.838386602943206 13.218591747572795 21.70852254461999 36.96622078683155 53.483228701652074 70.3784254607523 87.43284584861534 104.5686140335087 58.785072919487185 44.19763347336258 32.4019559893757 27.295652402123572 32.232413329085354 43.948995879371566 58.504785696468325 74.24833735994947 90.56230558411957 107.1865510466479 66.60172884175634 54.120735509737486 44.955788589706685 41.37266043667931 44.733391597325436 53.75091445055559 66.15096728657296 80.38311594925248 95.63286764697315 111.483409558299 76.27400467526269 65.60996526610411 58.22636673032451 55.449531202013446 57.94557555148471 65.11088564119838 75.62977997691898 88.31193745411699 102.35639433518503 117.27473347723961 87.18638443551879 77.97596920284408 71.81732210255055 69.52620781928385 71.47551491556345 77.34529546172182 86.33962049009872 97.59843872234606 110.4312920035446 124.35181986342648 98.92921917421928 90.86133048382602 85.57599891741319 83.60263779931195 85.17176613334712 90.0984888243703 97.87709064533759 107.89249881275114 119.58401635807876 132.50872377735547 111.23968261965975 104.0731729192404 99.43264229219545 97.67876987835275 98.965147990893 103.17812582531293 109.9818961486348 118.93265325831939 129.58626948763097 141.55879755492535
78.93932088260401 51.99804536644023 65.81741816227401 30.939767165616832 20.412577409476423 66.5010445151896 36.397118861209044 35.369424541687884 77.20377621573378 0.0 41.718322881263745 62.82233830330663 76.20524578744656 39.063146105795795 45.22068325183818 3.2913392436890594 27.71236389144776 42.377605357102695 64.87633294264249 43.16066028626368 75.41620631641807 48.352215435010066 43.86725661586601 32.642413044966005 15.718708286459108 51.898734144789366 42.89057676196547 29.195558505462543 43.56580244482131 8.014838984146047 57.107450081406945 63.9204549244822 75.76359727286078 40.42683284558378 47.496487315119666 9.246985775022527 39.54612334157325 35.497836739082594 34.242927824642784 70.52908624705823 127.81601055475456 118.22499276809936 110.52613984164314 105.13595281755794 102.41958736144404 102.5896558619708 105.63221771129083 111.31197447333334 119.2527073776288 129.0376808723197 116.70861728335692 106.17696669961656 97.59544335159329 91.51430634190342 88.45078498634916 88.71803571758437 92.28712670723668 98.80087574172092 107.7264486348565 118.52020004887413 106.32063367167987 94.69597366995067 85.02508025254899 78.03773236562245 74.49293679304004 74.88120024376333 79.14466012585595 86.71359098404788 96.81582026893483 108.74762436456426 96.8839151326957 84.0149950888085 73.00165467050539 64.79706448845478 60.55388794320702 61.1030516494686 66.32562320722462 75.25483016902578 86.75359606657538 99.93887728827117 88.7027413280127 74.47920150166678 61.8452076207835 51.97317642090692 46.650782858431874 47.43504113827334 54.06083449898347 64.75930541663746 77.86953551688235 92.3702581854226 82.15320284556276 66.58261938580203 52.11573826425383 39.969534016946774 32.829645572889994 34.01052942227622 42.82937191873993 55.77367291579534 70.60990430678049 86.36853064596335 77.6493801568132 60.96569992117947 44.75398157838831 29.794850888762724 19.268092380713448 21.295483104437597 33.68156453404961 49.13359289132586 65.51705185277046 82.2773977993641 75.55805115304605 58.29130111220021 41.05418361980033 23.910870248771037 7.5317299108388855 11.850641791800319 28.68557097804986 45.8693772557101 63.11775561081384 80.38915283104971 76.07845868984975 58.96123657850048 41.99566759657531 25.48642600836768 11.58416420225161 14.749269325585509 29.993368713791273 46.69450207197644 63.71706220847047 80.85829979029411 79.15910219432277 62.868675384052466 47.30209361363146 33.4845726763947 24.569411589203657 26.168801955835857 36.941402750988736 51.41244119901355 67.2348259034173 83.6451752931474
40.954526083621644 36.13119106579791 42.67839588471968 16.027627674323583 31.509772603868214 42.78649014482773 10.793474928391685 33.9603276384624 46.22215080469134 41.718322881263745 0.0 39.85256969739254 47.71730937228646 5.321006409199326 17.480341614008857 38.82333971820849 21.15335014781174 9.578230191295395 41.97169088617486 2.8411452297002433 44.08508249292994 24.825917382710887 2.3534910796106123 11.20075132574157 37.401965992422646 37.78291821325341 24.73979400078087 34.11589028307042 10.83266307309976 38.123228695692184 17.231194893033376 30.606593929471654 54.073541872451536 2.840426982352245 25.88211819216449 40.62957333030185 23.243243295594375 9.525419573323898 8.247994816655163 45.80968130511796 104.9306674417 91.44303710802176 79.44751886390054 69.71859597271265 63.30996878953753 61.27248016004086 64.02481280678275 71.01219358682293 81.14790061361853 93.41267078195858 97.26679156389564 82.57909440154441 69.11213730754265 57.72669065925006 49.86939648814605 47.331228572454464 50.91400878690923 59.52251661161809 71.36053725383267 85.09068792007069 91.1564661150379 75.32098025066448 60.296823721844 46.87080082267517 36.83402126357634 33.396502946396495 38.37467693129219 49.28096370834744 63.113541116978354 78.33730206229956 86.92801123072945 70.16890432140612 53.75484056243373 38.13400565434438 24.85022421933634 19.48272705309055 27.209031887805924 41.228605752364885 57.078684300225156 73.5857746016529 84.86326038743748 67.60615918416609 50.37981752350011 33.23210384234808 16.411364839614762 5.745130462706187 19.884506787762707 36.83061436326588 54.00285322630061 71.23788049069931 85.11984411725673 67.9264896440576 50.806902843608405 33.87311627442302 17.667707381299035 8.696034180866748 20.923847285624035 37.39929154919735 54.390439232652255 71.53073465191805 87.67738140703568 71.09092923654713 54.94750543215419 39.79004411844364 27.312597696737676 22.525973879627305 29.454577399767217 42.736821180975824 58.17225080543001 74.43316980423316 92.34485743291813 76.748440628274 62.06271561070902 49.11155958376445 39.63353360836819 36.447164137116665 41.04487357541691 51.37776372921316 64.75627112917651 79.66041539524758 98.82370318723969 84.39908048275194 71.26700775040592 60.278264191817975 52.78875834264351 50.38390629892496 53.750573520210246 61.9549144681271 73.39209652834967 86.79337170419049 106.78464482282536 93.55505076114339 81.85858502191213 72.4417119272954 66.28324508285642 64.32595741402727 66.93939260674634 73.63850239264696 83.44500616129099 95.4054628316901
30.75625918009421 11.959708620877718 3.1021360941427867 35.22374940791779 64.49207199565349 80.75870669815431 33.42571846283502 72.11294993216686 80.0060864647629 62.82233830330663 39.85256969739254 0.0 14.466227267835466 44.816633521901174 57.12245527632274 59.59764210622294 36.108259089473385 30.61138123798972 2.221637346895957 42.082112510390914 16.75108668691206 16.23871808422141 38.536075180142 37.45488068201746 67.82878903978438 77.62301164117454 20.360934368893577 70.48577941078639 29.170176593666383 64.27571764233623 48.742888596298926 65.37751547513528 14.438675717557185 37.704372202585766 65.630234700173 55.8623799577929 23.754981485076733 35.51765192670377 39.014315062638474 83.13149408761932 139.49424016677736 124.22196547110057 109.55475880264349 95.77102094448497 83.31042272943934 72.85505764561557 65.37420837467293 61.95489991725696 63.25920434255445 69.01984534517581 133.75533888783878 117.77152485870519 102.21778570435042 87.32423272867436 73.49333160167157 61.44688941951692 52.42969492659769 48.17393343202989 49.912774677779275 57.10117819485225 129.29159702779896 112.7002232198798 96.35907538092854 80.42083278332703 65.18172386382058 51.26901353917831 40.08833017124277 34.41430699334271 36.88255250175579 46.206154087379645 126.2384213214797 109.20044976195972 92.26076625897963 75.48557017899985 59.01529608444437 43.20012257849636 29.127436582512683 20.71897886405357 24.675010855274596 37.244432986434504 124.69950975888409 107.42596037583036 90.16329396892377 72.91924015022009 55.71108486604539 38.58688582835453 21.74589448665304 7.452079188839426 15.391440139491397 31.890010395366502 124.73094542987127 107.46228192763068 90.20636716535141 72.97224587518721 55.78012199516863 38.686027223760455 21.920509705688854 7.944944304256929 15.63486121077332 32.007639416299156 126.33155562443463 109.30760879009163 92.38699135965764 75.6390801491433 59.2106085040888 43.46531161035204 29.51748477977182 21.261278006358665 25.12993071245332 37.545922989949496 129.44312097796006 112.87322590205709 96.56042843115448 80.66086540900642 65.47626848612192 51.641223048541946 40.56103743584351 34.96122501707904 37.39096693645113 46.61104181527511 133.96035310188233 118.00324580031194 102.48345151734927 87.63362168753125 73.85897010671519 61.88170392464668 52.93623613780719 48.72213986272132 50.439575035493995 57.560025601923165 139.7469455501945 124.5043734691809 109.87339853136861 96.13367186837098 83.72512466204225 73.32669775457585 65.89694362375408 62.503633702 63.79416701139453 69.50814150222332
22.941815974635006 26.422103720549913 12.259744802475762 47.00794174498348 75.70416602518233 84.92365622668297 43.872668429140326 81.44818009422065 81.59515664661548 76.20524578744656 47.71730937228646 14.466227267835466 0.0 53.00811855798919 63.82153839828795 72.93736290376465 48.820901470959534 39.64442987505573 13.067817607923741 49.37982521597701 6.206803667217583 28.048112034576285 45.90064934477648 48.176279395293385 79.75294109161858 84.45496379043598 33.31469491082279 80.69475020698229 38.09299224545188 76.94781045680199 52.10737613671576 68.30520005100267 13.079468903160377 46.16834980383604 72.2974566833777 69.7123596054862 36.66942340406044 45.78820933881027 49.0208812475213 86.7203608459259 140.01181201210554 123.93976560667143 108.24751916959175 93.12726360490481 78.90849738453934 66.17489407244085 55.949836146215944 49.80314887132164 49.28513998869636 54.55637747700423 135.6757235832953 119.04259839240525 102.6308242174593 86.5663878921038 71.08516393445727 56.667178652265505 44.361529811900596 36.37896513365771 35.74381718950993 42.78456984122277 132.68684092882583 115.64044795162128 98.6830281330027 81.86988623965365 65.31254011827886 49.269553610485424 34.46681478984432 23.391133428544588 22.473102076348823 32.582923492902516 131.13735687238582 113.86744873778883 96.60899921391743 79.36948348497269 62.16465571955301 45.03428988336931 28.114826024395402 12.30905975216171 10.549682180129548 25.880339424753146 131.07834935563406 113.79979840720846 96.52962224709371 79.27329456217706 62.04237178132345 44.86613386177473 27.845959223859765 11.684961636105994 9.81797421696834 25.592192421913253 132.51181035896136 115.4404960581548 98.4497231497991 81.58982448221926 64.96277813112431 48.807143316767124 33.805673307362255 22.41029829342647 21.45532577857202 31.892822887881447 135.3903231081085 118.71871173424378 102.25670341303493 86.12457386083447 70.5489830219689 55.99628328031221 43.5053609356025 35.33492708762629 34.68581363752614 41.90897536766439 139.6245026016796 123.50407379946193 107.75069925238346 92.55199922266749 78.23192671539523 65.37047179054524 55.00059303191167 48.73945335117472 48.21520319897041 53.59645280713562 145.09565667252215 129.62971365741686 114.68945362968833 100.50957127964007 87.46068887382313 76.12663996739728 67.378435441036 62.3148204505331 61.84751546138907 66.07411388271629 151.6699074253552 136.91577516499038 122.82827009457645 109.66459846098208 97.79851815552024 87.75797358943184 80.23128742231502 75.96935443005195 75.52689535480754 78.96813794000737
45.922763613946 40.370141802548446 47.694041757374 17.39014293306782 26.960046940234736 39.346777695332136 13.611410372916719 28.644308143841062 44.31239654924752 39.063146105795795 5.321006409199326 44.816633521901174 53.00811855798919 0.0 13.343894124174577 36.376347054329635 22.10598703080153 14.239841732225148 46.962709992299125 4.7104493402474406 49.40607319478117 29.402483192698675 7.420372248428148 12.225702900555206 33.171118491878495 33.01473132760508 28.602520836566775 28.955298985739546 15.648745157730973 34.67896818914393 18.167333267285624 28.911655483196732 59.120008918709004 7.11306598078732 21.38740900558786 39.09893840440871 26.664352006645167 11.757516352112455 8.949411416477453 42.61833392217167 102.15700051296811 89.21109677460328 77.9735902353264 69.28084665726752 64.17542057562997 63.52816266705782 67.46750514835492 75.27678927287228 85.90704108804954 98.44865853034882 93.97204727529402 79.75374945877225 67.00206798747898 56.715036409483076 50.42435199259059 49.67229480816356 54.68784277924229 64.13177919584903 76.37873877141114 90.29529360992946 87.31702316346764 71.83104989654623 57.39202391608836 45.01884687635646 36.85452786283155 35.896007563118374 42.63212379202666 54.26951339474099 68.34888202563006 83.64608029709855 82.56282804764656 65.99814006313491 49.93595678828248 35.073586086553355 23.77865584194608 22.347346115645774 32.12623001941801 46.513404564514545 62.39880067078782 78.8824138711128 80.04893081044867 62.839767163830544 45.70070776308812 28.75737092346269 12.811378315966701 9.999489278188753 25.190504100536256 42.04576729466282 59.159487299124336 76.35808187172508 79.9868777786978 62.76106344351101 45.59292642141297 28.586573458753996 12.42508800355089 9.501938171742534 24.998084596299684 41.93131318343367 59.078584990059724 76.29571921740498 82.3822104321032 65.77308625284103 49.63950715063887 34.652185797178475 23.155535112387422 21.686289392807268 31.672117144047167 46.20240661051076 62.16842658661746 78.70117958015727 87.03223372703107 71.48618169151895 56.961797390518825 44.47163449888238 36.18720646909717 35.213765392272045 42.06200611241593 53.82493072269729 67.99810071129592 83.36106979412818 93.60145674280723 79.31876047506462 66.48609505014412 56.107378478576635 49.743110252678655 48.98385579667586 54.066267237945695 63.605081483766156 75.93914366857338 89.92553977890236 101.71863469136242 88.71108586196925 77.40366431109241 68.6417666275786 63.48819879287735 62.83713097795124 66.82030422333752 74.70003659131346 85.40452130924761 98.01256774581883
52.8784704105369 53.534412872445586 59.86651887647229 30.238466666585076 27.8718573767236 26.14986816730177 26.95024077069745 22.157800288990593 32.90669246065228 45.22068325183818 17.480341614008857 57.12245527632274 63.82153839828795 13.343894124174577 0.0 43.1812438114308 34.52310562166637 27.051978149603343 59.19926181032879 15.05529429604345 59.51611275314509 42.305765740030935 18.58920075537489 25.158638774689937 34.820824400459855 20.666303211105596 41.8958361881364 25.34111605553586 28.306596133872993 38.98135907225439 16.9345654459619 18.714819896470704 71.17414429426388 20.015473151057023 8.535679176945068 47.64608448152775 40.008168441653574 25.05466138900813 21.992618828027194 29.58370793850533 89.27781617910448 76.90689141436614 66.76457611401581 59.99203690437085 57.78648243242851 60.648230012590915 67.93993852750374 78.43570540349667 91.03395909484155 104.98047783176905 80.75450573234349 66.873482592251 54.9685304596615 46.58025543989667 43.77905026321217 47.56253227306879 56.62585893077145 68.91651117202498 83.01317554167194 98.14068118580644 73.97424485602839 58.547088061977796 44.52014593123563 33.69027339881111 29.778094371828374 35.173065574979056 46.75749602196974 61.1072138236141 76.68525922885588 92.87559226883941 69.44954673604295 52.742595726719436 36.592836108514234 22.248646998790413 15.801307554716619 24.557539289460273 39.43572669314703 55.73143396698843 72.49497439502731 89.463748419943 67.63469058678538 50.340158440784904 33.05337082055289 15.799768449055618 2.3353015162281205 18.973354289233352 36.238602380376875 53.52754451370119 70.82283057414766 88.12072530958102 68.74465751582903 51.81520531281804 35.24933935491481 19.973212236018284 12.411903472747312 22.53651142779268 38.215784769872876 54.87905723075327 71.84489194230183 88.94031106621482 72.64548906531023 56.86678380978234 42.29663480265503 30.70650950318198 26.37203692581059 32.35412080213895 44.68561434787004 59.544347522546204 75.45173761779901 91.86463025861545 78.92440014669486 64.66197110555981 52.26840035806542 43.37633507841144 40.36994939127416 44.45969841405913 54.05832361859309 66.8329673284797 81.30002639223933 96.7028885847286 87.06834060018578 74.34258664092195 63.8078640505997 56.69890575477875 54.37634950834723 57.42393169167969 65.09168571308389 75.99372500305428 88.94865936773594 103.18614654641065 96.60669123044592 85.2687570111566 76.20603432594591 70.30397589898767 68.38588305328824 70.77640559582856 77.07568223111511 86.43328414301199 97.97680867319204 111.0265197194743
