0.0 16.791348020608577 13.270710297752553 59.657833720826815 28.382117184069266 22.982176089285222 81.91697940592815 44.71885098060956 39.82824819591465 61.00928124311208 48.81792875260247 29.306328651911965 32.182157425107214 38.69653126786114 41.11954412987348 30.286473190182893 52.191899036648735 4.0291802563199575 98.64791620407337 26.89474234095434 34.2314101572278 55.00533631836496 27.386113408071548 53.44000872555812 22.02867998123675 26.644283598945815 76.8617696564675 72.02233393694462 53.28836296663398 43.409384020722335 34.42139911160854 88.79686706706518 36.922240738669345 40.539952607789445 23.451102026539797 34.291624702165336 70.01307472898161 14.871228769355897 79.87406973535847 31.67946427083123 87.41378318309565 79.30840036031336 74.41211236927283 73.37022413223093 76.3407121634407 82.89334171309531 92.26806104590537 103.70232060862882 116.59174383769003 130.50588256062605 75.8373017959631 66.39722049576531 60.53578968719674 59.323428544598826 63.02898470774151 70.88535144854137 81.70379173692983 94.47212560133069 108.5041558832109 123.36943530952647 65.29749014956559 54.10969085563912 46.804472961415435 45.3007986023922 50.123543759019384 59.76019196751212 72.31109921032429 86.51712670814545 101.68694595795499 117.44769202496892 56.37897031392017 42.98426158614429 33.397815552225644 31.335129046413424 38.040444663501944 50.10957430634785 64.60319135465079 80.21772945082688 96.41008656867798 112.93198995357218 49.9578823833909 34.175584696229386 20.94906611173993 17.563267267730485 27.87087274955654 42.9396663128642 59.24151030162734 75.98690905064997 92.93641028031506 109.9957025021226 47.06779254269265 29.81341762389974 12.68921637161845 5.648550253698774 22.39440988160918 39.62103777106614 56.89338485536533 74.1795215182597 91.4716303079129 108.76686285734031 48.34618426511653 31.78456491693712 16.789180288825314 12.337242659380898 24.924917491479807 41.09754787489717 57.92649087030329 74.97106923073719 92.11165546484193 109.30309189199559 53.49502397827624 39.14364505102305 28.309763916918325 25.872204117797637 33.70474130635918 46.91863867231964 62.1724870894294 78.28274442392079 94.8138619915893 111.57893710038924 61.55048174570573 49.54524771804497 41.469353353993576 39.7918194061559 45.230260264716264 55.73930321997889 69.04106988652869 83.81631503693923 99.4101902682164 115.49157163721611 71.53721394674949 61.46352808973076 55.105871426773945 53.7982185650001 57.88384101324884 66.37416104689429 77.84098492000818 91.16802118138854 105.65366398192394 120.88211121975279
16.791348020608577 0.0 28.460947494966234 61.88345075113101 14.655266916822939 9.098618097248362 80.90961068564303 34.56826326464437 23.389825457211778 45.3269164305708 33.0903460576966 36.28551901259036 18.27717897175253 30.039610902604686 26.886090921989336 14.624637956632796 47.05075172859144 14.509946056270577 93.23319966004 15.26554889974474 29.83288817140595 47.80570507457592 26.33925804369399 53.44659429301125 15.574032813672488 19.36950557071873 75.62293527598057 57.73873095089465 37.23336842692399 26.624371102146302 39.75716632196886 82.70235615296426 26.3675145309632 37.326133766157156 11.198435027474774 18.105205572866982 65.58642353794598 25.666716386028334 73.47993168888537 20.022832719645873 76.30385743146185 66.01335655967044 59.09268636468122 56.787548561437205 59.63558932202221 66.98267767299642 77.56063727723941 90.2403654323642 104.25781698970053 119.14176012086862 66.35048431169801 54.26199996682453 45.66231654276216 42.713397235859325 46.5029686638752 55.67155939433095 68.07953874605307 82.27411078737879 97.4778931611877 113.28527990654082 58.176237996129295 43.94436841038656 32.80929654886339 28.644405082789046 34.106649242410946 45.87738745843447 60.37313487727193 76.05133613012512 92.31145983425249 108.89313607138193 52.61707755346024 36.304356750974655 21.590932198706028 14.59599097687778 23.635357354364643 38.767639175215315 55.19005474214762 72.02546079628442 89.03990357488979 106.14732412801634 50.54346730509791 33.24259010213087 15.943999158527342 1.4373672558835298 18.671757900148215 35.97105314732031 53.27206011564948 70.5735199376899 87.87516513110002 105.17690421491 52.37111249728846 35.948588075602025 20.99002705091901 13.695772235203838 23.092851906864112 38.44083937450344 54.96207005728985 71.851742140858 88.90010822760104 106.03064805783991 57.730652022639426 43.355475001970056 32.01993239074696 27.74103018951937 33.35510859912437 45.32407319897178 59.95573184442172 75.7219768532565 92.04159713934357 108.66555690321515 65.76410845605955 53.54670954781599 44.81391816403267 41.809441930462256 45.67796649799975 54.987533384858175 67.52396646771574 81.81716374092301 97.09436406299798 112.9570174795177 75.62399507895348 65.22994383276482 58.220277965121355 55.88339837164341 58.77929834686152 66.22503958505641 76.9103638991657 89.6847285500552 103.77955120208252 118.72547415156761 86.68921700009575 77.73521613886096 71.8971268814224 69.95941267078281 72.23663565347691 78.3621922970719 87.53184777115548 98.90250304244343 111.80463041656324 125.7677828267582
13.270710297752553 28.460947494966234 0.0 52.64041085706519 41.37828652238742 32.14204009729083 76.47727894708636 48.49431251563973 51.84790554159451 73.62454874252279 57.5390558448639 21.348457205038624 40.10702630942538 41.904446783517045 48.605102877276 39.82621838576847 51.34715187379913 14.038235510103364 96.22395931935993 33.975685573729145 34.84312719064603 55.6212197470393 26.880367106101623 48.457807938908715 27.129254824544777 30.92930280973617 71.74470649477055 78.39311135643719 62.34394159633095 54.35971930944184 27.05883603405234 87.14741897733637 41.784422271351424 39.29692729473979 36.54785349768302 44.15762142373496 67.6161369469201 8.368859486316742 78.71830789135655 38.0173863585535 100.611170013184 92.55046896163387 87.21954518171887 85.1327598625886 86.52515544909687 91.2375812515296 98.79609265018863 108.60809176084183 120.1226258906945 132.89789647263893 88.84650664747718 79.66729140112533 73.47613001726367 71.05839030725679 72.79104870456983 78.39941005907234 87.13832114029915 98.17532944571653 110.82595543908432 124.59967203863451 77.88773390472831 67.29064741716523 59.9020952212861 56.98410690006651 59.20146545288697 66.03889936675856 76.2637305176864 88.71231369006523 102.57821529233645 117.36014463609685 68.1250732383033 55.75909776274967 46.645824235087616 42.91029491360023 45.88527494033379 54.48236465940727 66.55751059863421 80.56165918623718 95.65126345194626 111.3860495043794 60.14400700261971 45.71689863823718 34.08045748908527 28.83799339531682 33.17365916387644 44.362855864027786 58.603274800202755 74.15749573002344 90.34951049812506 106.88986593736188 54.729714019759044 38.35256548938609 23.349721556485388 14.772008940490128 22.134306714659214 36.88299545270769 53.1930043107792 69.98105883629646 86.97076530806677 104.0634036289543 52.67973535196903 35.37992637572248 18.084177219333302 1.0243743456110836 16.546142198427248 33.84100917898273 51.140654909811886 68.44145577577729 85.74271254492662 103.04419557726864 54.37594573367193 37.84835108450804 22.51587454555302 13.421782841496462 21.2611529343681 36.36814148277966 52.838996272409155 69.71362894426092 86.75674795311946 103.88546236851796 59.4987889249652 44.868610069459095 32.939161322840675 27.486258763838343 32.01109785869318 43.50443936543249 57.959227013017575 73.65200364146689 89.93705119578823 106.54313027136892 67.26985532775417 54.71575985206404 45.3993439775246 41.55829168887792 44.629451035626715 53.4339714834856 65.70613239489582 79.86305451841739 95.06642013073973 110.8866363114159
59.657833720826815 61.88345075113101 52.64041085706519 0.0 75.55391302222904 56.17159972731088 24.816504207280726 43.06165855834583 76.55094951346503 97.36676525005474 65.07778102805318 31.32238027804879 54.621201166724546 40.39202143226726 56.024603644495265 59.668419440541115 26.684284078665424 56.63263891574493 49.695613670210655 51.01473857070811 34.05771558302904 33.12541628571515 35.546988485427896 10.575319349734437 46.69807734525766 44.19310297746915 20.986403246124574 68.31772394622726 69.34849842242835 72.81763304178124 25.67531545613982 43.92434239965443 45.51642464781329 27.19638960141918 73.01383234023477 62.64508601839938 26.452718759561098 45.797751310998244 38.79147875050083 49.44637263795646 135.80236628943956 122.7345100373366 110.8328276631643 100.51243650363456 92.30526836055138 86.81275087226297 84.56549729603692 85.81882907611957 90.42730775128874 97.91834875085829 127.38591984353212 113.39663592658995 100.44456460845808 88.98378017818182 79.6605596656291 73.295193935825 70.69126677731157 72.25658447369777 77.73970579894724 86.397909535408 120.03366426623154 105.10964767541218 91.0312762740407 78.25628559103065 67.52848997319221 59.9570298713095 56.818057459263656 58.82546749055393 65.50784187459512 75.63608145632824 113.95188754116153 98.14025115259741 82.92580821394431 68.70644066871023 56.24202041861856 46.951669643273284 42.94715653004878 45.64166710339265 54.04229684377802 66.00517002829272 109.35286595504896 92.7859360601448 76.54488896415964 60.89104680189668 46.422285520324714 34.65612591589843 29.08221092650292 33.00321771540197 43.947232280071425 58.07078033627503 106.42906140085496 89.33765046777357 72.34638169962787 55.5472283059813 39.18804248072809 24.178983602075544 15.239957223081714 21.876970034060967 36.38213590701153 52.606371116118936 105.32012703152519 88.0197448309827 70.72012017895545 53.42198903056085 36.12749675354646 18.846663556576065 1.9776320671238283 15.853672313130808 33.12824201300809 50.42157779932594 106.08300898379645 88.92700572989848 71.84102397728618 54.89049033427291 38.255874806325345 22.644443254321715 12.678426102903 20.184820822732785 35.395258438009854 51.932017803885145 108.67828538334956 91.9936089836899 75.58696074593287 59.688050201429135 44.84025200687464 32.51681448781945 26.5094022955267 30.771151375024132 42.3047191819393 56.843864527242346 112.97971471629282 97.0149615498845 81.59715188435746 67.1043458423728 54.28256506998114 44.5971536613469 40.37227964035615 43.23935032584536 52.039095633966674 64.38322092511821
28.382117184069266 14.655266916822939 41.37828652238742 75.55391302222904 0.0 19.583067850473732 93.11560909643298 42.7524482011168 14.328581119363525 32.89726974128298 32.849619638842725 50.93726736261958 24.967442051747557 39.96757108162543 30.998436807523266 19.21563487681019 58.01788592904443 27.49896311564727 102.74853800655836 25.535147729850685 42.25778794578362 57.40071807703265 40.16671391934631 66.56322037203392 28.866056796765296 31.64872926220694 87.80252994872353 58.82013286519909 35.45256506005102 21.344358289093158 54.298567998572736 91.93057958067448 35.21593513716453 49.76919673712117 5.059469519884407 19.574668491242285 76.30956618990346 39.87628469136361 82.70331792577751 29.011758271066167 61.65974045105195 51.601822690734934 46.06816715847734 46.69590296323324 53.26764580522649 63.9771852578188 77.11952920676157 91.65406016168734 107.015022825845 122.89290819102139 51.9947790570398 39.61443531592996 32.15367274767255 33.12284115998308 41.94156996861384 54.95249517447317 69.85103370641463 85.65784169126209 101.95132920092428 118.53096623919572 44.81047842155798 29.61426951097487 18.567258081414376 20.277902217843298 32.80786027389479 48.37592588092685 64.8291357770182 81.6340346791606 98.61098580792924 115.68426668129729 41.418586027939355 24.204594394912224 7.412089121667871 11.078325438904168 28.093292401752517 45.32604566325268 62.596975222615704 79.88132292738746 97.17192882871493 114.46595697415137 42.731979673448166 26.379536150482622 12.82383658610193 15.222833462681947 29.96216863063736 46.50205862150142 63.4496996020159 80.54812424684441 97.71821363656207 114.92785236605886 48.368852154593164 34.7427115240872 25.947575389611103 27.169980721931978 37.441281435546365 51.61590624890781 67.27008636439342 83.5765384555352 100.21737154820757 117.05005706468032 57.061924945864654 46.03676069579067 39.766939214090854 40.52334679977439 47.97478378846282 59.66342418511413 73.59738143161759 88.72503019839328 104.52939048734159 120.74502900414228 67.6428954645157 58.59051903719281 53.74789466650329 54.254244875401994 59.974241460778686 69.63473153806606 81.85219410361886 95.65180169831989 110.44207668147416 125.87429078212142 79.360072901026 71.74562038427382 67.79039893699712 68.13467253987888 72.71740016359185 80.82077852384984 91.51430197401287 104.00205747923847 117.71439896221796 132.27102008559913 91.77918263068608 85.2239066931004 81.86263565096753 82.08866484237747 85.87367240118311 92.78311949758306 102.18516453633738 113.46184104764865 126.11126765967774 139.76120785385618
22.982176089285222 9.098618097248362 32.14204009729083 56.17159972731088 19.583067850473732 0.0 73.62413922650079 25.52786387160838 22.492959984891247 44.99072575371848 25.888553512061446 34.21253338279468 9.49404111001517 21.33919794236055 18.385816231453244 7.68443230212675 38.91757237969024 19.600229212834257 84.6454851713619 6.401759382708446 22.674932077641838 39.126872432734984 21.222682608823277 47.008097479052026 9.896092704383326 12.076335468242553 68.31294425553052 49.40669256323781 30.484518164374414 22.76585555547446 36.513094083064786 74.01786172574151 17.357706186877632 30.191197304051396 18.060311700343945 12.041031984951792 57.39597312225287 27.07178696761002 64.77699069401231 10.961790189393051 79.98934836895484 68.11794322306832 58.99586472299609 54.03396569815962 54.38314419915762 59.95066993919384 69.4934443562641 81.62900415803104 95.37268665560435 110.12403883071036 71.21437317564389 57.61349223545185 46.538671861508284 40.1383534800973 40.68209448868766 47.93416479203075 59.489843225664366 73.34237990416146 88.41874169624748 104.1890062638744 64.38743037696882 48.96737013864979 35.33519374205962 26.420804795943962 27.31762006731394 37.325008198492206 51.36896474206533 66.95592035858402 83.22337672878112 99.83925093780108 60.17534192834661 43.30743462828669 26.994610241399897 13.438639819797633 15.205198731030594 29.673423577611363 46.13609254478568 63.049813432683266 80.12946950149191 97.28770611628246 59.139548362611244 41.863033924194056 24.622238046266407 7.662191053527119 10.482237611290468 27.563726293868708 44.81466587326079 62.09398614781442 79.38315641483304 96.67689226129018 61.44091604719835 45.0415834528002 29.685257962905904 18.231759813603595 19.55228418044607 32.107612689819774 47.730681891127354 64.22031937100041 81.04932492981413 98.04309740187726 66.73505656136209 52.00213306410154 39.41554075604648 31.648962130321813 32.37958764015909 41.15735084465379 54.204485997993146 69.14502163539666 84.98617930242565 101.30634860948977 74.38562588946988 61.47305733397516 51.218706862308714 45.458539385508956 45.91628675416439 52.42933998557772 63.15116554030973 76.32828730227457 90.89911380943931 106.29202253880564 83.74921774600253 72.4767114631242 63.957114425284075 59.3872698190682 59.68148538253207 64.77351409573707 73.67518652159825 85.20067276320627 98.4325795605052 112.77183756363964 94.31689708142164 84.41570697744064 77.1688637811175 73.36717885861748 73.54685427575856 77.68026813691932 85.19387175967219 95.29142121032353 107.24552004626402 120.50491950916171
81.91697940592815 80.90961068564303 76.47727894708636 24.816504207280726 93.11560909643298 73.62413922650079 0.0 53.48863650286757 90.86541978388854 109.19681204014537 74.71161589535816 55.19659600238629 69.36861765731726 53.82946999789446 67.72407887026709 75.0620285345362 35.79274734285405 78.4923030837563 27.777142164862997 67.5871127575832 51.12089195392842 38.993533171175955 55.45899539276364 28.47927038452239 65.34525604553302 61.737385295827515 5.31310404176535 68.8519923891533 77.92070315694009 85.38775152914567 49.47238110992872 26.27126820048502 59.04267126899109 43.594846507457326 91.52488018902798 76.97622748238747 20.558623866438346 69.06711325889906 26.428694257734847 64.56974802866199 150.20157357043735 135.5581662456624 121.61498838716167 108.64197898421935 97.02906280241814 87.32058000953666 80.2110565493699 76.42924000238348 76.47044590620986 80.32879123964378 143.48784322318747 128.114416773644 113.29845988247146 99.28984254685956 86.48178565182877 75.48788155613 67.20443341196697 62.7147994888304 62.83749578113036 67.54739279630753 137.87858017439243 121.82889845697807 106.17325565364236 91.11499339774691 77.00536291006362 64.47024043293774 54.60494460928158 49.04783522185246 49.278620050158715 55.22478373043936 133.5131472751312 116.88870410405262 100.49321128078472 84.4601065279796 69.04231594374625 54.76203887856552 42.7741525761064 35.48356056463066 35.87820685861942 43.750612564174865 130.51647796109827 113.46976104039537 96.51390466527964 79.70691556551661 63.167732714696115 47.17885114995407 32.56128080324209 22.211291981654625 22.916314007307946 33.99536550926467 128.98405247019085 111.71188112110055 94.45060262431335 77.20752326739654 59.99833599851254 42.86388172595432 25.95260586468769 10.41520553072364 11.92177091945857 27.829734062584116 128.96809883024335 111.69354490178395 94.42901465973786 77.18123493792187 59.96466145601082 42.8169545926447 25.8753928996224 10.222215752986743 11.754352902737597 27.758769956432328 130.46917356662948 113.41559635582242 96.45051204085945 79.63050031127776 63.07173231684822 47.05084256274278 32.376406303162064 21.9406726242064 22.655376319121242 33.820859953317246 133.43606863106154 116.80105901453774 100.39172363507096 84.33988839467682 68.89588657608316 54.578177072800386 42.53962213023493 35.201836633210775 35.60094053148979 43.524618827828 137.7740787196638 121.71115991098314 106.038758725342 90.9589604319249 76.82153890508228 64.25159471128752 54.34784478385654 48.76280620510849 48.9962910029773 54.97421233452945
44.71885098060956 34.56826326464437 48.49431251563973 43.06165855834583 42.7524482011168 25.52786387160838 53.48863650286757 0.0 37.729682286839505 55.882540899485846 22.14081913603814 37.65097024173365 17.79370476730409 6.658816820493241 14.236977559257843 23.548407592204928 17.978741495577925 40.71380496619774 60.00981809371258 19.335107280230396 15.608181327608717 15.076524804148644 22.934117505183167 32.49051310422723 22.699465502298168 18.152507654206996 48.32385111107286 31.36554504610823 26.288291341305776 31.900412876834867 35.91111329050286 49.1782754297031 8.215107675382647 17.728459312786736 42.7524482011168 24.296569520902715 34.57505447169899 40.60455842516573 39.95431333830438 14.566822079825705 96.75149131842335 82.12095860394612 68.74267316231317 57.49748591868232 49.850468027807906 47.56973765386799 51.37502526123266 60.12161843258783 72.03143263489538 85.79713324968958 90.57344322961022 74.77865527980644 59.82352394920732 46.52492681685414 36.72862205923124 33.647029689330125 38.9096594814173 49.94505641687209 63.82604315978998 79.0678631033222 86.2822580604761 69.54423696256353 53.16846289965071 37.63086118163703 24.5762017653571 19.763840389623226 27.855713856952658 41.95216223040367 57.81642284771157 74.32499781196303 84.16709704586839 66.91429949786568 49.69567563090449 32.56547746461454 15.813725543044761 6.19281483420431 20.623807663924712 37.5638839380805 54.73082090956104 71.96244565965107 84.3917666329115 67.19538799144897 50.07178171502896 33.13396664782987 16.948434512716084 8.680575093696975 21.498106902622872 38.04862785631536 55.063062283254006 72.21424263380625 86.93812550304231 70.35261491593766 54.21673498632305 39.09129631046379 26.749125397099476 22.396721622341033 29.772835555153367 43.24282023870773 58.75519070698471 75.05407740693778 91.61275110679848 76.02846860991029 61.371549336603564 48.49034184150401 39.17737345777623 36.292245527931186 41.20794504884216 51.74716939207498 65.23918684524402 80.20748478450939 98.11184358455596 83.71213246719235 70.62725833790103 59.72771003628726 52.395517937400065 50.21834805803369 53.82542049491291 62.218731337208666 73.78256159033694 87.26547706924113 106.10058016840208 92.90668498619385 81.26908701028142 71.94699630671506 65.93003441247049 64.15498409214463 66.96004716475164 73.82497703950574 83.75738737212544 95.80796433259417 115.26955644843257 103.20900050391465 92.82137983846236 84.72427606487783 79.61960175890133 78.09636767449105 80.35849633920645 86.10816949620428 94.7123508521095 105.47476277895271
39.82824819591465 23.389825457211778 51.84790554159451 76.55094951346503 14.328581119363525 22.492959984891247 90.86541978388854 37.729682286839505 0.0 22.529912097641756 21.569926860172462 56.705493350723316 21.984618689745425 37.201603261320145 23.790742427633592 16.981083709854282 55.07271856045038 37.88584341588647 96.68165962601131 25.956029985716395 42.5219921048827 52.78801693108572 43.13348041726052 66.62756308152092 32.17708412604335 33.03538322696487 85.6165244081638 46.80687931659344 22.85361868531526 8.22071697368757 58.85265158915353 85.7330604455986 31.919465842753752 49.4641718369729 18.766708574298526 14.02254078169723 72.30400905738114 48.45428964553846 76.70832403280919 27.130146099002253 59.55225947935296 46.27032974699908 36.52565293647642 33.55609231957599 38.94364444783274 50.05908165130978 63.98377896300318 79.25051663323484 95.21592778731312 111.5805069155327 52.84500445229235 37.28959196050897 24.231066872639474 19.557282408169037 27.86649868219179 42.06314256702834 57.972285935641956 74.50487011427101 91.3229279261041 108.29353821585308 49.40517615925358 32.255216285819166 15.447976923744687 5.966110248977401 20.7668586705941 37.75769899848602 54.94304974561812 72.18411919604992 89.44869412091998 106.72536794422412 49.91299854703546 33.024299155192324 16.988657031588353 9.237847319346123 21.926568376474464 38.404741904526034 55.38760893058374 72.52146901189995 89.71985808356715 106.95165086949532 54.257734521291326 39.25721620031942 27.148983740161786 23.058981729002515 30.41507824366909 43.78525273061157 59.227787015037435 75.48128363093136 92.11747189459591 108.9612045806337 61.63317273921201 48.90773579420605 39.79939870296989 37.07727783645483 42.00195000783669 52.462462343940935 65.87232335269736 80.77575682365348 96.48310564394141 112.65861412468585 71.10227798155607 60.35813940027001 53.19188686561345 51.130709399097626 54.75420383753032 63.09038762724563 74.57527715505988 87.98436050273556 102.56570675252503 117.88511987571177 81.94230724835396 72.76349563015809 66.88201255960907 65.1964235250975 68.01938257354554 74.84244717814595 84.7044279955028 96.67978626712822 110.0809463576866 124.44814645672042 93.67842713399651 85.7100168231434 80.71833115945293 79.26773438533047 81.54741671041876 87.26552215929006 95.80837265637315 106.49835638005533 118.7570557013275 132.1486260685531 106.01331316012289 98.98544234254032 94.63658806911928 93.34195511338588 95.22619463638438 100.10997194498509 107.58557337154667 117.15790834957406 128.35874008187466 140.79995595240854
61.00928124311208 45.3269164305708 73.62454874252279 97.36676525005474 32.89726974128298 44.99072575371848 109.19681204014537 55.882540899485846 22.529912097641756 0.0 34.694310577918664 79.18932207766089 43.102064545902145 57.0889520419663 41.80522023174847 38.918105562162275 73.85433079179795 59.5864892612495 110.82169675520865 47.94826124434727 63.75293570015555 70.23648979025435 65.25797086514204 87.09891825553527 54.55534639496907 54.99502274421281 104.10502882884522 52.87596450534406 32.42340600932874 24.549572403462488 81.1541904957946 100.01288442189531 51.88067571104915 70.18489164548645 37.95613910548167 35.19679784622494 89.49447246719384 70.79383522419799 91.55136886353894 48.24660001218525 42.530918432453966 26.517219878451076 14.005702196483341 16.96671018540593 31.277653869469827 47.61750544914537 64.46142129498124 81.49745800988109 98.6261086390937 115.8062855159349 40.60984330571736 23.327526227621583 6.156393419160095 11.41676282527065 28.661775247381154 45.94960109402355 63.245141430107225 80.54342668259115 97.84300098872194 115.14328333267397 43.503091852179104 28.043190917108216 16.70432646532336 19.244762878390205 32.56377870531014 48.46803976457655 65.089280863958 81.99262465518291 99.03372618440258 116.15196836780083 50.38803868825575 37.81402820562238 30.324186401380935 31.74777312161359 41.17031917485099 54.59650656597943 69.75149563182637 85.72323501759088 102.12925225476066 118.7897494544472 59.903726959044846 49.74540006990824 44.26575779891942 45.19971194403831 52.20416426916342 63.294863417991024 76.71967716229176 91.45644948946402 106.96429125119151 122.95178409665962 71.00007220099185 62.61403970300004 58.29856584395355 58.95442890258462 64.42999061943688 73.65812780219228 85.43133492655448 98.84433862868792 113.31633009302404 128.48998072712953 83.04574056020667 75.9448454187179 72.36941438110206 72.84046129658228 77.28403158325446 85.07995266385197 95.4099744478861 107.54634430737708 120.94650550498662 135.23529969403532 95.68272792297837 89.53146509106095 86.45958100724314 86.79465503569897 90.49885206887886 97.18770188026865 106.2992646035902 117.27017950274289 129.6292151943768 143.01695335895874 108.7048587338903 103.27282807138887 100.56078693532262 100.78854531240553 103.93677890553813 109.75445912554373 117.84690378466075 127.7826604412034 139.16748194227654 151.67541624243117 121.98869958611702 117.11431646462644 114.66879549642631 114.80745379088125 117.52114480802497 122.63905068668574 129.87726234485478 138.90471208140275 149.39740307134628 161.06923446272828
48.81792875260247 33.0903460576966 57.5390558448639 65.07778102805318 32.849619638842725 25.888553512061446 74.71161589535816 22.14081913603814 21.569926860172462 34.694310577918664 0.0 54.05481420147013 17.480972337603323 25.233871873366947 10.138211778835727 18.598916887375168 39.925080595843596 45.48821428881784 76.78557713897641 23.76028334908499 33.87504339366621 35.72139709674988 38.42324923048647 54.532270688937736 31.16790059081187 28.876002474944894 69.69681128949959 25.97358062099683 5.019919050469971 13.529437798479439 54.06604232978152 65.87596577399539 20.855525754805875 38.690497090900465 35.45256506005102 15.06930587668045 54.82804842296235 51.39096857736817 57.171637957935296 20.721344890916463 76.73988435280397 61.20471032254983 46.92262165714817 35.442311198452806 30.154461783175112 34.0754288341338 44.85183694642205 58.829829568938706 74.22209616477068 90.30835738360032 72.31189407606105 55.57910408158914 39.34178342466774 24.601369117415945 16.16759502144605 22.72151451853989 37.011560925802875 53.12397188851005 69.80809024130757 86.7346232131093 70.49017042202557 53.19850845826707 35.91673788586191 18.67234320215796 2.452411685823182 16.18906506301569 33.419618703279404 50.69881244221133 67.98957150878584 85.28486188629785 71.47430213291236 54.48994164680465 37.79476847323704 22.055571069870542 11.965149998894084 19.96482711624953 35.394021205191336 52.01530602010764 68.97217041421662 86.06649424082384 75.15412995693303 59.21361447245857 44.30656083156635 31.915526489769974 25.93917180862314 30.426809588366723 42.159828675404206 56.81392321189913 72.642294099541 89.02075161344206 81.16377628877883 66.64359551143666 53.79484023379497 44.103362919821244 39.937878986481856 42.93794949820932 51.874913092303785 64.31991512388075 78.62443721023926 93.9428472180111 89.03262581514588 75.9900679749625 64.9682361801754 57.14851095461693 53.941933659023874 56.14455824073184 63.19327451408959 73.7107032801504 86.43983411927753 100.5441265170018 98.31517572669287 86.63485392741582 77.09742519606118 70.57704264867408 67.94789067183247 69.6520183849635 75.39616969067067 84.35906627826235 95.64001590718702 108.518496772348 108.64957306618017 98.15633723732945 89.7957902900177 84.20559345943838 81.95462517946545 83.31398327580955 88.11673866359796 95.8466486546067 105.86444674985088 117.58683052981837 119.76370816447381 110.27994324813523 102.85258542140694 97.95055451185192 95.96163966494677 97.06508024030704 101.1597334600128 107.90561570999817 116.84442856031907 127.51583205353565
29.306328651911965 36.28551901259036 21.348457205038624 31.32238027804879 50.93726736261958 34.21253338279468 55.19659600238629 37.65097024173365 56.705493350723316 79.18932207766089 54.05481420147013 0.0 37.84300327085848 31.35124441565977 43.94628910350344 40.62376060506895 33.83657799575244 26.93315981415365 76.0586148288198 31.915407247382763 22.044766168192986 39.50829643727449 15.67214134345481 27.542622479630218 24.74060846434505 25.450280013003468 50.54873440022338 69.0024174895982 59.062222227707615 56.069862888949984 5.72482604769764 67.61467832448852 33.90915778449795 22.724212893434338 47.1878269812263 44.793390860304875 47.886423355340426 14.716821150954049 59.73416207679373 33.51687959110602 112.58835775624976 101.88898569379596 93.19480360558472 87.10830237668821 84.19691311254051 84.78834190766156 88.81263750291329 95.83832817699722 105.26616087623323 116.51447555197878 102.36159797638702 90.51620868040398 80.66697485327583 73.61947524258899 70.22238206710104 71.00160742297558 75.82851096634671 84.00825792260285 94.675768957995 107.09017023383328 93.16145988993662 80.01610569978476 68.73714358782975 60.379721934141564 56.26122028728155 57.30302933350301 63.25067279146649 72.91334734762533 85.0338932966342 98.71103267378604 85.32084492724408 70.7783188006754 57.777150894467844 47.597613794585904 42.32695869904896 43.77573468075707 51.37862767060876 62.94375851563044 76.69925039401609 91.66426897073936 79.24445483243916 63.357585711064054 48.44990663368026 35.76748493795666 28.4594842732469 30.64769570076909 40.83295236430171 54.718264648346974 70.13955170757978 86.27708085901277 75.36035434211107 58.4502451929104 41.861580889573645 26.211932034358554 14.847607292755516 18.77631855867861 32.91445685202614 49.12113023998466 65.88719175358315 82.87382743185347 74.01454791519897 56.71262155634653 39.41069890883926 22.108788685976876 4.8070250495698845 12.495200938010719 29.797083869456714 47.099001812709446 64.40092654901784 81.70285376275444 75.34319730413795 58.428224081466794 41.83096946046219 26.163243111099657 14.761884079924004 18.708923018238938 32.87623802732198 49.095650525910564 65.86828843753044 82.85887152376925 79.21181985961194 63.31694967642677 48.39699982791552 35.69611790634154 28.37015756191592 30.56515355555318 40.771327534658674 54.672510928728165 70.10403354133787 86.24834694882213 85.27537655744905 70.7237525729908 57.71060098861206 47.51718333972593 42.236914142960956 43.68908419552188 51.305167352822934 62.88409396684833 76.65052712487815 91.62369944729235
32.182157425107214 18.27717897175253 40.10702630942538 54.621201166724546 24.967442051747557 9.49404111001517 69.36861765731726 17.79370476730409 21.984618689745425 43.102064545902145 17.480972337603323 37.84300327085848 0.0 15.546588833195601 8.947673393184278 5.827717501413034 33.70546340598653 28.586149265483307 77.78118616241284 6.322882448934599 20.698009188928012 32.500051336252795 22.72606822142485 44.64412419729313 13.840323202204269 12.44916500576548 64.08037631693222 39.95017269873881 22.385391505753777 18.787175510477564 38.799545195621356 66.96706008022413 10.440659407497117 27.48749046490878 25.094422494392067 8.024791226036873 51.649093217719496 33.93334884082449 57.7370799904151 5.181002688916912 81.49247297732974 68.11464756639772 56.89367242258354 49.32420701859438 47.19711349262442 51.195315545641975 60.10870014663024 72.13774338325075 85.98462010718934 100.9037088353601 74.1355237664412 59.15992226394819 45.8522097456243 36.106261133495224 33.220584970300095 38.759007427353716 49.996222517039364 63.99759443428153 79.31248413001332 95.30979174435697 68.93062465227291 52.52293290039904 36.940462384590774 23.858936630959974 19.303154363784795 27.83319052653912 42.13636240394722 58.09450398811182 74.65374448627867 91.48827003059431 66.38598619501343 49.1518263591185 31.99091096504089 15.154148372487422 5.881455602515046 20.934380948582316 37.95548142209539 55.151630192143294 72.39820118139923 89.66610415499254 66.80632633711869 49.71551025205733 32.84648974721505 16.8779449561227 9.46315863279255 22.202498166132244 38.66605341205117 55.640719408044866 72.76969722456374 89.9648888188281 70.13835215721014 54.09110333553665 39.12821847027784 27.109011512248934 23.183842080559767 30.639738347415598 44.03189301297824 59.477160679670604 75.72957603594757 92.36403918439508 76.00001493575343 61.4698466599735 48.78307793181235 39.74597089806598 37.126844450337295 42.13988397164284 52.64830414662556 66.08044267322549 80.9945229269204 96.70732883385469 83.86247375332997 70.92040288903242 60.209578825854 53.09787202457199 51.11042398080411 54.807551124749594 63.199372432580184 74.72050913980837 88.15241965375849 102.74845249294837 93.22074458429606 81.72707068397408 72.5755725729954 66.7368427203828 65.1083052206934 67.9931572411498 74.8714915367173 84.77678838248279 96.78409085093597 110.20848163669987 103.67042388419496 93.42028739429293 85.47412624914524 80.51698747734834 79.11274954265879 81.44539189812212 87.21559170258384 95.80422675270498 106.53179405190869 118.8203655779477
38.69653126786114 30.039610902604686 41.904446783517045 40.39202143226726 39.96757108162543 21.33919794236055 53.82946999789446 6.658816820493241 37.201603261320145 57.0889520419663 25.233871873366947 31.35124441565977 15.546588833195601 0.0 15.683239229020428 21.292462299766733 18.17724062387263 34.670290548103374 63.306287229001356 14.9374385596521 9.414794298792048 17.7936197887147 16.338594885212338 30.02444959996908 16.72571435305017 12.068709467596772 48.54632509518143 37.84022093261425 29.905617704833517 32.58470035824073 30.04957844781892 52.69532474426583 5.293052037096224 13.494922854408712 39.24811619055452 23.212292460543566 36.34200648063545 33.965753276293064 43.460998114139514 10.960131056203073 96.73816671916397 82.83525974456931 70.45415036714199 60.53589052341014 54.44355305862688 53.500528862878284 57.958712876984016 66.7444222300736 78.4163445326715 91.88105338558519 89.66093393612019 74.48844719064765 60.47049274994615 48.61623453210936 40.8546455736606 39.66575233218518 45.56695940563351 56.374016258388686 69.84567035167998 84.7201963092084 84.37211212637654 68.06109067203295 52.389705948412065 38.154435946661955 27.66859488024032 25.962507007207645 34.36950486649563 47.824517003702304 63.18082348049393 79.34203773424683 81.22189811917416 64.13301221664733 47.19960545653018 30.680209124256642 15.920448673212348 12.820261986451795 25.96094232194314 42.21723478011299 59.07057030452956 76.12544001253318 80.46192149829487 63.17222307835101 45.89174538844099 28.63718543447682 11.525539167194367 6.655921067409758 23.547358367591606 40.78441437121408 58.06007573013237 75.34779293813548 82.15854971050777 65.30982583615386 48.77941832298379 33.048482478013014 20.09191323091186 17.716658868840437 28.6842686274171 43.93639462810405 60.305377207510794 77.08295861172839 86.1667698853572 70.26357573082774 55.208123594320654 41.92389225172806 32.64961817121802 31.194412743515045 38.456393494424645 50.82721720947411 65.4723362371153 81.16992429330357 92.18549779262975 77.49522782141392 64.12143554083016 53.068922031919016 46.040919893683636 44.965830949334325 50.22737730124729 60.18601778986138 72.94263412694492 87.27887968074114 99.851756494524 86.43482429441517 74.63431631344092 65.3320766366953 59.70742038714577 58.82489784576481 62.884480672995295 71.04395792780812 82.08974815402254 95.02055720242248 108.81779737589358 96.60928869851448 86.16312461205959 78.18888134811323 73.49561914723061 72.72137681033796 75.98604477512504 82.81332682509166 92.41700570096097 104.03098831028169
41.11954412987348 26.886090921989336 48.605102877276 56.024603644495265 30.998436807523266 18.385816231453244 67.72407887026709 14.236977559257843 23.790742427633592 41.80522023174847 10.138211778835727 43.94628910350344 8.947673393184278 15.683239229020428 0.0 12.707943371400356 32.11220038306655 37.48945352752533 73.01639650349925 14.655722894662034 23.87547189878194 29.136049972138668 28.298529369459153 45.58462030649253 21.683644480272136 18.943438973975503 62.55156555571646 31.021153052387696 15.123906607183285 17.663773321969515 43.93634392827501 62.07960001482867 10.90040485617392 29.156190304196024 32.20354620471788 11.45004890491899 48.66450166898481 41.988220978664984 52.99385823124206 10.877662103814892 82.52242507376246 67.92968117376915 54.933033846396754 44.93929805613617 40.251068197929044 42.655153867837086 51.16132808094716 63.35776597674712 77.52184986862625 92.7565285212778 76.57490726735742 60.60146374845494 45.60776947630081 32.95921885454653 26.291858458152955 29.91527666028625 41.198252110119554 55.66307949583239 71.40147830196828 87.73069036034899 72.9189715160993 55.93298127460687 39.224141295398 23.394037814473233 12.43951884051044 18.997766487653408 34.14383564966853 50.68925697851611 67.6144430724458 84.69201809937935 71.90506511855025 54.610734440668196 37.323448790750575 20.061428916292993 3.2550910482309043 14.745978853309751 31.98446113339204 49.26744566836845 66.56027522793734 83.85685935683469 73.64240942704026 56.868631624288284 40.54121886192793 25.531391623154754 16.088065671279118 21.55254331398112 35.62177363615385 51.69160239426249 68.36552586346116 85.28998102041987 77.94723233547495 62.3187101708043 47.855840457173436 35.99236744587686 29.99047820367748 33.19813656605267 43.629267471153064 57.47711639151621 72.81781414764853 88.88171029888679 84.4276540406511 70.22153627763747 57.730439911350835 48.30369936616578 43.95901724994629 46.154600721574106 54.09993792047372 65.7424029314433 79.47344177926043 94.38589141358165 92.62808789497257 79.85207482674761 69.07562655128756 61.36145088969874 57.94575281940412 59.572561024978455 65.86931703805548 75.67919773381901 87.83286488879646 101.4917754379842 102.13496959179292 90.66129314289522 81.27777277881955 74.77546947061565 71.93993004300447 73.19852763624249 78.35421861692872 86.71465225245302 97.45853717531293 109.88899050331544 112.61780670604587 102.27603081029027 94.00361655793118 88.3835433259502 85.93776174250829 86.93459848362377 91.26131322405409 98.47998541148691 108.01233780834089 119.30507142282185
