0.0 38.79608863072755 27.14642720570496 46.49524945625428 50.75817683266987 40.154872267172784 61.96399223416448 46.22484052828494 39.41526144269115 32.35952833375997 55.64900924366744 48.38573474812463 33.90784739782282 32.78559868801213 58.19800850899369 46.448869520359075 31.45079850851517 14.398109176923947 50.106641256543355 57.785462058700446 44.99232441937246 50.34618913387264 18.859095377361385 45.527986497181935 41.36045400047321 26.35743465310306 44.50308463859086 43.57955919100969 44.557223320672165 30.15933601272507 40.80572753076388 73.4235824211879 50.04648123066183 27.91114367856226 27.573499107419003 47.45983245643937 34.39981594329871 63.58667438134683 42.615134460003276 38.34879529487241 84.26428272897174 68.98432678473793 54.917325791056065 43.2630943672405 36.41682754685446 37.14004112976337 45.06980490145275 57.28786350301833 71.63252492897173 87.05886102297725 79.24972632007575 62.79044327285234 46.94115138320837 32.60390930835124 22.83132482894759 24.04652089111682 35.127086738753405 49.88286840975358 65.88930247799776 82.42093838015825 76.5493658205917 59.36203768057469 42.26832072259248 25.45748740339938 10.4052728052649 12.9293870111003 28.71901293370923 45.619159005413856 62.738719638699884 79.93684710136559 76.40899296498183 59.181741968043596 42.01590617048634 25.038122389497932 9.33767566191677 12.09091449209756 28.353159475719302 45.39081959787566 62.57367471858287 79.80799737063894 78.8422844889176 62.27777505890413 46.25633255730495 31.614663204911317 21.401802494972785 22.700197423906538 34.223856718820954 49.25400863786513 65.41677122592635 82.0454882419015 83.62484599729957 68.20538243828896 53.94016470314962 42.02161815209335 34.93993797032609 35.69999983170246 43.896338799007786 56.37370824466236 70.9070465595904 86.46578150633147 90.38445800801756 76.3074459477052 63.835762292039114 54.0914500695963 48.738768725408114 49.231619577049344 55.414252124861115 65.69953191561576 78.49089012209842 92.757281940743 98.71572913434375 85.97127932267259 75.07343838927667 66.93038195385567 62.626076831419894 62.95291545362091 67.8439991666827 76.42801499207785 87.62630496591896 100.56933807894437 108.25630313322594 96.72980645967529 87.13534775839581 80.16961570520509 76.55358135374657 76.76209635249168 80.76554424595214 88.04778203143036 97.87970058194969 109.57711774318604 118.71486019957442 108.25701812812547 99.72271337907783 93.63936566413282 90.50257283272494 90.61884034789743 93.97609489619165 100.24925060527619 108.93572293082983 119.51043829662389
38.79608863072755 0.0 60.78410309282617 76.45047684158408 37.31487092699116 1.4321397680313077 27.03674346789736 61.63296527591359 4.691957784490814 34.70908103470735 18.304689545954282 56.280030145036704 65.73063467535025 40.851618577622666 20.379989926241326 9.969463382621832 8.737449663105114 25.644297315914827 15.953067115734562 58.149070244629826 16.664642805820847 14.226131961573223 50.79361440208788 79.2060255493937 33.70380109821105 30.592551557681023 27.967349809026178 61.28784144531477 55.79556323196785 35.76221994413773 13.588993476771579 57.63739498500336 81.63149810306236 33.48384796706138 28.51377703692785 11.809715351871551 14.403746232014367 29.932538787279462 39.74611821468947 16.42860754235201 122.09902982437839 107.45156914589823 93.71340191306095 81.34653676193945 71.07047029134299 63.901954674439395 60.947544943824774 62.80479295320895 69.08672926706357 78.74138469258446 115.61674642119894 100.05976957445259 85.17855155156359 71.3968943631979 59.48403254979754 50.77289095193484 47.075742230021085 49.52844920947249 57.34729095044871 68.72451528528865 110.5547378144983 94.19299327177005 78.23680786255417 62.99511427451633 49.137347663682185 38.20054506799553 33.20832044414664 36.67440040584507 46.754025909010736 60.21274306484151 107.1146277146427 90.1495620107641 73.34204363647417 56.83202418199146 40.98065829528547 26.975201757914927 19.355114035704254 24.905644795631677 38.27105459650941 53.92372271132709 105.45531291310714 88.18071682361142 70.91944780592964 53.68436266104029 36.512559088634156 19.571321052427706 5.62314004198149 16.70078620260936 33.53992062151435 50.69171283816418 105.66074841115365 88.42517108106975 71.22177517428112 54.081280398984276 37.09099314627045 20.625515943386368 8.590418829088248 17.913456834538263 34.1570172620679 51.100146507529296 107.7202629468587 90.86505981654315 74.21572807334233 57.949983980882394 42.51044748412158 29.236737151078906 22.386303965377657 27.31698305589366 39.87479997909069 55.06807546572825 111.53116432488231 95.3319316559112 79.59812139210639 64.67033186519943 51.257681147232276 40.87976380020419 36.2445507479802 39.43205533955185 48.936833535496625 61.914840897861986 116.9222754457191 101.55861978120257 86.92634399445151 73.46377733874755 61.938398058320864 53.61441037532215 50.11333274270424 52.410767120296164 59.84256156395417 70.81014836640661 123.68706909519544 109.24454081290122 95.75459167300275 83.67919364474079 73.71679975122584 66.81930242347225 63.98566465714932 65.7434778621356 71.75610061653387 81.08245534205352
27.14642720570496 60.78410309282617 0.0 19.76006499091156 56.15118235600804 61.924666982173704 86.53499482163178 31.342913327915152 59.765330859409175 36.889689165579995 78.91885720166553 39.17550814266031 7.138423086482775 32.37349644176727 81.14179514856518 65.87728757079098 52.2089425491326 35.59148568310806 74.57373192035325 51.32729804873846 60.71846278325504 74.12033461421294 9.990489204525028 18.762564919040823 47.041191711176225 35.02719339014691 54.161991790122464 27.60844193574572 34.10292514397468 34.02762562264352 57.52078825422594 74.86408720889656 22.90222102328299 33.93343511371821 37.44443328633866 66.24090748584902 51.173653973819455 88.6424447412759 44.37390716596703 53.722265671749916 62.56626387415745 50.07320708167248 41.21675721505413 38.58785299639029 43.33509014757 53.5307761290418 66.72229210270831 81.46711514082467 97.05989774674583 113.1506207095637 54.92300571378912 40.167545073526526 28.443584008569427 24.563264007796242 31.56550458383562 44.588326880332396 59.82112822200912 75.9455498557088 92.49646683695647 109.28026759198335 50.20643981673054 33.46414743572215 17.824836825704672 10.691750645481042 22.574661361960832 38.776671067627426 55.644929529110144 72.71725534724645 89.8774351430159 107.08324122025644 49.264536555459 32.04037398342815 14.996336298878163 4.68061686087541 20.436236943865826 37.577718412260666 54.82010211714258 72.09102444557693 89.37394222874195 106.66302465152796 52.30164222479722 36.51906640861274 23.033338462952436 18.05932411803198 26.84130644945233 41.39425459749827 57.49108568197692 74.1328374576222 91.02110899965191 108.04035826890541 58.70335475514777 45.17759095035158 35.13764615831105 32.04687535403414 37.65712218582969 49.069583976346195 63.21627860597271 78.63510843617182 94.70676462347107 111.14841807547545 67.5192615848066 56.11321605497109 48.344994943326334 46.092160343774786 50.104282684334066 59.11932197257259 71.26326197004067 85.20864962837193 100.20618057242328 115.84794545692996 77.93424415974795 68.23973396458832 61.95378929724209 60.15462212567376 63.22642608896071 70.53565897417549 80.94240702948521 93.41714597504848 107.24061220326324 121.95503468927369 89.3909921313592 81.02405844222643 75.74782607334016 74.22435449104725 76.67765633375339 82.75480468475364 91.73842680184838 102.86985341399998 115.52991416015787 129.27026697832167 101.53734571604969 94.19859907634618 89.6414794892572 88.29772877377636 90.3108977520976 95.46885818650152 103.30161082083545 113.2555428949797 124.82423032966132 137.6009965080402
46.49524945625428 76.45047684158408 19.76006499091156 0.0 62.72324042874613 77.42059727850538 103.1095720668342 27.593780045810323 74.60075054945972 46.470824577290024 94.75178804192282 38.2886535431143 12.675023295798578 40.32985746834142 96.70914886170247 79.87625562157875 67.71304373808871 52.7307884374629 91.2890609342078 50.096789118245276 72.97102136431604 90.39381169755119 27.92029260700247 10.147823196570235 55.15336499341965 47.27253159567119 63.604208132469545 24.353190988618422 33.71189554256016 44.024201268102104 70.56625015064634 76.8071820150346 6.160161268595452 45.12884357075593 49.71711153194778 79.85291115982035 64.80331251384062 105.54652514319275 50.51652050213427 66.3867653076152 55.14120721466655 47.65041874468935 45.81785055587791 50.26620934741129 59.60546555721353 71.95578222672526 86.03000067823629 101.11078471943172 116.80892048649768 132.90583272481194 44.03355373641292 34.26365581396637 31.74509547373834 37.95013551177533 49.71300841724689 64.04109889891234 79.56035578191727 95.69298196670704 112.17465000903935 128.8715101676447 35.23482080056677 21.90261199284564 17.795177735880806 27.42853281671976 42.26928669355226 58.47882442344143 75.17689364128121 92.09815357738245 109.13884079620182 126.25060542994734 30.79251325460954 13.702233286128784 5.102653749896421 21.518283094313247 38.71368612176289 55.974780327506416 73.2551440245762 90.54374508037098 107.83662167401697 125.13200121757977 32.54253909118585 17.265069384968577 11.655960039727653 23.923904389590408 40.09436383394698 56.93396029138786 73.98720612964465 91.13424449932658 108.33054686109007 125.55587305709372 39.67373130221395 28.473094545772792 25.419279537791727 32.86750573239564 45.968647962990005 61.19371503363089 77.29770646814478 93.82915640850334 110.59654723732979 127.50683287805549 49.93131149846735 41.54091207293095 39.457127403246275 44.573405178029574 54.91282195048137 68.13775457879592 82.87819497593169 98.45579121963002 114.52945675883564 130.91659988169417 61.77699025172735 55.16212817481391 53.5539336654587 57.374966696248094 65.68446819279052 77.04356875187545 90.30876577574053 104.75845756405508 119.96539189042208 135.675184304764 74.45648472538875 69.0096905381316 67.67272568259152 70.67920031473474 77.5254284446983 87.31280488162817 99.17434587161901 112.45562237319498 126.71098716572634 141.64664723818404 87.60836772561369 82.97019891142057 81.801971055768 84.24815593965738 90.0145645945233 98.51990990662433 109.12563495951554 121.28197108536898 134.5693485241249 148.68484576371947
50.75817683266987 37.31487092699116 56.15118235600804 62.72324042874613 0.0 37.03422974700892 59.8959222467834 37.78824857363607 32.71313852716564 19.864564244537387 49.942525110179574 27.95596911383528 57.16025288607632 23.811049118362277 50.29520108475209 32.15136410481817 33.01956603163371 38.59534404703694 51.6485015142031 23.607262625740876 21.945526272707532 48.802141431906605 48.54214044748365 69.81968188215907 9.636193761007567 24.599475875672898 9.39999133225912 39.68856220928537 30.653072745303245 22.706795665990416 23.807917211907505 23.104238392639274 68.86241320700255 23.878231881483533 23.185549070163628 30.67949085143393 24.545352212762186 63.50953310925848 12.24388208327806 21.13242834966599 116.80763001979963 105.9443895762482 96.96948908504483 90.4468176537702 86.93013697196882 86.78564100387325 90.02956811607591 96.32017268412451 105.11186934036684 115.83657179624261 106.66018967395802 94.69406633122114 84.59446868819978 77.09844268619852 73.01235097327326 72.91175983897979 76.81232875755468 84.15955544987524 94.14996280191713 106.03908720349473 97.50786102270516 84.30246517486579 72.83354380291787 64.0409350846669 59.13082466564715 59.079305009070374 63.89812932054673 72.6241996614965 84.04923924450723 97.22639381202413 89.65606396978853 75.12694980513945 62.037176266897994 51.49628882906236 45.31918091853211 45.32650909907909 51.51563420082211 62.06393944216824 75.15789022384031 89.68939858418715 83.47273552568767 67.66421485186646 52.80060031670644 39.95084283313403 31.66931195009929 31.757358561067043 40.159972027230744 53.064356311187865 67.952464967802 83.77325412436318 79.34898582729029 62.53065667283677 46.071865128985074 30.55916800937675 18.542410923003033 18.774757434061186 30.98183808356444 46.53997556740323 63.014098589338886 79.8391894789087 77.6138603498611 60.32395295631055 43.04370864781962 25.792556679368833 8.74440838339358 9.294457913723067 26.36328488374828 43.61619199139694 60.896922662938984 78.1870305601722 78.42608471491596 61.3607258484843 44.47852910390891 28.11144584517603 14.173220715036981 14.498963585158078 28.605465672244673 45.000426101092806 61.89117056493709 78.96017097352745 81.7097183847998 65.48709299779688 49.993510073157005 36.17807594356062 26.778083164571576 26.907038603782716 36.463984208367144 50.33851399989355 65.85605718911707 82.09010278119689 87.18592636787812 72.17502223464582 58.44474217388984 47.127995038649075 40.311461402839996 40.344589476490185 47.21296278718718 58.558925756376134 72.30447905715006 87.32372857914287
40.154872267172784 1.4321397680313077 61.924666982173704 77.42059727850538 37.03422974700892 0.0 26.325627092697 62.20017637743638 4.339817130223121 35.21015497938066 17.350529540737007 56.63193219427733 66.79709683027161 41.42583108433802 19.317087604426728 8.700201482048048 9.756330851401271 26.90108749076009 15.555480076540979 58.1993345154212 16.00776279170589 13.571644980174893 51.935414618035935 80.299501134407 33.786394090048645 31.30371224973684 27.73910450492794 61.93442310867865 56.27126083471037 36.362546370938134 13.231310893738371 57.024296328277586 82.64449145008088 34.148424638160385 29.170243754485295 10.589475350203726 14.708497553196056 29.32731505425229 39.909975091818815 16.367757873203992 123.34958211246695 108.75409977155182 95.07094004184499 82.75389826347306 72.50259533019268 65.29731691406265 62.205686859581334 63.828285063738676 69.83729007954196 79.24101723192554 116.78613012926145 101.28452554634843 86.46856182679439 72.75830810718074 60.90511274163208 52.19000156091014 48.341099628588154 50.48395496823345 57.95774021392256 69.05267364569626 111.61926948803509 95.30908857967569 79.41971540300865 64.26404755088066 50.50695204418785 39.6326177069075 34.485422314388245 37.502694603393806 47.14199441294997 60.30747015337476 108.04961679825382 91.12229589815486 74.36758339731163 57.93542648606731 42.204281241293224 28.3654825325357 20.656993362306586 25.446683113962628 38.3023174167735 53.71510857041885 106.23834769795974 88.97706241605015 71.73536182860843 54.53182578159624 37.41913007237046 20.62464432616732 7.0195439809095665 16.488948654508143 33.06373003267645 50.13230939749333 106.27543164049663 89.02113447773435 71.78976769196025 54.603044375473054 37.522360175244366 20.810476194036323 7.545705664640072 16.71863561378035 33.17832466911159 50.20759929694783 108.15896691350183 91.25133938652229 74.52491646419938 58.136312459093304 42.47834621212382 28.769782511470577 21.206185250601802 25.892385334339725 38.59845025399165 53.92565738114586 111.79563945414962 95.514635219811 79.66513463900861 64.56569839133466 50.88843421083448 40.11537934700454 35.03658345200727 38.00773994806015 47.54284392052034 60.61982609852712 117.02206865747422 101.55524000934072 86.78404735262409 73.13123038647612 61.348062091794915 52.703837325402496 48.89280209974381 51.009995172419764 58.41433899116568 69.43451788501477 123.63674074655277 109.07819933906998 95.43981220805821 83.1754543884731 72.98115473688716 65.82580008335974 62.75760704944664 64.36375381128508 70.32469440315026 79.66885688316249
61.96399223416448 27.03674346789736 86.53499482163178 103.1095720668342 59.8959222467834 26.325627092697 0.0 88.4690554698602 30.03502511534358 61.42809460024428 9.962160460685837 82.45950755735898 91.9637741527826 67.71456056277658 9.968281998659801 27.909158380060582 35.65168592751059 50.946899915726746 11.96958611899422 82.71076840923952 38.09108207924401 12.818427177460086 76.6169734112263 105.21336941790591 58.828704835861174 57.61583444437178 51.39990594951834 88.25725739434742 82.40706708926047 62.672258290912836 37.449910052394294 75.80504714555285 108.10008067500488 60.47386079466943 55.49584421324902 29.237802468775534 40.77639766519207 3.7657234960090897 65.19003967129012 41.46437959278935 146.22375795859287 130.70379535120063 115.69041492321627 101.40886228478834 88.2152926319253 76.67342185061207 67.6341972871394 62.19848010646037 61.331985725586435 65.21709345842059 140.83401392085673 124.67320262241867 108.8636671487112 93.58360538184905 79.1402992543399 66.0846830569607 55.40655468884608 48.69589171023551 47.65916528554892 52.63273507314379 136.67546836659432 119.97775821917584 103.4787386574413 87.29114682450871 71.62644307010885 56.91799762012075 44.132500865755965 35.41757876665192 34.05642688538929 40.7919552386825 133.86297650345145 116.77869528587715 99.76944697456632 82.8814400770853 66.20751733490455 49.96247869010326 34.75305576361018 22.75988083943319 20.66303824759969 30.571584949099055 132.48233417966745 115.20078972067256 97.92644414104187 80.66392253806158 63.42288044250988 46.22735721744168 29.1579967467115 12.732730286327937 8.53050374242027 24.127370245150278 132.57830178179074 115.31063509564935 98.05504747622334 80.81927623755723 63.619429376292246 46.495392066091846 29.579122353632613 13.665313083274537 9.862575259015152 24.627490867704118 134.1477089418391 117.10348052255904 100.14766001876606 83.3342293696848 66.7708400634657 50.703133056211385 35.804771211194264 24.328314822867927 22.37104118352829 31.745415197026507 137.13995769514767 120.50420622315738 104.0858631500677 88.00669047018486 72.49272858101274 57.99932151898022 45.512134274867975 37.114618494248624 35.80981591496802 42.259891101730716 141.46474826974895 125.38200291648991 109.67096270591169 94.51716891617136 80.23697484932565 67.38806125912204 56.94761822960252 50.43424826848724 49.425674800586194 54.229908863042965 147.00446097062914 131.57262910062326 116.66660226427794 102.51599686047989 89.47992687895805 78.11836653609893 69.26034392548 63.954714179147544 63.10396077573547 66.87831068622874
46.22484052828494 61.63296527591359 31.342913327915152 27.593780045810323 37.78824857363607 62.20017637743638 88.4690554698602 0.0 58.44833064302737 27.058970638238684 79.01689363456343 10.860912164174428 27.84748412606598 20.78134674716036 80.38007620118276 61.93442310867865 53.47156460218243 44.2816109135631 77.55332252332097 22.517172463800282 53.08729817936461 75.77121776314857 30.626561175019937 36.761411792504546 32.34901403963632 31.35986548461151 41.24153120219722 3.791711820200223 7.137890134447588 25.88433351743251 51.986017588393345 49.32367912192479 33.597342484402965 28.313750569856268 33.2064706380559 61.32948695642236 47.72367766861555 91.5273679815732 26.411172211802775 47.69475462959759 82.69286175373851 74.75096387963778 70.25662716796923 69.87825531185001 73.67928687341178 81.07400265886903 91.1923261246685 103.23650819578698 116.61133198739752 130.90958220690828 71.09866612465589 61.747633091146945 56.29581305822348 55.8960235739885 60.64825506853332 69.50363114417716 81.12950849916857 94.50893113282719 108.99806184302096 124.20915994351553 60.61834004336833 49.382634807572806 42.44303602439554 41.98670276357081 48.19813613103939 59.00798809967085 72.3845992463528 87.15401867850474 102.71718916836974 118.76246942667748 51.93089162325941 38.27988338369079 28.85466003372253 28.25850856269382 36.92160848945488 50.265067466616344 65.48785237027734 81.54416334311306 98.0252636268347 114.74826364399058 46.062319792133785 29.88140925766587 16.21026511358194 15.210507293438251 28.26055785786534 44.32461494463022 61.068785895663446 78.05661082038263 95.1576856378578 112.32029442763698 44.151452217754645 26.857033007391404 9.589750253301018 7.831985496581129 25.088449187903556 42.38200287181494 59.68041262538752 76.98040486892444 94.28110847549381 111.58219255727359 46.686831578786524 30.831099979112082 17.893174361860854 16.984908929371414 29.249291507788865 44.95850815855842 61.52825641713873 78.41490737964132 95.45041404148559 112.56721486160819 53.03454116868207 39.75757617668289 30.779482999228186 30.212541895116637 38.430823639877566 51.37867385697881 66.34242573725881 82.2288038449533 98.5928208056185 115.23116701002121 62.03505998377577 51.10396905673081 44.42507187009726 43.980253969082035 49.936387924236385 60.42952349486792 73.54261452906663 88.1136162271296 103.52877352772916 119.4617466057781 72.7097231106703 63.58769064015207 58.299076744004346 57.90395219413354 62.49520295547968 71.11350425448748 82.50641165531344 95.68794502347482 110.01706714285912 125.10005868690268
39.41526144269115 4.691957784490814 59.765330859409175 74.60075054945972 32.71313852716564 4.339817130223121 30.03502511534358 58.44833064302737 0.0 31.397085717505867 20.63721541475788 52.57873317386469 64.32650566585053 37.71998352086932 22.26746388665324 7.162800108344277 7.985772167423451 25.5422503250423 19.713197499898513 53.904332488591656 12.015917348533678 17.472726295990643 49.80973094972384 77.91196312165059 29.518152847498477 27.916083305602125 23.404184049008382 58.32714104245064 52.380624720617206 32.72010351161828 8.929991475477006 52.95282796577875 79.95920184055986 30.643535358343794 25.67542129143361 8.569596860056823 10.742096556211397 33.191365428088375 35.69105685839579 12.052980327034943 121.66369991564096 107.4055774198298 94.17299649492503 82.4611514686957 73.00563512110757 66.77197797587648 64.6982561731265 67.1708618866055 73.73383244469697 83.42736021734909 114.68819547281365 99.4727903851748 85.05874900824459 71.92945466669187 60.921285481109216 53.363475440606095 50.81947370884046 54.0025760083181 62.03739544444483 73.34643523659037 109.09202475824436 92.99602049651605 77.42193933312409 62.7595447065227 49.82038853048136 40.29998355921204 36.94337743710438 41.28249626788767 51.40411228485337 64.64694827642703 105.09584602138757 88.2963607908602 71.73610527906982 55.62914044024235 40.51968318599545 28.067760487205703 23.075195036293973 29.59461212936785 42.63717277367873 57.95452468162329 102.88632262369347 85.66685904760453 68.48897201038879 51.394367657470575 34.50704216104942 18.40663147959306 9.251237651133504 20.762463862996082 37.084870300131875 54.020445172358286 102.57900388125908 85.2992181325421 68.03068928592475 50.78490178547234 33.596894320025996 16.646617088545554 4.917510242562225 19.234537879308338 36.25557173493293 53.45726339959177 104.19072759678305 87.22204913015719 70.41573610798065 53.92381504203793 38.15614846489478 24.550303513703565 18.661592630897914 26.3154816866299 40.440895307133765 56.36611881294508 107.63529929529028 91.29070985893951 75.37465202848253 60.2278261281318 46.60635495048751 36.27150415189117 32.523839182567635 37.399019064445426 48.35578092483835 62.262226756916974 112.74480657215462 97.23615460227569 82.44423047355528 68.83266331392035 57.24965470275317 49.15092483992647 46.398350036224095 49.88490136307431 58.50558012996868 70.39890235655562 119.30546034961053 104.73919016918953 91.13450931162646 78.98984339914941 69.07957495464662 62.47620134744893 60.276525588754595 62.943936027998184 69.9236324262692 80.09610105273595
32.35952833375997 34.70908103470735 36.889689165579995 46.470824577290024 19.864564244537387 35.21015497938066 61.42809460024428 27.058970638238684 31.397085717505867 0.0 51.95900056974531 22.038726937841115 38.847978483716325 6.523773308428543 53.3516303074182 35.05479257750616 26.865892133359814 22.874104837029623 50.66115783982169 27.359150380450643 26.865892133359843 48.76872804909062 28.772330630260917 52.15153022575163 10.32813372522994 6.670771801455689 17.479252623010552 27.14674036698819 21.09273550746626 2.885086756210518 25.17679904528893 41.42261526546973 52.389928029005425 4.44839918731857 7.1859280783427195 34.602185181331286 20.665804524847534 64.52607917410559 10.265052517233302 20.863718430336103 98.71457910075061 86.94698798667675 77.28958754937824 70.61354684608837 67.80528507476345 69.33636420591407 74.94129135405763 83.80664609352701 95.024216597024 107.86260047237992 89.49972786594398 76.37636014762447 65.23185485153833 57.234087589626405 53.80507479849079 55.79364446769889 62.68632106717521 73.10894837024867 85.78438792338731 99.85841720863569 81.70418200240952 67.11801332197187 54.15522045599502 44.26571955645543 39.80987048462701 42.531205991861654 51.29997088880124 63.66456139917019 77.931839307719 93.23235818235473 75.76742950530738 59.78491174568132 44.7937307628177 32.20918042315297 25.82817523767663 29.924376574867 41.503642435127425 56.110130119674636 71.92253758969169 88.29533662203625 72.14987648675962 55.150571776780644 38.422381284669015 22.576229222381876 11.908223808077826 19.303843883335386 34.672523835550294 51.28783828181349 68.24524692714378 85.34106881618493 71.20593304170441 53.91553586849263 36.636030004288436 19.39654504817185 2.994462218614341 15.505522467626701 32.71985985379341 49.9947078154457 67.28347471031557 84.5776253359981 73.0393453847762 56.30396006698951 40.052942054689844 25.23990329400522 16.388397493366273 22.334250145697677 36.43858106180765 52.492227549150634 69.15063281976653 86.06333939999347 77.45310920684919 61.89777491486757 47.564630258779076 35.94666413739227 30.34205616484965 33.87959829726583 44.42660338148857 58.29518070964419 73.6318015437829 89.68648394136405 84.04159612143052 69.93190559810193 57.59042392957144 48.38952781548221 44.3298978357385 46.77004648478109 54.849235367222754 66.5443007220765 80.29043070452065 95.2032905553088 92.34039231465744 79.67139655116485 69.04354936534182 61.52388881353076 58.32720622402792 60.146770341467395 66.57253100589696 76.45172785380214 88.63705999286682 102.30780528015067
55.64900924366744 18.304689545954282 78.91885720166553 94.75178804192282 49.942525110179574 17.350529540737007 9.962160460685837 79.01689363456343 20.63721541475788 51.95900056974531 0.0 72.71640493627872 83.99607219827955 58.330473241854435 2.8535540427982116 17.960132893426756 27.040544583984094 43.473178351502014 7.725160465807337 72.76159649744922 28.130177453571537 5.604812473315141 68.93563073757237 97.43002862256289 48.95737991754386 48.51290522075808 41.444972904744006 78.95750776735022 72.82169696482099 53.351633133935096 27.60112492986242 66.31227541736165 99.9329541079413 51.27464422294143 46.30192138535131 19.276546450942174 31.303654461441415 13.577642454794017 55.34054757248249 31.68957845039509 139.69018552919266 124.63211884735135 110.23463623469831 96.79296392879088 84.7630436565401 74.82888571697475 67.91644550191336 64.99706044148002 66.59793560599631 72.4199216542814 133.62747929756304 117.82917796810099 102.51745159176538 87.94680963254878 74.55303824802279 63.09017707653361 54.78399510217256 51.19475109378935 53.284328880047305 60.46683068636117 128.8153203542168 112.36808750128175 96.22106925765262 80.55499984084611 65.71475161408227 52.40663994436663 42.10926253377338 37.39827298694247 40.283723811070224 49.4533389789317 125.39783348159584 108.45182719837814 91.63892123585222 75.04862310383015 58.869437370087624 43.561868242754116 30.469213239063006 23.61822237430771 28.03531314170076 40.160279131178285 123.49091193136329 106.2514131633314 89.03613540605572 71.86248782346489 54.76964527558674 37.867189892620026 21.606647968500955 9.923887435440134 18.133752688151766 34.02786462011445 123.16476616749264 105.87391464144096 88.58738905638388 71.30833555811517 54.043921602986956 36.814748760686484 19.713434817847258 4.541675929216715 15.853947461066195 32.875249076985845 124.43183146395302 107.33857172189174 90.32479895814 73.44577363010633 56.821704050717905 40.76570210569301 26.338012737805695 18.00698174772317 23.52708860513418 37.168648545328175 127.24450479845251 110.57218388391458 94.12736243546884 78.05396551212438 62.638577317192535 48.51257432487149 37.17602762744643 31.77031406771041 35.14765063353676 45.38799948702441 131.5036099766495 115.42613349240662 99.75915281477045 84.73068080200655 70.74879073056316 58.567891651790035 49.534915942448684 45.56227918579392 47.925338747994054 55.8252481044233 137.0743272437529 121.7066414009402 106.93146514574643 93.0315334779614 80.46173320719379 69.94291320013711 62.5190211869881 59.36279323486243 61.13878260470442 67.45855441204846
48.38573474812463 56.280030145036704 39.17550814266031 38.2886535431143 27.95596911383528 56.63193219427733 82.45950755735898 10.860912164174428 52.57873317386469 22.038726937841115 72.71640493627872 0.0 36.99188175731662 17.239753887314215 73.78439804141667 55.05969251239687 48.790242605170846 43.1178179597966 72.18413344526786 12.312852052601873 45.540883430367565 70.04984144009082 35.99769323597776 47.13060077658663 24.184424334674624 27.905156812878943 32.81637753365447 13.945999208658549 5.0963418168054835 22.021212995002525 45.16614155619244 38.52539057104074 44.351673740167854 24.83943264222175 29.102404563510756 54.18968569683124 41.92346453338698 85.73098999265781 17.793794228913896 41.0268795906194 93.42884602149948 85.01092778585426 79.5201259285138 77.58045516235207 79.45242368633961 84.88422849333395 93.25588922294614 103.85891157122734 116.08346204473814 129.4710423862183 81.94643418078401 72.265731239722 65.78865802104461 63.503172463391614 65.84718731871035 72.37226691738198 82.0873421159783 94.00857529080247 107.4038476776942 121.78774379402178 71.43779168598375 60.14854341374502 52.259334683293304 49.42600976521521 52.474035618973346 60.52123577715473 71.90839407719953 85.30835768121493 99.91454465821164 115.26932883649413 62.397053142479876 49.12651847849603 39.14262198539989 35.34943217564881 39.569272366088846 49.80541875333854 63.199205848861446 78.14350237661394 93.9009146299395 110.12294962326366 55.54581698916881 40.11303677770332 27.045980002369294 21.275002451029174 27.793484929811463 41.122272068047 56.641999397584215 72.96781695831709 89.66047015107635 106.54768361557403 51.76104925722083 34.70996186083313 18.14028760997472 7.216090824487862 19.333578277833233 35.975212039475004 53.0410959875972 70.22259747304955 87.45159734487164 104.7046508541087 51.72043435487617 34.64964332328227 18.025138152289458 6.922918372672212 19.22657958629035 35.91809149701653 53.002552781853325 70.19362703550408 87.42844686829582 104.68540842732135 55.4322034000945 39.95628573016268 26.814022568211715 20.980712204854562 27.569914841351938 40.97220479167542 56.53365694874545 72.8841451335549 89.5927134146422 106.49094526478387 62.22843472525591 48.913155351308674 38.8757380319239 35.05505401115132 39.30773688514657 49.598861977159565 63.03731912813872 78.01325309998259 93.79306625993907 110.0314430528783 71.23158489323254 59.90461101228389 51.97968728515535 49.13160994405009 52.19812292469814 60.283287184168195 71.70918439216285 85.14130181096688 99.77262729383061 115.14692690217339
33.90784739782282 65.73063467535025 7.138423086482775 12.675023295798578 57.16025288607632 66.79709683027161 91.9637741527826 27.84748412606598 64.32650566585053 38.847978483716325 83.99607219827955 36.99188175731662 0.0 33.49495258322105 86.10478894062062 70.09188806050749 57.04080588460924 41.130141715958935 80.04572318952472 49.30452130994637 64.13939059564471 79.38703986286666 15.661456413939723 13.649826258618178 48.55641438437625 38.158425192064115 56.327060226151545 24.06080432300205 31.918747257013102 36.10455755185868 61.267120202857164 74.27497127728361 16.372315401213235 36.55513725235186 40.63047090476085 70.2865611018674 55.135373799078515 94.22551022579144 45.0293534321325 57.27216375034444 59.88248996474559 48.98002452981508 42.5544127464951 42.678077840983285 49.301761174894054 60.32092526133223 73.7920689262086 88.60378034189492 104.18586942370834 120.23920295084197 50.95233227168601 37.600472828866764 28.81251124174551 29.072941117990993 38.19713157472918 51.68670689736201 66.95312041477732 83.02189380287257 99.50507133721618 116.22647481013423 44.82416913394093 28.801822139042088 15.766942817013916 16.320561275624332 29.712584239647107 45.80422809446161 62.545420837460924 79.52700630225303 96.62231886215032 113.78010801721464 42.72141008459853 25.422417943840905 8.135932078781515 9.208748538988878 26.49759065844813 43.79677127295291 61.09750927290517 78.3987736316992 95.70027887493718 113.00191435861106 45.20930221157568 29.39491954766186 16.82124022451925 17.336651605668028 30.27998338555214 46.172587511241936 62.81441570090338 79.73773473643271 96.79501227136551 113.92609446023215 51.628377917217946 38.50750236532505 29.981253933434584 30.22636189493418 39.0781247805246 52.33809545897059 67.4548897640883 83.42516159245905 99.84018498131628 116.5121324330216 60.744837102304196 50.025891749804856 43.74870275997168 43.86356891646831 50.326741401470954 61.15761325565307 74.47436441551395 89.17013394533502 104.66565414268514 120.6531809057977 71.5346343691819 62.636515570099775 57.69020584500302 57.7207433896432 62.720859240012445 71.65769846569773 83.27330252878309 96.60619895984603 111.03949765412452 126.19619645222915 83.3503157567965 75.79602365807489 71.70416983641968 71.6702689095695 75.6997729408504 83.20440195664581 93.3497621329487 105.37586241071264 118.71249037041981 132.96588683937176 95.81295768812575 89.26184090080253 85.75492681264394 85.66689299891911 89.00788443359674 95.41838543071692 104.33413111850363 115.17478632435754 127.45010687791392 140.78531858895536
32.78559868801213 40.851618577622666 32.37349644176727 40.32985746834142 23.811049118362277 41.42583108433802 67.71456056277658 20.78134674716036 37.71998352086932 6.523773308428543 58.330473241854435 17.239753887314215 33.49495258322105 0.0 59.77901219788236 41.55760987213656 32.740486238274336 25.933094985926342 56.775095246584534 25.0434859740928 33.356552484291875 54.99747582408756 25.352457201662734 46.499481584366784 15.08820068575266 10.884319368332033 23.283357828713402 20.666362021064245 15.313298368766835 5.135133754164176 31.695367750874638 43.40069948456439 46.32673433495191 7.775001864871984 12.49252822573571 41.12323596367082 27.02965072699012 70.75142807542147 12.084402844715953 27.382723564894324 93.32967349026731 82.14571361340731 73.3764291849137 67.96303582618832 66.72735497207756 69.89132527387116 76.91389067992989 86.86419051776294 98.8621282015207 112.25303993089678 83.7194118972172 71.09300069898174 60.81274186860562 54.22973726817021 52.74693583781068 56.76543034196886 65.2770168513264 76.80210792313594 90.19278595861063 104.73592268808366 75.55053660363888 61.31158822766561 49.08201720737403 40.71466894908848 38.79472147753568 44.17106353500015 54.73428162936124 68.11245561167017 82.95467392259096 98.60200572896576 69.33453297443026 53.50350519554393 38.94461860111282 27.73900164302345 24.918502176652034 32.72799923183361 46.04370490210299 61.38105760636712 77.5497024427803 94.12220306234133 65.62876209762503 48.62890295403714 31.954953479289326 16.618693165390596 11.399821687315615 24.13387593810539 40.41837530632498 57.30234915182816 74.3786692239956 91.53975482834699 64.86494867965911 47.59782940001264 30.370358953276387 13.337075589890874 5.666569562959327 22.0239864446718 39.200962873378884 56.454304924123086 73.73042209096513 91.01634623481696 67.14358005172122 50.645591795559085 34.93427663249507 21.78401911315347 18.0940703821182 27.909843543995073 42.76956207032466 58.97646651070574 75.66983450377742 92.58691157434289 72.17704933366814 57.122970342656636 43.763566256877425 34.14929608112753 31.871740064724076 38.26421183400759 50.11188182844863 64.4744925845434 80.00892692778957 96.14887041762582 79.44337539121602 66.02815090690517 54.83508828678046 47.463253990727615 45.796696694945815 50.40454100352728 59.85483653111074 72.2723220550775 86.3867987068147 101.49272300355481 88.39352330689664 76.51803199909219 67.04699543869701 61.10880535462359 59.765949374898774 63.31151108468078 71.0170562979226 81.71409457795129 94.39099712345751 108.35508082519974
58.19800850899369 20.379989926241326 81.14179514856518 96.70914886170247 50.29520108475209 19.317087604426728 9.968281998659801 80.38007620118276 22.26746388665324 53.3516303074182 2.8535540427982116 73.78439804141667 86.10478894062062 59.77901219788236 0.0 18.751874977942048 29.069937811624296 45.80335504020844 10.51710764864837 73.37071744275872 28.723344645034704 8.43277913897639 71.15231029703803 99.5859538415153 49.84779143031208 50.179103249445596 42.060648901781846 80.43838900279995 74.07073786202842 54.85909931385316 28.62103026681735 65.83676552582673 101.95846473374037 52.87193816262791 47.91689370953101 19.83528247415512 32.773110257929154 13.73125354992605 56.263407957806436 32.814278528370004 142.13492055424746 127.16674302197917 112.86769551204917 99.52660006182407 87.58232025036891 77.6818691356528 70.6892780847094 67.51419518777438 68.68806548194348 74.00422555164434 135.92403650676226 120.21773739014272 105.01411593598178 90.56668365685434 77.30060356784313 65.93285915370728 57.59861110752668 53.728554494765014 55.26856806526661 61.81562217722024 130.92869094947332 114.56610650494044 98.52496751028283 82.99187613018962 68.31427085197194 55.17910400103197 44.95923990341732 39.95796297516205 42.07909428306869 50.43180905298215 127.29214427449716 110.41134323495375 93.68430881272306 77.2110419721479 61.196818292782396 46.12229848994764 33.2895261153597 26.22649351632191 29.430862330874678 40.53680593128828 125.13297249162346 107.92651977888885 90.75637394573333 73.64793293229312 56.65712234016107 39.93436955555316 24.045604692026128 12.66259102603861 18.47171327367892 33.47805317399215 124.52807860031797 107.22782950453502 89.9282273363448 72.6297343702932 55.3333909025973 38.04212893752037 20.76864441067061 3.766058742765112 13.990832623190865 31.24127378589566 125.49994751040687 108.34984134555309 91.25706465797653 74.26121475107867 57.44838221034243 41.044094055726994 25.838558998775795 15.79104307609785 20.731507126931007 34.769903222463284 128.0126584223013 111.23745905176459 94.65206433812891 78.37706091718286 62.65479614561443 48.03116373417983 35.87577604617732 29.425487793045008 32.30103348975775 42.65634307874323 131.97819858028242 115.75858864450605 99.90275919536509 84.61546106026624 70.2687392230954 57.57012836300321 47.850268063766315 43.17037333890523 45.126695215906096 52.989249989268195 137.27066181575648 121.7312984745028 106.7355666679786 92.54810147599292 79.6022531927257 68.60454847842061 60.624641547579934 56.945658184397246 58.38635578489642 64.60513006027733
