0.0 42.821264374367644 59.843084358986275 42.82234114648361 68.88728180425058 39.71237610927516 35.419670270674445 62.450379936030444 18.319847311836615 17.360500506088304 44.05412260321691 69.04118668103435 26.322171069052143 88.4915704313596 61.09053720338227 57.17222921766521 54.63381754426859 65.67854681066359 57.2331978926826 58.342878515868776 57.07206769617088 6.972604821776466 72.01546951487755 61.74376072856413 68.41915847136235 49.08085737974825 29.17033452058574 63.973138562368476 12.870316725249872 28.172426163933455 44.55793539937713 71.72947888649315 57.296563214304356 61.12915106984677 60.32855730937843 46.39723322179405 54.87193316766681 65.9623446968582 33.722522238985306 52.798461973673916 62.968893518615765 49.60340668673071 39.428692973264766 35.319303149498175 39.229988415831016 49.28730341561065 62.59546337827784 77.49744036865037 93.2320865491608 109.4408430670711 56.19407507040514 40.70482157836904 27.471845803443077 21.242257634306043 27.32171466792823 40.50222291210577 55.97406019453693 72.28051019384114 88.96381443282151 105.84592475985409 52.462489585086026 35.401631504727995 18.787005203335255 7.165261154248527 18.666647312588328 35.27406735777991 52.3334432806838 69.51281964388016 86.74092607095294 103.9935467614065 52.4280797520381 35.35085221405398 18.691584392935837 6.912399804953292 18.571499242020316 35.22404386517733 52.29989787198887 69.4876876698757 86.7208828775896 103.97690938617461 56.09764989266757 40.57221054074736 27.27588038475926 20.98938949333082 27.126494977905146 40.371406046952906 55.87992090678773 72.20797831802855 88.90517500600131 105.79687892704216 62.82543651309245 49.42200326246651 39.20128694413942 35.06643620214906 39.00354542886325 49.10810241055199 62.455123463957925 77.38466727673693 93.1388134460622 109.36177562825466 71.75625130293005 60.323807962436874 52.227059492415094 49.14337604969866 51.97286605661628 59.88311893114193 71.20041284856279 84.56779160305997 99.15959708024413 114.50869721983858 82.17482333702459 72.35585259127882 65.7018353769879 63.22014626470925 65.38758727581265 71.7842615056605 81.41939439743281 93.29495871621819 106.66524650962947 121.03592134909256 93.58546148597902 85.03960504585243 79.39719441731827 77.2966931166731 79.02105594551936 84.33599486090476 92.62546629206815 103.17498830750348 115.36621536599091 128.73357492086984 105.66712862410084 98.12251727472422 93.21581024843357 91.37296495064936 92.77673591621964 97.28668608989291 104.50142780260168 113.90816517689072 125.01305665038738 137.40498946191818
42.821264374367644 0.0 18.588176679028972 4.706403977547103 27.48427505429887 23.527869525152365 7.419638814321965 26.17784001539314 33.31694566902727 52.70975551318662 6.5690672764292 26.71633934274411 42.74934034898707 50.59790670991787 18.759300658008442 34.56038098025069 28.67038743464847 23.995725032186034 31.79873887888169 20.180687612290807 24.128599102222584 38.75422131625942 40.7875496940878 19.809680136958015 26.506503092157512 16.04474186373786 25.20665069314721 22.89766687000939 30.467657200526872 30.81680544696402 4.345651153105346 29.113250474986348 14.608865632619176 20.004057472877133 17.566493857876885 27.307483189717196 25.248501027413344 23.167583438693196 24.647963582957445 17.72511774535885 105.78627522725695 91.89711974817759 79.36070730142734 68.91922636631945 61.646527208892614 58.73181016702836 60.80504410596073 67.4075508127337 77.3886237045532 89.62654130014711 98.55774733917949 83.51488981071904 69.5309127453971 57.38521222507119 48.4796976575899 44.79066125727944 47.548179090569256 55.804651077128746 67.57360858216268 81.34451315001589 92.92205268520198 76.81507452770697 61.362141458928726 47.20993607828335 35.92982959934207 30.851842344265307 34.805583280905374 45.49428545973358 59.38636478097536 74.7158588565944 89.18176040794215 72.26723015574618 55.59164434401756 39.45911160877936 24.946427773363297 16.921561097528524 23.432165988997184 37.5567008338537 53.578515785048005 70.210548577336 87.5801052486008 70.29037744905963 53.008612977750836 35.746363437958145 18.558165576708287 3.1180252448158483 16.545459032707058 33.71195498780001 50.97012031491084 68.25045041648472 88.23365150605436 71.09932158834982 54.07183011521146 37.297789521083274 21.382245059500708 11.04485010719724 19.63390010870537 35.3228589237551 52.04451653240905 69.05267590110978 91.09386376651989 74.60348532577521 58.583091208899326 43.55442198548123 30.995278987236386 24.96272242044791 29.736816371807137 41.76277686360775 56.592325989495286 72.52560745358588 95.96359611926106 80.45140976155282 65.83732266871448 52.871381209377304 43.0687707874554 38.89937344892205 42.07267122184192 51.24221154664456 63.87585612738016 78.31469797603984 102.55692826506365 88.17793648943888 75.04314303684201 63.92415846448899 56.03412031414139 52.839825216741254 55.16313537235062 62.39067049538181 73.08159762269926 85.95314969552011 110.56585629589591 97.33662635054411 85.57289739209504 75.95863608061822 69.3930811471136 66.78155969929567 68.57729514676544 74.4621097764854 83.57665860660678 94.99579792693388
59.843084358986275 18.588176679028972 0.0 21.420957123219367 9.082401575864148 39.851643799743364 25.52042662139464 11.81837668055099 47.05964586775603 71.04502259168115 15.789049463426137 18.037618661299184 53.545495482561954 32.38923173255761 13.99035133022488 45.32703674027231 39.267922840970186 5.868007277535629 41.77182475205884 23.896898284164894 31.5298600514822 56.556636848561496 27.10598050867069 15.977762502501417 8.675469759073417 27.501355139828327 36.13420039666271 4.312794288912517 47.0404124220458 49.11602632929442 15.560458799292336 13.137378935156507 11.252868728682301 1.4226131961563322 10.573716825462027 41.55876976153629 34.74458947235899 10.042422931042179 42.34238281449104 26.422362383081506 122.39389627683622 107.6739360742751 93.83913314455002 81.34239389824431 70.89487229300751 63.515954898238675 60.34207381960933 62.02218116254462 68.19847341784052 77.80750820969963 116.00587479860233 100.38799718759014 85.42154285358421 71.51666239788709 59.42330376799093 50.46115411047402 46.4782759040185 48.71175629445695 56.42821355474894 67.78019166389599 111.04252823488534 94.63610512699668 78.61456676749664 63.270974547877266 49.243179530876645 38.01675470550479 32.62460642480133 35.80732674235623 45.8112731814932 59.27806719654106 107.70107818675648 90.71063792906736 73.86493968628501 57.29180296270925 41.32050276936189 27.039399070065436 18.803886449516316 23.974050131914044 37.344824332566226 53.039877636550905 106.13487149289999 88.85405296891808 71.5834338524163 54.3327411982693 37.129759237704725 20.097382090728907 5.282424033658661 15.83087904578814 32.74206697772053 49.92176538849237 106.4223378009054 89.19566053998427 72.00507575325106 54.88450790727544 37.92888979589958 21.53149676671741 9.344689605564993 17.599837885013027 33.628835279822994 50.50500994868711 108.54874700621153 91.71089549267296 75.08433419822823 58.848425182495454 43.443389203982925 30.17001821740706 23.06172039580263 27.425661535596145 39.63838907405023 54.67127107316168 112.40975885118779 96.2294325289712 80.51683316191047 65.60887209738253 52.19956619928847 41.758499291001954 36.8979234223683 39.72213716503955 48.91775288428745 61.69888047362876 117.83493538565587 102.48658294469902 87.86710612543183 74.40737841921757 62.85688949542854 54.44465190002808 50.75581398980147 52.79001948138769 59.967663200452755 70.74005988334487 124.62009041415502 110.18647160057783 96.69872398804921 84.6104073196227 74.60490561520663 67.61328247040863 64.62130531567041 66.1737360647519 71.97712621785723 81.12424521670825
42.82234114648361 4.706403977547103 21.420957123219367 0.0 29.900810079191547 19.192890744039378 8.304610132429639 30.158656506679083 35.26331322983738 51.25852210471105 11.270671699750533 26.23264609263605 45.4643220613911 53.782881923542945 18.318988614840396 29.904339432070962 24.064289791780165 26.34780659085443 27.21760655951202 17.207461008598877 20.05671299453557 38.12810531175628 45.0721060010744 18.922595821733616 28.622082560964607 11.60971270741481 28.365681885336368 25.637323345473348 31.038652307061035 27.74095732506758 8.94349934351996 30.438240962102057 14.885514656247969 22.83844827231556 17.990667036818834 22.648063607592395 20.810895263078134 24.160343900481426 20.967941131626887 13.751609819583603 105.68219022162091 92.30051352961982 80.42846919617119 70.82928002352897 64.52541787809095 62.52172893061637 65.21578042999437 72.08275687108801 82.08193498830646 94.22132803492785 97.89496873953581 83.31471515454989 69.98543154697832 58.76462802866819 51.061770406454116 48.58013274986664 52.07164497339798 60.511033156971365 72.18321181792703 85.77848806047528 91.63193509795114 75.89309860482568 61.00672928327564 47.77643075740605 37.97448314523938 34.644525117027484 39.46051934833096 50.12713606515248 63.77330686966125 78.86727638344293 87.22214261351833 70.53129565419391 54.22487139780295 38.790735962113594 25.842159774507625 20.72739139670006 28.1094964983314 41.825522586536124 57.50927223356025 73.91867120658861 84.9547412908939 67.7204307886927 50.5323540709886 33.46183278089563 16.86959043698426 6.941562743548099 20.260821515677257 37.03417161235463 54.141224855836924 71.34232946937715 85.00138130351681 67.77866341461672 50.610008400347965 33.578445937026025 17.09866831255543 7.478651605508571 20.450167404392353 37.13760640045524 54.21169261973538 71.39556547494985 87.35835573070817 70.69890351319599 54.441702696970985 39.091871530401406 26.289945599246483 21.280494640622052 28.517872595429285 42.099763125963655 57.708079553976965 74.07270907002383 91.84794359246014 76.15257179983044 61.32773570541358 48.18376975041061 38.48334306731804 35.198966542108614 39.94589244668043 50.50830552298653 64.0719209630879 79.10777907739985 98.1779537840577 83.64552263752931 70.37711310839923 59.22840860571024 51.59236830144284 49.134939630895154 52.58720246156648 60.95315559933615 72.55247919106662 86.08797268092769 106.01916210989141 92.684387162933 80.86669624648763 71.3242143247226 65.06580196769956 63.07668088897129 65.7455002862984 72.56009918276897 82.49944986689589 94.58353193013996
68.88728180425058 27.48427505429887 9.082401575864148 29.900810079191547 0.0 47.53960382085546 34.549826713252095 13.197243495056602 55.68805988744552 80.0828069550547 24.841863012604694 17.534981930096524 61.45590822055237 24.809858435088408 17.605933937114965 50.669127907528846 44.83140574701346 3.5565329903929532 46.95833273825855 28.421179057239538 36.44795321308116 65.63883029744991 25.28136555732929 19.23433835720111 2.3419346862402497 34.20368697122157 44.43601354124541 4.936785406548847 56.064990285989005 57.62938688815052 24.63119499392145 7.474516260871339 17.09861377034599 7.760422083568482 14.873865352325172 48.41063387701641 40.177333440555735 9.85887226022698 50.564464335351175 32.365478283969274 131.33483411859942 116.46935117037634 102.37223651757105 89.4076830940268 78.14145329098463 69.40557318062665 64.24075337979662 63.52408316047329 67.39760995965413 75.15490972245406 125.06398647230705 109.38299311693501 94.27077626348529 80.05011514677643 67.28866335861045 56.97551318129182 50.62959206050114 49.791602570041896 54.715202504625914 64.08591645626495 120.11751661240785 103.71795116839687 87.66593624084494 72.1936752393379 57.76888866386855 45.401207426515754 37.202179500964355 36.130901857130226 42.72691615308928 54.262731634341165 116.66407878978598 99.71684770389761 82.91624349635511 66.37370291443743 50.34426208754918 35.52931599802531 24.26584325849329 22.672478612409407 32.21742862865422 46.48220532709675 114.8384990921268 97.5846290416481 80.351428580856 63.15582018395027 46.039944282897245 29.14461552988612 13.336193517966906 10.247575277395779 25.11742102479429 41.89833143646096 114.71854528595284 97.44408528797524 80.18147112832591 62.9404504004254 45.74544469705791 28.6793401959612 12.291331386080738 8.852261294907006 24.583768271938187 41.58213828660673 116.30949639080453 99.30367519122429 82.42118986970846 65.7571049385899 49.53234132997589 34.37470731145165 22.54994113705501 20.834847377705724 30.95793214431972 45.62244992845658 119.54304063085415 103.0551552462958 86.88440322497907 71.24704952632858 56.58703606226759 43.89477504418524 35.357006998307575 34.2372991552478 41.145782346269336 53.03268990133856 124.29099945684926 108.50241571260881 93.25233727402414 78.85382122071874 65.86770345066054 55.298156547386135 48.74341391689452 47.88170011750118 52.99147606128862 62.62777648338359 130.38797611413855 115.40550658856124 101.16586730014295 88.03027651090727 76.56906411472396 67.63881058525419 62.336914719694775 61.60737210495416 65.60290222335973 73.55751752218102
39.71237610927516 23.527869525152365 39.851643799743364 19.192890744039378 47.53960382085546 0.0 21.17207078588185 49.31918351496373 40.86201295111103 41.29499959455216 29.866938647136315 38.43748953559448 52.94839894525529 72.1155550902109 32.06370999627825 17.805260427881745 14.972289676333762 44.0316467515373 17.524307000522267 23.969498718351954 19.290202383686992 33.13240314309235 64.25379643123588 31.521568945277718 45.86882399159292 14.445350845624503 39.37455292596475 43.83187359699145 32.2386765013261 13.83313665502282 27.869169131724103 46.23492887511263 30.68830447376535 41.22402396953525 33.4547801671955 6.943565814838062 16.028137009626366 39.83806586166382 6.15723716595594 17.79194118300195 98.94609317468164 87.89848850515156 79.12425426779149 73.44276241215813 71.59413030122748 73.86669101890232 79.9096051556086 88.9578009816344 100.20041975855797 112.98427451865133 89.14456058155454 76.7528693472656 66.58791580270446 59.79628262059277 57.58417843520371 60.45640663681954 67.76956475679002 78.28887543943553 90.90808233556598 104.87186541707455 80.64299504189185 66.73939971884833 54.80608156197569 46.389330168666085 43.57680124640995 47.3773103533325 56.47110537085725 68.79001543286333 82.90869062116302 98.05274097849288 73.89160876335744 58.44312082755943 44.383963457302244 33.51094397419925 29.576000975262364 35.00293723575242 46.63025531080788 61.01036894915274 76.60847761146722 92.81250927630697 69.40316383344795 52.68178508721873 36.5055369674391 22.10543820025226 15.599967506951494 24.429080904983397 39.35623738308845 55.675481744498796 72.45217411112247 89.42923581674772 67.62979916801166 50.333616439305615 33.04345237852962 15.779104512146093 2.1918316993587785 18.956310455134 36.22972369235834 53.52156242541577 70.81833098125543 88.11712633967751 68.78186583413469 51.864334750049025 35.32118634053957 20.099154806862018 12.612639589422228 22.64716681822108 38.28083706486385 54.924162641666506 71.87918774851005 88.96788440140466 72.72044351580791 56.96206694813247 42.42406604379283 30.880994660781802 26.57405549940887 32.51822816568901 44.80401815995758 59.63283547156801 75.5212568240698 91.92146398381607 79.02996456825538 64.79018888027544 52.4262088091812 43.56548731119502 40.57217665942355 44.64254554557409 54.20809668628777 66.95359691227786 81.39874723907893 96.78550244730667 87.19718226955361 74.49275211053629 63.98195528809009 56.89384898577538 54.57864478816275 57.61463222145111 65.25919237677608 76.13657135532675 89.07015083639698 103.29039164501916
35.419670270674445 7.419638814321965 25.52042662139464 8.304610132429639 34.549826713252095 21.17207078588185 0.0 31.5998715262566 26.959092787519232 45.53298927466972 10.74251809830876 33.859355646154455 37.32041883708598 56.90791423327992 25.87664203480782 35.47779160105021 30.120500891437157 31.122562152544116 33.33430274847843 25.482772630077044 27.604389876419926 31.360858372971403 45.21412154973962 26.74235462325748 33.71519374989581 18.781978574454044 20.647344588890526 29.82198540661719 23.178333500503218 25.330385150026466 10.036395893837321 36.50872011184834 21.909474808092767 26.909807222820998 24.918629553592382 26.489948171878936 27.62029549260807 30.58717613669061 20.465974036264193 21.558134997023203 98.38836619346525 84.60564859007093 72.3509477555466 62.52921082054618 56.42555686640945 55.28547211306858 59.39547190738036 67.8075175524197 79.16183099936322 92.37981508156909 91.14688930855976 76.10442276666343 62.247218398346206 50.55941585735935 42.854383267907195 41.4179562351436 46.83055981000038 57.17919958777678 70.31732147025176 84.96055456349261 85.63831673352054 69.44427004753244 53.942580368068825 39.947556821568014 29.673601065960654 27.639607258774596 35.29990316713484 48.238246472834355 63.296790336283166 79.27640819217994 82.21181238413556 65.19202459779743 48.372831204991314 32.07139345867518 17.774434166924543 14.212652585362532 26.206511195802182 42.074644580562975 58.75783314655389 75.71923763175252 81.13165874738593 63.83080478097066 46.530751419889086 29.2329200943432 11.946966460756707 5.4415070353908295 22.69809663490548 39.99388432883562 57.293381619508885 74.59400761400447 82.49009443118094 65.54100897754132 48.839989432414875 32.768549085649376 18.997988895365957 15.70929299604345 27.043533834930976 42.59854562775391 59.132326086334444 76.00881803189068 86.17185042703922 70.09817089753524 54.777996167868224 41.06353259350554 31.15297895715836 29.214928217223196 36.540737643889884 49.14924748510495 63.99047658106606 79.82871163717681 91.89806071946934 76.99838903806342 63.33210010001133 51.883162297916456 44.401292722572265 43.00920482120585 48.237052581944845 58.331290254167925 71.2528612900955 85.7327574476273 99.3156502894509 85.67732719133117 73.59557195640221 63.958657299345674 57.99835593093969 56.882392294748406 60.87775974031982 69.10350587414561 80.26945391804641 93.32616865247392 108.0768339518693 95.6519252837777 84.95097796814804 76.69899333942928 71.74602132123258 70.78796964426543 73.98020540730359 80.83250591539998 90.51743648308982 102.23310460132899
62.450379936030444 26.17784001539314 11.81837668055099 30.158656506679083 13.197243495056602 49.31918351496373 31.5998715262566 0.0 47.118271968347614 75.71301865194727 20.861095656451642 28.834177262493615 50.97622428798979 26.08019547257717 25.776560113396545 56.65411913248126 50.54718718192527 13.10737353944493 53.18924074268229 35.64033315755796 43.12169455779813 60.387886923622204 15.504681624707493 27.751719591828753 14.903981579803999 38.29852773360187 35.24084000938932 10.762746854328213 49.65769683768639 56.738722444114245 22.061635879382745 20.516989554398997 22.962894159700063 11.110576866954748 22.372048346122426 51.951454059468475 46.12805051638754 20.47933715028478 50.82577433955827 37.70138971837201 123.46009236562763 107.88643364885355 92.92616375996919 78.92884418465859 66.50529426524587 56.6996214653021 51.04352232632802 50.93855570087485 56.415715279948415 66.10166860509203 118.34477449550936 102.02078764426304 86.07963557110111 70.78045843366382 56.64582967692907 44.79211795945504 37.451631882665204 37.384792603001515 44.62429599644537 56.42463962014398 114.73395031713993 97.82888579070344 81.09139002851815 64.65173841878372 48.8118031479061 34.40999963294431 24.170542508762022 24.147324444974753 34.361061287280776 48.75431150129278 112.77228194446202 95.53137669125506 78.31738964690874 61.15305667512303 44.09639884786656 27.349619248366913 12.256597641938066 12.294711445564863 27.400892400625644 44.14941800541451 112.54606479426839 95.26545331939988 77.99429444383969 60.7406520347379 43.52536188926717 26.42349181608493 10.03285533112883 10.091031989574345 26.489868654118766 43.59255475637928 114.06562787488471 97.04782127222008 80.15175354510035 63.474714733931535 47.24920164748459 32.16592193142112 20.86906425059272 20.85907436408944 32.14647656574548 47.22714007306527 117.26310130995013 100.76982717304048 84.60017441573963 68.98209374216167 54.39280564785936 41.92056367522051 33.98232356567139 33.92596755434986 41.78340026348812 54.21662202803557 122.00659206184841 106.22773366451561 91.00416024267514 76.66737150046195 63.81784557393607 53.53738753798304 47.523564733689014 47.42815024411125 53.28294808037291 63.46194581485688 128.12443928053634 113.17059424280738 98.98479909220713 85.94820004892657 74.66519485459627 66.04078394992185 61.20926856287042 61.07748818204802 65.67374025135898 74.12365577750619 135.4304371837631 121.34369461956523 108.19365756656846 96.36456432585467 86.40067930759686 79.01083419017648 74.9602085234499 74.7933166288016 78.53492198255172 85.67446607439743
18.319847311836615 33.31694566902727 47.05964586775603 35.26331322983738 55.68805988744552 40.86201295111103 26.959092787519232 47.118271968347614 0.0 35.29657728804027 31.97260593739309 59.814518487651746 12.254873001327026 72.67370423372128 51.95315322008502 58.36590606659233 54.16701199552938 52.87837933720379 57.238361314604624 52.41988507639813 53.72361909809479 20.48516819394349 54.86106613253865 53.107819864376715 55.708149619342976 44.89320508136573 11.98589066293615 50.78590800091829 10.47394187915743 34.52522496843096 33.3717351657828 59.910047185459185 47.58060783132438 48.161181388477786 50.29555187783351 47.72846062721443 52.84143877460202 54.93763559467285 36.25059683669261 48.10076850282009 76.34389667986886 60.90839325030197 46.79725557264349 35.62082035453776 30.76380192974072 34.96697196601813 45.80038974307551 59.76095067490164 75.12506707655055 91.18601391434227 71.76592533410123 55.089857602831025 38.96343166744623 24.49730248193682 16.757054498801228 23.668378631857223 37.92489477432055 53.99180831580574 70.64449951513137 87.54934313410104 69.80140341542611 52.517167324209154 35.250296110920374 18.050691266813402 2.7901795042434867 16.984001745052574 34.17369011447182 51.43869597839198 68.72227702156066 86.01323643050917 70.66865052158093 53.65927396794971 36.92275962359378 21.11813564010152 11.286013771438478 20.186271077882914 35.86516349403851 52.572305866459466 69.5708107974047 86.6894518676632 74.2685198765106 58.298242985483824 43.362053537188466 30.992913706161566 25.289606053269853 30.286599511466495 42.35212517577136 57.17374716695617 73.09365693781494 89.52786418280768 80.23398974513282 65.69739569206111 52.85365175918118 43.23858486607847 39.298192727007525 42.63597888484565 51.86532032852621 64.50505579780963 78.93351004138177 94.33346068362157 88.08566975557355 75.0446038781477 64.05466073412853 56.32944334988115 53.30771473610037 55.75946869047326 63.04937654605308 73.75655260973399 86.62294071735198 100.8252860125356 97.36822125182904 85.70472945415051 76.21497307241093 69.79136708032343 67.31744979239228 69.21802152138704 75.16196703942363 84.2982764003117 95.71712933168995 108.70156217411004 107.71222972977662 97.24683828147884 88.94184488030324 83.44481457082586 81.32713864504466 82.8483613303012 87.81958530679286 95.70469813411002 105.85452290339269 117.68454395243384 118.84071997742981 109.39197006406873 102.0233229828818 97.20896398663103 95.3366448726532 96.57762660828297 100.81700747588661 107.70129507354106 116.76359815041722 127.54048640741206
17.360500506088304 52.70975551318662 71.04502259168115 51.25852210471105 80.0828069550547 41.29499959455216 45.53298927466972 75.71301865194727 35.29657728804027 0.0 55.6860984811445 76.79243947472642 43.59134209973769 101.70014467124324 69.20145708590537 56.367025215302434 55.65857116247914 76.64726816371858 57.558563846717476 63.91576336639122 60.49456987341156 15.763124918813576 86.86058610640168 69.39158241066488 79.20715973465178 54.043534018290906 45.10026410056366 75.3380705208553 27.38801624119199 27.48719329956443 55.50172809822758 81.61876779577707 66.12842026254093 72.42664435531115 69.23358906738284 46.712444408523396 57.3142519883501 75.40649980257909 35.304291699351815 57.80487948987547 57.92295940609634 48.621943743194144 44.405197271209516 46.67176470183967 54.62041413623006 66.23616538346933 79.93605890416266 94.82099643798634 110.41274003278627 126.45010439295552 47.86957702865696 36.130075366972264 30.298142012958362 33.60478530154134 44.03742616445344 57.862054348962936 73.18093253012628 89.22773986037224 105.67137435087024 122.35194430686818 40.39025781758715 25.461272208778677 16.2447583725011 21.868248737619275 35.93411703792386 51.99051421081525 68.65477918297114 85.57251999060392 102.6184485680433 119.73783082856936 37.07705731529564 19.81880123977679 3.0943774482249435 15.002634661714234 32.23812196118337 49.519971265797956 66.81221584812947 84.10844431267361 101.40661816986425 118.70588695758592 39.006484239838365 23.214467159507553 12.451105546335882 19.23178213879625 34.40066467704829 50.947648496134065 67.87218071797258 84.94890119707411 102.10147689822416 119.2971928672847 45.516631462668784 32.964437047063136 26.462325521928605 30.208697858692044 41.51609775364706 55.976044082436474 71.70605861122395 88.02789537376584 104.66504707000696 121.48804049841262 55.0043101463597 45.12211158115725 40.56157444349347 43.04861482192072 51.57354655032965 63.75879326296524 77.90534180456793 93.12360814331973 108.96548102025407 125.19445380074119 66.20138544309573 58.19751278180761 54.68067753116018 56.49514526467789 63.18326775017681 73.42511934271018 85.95969938859399 99.9279271713372 114.80771001750861 130.2871017047646 78.37851962514976 71.69010732236029 68.80727438594984 70.20043376161183 75.63366422124749 84.32966143584115 95.40032915589947 108.11865786527102 121.97030755020684 136.610973344885 91.14359993034866 85.40224219149401 82.9373858520636 84.037829638325 88.57078235124521 96.05149660306182 105.85686727836814 117.40588799782809 130.23551189493543 144.00386944406665
44.05412260321691 6.5690672764292 15.789049463426137 11.270671699750533 24.841863012604694 29.866938647136315 10.74251809830876 20.861095656451642 31.97260593739309 55.6860984811445 0.0 28.33872310856529 39.94711179383873 46.27231671101405 20.843449517640785 41.02437778752389 35.07502597402584 21.632326433897497 38.16595759994623 24.999866715207386 29.972161688116177 40.89645849170817 34.803641182505324 22.35272980938986 24.393583289703447 22.33373476943401 22.11231577077456 19.94467286269443 31.257102514984002 35.94177866841893 2.595085442899094 28.098515630942455 16.271872539667864 17.08145768560113 18.65332358753131 33.86375158586608 31.46999088744691 22.965262375091175 30.43714092749489 23.579306008288267 106.66546139924199 92.12398461094256 78.7072796783666 67.09353662721819 58.36907476713028 53.954189555496384 54.898631143915146 60.95378808418883 70.82067714659567 83.15330294320432 100.22270317899725 84.61679202915528 69.81488807444396 56.45300296092594 45.80906387181049 40.10866446849703 41.444486258707585 49.24725129597088 61.08718296233162 75.07797231773455 95.44207449020718 78.92327884984184 62.8274512919479 47.58575057057618 34.35446126826797 26.358389383282834 28.42552907025818 38.986754740030925 53.203700224360304 68.84773576592211 92.58148885009265 75.45521336732186 58.43251903853112 41.640632180080296 25.53895310745132 13.009493210708255 16.88101334886274 31.613339274409235 48.08898770797704 64.99547036349759 91.82061535813645 74.52398941239977 57.23057027937597 39.94452320953768 22.682708783204138 5.670908606392817 12.18715366574477 29.38720483296967 46.66264549604266 63.95241000036759 93.2108983417055 76.22265584974414 59.41571601172061 43.00318247394344 27.69535061909441 16.837563311860027 19.967147517661687 33.35540092768634 49.246227382776155 65.8521935940149 96.65954115038829 80.38464006814438 64.64536356477083 49.95062472193869 37.54751653611001 30.38546188921787 32.17834362902852 41.789047745609466 55.280307818620145 70.45714698850941 101.95784433922933 86.65568041855902 72.26144224396833 59.43844952251753 49.42516250198684 44.175425922121434 45.37393506018109 52.58159250794848 63.79308676349253 77.28516110581211 108.83594033275942 94.61727134968045 81.59835397975552 70.44751175255678 62.178048037037954 58.03502915560255 58.89581280866462 64.56056171986776 73.9331637261217 85.8070887111845 117.01549396551236 103.8813407841103 92.13429568857576 82.36997186683415 75.3630176775569 71.92388300612902 72.56165519820861 77.17532642443447 85.12083503673101 95.57076148425001
69.04118668103435 26.71633934274411 18.037618661299184 26.23264609263605 17.534981930096524 38.43748953559448 33.859355646154455 28.834177262493615 59.814518487651746 76.79243947472642 28.33872310856529 0.0 68.28571750600143 39.934447286117475 7.982714683512657 36.25810052520407 31.097754227518656 15.955156467520643 32.49468526223068 14.9374385596521 22.36553214617454 64.30263542401256 42.65657919043538 7.410480786518966 15.206320885470776 23.99733398434787 50.45103806213758 18.090613614087 57.032675433526656 51.03105001503354 26.55242349920824 11.329648504775008 12.23486470755649 18.14598309379416 9.696700223891403 36.99321812697531 26.583147923245576 8.355072098553752 43.108244719047086 20.778024103314127 131.91281229163462 118.43663867762255 106.07623749546764 95.2669007963258 86.59145489207675 80.74070336969322 78.3500207309883 79.73125964250337 84.70008989056565 92.68128256650341 123.94871956565683 109.53933953356247 96.08923931564088 84.0601576429134 74.14695865619605 67.29135187831346 64.476148939653 66.21868853632188 72.18967256963751 81.4645697505667 117.1392785535431 101.80723287881436 87.21534143720051 73.80392894071491 62.339594977383975 54.07523746388657 50.60374039237944 52.87765886232396 60.24994690395603 71.15311958799383 111.6959714465285 95.523809019643 79.8267694720605 64.9502512830924 51.60876032163033 41.317068204837376 36.734766790086304 39.880985948137216 49.297565581354675 62.19898622344493 107.82597684048642 90.98978485902187 74.36767885806293 58.14355864418628 42.77272738517885 29.615030765578062 22.875859102372022 27.717699313836267 40.14907002636526 55.26604595806751 105.70230116463263 88.4745916388824 71.28284134491683 54.16130339202382 37.207033077494614 20.83249975715065 9.073918240315894 18.14916385765661 34.28062886866514 51.18245884016948 105.43055580345954 88.15124395539013 70.88296699025055 53.63638403551371 36.44230865460311 19.440563581332444 5.151955866787293 16.548814784099108 33.46486780005053 50.64232387639189 107.02485215745143 90.04336234832024 73.21206930759224 56.66497107824682 40.74975666214376 26.624767689178043 18.86599339422254 24.529268737053357 38.028360582198836 53.75257443250095 110.40435802405213 94.01725591062221 78.02611678662791 62.73447016080869 48.80431277812584 37.77322463127048 32.718196868170175 36.23330881307281 46.410486775613506 59.94766260562821 115.41231067198177 99.82456232856806 84.9034038312212 71.06993505729409 59.093030934942725 50.316397827961765 46.58536707013661 49.064813350803455 56.94926112449825 68.39432524268842
26.322171069052143 42.74934034898707 53.545495482561954 45.4643220613911 61.45590822055237 52.94839894525529 37.32041883708598 50.97622428798979 12.254873001327026 43.59134209973769 39.94711179383873 68.28571750600143 0.0 75.0143076323662 60.708751808805495 70.28992411132974 65.86308689579715 59.10102138580688 68.98442553111391 62.63574783077366 64.75874606800996 30.62650306310193 55.41849040783054 62.092829436266356 61.90124174423151 55.88787482735931 17.835217611630977 56.7556206096328 22.408435723975288 46.69194255849872 41.84211774452225 66.67839016915124 56.17178368113196 54.438795840323216 58.59673677383071 59.76346899789482 64.23058014888464 62.438248504477436 48.47382969087898 58.85619567386431 75.03759567977758 58.44984675137635 42.436308368931165 28.000139528239448 19.128178745772978 23.376879466222842 36.41128434897688 51.99804443638207 68.41435145751684 85.18193592741123 72.75481934336516 55.50271568803254 38.29559569489079 21.24305393129439 5.890290387712748 14.725392734936921 31.58626839890069 48.75716359016757 65.99653885750156 83.26186864825138 73.18137557895498 56.05815352762944 39.092615822587575 22.64203693157013 9.787964579305418 16.66312859098227 32.53042649446088 49.37115180971747 66.44927240951655 83.61946045096678 76.27181562688656 60.01898936388327 44.56320535828485 31.11575841422691 23.43528395287446 26.99899273294415 38.82511616998796 53.707956998846456 69.71664511928688 86.22637375337662 81.72444878748024 66.78197661265982 53.28682838129688 42.636211905589136 37.34854562795774 39.63190587849847 48.42694368594975 60.97832888880784 75.43375319708562 90.8892317967929 89.10661283608701 75.59870547599647 63.9456082543184 55.33189032946571 51.3117538876667 52.942183689932534 59.762482109604065 70.27755295296915 83.09642204785455 97.31288194244402 97.98306297102434 85.83855050045037 75.72665048781097 68.55280560104445 65.29273648152406 66.52434470632818 72.01755452542893 80.90896489721806 92.22085317906763 105.17510941485705 107.98582484474774 97.05197691018964 88.18115934012869 82.04529413122734 79.2819431019722 80.24029848859513 84.7942644733515 92.41380773406922 102.41698696079413 114.17902329954528 118.83068739720017 108.93862203068223 101.06030575389485 95.6944008569362 93.27551789874744 94.03136206073842 97.88842010402894 104.50387292997169 113.39597458083422 124.076208722575 130.3074335112495 121.3005902714112 114.22038484678458 109.44138418478387 107.27158978028146 107.86857058444699 111.18777005605682 116.9977309348542 124.95149067054898 134.66973728210243
88.4915704313596 50.59790670991787 32.38923173255761 53.782881923542945 24.809858435088408 72.1155550902109 56.90791423327992 26.08019547257717 72.67370423372128 101.70014467124324 46.27231671101405 39.934447286117475 75.0143076323662 0.0 42.142769723662475 75.17992789901946 69.45959714014208 28.199414410597004 71.43279684977017 52.891798393657865 60.926440973130184 86.45093483587127 20.98726817803834 43.578762345761206 26.788115739162983 59.006330560411605 60.69317458800774 28.293661411850106 75.72436722355432 81.37788217694371 46.9503290052612 28.698832348906272 41.90296669990668 30.98393658805183 39.634402511561234 73.21505622011821 64.79643005756263 33.99884688851252 74.72839492482227 57.14294417512836 148.90709825769076 132.9734088646764 117.42755146011955 102.44623488724952 88.31721840918145 75.52039404820971 64.84926824462715 57.49977471046188 54.82444178465003 57.47967960628518 144.237373588258 127.74701775386923 111.50285403327926 95.63042234370668 80.35032175095779 66.07477613528023 53.612341725957 44.51287047186468 41.0757032601133 44.62887481629441 140.8120716657919 123.88461269325056 107.07691128148261 90.45574901149753 74.14667936745766 58.411707094116146 43.87294066495394 32.19397850685842 27.327266863140526 32.493333299751725 138.72345399989646 121.51638404128117 104.34068807976097 87.21490403117225 70.17558321184616 53.30570486215313 36.83879151613424 21.71192409002766 13.580553480050021 22.274826952681124 138.03224192040577 120.73032711710601 103.428417593432 86.12651653125343 68.82463031200118 51.52277388891271 34.220992456104746 16.91951606879835 0.42110233023167315 17.68610285482298 138.7593298942729 121.55715069858604 104.38794369915038 87.27117132295086 70.24517456037528 53.39685762829147 36.96994604775667 21.932671237813427 13.929101734861161 22.488004209334466 140.88275007961917 123.96457441811732 107.16898800075187 90.56422089027531 74.27835525816474 58.57798095182315 44.093032138211896 32.49185978305111 27.675914790394597 32.78568902925974 144.34086114868737 127.86331710692977 111.63546341446732 95.78429249096976 80.53253907929682 66.29520480152036 53.88249878689699 44.836350634459805 41.4243668369046 44.94845007796238 149.04074025120914 133.1223618417467 117.59542008378855 102.63771754222232 88.53822866758328 75.77752598910615 65.14712266013588 57.83390332158181 55.1731075136068 57.81074163884228 154.86931151035984 139.58797247044657 124.83505402744272 110.82179215057442 97.86643328261987 86.44592621197702 77.24407939450248 71.1272640580355 68.92182405803865 70.99322657051498
61.09053720338227 18.759300658008442 13.99035133022488 18.318988614840396 17.605933937114965 32.06370999627825 25.87664203480782 25.776560113396545 51.95315322008502 69.20145708590537 20.843449517640785 7.982714683512657 60.708751808805495 42.142769723662475 0.0 33.08564738156261 27.316966137122773 14.712297665488375 29.36267641613501 10.815609454841784 18.84779053180773 56.43783281180337 40.82029422823424 1.9986397826337998 15.435381951466288 17.793611302885562 42.886745932619746 15.916550110173597 49.050474078221946 43.98581260002033 18.868980436627204 14.34772402991013 4.58486959858964 14.69380468621496 3.421803892951392 31.694604432430506 22.653905726180945 8.210255512979929 36.224872234406675 15.259597020732606 123.99219698622701 110.45891237969275 98.11709969740731 87.47254827037304 79.21247167117994 74.13819633238579 72.9178727240325 75.73802010773848 82.18373766772639 91.49193026671058 116.15985345732614 101.63086564806909 88.10931092042651 76.13386244733441 66.54454052391073 60.487050335334246 59.058336968386584 62.57625424371437 70.30209489983034 81.04121187205105 109.58473520476174 94.08152643836027 79.32563690431556 65.8216024574024 54.50792287841592 46.99412292815415 45.215983345897065 49.791830022459536 59.26779185097903 71.7273977748456 104.50451688840606 88.14019960465059 72.21429467337555 57.094857532673956 43.6285455974516 33.849461709972346 31.413865697007505 37.77015608758748 49.649242255925415 64.04856481687168 101.14478085263966 84.1482731341654 67.30757155958567 50.777934648092355 35.002860527698566 21.695943935566945 17.74654505918864 27.529581906950995 42.42084438751874 58.6505783198949 99.6796970509439 82.38965181248334 65.1059213584861 47.83535109765029 30.600231729143346 13.536657551396088 5.368571690415506 21.75122007776927 38.93742590738203 56.19469944984286 100.1924357927709 83.00643074657388 65.88113507240288 48.880399236608255 32.20211108921281 16.833643267311466 11.33491026348747 23.92283205838278 40.18503023123917 57.06211066593515 102.65335740028928 85.94747738277275 69.53370851367794 53.68067659069447 39.07690017423651 27.76875733053443 24.77729421508623 32.48746530661345 45.77845742215229 61.11145223524569 106.928002178981 90.98764518500626 75.64794698038122 61.36105090586997 49.05559737920046 40.57623787780126 38.53721456700924 43.84642645695542 54.39308503540981 67.77471996535277 112.81032296823231 97.8028777303989 83.68594271993449 70.99275539283288 60.6243005785128 53.93830286731839 52.364829848722735 56.33391950941663 64.83552855320042 76.37068306220338
