0.0 54.72927295964812 106.68977912705381 42.08428512896721 87.58790437211395 45.65660778161929 100.67167545439813 53.7284915251851 64.03597631838885 20.220309721625156 20.003210828896805 62.8484878481884 71.80290652876518 42.11489729072089 37.71972755904406 17.97975464133736 50.65914897404845 47.04028754148319 70.65698402298781 56.81890711837558 4.675781338509356 76.36567760048008 85.8479308773 42.95108867227014 84.67358610457406 39.04071345887696 109.57046995711988 50.326058319851775 73.53307740689797 54.77414907116705 15.392873980913206 66.60011957143753 72.16002232811621 66.2716586509662 45.6862358554836 54.374278350476146 60.576145859418524 51.49183769924609 58.41029214152158 49.76725063998832 148.18308924344058 133.77377988770186 120.13036338036744 107.54472558018007 96.43192193945188 87.35586364421593 81.00408651961305 78.04460858253793 78.86027898085906 83.34032666873428 141.17936561189475 126.00832875684053 111.45975938693607 97.81181122324001 85.49687873361934 75.17297079605746 67.75638870572607 64.26176382431579 65.32161798752959 70.73151115665371 135.27332920223725 119.38527198919235 103.94957387154015 89.20137787223022 75.54441664988211 63.68463807191476 54.801537685046945 50.491435966754345 51.90628908354003 58.633111412795316 130.61405860872412 114.10381361606463 97.86743744257473 82.06763915214242 67.01392791951976 53.34175408918036 42.409031802623424 36.74801059440473 38.74291731363437 47.43751739288195 127.33855337792392 110.35682111665405 93.49256563129308 76.82319155381737 60.50997243118037 44.94242803522211 31.255367263746724 23.07997398006083 26.214184826118842 37.9525077474549 125.55520825077852 108.30373170805176 91.07139781251159 73.87160423204396 56.733954020260725 39.73892777121405 23.202078284490387 9.808348878324963 15.899188451155169 31.75024242077735 125.32776308697788 108.0411853574325 90.76045808825732 73.48970851244589 56.23812984091634 39.03115069623113 21.97379546755747 6.401416697867809 14.064923396215871 30.876843919915036 126.66460294427405 109.58205636561516 92.58101533313531 75.71640249960309 59.10511567933426 43.04146461389767 28.468096835491636 19.15748635552278 22.853838062745265 35.7253191677921 129.51727994592693 112.8524767914014 96.41237286719766 80.33503704211441 64.89067053222503 50.661508847353396 39.0011057067305 32.77640042998785 35.017238827630074 44.46155661054623 133.788826956544 117.70832854354673 102.02820229170115 86.96528377375155 72.90315607522957 60.54323095731423 51.13510075363235 46.50609969497604 48.057664883578276 55.27172934456253
54.72927295964812 0.0 53.25343510927914 56.361080433743766 33.57934949303654 10.34778472453589 46.539775866297795 8.10621958946831 24.80429864961817 44.8123156789563 35.84716374009624 26.644508107303942 38.99242999473577 12.69876873150118 24.67881883154652 52.65140499537266 10.128645954986565 8.129576635954368 21.894769651360182 9.63972782063435 53.576888996405174 28.182830645695688 31.669392996907245 62.1203338917336 30.296249536507904 19.458063255521942 54.85136645655954 10.021781834761585 37.13898931108525 19.148797273480916 42.99649424883331 35.44668181605069 33.90915778449795 12.707637405602785 9.290780567603433 10.634588696876751 12.707637405602652 4.663393766239339 23.68301743933781 15.58036323156199 95.37402226052043 82.57005901963453 71.6806901120185 63.69555861853562 59.78982526373345 60.75539800741639 66.38004017491046 75.63132449385137 87.36464342071417 100.7162388063433 87.15380969965044 72.96755167352185 60.427179691820236 50.76739002716198 45.84664798350391 47.17208675705802 54.28811843519612 65.32914536335224 78.65937999310161 93.3027453187723 80.59039973211017 65.02559545276775 50.60190018388773 38.61975198990422 31.95507610166481 33.90394131878077 43.3190060897982 56.5889038912215 71.6015398011056 87.46408213291157 76.11371614304697 59.41400265155493 43.19099121210499 28.27740825367831 18.233869531121204 21.54177948753149 34.55914660083079 50.23278858406885 66.71614174194939 83.53122873362206 74.10298458509135 56.82746272107305 39.57502059449927 22.399052025478348 5.997195100258831 12.997257685635851 30.010075082691845 47.2333996917007 64.4988141538095 81.7796646416588 74.75747760058448 57.674455229543256 40.77644155681002 24.45008501509094 11.472061700396264 16.251855687151686 31.54917587036847 48.221273874961646 65.22227442632692 82.34872178574406 78.01013263114227 61.813988101869064 46.422711390857 32.982992839330805 24.88771135259842 27.379357408184212 38.452190103817735 52.973798348185845 68.79379605029335 85.19190169522747 83.55804115263216 68.65298585484258 55.16543344689733 44.40635070776794 38.72117346172812 40.31675731794073 48.47946908036209 60.611742090468944 74.80651035386308 90.09412332898972 90.98221809820333 77.47980419498508 65.7812755660635 57.008179073777406 52.643982152424414 53.77309124304448 60.08662027603115 70.19942050942151 82.72977367698812 96.74281562111901 99.8649868942172 87.69614280218373 77.50421443580191 70.15614717564989 66.59998991197021 67.43829968677966 72.51883763282206 81.04771000489602 92.0715630400115 104.8060402934242
106.68977912705381 53.25343510927914 0.0 106.64585166713962 30.96364386972047 63.51108943094049 8.11989818525499 52.96229015010368 46.95486910297391 92.69471870628294 88.82436967007328 49.566725198209284 50.11302004805432 65.72932164464737 77.0665328095965 100.46041509539401 60.989647131895346 61.382951609026655 36.85861473016205 49.886762554987584 106.14825434408932 49.23064668012146 21.804618586734975 112.69937057233815 30.362636913319015 67.93711755122683 18.20186217737191 56.380849784296664 45.73681650171114 64.42311223305407 96.12115139624122 52.6517440506439 44.119019426471006 40.780135091688244 62.50567993143523 52.4148854648423 53.906414945129164 55.5952636349507 65.56296488648584 57.71811794044241 42.152335642063804 31.044871760553743 27.376242874239605 33.67258876192077 46.01019172613473 60.817285372765184 76.67631059318789 93.05095894620669 109.71059777382294 126.5427181441239 34.64787157014182 19.750286295449186 13.356098668097573 23.77834504296252 39.38460070636383 55.99639819734862 72.92982385689989 90.00352528067054 107.15046745816312 124.34035366055981 32.06441660802398 14.782196082082184 2.759244153498994 19.885349739985415 37.17464779870722 54.47196840878269 71.771511370393 89.07198181889997 106.37292721644786 123.67414823938417 35.49334126500633 21.192098573849396 15.399522042420797 24.977949989349796 40.11686879064534 56.5114219145993 73.32414964652004 90.32183293792933 107.4167052111777 124.568760453093 43.53645709918754 32.89142272088275 29.444484220170576 35.366919344533 47.25854089347593 61.76268907134362 77.42479709813031 93.6657782777598 110.23006035235315 126.99119560134754 54.17615014660858 46.007893369930876 43.55572938596428 47.70934053978742 57.043536789880044 69.50146262147575 83.6997361147297 98.89157015009687 114.68279631007857 130.8565978222254 66.17143598152738 59.61318645228647 57.68450678719661 60.827377986849925 68.34570043063505 78.99998029697491 91.70363281357942 105.7204470282858 120.59339464678665 136.04197149552783 78.90636008164019 73.43597530369762 71.82032814956828 74.31127008409528 80.52861880545007 89.70083773787898 101.0262856568196 113.86425582412384 127.75959992303235 142.4031258333504 92.07438919463335 87.3729447620771 85.95956661323567 87.99284058074048 93.24757465836507 101.22330586674889 111.33679717726322 123.06211620230819 135.9829539505159 149.79025458034724 105.51334221914598 101.3768568795444 100.10061527604324 101.79225702370456 106.31019868583844 113.3168894830475 122.38562367249538 133.095562143753 145.08370267798213 158.05947374725812
42.08428512896721 56.361080433743766 106.64585166713962 0.0 78.86960306245454 46.66175501645395 98.9518670440829 61.17333406864865 77.96877343181268 55.21784270660797 34.49928578493027 78.50925824333487 90.62337467272263 47.12401049595748 32.14471486210356 57.56624271603815 46.76010271430247 49.25436297993674 78.16315983706733 64.24355182169911 37.41851414256564 61.663018797681694 85.07413973412001 6.099529745384191 77.68186029494044 54.39074432926863 102.35267766184265 59.522069130813705 90.28877426760945 42.27867747475897 30.77135423035686 85.82039555342638 87.59730425966819 68.60801081827717 48.77109110383307 63.33297311037699 52.73982825203032 56.45165694379463 41.99251304334795 62.94023073117831 148.2640247155667 137.29887201848805 127.74346690134819 119.93523361227258 114.23301202214446 110.96195590753364 110.33849795781181 112.40670110813933 117.02394039614214 123.90557956136456 137.96208101698198 126.15783632728514 115.74425039561574 107.12764021601882 100.77003058188888 97.11608927414566 96.473511887278 98.90101194332485 104.18421088791403 111.91942369469595 128.38088660674484 115.65294252020472 104.25082429345844 94.6548773366257 87.46163403143348 83.29591369213406 82.61695488773968 85.50785588957136 91.63135811158827 100.39770090092969 119.69380212219652 105.97370894301223 93.45019108035109 82.66885716207966 74.39107595781078 69.51701177610876 68.7741824887826 72.29005418691037 79.50161129313685 89.52011488110719 112.10900625156852 97.36684249245782 83.61144465191165 71.41529431823979 61.70991633901019 55.81023394492538 54.95588756375299 59.365106496822705 68.02191622772908 79.55152563904281 105.86380987109078 90.14018678057978 75.11368550922751 61.29913273812911 49.71727108351705 42.24613425531609 41.187013985971355 46.975630157416134 57.58259270208729 70.87669279682493 101.20660358159199 84.64809605030082 68.45826309482342 52.97619721786363 39.052928470525416 29.025765061044922 27.542129864165744 35.68407014836984 48.855366870577605 64.02383108288856 98.36327657783949 81.2431932147757 64.22064692063086 47.40083670846058 31.114304315245388 16.972723057706038 14.379134382259993 26.910192600406354 42.8983706988168 59.62461516890592 97.49270263744715 80.19183374896765 62.89154896940177 45.592513231892134 28.29701738895194 11.02173864243417 6.399207105142284 23.64602672179569 40.939380883964326 58.23782992074302 98.64713737510583 81.58507133630758 64.65061896297746 47.979096639759526 31.98433071339922 18.512526104240802 16.15989941499565 27.897734499647115 43.52168822650153 60.07248635362495
87.58790437211395 33.57934949303654 30.96364386972047 78.86960306245454 0.0 41.93130404776675 22.875291270422174 37.88789283300495 43.348637676518145 78.30628187959955 67.95588449089492 46.44115668171473 54.24896438455165 45.66865720229298 52.673121549309805 86.17929496878888 37.2774747484578 40.66424380591878 31.688187545419574 36.11819357917935 85.9162934520298 18.51279804951884 16.182040249568097 84.96763824881317 4.030709834428155 52.63668825782108 23.55291312970488 41.37550171058239 50.23247168434092 37.13135206629693 74.51062751071723 53.79813548491713 47.07900750342971 25.681571158998125 42.05844896431331 38.92263499979012 27.906630369718897 37.72025663701113 36.885242177575655 45.44303737473247 70.1680683482697 61.673353138846146 57.29175181852829 57.963650962914315 63.52891079595833 72.87494664313813 84.76019618139728 98.26760163976918 112.81600007898959 128.05106747542726 59.1597440081041 48.85108595638048 43.26299202361784 44.22271984290614 51.36454042932596 62.60740905364029 76.15618106807032 90.98650863033 106.56467605066551 122.60595500112153 49.79202501289101 37.019792113099065 29.332470356458753 30.806365937112552 40.45219528294878 54.05957436070386 69.33400762073653 85.38548589315329 101.84727460926179 118.54856829587635 43.147232433459 27.490474543345005 15.76328881566925 18.437703698564636 32.0956246361861 48.1562237266538 64.85851683577843 81.81042163650913 98.88364642450084 116.02464622523635 40.58568506107173 23.285637330799993 5.996464200953088 11.331719327268951 28.628163508992802 45.928740804314906 63.230058681210714 80.5316398242048 97.83334455955503 115.13511716947178 42.846135202233576 27.017627506888555 14.927349935331529 17.731667765482456 31.697176420952534 47.892824410677335 64.66410868980684 81.65711212680165 98.75744860381715 115.91762607195673 49.26927433430885 36.31690221242069 28.44438761799204 29.965960612281616 39.81889264740945 53.589545955194744 68.96988087145827 85.09147611137473 101.60208636519204 118.33899783312705 58.49956999653107 48.05317975474999 42.36415287489895 43.34789248186687 50.61682611513885 61.99831738685798 75.65860559781007 90.57241750345406 106.21302176680632 122.30189754043256 69.4261625006085 60.83181882667815 56.38906361208003 57.07574773488773 62.72362900134177 72.17731265258027 84.16396770146999 97.75623063175985 112.37297702561708 127.66279596498039 81.36841252804813 74.11547646638734 70.45621732133384 70.9488737023722 75.51222558655942 83.48137013293614 93.99399724473919 106.29813398599958 119.84324958573839 134.25425529347328
45.65660778161929 10.34778472453589 63.51108943094049 46.66175501645395 41.93130404776675 0.0 56.65224164467961 14.674610486317809 32.048346936962574 38.43211837481281 26.1618942018862 33.16081815410947 45.6753233077779 4.6619337808497 14.605536200480632 45.946303852957975 6.21727400759755 2.6020631482108536 31.59387211618783 17.622739331155934 44.090420621827064 32.504580277508886 41.82934515769073 52.282975433618674 39.06748057079016 16.093027252156695 64.20215473911671 13.781944906502082 44.586382200567634 15.525618852150435 33.0642494008465 41.42752394339489 41.621331627784045 23.05382055414842 2.6015981305574853 17.032386867298484 15.761390996928439 9.81043893732291 20.706077409493727 18.62956929925083 105.65312340047326 92.91739594106367 81.87425736099222 73.29281775544013 68.10999792329967 67.11779247198487 70.49337473949508 77.66933284483868 87.71787852701434 99.77484015499402 97.21491317017464 83.24443029208312 70.76178917680281 60.692060778103766 54.39229243932995 53.21857301298722 57.48574911844992 66.14911935357442 77.75281623211686 91.18110919372201 90.20843038793863 74.98311606277424 60.87758696254587 48.871255487188726 40.858594568531956 39.359319177296015 45.02880612293295 55.72016577819559 69.14178538698377 83.99489399471231 84.98862246043639 68.64516533498393 52.91466732581063 38.55484185913724 27.77949174575759 25.605370741929313 33.73841102250783 47.1130158673161 62.447599378757886 78.60330521320144 81.89790904288279 64.79754071276805 47.84232497537745 31.269279420680466 16.289892932346827 12.315290813868945 25.23262102393954 41.477909053701865 58.33405279090517 75.39243655939298 81.17988021776002 63.89180474428468 46.61401117652799 29.364654358977365 12.264313125989021 6.1038832275986294 22.865147443954434 40.08847849426209 57.35913886652516 74.64428362711921 82.89622403657678 66.04910812488137 49.516639798514966 33.7642230486646 20.660593107226806 17.67511429476571 28.225368579585282 43.35487753294788 59.67689325567072 76.4312107694576 86.90279918575355 70.9907260493889 55.910453395564666 42.55565001316123 33.08620305376329 31.25890676826725 38.18704764111968 50.37946901354202 64.9356614189892 80.58472736798775 92.90371832069803 78.19046317003011 64.76959107278661 53.62047247996857 46.41027854461844 45.07079525200545 50.075372781081825 59.85326288592046 72.49818577953731 86.76557237004103 100.54243713890087 87.08998426603584 75.22795815574362 65.82190101040969 60.0374570806059 58.950542734129414 62.805520143329986 70.79969539556295 81.72733331854648 94.57702569844292
100.67167545439813 46.539775866297795 8.11989818525499 98.9518670440829 22.875291270422174 56.65224164467961 0.0 47.07737663468952 43.39427345355339 87.59373592957827 82.3389469848406 46.23921527546706 48.77211531654941 59.170379448173115 69.8515687411192 95.44737391926812 53.74769331502885 54.64278176727942 32.3119274320349 44.16007186341452 99.89198810099403 41.11075637299976 14.883746667086172 105.0220569530343 22.259083602729458 62.33801467939961 14.897018415505912 50.602594058109446 44.324676660813154 56.68117586000115 89.53458299400083 50.564863451096286 42.1880927695646 34.41370847674786 55.83036910526794 46.82713141414198 46.25629700966531 49.25169060136896 57.64423581517643 52.53543851336624 49.42814182060081 39.10849850372348 34.84990301315051 38.70742123013203 48.79263069339188 62.14406484177182 77.0827893464556 92.84576277339765 109.07622357568636 125.59306138045037 40.62292849490508 27.20625067660259 20.708677607829134 26.76247515962196 40.02901848765908 55.56191196758995 71.90717139385758 88.61640948580471 105.51685295870774 122.52940864240622 35.510414697887995 18.781012342806452 6.570897150160139 18.23020422893772 34.931610258224275 52.02699142144334 69.22507977337075 86.4646106509218 103.72492233074765 120.99712195806237 35.71342094561038 19.16035540422607 7.583094651320954 18.617216533716448 35.13419274912512 52.162587843168836 69.32656750878786 86.54550061262044 103.79204069534892 121.05438888693033 41.153356664892904 27.98853791636762 21.7216258440955 27.55015587324224 40.55742142538934 55.942015171071525 72.1998959471397 88.85298066334511 105.71466622606566 122.69898297168154 50.15410844628818 40.01796600713988 35.862904147965686 39.61774180584428 49.51454653873035 62.709827406042 77.5374868613963 93.22182451155392 109.39498408324938 125.86867680447907 61.16325889071855 53.11634037391299 50.004482828073016 52.709129216190775 60.454591340624496 71.62376866023615 84.87562766395442 99.38048810846028 114.66382155130042 130.4523048442264 73.28103623680418 66.65631939728314 64.14602821110432 66.21974275853778 72.48509572857134 81.98668947094994 93.74560668955253 107.02034232764667 121.3143105527057 136.30723968959106 86.04016231083881 80.41500115029086 78.28741127702284 79.93715402705567 85.14494640544622 93.31697957781017 103.75518748925313 115.84861957739906 129.1330703495967 143.277634436564 99.19331181522047 94.29654966748735 92.42855109969733 93.77049880748964 98.19087250726368 105.30270675265092 114.60603938317637 125.6148879865786 137.92145413491056 151.20921447510256
53.7284915251851 8.10621958946831 52.96229015010368 61.17333406864865 37.88789283300495 14.674610486317809 47.07737663468952 0.0 17.53249988715237 41.11901643669295 36.367210771074944 18.99190186524189 31.494319390447078 14.39180501882595 29.02863235609056 49.04014624787268 17.150517580057734 12.083529999323396 17.885083708349516 3.2909713394721702 53.267436072332764 35.42843908011401 32.4000681234902 66.68349436723292 34.194830839136316 15.400800423276756 57.20763031477602 3.611180770472452 30.066973831303923 26.86447214602595 43.81842068445929 27.652707252409346 27.017072535191893 13.047034951399006 12.411783772225292 2.603458061327725 20.73390012997744 5.009290018300527 31.595787100295258 8.042591059481403 94.62360093947244 80.81570402445537 68.61071475450403 59.011713595388755 53.441879683944684 53.18257860686197 58.30470676397735 67.59579125028128 79.60931577945554 93.29949261898585 87.473123517859 72.35370837708983 58.45748166685566 46.88498137830445 39.72193429384391 39.44830691521721 46.1867085008629 57.523572863672115 71.29808620831218 86.35148538335677 82.14901116107691 65.84910953284079 50.224108105065675 36.15974918110498 26.292670156850225 25.957506898333648 35.42584426716294 49.34469917784963 64.9116233742161 81.18404386552345 79.02136950002641 61.92196057816559 44.97771237292439 28.46705223663107 14.016581611615702 13.463621407369672 27.654776929508206 44.12501917202331 61.05703064452406 78.15124893176886 78.35371684238008 61.071582731247446 43.80508009094342 26.5846838694851 9.66019364710267 8.866048519580469 25.741170167584865 42.95721612295379 60.22250860487233 77.50414323430968 80.20751742082867 63.42187137041926 47.012060370931344 31.569700781311624 19.54150274282255 19.126076084959262 30.79700274866863 46.149930716316284 62.52910495800027 79.30115991244189 84.41679551344393 68.64482260629852 53.82134125939752 40.988665235356194 32.590080993368574 32.29341851096826 40.278097989945785 52.91969647320546 67.6562796084333 83.38440420437118 90.65397725565431 76.15157294523799 63.076810895779495 52.50723402250213 46.19565691588863 45.932247413269835 51.80933823478389 62.107545801703296 75.02793149135188 89.44125056835338 98.53463829769908 85.34148698182952 73.86447196679941 65.01882343415889 59.98025463402936 59.72027172278438 64.29686716169151 72.80356970891957 84.05550999848353 97.10300779450021 107.6985057284316 95.7309378632399 85.60691593922515 78.04718389515578 73.84354431169011 73.57351714058669 77.27834805264389 84.43643168855202 94.2643420376218 106.02220818187061
64.03597631838885 24.80429864961817 46.95486910297391 77.96877343181268 43.348637676518145 32.048346936962574 43.39427345355339 17.53249988715237 0.0 47.26135472403632 49.776548493401165 3.108442452700107 14.22080641059567 30.85765446241995 45.96643923727134 54.68057278792379 34.56932064869421 29.49826852034019 11.986800286262586 15.182916108352801 64.67132414765953 47.67745223623452 31.358401372595413 83.26827639573322 39.319174474068475 25.97172427059647 56.6201511349215 18.495071316269854 12.544610724303535 43.95274689124383 57.179456524448256 11.35987604172101 9.634426584904253 19.76235828169049 29.62952662286351 15.043236946750218 36.21037144053465 22.54177169316344 48.391533869108024 15.491770901700345 85.93028027234361 70.48935626417885 56.14439582427056 43.98118433596819 36.26573487435263 35.982913079079765 43.27867949273573 55.22703795132699 69.46736572170973 84.85347156621229 81.13205658369415 64.58185349208762 48.55854623145675 33.81952750197015 22.98477508115788 22.617487644532265 33.068308482810714 47.68843383054308 63.6676670941584 80.19768302066429 78.61179695178242 61.40083454671108 44.26085969809876 27.325780401295244 11.536299363766815 10.871406837584166 26.495322707853894 43.411175050948394 60.54561477396908 77.75426787353719 78.58899960301899 61.37177791450586 44.22072774802667 27.261030302264274 11.382800890713321 10.709150829852552 26.42947292848882 43.371206340840885 60.517100162187596 77.73217259934587 81.0657718923745 64.49894398783393 48.448732150763746 33.66239722535077 22.75402811358137 22.384058442081546 32.90984378255634 47.5792079772515 63.58628558238591 80.13340043340769 85.82595479554409 70.36272314479672 55.98605847431041 43.77981637794722 36.022403365353846 35.73880817701938 43.076895421798426 55.06980181535546 69.34302321251037 84.75219352842974 92.51770073536137 78.351010941033 65.70341527628507 55.62102606053669 49.690644982728706 49.429988421586124 54.91984349673207 64.71287786658574 77.18824917973896 91.25238056332721 100.75680440125606 87.88629648838753 76.77735876221159 68.29508589695538 63.5009364355596 63.23933372659344 67.56294815688751 75.69005765941372 86.55583125628623 99.26496487309684 110.19663258882544 98.52030616868015 88.70111760961085 81.41382221289193 77.37711079046024 77.10323434381576 80.63054547328251 87.5005464282677 97.00562371186001 108.4551570109172 120.55533634515757 109.93453243637411 101.17453661965426 94.79264442257528 91.28897606924843 90.99660436468446 93.9455161199262 99.84894156155829 108.22446766429191 118.54928430450981
20.220309721625156 44.8123156789563 92.69471870628294 55.21784270660797 78.30628187959955 38.43211837481281 87.59373592957827 41.11901643669295 47.26135472403632 0.0 22.009548594912328 45.52528871805983 53.00525210995531 33.89700661636845 37.426484956456044 7.921580676204159 44.519765729220865 38.73206810321493 55.855348062848726 43.689152423447034 23.17593136898954 70.93354077877238 73.253651445804 57.82062879866282 74.85468138175875 25.794864356218856 98.31997617307826 37.50795227709973 55.24565430684767 51.8581762521828 24.476114348247997 47.900516104218056 54.33968716213726 54.162328681280385 37.321583680860854 40.91345175354937 54.16232868128036 40.58749047715793 56.57149321602196 35.06430164559107 133.01877432132952 117.75017557857002 103.12569980447897 89.4617943964337 77.26973494599149 67.3536027728797 60.836668715989795 58.85906302924668 61.857699013071496 69.18856220453613 127.32546277638467 111.30891987682809 95.74069907510733 80.8801021096672 67.19824415892997 55.572662001279774 47.53673473226555 45.054025118924415 48.97645202710872 58.01917071288113 122.98029008519424 106.3345578515559 89.93683038063382 73.95226531944844 58.719251140477986 45.00746810110354 34.6713532626669 31.260871886688996 36.757180346653804 48.20422517589314 120.12969966826635 103.03983227526032 86.03476884199773 69.17707702398471 52.608617573650164 36.722982204753784 22.98260913392664 17.508150810390813 26.145410469210184 40.7350187677564 118.88129533638029 101.58834613426698 84.29908245112394 67.01635678157788 49.74698375600119 32.5122477189037 15.428663358265112 4.213620377129317 19.904247856051168 37.05829341888197 119.28540958823774 102.05879462963665 84.86282617205896 67.72085391233057 50.68769009715955 33.927612415719125 18.21090127255472 10.531099191090629 22.110727244347192 38.28286238593733 121.32552510712314 104.42519874613852 87.6816512749816 71.20556547083581 55.23679828145197 40.381752827951274 28.442552369237657 24.207072434857803 31.011234629289934 44.00138335740524 124.92148595143668 108.56361624956268 92.54969704918136 77.09436169188501 62.61262904332058 49.95846832268341 40.86639608620135 37.986611214367414 42.59823311589329 52.772557529284796 129.9441421566488 114.28164695428657 99.16556869539376 84.88831270285074 71.95096724501428 61.20913474975009 53.98958327012688 51.786991244983746 55.20516514259729 63.34057538635553 136.23572212845968 121.35613712056326 107.20608429600269 94.11519252653987 82.58866072319957 73.36754567067601 67.4047409138831 65.59492282192174 68.2691816622063 74.94905531114668
20.003210828896805 35.84716374009624 88.82436967007328 34.49928578493027 67.95588449089492 26.1618942018862 82.3389469848406 36.367210771074944 49.776548493401165 22.009548594912328 0.0 49.36008333425966 60.25619897335043 23.171108249877154 18.053496979638354 26.73949202438988 30.799292945777285 27.845777450978186 54.11142957174876 39.63028543683614 17.960471871278582 56.36399395784477 67.45542726502579 38.10007205173996 65.20070527561116 23.83988866986913 90.36127618933887 33.35338489099368 60.9584735246773 34.87639674004643 7.486181097992486 55.11717652923573 58.897984780150615 48.05008630111522 26.580387850272427 37.57851820887752 40.65322659863387 33.23586866097273 38.734437046503324 34.39877046286456 130.78264129279307 117.18236482082106 104.68046069167488 93.71753273091213 84.89191891611677 78.92391728329825 76.48539996422349 77.90849095193047 82.99478527858302 91.13298343930364 122.96185184256959 108.4265421465968 94.82461401457036 82.6183644991413 72.51603430125323 65.49847828852705 62.61166372723835 64.41338805396944 70.54532610857143 80.0180970784471 116.32355180236678 100.87191468645669 86.12676459996182 72.52032768866907 60.821691982414386 52.32647936974258 48.73955899541289 51.10509484534038 58.70791060373969 69.8584909362309 111.0800480924006 94.80619010786027 78.97061427912612 63.8999983954373 50.28687014357808 39.66152369002975 34.87135289497501 38.17975488123916 47.938332799519586 61.132491026410534 107.43583766691906 90.52924161165903 73.80609326291712 57.42688101497984 41.79791104768555 28.195664867005263 21.015163838412597 26.210496934367 39.128693211768606 54.532839279463666 105.55674537326583 88.30143966559426 71.06880720528362 53.88060713744285 36.79915285403336 20.098478385464993 7.241089242022471 17.309860507101586 33.84586423041357 50.89368465333804 105.53712450187882 88.27809113392969 71.039928755015 53.84268713514947 36.74386772650363 19.997551105797665 6.957417776300857 17.19368055881968 33.78687640730816 50.85466311680536 107.37799466117829 90.46090330956223 73.72264117257316 57.320084779662615 41.65174570998537 27.97955014143558 20.725685403637925 25.980075994830038 38.97545594155108 54.42351961143966 110.98679269283058 94.69741081164128 78.84059115640855 63.739985494121626 50.084333131723774 39.40561936270101 34.581396547443696 37.9163668448165 47.72982819958173 60.969909487183465 116.19886666446241 100.72876396802447 85.95983506766899 72.3229194476001 60.58727744717031 52.05510328629986 48.44947313019785 50.82982582933922 58.469590556648654 69.6592917317006
62.8484878481884 26.644508107303942 49.566725198209284 78.50925824333487 46.44115668171473 33.16081815410947 46.23921527546706 18.99190186524189 3.108442452700107 45.52528871805983 49.36008333425966 0.0 12.53254588440511 31.555606840851986 46.7004522822023 52.794598303134464 36.14182889018076 30.6693404611893 15.08422489024664 17.02306962180611 63.69465423871334 50.42260044221294 34.41537593872201 83.69020038191947 42.411061114464474 25.53237588992932 59.60499975388814 19.40715961985801 11.81560522332234 45.74873937915144 56.68616123129372 8.873776563525062 9.541500310065231 22.597400753764447 30.66341998735885 16.41164793267012 38.44148104615094 23.95447574206656 50.32251263401758 15.602600557155867 88.02600547192863 72.35513076858746 57.62517026112401 44.77458583507947 35.88279275432834 34.1920178565824 40.61183749196446 52.2327157433931 66.37695257703885 81.7450369308957 83.56622568062046 66.8842603642379 50.62021499477186 35.35561793376841 23.159122275703393 20.527587326272478 30.085385323293462 44.58240292325687 60.570310899805094 77.1274668732276 81.34341065189946 64.09850671338361 46.89562990928134 29.80763461925593 13.285461749897653 7.9514364443385315 23.423505810537836 40.408035620294335 57.58186777303039 74.81475178781496 81.54073840554884 64.34759515688317 47.23396305504472 30.33471295335354 14.42413375940382 9.727781870917678 24.081468522904167 40.79114846363105 57.85007986521691 75.02039035158195 84.1411807930415 67.59798181635753 51.55528288939308 36.67585649681838 25.11973155877648 22.70670793513758 31.605370821710807 45.61705330413354 61.33223334714954 77.72439353464777 88.9341506996743 73.45226244658423 58.99062445079766 46.51085792062933 38.01753875329524 36.415845701786914 42.49237108557927 53.70099253945634 67.53294615114298 82.68197051812342 95.59034857240691 81.35013417902452 68.53375248334868 58.09137144136293 51.488260317996634 50.261076126987696 54.77236442368255 63.81652876700383 75.78778325852053 89.51942887703022 103.75170121298189 90.75956190101587 79.42842142146549 70.56304744053786 65.17750133670995 64.15421403816505 67.691307855554 75.1475656387244 85.50376345715247 97.84336457111363 113.092715155302 101.2599275742004 91.19137777687561 83.52751383410587 78.97156128703489 78.06954051022925 80.94369992437737 87.2215323064513 96.2392465498396 107.3083090573451 123.34555510406585 112.54616856871671 103.52693481397922 96.78679911107697 92.82356818513546 91.99683265005982 94.38904440293004 99.76892435725446 107.68963232146169 117.63905656290127
71.80290652876518 38.99242999473577 50.11302004805432 90.62337467272263 54.24896438455165 45.6753233077779 48.77211531654941 31.494319390447078 14.22080641059567 53.00525210995531 60.25619897335043 12.53254588440511 0.0 43.91184085673948 59.03118068149924 59.5176708692664 48.632593884585674 43.194961942956766 23.047058817255948 29.354613179138397 73.21598361204391 61.03418765296159 39.94773329633201 95.67272394913678 50.31592223915197 36.78186220533694 63.26993893406295 31.903310527114556 4.447646083776164 58.13784702299441 67.36933353252027 5.220656169858139 7.182314716617554 33.156621846749445 43.16319031265778 28.92693535895518 50.377903010998644 36.47349550959543 62.609276908929196 27.740081613008417 84.61783512383982 68.0108466549695 51.86023412304307 36.77232495779318 24.771662464779677 21.766442491033047 30.539026755022565 44.61163156111283 60.38604611078553 76.82097915384509 82.17185067974802 64.95673739376329 47.804348786198005 30.819590104847155 14.599720782279725 8.670057724357884 23.14954203220027 39.94178304720542 57.039496062021655 74.2319037230887 82.1150177548891 64.88515676903148 47.707487706166404 30.66983181837058 14.282372721077852 8.126939372584545 22.952592507884926 39.82849794236297 56.96060375469131 74.17159090980455 84.45216068660102 67.80555216175307 51.59195554457976 36.39475736334752 24.21029458426056 21.128413993682184 30.08974751697028 44.30674268197746 60.16222653977032 76.64601144878617 88.99483915389635 73.36143534085967 58.67219714749967 45.843875977851546 36.8727939681997 34.87481367984907 40.88532801910173 52.20799928239877 66.1698424863434 81.4243737705297 95.42854260131483 81.01230909364054 67.95648403728373 57.200308017629965 50.24309672625178 48.73976114826898 53.15507390427696 62.24195902707901 74.30587501637442 88.13266520900169 103.40080532003478 90.22670390986215 78.6681895573782 69.53563396270184 63.87815844067327 62.64445908385913 66.08276458379288 73.54066690662384 83.95368959023986 96.36860845190239 112.5851595550171 100.57568914603623 90.30063783768458 82.41132199317413 77.63846755246931 76.56710878574977 79.34732197401756 85.60465941577999 94.65200882837296 105.77586061408317 122.70962980313074 111.74434851952527 102.54081626618688 95.60916258733636 91.4673621405178 90.49927126624702 92.80426315128454 98.15201380904266 106.08335291868457 116.06985445631251 133.56046496287053 123.51038302299624 115.19501573708929 109.01205718034069 105.33767414977352 104.43697910637893 106.38044763741432 111.01881236564715 118.03479903384557 127.03507740121321
42.11489729072089 12.69876873150118 65.72932164464737 47.12401049595748 45.66865720229298 4.6619337808497 59.170379448173115 14.39180501882595 30.85765446241995 33.89700661636845 23.171108249877154 31.555606840851986 43.91184085673948 0.0 15.145581034981769 41.4844828538632 10.879206197246821 5.0182657746662205 32.16279947567284 17.63626857419519 40.880644193627546 37.051182396967995 44.287610086955674 52.49862901183384 42.61663997874091 11.7306743346458 67.46523195795861 12.400783387749868 43.255280637432286 19.901403241549737 30.39614284172327 39.382060436454054 40.49129717230595 24.95703979717011 3.6110760818008694 16.31991845367833 20.268370291337078 10.341467314452698 25.06352560962591 16.248755319985186 107.77301078566369 94.54933973905668 82.8421768698321 73.38097658491212 67.12229147952638 64.99791639301934 67.39991906914335 73.88817143952627 83.51567218011056 95.33606848026103 99.79315205918552 85.38625069288663 72.26099368282216 61.24697053806592 53.66034274731629 51.052660647074134 54.148099932339775 62.09959810763974 73.34442197994268 86.60917490320804 93.27663755022094 77.7073323653392 63.04787649880083 50.10336112303953 40.550779251300796 37.1091826540546 41.33429585630099 51.36792216859003 64.55625205304608 79.3414315946473 88.54723920946203 71.98922594607731 55.88376063217468 40.77072138076799 28.288154957421792 23.171073979800738 29.534532286153404 42.50164108407707 57.785823190354485 73.96434410013515 85.90071512592343 68.72322388928524 51.62890016633198 34.740730434157626 18.628112032188344 9.263258214235389 20.574803417756115 36.872080314100735 53.800476445571334 70.90941695512312 85.5306703503174 68.26224891590287 51.01653826412682 33.82829021355931 16.87402601666445 4.881166066732683 19.01663227947722 36.02988089428254 53.22955780560408 70.47930777201633 87.46600832399918 70.66122650911994 54.170352918890295 38.39996384010378 24.766897151038485 18.73374095258019 26.214858185586788 40.276499516722524 56.177272281173046 72.72061133242413 91.56063128310417 75.64852706714086 60.504201962528946 46.87777324224469 36.51028833890198 32.66779831091536 37.41760681609135 48.28745090243883 62.144886280933584 77.40157768681641 97.54293857117906 82.7574548521436 69.14962564656425 57.56082040489958 49.432057307320925 46.61020766955575 50.001975499054986 58.537053000870415 70.36816410535114 84.11583317211985 105.09097698425262 91.49471502728956 79.35457067965976 69.43852297794335 62.80895346208668 60.555068927725905 63.14715897746206 70.04931532281593 80.15575489938158 92.42120473970269
37.71972755904406 24.67881883154652 77.0665328095965 32.14471486210356 52.673121549309805 14.605536200480632 69.8515687411192 29.02863235609056 45.96643923727134 37.426484956456044 18.053496979638354 46.7004522822023 59.03118068149924 15.145581034981769 0.0 43.60528103375474 16.103881018467835 17.172292643363356 46.19910807565606 32.11109907921547 34.942602397045164 39.14247905248688 55.26297946842554 37.69651390412817 50.45966341745674 24.389118444932404 75.89348998416942 27.473863141730664 58.39486258877972 17.174358647647395 22.89766687000939 54.43426980367565 55.60015034453879 37.28847177942884 16.630658521014745 31.20512489597998 24.766494238068134 24.338512404131826 20.71329561528571 31.311267861871112 119.185845778294 106.98508687032263 96.35888111162247 87.8802668626866 82.21636587355131 79.96750909070654 81.41717498246665 86.37935189176457 94.3011699994311 104.51177479950688 110.10003003053626 96.80959395403042 84.9757055393108 75.28835078720998 68.66216701309916 66.02531920510044 67.84456172704547 73.79104632868243 82.98219485527223 94.4757269873066 102.16025528124595 87.7183817319401 74.50511058405509 63.2946189484323 55.31822798976778 52.08362682809976 54.44265143061315 61.75759614472049 72.54446459789132 85.49911275133478 95.65246130714829 80.08173235815525 65.38716095887258 52.31237173558035 42.38388977679424 38.143288352704644 41.377931773638416 50.676054375930285 63.42474433564976 77.94895995811542 90.88488208583938 74.34933699525082 58.26059354451587 43.12169219077233 30.38708020501319 24.20701712637335 29.10833972793792 41.31975234751606 56.267745246822656 72.27383416547865 88.14043214775553 70.98413431868904 53.92097884102233 37.07977456519112 21.001440257169723 10.291957655815775 19.222418691410677 35.09688671022699 51.89214412213764 68.93845715467259 87.60948770900818 70.32681634030835 53.05669979453574 35.81730344692276 18.69381170143204 3.8407684448848682 16.696045794287183 33.78576511907886 51.018736174043774 68.2865908763125 89.33153305170224 72.45113219039969 55.829404323590005 39.79183699916974 25.46704281259341 17.67660376574254 23.980543050382494 37.89963908159373 53.81831392053886 70.39283526874445 93.18171927878707 77.12755254623917 61.75106973943651 47.71203794044142 36.5840294834103 31.60779271712906 35.47425272030832 46.005449134601676 59.776992166250835 75.02522864407824 98.91179063801172 83.93050401704289 70.02728106758185 57.98287760126452 49.18243089076426 45.54681475161274 48.25781358533018 56.40766102539195 68.07007628091307 81.75542648345521
