0.0 45.52809326702032 21.600337433265697 62.72500850174257 32.85232989633838 27.1284298488819 87.65493505168611 103.37329473702923 44.118573478023706 52.69245722321711 86.32927787166669 51.04760788565629 33.407255118550125 47.743812614048764 32.60564708500114 55.24679720433192 43.39657033660466 63.386110419493605 41.51611269801802 98.19288148838335 18.610444874356524 49.611068533610855 73.69959328748982 26.34207049113203 75.54859235649747 33.201157155234974 108.52856288130465 54.6644072130075 57.717361119603474 49.70142292600905 82.64409968475061 98.02162304378844 30.116248913185796 34.08276134903423 36.12742858964687 53.325990974496236 101.16332065120193 78.36183652867753 42.80007845838306 56.87754222735353 152.2536029613523 138.5928572726997 125.83113740746985 114.27005197667351 104.30958249633731 96.4469170451851 91.22609933697684 89.11267687088471 90.32503387340383 94.73557354851815 144.34377258067906 129.89494912911448 116.2280373925018 103.65279197551807 92.6149644206361 83.72483339878971 77.72290244071021 75.30296902089079 76.80436489169057 82.01200846772055 137.41633751869836 122.18743369496761 107.5870954793651 93.90895750587222 81.6179913495017 71.433855771226 64.36450897331174 61.49373388563275 63.394507852611994 69.67742081453308 131.62660444781744 115.6685843876706 100.15778683983214 85.33841778500637 71.64084917653423 59.84044975558137 51.26451032502467 47.685669195084216 50.18464416676187 57.98082794788304 127.13019529896573 110.54898215284614 94.2272589156238 78.32741001785257 63.16880533333318 49.438049559815774 38.68658024825804 33.880528454730104 37.38765699396942 47.39716819253764 124.06787323991837 107.02968608303802 90.0920743727357 73.32476836369118 56.878581869679465 41.14044390347828 27.36075296527368 20.084748200536882 25.62996384973293 38.847195687727655 122.54723932441378 105.27136909810423 88.00573760050413 70.75784028996912 53.54481755940507 36.416156105784246 19.594355734644612 6.360388421858178 17.19545632383042 33.906139688539305 122.6256825452455 105.36225681257092 88.11393546516341 70.89174428140416 53.72082010681126 36.67324556445088 20.065908629070535 7.6855552558273015 17.725917512837487 34.176920068285746 124.30017439870015 107.29764887792882 90.4087877831902 73.71176104738007 57.3742963323473 41.819940187088726 28.367521386240057 21.429803935047065 26.692097679773976 39.55263600759308 127.50782700126871 110.98106201073222 94.73148270489064 78.93046951651834 63.91159310396984 50.379281064385445 39.876806549938195 35.2271905396266 38.60644659467047 48.35977663991054
45.52809326702032 0.0 37.760672677254824 34.192808638867575 23.244297473274948 18.47402467392321 46.398925753434746 65.60543271144415 41.75620193425754 11.398011667069344 42.82113074914474 7.84920937041652 27.207381501220258 15.294170227083502 17.464038421635745 37.0285236808351 14.608748356199294 44.61056700221985 14.907562342005702 54.761447665847136 33.670156036595294 5.133012407846171 28.184820358388176 19.21538028608033 32.249337866066064 12.838704515512642 66.62361385219988 22.924073672902665 28.77888166466883 7.9232526270847226 39.00822678927131 59.41307995078989 17.907942603254885 29.269088757083228 25.94846941181738 39.69866963071526 64.97576487164011 32.87096285208856 11.857483823669131 25.767588509762163 109.41720027218588 94.6503328388985 80.8946666986074 68.75978837246556 59.250060734174575 53.776674314947584 53.5909647909784 58.743102723315495 68.03096744350805 80.02732501015112 103.23891341606547 87.46914715541753 72.40259846138856 58.58435732432002 47.12561598172791 40.10269990551645 39.92913093610447 46.68137267112429 57.98854810315739 71.72795108728613 98.69938626656405 82.08742451202608 65.83184768086068 50.27951439350012 36.34470331125421 26.69374163589649 26.51197312323898 35.94334552978509 49.79632465819699 65.31565129142987 96.0313680075756 78.87445246416577 61.798445320836244 44.895761705010834 28.476726928052788 14.315429314739296 14.05887758207824 28.09066648804725 44.48856067672102 61.384782323398106 95.39205967052169 78.09840636026794 60.809462033481196 43.53083778827851 26.28289506994892 9.239095027523755 8.868187501312459 25.896760244294725 43.1434027599082 60.42166648824881 96.8216650320524 79.83039822686627 63.00843113836783 46.53970949615819 30.992563261028668 18.810785391389793 18.597434464217386 30.603851756255406 46.10899226872281 62.56352648140524 100.23167676170893 83.91525218572018 68.08714345515882 53.18512658670526 40.2512770972003 31.786505905388132 31.61182752110601 39.836445029756604 52.66199861191071 67.51547137320848 105.430062414548 90.03323109778222 75.46635840531671 62.31423359173795 51.6687533580733 45.33167046812929 45.154894859197434 51.202271634385 61.669154523991985 74.7208172277304 112.16838518633895 97.80345953827572 84.5457488062689 73.00101003672988 64.10154579621793 59.055615843539194 58.86272363788563 63.567063702044 72.21786360349994 83.59883337187289 120.18782710458039 106.86604060153138 94.83815390182595 84.65747568708443 77.05964506094229 72.85724094038008 72.64195875282346 76.44749007608645 83.72736267051863 93.67503260545712
21.600337433265697 37.760672677254824 0.0 65.48763662288403 37.612608344820686 24.19235749013587 84.00694578683024 102.46805023402622 55.646134352079464 48.10057199070927 72.24528620302972 45.192647034344475 14.800345447322625 46.73742207442381 33.45441965843171 34.65255789828959 42.899254232853245 70.50891175494812 41.372442514160404 92.45135116634349 5.984793667078866 42.809288134632396 64.30498839712635 22.085266003712178 70.00988613208189 29.48465288826341 104.37470680419969 55.1227636505876 59.830770479699616 44.53505356961012 68.85453505835446 96.4756524227761 19.93000576795362 14.476286804893327 42.16174125480487 32.16824335747284 101.26861017683886 69.02393808707424 41.01712612067275 57.88743586385036 147.08637097754558 132.02415499995226 117.57995146047512 104.01155211876512 91.70851361927097 81.24771057882519 73.42084163709512 69.1284312546472 69.03296703406969 73.15088226465718 140.97703237339388 125.21409026504121 109.91502174815369 95.30348614986843 81.74898042544781 69.86942100155493 60.657027985684046 55.45730754071919 55.411639012121725 60.53168904869634 136.04438935985615 119.65945327997034 103.57315767454136 87.94952285732573 73.08586388606145 59.55395686511995 48.482052410543446 41.869444503216386 41.88432534431914 48.52059753920064 132.42007697793852 115.54153417701333 98.80954114504013 82.31351463106739 66.23000776808954 50.951183847936726 37.47455550927392 28.48458274818972 28.585145909892468 37.70357605946014 130.2134414930105 113.01754906927276 95.85982041318287 78.76519955889422 61.786089642938784 45.0532774069489 28.996335230406196 15.826870456151433 16.090522677577948 29.42843406638382 129.4970071665766 112.19515978822604 94.8933427486941 77.5915763433639 60.289904164676656 42.988439983734516 25.687604084368136 8.391283469563644 8.926806609814605 26.223571792235763 130.29536835485266 113.11149909557471 95.97005813837445 78.89870410258224 61.95539990693517 45.28410609464388 29.352028389392594 16.466496135559964 16.717118113739183 29.77400207749101 132.58115182501382 115.72525858606708 99.02332500925618 82.5688323922173 66.54558614288781 51.358813785356766 38.02433743928439 29.200727523792715 29.295469003379264 38.24233630838717 136.27950197864496 119.92546863983628 103.87896053523293 88.30777938573574 73.51458632961327 60.076867025553824 49.1199607630782 42.60300675534811 42.614162778894055 49.148983708879655 141.27947930425475 125.55295563577786 110.29912293797345 95.74417386472719 82.25992702273435 70.46376952366656 61.337496642786995 56.19726533136648 56.14868853797733 61.20389101876602
62.72500850174257 34.192808638867575 65.48763662288403 0.0 29.962432449070857 41.29837690030737 31.093148529483948 41.52148008413101 28.302504329070903 23.874163486712952 59.9764903383068 27.544039762584646 59.282719679830066 19.700319699234875 32.228310128316174 71.11794736300969 22.839311709261388 13.880116667019898 24.19253826525946 44.09459599254037 59.90893638231983 30.30873451262376 38.231696482676256 43.4076972673644 27.731549996060533 36.32513558316897 50.238353847201424 11.314736473741373 5.725011277512183 26.6088033670051 56.773431415527554 36.97810920253468 47.21138729827461 61.493593494504054 26.68454856631292 73.8914773629906 38.73989810413117 40.172952295873685 25.17788049394864 8.430755918897058 93.30204051811981 82.26165482419559 73.67075610781325 68.45781269062222 67.41109176715369 70.71583860843296 77.81963588225902 87.80519910158203 99.81133007326846 113.19691512374543 83.57939430346623 71.09917127683758 61.01941357741306 54.68404871214645 53.44175527634422 57.62288524312684 66.20779616983566 77.7511885223779 91.13573411369566 105.66407346281505 75.27461055939463 61.17090441393476 49.15483849905608 41.10015569455003 39.508904029555765 45.070946810323136 55.68243030228093 69.05347124877247 83.87453002947376 99.49973734979976 68.90243175779314 53.17293276482786 38.805759174127346 27.984345641459775 25.672373215889642 33.67088329328252 46.979745706081125 62.2830243411267 78.42170761407081 94.97085773344371 65.03354959076341 48.0785701888235 31.50314658300025 16.494258760784778 12.263192639725307 25.048437268311805 41.26954712208059 58.11746573916995 75.17191711284643 92.31851068490285 64.12274786192383 46.844971023815795 29.595428529992915 12.491638496214907 5.9081500963428 22.63813167194492 39.85946984627719 57.1295302803216 74.41439838141285 91.70570159852129 66.29207676823485 49.76012105477842 34.00311820798073 20.858251213929236 17.681443236017454 28.08758482822878 43.1729499040805 59.47778560694139 76.22350394278074 93.17269085530127 71.2607639975515 56.181846725440295 42.81836299249918 33.30365459234523 31.361815971987696 38.1667720003535 50.28469310618147 64.80051796535675 80.42619466465307 96.62477601345985 78.49896928635748 65.0801994278338 53.921055152844374 46.67152957467234 45.2513735677527 50.158205705499704 59.85572689621689 72.44497317068546 86.67493227982733 101.86028316319256 87.44483442697056 75.58539281615869 66.1694840868674 60.351852661152975 59.202939903615274 62.9787785300575 70.89683684958487 81.76241730445511 94.56490241856105 108.62156845114767
32.85232989633838 23.244297473274948 37.612608344820686 29.962432449070857 0.0 14.824250451926918 55.84231727725699 70.59161165092485 20.6723845391145 24.04673681802236 65.23988142152369 24.23528097258388 35.88386545285176 16.561524680060444 6.643181198358367 54.26452245510229 12.594868974299828 32.93533081408491 10.859489620963574 67.29372899846109 31.68942647282965 24.426405372545968 47.414948337308424 16.98851078629476 45.350390245688295 13.67500279041664 76.6072141844892 22.104932133559352 24.865960175361266 22.406038380592836 61.437621155550325 65.36744528402471 23.383725758394963 38.007129436801435 4.66047521869501 55.300764566520414 68.31319490359927 51.57839414814353 13.578977430314064 24.124817093130165 120.39353917219556 107.5435953940597 96.10062787318314 86.62402424892244 79.8172763826256 76.39737413108988 76.8179996627318 81.0193588180975 88.46441695549849 98.41978847656097 111.89722433673488 97.98493131910591 85.32173997976716 74.54694130141289 66.58369318831893 62.5157943002037 63.101152704701605 68.22009238935796 76.97337939645746 88.28655539049507 104.61736337694305 89.62180607883438 75.61776038244018 63.26709572500454 53.72250248906578 48.664065818781424 49.487144659155476 55.93269014791876 66.38265077517521 79.26883988452798 98.82326914150431 82.81733787291186 67.45437116971728 53.293346081706105 41.58097031697263 34.878091371447134 36.092841842334444 44.582653758141696 57.19476033050361 71.78841140196855 94.78788464972767 77.98072548936584 61.448804509539634 45.49317706896925 31.016355369593278 21.286404051109496 23.300627692859926 35.09186602011465 50.186356981659166 66.3672611293058 92.74113190072461 75.49122827347215 58.27217984208477 41.12276423302908 24.191525997583327 8.836940609174826 13.025609616488698 29.324987463677676 46.35684060545823 63.53480817160915 92.8146939882498 75.5811677451589 58.38811306371961 41.28612246746889 24.46690420747072 9.561810834825867 13.525545579767549 29.54938022811108 46.49843752584159 63.63769986936875 95.00364468251509 78.2416479106005 61.77806886338694 45.93490478037584 31.657740315478748 22.20632627460816 24.140022605405342 35.65209413492763 50.577804430876874 66.66234428736726 99.16797324601853 83.22648218629122 67.9537728029607 53.921151888818684 42.37892737894517 35.821276255072505 37.000833251492665 45.31740253007016 57.76659731024465 72.24264695746976 105.07301797109382 90.15085691072821 76.24117388402603 64.00748304888356 54.588468334036484 49.61396539034674 50.41717908024036 56.753326149312485 67.07227303050486 79.84448188612524
27.1284298488819 18.47402467392321 24.19235749013587 41.29837690030737 14.824250451926918 0.0 61.85221685691632 79.2060255493937 35.14263038282597 26.061354766634647 60.464618718659956 24.055387227017917 21.100825932704456 22.91488997414175 9.433590553812671 40.593552643331854 18.86811401375176 46.89492425126575 17.252293885897746 71.65304725718676 18.659504839654716 22.492709864686788 46.59336256846366 2.222550318103632 48.9191309791328 6.222473810383659 82.62908132288213 31.097754227518656 35.652970828242864 22.83841072293043 56.69066088411154 73.42056853806301 8.891329734904724 23.201776905377223 19.46187390582787 41.11293923728162 77.67821244527103 51.24250182550094 17.294079504390723 33.80253400115771 126.09609748906324 111.9524361957261 98.81882794099279 87.1531075694918 77.6199599382326 71.0826478218695 68.40554130262095 70.03273491380682 75.68712213531317 84.56469460461908 118.93855994094127 103.86307006221476 89.5957175525174 76.58946979989302 65.59878173025781 57.78539992741714 54.53259323743701 56.63174026843432 63.55472670567417 73.95912092152204 113.08662237178604 97.13887108894664 81.74375744888987 67.2817135332014 54.500656499802936 44.86111490840299 40.66230676912381 43.50899035627667 52.262288324513186 64.56289033953578 108.75134293919525 92.07951023786818 75.69100280266763 59.81914150218025 45.01379299807088 32.75459533215914 26.799170807911022 31.019956188555458 42.485172627753414 56.977646404290965 106.11883009181253 88.96953879346702 71.89342358552747 54.95873602308669 38.35327579700184 22.807841900923375 12.966662203996105 20.36624152780652 35.498535856353335 52.002125828018094 105.31688744893266 88.01588623608306 70.71533975748503 53.41568985993076 36.11822488038644 18.828967388322013 1.802070035550306 15.832829785541994 33.11832031859821 50.415090811528785 106.38693088638001 89.2876856874755 72.28495752072695 55.46757492893698 39.0755827802978 23.997145396030326 14.951164540665777 21.677734464546067 36.26325327842965 52.52461729106873 109.27396626105717 92.69336199170615 76.43316395831029 60.75119166395793 46.239545468681854 34.412110984629436 28.792372955928954 32.74931509526948 43.75778877795991 57.9282319683695 113.83979878756556 98.01067784500876 82.77312865208557 68.52294034764203 56.01875179725903 46.6852484635276 42.65710922584598 45.37014638689294 53.81427385989098 65.81950038650784 119.89272179899267 104.94940267907415 90.84705507054812 78.04290882385595 67.28225420659612 59.6808659080139 56.52793726172553 58.546627040194 65.25875646722392 75.42148874512739
87.65493505168611 46.398925753434746 84.00694578683024 31.093148529483948 55.84231727725699 61.85221685691632 0.0 20.97406796722795 59.307051193789995 36.024234216381736 44.47248251441778 38.815859643351345 73.24960756792954 39.926181193091686 55.04951833406834 76.23514477646906 44.27155141160661 42.44837016010057 46.15911806695117 13.112496474370246 79.49038035089444 41.28101363174202 27.3777111979604 63.42883009892828 14.950696150671513 55.69007645344822 20.873677257160264 33.94530876076047 33.29288874623626 39.52491905120525 42.823819676997815 14.572812794435778 64.07744160854287 75.17980902231511 54.142583840626436 80.39943395495183 22.448134061263485 25.14702204733628 44.94678182048145 32.53497777170027 64.63338607330995 51.92492674002274 42.58670592972107 39.1121862126201 42.94886240793941 52.51811627750351 65.34834638969117 79.88345446719735 95.346905048976 111.35261285700685 57.11376711854902 42.247988200887214 30.108356697988143 25.0368588802939 30.75525947941493 43.169875980903896 58.138635366214366 74.13011652302211 90.60440360466131 107.33942543483774 52.42528559086628 35.68850403566996 19.940939940018996 10.969314721144311 21.01722292753735 36.90304144772204 53.67176437351332 70.69791459581823 87.83191321937234 105.02098764381643 51.349454067754294 34.09597847631038 16.941623868986344 3.1960985968321682 18.224297764920898 35.394188331834755 52.65059982730679 69.92950959745758 87.21754708065268 104.5101826658438 54.10223263052956 38.09846946987487 23.971802690196302 17.21956504772855 24.84132976707746 39.19670976885884 55.266487103329254 71.91035589321972 88.8061153328717 105.83319471782059 60.16030138935304 46.265949488269186 35.50384615080007 31.292441445909 36.00860289572838 47.03967329876262 61.053673405116854 76.42695858820477 92.484148654285 108.92320366167816 68.65411450760638 56.830098001461465 48.421442802726844 45.368664203811214 48.689821775249115 57.28686831786556 69.22120558785765 83.06665280639771 98.016660817052 113.63611340839192 78.79982691361003 68.69384042438949 61.862516371104206 59.445726341839354 61.96219862087523 68.87328919533675 79.03443616620173 91.36766640475133 105.11115571929798 119.78044864182141 90.0406375334176 81.2900231376827 75.5480399551702 73.52300215367627 75.51453089087215 81.22772883028986 89.95626999398695 100.92078138911097 113.4749520610262 127.14878055929475 102.01505510714449 94.32552963194965 89.365628098147 87.60023575275544 89.21918513498068 94.04786314374516 101.62978894435209 111.4042338176822 122.84896619843583 135.5415417886146
103.37329473702923 65.60543271144415 102.46805023402622 41.52148008413101 70.59161165092485 79.2060255493937 20.97406796722795 0.0 68.46461947856808 54.538824132163356 63.78856707645224 57.78873809076127 92.78764830240316 56.3625976416587 71.29339799802277 97.07937465586936 60.590256452746694 47.826383771047304 62.38192580225594 23.70906120644693 97.53304655820574 60.49046790050334 48.29748424707828 81.01724330095344 35.705093387507915 73.28592457838727 16.242602834480035 48.76268700609234 45.88369608746026 58.14751390909904 62.64789519560173 6.433047151364613 82.69721939505135 94.80895456168932 67.87046088548286 101.16235049501059 5.073912759355546 45.7492707734402 61.91356053709066 46.49653571928355 53.041815973323175 45.215947465562664 43.292424577790314 47.98635851581949 57.70486667972874 70.39685454961939 84.73657462588238 100.0178058390938 115.86863400784097 132.08415372385647 42.24041700658484 31.937503102573952 29.23123083689946 35.88363254098687 48.16134122612018 62.849852579655504 78.60917647468216 94.90737989659968 111.50842285495371 128.29479900671114 34.04719129968478 19.945402854288133 15.334258352080406 25.906994962069277 41.30275803483689 57.787332341576516 74.64279108904245 91.66476568714899 108.7751111232649 125.9378134466418 30.63198238514203 13.339255381084484 4.033202854008053 21.291108901678413 38.588463471956324 55.888650993304196 73.1896625790705 90.49102557097297 107.79257076068194 125.09422254991493 33.48995814738059 18.98307540608475 14.065906125779502 25.180448497063683 40.8530655641829 57.468283892632684 74.3972247413691 91.46585785380205 108.60834205843537 125.79448908611663 41.339877677644 30.742165691797663 27.926436575201407 34.83390319084585 47.38803231373264 62.262028917508026 78.14220835451879 94.52279646346439 111.18283689076168 128.0132697410924 51.96666782869536 43.95563910265304 41.98055335943149 46.811756210984406 56.7364008945236 69.60892802650442 84.08621494052584 99.47002177717081 115.3983705636257 131.67379250215487 64.00164404427606 57.63154928969571 56.08278441929659 59.73156740341801 67.7431899323458 78.79795442324867 91.80301553576108 106.04323600487243 121.08360889748371 136.66020263668898 76.78537149069521 71.50491428841188 70.2040004907909 73.09541728153431 79.72432373652623 89.26188989554113 100.88652836038075 113.96134276752731 128.04285653389098 142.83363747989875 89.99920826309523 85.47949804273048 84.33451465543368 86.69806697754115 92.30101815214206 100.60357729554944 111.001622759805 122.96470803897223 136.08070130293083 150.04757174344078
44.118573478023706 41.75620193425754 55.646134352079464 28.302504329070903 20.6723845391145 35.14263038282597 59.307051193789995 68.46461947856808 0.0 37.96933557758006 80.44336579465848 39.86049119965237 56.211355285836035 29.211365349924314 27.22377801222622 74.91529353985034 27.62025535010519 21.672497078385966 26.922011416412577 72.18915361616517 49.68824740872264 41.19778576164764 60.12082606536625 37.18892991741077 53.44211024384326 34.259412738822064 78.4477223397473 28.41423772455655 26.488344762945086 38.03806099334644 76.77773983847608 64.62440236105768 43.920443694896775 58.27109090985285 16.480489697169716 75.96430115318611 64.9399959082773 63.42187146624619 30.091453006497833 28.308301672130266 121.09104541095584 110.51905293391141 101.80645047564614 95.46370080083956 91.98236514865901 91.68895976049454 94.61314761424578 100.47438766502141 108.79903477079475 119.07153258422393 110.69275522677934 99.07238444616203 89.31110108161418 82.07491888462098 78.06917420293831 77.79449677857458 81.28871763558764 88.10454936033148 97.54820212665481 108.93840449903404 101.20106898000192 88.39294754508948 77.35414525112672 68.93988829787244 64.19070344622467 63.92869792862962 68.20560261676538 76.26154887759111 87.05364578983658 99.69726401587435 92.89446109280422 78.79350948297834 66.22805245966809 56.23694772841398 50.37593878443019 50.11564315149172 55.534869496888746 65.23317662808596 77.6228993094991 91.61857465869369 86.11668069813295 70.71543106791518 56.4266700280037 44.339298512269814 36.69720830701134 36.4157137152516 43.63749209281359 55.50733852177025 69.68935317664763 85.03443223347082 81.25133268013104 64.73094784127228 48.75575328071408 34.10077229271565 23.39472563262808 23.03204349124672 33.351884367007244 47.88457661664581 63.81401482536532 80.3133589256438 78.65419016364132 61.45485317441481 44.335422069897696 27.44583109663573 11.81655457818789 11.166987179201826 26.61739217633063 43.48543265188924 60.59862591360964 77.79535587263526 78.55059724310057 61.322819674671315 44.15306897494587 27.151651670094584 11.119544881780987 10.430233448921733 26.318219215542804 43.303821505864676 60.46905533245996 77.69495318254751 80.95012900319631 64.35420376874154 48.25676386193694 33.386801775930664 22.346215919672222 21.97133946188076 32.631851131791095 47.388260334510484 63.44421396358762 80.02125287715405 85.6426140519591 70.13999943600936 55.70717633151155 43.42427044404437 35.59147127128992 35.30646096450733 42.72057278815827 54.79284887421001 69.12433023894079 84.57421338053658
52.69245722321711 11.398011667069344 48.10057199070927 23.874163486712952 24.04673681802236 26.061354766634647 36.024234216381736 54.538824132163356 37.96933557758006 0.0 42.554188812816804 3.769733074129727 38.49102944067159 8.782418649874055 20.741912251196208 47.47476466752962 11.603383639192518 35.76177261615479 13.205306534923213 45.60883310085332 43.47182016896153 6.670398239820374 23.41852598927897 27.503379385081097 22.890852435417298 19.842604520606503 56.67158954996629 13.178506146651957 18.95611478586102 3.6110132995033544 38.851204543186775 48.444302903947126 28.216536427386398 40.58735682730312 24.739296605204867 50.52214165945983 53.71835149269526 27.531660273286786 10.612168048324213 15.703902810567012 100.04251986428908 85.95662689326372 73.26170228263449 62.80694009841011 55.864530935062085 53.811516403764514 57.17702482458377 65.12637274482215 76.2389406724406 89.34207917574875 93.12755060053884 77.83888157088089 63.59047174890316 51.25729723794037 42.53914377353798 39.881735115870825 44.387302787571684 54.30118149419777 67.27339581519732 81.86273307898523 87.95084292098971 71.59464187859052 55.81169265494431 41.26508989978491 29.822484270282594 25.974291287313513 32.5370152891302 45.181425787367935 60.18949596573774 76.176767647123 84.8312998790512 67.74406867403842 50.80237346004783 34.22303851454283 18.980634565351384 12.166573847491078 23.119244304656593 38.98315408733064 55.709838047820185 72.70624949315177 83.99847847249195 66.70305423488182 49.412185603474136 32.13322752613625 14.907653056884417 3.26274598558506 19.94408399381789 37.19678809551127 54.48072306950532 71.77333008167422 85.51922367760272 68.59963964379274 51.93260867730319 35.87190366791837 21.8014551226983 16.202646764030458 25.464886075569712 40.41172388685747 56.713902847057426 73.47474714985555 89.27331883127921 73.2058366142466 57.854755750657546 43.97681435675794 33.458284900074304 30.060982110722403 35.868895327260425 47.625642757323895 62.03656368279476 77.63747682976556 94.99630794487764 80.05523071699106 66.27281136938493 54.53471562501554 46.41862783173029 43.97780043745817 48.08439427642295 57.34871519560077 69.74485942485416 83.89588677403917 102.35839857663461 88.62918195278279 76.36569362768768 66.38526619934045 59.84133278269107 57.91082615475705 61.03310248174558 68.52089131798259 79.14469427042971 91.82238207942129 111.03393359413118 98.47816818195635 87.55599947353562 78.94836740492312 73.47329191693136 71.85048901463487 74.33269237392301 80.5412551228388 89.70577815848738 101.02498567155753
86.32927787166669 42.82113074914474 72.24528620302972 59.9764903383068 65.23988142152369 60.464618718659956 44.47248251441778 63.78856707645224 80.44336579465848 42.554188812816804 0.0 41.255231765760456 57.618424206891675 51.33452027087871 60.10852719773525 47.228267383459645 53.73455854118539 73.82636178743243 55.01011992574614 41.26253234402455 70.58520703077916 40.81402074965128 21.76165424050147 60.57672903327982 34.518652236634985 55.485658966127275 54.255835197966185 53.17303535033316 57.48404884288259 43.12826715162513 3.8155163109676975 57.9546344291621 56.248607473052544 58.50502396934452 66.87071920999023 52.15884830665018 66.4182033302002 20.77906050608504 51.91854633781215 54.47714226683476 86.8557036550739 69.73558006067265 52.7342580962363 36.02035270673114 20.31606809591586 11.257549389088327 20.96270963469639 36.75392433221871 53.48812666388606 70.49696033021046 86.14995138831713 68.85863033386099 51.57442570634998 34.30809482708419 17.113822560397328 2.726544119202575 17.908063303433707 35.10949996747523 52.37717835940429 69.6618561772433 87.73757858647059 70.82595344980332 54.16143378575684 38.06991435781402 23.746327938030806 16.648424662068656 24.27270563367979 38.72816385640293 54.85699002355007 71.53614663248922 91.49926245289778 75.41525923920338 60.012637212012145 45.98131062282209 35.010773064002045 30.593079887791948 35.28211793601406 46.394268585839306 60.48749847424991 75.91940323892321 97.18282508470404 82.18843166899758 68.29406239921124 56.31983192428194 47.7333408356119 44.539017020151704 47.82969890544585 56.483094887693724 68.49601279749471 82.4122040745659 104.47500543917724 90.65721885068314 78.23766792970781 67.9869900928118 61.00840717795723 58.48519006349027 60.97299363688349 67.92342184537472 78.15480345467016 90.56186921853735 113.06489212173173 100.3933238261019 89.28973577752271 80.40635652817886 74.54123177132179 72.431319931359 74.39680631085086 80.13838830846724 88.92764239001691 99.96388192732533 122.68008803738935 111.0638379511373 101.08721540927539 93.27781653706111 88.21311646884575 86.37727535183795 87.9726684727743 92.8225404742074 100.45663025647454 110.29833192250591 133.09844810016665 122.42454384690699 113.39755334572942 106.43733082774283 101.96798420916063 100.32297012692406 101.63951489514663 105.80712529243527 112.50941586485689 121.3270525242141 144.14579568473752 134.30026067090284 126.070452635647 119.7898470213386 115.7760997881922 114.26833562568592 115.36485245997555 118.99367735870977 124.93434568138949 132.87714483935667
51.04760788565629 7.84920937041652 45.192647034344475 27.544039762584646 24.23528097258388 24.055387227017917 38.815859643351345 57.78873809076127 39.86049119965237 3.769733074129727 41.255231765760456 0.0 35.05301147828853 10.871945542936313 20.00448286317537 43.71731793947735 12.513234123018446 39.12177311524231 13.758039145028729 47.773310704616534 40.787549694087836 2.9129235481933935 23.481022802890976 25.28176665892116 25.067896578406053 17.87263047724263 59.25615796469952 16.645278416167763 22.493351176199884 1.873769634805307 37.485607524446095 51.62188992585503 25.262646594705583 37.11822258116744 25.615532120256177 46.7524143737099 57.12686356918469 27.89608130422331 10.710864143650445 19.282575397238737 102.37095008345223 87.96255373109372 74.79111153591069 63.62947382243287 55.6992781059979 52.48627718492048 54.82617141999741 62.094354985165296 72.82999957411394 85.74035702751907 95.81749555515215 80.2778816845429 65.62614133638799 52.60939907900738 42.748258702782046 38.54587758462005 41.747599229468506 50.976913500808564 63.66424180527799 78.14302249743885 90.99541680263974 74.4837966057949 58.43129869028983 43.350986247264835 30.710095779534143 24.609400423299387 29.442245631722784 41.554538846120714 56.43956238131558 72.40703927821879 88.18925425612454 71.04446986691504 54.00001739039705 37.19408695935734 21.201683386238756 10.692787250230651 19.43895745782458 35.215387006451174 51.971982298880576 68.99828587161957 87.59301170994011 70.3063843199472 53.0297388484067 35.777538749580245 18.61786523979532 3.4541400752215434 16.611767265826984 33.74439346308208 50.99147888766147 68.2663262419429 89.25099875698712 72.3522659096136 55.70163487384186 39.61320506145778 25.188331527598315 17.27455404176077 23.68713853208877 37.71555366994342 53.68945508855068 70.29483856615829 93.04276228147428 76.96038357646633 61.54311082451288 47.443831656312184 36.23518534700255 31.205271585103095 35.11777491461558 45.732440104154676 59.56813630993689 74.8597252971309 98.72269407609379 83.70859336727631 69.7623858015372 57.66416507188247 48.80804222486545 45.144187111703886 47.87978556685493 56.08612746173142 67.80514075694568 81.53602960674021 105.98759056557772 92.12773065572212 79.62640646624412 69.22360079570299 61.98504381881804 59.085369231156264 61.145012119271854 67.7129279150625 77.65349416692577 89.85424951179643 114.5361578172789 101.80397787324623 90.59942477868019 81.55457697968875 75.45018011604112 73.02737657958576 74.64551679832829 80.05995268209936 88.57723333900122 99.40293710607234
33.407255118550125 27.207381501220258 14.800345447322625 59.282719679830066 35.88386545285176 21.100825932704456 73.24960756792954 92.78764830240316 56.211355285836035 38.49102944067159 57.618424206891675 35.05301147828853 0.0 39.61320283117782 29.943097209546934 22.203516013976984 36.614795196648885 66.93516552851064 35.561583496546454 80.48668421748671 14.912809683482058 32.30297773956273 51.26471028457882 19.02268749010319 58.6600854117102 23.70013264387275 92.98147046225888 48.147270716746185 53.57257036771388 34.903876705960116 54.29910484995105 86.56211587477914 12.673740388613933 2.221738645860695 40.48433391180413 21.269121028053696 92.17667753851342 55.90078200949444 34.12325256370385 51.053006258568075 134.84227526496144 119.29866024282795 104.3101137536975 90.15391109576395 77.28876955811647 66.46862773871257 58.83282593141212 55.7065768179713 57.82596609329914 64.67735591828169 129.5760908961506 113.34053347506926 97.47253309223679 82.18526552384122 67.87227721292003 55.29538083899635 45.904436098725014 41.899407494442634 44.75051314442936 53.37004298699763 125.66505289823864 108.86870053002383 92.259374167182 75.95985795087915 60.2222355097612 45.63162293222252 33.71175024946575 28.096777932549312 32.265856371211214 43.49082404832701 123.23830602728322 106.07137635676547 88.95676644844596 71.93183103982817 55.07978705098801 38.62758303989875 23.433096392140023 14.312318004045617 21.430993721347 36.22768474836811 122.38421323081843 105.08241499902027 87.78066893659631 70.47901346441618 53.17753700491408 35.87649854614767 18.577121870329144 1.3451279007198018 16.038169602058208 33.336916509032285 123.13551581106289 105.95248053997767 88.81561651293505 71.75801046629911 54.85365184856757 38.305964309997826 22.901602736036466 13.428798889459367 20.854126616204443 35.89107521112063 125.46336615165383 108.63690357207372 91.98699561215707 75.63033702353353 59.80801256899036 45.086126794235305 32.97315975013751 27.210469883729044 31.500794457821684 42.92901588018005 129.28259870827122 113.0064233889503 97.08562442243431 81.72815032796771 67.32063566987856 54.62005824389171 45.09255906316732 41.012587677096 43.92529064119463 52.683349482267765 134.4661427839188 118.87530843855771 103.82790182734362 89.59813770493516 76.64279616333344 65.71992824712724 57.98964196852796 54.819586138215506 56.97608546610614 63.92230008088144 140.86339598052948 126.03419760770184 111.91707674883531 98.817688862353 87.19592685167503 77.71752795075069 71.24316883892736 68.62837988799883 70.30512364243283 75.98984642133131
47.743812614048764 15.294170227083502 46.73742207442381 19.700319699234875 16.561524680060444 22.91488997414175 39.926181193091686 56.3625976416587 29.211365349924314 8.782418649874055 51.33452027087871 10.871945542936313 39.61320283117782 0.0 15.158571394248881 52.22266035166627 4.347319497075297 29.31723086551065 6.232939675749519 50.92122530785546 41.4686479001535 12.782084768797095 31.803066017469988 24.826409484964405 28.796130613596592 17.252783614569587 60.7963298286293 8.558606492619594 14.027789500302859 9.177146777996015 47.63361691829335 50.68363247230158 27.747950953171756 41.81891644670974 16.39657906524495 54.66436809523284 54.763715344715244 35.65533706752489 5.72465434068535 11.449625522366134 104.55307690560052 91.27555539150255 79.56005599804068 70.1931078237782 64.21087632901737 62.59149518507501 65.65857352766739 72.82235689278617 83.02913600966899 95.30620948637923 96.67178396789878 82.17405190883431 68.98128587168192 57.99105789644969 50.657771305014414 48.663731808475305 52.619481143205554 61.38536307870281 73.25447294865434 86.9653656097637 90.32143966613769 74.63604586170212 59.8483410946868 46.816837069877145 37.423471862922156 34.755200632057345 40.175109300877345 51.17482345196672 64.97994625208568 80.15380206824749 85.84258147574913 69.17468847593746 52.91538304056032 37.59853061252408 25.019447464852547 20.904724442633732 29.0990336944812 43.07216647939045 58.8419985540012 75.28785803647956 83.5368426381797 66.30520789546372 49.12301388698839 32.06982656333896 15.575315131566796 7.444493957147227 21.609348030288903 38.43462940494077 55.55349616251826 72.75901674322955 83.58429213652664 66.36470528847866 49.202923379964446 32.191529558160504 15.823236916248973 7.947856489535115 21.787045786564118 38.5343437791466 55.62220134017237 72.81123717128366 85.98103350848494 69.34564120926207 53.137643691974105 37.90925731883351 25.481871884630582 21.45346568715836 29.493863365209673 43.33862195989269 59.03639319520429 75.43915880044628 90.54065919306271 74.89997561490921 60.175653281720635 47.2326123514009 37.939921088013115 35.30811628804749 40.65213475927272 51.548390529362365 65.27315369119974 80.39054758036833 96.95844949244955 82.50956201578568 69.37878966244114 58.46115651592199 51.19276240506503 49.217809373899726 53.12991936672338 61.821401146056 73.61850774560688 87.2707594834168 104.89380734227369 91.663871019091 80.00321065635215 70.69268855054929 64.75409444981706 63.14604750902866 66.1849523572737 73.29506501468063 83.4420710836951 95.66444444995167
32.60564708500114 17.464038421635745 33.45441965843171 32.228310128316174 6.643181198358367 9.433590553812671 55.04951833406834 71.29339799802277 27.22377801222622 20.741912251196208 60.10852719773525 20.00448286317537 29.943097209546934 15.158571394248881 0.0 47.692710750801275 10.818434477964784 37.473010308872844 8.960368333059394 65.74770749570249 27.747902099470316 19.55490857789606 43.48514108481934 11.64982909472472 43.256984111654965 7.044869724722536 75.92319232465825 22.61862723441796 26.67992897662826 18.32922782237674 56.293383295353664 65.72975414887323 17.289405049559367 32.11624956068904 10.828461809484164 48.848377710155475 69.45129754812315 47.88018640086105 10.325678277688358 25.143206559994592 119.65284850367574 106.15383958188693 93.91038486163295 83.47677722745333 75.60604150917365 71.15380463739191 70.76823822525449 74.51249824083762 81.82157705641534 91.84834116605343 111.82652825231507 97.2897856432017 83.81008449904212 71.9837206669226 62.752527620294096 57.38293569499518 56.97737094561017 61.63390459346354 70.35448454489666 81.85027000640278 105.31184835395624 89.76187113194393 74.9833734638 61.53473624428255 50.49005758754864 43.711242807113116 43.252794850213085 49.29138321283173 59.89308255326473 73.09874758397952 100.36465180516751 83.93051400643041 67.92870223878064 52.75410459342498 39.37501837820075 30.273720458232127 29.686929544459467 38.01103758737304 51.059511635284544 66.09098301301175 97.22458925646542 80.16688788890494 63.242008202773256 46.594911946444576 30.681143511009505 17.615102755067685 16.672241993466052 29.057666650900988 44.82683191331128 61.42682034457051 96.06907175675006 78.76800461915154 61.46742353024074 44.16789965002062 26.871474909787658 9.59492409795049 7.7950351730033764 25.063443070261037 42.359218406494136 59.65856342359012 96.96908735362412 79.85825116599482 62.852123465819126 46.06681383414554 29.876847512875873 16.180650963616166 15.156308314725662 28.219260544563024 44.290545463501836 61.038438192984884 99.86906594980944 83.33998211987974 67.20107840159297 51.818213878510676 38.11797047944854 28.627645556694617 28.014541572619788 36.72597203187862 50.114763658894454 65.3673625304273 104.6027613404854 88.93271296349072 73.99339554828967 60.330117929680874 49.02172038112743 42.01476411946934 41.54584376478842 47.80773221424937 58.68395675133863 72.11615419311384 110.93562142258052 96.269158748283 82.62861856748938 70.61108370205127 61.18055681332756 55.66771755501258 55.25783092973402 60.0554729880528 68.98253871802156 80.6797391876368
