0.0 20.161156147389107 40.20588391466743 70.37634154255858 13.045735616559679 40.14184760750004 28.997815384642813 15.713441828782745 39.82556661199627 6.627662219403244 43.89482880029129 38.89856421199341 21.03234288023361 27.78868413844146 4.863190441178036 21.282786217840382 24.071155126846747 50.25668487575448 39.71485268542026 20.60744839893827 6.568331698826933 19.92642523748601 17.37909708542578 47.58270872598329 42.39030833999844 49.33036769102356 41.30741761270835 29.226977620599133 34.193597334046764 57.41338386948974 50.94906519729307 35.04728828657149 28.63402319169313 35.45484394284643 14.647336212736356 24.903614625225487 17.5462661904505 33.638815126856734 52.82047392276344 13.798082636396412 105.67182811057931 91.6348665335914 78.9053841421769 68.21926342731817 60.66608222643274 57.494143503454076 59.40940090675948 65.97025594448922 75.98269406192674 88.28002208004457 98.61726179164233 83.4408540026141 69.26826259963184 56.85518959724331 47.59871068138009 43.55991536761937 46.13024484094409 54.38048404770272 66.22068328920523 80.0738723869049 93.17780276905194 76.96681873534315 61.35461471306241 46.942471281430905 35.2350929694241 29.633380608652477 33.368728163104265 44.13067068753502 58.14008492071193 73.56447618878141 89.64801158197145 72.67399009256629 55.90137827610506 39.587014944407464 24.657895553235445 15.735446479089877 22.043346854753985 36.372055304856374 52.52291000609295 69.2322045421593 88.25736626412531 70.95941276182566 53.66402341391912 36.37485598982366 19.108806279706634 2.4241279740959305 15.662691508123954 32.91621187146127 50.20306457278903 67.497644187602 89.10609755734728 72.00752031119751 55.036189982761556 38.36136469508167 22.64772089482474 12.367582189264683 19.791608921625418 35.0595400030177 51.62700624433089 68.55827498765302 92.13232655073752 75.70363833423887 59.769777912496494 44.86114220266551 32.424189136332565 26.245842261278565 30.414974343330375 41.952441240593174 56.51242536996845 72.29115678774197 97.1327019284671 81.68906948257407 67.15766561460437 54.27619844569397 44.501292945155875 40.16877044547387 42.95812907560837 51.72984899938207 64.072298152191 78.31505086876899 103.82230811968071 89.5056375116282 76.4339313618486 65.3584869378117 57.44577443730799 54.10176911406366 56.14877626948739 63.06399897357145 73.48571351689978 86.15063232505456 111.89850769397914 98.71923280496239 86.99648668810549 77.39496970764928 70.78322432523434 68.03851281280963 69.61971327031186 75.25463836875724 84.13267846747823 95.35221783378675
20.161156147389107 0.0 51.93217490345658 51.961894341521834 9.080988752951326 59.77895543152053 49.150754773418015 28.626317418092803 59.199199404929935 14.98991308629413 32.901811260670115 45.048408196516135 13.258892668027594 23.30430713284058 23.2948646026616 22.126759255578897 28.109258659386903 70.4146358261427 25.61541484869947 31.029411594094974 25.516074080060317 2.5114084266909664 32.38047411799544 43.726697981053285 27.379405339113706 69.02196469925137 40.199791070040305 30.32656382459095 54.28874189999914 76.60530130962796 38.95683808793876 37.3613402447917 15.807401125784848 27.69977815878626 20.45878169097269 6.245168585952042 27.733744523863752 53.7867790160276 33.58379461758264 18.584155999600892 91.90191276865131 79.77315204620318 69.8587529978324 63.209416386171306 60.904110172879136 63.41834370805531 70.23643903269027 80.26907115287685 92.47586477378988 106.10910758910953 83.11073448055413 69.51423081180222 57.928966660839144 49.77956272571299 46.89293492373477 50.18558179614565 58.62542697923189 70.38459739532871 84.08177689649551 98.9151234896861 75.9531624026603 60.81879916904022 47.198284669230375 36.81220054687509 32.883224181435224 37.4991072709947 48.267669818954055 62.06497517447347 77.2855913286003 93.23503848044535 70.9256222273006 54.441400774340664 38.678161838838584 25.036895638886957 18.87866357268437 26.166268140686267 40.14542431692615 56.01203847211533 72.53794640759615 89.35810393712215 68.49881565565421 51.25483532032855 34.06966436249972 17.12131433060996 4.924456073247525 18.816870606003146 35.813579264916335 53.00814832363297 70.25545250163195 87.52432183277857 68.94794615174746 51.85081696651743 34.95580570066687 18.81549028893823 9.211416177208948 20.356593322894625 36.642117651465064 53.56875834659675 70.67738072498557 87.8617414579292 72.21937139591543 56.10893395528579 40.981682436176996 28.451627052999346 23.199198900200393 29.421446909542045 42.329082294261596 57.58985881608748 73.75732797464325 90.34603467958662 77.95855397742964 63.294291410695 50.33393797394402 40.73757600421979 37.206204932035995 41.32505380781155 51.282796910850934 64.42668116336478 79.18570598470174 94.80855245475567 85.67089695853453 72.54212245706691 61.513552840147234 53.89040307135089 51.216546264005196 54.229091704676904 62.10599706031794 73.29540273661274 86.52154622589723 100.98732874762267 94.87633502403193 83.16712776259124 73.69339195132397 67.40440326073667 65.22793746084265 67.56261360197483 73.9825815504883 83.55136548042057 95.32539881229825 108.58971096601444
40.20588391466743 51.93217490345658 0.0 102.81271440113835 50.23234615379552 33.57839459523159 39.591551200834466 24.834133294620848 31.110953890089917 39.84982631838626 82.77455877193452 76.65769536518381 59.604769750492544 35.24129035088834 42.8736308118058 61.48670311993946 63.894167613640846 48.83630136644251 51.67354905789733 58.481258110583944 42.47920840919309 53.44113469126531 22.919238035613716 87.7831842506487 79.05182050373386 39.240484243866796 81.35189073768068 69.27823666667945 37.33441374856637 40.41379685265804 89.54668705336495 74.62666470639692 66.05552710116818 39.955209717522976 31.50534731964139 58.17589099563885 56.19878670413842 38.88724614827832 83.9115268648096 33.39553430807748 143.6142129606953 130.64889756285754 118.79351804035826 108.4128158823586 99.96724760010139 93.97997533889313 90.9378588041351 91.13630336210473 94.55490809350351 100.86678703028038 135.03994638166083 121.20571792987296 108.37227332056356 96.93790701741523 87.45313394222227 80.60910670243399 77.1121920216867 77.41729045600374 81.48170465098427 88.79067604229502 127.4440978271075 112.72165596028071 98.83845160015665 86.20093647052431 75.43777252751165 67.45226268704565 63.30443982599239 63.74786744870969 68.69369148122792 77.28227504891674 121.01117126452598 105.42864832871558 90.47318926085694 76.51338334557886 64.20202065793157 54.664456934603585 49.529869950367576 50.16886437482567 56.38549155612367 66.63658254533287 115.93500983063882 99.5888215298495 83.6280320989243 68.32327306057739 54.2328225409486 42.57975986294635 35.827089882685975 36.78086865773664 44.95321722912465 57.336364460221 112.39966234023217 95.46931102985536 78.7007367540051 62.22486597484438 46.35486261934735 32.00506201017708 22.329040800310967 23.907310489270735 35.2596694479544 50.13621891699376 110.55309990566761 93.29833512176997 76.06499919229468 58.871913470264666 41.768811535398655 24.941498880716633 9.911429950538292 13.15704559634093 29.097982436861464 46.032495509992366 110.48006070323429 93.21217310357268 75.95977897109522 58.73653235371127 41.57867060762489 24.623258740827918 9.08500399017909 12.54922822129053 28.829539804912212 45.86409278225134 112.1840098591199 95.2164860387306 78.39526741468771 61.83986001358352 45.8391777200138 31.2570589738876 21.24826702278883 22.906015833871376 34.591817897085754 49.671055591651324 115.58636265328525 99.18459515965083 83.1484726112643 67.73817958425734 53.49730221724309 41.6433621491527 34.71434535087041 35.70307872880227 44.079947638447145 56.657582302647114
70.37634154255858 51.961894341521834 102.81271440113835 0.0 57.33098337487344 110.44283019819954 97.79022346741483 80.54815720322377 110.19977250221332 66.57934457798025 35.53109160200742 70.13321072054273 50.6448736522813 69.06691862262792 71.75587110676757 57.03046591030636 61.10307390188931 118.98762742682433 57.25753473376883 69.34421391422592 73.79345197507381 51.18744633813741 84.34221859427397 50.87555901842144 29.982196603767665 119.5613733290144 55.651811554278936 57.59461126146166 103.82596368192435 127.78937388678726 31.016706012146315 60.84851501844793 42.75333014448723 68.0821176882653 71.97996967501219 46.057353478740204 67.67990784199183 102.91891333241158 18.92917470423726 70.18001466135132 48.619376316425004 44.58899852616513 47.02358640223777 55.07231989905478 66.73385207144003 80.45220604606703 95.34365083752773 110.93678336822914 126.97335115902557 143.30456292823388 35.989226519050014 30.404631167568628 33.946543963636785 44.485988550857954 58.34678729128952 73.67768370826343 89.7282767329076 106.1726673566436 122.85282260075877 139.6843077347378 25.13898890741467 16.254725422269455 22.252544976414 36.39845795368378 52.47124973715912 69.13992103429528 86.05891956287265 103.10508676125933 120.22434245917891 137.38936802884385 19.341307702557906 2.74074527554961 15.48065797383748 32.718548921941384 50.00069700943211 67.29301260098957 84.58926039410377 101.88743783578835 119.18670474963771 136.4866468744354 22.83813363284275 12.423043315567613 19.641703763003015 34.87081748839859 51.42824284380585 68.35544803290742 85.4329166868907 102.58563298791331 119.78127483651785 137.00368013813375 32.778791341085196 26.545714764742407 30.5550477428366 41.96733339589891 56.45895289260713 72.19889064673693 88.52376188890749 105.16151000567433 121.9841797678668 138.92460976994107 45.08530554458627 40.725087599324794 43.39454131761357 52.02254458031544 64.2519225022983 78.415428443279 93.63949360475326 109.4825811664381 125.71086614377796 142.19252309987039 58.27755645007066 54.91713579182897 56.87010483288867 63.6492313082887 73.93875351097024 86.49481312400613 100.47121441310958 115.35283245434043 130.8311346189087 146.71739643404172 71.86929964017523 69.1139117720047 70.61840780034062 76.13065342029451 84.87333745104513 95.96760171830589 108.69575841858381 122.54976689230993 137.18896814368304 152.3872394336812 85.67045929214011 83.31284840550754 84.50629171704475 89.1082234490203 96.6328988936667 106.46237986422982 118.02219714467446 130.8545728097561 144.62115662787784 159.0795969792026
13.045735616559679 9.080988752951326 50.23234615379552 57.33098337487344 0.0 53.16351599854974 41.373261807308886 25.56594615522728 52.871119801279754 10.422797461136145 32.54221327807196 37.45893388778434 9.43476700340134 27.578812710641262 15.05479684613096 15.054822289200253 20.490390878933844 62.74588482569471 33.74801142535844 22.204274866622463 17.25355405785037 7.773783620201635 28.543842844642064 39.78041289221241 29.733285449603013 62.331255395913324 34.95813773993333 23.812451492620358 46.950364273680385 70.45840659983935 39.35319822943403 30.732518565414882 16.121358193446337 33.60536080429533 19.61276338903646 12.237946020929753 18.841774699504708 46.251699136608046 39.877984491516344 17.824609400044455 93.77698027027328 80.42922028218713 68.86432728522725 60.120132406749505 55.54515028192099 56.167568669412894 61.83062729562875 71.34392633122907 83.40014285240399 97.05622330295029 86.13646989150803 71.41792514239731 58.139950911241996 47.52570911056521 41.66338242675754 42.56391803315536 49.86223095430666 61.31478049708023 75.04310636709008 90.01188028831646 80.27550296946843 64.2623425039551 49.13095688942851 36.01059787602471 27.899558557243058 29.30388284494596 39.21427935956186 53.06139684707681 68.49798492484616 84.65899843387317 76.6037253914785 59.634379774329254 42.93134644530969 26.993601343333218 14.591821980305285 17.2017665743365 31.26648408761768 47.518396758192 64.32041497899786 81.3323200516837 75.44151885469446 58.14086333239083 40.8412880769884 23.545174353977103 6.281182989730709 11.101571283450268 28.385737809546917 45.68335515089503 62.98334196843716 80.2841665211928 76.90276307623039 60.01627606261736 43.45784560025723 27.81955830260404 16.061875116078415 18.459479096086643 31.972385474252892 47.983612051233216 64.66322870219676 81.60240066947671 80.84531014015994 64.96950279647494 50.04815627856313 37.24659892547179 29.470491131982712 30.796429907382095 40.336582328599135 53.89219966068946 69.14049483433367 85.17720586449605 86.93216608063747 72.37126393099754 59.3017942137408 48.93373439275622 43.25531802016071 44.11620250235265 51.18750550890534 62.39220085837895 75.92178439881582 90.74223148623653 94.75089644268321 81.55752269881977 70.17281814801383 61.60776794495438 57.14461918606042 57.74249474346035 63.25805611133413 72.57868415157485 84.45381512737741 97.95879823619035 103.91119539603793 91.99513616089533 82.02050124219845 74.76837011286506 71.07703365698305 71.50013466124837 75.96895944148518 83.83904424223908 94.26227707180742 106.49158378060469
40.14184760750004 59.77895543152053 33.57839459523159 110.44283019819954 53.16351599854974 0.0 15.496282848836875 34.702972154414056 2.571322519938021 44.81662512033227 81.36355728385259 61.43728005653007 60.21090760309676 55.610524472470416 38.83260891986992 56.54903492855912 55.57019881082128 15.379278913221862 72.36585978272412 47.276698218154635 36.92592452688525 59.908566288075896 30.42854560567142 79.34703827706655 81.75907408796466 9.246985775022527 71.70976429352895 61.14161785929245 8.86675839083688 17.7089849878319 88.48110595722446 63.73861252812411 68.10758489930451 63.016907196432186 43.684108736001626 64.9714269718292 46.92690433635849 10.765470765353411 92.94464202392861 44.83483803731238 142.66438234531992 127.28914177459836 112.4749753465054 98.47542529524247 85.69068524585975 74.74672255096674 66.55784228790397 62.22149991642912 62.54421298330026 67.45915021377513 137.0638784062561 121.00862725060239 105.34880757163049 90.29040329530582 76.19084512457562 63.690149299017186 53.91222160350626 48.531664327623396 49.0185631199359 55.21792192777868 132.71579065950922 116.0837602310405 99.68001576183535 83.63898343049316 68.2170170160169 53.94767025780299 42.022002527578465 34.9292731269669 35.678668704518635 43.87013260146775 129.7461590720507 112.6924884259246 95.72794606236529 78.91003689707718 62.35751554562478 46.35555115777478 31.74785122630084 21.580698507809828 22.85254022958692 34.31416905690438 128.25081696862168 110.9755454525506 93.71010997954745 76.46117396947679 59.24315087613107 42.09399143831158 25.154933774978765 9.60992506628232 12.273712351105836 28.419197006913056 128.28135250702488 111.01067123614756 93.75151309112717 76.51167647338906 59.30801310097286 42.184802364500335 25.305889322698484 9.996592901108512 12.577323093039114 28.550999878831522 129.8366886721178 112.79622846109632 95.8494863269867 79.05675396646855 62.5422106325996 46.60254626617115 32.10573112055995 22.101358956460125 23.342527911772923 34.640851541975664 132.86326530762608 116.25156355246145 99.87448351030964 83.86958061532216 68.49823586765042 54.30117632021753 42.47275421995465 35.467726468658135 36.203481314258006 44.29596106051128 137.26375569060022 121.23394070825528 105.60634524007479 90.58936997591768 76.54325426183556 64.10934110025819 54.40448035579839 49.07534383526233 49.55434678881766 55.691823655995734 142.9112408131727 127.56449040313687 112.78506186454851 98.82780810765861 86.09352843907509 75.2060511621944 67.07085158738032 62.76736925381999 63.08471021319369 67.95817236771826
28.997815384642813 49.150754773418015 39.591551200834466 97.79022346741483 41.373261807308886 15.496282848836875 0.0 29.694393216864942 16.812453261003736 34.88337193380858 67.06945498661524 45.96213554835613 47.14874848405279 50.753793248168975 26.34771507660385 42.23741419751359 40.63054512020473 21.37494069489902 66.13747420905187 32.131095851995454 24.19241344672252 48.76934683176715 26.210461554602134 64.03942749746003 68.40525094966085 23.1481564751339 56.357435627186476 46.096459734100634 6.795681630093612 32.68434740371027 74.12591939747081 48.35403110945192 55.0580246547992 58.69941845324946 37.09533179870567 53.58115769804521 32.128600023181605 5.314375063599422 81.0986318192857 37.67298230599843 127.85600161120585 112.23180647851399 97.17767346351194 83.00435320789285 70.24703325263336 59.81863679523113 53.1092603353092 51.590874744140045 55.68970980859779 64.34104287628514 122.7856596277221 106.44699611681837 90.46720072071032 75.07577826618441 60.721801773037654 48.33847940562058 39.80937859871643 37.83743265763222 43.327389124811134 54.051462876975684 119.16508917567806 102.26914218386314 85.53564890464197 69.08276087331114 53.171602309082004 38.480145014021126 27.072765918359224 24.163165658630827 32.1479909299577 45.627172748444515 117.12886280819514 99.9001215224815 82.70194179090142 65.55838001425975 48.527356434733434 31.790259095264705 16.280354495565383 10.871634192665587 23.87567875262016 40.25688463028997 116.75992967259813 99.46929358550375 82.18341125261867 64.90608086540851 47.646606500046666 30.435381024539506 13.458798413057796 5.888940551098777 22.066570109152185 39.2160801384594 118.07392488498805 101.0014699602149 84.0229384732863 67.20954920603813 50.725781201890804 35.039953080810015 21.93635805207203 18.257090584310916 28.002695726531066 42.821637505220416 121.01602275573663 104.41024650805792 88.07286810173028 72.18635136328479 57.128077671424855 43.761557349177664 34.13560095834368 31.845145814621656 38.23213411692258 50.07981184374615 125.47170667791444 109.52049234780738 94.04802382957001 79.33490280707198 65.89177714890471 54.66378384033375 47.25712334926514 45.57461603163885 50.19520914698184 59.672237194838964 131.28690049513452 116.10769677866953 101.60925460727069 88.12820407763712 76.20640686973228 66.68544747030664 60.70566467093428 59.347307475567455 62.91044785027037 70.65438666800422 138.29012823046097 123.93649692356836 110.43114750869573 98.12496511093154 87.52523398512854 79.31905041657014 74.30373007379757 73.13866430302836 76.00112827112962 82.47282067523876
15.713441828782745 28.626317418092803 24.834133294620848 80.54815720322377 25.56594615522728 34.702972154414056 29.694393216864942 0.0 33.424629170979735 15.143188451631275 58.061558642394964 53.98520338521332 34.85502688695501 21.3283761086694 19.19280013927958 36.849357152488864 39.76624295313061 48.23446681200436 37.70730354885032 35.521269033795015 19.447816823650665 29.69997641125983 4.313073727588971 63.17841754516545 54.92727676317162 43.67907305201406 57.01280355903823 44.936323418242786 32.097748503529616 49.853011032154456 64.91570061651481 50.71142644696215 41.58931537469264 29.142992162044298 9.246985775022527 34.71711140231782 32.773896115323055 32.4808210057305 61.9750350420614 10.74240560859148 119.28636701138443 105.96913887966942 93.95939425577993 83.8210324287204 76.30367960234774 72.23036687942603 72.18648497886082 76.17899751939399 83.63180643606044 93.72303221408751 111.27136945309223 96.90201743659152 83.65035264409443 72.1350067786357 63.3106160133412 58.409812435751284 58.42837897308838 63.36199130328865 72.21014891390361 83.7410679534168 104.54948287268172 89.13989581919488 74.56508451601255 61.42220100124854 50.83429814304793 44.65724022559645 44.75618936531124 51.094696530133554 61.78125674926518 74.97922047092334 99.38354101356406 83.04961893418786 67.20192988472564 52.2844981792137 39.369370252174946 31.0634040775499 31.28309489763361 39.88781987674847 52.935371135899054 67.91154581253238 96.02507114962239 79.01879862521722 62.1758725176611 45.677347239082934 30.09507133396496 17.992190715346737 18.450931554523876 30.917101482403663 46.58336391095443 63.10994186953217 94.66668868668589 77.37004830546375 60.07645449472438 42.789601266005654 25.52318848285 8.40416004959211 9.409582558642512 26.554927296029256 43.82352867407642 61.110987139612384 95.3938934146263 78.2541015753198 61.205611224442514 44.353829561935164 28.055489083723835 14.341257201481378 14.93136859062853 28.964336645906464 45.317024904108195 62.18557400593109 98.16033401970256 81.58865534937816 65.39630372787529 49.953525937447075 36.23179982722974 26.99707829966727 27.269974470018713 36.8398036280239 50.689260282297276 66.18414793137113 102.80147427566308 87.09264921416398 72.11672387804622 58.43988416068909 47.205128330661296 40.49856914745534 40.62819153728588 47.53810760338457 58.88802326200725 72.62529018933634 109.07821680079773 94.38725398239458 80.73753498497572 68.75205381742362 59.44610803557182 54.21747066218608 54.257976348926576 59.55687515311173 68.91164100853581 80.9277867161292
39.82556661199627 59.199199404929935 31.110953890089917 110.19977250221332 52.871119801279754 2.571322519938021 16.812453261003736 33.424629170979735 0.0 44.21037392798592 81.68466690951438 62.73852195612165 60.19615641645558 54.09572088794571 38.82398286941243 56.940299264292875 56.23338789424642 17.752625794444192 70.96901390302646 48.08084050642272 36.999248682705584 59.43461721426637 29.120428610086798 80.21059438813224 81.76253462439145 10.259518944051766 72.62363191316248 61.84790542871412 10.525625870360452 17.608110785099093 88.81484521511692 64.69609928219552 68.05976470300902 61.39093195544954 42.52005319401942 64.52825056711801 47.553929080664346 12.499641957691503 92.52514044315386 43.74874468122046 143.1592722923501 127.93400615048736 113.30638075234536 99.540219069629 87.04520555436382 76.44719558216315 68.63069954403743 64.61319859601407 65.10185290140785 70.0023597820598 137.32119551020867 121.39666188516411 105.90509609545445 91.0677238277547 77.2623604982614 65.14841102482855 55.83779769359288 50.89307346323724 51.58537859623214 57.71220604350683 132.71515066003644 116.18541861528043 99.91745980213295 84.06338702702233 68.90946447644079 55.03710149878127 43.68475454249829 37.23358710434387 38.249565083493366 46.24311235948694 129.47276360858987 112.48481523934825 95.60952793273427 78.91920572842699 62.562059296032004 46.88808508824834 32.88897706673979 23.74001118681417 25.38114416681124 36.38032238303532 127.69799854889423 110.4468566937645 93.2145410928883 76.01385654130976 58.872534334096 41.86355705236946 25.25574621273671 11.03907704383115 14.303248747448986 29.766051552347736 127.4522055956028 110.1638847665207 92.88063198510756 75.60592294584929 58.34734669610978 41.12521907422432 24.01807479328246 7.820849384553489 12.007370605752618 28.73850566886858 128.74414568910095 111.64924816608374 94.62962594147598 77.7347381714975 61.06819838837838 44.88509901176207 29.97884746448989 19.532086433137952 21.51709619584918 33.81095059455259 131.52849539421317 114.83432739704742 98.35043912904234 82.20342745453804 66.63862674210141 52.17967174476833 40.042954352990265 32.90694036068434 34.0735048854076 42.87014377319491 135.71339091069498 119.58334141267879 103.83125628346157 88.65882464133934 74.42142003393133 61.7690173217156 51.874641300264514 46.53223063001545 47.3098481615181 53.94347177375928 141.17427926282033 125.71911950684672 110.81115863433587 96.70379894767032 83.8023422653993 72.75119513146056 64.50841962780848 60.23812745121353 60.783416990178395 66.02508272910885
6.627662219403244 14.98991308629413 39.84982631838626 66.57934457798025 10.422797461136145 44.81662512033227 34.88337193380858 15.143188451631275 44.21037392798592 0.0 42.940654673428504 43.16161883261211 19.75497052386662 21.84576711024298 11.273298397824064 23.032990275447453 27.135567846240935 55.89830694650694 33.090392444320486 25.486732925667177 13.163011359140585 15.40327504584996 18.234257965261133 49.0678852752218 39.94359863370208 54.06286469250724 43.499034068936396 31.655149700002514 39.61320283117782 61.62327044641265 49.77451527539676 38.09315189048317 26.47950935317195 29.25891818277804 10.227239249765008 20.53852357113767 22.162650055417252 39.25254681643154 48.46516545182869 8.782418649874055 104.17185506182473 90.84063386864528 79.0630185082873 69.631859011142 63.599728325164925 61.96732894721893 65.06665068097259 72.29165211089222 82.56628645468058 94.90519012428183 96.35202266799544 81.79936312171179 68.5365715556331 57.46381272492158 50.056170490022524 48.04011796835327 52.04601775129507 60.89684139711987 72.84754573378335 86.62451642265384 90.07824799413788 74.3429113712762 59.484065958699695 46.352428817375056 36.843576565090345 34.13295377691345 39.640583441319784 50.75826139830714 64.65395786270727 79.89102175388375 85.69088376841233 68.98721192394254 52.67119599412087 37.25568408024638 24.503647393271557 20.28751106780997 28.660933438199798 42.77881176742764 58.62862779700139 75.1220133442664 83.48792538121867 66.2438495401516 49.04054385709449 31.943946283578196 15.31567461805262 6.887488389458717 21.424717643297072 38.33161851977458 55.48261757582145 72.70517278880253 83.64218107555153 66.43726632507342 49.30029976500175 32.33948137482681 16.120727426946075 8.522144593051799 22.002030421446207 38.65572448391974 55.70596042250246 72.87493613246617 86.14098620658001 69.54296015042235 53.393710929445334 38.26571161876481 26.006773408767227 22.071499703666927 29.944301524610758 43.64496015588719 59.26057001735938 75.61388119306741 90.79092891744386 75.20093357049333 60.54812423696521 47.70406261567348 38.52255357884823 35.93054384850951 41.191359908302516 51.972681129098525 65.6071515853446 80.66067441561334 97.28397869897346 82.89010768221603 69.82885379658565 58.99211069854062 51.79547140540782 49.84148897213385 53.70548034647295 62.314401601223445 74.0310212401476 87.61735556312553 105.27958622680976 92.10306478121197 80.50373563970834 71.25603136612659 65.3657877232047 63.7702442207993 66.77795696191117 73.82845432946043 83.90875666935274 96.06982807860074
43.89482880029129 32.901811260670115 82.77455877193452 35.53109160200742 32.54221327807196 81.36355728385259 67.06945498661524 58.061558642394964 81.68466690951438 42.940654673428504 0.0 34.61744207329762 23.21101873229479 56.06000746827962 43.31424581860932 24.854515527845688 27.21154533957866 87.38040563614939 53.30229502790185 35.91784556270201 44.8882865589853 30.711333773077993 60.793467667158275 17.575601734717697 10.108431548379244 89.98649331119468 20.48516819394349 22.770488582891655 73.63746306774206 99.07250018596096 7.137090882627467 25.332970924944664 17.183747125807184 59.336482360614006 51.8128312893972 27.35093686331479 35.10401371873024 72.37736030959978 27.44250927227166 49.94784238792191 61.83493296934268 47.9097995151414 36.95737223700356 32.17226063894456 36.09667388368052 46.57889967769401 60.29035116614213 75.49150621789991 91.44242503899946 107.8108306317135 55.73506402387888 39.76766460855647 25.597830589247923 18.103665626951443 24.473424018589043 38.32579096450539 54.19867174297626 70.74487811929487 87.58362596544805 104.57369310722832 52.82998304211541 35.602237044142726 18.513373051838315 4.084630443361671 17.00990754984991 34.06909492110104 51.29115935055569 68.55345615792336 85.83171441698221 103.11791102038237 53.641333564256676 36.79007706312117 20.696376014560474 10.093725577492751 19.3426915915266 35.28610556647113 52.103664747879655 69.1605929726697 86.31509987571057 103.51868632673728 58.01338471777682 42.88866266379662 30.19987919010559 24.15240692898644 29.212250122120103 41.49798902707301 56.47584765827255 72.49600253423363 88.99736028334024 105.7549083046344 65.23404460433522 52.20435992617195 42.353467862433696 38.22360147245794 41.556920049229454 50.90793575969795 63.67860447175997 78.21136641400778 93.68979362659508 109.7143721106093 74.47928100608478 63.333013226906175 55.44076110906372 52.297089624244016 54.726532293633376 62.07818661556851 72.87735816305711 85.83249719506145 100.11006931845817 115.21950592279465 85.09161287167983 75.47678550960272 68.93184803891361 66.37127504348322 68.24503338302283 74.21802318616773 83.41425120058508 94.90127287984951 107.95025631192301 122.06127982931939 96.62150020863103 88.21731637375647 82.62903431096197 80.44564321198585 81.93977977870684 86.92200703081174 94.84421384444725 105.04330673703858 116.92497370992562 130.02878319583496 108.77742699119081 101.32961109604787 96.44439455951026 94.5199560646576 95.73501262640647 99.97516134615906 106.88097503738906 115.97724974415075 126.79342169503926 138.9283657305546
38.89856421199341 45.048408196516135 76.65769536518381 70.13321072054273 37.45893388778434 61.43728005653007 45.96213554835613 53.98520338521332 62.73852195612165 43.16161883261211 34.61744207329762 0.0 32.45360342968561 64.39881273333968 34.820428703484644 22.925386883662984 17.008046700426668 62.02815033126936 70.66279172116516 18.464110936446808 34.61385312159018 42.72337835957295 54.30069758365659 22.08612647363685 42.14441728751413 68.24709755911199 15.05515855984121 15.562333370222092 52.6056056238122 78.04974893084923 39.70437976711955 9.640341699024983 35.76594701452082 70.95686627496013 53.130411833856286 43.79082567601405 21.353197237809493 50.80403460176986 60.05432215123801 51.89056577521365 86.78292667910779 69.98991166760064 53.52206070130071 37.8066938841811 24.347342719035 18.84016896967805 26.754863304449383 40.93171543404011 56.865629518982864 73.42142866400577 84.8233563081172 67.5562918536992 50.31318766719799 33.131474884377575 16.207587524426067 5.137183010085886 19.718237643508616 36.74153824789875 53.94243098383662 71.19230701863923 85.18831114878864 68.011874764622 50.920477746623305 34.04244690425242 17.988733164335628 9.328131797651007 21.19308276678421 37.549869025503114 54.49359377806371 71.60882665008234 87.84882025227544 71.30129361754061 55.218155554982665 40.16124890797568 27.848125689783682 23.16940384802528 29.947210630894634 43.07621796443491 58.420858118425976 74.6266959743743 92.60721240412222 77.0624688179598 62.448853181562235 49.596383734283485 40.22996579531925 37.091857177434456 41.61572350050261 51.83278758340244 65.11615888084408 79.95184349690817 99.16187674249022 84.7929936159786 71.73093157419046 60.82353273015782 53.407663629553966 51.02896967783233 54.35286349262995 62.47569611237167 73.83015813942492 87.16233537574662 107.183689493609 94.00818883469071 82.37371363508632 73.02061821192406 66.91252144647457 64.97117226147402 67.55674489064343 74.19748777298923 83.93636553751917 95.83346275377713 116.36953478809555 104.3152142825269 93.91561223543056 85.77472529631983 80.58007052342876 78.91561961691426 80.9992917353071 86.56083694003807 94.9913401824393 105.60593692992487 126.46590237565441 115.42181599586874 106.06336764814385 98.87037732202026 94.33947356859606 92.86114495005306 94.57864143990966 99.32631976781384 106.70045635819609 116.2021005888949 137.27190455032766 127.11844743831111 118.63086061518821 112.18787819345066 108.1555197375216 106.80716455007229 108.24316081077367 112.35680147977293 118.87042242752827 127.41648766731784
21.03234288023361 13.258892668027594 59.604769750492544 50.6448736522813 9.43476700340134 60.21090760309676 47.14874848405279 34.85502688695501 60.19615641645558 19.75497052386662 23.21101873229479 32.45360342968561 0.0 35.69438847928984 21.383107778409194 9.879533556196822 16.00940456575807 68.35616695568052 38.58669614761741 21.337594045368682 23.30566540913793 10.765836837412236 37.613912312360966 30.981777790305106 21.56661802237861 69.20253655040015 26.987198784373625 17.269744847236435 53.25636171768835 77.78771385386314 30.128740383633264 24.26517732849009 7.924627441542054 40.7967637660368 29.007909618838195 11.3913254651275 18.65181353839956 52.29799944274596 34.611051816614626 27.1946307480186 84.75211788654828 71.12077933123216 59.43156934736545 51.036849762213436 47.708605601757256 50.45953308906832 58.43731964189782 69.87401942393011 83.35789866584035 98.04795951618362 77.5961127861585 62.463721257045435 48.79533020165362 38.1963355341575 33.69931556540924 37.56375531710683 47.80309174166668 61.302067413301806 76.35089639743003 92.19372708913535 72.52109990790304 56.06563760453748 40.325094014310224 26.600420930125697 19.69170584817769 25.81967977963368 39.29707556281679 54.959768292772715 71.38349818348738 88.14387780271664 69.98136888335083 52.7550360418966 35.60209418732428 18.72532613906452 5.69912390256244 17.692813039505253 34.52976540604314 51.67482182351191 68.89835388262054 86.15330853032798 70.252459451302 53.11248387851663 36.12723475181506 19.70105327548708 8.354589864326424 18.71309984279482 35.06100828468332 52.02962387366142 69.16359216531346 86.36455560156871 73.30318952184396 57.06909432642415 41.702717047125766 28.63673933490952 22.35442280912536 27.894242189046114 40.68376118606732 55.954975202739334 72.1488823499598 88.7618969345613 78.81138464045934 63.96033419091629 50.688474585848176 40.57617117377845 36.362576692575395 39.959421988561346 49.698902733518736 62.784660271716604 77.5406558079259 93.17671461179373 86.30774224516301 72.95925229355107 61.60989977955993 53.54631769305715 50.3719927962273 52.97327920961736 60.6110558753398 71.6933261222191 84.881488314414 99.34033540349354 95.32426765821062 83.38614009213084 73.61028422317771 66.95067405740133 64.38171168602487 66.38004272468402 72.56933632198484 82.00609919815129 93.71438132052772 106.95075247784087 105.47170182722552 94.77071620846674 86.2402505345177 80.57267757474112 78.39142382217229 79.98223355391097 85.13391473263194 93.2582038691832 103.65850248508535 115.72277685367617
27.78868413844146 23.30430713284058 35.24129035088834 69.06691862262792 27.578812710641262 55.610524472470416 50.753793248168975 21.3283761086694 54.09572088794571 21.84576711024298 56.06000746827962 64.39881273333968 35.69438847928984 0.0 32.6517406339939 42.60337807917423 47.725216337653656 69.52265495650848 17.17499356248721 47.23493130996917 34.176413965543475 25.681234664576216 25.38690722009083 66.66118484702791 49.5274816264173 64.32210132594382 62.40811583541602 51.38440823571973 53.426098463781365 69.51831380839901 61.79896849650221 58.26482714710135 39.088870452636165 8.014073599080277 14.094821139739734 28.741311019375853 43.859285074775514 53.784103660023 50.20429586821331 14.234609763524132 113.04557816855966 102.03764117094222 92.96632543263111 86.44347916528103 83.07161063429004 83.23454735964813 86.91241126882078 93.69217986765521 102.96291507692062 114.1191446266063 103.04412729573394 90.88652818518035 80.63076477128251 73.08193919622911 69.13255262941752 69.39985747005555 73.83807275442257 81.7708514483234 92.30153678065663 104.64877268333761 94.10662140311014 80.66219309907736 68.95956404875604 60.02626447554349 55.22302287090179 55.630126354446105 61.143589496494634 70.57666037592908 82.59715683933466 96.24039962830213 86.56338694687682 71.76204053024838 58.35294681773909 47.529441229644476 41.373114519238776 41.98960426840717 49.12458211918227 60.514690036967 74.2262506945818 89.19501283115127 80.80595848099436 64.73471708516205 49.50024594226411 36.17561585984503 27.672840468927603 28.663689551459953 38.42054372452871 52.243462210632245 67.68552718015272 83.85697298214336 77.2348292214913 60.239376767342044 43.4863079942564 27.42349820587794 14.551643410831698 16.436702811096087 30.45148393560198 46.72401255982311 63.54279366475332 80.56644900302943 76.15822852321692 58.859113517585975 41.56234248911836 24.272926875744854 7.045228305272905 10.43116012039671 27.689285976115038 44.981080590649015 62.27850561119473 79.57788956770516 77.67995921667192 60.80644816459121 44.264937386992585 28.636649496187893 16.716553947662494 18.372292356514887 31.533340229213305 47.43284130865319 64.06332642176083 80.97566065687683 81.65486133634616 65.7865173494449 50.8618203355801 38.00911849241289 30.019507443995675 30.925038135801806 40.127977249421356 53.50570577462644 68.65985698049317 84.64160199615684 87.75014347488413 73.1827261802903 60.08360496687219 49.62934821180138 43.75853363198957 44.33114899194347 51.13117170469967 62.146979913846515 75.55661419348499 90.2998406844748
4.863190441178036 23.2948646026616 42.8736308118058 71.75587110676757 15.05479684613096 38.83260891986992 26.34771507660385 19.19280013927958 38.82398286941243 11.273298397824064 43.31424581860932 34.820428703484644 21.383107778409194 32.6517406339939 0.0 19.360305242126323 21.03255316551399 47.72203272617035 44.28988992889913 16.37113231586753 2.2232623846553303 22.61200925587703 19.99179055516456 45.21748887942601 42.94450731551492 47.85881043270549 38.53115495725252 26.499332859887904 32.10515235932192 56.40771723681838 50.44252874831772 31.77860874116572 29.27502170843045 40.308613681247614 19.386187172642828 27.289696031136558 13.586331554111663 31.303659270225605 54.7706080520577 18.624959731704095 105.12496144996297 90.60960851470928 77.25053110331605 65.756275151724 57.261074506747356 53.22098600553366 54.63346790285033 61.12166591903589 71.31339313325569 83.86919459066863 98.66927948625438 83.06921358558021 68.29398111006249 55.01224904425856 44.579516742398575 39.332240721494685 41.29676847531132 49.62385607712956 61.79269517101668 75.97929546926635 93.90250340406448 77.37409561185373 61.27423342607135 46.05456737632854 32.9579300716316 25.497796319329133 28.50895585321143 39.67485343005923 54.16768325937233 69.94921235275737 91.09023511323089 73.95189999721794 56.91264423801237 40.098972753552246 23.989979958119132 11.908973157732033 17.516881164594338 32.71959031801576 49.32560223859237 66.2885469940989 90.41507900832872 73.1225012092373 55.83571816473019 38.56252366887473 21.335946412550815 4.700059126422295 13.69934564606677 30.853964985635876 48.11419549784694 65.39646802649283 91.9241460893412 74.97201096122242 58.226011963685764 41.933837877802574 26.93208676450541 17.056965855518154 21.33670825792688 34.903902400038355 50.7939163147399 67.3830372926115 95.51394331128786 79.31321658998756 63.694334944238136 49.21442168093621 37.227131478593726 30.795589850533677 33.31045496179831 43.23787095448105 56.81680718723264 72.01037906110929 100.96272130478492 85.76853904703277 71.53822313170765 58.97369183985004 49.3637434921425 44.658323926802915 46.37517118505857 53.904090670558475 65.26369098976824 78.81466623717874 107.98938148138849 93.90290233121982 81.07095938484538 70.18506024192342 62.2742462278584 58.55696066232542 59.82015026326887 65.7775033712597 75.32334537574425 87.28819853685732 116.30820538771142 103.32039359320044 91.76762341019683 82.25677822153965 75.56286325814207 72.4707039276356 73.43668998190522 78.31078997767362 86.43436875379042 96.99437231084882
