0.0 58.39486258877963 42.15823734274544 38.856150581960314 66.57921556540892 67.26497818942245 41.286196931978715 51.733300111197245 69.7744712396112 45.914810478329414 25.835192501776838 58.05737695858657 44.92690610841328 38.8233397182084 21.957880829408378 44.27938579552922 51.629618211646786 46.383799463797715 45.30555244643121 37.784345602370045 30.602764725903473 71.89775928016488 54.42523342258576 73.71150770537176 60.73814193028702 41.410811625863246 40.521641618392366 44.35853991511568 78.24659052586017 42.84598280452888 34.481394873808476 47.97243483378887 27.083446603095144 41.24781977273563 16.636963875807997 13.172405358729117 74.99087221858714 48.884046638005294 34.10675544558337 43.74803172507665 79.86137073050014 63.17663049032998 46.9408842355689 31.848366568815667 20.588884403618636 20.789365947017245 32.23670547034553 47.380634127072675 63.63454775955997 80.32744683102408 77.72332566937946 60.46408446240171 43.23897728636262 26.11563313024087 9.651783303920794 10.14894271482713 26.675056619289908 43.80444889717852 61.03125699883046 78.29120262618962 78.12222223698647 60.97366019583472 43.94548963032886 27.264226942452567 12.417055747736953 12.796158285609204 27.78512643580003 44.485930652161706 61.519882897095044 78.67087865338459 81.02059250549127 64.62918024204068 48.869586011975116 34.61578981705859 24.63697103581752 24.787471603212374 34.93663012712634 49.248639273411555 65.03076030139833 81.43268428510888 86.16654325641692 70.94596569559255 56.92709149818977 45.24117892771406 38.099102634291135 38.144800416171165 45.356551924976095 57.07989692263397 71.11764400791068 86.34831076526352 93.18840929134574 79.29043020640832 66.9967594727812 57.34858323523492 51.844527003087286 51.8222994779793 57.288281769691245 66.91072032875444 79.18865148114394 93.07707189938812 101.6982683232265 89.09455559040941 78.3060321250823 70.1749405007214 65.69552996525931 65.61993459848075 69.9624310052163 77.98846365743874 88.70373132472686 101.25806740026975 111.3553948506002 99.92952008676423 90.39069020481463 83.38901387880041 79.59686718123602 79.47501345741152 83.03961182863195 89.85298754451176 99.24829710263083 110.56931063095634 121.88727907734763 111.49506932977242 102.9779743929023 96.83205552547874 93.52594178642684 93.36181039148398 96.35571874525229 102.23058482086503 110.52796683551176 120.74949885652077 133.08627737668664 123.58612127561814 115.90409316417193 110.42031311211534 107.47180830034426 107.26784656769564 109.82372025922326 114.95549335266358 122.33944036068355 131.59699532297915
58.39486258877963 0.0 37.143515349374006 27.418395209269637 22.770325869013668 71.48515943966275 17.108684142969352 64.73471025097113 17.34416369589331 63.61463381939073 32.688337162486796 48.30876883130699 62.092969373993945 19.577612132925438 51.53817127556309 30.352474457187515 7.567761260177251 71.48177250323192 53.32609824809609 22.873812663488618 45.63088398935791 22.493351176199937 38.12275412324887 62.574784631656776 26.854971162450322 17.00324439315761 54.51791826731597 62.852440091153774 25.70080126311613 66.994741443361 25.792269254020844 22.979617517706384 43.028653888705996 17.488500268922444 57.98170608957616 45.67365852977153 58.044108134128635 66.88064138352115 27.710715386080356 27.766580919109245 116.64564478895375 104.16089550346196 93.22801569404861 84.4518722311026 78.55863791963114 76.21998108021214 77.7572922347529 82.95536469186142 91.19031539626286 101.72728133596891 107.84210286375651 94.24570553774244 82.05657450353226 71.99308557994937 65.04938023380623 62.27787658449659 64.22102849225116 70.49001088765975 80.07519787509038 91.94524207216224 100.25761442931889 85.5052584707115 71.89861838549362 60.21939513229804 51.788434031050635 48.336429054241854 50.886943051441406 58.66219990398011 69.94089323837085 83.31209708785465 94.18725658814714 78.3339216308354 63.244565346220874 49.62111049769051 39.03001360143868 34.3967601671982 37.96893535322228 47.94633236532234 61.27617249989723 76.21939148685841 89.93823532400458 73.19448054837676 56.78634821042059 41.11761488978998 27.48342620975984 20.462911061257294 26.09280155239401 39.263843513811615 54.782990726657715 71.12955988379646 87.77551502781306 70.53259165138526 53.327903844658714 36.21598498750369 19.443333189392295 6.572841026764706 17.52354614693781 34.200299658269174 51.29288177336253 68.49067338888308 87.85334023721276 70.62897606571656 53.45473281610056 36.401620731626714 19.785369706955933 7.520442014839622 17.8987869103717 34.39315962125628 51.4210619854097 68.58626053212797 90.16590838677449 73.4727780414618 57.14296583907202 41.60648183308015 28.206231050725528 21.419499611048398 26.84603901949328 39.766015797744615 55.14230288752652 71.40533927475653 94.54935266465847 78.7669421754888 63.777658589259026 50.29568327192399 39.88018607973642 35.35406897486044 38.83424532271156 48.63120903139111 61.81098477809933 76.64795269181538 100.7336338268741 86.06036791369176 72.55487944957125 60.997834418320856 52.687405904737204 49.293928062085726 51.793065290868086 59.446223986414395 70.59665109441481 83.86073223245707
42.15823734274544 37.143515349374006 0.0 11.772027459516375 30.426289080189882 89.890803094179 28.123586245818302 77.59585373660053 37.828399380594846 73.64995001490944 25.728013770055423 17.95438916779856 72.17218031643628 27.054566497025696 50.96981933767156 49.60070110567279 35.40117618421621 78.40566609253716 66.87455953005878 19.287224906071604 52.10950429182732 59.126369936828944 12.26705330077434 35.05061920211637 22.00794235442041 27.49530758014541 64.83789261332782 72.30275641778779 44.08922334605841 73.85279553374845 34.128062873098074 14.534767613456502 47.21159210621827 25.324541546712762 52.4363244415967 35.72577396723888 34.36562141394908 77.25278237975067 36.80925818027776 9.379291000223388 119.08824496975416 103.34175977128179 88.18010977197989 73.96382514846908 61.35361706081706 51.54210363508195 46.34235419957299 47.300553520916615 54.09042576093867 64.90692705352473 114.31620455812906 97.83049985406676 81.68309078488656 66.12228429317753 51.68069447809542 39.60227802827246 32.626602797004175 34.0493544270408 43.04567812798586 56.082179128831925 111.13052630986313 94.10577198388081 77.20434400683715 60.52963833103768 44.33819425280312 29.43850867304536 19.133428505747553 21.54674801640187 34.0756303534461 49.565580679340634 109.66958618024545 92.38397275193554 75.10587340546014 57.84202216943709 40.61059402902225 23.483072120575255 7.238958152976863 12.331417767310842 29.16228254534032 46.34141875737723 110.00214547091177 92.77670832957281 75.5862181224272 58.46151121001398 41.48413404185521 24.956594775548723 11.110491876061527 14.925401100681809 30.344774305556186 47.09093563140859 112.11224044556737 95.25782298065947 78.59810521943304 62.289504517319955 46.70132252794816 32.87484756875582 24.066753072867904 26.007163018623928 37.04385748119424 51.64138989106532 115.90279880611092 99.67144738066258 83.86920097643466 68.79240597401241 55.040477513494125 43.87732909146237 37.67880902613768 38.89565643141335 46.954854136728336 59.121496622583614 121.21622240200409 105.77589055578576 91.00772634962881 77.29795774247943 65.31648391216697 56.1801802597308 51.42842619991838 52.27096873855485 58.4664528460929 68.57914280541726 127.86273039996343 113.29810084024828 99.61292267060092 87.22214141401108 76.7552110548811 69.09208186927623 65.22853679125339 65.83692830681655 70.80207008175334 79.30988594584504 135.64641839363273 121.97596355141083 109.33893924620773 98.13538952626975 88.9088792582273 82.3268245254803 79.05255438185912 79.4958474680019 83.5975852970957 90.86366635043689
38.856150581960314 27.418395209269637 11.772027459516375 0.0 27.91441957722559 78.97760151897776 16.37554361164501 67.3598742486443 32.63924158316104 63.842453332768756 16.70878207466513 28.5602207627438 62.32457921126232 15.294064853508454 42.754616915079986 38.01136770498906 24.39881982921355 69.32418985865881 56.31917297716115 7.5373027901156515 42.311393629745304 48.5044336315694 20.157132852844317 45.540439778005975 21.99806309785126 15.761134951894972 54.767853746520125 62.577045135468985 40.41951135338618 64.68699567553682 22.838805168440665 9.146527078265624 37.632804914077255 13.620833776181382 45.74054456772667 29.343579967687553 43.745821596495134 67.45429997124732 25.637511751117408 5.56656285119663 111.62777985772762 96.566962164173 82.39111548992668 69.6427629151755 59.25060106206579 52.62940063419017 51.261824794351135 55.53734182180576 64.34064638478944 76.11663420602865 105.83715953617474 89.84257663587255 74.43506987885135 60.06810711805674 47.691531442512776 39.23638188870793 37.459471031346766 43.19302131174375 54.09962129212171 67.7244990503413 101.68092795403243 84.93023888961444 68.4542970824646 52.51235134025263 37.78642931768842 26.39682520654782 23.758818668321588 32.10734325931816 45.782010232681735 61.31732523363195 99.36444980674246 82.15571303864387 64.9964741904945 47.93991345769122 31.155129919513843 15.548701267761876 10.563866468803997 24.08612902216356 40.588189422748975 57.56191277919606 99.01696484667703 81.73703162538028 64.46889834088891 47.22551080220993 30.049499008391976 13.206415625238915 6.675323180472081 22.658860702761846 39.76180956667359 56.98502026471606 100.6588715501249 83.70955693938042 66.94089450668123 50.53304586989177 34.99722882773262 22.24264506692124 19.062434964018557 28.82237892985504 43.5522050052757 59.678903539490214 104.19614426133403 87.9124522571784 72.10458035692767 57.16861218178611 44.00157261958528 34.680470457188 32.680883299478495 39.141457552195135 50.938941187827474 65.2396062469718 109.44511471183746 94.04711596944131 79.4367043919312 66.13790956777383 55.10861325057657 47.94161576344284 46.46009992343082 51.160398191110374 60.621241297877845 73.01497480005727 116.17393144654653 101.76471005342563 88.39924152994489 76.62565771742578 67.28486282421581 61.49560908911806 60.289824486912394 63.9273944687457 71.67465673348067 82.38019725260028 124.14210568485146 110.73466567560303 98.54824513828429 88.09105355931526 80.04372227020573 75.18409335247674 74.14165477302565 77.0714519952558 83.55668204063561 92.85535081595552
66.57921556540892 22.770325869013668 30.426289080189882 27.91441957722559 0.0 93.43817723086964 30.982371321676375 85.26220788392469 9.864411053357381 83.2773719415644 42.22244443934414 32.679954963742325 81.72247957150168 32.45035531803633 66.6926358252332 51.22639594105888 27.884897160746732 90.36525553891589 73.70965445265101 29.53237345341769 63.216329168127814 42.61050399409876 23.896028843499934 43.26012121317298 9.140725636821088 30.396142841723222 73.95134769914594 82.30698812269712 13.732301024606217 85.72562602354664 41.56065389444746 18.794971589528465 59.49272251548421 29.054258459311377 71.37319010453584 55.975691608305105 37.62483645619607 86.73957414241588 44.27270207385077 23.86142102163037 134.7940680677333 120.93297192600055 108.06855025269863 96.59981548469572 87.07997527209726 80.20601460831793 76.69271419035569 77.00146092865118 81.08860897268701 88.43180971594495 127.23072522051649 112.48146539187731 98.56569927434452 85.88951327667684 75.08338237944521 67.05754640359773 62.885683199898466 63.33402067753762 68.31165054845532 76.94452175306759 120.83612630247596 105.22860681760143 90.24107677114507 76.24005608767345 63.87755739966786 54.284809093368175 49.112530267212385 49.75884576879422 56.022734735823995 66.3313866452769 115.8041425830206 99.43714221798557 83.44817984883419 68.1040369021636 53.95765580044688 42.23038066972253 35.4131209938852 36.379676751785034 44.627124908692736 57.08228560283158 112.31813989460692 95.3737581027599 78.58533177467476 62.0795172011116 46.160480847310026 31.724201779838626 21.926500301820358 23.533578198388582 35.00855096356038 49.9607789042248 110.5245499265978 93.26465831970542 76.02387917306801 58.819021375524564 41.694576441740686 24.81756417884295 9.596803474139877 12.92281471307443 28.993326841402467 45.96672949635636 110.50583660435377 93.24258270049151 75.9969204076476 58.78433440977627 41.64585706075741 24.73601072170701 9.384903851432954 12.766988366686883 28.924538741139514 45.92358074667728 112.26288776823058 95.3089817655646 78.5070668779298 61.98087288740339 46.02835177977165 31.53254256867833 21.64959176882101 23.27702550384676 34.83742984914939 49.84159538282773 115.71481612683189 99.33357556002247 83.32531157477148 67.95412877756631 53.76920531613185 41.99046339781775 35.12802792768361 36.103537631830434 44.40338125294186 56.90837247306143 120.71626551127383 105.0915775862738 90.08198881795614 76.05255977809493 63.654702089024255 54.02362869448977 48.825054293484605 49.47647427240603 55.77328389392063 66.1218496137082
67.26497818942245 71.48515943966275 89.890803094179 78.97760151897776 93.43817723086964 0.0 65.03528715348985 15.794101420219787 88.74591607274522 21.92550249316982 64.71263490495832 107.49689671035284 22.607518616209806 64.83936644818229 45.60326657749507 42.53987243855965 65.55633806117265 26.200035882588033 23.46636631469504 71.84472805834609 39.3826545829036 62.199380997769346 98.87958457092475 124.51792445102983 94.39261386548463 65.74322052698739 27.128188451874422 23.412443922835795 96.57875256431188 27.018264369098873 56.19322124821545 83.46019883021764 44.337683159445334 67.81181127613732 51.06569657534146 60.81695959190653 122.40229920240328 19.903717042788813 53.35173252117026 83.93653459441425 57.76645403135627 54.151320707962796 55.91481994090498 62.60405637936638 72.87501555873352 85.44569703285606 99.44780350065334 114.35673714888938 129.8605416271104 145.76953193862593 44.67899029087813 39.97174073909349 42.40252033262603 50.95991750320399 63.20251926763427 77.40096562690722 92.66048945686732 108.53445960063041 124.78861054990618 141.29179563095278 32.568983853617596 25.81744606863654 29.513601905525746 40.91790851257411 55.46357489648532 71.25202738979868 87.61395458233754 104.27976328805275 121.12408261210585 138.08159945868755 23.033803451257594 11.780499518108648 18.593471786523573 33.93180180848254 50.55422941330253 67.51893072224206 84.62029813741097 101.78947226763604 118.99710680866832 136.22862823125092 20.141297817884215 3.8034859513949364 14.898815405441091 32.06550269522537 49.32678575803 66.60916371527074 83.89960164377952 101.19396814350418 118.49054303520624 135.78848241449302 26.193277983190047 17.134797894213786 22.356810646368288 36.12152906104433 52.04243400491014 68.63510186923556 85.509366013411 102.52628121298564 119.62498567858898 136.7748085492245 37.0378174448183 31.243888677539967 34.34050204447784 44.50919482514832 58.151316490735496 73.3538794984197 89.32366152077972 105.71352902781007 122.35478238885331 139.15726416191757 49.62659035554522 45.411393290286135 47.54255270246446 55.29102550145099 66.72783670322578 80.29205681509296 95.07748466551669 110.59541264900687 126.57671987110685 142.8659869700167 62.92112497687324 59.59553705280967 61.179116486626796 67.32634507187235 76.9511882717551 88.93160406143772 102.44447868924941 116.9598581347718 132.14780287002822 147.8011210332024 76.55447191128539 73.78658133666872 75.01345806927891 80.0516401333768 88.25076869208493 98.82721361673826 111.10411791215039 124.5797687083684 138.9057213133909 153.84461947865026
41.286196931978715 17.108684142969352 28.123586245818302 16.37554361164501 30.982371321676375 65.03528715348985 0.0 55.12276715288166 30.550206311729298 52.63670826871213 15.644516596652345 43.96647038863161 51.079763493412344 2.5002941029397125 36.22245238383704 22.770445314186563 10.723088143403588 59.45294654160204 43.63361999210634 9.065459053890459 32.236207113645115 34.13270524834857 34.503602618077906 60.469112320272885 29.75766837541653 0.7113065980788735 43.29659204212923 51.588506776931375 39.43659105336789 54.79983596977276 10.583957806412474 18.493971550045053 28.579466218201446 2.9130272646620323 41.844443115255054 28.622616998500813 57.66920963840952 56.162976695382206 13.302180236514731 20.008133509018574 103.82205436240922 90.17462221316467 77.9910397103296 68.06201821732482 61.489597800654536 59.39864659111559 62.24246188389827 69.41718210330917 79.7625384881986 92.21754814489753 96.3479598676458 81.49982741463599 67.82490561438533 56.18645058923705 48.08658953813487 45.45796313586581 49.18573153872278 58.05815547351195 70.14959801971968 84.08261558056532 90.47171443396817 74.49462542127925 59.26614591953132 45.54351347025485 35.137670923182306 31.524735498768624 36.76507459955961 48.044158895959846 62.157223468786874 77.57260074421552 86.51959246129728 69.66462638911996 53.097952444378656 37.20667992779393 23.409263173970512 17.617101552037507 25.912217687657183 40.388561221415365 56.47779053053619 73.12289561070595 84.7612273609168 67.47862395080628 50.20933437187608 32.974283419787206 15.885308219854252 4.012008056005273 19.45669399598938 36.60250285261764 53.84827787504403 71.12133566201047 85.33236646735105 68.19140024149081 51.15891360389176 34.39643716484736 18.646941100806217 10.536366047166565 21.749360469340147 37.86512150318899 54.71026637069989 71.77305999134848 88.18775312673976 71.71656653955748 55.75089885969732 40.88728682519829 28.88058893182836 24.395026195067004 30.900758598440373 43.74136661950739 58.910679153951975 75.00893130705909 93.11745105025898 77.67209397256593 63.19616341924793 50.529816511939885 41.36998960163336 38.31965709265974 42.708577556819 52.71010786649341 65.81333256068291 80.51795086285473 99.81452632389019 85.55185056795271 72.62230230909414 61.86742791445277 54.58808173971647 52.25742900872135 55.50242600573065 63.473615666163894 74.67248935263343 87.8735548015806 107.95045747887819 94.87751248434567 83.3599156867241 74.1262488905057 68.11180565338117 66.19990504403911 68.73375335349516 75.26567833979388 84.87760532266987 96.6549817537445
51.733300111197245 64.73471025097113 77.59585373660053 67.3598742486443 85.26220788392469 15.794101420219787 55.12276715288166 0.0 82.0092122593684 6.15530465081147 51.92919831120889 95.48137600162315 6.84321763759388 54.42820987140405 30.410744954466914 34.39759621949135 57.93030565297881 12.698698469733431 11.553354816968023 60.6987858116023 25.63819795785394 60.49320376792927 87.5092845702809 112.59611677502687 84.87987994976154 55.80192943828897 12.819152597229195 7.620187052732117 90.41814972843599 11.866011157113224 45.23921778183984 72.98029498421711 30.644782150445053 57.66921862721404 35.37485214531601 46.225723192459 111.10545593737183 5.121145907175334 42.32590824273511 72.63058115822459 54.38220119941494 46.24924410582569 43.80942303610418 47.9399906810838 57.2356886877704 69.65852141589171 83.82958514278454 99.00097614392759 114.77670234986245 130.9385112160393 43.709666226387945 33.119306239987075 29.697664333695375 35.577006405934085 47.41523805270745 61.88210978300556 77.51964602308492 93.74382552758989 110.29607167114771 127.04822440325297 35.60382207718385 21.37578101965166 15.650185716616269 25.132549468762175 40.21286117278014 56.57928769132222 73.37622107093232 90.36391023331375 107.4519202138233 124.59898263453341 32.073737240697234 14.802310527281689 2.864571361605986 19.900169270747618 37.182540266933486 54.477329782015794 71.77556140800237 89.07522981428531 106.37563402057916 123.6764652465056 34.551638743171374 19.581751196393707 13.106754401062723 23.639835720185843 39.30151963674204 55.938268203092434 72.88541036638843 89.96771104060879 107.12052934133673 124.31467883437564 41.986940321518425 30.82095753541304 27.12323184672659 33.46816404891518 45.861490603420755 60.70539228490224 76.58800820649627 92.97855325833758 109.64948585055737 126.48999227113664 52.30658452223932 43.80136598441693 41.22918641773909 45.605232551800306 55.30401370944982 68.08770741772481 82.5351024901214 97.91248979142205 113.84363593752512 130.12531076519372 64.13289942175618 57.35255796515278 55.356134096051015 58.63433992990708 66.41060620080658 77.3398343206375 90.28416189531043 104.49740841198573 119.52775995299925 135.10277936563656 76.77260966251939 71.14900305745775 69.4911329318742 72.07318748816404 78.47777412510267 87.87301967446788 99.41460667112999 112.44354285472747 126.50109294589825 141.28054564992553 89.88307897145876 85.07131486466878 83.62995018967263 85.72915346159982 91.12456401118996 99.28022868307836 109.5815708781436 121.48397742818561 134.56326427886603 148.5088099737594
69.7744712396112 17.34416369589331 37.828399380594846 32.63924158316104 9.864411053357381 88.74591607274522 30.550206311729298 82.0092122593684 0.0 80.69930670623323 44.288364956535844 42.306343228298566 79.16492443062332 32.570299380504814 66.72744102096638 47.61163758094088 24.184673652825246 88.3582432997689 70.5563636697571 31.991696859024593 61.889476069242626 34.01017773285185 33.100521508941256 53.07701070111312 18.44598078807977 30.12302881975956 71.51060504372394 79.87784871596195 8.894401832563746 83.80802926674612 40.818559587926856 24.255130710052985 58.75539095661783 29.434689116688673 72.33362203864681 58.10693636469024 47.307829600236275 84.02221929970182 43.21328709865603 29.858007666059937 133.3676281780477 120.34620732567947 108.52729815452423 98.34540521999881 90.35564436092649 85.17714285655528 83.33563655588617 85.04816537050627 90.11232991800692 98.00996393716403 124.92407503430812 110.96080260697937 98.06765414996136 86.72323650373272 77.60969393891786 71.58421139928305 69.45519372218627 71.57121232276542 77.58571270974689 86.69104385554174 117.5643493832133 102.64417238221068 88.59443785803404 75.90007333565177 65.355690366409 58.14301172404206 55.57474048258634 58.26827752223302 65.57843372176318 76.18771680229172 111.50338538312309 95.6755679622297 80.45699916388806 66.26875719984274 53.930257779207125 44.99002427809028 41.69456705759364 45.29322926097229 54.435478952768555 66.88550798068306 106.9622854470337 90.3674945132415 74.09687862594306 58.42191866649663 43.98412827804218 32.47762770395954 27.815442894202228 33.035000026650835 44.80662218183531 59.35204593879414 104.14013208283741 87.02441930915823 70.00031894293284 53.15592533579915 36.739254139047944 21.741799403268733 13.94100204821321 22.687218541399794 37.865299185400175 54.328303211707656 103.17811436196449 85.87618574709575 68.57425812676695 51.27233250781235 33.97041194826715 16.668512203152815 0.6350702216549335 17.935465795302022 35.23736874953569 52.539289902653344 104.12781511722426 87.00974702266818 69.98216155013692 53.13212263738978 36.704967499551195 21.68408367464244 13.851245177233427 22.63243609509693 37.83265780674704 54.30566722103981 106.9383003720876 90.33923368559687 74.06256831102684 58.378598238953245 43.92683992204163 32.400364572879866 27.72561647888388 32.959760611739355 44.75144305819398 59.31060038241544 111.46887193871497 95.63552694387819 80.40959961188275 66.21146803421072 53.86017436393559 44.906384397685244 41.60472846680479 45.21093447286073 54.367351002092356 66.83033897823663
45.914810478329414 63.61463381939073 73.64995001490944 63.842453332768756 83.2773719415644 21.92550249316982 52.63670826871213 6.15530465081147 80.69930670623323 0.0 47.92265109755042 91.59564398028137 1.5571496243987897 51.69577511228523 24.99461796645421 33.40876637909516 56.51500476265857 8.9715611785137 10.92939454607028 57.496179315999335 21.571512241475766 61.563702493524076 83.9837320346566 108.70051756074265 82.27482174603118 53.29029855964702 9.341428589990267 1.5571496243988263 89.29171682923531 6.371988322313469 42.38596454625242 69.99677436145481 26.439113110047977 55.026501353248264 29.434962879205976 41.13215150892357 107.51950346378416 3.612526413851465 39.50050701246852 69.232082096996 53.625020270536744 43.71766417657026 39.3132489887027 42.17268018540011 51.09055083824133 63.56618471160565 77.90880127058031 93.26097155128357 109.19772129676379 125.49654130822081 44.232163189017065 31.563858100293917 25.194850956489034 29.529551131429013 41.326973807432616 56.05848407568173 71.94372111817655 88.36263281736845 105.06531895466121 121.9352209745529 37.95860512490003 21.97738691585863 11.12961714993466 19.064213327453317 34.666022144451134 51.36861845985071 68.36994839290956 85.49197467384545 102.67433288612912 119.89108617059064 36.45222159688951 19.272432747723443 3.5780475341302784 15.902570225343712 33.04080221274788 50.29126203850552 67.56804732610581 84.85507973581942 102.14715683734414 119.44208763414427 40.251858631693096 25.720460969589215 17.366180867197052 23.245182287590055 37.11879439715164 53.04699267294978 69.63385744019139 86.50131160010746 103.51227874614823 120.60604848015493 48.116468599014354 36.787875026399846 31.467597612263244 35.01114682562349 45.38788226631576 59.1020140365273 74.32862854671879 90.30587318613368 106.69707209605332 123.33729528152396 58.426893275832505 49.46548008449844 45.5924224523826 48.05421576888468 56.02186826788969 67.57510782958221 81.19756200086348 96.01248019988776 111.54573965717138 127.53513680219237 70.1121845634829 62.78522478112878 59.723919552789724 61.567887507388775 67.91876814917539 77.67888677718528 89.74272072988232 103.30633323145793 117.85303193245961 133.06078262688226 82.59069493515858 76.41190120217311 73.85811541351406 75.29907430566338 80.52059849402205 88.8587068545224 99.53320851346392 111.8773266604289 125.39896193457176 139.75675259853537 95.5520180659201 90.2063705403845 87.99355650233103 89.14717189118903 93.54275010281364 100.75688317642802 110.23760015332807 121.45527175243261 133.9743003457424 147.46361868741488
25.835192501776838 32.688337162486796 25.728013770055423 16.70878207466513 42.22244443934414 64.71263490495832 15.644516596652345 51.92919831120889 44.288364956535844 47.92265109755042 0.0 43.67363489555691 46.44417688481645 13.14706297293395 26.04680284676781 27.42323705930867 26.270280486054425 52.892818165947936 41.42787067174275 12.691339167610815 26.38556799302349 48.48733917764058 36.42378792279939 60.778146365177285 37.95134584793561 15.6914476865986 39.14205202189524 46.580321242987374 52.94818020308508 48.29289891199596 12.22101024065874 24.73577862906107 21.486077181631618 15.413336260039003 29.39554716949483 13.855386843852036 59.76361850205982 51.526516386476644 13.808424299211858 22.2753323986243 94.92435237596379 79.97022368076217 66.17057399222085 54.41100288462264 46.27389969555015 43.825729165712794 47.94600574133925 57.23328211735807 69.6504262940694 83.81777478234153 89.22112660636107 73.14247151195943 57.774926040360754 43.87222644532183 33.32133943645942 29.90920100428629 35.74238634875938 47.53088778248073 61.964196429333875 77.57994082920116 85.49018397548821 68.5635998945221 51.88521246595337 35.803570808103686 21.68936284067312 16.052214991008796 25.369886079030845 40.35221184849668 56.6717147289068 73.44234383098866 83.99481147282584 66.69845750068579 49.40600872191884 32.12377233350825 14.88735659158654 3.169165486455552 19.92905967981169 37.18877271177191 54.475276944128844 71.76921601017995 84.85330546036117 67.77149662996935 50.838774107458505 34.27680030886498 19.076949847118772 12.315595029151675 23.19764289260814 39.029479627833425 55.742109878033546 72.7308616521711 87.99678838046086 71.65081809544397 55.883405223994174 41.361582445432546 29.95523831779666 26.12589482320118 32.65759843142506 45.26792868741755 60.25414738674535 76.22761615201833 93.19428387263525 77.91834463190895 63.68726767368793 51.37677926241575 42.6823685050794 40.03375407423835 44.52329839101643 54.41187815349383 67.36235312789006 81.93550209585992 100.12636685601731 86.05375316463311 73.37511046249912 62.938577558315885 56.01179842640647 53.96367193945284 57.31957365317105 65.25096525481439 76.34489320028663 89.43207633055415 108.46086853310028 95.58117314580849 84.29977620309691 75.33813660622134 69.59819206318855 67.90193518286877 70.54167716103545 77.07317681088925 86.6205050923624 98.30890179705274 117.90064335452527 106.12624722916469 96.03998999698018 88.2227843989065 83.31578708048406 81.84413081050553 83.98859327929283 89.48958897797638 97.78225785415124 108.22677139855855
58.05737695858657 48.30876883130699 17.95438916779856 28.5602207627438 32.679954963742325 107.49689671035284 43.96647038863161 95.48137600162315 42.306343228298566 91.59564398028137 43.67363489555691 0.0 90.11422388776694 43.436267599518466 68.79977882383763 66.39515634112519 48.90287457296938 96.32877648614497 84.65471336752893 35.910446025907305 70.04486241505391 70.77140255372 10.190538210226228 17.11580585422207 23.887667788010884 43.276090536641206 82.74777589967859 90.25300050140333 45.43273583201337 91.78790400624305 51.39891160285787 26.380469223504786 65.15960126772468 41.05442759238497 69.8099648390855 53.222661187711886 16.95185554386399 95.20007946086612 54.188130654361174 23.991108053417044 136.4738300779308 120.44172272725328 104.81418336578952 89.80267078391046 75.77419422003146 63.384852482388645 53.77966831130725 48.63710628935694 49.3719118310937 55.75217872542101 132.0839350330791 115.46719170390341 99.08524920804007 83.07712468499035 67.70848149287373 53.5329437934153 41.783028389261595 34.99392285386184 36.08373036690282 44.47700914901135 129.07715797918326 112.03132916718396 95.07805337189117 78.27748888488343 61.7543991504247 45.810019405770774 31.34041251705454 21.554501868506808 23.359862160308396 35.0068748217378 127.55139361154679 110.27809785199965 93.015445463271 75.77071135262746 58.55972744402613 41.42458247276322 24.524758165146014 9.254451273300235 12.982270563226471 29.157283907788806 127.55981894788422 110.2877981056437 93.02689276237231 75.78469837716766 58.57773983593671 41.449922382714746 24.567333837047205 9.366166946686384 13.06176250630192 29.192594289547785 129.10213350082856 112.05997197769848 95.11164623338463 78.31809920628741 61.8056272671593 45.87873085730219 31.440289643869026 21.698782577635722 23.492424363417395 35.095047004481 132.12461060886287 115.51350540957986 99.13896745926547 83.14088969567689 67.78634039152357 53.630924678623735 41.90789846930669 35.14221905954646 36.226880915427735 44.59266728290023 136.5289407011342 120.50387943639412 104.88527247309253 89.88524860606988 75.87158602014172 63.50070335617337 53.9155191176024 48.78656772427248 49.518454060801574 55.88136995889043 142.18671058242614 126.84977525931217 112.08641720452664 98.15578934601388 85.46606148092316 74.65273585709522 66.63564286571588 62.50025162195082 63.01546341247389 68.07576976399208 148.95508438665667 134.3591789099159 120.48172480081506 107.60106099162039 96.11875938023812 86.59289085400864 79.72782984618593 76.24572264527183 76.60926090074145 80.7665323889867
44.92690610841328 62.092969373993945 72.17218031643628 62.32457921126232 81.72247957150168 22.607518616209806 51.079763493412344 6.84321763759388 79.16492443062332 1.5571496243987897 46.44417688481645 90.11422388776694 0.0 50.1415522059312 23.796924261762825 31.913338668713603 54.98028113442915 10.170560901712767 9.613833399616192 55.95826475983295 20.07605376925834 60.25959079996318 82.46953616727225 107.22188223283885 80.72020259743027 51.73351205225074 7.784279528793651 1.2660714685857568 87.76510125494109 7.00028622788169 40.83297620615362 68.4512821545844 24.967579055710615 53.47111617118481 28.534461342062574 39.844969567286796 106.01222036051495 5.137797886370936 37.94646432338147 67.70712100645808 55.054531636705704 44.912537071414775 40.024696139458975 42.25544223367746 50.67321065513789 62.838936498037945 76.99607382568963 92.23212353104958 108.0918110655628 124.33672188651629 45.76157426835263 32.932338537393534 25.955086328590053 29.35139577397526 40.59621539261267 55.075505601561424 70.83276270927973 87.17774699671783 103.8332760360034 120.67082992903225 39.50466038936233 23.5260324702516 12.043386351109158 18.31188263161243 33.53087943859687 50.12013214300176 67.07047305501905 84.16401847160424 101.32832079142017 118.5326458118758 37.82193252867594 20.590031517880412 4.0141983882313665 14.387207949505836 31.568707441927618 48.83531918206993 66.12039838630929 83.41246512963039 100.70792008738412 118.00527348698384 41.27668462061666 26.381174138966987 16.937539594929703 21.82902629558738 35.56465623900911 51.49655717303151 68.10035441041796 84.9831358789468 102.0064740083984 119.11011853826922 48.78947268877966 37.00704233085343 30.940889904836858 33.82107484018257 43.921526473871985 57.55905507751471 72.77154735297441 88.75280466494088 105.1528959018212 121.80275713602593 58.82544358273504 49.442939865449986 45.02754140002609 47.000620833390514 54.67486557002252 66.09332177748563 79.66189260892915 94.45851351926595 109.98867264418354 125.98138408116333 70.31223104971257 62.61948894450385 59.13786797152869 60.5976149109952 66.6749646395953 76.27402807284506 88.25304685373568 101.77509356856245 116.30320517418966 131.50436444138234 82.64697583832734 76.1530592090077 73.25804752963892 74.38334436032048 79.35810984367716 87.52842148046294 98.0990663797274 110.38259088547281 123.8704694600142 138.2105543173814 95.50154092101712 89.88237670244364 87.38315117577515 88.26927393854334 92.44344475575456 99.49267500247224 108.85986599133092 120.00343583038871 132.47586550217179 145.936840485331
38.8233397182084 19.577612132925438 27.054566497025696 15.294064853508454 32.45035531803633 64.83936644818229 2.5002941029397125 54.42820987140405 32.570299380504814 51.69577511228523 13.14706297293395 43.436267599518466 50.1415522059312 0.0 34.395781845835664 22.97669217402889 13.20592519270234 58.26819880422716 43.0133672563888 7.768187286527313 30.940384268336445 36.40191286151491 34.23329486428414 60.13767860275212 30.580112512194248 2.599272693164053 42.374595817725215 50.59719338767633 41.433213785994155 53.60232816820341 9.325034314318886 18.661377217691964 27.053385240411753 3.407204828897228 39.76337673808273 26.223943161526275 57.61583444437178 55.25257353371662 12.195464943934656 19.456607928571984 102.37988513608825 88.51805339152159 76.07856705898851 65.8722145473679 59.068152394734255 56.900283828305085 59.87433228568136 67.31215884234149 77.94623457021379 90.6587112934443 95.16785546346667 80.10772657746216 66.15345450238135 54.16655581874988 45.721510665542645 42.96046842732113 46.89831232735474 56.14272964939883 68.5803545295886 82.78422859319791 89.61302984710585 73.45421109830538 57.95909430355561 43.837216742214004 32.906777505232256 29.029638556960233 34.65967828212227 46.46047952164995 60.94725991374232 76.61116302074568 86.03707780509716 69.0672151330952 52.315333784912625 36.086293597706266 21.593043232389093 15.133107423262473 24.299688441766218 39.37830964224556 55.76325112486397 72.57507544296192 84.69108927424595 67.39090470716262 50.09192619949564 32.79606229163062 15.513733645777064 2.1174890230392878 19.157379419643547 36.445029990775836 53.74187226143038 71.04119266759031 85.6802423933139 68.62423692662144 51.73181457529778 35.239014927629626 20.1521337635125 13.005445233371745 23.04099617114515 38.61795167718063 55.23149162622414 72.1692589063762 88.92663466212417 72.61909787210065 56.90193725114485 42.43627709789085 31.02506774843336 26.888326603943142 32.89558405369275 45.16599225968673 59.97102906597992 75.84056870481908 94.197132401378 78.95738350872558 64.76219957079218 52.46638924985383 43.70362609292401 40.81663008595838 44.95211980149911 54.53525724579103 67.27704598260911 81.71299146627331 101.17583876904709 87.12908385115914 74.46544854212179 64.01115271910898 56.995185678277856 54.75558036327988 57.84976096510728 65.52644488183465 76.41684360256221 89.3535218414707 109.5366544566244 96.6702668057196 85.38555325033239 76.38674838444959 70.55401022814493 68.69855744943506 71.13231078693171 77.45198439008074 86.81304360311766 98.3508495060574
21.957880829408378 51.53817127556309 50.96981933767156 42.754616915079986 66.6926358252332 45.60326657749507 36.22245238383704 30.410744954466914 66.72744102096638 24.99461796645421 26.04680284676781 68.79977882383763 23.796924261762825 34.395781845835664 0.0 27.715062547044415 43.98248507073126 27.80557737876556 23.352399111776382 37.858810873623604 9.86071094166936 58.54658507901595 62.28445481856315 85.72202677719484 63.549234488198856 36.69927176599129 18.618602206027294 23.4597922559231 75.62158091797437 23.473117736595754 25.964627804937574 50.44768535204409 9.060841988720645 37.733492159427435 8.300581415743949 16.37209252967471 85.3234126795259 28.31722952988612 23.830595574831825 48.32109252043563 68.90807216357956 54.30633664105392 41.81796658270924 33.867606921468024 33.823004121840505 41.709528369781225 54.167169443926014 68.75454947838784 84.37417994839487 100.54613244380094 63.361710924239 47.105393511949316 31.966258359570805 20.57856015500425 20.586998119019377 31.982553587993674 47.12382481730805 63.38089527406817 80.07704287103134 96.98577005443109 60.67963081230434 43.448258312021764 26.309659893112826 9.765180773978004 9.860669648674522 26.416289573039162 43.55595713799826 60.78762989392065 78.05039392946382 95.32735984740486 61.239372169471515 44.223094465035295 27.564771589096253 12.753993484527959 12.815039414644895 27.649580267076917 44.31124587552106 61.32851621782148 78.47037950879451 95.66988652315766 64.95717637955131 49.22103137228787 34.995656786743766 25.007857904824736 24.996016053056298 34.970267064260995 49.19094669789777 64.92526314125777 81.29908516875571 97.99236502358744 71.34096359842808 57.348304416077596 45.681830529851986 38.51672300068584 38.45715732994901 45.53102939891677 57.1480797170385 71.11566692001728 86.29994111472371 102.15981734497797 79.75301420313531 67.48350902467955 57.84639354425955 52.3171773132058 52.217519839556815 57.57562205133268 67.09646541477476 79.29451196467473 93.12359595745832 107.95873822828993 89.62392096924722 78.85607003250672 70.730508297711 66.22705096407728 66.09033368910953 70.34582139170979 78.28045362468923 88.91465966942778 101.40264513430179 115.14281839307193 100.52472861866798 91.00314078813503 84.0035988999564 80.18927639499243 80.01698504268117 83.50926995165074 90.24168031562944 99.5590577996436 110.81125185922286 123.47041553111549 112.15540688058738 103.65264150997174 97.50679644059525 94.18041767488081 93.97338589296272 96.90569591330646 102.70881659303069 110.93312657718954 121.08627749850623 132.72635414152703
