0.0 36.82470773732961 101.3202614223459 73.53154915436853 89.65062067724605 118.76136489872964 76.49932343380911 129.89095476536863 68.00304522453644 88.83653386190036 99.35842874324617 110.58502542955856 56.95484218443958 48.618365534494195 64.49864126674242 54.082806954287555 110.24554634975405 21.909309798444035 91.05573044921354 41.548242201277276 41.37683390246604 45.10936695807559 69.06056162384665 62.7769296163943 93.21897147037335 85.95787051880056 93.64050695011404 128.00922708642827 54.737439327895665 90.02767469976163 99.7650899032767 110.24624921131809 63.91414399006039 50.32721035591597 50.36236904289725 30.304334650517944 84.99413529444114 53.15179954214757 87.91816944413064 32.20719390120386 35.48252194741507 29.392266530421065 32.672782156189214 43.24147834928666 57.191342000168575 72.5987819705848 88.70753114164715 105.19590492302086 121.90996734254831 138.76819252174343 25.026762709655664 15.30115404578533 20.99105206498313 35.2963979282462 51.47581601943713 68.208474922494 85.16892012843884 102.24385726591831 119.38417076616592 136.56524667182492 19.974117349901178 2.791170297159737 14.674109842096431 31.962195919525485 49.26000443207969 66.55995572120356 83.86072367252096 101.16188928869839 118.46327833699709 135.76480539722985 24.01857882288112 13.597959408285693 19.789633689370177 34.59866230274524 51.002137159166466 67.85338080402491 84.88614320561146 102.00953906445285 119.18451049513372 136.39157508349768 34.06048472515888 27.66702733682435 31.13714921513787 42.098570028836335 56.33619629783737 71.93020440469193 88.16377643668021 104.73995666812621 121.51862181318519 138.42616172184148 46.353323031368404 41.82657145877333 44.14746478636705 52.414122688799445 64.37535949761885 78.35712224538796 93.45691705519627 109.21198252425276 125.37553170598065 141.80795399475974 59.51823167748265 56.00788820421448 57.7065456162028 64.20206772030454 74.24596836730565 86.61247233772333 100.44737495934659 115.22294968329112 130.62036348308962 146.44360280960552 73.08532593645842 70.1976427906044 71.5027458804851 76.78714548978965 85.31458366090419 96.22671191727058 108.80841610613894 122.54653064028419 137.09384506600915 152.21853357480526 86.86621844331842 84.39142816400354 85.42110417602468 89.83482387056478 97.17255153028673 106.83348076015622 118.24956279179403 130.96260625605993 144.6310064302526 159.00858608922866 100.77308033604002 98.58734511510897 99.41016750929522 103.16958894208608 109.56373784809576 118.16567653040295 128.53290418209357 140.27456538100307 153.07470664496552 166.6896632084763
36.82470773732961 0.0 64.6585643083034 38.5930064972851 54.113822682426715 81.9482840344176 49.13789654964308 93.0670535569252 31.32195471233861 52.190491680454734 67.24247983345911 74.2591057800098 30.59171024573848 14.138248408528513 47.25229691813231 36.72433688286545 74.53090670386695 26.083611442996947 57.12955605645117 13.857862204830425 10.674607997085694 17.56941599853029 33.114220865457284 28.801954501971405 57.10666634234814 50.8012754678347 61.18230819785852 91.18568542315377 45.81103475594308 53.66597192670245 65.37721890642776 74.17250291312293 34.547470471719734 14.253827605722833 34.64061480089413 7.360267962378375 49.487236457678264 36.17757246632011 52.60252291872687 5.136256937162634 66.52364882431758 52.660558197708085 41.4678238060698 35.563097692919534 37.53125242562821 46.38063587924081 59.096864089823676 73.70497127480749 89.28109385840523 105.39692659132331 60.158232022222904 44.389635032608155 30.341026797216156 21.66627578534309 24.839253133485833 36.92236282491392 52.0407979130423 68.20513036974828 84.81949280983267 101.66348559172383 56.69229173169875 39.58907872280613 22.787885347466677 8.366219890799332 14.812592753375158 31.105393825785473 48.108122996009804 65.26829876363965 82.48771727326593 99.73569837603675 56.660487184870185 39.5437290815105 22.70937209478415 8.150952204005097 14.692645519126444 31.04871998158858 48.07167109913767 65.24156253227729 82.46666460248687 99.71837057069843 60.06827390649007 44.268203218445954 30.163911303946907 21.41870017101985 24.624608256582924 36.77898026687935 51.93964661069983 68.12834823683835 84.75805696060412 101.61247978846319 66.38802934927902 52.489917350744975 41.25190878160028 35.31226564320086 37.29476911989852 46.19037859412351 58.948366539691854 73.5865227654816 89.18380076899666 105.31491764329634 74.88603444365964 62.850998241758546 53.77061988258899 49.30530298596651 50.689722824054236 57.502911707721964 68.13533200265489 81.09848233204525 95.44739893254123 110.6442490421233 84.91067993709565 74.46359132286739 66.92176997783554 63.33177844011803 64.35836404893213 69.79812235970927 78.74167096211283 90.15219135269007 103.21472019013628 117.37901567198954 95.98470636631762 86.82686235972913 80.39545071506329 77.37336274111156 78.15708749653707 82.638415327643 90.26831862523956 100.33102862151536 112.17372935665945 125.29269774128684 107.78501973836657 99.66168926814464 94.05299989273182 91.42293981033892 92.02724440188852 95.80472929191745 102.40483997720389 111.32667694606793 122.06219480748594 134.17675824763498
101.3202614223459 64.6585643083034 0.0 30.81301112137493 16.977273051623577 20.371966394454045 48.52052408429102 30.033651532299206 33.34127547452501 12.48376462366233 33.65380568760545 11.208964846496837 55.09015809916675 53.25779814497384 68.61740192537849 67.73918186372524 16.05317064410499 85.68733791724891 24.868932069608324 62.08509625036584 63.45966541066343 64.03229510839137 32.86764880777877 41.27458720363209 11.125983134997941 21.08156489118929 31.39903088935584 27.802644546284945 79.92749865238919 12.155708150114659 21.8940079591578 13.063553309562787 47.727567898126324 51.04104459356531 69.91436595431557 71.03182185039772 20.18437206389478 68.26986309262271 19.156639320587487 69.11533907761277 129.92669594931252 114.36618261591754 99.38310109197968 85.28233985011255 72.57998242938166 62.13959977625017 55.258533487712356 53.33273702090419 56.867880259124824 64.97869207851602 124.72995149881376 108.45415069599831 92.55134120573985 77.25221465117487 62.99813117843653 50.67869719640892 42.030966218560145 39.54212750039533 44.263568852001846 54.34752213312862 120.94981759523253 104.10502517075852 87.43891886354368 71.07730421931964 55.2911583805888 40.75477385576009 29.385393753190264 25.782969516342465 32.630232073834044 45.424805451999596 118.7217433921724 101.5199358802132 84.35908563006012 67.2705447855956 50.32802383734791 33.7521360986111 18.55306765198896 12.16301227569152 23.460058315752068 39.38937324934214 118.133612430762 100.83468539007208 83.53700229929753 66.2415376652524 48.95064305019443 31.671804202873265 14.448338713141208 3.6220692071684257 20.40092798822485 37.65620697689899 119.20970794345655 102.08754794576012 85.03818430783095 68.11630129703327 51.44784331394084 35.3926973851966 21.380314357783377 16.133971091407673 25.733335804451976 40.777646908220476 121.90595121023159 105.20929016078638 88.74479028420477 72.67042135533144 57.31537096075272 43.449080863638315 33.00458723570814 29.824355827352345 35.89416238965121 47.81212040891557 126.11843833502105 110.04093039520701 94.39733328365561 79.44438932251315 65.65569094728423 53.93174211968573 45.883549970029094 43.59669486558443 47.90352538316132 57.336968707917876 131.7017013543027 116.36961544223733 101.6716976142036 87.92655021589833 75.65526954504504 65.68910737152558 59.203845188433554 57.391891269998034 60.673392213187206 68.31829405333562 138.48997533494955 123.96619409997005 110.2472221658131 97.672777251414 86.74204022532047 78.14781107051884 72.72322816225059 71.19651789468321 73.80995266991404 80.15960811198252
73.53154915436853 38.5930064972851 30.81301112137493 0.0 16.245530946433313 50.89599032733798 24.353936131537477 60.84377722646512 13.195828287649332 19.722901224533814 30.141058726947826 38.02557209825278 24.464101028586192 25.057931930305184 40.28755095287433 37.48875281508643 36.80076044828641 55.92939383962306 18.763956294387803 32.50608684194178 41.40766378765485 44.853661943471636 7.196153926474705 10.959026596026241 20.665468404067962 12.426376749673562 24.064420582914803 58.59310481300119 50.024879518268264 18.6611185481461 26.787016542418115 37.16546290187664 17.637825998750657 24.386906028158066 39.356388648472624 43.6421673805919 11.651071589498304 37.9288254414788 14.405756465180467 42.08813722526086 105.08169074531914 91.08889363781668 78.4277293165834 67.84783176358914 60.452007346356304 57.4826885023493 59.60512671607046 66.33234619931864 76.4583974572122 88.82843181585136 97.98322530610903 82.83922180995597 68.72165007226567 56.406542149933955 47.322670002782985 43.54166378747646 46.37911345543081 54.81671400913358 66.7639602992937 80.67642124584816 92.50540279814804 76.31284988175987 60.7351781805323 46.39592634675692 34.85844798609038 29.60321117609941 33.70902148388841 44.66492413943515 58.75646406006075 74.21858251622812 88.94823188672956 71.98016789179064 55.219684760432 38.93578048189894 24.114079286335997 15.674662335500184 22.552464615895953 37.01681621347877 53.20327157530405 69.92598895570067 87.54619860817223 70.24831957296388 52.95308777348923 35.66435470476378 18.40044776917895 1.9799872586379907 16.37002781981148 33.62660943267034 50.91398140876674 68.20873649090298 88.40192241908464 71.30708296762607 54.34347377571914 37.68871275842467 22.05397613781018 12.28940699624644 20.35667094311443 35.727740569279526 52.318846577612696 69.25868057473585 91.45203548548935 75.03841323289548 59.13342843568644 44.28850289469846 32.01391651840401 26.21107485721655 30.78733946989632 42.513648752262625 57.14604641557075 72.95643318916545 96.48861991801118 81.07409404804301 66.59331320448864 53.80553584316835 44.2052903767057 40.14829253380378 43.22463158512876 52.187717368548945 64.6332159088622 78.93068502998305 103.22123473386237 88.94617694182986 75.94024436093913 64.9701336260212 57.21900944736585 54.08891799618065 56.35517977091125 63.442105522632275 73.97698593668628 86.71209472848537 111.34255323671155 98.21397714631279 86.56498895483868 77.06945036340709 70.60165654532074 68.03071729625415 69.78863765754207 75.5739390110618 84.56404336543085 95.8614910366042
89.65062067724605 54.113822682426715 16.977273051623577 16.245530946433313 0.0 37.23484438345812 31.59246904187958 46.172777291249076 24.41502664075478 11.546377052833739 21.781169523455606 22.059220477475932 39.20172264265103 41.05363587864788 51.69600685498257 51.36885769532871 20.59728179195442 72.14763621485534 9.756621961279594 48.75155372872586 55.47368805234192 57.77687025024245 21.027458881547734 27.199158191271056 5.8692897028444415 4.312968871780207 17.335400200023223 43.80988850436568 63.307987453505284 7.4068148475763875 13.107104291084784 20.960815892337752 31.52105116683215 39.875478981544184 53.79119812269647 59.585395718953855 4.658290062862878 51.9591596236691 2.2227535900217674 57.92815298132768 120.59785160160258 106.0895018385141 92.54630166677661 80.45712191583121 70.57318148610466 63.925694260975774 61.571988697573644 63.98765632060783 70.68539802803933 80.60475042416863 113.94845439805482 98.50144477089013 83.78258413663825 70.25105414143239 58.733314501148975 50.62308048412419 47.6916422899614 50.84281298430819 59.111698852249695 70.7255022699613 108.72418162786794 92.43679223259221 76.59557056017724 61.54600136777096 48.03797584342989 37.76363258266118 33.811902527409316 38.198240053753246 48.720368613796204 62.34541744548781 105.13777004419802 88.21041211234171 71.46267957364144 55.058732189964196 39.4300020369325 26.013415436511906 19.934446480977787 26.772713387500573 40.433721811692244 56.14004977494409 103.35990660048044 86.09352068658177 68.8449834075147 51.63218570790676 34.50864943747586 17.734841286359714 6.075831575869522 18.921424038827737 35.74686378422921 52.88071177272236 103.4838720889771 86.24162767399632 69.02925616708957 51.87650115322787 34.87144732619489 18.427631620871626 7.864520169474256 19.566222160885108 36.09067363755873 53.112613373698956 105.50296106349016 88.6433785354595 71.9939831303032 55.74342956423706 40.37620036702209 27.420001029996524 21.729855977988933 28.128777241498526 41.339821737773356 56.793000426372615 109.31218269918729 93.12453450899012 77.42035868580832 62.56478499279864 49.33051868885241 39.38724663998173 35.60783189905877 39.789289490356495 49.97163990351667 63.323371688447104 114.73332364008898 99.40421408747284 84.83726519217885 71.49983856373704 60.214564904617305 52.3264971262217 49.487698868404316 52.52336565810443 60.556396059863296 71.93157742114396 121.55082975596054 107.16663558820152 93.77347818644077 81.85924809422828 72.16024976266222 65.66552103841077 63.368079669773955 65.70966633026052 72.24057611747894 81.96545178617947
118.76136489872964 81.9482840344176 20.371966394454045 50.89599032733798 37.23484438345812 0.0 68.55001744384755 11.290041099899112 51.27417430412743 31.516923160616486 50.4864742968221 19.602490771335937 75.30819389067233 71.85274283741059 88.93020058711585 88.06655837434452 26.778825019673803 104.56393746922784 44.17430728490973 81.11048664385541 78.99835000954211 78.21422817783642 52.05868558293475 60.99805808820805 31.442823709689108 41.41418756082217 49.73095940253891 9.85362157853435 100.29419531516056 32.31468656241726 38.94757885499667 22.92502548677906 68.04581073582645 69.13396304717514 90.17130177361754 88.76451736078845 40.553032645573424 88.58237973321967 39.44132909605493 86.71809681977187 145.16703329404268 128.88301100765898 112.90215498575202 97.37384545078736 82.55384945039744 68.90075068036963 57.25549697457725 49.069068950749795 46.21750995100469 49.62908450664057 141.2463156406398 124.47101568180672 107.86220019449812 91.51056299720551 75.58320231922616 60.41660557516542 46.757035934266035 36.345330006806286 32.47235810817191 37.23752801646424 138.6368851042607 121.51562369257687 104.4539112464743 87.48659458082423 70.68168625209906 54.190489894482084 38.419129376850066 24.78228586468358 18.73514789986171 26.202322884278562 137.4135027105307 120.12443609772544 102.8396958949854 85.56190413444692 68.29633452695316 51.05538819647185 33.8766807898721 16.950510970440234 5.071846444214918 19.048383498954276 137.6131569912602 120.35172876636132 103.10387713466737 85.87778272966213 68.68981639334096 51.57810978481712 34.65580997526062 18.45161630743958 8.866360410254543 20.38322282528019 139.22972338180443 122.18846681807203 105.23230528964102 88.4102133960391 71.81646532595266 55.65567944226426 40.450163406124986 27.813447973176928 22.575897765635276 29.05968917404478 142.2148690911827 125.5640161912777 109.11591293643777 92.97822257107448 77.34548734000724 62.597173053451584 49.52973712699321 39.83328719441928 36.31657749390864 40.617778821103705 146.48490799366127 130.35884630448842 114.57630920860676 99.30122726567343 84.80824325524831 71.5740441424695 60.43137222767612 52.72341972459396 50.06264584918783 53.21164642491007 151.931484606521 136.4233254410672 121.40084438051113 107.06866904567376 93.74395100366579 81.91978022752863 72.33578657806821 65.97556541700507 63.81048526204014 66.25310869516878 158.43323165625827 143.5966003941388 129.37373156752273 115.99062556531335 103.77269411407116 93.1794123960236 84.82168220429945 79.4085428441011 77.55900726992333 79.52211370599709
76.49932343380911 49.13789654964308 48.52052408429102 24.353936131537477 31.59246904187958 68.55001744384755 0.0 76.64069618632503 36.23419824176015 40.91718297986351 25.97717118582767 51.20384325180817 19.76677371022256 35.73833365039589 21.48664143803793 25.527107214963443 46.60051468689657 55.3195341098309 24.83701286659078 37.05234647930259 56.20664031939604 61.583916842727135 30.02014254695502 24.429669985643383 37.45937449588195 27.758933266188574 22.05934685297925 74.20211827652956 34.876744116527775 37.981563670778996 32.49722751495852 48.902353500818045 14.6615231574416 37.97214434784337 29.0659654587824 50.96610966865135 29.343579967687493 26.404975670391302 29.47972640821938 50.36649467144406 111.21202173056416 99.89122427054362 90.48249599994196 83.63366526873996 80.00487696600699 80.03532469321587 83.72101616374395 90.61703142558204 100.06181444020073 111.4090190288822 101.4727090919485 88.97378335370318 78.32400667198972 70.36802101436035 66.08599855861067 66.19480714761072 70.67416957373125 78.78208210146725 89.53818815999422 102.10901175094892 92.86770983812792 79.0676216117927 66.91536864895303 57.46603216724633 52.20846351274976 52.41949054927103 58.03949374600993 67.73524338795883 80.03901596650677 93.93149351649978 85.73937350648453 70.59989005126666 56.71115790354147 45.240170600193046 38.417408695191384 38.77922376164826 46.156968596740846 57.929353131758255 71.97124987203219 87.19299462428518 80.48114549603343 64.14295991869116 48.478187810000456 34.41890380349857 24.85755507367106 25.49207737661595 35.78414220346756 50.09864785611778 65.86315404125621 82.24807877963391 77.47482068274293 60.34588404785763 43.35454705071311 26.764172417556022 12.318207953880323 13.633367741325982 28.613149626038823 45.27989723760073 62.293972444705 79.43250001602159 76.98471358649724 59.71825915360383 42.480681939924494 25.331002965323744 8.79912471683971 10.578421041979015 27.29642648966847 44.46347172539849 61.7059093446387 78.97437362603173 79.05764175233175 62.35587100595979 46.09892115572923 30.99481195135633 19.873554223239818 20.68695000293043 32.552320912317235 47.854667969989336 64.18096952853114 80.91375906519956 83.50291613469665 67.87911045352347 53.302145750220376 40.906873749240546 33.23152676444775 33.6749891623781 41.980756209304275 54.676058394151134 69.39212710294433 85.08684809571848 89.96952073772762 75.65855638062858 62.869887187391946 52.72315758776914 46.96320950414661 47.22348798777944 53.416061801923874 63.83726630229864 76.78424675137619 91.1874311454946
129.89095476536863 93.0670535569252 30.033651532299206 60.84377722646512 46.172777291249076 11.290041099899112 76.64069618632503 0.0 62.19302255829988 41.96708928664081 56.087074790281335 25.596545971476466 85.04019869877281 82.66112469744384 97.5614417063591 97.50261283875439 31.58713162240025 115.31443188796658 51.84215592434753 91.77752600226677 90.2715577138258 89.50015471100889 62.59498063092248 71.26307457876882 40.634448944687605 50.46721953452962 56.42161975864509 2.4624955096566956 109.4749468784153 42.189359680842266 45.30694072205935 28.349560973273174 77.55414213892965 80.07438396424924 99.80698787711798 99.81603461071833 49.94919161242001 98.07018970751837 48.39366667383685 97.79138284257151 156.45698332718345 140.16162573030925 124.13894010683939 108.50978298204414 93.47176570324089 79.36164308926767 66.77028705601275 56.718370066892355 50.7383208481011 50.303899768698074 152.49240816314438 135.74257427175198 119.15060052796939 102.79295674521366 86.80222071406361 71.425249735484 57.15955119860118 45.07293535323381 37.344771042914594 36.82935733811345 149.73486911667393 132.65167032227524 115.63352195513896 98.7140735197911 81.9544774416875 65.47759605721257 49.566177470155544 35.000106621254886 24.32940872585768 23.612368482857256 148.25177588454443 130.98301712061902 113.72434098893433 96.48115842473409 79.26358159247233 62.09291458002786 45.02286034355148 28.23648533884028 12.893932424736565 11.572429337295102 148.08144707616623 130.79108610646938 113.50425066195866 96.22284088742343 78.95041972817374 61.69453718735897 44.47444815814464 27.35782586180507 10.84611494977927 9.248743689241966 149.22838034498622 132.08231772267837 114.98295384732415 97.95474752070628 81.04256482999762 64.33796649448574 48.05790691602906 32.8399568783009 21.120487317372636 20.30761107133316 151.6626775112946 134.81408398068712 118.09663473212825 101.57510244453869 85.36331849472296 69.67782472672755 54.97099943964506 42.27683416199246 33.93462893289174 33.38406478521492 155.32378823635207 138.9013803606709 122.72086553211003 106.89214800480872 91.59778856976095 77.15621513936053 64.14601543833759 53.619438238515244 47.266056699865956 46.81686847178982 160.12753566282103 144.22895421654312 128.69285423238227 113.66796455653554 99.38640522162396 86.21835570434291 74.75458594161104 65.89072256412057 60.77517966026898 60.36848140845338 165.97467105407605 150.66522105796432 135.8348746621264 121.65896780228586 108.39456930183432 96.41860711250638 86.26934494661792 78.65709691201437 74.36507815613459 73.97349350488449
68.00304522453644 31.32195471233861 33.34127547452501 13.195828287649332 24.41502664075478 51.27417430412743 36.23419824176015 62.19302255829988 0.0 20.868640085222587 42.5475292599808 43.073884635165534 29.806124801402298 20.665921669095898 48.504429278564366 42.966168492719596 43.982767094997115 53.38139377764093 30.355581494275224 30.19592593022945 31.201729455913863 33.386084507409166 6.2892743027942615 14.093270572494738 26.29665534480067 22.16131894359858 36.617081118759884 60.21077413052203 55.650524664875 22.558554761662 37.0833836898019 43.219410792150114 25.60169768354188 17.881663642253567 43.768333390379325 37.74775118852438 20.176437628487456 43.13703836271236 23.454855835459227 35.7967592146423 97.10187204551428 82.09313228075092 68.17987317502887 56.181952355163695 47.571339697674276 44.36616815580633 47.6695428870383 56.348182644094386 68.3853345494664 82.32067906283459 91.44026328765412 75.34399418244533 59.92346971599007 45.86541224633319 34.859129544489846 30.420237327533506 35.133058789846366 46.28154983562765 60.401497868791054 75.85122997473721 87.70418592347006 70.78477261988168 54.107819316112234 37.993952905912025 23.624924839720812 16.47561713424481 24.155063987404958 38.65489027953089 54.80553109680837 71.49688248488401 86.14459096064898 68.85195441816276 51.56555318524309 34.294817335522566 17.087313701432315 2.5557104028905178 17.882969397550074 35.09676774237002 52.36868520526144 69.65550119675052 86.87879254148987 69.7642035593431 52.77192971059265 36.07522688510495 20.412750588169192 11.43029923818613 21.055546944036955 36.80670232290605 53.52423354885416 70.52422832203379 89.85056782633328 73.41552723142142 57.49143568824746 42.65443886941968 30.53272952130518 25.37330147600171 30.888051453379703 43.16305661552695 58.05805395627318 74.00767690531968 94.84979116633411 79.4290297546995 64.96279438079148 52.25001954467012 42.879720543125885 39.31898177906439 43.03487220031812 52.504515284874266 65.26985543174138 79.76396387797641 101.5774898224058 87.31794966514902 74.36102394592115 63.50904726565051 55.99942804034029 53.26511476729626 56.0098974790669 63.52750927063832 74.38467521335437 87.34480541397312 109.71607139208741 96.62391791592223 85.0496213817353 75.69270819197466 69.45520457480897 67.21128033785891 69.34968175759374 75.49895302678352 84.79090074555312 96.32026361497566 118.97624958460086 106.97765099549581 96.60108114575952 88.4194614546964 83.08378102387827 81.15731263834114 82.87813547854756 88.03262183022152 96.06966686786922 106.33767205148679
88.83653386190036 52.190491680454734 12.48376462366233 19.722901224533814 11.546377052833739 31.516923160616486 40.91718297986351 41.96708928664081 20.868640085222587 0.0 33.14378867659959 22.528284387668098 44.16220036128318 40.85150020071067 59.40828073306108 57.207589943286955 24.772241552195194 73.39619261470666 21.297850178975136 49.82682762813922 51.31885913835893 52.323978947082956 20.627891344281675 29.488783048310616 8.353549537954567 13.7942893729415 28.881720047863052 39.85234341966946 69.70657426902892 4.350101513704967 23.159825919046526 23.18587158609957 37.28605926638752 38.5638853706311 59.05469803465358 58.54871034264916 11.732778492503943 57.651678174267765 12.821743808011838 56.63193219427733 117.67965378185372 102.30882723536982 87.66066672074234 74.16461416001808 62.57066917719867 54.11551010065683 50.40425944442322 52.45370769916599 59.67323250147337 70.49183674296701 112.29169581794321 96.09212390315933 80.35343593929615 65.40917460831122 51.94952014629279 41.44698093735267 36.54666714184787 39.39762168611347 48.65586680804941 61.492448480165386 108.47278031298252 91.62138105692699 74.97547571030195 58.710114482262 43.25672456895882 29.901872713406156 22.711469713475072 27.13320502219278 39.4375692259815 54.52654410063745 106.3920595660766 89.15969791597585 71.96072787243394 54.82658305156196 37.84541309080574 21.38479844769008 9.003174274493041 17.421765671738886 33.53642677686164 50.44382174786182 106.15182597692039 88.87421140493187 71.60833904772443 54.3653976644584 37.17730731203503 20.18468152962957 5.603930018554664 15.940519708435131 32.79496576029272 49.95630954727158 107.76439234836954 90.7854578472 73.95638092888456 57.40910231818939 41.48223237977492 27.284757701217128 19.15338684960372 24.247851001805657 37.52034320200006 53.16301209644018 111.149123709391 94.76058527231314 78.76368214715497 63.4552993389202 49.47868922785676 38.3198988256193 32.97570149579253 36.12599364901557 46.059594331275015 59.469263721650954 116.15115101585181 100.55507134611213 85.61692423802052 71.74883908659694 59.70123077909622 50.78662082616476 46.829772640742156 49.04566452306372 56.71533887489419 68.01826939178103 122.57256841377864 107.87606170543808 94.06992280828467 81.60730109672394 71.19724948949452 63.85170792683794 60.693726227530526 62.36274312090661 68.50686523030329 78.07666082508383 130.20345500599348 116.43587760175063 103.73222161148641 92.53172601299983 83.44191482074086 77.21186625710956 74.56190545496908 75.86810602334843 80.93915980744937 89.13479669107335
99.35842874324617 67.24247983345911 33.65380568760545 30.141058726947826 21.781169523455606 50.4864742968221 25.97717118582767 56.087074790281335 42.5475292599808 33.14378867659959 0.0 31.02609171474266 43.0247380721662 53.12696280851362 46.98378662881304 51.342704370063835 24.499946312024818 79.23836792721184 12.62622928271963 58.02112054423838 71.31894539229862 74.9897494491271 37.19444335106098 38.47368419209279 25.505407416796363 21.45672161071876 6.118617109348965 53.638941607777895 60.72396603922426 28.82052004516988 11.826524549442842 27.908410977628034 35.54793680967849 53.54410449628771 54.74218007608788 71.09337979546262 23.915239643031047 52.18742101214294 21.20152390395256 69.92223642793086 132.82331823607439 119.84543196485033 108.08561745389966 97.98343370586738 90.0981981215284 85.04879054256159 83.35219064372893 85.2089082309506 90.40026461827034 98.3998835783333 124.34110663930915 110.41556065974298 97.57648869167454 86.31011603332836 77.3071212060044 71.42853578340376 69.472083133401 71.75928386922511 77.91732274452878 87.12929140898272 116.94321741636351 102.05281685763494 88.04849327949871 75.42542887333182 64.99347570868105 57.948311976416896 55.5928075340607 58.49625672249476 65.96788812703721 76.6838372120973 110.8470807311347 95.0394507829095 79.85376733044897 65.72256965521375 53.488253111752705 44.73516886719161 41.715494723714684 45.58327237456095 54.901657484407366 67.44816025993877 106.27703557438875 89.69267068597709 73.44012430932287 57.79998565689265 43.438860769642304 32.120720846607675 27.84342992867013 33.428764147591835 45.36978900568743 59.98385646249337 103.4356285279357 86.32279821891964 69.3039276340089 52.470524377612335 36.08310021669785 21.202286760484604 13.992728695505681 23.254431807021305 38.528604838934434 55.01682318017756 102.46680783567007 85.16487925183753 67.86295168879481 50.56102619448856 33.25910599748451 15.957208328916282 1.3455361537530819 18.646770267740994 35.948674791750676 53.25059625146158 103.42322525375462 86.30800378460408 69.2855841768755 52.446405923162956 36.04818269872657 21.143086804329545 13.903288296973129 23.200978286341023 38.496519628868036 54.99446622831564 106.25289112786619 89.66419163334254 73.40550029472521 57.75619023017415 43.38084105330805 32.04258190811537 27.75367659380202 33.35439847917033 45.31528501099127 59.94283975253647 110.81235613512187 94.99913381885688 79.80600021621896 65.6647927353375 53.41757603913164 44.65103521082711 41.625683796822045 45.50148622168202 54.83409555976067 67.39344117864351
110.58502542955856 74.2591057800098 11.208964846496837 38.02557209825278 22.059220477475932 19.602490771335937 51.20384325180817 25.596545971476466 43.073884635165534 22.528284387668098 31.02609171474266 0.0 61.20094519627566 62.074094871623345 72.34287114902105 73.0778485652016 7.37358780999642 93.89126815493132 26.366831327801922 70.3492498660606 73.83700619339395 74.77989376917267 41.546915192135906 48.94186552717414 17.471487283344548 26.318344128911246 30.86829986431662 23.136928889634344 84.67792574047753 20.595179782029668 19.79952663138653 3.4030757248423344 53.43877167558106 60.29563539968901 75.65672733529229 80.30272647996355 26.435085573317387 73.71283498386175 24.184424334674624 78.48721782589098 140.126784982095 124.83332378087998 110.13580886932513 96.3074705171631 83.77980766898061 73.223481770742 65.59721950248361 61.991990972449315 63.100820101873055 68.69581402700861 134.41603367998607 118.41747945375731 102.84177669969326 87.91396302266668 74.02702897795136 61.885696326827265 52.710341169415166 48.22471346145926 49.714868768185625 56.71168866092711 129.97586722233515 113.37608355053032 97.02192755873631 81.06220067492514 65.78460438860402 51.796291529900024 40.45745053028421 34.488587041292895 36.617315772173015 45.726369177579336 126.93975166233123 109.89852661042259 92.9536621279459 76.16949525714618 59.681758229755125 43.826294345308995 29.635914693176062 20.845679561841543 24.27980284376025 36.649513624448495 125.40974750944741 108.13584086833286 90.87259641056538 73.62751431822116 56.41725214111433 39.28759603011299 22.424037386176806 7.802120978972814 14.752020846237818 31.194302917810685 125.44099908355109 108.17191700222389 90.91532519715312 73.68000023339576 56.48541284269701 39.3849545456171 22.593379031211022 8.274071457013546 15.005768618926396 31.314521809448618 127.03235368116637 110.00498480515 93.078923087857 76.32159986198452 59.87485890533988 44.087666002725314 30.01928212712345 21.38466147819092 24.741900389909777 36.955797441356964 130.1265649344899 113.54802287626265 97.22186870833652 81.30029317260069 66.0764045912285 52.164666935883446 40.925803211793436 35.03423924907913 37.12926245229792 46.135387719094595 134.62000186247073 118.64789380651757 103.10578311521961 88.221223767791 74.38997337611826 62.31736483115337 53.214112649495874 48.772242266914745 50.243640906675346 57.17357162628047 140.37830253821596 125.11429691671277 110.45271042139186 96.66803847998713 84.19211700575252 73.69267227400404 66.118089860495 62.54029217920583 63.637009390371816 69.1863011126033
56.95484218443958 30.59171024573848 55.09015809916675 24.464101028586192 39.20172264265103 75.30819389067233 19.76677371022256 85.04019869877281 29.806124801402298 44.16220036128318 43.0247380721662 61.20094519627566 0.0 18.9072434716284 19.578954089631978 13.32215748404067 58.5401018751464 36.257720458942266 36.92335081080393 17.56941599853029 39.09019319880235 45.25721123270347 25.40652318071732 15.890942767054634 44.458084991608104 34.904518734877996 37.70738216268273 82.73951666513017 26.049840204500693 43.00148441223262 45.7817241800106 59.76276459382423 7.924512640546235 22.397833314758188 14.893536492525136 31.482301001139056 35.12806465356418 13.633095740052088 37.03550147941532 31.093148529483948 91.4748629666946 80.19291906132933 71.36421353553949 65.98098720809821 64.90626599916523 68.34361018099739 75.68069590533342 85.92426552592602 98.16865117031513 111.7581394420317 81.97353997685218 69.21310961178023 58.821329343874034 52.23163780169416 50.94153656127777 55.32302653621674 64.22565952248618 76.07847510962156 89.71975460644622 104.45111447812648 73.9742063408634 59.57082914035938 47.158150433831054 38.701493607576275 37.01927943476749 42.91567871517938 53.9610127459816 67.67963726825009 82.7525388857992 98.56033213354603 68.0090742682898 52.01547295806258 37.21150026596472 25.738942438294895 23.216408948471678 31.846839904602362 45.696300289742155 61.32530953218687 77.66689384166703 94.35152510423943 64.64384169177518 47.55253735399611 30.69812025846294 14.90699850660797 10.03871804686982 24.042594578145252 40.669768705366124 57.695121609346124 74.84742658870167 92.05574786421916 64.28814685277912 47.07008790225874 29.94885614882005 13.303693256228346 7.466992970839377 23.091928761692735 40.117724561356624 57.309160996844135 74.55173709899032 91.81664628443649 66.98995079819052 50.6819314736032 35.33234486424008 22.952184103050154 20.098324865327797 29.66132693396631 44.208118195257924 60.229833629349855 76.80898221831269 93.64997803259426 72.40776379919588 57.62320518210395 44.68435283129811 35.66030140017975 33.84273776598544 40.220800571290745 51.8536671144966 66.01970072118911 81.407045572163 97.43880823119596 79.99154523870801 66.86485797966259 56.05241890371651 49.107439423918095 47.74840372377266 52.41165919102231 61.74752213397171 74.00833378505448 87.97961672363823 102.96744610328061 89.19039288882419 77.58909795022973 68.43906081771361 62.82067301891499 61.70627082948463 65.32676135423323 72.98083739255745 83.56742482537811 96.12242893834974 109.97373861651246
48.618365534494195 14.138248408528513 53.25779814497384 25.057931930305184 41.05363587864788 71.85274283741059 35.73833365039589 82.66112469744384 20.665921669095898 40.85150020071067 53.12696280851362 62.074094871623345 18.9072434716284 0.0 37.826583537493654 28.807774462015225 61.639648007397234 32.72618925840547 43.26909197860043 9.767369309838688 20.565976921139498 26.433388699079178 20.53781579152288 14.767631874852649 44.64913315289271 37.45491297313103 47.081171225264676 80.61753770664126 40.31493783171902 41.61384180256652 51.698768313977546 61.64378126368587 21.084653832003568 4.23767015665366 28.065138557739967 18.584258748453752 36.39537509955497 28.57691480832073 39.369249718990524 17.074980329546406 80.18022132633098 66.72785240990356 55.4531147947886 47.91860652918308 46.00044587915595 50.344736056610756 59.59737522946854 71.88744729001071 85.92127954902267 100.97440635337917 72.93540291506947 57.865245331953616 44.45119631275352 34.67188641211632 32.048076051212675 38.0884138193279 49.730111335268376 63.98553974900386 79.46019908012101 95.56362171847519 67.9018294291924 51.40734829105879 35.685914859030596 22.426895078808606 18.197768241729026 27.53296129441887 42.2336499588932 58.378167687884634 75.04033434659397 91.93913822511603 65.59065729758923 48.32807557047667 31.10924276090211 14.095411138532581 5.318813624173954 21.368492571309705 38.51816070853291 55.76198048099218 73.03329215605582 90.31632517066866 66.28729178592566 49.26513263404947 32.53943183119068 17.00849915949242 10.884693506916491 23.374711787329204 39.66094853706874 56.553670224770094 73.63665854877468 90.80259047988918 69.90185485807817 54.009863613802615 39.32648132552334 27.835042845931472 24.52993677056162 32.05240547369838 45.295764771893424 60.6198534046344 76.78891624570792 93.36497951790963 76.01920866728194 61.68980558078834 49.30568463005682 40.683846416326595 38.44485114831791 43.583760721378574 54.03506468584675 67.37016127856211 82.19729584232783 97.84047554422773 84.09485504656851 71.36344188905944 60.9281312878755 54.133480189482434 52.41498186524697 56.23990684366467 64.63144800265474 76.09350281861698 89.45344276455502 103.98228610825969 93.62331200976739 82.33087611713086 73.41739400791057 67.82732704500415 66.40535231330422 69.40812134257605 76.31510840808821 86.19278510836496 98.14829905892094 111.51534863477563 104.20669680331773 94.14087852802977 86.39824198026687 81.64244778821147 80.40524983475531 82.8444384238266 88.65709002124825 97.24011569566811 107.93462116334058 120.17822866829654
64.49864126674242 47.25229691813231 68.61740192537849 40.28755095287433 51.69600685498257 88.93020058711585 21.48664143803793 97.5614417063591 48.504429278564366 59.40828073306108 46.98378662881304 72.34287114902105 19.578954089631978 37.826583537493654 0.0 11.085837821982711 68.01872093246294 42.6099515815314 46.05943230785858 33.39552826157261 56.943200811381345 63.505465381488385 43.32255217069373 34.424773393074226 57.500505114370974 47.535838891905726 43.50256920916374 95.14627529292652 14.03538105175386 57.222912687769 53.96411075834896 70.18749499135777 23.125609097137243 41.64013496503046 14.41163212756183 45.84959573352248 48.61296083897083 11.890213814079786 49.489092515067476 46.215319997847125 99.98110962756753 91.33855363524096 85.36931879481914 82.65464243857774 83.51251017542997 87.83831116830957 95.16027835028221 104.85260299947755 116.32428056278631 129.10185224432837 88.54910266020953 78.72299919974844 71.77999844752271 68.60113923641747 69.7033355394762 74.8978251985666 83.42364177379604 94.38227771676601 107.02903923533565 120.83503914066526 78.01965357755981 66.7192271699652 58.43409324028724 54.555753871456865 56.007288429501735 62.41795801705394 72.48369235734519 84.91447980902328 98.82181516844678 113.6650010919629 68.80854275508727 55.72423445218501 45.546357208602394 40.52723288401107 42.53408228820586 50.739977409882094 62.75864928072607 76.82093732798059 91.99440398538313 107.81089888025005 61.51105985306923 46.46003557781794 33.647727042305924 26.542689614031023 29.590022244096865 40.562725111680514 54.89817964340991 70.57617016658759 86.87284771486024 103.4963658888177 56.868837484217785 40.143524800188175 24.241562652700765 12.748215804518841 18.33285363623545 33.29238514421259 49.79342491355777 66.7015763721671 83.77068870617231 100.91912183489309 55.551651302765954 38.26357462443376 20.998331145209892 4.058603946855708 13.81043838479556 31.043481409663965 48.325778368830356 65.61842393065551 82.91494346981058 100.21333109585855 57.787338152134126 41.42864574224964 26.305917301175192 16.32122059713457 20.963672345611403 34.803465838268146 50.8114088585935 67.46131977449042 84.37400322904189 101.41808288317185 63.199940916181404 48.66408962925123 36.61780843110934 30.203366640405104 32.89881465667609 43.02475848263034 56.73303152841881 72.00592390562191 88.03282612580585 104.46728225083042 71.0671856541962 58.4779842010701 48.86213734223385 44.20459665235561 46.0357288950619 53.69575751157858 65.1604518450705 78.78603089701794 93.63384491792814 109.20649812734942
