Dataset: 8, TotalCost: 4345.3691245193195, UnservedRequests: 1
Dataset: 8, TotalCost: 6319.22664639146, UnservedRequests: 3
