Dataset: 5, TotalCost: 6589.87029165026, UnservedRequests: 3
Dataset: 5, TotalCost: 8458.225689160246, UnservedRequests: 5
