Dataset: 8, TotalCost: 17120.71697054849, UnservedRequests: 14
Dataset: 8, TotalCost: 16338.491318111548, UnservedRequests: 13
