Dataset: 7, TotalCost: 27964.115490324624, UnservedRequests: 25
Dataset: 7, TotalCost: 14271.766502441744, UnservedRequests: 11
