0.0 60.07228578584401 25.078239069659762 55.52694030971492 33.1054263510966 65.86337331016686 37.655397435023644 30.038104803231025 21.46710638826579 51.51950013151853 21.669913004974923 57.66409638874521 52.96948600842119 27.74808999105473 29.45789279314082 24.449561395561084 19.55211554443355 29.903456428442354 47.16935103793831 33.47552282068768 8.508172891196969 20.69584874069275 31.238606161341128 35.77906777329354 10.227601169969672 53.84563483135938 64.60481580508012 35.43809634300463 24.257886191688126 49.9607079426684 7.815951444792202 56.206987906918094 46.0543435591232 15.261329440508138 26.95193987094212 16.467274443356786 26.33916827134082 24.01004168811148 56.25235574920905 25.79317719844538 86.55835317321262 72.09139314335113 59.166661501190966 49.01961962066581 43.63320741274112 44.760416411684126 51.97920134455697 63.23673200183406 76.77653015597534 91.59198271576197 80.35785029984622 64.55184787608124 49.751456441741865 37.17772406235449 29.797119146118817 31.500203919171327 41.174831864579645 54.74650770377792 69.98358969748423 86.00543554075546 76.30074853084604 59.44972579447866 42.95867811460215 27.483424301437672 16.2462812664133 19.268034573439667 32.8220218045635 48.8059989348365 65.46356548777952 82.3871576057447 74.73699177303074 57.43835397292819 40.142554364683726 22.8560370731512 5.664431694559069 11.852710159320685 29.113592801042337 46.40505823091153 63.70220693986303 81.0013981642832 75.82103015804095 58.835603634203544 42.10867731395971 26.1412693768016 13.867372985083426 17.319206441573083 31.72252511079331 48.0769705411962 64.92445150171255 81.9614941208797 79.44453361927408 63.41655003597621 48.27622409431867 35.18861897064292 27.287251515528077 29.148917363321942 39.413636848224776 53.440810750747275 68.97184813885526 85.18815361019332 85.28438211917401 70.56378811070577 57.30424079622944 46.765471190664 41.09681301485719 42.30357249869319 49.88929658953864 61.53858175211876 75.39069992802827 90.43906063628486 92.92357407905405 79.58883520606243 68.06374703296869 59.41097147836482 55.003202680596495 55.8546325706308 61.748089488028775 71.44656767463765 83.63669296790803 97.3872665676153 101.95836822751043 89.9279875162684 79.85779512250171 72.56846671462623 68.94771712995943 69.57070827803793 74.33081204935802 82.51512713499072 93.22614015701181 105.6984892366002 112.05157473511366 101.17906842348813 92.29047827853732 86.0031446093539 82.91097269279055 83.37024596074919 87.324947401906 94.33649863234575 103.78720305282862 115.07767840932797
60.07228578584401 0.0 66.71960626807953 111.5205145556719 93.15041476762342 14.700365871279132 72.19514217883001 43.936226614014025 70.69719142659818 14.5061674136256 81.12729121983786 15.681133957272197 28.043983982597666 87.6707687526857 64.02421854769139 39.7117149636908 66.92987868494265 76.03142568847441 20.522056377509166 90.04962585941716 66.03401606025335 41.53841750274418 62.60928839344765 66.71423752562237 52.55541409943229 31.752582277502253 35.22067268009123 44.74038046045617 84.04764887321694 18.765861926153367 57.62924031413549 6.083152361352043 40.41899204926985 45.76838734002749 68.40153470769012 43.60640875020237 72.72660759125658 48.45678669225574 22.334739234474426 64.81662767425127 139.48647581875446 122.8664510329393 106.46388935885368 90.39724431934853 74.88304827519555 60.3488786386218 47.6991664761442 38.82191272738611 36.57565349887594 42.03716267424463 136.43416020566602 119.40615283730102 102.46994529093098 85.67999258102209 69.1429219642584 53.095548544157616 38.16073873866177 26.30699099889477 22.947432497567252 30.98100433375095 134.7776307145842 117.51858947294856 100.27432981962795 83.05405943266373 65.87659352250719 48.78716612431376 31.9274615525021 16.03905366193872 9.687770744413234 23.00364710354349 134.5684673084697 117.27975028157707 99.99560362329358 82.7188923244827 65.4555042476933 48.21975125176081 31.057676519287234 14.238244846426229 6.2920145718796165 21.798274334789202 135.81336030615438 118.69959142566576 101.64954038807943 84.70169424029959 67.93259043258291 51.517070649088176 35.94290171029541 22.988860088810704 19.073412981340947 28.245607925486777 138.4730812913379 121.72006240356836 105.14495409294776 88.84738365055404 73.01343864461646 58.023920022923456 44.73585584287575 35.1358325970087 32.65677720989863 38.692530213968986 142.4683759240676 126.2262696485213 110.30687770433785 94.87279113279799 80.20466841182946 66.80893864085785 55.612793845748506 48.17504028258942 46.342089757538886 50.725212369665215 147.6908406699861 132.06615622098406 116.9147156872785 102.44670709310716 88.99607165200592 77.09714437312569 67.5746586936952 61.54181709184257 60.05956985206766 63.44765194354737 154.01562041980588 139.07173443733365 124.73880784630428 111.25322433449536 98.96199546269719 88.36492543430525 80.13694796096235 75.0612262808663 73.7911365550493 76.51642214873425 161.31302333937356 147.0764323335836 133.565483438198 121.02345125887639 109.78291813733668 100.28249322519301 93.05666958087542 88.6633240598259 87.53000792480968 89.78026239378497
25.078239069659762 66.71960626807953 0.0 46.14805768384263 39.03082623090549 67.02449318172104 12.610966393391267 23.603516277777107 7.762562886908829 54.06223043251359 36.36070151081116 58.30403930958404 48.62455492487555 38.40201619656027 54.52747370315396 43.01093833065505 6.318796169072261 9.328832302420116 48.1123155753189 50.56925698374365 19.056141049004772 27.280860377901046 9.28973823569617 11.888438543175756 20.923391165704157 47.67380553216116 57.070741472076826 25.63747639541801 36.75269721857672 50.81092862239409 32.61017373371745 61.32292175347557 36.362280646659606 26.106765628510274 51.82588987015452 31.110624569421567 6.432409168932922 18.268015274480888 54.157943376582054 50.857022968015265 102.23413571083707 90.10532328294245 79.90501065061125 72.45234871545965 68.64812893383834 69.0976051856117 73.72301637332764 81.81917812073924 92.47898862777502 104.92396976168045 93.28217474572324 79.85439984029007 68.19520011726462 59.35608276395495 54.7211375992589 55.35666478696202 61.098419534458166 70.71331204150371 82.86390786685325 96.59803854428492 85.73556416349399 70.93610432143194 57.54980830743159 46.80529438356081 40.8435592807271 41.765568276066816 49.18571600006858 60.76851347297213 74.59956707078673 89.64420890717558 79.9931640696933 63.91091984345192 48.67253069558489 35.385519710308124 27.091787645730687 28.53953577668028 38.64913244417095 52.64708887331181 68.17907807199819 84.40241464770496 76.46264260652228 59.4538733185254 42.681415676605276 26.596170572802755 13.846378137212838 16.57712095951022 30.928830312504125 47.297959819572256 64.15850929595827 81.20495354621117 75.45517275489617 58.15849798774076 40.86627303535368 23.588286209515736 6.440171713228782 11.191870620308315 28.421008341710742 45.705175344038494 62.99909509025427 80.29646631106256 77.06977764058875 60.229157057936476 43.750022839546084 28.27171804549943 16.829378725099215 19.127946558707507 32.36110466413519 48.24226626989759 64.85448187176893 81.75331055718833 81.15007572327686 65.34662166877008 50.53450732474245 37.89460635850715 30.281599117351 31.569900105793458 40.92738977531217 54.33372036283443 69.4835548642614 85.45457809892055 87.35116698990065 72.8717401519265 59.908754866719526 49.66418795660423 44.07616680245404 44.91758735234457 51.876536951258636 62.95605433502816 76.38362866202213 91.12714708751982 95.25970011637668 82.14539025017184 70.85207909880306 62.37680968396977 57.969068999904394 58.55473367546644 63.996859388618645 73.22046495354901 85.00336619701291 98.43071340661557
55.52694030971492 111.5205145556719 46.14805768384263 0.0 30.37721225635775 113.050813611848 47.216316956411596 69.67147528965532 40.91789076306535 99.72973404071001 43.5455247362757 104.31793118101366 94.72444211634777 37.63843243600098 76.84340023671429 79.9334688951045 44.68654321034072 37.18133602352773 93.95260272886709 50.38021476261785 47.496745723569916 70.14999368043942 53.40744726973262 51.98648458055998 59.82863321197563 93.592933218121 102.47590280138672 71.67248094415979 40.44871669217537 96.71022009376414 61.89954178367514 106.50750112481003 81.95409473404735 66.66911361677245 71.05651227963124 70.28126796206732 39.7329023988859 63.850911977288185 100.305525361781 72.54090482223235 82.66736246764272 77.91651657247962 76.85544176233012 79.63177091138871 85.87411475333222 94.90096346582253 106.00333383548512 118.59976954665208 132.26408629245947 146.69818111359885 69.60498542818058 63.96119967113856 62.736835012919315 66.17764130495898 73.63249477666615 84.03988756705886 96.44871929746475 110.18485622862062 124.81083272595905 140.04813359821748 57.096299973479084 50.13393721806955 48.636795932470164 53.06944736336201 62.176335012300896 74.25718210910482 88.09689904267032 102.98883538401135 118.5370780512296 134.51423567060414 45.599514959603354 36.5805386124958 34.5783700021318 40.643564866180284 52.027328244256644 66.03403841623339 81.3194527828408 97.28268293041239 113.63844077208265 130.23892609207226 36.095091880864615 23.774444804945997 20.64714041479933 29.76736808093619 44.0976145754731 60.01512004178997 76.53588223561823 93.3401281286036 110.29836527353461 127.34909052822306 30.506035232837288 13.953061488840953 7.580969170697303 22.78086239795397 39.73886912071112 56.90431596777515 74.13324532147738 91.38976079075003 108.66072023617566 125.94018142137662 31.02593492424671 15.05098591379239 9.442933302460176 23.463142906625908 40.13206241998863 57.17830940510803 74.34278022837923 91.55900912007789 108.80242921605041 126.06188293398759 37.40088983082269 25.70518486013204 22.834133282112763 31.31692676965613 45.153220342901925 60.79134689933481 77.14320160427776 93.83640229169303 110.71665810363504 127.7098176078877 47.32088072756383 38.69566899631894 36.79878926421131 42.540028556162845 53.515083983726186 67.20700442603967 82.2703210147026 98.07516016535868 114.31437096241923 130.82630018790894 59.02469205148118 52.30979907648449 50.86665766612912 55.1109754939414 63.91966327100123 75.71610172443818 89.32431775665124 104.03576500144247 119.4434930426282 135.30985416675577
33.1054263510966 93.15041476762342 39.03082623090549 30.37721225635775 0.0 98.19203147638828 47.8101407314323 57.86427419049892 31.283849133247177 83.93650662447935 14.41009497117775 89.73123369763357 83.16562829376687 7.55871275052025 47.63870030102503 56.36883651037501 33.84206637289481 34.54394665243573 79.07637543604949 20.425430099063444 27.805257484016142 52.640432434018344 48.318463566836655 49.98024639862665 41.26057444109853 83.2311439220814 93.56257756824839 61.96512814021093 11.005700565541714 81.9172957968337 37.057209106019435 89.13252425131111 73.26448662863974 47.694797547352564 41.50790714702665 49.56413166111456 34.10060480752314 51.20153730984835 87.4272331593764 43.446612975158644 64.51361479750862 54.743414950451026 49.29886828107015 49.62476493020122 55.61976377317543 65.75105244131021 78.43178959519624 92.62069038756434 107.72344639470673 123.4049896260654 54.52982933305962 42.588389881394384 35.394171043817 35.92257591951438 43.89559548668158 56.23097786054583 70.68047937507622 86.18726810635029 102.27154016562308 118.6987716749942 46.77506719897617 32.12113319382441 21.7793257257826 22.707320531565102 33.99437199912781 48.931828033827436 65.05183938252199 81.65703499717317 98.50234752087589 115.4827481261533 42.48801648411819 25.51159264668408 9.755233459564625 11.75590090961924 27.92760710137552 44.94902308710574 62.12561082535823 79.35667438987686 96.61307067820591 113.88328449500543 42.72565542603505 25.903645809494 10.734496181358898 12.57669502364552 28.281273213455954 45.1685828738799 62.28390362281265 79.48007127294342 96.71397063504776 113.96848603811613 47.4200051016831 33.04904584040679 23.119974652480764 23.99037879582006 34.86050159517362 49.53465572724608 65.50435798011975 82.01628472770975 98.79894866043824 115.73463095344418 55.4504398600337 43.75565164279113 36.78410056011882 37.28659666289761 45.01352864125385 57.103874335135075 71.37362538544791 86.75392538876592 102.74726260598153 119.10694189869896 65.6029958801699 56.017318811692306 50.70333522817847 51.01389671210773 56.85691136814061 66.79596051332095 79.30569695376286 93.35838502982297 108.35535888347239 123.95434965793436 77.04313571511624 69.00993309125232 64.71313849564349 64.89917601190714 69.53207263169142 77.82164561440835 88.74909155483248 101.46569519357305 115.38139656622565 130.112026225775 89.27711430495411 82.38826661635741 78.7650509169081 78.8588831297975 82.65710546378584 89.69032362121095 99.2733330305649 110.74618992214715 123.58367992735123 137.40384542087324
65.86337331016686 14.700365871279132 67.02449318172104 113.050813611848 98.19203147638828 0.0 69.97269684563716 43.421845164774055 72.31871066821144 14.345981310144204 87.50089224937685 8.733658244165323 20.492294203221167 93.53304075074962 75.00382805529117 49.25429170658519 68.59764724047362 76.25414200942728 19.29434542914787 97.92387425736722 70.42209656062276 45.56154191998499 61.131285652511295 64.40206804783102 56.934962409878516 23.427325859017223 22.945310806938515 42.30240349500251 90.1108300118065 16.46443622907522 65.03698952154735 12.648275583496783 34.6507594656384 50.688853432098966 78.65403258220731 49.95291213679884 73.37967178809316 49.254040752022355 13.9203494531796 75.17148845181359 149.0963792966893 132.9170972936777 117.05930361024818 101.67353513121715 87.01055284544364 73.50419201122442 61.91605249528587 53.5072915291686 49.91156493143714 52.13443926999412 144.92143635221652 128.23835694687673 111.74362109975078 95.53483504351308 79.78646341057024 64.83488233185057 51.38045715233798 40.92734995404161 36.178056308732586 39.26019267983943 142.01060889604878 124.95477807853163 107.97727182235332 91.12188011533486 74.471564918439 58.202595021264976 42.75255890855508 29.440306715451904 22.458699117352825 27.217013298119106 140.44256222966473 123.17803304745364 105.92570793677591 88.69270891708825 71.49301269972987 54.358240878590856 37.37778852008172 20.930672101033238 8.820443938106193 17.782594429558973 140.26236064435165 122.973478094786 105.68886550655937 88.41102728470327 71.14489915061607 53.9017354165154 36.71390694029518 19.7265891851486 5.392509164571006 16.362562924316133 141.4753100332317 124.34887517224952 107.2787678085597 90.29693874559435 73.46463182762925 56.914663934713516 40.99045828676253 26.83036020758406 18.92698195031139 24.398871309984084 144.04620434195067 127.25298526669324 110.61665298020318 94.22034789417833 78.21516721026292 62.90039101606175 48.92866626163728 37.81901582957819 32.63816659293976 36.040675116502555 147.90421286341382 131.58458996073367 115.5510947537216 99.94153157775085 84.9898053971929 71.11207605681425 59.07021883574981 50.20315924516996 46.36945865425099 48.77088523308841 152.9519165244136 137.20850119672406 121.888279564973 107.17289047683194 93.34880864151499 80.87439372686359 70.47007103182852 63.16716019179215 60.106948078004415 61.921693718486836 159.0760350799411 143.97328216191758 129.4222308322124 115.63134743286466 102.90670534045314 91.69328393607712 82.60879768269692 76.41632948029716 73.84703236571906 75.27283566220518
37.655397435023644 72.19514217883001 12.610966393391267 47.216316956411596 47.8101407314323 69.97269684563716 0.0 28.39821456042081 18.651340485560784 58.44514973117747 47.65553512192339 61.50257708592563 50.07647633798511 48.6246825784047 67.07752984050512 53.88394257518758 18.670504113611198 13.277113819860634 52.248943001621136 61.78316347096775 31.535896953604762 36.494867107737846 9.868496338781362 5.573285359987043 32.55435973810221 48.220291702248836 56.067422861919965 27.812805338147715 47.55106304314482 54.666144888170635 45.10073063190455 66.39699331631907 36.25330372501505 36.69810243701879 64.43683325901304 41.87740396500285 14.25379026288917 25.469531559553285 56.303926139289906 63.44621691488509 112.13020927373891 100.90782010847049 91.59843877480408 84.83419895981953 81.25324695628458 81.27742902875276 84.90366481435247 91.70564665766318 101.04405207195934 112.28783010193008 102.30358683093534 89.9159184588486 79.38773553741237 71.54470185303991 67.33177423030664 67.43280304990019 71.82958778758487 79.81533740185294 90.44433722139041 102.90072805319288 93.5840020266213 79.90388877252177 67.8969610563644 58.60087947047457 53.44930966066179 53.64973631092992 59.14777750518766 68.68278412986726 80.83866625661184 94.61054361174831 86.30777997566817 71.28597066595123 57.55912196829196 46.29386145462298 39.64715467381774 39.992228218142316 47.17590423876237 58.74061407886731 72.62272180671272 87.7289341173663 80.86559781376613 64.62248477774102 49.108010839089815 35.29643719980225 26.053613764052063 26.654336646964076 36.6173059463488 50.69429048900749 66.31519918012101 82.60878135560962 77.64415302004214 60.56213473493663 43.65366936861933 27.24383517948058 13.323786304389339 14.544175051993632 29.056080166817456 45.55975835793883 62.496723024938795 79.59084254055793 76.9230065610539 59.63905394189026 42.36977848565882 25.145438153143473 8.252366209357318 10.13033036694552 27.126724752242158 44.35998597130431 61.63173753930934 78.91671144949298 78.77086911682957 61.993555305580074 45.609912834616765 30.266145600523004 18.722370620047514 19.588949056967554 31.869089414003575 47.39475673942499 63.84042014330608 80.64519634240543 83.01634200939864 67.28239370266142 52.543665907665925 39.918191525592874 32.01243610515738 32.47828473275111 41.03158242204576 53.954160136024434 68.82747197816003 84.62918683724429 89.31813249053603 74.88635248802787 61.94276728040122 51.61928593025929 45.72634441833211 45.99945760715647 52.34219386702636 62.945723046009384 76.04818520482448 90.57147745356146
30.038104803231025 43.936226614014025 23.603516277777107 69.67147528965532 57.86427419049892 43.421845164774055 28.39821456042081 0.0 29.22383063507942 30.648070759413663 50.16912159231216 34.70053497114986 25.637100121278795 54.7796609301824 53.52801836456812 31.90090800283674 25.61466243462831 32.85833924488613 24.59314624833874 63.193573033359556 30.83232444632777 13.559360935148586 18.689640598209838 23.043614019324483 19.871236160808827 25.386034573523172 35.73186993149467 5.735706803339087 51.952862347615444 27.24656350721879 33.81583195327726 38.264957679600606 16.074451438706795 17.771555564912934 53.63865315946897 21.76654990009851 29.963597728564444 6.669277864785226 30.742962470082873 51.22999253288185 116.38922614460989 102.12672875347899 88.94931366219464 77.4130931320542 68.3541402413176 62.852882995068846 61.865792053372466 65.59696993726479 73.32969123337546 83.9655862868127 109.4748443301684 94.2088673273369 79.77833173919234 66.72747662964143 56.028853728439735 49.24034071292219 48.048852719324955 52.83441806712704 62.23312307780425 74.51945970079927 104.0185487842863 87.83941357675907 72.18292479618978 57.4777753153267 44.67351169110024 35.86723584348745 34.291435314824305 40.79282330896447 52.449159189849446 66.60692257196244 100.25876257851581 83.37410281262478 66.70362967777527 50.46007383033756 35.238835624443425 23.152616867763946 20.712881160120514 30.343283779975593 44.845489646257924 60.829537719050506 98.39022041747556 81.12802821316781 63.88733734978056 46.691971574017835 29.62097178068755 13.167275835852244 8.250197608863646 23.69531160749352 40.66427483319206 57.83089249858157 98.52061611716971 81.28539657381019 64.08613651316323 46.962361431059556 30.04342174520064 14.087735450508106 9.645449241682167 24.214012327813442 40.96724784428426 58.04330882919066 100.64217846143427 83.83267177479387 67.2733000959353 51.2073064338829 36.2958790524641 24.724577200843715 22.448382501589677 31.547841665084693 45.665238728293374 61.43348451840136 104.63382955122962 88.56384374511632 73.05872914841181 58.56883765557998 46.06242435717647 37.57515781559147 36.06584791720801 42.288362950453255 53.61504686151943 67.52442678557813 110.29265924797566 95.15364784486881 80.886737118829 68.04273153633197 57.58180196899878 50.99231364727534 49.83442298577939 54.45571510577567 63.60881724346333 75.66663653479911 117.3777145896361 103.24672562256585 90.22715016304156 78.87131739147141 69.99374681871403 64.62397609842806 63.655995682660595 67.28006459932003 74.83195978384511 85.27444590232288
21.46710638826579 70.69719142659818 7.762562886908829 40.91789076306535 31.283849133247177 72.31871066821144 18.651340485560784 29.22383063507942 0.0 58.83534437266037 29.099153419098272 63.5896044243994 54.77415182427928 30.731993571657302 50.501095922884886 42.81944034377922 3.771418551595 8.437173682990993 53.1236391767634 43.283939750357426 13.827062650299103 29.68363682386093 17.049988832461015 19.27845031067699 20.69975890314958 54.14900752464756 63.9030094275606 32.16098424686145 29.244864233543264 55.90703669263562 29.282640547397424 65.60642596525554 43.22700790510767 27.068761502932983 47.07953690227989 31.52556085244702 5.021850788779163 23.069424867091417 59.95701765498157 46.56549336040608 94.56388097426587 82.66609523442766 72.96391206122169 66.42646363555879 64.0305483736779 66.22718946975529 72.60071329647074 82.18503490988138 94.00313718549307 107.31958387671256 85.52465482307733 72.2029842100997 60.91614381692494 52.98097327182879 50.01891425122287 52.872500789012435 60.72735956085644 71.96404908988329 85.25572019540024 99.78453082945954 78.0165397561569 63.17438758873267 49.94129802081969 39.94959922198485 36.00715119592704 39.94704777290249 49.937216017226284 63.169547176875454 78.01131370908898 93.70083068830336 72.51680341981239 56.27519629824776 40.91234390541427 27.91869041607913 21.99540612421323 28.05091320977701 41.09283147389531 56.47210896067497 72.7206202369085 89.36548187088304 69.50393729594664 52.354236847751 35.35319254106561 18.906179424983566 7.9845042879982415 19.20349675639137 35.672251923474704 52.677871232420316 69.82922001949595 87.04019249829311 69.3030889863215 52.08852584491186 34.960325106940005 18.16445880585852 6.031933444414861 18.480646733483482 35.290194268935146 52.42112879965689 69.63666493276739 86.88652879773589 71.9378183301937 55.530562226838306 39.88669709704871 26.40010413589894 20.04230576729623 26.554362571297453 40.09097094951535 55.750779014942644 72.16456470341393 88.91575263030825 77.11800490711798 62.06647463379399 48.53880682521736 38.19021032390259 34.054022717178725 38.20430164192488 48.560979878317326 62.092485628753444 77.1459180923212 92.98503367141672 84.37605142267748 70.84500928690629 59.307797736856536 51.13234444510631 48.06579520962999 51.03750517485382 59.144191975523185 70.63955123673199 84.14605871800828 98.84267520026836 93.22782366521062 81.14142514368584 71.23994174524702 64.53698460717881 62.07745260141793 64.34976703770195 70.90042010530931 80.69412172658072 92.70872476673469 106.19307261149177
51.51950013151853 14.5061674136256 54.06223043251359 99.72973404071001 83.93650662447935 14.345981310144204 58.44514973117747 30.648070759413663 58.83534437266037 0.0 73.15491260372929 6.7905130229112975 14.378519589975443 79.20180579030743 61.949026269463225 35.807808336952164 55.07818657915889 63.379644202195266 6.209847897474305 83.67010063653954 56.20702544592435 31.297490315461953 49.08438046531977 52.90515012484294 42.6783958847211 18.154761034266976 24.322631623707824 30.71239355951784 75.76992524930289 4.2793843459506125 50.78971478717248 8.423087084472543 25.925823680317123 36.36161753588344 65.1708383933517 35.64179056889247 60.2943548749505 35.925658832400046 10.286219582485241 61.76570404179469 135.15064087569317 119.14706075772773 103.56182028199888 88.61592028664256 74.69413773457282 62.484792320738514 53.18069674985592 48.484285271990984 49.71888480272381 56.497002308605104 130.71455126872138 114.11409351194325 97.75718153995851 81.79006374453235 66.49413727774332 52.45983070595239 41.00372133828054 34.77476484526806 36.550939209453716 45.40226673557672 127.67432553407437 110.63483453587476 93.69157559985914 76.90817627186492 60.4180050157176 44.547891041847905 30.28870046880919 21.189801073635937 24.069097960642143 36.17107680706543 126.1309853099102 108.85841327943486 91.59692245524802 74.35423081390154 57.14735734646799 40.02252663878426 23.162430799292498 8.361048835349616 14.213706407493945 30.54284101333092 126.13950885524622 108.86824387604281 91.60855156552667 74.36848983334605 57.165822001752225 40.04876396432409 23.20752356237617 8.484584233960373 14.286376526115296 30.57656461681292 127.69958530367123 110.66385015375552 93.72567875306132 76.94952545279575 60.47038580972904 44.618573884324505 30.39207452486706 21.336605525775752 24.197825517866537 36.25645138749641 130.75566891797726 114.16097450110522 97.81165049581593 81.85485676128354 66.57344746437042 52.559851298215996 41.1310072707224 34.92405015450728 36.69232247744467 45.51561828515063 135.2063126130043 119.20991711017638 103.63379664817684 88.69963574728702 74.79297466806203 62.602354923451074 53.31812758043718 48.63427515637281 49.86446446039295 56.624544293777525 140.9193853289143 125.62364237527692 110.91898165889279 97.0743842008495 84.51358619390795 73.89418815317066 66.15776932962395 62.386252100321826 63.2924408461737 68.69145721321374 147.7484379132607 133.2050716182125 119.39960863650998 106.61907531019162 95.27682371891811 85.94419292243514 79.33360383747454 76.1572211975289 76.84210580984018 81.2907211931101
21.669913004974923 81.12729121983786 36.36070151081116 43.5455247362757 14.41009497117775 87.50089224937685 47.65553512192339 50.16912159231216 29.099153419098272 73.15491260372929 0.0 79.33241624235522 74.30895761529018 7.13682451241371 33.45936876096732 43.00742054081261 30.16705972881784 35.40153868875159 68.83545018949135 14.209367425234618 19.54457290813448 42.31380845511484 45.188069051588776 48.222125091700526 31.32413191380344 74.92728565180087 85.59435864868989 55.05183870872361 3.4167998599168405 71.62965359320098 23.7739941616005 77.57255538826794 66.18086848927541 36.92707060461384 27.5268209657145 37.74617343380353 33.45159101983499 43.63082264612353 77.83997362812423 29.208285264012964 66.71033089839716 53.8044881368344 44.025941062718616 39.75361464094466 42.67460738404425 51.5810062089159 64.02174736277139 78.33054268193878 93.65505616763235 109.5699366702672 59.306874580321285 44.34215755848564 31.841150597589326 25.694380238235162 30.087436751885626 41.82124932119491 56.49327667307746 72.33722481322089 88.72749431812875 105.40954782210835 54.64460032882069 37.9128429264787 22.078222702071344 11.67155181825707 19.58865159376912 35.07019198590106 51.718801279986174 68.69107213448217 85.79513576743628 102.96533492843793 53.445829896242586 36.171821261945475 18.948829696349286 2.9033108107890953 16.016049881745737 33.21614166805965 50.4858777695128 67.77203858783199 85.06461160723373 102.36034708212685 55.93371418582387 39.7401530050832 25.07371917712134 16.637766681605502 22.883431150228432 37.00270012494809 53.04206317753239 69.6881149835843 86.59167701354316 103.6268109142176 61.66359880218375 47.43434533029999 36.00477474784073 30.681908031707504 34.42563208425469 45.028633073128624 58.8960137575547 74.22002468755643 90.26180078314545 106.69808941304228 69.8419948165207 57.624674862928245 48.600471613558014 44.744969594919354 47.33838339089104 55.48366025304379 67.19117756823445 80.92945017554523 95.82902088098646 111.42499878675176 79.71875270099477 69.21721315219209 61.851938336459945 58.813251658346886 60.75385979976675 67.24404067100139 77.14393784394176 89.32698305243552 102.98606347931023 117.60801526585105 90.74086319873338 81.61650856536758 75.41413790331502 72.88358820887257 74.40047159795459 79.73412335402733 88.19477415981609 98.98380402787899 111.42690984991904 125.03122220087361 102.53951259961747 94.50540774639104 89.14521299252091 86.95482944057022 88.17081254090257 92.6591520717561 99.98010401246498 109.56733268025607 120.88281945292914 133.48778274455907
57.66409638874521 15.681133957272197 58.30403930958404 104.31793118101366 89.73123369763357 8.733658244165323 61.50257708592563 34.70053497114986 63.5896044243994 6.7905130229112975 79.33241624235522 0.0 13.096013298263287 85.2327138782038 68.73752372745368 42.59619704645272 59.87159720598059 67.54482001058396 10.669598971178859 90.13158383866042 61.93372069173979 37.174672419456584 52.53340507330981 55.92931640508474 48.51223453933079 16.576128328596447 19.75731796379251 33.74391805694297 81.86301226485968 7.8243725788647795 57.28533391839293 10.51542941066778 26.808069793546302 42.423537024493584 71.94908548764718 42.054851748102614 64.65284195606215 40.52305233837823 6.797331854574023 68.55024105192726 141.81391765426838 125.86841863887265 110.33236502236852 95.40599102397297 81.42527781077331 68.96773884677671 59.00612280718407 52.96788128692579 52.23189408391427 57.003907440180264 137.2149390962563 120.6875892169767 104.41147135450801 88.52526752103127 73.28299331353146 59.18426909703091 47.263778821383596 39.54312012046164 38.62846605484714 44.937344282337044 133.93249302212936 116.95959865978081 100.09941784602515 83.42032060952972 67.05756505566526 51.314665301239295 36.99166692648073 26.500616451240315 25.197075740754617 34.14986504761454 132.06483081265554 114.82609513560703 97.6097217030816 80.4300719767213 63.31704546004929 46.34450424586383 29.75383945316566 14.882268342786148 12.505435628723617 26.26790798517108 131.67219596421342 114.37637218028537 97.08272445674099 79.79266767380372 62.50918166797568 45.23979799732764 28.010612357096083 11.011949788411684 7.526302107159369 24.305163246040415 132.76768104539374 115.63008417749111 98.54992532052694 81.56329671848175 64.74385792994707 48.266707831742515 32.654175956492026 20.04064637479442 18.32135322758902 29.469113293582318 135.31513293717018 118.53317485781113 101.92522169880333 85.5926225290869 69.72913437855395 54.744098017878706 41.597948162354925 32.597104960742044 31.519234593065814 39.0264267369476 139.23484336520684 122.96884267917702 107.02819611074236 91.58295193909092 76.93206899353525 63.626670698713674 52.69598694195591 45.870302882165774 45.05558971328363 50.54336230925123 144.41506467721595 128.7787605079661 113.62624814779988 99.17951520784693 85.79583360880264 74.05383684760622 64.85147106149753 59.381417175794745 58.69658399651944 62.95333271573169 150.72581735225157 135.78656483119482 121.47591687890257 108.04394289442962 95.8607157976988 85.46196869610529 77.56872679856357 72.99831973943172 72.38294009279933 75.81895127384121
52.96948600842119 28.043983982597666 48.62455492487555 94.72444211634777 83.16562829376687 20.492294203221167 50.07647633798511 25.637100121278795 54.77415182427928 14.378519589975443 74.30895761529018 13.096013298263287 0.0 79.54091277049466 69.4827852702275 43.49947011449367 51.21786126090855 57.569581830897 10.895199242081599 86.36698618532364 55.619887193029214 32.47224979104511 41.74746765626812 44.54284216504378 42.993271826442616 3.7783962582297685 12.597729106509261 23.064128868036402 76.45668582504442 10.513007567218661 54.34989427231871 22.17702827188728 14.1942123594815 38.041315171874075 71.59318271620789 39.28497240179741 55.05691451730654 32.15910841056701 6.595863747253374 68.48057264814152 139.1483657282304 123.93130290502543 109.33600694347233 95.64753739276071 83.31407339181503 73.02542476612041 65.74864957556025 62.54399732620616 64.02587526884702 69.89683990123346 133.32725250204334 117.38878265996951 101.89601705063923 87.08715318184487 73.377436384164 61.506309058654985 52.73050256371098 48.7512841906303 50.71066439031592 58.00997516474229 128.77926741163424 112.2209136625378 95.92536078500497 80.0532563404738 64.91594942970065 51.16976412688001 40.26557663973384 34.97136249001005 37.72775314879124 47.14316654472519 125.6428077573866 108.62415194035334 91.71155354382513 74.97681739855378 58.57259313196678 42.87989750955507 29.074627769428357 21.22954956486754 25.588376166287233 38.177842267826705 124.02505383359491 106.7574656153209 89.50314126670465 72.27158137497354 55.08415378408082 38.00078772368077 21.27367112133902 7.732505686195371 16.301151838003126 32.71661358016769 123.98549115694284 106.71171198964507 89.44881400318201 72.20460213782069 54.99665631364971 37.87444037848026 21.04822212890728 7.091929786622833 16.008643725047683 32.572553971689565 125.52561252125287 108.48919558401586 91.5524073038991 74.78296980543949 58.3254097959813 42.543223291461366 28.578135583461513 20.54763694657193 25.028234057145514 37.80649654776114 128.5886488514259 112.00312147542482 95.67165562818185 79.75048604757244 64.54395574301418 50.69923357565073 39.66875611259355 34.28579884002973 37.0962215989245 46.641732128658596 133.0694348907018 117.09722172563735 101.56154024993126 86.69738097968364 72.9165795177523 60.95835921086608 52.09335693014283 48.0647105930286 50.05414330649276 57.439711084713224 138.83070357791726 123.57616739240736 108.9351590554496 95.19119418144402 82.79222706072379 72.43229331451417 65.09236675188814 61.85701371347395 63.35817960954577 69.28868986340494
27.74808999105473 87.6707687526857 38.40201619656027 37.63843243600098 7.55871275052025 93.53304075074962 48.6246825784047 54.7796609301824 30.731993571657302 79.20180579030743 7.13682451241371 85.2327138782038 79.54091277049466 0.0 40.08786836506304 49.96973793650168 32.5766351316524 35.67640423935194 74.64906338632294 14.683842258211179 23.982699016686784 48.068766076000976 47.58226511980625 49.98220959592238 36.81686236334971 79.9174273803508 90.46224330903922 59.33044996429315 3.7739135137287247 77.46906478445422 30.665462146451286 83.9365003240756 70.59218771967232 42.84432386004242 33.949390039052204 44.11887494535076 34.43053222357352 48.135264085579976 83.39610666678037 35.907373527609444 63.835369839709394 52.34418978463198 44.761350545226605 43.19661257445761 48.239203041170164 58.19620794355616 71.03014194481521 85.45447938505987 100.78868768677053 116.6745714386552 55.22916799051063 41.471752199819164 31.43661839851903 29.24594389631663 36.34692565659065 48.84242302765925 63.62998571369633 79.43977208398488 95.76684816580722 112.38598906616869 49.27418211096885 33.1728175419335 19.277944874886302 15.542040647839498 26.649266976252477 42.16069694883473 58.68200608370417 75.5535825936991 92.58413676971352 109.69965111123759 46.98952413309301 29.690264659182798 12.398461787264619 4.964423000573578 22.232470367626483 39.530160427784246 56.83043225355461 74.13147832523997 91.43285913240203 108.73441488988416 48.89248607034645 32.605786715317016 18.289674037997667 14.303836597921485 25.949952260791463 41.72424977352939 58.370700971382725 75.31319380097071 92.38900532520304 109.53580312070666 54.546511099733024 40.56241819221198 30.232557651206513 27.95380458508874 35.320429152944136 48.08700569193998 63.05471745514464 78.9819254404516 95.38921099963417 112.06591131917526 62.948765598058884 51.264225754857 43.499421567939706 41.8937178331381 47.081552583450325 57.244796060980114 70.25642917896496 84.81550617826724 100.2500843778412 116.21184891913572 73.15829954886202 63.334481402136426 57.17582191536555 55.90698547277474 59.83983433604643 68.07876950831458 79.29268741628727 92.40476196013344 106.71760924544503 121.80868010011069 84.52260762834375 76.12487848816711 71.0254368868837 69.94939514303125 73.07470638041383 79.90993167304197 89.61010703513809 101.35598167237566 114.51981659619828 128.66713410791692 96.6350081710461 89.32646405841582 84.9634541498911 84.00618360681219 86.56770882111293 92.35570648312991 100.81598986376915 111.34105301558692 123.4037087873007 136.59721658499558
29.45789279314082 64.02421854769139 54.52747370315396 76.84340023671429 47.63870030102503 75.00382805529117 67.07752984050512 53.52801836456812 50.501095922884886 61.949026269463225 33.45936876096732 68.73752372745368 69.4827852702275 40.08786836506304 0.0 26.259869055126916 48.948005324777185 58.872566482756625 60.23926752950609 33.19635723933488 36.71593520276394 40.273308790439245 60.082559565317275 64.88482504876204 36.08224981109472 71.69713504033406 82.0750940749017 59.25017570628033 36.74766114364686 62.44033099459225 22.033986922135348 62.77764765364262 67.73826168052028 35.79168379920677 6.4974811019068275 32.01254777343527 55.489877780423335 49.321513000856925 70.2065716231232 4.3247937141032775 76.01339501538371 59.08216477965514 42.45092268635657 26.68655368156241 14.865265772526914 18.124369621987984 32.167096395504814 48.37007417247801 65.14076088734762 82.13212557272789 74.7261081133949 57.4242566008622 40.122473283105236 22.82091326723696 5.521676027554415 11.785471299913784 29.086412036795704 46.38809114840421 63.68990688811303 80.99177169469297 76.08773377509479 59.17733905997577 42.582676049082515 26.894678932680634 15.234035066337494 18.426624976843108 32.33756029442259 48.483066298141715 65.22430715345675 82.19808625334107 79.963049484768 64.06196929070214 49.11712771939849 36.32847727295417 28.735587450898937 30.502777102304947 40.42047173625601 54.18412460681459 69.54663099661285 85.65195914878102 86.01291041978274 71.43858897773656 58.373179556766004 48.063385735272426 42.561189663093145 43.72099659442881 51.09110569703699 62.51225063845266 76.18376952287952 91.09806176683117 93.81750011888484 80.62599722206981 69.26815735934645 60.78076929864856 56.47321759870591 57.29611498419554 63.048896703395016 72.56845082778428 84.59252231830293 98.20543622992645 102.97852670155523 91.07773733495 81.14444480685084 73.97551633415657 70.42032746301402 71.02363995469183 75.68607371327612 83.73228460389838 94.30004572999088 106.6423516842757 113.16693831620346 102.40729843246322 93.62922841511322 87.43162387017499 84.38497549634789 84.82946495540033 88.71263133201924 95.61643472218464 104.94642927501766 116.11925870841512 124.12988680064284 114.35393169852641 106.50859521692135 101.04457570033917 98.35953418748429 98.68057517406233 101.97931227335631 107.98319596334821 116.27393238483107 126.40233524820253 135.6796168898588 126.74311810742833 119.65504310808336 114.75840928339107 112.34014183925268 112.56009169843074 115.40317510931567 120.68414649209451 128.1018556073327 137.31044902241302
