0.0 31.600012948738726 30.078568884004525 60.72099711995726 66.31424844128374 60.7823046199085 63.45821755757041 55.74495519563322 22.673131300753205 81.11541945250589 58.54641167230834 63.299511886250365 68.89706584801063 33.855541864911004 51.77818932118582 37.52005137340038 62.46970509867047 87.44657327734335 66.54094458341059 46.30364741274519 50.06180116173203 38.56747397303453 45.46005853803561 59.89290736459658 65.2264407508025 58.217414538925944 42.223762126769486 54.617025198545754 5.134189830289992 80.2906450408017 74.9688428574525 63.862864951714435 69.86480417835418 40.49129717230586 62.407669781857116 38.864567573555675 59.42835484156847 63.891173945314755 62.3984108313986 57.623694204850935 79.30648755831467 62.861740543164814 47.036040630802255 32.73974726837522 23.023992335526334 24.22867379455685 35.25144370838996 49.97010278255615 65.95505514768627 82.47326030773486 76.57048931968667 59.38915003463815 42.30621399389702 25.520063413792805 10.556743071603734 13.051026986665105 28.773722039810337 45.653457132298016 62.76354443243258 79.95623906107738 76.39242872804887 59.16045239113871 41.986051397789645 24.98822365704536 9.20367077834057 11.988211491441179 28.309720917677073 45.36382707416286 62.55419042634056 79.79279477292373 78.78965258541575 62.21143598697983 46.1673890649229 31.484988345152832 21.21067659579473 22.520940139201453 34.10578133395595 49.17242650690456 65.3556605755099 81.99700508199106 83.54072711941072 68.1026928205594 53.810857343989035 41.85627651606148 34.741838128644865 35.50705093963207 43.740301020957766 56.25286763751184 70.8114695404494 86.38779564500702 90.2747105126776 76.17801623571387 63.68170251546573 53.91039409355196 48.538687929301986 49.034479084191446 55.24000661473737 65.55332791735684 78.36913646105867 92.65477093180033 98.58602060863485 85.82299386388901 74.90436441699882 66.74156170358621 62.4251794209139 62.75400154665398 67.66033632622907 76.26579987515413 87.48553061131315 100.44729273939535 108.1113823168558 96.56833221165604 86.95688482492051 79.97650957560118 76.35227293795239 76.56227736489437 80.57654920266552 87.87527229515027 97.72528799429122 109.43987197890438 118.55841528817328 108.08622331118502 99.53813003266218 93.4436772527206 90.30103063902725 90.41850075347061 93.78383789655214 100.06990082203384 108.77148375287818 119.36146837110688 129.70447257111363 120.1545638997441 112.47065726820496 107.0553070478047 104.26259774642476 104.30340508272036 107.17449246974354 112.65968161416993 120.4022275001433 129.99942081398913
31.600012948738726 0.0 18.312756972689595 31.286455120825902 60.67529632871924 54.17103172634774 33.666048519053724 29.405752770335223 36.26610617749942 50.570995161071295 30.789778327650495 32.25069871069815 41.366874793655114 18.90531502082755 21.48107445249708 58.79910053053072 31.09122132442563 61.27841698960561 35.17573350857876 70.64432643489205 18.476574004784517 7.044762481396094 22.60410521814965 33.82738929800679 63.76263600667875 52.28521051478895 11.147597709713514 26.225608012463717 27.85484467954908 49.43428964992563 43.83322706380516 33.9567340187081 38.848382865619826 16.554903046074248 31.497139039874998 58.51832915850579 27.831741927014566 34.453200634516236 31.475464036751216 60.934170582000796 106.11277291028993 90.96009643759626 76.72196738297602 64.01159254778776 53.92040660362063 48.12524371503416 48.201353544927656 54.12397297957782 64.29728598594578 77.05569469951581 100.52844093784954 84.4101315767128 68.86857981309852 54.400370913718014 42.12632814672299 34.47553898437984 34.65842106899902 42.57414252010711 54.97833363434627 69.50816372622211 96.69148482176776 79.82362665057175 63.19091098333347 47.04341414952763 32.12142779366678 21.194366159547823 21.571460661213614 32.86588501719406 47.89276151579802 64.07790990639825 94.81433854198025 77.54981049207086 60.306723252280776 43.11081162969202 26.055646934769587 9.897719074865261 10.758549923583715 27.059959310931784 44.12992009099073 61.330023189624114 95.01325826194595 77.79177748463167 60.6161307718023 43.540593038418415 26.757511868685803 11.612876798857725 12.347738277379781 27.727020043029096 44.54011570756303 61.62442243860759 97.27550593209212 80.52684921178991 64.07288049740681 48.2162396726644 33.80811593140156 23.661843107442348 23.98933340916192 34.49354428519822 49.01869295527624 64.91972814524688 101.46313123468155 85.5161113815216 70.21360839580507 56.08567994172335 44.27147363288394 37.05442555673649 37.21296443042513 44.66862638035273 56.60808101608486 70.7980980145058 107.3509952588616 92.3950451396206 78.410164192255 66.01639667741664 56.27500965268865 50.73746241409384 50.797684718654644 56.437759993397115 66.247551147478 78.68263221655586 114.67743467969582 100.7773441783343 88.0904403255005 77.2170431737552 69.01964458953161 64.52630800906942 64.51566487810817 68.98978987803045 77.17256444757018 88.03585520926013 123.18594589555437 110.32075197874903 98.81924493892623 89.21043563573765 82.16108741821003 78.36498292559297 78.2967471613862 81.9656909146909 88.91036026224226 98.43989861952504
30.078568884004525 18.312756972689595 0.0 33.86676973812224 43.5653898904477 37.155004009895116 48.9563824402583 26.916379484235893 22.359800269811064 54.63832452922735 47.75901893921668 45.64669693030429 58.01999155047385 3.8247790225010228 27.19834986329509 44.64990688783605 39.259595377791975 78.08777938641003 47.36872139947954 57.25753856138594 29.928830359627117 22.77037557042256 40.91469552736702 30.68730693879162 45.852215560738664 35.02228460612944 27.094419009362973 27.31634890192495 29.112312810014323 54.4358259912781 56.300321634441865 49.102520994028716 51.894249641391795 12.68617497919811 37.738368452835886 43.67055421522307 38.309223799936056 36.79901107512063 45.219881044676654 42.62281598301284 93.0973337991536 79.33596522480318 67.23077797730849 57.831305956141534 52.60839003220951 52.81596129083007 58.39613980795416 68.03964163549598 80.29555924934277 94.14914310850341 85.92097723925968 70.81931910303224 56.982840277354065 45.57870899274897 38.81365533433517 39.16998170812808 46.484207998537826 58.18919331866825 72.17956320460492 87.36419729565277 80.60310556276164 64.29521940708952 48.67854368872134 34.699232809364545 25.242497189251843 25.86583337229629 36.05010086864707 50.2880599558221 66.00665830392714 82.36248946930311 77.52718936570872 60.412795183772445 43.44720544002642 26.913316533824865 12.637510072316728 13.921200468524829 28.750758108622847 45.366567743568496 62.35669934748611 79.48146668157315 76.96255366324202 59.68982015504873 42.44087795688467 25.26450358104402 8.606723446176563 10.419681549779032 27.235590071744216 44.426326624539506 61.67927655202037 78.95366579485223 78.96309642964164 62.236507812312695 45.93808046587052 30.756196033239068 19.501076312057474 20.331069464704395 32.328390296833 47.70334661358647 64.06875808390942 80.82520814690797 83.34427654324215 67.68475608505021 53.05556125621377 40.58654400612789 32.83825709136586 33.28878645357661 41.673061785996154 54.44128446290048 69.20817458613179 84.93761242965948 89.75810838199871 75.40818533279814 62.56975357628664 52.36656340386152 46.56439751253428 46.82875742083957 53.0690604811478 63.54857269803386 76.54554367350258 90.98748635449736 97.80543703231588 84.78721443073532 73.55634528403758 65.04533892028553 60.414834951847034 60.56157554636291 65.45343815605447 74.15724296064187 85.51688010955893 98.61882612655646 107.11864153827268 95.33434151691762 85.44914728171086 78.18672305193105 74.31996598533708 74.38035909239939 78.35882264017788 85.711487820611 95.6634726267001 107.49524471718432
60.72099711995726 31.286455120825902 33.86676973812224 0.0 54.77060805205629 49.18019410709723 31.165835954044184 9.577599723817846 55.93503373748793 20.80312575416141 35.871034150651 24.44750803025962 41.96903012938463 30.507839552115428 9.990719997031137 77.38327209171057 11.113597494421661 59.47755539671346 22.908313401930368 90.17977101830603 17.106249306133776 26.240864020961798 40.83149396814594 10.132575185135206 61.432977502762384 48.6969007908567 25.703960222474667 6.563183018537326 57.91947640114124 20.597432104006774 29.932787283065572 30.861592695829525 27.732926951494232 21.246580204125106 7.221127996282758 75.9122687965084 15.141748846458473 3.194379597963263 25.008962075971393 64.00236095260243 125.80814999166155 112.8035313543013 101.09533166301874 91.18431224304639 83.71125869388285 79.36784098787426 78.67411805883496 81.72308633381408 88.12713626174511 97.22553558261843 117.41223305763029 103.4017926533866 90.53685477346062 79.37635993855137 70.73177545338575 65.60529473765318 64.83686014694078 68.57313808706282 76.15395720311567 86.57521715393875 110.18371418546899 95.15399955817712 81.03590171963702 68.3962870250036 58.20642375226582 51.92903262473155 51.02903162738621 55.767380111540206 64.92103107858212 76.9297136618524 104.3655562636958 88.38392879042411 73.00668022034868 58.71063617003692 46.503862169033155 38.4315826933866 37.283653986454844 43.61034413337569 54.88497363426947 68.71364857666613 100.20382084465457 83.45210741664478 66.98069710517947 51.06157429203354 36.42617171460272 25.399973120676318 23.709962367030137 32.831037579227335 46.82203299479903 62.49351607270654 97.91002083810086 80.69635594374877 63.53065994753051 46.46612586426121 29.677772170447962 14.182830390191281 10.965783303692547 25.259796866983134 41.88770082933804 58.90513417758655 97.61595791301288 80.3409499499843 63.080700079723094 45.85187771863854 28.7111153074695 12.040559711708221 8.020941231723787 24.133159809972348 41.2213147617028 58.43541445947174 99.33939656768906 82.41695323709322 65.69249964451718 49.36766853371677 34.02265042067319 21.83178062239447 19.86012102071625 30.1816836357459 45.01283711929106 61.156265764488005 102.97906942421957 86.74995590087673 71.02907354914385 56.24421802234158 43.36361567012772 34.5847162550476 33.32432091351371 40.29424849411103 52.30153812738724 66.67820971385515 108.3419761454227 93.02504900887675 78.5368613717813 65.43027088769817 54.70744927543329 47.99367216233937 47.03810192509953 52.15818633257496 61.863338690498324 74.37991563516395
66.31424844128374 60.67529632871924 43.5653898904477 54.77060805205629 0.0 6.508280727310469 83.28017892330088 45.59294677879436 44.99335908219686 68.43828683105158 85.18054645586858 77.55388604260649 93.90849124737969 41.91459822517589 56.38293041590598 51.35490197543843 65.515165581422 113.02774519754108 77.07545578083813 61.50787135066154 63.837553734542766 62.70863603275968 82.40270519774185 44.851949982816876 8.568028131781569 8.561547547193888 66.11375334958261 50.751964022902136 67.88574964601679 70.05793734230427 84.66624719804524 83.16510475086379 82.03884033884857 46.16490276323167 61.89637498869317 48.26284633650834 68.06307016151403 55.57054819222338 77.7353705503947 17.92443345779192 90.78974008655244 83.87261702427857 80.15695400469674 80.08958154217463 83.67931211101903 90.49196586685581 99.870150217474 111.16645325304735 123.85716030540607 137.55687694082866 78.55129283092501 70.50971557643044 66.11827929072717 66.10844274846671 70.48204047451725 78.50988687238434 89.21086886791318 101.74501654350313 115.51714218256046 130.13479305438946 67.08667426190834 57.5288626410986 52.126948945588445 52.18781632136306 57.69417765101267 67.3228690238395 79.59158151815889 93.46641963548848 108.33200794797499 123.83205113323861 56.866065784515705 45.26024428138936 38.23528137189932 38.393886562583035 45.66126436912111 57.397895055181955 71.4338323501965 86.65894764001712 102.544920703667 118.82699639463516 48.67962977147941 34.47313432508175 24.612975856462878 24.93814599465676 35.16723795828559 49.50019273079805 65.28793525555804 81.69131443556503 98.4029378278558 115.2888392112699 43.68643849678931 27.005631409301884 12.199038647264421 12.924478977639081 27.999660115668426 44.71725587693532 61.7575758636138 78.91182786341616 96.11903127757918 113.35507473210711 43.01338933024542 25.90786884362728 9.539242886866997 10.463752777294586 26.95731014043624 44.07512335006727 61.29641023038131 78.55314631781297 95.82618204963984 113.10805018421844 46.84706441608931 31.84554032545912 20.792816996368785 21.1956562646186 32.632533707180876 47.741182155667644 63.97085662141608 80.64758102937246 97.54232907108876 114.55868103724713 54.24008992414036 41.92924459733156 34.24680894455814 34.44320638612206 42.409116735885156 54.858363731840214 69.41941467012977 85.01398924674892 101.16525972247152 117.64416413145182 63.96999890269627 53.87927623504974 48.088404396987386 48.17380459525198 54.10765974251592 64.29047222001968 77.05578093455865 91.32701962782 106.50050813967542 122.24072371691177
60.7823046199085 54.17103172634774 37.155004009895116 49.18019410709723 6.508280727310469 0.0 77.12859053001698 39.83811714154395 40.09507672902311 63.893641017395524 78.85258491034664 71.52516971259493 87.70097067028635 35.430631639786604 50.26685700195558 48.91455011099862 59.74975423860699 106.94633346117133 71.19930793997877 59.87838335166073 57.57300032091381 56.22142884112767 75.90510959086166 39.443033718208184 12.353844741299985 2.6229646653818426 59.65788225310573 44.85182830474003 62.10724811133528 65.350596026265 78.96491047926163 77.02985195226394 76.17387927701584 39.70885498172386 56.224638666990295 45.96843862505112 62.08595338638755 50.18467339491525 71.66709785375116 18.445866912715253 90.84650553609922 82.76674333481442 77.7577324618141 76.42565691182563 78.95683651661923 85.00687003069744 93.89802337235461 104.91041204151422 117.448862217786 131.07616425972697 79.20765256661068 69.85806439653507 63.91510481905316 62.360457131606786 65.50730592967906 72.74807333159774 83.0183819606234 95.3441966748097 109.03061249787169 123.62656514326545 68.53318214874497 57.535254761791904 50.224657354032736 48.30557993647416 52.374078326332956 61.24835743826115 73.20096090859965 86.97184744228234 101.8259593491804 117.35268180658579 59.34597300009453 46.26905364532269 36.85666862550486 34.27405144102318 39.87123104794938 51.02379260147055 64.92955906674429 80.1684211686846 96.10833339282742 112.45157013152127 52.43387567856873 37.03680860067049 24.34852556477372 20.31471969430572 28.831174248814236 42.99415092884105 58.8597405092667 75.36015342813819 92.15502172823929 109.10845507027395 48.774055367536796 31.67042951124549 15.027879589186709 6.882706993480738 21.62451334157805 38.55620481909672 55.71584796027836 72.94274418267496 90.19836791731679 107.46888225003896 49.099299989467895 32.166804705460095 16.043025495189838 8.875093560004812 22.335379579007377 38.95746851062427 55.99297099770389 73.15363645173822 90.3681886929223 107.61076993368019 53.336752927751306 38.29864747081449 26.21973975826163 22.513868561104065 30.413565589801227 44.06593736522772 59.64343945092121 75.97094229259406 92.65278973506555 109.52719291602563 60.672120102460696 47.95059085938581 38.93737639223425 36.49228010712284 41.78469630252881 52.52563463031541 66.11074687235576 81.12352631081212 96.90267953166872 113.12797704276758 70.14000419253499 59.431555184611135 52.3765254143142 50.529122065109775 54.422284390387915 63.00062697480297 74.66641855209737 88.20300572319621 102.87452297130969 118.25931605144582
63.45821755757041 33.666048519053724 48.9563824402583 31.165835954044184 83.28017892330088 77.12859053001698 0.0 38.55213067757666 69.59813653416468 36.37781100896416 8.03778263708108 7.020802278412549 10.855782664698669 47.536405646051904 26.904365437286323 92.26469545970309 20.524486094185235 29.93193036967975 10.532039670026103 104.2678992352405 19.9165847462028 27.03767057450674 21.872935053668773 40.876312225247844 88.76843890879631 76.05806630038144 22.62770251758888 33.02977304501979 58.882976615481084 33.792252606937886 13.891553112887673 0.6182910980120012 9.274363951603526 39.166283994931 24.49507650256387 91.79096300193136 16.05140652566584 32.23672017643981 6.210717922900929 88.9155270815456 139.77880060047377 124.53996348996534 109.91354030355478 96.17933564905606 83.77730777551997 73.38599606971779 65.96261038871312 62.57253350117438 63.86135261340911 69.56951340808716 133.98623701297467 118.03249440688487 102.5169728836384 87.67263934221687 73.90504459272017 61.93643120607463 52.99989973853645 48.790974591827656 50.505752133497055 57.61774694592705 129.4623040649608 112.8951237488785 96.58590679481497 80.69122287657198 65.51348823150633 51.688184958818695 40.62052955887479 35.029901687547834 37.45488267435108 46.662084108656956 126.34341921980396 109.32125700607115 92.40306441095453 75.65862024692186 59.235451790681665 43.498989713759364 29.566820754298536 21.32939518752392 25.18731297246537 37.58416949508012 124.73506871317417 107.4670458394904 90.21201617287929 72.97919654542645 55.78917225406968 38.69901418791915 21.94331340948957 8.007349974124917 15.666513644741155 32.02303845522366 124.69573899615916 107.42160333347206 90.15812661227126 72.91288033199497 55.70279916628663 38.57497821379748 21.724857790478605 7.3907604768932424 15.361986441427964 31.875873431412842 126.2268972586913 109.18718852233344 92.2451421436649 75.46656164624007 58.991093991127656 43.16720954431527 29.078830022131 20.65091516447428 24.618160062729135 37.206973522228026 129.2727297679371 112.67867710320483 96.33399063488105 80.39091426017823 65.14497912905564 51.222508550251476 40.02911846449879 34.34564214534427 36.81879696836834 46.15552353186399 133.72974005971668 117.74258425869097 102.18459381020315 87.2855576229283 73.44758825446277 61.392427586464535 52.36615704262408 48.105103012802054 49.8466624999661 57.04367522287924 139.4626363192115 124.18663778444152 109.51488449622148 95.72561671668323 83.25846691738069 72.79591870127979 65.308606588128 61.88600211988687 63.19205069740199 68.95859724018254
55.74495519563322 29.405752770335223 26.916379484235893 9.577599723817846 45.59294677879436 39.83811714154395 38.55213067757666 0.0 48.16774264905876 28.68074959559175 41.980129540545505 32.324514800001836 49.391739661185916 23.232316070305117 12.456713984049893 68.93301040368776 19.92631911725391 67.79813173911019 31.519069996863056 81.74627226947622 20.94893152373948 26.284633996420865 44.02084378147803 4.429194896174614 52.02049506589465 39.247584786108945 27.35173569660299 5.569813321044249 53.604789681742325 29.052076747473297 39.12679336760392 38.34627073174242 36.467713929023596 15.260628927921157 16.407443065768543 67.29107237162707 22.751304665232254 11.431045159456499 32.65770688837787 54.42483487477248 117.17544466591781 104.63632848918051 93.62757452842969 84.74767991168208 78.72039669075414 76.22543884140146 77.60424772372409 82.66320868253763 90.78919506813156 101.24640674437663 108.41669232739727 94.77289798304868 82.51254305301295 72.34246251360332 65.24751762918751 62.28755721631619 64.03854748678354 70.14859868488558 79.6204168761403 91.41493434982044 100.8769253355646 86.08775730745973 72.42065989927951 60.63913036529907 52.03996937011946 48.35198881231827 50.6593857216234 58.254047333847666 69.42187572558801 82.72824038371064 94.84741457758045 78.97077319916046 63.83918689050928 50.13190941586122 39.366009402511594 34.42186582235535 37.666361556987304 47.44841973146868 60.68490811446057 75.58221620460743 90.63018260626146 73.87666877283095 57.44915952620706 41.734412936802805 27.96118859665657 20.50869240009804 25.653389870714676 38.656149723221915 54.122185493943746 70.4473957324155 88.48479577799232 71.24079315655975 54.03383691816981 36.9157669763061 20.114809659237096 6.71942561806482 16.864435670298974 33.501956616736635 50.587215782757674 67.78248373273911 88.5619827966216 71.33620228098691 54.15898859909679 37.09786607724412 20.44555257511875 7.6487191038923745 17.253942128420938 33.698775426167465 50.71715432361364 67.87904942876361 90.85607818390936 74.15235284993683 57.80162003014447 42.216045264710296 28.671815991744253 21.46305992974354 26.4190122004954 39.16601619472781 54.48578528640879 70.72578120282995 95.20693063360547 79.40023789477232 64.36725395938612 50.799571399574496 40.208916848949784 35.37831258958551 38.53829883329609 48.14024740262212 61.224781181315294 76.01428621660723 101.34994485603897 86.6390284845444 73.0721072695244 61.41210088221322 52.93449800276388 49.30900215006886 51.56933175350683 59.04333943961058 70.0823626668785 83.28061510164063
22.673131300753205 36.26610617749942 22.359800269811064 55.93503373748793 44.99335908219686 40.09507672902311 69.59813653416468 48.16774264905876 0.0 76.56147816717234 67.04388358336216 67.12325368389398 77.63207050985915 25.44950666467903 49.54949079673938 22.69601406684291 61.59450268431461 97.50437602654955 69.22359407219254 35.04622867733011 51.631371113425445 42.57154413816641 57.123385370663044 51.389471656976525 42.96248187151327 37.472567091406994 47.00448335476441 49.37450183296633 25.761396407835953 76.53050418313605 78.1624295590264 69.82976030341649 73.55291112205417 34.98028436988943 60.088315185778654 22.252883133662067 60.39682351757798 58.745123885666956 66.56367559939572 34.96627314209715 70.87696246744625 56.98564124204793 45.49603718790296 38.61504997796154 38.87237274465688 46.14875116185505 57.853778595315205 71.85484503209237 87.05104481948744 102.91431701334582 64.39002903297332 48.72277902672697 34.64755968573305 25.014164530661226 25.488709286162397 35.6700296313058 49.93734640148017 65.67980630460605 82.0527037069246 98.74293014576902 60.57729514501789 43.584648358706175 26.98791586097355 12.481457326491439 13.488480121076831 28.404305298136826 45.05977327361556 62.069919606606085 79.20656422901149 96.40227102324894 59.95122303681031 42.714250633289765 25.565186883187568 9.02019197341475 10.385685136705446 27.075349636464278 44.23799464002505 61.47877106172273 78.7463772017601 96.02634046549139 62.60749383131658 46.35263932187198 31.243367210947397 20.060925990134358 20.674753754846357 32.4216296383027 47.682183552253484 63.990086126881934 80.7129701536161 97.63784058319078 68.16341737501655 53.58914854459899 41.183135307776716 33.45164935293617 33.774005888018976 41.9650154492274 54.590750024066885 69.26720633366276 84.93791954599226 101.14179600273928 75.98551402961841 63.199571933673894 53.04032810432981 47.23420244817885 47.40850471341977 53.50481959743018 63.84879077809416 76.74160156035775 91.1075282215215 106.35127149842259 85.45362974582703 74.26788204474626 65.78608771406657 61.14405888457175 61.221549343252704 66.00193813855883 74.58638708870093 85.84112072003565 98.85829474709796 113.03062611529039 96.08227290737199 86.23440354669656 78.99131454930195 75.11038160525248 75.11456121948267 79.00323677643084 86.25260440472123 96.1051421267647 107.84976193990114 120.93647170235121 107.52772588472455 98.77307644577621 92.45920388923622 89.10647055183645 89.04996778167148 92.29574956068892 98.51796267249615 107.19956859975763 117.7980517784308 129.8448668707762
81.11541945250589 50.570995161071295 54.63832452922735 20.80312575416141 68.43828683105158 63.893641017395524 36.37781100896416 28.68074959559175 76.56147816717234 0.0 43.78675573262481 29.872549446134443 45.10069183624194 51.211376600530066 29.36872929445426 97.60986097130376 20.505943943234378 57.15311818316756 25.865024379298283 110.42332758562443 33.20535864518001 44.49341586573473 53.91537248298242 26.415226958030495 76.17303132051009 64.08228914155232 42.546123625190624 27.326722603684672 78.02469355926218 2.8322936844668885 26.65889587831319 35.81944517771863 28.271563140877376 42.047202982863794 19.121989038651115 95.9671965588427 25.49400267703585 17.844151171719073 31.034001241863404 80.71317780078988 145.84050956995122 133.26062946406574 121.84418386770461 111.9476822654143 104.00591633564528 98.49287460422947 95.82865286569609 96.25011023264159 99.7181296304405 105.93392129693767 136.8849632635682 123.44243326019455 111.07320208522037 100.17563998003098 91.27837751503215 85.01180089328884 81.98140712257053 82.54439211703168 86.63072757175169 93.78096812517353 128.845412763255 114.50532315348845 101.09643218657321 89.04043520720839 78.95948666310251 71.6916515214143 68.14305682485261 68.89085876161859 73.80457696023734 82.13995173712443 121.90334895548514 106.67112994607994 92.17229888840417 78.81265534272495 67.274332725713 58.64244441672419 54.320677211910485 55.32842759861503 61.40385224460111 71.26240581460054 116.25565095636273 100.19901185419113 84.63458652956531 69.89198924723756 56.61689454969003 46.095129891415525 40.53091307616243 41.94585192520857 49.747962134439476 61.554615124501474 112.09821285566723 95.36678807148489 78.88186993874031 62.83776523249538 47.68155062802682 34.60037568763623 26.82446498529737 28.993586228249598 39.50208044652866 53.65548316258326 109.60081622383271 92.43208526429916 75.32433003873818 58.331225303322654 41.59353116928276 25.616882422086515 13.45883854890333 17.457630002643164 32.048559962926824 48.457861965259525 108.87778965660166 91.57755312849281 74.27810571019329 56.98016613863472 39.68570615318652 22.402785696584676 5.246707106010652 12.324149396400243 29.579637854995738 46.86938112797796 109.9641490564277 92.8606486831294 75.84720515069132 59.001774919877064 42.52449667487164 27.095546690485314 16.084680373663105 19.544249646804616 33.22575665136999 49.240598850062874 112.80761722892974 96.19585491851821 79.87763101535623 64.07759986414864 49.296562829180274 36.78413848330172 29.575395448853147 31.544327901908755 41.40162635012157 55.06227511538253
58.54641167230834 30.789778327650495 47.75901893921668 35.871034150651 85.18054645586858 78.85258491034664 8.03778263708108 41.980129540545505 67.04388358336216 43.78675573262481 0.0 13.914397420818267 10.625064008005761 46.950359458371345 29.648318548688714 89.49426983797817 26.18845940109489 30.502808152576506 18.025357961368087 101.11493692441869 21.48560153646365 25.019111487795474 14.644596757459846 44.91408218046653 90.04942391714138 77.54422194679788 20.665133282878784 36.421910901059576 53.74818540032469 41.29861403246644 21.81797559334363 8.656073325824465 17.312134310621392 39.61263251840915 29.91369828465509 89.29057858109269 21.02967486877608 37.47830244360662 12.766589227482893 89.22989932534786 136.25957372169384 120.59524662209218 105.44408295575003 91.0625872623745 77.87832826829067 66.60609788553387 58.36445480060377 54.54489838577868 56.05873119174854 62.519723231065115 131.1880741641323 114.86108923614502 98.86624465474726 83.39486997426172 68.80101626003491 55.77778082246581 45.68859073499073 40.773021817214655 42.85016671829495 51.07386574728129 127.46740237005926 110.61242579425132 93.92011969087041 77.4956714601947 61.553873778531404 46.59280769663846 33.935381990776555 27.037763269012622 30.152631796648343 41.06131799970434 125.21808504056597 108.02473801331058 90.87261411642383 73.79046511426507 56.84141324024474 40.194185505831605 24.47267067116064 13.452265350585975 19.019149516501308 33.78173212822063 124.5199157351402 107.2183929792783 89.9170271546742 72.61593043206038 55.3153553147479 38.01601393602293 20.720996560846096 3.495094028675061 13.92067767631617 31.210069730301694 125.39881557344955 108.23322291706197 91.11921145038161 74.09253271575307 57.23118616392416 40.74096822422243 25.356594223261876 14.993325381940151 20.13343731378396 34.41835770020395 127.82224481506171 111.01928270799034 94.3967458934504 78.06996718664485 62.272012628946825 47.53311452416599 35.209374250472095 28.61315664387385 31.566359790685773 42.10542776207397 131.70493758120705 115.44837283952994 99.54480321593293 84.19449953278833 69.76363310759885 56.95542209373825 47.11242464816343 42.35499799928379 44.35105414512615 52.33345966977114 136.92275720553184 121.34064905958503 106.29187632101092 92.03842140218173 79.01188038342069 67.92187905774782 59.854692827602626 56.12918169842635 57.59413172143312 63.89351426626749 143.3298948067273 128.49490287948225 114.35519679743814 101.20262670424526 89.47358223772223 79.79825709214528 72.9978862824528 69.91645456529842 71.0395628285717 76.18148072430641
63.299511886250365 32.25069871069815 45.64669693030429 24.44750803025962 77.55388604260649 71.52516971259493 7.020802278412549 32.324514800001836 67.12325368389398 29.872549446134443 13.914397420818267 0.0 17.579032013228648 43.77602241727014 21.348230714727023 89.80734754065664 13.597724882972448 35.50691141577812 4.333981358715113 102.08895509350937 15.740436970725954 25.25009666055469 25.553532845229622 34.34016702623524 83.37350115120019 70.59669592878736 21.17877346848129 26.905950974398795 59.02159020370763 27.397924350948742 11.670151244976344 6.59920693843637 6.59920693843637 34.82160602656913 17.599203000971652 89.10398377755267 9.573699058082024 25.33741681083271 1.2382804556987004 84.12319730202512 137.81718373442104 123.02395114039277 108.97201560156378 95.98749409912047 84.56352093109851 75.41266691498207 69.43949021017058 67.49301060636265 69.91038099935827 76.27783080862666 131.3933826867654 115.81650505271529 100.80379016882442 86.64897474090401 73.84703769782395 63.225189378677314 56.03716275410336 53.680555972759194 56.76037360738251 64.50253775625869 126.2116292630696 109.93058979959319 94.01489021455116 78.68653243466888 64.36650516770317 51.89633305877628 42.919897239319006 39.87118721368261 44.0001290606208 53.67510541745754 122.42980970570645 105.58753155238811 88.92190735023674 72.55477011965085 56.74499097142199 42.124857347720074 30.458553573985853 26.070167589327905 32.09819408506805 44.493199052988544 120.18021184702744 102.98278018377907 85.82735915991483 68.74540724713198 51.80964510615968 35.23152715589777 19.924722249396904 12.306156141100349 22.463331731937817 38.16377781748985 119.5493966013585 102.24930785374191 84.94996925597896 67.65195627487523 50.35663501711341 33.06822922201731 15.809442391073151 2.2544943463010254 18.945728067361202 36.214804575630936 120.56278528723388 103.42694429645077 86.35735550304891 69.40292014887004 52.67494882448928 36.486265565557176 22.058044994514376 15.510627190786462 24.358041701618664 39.30345109573049 123.17979029822533 106.45226670988471 89.94230836022707 73.79608373437812 58.316502911930115 44.20946103820798 33.26932182696055 29.290416530389585 34.75224629275994 46.43509599880239 127.30151496152338 111.17449656493527 95.45976189959593 80.39942834482109 66.44000673874066 54.435148515659606 45.94345191360832 43.09432253753602 46.92701756598344 56.08808966004871 132.78785833559212 117.38896392827479 102.59834340856243 88.72073588483707 76.25624938237495 66.0103011072067 59.14728923092392 56.904670136196984 59.80450511569617 67.18417871631054
68.89706584801063 41.366874793655114 58.01999155047385 41.96903012938463 93.90849124737969 87.70097067028635 10.855782664698669 49.391739661185916 77.63207050985915 45.10069183624194 10.625064008005761 17.579032013228648 0.0 56.98929220661078 37.60715756728898 100.10897894457176 31.17415546056274 20.067878502170462 20.19646701338034 111.73951422116963 30.18760217476177 35.40039532671138 23.96857962882635 51.72736363425574 99.20692870681795 86.5542658044257 30.984711878062743 43.8580041069408 64.02685359631536 42.358260705351995 19.26033511994529 11.116047653674794 16.84293012880289 49.14292575311534 35.17814980539615 99.88301902944917 26.889618104978624 42.91489999888112 16.96007047609488 98.94269522387961 146.8604324237643 131.14111974582104 115.87362533555539 101.26251968502805 87.63672644714562 75.53138974663221 65.79120714304503 59.58751650673591 58.065122022506266 61.572248241494606 141.8087903914868 125.48476299775278 109.4615112926991 93.89314757900367 79.04889542766537 65.42351697096011 53.94857992593358 46.25328072677728 44.3507235433429 48.92148176951537 138.00139320689817 121.18565012196684 104.52869516416649 88.12061892050644 72.13146258225156 56.91538771548287 43.295310053948754 33.29137179372277 30.6733768691837 37.04194528677351 135.5431901083448 118.39179314087588 101.29160487725605 84.27380370727998 67.4008234460303 50.81712554222792 34.93711111173535 21.39007841498624 17.122541098834073 26.97294218438038 134.5082088770408 117.21092111244299 99.91524089519898 82.62217777732019 65.33380993476871 48.05520515951828 30.80279739991144 13.676091356935435 4.896139739972629 21.438807250178588 134.92921903628545 117.69161324849202 100.47611921673318 83.29644807092339 66.18050327838783 49.19484517422874 32.5441176535712 17.2284480028913 11.542628467428768 23.84026316752163 136.79277188563282 119.81386590538165 102.94257190194206 86.24206850515222 69.83499319157708 53.98952483512914 39.38936320468476 28.05148301517604 24.919070788971286 32.46144024193277 140.04126484633548 123.49304711535403 107.18309508271194 91.23927562763171 75.892696109021 61.591424635391505 49.25456542248003 40.709055525951435 38.563565048433475 43.769581415165064 144.58133179244152 128.59554280980453 112.99807959039391 97.97458132127835 83.8341899993896 71.10572744004654 60.684246482199036 53.92431086288839 52.266481301648156 56.16439323975465 150.295910872223 134.95994520294477 120.15908220864233 106.11746090927394 93.17895807355973 81.86826730360994 72.9465585282181 67.36972508042166 65.99129912619111 69.06312699264294
33.855541864911004 18.90531502082755 3.8247790225010228 30.507839552115428 41.91459822517589 35.430631639786604 47.536405646051904 23.232316070305117 25.44950666467903 51.211376600530066 46.950359458371345 43.77602241727014 56.98929220661078 0.0 24.44411028415239 47.35635697677439 36.52152229562129 77.02331095806457 45.209651498471395 60.06429700577028 28.04761359535474 22.270424359790862 41.25112863716215 26.9265036677753 44.866281667103195 33.45757594243027 26.384845727341713 23.944660009995374 32.74457100259523 51.10469922498768 54.09688786774323 47.638120855063065 49.86218869916582 9.639706316234397 34.74991096370868 46.18897228794964 35.97946741406986 33.36954021003528 43.43812249832093 42.53511274079843 95.8630417505966 82.40328381780755 70.63694444704657 61.54309859374366 56.428949797521824 56.3879250646981 61.43018914240993 70.47294878229857 82.20646695317399 95.6455343147523 88.30633287143253 73.51840981978567 60.08834968653116 49.142323736419634 42.63837737324759 42.65910801372399 49.196268117858445 60.16187435216418 73.60254399780995 88.39639624285391 82.49459636808132 66.45938482695323 51.254766040976385 37.89409005392006 29.044498427749584 29.15327641367753 38.14385889252141 51.56262430848276 66.79194778341862 82.83920666278863 78.8148904596837 61.85462843711107 45.15435557333032 29.16417772950214 16.15225573378431 16.430281044553084 29.626433676333786 45.65314531124328 62.36510601679379 79.33042220605114 77.57127356953261 60.26940113178374 42.96757552168505 25.66589144143141 8.365227109801888 8.940339454262755 26.2411112257083 43.5428038946291 60.84463187082361 78.14650528225317 78.87907061624712 61.93601182325831 45.26526215926171 29.3348082425718 16.456931956699727 16.728504498294143 29.792075030020683 45.76030184511758 62.44321687600339 79.39154905390313 82.6171890812046 66.61080010397576 51.45004529171362 38.1565897563105 29.38457477101398 29.490521163044505 38.40101761431769 51.752248071861715 66.93774658928346 82.95624369283074 88.47807816986546 73.72366994866927 60.33816028806093 49.44605692600586 42.98646748162888 43.00540791641326 49.49544136638811 60.40560573727287 73.80095240072522 88.56087639697508 96.07395391764348 82.64743038632128 70.92030040258862 61.866617822856306 56.779978201675846 56.737567629532435 61.74978031247601 70.75038719937866 82.44329773245967 95.8481899922391 105.02896188238905 92.86136686022097 82.54740175291818 74.85721793889158 70.65282782462036 70.56012005727835 74.59442650895626 82.14995952880118 92.36662111047876 104.46654488459227
51.77818932118582 21.48107445249708 27.19834986329509 9.990719997031137 56.38293041590598 50.26685700195558 26.904365437286323 12.456713984049893 49.54949079673938 29.36872929445426 29.648318548688714 21.348230714727023 37.60715756728898 24.44411028415239 0.0 71.76747857119662 12.081785428793282 56.68041376764564 21.662004925293676 84.43044749175523 8.50548671169328 16.25137732426517 31.98015050545094 15.945585908269761 62.03962012407804 49.275965007578286 15.982315901463808 7.046132486264855 48.660941539253 28.52401508290634 30.257849759431643 26.782436527910022 26.580393192375713 14.83157512076789 10.810543407262825 70.63307825155782 12.235223588523317 13.078269691767241 21.42035576711659 62.90928867953295 120.25797096234217 106.49508606094582 93.91015737495466 83.04048705140922 74.63925140437071 69.6060610859358 68.685370778519 72.03504083072853 79.1145030022827 89.03848938621651 112.71525461150087 97.93875814288863 84.1306781935119 71.85151788714333 62.016200907555735 55.92921124466406 54.85292252124571 59.0619038893789 67.57568213588672 79.0147839599792 106.50959927579255 90.76231050611003 75.69679475264078 61.813573916572864 50.105254835287184 42.41297750968723 41.059593492642065 46.600699906220065 57.061946190995 70.27952498243643 101.88570746338435 85.31478617417835 69.1030980923147 53.577734773253034 39.55526807446404 29.280964345983783 27.364951767207888 35.19966433105741 48.248339084431635 63.367958396534306 99.06538419848054 81.94181644038494 64.91290320264135 48.079325165300084 31.7532801459989 17.42506462671326 14.060858437543901 26.277278936331825 42.213692353697944 58.92545325660301 98.20418385703196 80.90334180144933 63.60309191651774 46.30409795172709 29.00860686052195 11.732120692222098 5.700845460857107 22.936220723640435 40.22877579894591 57.52696917588384 99.35307723988876 82.28780870643497 65.34711530354996 48.66127831683782 32.62371910936719 18.958022096309037 15.912845982660082 27.308299927298478 42.860008571548484 59.38796121064888 102.44444245621078 85.97823146756109 69.91679560066825 54.61840214244252 40.94741656013993 31.127504207477802 29.32339745548885 36.73569494908419 49.374795729660946 64.22568916056255 107.31049484590993 91.69656641879648 76.80939342789824 63.1649442459276 51.75559951979754 44.341612725129266 43.0397466754731 48.34630912628675 58.48945251717879 71.43788310600549 113.72358990264605 99.09228490399069 85.46464066264726 73.40181557047269 63.797696699251475 57.88923500154614 56.8408198740723 60.90395659418157 69.18383412039046 80.38788296817133
