0.0 62.40804303275317 30.471466691193243 19.24937507146484 76.45732349225729 42.65645509536808 60.817021284233 10.436673627300976 20.791075334926667 30.167014525412085 17.59299336441449 37.273302910406315 14.182981275569913 30.65602417904176 30.05848114730079 41.798673406562344 24.138450041305163 46.27110322137516 63.38854819565852 70.81175743037932 4.221128688632422 53.79319496231249 35.593734402945195 25.713478256504704 71.36563674342574 39.551323902180755 50.585872215622025 5.660193547484767 19.97436231685197 39.19523862197127 13.17562694879525 42.93941743589808 26.86922147323975 30.20952984044198 32.42858578538983 46.94707921739746 21.45870317751394 38.78274728051438 56.90982531156258 59.29501094542527 123.5838615856816 111.19551070813537 100.2725940758891 91.34235276350192 85.03492493786624 81.9581129328745 82.47427997579564 86.51914357635242 93.63652235252748 103.19261212112166 114.62424474969626 101.19269216249327 89.10609075938295 78.98430777648197 71.66475661720862 68.05765797385587 68.74986020851192 73.62019254520766 81.9268772982504 92.75119782918772 106.77991229182805 92.25587079116538 78.8608968584952 67.27284551023217 58.5741390446854 54.17493072287315 55.114569807983244 61.14742695882308 70.98661264228778 83.29399652532369 100.31297136781436 84.72319988156289 69.94322503007358 56.61090542577578 46.002611391717004 40.3285463770453 41.656317735108836 49.42480872939728 61.22973448332416 75.19344923615046 95.50373969103349 78.99749832323631 62.92023093741146 47.70761422153284 34.52227863083374 26.57572694614237 28.6262305810488 39.13263555590929 53.31018221230725 68.92966098211505 92.6109029284029 75.49113554240186 58.47868529548361 41.70509089369819 25.643429239927812 13.212463967434228 17.037189591525507 31.696613990187046 48.14351183577913 65.03562876980989 91.81582184969015 74.518110320499 57.222949741650815 39.93365468032382 22.66365289871901 5.594563154944306 12.15198332250363 29.372705834513752 46.65355918904878 63.94581229107499 93.1722265115003 76.17557674055996 59.355585872414856 42.92045014489464 27.567315627844323 16.627120169326695 19.790849987965736 33.25066533599964 49.1756863829903 65.79971049392766 96.58950102433056 80.30079170058208 64.54155142493272 49.816822921761066 37.37016329713392 30.16706211902006 31.973167533946025 41.6320131705471 55.162259492329255 70.36500903927232 101.8603927823957 86.54152467130872 72.12513862891596 59.27343424682032 49.22751921542862 43.95522203812361 45.160587866006445 52.398474253008274 63.64295536251799 77.16187974628107
62.40804303275317 0.0 57.37181720336502 43.333701673534456 14.179343198546347 23.066063606419437 19.9724885578066 54.48892680788236 78.92751627537353 68.63919642515509 50.78191702358263 33.556609252868206 62.538681813604924 83.74612604455868 34.536654585767764 37.323349137790785 38.27901139421773 33.718446265190735 32.403745401402844 18.08828758708398 61.63598215608386 8.677943601231487 65.18764251320145 36.78113903589131 8.971247746481888 22.944038145898567 12.496891062288794 57.47034328210971 79.9115443591067 77.02182974622214 53.25089653739698 30.968527859842172 60.091326359509345 33.367684471301615 30.55311150224417 32.935827378958116 41.420987935061554 29.435703253169308 33.31588758970471 35.94260451052232 63.95238397798725 49.6329619323733 37.8901455211889 31.72702426681447 34.29655571382457 44.097756435241834 57.54719137509364 72.64609467400625 88.55472675807191 104.90535217267939 58.23468167286464 42.04755642877682 27.2658754118066 17.82052273583096 22.14556857377347 35.524547746618836 51.30568083560964 67.83262038021356 84.66975845894017 101.66308924833142 55.62475830138556 38.369150920044525 21.189225952249796 4.948575398989214 14.096348761196051 31.17112840768938 48.40748900649018 65.67833954593152 82.96214273389707 100.25219955880199 56.554561349520064 39.699110228324095 23.501773102922744 11.285405071353217 17.352245931080354 32.76512708146719 49.44410691939439 66.44244808870512 83.56549018312181 100.74967212659827 60.86206276238134 45.60129770049089 32.45730445637389 25.02369807877479 28.24189991613868 39.59463282536026 54.19017972493521 70.02947094594784 86.43140988993957 103.1278867345011 67.90746169411162 54.612833252936795 44.18603801390839 38.99944297260138 41.087873470945084 49.539644103766534 61.796808386905425 76.04091604461824 91.3471537382265 107.26178385674791 76.94220880134542 65.4618673663188 57.00095192713601 53.02509613299156 54.52442550898341 61.097176629470894 71.35486574042832 83.95754043042068 98.00469469725131 112.95871647294297 87.35108736927118 77.3792177118658 70.3104954940172 67.06921643766742 68.20326520513754 73.5104247696865 82.18619889575064 93.29550686761522 106.07649828146133 119.99619554924583 98.70018185905047 89.94108643909429 83.8793985841865 81.12206438661134 82.00308835947122 86.4112551536906 93.85086510173834 103.67133687471214 115.26573056965363 128.15347261246876 110.70055878990686 102.91157940419706 97.59939451559055 95.17961767045989 95.87151091917572 99.61025433078677 106.07416323181796 114.80384408983112 125.32671823843368 137.23089726466034
30.471466691193243 57.37181720336502 0.0 30.820827920342683 70.82844047036546 47.69444040058774 46.15782250966072 34.46315064234925 50.235758184268434 11.74396118675621 16.0799608864872 23.82300760432007 17.506842424756197 60.84801434698086 39.83319840473511 22.070312480953838 29.82299723663257 27.187871514169434 42.86739720847449 57.536264353477115 26.345135239243028 50.55912834766285 8.535679176945068 29.48853224591853 65.57070791052126 40.145333158820506 45.23033286825622 26.263452312380398 48.42401825194624 19.709967802140227 19.319001637740048 27.361694191072036 53.68926390948589 38.11578753950814 37.781892756694994 28.129838400317876 25.8226378278291 27.95757322437937 36.05878761553667 37.154557039892126 121.20814759897233 106.10519091176194 91.7818424596105 78.66511453861125 67.46252633150087 59.269581122953916 55.43710497412536 56.85385249355644 63.16761078913399 73.12066832397677 115.37313830779203 99.41922137699159 84.00063858111255 69.47473031043097 56.53383224591741 46.520053657297545 41.60362680581484 43.546679572669476 51.57974415878597 63.42973971550664 111.02406284271976 94.36139948089249 77.97765554147804 62.094006840172 47.21786184527906 34.671272533946045 27.80966866315928 30.71429753958955 41.37714762648747 55.493049007846516 108.34008307402569 91.20308102742763 74.14272088095363 57.22758786389289 40.63942972263629 25.036820206060675 14.171597167471786 19.327147976993388 33.837195716719556 50.15062972097935 107.44609198223067 90.14418901144826 72.84229915821601 55.54043468163283 38.23863002828953 20.937033507696697 3.6386153424637584 13.66869690075029 30.969995675894854 48.27174736024423 108.38640383773325 91.25784862693205 74.20977004092951 57.31402653311585 40.760494842066336 25.231941592705518 14.511941556901391 19.576890800482666 33.97978065740544 50.246482146289345 111.11444667178979 94.4672401574399 78.10511148897932 62.253250457407745 47.426107983552534 34.95302588664013 28.15851723803705 31.02901773698344 41.61018582820029 55.66619226982873 115.50358123165334 99.56987419640582 84.17806983052911 69.68816295679727 56.79469777519149 46.835246959723555 41.95411831499893 43.880072388774295 51.86018208153315 63.656902544666465 121.3736765237082 106.29337653025046 91.99833050952239 78.91642490838588 67.75403903739927 59.59962980981334 55.788173686117865 57.194607746225195 63.4730208000164 73.38340388550259 128.52189144533327 114.35211304654489 101.16137990773 89.38419133846422 79.650062071037 72.78338385433979 69.63762914962167 70.7111566367097 75.82496820451759 84.24650606612119
19.24937507146484 43.333701673534456 30.820827920342683 0.0 57.299835074600736 23.6542382051633 44.133935365004966 11.61814990338512 36.399424844832424 37.17627634063102 15.260586615324316 23.612506937369965 23.998139047095822 43.236727236279144 11.536911625500393 30.332481031685386 5.679624848221878 33.403697716736126 49.20657029015612 53.17502429703473 19.269870125341996 34.6767169764151 38.83518625266217 7.546805344452061 52.260967476132215 20.399046612009105 31.859114921375987 14.926052243794345 36.93061660062538 47.209239964710136 14.280913234956339 28.86609118440603 25.954373345036895 11.171289895251892 13.187547397873422 33.80250975124683 6.14068562849467 23.328670661937647 43.51099786192869 46.42166411355949 104.44908300138508 91.94622402200304 81.22374289563724 73.06966425582313 68.40867185985454 67.96328467367033 71.81198276393324 79.33224313020094 89.60435178119621 101.7986544227363 95.8066232104058 82.04467000164047 69.87450291069962 60.268266071431185 54.596530023166636 54.11097617904725 58.939917311621784 67.95976323861461 79.76117127483299 93.29447423889228 88.58386619453067 73.52289437568699 59.689500855137915 48.15353460528921 40.90715274148151 40.33278150191397 46.6773740669399 57.70205458806861 71.26698271494199 86.18088195460358 83.1517098525259 66.91032382537148 51.366198767398224 37.39908656164403 27.524667735614305 26.743846970178428 35.65907634911131 49.260698938001205 64.6558083399589 80.82599212329205 79.87639747935833 62.81295619336297 45.92830266957813 29.53072019728453 15.27844277219241 13.910827460336758 27.428167212463602 43.70137894334902 60.54774657548972 77.59485574496087 79.02660970871752 61.733716005835376 44.44785619882998 27.18245258256036 10.04356087665417 7.846915362858034 24.919643362005335 42.17957739020027 59.463925629669234 76.75619670563033 80.6790386815779 63.825904105636354 47.297960798920265 31.60949960234177 18.971983107736207 17.87244050301448 29.62472657412456 45.105842506338206 61.56429111395701 78.3868557925441 84.68731798894486 68.80077571081749 53.794616518038474 40.6556750279752 31.790189924525535 31.097549046870736 39.01548482125549 51.73072271637094 66.54800077713098 82.34023475667614 90.73973338897464 76.09496939740183 62.816347603467676 51.961973515462844 45.30898215426042 44.771252417162245 50.54433923858069 60.85802676716851 73.83341128296043 88.30486865374469 98.45996285671667 85.11418101100698 73.43827549771702 64.34775662571522 59.048998581098665 58.58013025071519 63.04899731995581 71.53612683060616 82.81519061514078 95.90615791938805
76.45732349225729 14.179343198546347 70.82844047036546 57.299835074600736 0.0 35.73952733625288 28.563394716601053 68.26913407765379 92.45504413712307 82.27515707971978 64.92125737672671 47.05127167409266 76.68342314901068 96.67966757403985 47.942851251652115 49.92356872192103 52.36226836707948 45.73083453207994 39.91237984376533 20.54443131647453 75.77544309901369 22.672684945759947 78.37850824531154 50.90288495371746 5.3084376072440325 36.91241541280844 26.60564528329937 71.58831189685208 93.59874216381984 90.33990096550426 67.42907931228673 43.8029777334805 72.29981235508575 46.99797634635415 44.32815611406401 44.85952425317888 55.579972384039465 43.0927494233683 42.84445124744953 44.82990819164035 50.42850006015046 35.54749161720188 24.14386127371684 22.381672169889235 31.90084318673394 46.185492071702704 62.02617910800237 78.48633923482444 95.24534284200897 112.16932091483729 46.163438317714906 29.215359796352885 13.218350687030274 9.727573072477249 24.763681006986083 41.600089570695395 58.70782182725016 75.90364003947175 93.13876816293411 110.39479623013462 46.06120341198085 29.05429023540959 12.860112143566967 9.237238199088837 24.57608668377335 41.489214089552114 58.62967778169747 75.84350156562644 93.08999798373902 110.35384950879858 50.147263333586345 35.149223223647304 23.55629934799486 21.74953004325052 31.462618257501 45.885314758713605 61.80403988208331 78.31173637010384 95.10219888688964 112.04838189437092 57.53605932435725 45.02754719237363 36.650641157806724 35.46500523004724 42.08290985938778 53.69249124454954 67.77539035180797 83.08327789641953 99.04981676879125 115.40194515223583 67.14591159366057 56.746601920323634 50.30389649813128 49.391183059300324 54.28809918225258 63.6679530793139 75.88623441265028 89.79161812045245 104.71413745580952 120.27580084234707 78.16173571477395 69.37968982900503 64.16011069635323 63.38921250085892 67.22022561342798 74.95077861233217 85.52995797082582 98.03990115703522 111.83454179868504 126.49427366981178 90.0690057598188 82.50788377705129 78.11120442134555 77.4199839261418 80.52969545646452 87.0338673940881 96.24676919560402 107.47404975566502 120.15234680931134 133.87003323545855 102.55755231936882 95.92797806995819 92.11392411899776 91.4682767852353 94.05630707729318 99.62632556347361 107.71672660459166 117.80939790919565 129.43681037601468 142.22304357245827 115.4387279312219 109.53257732562862 106.14768037948325 105.52693291204092 107.71813243506354 112.55717438759586 119.7234226110919 128.82910114250018 139.4949305290791 151.39152204319896
42.65645509536808 23.066063606419437 47.69444040058774 23.6542382051633 35.73952733625288 0.0 33.33624923153013 33.407853229585804 56.92894611110682 57.074696975606486 35.76479176739409 27.743899081499443 46.62356857203619 60.95783110347039 12.718371471270835 34.85083941662726 20.21436091132113 34.36488287410362 43.4631943635178 38.155599250699765 42.92403629340389 15.103193674702704 56.22444503075936 19.530268070526645 31.246041454833662 8.432104922110168 16.12878992663474 38.58029044646815 58.29102319480016 66.72522709988911 36.65663035938866 29.389917803394205 37.025397488578356 12.491644507393689 10.886708046642537 34.1058984595858 24.397607395407206 23.97496803654406 40.5101492475177 43.78798588092595 80.93886804225141 69.05021524045257 59.86203547326747 54.751196871659204 54.86914459389017 60.185145175192076 69.51675749539628 81.49605295373256 95.12798180658528 109.79871765644911 72.15665053086711 58.56248311706775 47.4473639839851 40.8857674075161 41.118673510949684 48.047376134633105 59.372225011550086 73.07720273384069 88.0579339016315 103.76332489611801 65.29203455087698 49.90338718419999 36.28162898706602 27.222700533353013 27.64967485514957 37.23766759284044 51.06362236256416 66.53610630815601 82.73647097433192 99.30913396367531 60.996036647179345 44.162161429907556 27.90679873820112 14.352533840137804 15.228720813601413 29.26679937699289 45.60581160435328 62.465570169219774 79.51551898329433 96.65506173980245 59.82466113845815 42.53724822645049 25.269714601403738 8.149420126925751 9.642676173393207 26.800428022247328 44.07105925181991 61.35932828828662 78.65360548260014 95.95064213357088 61.955407945895615 45.47211251872084 29.927675944689234 17.95357583777722 18.64693837228484 31.17367580733533 46.84655956842869 63.37282186250393 80.22681151319168 97.23826586090891 67.07428917930487 52.20325091369767 39.37140681111506 31.204888622532987 31.560918949848443 40.21376962344981 53.26267042708705 68.23038902127637 84.09856742037098 100.44133227615613 74.56838306484627 61.496400456248644 51.00857555523015 44.9515993743573 45.145562213217964 51.51991152822695 62.20277144340891 75.38416452761264 89.97257216819192 105.38528938193818 83.80279170686094 72.37113736640586 63.64709002096705 58.84742586850072 58.9388149985948 63.900275542480394 72.74203347547882 84.25116362678908 97.48748960286663 111.83943670975182 94.26734249443072 84.21687116880557 76.79400250404541 72.80689633990583 72.82209411840311 76.83722100655382 84.28254608849389 94.34948076663066 106.29576364501058 119.55936650208854
60.817021284233 19.9724885578066 46.15782250966072 44.133935365004966 28.563394716601053 33.33624923153013 0.0 55.659664049594234 80.22894807991356 57.901393420621964 45.255471850795104 24.47496452833 56.40906499786915 87.34127387835406 39.931595904686155 24.09566637758881 38.45533049229232 19.089806456399558 12.43376715894649 11.383260379663778 58.75137587249685 20.72714267242367 52.647443913051845 36.58798922588604 24.192600915494676 27.72851490612196 17.313023281205442 55.24008056411295 80.32079477959589 64.69613799425545 48.943375546655034 19.34899503303739 66.97798484476625 37.875953078076975 34.76151842991242 18.14440452740574 39.74908018235963 22.096933293853432 14.281061429734585 16.407811218870286 77.82780223038549 61.58478030200483 46.1184815723546 32.555404054296645 24.320878616367743 26.867578103604178 38.091195604476674 52.71358861742986 68.59458054514474 85.03188430368414 74.67767385827175 57.57145019024137 40.63129224880942 24.208367794893377 10.949948012034847 15.889329134066363 31.364842226377075 48.10144492764477 65.13415240140787 82.27927893852558 74.13376773829731 56.86741449337481 39.632103932206064 22.49928914151189 6.359707579954262 13.167659928063664 30.083918865551816 47.28012901299784 64.53287955383738 81.80640565615889 76.25188255788079 59.590092959034905 43.43179420036204 28.64217693256669 18.79201518743614 22.01402629178113 34.85407947063872 50.43518951391151 66.86794306863293 83.65194117587207 80.82297105984547 65.31229890458525 50.96811402958914 39.09615620004821 32.52658503303663 34.44062369695399 43.738345988202035 56.90903075365367 71.8536093399553 87.6695676461484 87.4632176680605 73.33515012438005 60.86852370863967 51.28950427850923 46.421465464523806 47.72834376693395 54.76988476986693 65.72814384043608 78.98949704620405 93.57988849221637 95.7429842262773 82.99401693296319 72.16640831425119 64.2391621659152 60.36592786710775 61.31978769938904 66.89456857236104 76.08118078791908 87.75251939445026 101.0512695324247 105.27604074351679 93.78466087017122 84.30164329543689 77.5671199569436 74.33192936507481 75.04998292205495 79.61438776242115 87.42475695991195 97.70574245353835 109.76530724673597 115.75303138593618 105.35978493465696 96.96019655118967 91.10735742506141 88.30909843888548 88.85447982947676 92.68449564504274 99.42026105605562 108.52205449453675 119.45023960648297 126.94031881584394 117.48761167931575 109.96133683384733 104.77745292983975 102.29269783912106 102.70316336301237 105.97521334309242 111.85800939536577 119.96810006189907 129.88894541826065
10.436673627300976 54.48892680788236 34.46315064234925 11.61814990338512 68.26913407765379 33.407853229585804 55.659664049594234 0.0 24.790525857675085 37.269739315835814 18.77632238219366 34.029066128588184 21.550467600365767 31.914320190587414 20.69114909196013 39.99154789117876 17.268395069890015 43.70418997994226 60.12906813724752 64.79316876515054 12.803518765415477 45.81109524717455 41.18821605920004 19.10962703302702 63.34153589691669 31.589019092743875 43.331378160448665 9.578734829198757 25.455938034625746 46.970829909810554 15.145741649516427 39.55109460815154 19.292745345927077 21.3078513515337 23.953475315938153 44.216524013180575 16.278447241485242 34.40551341036004 54.13051030653484 56.87838224943331 114.2295801271867 102.40478861340826 92.32425219631567 84.61369519516941 79.96168047436035 78.91100261020304 81.60089080777571 87.68778413883486 96.53120040850288 107.45269133676736 104.86962777564075 91.89869455611142 80.57167128267368 71.67224906961881 66.18701747046886 64.98633855091 68.29655947836281 75.52687466412443 85.69066739084334 97.8783177231834 96.6718579944069 82.46661330853453 69.67594535138304 59.22358717963851 52.52456629230002 51.077663591954924 55.29671093201748 64.07203469374457 75.83815588194065 89.42218412129832 89.95470230230977 74.51765565104405 60.105078309046746 47.655710789507324 39.092454524698034 37.203227391223784 42.879449081526275 53.77658483365976 67.4084705119725 82.42930070430373 85.06972285781997 68.56970168646833 52.58765293942717 37.78663128773859 26.24707177189127 23.424326228657325 31.736419963226737 45.43580807066441 60.99455687268807 77.29793199836247 82.34371973928386 65.17302694175042 48.096485384158235 31.26873162098428 15.521225898263982 10.138862604402068 23.736002649217216 40.28290349442557 57.277744468856525 74.41425209092621 81.99235503246922 64.73056353484687 47.49798848766822 30.34444674534014 13.5729683289464 6.810210959217217 22.522121579289195 39.58315842157771 56.79014336919969 74.04139261406041 84.04542153803465 67.30060962464891 50.92958937093183 35.45399743988134 22.778512655537888 19.47940416180149 28.961104564059955 43.55176014818812 59.61105509706485 76.21621750573284 88.33540120250883 72.56374568771437 57.67633446177159 44.56826462691733 35.281853027125294 33.19633082892335 39.47013927375145 51.112578631504924 65.31315166691576 80.73306728418979 94.55826984078085 79.9900664062103 66.74022672791585 55.756684043801435 48.60103475660638 47.05333309480663 51.620485694440035 60.9428891944096 73.22635970274632 87.22881736568388
20.791075334926667 78.92751627537353 50.235758184268434 36.399424844832424 92.45504413712307 56.92894611110682 80.22894807991356 24.790525857675085 0.0 47.09543987457796 38.38354352137453 57.53207676192657 32.82471406333306 11.28003041821314 44.512231058321376 62.4746759505609 42.01852742246054 66.80431592345616 83.7768516908475 89.56347969680873 24.380178737808972 70.27219626852587 53.91755250718214 43.83536791291578 87.66922715692532 56.18110568893358 68.06159047978839 26.301647798909737 3.6108668977973277 54.301515587831545 33.96428126601151 63.18906929768657 25.980568763871503 45.56001537683083 48.416163209571344 67.43891969626036 40.50201753169341 58.55361163974652 77.42848480676814 79.91214915690114 136.56587601930823 125.78692254627902 116.5895507097688 109.37348329088037 104.54977963590261 102.45689854488079 103.2610176202084 106.89677976163179 113.0914114749014 121.45400461575711 126.19952156538459 114.50284929065351 104.37509703953486 96.31248311187706 90.8664022605777 88.52110964179961 89.52064443824179 93.75809215732531 100.82603356748388 110.1810935688422 116.61966322828644 103.90081673387664 92.6784758400661 83.55780245007914 77.28647434800655 74.58671587410973 75.84090949887752 80.86529059670548 89.0237788104477 99.54876927641673 108.03588089831071 94.21154225694204 81.72253902002257 71.27431255514148 63.87626659176528 60.654948640155666 62.262056766478324 68.35788314762169 77.89564956590092 89.7850756593371 100.70334618032497 85.74517421174966 71.84712084353824 59.75354006963932 50.770712352840455 46.728447646947004 48.868530885747084 56.49266949885239 67.77472248511943 81.20410835215253 94.9126168425149 78.89652808361598 63.55806631550724 49.53081653234473 38.28425422434045 32.81424689486561 35.86884190590262 45.77205678886836 59.18020689617153 74.21738971675097 90.95872943820494 74.11553522965892 57.545169513975324 41.5751413357848 27.28094739008466 18.93989637351255 23.91445440551425 37.19938783258436 52.86208141420913 69.30885021740913 89.08665056775818 71.81640917821609 54.56624812099832 37.363989744580415 20.33158907087119 5.42151155533304 15.624517587015081 32.520329041901576 49.69639364223154 66.93731971012265 89.42724527586894 72.23654989257984 55.115508526239594 38.15799545060272 21.74992299977053 9.423315826888533 17.414126703388135 33.41284084749771 50.28217631672107 67.37128300524205 91.95592562149254 75.33046684798403 59.094646196614 43.68507957719073 30.385953025422527 23.17190324340179 27.372962091276577 39.50103799198721 54.49858664481778 70.55898869122689
30.167014525412085 68.63919642515509 11.74396118675621 37.17627634063102 82.27515707971978 57.074696975606486 57.901393420621964 37.269739315835814 47.09543987457796 0.0 22.059264810180654 35.22814731996931 16.068944428502427 58.2747276792677 47.66162428065074 33.81110087001368 37.745542779328304 38.912067445853225 54.252408064578844 69.28018987098284 26.036359187218125 61.495482336717245 8.056703141310468 37.884082600734956 76.99431146445164 50.111646577999096 56.33460005648346 27.82952949745113 44.60243594865905 10.03492506365964 23.29882631114201 39.04633945814049 56.26702584176204 46.302181967216036 46.57439897914445 39.85570830951513 33.454590666327334 39.22107919972804 47.510288422633 48.379271608651415 132.57149438939527 117.65309541650026 103.47944023489954 90.40150549618808 78.96558614689218 69.98135001797525 64.48184907929011 63.380772531609615 66.8956631510854 74.37493613950217 126.36451168787733 110.64539920125456 95.47523515170116 81.1624192781917 68.24849955971474 57.68083472602687 50.94115537423869 49.61477139675686 54.10130667901941 63.17419442843541 121.47295814149972 105.0506987822378 88.96250029899481 73.42827108324904 58.88805413044223 46.28825158235316 37.6312229431864 35.89321713444434 41.94334896906464 53.1871544605638 118.0605257031534 101.10392191801535 84.2877785347513 67.71681828566987 51.62767312686824 36.66029284728238 24.924863013173226 22.29869516905325 31.175729369207076 45.225343366230625 116.25758484180402 99.00240995435058 81.76699590208872 64.5671693626735 47.441652571810465 30.515811255265444 14.506287360298185 9.400175954974229 23.76988728585221 40.50142063892143 116.1391429438172 98.86393577655565 81.60005208626221 64.35660520474919 47.1560197242364 30.071933571725296 13.552328619497203 7.856428134961401 23.205489540825436 40.174363173278444 117.71028670028625 100.69660014979095 83.80101817486667 67.11279826810936 50.83656572260836 35.542887002332236 23.258308136556476 20.428231867354256 29.872865547466642 44.341574326332854 120.90514457080943 104.3966205517877 88.19275949458003 72.49813320192987 57.729575212879155 44.81223534771151 35.80889645932316 33.987140812769226 40.33215171352823 51.9321406188564 125.59982789839734 109.77528962187654 94.47017617094674 79.98322756089246 66.84849832049802 56.02525587558628 49.06770216608937 47.698553726408406 52.35806710653485 61.69509612953854 131.63389901128104 116.60046414734562 102.28659855548652 89.04001001520454 77.41055262822192 68.23019176655554 62.586097614672475 61.46035548822063 65.08783384659348 72.76106148799303
17.59299336441449 50.78191702358263 16.0799608864872 15.260586615324316 64.92125737672671 35.76479176739409 45.255471850795104 18.77632238219366 38.38354352137453 22.059264810180654 0.0 20.871263059051227 11.764528902033925 47.95988840073906 25.637594300791804 24.417005081763342 15.847076333467625 29.12915969693079 46.36079298167084 55.966918374656146 14.356758819131409 42.72351329919861 23.70573256492877 16.248490579730053 59.63515731128728 29.701208691934326 38.31569084938837 12.187872193901894 37.44420353274523 32.0629268753495 4.422508982188693 26.387678239744144 37.78882045785986 24.385842277461112 24.980353601667662 29.874181633140783 11.534064998735257 23.358452260902542 39.720589074479726 41.94566471027704 114.2504021255443 100.41295370549425 87.81264989618226 77.05877637301595 69.0198658008459 64.71570179798157 64.89372518461872 69.51951094877508 77.80374387997819 88.72753825980801 106.85709768555314 91.95396653662452 78.04694586365251 65.77097168619406 56.20513175628692 50.90102274388482 51.20070857430921 57.01589394328099 66.92393388928062 79.40727204454507 100.90098815646903 84.99275557549095 69.7512342759568 55.726187373771324 44.09408496634839 37.17358998674673 37.65860259890408 45.311941037827715 57.33132429311474 71.54925983811991 96.64824019616955 79.92176503070831 63.504376538099336 47.71618461991279 33.46003334178139 23.68595594810959 24.519100891408762 35.214474712454326 49.775930643366884 65.68057882593592 94.32958233341031 77.11487543092612 59.950405891805964 42.896521593244806 26.170311563974206 11.330140963989919 13.060330222728245 28.48658633714955 45.289206452677156 62.365471900964195 94.08814512087244 76.82070862288501 59.57329063263939 42.37034461420451 25.30274117760653 9.161046988539416 11.239853878182345 27.70301988828907 44.802832155005376 62.01486668321327 95.93961554364832 79.06731913895135 62.43063235749701 46.28432275527664 31.394346384741336 20.68050320010399 21.64424209755699 33.28625835129102 48.437470513557905 64.67699652986116 99.76751679919565 83.65021246447047 68.11656822135446 53.67572888293658 41.48504622180068 34.053523063669694 34.597456412475616 42.813943190493525 55.387648956522646 70.00898346914744 105.3565900865169 90.21397820601516 75.99878512346152 63.338546749773805 53.351948008844815 47.747166368940114 48.08176498640986 54.245949527779544 64.59173820297504 77.461377058567 112.44445045845569 98.36277786636231 85.47170869253209 74.39277647079537 66.04432362091946 61.54766820575695 61.75008929710727 66.60875980263128 75.22682715750545 86.48768382377585
37.273302910406315 33.556609252868206 23.82300760432007 23.612506937369965 47.05127167409266 27.743899081499443 24.47496452833 34.029066128588184 57.53207676192657 35.22814731996931 20.871263059051227 0.0 31.939393311895248 65.83941959508115 25.419458135536953 7.5715982838480915 18.612853309054618 9.791351747614573 26.255052986865504 35.443706658338144 34.76571190806467 27.055055189843475 31.692588907901282 16.928612697984263 41.77734106391872 19.334155980042166 21.55853242444124 31.614876456692905 57.16913826694582 43.46774643266709 24.764114683978153 5.668832332035761 49.310388641445385 23.081275277539703 20.990233830773875 10.219671498844109 17.86139941570449 4.31338877021259 20.10236707620589 22.882367792996202 97.39564155409931 82.43881504122099 68.5937978838424 56.68124594719681 48.157261420665805 44.99092869070847 48.24882540433133 56.836768845917454 68.78656179955401 82.65269219347184 91.65491221562824 75.60316606010113 60.24751753168503 46.28603336440614 35.408180778191806 31.044975648289956 35.672827552210904 46.69068005188265 60.71406301157234 76.0991731656574 87.82646864305009 70.93553506685308 54.3039947236792 38.27152619800603 24.066735527847662 17.100232960114145 24.58333464965763 38.922678281223064 54.993832322698104 71.64063420528578 86.16564160737325 68.87816971489563 51.60039038791963 34.34693390023488 17.19118971329856 3.1742234358708723 17.981321985153823 35.1467458166087 52.402033337563516 69.68045643919145 86.79697379230849 69.66275345103388 52.638358711491215 35.880460251999345 20.06816081644553 10.805913187834188 20.72480329705677 36.61939669340564 53.39621697536209 70.42758544040491 89.67205602617202 73.19794700134248 57.214612218486764 42.28232314247627 30.0131378281928 24.74858838896103 30.37939112605127 42.80225199817227 57.791597486102646 73.79983263386448 94.58646553599117 79.11583733493583 64.58125280608402 51.777089075471196 42.30486892419952 38.694226426708646 42.467524361016025 52.04271643993766 64.90072639022385 79.4636425029509 101.2436033269652 86.93109418712338 73.90847743874731 62.98103617073645 55.40269647091649 52.64035158280283 55.41889959857881 63.009540786114194 73.94491197316704 86.97239655455712 109.32548770953446 96.1822183891475 84.54979484681361 75.13327017055522 68.84795253477473 66.58652006194411 68.74722208042024 74.94857061754131 84.30354521182518 95.89358183144037 118.54096462388696 106.49555610437466 96.06939346827646 87.84096407015019 82.47074204036257 80.53256070307154 82.26934478279395 87.46244088400546 95.54995424546694 105.87063173181073
14.182981275569913 62.538681813604924 17.506842424756197 23.998139047095822 76.68342314901068 46.62356857203619 56.40906499786915 21.550467600365767 32.82471406333306 16.068944428502427 11.764528902033925 31.939393311895248 0.0 43.62994590604749 35.40621776198463 34.10550907120034 26.4093332394144 39.173626509911536 56.27242215529786 67.33489969711063 9.999904469113858 54.43280034348604 21.533435186348683 27.215578723042835 71.39872798518485 41.15003346179451 50.07833102642575 11.979081198509313 30.92332974762751 25.483488852156057 9.973564590257444 37.19444335106106 40.278614909540096 34.59908452362854 35.73695195367389 40.009900463278846 22.277066617897493 34.835175936120464 49.457467526785194 51.29152665444368 125.90531238949391 112.16612659435438 99.54406172367413 88.51829469871588 79.75365052127546 74.05733623431317 72.15969326810216 74.35214602695275 80.30037303052382 89.25663113964205 118.2810566374668 103.57619542057513 89.80169855024346 77.45552771647459 67.32807283835568 60.54318225546491 58.28019689787072 61.04410447110947 68.22668787387872 78.62617943777586 111.91522879100354 96.27746597706886 81.31658127173185 67.4842666098302 55.62885946696418 47.26222262068963 44.40235674269648 48.042947426178884 56.95071752210205 69.11835914486909 107.032700067581 90.5827105520353 74.51956150308364 59.15920613777058 45.223526219924025 34.48524329936658 30.52876865919425 35.68597000315627 47.04976326252739 61.258313882974385 103.8429824323178 86.80826282936503 69.90490852834895 53.25814701234913 37.21392825241239 23.065882483370476 16.67050267637442 24.949722046914328 39.569986693678956 55.747567746306395 102.50427507950845 85.20974817212958 67.91899237173907 50.63587101335425 33.37224758724293 16.190613083596883 3.0460732552859064 18.845018964860643 36.051414459780055 53.31967551073959 103.08873393161909 85.90873911180951 68.78988908561756 51.79284909649872 35.09505075016031 19.481759399282026 11.230685818021081 21.71245382523011 37.62241341007298 54.389101141627386 105.5644127692296 88.85101911653072 72.41458744180032 56.497361640643376 41.698222888638675 29.736210813777447 25.06896880311976 31.166884379893133 43.737931922354974 58.76520413907946 109.80343144746494 93.8257440241815 78.41207228779228 63.97141607122624 51.33163958922187 42.145444912264416 38.93900340308581 43.06924193035483 52.84296897523476 65.79137705613844 115.61193253236347 100.53157893650211 86.28891977060528 73.37340716747057 62.61178783824076 55.2767126933967 52.81565912816331 55.87640490581868 63.66750579623333 74.7236900611808
30.65602417904176 83.74612604455868 60.84801434698086 43.236727236279144 96.67966757403985 60.95783110347039 87.34127387835406 31.914320190587414 11.28003041821314 58.2747276792677 47.95988840073906 65.83941959508115 43.62994590604749 0.0 49.324484435762365 71.39969103821532 48.90420708822006 75.40725629485593 92.01796971907056 95.95977861276342 34.59951678847493 75.24896695935631 64.9429638877466 50.77885991414345 92.18298270663455 61.67349504643501 73.78304382897244 35.77933768557673 14.353272676668889 65.58101546064825 43.56319066921987 71.41246203693062 25.518002396768825 50.79585420481776 53.85391994047297 75.96627328033276 48.18855312517817 66.31837279837919 85.92800913516545 88.59152291645107 138.25933901643245 128.64796724952564 120.76260779632177 114.95898711901356 111.56246371979917 110.7946353287533 112.70923847995195 117.17485640816881 123.91599906248805 132.58603239369995 127.09770230425259 116.62777764345506 107.93015640770977 101.46164972210826 97.66617441613481 96.85847637036726 99.1116280943937 104.22731293226225 111.81331878176265 121.40745986352856 116.57862592771335 105.12146276963391 95.44185524551874 88.12748389393869 83.79999397125913 82.92830909450532 85.618045975115 91.55585743906101 100.16576337920411 110.82673486961102 106.89214988957431 94.31747570750068 83.4525675971682 75.04376158371984 69.98208032320586 69.00802330104065 72.28702022718343 79.29318764233138 89.1520959885043 101.03204012058684 98.28491185457109 84.48586985304331 72.21149012397906 62.368543367971256 56.24828790967274 55.10538429965222 59.228672617152235 67.66215143071439 79.03794409893094 92.27418530230536 91.06359213901948 76.00509865293584 62.126303623400375 50.411164987639346 42.68019308603744 41.238544849651724 46.67270780431177 57.05060121709874 70.21328875338976 84.87488502880977 85.57986316252104 69.37250276753288 53.85058341880314 39.82381902738649 29.50758923428082 27.462139684478206 35.16177530817143 48.13773782303918 63.220591548196545 79.21587354637626 82.18237784158349 65.15507158038491 48.32324754013885 31.996904979299185 17.64030552291743 14.045341038727694 26.116577228114803 42.018952659384745 58.71815676878906 75.68860060336222 81.13369644395637 63.83338290463763 46.53427174328934 29.238497217629515 11.960543116891714 5.471111678217065 22.705178563023654 39.99788498659342 57.29616106216494 74.59613221046115 82.52342599193668 65.58276328219894 48.89574978445425 32.85121549095149 19.139563121708154 15.879417456649342 27.142244307577013 42.660982857331454 59.177107023366574 76.04349438274028
30.05848114730079 34.536654585767764 39.83319840473511 11.536911625500393 47.942851251652115 12.718371471270835 39.931595904686155 20.69114909196013 44.512231058321376 47.66162428065074 25.637594300791804 25.419458135536953 35.40621776198463 49.324484435762365 0.0 32.972964613337034 10.036938497869922 34.41534907825795 47.63807666708423 47.192540713394834 30.614942119332714 25.957931952273178 48.24182355011896 10.440115319241421 43.18427909612083 12.57837173221455 24.66028784743227 26.284424563936003 45.719334349508266 57.61920189502594 25.52474167541725 29.29203959392025 27.089544104194047 2.360137377846121 5.219464782242655 34.50533203319103 14.239926697632947 23.154515789396893 43.07629975858802 46.27917488930693 93.6158438444614 81.73289147071692 72.07842054923073 65.64316949328166 63.414876212859966 65.82219367989599 72.40421029392802 82.16369019996456 94.11731050930672 107.53584573789641 84.57939417345764 71.25574462070212 59.998249714420815 52.1622507274573 49.40356705780331 52.528335972781115 60.63366496444091 72.05801953133566 85.48085537221304 100.10143203735888 77.09393091402565 62.23117210528314 48.996640971469574 39.081073661498515 35.393463489680755 39.708584012571144 49.995534580401134 63.41169260340886 78.36606080912036 94.12833612456686 71.64736055794165 55.37414268352594 39.97447234393996 26.98763714509694 21.38733355169783 28.021685754267168 41.37297507850056 56.8941351936815 73.21798638483193 89.90837446665469 68.72623768947145 51.556991286972 34.52049090152537 17.99773795525907 7.408521366552848 19.610383578106923 36.23480974464835 53.29229839561449 70.46907149413693 87.69506453672521 68.6537285825637 51.46073872729299 34.377233722681694 17.72270161367672 6.716211175286484 19.360635800906042 36.100890995648065 53.20176527843706 70.40095676053727 87.64060122366732 71.43850867011912 55.10488779560122 39.602377446577755 26.435949810963024 20.690144705711973 27.495749417563555 41.02026190398481 56.6393771137902 73.02114553676905 89.74891561249373 76.7702312152673 61.83155253437291 48.490422397574676 38.44748271843998 34.69588560809862 39.091018361610615 49.508773390364624 63.0304470576593 78.05935919202162 93.87437108197436 84.16618571120199 70.76703387236356 59.41970456225631 51.4988489081405 48.70588803200355 51.875789735345066 60.07190303183296 71.58820746799773 85.08708071344996 99.76699404708178 93.13580832856819 81.18514836949308 71.45958369979613 64.96622317492273 62.71716247680845 65.15342699496676 71.7996510694364 81.63396966019614 93.65743096662509 107.13551237404661
