0.0 50.139512975271586 68.81748922993954 60.4714442804055 74.79872107149752 95.19621266194042 82.90515981052803 56.03897827705017 70.94839660897993 19.835038524691335 48.511292142704974 78.7944869132131 48.22575888161685 48.885386348966335 55.33124466859105 74.46741886001865 67.42947960133827 43.853374159664035 54.59004414575226 48.55267657965431 2.35609170122071 52.58668873043466 56.19909742384429 62.568932120949505 52.08789082400409 62.629678863146935 80.23365440438376 61.90099645226295 63.78063809877973 62.060603930257 39.630998246130076 88.87269835389507 37.88901569015044 32.28646698825292 77.79380285435575 72.4859445361255 58.98683160730484 47.055585363035384 55.70548009138943 49.09852027949199 79.95598175671013 62.72186305393028 45.53919852554458 28.501201919609635 12.228320837235653 9.244379982364695 24.901781123895166 41.87424335017179 59.038286054707335 76.26466806800332 80.08491198947625 62.885385972816415 45.76312621904399 28.856004323852826 13.030255620965594 10.277132351518436 25.301475233810798 42.11203106542894 59.20637620825209 76.3942413979872 82.66248060635746 66.12219183353076 50.099042890027505 35.304323204376686 24.116128797251804 22.70443551933606 32.37447156601522 46.68439481169876 62.5257572644556 78.98239814551083 87.47245706002597 72.01905015527541 57.626068584399555 45.31546457790195 37.21459705004765 36.263873091469065 42.940867526234776 54.51123802023942 68.54005683763012 83.80161732459547 94.17333261813955 79.9897375728226 67.28150677201448 57.04336671569627 50.791650055565434 50.04337359641142 55.023524631736755 64.41691378258149 76.6171703725471 90.49610105724803 102.39446185063079 89.48167701305115 78.28160028536115 69.62572142934084 64.54585149547592 63.900598788511275 67.8166633308891 75.58840416750117 86.17892772061577 98.6848622659817 111.80087385117731 100.0627692647118 90.13525511612748 82.67317981193855 78.38385758178704 77.79387908187321 80.98413511209259 87.54231366030847 96.78619346643193 108.02852324049306 122.11886232721912 111.42302836553283 102.54676188463223 95.99613484665561 92.26781588449771 91.70667479035185 94.36922678798707 99.99830067692109 108.13159446612966 118.25352305289526 133.13652684547836 123.34721939547104 115.33601849342983 109.49391156349984 106.17954160750017 105.63111436415124 107.89081734345496 112.78999730205547 120.00582233502774 129.15057171711638 144.69398732600874 135.68660067359278 128.39003335602422 123.10885897469045 120.1092214692152 119.56296432147349 121.50318195146825 125.8148935643092 132.26637929345924 140.56331729718093
50.139512975271586 0.0 43.895594951180804 17.48440058010325 68.35630471089803 60.713321312663666 33.98074091603832 10.859590529497861 37.4922991472113 31.059277639775786 33.548234196452974 29.5317219769087 12.092212167336607 16.372055515613006 20.404604095322 25.136173548057744 17.30827284574614 16.252367550866076 18.854676307459126 28.991578600025118 51.61114654363731 13.535183513432179 32.39756620935147 35.956673094664694 22.97619799560052 47.21108018394395 33.50958311185296 14.358117986982464 29.99902043409928 26.90585209935147 35.058928160858954 43.16671989727221 12.266029215298603 24.647082384488225 79.9590429734657 22.41027296261935 8.911191906066811 17.117318886243027 16.093302943114537 34.11030979824408 86.15076430934013 73.60002213416716 63.3298605759825 56.5957431133996 54.719136983511284 58.17206100518236 66.12482383048578 77.19906014417131 90.25295764102674 104.54758129064727 77.85768866364671 63.74207219446942 51.60416007010814 43.14663823343535 40.730589617948596 45.33249337830341 55.224944242796035 68.141466543684 82.67665900409209 98.11373966223418 71.42814226967357 55.74587987254118 41.37555871859519 30.24864819593461 26.771901277412276 33.42452393469454 46.00405443467113 60.94470748534856 76.88206447765266 93.30678661258204 67.39768060282853 50.50377183792885 34.0224545532726 19.05614553281369 12.940586388505425 23.885009825469336 39.65149981297047 56.32674325075253 73.2930787851441 90.3867336234025 66.2059754899791 48.90954164473275 31.619122870495247 14.356468653020311 3.3408153428217635 20.369769169249437 37.64847325916765 54.94179807184901 72.23924422274445 89.53842320625198 68.002450678766 51.30440788548347 35.19465396663296 21.068875062220982 15.743054155990837 25.504949346082363 40.64324737697823 57.02593359820388 73.82921560825018 90.81993988694543 72.56548928908752 57.189374501078305 43.292126381340594 32.81007754035403 29.622685574003583 35.73814690023852 47.70362793255444 62.23155487988182 77.9012583872462 94.14433081434463 79.41959995071088 65.63216442244769 53.910977137327706 45.868400929601286 43.59049495773359 47.90674896488782 57.34706828580091 69.86429835290345 84.09553154799964 99.30660082172818 88.03116666797864 75.78256270934001 65.84227099642683 59.381056092555006 57.58222233489614 60.86059619388697 68.49094350901366 79.22565146406546 91.98421435373248 106.03860081832234 97.93758225495573 87.04511167182241 78.48962574084959 73.09637246289127 71.58370220272172 74.18936318931142 80.5145032606081 89.77637381519602 101.17162542113596 114.0626438392896
68.81748922993954 43.895594951180804 0.0 59.40605784027067 29.476688417738185 27.40797263099881 43.37674071178591 34.25983383135523 11.424098402936142 58.696870198844195 76.44077418014386 43.01461125338653 32.780514695993425 28.728479694010257 23.491151959111605 41.758103943148726 46.962883500303015 32.08055198137403 25.04212785817342 72.18935653684284 71.11637740174636 30.363181824388114 13.584735157601012 79.75918507647246 21.955393090804755 11.446178521814934 35.54234389671721 35.614597211613905 14.950402699215859 17.88052321939331 75.48447591936447 37.203287160857194 46.86560026082852 38.585447561157764 44.080623396509694 46.039927318841436 45.33662181356099 29.111447005588428 28.046063812979362 77.07187080673823 128.21551042438836 114.00923929215598 100.7754255726953 88.9491786369464 79.16385909606288 72.25349140435267 69.08623364926493 70.17078142824465 75.32369932042027 83.79779841293944 121.11425672343226 105.99841463576388 91.65895106538214 78.52236240345434 67.29679165208107 59.081753684024356 55.237195373408454 56.6598673643835 62.99390501822095 72.97137967514202 115.29928578587045 99.33390096892379 83.9001055342541 69.35370778718693 56.38573496374584 46.34081008687038 41.404051736900556 43.35695526223316 51.420432588921656 63.30088035904707 110.9730740142044 94.30167651341858 77.90570681442851 62.004048571911824 47.10005147002163 34.51141234181884 27.611052848270667 30.535435500140835 41.24518550328878 55.39519615827877 108.31422231126892 91.17250029719257 74.10527359830161 57.17928863525055 40.57170481657477 24.927256643355904 13.978044389804916 19.18635023463526 33.75735556660846 50.0970536412005 107.44662137645764 90.14481712409017 72.84307288107517 55.541444728081544 38.240090239302916 20.939687768456462 3.6537856359472882 13.672723884041519 30.971764732540287 48.27287692057464 108.41329672490944 91.28964123302454 74.24868276721202 57.364168218732225 40.8306417382654 25.344573791584743 14.705990044613072 19.720483571871902 34.06231653930848 50.3020670582348 111.16639398905546 94.52805646382576 78.17831850280729 62.344648751382245 47.545459204151115 35.11404096640093 28.357199687939627 31.208578859105376 41.7436190785317 55.76552512276438 115.57828744561665 99.65612883303896 84.27960868090761 69.81021275832646 56.94369246935877 47.014969526660195 42.153713336955576 44.070042858912785 52.020253248665185 63.78675222517054 121.46830333652689 106.40092097796281 92.12199262782752 79.05988450644286 67.92030199173058 59.78768919599271 55.98809166755809 57.388703681554986 63.64714042591357 73.53333890760089
60.4714442804055 17.48440058010325 59.40605784027067 0.0 85.359071276388 71.84489262848027 35.801992904933506 25.180155893741002 51.245767637716284 40.66077032955312 26.321461693195342 31.34584171414738 29.40646567004985 33.57867152519797 36.41228822675725 27.829039213516022 16.98108370985435 33.7242599041973 34.944470544595035 21.805350120237964 61.42631774289426 29.881488983884577 49.09616901102752 21.82435292471157 39.83811523912824 64.02982179721086 39.13176147357465 24.64080187812494 44.68144863265722 41.62325058012631 32.39760568757125 48.521516242911616 25.382564405206484 40.85157102178917 97.31542608225308 22.31023105966354 14.216056988417977 34.51061145587541 31.52381716806034 26.58186965383382 76.83292582095508 66.98501930164535 60.57543888804813 58.740713710838584 61.88906012548138 69.34505565854235 79.9119164474757 92.5299340809117 106.47234230565249 121.28325240917192 66.54939450158658 54.947782893920674 46.99361234607674 44.67934844795679 48.813856374800736 58.03485840969287 70.37045421907933 84.46692064427327 99.57923658475318 115.30868073896019 57.93510231704607 44.1793697149099 33.850647853132365 30.636988029724424 36.470436449076466 48.16917539066742 62.5232373168678 78.08168783400858 94.24995368167068 110.76130455363621 51.82929937377629 35.842455594698656 21.9499259378856 16.662207250225165 25.92626715076744 40.80962855067233 57.07357105219058 73.8110528238732 90.76046937611663 107.82191966305085 49.17552266773524 31.903966873189066 14.704004617371618 3.6422490677941997 20.224682486952716 37.463624518538275 54.74232475311785 72.03217790423041 89.32670801511965 106.62363927830233 50.52075974191951 33.931769048709064 18.68410187128976 12.063967042055129 23.25286788637983 39.17352875581736 55.92090639027342 72.92765671479577 90.04693988344462 107.22486920894383 55.57535217987223 41.05100808658234 29.672564492213862 25.97012179029857 32.66716534544014 45.371251704596816 60.404201794062956 76.40350143195401 92.87105464689006 109.59598931884378 63.45898052780862 51.179257834061495 42.54757836722436 39.999777338140134 44.59118431953361 54.5478782413985 67.5372052418839 82.13271536138089 97.61658436309844 113.62622022192592 73.26391419607776 62.8788130657352 56.02310600309273 54.05673819682416 57.48367374589848 65.46230835155684 76.58298862351823 89.68441192586477 104.02082773339986 119.14726486863665 84.32246097371947 75.42182930647614 69.75183191545524 68.12396482684872 70.81752551797481 77.38255659872938 86.94647214988714 98.64080687424584 111.79901318769247 125.9631721000506
74.79872107149752 68.35630471089803 29.476688417738185 85.359071276388 0.0 46.250755999419304 72.83906487234557 60.617491418698165 40.856112843786704 72.29438832765227 97.53563753769072 72.45294755244474 56.2790403735644 51.98476266058528 49.22127628406159 70.99777993766433 75.12336505967116 53.1616805408903 50.59809250654699 93.90849124737969 77.11767583616218 55.495827934904355 36.32423923512983 103.82149024696042 45.52362227703517 21.419692833614235 64.957626137629 63.38093335836647 43.42632987992281 45.89855176656915 94.2304334496346 65.66214333247879 67.12203358396988 53.38142513994956 15.051431465729548 74.91997405606917 72.01446366759309 51.39819387116865 54.23389671455531 98.22626249893324 146.36020166692487 130.58326011820964 115.24480375857928 100.54570872659019 86.81135912730952 74.57668794167827 64.69814893873571 58.38421318293808 56.835552281536806 60.41971067951466 141.41519406961592 125.04183674735098 108.95581345972761 93.30585277807722 78.35368252579833 64.58576851775665 52.93437401015119 45.07193068782891 43.12324717995737 47.81688494776352 137.72476999239223 120.871995270204 104.16657631979025 87.692767172516 71.61059011968517 56.25692162785367 42.43012203272968 32.163623728615185 29.451511642100844 36.041556510031555 135.3916130441471 118.21902330860135 101.09054601317153 84.03315980221733 67.10110156612274 50.42079083471064 34.36083377042173 20.4399138551511 15.925630016694956 26.233065708536433 134.48641603576922 117.18602625024558 99.88617015732072 82.58718314163187 65.28975601148935 47.99557532741141 30.710126215587504 13.467072567736317 4.280867331661349 21.30735077096943 135.03791105312493 117.81563803064077 100.62069664308669 83.46997967376421 66.39776582072935 49.48537148184459 32.97959309765778 18.03380205522996 12.70808237862231 24.423054362878254 137.02850331197516 120.08170049657454 103.25274420506751 86.61035674344588 70.28718889172055 54.57045232706914 40.17822706306792 29.143711338752308 26.13679799058794 33.40088061338563 140.3969665666599 123.89442153991385 107.6431746230946 91.77681779235682 76.53509921866097 62.37759556194939 50.22960612308167 41.87801478203203 39.78980774722352 44.84858266125708 145.0472906133747 129.11680710949864 113.58821609249289 98.65148445701314 84.62060936959159 72.02693432985028 61.75605721280043 55.12206029180576 53.49553302932737 57.3044690432622 150.8609178998685 135.5859962187699 120.8585935246727 106.90523057734002 94.07097564831842 82.87737950262964 74.07201257300471 68.58102871717665 67.22159915731233 70.23404250601106
95.19621266194042 60.713321312663666 27.40797263099881 71.84489262848027 46.250755999419304 0.0 42.171551279024904 49.853818430116355 24.89877560487155 82.84437469306681 94.1595662684845 44.6476410791439 52.69794932079639 49.735709912173554 42.95895543420175 46.12117983267811 55.65892539130291 54.351768229801955 44.288033466315376 89.51445570734163 97.43804782176673 48.80313230312527 39.00544802242856 93.64422096196945 44.31654274578847 37.401378767615306 35.07237889672735 47.76464187531283 32.79627436008801 35.39421887626115 95.42565114772451 29.223458574605136 67.77613554604515 63.62948034950861 60.80718179337075 51.92749005201417 58.179819056328746 50.94027683390738 45.48522065707274 94.69140202987955 146.78442502001334 134.19925510950142 122.7675885207304 112.84054939393786 104.8463946065152 99.25326904114847 96.47965820910647 96.76830865837783 100.09273076852692 106.16813092517619 137.82772056978422 124.38622274913914 112.00921615992499 101.08846048541979 92.14320065103888 85.7936026405547 82.64015565792874 83.04774919139182 86.96632802293128 93.95762884968273 129.77990415452513 115.44757403990717 102.03995150689808 89.97139311199196 79.85137429734075 72.50050275622647 68.81202182004047 69.37259054166233 74.08582060277276 82.24081611087632 122.81989725006866 107.6015828957126 93.11376395359075 79.75552864074984 68.19394823206943 59.48599598217262 55.00410690543674 55.77650716003653 61.605881549616406 71.2618372480019 117.14186546590352 101.10307797673126 85.55789576076029 70.83205557505049 57.55790203341443 46.982438162043074 41.23702613625349 42.33604342950304 49.82864880518986 61.417858396110354 112.93941510258088 96.22555276626044 79.7628520157786 63.74620108972479 48.618451027307856 35.53363818300108 27.572361888077197 29.26671954648449 39.38980377322941 53.34118900910653 110.38127341673972 93.22386137735548 76.13188492035758 59.16208444090173 42.461197954373546 26.541800815418064 14.307124512480653 17.425073761557833 31.643093114688426 47.93381114220865 109.58269451180564 92.28127928175054 74.98010186923483 57.67937627784956 40.379683261745605 23.083344512281062 5.820340923236541 11.559651555702091 28.84594114866598 46.143956250538416 110.58181697195722 93.46014145014806 76.41969893822434 59.53028878337287 42.970370377434584 27.34525057579867 15.741196863032446 18.615057863511108 32.31049412800092 48.37487191997934 113.33109148286667 96.68286193630989 80.31142446536508 64.42812754685733 49.505069951469096 36.73186484294624 29.09325439099155 30.697143508399318 40.45888530824413 54.13167089110177
82.90515981052803 33.98074091603832 43.37674071178591 35.801992904933506 72.83906487234557 42.171551279024904 0.0 26.95689719703123 31.984112883211548 64.68449834299057 61.774516706797726 4.620278054201088 35.292302810908176 36.13057523735002 31.889426768888146 8.90597355751854 19.259417479079794 40.54736186201069 31.698862001200446 57.09555568404768 84.60513293157082 31.338594805769066 41.471503979974976 56.64860316036608 36.96882257931665 53.217905119011895 8.047427255189247 21.012305870183607 31.003738139559093 29.70125278406984 66.37244043040853 13.919899781872308 45.834024822532214 52.71925057743104 87.41716253089305 13.547478866432291 26.382664365009045 38.13567770217291 28.97085969590223 62.10995173176674 112.47229963867235 102.70626104620003 95.10945801150896 90.23146359247848 88.52287904732134 90.16406313890637 94.98153253448562 102.52853181986187 112.25588280692267 123.65007757652644 101.6019818315345 90.73129804996748 82.09787137961452 76.46331689243148 74.51109636462373 76.52355479811794 82.21004623862989 90.88352585626613 101.78322625591952 114.27388733644902 91.62922349478647 79.46029078210083 69.50292534753487 62.817760709754594 60.499430555185384 63.03163287316009 69.88911214200697 79.96677345850254 92.21484330890323 105.88279087268972 82.87883524165154 69.23807881616337 57.59882607049053 49.396770651571345 46.488279346099155 49.809459563408645 58.30529467453392 70.1194373317471 83.86099555663498 98.7284185984437 75.77562068701839 60.597948822943756 46.914672892384836 36.449555329695805 32.478639980636466 37.146499786536666 47.995533728818685 61.85457533209219 77.11753458916805 93.0964457570717 70.81709363216481 54.300583485885014 38.48061736241883 24.73205182728315 18.474382043937442 25.877463661478885 39.95867100542152 55.87897261756848 72.43573498179326 89.27554958193603 68.47086883083604 51.21765116195923 34.013956101873205 17.010706508179723 4.526871896866789 18.717224940948107 35.76157095074885 52.97319049571946 70.22920598141384 87.50335617172087 69.00396173704462 51.92493928316484 35.06515445484286 19.01693843812298 9.614363807147512 20.541207085116998 36.744517126374404 53.63852200072437 70.73001978808179 87.90388790742496 72.35274891882703 56.279720253486694 41.21412883150766 28.783898046286758 23.603644337915274 29.739908090354426 42.55000714813217 57.751666220601685 73.88313516649741 90.44827936767878 78.15608580873817 63.536319030467304 50.636553732624186 41.109171275653814 37.61082295248782 41.68801619785752 51.57435445061172 64.65789998564414 79.37304753553036 94.9643299898626
56.03897827705017 10.859590529497861 34.25983383135523 25.180155893741002 60.617491418698165 49.853818430116355 26.95689719703123 0.0 26.892216703072442 38.42324923048647 44.37195323014942 23.08527055526126 8.645173397244017 10.968097802100772 11.39810448802442 18.95494131516134 16.12320115748709 14.240364042661074 10.036697189221247 39.778450444250524 57.797374753065924 5.882456905260373 24.313225619971888 45.71838551145576 15.566163503039395 39.20129113537618 24.53442371845927 6.033563495854398 19.731699538261026 16.63069790389582 45.78389486280626 33.807673901775765 20.07386452545412 26.07048018485747 73.24686586800729 18.83591511558759 11.398210772788815 12.741233451950645 6.401759382708446 44.92327985413029 96.99107142727749 84.42425539966354 73.79929896501514 66.05991841310201 62.2911211894881 63.20719423223444 68.62076720445513 77.59616386110875 89.06297920664191 102.18590190911301 88.5170895739309 74.58321663235071 62.35975867217657 53.042671898190186 48.342660504871205 49.59035036653842 56.39233207135365 67.07972589029985 80.1123359823213 94.52505154354681 81.62550152870215 66.29833795286602 52.21996385151206 40.70733997608918 34.43774564630365 36.24275122685324 45.1644063594106 58.00705199437156 72.72221431073517 88.3794700211847 76.7439035307474 60.21554466062358 44.282146841513864 29.91014643098931 20.664868997545064 23.625587450685888 35.88887814676888 51.15238398552097 67.40795814048907 84.08216739831722 74.26977088295067 57.04378855639179 39.88360791451347 22.937392381140004 7.762678646658527 13.896323681256353 30.40838478931523 47.48626475826775 64.68333817486389 81.9245784593705 74.44356416242458 57.26884766914523 40.203368993930276 23.486467178815914 9.253685730197336 14.777027969742319 30.818885583633715 47.748928350138044 64.87549541639949 82.07565381658978 77.24741092692393 60.8530422618222 45.14126999593335 31.16226897920166 22.43102774735942 25.177892097408513 36.92441931739662 51.880733226895664 67.95969000178165 84.52301282381892 82.41327287945494 67.26145463172682 53.43188451271548 42.243775364201376 36.232776633392426 37.94468235790422 46.53483648885041 59.07529404010867 73.5730724912558 89.07755551517066 89.53316497556104 75.7808733035394 63.780837690976796 54.69873055647945 50.14587084256772 51.34166895249661 57.93122602949604 68.37242351877678 81.1926783418323 95.4380170818559 98.1828155828487 85.78454273801898 75.34456724564795 67.77398762134041 64.0977107779672 64.98009849303733 70.24957948373661 79.03345607567688 90.31203953393025 103.27117377952278
70.94839660897993 37.4922991472113 11.424098402936142 51.245767637716284 40.856112843786704 24.89877560487155 31.984112883211548 26.892216703072442 0.0 57.95443913726273 70.96652855777621 31.815049118128737 28.17070568978572 24.941094485256592 18.292984596833225 30.8979824612131 37.24663477016923 29.46748647402255 19.714448856071524 66.46405415170095 73.13709129684074 24.609726813255357 15.58711662000825 72.44699498231093 19.435998405124113 22.053241086299476 24.12064450049805 26.68300641793757 7.977757380489414 10.826454710593294 71.34586364099694 26.279151168369392 43.20674624535715 38.977781587010746 55.5046785513084 35.58735382289818 37.033482036215936 26.067743721498875 21.52525181481556 71.54751182040006 123.44961894541507 110.17915808680314 98.17215219907466 87.94761048766892 80.1902677792573 75.66281805356186 74.95285957569446 78.16448307793083 84.85356683411989 94.28284747065698 115.34480321208223 101.05902086484019 87.86423145351748 76.32834362642157 67.30976388316233 61.91839782255225 61.12173971339633 65.08872055944657 73.04732318328152 83.86880651306409 108.47083595838242 93.17440770518256 78.71290248820381 65.64049477642679 54.9575368856961 48.27721964240366 47.32601591241577 52.41675684145759 62.08046217007034 74.55973402878311 103.07437265324602 86.8625493126492 71.16591097839884 56.41612832223629 43.58532346614577 34.861003224033425 33.60962521837363 40.529402984174176 52.482057339258056 66.81922190644805 99.39643901031717 82.48538441052666 65.77793702055672 49.48077566045457 34.18580297762646 22.083996343457574 20.135750986500355 30.362902448615714 45.133967545853785 61.245048875385095 97.6315024659748 80.35974971261213 63.10453187796743 45.88450700137083 28.762953456489058 12.163078141789057 8.202860341908696 24.193942118991913 41.2567597162875 58.460303444971 97.88312330831009 80.66386817450655 63.48957916910136 46.410202878093514 29.590546348949754 14.000256040698744 10.729731549083162 25.158703125569453 41.82710581356019 58.86226679669787 100.13609763137744 83.37115031537392 66.88026957159002 50.93037706597395 36.242892479712445 25.13766694905387 23.430075568285634 32.63044099886181 46.68226660695444 62.38936967509302 104.26073352007114 88.26069476765235 72.85812917241685 58.52666735097511 46.27247189324533 38.152582852096664 36.997358835198604 43.3669990038499 54.69273904012833 68.5609354081714 110.04672320118584 94.9960642131071 80.85124776109149 68.17842351696767 57.951460054200844 51.64442982692528 50.74074952685999 55.50496656717407 64.69683211187954 76.74151404214102
19.835038524691335 31.059277639775786 58.696870198844195 40.66077032955312 72.29438832765227 82.84437469306681 64.68449834299057 38.42324923048647 57.95443913726273 0.0 32.204753888330224 60.37218342331096 31.695303996835875 33.57608633652575 40.433420492577625 55.986007446245395 48.16544457138845 28.66961288732343 39.34777723841216 31.00905217393316 20.94770758505041 36.121691679121724 45.15767435648202 44.921633905630195 38.52827520499604 55.551057466499884 62.9576107472041 43.938619817791384 50.15159608001075 47.834447375293415 25.022783858413895 72.12704892661952 18.881967117011946 20.24527123443277 79.00553302204445 53.45539292010992 39.72354599238809 32.10438329528427 39.500967748852545 32.88135942770138 74.45738337816644 58.33084795477867 43.12521900482821 30.262055661155753 23.885357837446065 28.704345189810446 40.939948144701304 55.918959959430026 71.94783957351723 88.45769589521572 71.1549604915503 54.07230988686957 37.192931024734605 21.012535965199607 9.92231550296313 18.817309849361912 34.76266794662547 51.58980658364153 68.65337815192285 85.81245625057738 70.58336319757888 53.32136698756407 36.09762752933054 19.016381563127787 4.34975182598696 16.58105644481714 33.610356192547854 50.8241495023577 68.08263964161075 85.35871945608075 72.80694588060165 56.218763933160034 40.23629515893967 26.001566458980513 18.218546835511216 24.216965531495397 37.94363412464008 53.7744298145194 70.30200006690424 87.13073570871619 77.58572342031572 62.25715929888315 48.28117440343549 37.21422083232452 32.20920947741528 35.898142442212894 46.245308941217544 59.89398200085704 75.064359540863 90.99854712602964 84.48716019741642 70.6354822518188 58.64610458780757 49.880486460295586 46.21107433960155 48.80130090145008 56.80117660446346 68.33654566529867 81.92738491473364 96.71097373072098 93.04000585948503 80.62745138089507 70.31233840528824 63.13128969164437 60.21619661418607 62.17006290592672 68.5779767799702 78.35468631200591 90.41388513348531 103.9643216325243 102.83292358934557 91.70701160566709 82.73106017247862 76.66398889446896 74.2225882447298 75.75819793901444 81.04506796104539 89.42028887817439 100.11173568230338 112.46073854937552 113.54538882645555 103.52542805622497 95.60935382372217 90.35185763137855 88.2294915045224 89.4656555324425 93.92784051316936 101.19016889842193 110.70292089184944 121.94055297395843 124.94096634124267 115.85666910329142 108.78397274262974 104.13356769537438 102.23653633659669 103.24476281767905 107.07621109464961 113.44519011847865 121.95478500027608 132.19224732074454
48.511292142704974 33.548234196452974 76.44077418014386 26.321461693195342 97.53563753769072 94.1595662684845 61.774516706797726 44.37195323014942 70.96652855777621 32.204753888330224 0.0 57.21708691842382 43.6667672500372 47.737553568634425 53.27176880303798 53.36865192063815 42.55782127113466 45.04199526188717 51.73261630487305 4.7428174389536615 48.481757693487985 46.52149520553819 63.752642388563906 14.754241333569952 54.58258380298103 77.63596264895239 64.13157761185211 46.70928535976937 63.31014349335089 60.25625907373386 9.483320362422447 73.7988842108811 30.46892547131109 45.02801052918646 106.8689643630539 48.230269442689185 36.87709953863414 47.56953033558857 49.45309068040064 0.7113065980774589 52.627716738510166 41.035600660653536 34.59584278321436 36.17363705846256 44.932166229148166 57.688603466020325 72.35853951961401 87.99005271387735 104.15108436908599 120.62899832640446 44.67517532741975 30.226688988530697 20.73995641687038 23.35274042673067 35.48614950936312 50.713851725612095 66.95695882395366 83.62586646055767 100.50894674494461 117.51392614659977 40.31396997052605 23.33863906357463 7.92977953085081 13.408361756372539 29.92324110261439 47.007765131866755 64.20882368343638 81.4526213601205 98.71676375146475 115.99216696047425 40.71506471095398 24.021736340449397 9.751123658436669 14.554665293131968 30.451690008743963 47.344332716600334 64.45447641371233 81.64549278765449 98.87520785663014 116.12639768034418 45.753380062223926 31.791626203819398 22.95112982418726 25.3280946322488 36.810074017325505 51.64457255677231 67.66131356913718 84.1882176263556 100.97509482103021 117.91096096150483 54.149569302947306 42.961342323627214 36.84949234526193 38.324930675647494 46.67357506994473 59.04872548673123 73.44241571872575 88.8793111172168 104.89986909264051 121.27299864086727 64.60740490122798 55.51522523608299 50.876956764364316 51.90077319175948 58.28907974825469 68.55832852034352 81.25006481570547 95.40232013332488 110.455119265651 126.08633981393423 76.2835293971303 68.69846998807634 64.94979391374726 65.69752437947314 70.79934123381736 79.42053738139735 90.56152508516828 103.41107736680347 117.40956113826209 132.19248162687913 88.69798600567363 82.20871145593138 79.04362607925066 79.60025424049793 83.8044700084939 91.1529537552533 100.96145714813055 112.58887043725248 125.53077203677326 139.42158647060796 101.58028954391843 95.90770857839007 93.1487683767601 93.5615769431794 97.10569218478743 103.45981525984344 112.1473246952613 122.67347978276644 134.60762976032353 147.60865990197607
78.7944869132131 29.5317219769087 43.01461125338653 31.34584171414738 72.45294755244474 44.6476410791439 4.620278054201088 23.08527055526126 31.815049118128737 60.37218342331096 57.21708691842382 0.0 31.595787100295258 32.804165337581246 29.167504616695965 4.396654515011538 14.671684919074313 36.99784919786262 28.79253147704759 52.528589586750684 80.45261111402309 27.84526374238769 39.679831163796266 52.41096451216263 34.321625102630094 52.25129209489931 9.581388009007858 17.06211229519205 29.688038839782834 27.984665758672627 61.75428508210055 17.606873568254702 41.496908139998716 49.07534284058291 86.79062751889542 9.037505159314048 21.789508529062278 34.794471844592685 25.771072151362635 57.5607341575249 108.10933214830432 98.17809476839282 90.4926939788144 85.65976775374757 84.17210189184681 86.20306513939312 91.51870256462536 99.59445855882132 109.82312237609267 121.66289087805241 97.39179210418285 86.29338951617213 77.50242829021443 71.87066939773253 70.16301918236724 72.65669146237558 78.95460581887666 88.24598663861998 99.6973818478531 112.65199131830674 87.65195229748254 75.18310265271035 64.96792456865077 58.20534027551804 56.15683543530409 59.31287222307305 66.94132932846215 77.73650653775076 90.57309446192549 104.70293475866171 79.25127202742387 65.2442600514567 53.21247699573386 44.77752598308427 42.15674139643409 46.3471654369624 55.83577285002932 68.45372307069276 82.78221887183118 98.07438099160912 72.65589648610401 57.09214171363714 42.881881046249525 31.889003184455166 28.172168031264484 34.19273759914575 46.296061202986444 60.96078236624176 76.73212114782865 93.04907076510399 68.39023730177128 51.581107945837104 35.25208457436925 20.579622638954163 14.24938245320242 24.10978149731374 39.47443297388817 55.9811824149279 72.85785710356636 89.89635437568828 66.9014834670118 49.59955824881412 32.297638781432106 14.995744970569573 2.306700582402683 19.608237348607613 36.91014332470015 54.21206500926174 71.51399100088827 88.81591878244252 68.37129487031852 51.55610491365676 35.21565829563299 20.51745277168409 14.15986550098933 24.057230877644958 39.44250965287895 55.95878323952464 72.84072981016612 89.88254035453616 72.62023229959048 57.04695606409766 42.82198037806176 31.808781197350417 28.081753319470394 34.11863022179502 46.2416126167197 60.91963802426917 76.69959326483905 93.02237723936632 79.20222520797994 65.18494755569688 53.14007171596269 44.6918558624949 42.0661581711308 46.26517340863268 55.76805359844638 68.39875918524035 82.73699074876303 98.03639090773595
48.22575888161685 12.092212167336607 32.780514695993425 29.40646567004985 56.2790403735644 52.69794932079639 35.292302810908176 8.645173397244017 28.17070568978572 31.695303996835875 43.6667672500372 31.595787100295258 0.0 4.313476408053296 9.896745096712138 27.546025400713273 24.135976752929576 5.6428899788880456 8.457452601541029 39.41410629801729 50.09251859109759 4.440052731004584 20.53357432487535 47.76791376486454 11.118179269287186 35.20878320827128 32.014564826691235 14.635195676661052 20.223526280449764 17.375188986418962 43.26198902182941 40.7444132596347 15.079845243970999 17.480458068298837 67.9178369423101 27.387515148050408 17.647252953570778 5.134013040573957 7.808977929312364 44.29467327853026 95.70282831493803 82.07096542312048 70.07820199248755 60.70390790379129 55.29623392723428 55.03709249061487 59.993238157740045 69.05066770818243 80.84243816545944 94.34884163129693 88.33647000269096 73.39038761140938 59.7299890602404 48.45513110942913 41.55518507883524 41.28525913081731 47.7579037911128 58.7866282921357 72.31613579081197 87.18993556398566 82.74431439221449 66.58691668061273 51.18323481712822 37.47452100085178 28.065389125506133 27.743513727262062 36.74845827718477 50.29817056505974 65.63591153644718 81.76154321424158 79.30267272118948 62.278908310821734 45.46563284373228 29.228375754023897 15.497901742133612 14.992824865817592 28.427055182752838 44.610794266891254 61.40733908684794 78.42392780371215 78.29570169453879 60.99747350281661 43.702176576947686 26.415569184641985 9.186835531586016 8.350280999479327 25.568927087505376 42.854713462955104 60.14978381946024 77.4479187261538 79.81561776455234 62.927798243596456 46.34646891917194 30.57441753534242 17.897130240616356 17.450844419549096 29.790419734250143 45.487566233040944 62.04418338997921 78.92119575940336 83.72489639213474 67.79606960689273 52.739597940949814 39.564285491353566 30.78813960924241 30.482712370613584 38.84831174010242 51.84492506826227 66.82297916325707 82.71296265845751 89.71167196644407 75.03252935363703 61.72747520086655 50.88601269100118 44.35308038976376 44.08752150151668 50.1889203295749 60.768826343064525 73.92886544398804 88.52574990279204 97.39350824992061 84.02745524061521 72.34935009010204 63.300403808020434 58.121865298730974 57.862412403878686 62.58325456894478 71.30193668791631 82.7645216142135 95.99303797622764 106.40381498270045 94.27876174005314 83.98741921546832 76.2756635961738 71.97746680196262 71.70929644895975 75.514099789229 82.83250531287861 92.83726194374066 104.76153431938651
48.885386348966335 16.372055515613006 28.728479694010257 33.57867152519797 51.98476266058528 49.735709912173554 36.13057523735002 10.968097802100772 24.941094485256592 33.57608633652575 47.737553568634425 32.804165337581246 4.313476408053296 0.0 6.868923135056797 29.02377944591042 27.058633734929693 5.054275346479321 5.804858289061442 43.550815575053285 50.868642357200386 5.171524699410237 16.247124042887968 52.077995295276075 6.872434905412883 30.895348336827055 31.946883583675348 16.454841645324038 16.970016012676655 14.379195722479894 46.94815602139143 40.09614466745088 18.430758152052753 17.016198593322247 63.742009647204306 29.668745604231397 21.290925369468514 2.0064422507376567 7.205044288804133 48.37542756441813 99.55865921157721 85.67700233244068 73.26574603101521 63.19722353649434 56.732770887695466 55.15454859952601 58.85694418344101 66.96980091593075 78.13109047868151 91.2287184628834 92.41179806649446 77.2971082523701 63.312327176778744 51.38836353812477 43.26409999123085 41.249316301930655 46.151220451000434 56.18780569871468 69.15857991349966 83.71053785653054 86.98552523025049 70.75196262470347 55.17163055909182 40.99618774419707 30.268399170114943 27.392965426695863 34.39888238305904 47.06274164678548 62.00992002218034 77.9375948992547 83.61557307033951 66.5849412615881 49.7419088731517 33.37174473271741 18.756384174528538 13.734747931505307 24.983942979950584 40.72424665416311 57.371106638311936 74.31780567856929 82.55420045991347 65.25330407686705 47.95315394373998 30.655013524512484 13.366687549873767 4.0398538037759835 21.27642127538825 38.571561890227294 55.87090720444355 73.17147502869541 83.889093328563 66.92653133777539 50.196152707015436 34.04202444845126 19.919278169883583 15.277708904640049 25.860233337071357 41.26508790034435 57.75444418302606 74.61271137434588 87.51064383530631 71.39364083084797 55.988397589631695 42.08395092265588 31.719500830812528 28.981098802005338 35.67058998270334 47.995702294749414 62.71756878966827 78.49910176562642 93.15248554599108 78.17709969703193 64.37885457009105 52.690791982300716 44.796281643186695 42.84622251524462 47.5772567940562 57.35936357459906 70.10921808608207 84.49386354511167 100.47479166022207 86.73503894900283 74.4946174611325 64.61135277223907 58.296686105072325 56.75454292058987 60.35188895934813 68.28118838506715 79.25268891913574 92.18652039001229 109.13975958691702 96.59687342912022 85.72697290000333 77.23963297503836 71.98261606233498 70.68042318750066 73.54343289868525 80.12639962431525 89.61323788601854 101.19048366875226
55.33124466859105 20.404604095322 23.491151959111605 36.41228822675725 49.22127628406159 42.95895543420175 31.889426768888146 11.39810448802442 18.292984596833225 40.433420492577625 53.27176880303798 29.167504616695965 9.896745096712138 6.868923135056797 0.0 25.925729067585713 26.613328693874102 11.803158087649312 1.5538806956539535 48.9076538597987 57.36778104042019 6.8733146495866215 12.93958806928873 56.30359291181765 5.166787408065855 27.803763442881976 26.682968780498516 14.894649396018059 10.330940569328197 7.564765904220171 53.14828341155976 34.13525832968411 24.914314554601233 23.136382841496566 61.97950698747282 27.881679857608937 22.796314933170272 8.402232628160867 5.018265774666242 53.882239123570166 105.5020523318634 91.96442878473133 79.89320644836299 70.05060935715973 63.48185934655556 61.249491598867415 63.81025886510345 70.64483853738362 80.67423657883174 92.86908443054745 97.88445115513429 83.15787218247853 69.62614622490285 58.129780446935335 50.090369494629 47.30456069053662 50.64682036304783 59.08622486129478 70.8234857123143 84.49528325871094 91.81644989033995 75.95654124366996 60.8871084937634 47.368680999864715 37.135589864533536 33.36195835885172 38.022317558690766 48.75531904887316 62.50738975959714 77.69153460611619 87.6206800255917 70.85171777642465 54.41746051954749 38.74617220790184 25.29789449737135 19.42711571797502 26.712430404728586 40.600576412381415 56.40896582789974 72.89888751116628 85.57304380605164 68.31509124108942 51.086896699625534 33.93381492840857 17.08361890443746 5.559652168012784 19.201116833858467 36.12712971142516 53.295117719956906 70.52859776330875 85.82745662592221 68.63205189138921 51.50803851133104 34.56169504335113 18.29362582381455 8.57414577811158 20.2753163821962 36.706595885509145 53.68773749314598 70.82432760912702 88.36403340238166 71.76479539051 55.59568725074881 40.37680212092117 27.720082672388624 22.477342869217736 28.996034673853355 42.130989027041046 57.51505516997916 73.75401027196207 92.99618152910519 77.37200611409546 62.63602772604967 49.5865273704851 39.913437741061976 36.41494770408823 40.71512505969345 50.87338684708653 64.16532286393024 79.02520430435546 99.43139569234154 84.96511637066092 71.7651774045954 60.66392266974698 52.997013853275654 50.35828212985421 53.49701691525952 61.53540604082297 72.86962818821509 86.2093983605224 107.34580904683159 94.06433558891386 82.29075897926081 72.76078663079699 66.44688407539005 64.3034836548293 66.73365636351829 73.28381163501433 82.98401338992743 94.87291069093531
