0.0 24.231912441397352 67.16921527700393 15.266187530921272 106.74613990184973 27.47937106324036 86.39308754962187 32.316257105746274 72.93710674078793 63.588069004623556 55.537546874234444 8.475382273117736 67.95573552680077 79.8094448154918 19.452451144521135 67.88179540391872 65.91376848273752 112.40960660045262 87.00270278718659 81.67585244431439 8.750398166466839 68.42427208622348 69.14305073268048 26.351089522677512 99.24060414699704 79.36923794202522 72.55784765145127 81.27177040078752 67.19954239830497 58.26682358483761 51.39819387116865 9.33885251444015 60.36896271330616 89.99454548080038 22.803334323071976 80.14288305157822 67.69446302295219 95.1006908130464 104.20665748238888 84.68320589329117 148.6815261492801 133.16807130248526 118.15231162709578 103.85035774611951 90.60087967857692 78.93564801099696 69.65520934948178 63.808732839666405 62.36950471435439 65.62812190428802 143.2645691516349 127.12012710265154 111.32393581308239 96.04797075210487 81.58497850095192 68.45222260394208 57.56741155443613 50.40842189686358 48.64887619124188 52.83104525478771 139.05458082603897 122.37816746294169 105.90261073153653 89.73860770832798 74.09035114502981 59.367080254968435 46.456732226466926 37.2922697936119 34.955778773163004 40.64243126349385 136.16362325774676 119.09836141017216 102.11277354140617 85.2544942390157 68.61742121029074 52.41262860393478 37.20924910371359 24.913535249831085 21.343657056307773 29.818292918002616 134.67670823981592 117.4033626223685 100.13988573540048 82.89244369966502 65.67367111145852 48.514103922135384 31.510614542430663 15.19647082981906 8.225568058757455 22.42990328702178 134.64038234832722 117.36188148904331 100.09147460255384 82.83422446856619 65.60051518273059 48.41549168305641 31.35929640998886 14.881683422758393 7.631312168332702 22.21987270611305 136.05580799380525 118.97564811919831 101.97028184182508 85.08456669383156 68.40716466258016 52.13835864353414 36.82374619889863 24.336797312676705 20.67081759411415 29.342755048506575 138.87858450330287 122.17906911363936 105.67353747520207 89.46941384068607 73.76559767989285 58.9631977329524 45.9419402134485 36.65205249630002 34.275237880788424 40.06143793431319 143.02536997289937 126.85172594575735 111.01876710521613 95.69574326341451 81.17195490619602 67.96175103332801 56.98609742404469 49.74669186755928 47.9661730809444 52.20609662134918 148.38514676097904 132.83860304129684 117.78256274221984 103.43144910740209 90.12265083508576 78.38886830319765 69.03790339921807 63.137504618948164 61.685912696847545 64.98195220981924
24.231912441397352 0.0 50.0401875375654 37.35223031015725 91.26243558840332 30.01742727818754 75.24256846723284 34.91090494957675 66.92439637491873 59.998517378451766 49.41593200828642 27.183507915083272 54.34952419417568 63.50281606192601 25.176841274208968 66.23722368906753 53.35469600065361 96.05598478479041 82.586557620194 60.982710888124956 31.512858739283292 61.73330611175332 52.164071161744914 10.797555478454896 82.97515509960147 59.42367153447465 59.435692073332696 60.945183378527396 63.35216238854795 59.230119221651904 42.57391632527611 29.144711414027693 45.62990741571862 73.15607408246582 30.546953370110085 73.92205631673632 55.78617120572582 79.20228287276217 89.02129935872682 64.27897026961126 129.43669087402418 113.18186968271104 97.2888455045689 81.96833808800925 67.61066922459325 54.97546627408138 45.52039483796845 41.48030804529349 44.36023805239948 53.044798423437925 125.56897199273651 108.75829069888097 92.12966248962663 75.8029911782371 60.0251787101838 45.372464484499396 33.36178703618171 27.677915054714123 31.903526074640027 43.223984278359616 123.18891679367462 106.01425287207223 88.88895919151297 71.84834711537262 54.97122486565565 38.47335189750136 23.179187048305828 13.89472134350512 21.155720578889095 36.06630571895293 122.38338495010254 105.08145476213001 87.77952473100306 70.47759497224267 53.17566575170688 35.873737848160246 18.57181494240136 1.270101297687785 16.03208059963605 33.33400161089546 123.1832806677724 106.00773363988631 88.8812197056443 71.83881618457112 54.958825267673056 38.45571619914565 23.15004128666161 13.846276913535846 21.124086412644747 36.047847907737264 125.55791324233655 108.74558094225974 92.1147275448465 75.78492294955171 60.002465965948886 45.342553493566236 33.32128827779858 27.629317898851124 31.861575957891876 43.193178829265946 129.4205983213881 113.1635499733736 97.26763073800178 81.94327373597534 67.58042176812805 54.93843715405803 45.47587846775551 41.43168283920369 44.31498999641555 53.0071458284214 134.6432753387749 119.07471822444481 104.05510107671088 89.86010357221889 76.9474559840237 66.0733105392277 58.38794707676402 55.238763357195054 57.37759323852486 64.27872159310215 141.074911944937 126.2694741324524 112.18074519888805 99.11482869946106 87.53096093703037 78.09147941476512 71.64900119585842 69.04759060470721 70.71244830384884 76.36505157948902 148.55848480550708 134.54195788302553 121.37599978143191 109.3682224627529 98.94120838699422 90.64213821900887 85.09589647386414 82.85714118127073 84.19014173385214 88.93443628828881
67.16921527700393 50.0401875375654 0.0 82.42884810933131 41.275056756178905 46.78389155907439 30.678357298285146 45.992882433481086 35.55242508493511 37.6378421811852 29.525166997541128 63.92018994264826 11.4893967371194 13.51482536349577 51.77031619246073 44.68896984646983 14.092325341362558 46.04968877494609 49.348816712565984 19.888571960872806 69.77578660532045 31.41497214569159 2.13391979423662 41.907826234064565 32.93765130396818 15.792172253294549 15.094347209662043 18.380831280430154 38.51390398763891 46.90490870495893 24.37675144137503 65.47537596103619 9.198015158789405 23.183828009250625 53.10810539077922 39.43986483807237 16.459906274980145 29.190741880697182 39.12694219996244 21.30917634361153 81.64412043446285 66.68410099883245 53.16467926901678 42.48415927013097 37.17568193627925 39.469807922235226 48.294999936333745 60.87409277905416 75.34991835293856 90.81999829929481 76.21823646139731 59.95119834608056 44.472281239879166 30.98600354951965 23.26353444842015 26.850747771256586 38.72265846367889 53.6342884997088 69.66017893291955 86.18094427849238 73.15939035307389 56.02958116177916 39.05182119487515 22.571856752526198 9.62527407549572 16.568533126191653 32.48230108892853 49.33960562529372 66.42594890275667 83.60101612504387 72.7667465518347 55.518277820191734 38.31804303392962 21.28330691484838 6.033188706290058 14.78286373314835 31.612975750360054 48.774387673088285 66.00920414174792 83.27185990126941 75.08215105827581 58.50677412982469 42.51432301272221 28.117690766165758 19.299047579371777 23.516244844464733 36.50049501528031 52.0602567395147 68.46142240584842 85.21956473996364 79.87040455465208 64.51045989762461 50.424454398612355 39.0174322501333 33.17834670752429 35.748477086063886 45.31901135912937 58.55237160006284 73.49595840704043 89.29523972193022 86.7228064914113 72.78694298250872 60.61134975962465 51.461005807841815 47.1321256263926 48.921796386183686 56.24899826222579 67.32948980600915 80.63047400087497 95.22599028362812 95.19455890441888 82.65618716713163 72.11644629087003 64.5617045248146 61.10925358544636 62.44328125238881 68.28382817698085 77.62019276224594 89.36331895780266 102.69082988401044 104.89392818865439 93.61568317542604 84.40226336453325 77.98893476164902 75.0965497828459 76.1274956455866 80.93197981736506 88.90028729284576 99.2734746227648 111.38164303602585 115.51196410129894 105.32551465515755 97.17298441496371 91.5990635289711 89.08907147118778 89.90000861471906 93.94591592673582 100.83815431905334 110.04320192493245 121.03451527900128
15.266187530921272 37.35223031015725 82.42884810933131 0.0 121.93729775583118 41.26040626887724 101.14299225587678 45.5906970699012 86.79943352313859 77.02394343795685 69.77696038522238 20.627891344281675 83.1043501058949 95.06870887051016 33.52238641627917 80.62841180069604 80.98192260274259 127.64608372386027 100.21151103151973 96.64153537939325 15.948483726232695 82.52091712897023 84.40659399695174 41.294549108184164 114.48338771075872 94.45086975279823 87.6423473747517 96.30103043976273 80.61716427331791 70.45501922213894 66.18714195289375 20.002097474456388 75.6095417988518 105.25817994045033 35.650911314032115 93.94398175571392 82.68096638622828 110.33115763371366 119.37947368473807 99.7074875934191 163.9046638034957 148.31264948405797 133.1436680315785 118.56020342951854 104.80695825578206 92.25598258283618 81.46487162133751 73.21595083800835 68.4347628702292 67.85830269321076 158.52982155311258 142.37821786321055 126.53105889744992 111.11867598959242 96.34993921289303 82.57094382460265 70.36554616641692 60.690680966919444 54.90088133221889 54.25453098009632 154.24013191805045 137.60823072079518 121.16409414504447 104.99598058057185 89.25401865827892 74.20990119895312 60.38745487421198 48.835291106719176 41.49496704343484 40.71221688400255 151.12809141261786 134.12705148073755 117.21408632017209 100.43370098246211 83.86551569343068 67.66558446099603 52.178042191004806 38.27760470435292 28.399157127277967 27.32323915314637 149.26742155412288 132.0367102991921 114.82741573221446 97.6508614850311 80.52800073111584 63.502282342518996 46.68012030471204 30.40131919219671 16.375579183923666 14.518670277163846 148.7051300261055 131.40362990624558 114.10226031157694 96.80109122888123 79.50025356696099 62.200023878921535 44.90110492051884 27.605960857155626 10.333563075162644 7.0844601790276105 149.4558801038714 132.24874894262732 115.07004665922857 97.93473449940664 80.87039845867194 63.93389566086946 47.262852474494665 31.284564498119693 17.955034665000333 16.271296997653852 151.50014232818938 134.5442031190052 117.68900414520408 100.98500104923583 84.52188363816357 68.47362139756622 53.216862719172795 39.67545544714654 30.24828406947889 29.231579675503042 154.7866465132859 138.21772001761576 121.85267825192258 105.78618600786903 90.17795731749789 75.31344969542381 61.73226310048949 50.48102409386845 43.410830023237665 42.65409027030486 159.23845035909753 143.16320678828203 127.4096611846597 112.11350511543071 97.49026913846761 83.89258254412437 71.90463488075665 62.460274664862055 56.84182956009916 56.2085362469464
106.74613990184973 91.26243558840332 41.275056756178905 121.93729775583118 0.0 82.81224279674437 26.482289218189745 80.26588870213034 46.75697384022412 56.32763066123304 56.443742461255276 102.26661664521451 38.88231704931026 27.769717835502536 89.37968915196798 59.5185753245796 41.286901580825415 7.128966503518278 48.307339315210484 39.07838403927316 107.99156474799874 47.44409847774229 39.14219946618146 82.6635806613415 8.9037561969482 37.28916044088523 34.646449724318614 37.61316668549513 54.29816861317433 68.05933546107106 56.913013898522415 103.5588270648532 46.494881719392104 18.76246342446675 89.27004287337432 43.533758696967325 40.07854879215212 12.09221216733802 2.858411088180854 35.94648417978571 47.9540620661086 38.84038436795202 36.28038073477921 41.50498492811858 52.228045154811475 65.81474611837082 80.83378063396555 96.61949366156125 112.85061009120832 129.35958031389956 38.336905229993285 26.124595601462765 22.225703896497194 30.06959523642502 43.738889186779886 59.33558394845147 75.67723464342659 92.3692989556528 109.25127990685506 126.24701247307698 32.30964042275085 16.082136882486214 8.48944586208359 22.004989372022088 38.66628667661965 55.7194507809356 72.88995793091289 90.11075430199732 107.35764256183737 124.61979013720146 31.971578093682382 15.394914296415907 7.109034704429415 21.512479413244858 38.389433108900775 55.52858530683955 72.74484453053198 89.9939688712247 107.26010380586558 124.53617430896975 37.47699876123578 24.851550892423106 20.7216136166601 28.98072641449802 43.00106137820223 58.79635702385938 75.25718213137885 92.02709855711959 108.96348846599697 125.99923933023743 46.807460097633836 37.422163153329656 34.76501083477889 40.19330007111206 51.196723252990935 65.00319439838484 80.17751431022529 96.07372184229878 112.38591533117908 128.95633218013978 58.14988634415249 50.84730456500639 48.869104613072054 52.816969757184104 61.561165578829474 73.40724640555608 87.09863630627848 101.89417535792835 117.37706505489354 133.30802576404153 70.54021121323196 64.59623030955754 62.99300495031881 66.0473959020583 73.17849730929728 83.34638901290717 95.58683373912106 109.2051241305305 123.74720044202488 138.92326740413773 83.51318461544918 78.49885008008675 77.12568515074949 79.582394679386 85.53962919363296 94.33654206470031 105.26358611064273 117.72912272840114 131.2956758636921 145.65592005206395 96.83477006504847 92.48572613686589 91.26291173933849 93.28934158776313 98.36440475660271 106.05132562338336 115.83127333891055 127.22246960641253 139.83169287999033 153.35879682868628
27.47937106324036 30.01742727818754 46.78389155907439 41.26040626887724 82.81224279674437 0.0 60.35220313472711 5.2794888980618415 45.5922294887105 36.10896853919458 28.561402146498065 20.637189925243682 44.218276220222826 57.59375686513802 8.04278361984556 40.5874172466947 41.55592007739311 89.03941957285926 59.528023316007 64.8043262033872 25.874984450281854 41.26051205668844 48.40042052997176 21.259330483154354 76.1497260391069 61.4951609490018 48.16862948139862 63.839176746454676 39.720437214814275 31.52019137510244 25.92849748886911 21.48253872740572 38.3173978660339 67.77243891029518 6.481779108396533 52.77038158665427 42.78426571365037 71.83294836316226 80.11054506185349 67.14243582131373 127.53211194607039 113.24367441363617 99.91251709139333 87.97490215150057 78.07270205573764 71.06195370982434 67.84502034134668 68.95493721674333 74.19778304885747 82.7920872629243 120.53774653575191 105.34223884464073 90.90283591066093 77.64253483570525 66.27292209080906 57.91836096656213 53.99696491150919 55.457256065564444 61.919638476262506 72.05050558931784 114.84805244111749 98.81219296364507 83.2846297409765 68.61133556605785 55.47438084068038 45.232778332909035 40.1659966440453 42.181940232481715 50.438384409126925 62.509606513147745 110.66453441868248 93.94006327981776 77.46962017798303 61.457781140488635 46.38195689773171 33.529438400121336 26.379363222778313 29.431762086436315 40.43880173597993 54.80031936952104 108.16216496954635 90.9926303683724 73.88488680469467 56.89470169780766 40.17151392206865 24.27358330943295 12.781863281881433 18.33734107291485 33.28442567751255 49.781128694749164 107.45849080681933 90.15889956160119 72.86041919283518 55.56408724050741 38.27281656612125 20.999113696914417 3.978775606443942 13.762707790100057 31.011404147888683 48.29819706624764 108.5884952320996 91.49668202062624 74.50192460404187 57.69006104671344 41.28512979767157 26.06708971551551 15.913416197144164 20.632326308395477 34.59568452469891 50.66302706672254 111.4964240998741 94.91418360332555 78.64261744682422 62.9232045956251 48.298110131395276 36.12194036870451 29.590388267696678 32.32795922697367 42.58300348538944 56.39358821681915 116.0486620171741 100.19878403164937 84.91763719474713 70.5756212313138 57.87517548970449 48.133750988483435 43.3922164800406 45.2505838469702 53.01934219253731 64.60023510092216 122.06131481967998 107.0743211729231 92.89539017219592 79.95557740248121 68.95602064036203 60.95628589303212 57.2285102015159 58.593801316006164 64.73069062022984 74.46870917574829
86.39308754962187 75.24256846723284 30.678357298285146 101.14299225587678 26.482289218189745 60.35220313472711 0.0 56.966515755244366 20.281142960621835 30.121936158748465 32.197511690155785 80.73831758152107 21.53249326849825 21.712153607288784 67.70316269913077 33.03924608766531 21.925237644765158 33.6003991149549 24.625817212741566 41.75862084911033 86.1862837719292 21.4330761196469 29.02939259322101 65.23799919445608 24.298772259261572 37.8169014686129 16.46651674678891 39.749867463843884 27.884264852571015 41.76653610581366 34.99529855039914 81.76252218285632 30.394132981344573 23.39427607431859 66.59224418345082 17.603170104572776 19.461567051176697 20.817037993318877 23.65514242693362 40.38951005689846 74.43620967123314 64.423587147737 57.95468864912214 56.2653656936929 59.76232008294575 67.64596448797863 78.60735465545774 91.54755040257002 105.74256402943433 120.75066788189444 64.32777633476837 52.4797699965698 44.372227825696726 42.21809846750166 46.84598133135054 56.61650808939658 69.39032282778058 83.80518903074817 99.1479067204899 115.04785959603267 56.01416683482768 41.93119689426208 31.26617035024404 28.206936955032052 34.819519310815835 47.200384599151725 61.9843805822208 77.81362550695013 94.16244974164059 110.80109799314857 50.39182262590563 34.098531111658936 19.61623085052035 14.338614088979998 25.002156859155004 40.53803761441943 57.0987722463308 73.99945771980443 91.05098761665339 108.1820576687268 48.40783024648598 31.10608305979565 13.80479559117752 3.50285071716355 20.800989130820046 38.10257128246464 55.404371052214636 72.7062330814127 90.0081214664952 107.31002345916542 50.492934174990886 34.247099048865934 19.87218628660426 14.685243792593566 25.201618709515248 40.660784409561394 57.185573310943745 74.06613803800617 91.10493079779123 108.22724532338803 56.19597822851149 42.17265781024883 31.587779505356497 28.561376209595736 35.105929093367244 47.41107416659119 62.14421372349374 77.94040219609518 94.2667435476455 110.88931974255408 64.56519239820696 52.76919165215979 44.71259162592416 42.57403969955398 47.16552349901614 56.87995342527673 69.60442759212586 83.98171421859004 99.29645033668379 115.1752860612874 74.70977388659344 64.73803372276876 58.302432136611635 56.62183379731187 60.09649256736074 67.93999309660347 78.85933547537806 91.76298168436624 105.92824321014291 120.91252415332849 86.00364287931025 77.44539547340763 72.09466727300239 70.68367489189306 73.43985172326336 79.93328983499282 89.35288973565773 100.8822881458985 113.88249336765351 127.90581537084856
32.316257105746274 34.91090494957675 45.992882433481086 45.5906970699012 80.26588870213034 5.2794888980618415 56.966515755244366 0.0 41.26052304594696 31.452909499918928 24.827886500325874 25.018871134903296 42.17410116318355 55.93789971818488 13.072659576666315 35.57623936627557 39.27757147786125 86.67515510649235 54.76622790284487 64.7372328859313 29.881297005341366 37.177592011062885 47.44594775403317 25.615874209810183 73.97180362917499 61.19745187882055 45.75395344860104 63.63020498672017 35.05510286758841 26.29669811284291 23.49959118487018 25.6145359430319 37.146582014961474 65.98870365731574 9.9582923731014 48.3728997425722 40.204378017576886 69.62208300060905 77.51498186347476 66.85334943875141 125.755524035417 111.89178834951241 99.11499211183045 87.90039766638246 78.9168362664297 72.99276040044266 70.89928055945944 72.96685401806445 78.86890689706426 87.83584719898339 118.27331630938313 103.45173443212789 89.52453842874299 76.97871279019559 66.59954266518719 59.531282215693395 57.01881847314013 59.64071911658581 66.79508000001299 77.2324262620569 112.06684374474916 96.3286551377626 81.22897628634612 67.19961183508322 55.06481206370949 46.337713356824295 43.1385939206189 46.61970985070728 55.53882302011196 67.78221620049882 107.35768547509436 90.83302277247734 74.6613207564161 59.13287583064261 44.919823984522154 33.72823098753964 29.259288102815212 34.25387147486269 45.70841145494262 60.03248654186345 104.34882667121676 87.27290973827398 70.30758396342046 53.55804695334287 37.316013536516934 22.698409221655066 15.38385966767891 23.597053576754305 38.41472606798373 54.71082034100809 103.18915433821483 85.88938894036235 68.59071573583076 51.294239743377105 34.003314097911606 16.735151673186333 1.6182788699128015 17.99683151474643 35.268493811512016 52.56007001505878 103.94059799014272 86.7866379952391 69.70585346439744 52.76935027664442 36.18031921900651 20.787965694636323 12.408722151048659 21.783620036464825 37.3334791726204 53.96076427491566 106.5627252515823 89.89637790071461 73.52423624401048 57.69729698976705 43.021541740367525 31.16790395091099 26.281811750326497 31.760655381885293 43.88000730292172 58.65902369372837 110.92291549705139 95.00154700699507 79.65802131038197 65.30093765532843 52.74211061973203 43.56551022400967 40.16071219608267 43.89211320614838 53.28093536968097 65.95380368504397 116.82666925556799 101.80232084061802 87.62222122144958 74.76826880077058 64.04399762571087 56.67161978667046 54.0408233808346 56.81415263140235 64.29606933428086 75.09207927200545
72.93710674078793 66.92439637491873 35.55242508493511 86.79943352313859 46.75697384022412 45.5922294887105 20.281142960621835 41.26052304594696 0.0 10.64751665636512 17.794120205476016 66.17793578688251 24.11580108305605 34.09449997764006 53.52673953389759 12.833319656841242 21.573635732595594 53.867739560719336 15.91348451813352 52.97215620423475 71.14156731734971 5.300203221705512 34.98080313693034 56.1864302801069 43.80300145634305 48.58782237217722 22.054513884518695 51.04321397323252 7.767345429482094 21.76440093597227 24.44048482879885 66.8628202193943 29.755445204813352 40.285205537372335 51.217883360131125 7.223641431098402 19.09289771875059 39.858345581193475 43.92242812966862 52.83008850610792 94.70973834152586 84.27957222094263 76.38616903454982 71.87027281929764 71.37586552851873 74.98253806231719 82.15191183384731 92.05531484242178 103.91397467226636 117.13554559457958 84.50728130562403 72.68395302043764 63.42815676350266 57.98277955636191 57.44190100248993 61.9341494453571 70.5039243958607 81.88080027511337 95.06221732462463 109.39781753669693 75.58940587278545 62.14310990169789 51.07326552449863 44.202888022816374 43.56623328884575 49.40488408651876 59.852927876436155 72.95620531671186 87.53026521120462 102.95237382576717 68.46011939821776 53.28690110327629 39.88620302681404 30.676278069332092 29.83066144236343 37.913218929603104 50.829769414293466 65.79231132405074 81.6841507361442 98.05448595034963 63.72271365858856 47.07605319600349 31.15185135741876 17.98425454317105 16.587389485883097 28.732596096482855 44.43754242675359 61.012628081418505 77.90442159364883 94.94403368417643 61.92863691609896 44.62911464024623 27.332641238519123 10.054962992995433 7.337907380370287 24.602867492849107 41.89833998184252 59.19758692558978 76.498047704546 93.79905067545212 63.32856120374982 46.54359569311344 30.344994449204723 16.554269189024737 15.032688409949039 27.868124541604423 43.88616823425721 60.61412303480284 77.59420604935688 94.69087847158609 67.72468913240807 52.343075682762496 38.62216451311977 29.021639811831772 28.13449002598432 36.59991047316622 49.862484196166406 65.05145025046234 81.09146067871627 97.5636652452463 74.58906367451138 60.9280190188697 49.59459471381391 42.493874731954634 41.83945740972639 47.89630721305886 58.619770850905404 71.9527905375518 86.69968765277625 102.25053962333729 83.3137290267285 71.29915992206887 61.84384808692581 56.25345737236017 55.70403904678685 60.333465386581594 69.10870208988328 80.68827016946612 94.04190427928845 108.51663999960734
63.588069004623556 59.998517378451766 37.6378421811852 77.02394343795685 56.32763066123304 36.10896853919458 30.121936158748465 31.452909499918928 10.64751665636512 0.0 11.294314329334416 56.47177418353028 27.21796349896844 39.81469963740434 44.14041045291905 7.465806623772391 23.937584784541198 63.36778353677375 23.455594703466783 56.781118457377765 61.2229464226352 8.947673393184278 37.66886055861553 49.20746767445084 52.470995155687945 52.41108981639344 27.124828293702542 54.99126280444232 3.6114742401957916 11.754649381790138 19.356324699938984 57.02692897371739 29.878523136966148 47.569885075210344 41.373489727134285 17.255590288716164 22.377095766761755 48.306721934262804 53.470996401420194 57.273791013891234 104.14849331829762 92.91354036752426 83.77129291387119 77.46624593595696 74.72011250491748 75.92007229044586 80.89070249959778 89.00247376007428 99.4900051754825 111.68602479074391 94.42424667311526 81.9194243196463 71.44467316651141 64.00457865726624 60.72500618950403 62.26686267033147 68.30441800741956 77.79794582219931 89.65624769654177 103.06629249947468 85.93380424223929 72.01721962163695 59.89193635015676 50.85578693652267 46.736292082510104 48.795018576487465 56.35893527814821 67.60479451161703 81.01351617815031 95.68006204661575 79.07573309524807 63.718217884099644 49.65641329527715 38.34339366450275 32.76248860290962 35.71069652927745 45.56133666994167 58.95019352853048 73.98056231357272 89.83223390627504 74.30351986842207 57.718301112292785 41.7193408070776 27.355372545948203 18.837232083228635 23.66596952742783 36.932733590561654 52.59930990933756 69.05113967959664 85.83789533052999 72.03300393336322 54.77831060578966 37.5670928899559 20.50909851262763 5.354743095565466 15.34395397736615 32.26319996405487 49.44800014562492 66.6933944487885 83.9620539649778 72.49964191312839 55.387716194079744 38.446239162922126 22.07126365365402 9.740699445598233 17.359001844443753 33.26412237390416 50.103711464301156 67.17868070009474 84.34620057607225 75.65279484712552 59.437435182164364 44.056588084235976 30.787467027899464 23.525820244360382 27.527644835008672 39.50682424551394 54.42901812047721 70.44826317877153 86.96038452048784 81.17997821256525 66.29996572648504 52.91397534570154 42.45937890923807 37.47553424327143 40.05919638851434 49.028252087644496 61.65635838413262 76.14427289342368 91.61386793745098 88.63811929967069 75.209155276798 63.67745686092737 55.244190804691414 51.45603321037509 53.31253811790608 60.29453306990807 70.90370474298818 83.77314966552993 98.01656234366958
55.537546874234444 49.41593200828642 29.525166997541128 69.77696038522238 56.443742461255276 28.561402146498065 32.197511690155785 24.827886500325874 17.794120205476016 11.294314329334416 0.0 49.17854329923646 21.080891608574817 35.07794492304962 36.28198478993154 18.56833607287053 17.65849613625542 63.1468025695674 33.18910133581134 49.351078124848875 54.415299942435524 12.941007801021678 30.068102287820057 38.63001251508391 51.005097206406155 45.12595592431359 23.061004493961953 47.73737706203595 14.222483032343137 17.541852160362826 8.09831096966987 50.039320190510736 20.77517179817871 44.27338893449429 34.60024184750621 24.986717509448724 17.403967235419213 46.65395954080117 53.62684246935486 50.412626108352384 103.21730921280438 90.55098518666281 79.6482345859452 71.32246479664266 66.54802066605679 66.09899002632666 70.05859168205083 77.75621140701652 88.21872201501994 100.58702586755595 94.74554802421949 80.80880609675899 68.4259296251208 58.59055365402601 52.74749795218273 52.25365569352243 57.247628395043755 66.50441948249727 78.53079074305488 92.2498390714402 87.74122118066363 72.51011379996125 58.4432878530474 46.60714290508059 39.08375912665638 38.49105439198209 45.103091822910024 56.44221025766248 70.25570360106019 85.35051998080495 82.57869120946911 66.20014723573114 50.441942485779364 36.125205121057284 25.77561141788304 24.94884082553898 34.339743574417305 48.318755515910205 63.94448448502204 80.26084271333553 79.61712420550703 62.4844327079754 45.48005412135754 28.831917086738763 13.88656512201674 12.373644041226834 26.68502521658321 43.24103609694622 60.2179123071941 77.33899307916725 79.10415556035983 61.83249914937937 44.58432454478036 27.404006259825668 10.62594198090704 8.576435552957372 25.157769585674117 42.32003088581802 59.56316124707808 76.8327330063848 81.08627679680112 64.3375591206976 47.98302547605038 32.62103532194043 20.605949348396745 19.590567706571587 30.686927657019382 45.807168723070944 62.077515053663504 78.78864788432742 85.38988527421088 69.6598198315408 54.884032589002466 42.08006784736791 33.58445666449965 32.92123769688096 40.47726023554356 52.83670924145515 67.40723724725454 83.03289688799731 91.68861360772743 77.21887534239455 64.16705327715138 53.57956622522144 47.14692228664063 46.621859883518056 52.18300998002618 62.21927688246914 74.95407576967443 89.23951874882371 99.60460047077935 86.42973023057738 74.9520912631347 66.06231593146161 60.90434362573815 60.44124786594793 64.77380411532837 73.0536983343152 84.12333722365307 97.03259645725547
8.475382273117736 27.183507915083272 63.92018994264826 20.627891344281675 102.26661664521451 20.637189925243682 80.73831758152107 25.018871134903296 66.17793578688251 56.47177418353028 49.17854329923646 0.0 63.39047189804022 75.9722916545298 13.0405605099521 60.337685673355125 61.058052526075386 108.21053337645249 79.75088636080619 79.84677083890477 5.858081895598734 61.8962138470042 65.78537236282658 25.80694094084278 95.12788052341777 77.16534897791308 67.73103236335803 79.24274276221496 60.07341452893876 50.438770852828185 45.90232832946708 1.9847135354155483 56.405646941801066 86.21616428206745 15.141228215582032 73.33095932551082 62.59198304338439 90.89321376283117 99.64216276524816 82.64858377622495 145.54240754254812 130.49210578401969 116.07100349773967 102.54490205344744 90.31681418841859 79.98429731817976 72.3639386335288 68.36872323385766 68.63465541416213 73.11525446941786 139.42617235086567 123.66585851758002 108.37679995998937 93.78974441243994 80.28823528673786 68.51703784771662 59.51190979207231 54.657565996353654 55.06297137044205 60.62269619195802 134.50021139179069 118.11045414913656 102.02233815831697 86.40452057989279 71.56556755591795 58.1052952178563 47.21785462130963 41.0064854351877 41.62022934245815 48.80226145736179 130.899044039924 114.011900324574 97.27063909204644 80.76602733793283 64.67948085328474 49.42094135032163 36.05736781179772 27.505421868786332 28.489872234960707 38.281947924141974 128.73394984431818 111.53098375726883 94.3642073668752 77.25774863980816 60.262995416975876 43.51103661373397 27.450041832950404 14.577794240657342 16.438739978555116 30.441173730804035 128.0778094070897 110.77647847700571 93.47536950542782 76.17463372901236 58.87460014713407 41.57614532859055 24.282643543201523 7.030739198095777 10.388907982092292 27.66118442171841 128.95366767677598 111.78335905988617 94.66098905021283 77.6182894883028 60.72237979623676 44.142139538938196 28.43522618123194 16.34956338374279 18.021289844635014 31.319931073568625 131.33086479603838 114.50515558587914 97.84566855134882 81.45445748243766 65.53313684202541 50.52786356205476 37.5532629633766 29.430251673301267 30.34372190814874 39.6743342256667 135.13015692512477 118.82404308717153 102.84382287187461 87.36850332285826 72.72113603184249 59.51618823280106 48.93561567027543 42.96413718046649 43.54129614181149 50.442805623452756 140.23595714059402 124.57396424049097 109.40712756784033 94.97296806905227 81.66093234001086 70.11311705657616 61.33423678794973 56.627079456120946 57.00931291975471 62.387462666080545
67.95573552680077 54.34952419417568 11.4893967371194 83.1043501058949 38.88231704931026 44.218276220222826 21.53249326849825 42.17410116318355 24.11580108305605 27.21796349896844 21.080891608574817 63.39047189804022 0.0 14.132043201455968 50.53927375193847 33.908097687067574 3.446011458649701 44.88354503683254 37.950997281347355 29.594513851151437 69.12953604025216 20.210009503483956 10.881687444681006 44.81231567895489 31.932183491876245 25.211747786340368 5.135251868044051 27.782126118170357 27.62542903883563 37.50098502026241 18.717138814604297 64.70208430901121 8.896653036856772 23.879265455852984 50.69969987585198 28.007380150481428 5.07341048629247 27.623536990270292 36.285911590184924 30.074903517743326 83.59061075983806 70.08465079635779 58.60911835781708 50.5658149312925 47.72291831289768 50.95836175361978 59.28519832614567 70.93248378613988 84.53876139941607 99.30201160583617 76.3228630593028 61.27777158129519 47.785554015175286 37.55876826193938 33.71306857092333 38.22550104175821 48.83149481239889 62.502390830883 77.63562875187682 93.52401222073608 71.15504309098634 54.738590053536036 39.0934524244558 25.67088821117176 19.707934400315242 26.76793889708768 40.53830441641205 56.292960437233916 72.75405392320542 89.53278185857559 68.56371688152964 51.3411430350336 34.198773505822814 17.375635127662076 5.743059159212927 19.04642240822947 35.93414991660018 53.08929741042528 70.31640857198444 87.57302424270708 68.8404963338155 51.70850626042584 34.74533876505838 18.42337575293813 8.38547818511995 19.998124328973688 36.44512273247061 53.434840949638 70.57641777291467 87.78093486634049 71.95228699274273 55.7663218697285 40.51351445006645 27.776216412153165 22.369682387913958 28.774960103993962 41.884425682081755 57.26537389476927 73.50545644181418 90.14151292773475 77.55855870143007 62.803231156584424 49.717891746722636 39.97747836010097 36.376309497305556 40.58300271777226 50.689559347586965 63.95771919299484 78.8064423892221 94.49353406314886 85.1680530095673 71.95031109681034 60.81774743174585 53.09849961019829 50.386546235911055 53.44958881875771 61.42974988348243 72.725998920809 86.04201758184784 100.57876407106554 94.2969544513749 82.5086014671371 72.95283563188212 66.59772031467958 64.39790128086894 66.76538205983009 73.25869236953122 82.91410608270031 94.77001203276978 108.10483146864361 104.5478921647744 94.00366319136889 85.68429847263779 80.2844486223723 78.40962792421568 80.30709922966669 85.72674026765206 94.06168817136748 104.61745428191045 116.79343163308569
79.8094448154918 63.50281606192601 13.51482536349577 95.06870887051016 27.769717835502536 57.59375686513802 21.712153607288784 55.93789971818488 34.09449997764006 39.81469963740434 35.07794492304962 75.9722916545298 14.132043201455968 0.0 63.399865626505985 45.72613775273918 17.46526013522821 32.75534570172499 44.61359272755108 20.16097729750386 81.792402967253 31.622341717358363 11.380905569259147 55.092931139733075 19.574948174855 16.117318599623662 12.691234484168815 18.14640845710707 39.44579498695364 50.821724317810514 32.66541803517915 77.41250507676456 19.5666818080604 10.245362171750049 64.05726306866174 35.524979843940294 17.885594645434093 15.699509060716768 25.614825249487392 19.205727474572846 69.9383557285568 56.03592624660578 44.580077171598155 37.86090797938368 38.44762993404289 46.06190361011824 57.99900432687361 72.14413949604291 87.43212250776295 103.35706096106296 63.495708917347415 47.7942342667646 33.698421180327344 24.198953151895136 25.185433487695565 35.801309598839474 50.27795203384439 66.12656149466356 82.56078240977666 99.29025345760107 59.77553401509727 42.752730360104955 26.099629152956094 11.545498379408853 13.569068721441795 28.87306567263652 45.62785792620652 62.68063591536985 79.84069150998484 97.05113664989179 59.29256601609097 42.07793861603727 24.984213658435667 8.751138591082979 11.299000031220142 27.883074746622334 45.01086306104795 62.23506415380166 79.49303181729815 96.7667013250491 62.122360099651395 45.962599371366274 31.05873911214617 20.38239012388485 21.562703836948174 33.36420812829976 48.58088501619471 64.85172481532346 81.54815664190971 98.45389433346975 67.85165649681176 53.42110013969722 41.26122640553502 33.90976087327421 34.58270050395539 42.9041102865122 55.53620799479719 70.18893310894892 85.83362090097931 102.014914773834 75.8259636799137 63.20049474193561 53.27035734646246 47.74790128053502 48.17360117650732 54.408016805133904 64.79561253426535 77.68792173335733 92.03834869847944 107.26324975084151 85.41873174400133 74.39092719453444 66.10866469563827 61.68789370612904 61.96073026635527 66.86974759604072 75.516153073621 86.79003853759603 99.80494670196884 113.96595616706476 96.14662833669777 86.4460207454191 79.3746850188016 75.67332752157026 75.83699711838189 79.8419283526327 87.16021266275322 97.04513164835285 108.79934851945038 121.88324189807133 107.67075848365874 99.05043271738234 92.8851904328587 89.68279307452036 89.76091876436509 93.11131023173324 99.40364198736403 108.12551215509002 118.74276023285087 130.79462613642772
19.452451144521135 25.176841274208968 51.77031619246073 33.52238641627917 89.37968915196798 8.04278361984556 67.70316269913077 13.072659576666315 53.52673953389759 44.14041045291905 36.28198478993154 13.0405605099521 50.53927375193847 63.399865626505985 0.0 48.5983325353453 48.120153245721 95.41184109587273 67.56751160546204 68.68523784564817 18.63314336027783 49.096021177575565 53.54774036497102 18.72346596863985 82.38064293405277 65.70362059197043 54.78850151864412 67.91171258656337 47.751753844296424 39.34128207569423 32.86912744458413 14.191831374271837 43.86606954895124 73.64078692228928 5.399920702427822 60.722149545496805 49.5948056507649 78.11528423600441 86.73271147558087 71.2856378333376 133.19646631164568 118.45441273742092 104.50018914047371 91.69418486929048 80.58566822232731 71.96505181532018 66.80254350656432 65.91572901427418 69.4685484260089 76.84769017768953 126.73988777070278 111.17930930151225 96.21527350050836 82.17432242851005 69.61723962143856 59.49118600934695 53.20284529632343 52.15922408432518 56.6509218034094 65.54974904492076 121.5716825510651 105.27770019120854 89.36341984838882 74.07397617829903 59.889845360596425 47.80522668591614 39.781808788453155 38.45193640550914 44.42090731914325 55.37679199460696 117.86153554365883 100.99075327925546 84.29492072236137 67.90320902454451 52.10344188925742 37.64840291794729 26.809448941781785 24.875722855768448 33.43003660452544 47.064252165485264 115.7497929372692 98.52951727746232 81.34389996081259 64.22077096043328 47.22814691151399 30.58433217636565 15.460205842579526 11.888970971508831 25.345421142173123 41.73902479730854 115.32432561364737 98.0316366495893 80.74290702460198 63.461372739678936 46.195109804620955 28.971435144890286 11.975536876716165 6.796797573464537 23.402841187809198 40.59437200778692 116.60359989616497 99.52658780353723 82.54329761551715 65.72642096658353 49.24673568216639 33.60404243673013 20.78303373706904 18.25785981541374 28.86999357915455 43.95811351698418 119.53287667523746 102.9275532809146 86.59539638909489 70.72590021039495 55.715815338836386 42.485998055545195 33.23517438414943 31.667055998491367 38.72643655929183 50.94487388569202 123.99523160939907 108.0546645872283 92.60403484586674 77.93527862400714 64.58337009404721 53.54268750661126 46.49011435248292 45.32709712746926 50.462504792463044 60.308263946473275 129.8326249754727 114.676563008452 100.2178341922354 86.80559353403606 75.00336285589653 65.6848110539561 60.01817191082673 59.06406783132909 63.03684518606421 71.11554110122475
