0.0 36.49817049571371 32.11249462607176 24.0193856585062 15.761564001780624 15.529422189508951 36.62936531272697 15.155632056621691 60.4777987073915 90.39832719638606 62.3571359271041 53.0246398055186 34.974107894536836 53.040953041606045 82.66135786198458 19.967023188099553 13.795032090695743 65.58546452225876 30.643824002761605 35.66899160046575 9.9582923731014 18.833786374846376 34.66054630161397 24.77045527293677 39.1051138023773 21.73311016124384 29.93389854497758 17.715288946510455 19.310337683910923 57.123047002829615 61.0763539117345 47.804736876536076 10.52977635041862 54.04615364480849 72.00847522069503 30.165858906658016 19.250154541729614 63.612503535734355 14.647935856413254 20.27373645451877 80.60180985536293 67.94754725651487 57.75627900263561 51.51123673801155 50.692488757284735 55.54053008951578 64.79563032232481 76.88236530570309 90.67537505194717 105.50758430567167 72.53177946781149 58.19561791184041 45.94897159328183 37.876023707179634 36.83185426154634 43.327646369448765 54.74204532669986 68.66443947324984 83.85479178128189 99.73542046796499 66.5263051379501 50.55136612918732 35.83075679706899 24.71754074962096 23.168549409027698 32.577871564615506 46.739329505063 62.50218638094396 78.91256462114141 95.6377204903447 63.177008352187855 46.076165936503614 29.213096787610844 13.509635593873213 10.503749677190099 25.23609585748109 41.97744137531982 59.042898879954365 76.21506088243291 93.43511318505222 62.90962209800202 45.71054000881196 28.635638979034805 12.217184947325642 8.788221253292667 24.574773529305915 41.58508857386278 58.76591806338753 76.00171114142368 93.26199924656567 65.76175378171386 49.54555780440755 34.403895096390386 22.609850937856805 20.9163663921021 31.024104639045607 45.675019608530086 61.714110426890386 78.29282915599745 95.12946142283101 71.360299023007 56.73565318532107 44.09403993842102 35.61379401162547 34.512436017135194 41.38335542097084 53.223715785899834 67.46594465546136 82.88094717357846 98.92197465849351 79.12434301511898 66.19636462663115 55.695224416769754 49.2001997645792 48.35352719273064 53.4244310044985 62.999828296162946 75.38228706684711 89.4130993882408 104.42996591705109 88.48559062111819 77.09616549916905 68.23952254028129 62.99318100682804 62.27635173405422 66.23625768698092 74.12715018454394 84.85942299718191 97.4992495502244 111.39919375102798 98.99183895098983 88.90721104807925 81.29136095495852 76.88149158248018 76.2359975513913 79.44668709306445 86.08315776056217 95.43337572488774 106.7868603632564 119.57434123326135
36.49817049571371 0.0 22.796434572249193 47.02074859744582 34.44276897167744 41.49109581270017 47.463693400287504 23.057361073727662 60.176943334749986 85.46351381777176 78.50201215798312 57.798319875910074 56.44634892285575 71.36633541573646 71.56215342710344 40.11159213363992 22.722980331230627 61.27764937587884 37.19373257774967 57.08469875663677 33.205209583912854 47.173349510662156 18.589567378015804 44.1569181668161 74.08569846507592 58.027567042613605 36.93061660062546 31.066440490881785 40.08391101893664 55.129270456945136 74.90764602657822 47.820036881580215 45.567976225598876 75.97124569965253 69.94032153946954 25.543877888201767 17.295375372464687 60.75592094872523 38.30884017741398 38.74529568024091 80.95668656984213 64.17490509459144 47.765718668372976 32.30203412193353 20.099528090063842 19.05971518679872 30.35237303887477 45.584783071791286 61.91437990336831 78.66079406167603 79.0754997793307 61.79600259096054 44.53392806422861 27.32231877378357 10.414461064386794 8.314230997904174 25.070010304164292 42.26816695758643 59.52649830954683 76.80445042948725 79.69203343330689 62.57941702663955 45.60986459709404 29.03530837203297 14.302153211378737 12.83616419483644 26.901593010905405 43.374386132157866 60.3132830202627 77.41291827296654 82.75046999878133 66.413323573793 50.720109326001726 36.51082183196429 26.31086107607414 25.498889960490875 34.73954586353836 48.602359853317346 64.15803456078991 80.43026851211114 87.99652180130495 72.8174237572901 58.82238454003121 47.079454226223795 39.64320199641596 39.05634757488202 45.58420202577249 56.825584289108 70.56260307148756 85.60211002935908 95.06865990645035 81.18567391355626 68.86855113815074 59.104493550520864 53.31514901930196 52.82394539614584 57.76619629735313 66.94921804790383 78.90603459018512 92.56795842513485 103.59347731699519 90.97758217233557 80.13067050763428 71.85833450101467 67.1193571331085 66.67149278551969 70.59645729167991 78.23888801296998 88.642424358304 100.957056106051 113.24327356605693 101.78297265714704 92.16392976343641 85.01345945250247 80.9880765251833 80.55762349491461 83.77753147355432 90.25796789782905 99.36301460063407 110.44545478969926 123.75504683433947 113.31214876717497 104.70264763131222 98.40892086642914 94.89287072298752 94.46516842287913 97.16660485717226 102.75066947104297 110.78231346435912 120.77421826712484 134.92735378202525 125.36544021301687 117.58508584975523 111.9583281545663 108.81975044609351 108.38572298343175 110.68806539863473 115.56334501916022 122.70526320003732 131.7457116404366
32.11249462607176 22.796434572249193 0.0 52.49324162732257 39.92678410891556 44.560346864817824 59.298603955271375 18.13497651809831 77.60468828544724 105.17197190686952 89.39417399715519 73.10612712852132 36.6985034773771 80.87147305838236 92.67523381902735 46.20358444941458 22.408893087406565 80.15865706500618 49.714611649645356 37.240572762640525 35.42909483223687 49.45604285490592 5.303066091372304 51.28500343889906 70.60395604735955 52.2815336925844 49.1898655317497 16.628956597043803 45.8274218211772 72.93594179878703 86.8641388725269 64.40932887766567 36.65880301783742 83.55572469205184 88.36053214878781 40.85547718425026 19.84156233573433 79.12487591634525 42.076541634487846 21.94292614143713 59.36894564551023 43.318933824775826 28.759349711320752 19.400572449962944 22.899259254999553 35.65223394038077 51.15172864048142 67.53242738354339 84.28208588495329 101.21770152142354 56.442930980822176 39.232801390322955 22.16606507631067 6.493817506791685 13.846240625736188 30.659102758068094 47.822131625460656 65.05878459734178 82.32282868177687 99.60002148522312 56.99411736972422 40.018141918700366 23.522056382319803 10.189984113918584 15.909041517126838 31.63973156819703 48.453697602770944 65.52222672503952 82.68782718502163 99.90047307238918 60.92820108481618 45.42296855873063 31.826991639979887 23.69345183698365 26.61790491378991 38.13603286908153 52.90474537230509 68.86347436569189 85.34726158089984 102.10212023152943 67.6575691734493 54.079471942870256 43.247412090924776 37.61375768730591 39.47097199261364 47.956514058044945 60.33575721728202 74.69730052084122 90.09814958600953 106.08663044878395 76.44749848129656 64.69520098528173 55.90544382980385 51.61461887903424 52.928439682714945 59.47664403315116 69.80131271353075 82.49652077714221 96.63244401650512 111.66325781122386 86.67322374231563 76.45827172456616 69.12437667440273 65.64437615408407 66.62493020864943 71.88373296193832 80.58755076446624 91.76125623621394 104.61642073614327 118.60756874024295 97.88567806954323 88.91434330665724 82.63532799512393 79.68762095261387 80.4382927869425 84.78917072949847 92.23215552301649 102.09319303632107 113.745119140111 126.69477772659053 109.782809730905 101.80922859462079 96.3153325808795 93.73813579475168 94.31703697407555 97.9961191782645 104.44829262974947 113.20036590410004 123.76538448148466 135.72062664639276 122.16460426726175 114.99525191358526 110.10123537894962 107.79291602095759 108.235854040804 111.39723559783745 117.05701491412337 124.87594654100417 134.47793852337938 145.51043438243468
24.0193856585062 47.02074859744582 52.49324162732257 0.0 13.012633655334014 8.528462830029008 15.956962773363777 34.421233647052695 40.84878166581474 70.46294368770272 38.36224397214996 32.01485586104073 57.72617690209846 29.142216208859924 66.16091078342554 6.918454344757869 30.147240736427346 47.29256852354624 16.898800406212626 58.38495814995827 17.11827817330995 7.11306598078732 53.38462774944167 4.227385973140204 32.939117141971245 26.365213957629837 16.429091559780122 40.99550296934163 7.027946345011424 38.83784348939359 37.105733044836505 30.36030975999104 29.970961584573345 31.07018925870722 52.018170846612186 26.061645344688188 33.91889851069774 44.83568943481707 10.44982262603504 44.29269296304733 104.60218369202079 91.59478428173658 80.22646304302123 71.28575894145298 65.77025676008287 64.56382200451178 67.89654439306672 75.16706433183744 85.37521637373422 97.60358995434315 96.44441874420414 82.20110184144852 69.36294010343337 58.85673160039557 52.11250645267218 50.655827721806695 54.909138719379946 63.73943227620243 75.55870577251619 89.18644453096915 89.77765116024983 74.30481040508776 59.84221002992777 47.325282923266315 38.69084849064563 36.782987382630274 42.51707439806253 53.48945803273418 67.18072399519535 82.24405317658027 84.95373320721617 68.42640791606917 52.40153547038439 37.52838451044867 25.87565406437882 23.009354783613958 31.43282435391276 45.22527602088471 60.83863772666338 77.17554790628702 82.29743834440332 65.1148101262267 48.01793289451432 31.148330663470396 15.27836276423398 9.764808055908732 23.579394096561586 40.191260462077054 57.21363693276105 74.36515532549105 82.01967879081487 64.76501190574639 47.5447082950859 30.41718705093752 13.734071167496682 7.124437879045507 22.618664435978847 39.637908725843296 56.82813649033084 74.07039791496177 84.14401636667316 67.42313221917999 51.09064287819294 35.683898115770354 23.133074662870715 19.890939283612507 29.23818652752573 43.73563079288634 59.74488274208249 76.3204323260057 88.49760822325356 72.76021883770532 57.922192443866734 44.884512450532256 35.678658700062776 33.61580080386391 39.82192347285725 51.38343373880485 65.52432437472888 80.90318321866172 94.7736803553786 80.24343042916337 67.04228800869997 56.11622984056449 49.01118992044806 47.47488640555105 52.00322640894796 61.26588684194814 73.4941143213306 87.45263520786911 102.62002993863362 89.3349787404456 77.64857676976236 68.38537627594533 62.62996941481201 61.377207626282406 64.88840674364933 72.47443832143988 83.02576863027137 95.56520009578891
15.761564001780624 34.44276897167744 39.92678410891556 13.012633655334014 0.0 7.454753473153489 21.368208140504787 22.120347693797783 44.72898209580507 74.63769037581565 49.69439053760918 37.48420508006723 50.68132772078806 40.97554115295526 67.21023641735073 6.311030646844273 17.525316580017698 49.853566151097525 14.9374385596521 51.380481688686174 5.992945935327962 13.02425676453087 40.51570240786162 11.35987604172101 41.39664925904296 29.003510038151127 14.226131961574639 30.125582213317777 6.024411794255048 41.373079577187916 47.591386264830554 32.06339206298992 25.09313686687265 43.782108162293284 56.25949103742115 17.463628093984436 20.94770758505049 47.85608000041082 4.321642050704251 34.870830501933185 94.26960661511606 80.40284164942634 68.12617324575388 58.450272360624396 52.824175518648005 52.56475075346377 57.744375021998955 67.11537077207085 79.20374652246362 92.95533472811343 87.19262539114672 72.01590062533683 58.040782799802216 46.36681462139495 39.11185284957006 38.836826255915035 45.66801527385909 57.10991743602729 70.96635981251494 86.07910481294057 81.95938644735561 65.61347917305787 49.916200161368074 35.73284476427244 25.705176879775617 25.365070648155896 34.996117879619725 49.03856126946556 64.6803175870203 81.00010643159695 78.93752391261314 61.81541606794751 44.831593256274125 28.23669513578686 13.544860964413227 12.974154036422927 27.420926232315182 43.97952735050807 60.95246971668414 78.06997765592405 78.38326241994531 61.10931112766699 43.85742255645074 26.670445215389517 9.892689754297086 9.117647781015354 25.828496267470527 43.009353235250124 60.2595323570081 77.53277721034665 80.34769262439274 63.5982438342585 47.24863547295671 31.91931258433086 20.098843355280483 19.692549838901495 31.15030594824101 46.38532773135462 62.70221466079107 79.4370747479354 84.65563110265987 68.9369810948807 54.1917655327485 41.47163060118285 33.19267151088366 32.898622212978935 40.762652626768116 53.287681118393394 67.94312822404858 83.61620052815297 90.97471177092213 76.53136625113957 63.53270905004535 53.051517215847944 46.810523382969265 46.54771724535607 52.35320547019282 62.55980759306044 75.400956160143 89.75289473979281 98.9201838819254 85.78431555796492 74.37332054309401 65.59366446634537 60.60002330457139 60.33981130139972 64.87001486242112 73.30784968543779 84.49058420582986 97.47806322328675 108.13402854471647 96.21840891079158 86.14919099576409 78.63886327698242 74.46573264572606 74.19505827411867 77.8675466353723 84.97346514326284 94.7433984524452 106.44632513217292
15.529422189508951 41.49109581270017 44.560346864817824 8.528462830029008 7.454753473153489 0.0 22.191667671340042 26.425482722838492 46.95036427368039 76.88364955163141 46.88947613150693 38.732940209077945 49.72700495231034 37.65918700718523 71.03289586222101 5.826625415900176 22.481354563338083 52.81654591214915 19.065905289167908 50.39958667117784 9.226080531942738 5.685018616517401 45.82833185054583 9.579871119814555 33.962564727068475 22.612798831096814 18.40451076963055 32.50605778148283 5.1342487739822005 44.2590829421388 45.54755585181675 35.20933170965664 22.370645316128044 39.26428858220162 58.380123562116474 24.429449769990633 26.80330226754624 50.56408244899492 3.2126544737505194 35.79834782794586 96.08169491262512 83.09288147348985 71.94343853491102 63.60806778665089 59.28583953804805 59.85258386114927 65.1808972239108 74.25270011113011 85.88989537356319 99.19365565934538 88.03259879231102 73.68348274818372 60.88905067794297 50.83700461253093 45.38754528008385 46.19914694281636 52.98487305867667 63.86811450861999 77.13351419225077 91.75361385330028 81.65216227630708 65.96626171733367 51.3296080742636 38.943786985470574 31.578747982591402 32.81044046056951 41.88724844116318 55.05694379805278 70.04785106188659 85.91184269879884 77.35450221101267 60.591406342227764 44.245115268106545 29.028505301085143 18.066272646164915 20.219754870585977 33.01513227471706 48.68132725786587 65.18018472219988 82.01069155657933 75.49621465298792 58.21149256246828 40.94131002799575 23.71744986936286 6.896198289087529 11.459111414885415 28.526802818310404 45.77072519296637 63.046440433891874 80.33343998059664 76.2558712633055 59.18893273342028 42.313291288447104 26.00408596269606 12.677671687288532 15.618810378202292 30.428344046521996 46.97375874630827 63.92102084331481 81.01834857664792 79.55850546995306 63.36854548984083 47.96144126561857 34.40548887891488 25.80476715060574 27.326633096499066 37.76657611004471 52.00571306819704 67.68740383793453 84.00765209659362 85.10854689120578 70.18047408000287 56.62013115905554 45.66273847661721 39.5352784272763 40.493171250498065 48.115088256990894 59.90937022236129 73.90473384847697 89.06959555405092 92.50227966085697 78.94615828194269 67.13434193646839 58.139862590016804 53.40568482718699 54.062838594907 59.9342444451488 69.71467989301328 82.01743304255501 95.87638837519037 101.33685418134621 89.09065476898758 78.76435147184455 71.19826474422493 67.32944591216273 67.79385824429191 72.50828703672441 80.73157812624237 91.52275820053764 104.08618724036776
36.62936531272697 47.463693400287504 59.298603955271375 15.956962773363777 21.368208140504787 22.191667671340042 0.0 42.52448677758851 24.965288861724794 54.77409689882675 31.071592494567593 16.54785568743142 71.5284364098228 24.1722803970623 50.300188618548844 16.783374881114774 37.61971525768331 31.33799506325677 10.276968457194206 72.21527827670874 27.31965426569745 22.975210748628903 58.79285604824211 12.803518765415477 46.69180142540634 42.31219838048317 10.592944895566204 51.35720068172432 17.477538912703938 22.908313401930368 27.816921381923407 14.819126705752872 44.54397571344307 29.89893065484295 36.27663650201265 22.14256145393686 39.46723011571852 28.882003359694757 22.067451549658394 56.22696073969633 115.4536626472485 101.18268243366718 88.00578112022532 76.49049011113416 67.49272498125696 62.11631069757287 61.32128068959884 65.27524919614545 73.21278666466715 84.01226925857476 108.56019201981273 93.27794205702902 78.8348674999246 65.7860233610119 55.13046419514515 48.4730643968317 47.52484127981158 52.595492034372576 62.23072957120306 74.6842975492919 103.14062005635455 86.94079086727173 71.26094932900568 56.53541238618562 43.73889550436753 35.05192260258745 33.80668200666671 40.692190779472334 52.607273304265405 66.91714421932646 99.43631766202607 82.53321458933834 65.83762994400529 49.559734551457595 34.299458115033815 22.25870910877949 20.32631795077411 30.489015033723874 45.21849886995396 61.307071438714004 97.64275353101405 80.3733560048172 63.121777960271984 45.908112674003 28.800420565482845 12.25100400975946 8.332072538394543 24.237846962192698 41.2823991185021 58.4783138234424 97.86506374404826 80.6420528735318 63.461988091552854 46.37262580726511 29.531850041073007 13.876352557515471 10.568320804124896 25.090613778943265 41.78638110502444 58.833473828811144 100.08981367810217 83.31580821954995 66.81158685300828 50.84056960537276 36.117170975412385 24.956916922040534 23.236964233187976 32.492713842210044 46.58655965418646 62.318133552691066 104.18877732364255 88.1760721452122 72.75606647195995 58.40015281571035 46.11309597452403 37.96003850006535 36.799708649039054 43.19930232705661 54.56049869241217 68.45599641115288 109.95249101617165 94.88738668367692 80.72411809259822 68.0283143365754 57.77560974003048 51.447952632292214 50.541703564748126 55.32392781031141 64.54232252866255 76.61192483022299 117.13539188265761 103.08877561920127 90.18084437832982 78.97193890470554 70.27974803443087 65.11998342514092 64.34807617194141 68.11336859252462 75.74219737481137 86.21498334537038
15.155632056621691 23.057361073727662 18.13497651809831 34.421233647052695 22.120347693797783 26.425482722838492 42.52448677758851 0.0 63.194427238697166 92.15590219798969 71.80893394282582 57.48027702086206 36.36390766012738 63.069641732716455 81.69667492965597 28.30422856771473 4.952666173673437 66.86835766580997 33.708723845719526 37.060037016890995 17.31806513316514 31.37061502590632 19.81694741521267 33.44540430190093 54.25631723821877 36.71004427153069 33.09608635960615 10.669598971178859 27.882750488965073 58.964090921661935 69.58435607218145 49.88809173398052 22.79462176515509 65.49097302315717 74.45159035319728 27.49007666001192 6.877014515186426 65.41169645105641 23.98100291510246 18.059575218161932 73.23877650063392 58.6593059344259 46.00671116853305 37.2964915628599 35.55483938668537 41.6650025236522 52.976464371635366 66.90102114181921 82.12000360870029 98.03239702163128 67.52207766675338 51.380036770888005 36.322125275297644 24.441701869427966 21.776321908718042 30.817705970941326 44.98850082611848 60.80222702878079 77.25650662894705 94.015616899955 64.45995353200998 47.30340116538508 30.312559566890002 14.099791714817622 8.801723611314529 23.55525215069257 40.38493311197161 57.49564413287553 74.6945026040496 91.93204934889953 64.4320421528464 47.26553360618038 30.253704711571604 13.973403346486986 8.598762934541028 23.480519958844052 40.34159493230757 57.465355793172456 74.67130186219232 91.91329010405818 67.44211120388687 51.27538342621511 36.17461788785907 24.222973912126516 21.531683700198876 30.64613830140311 44.87170193571424 60.71626576461205 77.1891940243437 93.96057615694524 73.11587292065086 58.50648643279089 45.812603438886626 37.057899433758784 35.305648054310645 41.45355541003641 52.81110986534111 66.77077947500536 82.01443931105315 97.94440829620706 80.89471066713035 67.93784923572501 57.32233692635089 50.545534618200286 49.21944368118908 53.74902799169125 62.881350105442316 74.95246613191948 88.77151555751672 103.64165946271429 90.2357540329344 78.78308910073406 69.7836157844162 64.27616212273672 63.18062269588726 66.71470027669339 74.21998021723716 84.64664066193357 97.05769504990784 110.78823331998646 100.7051108809834 90.53539385320936 82.76762738744395 78.12161779886397 77.16332427303561 80.02533648446051 86.32852811868729 95.39318359100648 106.51661187083968 119.12347439921038 111.98665039593791 102.8842562199928 96.06249691906567 92.02993684992373 91.15749044961778 93.53362860385204 98.92453750520257 106.87498017356424 116.86373038111788 128.41602078476046
60.4777987073915 60.176943334749986 77.60468828544724 40.84878166581474 44.72898209580507 46.95036427368039 24.965288861724794 63.194427238697166 0.0 29.976349857350584 31.845015868851 9.573708990687349 95.40445624369012 32.304395608995826 26.81967266179823 41.29798226133133 58.29435343214688 7.5390847720045135 30.10100052997513 96.1048557523476 50.66048805235831 47.91719569180147 75.7423105126402 37.74538107101514 69.1241502683769 67.09907145912094 30.790833995958685 73.16922923978278 42.00858234411657 5.183048251624078 26.44691792941542 13.316394166759725 69.13508567002278 40.275419249813226 11.530776541476092 36.74928387497757 58.42971394026975 4.712525477091978 46.38558444653431 79.02153953009388 136.19243303484834 120.8156974724185 106.03387813940476 92.1337641102295 79.57873009617215 69.10582245689183 61.783102305983874 58.799535569635175 60.79733263444196 67.33455685816988 130.6430415745711 114.55324095959064 98.87360304239516 83.83458358518385 69.85119249921897 57.69613890704839 48.756573492278974 44.99184521039576 47.6448578022915 55.80772775679803 126.41615356622718 109.73087322653096 93.27054211455986 77.1792222330507 61.74608889354697 47.615496153024715 36.3400644649612 31.18772078801374 34.97794164635373 45.52963547953653 123.6475357762912 106.54438914519754 89.5176671805361 72.62114527439371 55.97285832366337 39.88487333997416 25.44322106694138 17.396091505891636 23.592427293753975 37.54055641631525 122.43619521791382 105.14267385983892 87.85246368679589 70.56799860965313 53.29486862911219 36.04937113332894 18.907269462165388 3.7584651673955904 16.415871125451268 33.51938441698083 122.82823186540219 105.59684570733016 88.39302115293134 71.23672956287062 54.17314993762366 37.32963694714994 21.23644273757379 10.352984631982313 19.028798347219904 34.8671640285255 124.80853198584893 107.88346191617345 91.10007577183003 74.55412133746603 58.447591596235505 43.273960654070144 30.460813027782173 24.12047558191317 28.886749672681702 41.05851949802611 128.30354714359174 111.89020266815217 95.79008946783455 80.19209170029274 65.45615667259976 52.31588540438582 42.28595309634192 37.92042111155735 41.06727882030385 50.33677568665678 133.19404461789824 117.44108938158456 102.19034146443865 87.70417756620908 74.430370799351 63.13824429922822 55.06084044351534 51.72673263337377 54.02142213020611 61.31617804830022 139.33309463387565 124.32939774790039 110.00263419570163 96.65429332349798 84.747966397685 74.97383345193178 68.25412881279408 65.53525006658653 67.30382163327143 73.23545804734248
90.39832719638606 85.46351381777176 105.17197190686952 70.46294368770272 74.63769037581565 76.88364955163141 54.77409689882675 92.15590219798969 29.976349857350584 0.0 49.388342612634574 38.45510488525091 125.26992849248796 54.78764306988373 18.043544393570958 71.26276450605408 87.35491910396316 25.287545172120154 59.86227328373796 125.97303360682811 80.53342968886601 77.57208931358215 102.6333550094745 67.57696455360373 96.25285656712975 96.42002112307382 60.56406221618297 102.42445676351441 71.9727908222121 33.41512087810571 44.98564307168819 42.72703360888446 99.10801343103752 62.00049166148698 18.504198729428605 64.89262935330213 86.84332393515051 26.895556836216375 76.36192798880006 108.59257743841306 164.40318613886822 148.46345726766637 132.86490934127536 117.74321884757767 103.30799821657047 89.89057162803915 78.0178357899867 68.49778096467791 62.41638210485906 60.8141346680204 159.65505630867915 143.21238131032175 126.9981812256302 111.11252237049479 95.71912003212947 81.09876676950611 67.75376538052168 56.59362327198107 49.130503631855696 47.153762305145186 156.01935554707643 139.16663923172322 122.43927383858849 105.89667707141193 89.64120026636039 73.86265287392138 58.94528249185132 45.73958133513388 36.17154140557485 33.51655783209522 153.57516404570777 136.43356088137978 119.33823260612267 102.31237800036088 85.39756042446564 68.67587396384415 52.33277851288583 36.87513326119279 24.073697330889647 19.950490152854982 152.37986415964505 135.09287984149955 117.81028306404995 100.53433660499172 83.26917981341185 66.02327776031244 48.81704143903563 31.715095660233146 15.076620305929609 6.8902174273579995 152.46284967533563 135.18604833024216 117.91661505067958 100.65834221130693 83.41815700620667 66.21019022605788 49.06834999376948 32.0987532832555 15.864118741968534 8.46899489156464 153.82205055668837 136.7101335310449 119.65287012135867 102.67750187928544 85.83263249973943 69.21360818035764 53.033175077053386 37.85793319910483 25.546817794746914 21.69718965122502 156.42418334834156 139.61826191010988 122.94999193966402 106.48403407999068 90.33109125312737 74.69451196206347 59.97951087589915 47.058696009171854 37.81808499710063 35.27891400329595 160.20865963698728 143.82646293408143 127.68707898815485 111.89562424144728 96.62283990927122 82.1584903959677 69.01277983617207 58.08796693014536 50.83661975770572 48.920484459406026 165.09413821144435 149.22473180254505 133.71111051954998 118.69286396873824 104.3840276309029 91.1194209760993 79.4239694380933 70.08765477370532 64.14893740669818 62.582644380414344
62.3571359271041 78.50201215798312 89.39417399715519 38.36224397214996 49.69439053760918 46.88947613150693 31.071592494567593 71.80893394282582 31.845015868851 49.388342612634574 0.0 25.59304980032851 94.99200975906966 9.57986413937735 55.578474661769064 43.61713761180891 67.12424278036912 38.64650265662176 41.345779040571394 95.61271282375662 54.955160383504946 44.026619467733745 89.37140725868431 38.447192390985144 51.21788778512948 57.89340528766064 41.65990523488203 79.25067905744847 44.10959422859482 35.14486512206579 5.402593041898133 35.38438001613342 67.10450408005124 13.64293235087723 35.96003760992152 53.04164013052716 69.7751753223623 36.06292394639837 48.462278936017874 82.61589200700354 142.95721827487066 129.8376969703953 117.80307183310471 107.21928368649645 98.55486156590116 92.35161918494958 89.1249531731766 89.19847462044694 92.5643200999053 98.88687334887732 134.54037439660613 120.55237430799188 107.53289536097057 95.87730828430995 86.14104091158666 79.03660950253713 75.31253800754453 75.470902657461 79.48850194859888 86.83128907985751 127.12533829312999 112.25642029290061 98.18783753970104 85.31643609479481 74.26730356614439 65.96260891025567 61.523933992484274 61.79011586071743 66.70485489639704 75.3641307241238 120.8966993847003 105.18432436733362 90.05650957978294 75.86376208491993 63.238821405980985 53.307497815073305 47.78004572267912 48.196253700363876 54.41991940241495 64.79875801463074 116.04574668122379 99.59724691636355 83.49440701841348 67.98329613275997 53.5803064810137 41.45694238635549 34.135246321286715 34.79166783580991 43.06290050809867 55.65136826259743 112.75051351233856 95.7555680278917 78.89417631755393 62.27491503642771 46.1600559606893 31.337648720936592 20.785991099863313 21.926658711363775 33.588852854466694 48.727358306136686 111.14950131093097 93.87387549830056 76.61012210275224 59.36859914347373 42.17657842989685 25.135839353121952 9.136220228190618 11.56909971736891 27.980905357460525 45.06363843627125 111.31585910814036 94.06988779103243 76.84907520953901 59.675205937019086 42.60508559101253 25.84510987291503 10.929746657890213 13.025447831354779 28.610810753069234 45.45556032241925 113.24179577034752 96.33091997818143 79.58831061145455 63.147948785302354 47.32587974158777 33.02310643472502 23.238404241035564 24.253505159878273 35.144740733279484 49.807472307494656 116.8403051589678 100.51768695777879 84.58522997266778 69.31251059070962 55.249383490343696 43.58293111605178 36.676377278424475 37.27665050546242 45.084897167177054 57.222849363121426
53.0246398055186 57.798319875910074 73.10612712852132 32.01485586104073 37.48420508006723 38.732940209077945 16.54785568743142 57.48027702086206 9.573708990687349 38.45510488525091 25.59304980032851 0.0 87.98127990316226 23.98828817643062 36.36805942831561 33.30772075387827 52.52803508261417 16.98720510825433 23.77212560305536 88.67202330358568 43.47715058010565 39.12682995525236 71.82802432251208 29.269706159005302 59.55493172086423 58.02455296074213 24.39246860188208 66.95304612816889 34.00684889525398 10.3746094630823 20.47796712282759 10.544498850808882 61.09139914860215 31.866223280738556 20.06960984771156 32.81524042388168 53.43641277474796 14.191926578844319 38.56024651384636 72.28171045336452 130.71792239520843 115.879493575068 101.82157314595582 88.91514165777895 77.73587335335007 69.12686545934471 64.1317002967049 63.60754963267697 67.65840443158979 75.55192216422031 124.41472581783806 108.7532732003517 93.6708410435312 79.4976734925389 66.8149333521466 56.63295989438324 50.4881230936117 49.89499574386698 55.033373753571574 64.54870604985891 119.44038165684903 103.05247832608902 87.01913117537273 71.5789946466452 57.21436132320261 44.96800186380414 37.006305202007134 36.2700901695219 43.13095918513566 54.80645238148755 115.96609383834235 99.02368870846135 82.23112679055625 65.70340009190181 49.705398465979 34.971813970150656 23.961222647600582 22.89025757592107 32.749028622790306 47.11417135308771 114.1289891499049 96.87579171197581 79.64373907263948 62.45033727158542 45.33957846541317 28.460910451641844 12.770386457863069 10.717061867131681 25.79421171656115 42.597424796880176 114.00826530425222 96.73419048383707 79.47223470484028 62.23248347081003 45.04044114412455 27.984176020081094 11.674772209468543 9.39148200865996 25.274750088793574 42.28639827814359 115.60930107273258 98.6075305691407 81.73182581995945 65.08032955774628 48.882705688536475 33.79793206930369 22.221457772966133 21.07125614736759 31.510540496459008 46.26599362164508 118.86252020418308 102.38524405062667 86.23158196687346 70.62394280318422 56.02057572993777 43.446249006677 35.15047994046572 34.38377476418756 41.56488582591067 53.58865122462773 123.63752778289327 107.867381812312 92.64560626175947 78.29270194786712 65.38339632794029 54.94481204853514 48.59607746980583 47.98882826925568 53.319593496851425 63.10097448876897 129.766377038275 114.80997399440338 100.60836327142025 87.52971212607473 76.15479868794813 67.35244119910499 62.22414661475273 61.693051656481266 65.87044813689936 73.96279042219125
34.974107894536836 56.44634892285575 36.6985034773771 57.72617690209846 50.68132772078806 49.72700495231034 71.5284364098228 36.36390766012738 95.40445624369012 125.26992849248796 94.99200975906966 87.98127990316226 0.0 85.42708103579008 116.68103529905406 54.76611218685755 40.15197867572741 100.29092689646882 65.41311743356394 0.7113065980788735 44.74603750561431 51.23387042631481 41.98603022613889 59.28479130554972 56.270551890413586 39.73695906366705 64.70946564051675 26.026979915497616 54.08322716337965 91.90630282204049 94.50797000053923 82.57670040224939 27.925162903615213 84.64931018860553 106.93329049896542 62.645569656140324 43.164542945983364 98.41822443160592 49.4629237747201 18.32655884096451 51.84932176760551 44.64568724102401 43.55257808021766 48.98082453777044 59.16180975999031 72.10979643825134 86.59232181384962 101.95755047131692 117.86075871594645 134.1106977006649 40.72573761316334 31.11554114440651 29.6053638528958 37.19526459913067 49.89195646494203 64.75829215411689 80.60257413374183 96.94649546325824 113.5745591207241 130.37809420075047 32.143254336000055 18.591342476216816 16.024972828839463 27.68887893362615 43.304281570885415 59.854491155313085 76.73703111181823 93.77257754551484 110.89063611708296 128.0581218844905 28.498602424213704 11.208460764851186 6.1483694716767525 23.4241094486559 40.72209426864455 58.02243205558661 75.32350153521482 92.6248926977239 109.9264536536299 127.228115133098 31.552075482503927 17.554337496970554 14.815153382550994 27.00991450611057 42.87534140493566 59.5463435201989 76.49805134590093 93.57803908958874 110.72695989233083 127.91709268555127 39.790395513287834 29.88663470474001 28.31706432372476 36.18302321428583 49.14545803012294 64.18762154861065 80.14696072898911 96.56981778477159 113.25473031458792 130.10091471200903 50.74828383214056 43.368073197193574 42.24803228225998 47.82998733611533 58.21704340951017 71.34035040525548 85.95563999080476 101.41993637348585 117.39821097026392 133.70632513453268 63.02267512309084 57.19158351971081 56.2902749621914 60.539334892014274 68.99366106362046 80.33640300968919 93.52244764563743 107.87797255186175 122.9941620277321 138.62239720229564 75.97804639612649 71.15794760077756 70.37707635953855 73.76382341420735 80.79579079343655 90.62840268050581 102.45850053426634 115.6748489833567 129.85486682642647 144.7155540515892 89.31842242755931 85.1967904459897 84.48600037158332 87.26943367787759 93.23466355998788 101.82401270071702 112.43769507543118 124.55930163002522 137.7914460608428 151.84407867155718
53.040953041606045 71.36633541573646 80.87147305838236 29.142216208859924 40.97554115295526 37.65918700718523 24.1722803970623 63.069641732716455 32.304395608995826 54.78764306988373 9.57986413937735 23.98828817643062 85.42708103579008 0.0 58.204975515475276 34.76858593434828 58.49399752130584 39.72723320480909 34.28084691762796 86.04578984498181 45.99858098912158 34.55631166008226 81.13769241230877 29.625781391246385 42.84317882032116 48.42466837378604 34.482586499244995 70.13189475875762 35.21169675758591 34.3333547862174 10.687663753637368 32.03910747086681 57.552880959693965 7.9711392810775 39.1597821180948 46.278137267670644 61.47106006506433 36.939061179995534 39.41526144269115 73.26409378239158 133.62940097884885 120.73411566129522 109.0656452686154 99.05847609836256 91.2607627211617 86.27369445508452 84.595817359252 86.42009425937722 91.53737753606623 99.44057872672441 125.059928167138 111.2207251573772 98.48249993051544 87.32837395664185 78.43708320097073 72.64431266393908 70.71566532348571 72.9582312033703 79.0176606644472 88.10997055720587 117.55628550395618 102.75156002159753 88.85372043965872 76.35955676401177 66.0702497866973 59.14787933002646 56.83628309821182 59.67371488738404 67.00924671498589 77.57721164634307 111.3343017234678 95.60466935312937 80.52256453600229 66.52983189886072 54.47254539135085 45.90209588190557 42.958714452179365 46.718352117053364 55.843193298457386 68.21308222773422 106.61869182770178 90.09538926200192 73.92917108321876 58.41724881830886 44.253101966985994 33.20856154235494 29.085899291077112 34.465634584118995 46.135451106979104 60.56227523968374 103.61539985799156 86.53714139444247 69.56949809683606 52.81917986805169 36.58591163560137 22.043243188910605 15.231305990462504 24.01652068639284 38.99110567034709 55.34014680783723 102.47513208779519 85.17484858971487 67.87540470581271 50.57766198138306 33.284272785449545 16.00935145587691 1.8626457117620285 18.69099140991843 35.971522994614986 53.26594943344739 103.25964185234666 86.11281259587166 69.04340790146466 52.12754243128052 35.58485645633395 20.34689563393626 12.665825622217916 22.48472680026132 38.07119073138599 54.69900375650744 105.92616105372495 89.27855017321417 72.9361200100084 57.16122670937161 42.589250187318626 30.96760856051923 26.511346330722652 32.33296065096409 44.57240581922599 59.38592874078984 110.33829161108275 94.4482713389155 79.15250415301537 64.87270196480073 52.44541542054645 43.488864426057525 40.38250427579227 44.37248659026792 53.90541784365227 66.64365064727336
82.66135786198458 71.56215342710344 92.67523381902735 66.16091078342554 67.21023641735073 71.03289586222101 50.300188618548844 81.69667492965597 26.81967266179823 18.043544393570958 55.578474661769064 36.36805942831561 116.68103529905406 58.204975515475276 0.0 65.2082339860891 77.18203410592801 19.41317421634947 52.37017466884367 117.39218485060219 72.72312174764232 73.00123777424807 89.55065861025597 62.572469347810795 95.8201477003279 92.50165859629064 53.07560550037872 92.2975932950552 65.90691760265383 27.443786851531723 50.37788604292385 35.91095005647099 92.2975932950552 66.09234552202753 19.642322842949042 54.28590244887192 75.71317427108285 22.179921529381144 69.79875104756371 99.10893363985673 152.00467082398225 135.54646481202028 119.32716481052111 103.45919180403395 88.13251638556116 73.68568713881089 60.74968726641831 50.499232530441 44.81656433523857 45.44865631646543 148.45049659974492 131.56698613400724 114.80811276340769 98.23768466645838 81.97006549673227 66.22876718741429 51.49870469836738 38.94473757713912 31.30459393193948 32.27958541413037 146.15554572598734 128.98397714848622 111.85258775815255 94.78316637452482 77.8165026228107 61.03834651783388 44.661657196837346 29.365961831346258 18.13196122275024 19.84662525682604 145.17958011328315 127.88212294019011 110.58606517238263 93.29218514824203 76.00196948738368 58.71865528939207 41.45087633372722 24.23186694171521 7.409801544975443 11.015466363211441 145.54914919494794 128.29960612688114 111.06635891255297 93.85838417922213 76.6926954035312 59.60583716954048 42.69256574645414 26.290065885603735 12.585428377691596 14.977700075783995 147.25411726515208 130.2218089115008 113.27124378918111 96.44553132080742 79.82366217418529 63.565747561636904 48.04271195855749 34.26821808524983 25.282999393230543 26.511507597417157 150.2490065559851 133.58376387071795 117.10331526154206 100.89825269785833 85.12599383752054 70.0793745226436 56.34278230281333 45.128771081870234 38.696373457697185 39.457814636815755 154.4587608093411 138.28045246246583 122.40979817115635 106.98380371127692 92.22586534358513 78.51360795560362 66.49709350291924 57.25417599607353 52.2773211662079 52.78727462545642 159.7873307980792 144.18143374028352 129.00881010383438 114.44191903078347 100.74385875706952 88.31981557084946 77.78269131078986 69.98997651714976 65.92221976445283 66.2689505354475 166.12702006170346 151.1456413359267 136.71322439982723 123.02312501596396 110.35196230524299 99.09139525948069 89.77380675324406 83.05570948856041 79.59804089210772 79.82561045667293
