0.0 44.07895501656937 14.98888634217022 24.392405435842356 61.02243011570698 30.557784461049838 19.325924796560713 32.72488812977556 5.200789272747031 36.806799665629015 31.970510041319873 36.298149680013765 23.870558369823424 13.514825363494356 82.39590124062566 32.06356155103241 80.76656125183666 64.14481431946001 78.2629545890738 12.939115890637957 7.409274862315299 24.431851152254747 33.57692484354836 12.818550215114405 64.64042682803658 19.046282662063085 31.10735869453469 29.06436315273306 39.137898896969354 24.317573934839434 37.72851144303341 27.38028933813203 22.533464003681974 52.295253954523325 76.7714692338274 29.163570521225328 78.52396252608058 15.95496763246645 51.015323149613806 28.864925123250742 123.79216762876048 109.47232833725779 96.13830260605357 84.25941155723947 74.53466506277394 67.89607358629203 65.29188290601708 67.1928254430877 73.24898812420453 82.5508654335068 116.8719025550106 101.61870184435543 87.13426498404999 73.87218905998789 62.61406480509706 54.61357449585738 51.414633520305955 53.87937614615526 61.32870796613878 72.2366546886576 111.30908367233984 95.19897852445506 79.59073813009276 64.84776295403636 51.71543100849371 41.7426152624856 37.538150379035095 40.92048654645542 50.38418784591642 63.256250528320685 107.31509882321603 90.5188578425184 73.95611988802554 57.82787015656943 42.630133931650256 29.821216029696682 23.664158261981243 28.799144107321787 41.200726579529615 56.252287903025774 105.06906816669114 87.85685722807088 70.6884628006194 53.606000772235305 36.72956573440695 20.572598617034167 9.803864710168982 19.17584019627014 35.18555194663234 52.029284243777596 104.6835941519444 87.39761740887187 70.11951008103601 52.85698989105286 35.63271793961275 18.553525709941535 4.182052828420759 17.013504534197022 34.060866522970386 51.279035103442524 106.17894796047744 89.17518308911575 72.31299732166931 55.72107229797818 39.73937880979687 25.540371417111903 18.003192212972 24.385063079545166 38.26041932243261 54.14609945183718 109.47806579054958 93.06144268104316 77.03327820463268 61.69706962733733 47.72462113967918 36.7077531048149 31.874557657799173 35.82212063196875 46.35913976837596 60.11508933965726 114.424990278798 98.80784322224908 83.85466404254328 69.99230528384103 58.008139379092185 49.291672599709514 45.750377696792846 48.530695950348765 56.710344362633 68.37836780898856 120.81741460411351 106.11253828091445 92.31245863069444 79.88745449799977 69.57813509979673 62.44136859563588 59.62741207467768 61.73028559715993 68.29732190651916 78.21199607261926
44.07895501656937 0.0 56.87258317337278 56.256542102052165 18.319441370337564 64.2883191467965 27.563998794017618 68.9638683094714 39.10507473856865 65.25447506562922 12.372787629320044 27.760991561724143 65.77739104142846 35.00022844946619 39.30554663961604 30.767989995888335 38.203064745682035 24.19261346465915 40.89358341691442 33.89976243782008 46.94349987568273 20.225533730323157 25.722084631648467 54.737706855537176 22.97825950075035 55.66272065942145 13.051969261738243 64.33049231153682 73.37708332772917 28.187964830491534 11.292640921317671 25.27047109941408 66.22366744312981 8.657779153507674 32.870209102431815 29.156289080242694 39.83816287204855 29.63367811682555 7.924550902856685 18.356782758530066 80.3852119089847 65.51347154259705 52.162769093924254 41.81627520125756 37.08037392086045 40.000178184371194 49.231912878785145 62.01818364660913 76.5991894607767 92.12667048819141 74.86594896885727 58.643533301451264 43.26579111550788 30.058349312050165 23.10391840460224 27.61863008377026 39.88104072779808 54.92646985843524 71.00737829549607 87.55506526380988 71.7482512659469 54.62652202729587 37.66982164425959 21.27644757620796 9.223458411066634 17.78117975569792 33.8523518650269 50.73959307015307 67.8361561992752 85.01585190826626 71.34768776220746 54.10175771047857 36.90828236409873 19.903665695794157 5.36693493066707 16.129648301458566 33.01879161123136 50.18993052356629 67.42796996655557 84.69206942219458 73.70857548905083 57.1655022636807 41.24981244491181 27.09079610675011 19.104640010923145 24.388012126765215 37.72631482584018 53.38994619272273 69.8312946166744 86.60857284610606 78.58238561421162 63.298778999428194 49.36585627149003 38.28770503308908 33.0698835304845 36.331725605784314 46.31500429678857 59.740046946991576 74.77549761834244 90.62331448049208 85.5405964696559 71.71828184793529 59.73719944608205 50.91421003881816 47.06042190601323 49.35395197941764 57.058256036242156 68.36797004165167 81.80108075686691 96.47464453319668 94.12196743914724 81.72030341647881 71.38743957379002 64.13127450910491 61.058738231644575 62.78705250133895 68.95617240116964 78.52635713908799 90.42410697097796 103.85251455668525 103.92508197408634 92.79440506008191 83.78464355377164 77.6377312824687 75.06033626685722 76.41450635157221 81.50451165435773 89.69659969841106 100.23303104714189 112.45677821185384 114.63681638461414 104.60050284112228 96.64163370102864 91.30509394759753 89.0635146630088 90.14806572857877 94.44422963915572 101.54519149822735 110.91354275697955 122.02817978994379
14.98888634217022 56.87258317337278 0.0 15.324724615387947 74.54316740761764 18.3142924805669 34.12432060405183 18.865579503907856 18.63934665076763 44.017703941872924 44.50288573161132 51.27476189373317 9.078471897029685 28.479407730824178 95.90747608913377 46.95037069701986 94.47559622439701 78.27925046396973 87.10026631497178 27.91446271083449 18.639346650767603 38.33615021302793 48.56520099581965 2.2219751488082675 78.4690877662296 8.53393664939525 43.854137390845565 16.177687082521864 25.60499408641119 32.28505610643226 51.856867166920274 42.33963955159939 10.532039670025949 64.58007006308219 89.73914030819645 44.118600813376624 92.98866193748124 30.64756132701408 64.27140739977264 43.27826506134141 137.19527371801894 122.33005916993771 108.19166162432869 95.10478398479479 83.56492237996515 74.29646419714405 68.23140740589245 66.2553948424415 68.72206166632972 75.19546660768134 130.8760240211386 115.23192841935165 100.13471464925414 85.87330735420947 72.93962463424417 62.167940738481214 54.84721467659516 52.44312298338489 55.59717103511092 63.4862961142466 125.81349533005907 109.47536096892188 93.48465106642284 78.05518294519185 63.596772388668604 50.943042764497825 41.7677390848438 38.63419113661174 42.88780357730615 52.77151637910757 122.16410104732454 105.28073869186932 88.55908127606061 72.11170775720832 56.18003646480898 41.36429838761858 29.402796592188523 24.834538373759987 31.10779207040762 43.78750667947283 120.05683056493439 102.83942871147448 85.65609518552034 68.5324609181849 51.528077481430124 34.818103778529235 19.18778113568565 11.07946530628153 21.818596893938633 37.789691739282965 119.57327403647791 102.27709629493101 84.98326042968861 67.69356131876827 50.412255442460584 33.15247076155366 15.98407646432102 3.2570918410879015 19.09031582053548 36.290291167424925 120.73294968979411 103.62434357577503 86.59258778570579 69.69404690924142 53.056162008126385 37.0319418446849 22.94526844195182 16.742706122354544 25.156774635678055 39.80101316776523 123.48955584421529 106.8089162059869 90.36220333493242 74.30491258380535 58.95609645190297 45.045883451361526 34.36787679438948 30.52669859658329 35.79548479182466 47.21719144722359 127.73971191944878 111.67369791765505 96.03801101842174 81.08198482330171 67.26054500515292 55.42903133811941 47.11133690630984 44.33150758235567 48.060285198698594 57.035106834600235 133.34061884725352 118.0110164443714 103.30622612803292 89.53462849004318 77.19727993115757 67.0901434408355 60.34444177814155 58.14217874075101 60.977628951709306 68.22555609896304
24.392405435842356 56.256542102052165 15.324724615387947 0.0 74.56750827967679 8.040683014309323 39.82638304128227 12.946749942610818 25.027390414494555 58.6126254945726 44.381015210600076 58.122612294722074 17.53432181260418 36.54903713191216 95.39858595898501 54.71674228204189 94.43930407766632 79.66762750592136 79.88661424944894 35.2506956392219 30.737993723588502 41.25578268856335 54.96991261329303 15.702631192436526 79.07387169821278 6.807252775598281 44.136369791592735 8.323671218295276 17.248669505255798 28.35301182674338 54.23478138451437 48.44711681637924 23.503481077290132 62.71842264232529 88.2545195926162 51.478370193298915 95.08728612298896 36.338126466534995 64.13199422641057 46.96272282388382 135.91081079998636 120.1038120477458 104.77023999415613 90.15198862398803 76.65937165182025 64.99721391186199 56.31444500154752 52.121933586291554 53.486218329473196 60.029621746736346 131.0962920405557 114.65298636863805 98.50422952420305 82.8224947689662 67.9319843685039 54.48531743302204 43.832083985072146 38.373947052766205 40.28119280273328 48.6959508590924 127.6504658393024 110.71493876356587 93.91306934890291 77.3320258135373 61.15170096720442 45.79879407655816 32.46905048697811 24.69128658432997 27.636763918201392 38.94396615092067 125.68600639359792 108.45464287123589 91.24998616936723 74.09064347094107 57.01754100649455 40.1408716072505 23.880791922250655 11.314058987180399 16.865251174731196 32.242495593502106 125.27265162492516 107.97754434191835 90.68503994944805 73.39697821238082 56.117465216624694 38.857907117159016 21.666045792184597 5.25468234718306 13.583791239127063 30.66171283284759 126.42562257031196 109.30700212542922 92.25679138705907 75.3214615664131 58.600697607486694 42.349416995016064 27.415627873974405 17.563381104405366 21.54159307263416 34.90444499755103 129.10294510041217 112.37890062886936 95.8601747309151 79.67457444144021 64.07504542045238 49.61747675135111 37.64153919692217 31.154227121038918 33.51112027937801 43.29103160835132 133.21270438521034 117.05609800934359 101.27852362750731 86.08863113639833 71.86006728191656 59.28903713886249 49.65092523179389 44.876972095081264 46.49058688643868 53.92133631715029 138.62750489165757 123.15576976572996 108.23954425033261 94.14324751064073 81.2945260398979 70.3800090686204 62.42265766102657 58.63895891919341 59.82611150290708 65.71526864235261 145.20134584741422 130.47849209971685 116.46686608557157 103.45584962829574 91.87155534164837 82.3185305512098 75.57106719098047 72.41767639176967 73.32353950149037 78.14762292917683
61.02243011570698 18.319441370337564 74.54316740761764 74.56750827967679 0.0 82.60187599929274 42.81548824815608 87.24280935844185 56.29794669850316 76.2962537906751 30.3890849557537 35.39164308445318 83.54616663574849 50.260877928715225 21.38789647851639 40.10731790047921 19.98836885545299 8.152237581795323 39.427797977070306 49.583849776664394 62.81738671371582 36.59354316013229 35.03448900243992 72.36738414439604 5.136493709353657 73.81398960772874 30.852701090715367 82.61632747874219 91.69648389904481 46.48350353312023 23.73606715709242 37.6865910897315 83.48305422935249 13.876203999520854 16.579614213932825 39.94811717271814 22.62317645514579 45.583089361647865 10.443927709995018 32.80391874369304 62.77199372740268 48.86010752597689 37.85505696585016 32.823907260962976 36.338970230787986 46.500977909591974 60.02390736344585 75.11395531617477 90.99478793116012 107.31591166843312 56.61540023555263 40.68970426117126 26.546419800919946 18.774574775571935 24.473838974261856 38.00216852557271 53.74079189510767 70.21888988523703 87.01737850692253 103.98109304086812 53.59084048305086 36.38476490736616 19.35038886320313 4.872112381679458 16.484869034124245 33.443651612739984 50.63514843886011 67.8827826459969 85.15244917327571 102.43300502647016 54.22501142074082 37.30833813346729 21.028207048078773 9.548405925131778 18.408470508036526 34.42796369026413 51.28753014082861 68.36848673697202 85.53830940649347 102.75245953351569 58.39883226308878 43.12579266154168 30.132296025199608 23.553925849210263 28.290112586824097 40.55347587493355 55.5657199087592 71.61860750151364 88.14539999294382 104.92239526091595 65.43841934841217 52.22652714286873 42.09204450259399 37.61086207327594 40.695458516756844 49.96369086020338 62.73218573660942 77.28512478184815 92.7866399865575 108.83215181856401 74.53609057626333 63.20781715111781 55.077472614181005 51.677154722252965 53.909453168451236 61.16069368259782 71.92866085591668 84.88542008556423 99.17679831092549 114.30328338457575 85.03370911866054 75.25071390899113 68.507667980424 65.74666205663728 67.45842380541735 73.33039400025791 82.47876573508024 93.95126013449905 107.00291647821584 121.12432191176082 96.47523792014528 87.91991659380264 82.1646775804723 79.81753601919903 81.17466462387092 86.06099931851134 93.92735137665184 104.1003428195968 115.97455634169692 129.081355610769 108.56251081053567 100.97981989942046 95.95154816735327 93.88900606720782 94.98558638454178 99.13651233125258 105.98351206254945 115.04621626085526 125.84684825942477 137.9778853681812
30.557784461049838 64.2883191467965 18.3142924805669 8.040683014309323 82.60187599929274 0.0 47.27756491045275 5.592345822914171 32.03076562087007 62.279443460608896 52.42044510046683 65.49027486734053 16.214876461216846 43.42745172537876 103.4027945157938 61.85576821060359 102.46315812496259 87.70222564334715 86.82977966740252 42.29213738998476 36.08724147594661 49.115501108595836 62.40985691539724 19.566111363586284 87.1142173931677 11.512564098243981 52.16956951814558 2.5680563249650414 9.267483847093356 36.322933552098796 62.19556262945551 55.90158529313891 23.23900037734038 70.6818165229939 96.20437762115154 58.6926201269636 103.10903747757936 43.74763019565671 72.16813548146061 54.7741339418749 143.83668966264244 127.94730808311402 112.47547928095643 97.61993994530094 83.70944601704342 71.2992950350973 61.30747943976037 55.066541937277854 53.89564444018744 58.10212028277269 139.11658373584845 122.64202981428583 106.43033805977522 90.62269041619983 75.47339235429286 61.47112871337718 49.59709824084815 41.710315503654826 40.22852796036999 45.777989047720204 135.68684192483374 118.7555632734314 101.94880475874666 85.34016652022534 69.07271167675842 53.45881799912081 39.28563595272497 28.76781899041394 26.655653690206876 34.5278233425584 133.6468945421124 116.43013408424424 99.24299812907836 82.10409298627215 65.05155144382111 48.177167394071894 31.766136430433217 17.200239593087954 13.46558254030592 25.797450203230976 133.06070720409062 115.75989063622934 98.45946553184199 81.15968223056754 63.861062322543 46.564902409516776 29.275562951010226 12.022505148115611 5.544029962174119 22.7078290607795 133.94737570235884 116.77334677306604 99.64357504053405 82.58560436552277 65.65542263436643 48.98570674720285 32.973881802365874 19.330462180006034 16.08630244834242 27.25039368923582 136.27814201617852 119.42763267169536 102.7272913273206 86.26437738245008 70.20611590803117 54.90868875397764 41.22789073705679 31.35639221565855 29.417973675573215 36.69224034881152 139.98085714028514 123.61706216025202 107.54729369124652 91.92587957478159 77.02609248342173 63.35909677020751 51.90795696790511 44.42073257520459 43.019432834569336 48.23739579686304 144.9503704817662 129.19232066244024 113.88327115616177 99.23125060494222 85.5744159244336 73.46984512151842 63.807159010832656 57.82375686147296 56.696720292407235 60.69717657416823 151.06164398827474 135.98298486306535 121.49820326256813 107.84685418047276 95.3874407602616 84.64793613044087 76.35752527510455 71.37478252224034 70.40551706504064 73.6084466991861
19.325924796560713 27.563998794017618 34.12432060405183 39.82638304128227 42.81548824815608 47.27756491045275 0.0 50.51801453142918 15.698351256407118 39.50557633186074 17.411395017613188 18.31518467686067 43.12818247022194 7.50817133017386 63.998523137434596 15.462109220547692 62.163051040530966 45.187109588735545 66.31467106162148 6.812812793520231 20.00959250747871 7.79781666807008 15.145926150650224 31.909898520865582 46.01062170676115 36.297941890340574 16.202053700667786 46.339034020411546 56.41171881507298 22.16131894359858 19.09552667985196 8.626882590446606 41.67168880121669 36.20936066794351 59.07671257499041 12.064646279135323 59.27328408447022 3.5565329903929532 33.400497955284514 10.017252684633343 105.34186998011482 91.65032163099704 79.38103835636298 69.29367184441428 62.45456409877067 59.98523241556925 62.4065665718056 69.20713046146197 79.26771205276329 91.51944795031415 97.89566834767965 83.02627329131454 69.29549346064506 57.52453349124222 49.14246305476921 46.03905493338458 49.22307046116512 57.6622054248281 69.4669157625229 83.21705365354742 92.02364377108114 76.04772667824854 60.80189958305612 47.00206158188048 36.33490240966841 32.09306799719017 36.58433317716354 47.38744975983667 61.248966485951065 76.52457080252364 88.04142717215811 71.20029050874695 54.64779797692608 38.755570749701604 24.825766650357508 18.14814317416046 25.32002165905634 39.389895635921555 55.32392109057873 71.89311925820115 86.21135529774592 68.93508668895325 51.675991415156815 34.45988273419 17.41471977261824 4.2160323592618605 18.193155590519275 35.25507636097316 52.47440733810467 69.73463959282331 86.66989223514986 69.5050767923627 52.43047125740273 35.576200881290845 19.521551130396972 9.758533929324866 20.200993710370447 36.32691076660916 53.19701007878175 70.27739646080734 89.38181626780384 72.84372868492815 56.762834501613455 41.67182255662871 29.150867094554446 23.700551727787214 29.535911949867298 42.21060151054839 57.3568697515207 73.46153400318177 94.15257585020406 78.5989739303839 63.94995310569973 50.991184898063416 41.34382672507589 37.646111554532894 41.51932150262283 51.27557934180278 64.29014427976014 78.96813852408467 100.6898857407693 86.28854449400627 73.15513138045844 62.099388885511225 54.403083268066474 51.59222184363244 54.429034136786896 62.14485236876964 73.21301872798786 86.35398116390135 108.67533085057708 95.44597052710603 83.71518099003295 74.19718492583642 67.82997463030743 65.53839447736324 67.737355483878 74.02776499478759 83.48989841296819 95.18250242713397
32.72488812977556 68.9638683094714 18.865579503907856 12.946749942610818 87.24280935844185 5.592345822914171 50.51801453142918 0.0 34.941913789460266 61.88020746615347 56.927589690073006 68.51452314706538 14.006540277163795 46.03180519604395 108.19109184185004 64.60648875833257 107.16685905439535 92.10006212759319 92.3681629217584 45.08600818625221 37.42149502429719 53.00139215607821 65.54646148002641 20.586780703024505 91.66232897703603 14.226131961573223 56.60162117438488 4.6514644253375925 6.784555474409635 41.24256627234857 66.28838943765145 59.090720952747034 21.09339678442621 75.5924216694592 101.1370185368906 61.553099502990406 107.39750112348776 46.96262026516591 76.79900320439481 58.538454176130166 148.8099789233385 133.04353795093843 117.70918934816385 103.00010013241747 89.22603376755342 76.89113525780876 66.79749520497532 60.08544878252147 57.94233383794527 60.85280643711083 143.82981088001003 127.47497872817479 111.40659726692091 95.76895967211561 80.8125074992146 66.99502302214776 55.178880571775224 46.90190425447449 44.19923522463751 48.02145537588728 140.0795952178638 123.24784258999787 106.56677467173847 90.12010474426923 74.06414887633768 58.72028672469691 44.82583018719953 34.19571735852798 30.46388311010581 35.85328879514441 137.65994553923414 120.50344281733318 103.39541138047166 86.36466115858669 69.46805408513194 52.834445379741915 36.821989866037164 22.78050692419703 16.755783857599443 25.323375141859266 136.64160044551403 119.34415319463147 102.04822582301654 84.75474882246543 67.46560653211343 50.185279156215245 32.92764773990536 15.76741227453253 3.4214260832018404 19.326525438023783 137.05581383211344 119.81600983618503 102.59712152960351 85.41179956242648 68.28539146902754 51.27696263366711 34.56113613687355 18.929616755179946 10.9955297834426 21.958733689231654 138.88976339970478 121.90006580184689 105.01236277136846 88.28520405103038 71.83083461236316 55.890705624756116 41.06803838466782 29.122280229155624 24.66457504601204 31.101220975007422 142.08846020874196 125.5160115212362 109.17011559960521 93.17008908583279 77.72980914116523 63.2604720722171 50.601954442888484 41.44797497039354 38.39293989756873 42.76455784821592 146.5625315226649 130.53655682914575 114.88128629116856 99.77137595599622 85.49646325990943 72.55110784586932 61.776868806626105 54.477518664200566 52.133662930453866 55.3781349613504 152.19948490518217 136.80708360102537 121.92770526149899 107.77404495964835 94.67215268487847 83.12087879688902 73.85145063795233 67.80623350683653 65.87887457530074 68.41826656791118
5.200789272747031 39.10507473856865 18.63934665076763 25.027390414494555 56.29794669850316 32.03076562087007 15.698351256407118 34.941913789460266 0.0 39.891773684146386 26.907056261592608 33.57714983617429 27.712435864655337 11.526636906061901 77.6856014954743 29.825022368337887 76.13533070001647 59.7255856351326 73.0932904398905 10.265377732135475 11.199051204358327 19.810672394375473 30.61169647212964 16.41801427880417 60.05283045015993 20.77663224135236 26.084460312083962 30.89212554631051 41.01382841185643 19.50339721527993 33.28138670161731 24.184424334674624 27.19700448787708 47.235818143368434 71.88455186130466 26.678818840235405 74.35452656338354 12.156278082301668 46.18339289635284 24.639129152747355 119.06064884876912 104.57609404124288 91.08005329621292 79.08026362703079 69.35773501152914 62.97617041808492 60.9934094740332 63.820759022375555 70.88496236324958 81.08613827428758 112.39662165381998 96.95765460073792 82.26345308748007 68.79293091645206 57.41395019064094 49.58788875606184 47.11961851008487 50.7962684483445 59.48920936158074 71.3888918179975 107.17745421352498 90.88477281135218 75.04522203646017 60.01863840862159 46.59824832382582 36.595965923179484 33.254185924087345 38.35525030202901 49.346912310737856 63.22830432677313 103.6217781069539 86.68299268894229 69.92225193151909 53.507132039436975 37.88953435026958 24.635994353474874 19.415442117371608 27.307477689640766 41.39020479835182 57.26527341271538 101.90392486087875 84.63152695469678 67.37428490665005 50.14784779083478 33.00049194780224 16.185541662775645 5.798664364756512 20.099520324882583 37.05496438458405 54.22972905308192 102.11671143865966 84.88644982894628 67.69275608026808 50.57294077466405 33.6399866696456 17.44672804157467 8.70868458887339 21.11888507640249 37.614979438528046 54.61208017587849 104.2483133480661 87.42758507421686 70.83901167440088 54.69423795309961 39.54067403005806 27.09577988329229 22.44123034701188 29.525370425592964 42.87886805079482 58.34516517339639 108.18534027811879 92.06578562188834 76.46474389582906 61.776309228522884 48.83108488283321 39.38711040372558 36.289409299591085 41.00250156909274 51.42174820795921 64.8528672363032 113.74041425345393 98.5052089257067 84.07360932184852 70.93778000181523 59.955539588048794 52.49634341268524 50.15741884221391 53.613137447416136 61.900497556851306 73.40078975928711 120.69024462562804 106.41929785849177 93.18096489891587 81.48012602294602 72.06957130971702 65.9373091347673 64.03224046045376 66.71746664982263 73.49153930364149 83.36357596301839
36.806799665629015 65.25447506562922 44.017703941872924 58.6126254945726 76.2962537906751 62.279443460608896 39.50557633186074 61.88020746615347 39.891773684146386 0.0 56.78138851028969 41.04171879826614 48.24010001653028 33.731623029552615 95.29030032543042 36.18894526542663 92.73503799799121 75.39727427230063 105.47401060742561 35.63441067215801 29.39939738598456 47.19727513937078 41.294667578387674 43.07932778332842 77.75692414317021 51.982798954472955 55.54382984635378 60.01863575956039 68.60511019240842 58.09653244950721 54.545820265904645 40.01131786557286 41.75134614115463 73.73008676607523 92.74636732511641 36.647279292949456 85.33222633051697 39.32611696779157 69.10579516508443 47.03646179761655 134.65006572446615 123.61673595169334 114.14998812221053 106.66774275069456 101.60935032673719 99.34574968101843 100.066783006806 103.71021800524717 109.98601161703905 118.47658569891938 124.48420862934562 112.51149838440497 102.07856853423979 93.7011678409147 87.96852489122169 85.41482134106253 86.32264971878304 90.58800042345995 97.77243785038208 107.29115155245641 115.15065411277362 102.1392829259542 90.57528161307721 81.08032258896652 74.45028094344698 71.48677153029749 72.6399423529357 77.72678107419469 86.05249744772155 96.78481640837956 106.86784829744417 92.74651918696557 79.88613157111448 68.99542440175982 61.13624566901253 57.56396317080556 59.06163350882401 65.28124251939681 75.05799139494263 87.20356010285204 99.89762785576859 84.65999400686282 70.38321824948383 57.78394698487332 48.19622328957434 43.65170835066437 45.681195659129585 53.542281648343604 65.15738257211251 78.88534322252129 94.53089914959332 78.2856752116814 62.60920294165961 48.06128320226198 36.035689164926715 29.765149834370803 32.742429602571896 43.09151364751358 56.92450879096635 72.26776704864457 91.05172398366047 74.06705585397266 57.272624219097786 40.90343025496666 25.782554720917833 15.971914377955184 21.075492153363268 35.09933175666084 51.17091175326565 67.85037751684726 89.68010881880093 72.38210582354817 55.08656967592024 37.79688695354376 20.527853214794476 3.5908830874698663 14.251656556277203 31.496643906276 48.78197443349249 66.07599466834347 90.51193771420408 73.40553056194818 56.41848841830629 39.70431492637652 23.843914992958695 12.623185440675751 18.678067598401483 33.72103909745958 50.24002006836723 67.15447583871565 93.48840115974333 77.02944013911932 61.03849921203988 46.00622094037898 33.258932419269584 26.352439117766274 29.689320480377887 40.83100164160065 55.2412516226696 70.95584054810708
31.970510041319873 12.372787629320044 44.50288573161132 44.381015210600076 30.3890849557537 52.42044510046683 17.411395017613188 56.927589690073006 26.907056261592608 56.78138851028969 0.0 25.232460370120272 53.40523777737464 24.318384032929536 51.59531025259159 26.118946729031737 50.37102979946468 35.31005186535295 48.90687348156873 22.894598962875616 35.44595751652165 9.620285669683277 22.158274289476967 42.37250613638269 34.73478456773363 43.42503121603815 1.2511141256626734 52.31946950666182 61.59937151276934 17.116930227316228 11.788022927895986 18.646628723383966 53.92495749036475 20.329649919681152 45.23633649010583 23.43108020638733 50.81988618508037 18.59804649104184 19.966476952290012 11.218290688649251 92.7487659099259 77.85261313652073 64.17499207994732 52.67384822489996 45.04823423155861 43.39189982258679 48.32261349853803 58.189323957986915 70.96213294563569 85.34609331246064 87.00206700912199 70.9421164480726 55.631982878883555 41.901796651860685 31.863976792602095 29.556300212034383 36.47665223417508 48.84902092148522 63.56584729636431 79.33294681716491 83.27666032029019 66.34252129451369 49.662567104156146 33.61730912950578 19.813854671154715 15.930055330910841 26.71435851483231 42.09821493797287 58.562572630891545 75.40293487254937 81.84906907013986 64.54980356884975 47.25248956299913 29.96050725575235 12.695661311602391 4.841614736045434 22.009458111504667 39.2950996368275 56.59069765050389 73.88926080066786 82.83819705255713 65.79383154680721 48.93058819093212 32.531361241681125 17.918964261316738 13.513027366257527 25.35404010106521 41.25246177781771 57.96047505365015 74.93851177182854 86.16083900260651 69.91266837229047 54.31926298807714 40.150885116051754 29.534978095187448 27.041567965558293 34.48025487819533 47.383960011333215 62.45239361041868 78.44790233239495 91.56326746475119 76.44297177576115 62.46542573222976 50.5869190895631 42.60104279489891 40.85788546516717 46.07157752238701 56.34287177031657 69.4633258372781 84.11000871725967 98.70450087414775 84.82956326736317 72.44466904359824 62.442808226496865 56.113077650845575 54.744402687956935 58.68492758679181 67.00440869079222 78.31960035596181 91.52610432752918 107.23763520909625 94.57982059415338 83.60302044255864 75.04850495629405 69.81247503920056 68.6583989914123 71.78342663251813 78.67932023171977 88.46864433733644 100.30781193414124 116.85804460545077 105.31555388843123 95.52805519418199 88.0825346179666 83.6070368922707 82.58583697570008 85.14331716579636 90.97817642060899 99.51559098508301 110.12882116108928
36.298149680013765 27.760991561724143 51.27476189373317 58.122612294722074 35.39164308445318 65.49027486734053 18.31518467686067 68.51452314706538 33.57714983617429 41.04171879826614 25.232460370120272 0.0 60.012053408491724 22.796208702391297 54.37708077471296 5.296984123544088 51.9263081312041 34.47364590373002 68.43490514516377 23.48145974175722 34.40459314125322 19.661801738922254 3.4117984858661092 49.11580486847103 36.718214603036635 54.3495241941757 24.183327347618366 64.4517855792169 74.56104051083386 37.97586481743237 16.564056213673172 9.764069988799644 57.426634413788435 35.195108891361926 51.74009342425068 7.222843511156928 45.872175282460184 21.784526490375008 29.32633117596491 14.587119675524383 94.48664143455183 82.72433290402581 73.1956155776963 66.86235163399888 64.67026390302999 67.02689789654157 73.49598690407063 83.12284993437676 94.95182626972952 108.26349099677046 85.33247287207912 72.1439718136065 61.04568288211331 53.35821506714432 50.65889674061122 53.70520933812006 61.65124644594275 72.91230248540361 86.19879643021135 100.71227405315092 77.68904159059151 62.96356335956834 49.91933934834399 40.226577948952205 36.64862491983963 40.82612945270342 50.88350406746376 64.11081132491651 78.93014806559351 94.5962336501698 72.03896134994294 55.877597471238104 40.66584479030044 27.996911480888667 22.641869601666766 28.986075144559045 42.02906056697107 57.37074514597182 73.58718605595824 90.20785215921808 68.87464918128431 51.75375796544651 34.81233784960773 18.548841173462286 8.656407483378416 20.112695281241443 36.50781932340795 53.47742020085094 70.6085073502774 87.80661358024099 68.54129839267027 51.31133738956498 34.15421737536424 17.28818222975344 5.474064811768613 18.9674190860762 35.89253471794681 53.06127185281639 70.29535228778171 87.55619907436581 71.07875535098613 54.63984072102621 38.95570145465235 25.461596723050555 19.4358146118093 26.56916674720948 40.40794604691728 56.199602630945684 72.6821870753093 89.4746726745248 76.20073410091311 61.12628709192272 47.592039017752946 37.3133955874787 33.44076719951787 37.98668766497254 48.64565835551694 62.35799725856084 77.51998242675887 93.42849477951137 83.43252406477072 69.89688803167675 58.3854979944832 50.30765677939297 47.45057239187525 50.70459392544655 59.06824362618195 70.75211304285513 84.38819899618737 99.1744790469006 92.2793345199214 80.20568387792673 70.35000287007307 63.74942440674829 61.461779600049454 63.95159593092054 70.71603724513061 80.68707614027832 92.83719954346302 106.42265741976796
23.870558369823424 65.77739104142846 9.078471897029685 17.53432181260418 83.54616663574849 16.214876461216846 43.12818247022194 14.006540277163795 27.712435864655337 48.24010001653028 53.40523777737464 60.012053408491724 0.0 37.2423670771813 104.89460261914317 55.53774214393064 103.49563463521487 87.35063163017149 94.70933893313915 36.80393549684021 26.43490357865655 47.40949621433025 57.39275506313107 11.296726662390276 87.51213597149598 12.497697408030957 52.79398396118899 13.648163065527038 20.52515719743765 40.36502362446746 60.93305710854902 51.247945662907036 7.130202861300777 73.3567515282771 98.62275040070566 52.81654591214917 102.06533638197185 39.67465998293324 73.24315251837886 52.351202960069116 146.14364044900682 131.15928104355086 116.81712388821772 103.38478579305831 91.26487552410661 81.04832599705682 73.53281486090283 69.59891269285956 69.85436641354 74.2559522084656 139.9277179349316 124.22846294601167 109.01538552027498 94.52352125065534 81.1402266131508 69.50881380167107 60.64579568056462 55.8842409615231 56.27506338111175 61.72046375255048 134.88940293668136 118.551435799162 102.5301903177179 87.00081617172518 72.2810431175828 58.98017858266693 48.2853893960114 42.225599873843706 42.816221603893325 49.821295369584746 131.16454489354092 114.31523334568975 97.62436740303365 81.18972499739326 65.20533396830938 50.10398695942285 36.98368882562735 28.703427804435147 29.642707281405396 39.14336752105883 128.86714436797547 111.68399218677156 94.54416935901824 77.47643799650912 60.54180014934281 43.89457052868459 28.05119809147258 15.675418423196964 17.41494780435885 30.976680054923882 128.074075338971 110.77218098298623 93.4703000381824 76.1684416437315 58.866625683379 41.56490514804438 24.263484174589887 6.964595632293122 10.34447311650945 27.644606336516656 128.81313748527592 111.62195749671795 94.47121838895738 77.38781244044748 60.428872459248424 43.73941518870675 27.808936646240767 15.23975641997875 17.025748033250828 30.760603349876217 131.05840308508047 114.193989960572 97.48302209838548 81.0205022342968 64.99549136525758 49.831876786453236 36.61595173018317 28.230299838888058 29.18701197003745 38.80107520857879 134.73456236883487 118.37603465171688 102.32826663448333 86.7638635301178 71.99699415163195 58.63336600607335 47.86315223438024 41.744417169153934 42.34402765667992 49.41803599900751 139.72867353335795 124.00525043036642 108.76212962393944 94.23268183608683 80.80281301902792 69.11649324133114 60.19786927167345 55.40014505909131 55.79666173900116 61.286683959792065
13.514825363494356 35.00022844946619 28.479407730824178 36.54903713191216 50.260877928715225 43.42745172537876 7.50817133017386 46.03180519604395 11.526636906061901 33.731623029552615 24.318384032929536 22.796208702391297 37.2423670771813 0.0 71.37700278703669 18.588944394674463 69.4827159532391 52.3718259646769 73.10930380391476 2.0023722896949314 12.681306605114239 14.920957379176237 20.160780976229812 26.325687077393756 53.34718743918413 32.03502604546293 23.167579529499974 42.160342565250225 52.286065628283986 24.944975149212013 26.525120257867098 14.20560674633961 35.0593369123799 43.62684094061861 66.56566959126852 15.648745157730973 66.11576570901596 5.794307893239761 40.907360438351716 17.463628093984376 112.6765167596331 99.11249581951915 86.8865278523961 76.64165390680536 69.26261619299694 65.72190949335655 66.63423497222298 71.83011659822611 80.48417563625424 91.62167812290296 104.99712059794976 90.32905805388631 76.76576476528545 65.00251585472422 56.18159851277619 51.827767385432566 53.0524594116744 59.512267171069965 69.76787910424967 82.41422499817082 98.74403286015148 83.0130163155208 68.04883804159228 54.487011926444275 43.654681392718444 37.96491242405216 39.69438968296182 48.04852961643253 60.335598557657406 74.63788808132014 94.20181375019605 77.58074135521218 61.337362010434575 45.87464835192936 32.33273230507334 24.187571790555452 26.895771300723357 38.21566736981597 52.87913373989859 68.77993291294301 91.62532906037353 74.4458385132633 57.34002048777646 40.40156133393987 23.987653032232277 10.82783306427046 16.05582669441001 31.5761033681138 48.32208778688086 65.35832895157226 91.18140437334782 73.90129923449656 56.63452192843962 39.398599468095 22.265303198049992 6.160465357838021 13.374320947984026 30.30688220000044 47.50637090980212 64.76045835093471 92.90062221513189 76.00282925949149 59.33840665931054 43.178408449707426 28.397454280717998 18.63244119834298 22.059744386768973 34.99726820514617 50.61321214108255 67.06189459472459 96.66761461526211 80.54354376906619 65.02773059165843 50.68192601493034 38.82548234093371 32.3247135984827 34.3666221101081 43.771576360745364 57.00478624400246 71.98506086718298 102.25626933891874 87.14292291917774 73.00778487383032 60.53996639578272 50.97785452649566 46.1638279939903 47.56216584694824 54.698477740179115 65.72967789442686 79.04151369345895 109.38766122851092 95.37449307532316 82.61733129182589 71.78891927493657 63.87777729621464 60.048213419667924 61.07291902728338 66.72863660483918 75.98826520359198 87.71783145299304
82.39590124062566 39.30554663961604 95.90747608913377 95.39858595898501 21.38789647851639 103.4027945157938 63.998523137434596 108.19109184185004 77.6856014954743 95.29030032543042 51.59531025259159 54.37708077471296 104.89460261914317 71.37700278703669 0.0 59.48453599099311 3.167585877958137 19.906050908462543 42.26447569203657 70.79767881634676 84.00414268048705 57.96406697674906 54.72850420362753 93.73693590051104 18.083484454531444 94.96820303350361 52.13020600617182 103.54737799288156 112.38883124586077 67.098340120034 44.912086480887325 58.276793712501544 104.86839771347405 32.89167161058476 8.903071428994929 59.90906707259366 16.2396677255997 66.86797344846418 31.6591891808305 53.98557941682112 41.399288242319564 28.347270740638077 22.179847513491577 27.91119307400425 40.80238899518085 56.11903761113046 72.33649841425633 88.96349143875075 105.80712547246945 122.77827160405583 35.81437631073585 19.347023741416784 8.041044166913448 18.807518216342093 35.23493122089851 52.23017615652286 69.37719734216537 86.58587071382682 103.82554497803889 121.08297922989976 35.42780513859334 18.625064707980584 6.113110050955267 18.070988193641437 34.84916835126633 51.97193354045737 69.1839044703967 86.431804448805 103.69770693439554 120.97390399291957 40.38911905179232 26.8574993629128 20.25046158881105 26.411147369611502 39.796077752480485 55.395112526724105 71.77897162436352 88.51290658004582 105.43035655438989 122.45528621990444 49.103145365516184 38.69882046361953 34.39166054708039 38.29728077208155 48.46942235378259 61.891807870314146 76.88052190828837 92.67869876888926 108.93473069280495 125.47078419122266 59.95525106151989 51.72719091578814 48.53323041512437 51.32200944384438 59.254745603083606 70.61871652631106 84.03322792323331 98.66542297265426 114.04757783067078 129.91357261977745 71.9847473080676 65.23510725436037 62.674786678487486 64.80225956852784 71.19853297937509 80.8568095135654 92.76373474478788 106.16539744797451 120.56436886021157 135.64341765564373 84.69127146542408 78.97674987002249 76.81619083394452 78.50357905943643 83.80680922615913 92.10339416425744 102.67021844938614 114.88253519001626 128.27121509340833 142.50507690982587 97.81117867818132 92.8482496404928 90.95735914779826 92.3274490066168 96.82018091279456 104.03177379316006 113.44490036658416 124.5614459335806 136.96727762181553 150.3435711830884 111.19809096093064 106.79886046274486 105.09822580714916 106.22587654878343 110.09494056610406 116.43244537693181 124.86309319564504 134.9952927140847 146.476364553381 159.01440498928014
