0.0 21.79728343805384 79.47972459992656 79.67612318116649 66.51071555898285 74.08723695088003 88.23931303208774 64.56522384685728 22.815084425743787 26.97241509306249 59.433886456156785 40.56316819628461 57.88540876701622 58.78176641427379 48.361069896296705 96.32099911431398 84.34150579005016 28.193293552404153 43.35935850907716 20.163693394445175 6.177729122415695 47.56796127349733 79.5845152684699 77.54247855530002 56.777642355231556 81.92340763904221 18.864324560785033 72.52185713565306 18.378611916381928 40.87691032685069 49.7477538393304 47.81263650404515 26.32996631645272 51.74771397573935 80.14435969452319 65.8748842100791 80.10572178855195 34.14849554489128 42.60208961407284 40.71900071798886 96.08803970110584 88.32541875887662 83.47771159698132 82.06313165780864 84.25477631007857 89.78896142663291 98.10162264819577 108.55634319079905 120.59731106296559 133.7969496337106 84.21365427070118 75.30071934934789 69.62146221366442 67.99109180273528 70.69031069288953 77.26669647831847 86.84385781825094 98.55079803714028 111.7199840815829 125.89337070883408 73.16461299260646 62.763612832930065 55.89437299350074 53.923928862395535 57.359381192030504 65.35370266947821 76.49061138108893 89.60591577031526 103.9534799179747 119.0887533192001 63.37427883414069 51.074676375179166 42.42230236204742 39.867113394536 44.472773075139244 54.451576482294165 67.459814998118 82.06939087985498 97.56356400147695 113.58089162885491 55.51283156243892 40.96671481706185 29.556375539668295 25.837904414329234 32.56264165198159 45.29640510595984 60.348267224471265 76.35949682733035 92.83502847327722 109.5656087677132 50.48959944375124 33.885569656325664 18.600455672893226 11.934614066347356 23.18633252489849 39.13425558719679 55.89353134427207 72.90676699217771 90.03010297509267 107.21079773733821 49.18213446438978 31.914110504026723 14.725899695390346 3.7292583981579406 20.240459193107714 37.472104054633625 54.7481008803096 72.03654691547106 89.33021441144042 106.62656280620759 51.87219311813252 35.90417006008438 22.050095035507272 16.793338233064638 26.010343740746023 40.862843863031024 57.11145498221252 73.8402114455449 90.78407138346547 107.84169259638668 58.006223691475 44.272168543452665 33.97111731851729 30.769428008465795 36.58124617680988 48.252734922396854 62.58733311822439 78.13277858784484 94.292082893574 110.79698410326112 66.6398188678292 55.05676453923737 47.120409015883496 44.812077966787015 48.93480846168001 58.13615388229796 70.45362346069165 84.53589468723587 99.63747128217587 115.35873455129142
21.79728343805384 0.0 64.72890042515769 68.79829642974482 52.93586706905183 59.801839241926565 71.40704352812187 48.469633986502096 3.2994346289168774 10.441748124091578 37.89988738888821 30.21204232455589 37.8240767539387 42.71960342642049 29.094854805986053 79.83512692838042 69.70804661170838 19.51190853425797 21.664658146514117 16.107357259607088 27.974282528098513 25.94291735397146 66.57300974210324 67.37662791268696 35.331952263163224 66.29524021246196 12.360509604962555 56.95925743997268 7.238039631376352 22.369181717931035 30.194437014271397 36.88146177786315 7.924627441542068 38.215011808734914 67.42971340409302 47.062342502539394 63.74694309162277 28.037720608749673 23.1041789372359 30.97708234982136 89.54792229279084 78.46204937910754 69.94604611205185 65.01768151070475 64.5045875876787 68.50604425311467 76.31518686985603 86.91162616672645 99.40798331500517 113.17666233791613 79.92400064642999 67.32584917054858 57.23980528372878 51.17344923527245 50.593969598785655 55.67296353087217 65.09922604924292 77.2983884135104 91.16399357995007 106.04436738593562 71.81645872739469 57.516569783038534 45.35873741279834 37.48841853760972 36.77030315283753 43.5595691919493 55.15001493315047 69.1687749688739 84.41458356695595 100.32961482654068 65.78846037064247 49.8243733124657 35.150050499692455 24.23417298820553 23.189985917829183 32.96918211713129 47.2744085972515 63.09899890714471 79.54123983207478 96.28522846721306 62.445264227659536 45.340036214893274 28.47349702676784 12.824760089881783 10.813056887796963 25.847305790363702 42.637513101106215 59.720558601994554 76.901534480641 94.12683029119772 62.2212051848932 45.03236631811443 27.983264325435215 11.701520113136818 9.460522615732929 25.31384656509444 42.317769225614896 59.49377934788072 76.72639307633388 93.984479742439 65.14847631904145 48.98013852234349 33.94842550129716 22.46439048282729 21.3427670868602 31.7031575003987 46.40450738309538 62.45300662753811 79.03220476183074 95.8671599845908 70.83743703668092 56.29505702668089 43.80676072681165 35.603918396902 34.8561846045329 41.963985574479196 53.904605049217274 68.18463672830929 83.6139390650581 99.6601465280408 78.69131403740143 65.86456900134887 55.521727235770456 49.25327544035977 48.66015093368599 53.92993266364446 63.62206524620008 76.06443936571416 90.1250957635896 105.15687822038012 88.13312931859167 76.85090299985279 68.1422679694463 63.08225313117627 62.562506505694344 66.68926723648835 74.69634591330507 85.50043511493814 98.18247959970499 112.10695241095016
79.47972459992656 64.72890042515769 0.0 16.202493512792216 13.313652907064517 5.559643493027508 13.038656138268012 16.650532627072486 66.90933139279369 54.85899625204704 59.82917028946534 88.11652666521661 34.58051009367267 22.12876325523956 37.99619423682911 18.430493477552897 4.9791461865507 51.32270096562077 52.16427278601713 59.36987366831379 84.15061276912552 49.627450738221846 7.548926269988995 18.537791846829304 60.57995134952655 4.552618609553373 60.79296390722687 8.206298964922459 62.96928198067654 42.84102312460143 70.66478995641862 92.09802998176256 56.91815686142336 27.732113551551468 8.90780103826583 24.49020765008077 7.5517866168475525 46.98542233784774 43.222576084066496 39.4309591102015 141.95750846305447 126.68789875880371 112.01074610672295 98.19208147353397 85.64844747361605 75.02214550008593 67.22858132386202 63.32247664932034 64.019403481194 69.18038787152422 136.1962715389349 120.22753242158366 104.68331483996154 89.78438028197121 75.91162732235549 63.73866225835568 54.41838525798426 49.58634817833326 50.54654173406102 57.007030451566585 131.6839413425061 115.11488329999472 98.79736703458832 82.88009734005672 67.6462028774516 53.68067081387338 42.260235459237066 35.90192209245275 37.291767799941816 45.72867052736781 128.55216693098606 111.53551626574358 94.62237818531224 77.88022096185358 61.44895832802817 45.665429386950485 31.518243948377602 22.36468781605348 24.610366101826905 36.19215767616247 126.9032454827653 109.6397569253196 92.39064987093806 75.16582580444141 57.98692830733003 40.91185207918361 24.16172028140452 9.618269789652333 14.14025462710987 30.101425023996843 126.79506584344692 109.51509991447739 92.24336793001959 74.98555978077326 57.75415876775704 40.58281613051827 23.602976633779694 8.120928373491505 13.172390827108751 29.661215641619027 128.23152904327753 111.167505202484 94.1903130640919 77.3571433504728 60.78776085446957 44.775973492700885 30.221439822310447 20.505968347399513 22.942662029967718 35.08487472404243 131.16187485801788 114.52005227127397 98.10685708102721 82.05959126614418 66.64312199860485 52.41701040030102 40.65080967965246 34.002084564024614 35.47538950590218 44.267062758837234 135.48916911834257 119.42960570923181 103.77017436032138 88.72299617058552 74.65918301400714 62.24885351170007 52.6739832865878 47.67472982306906 48.68176053570915 55.36831540444052 141.08487193812283 125.71381291988074 110.91293734281848 96.94375598202704 84.22113286492984 73.39619787071811 65.4178855259575 61.40596775299549 62.13357585841577 67.44749711060949
79.67612318116649 68.79829642974482 16.202493512792216 0.0 17.692818095928804 15.347575693185172 28.003370267102508 26.653481080588342 71.48654030758932 58.38626141684274 71.83632580037248 95.43563027223028 45.94752795931597 30.129246699099866 46.33919375685721 30.264485517729966 16.300545548809424 52.05931012653414 60.84759156319402 59.77894408267533 83.45693294738099 59.23360894344839 8.675936924426214 3.264866856582801 72.11424029731701 20.393962052355764 62.08392937223517 21.056036025008495 65.40010496254467 49.02559713852631 80.63840553121751 100.29195013293348 60.899856410600314 30.80477521567525 7.4107543532044415 37.51663639513417 23.74671908763156 45.56177958538509 50.36579140385495 39.20061462738154 151.8423672063859 137.36570281324958 123.61735727025494 110.86860965682702 99.50441737204802 90.05049931646565 83.16092026644489 79.50514306737689 79.53037011815627 83.23325447476677 144.90071696730305 129.6876731003147 115.06632865450031 101.29323810567149 88.7641416480156 78.08020402283556 70.09034412467615 65.78363839555668 65.88634519757338 70.3791627424054 139.03171760495457 123.12648917617072 107.65289938369621 92.82705277688721 79.01441186145249 66.84604258837066 57.37778412604836 52.103045845996995 52.30626382608777 57.92981665994901 134.37607878239885 117.8689080597841 101.62644853714785 85.7991679119503 70.66658335973275 56.78680665878422 45.325748033501995 38.507299005540524 38.857526121179916 46.21373403505494 131.0632373382283 114.09536453088393 97.24527251270112 80.58687633590857 64.26940984671805 48.63723100192571 34.63111650084545 25.134816763991452 25.747127811528756 35.95526332048623 129.19657894479207 111.95607653059513 94.73797144297005 77.55718209211899 60.44553626995119 43.48473658442564 26.96098805019925 12.711433335640349 13.96349878182137 28.759192599814646 128.8390042086563 111.54514345436559 94.2542444090994 76.96830313906595 59.69162692695806 42.43553346397653 25.242270374574048 8.501968305089093 10.300886105839089 27.178053318388773 130.00297107488544 112.88144841028728 95.82474841816585 78.87493601234964 62.119568252604154 45.772678491139374 30.49832028272198 19.075352981015016 19.907354171510445 32.05383777874092 132.64841551309516 115.90455497842206 99.3520930777886 83.10547359156692 67.38627375592795 52.66886033075514 40.072641720464965 32.192129294485966 32.64289464394775 41.152068734441535 136.68931190428424 120.48752010498536 104.63852374898495 89.33029969260673 74.89517924240853 61.946565234441124 51.61559507669605 45.71286477784786 45.97679847086185 52.314143684249665
66.51071555898285 52.93586706905183 13.313652907064517 17.692818095928804 0.0 7.758000534417606 24.821515458934048 9.676906299132463 55.36928022066759 42.751230572649874 54.39236046473127 78.27401356589641 28.55330605413186 12.43666646394508 28.71459616851108 31.493359370990373 17.95606814960191 38.31743208989577 43.245604799250735 46.353871061424606 71.03570168570648 41.54492766150638 13.64174199004459 17.75308800188907 54.55430401973494 16.753734947205004 47.987330634341916 9.115892754045559 50.51819949572871 31.9801187574253 62.95160432133107 82.89595073883856 45.02455180000448 14.950352325666977 14.558670747803406 21.346611348992894 16.818359445339684 33.68395489813279 33.023636150901964 26.17638073016471 134.1970049620987 119.67299113473975 105.98633774732414 93.50547089539899 82.77760991081955 74.56327940116884 69.75616736313253 69.07136492872444 72.62557634091152 79.85477782997849 127.44302582812014 112.08305268001335 97.37656444633004 83.66886307688077 71.53642941925773 61.912370008604356 56.10277289798781 55.32268462791459 59.76936073679019 68.43136906494428 121.94121511559887 105.81508777142717 90.12608355368047 75.14848204769152 61.40507350634094 49.92571513378724 42.58258202692078 41.6254829852241 47.44249842333247 58.03107581908943 117.8671333749936 101.11533369326791 84.58528373183074 68.43785267255552 53.023759497965564 39.217450231566055 29.380396058899596 28.055603380787158 36.190275325214 49.305832451374336 115.37219069461959 98.20925808740128 81.10540718748236 64.10794403669483 47.331623834315316 31.135983260650494 17.243230702681274 14.963999103662594 27.371997477964864 43.2809881511383 114.55964405648035 97.25782286743302 79.95604901934118 62.65436173132128 45.35286006902431 28.051887498480564 10.753997922613864 6.565223051600124 23.859367959366267 41.16005743957233 115.4650284209529 98.31780398531191 81.23620487893653 64.27257577067628 47.55333447522156 31.47042824138495 17.837283934527218 15.64167999651785 27.746499212593246 43.51766186824048 118.04881036340892 101.32608161125137 84.83594600790809 68.74598453316494 53.419030110216234 39.74776598218559 30.081335699358767 28.785384287706645 36.75621952782662 49.72072740415105 122.20454133828201 106.11704950265458 90.47879000378093 75.56917136081697 61.916822061501804 50.55087558899219 43.3104394589005 42.366287118198834 48.09069948541361 58.55965714143954 127.77888469066065 112.46304487829752 97.81169605231293 84.17254681456376 72.12215832551588 62.58507919429724 56.84080300382722 56.067459071413005 60.45611118475637 69.02913243421132
74.08723695088003 59.801839241926565 5.559643493027508 15.347575693185172 7.758000534417606 0.0 17.77048236982475 12.674220563975735 62.08470704127195 49.79535927330283 57.39238111240595 83.99881029178162 31.666155582853083 17.614789875360554 33.9073850502552 23.881279658092655 10.260453974863921 45.90610903408541 48.31273192209894 53.952237910733864 78.69549095324876 46.08399249051005 8.089738299349463 16.83050673160408 57.91081942742642 9.33968642811404 55.461659713219774 5.711314268169107 57.78099251064081 38.20888899057203 67.36220062350759 88.2444123555006 51.940337698919144 22.362743341561046 9.423855009138876 22.43652604649801 10.515280965444889 41.4391529387269 38.83653414281361 33.907385050255236 138.7455665742708 123.76989816821067 109.48212452229771 96.18927142229062 84.3629583030629 74.70297170154066 68.13700667964132 65.60077612727642 67.54971819948993 73.62852355029018 132.57065033173646 116.8388257711473 101.6186277487945 87.17843898416098 73.97645140472284 62.798494583752905 54.895235700051224 51.78825450130627 54.30709094779724 61.76728398829012 127.64757636486756 111.24796163228167 95.16838076790474 79.60300838535751 64.92275183300852 51.88443873500889 42.04441432502803 37.97600670026364 41.41651735432515 50.864380960583276 124.12546021794529 107.20727251018761 90.4343928956252 73.90582042296377 57.83140929566898 42.72685624587987 30.08998708927119 24.164874017440553 29.34596538544814 41.67902310995266 122.12562551627819 104.89611439466132 87.69512130272886 70.54351042702393 53.488807280714646 36.66648637583271 20.652433752032355 10.359917688735207 19.66839716541686 35.56791921799928 121.72315478540472 104.42941449992801 87.13892562755126 69.85410260745476 52.580533351285474 35.33472610285893 18.195790581023346 3.5134407380328914 17.09723023234546 34.21987495977489 122.9337434985235 105.83158354026422 88.80684092029917 71.91451904462554 55.27615435437081 39.21633035662116 24.881720775210184 17.291374338364854 24.03321368369272 38.14329861326981 125.71078235915753 109.03052310325903 92.57871237473691 76.50287479493593 61.10049565325416 47.037858546229145 35.924344873436176 31.100897463391227 35.25169417146554 46.00876993968678 129.95384967699212 113.87486740283664 98.21237953804793 83.20193057694989 69.26871370176663 57.20534794257234 48.429873609999454 44.91277292638987 47.82849961512067 56.184315145264335 135.525261389256 120.16571867996255 105.40967729814315 91.54942294664384 79.05751240471669 68.68464417706863 61.51233271828322 58.725211450627995 60.92807641978396 67.63510320301735
88.23931303208774 71.40704352812187 13.038656138268012 28.003370267102508 24.821515458934048 17.77048236982475 0.0 23.691432201808954 73.1528237901363 62.27717146297701 59.16573002198742 91.59416535522841 36.53535887495403 29.457603485198785 42.7910453518318 8.535679176945068 11.744871238523654 60.54798437033105 55.60715509209346 68.48985995732933 93.32550687148554 52.29583835378842 19.60702433877113 30.785035401204702 60.49091139669865 8.54930075455056 69.3752411038019 16.389428539117496 70.79498466013395 49.03807061518583 72.01031805483413 94.6960689613332 63.9444521685901 37.33113156708617 20.677689405001775 25.726516289041246 8.323671218295232 57.42586799039482 48.62336548933624 49.6873771961227 142.24106082848877 126.25324270338623 110.66139303727925 95.65932904624307 81.57310382345152 68.96619469502127 58.797971595777675 52.504929547195566 51.52702688623462 56.14269393898981 137.7212217248327 121.16228027530319 104.84354115085824 88.89738349498134 73.56648812690925 59.32974187066815 47.18808194578337 39.142286561472915 37.89760980725125 44.0345974576246 134.51726644897832 117.52470853152906 100.63761775533878 83.91968749437106 67.49673059159042 51.65088752132185 37.12856814857031 26.228949915265183 24.415075351967463 33.21061344088289 132.72457225074083 115.47800929932282 98.25091504306654 81.0557037126739 63.91811186525537 46.90134397860861 30.210266998265883 14.976565685965342 11.603789463855543 25.371469461448964 132.40050266500117 115.10710474769806 97.81672429067088 80.53130489832775 63.25491377284598 45.997724881864826 28.794284195319456 11.880422570380077 7.203583045820549 23.692874605301647 133.55575347423363 116.42801698653342 99.36065149331658 82.39118316547126 65.59563349913095 49.15261211220215 33.583976734969305 20.94038638180339 18.65015128398864 29.255231611211276 136.15265774554848 119.38458428481923 102.79358184250842 86.48162071107298 70.64226584284037 55.68031497685695 42.53203473192987 33.411962394043194 31.975822643109925 39.08012265193808 140.11104107750904 123.85969086370957 107.93537775604767 92.50714612207398 77.8704177341392 64.56574474830917 53.59451832306245 46.633817732947904 45.560477183397914 50.749431216302014 145.31963548492183 129.69618215116606 114.55609708940052 100.1189073322201 86.7363150026252 74.97517979497479 65.7119725839968 60.112774076963085 59.22604481519541 63.25029385361231 151.64960519722433 136.7197411835975 122.41593071808083 108.98495377903049 96.79084564170519 86.35915147611564 78.39659355878523 73.70777648398503 72.92691095633056 76.17427363558562
64.56522384685728 48.469633986502096 16.650532627072486 26.653481080588342 9.676906299132463 12.674220563975735 23.691432201808954 0.0 50.5066356371006 38.91407697596266 45.193608141525765 71.51127146913848 19.312121651969672 5.824501157921758 21.37509871945068 31.786737102907836 21.562400941967635 36.8872804432769 35.68174776144855 44.80537139272223 69.6346298219877 33.41036082076823 20.66465017887828 27.15710128377348 45.54156208582046 17.825734247271416 45.70456971976451 8.558165969732787 47.30277303589119 26.325715699560146 54.70778250182447 75.6297243666242 40.77920431969914 14.169827149363735 21.918249655331522 11.73048031133688 15.554059812569895 34.34087671181293 26.582432829478925 26.607779972188432 126.09163949804055 111.19733002346327 97.10451397707507 84.21652357436275 73.1727738263272 64.92135699823737 60.613580477581344 61.089487319775216 66.24606073212702 75.1255711644957 119.90819129887852 104.1666362386891 89.00620712785174 74.78117909529244 62.137328751034026 52.235749633390824 46.848719228431214 47.53666464021363 54.06819319221613 64.69704462445756 115.11893140818177 98.6419744274677 82.50344404381343 66.94853134413398 52.49858883060864 40.35847146988848 33.169549585957725 34.21023575307664 42.88554361343165 55.737849634841794 111.9030819621006 94.886855327169 77.99642792837763 61.33581433215914 45.1600859667617 30.257172766545835 19.755291384982158 21.535052035627885 33.70396548239284 49.059841080840954 110.39827419993674 93.11566523423761 75.84186686045757 58.58467305467143 41.36487103989227 24.26220695967628 8.060416127307564 11.832135095632127 28.526163865509186 45.6749178436716 110.6743454443592 93.44131467774963 76.23949788483885 59.09615881449595 42.082824707978155 25.461450941814554 11.149889354261113 14.109138210897715 29.538597281996818 46.31093691138921 112.71820730640727 95.8424278319082 79.150860434789 62.79058419065799 47.108037945591164 33.08153617728656 23.839460004999285 25.31724099382427 36.225909933023466 50.81713716967033 116.43677668674997 100.16983401308966 84.31592542613153 69.15968383500373 55.27798304424753 43.89710587756171 37.375972939690946 38.28417108627268 46.18548594683001 58.302893772865524 121.67655755594176 106.18823449314594 91.3531533619001 77.54712832983382 65.42489277166041 56.08901029004817 51.09049379038977 51.70300799311579 57.74828581594728 67.78811837701248 128.25116558401055 113.6291760833617 99.86746716050794 87.37348278090259 76.76869900215377 68.93064599336095 64.87008497937013 65.29559748634613 70.12556833748715 78.55169492613528
22.815084425743787 3.2994346289168774 66.90933139279369 71.48654030758932 55.36928022066759 62.08470704127195 73.1528237901363 50.5066356371006 0.0 13.348952738139388 36.62407387079135 26.916457146237107 38.80452791488308 44.816680671778656 30.52525245099203 81.62457018347442 71.88519666177388 22.770327809530915 21.570153114641332 19.32574161417799 28.955799897254728 25.916105275980566 69.01022916691417 70.14390742073203 33.96256472706831 68.31104495927744 15.553168844697176 59.038447640529526 10.354521973481273 24.21693878288555 27.824379289135642 33.58518537368093 10.648285756366924 40.78562046381698 69.90328618865023 48.42623738227434 65.63016110607707 31.297294184431106 24.579762765183435 34.03027085438781 86.25310226507528 75.18221308844798 66.81188204083506 62.24134398817179 62.31241548705859 67.01032941995155 75.4759980176345 86.61156508787913 99.52484634140323 113.61127485086287 76.67806797508672 64.02679141486189 54.01885208283164 48.325409392120676 48.49078733794538 54.46163944978467 64.64894691765828 77.40545817015632 91.66474798017137 106.82672671436711 68.70539047202726 54.27372044130906 42.06602953420651 34.527858472144715 34.83537340508904 42.81987306812197 55.247514681957014 69.78353879744212 85.35751141612687 101.49273512217867 62.947024425048355 46.808137854755124 31.91218235903193 21.08280637032753 21.663189839867027 33.057746318884995 48.11493653091845 64.31167367661148 80.96695222612956 97.84689602860715 60.04355523003148 42.843154730903656 25.77899815685847 9.606822611529259 10.896733063222413 27.274530211470143 44.359606187437045 61.565922229699666 78.81411266341084 96.0816287636844 60.40809292773441 43.350250496019456 26.609471782266034 11.64461259815237 12.721763248822258 28.050004658201864 44.838326307493006 61.91010817589264 79.0819873688029 96.30043199069397 63.98480098986924 48.18844340557259 33.89555263731756 23.966685001348672 24.46643786823748 34.95028275433329 49.42822106733373 65.29538193279781 81.74677887335521 98.49008021663151 70.28494421710448 56.251001457199 44.57671974852773 37.53264871390539 37.80241384889716 45.25541142783903 57.14708244119203 71.28978045159087 86.58743303315963 102.52434500493094 78.65673215426968 66.37303262463305 56.767758192229664 51.36611961671606 51.50804871847933 57.15226054224745 66.92072661973772 79.30376650139799 93.26570685330927 108.19703199085619 88.51418742713209 77.75423618715567 69.68051452645697 65.29716651585295 65.35104280843436 69.83187401267882 77.98022474188356 88.7920788354512 101.41915039643939 115.26642121602417
26.97241509306249 10.441748124091578 54.85899625204704 58.38626141684274 42.751230572649874 49.79535927330283 62.27717146297701 38.91407697596266 13.348952738139388 0.0 38.033844578569585 39.6260463874426 30.99201871099933 33.09927724556354 21.390912549063334 70.58987701481665 59.83067602476646 10.639392214291437 19.452773657569015 11.647665995255368 32.76342283271391 22.94826534306773 56.36189309650419 56.939162623869414 35.912349451079834 56.687480094175505 9.558918484451109 47.280145928956124 8.68416111079114 13.91660982970546 34.54618791937702 45.85838290863574 2.845456717898267 27.91635388663575 57.179561892510705 38.99162606576664 54.388127239329286 18.853333302920422 15.70390281056707 20.72148341761773 98.78861045569327 86.89179734952022 77.07055723626505 70.20148569904777 67.19611485633925 68.56441179720532 74.06436885739565 82.87746593047973 94.07714621115741 106.91602300097114 89.68310572767888 76.43237253021812 65.11110058877709 56.88324007150957 53.20385619660031 54.99361198724676 61.77899429945874 72.16433084167137 84.83770910824296 98.92362134043576 82.0158061403534 67.3161559757333 54.176040227877905 44.01508713203954 39.221404064977285 41.68951018618238 50.36286393199911 62.71783596694529 77.00222019066241 92.32476894652014 76.22209227353841 60.15708626252611 45.0183652229867 32.14252463426859 25.26541262616233 29.021556872079522 40.5570086937598 55.19240570825551 71.03691184358769 87.43565944939706 72.75106332158815 55.71490939066873 38.913982566283416 22.87264625502387 11.433759269441428 18.35801601872114 33.793722050738104 50.45520334636815 67.4399913714252 84.55347612247306 71.93976248246925 54.65620287963553 37.38963978661329 20.183740398985655 3.93638826628794 14.910415542192217 32.06024631326564 49.316446127653684 66.59638043185248 83.88538297911414 73.87588009774767 57.16926492285895 40.95993462759139 26.188162189600682 17.106596223398476 22.319579546817163 36.08883247287146 52.01303902545974 68.60773155668814 85.48331785382747 78.35599459539894 62.82690608625043 48.51275378153707 36.857337700936455 31.018515715857127 34.125389432626264 44.33559520895319 58.01255651140509 73.23917896340966 89.2255953702485 84.9786348548214 70.88001581118856 58.525965140315314 49.24737804775842 44.989149674250704 47.132224933101725 54.93244360809661 66.42592708552077 80.03710334745467 94.85871456962781 93.28852933248405 80.61376435680039 69.95073160885926 62.34041427365389 58.976658107518766 60.57112927661477 66.76955708044251 76.46033189844702 88.50360165280244 102.07002109765536
59.433886456156785 37.89988738888821 59.82917028946534 71.83632580037248 54.39236046473127 57.39238111240595 59.16573002198742 45.193608141525765 36.62407387079135 38.033844578569585 0.0 38.3982791036282 25.888910647718788 42.23034294666801 28.344192619039443 67.13619831876244 63.96459021908916 46.980757125325475 18.803714022871194 49.64543074632077 65.57986372111078 16.52383935028728 65.47575638645884 72.14493402443519 2.8435400793069943 58.66706146685006 47.01116829812843 52.065270793232855 43.559652748575274 31.32226414145824 15.569975285456815 38.826176546211336 36.58233805620303 46.18938891023477 66.81531020450572 35.34085523024166 54.654210189113556 52.87373910966359 28.26687522612939 49.639566047391526 83.079034372359 67.18016419243844 52.18172392980291 39.133099882437534 30.636188459742012 30.73209923039953 39.35806328705047 52.462955607899225 67.4861142701489 83.39723538662926 79.12819860090806 62.251533549480385 45.69406387722128 29.98923051541085 17.591840413903878 17.841081255011403 30.427749514305553 46.17471309725009 62.746097469549916 79.6288502655828 77.58546233538823 60.28757848430944 42.99295135773705 25.70815447747206 8.49341745519259 9.059838118900783 26.281871825559183 43.567264084531764 60.86205555359913 78.16000707426132 78.5927850339794 61.57267228654236 44.76912910936856 28.56691627613038 15.052419256157428 15.35561073428651 29.046980431823965 45.28103575460645 62.09452601818897 79.1189039322043 82.05629317034304 65.91704445175793 50.55282787021927 36.94360862424733 27.798960175012457 27.91852989659925 37.21312392835987 50.88122472535205 66.26983946471813 82.42083700029319 87.68537045249764 72.77480697909927 59.18045644435364 48.03317472211468 41.36122432555931 41.38866313957905 48.10402841968589 59.27629558957518 72.88392444324612 87.8018178646498 95.09615684768801 81.51397253529669 69.60226592240137 60.35828159086215 55.140438190721945 55.10456172957317 60.259908357322665 69.4600562859914 81.3439691390681 94.90881014483722 103.90803856997222 91.59750560736423 81.12962575527763 73.29815758237264 69.0066244870882 68.91951196667752 73.05186256928756 80.75853334676201 91.13724474598914 103.38638517303745 113.79588504999866 102.62978864481546 93.35375623442376 86.57744690334333 82.91601199620881 82.78379069868126 86.19702537542292 92.76517982815727 101.87988131615455 112.92617972957959 124.5034828463117 114.33638323542125 106.03380479664213 100.06095605465516 96.84983238327546 96.67602121636887 99.5554321132931 105.23774507050375 113.30202933082782 123.28172878147508
40.56316819628461 30.21204232455589 88.11652666521661 95.43563027223028 78.27401356589641 83.99881029178162 91.59416535522841 71.51127146913848 26.916457146237107 39.6260463874426 38.3982791036282 0.0 55.061252035167605 66.41010937062845 50.13627413924095 100.08203515837852 92.9444215034346 49.63133331170324 36.117983370142085 45.8809020932336 45.079346459213745 39.30353915530881 91.6167055888458 94.53536769107492 35.78071403131406 88.52648893548441 42.089524178635244 79.92278949755199 36.86837515945719 46.41092208795529 22.859796855475803 7.27859240836581 36.78203073277789 64.80221542565452 92.69520813544891 65.87112985024999 85.15729769286195 58.147051288388674 45.268022242567284 60.18467740195309 59.3367890204239 48.81561252069588 42.93923957059236 43.62679610848623 50.61147258416482 61.7936060622936 75.32651005930951 90.1577576228236 105.74244264036275 121.791674039618 50.12636529625522 37.139887507136585 29.06543768309046 30.148594806973634 39.64575068549812 53.22915557688776 68.50992728665105 84.57296818443459 101.04589766756136 117.75682400802403 43.67426758889219 27.87341496238712 15.656484104727054 17.664550602830246 31.26755222430959 47.349719289715054 64.0706222237054 81.03583138362538 98.11870323490385 115.26693585540299 41.29443783824774 23.992512649532415 6.690615374835059 10.611390528348752 27.913303061290247 45.21522941037299 62.51715810454931 79.81908761881911 97.12101751489003 114.42294761956168 43.65801433289866 27.848057688180223 15.611503644318972 17.62488021502613 31.245261827609735 47.335071546112 64.05984887104583 81.02735404772048 98.11173527174257 115.26103296224835 50.09804038222017 37.10182441409293 29.017008646876107 30.102124477110934 39.61058818699257 53.20309376567483 68.48977563947972 84.5567220223717 101.03236512233038 117.74526765928748 59.300896369506596 48.77217723582266 42.890080784940814 43.57863676760346 50.570158499546494 61.75993097568178 75.29901734265317 90.1348974951012 105.72304514607009 121.77491366459684 70.18800376275799 61.49829045252759 56.889555499918515 57.35417388011048 62.779606067975436 72.05383095032599 83.91023841570976 97.41046969835246 111.9614623067144 127.20313052563867 82.09185269580716 74.74268356463217 70.94049858534275 71.2553791544664 75.63592336424 83.44426806872256 93.82850296811975 106.03451885993354 119.50539542127024 133.85981100881 94.62938095642535 88.27223013114643 85.0172443522611 85.22062787359891 88.85863686816892 95.53971755101585 104.68283653837041 115.7058047524264 128.12434816203606 141.57168601202142
57.88540876701622 37.8240767539387 34.58051009367267 45.94752795931597 28.55330605413186 31.666155582853083 36.53535887495403 19.312121651969672 38.80452791488308 30.99201871099933 25.888910647718788 55.061252035167605 0.0 16.667034521458017 9.848634033076369 45.02152015937431 39.04909946352539 34.56573237213511 19.215437671952696 40.86297508615191 63.74712791214045 15.760484145359023 39.75377935008682 46.29297244259316 26.257923859441522 34.110312474466284 40.102895051654876 26.549365354469533 39.50679712738005 17.37971652476507 36.15674927938483 58.27396258497 31.611210914758484 22.702355972858715 41.06493396739587 10.831660480443064 30.430482890170186 36.642015323960614 15.293059445906275 30.613509470054684 107.37938372245193 92.16792461314549 77.8345885893432 64.963240444213 54.597844390734814 48.37694895623352 47.94201021733902 53.43450263842434 63.33054852014636 75.9274209656432 101.86670532637285 85.71290699439825 70.10910995259944 55.520989480812865 42.995131692762676 34.8323201561601 34.303174889687206 41.69931881258685 53.84855312071743 68.25839332076364 98.08360929140214 81.20181803926745 64.54291456258457 48.33789521406981 33.25700126884204 21.77649832420711 21.00274628097908 31.72895443649871 46.59452193256748 62.722277739209844 96.23434489881176 78.96857345776847 61.72305483201209 44.52133027695424 27.445867620822238 11.095760329416743 9.574423905117403 25.669763086964867 42.719051122012765 59.913365525443815 96.43025962827528 79.2061144839182 62.02528063960786 44.93746290494129 28.112790209758778 12.648938357080583 11.330294651279253 26.371742061320933 43.14249933593955 60.21457452883544 98.6591677113573 81.89294015857025 65.40632313187076 49.47960940632912 34.888215373892635 24.183766881463256 23.478346892898806 33.41140746384381 47.750630448599246 63.581714756416076 102.7888715993377 86.80186992944755 71.43027592742563 57.17264391540464 45.09817405386482 37.38564686201698 36.88136490443208 43.834812201747084 55.51084256162736 69.57099769701682 108.60269485248989 93.58381076657011 79.49852359955528 66.93879428453005 56.92354886238659 50.97528772969526 50.55067568741594 55.77600716330527 65.30893083597613 77.5773886379646 115.84728487391122 101.86525987491599 89.05707408091303 78.00312324868177 69.5449893798024 64.70871176251201 64.31658205360752 68.44502608028318 76.36435020395383 87.04596422382521 124.27257590549964 111.31193123845667 99.67799544093249 89.88739255408476 82.59823080265086 78.51035568738233 78.12789511857524 81.50302981021667 88.20546223312478 97.5517662262829
58.78176641427379 42.71960342642049 22.12876325523956 30.129246699099866 12.43666646394508 17.614789875360554 29.457603485198785 5.824501157921758 44.816680671778656 33.09927724556354 42.23034294666801 66.41010937062845 16.667034521458017 0.0 16.43422988107393 37.60255701274039 27.093443497314226 31.23407129138357 30.952270478694533 39.09863923100409 63.8974192951346 29.118453639723345 25.246556197146482 30.07608012474518 42.2597095246062 23.603630121777826 39.917845768983504 14.239656481672698 41.47827443401339 20.712507703123716 50.525884647868985 70.78012202521474 34.9936765387661 9.497273009324928 26.378822896620303 12.61190614796954 21.36910910260729 29.213703820740047 21.222278180931223 21.579444905108186 121.81098992565728 107.23728873322679 93.59727506686711 81.36189945201735 71.25842015325804 64.29977590256705 61.56179738895936 63.59200887468878 69.97661942357159 79.67562938126758 115.23424502663241 99.73961784550434 84.94559398916411 71.28968324921613 59.559939279744185 51.10045230759681 47.6846779896733 50.349808677468666 58.267318306653195 69.66893110459843 110.07306794807303 93.75749100286714 77.86887657307987 62.732485575300394 49.049725201832885 38.406956747425816 33.808595048839734 37.54538400559025 47.69694549377695 61.14776649277999 106.5334740372663 89.59508881593294 72.82781366064678 56.38450672362866 40.66013290197802 26.944236304603162 19.936122636555655 25.838300153792268 39.19819099405186 54.80958176148509 104.77998190491837 87.51251778704354 70.26201217883563 53.04501263996729 35.909745210699356 19.077726824519978 6.092860170446672 17.578385986628458 34.34515667900517 51.467400801734115 104.90222182051089 87.65817072204871 70.44250810281844 53.282758030416545 36.258391592549174 19.723156960097576 7.877066847017605 18.27037891777242 34.70271763899303 51.705548825126996 106.89375719980669 90.02123054567298 73.34902763632003 57.053037141448456 41.577993273064315 28.304086063380808 21.73072334022136 27.24038677479767 40.131836391213625 55.47793433736348 110.6536765221391 94.43535310031832 78.68000430734793 63.73191991382196 50.315798012201995 40.003860051339814 35.60400938329971 39.16234830933942 48.97388019953774 62.14418503933166 116.01011523004009 100.63093521621833 85.98560914906741 72.5201103884184 61.020565490497326 52.78782044196956 49.48030045947396 52.04563240521666 59.73187711498889 70.89251023289592 122.75418557539713 108.30259575815033 94.81038072865954 82.74816139765753 72.8299527029065 66.02908209462053 63.35748755693912 65.32378320783047 71.54659985895069 81.0513980492707
48.361069896296705 29.094854805986053 37.99619423682911 46.33919375685721 28.71459616851108 33.9073850502552 42.7910453518318 21.37509871945068 30.52525245099203 21.390912549063334 28.344192619039443 50.13627413924095 9.848634033076369 16.43422988107393 0.0 51.3077660480681 42.85715331417683 24.818250610577223 14.534209598191147 31.01527873384024 54.1362063737899 13.168175650607507 41.66558388497794 45.98777793770152 27.698892234071213 38.65571285279875 30.32462117077103 29.81895287020598 30.015906094814667 7.573513224113207 34.4145461409516 54.36010293992358 22.292688709727425 17.97225858183919 42.81066580083047 17.967939027351765 35.587023089358155 27.61730923841802 5.991128678555611 22.47213920687584 105.50317532304378 91.17799509769455 78.06812628957358 66.89197755006776 58.76342182730448 55.04944682191829 56.62545551478499 63.09628828545362 73.17472066717157 85.59577477894692 98.80070519891791 83.36879403899961 68.83195209544192 55.89297609933239 45.92294920366428 41.140188238721414 43.29917148791223 51.53471405969096 63.525904899319414 77.54972451025617 93.75498705990883 77.35129312866776 61.44231034329341 46.538182749395745 33.98760669152328 27.262104932712074 30.495857486947614 41.41838099343239 55.67474513720881 71.29223106161547 90.64319412288883 73.56657407283565 56.626899585945765 39.99854308005555 24.328458567241913 13.512109380782267 19.287121597350886 34.06056040400356 50.4674473941678 67.32397399028041 89.66694304358995 72.3658677250541 55.06532982976916 37.76606794156361 20.471317180787747 3.2538234909597232 14.170868299027937 31.46034408951462 48.758656595082805 66.0588641783039 90.89508356441776 73.87529376647494 57.02555899221778 40.55838093516719 25.23415713316534 15.075000656820182 20.407379543485177 34.70416648337057 50.90196203699715 67.64874606042635 94.24145635478921 77.93752827545437 62.17534956951707 47.49736242333258 35.28362712358772 28.854441800197662 31.920727482367177 42.473479221705524 56.460336468614486 71.90446657757464 99.49250956710868 84.18377419795827 69.81232624729464 57.090442577493654 47.36645491548564 42.73813459719678 44.813166887565146 52.80716224319155 64.55755201242978 78.39300567874363 106.36645979724325 92.17099927760559 79.22032777977245 68.22701405784656 60.27178817015618 56.64935427371469 58.17480656192185 64.4838335233386 74.36880623994837 86.61392373846157 114.57148337156663 101.48888589440067 89.84460086942222 80.26705325596048 73.56790441154803 70.57168319494971 71.74383295366935 76.89396499864965 85.30460320388879 96.12365988784151
