0.0 22.45019037632615 49.08679498843395 43.77874751567356 56.93595434209439 35.205725457266254 53.0105421243119 46.88222520060159 44.436013541245465 30.45206676150777 44.72177874779758 68.54844947924127 58.08956982483966 47.05779511987218 23.189251177842177 31.98541455175423 40.85565223545896 48.50485543081938 64.47214812643487 57.35459716601267 68.62714985717936 62.28938186601121 42.714721599973224 33.40571012508205 52.697000923256525 38.3818574378672 55.56495211459625 39.96386865456155 48.62191493305121 16.537081384541768 14.747101523229494 65.22115384172037 34.27818882257304 17.255621971711694 31.28380233958704 29.240474631747798 74.16183648022383 21.786555718315615 81.34744226535642 52.98767021368388 87.54286026426335 83.27190695080516 81.26111763448972 81.67761849814653 84.48551290670622 89.45986898857144 96.26536143725794 104.54491284302196 113.9776354501806 124.30115896811496 71.76926898236867 66.5178582224854 63.994520049075845 64.52016802361581 68.02414977633369 74.08502255419008 82.13864258219769 91.66114265566075 102.24281049843499 113.58789079233347 56.89122915941665 50.137334848555206 46.75405279863693 47.46771506225949 52.1102575591983 59.77306868295213 69.46361697010154 80.45237119482988 92.27657332839026 104.65328799004288 43.830404268773265 34.66397462618026 29.585432387703214 30.695749507808767 37.44841600707419 47.49479632915798 59.18050561510919 71.70840728632302 84.70550420862011 97.98511815099441 34.70309956783946 22.093932108915098 12.7815361252703 15.165331372700786 26.229748540277782 39.20967205495664 52.70835884646 66.41008964929132 80.21073290430736 94.06660943731002 32.957765383289846 19.32367571594014 7.081738597354264 10.791602597762003 23.92334600441304 37.652992613503855 51.50447189267126 65.40028307338453 79.3169822603196 93.24506197834094 39.58322721436335 29.28103410589771 23.14406785952806 24.52841761710669 32.48636926656908 43.55231438904489 55.91020338760355 68.86789333299168 82.14187999305217 95.60035092021705 51.440818933241026 44.046173289322276 40.24746243301052 41.05534104297778 46.22891758093067 54.53959195202886 64.79113940908591 76.20412800673849 88.32936088659822 100.91027474452926 65.75859051455181 60.1785984592835 57.469836324725854 58.03578171000781 61.78650646994299 68.19851067021139 76.60635309202422 86.42941747627832 97.23963344279584 108.74286616486299 81.24613836011768 76.82170234741076 74.72897324175398 75.16299662999701 78.08164234470594 83.22387512338103 90.21017463139552 98.64943979488834 108.20212290271051 118.5993645580637
22.45019037632615 0.0 28.776707561230623 41.7240759880892 54.994826054997276 27.05939704229763 47.2012572011278 26.166798970941347 41.34657082717725 22.42688701739493 23.07539160688083 62.235261084376155 50.394452930610676 42.75444317853894 8.739937954311301 18.859510090091785 37.2252686672357 48.56489667697581 43.59452805721565 55.33710541014756 62.61506714160827 66.16318067106735 21.598658394887334 25.32005923974391 49.29951529450536 39.12186289432673 55.82965063137885 17.52430700052218 44.81623928168527 11.204104931451539 17.315904409285192 61.430751041610954 29.002028706477116 11.534339832417729 12.28845972814619 18.180981169967616 53.45615327137005 1.896412097071162 60.46802443180897 50.34375688983014 91.88690761804823 84.28423878574878 78.51058912692581 74.9897079391959 74.04371475983889 75.76912836266806 79.9932494670445 86.35009987538444 94.40977220330649 103.7761783200616 78.53535967402394 69.53100986386659 62.44151232687565 57.9737826855614 56.75050725439665 58.97394553350779 64.28743528647365 72.01010320980599 81.4595181235005 92.10563497148466 67.01567695842797 56.24940466560219 47.25127105777862 41.19679070620311 39.464946914914506 42.58643009058351 49.654182871079335 59.272879535775715 70.40453213019208 82.43839457053942 58.42172976768643 45.7398675715102 34.134045611919966 25.14168955483861 22.20489989921786 27.349481550346994 37.37526699592104 49.39430737618953 62.262671340295725 75.54745465430663 54.164521338571575 40.23656562687195 26.387379966280545 12.874255179365067 5.229407924724225 16.765935447809476 30.446550790270003 44.32860275849382 58.26816787032421 72.2318143888381 55.25569243641703 41.767603584956824 28.743083890488762 17.26560867008591 12.662915072123218 20.320220937973527 32.4928221710504 45.7051037910188 59.265635727237864 72.98040980268786 61.41080551015285 49.686919534251786 39.430270351404864 32.08066306431997 29.867469129074404 33.81476753808901 42.22894381648484 53.02444786364354 65.02575502044326 77.67582326510181 71.33079161252209 61.5772117273012 53.68461480544152 48.56901837706717 47.14335148671691 49.72602905412528 55.762828700143544 64.28788142831965 74.4511860236122 85.67155259801754 83.68737026835265 75.58718015010979 69.34003037181276 65.47856941882573 64.43321387138401 66.33724266550288 70.95358763965969 77.80087013855409 86.34990695403657 96.1477219104585 97.55905577764366 90.7402687314903 85.63148985850617 82.55089014483634 81.72818420447997 83.23036645684495 86.93698464211327 92.58360091499297 99.84152847192773 108.38746251979491
49.08679498843395 28.776707561230623 0.0 64.99947540629361 49.230706746108645 49.157987690514425 66.86574166749341 2.914249645558791 63.99746135022653 26.569558003778734 7.8243725788647795 79.50791307548099 67.8078283910021 64.32224301564277 35.015583115365644 39.963082007917095 35.73882197096576 72.33020751522456 38.38208680641861 77.02624169409772 80.1438057771756 90.85736263831078 26.58714350131208 48.00531374086311 43.18110096993758 64.3140835272451 79.04596974384314 16.40840221760082 66.44620744377563 32.90531833869103 45.99899763328122 81.11054523947035 52.57873317386467 40.007905990855875 30.81131747442746 41.402910667106035 25.076182545038893 28.484457617050705 51.72706043923146 72.11298628382437 88.70568121314157 77.56926768509535 67.58080971800759 59.323201064677534 53.60256746831881 51.275278695283646 52.79206908750422 57.85134442006149 65.63895727397889 75.31316515845202 79.81566633922253 67.28523063906265 55.5347381304868 45.17716025726811 37.388810483131216 33.98467790414821 36.222711424812815 43.235406560404684 53.165750791688716 64.68354659056217 73.96669175410258 60.30182747772234 46.90152054749613 34.07959373314045 22.832509026380798 16.71753725880848 20.877737295517477 31.47273140185771 44.0843152433335 57.39815665748986 71.90473257950491 57.8274648791562 43.75045500975078 29.674414651565115 15.602442004220212 1.6454071022839116 12.58522281856562 26.654743960299008 40.73035835559846 54.80724779394583 73.94726383106047 60.418690434254955 47.192755703892324 34.618381484612634 23.75418559986037 18.018109497016457 21.89996756628314 32.08002558508836 44.42074719286427 57.548408047342065 79.77965449463102 67.49457589631967 56.02601415181278 45.9891624636244 38.52011006589293 35.288960992669466 37.41045512436272 44.1190527973442 53.722890080847904 64.95000355459568 88.65707471292117 77.8415991556241 68.18633679786267 60.25183040662444 54.790955772026855 52.580251604756164 54.02026057887275 58.84355283412613 66.31591441050867 75.65636450088734 99.76997897080528 90.34272801166004 82.2103581266022 75.79097800053925 71.54726548419251 69.87680976173678 70.9615937009901 74.68163571260813 80.67315251953215 88.47579811344677 112.45758619277642 104.22571473266798 97.29549647194234 91.9617904393155 88.51376147822376 87.17550010706982 88.04328387402045 91.05404893450232 96.00635405265079 102.61942822096056 126.24601721000772 119.00793200247838 113.01764675002016 108.48215858292666 105.58917156912715 104.47526352270073 105.19698055171844 107.7174222399357 111.91509257920998 117.61048456176613
43.77874751567356 41.7240759880892 64.99947540629361 0.0 95.70561013294265 15.844792231537191 10.911121503270738 62.08838033954299 1.991169918070005 63.67627171897086 57.306986786640934 25.295052941724315 17.102121578602432 4.9589416749333814 33.00911925420392 25.089221272097443 78.01505192298555 7.351671048391158 51.1416903498079 13.962220415471164 25.23184978279536 25.975918934968746 40.55668365551667 17.116525075059126 90.33311190675354 6.557419524016886 14.226131961573223 48.6918142268128 5.397248096534318 48.997032508521094 30.258472631087585 21.44955530690446 12.818567819651497 32.36497758040798 34.34657657585615 24.184424334674624 85.37816341941753 43.32924982665101 63.904356740611334 9.260615136176712 130.15612059402258 124.25479770182275 119.71999433344777 116.71117534862144 115.34786156134598 115.68826095072144 117.71758997593224 121.3511194235876 126.4505866525414 132.84721647614302 115.04100978115049 108.351061658221 103.14380506298441 99.65202262865644 98.05919638462333 98.45755525112324 100.82349459372546 105.02409180333729 110.8509186743142 118.06336413089691 100.63273982820604 92.94812380763774 86.85114059355229 82.69380138455364 80.77621149307393 81.2571214979427 84.09538644036627 89.06588728832949 95.8373737099166 104.05876124362567 87.28206522656178 78.34193144749632 71.0373517379682 65.91445950353615 63.503544857794445 64.11132931181024 67.65649906118435 73.71642587370053 81.73358520945368 91.19312721393361 75.55174178365452 65.0712384499394 56.10881108722265 49.49625406701908 46.25275769720244 47.07991548449031 51.78301455247557 59.449115676268875 69.0988887464 80.01774758711517 66.3073800918889 54.127416999213075 42.99768181574535 33.966960013061694 29.06283706809116 30.356012284859016 37.20578198860067 47.254523718677405 58.886625172831245 71.33152336468089 60.6956984864417 47.15921771879945 33.883789955176596 21.362153197871233 12.193970684623531 15.005654453175682 26.18722430832468 39.121470003646884 52.52916852693351 66.12280500067848 59.74916875561529 46.009887067974205 32.34393949802094 18.911393836501357 7.172925653461253 11.294467372078739 24.207067293138497 37.771623804646175 51.47517063336358 65.23003354251306 63.676170671292965 51.07377945182188 39.279234247989216 29.28569711139364 23.51430038432682 25.073361657174296 32.9378867456006 43.83615472034989 56.0247584650587 68.82137771033725 71.6801398421598 60.8182171249376 51.364332802755705 44.23093153692739 40.65842226968048 41.57517384549538 46.71763634812213 54.9110927107886 65.01195777756209 76.26597932914466
56.93595434209439 54.994826054997276 49.230706746108645 95.70561013294265 0.0 81.93698300699782 102.11583681621133 50.32516405016969 95.6312692256093 32.594132530051965 53.89161971511968 117.23007218606693 105.37717574061573 97.37003657876724 63.543896326138295 73.81187465028033 17.78421325480929 101.96277761868068 86.86938127811455 109.61606173126187 117.6066786988071 117.99117102857673 69.65467614454762 80.14008411976694 6.161982753727155 91.89692347875538 109.31171831537144 58.8740540932221 99.3647600638195 46.73350696009519 66.32999285936228 116.19874032194465 83.41668019233819 63.34788775081728 65.99036928397746 73.11883947215493 61.95209518752872 53.17539589171999 100.94714000677241 104.71085602728482 39.52683248046834 29.597458079620896 24.38207218142739 26.79183162878316 35.29813263689681 46.67917864182711 59.302206051517686 72.52142398196422 86.06240088795698 99.79409235671648 31.92268123044272 18.32574209383344 7.456213204385988 13.354716023339446 26.534714074639147 40.408111419086254 54.447300017877176 68.55035475371055 82.6844529608837 96.83584532441823 32.77885760373394 19.858708737264102 10.74329340012574 15.414525678791955 27.585037937277068 41.053514393325635 54.87225716632647 68.83048827213486 82.85759449769186 96.92352054564176 41.57593381431959 32.428629219249046 27.820049551647955 29.926238112048804 37.63625869536852 48.33913989128018 60.465858337101146 73.3131084672175 86.56051906094439 100.04911071615597 54.60194023192121 48.03723414461728 45.06889756000262 46.392508198745986 51.67931890759799 59.88872742482306 69.99981952041435 81.3060785473808 93.37422687071239 105.9440800602543 69.51902127777318 64.51548594228653 62.34716885099053 63.30610452546294 67.25865312706142 73.72484469535895 82.1129023460761 91.89796364655035 102.68129974026671 114.18029369629875 85.3412303604411 81.33653655847459 79.6357141390457 80.38515962030753 83.518927325882 88.7848613427862 95.83205111339323 104.29997034325284 113.87200128847883 124.29319635665767 101.64676933881299 98.32460843098329 96.9290360798982 97.54280018502209 100.12894889228413 104.54117039370445 110.56099944943082 117.94245495947227 126.44720766464378 135.86436499196492 118.23584343179824 115.40596716661456 114.22496518082419 114.74377897048954 116.93977926348724 120.72144314911549 125.94596645879123 132.44263787199458 140.03442527316423 148.55342644840235 135.00397203154475 132.54455131367283 131.52247287813728 131.97115109234494 133.87579290262886 137.17573834150144 141.77354345586312 147.54786595088765 154.36665599297373 162.0980665017272
35.205725457266254 27.05939704229763 49.157987690514425 15.844792231537191 81.93698300699782 0.0 20.178977077853958 46.24618556088977 14.950352325666977 49.4503830991304 41.480775330419235 35.47835044595653 23.932779189787656 15.844792231537191 18.399544336623237 9.267970257248978 64.15295944057213 23.17264787790895 39.69095476004016 28.620701869468903 35.7878079573789 41.736860604967525 25.341219789830813 1.8906666514704145 76.31787576806579 16.072615497183527 29.977630812933413 32.87640131662553 17.955326995601066 35.87785342683111 20.458808662052565 34.374458356013676 4.216213715708677 19.867885767280722 18.536046137967926 8.892302393254717 69.97671379616085 28.819205673565776 54.6657359240043 23.60398679044451 117.92191699511368 111.02568916683092 105.5675209538014 101.77911816702508 99.85077433291116 99.89029863859604 101.89540060085041 105.75430984988013 111.2742758438301 118.22278445805482 103.63112797630005 95.74845764548883 89.39227857337258 84.90621017730922 82.59560229384944 82.64316056560635 85.04492826767358 89.6117807855234 96.03527922177892 103.97179203011487 90.39876885518727 81.2867315899088 73.7303548095307 68.24845553079382 65.36515345975157 65.4249613051164 68.42016073477912 73.9951081756055 81.62283434113775 90.78730372620164 78.7601338429872 68.16157589507687 58.992022646104935 52.01298262843863 48.18595688048045 48.26668087433818 52.237040272410354 59.321061917986086 68.56020096888318 79.20372279929532 69.52031719795826 57.29895487269614 46.07233459756001 36.76357661348608 31.142944294006266 31.26711932405795 37.078427264932216 46.49094874427234 57.77038227734563 70.02013353680218 63.73134920750975 50.19006012880845 36.93195173004761 24.422986977332563 14.71709561211782 14.976861032228449 24.892219086712178 37.45044483307954 50.72509064329105 64.27365481958986 62.361765438643 48.51408194820426 34.69849947598744 20.978930963215817 7.875037292535155 8.348253068054154 21.520845343469315 35.24728211197719 49.06479811311099 62.913277735970816 65.68857780300627 52.79102446584212 40.53036438477265 29.706233686084065 22.497842265600227 22.667016556092218 30.089573080293164 40.99894571095099 53.295176590576276 66.20991266715005 73.07313642646972 61.79701033474492 51.77009534854489 43.85791398646934 39.35737524279735 39.45386289294474 44.11722387709507 52.13601229049024 62.22619321910249 73.53991272439205 83.4450227916029 73.82107296455462 65.69842366092213 59.69325290713036 56.485099367353804 56.552049495563615 59.88311855336999 65.98576801593867 74.17900132734002 83.85212698343416
53.0105421243119 47.2012572011278 66.86574166749341 10.911121503270738 102.11583681621133 20.178977077853958 0.0 64.01759382708023 9.37629735806616 69.61454922793405 59.04174927774037 15.623863542506628 6.233934432430915 6.260517253701401 38.57495244694511 28.726740015940155 84.33174193659409 13.095343882934626 46.46769147011978 11.119932902888507 15.809605378939333 28.406015633744964 40.77820713325071 21.98774833118089 96.48657759601144 17.45979802602241 15.493483728411896 50.50661919107251 5.620184241535618 55.92645047175349 38.737238685460696 14.439423324846189 19.228000159626436 39.5628195641092 37.61648327636517 29.022347037608448 84.91112598341343 48.9803396924405 57.15443432856831 7.471528264623392 137.87322632132532 131.18032649707763 125.70675807058639 121.61734900436883 119.05487900643818 118.11880362884116 118.84757223632853 121.21114927266858 125.11688728969149 130.42626258419216 123.27997263315248 115.78193044621712 109.57102713239843 104.87628638877796 101.90753772962188 100.81741513855482 101.66638316363638 104.40713859773761 108.89689831858692 114.93081110450389 109.4786110827109 101.0016379451042 93.85166880498656 88.35157565135715 84.82299699892029 83.5162512332735 84.5344561848771 87.79674565525815 93.06738921242514 100.02935440087187 96.8084212944348 87.1544858833688 78.79826315847252 72.19193860194278 67.84871359550931 66.21548795582773 67.48931676338762 71.51500947754747 77.8668665065114 86.03110585299807 85.77216389840439 74.76079215907062 64.87604800700444 56.71032255145734 51.0946924464842 48.91555039787147 50.61871442207828 55.850109122684856 63.74687723954349 73.4542690305767 77.07494589008861 64.6617798384282 52.98435356122444 42.651553014017026 34.87979069326778 31.61779398621534 34.18206254974478 41.50641966070054 51.602183187622465 63.15383706255249 71.57457639617947 58.06731948931265 44.77149348407155 31.952447026992715 20.524242845855532 14.330119424209817 19.320593376809494 30.41448886180648 43.134809092668235 56.39134388549927 70.0284385589627 56.224367553378386 42.43037030898303 28.661339351779514 14.986721888987008 3.119831597872235 13.299249399222058 26.944562866524688 40.70802985964528 54.50008465498299 72.68929732879303 59.57552781315463 46.849661787552314 34.93845276755394 25.033410965243302 20.318168618643504 24.065899497178812 33.551272391468665 45.303213225153115 57.958897697562776 79.13390678870853 67.34987464672919 56.463705899556835 47.102316249363724 40.341715867350516 37.61164983301811 39.75145004280191 46.087702977759264 55.19351461756104 65.93108106125146
46.88222520060159 26.166798970941347 2.914249645558791 62.08838033954299 50.32516405016969 46.24618556088977 64.01759382708023 0.0 61.091156661834766 25.853067798655648 5.018824426642023 76.76137142479399 65.02969392564336 61.430482419743804 32.196047653146906 37.04912085878257 36.09053392407344 69.41808037570273 36.76423257700358 74.14410158827307 77.38869511685051 87.94337887579032 23.8815568270537 45.09118702616445 44.21768547909575 61.404522148799586 76.14066665893014 13.529460231048695 63.55559063380087 30.897531402704423 43.31610413001685 78.28347407214034 49.66460115624225 37.29524228445147 27.898344607666086 38.49370391958223 27.401010003810814 25.96993553309694 50.69978355306397 69.22519622997852 89.84966506988629 78.99783726675386 69.35365687017136 61.48818567972871 56.154026771107006 54.105192846108736 55.70540105610554 60.66656131187179 68.25967721208667 77.71700829077396 80.47846791964761 68.21187609107068 56.821431105081494 46.949431267222124 39.74414227905097 36.806618861416695 39.110655120442 45.873116374216 55.48709200195413 66.73120080059887 74.02225306280555 60.5289957804486 47.39329932695345 35.02014675292525 24.58925525010334 19.513997317407803 23.556479568435318 33.570283003176236 45.792536846578955 58.86315875746462 71.27757545551793 57.2132516464442 43.154131739014375 29.108104113243456 15.112200613839574 2.3619040618903826 13.374784632058974 27.354980287610083 41.398075912000344 55.456183367280055 72.66622490373899 59.00551280375977 45.575627565904014 32.66285712769197 21.232951900667373 15.135213592509166 20.039329999798248 31.118096708547508 43.92436856662057 57.31146137226312 77.96766243306226 65.48772756770845 53.76524013438519 43.418339565408644 35.665254672041264 32.42351600896427 34.971093467557836 42.27395048473979 52.37943131715991 63.97278680620618 86.46514438296255 75.46079727961478 65.59701778375016 57.46435112009565 51.88347560255416 49.72130016879965 51.41101786946898 56.60872536082643 64.47142547320375 74.15611785233385 97.32509781700159 87.74234401524753 79.46031030734325 72.92366250261611 68.63302554702233 67.02122492738766 68.27826072040169 72.25454058316981 78.53807857448831 86.62817494294649 109.84906372178511 101.49780038656138 94.46490122040292 89.06334217825359 85.60258089691105 84.32197276664401 85.31976186197923 88.51892132892463 93.69418378864195 100.54078818322449 123.53196994672973 116.20492922300251 110.14535254476145 105.57180850512098 102.68312432914043 101.62312331329203 102.4485987698083 105.11512822584986 109.48824398661284 115.37399186218748
44.436013541245465 41.34657082717725 63.99746135022653 1.991169918070005 95.6312692256093 14.950352325666977 9.37629735806616 61.091156661834766 0.0 63.45848231384163 56.26763328790242 24.276354163604005 15.47129284542714 3.180210064573222 32.60888818736432 24.21640228750489 77.90342471197948 8.66192496535932 49.31294187323243 14.015597859973722 24.2789018117807 27.232297214173574 39.23447120309866 16.37184801923475 90.19543386354087 8.185993859425611 15.052319976009123 47.64186623300133 4.206834297838279 48.98681656003137 30.625290774000025 20.97987494888561 12.344724043394846 32.3654782839693 33.483584316520485 23.547166269445036 84.05275370582227 42.996743179713725 61.95599426938535 9.07991872417077 130.4215323936012 124.31826150750437 119.56312920780005 116.32165700760322 114.72226970355638 114.83362308139817 116.65081652108972 120.09641608109035 125.03582601224264 131.30050092781042 115.4432442611518 108.53350062474568 103.07835037605223 99.31785278749474 97.44844983615216 97.57891715363571 99.70140224438332 103.69362554210868 109.35094205860769 116.43081194814388 101.2087163107559 93.28833721999617 86.91178737657101 82.43819223762758 80.186750841619 80.34452351850399 82.89775342021966 87.63728778181249 94.23375673530214 102.32859023445636 88.07928784710029 78.89619417193852 71.28028670226628 65.77831603440954 62.94714505950375 63.14707554296194 66.35071011660027 72.15904552283274 80.00671799890912 89.35793624459464 76.62514415736595 65.91818822423895 56.62868335468229 49.560365667629526 45.7546124154928 46.02800390547378 50.314085921586596 57.72580793076635 67.23727075754582 78.0847945694276 67.70199085750846 55.35799954232312 43.94820023023237 34.41488767675496 28.69389253811412 29.125838032624145 35.486744702852825 45.34663561222027 56.91509352157723 69.34207596334761 62.40513997008713 48.81097395710341 35.42299884823752 22.61085594200469 12.325088487903168 13.295301514930916 24.203763249701122 37.13587525704744 50.5619105656298 64.17246947104906 61.67607723510947 47.95014843335386 34.3051222166497 20.90044934927344 8.898852118716986 10.19455478848109 22.60633892665345 36.062952050266496 49.7231069768863 63.45535564790078 65.6671195604141 53.05303744137442 41.20196587751586 31.001909997924944 24.600503193581403 25.095939033837993 32.1711402077168 42.66974571954658 54.653175321697326 67.33314537500013 73.61452138909 62.679624436574336 53.07608305999513 45.652160167658494 41.59198686373807 41.885518599337864 46.45028808553305 54.217942589588034 64.03322118958084 75.09738181176789
30.45206676150777 22.42688701739493 26.569558003778734 63.67627171897086 32.594132530051965 49.4503830991304 69.61454922793405 25.853067798655648 63.45848231384163 0.0 27.06093656058858 84.65135201195773 72.78594330951348 65.03636044043259 31.05570811346038 41.21870432728009 14.87785387721385 70.23203978913581 58.40218464793797 77.47399147251514 85.03781709981526 87.10080394264632 38.65877364131816 47.681601534365626 26.87393772387265 60.38764156456716 77.56869139206783 28.909597811747087 67.06830125097198 15.69923812135824 35.56532990393236 83.79425178465769 51.14978428042694 31.604442755907378 33.53412463503415 40.5931608647218 49.43666811207835 20.634209648187664 74.18800912635739 72.51545616098113 70.28546382172783 62.009131354730364 56.141815944557365 53.48242399928622 54.502615180526114 59.01184696745878 66.30197168551967 75.57236366784974 86.18626022870971 97.7066778701587 58.15892994035364 47.88062900247734 40.03119044956237 36.225622166292695 37.70884844594152 43.94859831417856 53.29966754766494 64.42103754960912 76.54480499333883 89.26332649403302 49.22986200127913 36.58805374560469 25.530394851430042 19.05086035353881 21.727688811419068 31.29330670029396 43.41041099754763 56.45934593642355 69.92019955095634 83.59407371449937 45.42467355199723 31.3612101340015 17.315254977878435 3.505483342610166 10.997303825162009 25.015461896850372 39.07402098980315 53.14080488926912 67.21051148261867 81.28147397132496 47.97839196726429 35.02961755747442 23.378348740901366 16.135522957157363 19.19640440634966 29.51247469823508 42.0452204266392 55.30761503762084 68.8793351962578 82.60791735179073 56.02815986642651 45.48990538945222 37.30936163984873 33.2736433700412 34.85363988469356 41.411466177071105 51.06396103121434 62.390857937260186 74.63353264562407 87.40788954586903 67.63938774103735 59.24776501594319 53.25543994093439 50.523550345481276 51.57289505794371 56.192022905833994 63.607875162340875 72.97263708513532 83.63406595303076 95.15719335750751 81.30019879135882 74.4981382806542 69.84989221049996 67.79997411715621 68.58180382915607 72.103313964861 77.99424055678648 85.76766353345573 94.9623146030995 105.20610670105222 96.14084119879156 90.4895371628226 86.72130730963345 85.08676392624196 85.70809266697047 88.53780475181225 93.37530427330923 99.92936599597608 107.88751927609505 116.96341082904716 111.69200437994276 106.88989122098232 103.73463733143296 102.37866894509469 102.8931654731703 105.25069308481261 109.33206047076122 114.95374723734646 121.90276391278837 129.966284872484
44.72177874779758 23.07539160688083 7.8243725788647795 57.306986786640934 53.89161971511968 41.480775330419235 59.04174927774037 5.018824426642023 56.26763328790242 27.06093656058858 0.0 71.74257607185164 60.01337725517614 56.539317082342755 28.231658367171494 32.34069612616627 38.76860499701685 64.64836855853696 32.98130719944198 69.22457796769909 72.36996169283785 83.21155217612846 18.873738952023864 40.384025880440134 47.740894398620924 56.819664049431196 71.30781217902573 8.627795552616904 58.6604533657772 29.395439627323455 39.82110503153993 73.28842763729475 44.988995462819716 33.72947145065067 23.300947628683513 33.93838924130956 30.56324805137369 23.192767806608146 47.714729924662755 64.32095121470218 93.38605677475532 82.90437986866145 73.66379217265532 66.18633125822132 61.122660349338595 59.09662386417921 60.41463356072903 64.87317127975375 71.89022327584667 80.80186770464613 83.37919012280945 71.5033039374361 60.60163823150169 51.29929969156852 44.608475754335 41.802650589237 43.637805523383385 49.601444484937886 58.44304348742235 69.0659289888898 76.03888071225751 62.857028068164496 50.17436664546061 38.48785712637375 29.026970631319926 24.519906876977956 27.519102891716766 36.20481135093127 47.55712295452805 60.082960699305616 72.18325085185678 58.206414701243105 44.284080809666705 30.49133380940565 17.144280472322738 7.328278314465155 14.45879688947381 27.56779936491942 41.3095150983629 55.21341035124928 72.3714053779913 58.51209001986961 44.759320716975175 31.254392055486214 18.54723957299062 10.24183019199084 16.109792719933104 28.423386244692036 41.832733761570125 55.54978034018736 76.57354124301983 63.70274621958526 51.423904965813044 40.28227776606455 31.508510796665146 27.47362555502138 30.14476514967201 38.1379645016129 48.90996496238923 61.00601942490341 84.1907501434622 72.7400323380573 62.322896641297824 53.546205049867 47.33164716596323 44.75956556337702 46.43921985601538 51.95988754738138 60.2751790837479 70.40163075674708 94.3999252634613 84.39716798665904 75.64769079368568 68.63264195967554 63.92570537915134 62.0544189444666 63.27091153277959 67.40820141794869 73.97780232430586 82.39990119579565 106.45796192923514 97.74123415683778 90.33109670389848 84.57181742940273 80.81719623284816 79.35235790118027 80.30272835947464 83.58595246608166 88.94402027086355 96.03018649054499 119.80792008148786 112.17180115853144 105.80900327227387 100.96065747596755 97.85221009033864 96.65172575410227 97.42977444383348 100.14023870368051 104.633014527018 110.6912309708952
68.54844947924127 62.235261084376155 79.50791307548099 25.295052941724315 117.23007218606693 35.47835044595653 15.623863542506628 76.76137142479399 24.276354163604005 84.65135201195773 71.74257607185164 0.0 11.970262845004486 21.50087166565341 53.749378824591815 43.45960261828378 99.45717719513807 23.58330946996069 53.02578132510036 14.972885761295911 0.9417889171413917 29.474297803360813 52.93332830992883 37.336601304403096 111.50794335203716 31.61291865508212 20.385955744313033 63.483597530442815 20.073617281193965 71.35120647031664 54.35325817061742 7.706967498143385 34.83487593000897 55.109698486957484 51.86940843871701 44.158838297084166 95.13136475892678 64.05893265259695 59.70227184354921 17.00709426612604 153.37361183285842 146.4471400255439 140.5823493905338 135.91683255293972 132.5773304928385 130.6656014059282 130.24455873810197 131.32854680838813 133.88099828243946 137.82031364444737 138.87769426104492 131.22436672071922 124.6763159058376 119.41560207399702 115.61816329312573 113.43111374286447 112.94807152368996 114.19067011920056 117.10397240886897 121.56788562244917 125.09694457102673 116.58300175700384 109.19556219773872 103.176998685776 98.77794011794228 96.22083337881669 95.65355298916478 97.1109843952262 100.50506457768935 105.64926263165373 112.29496667705982 102.77183687510902 94.3496588659596 87.34761867853058 82.12985981186861 79.05057257411899 78.36230660513121 80.1267099703139 84.18969448069367 90.24126823741915 100.84520793862231 90.17314949540888 80.49065611347066 72.19713506729445 65.81988255598247 61.95361417632658 61.07711152304395 63.314676210841284 68.36117543631396 75.6565278773587 91.25806710260169 79.36646398131244 68.22267646729581 58.25763921858182 50.17878690156825 45.01356053199118 43.8051317315429 46.86063389769781 53.45376466369285 62.47429749043001 84.17241877791223 71.17279395945651 58.55443379211406 46.62815817862086 36.0870477936124 28.51147121914059 26.57214967847431 31.3337199758063 40.49776050469011 51.777112730110936 80.25359667597539 66.56417862090542 52.93023822730907 39.40969595716705 26.17919078878312 14.081917037613502 9.590738738570236 19.14150512329753 31.961559014094494 45.35862517544123 79.96853069188232 66.29257448215375 52.66211912463712 39.12504988219267 25.82896998763195 13.50591799522006 8.752083127279466 18.70039149032315 31.65000636489731 45.08485635333461 83.35451066201155 70.40819034736704 57.82462911607877 45.903391091238056 35.32183459644163 27.6628323097625 25.689087315065787 30.524158924379503 39.75693085181318 51.05475087053942
58.08956982483966 50.394452930610676 67.8078283910021 17.102121578602432 105.37717574061573 23.932779189787656 6.233934432430915 65.02969392564336 15.47129284542714 72.78594330951348 60.01337725517614 11.970262845004486 0.0 12.297250084603398 41.99671678111759 31.568820232202686 87.61750626941128 18.906256350493496 43.90253058637682 14.47201880695584 12.481057116153885 32.174690893471286 41.29806437665101 25.81758806216404 99.62290933811127 23.62609886474852 19.81360192989828 51.6714271626418 11.853942057023769 59.75897968523918 43.56767696721924 14.014441445424369 23.86747398872187 43.76208144087486 39.90116957739484 32.423047080908276 84.35576403660103 52.23371687781448 53.144805758467186 12.509583051789097 141.8135850072153 134.66231165845824 128.6520697591888 123.94904674136995 120.70620783387791 119.04299091953979 119.02565746310631 120.654917061567 123.86578914710438 128.5397604376613 127.55832146525185 119.59528229755637 112.81711312003694 107.448389378743 103.70831510711646 101.77665289343852 101.75647120643262 103.64888690136948 107.3527757714014 112.6896106366925 114.14833740990646 105.2179614145298 97.4820444876094 91.24502317576685 86.83059423589856 84.52487101721191 84.50068111595479 86.75993326348542 91.13293033329089 97.33513672049729 101.91783734337551 91.85478621716614 82.92465862412206 75.53052238045115 70.15982489082373 67.29884045013526 67.26859716507317 70.07276077888788 75.39569813420086 82.7527129378937 91.34184846875885 80.0154896794568 69.634409916127 60.685855439231375 53.888416403408776 50.125117362124094 50.08469425763488 53.775543751956846 60.51875233353716 69.43051433120482 83.05483774493652 70.47233441244208 58.48166470814673 47.533082925968706 38.525748229861925 33.08525675256962 33.02427004548015 38.368449641032726 47.32055844812409 58.23987728154558 77.7917986846984 64.25663964104218 50.89166136113465 37.87773194521566 25.752991891257388 16.596818893569147 16.47548494059188 25.51819486792637 37.611951567655936 50.614943002670735 76.1820641044642 62.371275841210156 48.56458907108278 34.767209624004394 20.997889573149337 7.415385328923062 7.141020575203177 20.71062843611378 34.47883888288162 48.275912923235744 78.45084396458402 65.1930276478145 52.20899782319751 39.76811330246541 28.588767063313238 20.81429414982334 20.718593690708495 28.379455783451803 39.51745869621795 51.94186409843437 84.28551491874696 72.17187921466322 60.75970393470388 50.52677002428003 42.337162143507946 37.5525645132492 37.49985937336614 42.19678199043096 50.3306719008686 60.53142066288535
47.05779511987218 42.75444317853894 64.32224301564277 4.9589416749333814 97.37003657876724 15.844792231537191 6.260517253701401 61.430482419743804 3.180210064573222 65.03636044043259 56.539317082342755 21.50087166565341 12.297250084603398 0.0 34.026978261165475 24.96556021285573 79.60713583661975 9.848721078253556 47.68696697762057 12.818462296336508 21.56965837011964 27.792783957293235 38.995079726762796 17.47365635338524 91.85318832597156 11.363055506576156 15.06246008003447 47.91820313732657 2.1339197942352057 50.86730803510168 32.999347018461684 18.86961013696109 13.97006544563916 34.317335732821405 34.16542787519922 24.69090693799087 83.70626113730822 44.462804423603245 59.78996272322554 7.8243725788647795 132.57006091858116 126.22166572490829 121.17744408378834 117.60540420486619 115.64210110319569 115.36972247003435 116.8001025056061 119.87228219159077 124.46470473354444 130.4168084662955 117.75284776621626 110.59090943870264 104.82428934725426 100.69308884033494 98.40356162893045 98.08479280931334 99.75568132399485 103.31971896167302 108.59061334122615 115.33451724916907 103.70794776658563 95.53790138362423 88.83128540096746 83.93971762031283 81.19199178326026 80.8071394914475 82.81811323162871 87.05902055939283 93.22597805735323 100.96659682485198 90.79447599547589 81.3838617274956 73.43411905495581 67.46380703889035 64.02914424695913 63.54269824181137 66.0696277715402 71.29018334457872 78.66986565076596 87.66500069559395 79.56524669456942 68.6867985676217 59.100333023497136 51.532177697815406 46.96846059924735 46.30624905590107 49.701745043052576 56.42708452573285 65.46384984371691 75.99175538988335 70.82593635926337 58.404799840346534 46.81704638746104 36.857515224475456 30.183678767447805 29.147493856666284 34.26431261010551 43.41025156768054 54.59658056601181 66.80596751457648 65.57965546077152 51.9910183647881 38.594419911880976 25.69238274164134 14.655573397959746 12.393449452942965 21.829674501613017 34.403378622667454 47.69445126076116 61.2374360351222 64.68200931691344 50.92850219874531 37.228075577463486 23.67343755264441 10.827298560842435 7.505483014629562 19.43548741211522 32.88530715328613 46.55574992550729 60.296813490862256 68.30466029451632 55.525306673661255 43.37092252941676 32.54958943478187 24.867411434340376 23.617376144381687 29.625218394891448 39.724083864937214 51.56372872180464 64.1878783772065 75.80226959850405 64.58411589188418 54.54219630575885 46.445999950176294 41.45188902303722 40.717835543271015 44.45538067358571 51.70368166443234 61.22827358927019 72.13291628872705
23.189251177842177 8.739937954311301 35.015583115365644 33.00911925420392 63.543896326138295 18.399544336623237 38.57495244694511 32.196047653146906 32.60888818736432 31.05570811346038 28.231658367171494 53.749378824591815 41.99671678111759 34.026978261165475 0.0 10.836491684875316 45.75977100204992 39.910804303681466 41.39242662317781 46.59720415582424 54.098827139656414 57.69930921772493 20.030334321935115 16.626281686533503 57.9192386986655 30.643202905786314 47.14733862804882 20.758020568278514 36.08298605674684 18.01058663822347 12.40298467868635 52.741933969627546 20.265148225575103 6.606660771369229 8.255734750687411 9.590657136306284 58.70498421846763 10.439027684181541 58.22093870560896 41.60405142707953 99.91353911737043 92.697768196352 87.18694731443634 83.7185291139293 82.55040702104324 83.77887145840079 87.30279496871704 92.86117169584762 100.11564612416413 108.72715477585704 86.08724272346247 77.63721035728526 70.99832255911487 66.71359379707306 65.24852677039053 66.78895505118304 71.13988685197253 77.83134725118312 86.32065568930823 96.13258822318869 73.74286262563734 63.72520448792248 55.48576077988139 49.91320213524254 47.946682845807906 50.013421718145466 55.6659565171874 63.96049504823106 74.0139633563792 85.2058940233051 63.747192759689156 51.89385313935982 41.41602722891645 33.62535601650293 30.64493677544174 33.77325581354461 41.65601577697152 52.18118573333174 64.059161081156 76.66357518136337 57.3419370922059 43.86054436554747 30.832041654277923 19.201928467269546 13.343669205624995 19.45856843943268 31.152179822238832 44.19855504670163 57.68694513446724 71.36702788158271 55.77803584366148 41.871562692006336 28.01164209369382 14.334441610241031 3.9633911756945395 14.674862328466327 28.361993702844327 42.22384750257137 56.131001535819294 70.05634235158874 59.438869303161646 46.705601637802935 34.891248359362216 25.317010990317122 21.26210326374262 25.510388162290223 35.17181809043755 47.0202002724712 59.76866404605105 72.94668645476429 67.47938539885926 56.64189031310313 47.422106136520824 40.92845641454585 38.563703201696725 41.04778733624586 47.627939390870836 56.90035215539784 67.76868926126274 79.58163451257172 78.56624015270218 69.52624902769915 62.28180238073672 57.51555192509833 55.8655079445559 57.60012506394789 62.437922413079995 69.73597223146403 78.81367559173208 89.12880322506078 91.59988590368235 84.01309374777097 78.15305166225123 74.4288354858669 73.16737220251684 74.49389633195962 78.27692777343776 84.1859042625379 91.81118586463552 100.76378368374321
