0.0 58.755814035967894 4.012769250733643 20.54628576269644 32.360435396197396 47.748132673389925 8.78560256286786 26.33849081140477 36.365440069352644 41.92581307056961 41.52658839147669 42.23483672832636 11.299598313386152 66.69087989195505 25.13122649156291 2.8452263923140793 44.96791915835281 64.54259658129087 16.33745547186577 42.007564526568245 17.60527751524743 53.74828533578549 10.197101763018056 23.043750715291136 21.955986028344736 31.496770080663644 44.38407115008103 22.07841664698844 33.71333285272033 32.12569551975509 33.738942554033024 38.558160191420875 14.017913157552579 70.15471050279945 43.83442913770796 1.4226131961577468 68.57567260383324 57.538011334141075 19.923500362157682 34.19367661799752 136.2788732084788 130.11894811130122 125.23763122377649 121.7888336314413 119.89628866272527 119.63390381849725 121.01228706730838 123.97670473412568 128.4173260172431 134.18761669096335 121.30614185908928 114.37530266598513 108.81611034962052 104.84705955381618 102.65282318811875 102.34764795006261 103.94817743609363 107.36919960330246 112.44463063275744 118.96284034497555 107.0379467202187 99.15230753717384 92.71534085908237 88.0454587975316 85.4329993481481 85.06776495202546 86.97807470279217 91.0207404286266 96.92927017638564 104.38723198207387 93.79636048193342 84.73105303268113 77.13643725076369 71.48294027772931 68.25471296912724 67.79912773721423 70.17021648443212 75.1006911490352 82.13084072456502 90.77404324791848 82.07975181493076 71.59765104042222 62.471052777819345 55.37444992767989 51.15982313430313 50.55326205987586 53.67722980679846 59.95132102172195 68.51547053039805 78.62477703303213 72.62993386701048 60.59535419187131 49.537277690992646 40.26859417773939 34.27334765579536 33.365496891816946 37.91230187970987 46.3348295760322 56.938278238571414 68.72030346990434 66.42154881156489 53.06666838613077 40.04944805401982 27.847812617165783 18.18544505116061 16.419316543579246 24.334177277130603 36.033046358958515 48.86991383854496 62.143387132776745 64.39899236150129 50.58702073168683 36.778820813293436 22.98157253851226 9.245088407265724 4.9643754548682715 18.592300813936227 32.38136634692217 46.18736354818059 59.99847439443465 66.9427479681574 53.85836117432247 41.23241436061034 29.656630007539597 20.951040627713265 19.452752672411165 26.41793010865039 37.38226587050025 49.769265090357216 62.74176603362217 73.58074484207428 61.976612517852544 51.44170769108362 42.7737039398654 37.29790534178827 36.48133282089647 40.60606270937541 48.42543933973708 58.475551017998065 69.79926496998205
58.755814035967894 0.0 54.787421102113186 68.35638740704272 74.35179078059336 12.108485177991676 55.09015809916675 62.904480332764756 87.51055017905396 40.18006109559042 48.224568798236895 16.727018467551535 47.4562446696183 18.868869988545065 40.873070430825145 56.079553406913405 25.55745523859713 20.550866545811395 70.6032093914885 18.504597228955905 41.39225078699389 10.979787192246462 48.91579197583292 68.28543341555206 69.02202365090682 28.08515509584729 15.717474162223894 71.9739690939487 86.21145832315183 43.784349918713076 57.94836239835544 20.202687860740838 47.9166306660584 17.0951292184639 17.88561545908112 60.09976568481526 20.128918887512874 13.890851098833634 78.66616072109879 30.157468508121305 79.02790958341754 71.66373093256422 66.53197726156738 64.17056650508847 64.88272153094448 68.5727389788406 74.80115987085794 82.9983962649704 92.6432020301402 103.33090856381723 65.71433232608464 56.689772068302894 50.07782368048705 46.91010611785336 47.87529152437664 52.746976840967136 60.59002507043182 70.4184177728561 81.51706845614831 93.4342748764102 54.68125549923743 43.4796365747963 34.464255281916536 29.697946722515532 31.193470674796725 38.22273288668791 48.43340944601645 60.22851053627507 72.84225401879654 85.91468215773429 47.54376071568307 34.145804278141135 21.598458302479145 12.731518221352133 15.89763428486261 27.173916933247053 40.23860777549336 53.80421491009029 67.56957484879572 81.43330602891191 46.1463098545177 32.25060800304268 18.54491712856636 6.397546877546157 11.45207526586756 24.790661999748487 38.61608930899963 52.54534940171705 66.51310302464164 80.49916697405641 50.96329947700882 38.89699341821816 28.636454789714236 22.770138098455824 24.663300039928686 33.00670828790524 44.294080236601026 56.79642670457315 69.86437043821273 83.23178640680261 60.528812346889296 50.83855909652613 43.530347757519856 39.93423725498574 41.038028689818 46.50827206350407 55.0584700762211 65.49316429985608 77.05037049510736 89.29516496154913 72.99944934521841 65.22921660280194 59.73648675801457 57.181473873919 57.95407075909145 61.92985271535105 68.55370962119771 77.14645289582148 87.12738308854254 98.07346498578131 87.13670486743321 80.77035916540082 76.42458090037105 74.45409415734252 75.04626523193333 78.14284774048048 83.46552264838611 90.62282250838066 99.21841627262606 108.912186711928 102.25162255553917 96.91006012884601 93.33647369959783 91.73776132174531 92.21671552310826 94.74182475131035 99.15685670388447 105.22412681815003 112.67696891700325 121.2600763853337
4.012769250733643 54.787421102113186 0.0 21.67758642019542 33.12144791816657 43.74049965696683 7.14147739815922 25.823056316370156 38.76332528114868 39.544778056342565 39.8319763471623 38.30708747349545 7.352498913374393 62.71448308463573 22.387887147610975 1.9904905216207225 41.635358840872314 60.59732027929661 18.826677757447122 37.995284313495766 13.592565927144948 49.73751939755209 6.2159403493126275 23.82054602679607 23.02947834512665 27.484428544732943 40.528939145286444 23.772329198925778 36.30310107386795 30.028505487371667 33.2861290148922 34.58565618012385 11.417692730631957 66.14839098390932 40.07128052970193 5.314502241641223 64.6011040255135 53.54462761781452 23.91902107315419 30.813275171060667 132.26772922329954 126.1159437371862 121.28731298334111 117.94453097321762 116.21593268022869 116.17361988088969 117.8194099876738 121.08446528161811 125.84276645619848 131.9327819285775 117.31227803218025 110.36273554067752 104.83696179421013 100.9690701476785 98.95371909496646 98.90424929273868 100.82355520032563 104.60329482203434 110.0518941238916 116.93623407344936 103.09356574228508 95.14902752508507 88.71117421360428 84.12672157028479 81.70830668558474 81.64866497171309 83.95282456766665 88.43618423251674 94.7899739994185 102.6674314959677 89.96160489654376 80.78021659989432 73.1249882547111 67.51717450836165 64.49317471519281 64.41794662006356 67.30138021523935 72.7926913546968 80.3589520922395 89.475219474961 78.4639519262793 67.79565812927633 58.511221052674664 51.366758130387645 47.34136809375062 47.239311948968805 51.08411065335209 58.097340618360796 67.29550826166721 77.9084274651369 69.41748689494443 57.146837541194586 45.81014817636519 36.29366671894112 30.36040226778426 30.201767028889954 35.89440764285819 45.28282122962718 56.55538810340418 68.79190359579633 63.87235364832226 50.338580963438226 37.04435136328164 24.38499667541725 14.178020435462708 13.836699805725392 23.78953961861616 36.39333248687993 49.66931301621782 63.19512395010296 62.76354015931332 48.998840176325544 35.280389242117785 21.696481228650516 8.887735696465981 8.335177439802733 21.028253540435628 34.599468780979585 48.31430045242656 62.07750109689142 66.31395573404275 53.5397222313714 41.42264317248814 30.7499259908613 23.572882150629862 23.371125261426453 30.284389627654036 40.84702767396619 52.916961757592226 65.66813043216885 73.8546803919 62.696246198003955 52.77947020251377 44.93428551857112 40.3866691458795 40.26980507290098 44.6185232804951 52.33109915804332 62.16783972273813 73.27813676021569
20.54628576269644 68.35638740704272 21.67758642019542 0.0 11.92524142182334 56.31690373421017 16.04399737602766 10.87008847149211 19.244665566228754 60.886813207021845 61.508010117474036 53.52508295547702 26.537314975145765 71.00168092160645 43.526104919859534 22.434468394425277 60.95535992581092 68.0334578829995 8.14406188984673 49.93076218790739 29.5696552536634 60.57296035148865 23.791043722382604 3.084779834045938 1.4241475252785984 40.5634581707506 56.60785946956124 3.7643017043584144 17.878255552660885 51.61849411257206 54.28245818173786 49.17831368182858 32.94328611510285 75.76863623323781 57.06691647159796 19.688666130071105 72.74313862376363 62.968307401221224 24.107059722397782 50.28135056838259 141.12022507512611 136.88532715118203 133.99035591629016 132.52319511888444 132.53129327603497 134.01438283437514 136.92452263858044 141.1734488648574 146.6447787893236 153.20753163574437 124.99494360190027 120.21567453421567 116.92401913374766 115.24756259129622 115.25683188205916 116.9514260556455 120.26009858416054 125.05475513540539 131.1724840255739 138.4379107592911 109.2302894890328 103.75322558142524 99.93872394103563 97.9812099223409 97.99206222582899 99.97063967299633 103.80445786491427 109.2984128123726 116.21723046951458 124.32315898255298 94.00786442163617 87.61485624024576 83.08418836560512 80.73009159142858 80.74320150187557 83.12239786659823 87.67523814331554 94.08664330711007 102.00668323475355 111.1131221906883 79.63920655158098 72.01876179329278 66.45997058890606 63.50662370796455 63.52321059267406 66.50750895882214 72.09186531242399 79.7317502555395 88.89868877362986 99.17000215260799 66.6785578974563 57.408613181415355 50.29497535474922 46.341646465416304 46.3642679761399 50.357481659875056 57.4998648258037 66.78854462872526 77.4550513641148 89.0052699117167 56.11024115690537 44.76051257112056 35.22716171052095 29.33800462516064 29.373555652364903 35.31592644660885 44.876938575159194 56.24028390262097 68.51487264346864 81.28881939616764 49.49131700123104 36.1934511336171 23.474088255738206 13.137816012154893 13.216639667571595 23.60645786448989 36.336655418163694 49.63800477891118 63.15049675587454 76.76256631725074 48.46776218120191 34.858802696724794 21.443512718905453 9.12136391538701 9.233998174375001 21.587647753191234 35.00675918054764 48.61682474877862 62.29267519892111 75.99866024226574 53.362530859292065 41.46099549091642 31.101883818251828 24.34152266620083 24.38374963389631 31.200956854043955 41.5848722484933 53.497307634360645 66.11704925466978 79.1061721478311
32.360435396197396 74.35179078059336 33.12144791816657 11.92524142182334 0.0 62.25983636829091 26.786882150707378 11.447600016385266 16.361653858424642 71.60046426485451 72.77595238756331 60.890596340703596 37.069630312202705 74.11563803108682 54.230532758668595 34.07469648094632 70.24719483750859 70.80899339970318 18.97658670179509 55.900445089811136 38.8644668445637 65.44315856453942 34.24199383741465 9.333076646105386 10.50156967872891 47.711619680741585 64.28189109759965 11.900050826041701 17.247815794445085 62.684614686271445 66.08469776808933 56.44688544132979 44.086989451295494 79.43482154392302 65.19103576140154 31.564626535882866 75.71715245011983 67.00427676834316 33.87901797762284 59.8765704986829 143.24404697002453 140.15104909852337 138.41357005843426 138.08281348213674 139.16881433975294 141.63897264070974 145.42273714756067 150.42095937142048 156.51726728652517 163.5888609840496 126.62956617715095 123.1362087994968 121.16412453369975 120.78787781332251 122.02223684333636 124.81941090079413 129.07780080044142 134.6587936396237 141.4058001257765 149.16058692629076 110.22678316950807 106.2141519922618 103.93212629504092 103.4952801428772 104.9266686557811 108.15211939799717 113.01808934994658 119.32398362325311 126.85516731345943 135.40724884709013 94.1464130260436 89.43755956694358 86.72797578009364 86.20642745622649 87.91187301859243 91.72014690825377 97.3848143314552 104.60464668742071 113.0820695538373 122.55628292296853 78.58662165887871 72.90691908981566 69.57233497695796 68.92413797347598 71.03591451941853 75.67693567761883 82.42098814002432 90.80059376271305 100.40698806064087 110.9217698382895 63.92866166547124 56.837236501652214 52.51276901785621 51.654999697205604 54.428090148003164 60.333412504631845 68.5663196576443 78.3968125969179 89.29871144258685 100.92528256986427 50.95681624238608 41.76403796658943 35.68732450397618 34.4188136018804 38.43754615365229 46.389131934840805 56.640663650989836 68.1620811157828 80.40923017169034 93.09599023535519 41.291974057002705 29.26959332823375 19.70513778540834 17.314271671548656 24.31429668111725 35.5315533753727 48.100863281394155 61.19456722574914 74.53667920081993 88.0141535941158 37.57876770585746 23.830529413871755 10.085280590862014 3.6914516093751457 17.4251887657427 31.172741863565342 44.92132010809574 58.67007323365961 72.41875871612045 86.16725693150315 41.44884924675442 29.627520701508757 20.343215542705572 18.060541635445745 24.79519097711297 35.7728557953976 48.17531146105213 61.141447545619776 74.3769083787176 87.75977552757466
47.748132673389925 12.108485177991676 43.74049965696683 56.31690373421017 62.25983636829091 0.0 43.43924712645687 50.812289550988986 75.43928396690353 37.273849482979834 44.7668222663256 8.62450154045619 36.51849529770966 21.46303444432856 33.028025595572025 45.18166922212221 23.854908320256254 20.95812694012722 58.81386993897731 6.401759382708446 30.169490523425104 7.206938136911915 37.68936410123181 56.19666054880658 56.95883386660904 16.42859252478635 10.650900009769915 59.95621359464363 74.18616995707461 38.06719740290532 52.080993405460454 9.899518479474722 38.14089864649028 23.192630763360896 13.783514429477597 49.04290069643832 23.290796379173575 12.334658443042334 67.6517231021992 23.772913028022604 88.74526562139594 82.38629978610756 78.0929695051921 76.21522476120647 76.93017825205797 80.1684841120605 85.64434471089064 92.96312803792561 101.72775121659288 111.5979659460789 74.36761442838115 66.68810044058387 61.330787677709104 58.93250555259592 59.850070544810194 63.940880191092305 70.65584630778723 79.33130149601276 89.3981985069272 100.43889601024607 61.51475903012935 52.01741946717421 44.97923195473784 41.66573521488175 42.947905537113755 48.46232609930431 56.99341765789632 67.40524849435057 78.95715363457121 91.21688003342243 51.34484081857097 39.53517364930002 29.723883601806456 24.4487285205636 26.5655277252693 34.74864772777747 45.85800799924527 58.24242060074537 71.2398625022057 84.56800883126778 45.6861398711896 31.921103094910844 18.509439877834332 7.626317363830503 12.870313287432351 25.788574282171286 39.45085983280094 53.28781751726603 67.19148453720771 81.12742185036406 46.22615787111894 32.76572187510018 20.0100382782779 10.830266006977123 14.975836951963363 26.85783283820999 40.10598444163571 53.71874290801821 67.47566127972622 81.30344751864213 52.77495205366506 41.556432439265464 32.51024543576814 27.841375002256544 29.692077195897532 37.09914261383956 47.53226101408723 59.41813771081062 72.04113978687795 85.0736394229456 63.49989806676059 54.58012883837499 48.084744397458714 45.07441865666856 46.2350108845978 51.28411213268456 59.23552893944245 69.09433221238632 80.15970598838659 91.99716960121634 76.66799946568229 69.49642214345266 64.5451887308856 62.34563198366465 63.18580570254744 66.9513592722008 73.19211803749367 81.34026250273814 90.88411737991369 101.43034973782876 91.22735788581582 85.31836705641935 81.35559164480992 79.63018267361066 80.28654233767742 83.26835795245898 88.34042449078807 95.16905888568955 103.40676382490543 112.74499556077073
8.78560256286786 55.09015809916675 7.14147739815922 16.04399737602766 26.786882150707378 43.43924712645687 0.0 18.758199372273104 34.52765598101377 44.9394461627566 46.01391634716358 39.24556259842335 10.493896107679307 60.87591795520785 27.556717885954836 8.788953111605652 45.143663932218786 58.42000118762017 15.660945274363831 37.288145457482706 14.239661762827216 48.75379930384825 7.7592110045905 17.686688957399536 17.262972436793206 27.042492677424224 41.971712426501824 18.82548263248927 32.486358385637736 35.89828714954851 40.27217315330286 35.125221710063826 17.32587662096132 64.85663019925616 42.04099851442091 9.122984783419604 62.72786272576591 52.03416035977555 25.584853195575956 34.38710691916192 130.9953607837391 125.56144550409327 121.51645468818262 119.00216534395743 118.1164046693437 118.89558804212926 121.30762598433455 125.25819154167942 130.6076957044761 137.19251945855726 115.57328468948391 109.40504961947833 104.75980642894365 101.84623161324204 100.81461736060663 101.7222521509379 104.51861452829087 109.05847696337605 115.13572213392571 122.52171468843112 100.7634955908599 93.65873226614765 88.21391641026582 84.74967276481559 83.51288941323224 84.60132997095556 87.92867227334622 93.25552836915726 100.26364072320607 108.62800814091261 86.87967700598091 78.5694364224078 72.02418188588467 67.75744812460432 66.21126736256257 67.57267351895136 71.67616058767919 78.09059527287636 86.30214132346804 95.84992510966389 74.4417412023077 64.5992222287542 56.49761257619166 50.97400437172523 48.90986359002731 50.729282506397745 56.05535255011638 64.0186995632312 73.77005049145 84.69393451356574 64.29436766696732 52.646629980923045 42.36965187430105 34.703588715780526 31.609036525370435 34.34482092277632 41.780893559217965 51.93603799539872 63.519130258929046 75.87889925864074 57.65983800069639 44.37319852364069 31.576958305131416 20.224777392295465 14.310877917083602 19.60576620082509 30.786255827998943 43.531775944277264 56.79822422611246 70.29112726223431 55.80543384893264 42.01188890349017 28.244130618659177 14.575897026884759 3.0306544642635083 13.708323600375238 27.36154223445052 41.12644303173753 54.91898987414217 68.72239955686305 59.18221270052313 46.47280747305759 34.598659739311785 24.790815445791274 20.30473120320582 24.293269171785308 33.88546005642647 45.677767474079424 58.35110478431852 71.43797477480234 67.00388404708346 56.15291464163441 46.852036453573106 40.19234864436976 37.60442733263643 39.888851094991224 46.33038719087784 55.49989091656219 66.27447636493298 77.99160652868328
26.33849081140477 62.904480332764756 25.823056316370156 10.87008847149211 11.447600016385266 50.812289550988986 18.758199372273104 0.0 26.151164996771232 62.13003862739818 64.12596366517508 49.583030989688595 28.040391651674007 63.12628056613798 44.954625595545224 27.254209615759667 59.59685746933915 59.915221160859566 18.691304255085956 44.45451198933125 28.624067795484613 54.062885582481286 25.25012233472894 8.396703467343126 10.266369399146658 36.417216508755295 53.03058193937709 13.984807700724904 25.959564632970753 53.79543336244966 59.02840559706027 45.13565144759147 35.690016096655576 68.30689623760549 54.06089109006556 25.98556578868675 64.77435826339206 55.76418550038307 34.622501692622045 49.494205971740165 132.69938908832899 129.20740620544808 127.1760678213647 126.6756904753144 127.72427581532854 130.2844143654004 134.26963568495026 139.55785479330078 146.00749009158682 153.4721005222303 116.26982929826316 112.2866483821694 109.95397704760441 109.37750062008804 110.58469578035739 113.5186555223032 118.05066213521717 124.00556803765606 131.18967440204517 139.4129900463464 100.13453298510181 95.50256272835107 92.76160240974158 92.08071622734143 93.50492797743027 96.94148154882632 102.18750781153405 108.98194461658935 117.05538306363911 126.16241855530075 84.46231312227191 78.94237180875965 75.61921492346096 74.78631248114895 76.52503171045598 80.66923643223035 86.87530623717416 94.73882456145901 103.883989464666 114.00266587288694 69.56684649112724 62.78349418691508 58.570721530944795 57.49643765192207 59.73024114748099 64.93157734685138 72.46416406778988 81.68551147803859 92.08958876654796 103.31959013612149 56.070634690357416 47.43781945168966 41.7313568756448 40.21693331597081 43.33630399381069 50.23348420680439 59.61120258532693 70.48615446461748 82.26657876099007 94.61472134849396 45.243697568468505 34.02406182221356 25.518539216252208 22.97121421622368 28.054965464790026 37.80747681408905 49.54432392147643 62.151190148732795 75.19159615978565 88.47390121726127 39.35447136048912 25.761159678949177 12.63323045818259 6.055180785179117 17.170883428358625 30.563325069045604 44.20960022040545 57.93047714881208 71.68298832723043 85.45171038977276 40.61111687463875 27.719098284642552 16.331385456226972 12.015295279850648 20.032715624431532 32.210829611508636 45.310502426601154 58.718031375776434 72.26212028830959 85.87803171851131 48.46088487518151 38.36365425772907 31.18561785601759 29.168184748624693 33.263981420844495 41.70932051711864 52.4432900220398 64.33017577126573 76.83661739142613 89.7037109962572
36.365440069352644 87.51055017905396 38.76332528114868 19.244665566228754 16.361653858424642 75.43928396690353 34.52765598101377 26.151164996771232 0.0 78.23290952489543 77.76013491753574 72.76741787152453 44.78708426028269 89.16652329492307 61.15090674712948 38.896255512319925 79.66257193754187 86.01190273742478 20.03439673182497 69.04122887603906 48.54996556909036 79.43129189564989 42.20592246950449 19.293786764811927 18.493971550045053 59.800993454567895 75.82817845203056 15.84092914034532 3.3826739411545876 68.49069475858492 68.53336127924211 68.42297897235386 50.132420282035056 94.21003028066397 76.22013294600603 35.118086094101905 90.84180634178664 81.52859006759468 28.06191947202071 68.88097779923021 158.85052862669997 155.2334941547861 152.81509071582346 151.65270812639992 151.77522389760477 153.17955326167333 155.8310257019958 159.66748546285973 164.60604535523527 170.55092586210736 142.4020293420033 138.37447995032176 135.66845044513335 134.3638488215715 134.50147971223413 136.07696512410948 139.04141437428112 143.30861706603665 148.7664529893042 155.28936019940534 126.18196536021767 121.63989461648804 118.56692930311752 117.07885082667485 117.23604726204498 119.0319981917219 122.39456131990457 127.19950949001402 133.2908812465299 140.50137789132026 110.29116786842776 105.08919778026177 101.53332844502403 99.79972046215687 99.98323253289506 102.0735225507844 105.95777347640782 111.44851897583268 118.32224910684391 126.35336840909731 94.89519452511772 88.82524013524939 84.60867939233111 82.53014328377658 82.75092794094537 85.25316812124031 89.84641489557279 96.23165398163025 104.07950982983081 113.08578579605474 80.27924442242559 73.039820286157 67.87453318141608 65.277701776704 65.55530977518899 68.6725025023597 74.27256673506517 81.84736863988527 90.90450056093391 101.04603363132466 66.95609855179465 58.124140228313934 51.51686775622841 48.060853100527225 48.435467187121326 52.558860163326464 59.658674639278935 68.81972070493977 79.33099143234834 90.72426136151718 55.85860801070446 44.9524668369593 36.05183566758563 30.93907408036981 31.515132886210807 37.518878180840225 46.91063995097183 58.06907819286744 70.15609955674638 82.7657357279287 48.53814944996042 35.5209957609153 23.327962392563443 14.259048420233404 15.463699341605777 25.52665106921759 37.95742631133967 51.05470993183353 64.41307734168784 77.89818448457514 46.801952125501984 33.188345434471984 19.68157988031358 6.937439834084532 9.15214024769099 22.23206842082586 35.77193976394322 49.39484436820207 63.04684674603681 76.71226763717961
41.92581307056961 40.18006109559042 39.544778056342565 60.886813207021845 71.60046426485451 37.273849482979834 44.9394461627566 62.13003862739818 78.23290952489543 0.0 8.094921375713303 28.868425380017676 34.534899257821564 57.5553860640541 17.38425983718903 39.33848820953481 14.626070816609245 57.84305770707574 58.20659467778802 36.93511879615049 33.772472536592794 44.0563037218829 37.35954710983763 62.62141702865932 62.158808408809044 33.6021384341737 26.763421003879266 63.26819412432709 75.63630562915446 10.133178767425921 20.394998084432938 30.09949167973675 28.129499117299147 57.13965103570134 23.694746946349706 43.23163015460806 59.18104389925985 49.25902934317647 57.66145299348348 15.602600557155782 115.96458465624032 106.33598969128825 97.80357208046698 90.67743816612972 85.31083826730696 82.04983972559253 81.14873261567473 82.68472074237424 86.52809556955337 92.3913002085116 104.443211515081 93.6895941663508 83.92799925490755 75.544134398533 69.04187661733715 64.98858330209102 63.85240567328558 65.78467961808047 70.53364774023618 77.58372654506998 94.69775362578042 82.74556348145981 71.56101351131835 61.56411618787882 53.4259541983324 48.09956964660644 46.56024272809995 49.16500256716751 55.33162614656456 64.0392152971405 87.32482594131967 74.2604024126268 61.61775311935395 49.7199182665761 39.250410079518836 31.6596607805162 29.279622317106202 33.24880838761505 41.79583099323223 52.74003951607884 82.9594267323424 69.14533481889202 55.41854918031127 41.86532996940338 28.73268269951499 17.023880910879214 12.060263291662675 19.81114377741475 32.10768401449852 45.3950067914345 82.082813769037 68.16331974180092 54.26216855405433 40.398603256632 26.63174183428222 13.266642445820933 5.68482240666588 16.679087299894082 30.226222144591276 44.02960045527201 84.80324712638895 71.48489252656354 58.44869141657173 45.93576109485451 34.52017591879777 25.708130276052934 22.757373495763467 27.615482348891753 37.350433538283276 49.14477583770577 90.79798293146177 78.5661023027539 66.9836948036375 56.45216435390385 47.67332243619803 41.76751133093816 40.027396599768295 42.96219447813261 49.751326754618134 59.08059299983838 99.47681769954147 88.50912875247644 78.46069372462249 69.73023220693474 62.86938088620895 58.5393450872686 57.31666857192352 59.39358399852103 64.45186878694197 71.86465158458667 110.20744706352083 100.46785646956275 91.78259529278672 84.4776267269112 78.93720724814978 75.55063020039496 74.61180939576971 76.21127123187608 80.19726625190142 86.23945748013027
41.52658839147669 48.224568798236895 39.8319763471623 61.508010117474036 72.77595238756331 44.7668222663256 46.01391634716358 64.12596366517508 77.76013491753574 8.094921375713303 0.0 36.22333348561464 36.0872321319732 65.38208948155001 19.573404299421025 39.226300310256036 22.692266544655116 65.52849932144153 57.81018220067354 43.85574059918258 36.780016301921364 51.693459498253645 38.890386470336516 63.55812329872792 62.85255866356655 39.23887085805126 34.4290153580661 63.49170936494974 74.94983332739851 10.431376441701822 13.870066446991414 36.94442826516749 28.691515541637827 65.13559684059234 31.426547519694143 42.70136360744166 67.03854682055317 56.908396198524834 55.053221306836896 21.873310013001284 123.89724884548906 114.08925638110837 105.26324838173267 97.68589992709566 91.66750321026245 87.53031498066485 85.54776632345438 85.86925464680986 88.46966127077187 93.15830645677022 112.50770019808932 101.65873699892086 91.69162990854834 82.92513937290516 75.7772521629737 70.74044700417708 68.28357042504973 68.68407585005315 71.89422030749594 77.56590390048488 102.78186523076467 90.8368058316548 79.5804871308193 69.3492986720014 60.66433064877544 54.2731745335754 51.044932519438625 51.577018827955364 55.761885703903125 62.874285498347064 95.23085593249894 82.26079186711921 69.69539633522372 57.79943341967579 47.08331284002497 38.54420754736598 33.87089843360254 34.663939202251484 40.604284457616046 49.88575998333326 90.40129926277233 76.68791667101894 63.09150505881841 49.708415506664835 36.77259781727066 24.988922083265873 16.958887473841425 18.48517527359675 28.04886755002825 40.282865644792274 88.7386543786875 74.79252200684844 60.84671850580702 46.901827598020006 32.95933585233173 19.024940164280626 5.165602275459159 8.97373627968423 22.87970849572163 36.81761023354975 90.41779437355471 76.84720055470157 63.42557605089414 50.27264746577206 37.67120859215618 26.422761013408547 19.09126785347416 20.44669642713684 29.30757899165477 41.073964081785284 95.26217078986463 82.55755094541955 70.29921510172025 58.76733383180277 48.48329981667969 40.41148451652549 36.06914260839299 36.80108776643423 42.344991998336596 51.159667422503986 102.82538457625054 91.23975176934333 80.37319822148869 70.55893110994595 62.296460836382174 56.27366783861965 53.256014379802316 53.75207847927176 57.671254050757575 64.39145563983598 112.56070863216785 102.13873646742752 92.6089506603621 84.2747220944305 77.52274486618327 72.79474660365396 70.49919549613395 70.87287940336644 73.87529881940463 79.20804562163003
42.23483672832636 16.727018467551535 38.30708747349545 53.52508295547702 60.890596340703596 8.62450154045619 39.24556259842335 49.583030989688595 72.76741787152453 28.868425380017676 36.22333348561464 0.0 30.954909627550755 29.94004404688534 24.876049743478788 39.51290692625052 16.231201335900856 29.57706771983842 54.89734804288838 8.878095395504948 25.175611007012524 15.769323262153682 32.61004435425716 53.866758408740445 54.3478396845377 13.179309702726085 3.79090763864282 56.98922617051938 71.17387367725843 29.47052909630111 43.53246560236486 4.447510048740201 31.205091197761483 31.07518674867084 6.313942903080076 43.601705484812776 31.73121769106318 20.944234203926428 62.09778012020542 15.177128353520182 95.5646806521389 88.39066755030505 83.01882751776299 79.81395975370222 79.04014744387605 80.76730580215715 84.84281093129886 90.9514700943304 98.71648490278886 107.78035524668658 81.76331045937894 73.29107212907716 66.7458715757427 62.73390151729216 61.75096568869461 63.93693153260936 68.9912082933773 76.34617855666386 85.40943977939453 95.69674042173322 69.54544820420249 59.40503707438826 51.15278572143074 45.820624226284565 44.4717009756673 47.446991274331396 54.036839911317806 63.11902937675329 73.77870388740838 85.42724975463847 59.88822483877252 47.80210913826007 37.10679272657092 29.363749527140822 27.22124502111013 31.831038124872585 40.97416630356191 52.32579268650001 64.73421524586917 77.6946046869875 54.1786790416302 40.494825332284805 27.128050254560304 14.954696419774427 10.147597842691827 19.337146510895874 32.194619610240245 45.723835280379895 59.46794794018038 73.30604284875659 53.691328267073935 39.91648972211934 26.337399635618535 13.556145493290483 7.979027014777283 18.25781263529228 31.5089471477393 45.189085706132 59.00043875741243 72.86829188913318 58.55670652885717 46.31983870007527 35.35670506864267 27.250838393998702 24.96136155893623 29.857703348254724 39.34263539478271 50.91307929109903 63.437870767871985 76.44924938527573 67.62925925879281 57.41458695354158 49.04329752199356 43.59082796444475 42.20412110560918 45.25847341876564 51.97673672101888 61.1631722569309 71.87747807281335 83.53367718593394 79.48109974128894 71.03554156325379 64.49111516395202 60.46838305245355 59.48125481498598 61.675672863003925 66.73850726068629 74.08393523385067 83.1088262040627 93.32711524763981 93.05629158655566 85.99050858953473 80.69493976101757 77.5332405631402 76.76955828373589 78.47394516608534 82.49354237382663 88.51344022429532 96.1586130515582 105.07479897604891
11.299598313386152 47.4562446696183 7.352498913374393 26.537314975145765 37.069630312202705 36.51849529770966 10.493896107679307 28.040391651674007 44.78708426028269 34.534899257821564 36.0872321319732 30.954909627550755 0.0 55.905192598407645 17.160965735421232 8.66442301163007 34.953819154881735 53.94943202604656 25.269787790048078 30.90620705001136 6.611473493970285 42.66947598502629 2.8322936844668303 28.114542230388864 27.753783353121424 20.419277942498088 33.19816218486483 29.233642542691303 42.57008599067973 25.786525035323823 32.05449750111029 27.259620436649932 7.978941844189304 59.12511682128998 32.81508685247371 12.651353849652452 57.79959811556802 46.6416370014384 31.216092495847796 24.133399352769725 125.16471188702346 118.85605123052612 113.94292881400963 110.61153563181296 109.00703641747047 109.20559780827502 111.19755845762623 114.88964681741898 120.12515331369511 126.71284042848859 110.36673875907287 103.19120873706768 97.5186938395629 93.62287975000613 91.73047548004989 91.96526646029737 94.31136360054604 98.61816806527649 104.6438131264772 112.11141512310088 96.40603892203255 88.14075647003801 81.45863045068364 76.77426123285109 74.46569502126493 74.75340213391709 77.60850957260922 82.76570769412137 89.82930528800834 98.38947303641936 83.70261077917132 74.08011262074899 66.02900504360261 60.183407517173116 57.22335885053061 57.59553176348232 61.23919797539283 67.6275745438738 76.07221468854671 85.96918599398202 72.91656297826054 61.68983680670355 51.796319799154375 44.14192644537451 40.032478329583384 40.56023521493083 45.564340618641594 53.81005926804467 64.0574812430832 75.4957416653916 65.00937360780753 52.17385925245998 40.05741115018679 29.558223520243754 23.008678889033185 23.910945931056013 31.63368552902412 42.617640589845685 54.940342695450944 67.8764068888309 61.10898094711935 47.299999558052995 33.541643326790386 19.939389722071216 7.410313567455013 9.851255909972599 22.890656196529967 36.54738392552365 50.32119736858878 64.13657106733524 61.9765426851061 48.48887575494738 35.27315823372661 22.80749273299145 13.384306110423728 14.868571005648263 25.416242422886118 38.12960038505805 51.426703672428324 64.9498761978576 67.42826951116649 55.35119628918661 44.295121088089026 35.23486858923927 30.03464687468524 30.72156925608095 36.968902790315646 46.59108016145981 57.930044825546474 70.15815434888832 76.49017329359205 66.14409674423963 57.259305080519816 50.61148072998766 47.15648243513581 47.59483674117962 51.82784314393935 59.04488332629676 68.30648309755216 78.89575627821907
66.69087989195505 18.868869988545065 62.71448308463573 71.00168092160645 74.11563803108682 21.46303444432856 60.87591795520785 63.12628056613798 89.16652329492307 57.5553860640541 65.38208948155001 29.94004404688534 55.905192598407645 0.0 54.46119637964369 64.3834737635774 43.212732962733995 3.77190081070646 75.19002355389092 25.431977065949795 49.30388207434004 14.265297952464373 56.50022493634114 70.10866498341241 71.30961830925338 35.599817106186066 31.027085987276998 74.76536135437628 88.5602685899484 59.37908636308875 73.471414172103 31.157633433522918 58.7810276205111 6.22175714201902 33.96532128958486 67.8598979947158 1.8984890871772155 9.417517354065325 86.2013569671381 45.10234272208006 70.27140570994469 66.08144595502245 64.7758742860236 66.52474777386603 71.10301509809521 78.01406908077094 86.70176484922277 96.68826977707513 107.61247750275874 119.21675892924127 54.70666942681503 49.23535831926234 47.476926154667495 49.82605877619141 55.76602991805044 64.30934177100377 74.56638332330492 85.92550261039067 98.00410621149159 110.56650623029985 40.574362735514704 32.86633979191238 30.181397307913365 33.74081636612677 41.98536499487834 52.76260387457059 64.82123544906557 77.56578617656402 90.70745433005162 104.09579333651813 29.97412476377962 18.302591264403553 12.903044935452778 19.823262447041518 31.849664031075026 45.06437351696687 58.66972948515002 72.44583543476384 86.31081986021026 100.22764729059686 27.373845394567294 13.729026762857938 4.5578495521734155 15.690547095348343 29.406474937827035 43.317520908323445 57.28157906509365 71.26735338844794 85.26400703870719 99.26677980824908 34.62537624909663 25.312057954835474 21.766327555650992 26.42228777709147 36.24623955515026 48.17387195501027 60.98294017311976 74.21833295547069 87.68706908756081 101.29595780051568 47.40480947600524 41.12939524414755 39.05746582620756 41.81858203851186 48.595765656433095 57.99776482693872 68.9590910155779 80.84785052690765 93.31008086699036 106.14383524674257 62.403727892193594 57.803691937172616 56.35522918999129 58.293763003845854 63.308897019003446 70.74930370610302 79.94054681221398 90.34975164956317 101.60314077158961 113.44964369935612 78.35779833873094 74.76375607973728 73.65495011289673 75.14149516524131 79.07713884496312 85.12280357767042 92.86723515170954 101.92383926854285 111.97456476512855 122.77538332185534 94.78593713377055 91.85142578032729 90.95551161966605 92.15768158566453 95.37861803397382 100.42421952293802 107.03669115589348 114.94585289857324 123.90353509763204 133.6990390496099
25.13122649156291 40.873070430825145 22.387887147610975 43.526104919859534 54.230532758668595 33.028025595572025 27.556717885954836 44.954625595545224 61.15090674712948 17.38425983718903 19.573404299421025 24.876049743478788 17.160965735421232 54.46119637964369 0.0 22.407366829942266 20.86326554891837 53.60428160246916 41.191870771555095 29.743637173973223 17.207103681430883 40.199867839327254 19.98999373002623 45.237244508853614 44.788166033871654 22.112511669105043 25.15574845366426 45.98297538773563 58.66978925718477 9.161838793159523 20.249360807683473 23.35183028922273 11.114105879865907 55.94589864679574 23.260425969963464 26.50272166973857 56.3051155073026 45.164571341868744 42.6828934833658 11.139841647965289 119.847246025484 111.87403802464551 105.1920049490581 100.06026026211768 96.72594678035227 95.37780967172883 96.0994941635208 98.84566458273937 103.45519227124814 109.69336191350024 106.48461676764398 97.46728909340055 89.75562466420232 83.71136979246235 79.71481217329911 78.08108000343833 78.95700379630901 82.26244277841677 87.7231471898911 94.96798585830169 94.41013282526525 84.15843213684516 75.13647956015112 67.83686591702013 62.86259714535819 60.78731046211593 61.903287781820595 66.04895102035053 72.7078412743521 81.2643989749142 84.17993285988096 72.55417392457647 61.91617810333172 52.865835078697714 46.34299624206269 43.50003165424944 45.03930003482582 50.562127367528774 58.9594411243533 69.19238582775218 76.53716324267596 63.594589439254946 51.19023158495347 39.83041370587889 30.697765754908605 26.232079151537697 28.701445552214047 36.73287180516188 47.58893881771064 59.74922163159922 72.3069980238157 58.50754358318706 44.788063780423585 31.254381928566062 18.323337164092987 9.094216914812213 14.755349053349569 27.217446101725137 40.6436265996027 54.32358813682759 72.09268280755529 58.31544139034983 44.61172103175265 31.079255458584935 18.106597917791316 8.717864874153037 14.50450255366864 27.03673848094591 40.46983511034945 54.137182084546914 75.92823065742995 63.06303157309738 50.72617468693659 39.417166899105396 30.309494095514253 25.845911410194446 28.315257066048687 36.330310172294034 47.14251382637308 59.239482218972775 83.25578569808931 71.77672600474276 61.276325705847604 52.34706457087242 45.91507723319346 43.11304544186723 44.630033507083695 50.07502372306615 58.35864589892633 68.4579983386109 93.2557978809625 83.2198776655693 74.39849147814085 67.27129022334525 62.42143496551253 60.400097846858124 61.486900382943105 65.52736007653826 72.02605346420128 80.38891921629093
