0.0 61.94863844021816 44.83127123471495 29.128687150221353 51.32764959075525 60.95655748109003 60.220413448486575 31.51919986042613 34.86135643286283 88.53692962796953 10.052769057210654 37.68358692111927 4.342437750470952 44.602639316553784 65.9536272090691 24.39994360200671 40.49190365667992 37.57530261215714 15.624544591691496 25.382999073133025 12.942961067029753 26.717937385072677 88.24657139052832 30.628437031279493 39.9155751168314 59.88116673310989 54.78475428014226 69.95327098499428 31.32365721980078 80.39679798744771 19.841856751291733 39.27773734030906 40.17592854312631 23.533094526292746 68.39942011363355 60.77813724374216 23.88701361487759 58.92056871573217 36.759130863656985 24.503708341161477 64.64033831208721 57.5953565554315 53.45881755000634 52.91729500717215 56.075045503760514 62.372687326240914 70.97924820169492 81.16340946119159 92.40490320669868 104.36247979554184 51.46397377389001 42.324114815858756 36.52467214024722 35.73107974210161 40.24060967048189 48.59873053168951 59.19703789450124 71.03976652751018 83.59959333496147 96.59706165839242 41.44170188028194 29.39638186547796 20.2230407431671 18.758824278835295 26.323267588589957 37.84216285161076 50.68754823974221 64.06631673962548 77.70330453617244 91.4829585717457 37.21552782868216 23.144649754892406 9.088689657512624 5.07842468103104 19.11109567583104 33.18026769534948 47.25323722877375 61.32725798887109 75.40159631673737 89.47594846360442 40.635983648997986 28.388612707234813 18.840126945595024 17.27428106425338 25.22430079959773 36.99377291451949 49.95209646898771 63.37402720279244 77.01742387071329 90.78233999210198 50.16251211192292 40.925087956754055 35.01442114051367 34.20123763055221 38.807325793322065 47.274268895683356 57.93322091574528 69.78679814216694 82.32042330722 95.26591946697572 63.0870737495506 56.058213410119 51.920922498784094 51.37861427446403 54.53864254927002 60.826655010777756 69.39745572124681 79.51617562096482 90.66590466253635 102.51064249861341 77.73279183028517 72.17267301965622 69.02367636745014 68.61860414051512 71.00443886452722 75.91848006189967 82.9123529169117 91.5103398255141 101.30471905924232 111.98188467183596 93.29256012988638 88.73543342103048 86.20595574702838 85.88350914899199 87.79241970261936 91.79355895071478 97.62997645374391 104.99598812979977 113.59432907986846 123.16707116203743 109.37697849033898 105.53563631073813 103.4281340547812 103.16082072869034 104.74778941530306 108.10738878284592 113.08169157168876 119.46910843400728 127.05661239718457 135.6428641558114
61.94863844021816 0.0 29.76136824195044 46.03873609921358 33.39061720156003 10.560895435265289 7.533812682493348 30.439697186082324 27.484977022796286 27.661884226232306 71.39959184071513 30.28777713931421 61.19518757438571 19.245539128738226 65.43647878536532 46.272858860787906 26.785674833571022 25.089596654233077 50.18180980270707 48.37702185137695 74.7580881260352 50.021134496298124 71.09160838203609 50.087371388720776 45.02132211951708 5.149953297685364 36.23646509815844 47.3157266301893 35.61448277739541 18.45919842675468 79.41022290778167 23.06612607593312 31.12208724811238 85.4579972797484 71.21672158518368 17.179350562526373 83.76407148632299 35.61022693977793 65.00107453827405 47.192896402458764 124.99233114502212 119.3492319413822 115.15541333146099 112.5730300409652 111.71392574705153 112.61755777197676 115.24245540505565 119.47518683133306 125.15266802112252 132.08865875335627 109.73746183222877 103.29464819960629 98.44196452143213 95.42239080589385 94.41202046150367 95.4746770162539 98.54330420769331 103.43948775384779 109.91921685841078 117.72120793883239 95.18527628552496 87.71564692028765 81.97305299126658 78.33831071766267 77.11012652871834 78.40169781850362 82.0941646126007 87.88538005798921 95.39379735202462 104.24894114754841 81.71206595126527 72.91769517159685 65.93217980060878 61.376395052045275 59.808253801404675 61.456904632038594 66.08199986162127 73.12084157140265 81.95375115680116 92.06568615603442 69.94415794866872 59.48656159467671 50.727045336566036 44.67600583755022 42.50642817407578 44.786032083260054 50.920716128806966 59.73424444569011 70.22504183991579 81.74979700357217 60.87862801664458 48.56971215120071 37.3914937215558 28.697418179162945 25.20474664243212 28.86760899823774 37.652592733909046 48.87133608005308 61.19962493143021 74.0854773827882 55.84736409465351 42.16738139267203 28.665734872071944 15.806669707872054 7.904155511301939 16.11215893352883 29.003895105664952 42.51282235356081 56.19546333857787 69.94981425558655 55.949507706777446 42.37763980685305 29.0522768071579 16.57927890211927 9.401366880993077 16.869413695826854 29.384416043829226 42.71975751563275 56.29533307277975 69.97131538231152 61.15934399678569 49.11563747628611 38.2760381766418 29.976771926460344 26.702234512522793 30.13743864531086 38.52754422999325 49.40971911916863 61.47436351487774 74.14636434009729 70.35113298796017 60.229000662234625 51.81491376228416 46.05490099759389 44.00393801171444 46.15913706374827 52.000088516737385 60.467909242301666 70.62385313120711 81.84174741426874
44.83127123471495 29.76136824195044 0.0 19.334790144739515 8.15624419679498 22.269577172057907 23.599358885374265 21.36546709258321 17.502042541228246 49.27221212555847 54.84949057213506 8.025089146251863 46.127342745800036 13.694655799175283 38.731471663002644 21.962448675978884 7.5338099826233735 15.767359433136368 29.528281915923866 44.93150835962139 55.84814484053516 47.37612240834023 52.02745331900445 22.19264920627964 50.690878666934 25.041537603041025 12.520477189134429 28.958627758525633 13.63953596141441 45.42818901086963 64.604307296534 16.793811876244852 4.708715592163293 67.05152187347245 44.080033805221134 18.661377217691953 61.73779865696736 15.588646189583466 35.9185207737179 43.10249092587094 109.18127312405859 100.86958609100637 93.95251460293717 88.75682766625229 85.59664321741357 84.70015046604432 86.1380700667694 89.79831122385788 95.42544231829503 102.69657859516084 96.26924769801676 86.77490171842106 78.66672965580187 72.41201284400711 68.52030966061687 67.4022395566825 69.19240537927261 73.67910512681735 80.41217219113345 88.882477637575 84.93336495208159 74.05263605988088 64.40915583421713 56.63863486733025 51.59450745007801 50.10710425178173 52.47974104087679 58.24254184754478 66.52010325219314 76.5003254141853 75.88330310863533 63.53267990561395 52.032009397946716 42.084207536649735 35.038070997027205 32.8191329364276 36.32313157611617 44.2095707337981 54.61167587968431 66.35662836466811 70.01118252429305 56.45980069184957 43.18363457360267 30.544005913233416 19.800315566344832 15.562219245863304 21.984743926671506 33.39892098796323 46.24554523134323 59.60538440088057 68.14357229845582 54.20070056798669 40.26199491254724 26.334431442171407 12.455979729623529 2.4461071054626244 15.684401608090434 29.58376272516969 43.51517058256172 57.45519083218245 70.59899427166064 57.327322977060554 44.45149963793841 32.446547897428225 22.736825255260463 19.19629659710668 24.645168945377772 35.122918812843 47.40457777120019 60.39944900348128 76.96479921430661 65.06786570251664 54.12530879477347 44.84155294421277 38.438104421453104 36.465404935011215 39.59142156003093 46.80543932074894 56.564319338437755 67.7774690336409 86.3807468315099 76.02586075816261 66.94675444311834 59.72823017063311 55.10649124646504 53.7556257712826 55.91323081513302 61.209379911604174 68.92426826892924 78.3465031731316 97.97130859101652 89.02098084335053 81.44257151485489 75.64964175070519 72.07409895810632 71.05154775236748 72.68982397457152 76.81885538936186 83.06799381279691 91.00143511083161
29.128687150221353 46.03873609921358 19.334790144739515 0.0 23.640287247002735 40.62141992033619 41.26051205668844 22.65432952469854 21.995103419056 68.30406997183738 38.571495666444434 15.761347759239465 31.6857707454247 26.914581818866917 38.98255189815845 5.076278745869961 19.297050326841482 22.93420555959802 13.872883586462773 39.21686544858435 38.237770128633386 41.670196009029084 59.58120901112035 4.746022677036872 49.89407125763664 42.083143069873685 26.439036033897217 40.90142854439093 11.151566088646645 63.333853747161974 48.70206478013564 25.128729262653433 15.761347759239465 49.26191232268487 42.61013966096634 37.8700041376955 42.7653874560635 30.74462734399845 20.14972901231444 37.38179591685815 91.6433261583728 82.49394866491673 74.91520294883964 69.42351504264988 66.53775840646935 66.5975959506252 69.59542948506686 75.18057946095327 82.83124666710742 92.03365827313351 79.93147248429757 69.30427284148776 60.12966364926935 53.165213286924384 49.35568724462982 49.43595763536624 53.38848117704462 60.45846594110314 69.70359356583718 80.37665887006192 70.55689587926585 58.30621575837229 47.09111301556764 37.84398040127171 32.301823696966316 32.42377786275001 38.155568530992106 47.5083165790084 58.778126139014866 71.05852643610277 64.54614641842483 50.93966286122972 37.66001933563338 25.22905640743588 15.796998007270176 16.043758197767367 25.691949475210873 38.17802573246801 51.476663585171195 65.09158870298864 62.871525174093776 48.875204380562565 34.89539861596264 20.965571961047782 7.375354843445689 7.887732625669448 21.517818108481475 35.45124282691489 49.43204730159542 63.4287751190142 65.86460761973956 52.739205991024065 40.197117927491234 29.00545834750414 21.39999890713589 21.581098616388896 29.405239241779043 40.678336391930955 53.25325654020702 66.39426149126291 72.95312601219925 61.422829537040094 51.11394517806475 42.91607514773573 38.21305311692566 38.31428782655731 43.186005418165095 51.4914648241014 61.86269464664877 73.42942364896648 83.09551643546756 73.23118203637739 64.87041043863562 58.659814899509584 55.32836781379927 55.39800383108783 58.85665131029859 65.16688048588901 73.5987654158153 83.51201355646045 95.32190360444737 86.89965449129654 80.01507711685278 75.09240805695043 72.53228606964207 72.58516616999145 75.24553882645922 80.25447737734166 87.20817150538588 95.68346989510546 108.93282315183758 101.68085253806697 95.89245349949887 91.84485340660133 89.77388340246588 89.81640835625834 91.96949599402578 96.09134940327671 101.94338481935593 109.24783872339803
51.32764959075525 33.39061720156003 8.15624419679498 23.640287247002735 0.0 24.107460900705227 26.298172170254627 29.521486432598866 25.635354866648328 48.512067032073475 61.22153461598068 16.030854092606184 53.01350373020199 20.62043362444954 32.46408120136575 27.387620779352915 15.623804151526418 23.786144132409422 35.74559236103488 53.030264002946076 61.6013215374174 55.484726230669594 43.97937527526286 25.133081444959956 58.76662772583728 28.302970454811454 4.374668195859336 20.81084294100635 20.926036597026084 46.755431840479645 71.16945007940667 24.619557964708456 12.400783387749783 72.72720139486465 38.10664394846489 18.646873861274447 66.34132140075951 7.737031463266677 36.41228822675725 51.19252184259631 115.06799066831293 106.12827312747345 98.40714492185973 92.21134681486643 87.86424846401525 85.64787437342778 85.72767729707249 88.0974163807813 92.58138503435191 98.89235221658132 102.7509419592128 92.6788905690771 83.76969854258144 76.43124673174118 71.15133749529704 68.40837371441803 68.50780433489086 71.4377604225918 76.8752418255443 84.33655963288119 92.05191302625163 80.71082752541591 70.3524038492483 61.4755744917653 54.80521001685167 51.21099686900437 51.34313182501769 55.17484759065791 62.02419055947753 71.02334056973072 83.5944874491843 70.9774127844753 58.99373841574172 48.119277092484076 39.286394732186395 34.119498866312995 34.31659142743447 39.79805711822069 48.81500877262894 59.78859566918165 78.11022336558399 64.49839606233208 51.08584665807961 38.084001673721275 26.11402162794603 17.447853792592937 17.828433458393196 26.874118505102473 38.95532577921438 51.99749119053904 76.24343039915836 62.29757288297503 48.35254281824323 34.40966907548725 20.47376342062739 6.590022576377765 7.5359778895809155 21.43041044392285 35.367176730544735 49.31027945407096 78.2534305088444 64.81224115179614 51.62242901053106 38.94056053936644 27.47943594973084 19.522873498980342 19.860569395507817 28.19606514209081 39.78522880998032 52.516377267572715 83.86192888461161 71.54690868640184 59.92064809902855 49.471375270670414 41.10687728486119 36.29834952538559 36.48022480007522 41.587077782947446 50.135806877553236 60.6888602173916 92.41608013928479 81.46157502357961 71.5177954908165 63.06484340728703 56.772729972909296 53.41077759577202 53.5339585403565 57.1197281056036 63.58491400667179 72.1595958917312 103.18587908316965 93.55057878526871 85.07530891245794 78.13859330365705 73.17938183311304 70.61561827958093 70.70838679618532 73.44762072703257 78.55692779944364 85.61295728711656
60.95655748109003 10.560895435265289 22.269577172057907 40.62141992033619 24.107460900705227 0.0 3.1867067231400434 30.194317211787475 26.29968910550888 28.03176259020458 70.83167291694781 25.275332048135695 60.94752057180118 16.366979652772756 55.45076701542371 41.93157919379726 21.78044870234103 23.49317077037453 47.45922998464355 51.670743739208625 73.32351818103173 53.65251985535488 60.54859606830449 44.10543847726632 51.0912457764507 5.768964323840956 26.420578359434767 36.75867788663417 31.48920669571884 23.171058573871615 79.6377618216901 22.07479186155682 24.90353573323082 84.37039666295469 61.28474041363587 6.6293831570262425 81.12050477661728 25.3468856723999 58.18808999750568 50.21451808424251 125.25926452378454 118.5037115873273 113.10294315503532 109.25813253488596 107.13698344422072 106.84223607741365 108.38879551532264 111.70018445215064 116.62612751090144 122.9726885472529 110.79766315729917 103.13540776092228 96.91124091372203 92.41628025472855 89.91031785370413 89.56050673707976 91.39161387951658 95.27795478422195 100.98246732808973 108.2179336166923 97.26794973332716 88.4838739388862 81.17886668172066 75.78198458108544 72.71939551758186 72.28844180214979 74.53479110830335 79.23102013023991 85.97654822956603 94.33268769456808 85.11568011964643 74.9705308770493 66.2339421398872 59.529492840652445 55.597382179420116 55.03514116967839 57.94096122327747 63.84300161984054 72.0081803122964 81.76115558917107 75.0133123670802 63.32824008725262 52.75005879206554 44.083135648781386 38.636000295691055 37.82628984126538 41.92358278219905 49.72938349541199 59.8087975731814 71.20261893668223 67.88231091975446 54.76360493174551 42.15340116009598 30.68543920787143 22.206425317500248 20.77265358474484 27.508735031644044 38.324962256589835 50.67257198350287 63.666593347391185 64.7125359803725 50.85606942958985 37.01292574018857 23.207337420393724 9.603297600691782 5.558018078089615 18.83045715668346 32.60831647429467 46.44383581072229 60.297206058936744 66.07654322057657 52.65290220606347 39.51848972376807 27.09752462738018 17.030399793535235 15.132530758921208 23.476661482593318 35.44728899099054 48.42575004440126 61.779986999604574 71.71610620132215 59.64073577496488 48.499199003158 39.09836533331527 32.96299292147976 32.02825164743788 36.69377407617956 45.25954830230111 55.962306055524984 67.79731789608357 80.74022099888809 70.2880328142903 61.16649813008279 54.05367242418496 49.81763222440017 49.20709109692394 52.34906285190192 58.64342717133469 67.21018657762743 77.29735842233293
60.220413448486575 7.533812682493348 23.599358885374265 41.26051205668844 26.298172170254627 3.1867067231400434 0.0 29.044552900167837 25.37534601238141 28.343820485207264 69.99555122814034 25.637370410359125 59.99105184783631 15.745639277475801 58.05969807106332 42.19434211027108 22.0856885327816 22.6456608095837 47.20889909731933 49.72171476668286 72.7527541010824 51.627147639365205 63.672724054798145 44.9689464423526 48.50295201715943 2.584376195511965 28.907156173582575 39.81650979465619 31.60069035843323 22.085266003712185 78.58803051676462 21.007510827256 25.728154475899252 83.71511381312327 63.865956622366525 9.692132991028751 80.94015092037418 28.113622440695107 59.406057840270655 48.32793937563103 124.25059657137241 117.81526170761606 112.77627574336586 109.32696291213924 107.620333604064 107.7392585223207 109.67779774702319 113.34259855355639 118.57365690459527 125.17469531273218 109.55220699606211 102.23036531413078 96.40758834965743 92.36790101603574 90.35085315524891 90.49182813217104 92.7809875516367 97.06643461017087 103.0994787804821 110.59441092417887 95.72803337011617 87.294683341766 80.43050297568844 75.56444344281901 73.09672052527397 73.27009890097011 76.06651873622421 81.21544307562216 88.30625418403928 96.91355433388458 83.21491269279167 73.40557427049924 65.13383547186707 59.04957869275317 55.872156411416114 56.09774620887441 59.68777247876004 66.09622564990934 74.60018848295154 84.56975940056353 72.69306722648759 61.27884933020059 51.131939476043215 43.155903779859 38.71664496595905 39.03998167239121 44.02109021356632 52.346740888512315 62.69835170160607 74.23304723927114 65.13476305467125 52.15859338281698 39.81509692226051 28.926164188307048 21.79386972587301 22.36060175306471 30.19592477520599 41.35648562832304 53.81152368618745 66.84115727620035 61.63998459474241 47.7979371878853 33.981121941079806 20.24167914448666 7.0484283842446285 8.636327636996466 22.01005796939565 35.7665194121043 49.58808776114086 63.43208349134494 62.889848551509246 49.4719029602713 36.37168336690409 24.113063490215627 14.936577673602313 15.744494335012748 25.60864541438388 38.03730147720628 51.19549204063434 64.63909059236424 68.625603153158 56.648018614392676 45.71422153578804 36.76772692906239 31.547357850749336 31.935957026426692 37.760747840270334 47.04398029450507 58.15221366240585 70.22455949065474 77.86211384627609 67.596074520724 58.782554787744985 52.16323717441323 48.642405851039484 48.89411930934604 52.86451290127279 59.817583081021574 68.85552333242869 79.26827477025341
31.51919986042613 30.439697186082324 21.36546709258321 22.65432952469854 29.521486432598866 30.194317211787475 29.044552900167837 0.0 4.315968360136263 57.195037147578105 41.08977594587458 13.779289390206234 30.988914057057137 14.108016441207223 57.36929182945081 20.12469969208407 14.045469402349163 7.061338958052805 20.779886528626076 23.859035864207392 44.32034795787331 26.237784172072796 73.20279457298629 27.397571512323005 29.794523535036685 28.479798546399792 33.880059575058915 50.31860667333933 12.418828259884052 48.89638976496185 49.543555539165666 8.122430279536335 17.528327576222132 55.04409955844377 62.04321618520465 31.41958451699601 53.64840983839027 36.8046185095336 42.59040173388911 22.093204369334227 95.20741730016474 89.01997970295523 84.75374583055465 82.70661905106894 83.0429039104995 85.73455430195901 90.57178413414721 97.23484226117684 105.37786928155529 114.68594888464646 80.60368369135418 73.22756505159111 68.0022834917256 65.4451465791358 65.8676788463431 69.2153269439798 75.09788175671457 82.97788894893064 92.34532092101846 102.79422686154238 67.29159029106519 58.2984051755667 51.615264397663985 48.21268574098185 48.78208231449636 53.19605430237768 60.62047948277777 70.10525277483065 80.92906913448823 92.62355210252804 56.19666544406632 45.09811608379025 36.092551982372974 31.05756593237643 31.930317957961122 38.30913637168574 48.04893491537176 59.52196053901928 71.90315111057343 84.79548841920641 48.85360860936433 35.604555443566824 23.236198686342593 14.261669489289002 16.06586650276356 26.53433045330311 39.25894402266094 52.62776846826679 66.25183033133246 80.00069020305583 47.053030990116504 33.16981953728375 19.387660540325147 6.397773932638054 9.766889971005748 23.222025806183265 37.047755000686436 50.94311680043278 64.86323981269155 78.79485474615598 51.38096107168879 39.134355159138835 28.470224166841096 21.84447952363099 23.05179872722318 31.195597435574225 42.45603067836257 54.949260164350406 67.99902727177891 81.33775851851799 60.53694227487957 50.610936022447156 42.94109660958215 38.88630272623924 39.573879277206665 44.78592572507715 53.20902044634561 63.57941603771752 75.09453052583208 87.30243932382275 72.71961484546571 64.73132319149535 58.95789788466721 56.08762139248914 56.56422570106884 60.30840748673562 66.7726897632261 75.25931173268754 85.16573427003058 96.05354750026083 86.66179187115364 80.10948648441217 75.543639698636 73.33629038141562 73.6996916472329 76.59725785511235 81.759961258086 88.7935063433588 97.2929033699505 106.90900423640487
34.86135643286283 27.484977022796286 17.502042541228246 21.995103419056 25.635354866648328 26.29968910550888 25.37534601238141 4.315968360136263 0.0 53.67579962134814 44.621774941766866 10.401738409602185 34.66000422881861 10.010461682475839 54.534373729320556 20.40505297245294 10.025471689904697 2.8404269823521866 22.796328219640483 28.11147502324256 47.490134588710056 30.46569211412317 69.50672121751529 26.695053190898992 33.23796878145562 25.041537603041053 30.00897614251535 46.36935744244433 10.965594040442017 45.90148873476767 53.338136889287114 4.446966217228261 14.048073764094555 58.37858301603187 59.405685306493865 27.204908343536907 56.28035308294894 32.764003893322325 42.14441728751413 26.363887332912217 98.96537782588393 92.45459542249709 87.7488476562007 85.14800216224094 84.84588770149053 86.86649619678283 91.05530089446331 97.13214191127898 104.7689235391637 113.65152369052635 84.56416618141014 76.87984015231633 71.17864764960278 67.96161016974601 67.58445052558632 70.09303175477379 75.19907551814774 82.42118000562348 91.25824169984348 101.28833246402786 71.4615378625733 62.22438763877398 55.06042645477329 50.85363179597504 50.35081645838391 53.656219062862135 60.14517702085323 68.92424508521079 79.23573267194776 90.55754933052265 60.50707052613797 49.314764527423215 39.94511616591209 33.942841692430335 33.1883255889548 37.99550489440431 46.67645982020202 57.50265153567123 69.47827935164413 82.10176112580561 53.04866418723118 39.88388862766177 27.53697720597079 17.80040344542758 16.32294902782206 24.638156277966495 36.587562180222456 49.61109788015013 63.046463717027926 76.67734092524914 50.654880899801775 36.71798104581692 22.796249380203257 8.961330751158577 5.488701734134849 19.212779651242816 33.12575634983426 47.06027898748544 61.001452350631666 74.94542037515488 54.00346418940393 41.284412076020395 29.660814587615345 21.03496518164943 19.81228156177261 27.017306742789422 38.1403983163584 50.663412934558266 63.76670845121563 77.15506108840547 62.173405314937206 51.56842267498161 42.87854850881219 37.461277299409495 36.79185544158342 41.10292726669697 49.09961767894275 59.309322102253766 70.78067773487462 82.9920288962508 73.57575355273664 64.90692368451585 58.27595547432551 54.432876636811876 53.97655254996796 56.98840408962661 62.9727175145051 71.18365467178654 80.94634575096013 91.7667492136238 86.94798267617382 79.78234300499663 74.51385854074715 71.56285381643403 71.21804052145576 73.51610419479158 78.22443396073561 84.94311286161351 93.23847250948138 102.72916652001922
88.53692962796953 27.661884226232306 49.27221212555847 68.30406997183738 48.512067032073475 28.03176259020458 28.343820485207264 57.195037147578105 53.67579962134814 0.0 98.25881941492648 53.24956905012586 88.18360322842237 44.07334864114641 74.70391255316362 69.90068501281247 49.78636453565876 50.97514491135828 75.44718558751156 76.00855770750935 101.09638044651864 77.59888351401234 70.70618421865618 71.45974766162504 71.55817149425718 28.716475993708695 49.0375520331833 51.55742242971273 59.51592314748876 12.477078631727949 106.65744634027223 49.26924490186667 52.54944662680134 112.04647406873966 80.51018668713577 30.642561996529697 109.13979320276786 46.0371815262245 84.647784284877 74.84786617827434 152.31492511670504 146.13011367749866 141.0714194827169 137.26348049174564 134.81238214003344 133.79275342587522 134.23723209235396 136.1314713809646 139.41636411014582 143.9967247372277 137.2811011773182 130.41755005690572 124.74988503289148 120.44712900118803 117.65918465061897 116.49490074840666 117.00277477888122 119.16142095928976 122.88384511727712 128.03367445317818 122.84564911035862 115.16145966718157 108.73190109903376 103.79049955986649 100.55695578145041 99.19847024709021 99.79166866517707 102.30259803043414 106.59579016748383 112.46727069867316 109.24602834384676 100.5697937429367 93.17415359364382 87.3849747934267 83.53700526397198 81.90436292545417 82.61850862190778 85.62073029750118 90.68402204265831 97.48770326982705 96.83503679927526 86.97759611426939 78.35128307730221 71.40384406354356 66.66238377083492 64.61444421309164 65.5131422064225 69.24382950005511 75.38718397872569 83.41173613857514 86.12805834928277 74.93075623566853 64.76981011823385 56.210258682990805 50.08021406382006 47.33330438064679 48.54728251455586 53.452941596498235 61.16836964347496 70.78052902616426 77.8315421836874 65.2903624320487 53.38573898290902 42.6542673387647 34.218336319897496 30.076079766107128 31.943989736514975 38.967121797645 48.97568441347666 60.50577641681074 72.77461043025723 59.24307398686621 45.86556477340973 32.83121944285409 20.7959974393822 12.938818048278444 16.814021648096936 27.899225284846516 40.67397405125978 53.95104074587503 71.6465444313957 57.92537783118842 44.226315904895905 30.579413417127192 17.11036959504841 5.382287502424013 11.988209651179996 25.239008226294967 38.84369896079216 52.5279044185957 74.62572730489296 61.64133492187775 49.061064871978964 37.296396430557635 27.418392641519183 22.11873850187053 24.564934770140876 33.081095439144356 44.29446935319578 56.62461315505263
10.052769057210654 71.39959184071513 54.84949057213506 38.571495666444434 61.22153461598068 70.83167291694781 69.99555122814034 41.08977594587458 44.621774941766866 98.25881941492648 0.0 47.73632142108307 10.273164581817731 54.46501956410954 73.93790346821585 34.05237600275624 50.533396141950924 47.37890724953002 25.47696338434811 30.5304672363391 6.661782036607857 31.146853977837594 96.95154821693495 39.52429085017469 44.670805769670125 69.55610231370802 64.58302752633526 79.472309583306 41.36995352085882 89.79818459521778 10.155867361229106 48.999218950539735 50.206032360101766 14.352331663262271 75.89000547338692 70.79265062643137 18.99312575830627 68.7629588344321 43.15129571477379 30.197894747568647 54.60648808100587 47.950745137092305 44.93656337534797 46.28104181453669 51.644869292109824 59.95882196142014 70.1820849410193 81.6000474025856 93.77720263625086 106.45319462665955 41.53038134813084 32.33108384778632 27.68754020284404 29.81072368637176 37.570405045548156 48.32350044521832 60.49414980747766 73.38024838928976 86.66309584895926 100.18485834727849 32.65555847557705 19.749334488084582 10.612191274087822 15.301523871181669 27.469775485844256 40.91414144923591 54.701542231884154 68.62539617087174 82.61659206490172 96.64573122522258 31.728651308617437 18.26158944507885 7.573037135014011 13.353164032116883 26.38848639252322 40.14323301378265 54.07101563326644 68.06555791338505 82.09257604302944 96.13769922623302 39.31587489119291 29.591338120951264 24.511155540193183 26.854986824989837 35.16854108184541 46.343254677418116 58.76895598986019 71.79893019429126 85.15610050395965 98.70757512711472 51.80229351211095 44.90569163144152 41.74872653194519 43.1600117687892 48.74434088626818 57.29416429601525 67.69494140663674 79.22085336857796 91.44732100631231 104.12771911800614 66.48252475482732 61.28708833330424 59.023971018723046 60.025793499101724 64.13973553022181 70.82549810316505 79.43626025427817 89.41751432473636 100.36106934261569 111.98502898045616 82.18931483083989 78.066673159502 76.3113078727805 77.08513556648586 80.3150732933787 85.72389988510899 92.93187419453587 101.55654166703346 111.26884835195476 121.80878403392188 98.43246281977743 95.03376203392722 93.60403746817958 94.23297372039112 96.8804765732794 101.38850404288743 107.5232369587835 115.02461245312122 123.64404409599868 133.1644898007758 114.98488983710409 112.10324973308663 110.89963714136942 111.42845919167563 113.66553084655303 117.51330308933393 122.82043468875015 129.407429505547 137.08983667353817 145.69437581010354
37.68358692111927 30.28777713931421 8.025089146251863 15.761347759239465 16.030854092606184 25.275332048135695 25.637370410359125 13.779289390206234 10.401738409602185 53.24956905012586 47.73632142108307 0.0 38.64912700687606 11.308716911076218 44.18609664758062 16.65766452752657 3.5565329903929532 9.530780070515936 22.89419077849229 37.00721523094708 49.25987087978634 39.46806240715663 59.43727312049624 19.849883280028653 43.503585917328095 26.34785238364082 20.321765262218243 36.811524141632034 6.494567925460119 47.65754207127038 57.29388262824582 11.275925162417934 3.753342232492245 60.45527391805179 49.14423089043017 23.55755923907997 56.14310699007677 23.595908028309605 35.05029965468887 35.165632730831625 102.28201241789185 94.4915554904464 88.28530481313341 84.01517258698587 81.98431010052666 82.358566608478 85.10621316860171 90.01012504103005 96.74288862788357 104.9530429951882 88.9482714193795 79.911551858524 72.50303187059976 67.26300372013759 64.72041959793306 65.19169855674654 68.61476034417885 74.58424425296707 82.54948694551427 91.99343643557529 77.20541050811335 66.64653820095874 57.600282495513056 50.88011381514556 47.4842269876942 48.12166685778444 52.64612174177299 60.1872347019907 69.7735615496922 80.67921849628799 67.88410222058289 55.64502547769308 44.470257312616695 35.383218649742176 30.323001199107882 31.307271921793543 37.867583921231976 47.7588086209273 59.337869774675326 71.79256983969056 62.08480294276063 48.473493161762256 35.15854599042671 22.668705520999247 13.5251794901399 15.598362823049422 26.362941221900112 39.21748628263764 52.652791847539554 66.3166849936614 60.82343033980822 46.92220253698483 33.065862392101536 19.351488981519267 6.714912373070467 10.256011110455246 23.55347974253989 37.33397259116161 51.208895626201944 65.11777921897878 64.36732167724865 51.50154866879208 39.36098936987038 28.875628294983322 22.49362366391307 23.786042096164486 31.831417285030792 42.99240209881411 55.417382608347275 68.42105282592846 72.01048549457879 60.84265619071957 51.028737408074015 43.495236071027634 39.56702733725578 40.31226893720782 45.501899136541844 53.86626603602765 64.1757150407987 75.63893578474443 82.62302004830921 73.14335911062234 65.24787297330165 59.56996793785505 56.77895462666762 57.29830231943574 61.04357053719814 67.47969653667423 75.92535352987701 85.78898286330028 95.217185223174 87.15948613914173 80.68051897653132 76.18424028058018 74.0328522623673 74.43000110213875 77.33642843462603 82.48727854747234 89.4957932970529 97.96399028053884
4.342437750470952 61.19518757438571 46.127342745800036 31.6857707454247 53.01350373020199 60.94752057180118 59.99105184783631 30.988914057057137 34.66000422881861 88.18360322842237 10.273164581817731 38.64912700687606 0.0 44.59592401911796 69.31177696571619 26.759405038036892 41.205957049390044 37.45489449883484 17.84681841934893 21.77340474507792 15.057063479175978 22.904914555967657 91.15900543879809 33.65505828079764 36.28490735142128 59.467555104892845 56.65810203849366 72.19146574731887 32.493871805843035 79.57037268975603 18.769608668468923 38.98477223941109 41.42556194246715 24.58596903616645 71.95967670202786 61.24052395003512 26.894033918479597 60.69305083194391 40.75907117024268 21.082212426843356 64.31282651818083 58.16710927463802 55.065652625434964 55.52103340564662 59.45156884483376 66.24146227869896 75.1192375715381 85.43639005989323 96.73333658621792 108.70490107690088 50.33593965281933 42.24242513553698 37.87931072986326 38.535320271936314 43.98645186188501 52.766910845269344 63.510436826330746 75.38220108798821 87.92624931511668 100.891989720483 39.11498568614317 28.002573580027406 20.88472482856831 22.046992764649474 30.558761271613193 42.18375675523702 54.98137990531645 68.29545026944041 81.87426367382261 95.60492962732238 33.54050548660452 19.55958943092424 6.017869095717017 9.267259300699136 23.055994173104718 37.05804482678791 51.09823387085904 65.15177362576199 79.21141084423573 93.27423254274416 36.313317529019386 24.077431676636092 15.32877141960541 16.864386244622303 26.982047327295728 39.570632259000256 52.89430679390737 66.51264149157394 80.27566870581107 94.11978140710458 45.94623673616708 37.08880773779906 32.13162282718701 32.888389673984854 39.02811707521787 48.54974857762487 59.8605604361507 72.12352003529132 84.92703448709081 98.05944603162 59.17908776765605 52.63219897075552 49.28107755797 49.77547639916537 54.00988798992103 61.21297358446873 70.48025622958853 81.10712421672045 92.62668195245142 104.74467799292107 74.10789638274727 69.01759807016523 66.5095594071297 66.87498149270988 70.06891687958051 75.73430584346661 83.36874209443566 92.48579267747242 102.69121702461895 113.69217689440201 89.89162531571486 85.76375157377777 83.76832245708293 84.05737012302951 86.6080207507827 91.23074551068919 97.63159640270526 105.487302019238 114.49870182498094 124.41481227188322 106.14959451522122 102.69432842348654 101.04185107914634 101.28046710892727 103.39708137896737 107.28056519898814 112.7484407477951 119.58349684856374 127.56606996206878 136.49487478929575
44.602639316553784 19.245539128738226 13.694655799175283 26.914581818866917 20.62043362444954 16.366979652772756 15.745639277475801 14.108016441207223 10.010461682475839 44.07334864114641 54.46501956410954 11.308716911076218 44.59592401911796 0.0 52.39837155538588 27.036899586162626 8.039208148094557 7.174576630626143 31.496118017725333 37.05834706207978 57.044214713593426 39.27092152970586 64.1131464441424 31.134928723650745 39.636282978130076 15.845552644248672 24.768517078983773 40.16994712757772 16.371990832033042 37.17489086778824 63.31014349335089 6.1296512956033595 13.039450581489753 68.04919232085206 57.773601159742775 17.366490311064986 65.23062900488652 26.450057488793686 46.35488236698912 35.42410736305115 108.90838200962837 102.17308685318594 97.03140113397599 93.74598498284068 92.51485999601802 93.41929641688085 96.39919172547134 101.27146143512121 107.77970765881943 115.6479751713988 94.5733343814185 86.76940450516061 80.68068363874455 76.71674938543727 75.21435542864837 76.31903340142995 79.9227378782634 85.71078527844178 93.27735621508504 102.22819595094009 81.39958993349673 72.23035386167722 64.82562850477079 59.844148173619715 57.914702825530604 59.33580341917852 63.88422319598423 70.96107372623527 79.89720843764471 90.14124714442994 70.04547571601746 59.196478440221966 49.94057470621231 43.31162665501285 40.61699081112497 42.60977666283367 48.71810747140257 57.64819785032739 68.30198814320079 79.99359555541075 61.526757245226925 48.886876363231785 37.20845851857872 27.734174494970887 23.325537080447333 26.63008371961039 35.558741495433374 47.009157684595664 59.54375019496584 72.60300770054121 57.12628823935865 43.293589381952856 29.556509623258464 16.16119936394659 6.0938506702020545 14.193042041054138 27.46095913883613 41.171744642944404 54.995033641140445 68.86296993926983 57.792573234319136 44.243052141856545 31.00668684897236 18.758912372517493 11.35354351068725 17.100769504834535 29.025756422012616 42.179019282310996 55.69693167597399 69.3664979300433 63.36598453598544 51.37377759429667 40.594968777505954 32.26951689245197 28.624892713622675 31.33916056227139 39.11003546241775 49.615846644290144 61.469843061888085 74.02704874446113 72.7269704677212 62.60820206615335 54.15900519000887 48.26447084648489 45.91927279305299 47.65041913398838 53.0603928632815 61.18088156218092 71.0889157949227 82.14004724197036 84.62785730738433 76.15125401237239 69.40571798254048 64.9331122790384 63.217785022712015 64.48018838633766 68.55600474522673 74.9878240716585 83.23115538346667 92.80442489496282
65.9536272090691 65.43647878536532 38.731471663002644 38.98255189815845 32.46408120136575 55.45076701542371 58.05969807106332 57.36929182945081 54.534373729320556 74.70391255316362 73.93790346821585 44.18609664758062 69.31177696571619 52.39837155538588 0.0 43.99316096829518 45.660549582846734 53.61708054685391 52.25892315479226 77.83430369201446 71.32468558737109 80.32461407501354 24.930716826318598 35.89563076993391 86.98290620237452 60.289401283221146 29.20992492687039 23.87922522502883 45.37445232672908 76.3497764135328 83.86050120131429 55.078743331075046 40.742163356098665 80.80235574423995 5.888894441398049 49.13055303923719 70.28257441802084 30.24688232222207 32.37349644176727 75.96742857067353 121.41300910190168 109.7050087078843 98.63883160902326 88.4558768621768 79.49644804584365 72.21751766782347 67.16778778302178 64.8700305246981 65.61403521872607 69.30189466179738 112.92040352029346 100.28692794299573 88.10474712867206 76.58972489296836 66.09170506216118 57.17386128612564 50.67753414099296 47.60472287866596 48.60911692651699 53.46139645247027 106.58132542855502 93.1580518073428 79.96224541065591 67.12842789427121 54.91124693520179 43.829666242042755 34.98035579004843 30.38111189913996 31.924973762113364 38.88701433380014 102.79495598832922 88.87099097568381 74.99441162563033 61.1977268272228 47.55081427176444 34.233573341669725 21.857497328064184 13.361430308801532 16.56124155065584 27.658443976499413 101.84640234779471 87.84280948328309 73.84476771370852 59.856443020789804 45.88701528632341 31.96160379194505 18.182056026932404 5.723392294926245 11.31629640572494 24.829213215115182 103.81348185011427 90.1850377798682 76.6852301425137 63.396544372934144 50.48623319215575 38.33874492647772 27.96669817767347 22.038606095261578 24.09471887450689 32.66038580364475 108.5377860673641 95.65039791430134 83.10767825488868 71.09251698124893 59.92332307206837 50.16854871800235 42.80651032522271 39.2091397212214 40.39511680382699 45.99589589378685 115.68200224048512 103.74647908705526 92.36793116198027 81.77937495372079 72.32878327458526 64.51833747626615 59.003139909138966 56.459956221460644 57.28602374223956 61.34537263346418 124.83133792012305 113.91374343837381 103.70858251977486 94.44724680700627 86.43381553370357 80.04409492992087 75.69052639319248 73.73472869126394 74.3661525254463 77.52159514738445 135.58046635478223 125.65041059975053 116.52378438619847 108.4038502782515 101.53255330665817 96.17799679608281 92.60374250435186 91.01981824642014 91.52963365657544 94.0991570152232
