0.0 42.42799093727017 63.88586839224366 107.49373027268582 58.58248437325422 28.951600104174567 43.630482916482386 64.3018916469281 45.71582888058627 55.10618089746984 44.497452291712506 31.272894620760336 44.489487775660386 40.72910211886686 39.018877544962564 47.760719689237426 38.91573487011 31.583872690302787 31.475620849176547 93.77521547702226 11.715048480036783 43.65569030461582 38.40011024286556 108.87467525363654 65.6822956932413 46.72291609833464 45.29405024280208 48.697404752912576 38.33032638576586 51.35446714088995 39.78729236854303 41.6868561871323 37.01492386999045 83.46482286043863 54.802890866383215 54.94614054384937 63.39190955010376 25.373416653042334 26.70754977493127 83.7526045850836 89.74644842844003 77.93624264275988 67.05297144282216 57.62444491930943 50.472781459162974 46.65712197328189 46.99721284510517 51.4106425558995 58.99007804202564 68.69535299472507 82.00914239223152 68.9506173090291 56.42203368964912 44.869773841485475 35.26693162397907 29.577634137774663 30.108832408769796 36.59060067379409 46.60280124376308 58.355608064336636 77.42905626893723 63.50599847394621 49.69399319558009 36.120969441553925 23.210404888106584 13.09577345702238 14.249871544426156 25.16746141790088 38.242907358174854 51.869100117697016 76.57481937355367 62.534235119949734 48.520533813345644 34.56674903333581 20.79425293047727 8.177747524835109 9.914089229496364 22.94866744900584 36.768545603147544 50.73589642986467 79.56652599007253 66.23249796672405 53.27000667465553 41.032958954967995 30.4103706944346 23.68470514097861 24.335832997311115 31.915399544141696 42.89567613952648 55.28616383092276 86.00375598004666 73.90298719745968 62.60868301142548 52.642712496311255 44.89868558843193 40.66655126196554 41.04740730300342 45.9266293705617 54.10045489886091 64.32487637573038 95.19004630438353 84.47043122431981 74.83784425898673 66.76462022493784 60.87450139675579 57.838438398346774 58.10559182319864 61.633018825102525 67.91455302135981 76.27267279471084 106.41582906656001 96.99252801190775 88.77083330491861 82.11261611309956 77.4224095720612 75.07006695124046 75.27511695204294 78.01739485835701 83.04589638772674 89.9780672965369 119.10582405370954 110.80858149545578 103.72329017689565 98.11297983606403 94.24152862961138 92.3279934724656 92.49399947753558 94.72861214149819 98.89167004539648 104.75345177122112 132.84107368351727 125.49194189016447 119.31254406565853 114.49253152822057 111.2088735836862 109.59979578501692 109.73900820917734 111.61996767036871 115.15733152728563 120.20490757697674
42.42799093727017 0.0 29.746678124870385 113.2243695074586 62.77283716757281 24.11109657010503 54.01441535579757 72.92613187899411 8.437283602372158 39.12691503033211 42.39998099488003 17.977425506251087 19.57802905885284 40.89082301894755 42.43392600107478 67.7755803251459 9.338494644426426 14.87823140144393 34.8777929342658 98.85170821741983 53.985465546689284 5.828968916684514 10.248634007066334 103.14133979536132 77.34483392663626 24.19262916004199 9.333207689913964 62.8360821551739 51.13426280788785 36.41270482282924 46.8514271875718 3.612210099115785 15.57252663144503 85.44822108690222 72.43562053579534 73.98294606305825 72.82376510951211 22.852999104521157 41.02294287653459 89.6744557211153 55.360770102852534 47.872174395352424 43.834259072463475 44.2030733881349 48.878961781985325 56.808095363771926 66.8425026027104 78.17554998118248 90.31957536151133 102.9879520687786 43.08124393511946 32.961466968084345 26.79269544805781 27.38922245375607 34.40088335762148 44.917659800909675 57.0323046714807 69.91899609481116 83.21970656470536 96.76370901191451 35.29702772689298 21.906235643835434 10.628651003467043 12.04743085945594 24.00832783223024 37.506528909472834 51.343436324750755 65.30396988986904 79.32273666940846 93.37335657077472 35.13509112671999 21.726013153278664 10.3344737058287 11.782399926803352 23.83463852138563 37.34421435027733 51.169465374862185 65.10947719340855 79.10345548520726 93.12692026606592 42.6822792899759 32.601652826932586 26.445186768886284 27.041127561302766 34.03661763778407 44.510089483150324 56.56130280933473 69.37270807729469 82.5911612199129 96.04860261663961 54.84329655512549 47.45974629731767 43.48112109348973 43.8444236541634 48.45207782553992 56.27088831602888 66.17211512247285 77.36015964303822 89.35281908487921 101.8661674755796 69.22792256997276 63.56649197641361 60.667794682938265 60.927478737996346 64.3072897080202 70.35897074001687 78.46666629519419 88.06423247958627 98.7179607246617 110.12161146851592 84.71086839507953 80.17282530731859 77.9055079161363 78.10694667691322 80.75866722596687 85.63330976227503 92.37958472718783 100.62165200534923 110.02376281870346 120.3141461867959 100.78722666877127 97.02255699202563 95.1665300800819 95.33071827602 97.50491430243247 101.56007977283161 107.28307734282777 114.42385122743501 122.73509735669765 131.99579332648077 117.21308275609142 114.00781922599754 112.44012701487463 112.57846085665614 114.41663101380506 117.8751159120055 122.81706212269951 129.07211811198738 136.45974858492696 144.80661711703272
63.88586839224366 29.746678124870385 0.0 97.85205255723095 54.009580267697615 35.7808496145883 52.733614368860565 64.75992083780844 21.75031052124502 24.462869946983716 37.85754737460689 32.61537149791595 48.06530301239792 39.146216274967166 42.121261814024145 68.74155824666599 26.6146456633837 43.98553172085286 40.33557200179211 84.32818598070791 73.94337236919654 24.60071524461806 26.75106314164901 81.54349215276832 70.41215454987497 18.85439742431517 36.88815555137339 61.09902257831324 52.737624748920815 24.86753787467368 46.58048324875001 27.452326637163015 45.30524812161168 70.47878459045458 70.68550828262205 72.88511106285199 65.24832868787054 38.61406231096686 49.09638007357243 76.78962507371689 68.75278243445185 66.9230875045177 68.04921519627055 71.99257647814639 78.3287808099082 86.53370794833232 96.12994279295046 106.74278792819086 118.09835953408655 130.00203358739427 52.05865674488029 49.6285613482396 51.13017419916791 56.24947481903054 64.12575427304512 73.88239304623129 84.87326497661456 96.67821240584568 109.032996502856 121.77022427445804 35.9440507279814 32.341956525211174 34.5920018842657 41.758663240524996 51.84141595018507 63.465206603263596 75.92540355637296 88.87075406126962 102.11676646901881 115.5599407665554 21.738404137832465 15.090519947501988 19.432738638971287 30.369041517085197 43.14693550159737 56.53101761302552 70.17516151691459 83.95251810069009 97.80665380427857 111.70884435927096 15.869909806392245 2.856400307708491 12.544677101931997 26.447714429358122 40.42881729074901 54.42773660427897 68.43340028203986 82.44222133320773 96.45266678369076 110.46395572634201 25.09705662320182 19.68013829154728 23.147772508519136 32.793211237302664 44.78868250783132 57.68622129876487 70.99575935197365 84.52274614695229 98.17718776830863 111.91228140832264 40.08220123834091 36.948210425616985 38.89707799502622 45.27712443172979 54.55518749784871 65.51122651811566 77.43614149251323 89.94525873517749 102.8254410808092 115.95294542962904 56.40935961468771 54.23786734525349 55.57750297484913 60.194281116729655 67.41822063705257 76.51431583867011 86.89651755853313 98.15744860268947 110.0274980873967 122.32933411712635 73.18579943687529 71.53345961640187 72.54962338427005 76.12749273595092 81.93210636549179 89.53133145755173 98.51062942275225 108.52787686796694 119.3218219904908 130.7000383485654 90.1610726273284 88.83152044879684 89.64792092053612 92.55349269498039 97.36133329825287 103.80740413142048 111.60812714654183 120.50060411495284 130.26132171821533 140.70958627216706
107.49373027268582 113.2243695074586 97.85205255723095 0.0 51.51500908749869 93.22022549850266 64.74073565203855 43.42918235180374 106.54920116396276 75.73515455673142 71.50072191766353 98.07853913925345 131.14595684183053 73.93236244681972 73.58096673524818 61.1890100142843 104.02449773861166 118.47933458518489 82.79332881512772 14.43701744569019 106.6482442525902 108.06012606610238 103.18544252605211 29.558492250356455 41.91478264673416 89.8101817521006 122.49993177561744 58.79729501464868 69.77679885838435 77.54447234685038 70.48742484097588 109.6229769198286 123.9623230609184 27.89163034946976 54.0011624636163 54.73140424960026 44.208844910392486 97.24764720163151 82.53255610730982 24.215732795070547 165.29616680592292 160.52085501829004 156.85012561585464 154.3628534910544 153.116759109068 153.142161275483 154.4384322189603 156.9740728491198 160.69038804651308 165.50781300658977 149.36815024597138 144.09061094987695 140.00880544369218 137.22953515103592 135.83281785194424 135.86132030993474 137.31415461835437 140.14701137768526 144.27858558466298 149.60125841691226 133.78176614607273 127.89044479193319 123.2950819387974 120.14454495162711 118.55412385317513 118.58662870387569 120.24074286511241 123.45127702186245 128.10121734891976 134.04078350066203 118.67170133319803 112.02022144147944 106.76889430696488 103.13190403353298 101.2833626567479 101.3212317982493 103.24343516633932 106.94839198319252 112.25967973822543 118.9622693617076 104.24528546201927 96.64262306294195 90.53300108630413 86.23444301257656 84.02542597928175 84.07085626814126 86.3671757047116 90.74363364281673 96.91878912109995 104.57440504865257 90.82885821684667 82.03514863456816 74.77673243033041 69.53617963348529 66.79025574457506 66.84713224208758 69.699947256861 75.03041580084431 82.35878736328645 91.20463596136742 78.93908112935324 68.69088053820437 59.87990542302144 53.224928169287644 49.60158974610439 49.67778838795191 53.43769952198445 60.19491086111483 69.07525033595091 79.36913645032402 69.36548619550103 57.49618218249167 46.6728440031643 37.80498992919093 32.53322209295962 32.64873020570479 38.10254961323712 47.07439900633858 57.95267676300205 69.85219246185987 63.170071410515234 49.9188070870701 37.01099288936718 24.98505819103156 15.975505176845301 16.208326988763215 25.4309323093027 37.5137113602451 50.4414260422718 63.701589726509745 61.384365031419115 47.714422091282685 34.05849021102571 20.44506264189455 7.122947638399373 7.628466314373769 20.985038086511455 34.601528698307156 48.258308720975556 61.928596358147125
58.58248437325422 62.77283716757281 54.009580267697615 51.51500908749869 0.0 41.72751511412409 15.15460772285032 10.809400432658698 56.94544379652497 29.549130558021673 20.394293121665868 46.75106534504391 79.94464668053385 22.479029587689475 22.0857978491544 23.160870570052552 53.443872425422974 67.00682013985396 31.322428503144906 37.11720989216663 60.62431276482419 58.03323548808002 52.55395290968012 50.59885959481776 16.413748311126472 40.89108141992856 71.87416552412309 14.887466758064315 20.45192658839271 29.74893449413405 19.366691965488084 59.23680247025959 72.58319757791328 25.17216422735374 20.54588920439153 23.033468478383007 11.239156719622217 45.734054875985244 32.18309282012715 27.375706269765708 116.8292931354236 110.59368720933523 105.87394861975964 102.87898905665062 101.76125379770257 102.58213988973598 105.29630543863667 109.76335566167151 115.78051909010144 123.120654586127 102.04026637204102 94.8714463618404 89.35099465370868 85.79776959225092 84.46047191992103 85.4432306156632 88.66892295303988 93.90665571611976 100.84333505565004 109.15545451840018 88.17055080291176 79.80553642505829 73.18891314785456 68.82688899506523 67.16028184706813 68.38646567540661 72.35850988482805 78.66149776016873 86.78897889376732 96.27991242112131 75.72696968563154 65.84801119776594 57.69179562916643 52.07433662131247 49.86129959203707 51.49353855558454 56.63956306699482 64.46322961644853 74.12134981220638 84.99070796514775 65.52709125417284 53.86744971498568 43.57498217037429 35.84752326812543 32.565450014137554 35.002473259227074 42.1786243578883 52.17365442517513 63.67355139397348 75.99809185352241 58.751368328791614 45.45490429540797 32.67911217452067 21.37909770036761 15.283372357802158 19.93676381581301 30.80166712555874 43.44396345260947 56.6865663543197 70.19038474766451 56.64225202723685 42.770306708034305 28.909845849643197 15.09301880432393 2.316895556228158 12.980322204614412 26.77982709836159 40.637066895035105 54.50790283866434 68.38392265405146 59.696431978014125 46.80977005926732 34.67482537466637 24.4385989553175 19.387318994568318 23.1994778719079 32.928493403817164 44.87839070394847 57.68496465835531 70.88527537524006 67.2136973318397 56.14013391308579 46.55767773032297 39.565180718548845 36.67535778916561 38.81566150956649 45.27827639147013 54.54790737944797 65.44232447194072 77.27725586064307 77.91274651108108 68.6365742454211 61.08682926492355 55.96672614861996 53.97230028928346 55.44193520446302 60.12211776705677 67.34674415037621 76.39724815526274 86.70361527827733
28.951600104174567 24.11109657010503 35.7808496145883 93.22022549850266 41.72751511412409 0.0 30.705558778784813 50.96981933767154 22.178447553887267 27.426970879092888 22.059425716283776 6.134675367180544 38.62999652032186 19.29733288510325 19.850616009455948 43.727048029113064 15.742823422067033 25.284876161968743 11.155045420207435 78.79890639862145 38.27916234623229 21.52833814901997 14.829069067590392 87.81148933705416 54.75444184223139 17.823807342748303 32.06147971741491 39.27655289305079 27.289542387222443 23.652687712949007 23.73506169047721 21.24218771114167 30.983027652751396 66.1985155352009 48.66004625924468 50.08743790691811 50.64175497073059 4.667049899841664 17.036798267469397 69.10279116608847 79.37347661100313 71.03299455988181 64.74670903825965 61.15154127206821 60.72739722005083 63.537818561587564 69.18973092751331 77.06036280870715 86.5464033499797 97.17580972389467 67.036600297438 56.966497384231985 48.94421695064094 44.10194501671366 43.51463891526077 47.34093201947279 54.661656811240405 64.29394826034434 75.35643741823847 87.30702894876494 57.32681398548311 45.20380773066164 34.60704328666842 27.370884693715727 26.418635414882424 32.31075799458321 42.276266821573 54.10939504655163 66.82514842980893 80.00363891871507 51.74477999115438 37.9511995013689 24.46363725445586 12.331355316131722 10.05376869142307 21.1072997023218 34.42930291109019 48.173063682319174 62.05886995370252 76.00876794790734 51.64670118541317 37.89339988696818 24.45409333717533 12.396472857527657 10.14523055798588 21.113097832869816 34.38283311634421 48.084967294162276 61.93303877797901 75.84701047635477 57.060862793464246 45.05810545899345 34.58680159717471 27.45898714520969 26.523322033760387 32.32212060361355 42.16265739795406 53.87380326025136 66.47401236348719 79.54175519792837 66.65735679170506 56.77378691996797 48.92036425702242 44.19312877734196 43.620648674631724 47.35385772411463 54.51521160340865 63.963363409124355 74.83703910566928 86.60079832254101 78.92506064839006 70.8166632647649 64.72146679321318 61.243632383885306 60.833780421244285 63.55130197881116 69.02778473168253 76.6742435385027 85.91312821254915 96.28702585644383 92.81071066529019 86.0548872034543 81.137201819836 78.40437235486009 78.0861713771269 80.21134524380965 84.59592179980339 90.91353017187343 98.7939464282277 107.89518086556618 107.69025797020043 101.95388333951672 97.85874414093907 95.61601289262276 95.35651498867519 97.09615651080497 100.73139062189148 106.06744503701131 112.86326761378656 120.87280251011201
43.630482916482386 54.01441535579757 52.733614368860565 64.74073565203855 15.15460772285032 30.705558778784813 0.0 21.34828009941352 49.74455910591924 29.91882245545606 14.880011857257808 36.50964401551953 69.26837648486226 14.124403981753469 11.786195246352582 16.020321116380273 44.84049730581512 55.50427586319178 19.55621487666915 50.63965746592654 45.497860296667724 50.15764971437748 43.89482880029129 65.75296656995064 24.28443942186406 35.94113438862522 62.54303671392182 8.939277315924285 5.320367190254901 28.205825572814167 7.1776710697167765 50.72596727318885 61.46086379573571 39.835783845706885 18.76201033632309 20.654886203316817 20.712311102638516 33.941280655744734 17.793679250808815 40.62049932341963 109.27581379623393 101.59617524875536 95.39529959853769 90.9761618046829 88.60581858739178 88.44917456083569 90.51772529107784 94.66568613693607 100.63620682491293 108.12772034287059 95.75004029813616 86.92562320305322 79.62497687283057 74.2987653847523 71.39036692431618 71.19674755105346 73.73929786476853 78.75341756935055 85.80685349440613 94.44370503512039 83.62792958975578 73.41012561628898 64.64300421200382 57.98846703045144 54.22998419269624 53.97601940018915 57.27321500230049 63.57135665414134 72.08806039129396 82.13597133717207 73.60628133780877 61.812058263067314 51.146909391406744 42.470334697201956 37.200956646351585 36.83147982122112 41.49301041434847 49.79198686419643 60.24336608666839 71.91465085202053 66.63957046784391 53.39584235293595 40.64482725162683 29.04320230253863 20.631152638278355 19.960425056725803 27.601273870154962 38.934232829836326 51.58042483543901 64.77508070279285 63.737537659809576 49.80163496015058 35.87066935085943 21.95443282450447 8.129639406751279 6.244410153398932 20.01755166718932 33.92955905095973 47.85937376671793 61.79482184080787 65.44317165943013 52.03836218728185 38.98865414973517 26.817865151408053 17.471431209385834 16.681731773938868 25.26432424847245 37.21912720548997 50.191647222494346 63.56165342475894 71.42714737286818 59.45150009750947 48.499821447991096 39.4348819179287 33.81011792414688 33.410793448915186 38.400279090142234 47.0958580309622 57.849681130269 69.71558232754259 80.74379048393828 70.42493889761927 61.50656472170396 54.67845263384878 50.79085088382189 50.52717575610027 53.94060101759351 60.41096107949865 69.08452884076375 79.24099889402812 92.39034406382837 83.56772465270932 76.24034117481831 70.87360371039837 67.93386700956468 67.73790141405347 70.30865587905281 75.36349616682388 82.44671616006582 91.08624619113222
64.3018916469281 72.92613187899411 64.75992083780844 43.42918235180374 10.809400432658698 50.96981933767154 21.34828009941352 0.0 67.40878080824498 40.31413482177213 30.59428020541872 56.34624606724443 89.5271134195646 32.137069153823994 31.123512124906945 21.205076863428072 63.588560977151815 76.17841120896496 40.08585987115537 29.483030606623867 64.5239430578188 68.37149818210261 62.6788216565938 48.18619562890098 5.979622697648029 51.57030404708598 81.90328331528734 15.952289141850722 26.34782948428027 40.556455393447656 27.485503727460635 69.43631514184688 81.95281128711669 20.389413023185398 15.595968885128263 17.729097582073294 1.4310884219343396 54.6551500444118 39.12186289432673 19.45322278677246 127.35708893424626 120.79766562808253 115.5851064824062 111.90785585391703 109.92016231105728 109.71392252383448 111.29904307584492 114.60119392340626 119.47804857962899 125.7464590989475 112.72977054739569 105.2981792551732 99.30353678717287 95.01829480774782 92.67993463996382 92.43635930969553 94.3038053709697 98.16184003561735 103.78866638306813 110.91534025221756 98.96902409261754 90.45462041421247 83.43365714758211 78.30897545549813 75.4679517055915 75.1700054073593 77.44449765098847 82.07781831647193 88.70103284035224 96.90690828249629 86.48946634656414 76.64901448174082 68.26320400091902 61.925972483646206 58.309231102876886 57.92488555970227 60.834238028892706 66.6070409946683 74.58124405515797 84.13311170559429 75.92549865053061 64.55079980111198 54.380713906125244 46.21761181296514 41.27026019289555 40.7279815964464 44.751207893334374 52.29661356838049 62.09310334836489 73.24279855972382 68.17351684811528 55.29232637817541 43.05074004631284 32.18727012154403 24.601129412804998 23.684553328967972 30.05409274148895 40.39903342466889 52.41610232528456 65.18688549058045 64.25938804143736 50.461651035206366 36.71753724485103 23.123239751850253 10.29125880546424 7.865183502151675 20.06335376700544 33.58476206413341 47.30797885732176 61.09703743039039 64.88145344776056 51.32461750164693 37.96967228391144 25.140787933937435 14.328911146268142 12.707384479535344 22.37274300392225 34.96425052132869 48.24256134634181 61.76618305657505 69.91874247672118 57.625999043611046 46.19438964410182 36.443728703686354 30.057255844388933 29.32247589746229 34.60134225620309 43.76950555448231 54.91217868594763 67.05199624001358 78.52612046587832 67.86749175685611 58.52225563845904 51.21467219723716 46.90706567853679 46.441910262831264 49.926725644702366 56.63699011038963 65.59003576639404 75.99720043413306
45.71582888058627 8.437283602372158 21.75031052124502 106.54920116396276 56.94544379652497 22.178447553887267 49.74455910591924 67.40878080824498 0.0 31.523557384667335 36.859739859724414 16.526041732417156 27.91218626872477 35.96050358468548 37.96322137353183 64.44483596889933 6.973923819183708 22.239129115756107 31.655981389695526 92.26451835065723 56.823038867268714 2.8524100651861066 7.7000743985209406 95.34761279278956 72.17246262949362 16.79019420064743 17.176386860953055 58.679258950298205 47.55467361704611 29.137795778646645 42.59433322514184 5.7055394797687695 23.873124894011415 78.67698085330888 68.46196433085328 70.20556343008114 67.43783826198545 22.616250541200962 39.0250251956251 83.3459401668441 59.96197415371164 53.98160447023795 51.32751921447275 52.506610508520076 57.28264687421979 64.86585557342524 74.40271309399452 85.23987452134233 96.94210674326139 109.23159299845213 46.008950345342036 37.92776088773055 34.06308623061555 35.807315912595676 42.474973757382735 52.21268971663808 63.62605941869733 75.96338557112657 88.84042961672465 102.05294277044965 35.169839145921664 23.700816059790846 16.87563406751893 20.151837921476485 30.424588546844483 42.93549409225952 56.20931110066939 69.81208199266324 83.58320750293831 97.45118690151136 30.914730557793515 16.84204646184858 2.827326226674753 11.34646391375994 25.414527550352364 39.4899262577309 53.566756180039704 67.64398526684667 81.7212578592659 95.79839774548387 35.682382930880976 24.58236333898176 18.163537342382373 21.215581256814616 31.062055031622958 43.291544626532485 56.37381996026033 69.83109478868835 83.48207091015355 97.24505475609821 46.79159373253186 39.033868073961514 35.36308768714581 37.01584128134938 43.38795621799341 52.797417871072184 63.916486778833935 75.99832867833176 88.65003727256298 101.65892395718541 60.86364220642502 55.15165761305728 52.629795929054666 53.749019492875135 58.29998847804376 65.5719663337694 74.77517290676762 85.28658294316382 96.68031247751398 108.67907547941604 76.2759565483109 71.82255933386097 69.91392161138431 70.75630473740857 74.25613104677892 80.06562396627929 87.72704930616662 96.80158884914333 106.92996446242202 117.84063201902411 92.35999706646312 88.7353758778367 87.20510889514952 87.87869592054658 90.70704365812945 95.49885575435664 101.97766114225871 109.8452779241214 118.82606004285029 128.68704729675625 108.81831405961587 105.77412748954652 104.49985247132403 105.05992911779653 107.4256625296702 111.48212725148755 117.05362471575424 123.93592564325088 131.92394989537178 140.8295643954577
55.10618089746984 39.12691503033211 24.462869946983716 75.73515455673142 29.549130558021673 27.426970879092888 29.91882245545606 40.31413482177213 31.523557384667335 0.0 15.635893129600323 28.89423152558364 58.41223628163155 18.366362628505563 21.462446677022392 45.77435616010864 30.746952508903586 48.44543422163549 24.492825228795194 61.68611224462385 62.472044730468625 33.48449882960718 30.11153632679214 64.02960044221985 45.949291013128786 14.9374385596521 48.40570477176191 37.58919167158476 31.27678307270726 3.789311001256632 25.01739965853869 35.56532990393377 52.566950066708294 47.882435017631344 46.85087848420994 49.153506213935 40.7869708175332 31.999678914530566 32.4103880348906 53.40263115244289 89.57998736816009 85.09848168823044 82.80987232634331 82.89601758935902 85.34972591745822 89.97748054316126 96.4668441304509 104.47140024508998 113.67140533640324 123.80051744097781 73.90423395096761 68.42950151474449 65.57498836805138 65.68324393031008 68.7402704062084 74.3833445625096 82.08074377482669 91.31433183626132 101.66629306651356 112.82909094145693 59.14224580984385 52.17425915944139 48.38798034357056 48.53391250541924 52.579322744422626 59.73712692305164 69.04597456409292 79.75609579366859 91.37596039531773 103.59976871861664 46.17880972535816 36.88389227729014 31.327744596266577 31.551642141200954 37.452061738440975 46.9347862375241 58.27646464355662 70.5865165749983 83.43729003610851 96.61311022364443 36.95764441376033 24.44179309384517 14.838191222316647 15.30310129941754 25.287151285628777 37.893685843576144 51.22155486052188 64.8272451736265 78.56641036407773 92.37936311127727 34.6115627842116 20.810875503229042 7.5914197298535075 8.460320668115852 21.792990967880502 35.60472069847137 49.4959660632048 63.41435957436917 77.34510033076471 91.2823809075506 40.35790952111891 29.453274490821894 22.221628783316266 22.531810204422907 30.15195240801394 41.20883748403709 53.61674415677977 66.62495157600775 79.94080617346147 93.43271414812432 51.55840599007509 43.59598337801216 39.09840553724942 39.27468962603502 44.06877983561175 52.2240163056648 62.43685990350751 73.85852173956847 86.00863140894118 98.61817152780124 65.47125613789855 59.434297376033534 56.2341821566562 56.35630708451762 59.780312995640365 65.99420363092133 74.30120670836492 84.08312662583916 94.88477802268041 106.39590269815267 80.70569569077328 75.91424893825145 73.44790376585324 73.54100067331446 76.18415603621033 81.12847458224485 87.98681028943145 96.35121701908561 105.86520562451334 116.24674248702745
44.497452291712506 42.39998099488003 37.85754737460689 71.50072191766353 20.394293121665868 22.059425716283776 14.880011857257808 30.59428020541872 36.859739859724414 15.635893129600323 0.0 26.586424919996222 59.67410395870961 3.789311001256632 6.309089019703111 30.897849136330922 33.064811499199024 47.09788241669989 13.342055915434305 57.0638779893149 49.916610823922234 37.777229675109986 32.169331438760835 66.16982255151926 35.32555219471401 21.647171041027683 51.48054978831481 23.355141295648718 15.650554642632514 13.44375829576848 9.381540392959932 38.88102076208547 52.47253790352684 44.21041650349486 33.09866983345483 35.19584441683078 30.584093467303177 26.437826753997005 18.81037228205727 47.56903855096887 96.82152957187837 90.25102052161687 85.5255391011477 82.96103815368895 82.75869087327845 84.93538431072031 89.31732428438664 95.60169840516933 103.44227314245428 112.51408593188046 82.49540135903173 74.71248874738033 68.95744615219654 65.76490924158466 65.51063921451956 68.22749845567897 73.58709924877981 81.06689749252438 90.14054070223655 100.37661371560452 69.53614308533764 60.14459617185041 52.86163183303902 48.64386909515475 48.30114101945211 51.91026166152982 58.74730585239009 67.84321205554777 78.41572036429312 89.94551197915155 58.85372068330222 47.4499328435811 37.84555534332938 31.71974133757637 31.194070518622162 36.51124030752551 45.67426764190732 56.852998135737906 69.07552562030186 81.87558345549107 51.874338307150644 38.52696470615782 25.863704248325945 15.645167224629734 14.555180710532799 23.878395143337855 36.32821926623624 49.6037074646526 63.18643997532168 76.913670464695 50.16806558846079 36.274854879805964 22.45634731361203 9.0616665928928 7.024953648874584 20.14935540570876 33.94183725507639 47.82775986546954 61.74398004256291 75.67363966358361 54.234895856260145 41.78648571147474 30.63258185205656 22.76333943835098 22.035428298054377 28.991843244772884 39.78775098214062 52.08803946753794 65.04465284693697 78.33244712745812 62.96597768403995 52.678865630680235 44.397452699391174 39.40734348214424 38.99337975919884 43.287054750870674 51.11545706469002 61.13538680388149 72.44300914597798 84.52295725638471 74.74427105984125 66.35301488663649 60.021860521483816 56.448393203349184 56.161558632809694 59.209145628630274 65.1246710881484 73.2161840435676 82.84845925994262 93.54663986921527 88.35948766274144 81.41922063766623 76.37293286028203 73.61125421523882 73.39258211386097 75.73894919987028 80.42613771870825 87.07689770608803 95.28084669306243 104.67331491310729
31.272894620760336 17.977425506251087 32.61537149791595 98.07853913925345 46.75106534504391 6.134675367180544 36.50964401551953 56.34624606724443 16.526041732417156 28.89423152558364 26.586424919996222 0.0 33.211456174645136 24.29844055362538 25.29224946602521 49.83188030920544 9.80164404321562 20.627891344281675 17.06797838753843 83.64163746916118 41.59536492591012 15.588572831749714 8.931324852257072 91.2759266323574 60.35411112687777 16.50220831381785 26.065378994851926 45.1927715807201 33.303584776346796 25.29224946602528 29.43456785678585 15.136044915659907 25.88634276981214 70.75297586701191 54.66354621512114 56.13526010298162 56.09379207130618 6.299031171365389 23.125620827749763 74.08136587864117 73.26633968172165 65.09928888238801 59.23896954574074 56.409052562390016 57.06223944082442 61.08689167042471 67.88594794507944 76.7252726315961 86.98497984396309 98.22085202535418 60.92112862304029 50.857776698349255 43.14144578986593 39.18426910307421 40.11465941803942 45.6346376923942 54.363618001819354 65.02170298797729 76.80988668118569 89.28151881228774 51.51227246541553 39.16398704402685 28.492544620588525 22.08044806213138 23.6851383523679 32.12697971800479 43.60058020193454 56.281228355952734 69.51131517672152 83.02846273808721 46.843862308820185 32.86077760041043 19.00467771912441 6.196687456604931 10.55929948640282 24.093076587229618 38.017427892585424 52.01953361887688 66.0498255527014 80.09334455860554 48.31028438254924 34.99359828138851 22.56639921657868 13.710039809336092 16.14698054886602 26.97259161147391 39.85405438781535 53.32154815389719 67.0225950401017 80.83838355247912 55.42673215950622 44.36193784883438 35.44035685678577 30.598120122655175 31.75947582022979 38.38327633489234 48.2708304949519 59.825107806385944 72.25073915657708 85.16705268468186 66.40078778302852 57.53363826093083 51.00497364766115 47.783242102592226 48.53160595149662 53.08240717320703 60.58471011809222 70.09707524128214 80.9135504330163 92.57803014330273 79.65368489879927 72.46354894784973 67.42186367615705 65.03033910380262 65.57958826041758 68.9994119214566 74.89758154517943 82.74573582586214 92.04633751890339 102.40429025009846 94.22875005500914 88.26392645547666 84.19394270615612 82.30045740699596 82.73307177236325 85.45646016985673 90.26347511706724 96.84427728956811 104.86537144915899 114.02310227159687 109.59976311496196 104.54082405007942 101.1446696434338 99.5816202025625 99.93774603058925 102.19298003776348 106.22640329313224 111.84574956688408 118.82615990901806 126.94321263648978
44.489487775660386 19.57802905885284 48.06530301239792 131.14595684183053 79.94464668053385 38.62999652032186 69.26837648486226 89.5271134195646 27.91218626872477 58.41223628163155 59.67410395870961 33.211456174645136 0.0 57.5091098755566 58.41813632150017 81.14643069040595 27.74095732506758 14.435979515657218 49.72868568795695 116.71343665386412 55.876100552935824 25.405879683565015 28.45930248148689 122.42289812846397 93.38398692151527 43.5044879825281 11.177283309961497 77.65185708160243 65.49832358835889 55.48549827197205 62.3603903170981 22.98107332823486 8.171355690479588 103.61901429100371 86.7230061924082 87.91830192761682 89.23988533107803 35.427020537341484 53.61707050537227 107.23714307408355 45.27133324757112 34.11217612685447 26.12700328907454 24.62599579345057 30.579400681666993 40.848449960777096 52.98035111672154 65.95489972350771 79.35973490200817 93.00884964754358 38.78085706796426 24.94292644230109 11.971936198908764 8.2155168848968 19.86587633055815 33.53800196715245 47.517553920028114 61.595438020609194 75.71668167968718 89.86069241586709 39.4603927252458 26.064715318834214 14.238937724023689 11.281102534571097 21.281875879393283 34.34687186095117 48.0377040954824 61.94063603551237 75.93912002881346 89.98842250165461 46.99996565236221 36.54175660180413 29.34076642388104 28.03114944035462 33.315091801518875 42.81735578298762 54.3693558644287 66.91772575431423 79.99481059550163 93.37859787650592 58.818172419396575 50.89146639829518 46.01876722429853 45.19890387322982 48.63727320443968 55.54865097153862 64.83159305089508 75.61756983513826 87.35144646076697 99.69896244372636 72.86195509486475 66.6580341330779 63.034010145418534 62.44077186883471 64.96141354668545 70.26156568209691 77.77497551168616 86.92955156439022 97.26287256782953 108.43835989529855 88.07302681104062 83.03828311356116 80.17205915303938 79.70867317707349 81.68903266273682 85.94434779656272 92.15997467391009 99.97085686358292 109.03459664611283 119.06530516467372 103.94016577253234 99.73028725509748 97.3680894251781 96.98870385544689 98.61502302840182 102.15127284013866 107.40892795951437 114.15030761188899 122.12987290185808 131.12166145584123 120.203845726839 116.60023462674206 114.59600230118077 114.27536164591064 115.65232111154717 118.66778200502891 123.20145062485169 129.09340979378487 136.1673754870984 144.2494628155054 136.72262962473025 133.58072473012982 131.84330011088494 131.566034335908 132.7580803269619 135.38061437068248 139.3528608370576 144.5635479443936 150.88435353224628 158.18217077603074
40.72910211886686 40.89082301894755 39.146216274967166 73.93236244681972 22.479029587689475 19.29733288510325 14.124403981753469 32.137069153823994 35.96050358468548 18.366362628505563 3.789311001256632 24.29844055362538 57.5091098755566 0.0 3.129598056022494 29.84630670676156 31.5740514702607 44.54823072545666 9.763488382451406 59.50670798456063 46.15686308169245 36.606270563879626 30.649146207208148 69.57216040549962 36.45604628455844 21.83540761350313 49.78481060761397 23.000707083820146 13.610837152730852 15.647978989219887 7.447382684761388 37.45678625306216 50.1047918152979 46.950354644946614 32.841537873841474 34.77699095614148 31.967448904041103 23.473117736595754 15.0762198907712 49.846014210377106 95.79818809475208 88.74522901647084 83.50434773078112 80.43063459803767 79.77503082645369 81.59585328998817 85.73544178979344 91.8808672552939 99.66168298426969 108.72725767761618 81.88785933211119 73.55271524482599 67.16691403031 63.32307334585311 62.49208690346386 64.78999736243273 69.90891168781044 77.2902813467698 86.35579420064387 96.63250758236808 69.51726533868538 59.52305806326466 51.4638048556731 46.359996751401546 45.22366480030772 48.33545674076831 54.978674865590506 64.06391310615103 74.70536597139633 86.32933317194446 59.652148871684446 47.69374421525534 37.207024868991816 29.789260217918336 27.996648739174002 32.765853178158885 41.9137477301485 53.22861902397668 65.5984496330904 78.52613128986246 53.69178299039227 40.06367816589154 26.812549459701675 14.975439712866834 11.007196442002966 20.238528274161673 33.00876565193584 46.487529004778196 60.20064667655302 74.01783643359374 52.97108897590356 39.16898842172243 25.537688560713228 12.642808611312503 7.564255193704212 18.555512792227265 31.954714413395198 45.69024372719521 59.52961870418684 73.41399192908409 57.68678345025855 45.40955047870407 34.41140632245099 26.346355901659177 24.330867020980186 29.62647834841313 39.387025007246095 51.11565259143357 63.734837590212784 76.80674187423872 66.6955299345407 56.467257505857305 48.11264753375931 42.74498068469032 41.53887063443014 44.83147911608221 51.77142558283111 61.12875801871717 71.96651943050954 83.7115539773031 78.53357531896623 70.09836902927427 63.594177719723056 59.65609208529494 58.802023837696 61.16131911744942 66.39225916520675 73.8873718772536 83.03569528672432 93.35234451556812 92.11650884612274 85.07477761091961 79.8268291143858 76.74163352933512 76.08279563387734 77.91190235551798 82.06273483977523 88.20808317680982 95.96546170775443 104.97801421568167
39.018877544962564 42.43392600107478 42.121261814024145 73.58096673524818 22.0857978491544 19.850616009455948 11.786195246352582 31.123512124906945 37.96322137353183 21.462446677022392 6.309089019703111 25.29224946602521 58.41813632150017 3.129598056022494 0.0 27.141291574667868 33.18918363014401 45.10102169106717 9.246985775022527 59.198202016673896 43.852830392627645 38.42267327036114 32.24910699474699 70.49214774166973 35.071493959039096 24.507112656171582 51.14056000220354 20.725234448269486 10.622925031378665 18.77756857706979 4.710449340247582 39.083428659781276 50.83239687191342 47.01209890858697 30.536917210610774 32.369676611400294 30.82229201450506 23.68214511643405 12.747052857032164 49.398097861325894 97.5884490585844 90.18089964596379 84.50158489821611 80.91532069178392 79.70518771107491 80.97780005493597 84.6212010317509 90.34898461257269 97.79552066320896 106.60113593971171 83.96576304042539 75.27087831885085 68.39714345411356 63.93477781815073 62.40331171825698 64.01347120567992 68.54419341552494 75.47125671657957 84.20524121263365 94.2450140794623 71.94228020071584 61.62402634622768 53.05214819525155 47.18829489363421 45.10147760991479 47.29437080128656 53.240726456576574 61.86749592870104 72.22035435438445 83.66081915611257 62.448637635217324 50.2796296903782 39.364977285978604 31.056838274505374 27.79976358952186 31.21703289589356 39.617586650947295 50.57636213694871 62.76730572725996 75.596508736754 56.76857712856325 43.096017670327676 29.721747231844727 17.350270908211368 10.498763380166594 17.634097533290134 30.053969892462895 43.44024233413598 57.11731701884582 70.91700143890826 56.073244071491814 42.25159588579081 28.56348881912166 15.370402269082655 6.806967991404096 15.688603139444204 28.907416979122885 42.60100695602834 56.42463370454561 70.30149032371067 60.53465451297154 48.08152461572493 36.70249775897228 27.75210441722655 24.107243679091624 27.928762249410134 36.96952964768869 48.38741392006085 60.85876127603738 73.85165860800113 69.16197248513487 58.627414256692624 49.76930382450212 43.6213480029792 41.408902258016674 43.73341826063505 49.965620222068814 58.87735346136386 69.44448509015503 81.02175575250352 80.62884610126942 71.8416274451047 64.8506258856672 60.284138643098146 58.71072115439231 60.36489546402683 65.00069231766544 72.04476780308471 80.87015731820433 90.95972636099906 93.90070049530486 86.509942803314 80.82656472623214 77.22852718133349 76.0125908949767 77.29127994564786 80.94644226341268 86.67790535817564 94.10699405195507 102.86645819748308
