0.0 27.28599579873379 47.36560138752609 13.643990434978452 24.045036425524493 30.183182391511533 24.966976879551453 13.921874391007213 33.816201890358705 41.954188801335334 37.25265209649238 40.74441325963461 10.895069947026679 16.061727301415107 39.68934137641412 45.18943490252813 19.459302946870316 21.021299331239792 35.779719390898435 51.377069266231715 26.07469587658392 35.50326165145516 45.53615979110365 11.53723324464142 26.13392267296404 8.003289134228853 20.162470706818876 13.22012556754831 37.528458597225644 44.375572233963055 45.96643923727125 42.739395595338614 15.201234870992462 16.928612697984263 37.881832301881325 48.137004798753516 60.5665011639134 22.074557490067363 39.64493693765501 41.57954762602496 86.45987263065858 81.47366502889334 78.73761677143834 78.48744127532346 80.74625120755051 85.3149640945717 91.84947278043403 99.9649349095497 109.30969105743311 119.59581419456721 71.13106207119299 65.00853058654863 61.56110415416331 61.24227067436504 64.09873732671522 69.741391253234 77.56446028971298 86.98151060721308 97.5318028108542 108.88629748541261 56.94430195331083 49.12200274840256 44.48190704462215 44.04164445114368 47.917125196100656 55.20677742658142 64.76779941099403 75.74478965274893 87.6069754141276 100.03982723898297 44.99317921805656 34.62000011929828 27.680748252035002 26.970921819191112 32.89628192738082 42.78344257106972 54.5178197635285 67.13760591416502 80.22591417122067 93.58623047943638 37.48100779126062 24.141847729406408 12.349933322980188 10.672780837332622 21.60998749796992 34.81042526621426 48.45843573461313 62.26024488208884 76.13210919228999 90.04150312272735 37.201785329344986 23.787062967460592 11.727367232124891 9.954864491112593 21.22567954437225 34.5226957349792 48.19698960352533 61.99929882128364 75.85963602446628 89.75096813966907 44.292514447430825 33.87522792166703 26.85618534225897 26.134342396183925 32.13688071390753 42.078205748568855 53.81804632984585 66.40920879329254 79.44782116403634 92.74521296322388 56.02131699779231 48.24882297172198 43.63131329563612 43.19284462887876 47.05040328573325 54.29587776074578 63.78492694626275 74.66691347132719 86.41709194226225 98.72581739922792 70.09747640171828 64.086487802224 60.70289588220536 60.39000952968344 63.19346100736429 68.7329422411025 76.41566718317702 85.66684258491152 96.03414420704537 107.19409387750702 85.36762591948327 80.52898899592279 77.87621521930136 77.63374346287917 79.82354474842445 84.25615954248141 90.602946790361 98.4944813968135 107.59128918594747 117.61392243326962
27.28599579873379 0.0 74.10663582899411 16.97504960055291 51.32676814750022 48.83536369507958 29.36838131489648 17.589982106249316 60.35592349797473 65.3494505449905 63.75034986449511 66.74152878127231 16.418000280730805 24.134858922801325 24.475351112510516 71.38797976392395 45.927837128859686 46.03759344671267 62.794947820560346 66.40608241144602 51.67072845211525 42.31560856950819 72.39487980772323 20.149251816315722 52.96716270594135 31.56471980881029 22.768453584915395 14.457044354353917 64.22524648704393 66.64317082308818 72.73029007981381 65.9642899925669 12.093824751457268 22.02247229763317 29.80562177796572 71.14812078325252 84.96914323333374 49.31038864144531 66.72377495795926 56.40239698294425 67.27738435636766 66.22351810277216 68.15556095179225 72.83626267064972 79.78324982533101 88.46413255099624 98.42107354627336 109.30578816520745 120.86775139977024 132.930221434758 50.34385948951132 48.933176825030394 51.50625280092761 57.530994666971445 66.06973755819209 76.28278721054055 87.58627057300657 99.60952398824978 112.12109036819474 124.97424479442896 33.78571937641615 31.655502225239324 35.48689892080251 43.74035522790201 54.44040327141745 66.4147684285114 79.08659712112713 92.16852102593234 105.50795555953499 119.01818925677257 18.63218672865078 14.436046229360077 21.551293254419257 33.39657383872788 46.48665200745825 60.01230099441381 73.7340685998936 87.559650089283 101.44645224027062 115.37220769181225 12.310760895782265 3.666281904327237 16.380134778782857 30.26801535472234 44.23758741848336 58.229958272655395 72.23173732769686 86.23819012719217 100.24719877939752 114.25765910276402 23.55130969625047 20.425410593901784 25.90119144589759 36.27235177812575 48.49354065862913 61.470942524257175 74.81191656083658 88.35177194690914 102.01119183406372 115.74769303102813 39.452331312805796 37.678465408223595 40.89189344810153 48.10325762518945 57.835861278551484 69.03131516736921 81.08581761678585 93.66815271403391 106.59141551191752 119.74511949366064 56.187379424975106 54.962257011237234 57.202574327733586 62.53696846975682 70.26417460683045 79.69106058411833 90.28668093557025 101.68621890978083 113.64788016912179 126.01154020440225 73.18654022626059 72.25473146224529 73.96508904979551 78.14429343939426 84.42645104173168 92.38346586059487 101.62257459070806 111.82633167335676 122.75428985152516 134.22955079800843 90.30077871719284 89.55085886943397 90.92989945565492 94.34457011043375 99.58564684025792 106.3834637317292 114.46090404273545 123.56717545584002 133.4917783604561 144.06556066404633
47.36560138752609 74.10663582899411 0.0 60.59971974335618 25.1125460290138 50.64751483634525 65.28679021572354 60.65212526533443 13.786404079674892 40.77938577656004 25.61461822919632 28.784936039319874 57.8483319595152 53.62710533744433 85.31962376360057 5.405265114144409 33.67276142701202 28.786349539975465 11.881599919737917 65.45220153614423 23.0733024911228 68.52015118715727 2.22248259214203 57.875317127968934 27.71169093732497 46.49670844142029 64.04755235645075 60.55665757558825 9.881677607974888 45.16369997168557 23.051658945958277 41.557144526693676 62.135763945451345 55.919038593594955 80.90706198182957 21.51051436972687 20.959783550830558 27.578919737975674 8.667860942423399 60.926053300053674 131.1324320692727 123.84356199223026 117.78963419283838 113.16910317295971 110.16254851029062 108.90376981678665 109.45310328606465 111.78388789498388 115.7885616964369 121.30139756699276 117.06117805911617 108.87307716465293 101.96675304878949 96.61757436783206 93.09443061526045 91.60829829158112 92.25769087493569 94.99881540616289 99.65918504953588 105.98586333034908 103.96928473414324 94.70038532207616 86.7106883855668 80.3826752783741 76.13193271886047 74.31583356749483 75.11121239075389 78.43865626447497 83.99774693687668 91.38204057709038 92.27455239530833 81.7415194007608 72.38074455623887 64.703186456749 59.36566009158709 57.02911089230076 58.05704025068118 62.28307311792493 69.12304968057033 77.89127932288194 82.57276769032379 70.667432195183 59.64817544719417 50.10328567140358 43.0256233820237 39.75562132433579 41.20993342835282 46.951572177634674 55.669351396589256 66.19762374702908 75.63477375792964 62.48834225497013 49.754813188780155 37.85346981750199 27.87183502099229 22.525828108761537 24.99220475107169 33.59210614778488 44.93176553305847 57.409923583421026 72.26108310943842 58.432840323431726 44.63050511064813 30.889159330866512 17.35472149591678 5.747173607160146 12.234172555835945 25.517045156566006 39.2091392946043 52.994086490892144 72.94790851267571 59.35231844342344 45.90126890587011 32.773528890269766 20.597227476253916 12.544347106981867 16.536403859114902 27.794246242717595 40.67623182978201 54.03283280810671 77.58749044827881 65.03610956072144 53.11002671484654 42.341200649960705 33.85287952241184 29.671616935958603 31.55856970326935 38.63458537989206 48.68738285067964 60.24467429269788 85.5390442139582 74.40020399636926 64.28940299778478 55.768803051632496 49.66388400983259 46.92720560859968 48.13675295960934 53.02313441627368 60.704800824205925 70.27086509359091
13.643990434978452 16.97504960055291 60.59971974335618 0.0 36.35633676588295 32.2294650501006 16.48445502220917 0.9489648992810646 47.235818143368434 48.37448598686912 47.40796404520769 50.130557727614125 7.542917121751553 21.384254048800717 26.20187180743956 58.67926753103261 29.84687516145673 34.630885910339195 48.846231925808354 51.078543170597065 39.715908704857476 29.45499653055221 58.691093344312236 3.2197202487821808 37.025641076017216 15.218105065778339 9.60379904179107 4.7436258385703605 50.84431037245829 49.71956015266831 56.51143893159147 48.99139473020587 8.01180129473114 20.62415995282276 25.614792595665588 61.61753533923939 74.20657389059389 34.11094992295967 52.599112658887016 40.93588139631437 72.97849315805841 68.56447033592977 66.90703288056115 68.20745586068885 72.30630709042235 78.76787330876421 87.06762070540925 96.73345101426081 107.3970317941434 118.7898363068193 57.500250945423105 51.810843979688954 49.607008978608484 51.33962805664995 56.64862984454285 64.65892601762886 74.50417358069696 85.55310160738345 97.39679355085853 109.77817418514145 43.42127073696552 35.58585437040234 32.309027084211195 34.89943459113429 42.292345070859874 52.496483858372244 64.1846694699801 76.68113114108081 89.64835674682604 102.90839091202848 32.60742468453116 21.1436757592822 15.02014390259333 19.972391252858387 31.09545963789105 43.928238946269936 57.33384966663977 70.98836933442183 84.77145662858707 98.62906969301778 28.979148283779832 15.04890474163632 2.459637164826492 13.361700555359132 27.27494709051513 41.25778462430801 55.257284125663254 69.26320320265579 83.27215242115962 97.2826651209785 34.85753038454765 24.588545284367452 19.6267294145569 23.598441111738346 33.46084036148402 45.53487304326909 58.46591476276933 71.79222858031467 85.32867277329512 98.9889264201541 46.78689252676866 39.76727423957243 36.91992416627684 39.16568084271604 45.76071357395265 55.16656405625342 66.19560059288263 78.16359050468965 90.69946495990906 103.59712954845516 61.33260714023941 56.18708176835776 54.21869321347203 55.7649302037638 60.557146118828854 67.9115614026364 77.09831707123587 87.54233093675444 98.84575362057892 110.74560949855483 77.02644729811264 73.0154280325811 71.51899179596512 72.6926205137954 76.41336895740304 82.33660067097664 90.0285624727504 99.07806296014074 109.14784739587351 119.98117298432005 93.29077106805838 90.02349593207414 88.81992615200225 89.76312976635053 92.78764968899686 97.70034136745498 104.23450596904937 112.10689292975782 121.05660531458619 130.86267914177253
24.045036425524493 51.32676814750022 25.1125460290138 36.35633676588295 0.0 28.51434971725437 40.22322539322514 36.2812567555727 13.742886165116863 27.377671530006438 15.802336800913766 20.32074930024548 34.93698859052237 34.98074791118586 60.32660756635043 24.602788559357336 8.894475737895265 14.605017858355483 13.287741604585378 47.4851430605555 13.287741604585333 44.538456986563624 23.017758995881366 33.42543880460191 6.232939675749573 21.629687726660173 39.006597736156316 37.091435575600826 16.185318742718362 31.413903992913667 23.118495589750918 28.326055038872518 39.2462336244322 36.91594138672156 55.80217746754276 34.23311886987958 42.58486741442785 2.472724359536089 16.62034498687532 40.42743910240696 106.02079420228361 98.90102478561982 93.38268223627665 89.7616949461737 88.27191962160242 89.02044076382643 91.95260313684989 96.87028058580736 103.49075184038402 111.51105611501913 92.03523285431787 83.7745061745115 77.21359078571608 72.81353826672105 70.97743015244077 71.90198251026187 75.4858129580707 81.37829341118793 89.12260039929467 98.28185412580758 79.36785488289269 69.66797750958581 61.66247628701643 56.08184317681748 53.68773571229429 54.89867251834351 59.49491645833497 66.78104483751592 75.98710187534309 86.50214650248142 68.75118697250724 57.339256363589136 47.342290620606995 39.840271299376006 36.40966792336139 38.16472638329269 44.49598412263972 53.81166410877748 64.83780506180682 76.84146754036547 61.26085251655806 48.17320391141281 35.76357225124736 25.06059864079775 19.174682479082506 22.314600059641474 31.919437870422957 43.93618522735098 56.85544691238131 70.18042607033809 58.11846016242791 44.184033933663194 30.256946950776175 16.35641449717549 2.895955035237977 11.749440497879906 25.62262315180854 39.54475292870165 53.47749327211944 67.41412729334826 60.01096393142314 46.71727902014076 33.92110990309192 22.488736961358242 15.742243819318995 19.413146795103575 29.88139074241637 42.3779722233541 55.55035818492274 69.01252205048989 66.50994806793568 54.87698505068027 44.547835805866974 36.642415162941425 32.95396035191956 34.84830161206229 41.56905821065036 51.25137567937572 62.534325509964994 74.69593781794981 76.44951021151324 66.6270728922837 58.45585319308837 52.70960246256299 50.227704932567214 51.48447263281377 56.22976152013913 63.688463805659474 73.03383465281522 83.63569416669695 88.68020664437022 80.40867005947669 73.81309497392827 69.37326645374671 67.51588524353018 68.4515205059718 72.07146420691757 78.00284141198807 85.7673580425638 94.91610419830944
30.183182391511533 48.83536369507958 50.64751483634525 32.2294650501006 28.51434971725437 0.0 22.955189848272372 31.46708340611146 41.9717538060598 18.99712423985076 26.91701751655206 26.6945919676424 36.77956512703415 46.23609393793021 44.993359082196946 51.76021550198242 20.395368402950314 39.46983840562583 40.14665861657239 21.451543484951745 40.78562046381697 19.14849605052677 48.42623738227436 29.35069894058626 23.54843654123187 22.181014084760644 27.1023959544943 36.17102127600142 43.61013649072792 18.731856016430612 34.98473829810157 19.262504919787048 39.588247449589105 46.948186141532716 37.11058745657271 62.74717979178097 70.25219029371797 26.504441757341453 42.175765794161244 12.447807370539323 85.34323652992956 75.89019451497008 68.08930203961634 62.561795966745244 59.940034222699516 60.60235798610227 64.44758683886708 70.96011427211525 79.48693182071435 89.45376853438792 74.1414171555039 63.085461049901454 53.495276609993624 46.29118023987882 42.69861710157917 43.61931666317509 48.798472157749785 57.088557228897514 67.3503504130712 78.81733096167842 65.64394193003066 52.90493550555745 41.06147408863644 31.152534140990728 25.5391781054552 27.043611235442107 34.75343326195442 45.62428576156861 57.90222275322939 70.85942983294575 60.99180391228242 47.08282105555114 33.30244970806306 19.919823312919466 8.94655522334945 12.600879372317124 25.159931738249632 38.76537207254089 52.6114571878542 66.54801360099269 61.070195963446544 47.258384536976685 33.62692561456914 20.53850774148763 10.32209274200287 13.598549300230347 25.631114093757933 39.02101009104088 52.74432465995126 66.595117043301 65.8622288093094 53.37247242101975 41.847288604157775 32.335324363500064 27.05113422635472 28.45649407426805 35.77145031074288 46.27343645180839 58.26373202067875 70.99206501833794 74.46336811154274 63.738447959990516 54.50072906138585 47.62381825457595 44.223247771249916 45.092534822708124 50.00950017743157 57.952818304919006 67.86797096406251 79.01600571264831 85.73475873387626 76.65025581800613 69.1966172607778 63.94681298222374 61.46821080923474 62.093594422289044 65.73442295815063 71.93423325309246 80.10094147436551 89.6988138349481 98.7663919424686 91.03096570945547 84.88063783787153 80.67883042024994 78.73817214594497 79.22502994394118 82.09622048680158 87.11627410315151 93.94126087957115 102.21016304181266 112.95064035507406 106.28600449347671 101.09392655539496 97.60975579978108 96.01964424961399 96.41737084540898 98.77892122137494 102.96923350705018 108.77711383445859 115.95969056178721
24.966976879551453 29.36838131489648 65.28679021572354 16.48445502220917 40.22322539322514 22.955189848272372 0.0 15.541861708454219 53.36523960252068 41.767532774863405 46.13764595600964 47.40284043177031 23.83631624580125 37.31642709622747 22.289512448741736 64.68217260654609 31.654366472977806 44.14793302087055 53.509676456797045 37.33255656026289 48.07009616017337 13.222024328348953 63.151646443988604 15.555363989612909 38.2324248197814 20.397007700718348 7.084527901947975 21.205082574196087 56.30965476378635 41.67548623287147 55.138666501333695 42.11362214859505 24.272559516691167 36.84763198186428 15.75699577238677 71.17800643916794 82.01982387246136 37.75052745542008 56.68435750525715 27.577862731409233 65.95677280318174 58.76497647030769 54.38786445988784 53.520603095857446 56.32556487231685 62.30873389331854 70.66733353924394 80.66619215932538 91.77060722611137 103.62564419627161 52.87161614913253 43.618077064150704 37.54356318279745 36.281707463426585 40.287311348719406 48.26624326467335 58.617749585101386 70.30137021776892 82.7546676328232 95.67742918592805 42.88619873703292 30.82955585340893 21.440885087795447 19.156804842026812 25.928318384763354 37.088957369469256 49.76858764407893 63.0573281234754 76.63884313765581 90.38109397445615 38.4935140296723 24.435569598770744 10.42195044962156 4.039502645966874 17.894132386330796 31.941507150489638 46.00529620206145 60.073841931258016 74.14429268855753 88.21558372893904 41.50881273859383 29.02487363069885 18.874205412186505 16.259321205870226 23.808282057041524 35.54768065251945 48.5259255874387 61.96936515319735 75.63019633416205 89.40867770875418 50.625278072718594 41.06702079645253 34.678051987500226 33.333571742342 37.578992219085166 45.88816754816377 56.495547103258666 68.3391090764045 80.87746073654326 93.8323476148326 63.25790351576599 55.93985864343066 51.454951465231744 50.56285216149374 53.44379345564872 59.55265604881168 68.0252265243609 78.09584700761151 89.22492539088942 101.0632605855412 77.71043859530009 71.90789979611701 68.49357525971645 67.82912771725744 69.9929246614903 74.7396973791126 81.6199684976209 90.14646243019806 99.89843624712945 110.55193889257353 93.1395109939184 88.37949423459027 85.63784650693188 85.10988573390078 86.83600628419055 90.6875652247203 96.41011504958676 103.69428111294965 112.23633286725908 121.77173365084958 109.13171437101755 105.11819361647589 102.83493928492479 102.39779424852577 103.83008481671098 107.05678497198096 111.92276141333377 118.22571234690756 125.74966347039528 134.28944265829892
13.921874391007213 17.589982106249316 60.65212526533443 0.9489648992810646 36.2812567555727 31.46708340611146 15.541861708454219 0.0 47.35009642368866 47.777867000520104 47.07746427439129 49.730323166704025 8.43008172281402 22.23958314794125 25.802413246566022 58.811871938722085 29.601915287931217 34.94048170086359 48.870105818591995 50.19706008993801 39.95920372002465 28.506039366451166 58.72564701329742 2.8871875078274636 36.79189222391704 14.976752180651157 8.686675774564874 5.692590487829957 50.9249697351879 49.060900898058144 56.19965926679603 48.383776328204895 8.947673393184278 21.517613544395054 24.927628010304325 61.99402399242045 74.47962491007691 34.008860893966826 52.59662362314278 40.057414698538935 72.5859274260687 68.01389539671055 66.20708331649477 67.38830804544325 71.409426944815 77.8314622023737 86.11887801085474 95.78862565382227 106.46459687912109 117.87357256377949 57.21518685857837 51.31950715897317 48.91103437312158 50.49132064339268 55.72200734078001 63.710181869456065 73.56286664661945 84.6312413396053 96.49775774077173 108.90167750645762 43.32606225615815 35.216559808054 31.621421201377963 34.00405402680756 41.34353737095476 51.56494491550667 63.28687455213767 75.81638122749551 88.81218455994933 102.0962255651106 32.85463514405978 21.105278393671426 14.36150644315094 19.023426375683442 30.2050359610409 43.09994570265593 56.547860914283596 70.23169341702179 84.03612926025977 97.9100140045111 29.671800531312584 15.79151319948215 3.3622981744289078 12.892580919227054 26.722845045125375 40.68135445386436 54.66984177400125 68.66985003797048 82.67537682695816 96.6838666338098 35.7786774433463 25.534749340489668 20.37328701722568 23.85915684434007 33.38542843883101 45.28846857691885 58.12591132573901 71.39535205128452 84.89431585025525 98.52835606794756 47.733856840900444 40.66186641469462 37.65036775297449 39.63600533303168 45.975790929681565 55.188981482405154 66.08441932471673 77.95982767428399 90.42981704910302 103.2790951197988 62.254620187302784 57.0391423362245 54.943090131129146 56.315888548995666 60.92347664051928 68.11246195219684 77.16461837891305 87.5035062922911 98.72557306347821 110.56208068215163 77.91959764270501 73.83936997456084 72.24022222803464 73.28477685180766 76.86531594330609 82.65286912314811 90.2236394935023 99.16996995809589 109.15404600241602 119.91681924047926 94.15943380894622 90.8281552144721 89.53920847946289 90.38003410162986 93.29305289689674 98.09378971263189 104.52239405428422 112.2995668497446 121.16580687954912 130.89988939548059
33.816201890358705 60.35592349797473 13.786404079674892 47.235818143368434 13.742886165116863 41.9717538060598 53.36523960252068 47.35009642368866 0.0 37.171578507874436 22.308024637957793 26.806046166776202 44.151957409670274 40.016686710522606 72.46522406352122 11.49898766022095 22.608586979649612 15.160604248057883 4.851015352212652 59.795348271076776 9.576055293823796 58.26980195022718 12.249071785554403 44.63695910799055 18.535997274900765 33.72847203998957 51.39031260146511 46.945068541899154 3.9942245910308767 41.567322057122816 25.01136720943905 38.08609228367041 48.421477214713974 42.28267168725355 68.69877692807572 21.216599217939173 28.887416470829884 16.089695098200643 8.120206347838733 53.52805460999684 118.73440065470817 112.13019157324118 106.98105607609546 103.50446140958263 101.8718403167703 102.17165022595213 104.3872379056169 108.40116828175435 114.02362663767678 121.03057458856327 104.20621183078083 96.65009098221422 90.65414632250392 86.54335996049556 84.59306855930811 84.95222959565143 87.59243389496692 92.31814668578576 98.83059407705547 106.80334728599495 90.65708446349188 81.90240105996392 74.76704165100514 69.7498721236864 67.32619206283198 67.77484573659 71.04142821029006 76.76701148479498 84.45286353347497 93.6173224254828 78.5950064393209 68.36277861584223 59.67206360296352 53.28271817192726 50.08351542906915 50.6822583745478 54.95494133535843 62.148329176641944 71.38478081550741 81.97648556534612 68.80653170891642 56.90025210099889 46.153095429721 37.57343924690857 32.903106060661514 33.80334467560252 39.8988425990068 49.2987069714455 60.48130822907522 72.62766948272622 62.37145396345444 48.99500859040014 36.030121379804115 24.14933755719496 15.986986889317333 17.758212369606685 27.613415451506654 39.962696621046824 53.0932321322649 66.54401269047312 60.371793318247434 46.498236880707886 32.63341020141908 18.797062500120386 5.221743177776286 9.314252512513214 23.060676348823513 36.910413923593104 50.7788823393443 64.65389344184705 63.22977370425406 50.223143946844054 37.82086278694678 26.873416221079978 19.941488020854198 21.374510314087896 29.996664532067502 41.550536860881536 54.192245065855666 67.31150950069416 70.3558869757393 59.00292646478428 48.934693708549986 41.106487647560954 36.96989015148011 37.75840675218175 43.20319410692662 51.85771392426988 62.400359767714946 74.02868192191386 80.62625550432288 70.98612162545409 62.90865775492136 57.06152855120319 54.17191248048349 54.71049321429241 58.58278832229052 65.19742936664828 73.82080542164748 83.8352267516393
41.954188801335334 65.3494505449905 40.77938577656004 48.37448598686912 27.377671530006438 18.99712423985076 41.767532774863405 47.777867000520104 37.171578507874436 0.0 15.403275045849938 12.092212167336607 51.13410394960151 57.17637218066519 63.94256084721635 43.69342637665931 24.162255936183243 41.81758621091949 33.475861692302516 25.09419542274864 40.45449625846417 37.288004395755884 38.734187416170315 45.21501220418605 21.195937343181235 34.86585567507243 45.121106437592275 51.51282471832995 37.02694946268479 4.44893994869756 19.69919007561472 0.9488051169387575 54.71209064092706 58.51146528990341 56.09258006741647 58.064018341941505 61.705545919229436 26.7944000727803 33.71401571852229 23.232336450680823 103.64521755406261 93.47633845259146 84.45916497903661 76.99953313022677 71.5861417396909 68.70447425043537 68.67402090201372 71.4984254603524 76.86358191452157 84.28562118230384 93.00332234561988 81.57379852353634 71.11364681442306 62.11472656946791 55.2952729751081 51.52810952251405 51.48768375283902 55.18218729524206 61.94688927295245 70.90839264147327 84.59071517612543 71.89879914061505 59.8301987318352 48.8493390806919 39.86565110677511 34.47753924284735 34.41737035502962 39.70937178069614 48.6367307159994 59.58721507198718 79.12170689713685 65.44680273094622 51.969763326986765 38.8970965217658 26.826935410770087 17.915599511778513 17.800071871279552 26.595226656904504 38.630993738878225 51.69114138198367 77.22424614398014 63.21253526993332 49.2012359932736 35.191161169553084 21.185140771540595 7.207638437053449 6.916871231744907 20.89232911499158 34.89818617327589 48.90821852316778 79.15559465169149 65.62818906968013 52.33897829851176 39.52921765669742 27.868392779313254 19.53573009030617 19.43082677595952 27.647499199281324 39.269845142945854 52.06491549288073 84.65409865269275 72.22871827453811 60.470466993604475 49.85386434441694 41.269793351831574 36.19465155008042 36.13840510183714 41.12165450587703 49.6494279456793 60.23453208789816 93.08978974278787 82.00981797398998 71.92140022577172 63.30058490226496 56.819501679371726 53.26513121966538 53.22710766100013 56.71250468643375 63.14046461245585 71.72408333820044 103.74866635865587 93.9836512480068 85.36626936435499 78.2766109712954 73.16028362053375 70.44862638268435 70.42001866761852 73.07761194419574 78.1477988550682 85.20088761084956 116.01959691630842 107.41944477846637 100.00406882938272 94.05423498435229 89.86161487693512 87.67871501625984 87.65584088282522 89.79464353862284 93.94757196678246 99.86360804876236
37.25265209649238 63.75034986449511 25.61461822919632 47.40796404520769 15.802336800913766 26.91701751655206 46.13764595600964 47.07746427439129 22.308024637957793 15.403275045849938 0.0 4.709871420743802 47.85902326857398 50.177645490710596 68.08815393121448 28.301842326928757 17.874666867174746 30.04971324998421 18.26032743672097 39.83813046524481 27.285851249977995 45.90776127199541 23.506198084138866 44.21974230990777 11.255671324650082 32.25739386390901 47.24642560461939 49.29788662216554 21.7461490847753 19.849394934749828 9.177146777996015 16.251911045332815 51.989364619637286 51.95862912999535 61.73609171231164 42.82307093003815 46.43907299230833 16.49907520305477 18.310938448367025 35.798190771865556 111.3839196005056 102.55262318454102 95.0059339570401 89.0710937141023 85.08614969954465 83.33136747422192 83.94674359221627 86.88192138932595 91.91489083564893 98.72527328946872 98.99245595005603 88.98774198945199 80.21676987775982 73.12498479614398 68.2380647174774 66.04733360937378 66.81854541452941 70.45449037354791 76.54798981311146 84.56940220409138 88.26846781096883 76.93693713327977 66.64860380588743 57.9618482915436 51.69067816399054 48.775990986729255 49.81057433875102 54.57025568342538 62.20569625596915 71.80520917615678 79.88633030819534 67.21951156901953 55.20911289095082 44.391407989926776 35.86266957049639 31.538196914443198 33.10863442784614 39.88359360731832 49.78161170811765 61.30817574654925 74.63924180102089 60.96170556177779 47.46324304716578 34.35588944228647 22.33938350569811 14.45447960109785 17.606336486685066 28.32313391689796 41.0557596109441 54.40677195862563 73.20446946375598 59.269661074251346 45.345079913910276 31.444649235393875 17.626036682730838 4.6818419998036935 11.067861057019336 24.74690754215548 38.6218622760277 52.537618234010274 75.79880981045277 62.5152163251415 49.58121258863003 37.361926902077684 26.851785972337787 20.82356493331418 23.102490458022874 31.95824765401835 43.547989730665265 56.20503445093248 82.04091707291313 70.01505687994246 58.81428864310492 49.007856393123205 41.59413152956131 38.00046863659417 39.289510501363786 45.04398290015332 53.850839259416894 64.47100541086967 91.18471289456838 80.59007678898803 71.12417305534309 63.29561742117522 57.77401900949147 55.25544248956126 56.145518597599406 60.2934643228597 67.09772487708376 75.84665617377864 102.45622939953762 93.19929791993334 85.18731697990948 78.80107341398327 74.46015642148673 72.53279107327867 73.20987593776984 76.42220833433275 81.87186814577024 89.14942534633762
40.74441325963461 66.74152878127231 28.784936039319874 50.130557727614125 20.32074930024548 26.6945919676424 47.40284043177031 49.730323166704025 26.806046166776202 12.092212167336607 4.709871420743802 0.0 51.135630103407834 54.23468944553341 69.59129054998425 31.982770869639104 21.291068587997724 34.69519988600136 22.571692788389868 37.121378529042474 31.995713162810787 45.842752359002034 26.786936124607976 46.916291784788534 15.280583417588309 35.17864826557789 49.15933778486092 52.34044976626944 25.957288652899994 16.408069486256508 8.351540054183257 12.818856332548535 55.17131592413319 55.94268136699032 62.75669655981411 46.997745822969506 49.74095776392808 20.803454236008534 22.165817482986746 34.163820845895714 111.89776927858439 102.58238853715545 94.46643156218539 87.88295834769035 83.19667425737752 80.73868254154405 80.71285445817145 83.12145761327645 87.76425665874535 94.31181070988762 100.05019100863356 89.56127392194972 80.18293009705864 72.3484966363831 66.60515698269855 63.52274872640452 63.49006779895264 66.5116103107279 72.20492212549668 80.00154269473924 89.98697208200039 78.21758894480742 67.33052536641357 57.82649150783981 50.49275869676143 46.37087131976185 46.32629833576439 50.36986570970156 57.6475885768251 67.1154076830464 82.36476213127096 69.37906557315114 56.88759789107733 45.30131158961812 35.51762717141734 29.395393553027382 29.325355921569102 35.343513015227565 45.073781910274775 56.63400907905506 77.90338510362285 64.09065723775554 50.37558656928635 36.867629439953056 23.920627373728536 13.290371375971427 13.135465595695141 23.662542722317642 36.58899862172877 50.090377732676515 77.15312860590718 63.249221628145754 49.37511955779973 35.56603613693453 21.945441508870235 9.375080505111976 9.155205457161918 21.66516603009926 35.27848469111401 49.08546444365377 80.21818727821677 67.02245753492399 54.19231422693226 42.06389555974788 31.459812572377942 24.45125051272069 24.36818605412291 31.26586613766214 41.822192692174696 53.929784156056854 86.69483467909185 74.71445427382866 63.51703072335894 53.595776419364576 45.78808388818505 41.31039243078444 41.26151439575372 45.6556768294384 53.407188453914394 63.29425202776125 95.89429400577238 85.27123563431462 75.70152735013995 67.63394670893896 61.66108059531975 58.428988934633665 58.39460611176721 61.56329054994102 67.48531257205754 75.51559429301756 107.11732520097615 97.76917541431786 89.58644470436369 82.91502759969816 78.14307716711059 75.63106720816204 75.60463510735526 78.06630601641754 82.7944122792734 89.430137783326
10.895069947026679 16.418000280730805 57.8483319595152 7.542917121751553 34.93698859052237 36.77956512703415 23.83631624580125 8.43008172281402 44.151957409670274 51.13410394960151 47.85902326857398 51.135630103407834 0.0 13.872244939743574 32.19630684119789 55.34228350948973 29.98574522452729 30.29907885629194 46.431234271604396 56.78168044582289 35.77892253927341 36.54750317821676 56.09120387952051 8.536368446012625 36.866110488095096 16.31610824319947 17.106606980154822 3.6114113115619686 47.971252530838974 53.044368073219026 56.69862597488818 51.84554174791472 4.325424013220411 13.087792022958117 32.77458412911749 56.53545276836199 69.77131690079356 32.96489711932063 50.3431735659118 46.65635067665777 78.64767856654744 75.05640281077925 74.03338048444947 75.6828447511425 79.83930592029226 86.14056850231958 94.15692423046956 103.49048584214971 113.81754721162523 124.89177128074418 62.61300666642922 58.0596330329673 56.737084937547216 58.86355605694418 64.09665941228809 71.75986453919363 81.16768189264434 91.7850993315438 103.23946695751758 115.28143774255513 47.47662644035213 41.31696053998381 39.445732076019276 42.434135714377355 49.408076362763886 58.97001795875008 70.06822434631587 82.08176803188258 94.66265679121675 107.61194204873976 34.44389215815676 25.33721223666806 22.1708895032183 27.112836740505802 37.04920452677792 49.03215394180857 61.883897893340745 75.15994419954846 88.66976493242652 102.32064838045162 26.785136743798397 13.250293389984208 5.083748052654678 16.378899796837803 30.04726920129539 43.926591776917796 57.86514365559294 71.82831033854309 85.80392418335305 99.78659694071368 29.106968037160453 17.546483443988247 12.603739036891529 20.003579708251525 32.12074876233473 45.317138623124 58.87130165496675 72.58294224812042 86.37694812403232 100.2191578680685 39.695060408006896 32.23198322960461 29.842546334143822 33.62633557026927 41.94467665694082 52.691981208872484 64.66825143188584 77.30426398306872 90.32341058116822 103.5811715964037 53.878476665515585 48.668627059998684 47.12764046978206 49.59869037349708 55.54888462274376 64.015240039036 74.14062721807538 85.33641274171336 97.233417097171 109.60339157697355 69.48951625443566 65.55213674790267 64.4217743572828 66.2422986450036 70.78637262866019 77.57680886375404 86.08356255078422 95.85064336794915 106.53184439826497 117.87880475659414 85.75200105634252 82.6089756614269 81.71920898405455 83.1550754487324 86.80122004356109 92.39629771924065 99.61236948484174 108.12528248641532 117.65376283762477 127.9710381507541
16.061727301415107 24.134858922801325 53.62710533744433 21.384254048800717 34.98074791118586 46.23609393793021 37.31642709622747 22.23958314794125 40.016686710522606 57.17637218066519 50.177645490710596 54.23468944553341 13.872244939743574 0.0 45.02768033686244 50.04944585321122 33.44135542549719 24.86411944591997 43.493122833911784 67.34293004459914 30.55477889764204 49.526404253981795 52.24785309910487 21.76112660028557 38.98121244698641 24.056832232083252 30.84111970204135 17.254044891464524 44.010838559428635 59.92704277177971 58.08625427379538 58.01185923952898 15.661257881472226 2.352913183196814 46.507522143511046 47.53569519136382 61.77654845558931 33.76424788392306 47.47507592626927 57.448606562386054 90.59983445729867 88.01990528372541 87.66236548255203 89.55384240056183 93.5580035958888 99.41985661862684 106.83397439519769 115.50172627123565 125.1628236042021 135.6049991105102 74.00222271096573 70.83510766579957 70.39237636698853 72.72380888437753 77.57966800136963 84.52593525925256 93.09577217471939 102.884159611085 113.57635662173523 124.94040630058565 57.819018547058164 53.72554718464931 53.14316956363342 56.18118858435869 62.31226282402899 70.73657116885526 80.73935281248386 91.80598104506038 103.59594740721977 115.88855232479439 42.525989964853224 36.79632526433806 35.94467671340859 40.281650972134486 48.432836692720066 58.8336145253688 70.49509892730316 82.88674406994215 95.72526845401829 108.85251529024175 29.539663444935737 20.499216473767135 18.935590534237384 26.222294742184648 37.514925067769795 50.177971499382494 63.39535028420193 76.88155084224084 90.5163459726743 104.24128597914078 23.13945953598013 9.229268092982698 4.879230043439893 18.743477806499065 32.675799860287775 46.61508744865142 60.55639922755418 74.49845440061118 88.44074808887638 102.38302307098425 28.230983617844124 18.677636184527383 16.96380484564813 24.7737575118635 36.424642086487665 49.262631479789924 62.561011197737336 76.07859677418196 89.71620881178663 103.42622112846021 40.70937559917218 34.80290200206809 33.91825402277221 38.4040628640152 46.738737324455464 57.26561159343936 68.98824785166182 81.3914761937023 94.20671680553812 107.28627644649806 55.823194682189325 51.69471029516211 51.10615157837854 54.17302751266637 60.340475164955045 68.77933272667791 78.76275862318207 89.77682461214329 101.4863933015832 113.67659874954342 71.92993705367877 68.79067776698184 68.35161296147946 70.66309968792793 75.4728075560819 82.34407008175944 90.81002992346434 100.46825572334245 111.0078633488384 122.20088045806708
39.68934137641412 24.475351112510516 85.31962376360057 26.20187180743956 60.32660756635043 44.993359082196946 22.289512448741736 25.802413246566022 72.46522406352122 63.94256084721635 68.08815393121448 69.59129054998425 32.19630684119789 45.02768033686244 0.0 83.96357476207972 52.39792569593262 60.70370839452512 73.4388532922547 55.631707197264404 65.59208216282889 29.781044601759866 83.2838343996159 28.193521595307995 59.37982630472294 38.83170101031971 21.340588650570812 28.593021979093177 75.8339702844951 63.57403736212072 77.17962346782376 64.24658542620806 29.407301915734557 43.46247297268243 9.59079272820778 87.79636213916763 100.14436487837521 57.90088304095488 76.94063952520794 47.091376104203974 46.78365808199775 42.99550560340633 43.719165043791655 48.75413255053423 56.968473940080784 67.20623320858606 78.68138044557416 90.92650186932903 103.66897110058183 116.7458985324765 31.75261879499267 25.878302509933672 27.05829879113282 34.577780266361565 45.38825839006427 57.66760397301728 70.65394892033115 84.01996250799408 97.60965059082376 111.3409838467251 20.650878233524885 9.459020428611876 12.314660276662039 24.758660203319987 38.38603488524922 52.279325093075585 66.27136446664863 80.31040869029057 94.37532751287739 108.45589320905263 21.057079046507944 10.391009677273724 13.033164040518074 25.08127870573435 38.54332687621545 52.33931251707122 66.26084348731727 80.24245556344697 94.25726090556303 108.29221157573733 32.543113231601936 26.929288604204153 28.04976033770188 35.268410050669246 45.786407558445624 57.83061434659366 70.62433994151864 83.82495984131984 97.26679936772753 110.86199363419937 47.680391088023356 44.05807049013763 44.748496377120794 49.571785049655475 57.49703370986767 67.43928228372272 78.63706368958296 90.62603597455444 103.13049752805149 115.98369025518105 63.92571473559044 61.28420721416289 61.78009375142163 65.34197669189625 71.51314111113838 79.68961131993548 89.32228478959787 99.99107553513487 111.39855930999546 123.33980462644342 80.61194793093983 78.54366951186852 78.92936856936315 81.73430664316564 86.72402501860968 93.54951644775029 101.84225898291412 111.27458947344161 121.58144902229412 132.55887232392936 97.51301004767832 95.81845059734103 96.13336384666539 98.43846182387254 102.59966070514453 108.40336904585075 115.60239292223193 123.95376405400384 133.2408672646055 143.281743719791 114.53383754339572 113.10153145435557 113.36717006731745 115.31901651226836 118.8740128687647 123.89418602413818 130.21011160127628 137.64344978156328 146.0235559910194 155.19702883235885
