0.0 18.918507425638015 29.5024666822455 46.11428417009442 5.320495007222254 28.791950418178203 5.826158215342761 46.11428417009442 8.628782594186363 33.49556724803849 30.63975844585374 3.6110132995033695 12.608463606560171 11.334422327013842 58.83604900577797 42.16350821043006 40.549233574122205 51.62873319218504 44.80589129904529 9.323866666296377 29.698314267280804 17.495601237266637 24.459968531656262 23.782260251715694 24.134858922801325 27.84589559168131 46.8962455877447 31.644729764169824 4.345651153105346 6.2868714838215265 12.803518765416891 1.8737696348052186 3.769733074129698 13.180169993831223 53.87406139837692 24.424867653971884 28.440574540654236 10.641883892240623 50.779910897910504 8.45298232975066 102.70009657487665 96.0763339433353 91.17020200121557 88.26864862166829 87.57120059057459 89.12962479096412 92.83035560838331 98.43200837290524 105.6325269825921 114.1295990537531 88.34364858260079 80.58523670974577 74.69625183953428 71.14254930362033 70.27933295076559 72.20317681136618 76.70463286915934 83.36714540667575 91.72090366045221 101.34845571852269 75.2368951851335 66.00003692608163 58.70063733878873 54.12839636573098 52.994034342969485 55.50873547597892 61.224468122426906 69.35420290607699 79.1575289519071 90.08962989965596 64.15045045376178 53.07292567953855 43.71166993290643 37.379369238018754 35.724841226991856 39.342762140876175 47.03168402599219 57.17196738759374 68.68625351211189 80.99050066212172 56.29094007086947 43.314802013917664 31.21483352433945 21.523572564670133 18.51686945071145 24.762843089349527 35.69638805260131 48.228270921709694 61.38717507607098 74.84296107889331 53.11082111164575 39.17033028034535 25.23355018414168 11.3147729572896 2.8632493127651477 16.651009252817747 30.580940959362966 44.519683783885434 58.4608066725012 72.40279202052332 55.42155220436359 42.32214009842206 29.96345702958447 19.786282572006012 16.499560836908998 23.238460936279186 34.5668163447321 47.29420936392682 60.54455698513399 74.0374743324182 62.61818683730209 51.446266902499275 41.92369185494844 35.407384099616564 33.68955903252581 37.436723554724885 45.31274265304784 55.589442356429224 67.17378696306241 79.49602985347738 73.27500215754459 64.03888881988915 56.71061276008229 52.10164776036725 50.95538084061812 53.494884994771176 59.24806759307894 67.39683843144927 77.18606571109743 88.07030011859268 86.11686422375962 78.44709205350324 72.61750298477926 69.09553914481495 68.23949629231664 70.14705565410219 74.60651038925624 81.19843241336307 89.45253845075261 98.95364877911462
18.918507425638015 0.0 35.912862052925526 50.97518277503965 19.106064864055632 9.935748141932857 18.36982511234547 50.97518277503965 24.771804315807632 33.898627607006965 45.23640140025382 18.211167153232797 28.304242712410044 9.070858493053503 44.00047543110093 56.754209384845545 51.674654213780435 67.09042490191162 58.980443677176766 20.659308429403765 36.27045548194175 2.88046444035285 31.215087786752026 27.758003105490268 13.992369293104899 9.418409114965504 47.60522860782423 48.312588599695715 22.839131902806635 13.200264916888122 17.443031148573144 20.61004250861789 18.813722491745906 14.426586368613698 39.18746649530346 40.776097370063404 30.136076191738773 13.226111462599613 64.87246081692622 23.328670661937647 106.1220132315839 97.26100648576553 89.75753590502865 83.97640939505266 80.29062194100906 78.99407450024923 80.20274176600637 83.80828817289577 89.521525358608 96.97055561721105 93.83371711417983 83.73074093873026 74.92644292769609 67.92783713145343 63.336473672939015 61.69225225050809 63.22554284631163 67.720838741792 74.64485089740631 83.39472686739965 83.34470992823736 71.83779422208325 61.40222559330342 52.678785812709386 46.6384651599451 44.39051444878079 46.48840099463826 52.41282919263746 61.05988119950546 71.44767776801086 75.40957704059898 62.52358342692849 50.25136441871793 39.17432305718902 30.6185658898342 27.089022906202135 30.390562075823418 38.81761402758328 49.834420659747764 62.07704265224565 70.89116571917707 57.0651066404754 43.345943343062316 29.881606286609546 17.278869504656218 9.789083445149695 16.87346369185847 29.414613449631375 42.864145119032756 56.57778864092671 70.4499813763281 56.58933126330788 42.79307003403987 29.15309411645548 16.072793631109008 7.5200233428880505 15.63822138454912 28.67649980020128 42.30727425668782 56.100191512021304 74.15882824155403 61.21255210633703 48.8090948682896 37.49140026560169 28.580109663861318 24.819124705701515 28.339139659134677 37.12376096242321 48.38575241981851 60.76277795674796 81.45276648218902 69.93067112100009 59.431586728126156 50.59661042188908 44.429981445233174 42.120550268660836 44.27609267537747 50.32609110573844 59.086053204992126 69.53917787421935 91.47821576736116 81.43905142400239 72.66776534559608 65.67448951796426 61.073205610753234 59.422269919707965 60.961878301097435 65.46729790293811 72.3867901848643 81.10473297359307 103.44401472719632 94.72611854883502 87.33727497243103 81.63926662819718 78.00360405410353 76.72408470346319 77.91688845687436 81.47348387123456 87.10475398540262 94.44022733266613
29.5024666822455 35.912862052925526 0.0 75.48624993962339 34.81725447685211 43.283643586571124 35.23694819131024 75.48624993962339 36.770943521409464 10.756688419385938 55.8736299580809 33.023636150901964 40.019453354650146 28.45907082859895 79.63302017580483 66.14821731284854 17.513672570635507 37.677844619429415 28.133731059212945 38.82627920802532 59.089892356111484 37.07182997543683 5.131427305051131 53.196470602755674 48.372874746560335 39.00461431912864 76.28991937449443 53.578838214425005 27.48887901178383 28.300763696338148 41.55673603262279 30.298943289180347 33.263384276251834 40.77799679924465 74.91840479476288 48.2772004966811 57.68835886766824 37.864613450266845 33.12869253671012 37.37349483161842 131.95521052368514 125.57446088020082 120.50214130461262 116.90875914528256 114.93316824687918 114.65905204120006 116.09846692160232 119.18932764752361 123.80796908239465 129.79133289492756 117.16526894311835 109.96361869492141 104.16111361455403 100.00169263949371 97.69550882053322 97.37435940339842 99.05755754147724 102.64652556627263 107.95130382620253 114.73407531780396 103.15966299148057 94.94077438538245 88.1873917496715 83.25701236280412 80.48543295999674 80.09710992368173 82.12586256288725 86.40156850728171 92.61348649447648 100.40279798509465 90.30406995800567 80.83442854983588 72.82308344033028 66.79695124343593 63.32543397754466 62.83344381540129 65.38827730139332 70.66018195772529 78.10079933831092 87.15636240570463 79.1607680256295 68.2155409788495 58.549926080464175 50.898391863987285 46.27125946817478 45.59879165016293 49.04394179061111 55.84979885634167 64.96856876902011 75.56743368106345 70.54588931453128 58.062175444138575 46.38634659622404 36.3066234232056 29.506973951024044 28.44593877663538 33.67048493088061 42.944699260782905 54.22912587063265 66.5081831025932 65.46534171263073 51.84374020018166 38.39269984505223 25.38516349392732 14.106975769981615 11.73910390496235 21.466410874296827 34.17605596435973 47.532981726474375 61.11412003307886 64.7564096724579 51.01991349499008 37.34986742432003 23.86112231254719 11.227876631821939 8.07187603833035 19.66275533598295 33.02221755679546 46.65483581918374 60.37573003029499 68.55484945314778 55.83001650181974 43.75765917203778 33.060713870077265 25.53109587542979 24.314960410088332 30.185311166487487 40.14522820798088 51.89090626707539 64.45322138919204 76.18946997504953 65.03576636398965 55.07413022612144 47.06781762897216 42.14643157131396 41.42454479398303 45.104256830813895 52.263948260344314 61.7038223732205 72.53897283245604
46.11428417009442 50.97518277503965 75.48624993962339 0.0 40.88119888474547 54.79736067683152 40.614454395466794 0.0 38.87980169066589 79.22747426070879 28.193638030509963 42.74982842554204 36.1704422342582 51.65939845491625 54.78990965932692 29.7901152045799 83.80753240247063 87.54630273247427 84.06378848351737 36.86962452840319 16.4161314110726 48.124338928022944 70.51645418247702 23.65694856714158 39.26581275457748 58.33284846866395 10.70500708679759 35.79854876611535 48.079965409087066 49.00790543867733 35.66968207237437 45.19440115983244 42.4207849113072 37.79722481099684 51.581611878199574 34.14849998620051 20.877239167336658 40.2940176715622 89.47167457044273 38.12664490828595 56.61522728226144 50.41063155963841 47.74399017589447 49.19408660855324 54.4328802396906 62.514972219589175 72.495479882201 83.69789617509029 95.69392093874173 108.21982262223375 43.01062942905693 34.48040796720723 30.468872869295847 32.68453762528649 40.10831455032929 50.492951961274514 62.3766742450919 75.05059391811355 88.17448517336622 101.57393124884511 33.06438589933624 20.86330760138381 13.263838501149342 17.754231656718087 29.20831396732939 42.304377069773764 55.899941954485534 69.70320015089453 83.61120356439763 97.57901827914971 30.58270873068245 16.744222457498765 4.713829811746159 12.683035247142207 26.387204805576236 40.35453030540327 54.38250330179487 68.43369941595928 82.49610343880126 96.56466178514646 37.09527758498741 26.91045667571873 21.615377698618325 24.60119761026559 33.7365352990686 45.45351018898844 58.213477429773775 71.45975763278133 84.96505751745187 98.62287159429731 49.14800354322594 42.0319959368183 38.87084378378929 40.59915472093477 46.67690343629268 55.69794193881429 66.47450923282031 78.28482194350087 90.72593405651088 103.57063046837986 63.66868910848467 58.37736716831437 56.15491093149105 57.35919022840663 61.790153573725526 68.82736054249237 77.7663869229874 88.02965621250759 99.20690206180143 111.02228599504598 79.3132194565181 75.1522296654526 73.44739021117813 74.36783540388966 77.82045429526731 83.4916526214 90.96736022425078 99.84296689836833 109.7793419420691 120.51426586353719 95.53104561073602 92.12225877039039 90.74347259054915 91.4865349712386 94.30129054524815 99.01117225174256 105.36227717150716 113.0783195168416 121.90028142420688 131.60583711146924 112.07356359746063 109.19650090216606 108.04142764976008 108.66328781510789 111.03222034122791 115.04031501460378 120.52409472152308 127.2929113867165 135.15374022932474 143.92766322654012
5.320495007222254 19.106064864055632 34.81725447685211 40.88119888474547 0.0 28.47093823635489 0.9472080593411231 40.88119888474547 5.673150134543596 38.505097905389384 27.238772057072993 1.8941766576947534 9.40937121438086 13.601036419371425 55.69914972852449 38.87387270116471 45.59146183142793 55.63166640001412 49.258506521345375 4.021549743800774 24.47411108721538 17.01706088605775 29.76440822675539 18.47644365978582 20.998183115905658 28.48243551212778 41.586299027663614 29.395423058984623 8.558509334108157 9.178538225476249 8.046665311221748 4.9791461865507 1.5539779711665023 9.29025938280957 50.75238220663182 21.903902248417698 23.181584354665382 7.517948790717038 55.20219744169298 4.435877634865438 97.48840705217815 90.76960573253497 85.864921919246 83.09628365023406 82.67859835860337 84.64668106471609 88.84209373701809 94.9700544613708 102.68507877332745 111.6585792288858 83.2735191696372 75.33525651978972 69.37600517330605 65.93465695066885 65.40989386812853 67.86940964548721 73.01220410061704 80.32446326040818 89.27459368897003 99.42113092762439 70.45331184631215 60.912947537592615 53.40399133584098 48.87206550668198 48.16504237631666 51.44088679427545 58.028912564363495 66.95842405905448 77.4233583711966 88.8829041654149 59.92962519052038 48.41570234353777 38.5960283789229 32.06698856378945 30.983897436626776 35.843895170146006 44.750819623724894 55.79914612071143 67.9521554659334 80.71224473273594 53.08626443024832 39.70491206508527 26.944970623968846 16.33456131000644 14.101276381734436 22.84987365414099 35.165685525488314 48.397953099285 61.96216677577349 75.67990926299417 51.41443024344792 37.51781715137181 23.687980000807553 10.200843093257486 6.033538995085862 18.925130100467403 32.70051127870845 46.581992462250064 60.49644996906476 74.42524640109161 55.38444252494417 42.864903109096595 31.542356766850443 23.238108258194067 21.741083045630415 28.158769342769908 38.73925470679396 50.95198897468149 63.86725666905081 77.13282282706867 63.95412403219664 53.53428794999065 45.02700371533604 39.682178871721774 38.82858860644974 42.736213575164264 50.30750133431609 60.17500594370432 71.3927738513305 83.41770694625548 75.57462641593688 67.03093917748221 60.48679836139733 56.6396869127321 56.04781348384708 58.809553040563266 64.495487777282 72.42002831532555 81.93610626549335 92.5539935728936 89.05963735127276 81.96999683146466 76.73711883865595 73.75734618400428 73.3059956718989 75.42847622176947 79.91995754838769 86.41176229489275 94.49242577811829 103.79140638415296
28.791950418178203 9.935748141932857 43.283643586571124 54.79736067683152 28.47093823635489 0.0 27.654047393900075 54.79736067683152 34.049043831427035 39.20132193155128 53.32243831529502 27.799137441256118 37.31359729951745 18.802885981023785 36.62515607428504 64.59102388797997 59.90739736132961 76.3765198359055 67.98101846831466 29.376422594251178 41.770348188619764 11.476054774874713 39.01177605069206 33.132542694575754 15.531920108693567 5.134425646375096 49.59059313665488 57.112903665230384 32.766859158527254 23.13391873276658 25.115718702412423 30.438291686387565 28.378299625997435 21.987053063913553 32.1077522009174 49.58974100643767 34.19187333287603 21.729128437563574 73.79303662032906 32.45648951702855 107.88052933317665 97.98267364890829 89.2327872016526 81.99932874193802 76.71258577878059 73.79224209276063 73.52087264523472 75.92688951631237 80.77135243082203 87.6508091688077 96.8107473622462 85.69738229154888 75.58719364437589 66.93647469505918 60.37600812955975 56.636983670818346 56.28458565651785 59.379145463488356 65.43338447762144 73.72162808508016 87.77879243773842 75.4067076046642 63.742124967986655 53.25223439165158 44.77069394703444 39.60952035511021 39.10631535264017 43.42332318687108 51.35905267022761 61.528814528567715 81.46530182031977 68.02201846590746 54.87617214406507 42.306221570092234 31.020619810413237 22.995511374672855 22.121633491280097 29.05165732803094 39.90845567740433 52.30118600429792 78.52870686379102 64.54852178818062 50.58093676884091 36.640679472032964 22.77836272551976 9.348060825346801 6.938507484643735 20.028087945057305 33.85742805308158 47.788445968934916 79.34483981354877 65.61037691140601 52.00162671662724 38.651901552649385 25.96420423601067 15.642640320561558 14.339893787495125 23.600032548464366 36.037121009459106 49.30273369042943 83.80413361316359 71.00439899330982 58.72485265586508 47.37200320778502 37.790701672240196 31.634022956216725 31.013475643482618 36.214782646916014 45.273952813836324 56.360322932989554 91.37475263073686 79.85750446091 69.22245718807345 59.941229341515 52.73372262840796 48.532915405729064 48.13265252476684 51.6214213708338 58.30519335827351 67.23774924347384 101.3619328331368 91.16748644751647 82.05845453160345 74.43455081284817 68.79146029621296 65.64213284430714 65.34816184544111 67.94662260045783 73.1298051279051 80.3992930059358 113.12745395394724 104.13689728100036 96.30229728358165 89.92641896021443 85.33695363170064 82.83144685502762 82.59979251795635 84.66066157028371 88.85465255000182 94.89931600636152
5.826158215342761 18.36982511234547 35.23694819131024 40.614454395466794 0.9472080593411231 27.654047393900075 0.0 40.614454395466794 6.414114181659867 38.67663491315076 27.672928666063598 2.223670049431399 10.008909970892724 13.212171533203314 54.75704585349573 39.30976880936276 46.272521541319705 56.50739287591625 50.07696460455356 3.789630300477095 24.23001930934394 16.2195440719321 30.16226640144975 17.97985624635859 20.05185213513706 27.76645297163576 41.093917906026896 30.0321797007592 9.331028867158617 9.003664175657184 7.2224661927854 5.724680738778982 2.1339197942352057 8.35508864343564 49.80958789813014 22.520019257841458 22.614580245768774 6.579366692331506 56.02661259266617 5.004456141411339 97.22952096212846 90.39143313083028 85.35953630476456 82.46520563306863 81.93532343251118 83.81475371230091 87.94914913194377 94.0415161732889 101.74064526633956 110.71173249204357 83.11665870892946 75.04187621087317 68.92728477631869 65.32575105206062 64.65863896447931 67.01365050191512 72.09520509578381 79.38134046821912 88.328078306795 98.48377401553883 70.44060271452655 60.75081650127786 53.050933145020295 48.30228224344348 47.40037433952474 50.55153604871677 57.08846622734554 66.01280894877404 76.49337203812661 87.97560253132599 60.11720564303651 48.46387050734991 38.42581425271356 31.582911492493874 30.19213325283249 34.91129143643768 43.80840065891132 54.887958212137185 67.07695986495912 79.86893264045226 53.52549547399481 40.069168974227935 27.15503023295582 16.14197124809659 13.230565416066604 21.92830983543589 34.32153222354142 47.606598795102535 61.20536867376484 74.9471348740417 52.101624399938146 38.22350557994499 24.43274248798612 11.061613002813056 6.102814116766657 18.482838102770657 32.178685396812014 46.030335886293486 59.929723803737154 73.84975636424839 56.23948979563657 43.76346620376166 32.4843487941872 24.14266840455314 22.319371566014524 28.303566313188718 38.62222970498848 50.69416806313822 63.52749378697604 76.74103771034912 64.88359968252286 54.480749703877876 45.95886965792811 40.522718346338856 39.468694963254954 43.119374501112915 50.46378973781888 60.16401590833218 71.26436114496994 83.20621423379485 76.52178219853961 67.96888789095448 61.383330444111316 57.44585342452932 56.71080095665316 59.297395206564126 64.80910534615485 72.58252010995069 81.97665461978214 92.49890901823296 89.99991745270994 82.88602941727656 77.6036054901146 74.54310536978613 73.98084573879983 75.97232212304401 80.32779600176828 86.69163120697156 94.65955137396622 103.8629342728194
46.11428417009442 50.97518277503965 75.48624993962339 0.0 40.88119888474547 54.79736067683152 40.614454395466794 0.0 38.87980169066589 79.22747426070879 28.193638030509963 42.74982842554204 36.1704422342582 51.65939845491625 54.78990965932692 29.7901152045799 83.80753240247063 87.54630273247427 84.06378848351737 36.86962452840319 16.4161314110726 48.124338928022944 70.51645418247702 23.65694856714158 39.26581275457748 58.33284846866395 10.70500708679759 35.79854876611535 48.079965409087066 49.00790543867733 35.66968207237437 45.19440115983244 42.4207849113072 37.79722481099684 51.581611878199574 34.14849998620051 20.877239167336658 40.2940176715622 89.47167457044273 38.12664490828595 56.61522728226144 50.41063155963841 47.74399017589447 49.19408660855324 54.4328802396906 62.514972219589175 72.495479882201 83.69789617509029 95.69392093874173 108.21982262223375 43.01062942905693 34.48040796720723 30.468872869295847 32.68453762528649 40.10831455032929 50.492951961274514 62.3766742450919 75.05059391811355 88.17448517336622 101.57393124884511 33.06438589933624 20.86330760138381 13.263838501149342 17.754231656718087 29.20831396732939 42.304377069773764 55.899941954485534 69.70320015089453 83.61120356439763 97.57901827914971 30.58270873068245 16.744222457498765 4.713829811746159 12.683035247142207 26.387204805576236 40.35453030540327 54.38250330179487 68.43369941595928 82.49610343880126 96.56466178514646 37.09527758498741 26.91045667571873 21.615377698618325 24.60119761026559 33.7365352990686 45.45351018898844 58.213477429773775 71.45975763278133 84.96505751745187 98.62287159429731 49.14800354322594 42.0319959368183 38.87084378378929 40.59915472093477 46.67690343629268 55.69794193881429 66.47450923282031 78.28482194350087 90.72593405651088 103.57063046837986 63.66868910848467 58.37736716831437 56.15491093149105 57.35919022840663 61.790153573725526 68.82736054249237 77.7663869229874 88.02965621250759 99.20690206180143 111.02228599504598 79.3132194565181 75.1522296654526 73.44739021117813 74.36783540388966 77.82045429526731 83.4916526214 90.96736022425078 99.84296689836833 109.7793419420691 120.51426586353719 95.53104561073602 92.12225877039039 90.74347259054915 91.4865349712386 94.30129054524815 99.01117225174256 105.36227717150716 113.0783195168416 121.90028142420688 131.60583711146924 112.07356359746063 109.19650090216606 108.04142764976008 108.66328781510789 111.03222034122791 115.04031501460378 120.52409472152308 127.2929113867165 135.15374022932474 143.92766322654012
8.628782594186363 24.771804315807632 36.770943521409464 38.87980169066589 5.673150134543596 34.049043831427035 6.414114181659867 38.87980169066589 0.0 41.76446398669149 22.08947529422354 6.914486645825759 4.013223411336761 18.966805944610897 59.69077683372193 33.67229115108346 45.534821538663124 53.389532089792674 47.80309010711802 5.683966185193707 22.627294496493366 22.630047819518346 31.924093973986885 18.50459313696509 25.396450958378406 34.15462937206639 41.029096848118414 23.774880330497496 9.284008113693842 14.202784086027357 11.37080277158971 7.060472105178527 6.292877973054231 13.642740882287857 54.78532401322745 16.323437168709734 23.506622555489525 12.620114252158626 53.63973491956433 1.8943362860183697 95.20294266464265 89.21672723968413 85.17105765902166 83.34905097746429 83.89573596445018 86.76634370201636 91.74295046995066 98.50681960755695 106.71857225703296 116.07120812753196 80.448936817933 73.30149539567961 68.3434231858122 66.06954122731167 66.75474481363227 70.3125680249605 76.34239388002936 84.31544904801108 93.737081416414 104.21503518110191 66.92657121928583 58.18335415051849 51.829045719705476 48.805919630752214 49.725350591851154 54.38774479309961 61.95369006551351 71.50731897433015 82.3596951034107 94.06223428712555 55.542810446646754 44.67890820446448 36.060900226812485 31.584249839024 32.98087509565668 39.63467022339128 49.46781569134452 60.96063209682882 73.33682908458218 86.21668307626176 47.84919024082133 34.72485625204424 22.65478156227329 14.554223395959662 17.366025651204097 27.973167900982816 40.67648378422758 54.01667283900345 67.61770330858012 81.34870080705504 45.74701715326499 31.845488069580064 18.02225811672935 4.979912981262042 10.683289100997774 24.347482411955948 38.22033940347286 52.13543424442344 66.06594644243705 80.00367470503198 49.947347351870135 37.6983188530486 27.112294354149228 20.89227564958599 22.92159635295596 31.651420440069685 43.19396743170036 55.831051785248285 68.96344637594856 82.3543986115993 59.12181318145983 49.263577251092514 41.76198367161314 38.037985806443686 39.18392000519121 44.82784481352711 53.56631187735828 64.14678061540533 75.8016937197623 88.10555110767034 71.37747149798348 63.49287761651461 57.89440484828355 55.28112770629045 56.072031252904765 60.13293327309951 66.87067504520282 75.57256687016367 85.64186349756204 96.65201219803619 85.39790066548724 78.95884774755511 74.5531555520468 72.55226619906955 73.15380294229283 76.29622792794109 81.68678633018754 88.91747040548474 97.57998244191079 107.32808089226924
33.49556724803849 33.898627607006965 10.756688419385938 79.22747426070879 38.505097905389384 39.20132193155128 38.67663491315076 79.22747426070879 41.76446398669149 0.0 62.59879314643759 36.61264354705067 45.46549652072101 28.604948530198467 75.77265562039766 73.48197095747945 26.726024369713716 47.81668543657102 38.19033058964143 42.45864767646239 62.889750785312216 35.78354935250685 12.129717411505478 55.968335055110174 47.58084810885033 34.34689271011124 78.60362196302631 61.33554350785093 32.78270038740463 30.293536552909195 43.87641404175193 34.77258256121726 37.00775110734757 42.36610034359733 71.30694584554799 55.32218311970374 59.97238671841926 39.553357719828234 42.74226967524276 41.91254201920019 135.82200482061936 128.46168193344533 122.280240259676 117.46403487900129 114.18602041431878 112.58068811760462 112.71954994799833 114.5962635531565 118.12800373756502 123.17244054312415 121.77856642844922 113.5505117064507 106.54047945055474 101.00250754598775 97.18864904088264 95.30616726694203 95.46940755265459 97.66811062838295 101.77040627708492 107.5586506200302 108.67891878474015 99.41694457897236 91.3673515830114 84.87591913578886 80.32142582843261 78.04378987580048 78.24213637272267 80.89825276080467 85.78410839101696 92.5471666913522 96.90656032938733 86.44324269474204 77.09613919976832 69.31843078086983 63.687841008137745 60.80389949855502 61.05709883075055 64.41044960651699 70.42242713173671 78.48435721781412 87.00196194332469 75.23187305740241 64.32992300993685 54.81675036920171 47.53380310823756 43.61317102980171 43.96384899940928 48.49325716077497 56.19991606755232 65.97963412582078 79.66484312456413 66.67781053826737 54.143936690578215 42.46663954911859 32.580599812020886 26.567209437847996 27.136396367575223 33.958757551406514 44.229517532739244 56.08503755248348 75.64601099481538 61.89282099854555 48.20264865448463 34.65058306368645 21.499772808915857 10.403748572086567 11.775452626427823 23.52678668376771 36.78011974879317 50.36320364805766 75.47739151730993 61.75926928631697 48.1053777180242 34.59217277432038 21.487128196108046 10.458144595772168 11.817438346030487 23.50602947671234 36.715276503214234 50.26007016257175 79.18358531006942 66.3052680640499 53.88378201845737 42.32353962489403 32.555565207104245 26.631204055001607 27.191095993598793 33.91560709651103 44.0675978593673 55.80679663282449 86.26661947804777 74.6810885154279 63.964827326429514 54.63198398388498 47.505206812913286 43.67817197925244 44.020141314718366 48.44290082709708 55.987517946958064 65.5852420490912
30.63975844585374 45.23640140025382 55.8736299580809 28.193638030509963 27.238772057072993 53.32243831529502 27.672928666063598 28.193638030509963 22.08947529422354 62.59879314643759 0.0 28.832798996190235 18.076268235824923 40.83966014787268 70.0494887618683 11.637127054977247 59.9137971259881 60.293615480831285 57.96720684497268 24.684862724302537 18.880087249045378 42.652682304036 51.58686724573412 23.85567491045989 40.59503457354047 54.5707785230486 35.77952749409181 7.771348894476665 30.036321610815936 36.24525738041263 28.210622667732263 28.924753270157638 28.235548529096516 31.343225222986916 65.6114411190148 7.758261304397155 26.980696870967343 32.02071252313787 62.96417408888623 22.829444737802653 79.57432992306327 76.26316045600059 75.49426271045262 77.34350539274566 81.63313041688083 88.00695674140246 96.05088106808928 105.38305749760758 115.69204279084568 126.73957194557356 63.388320871554384 59.19828047151789 58.20897259392403 60.577430799261656 65.94281071123164 73.65298550287267 83.05741209206792 93.64693004314132 105.06368036965574 117.06574883545922 47.98744603418198 42.32630599306169 40.93774347889289 44.22606266198777 51.29960527960925 60.85231151423195 71.90265797455847 83.86056116820474 96.38870076298369 109.29100436994554 34.441562750003456 26.02515989287603 23.711321226501592 28.999591643505525 38.90441663588431 50.79319899817122 63.56215316814809 76.77322089644802 90.23227178584318 103.8427722817929 25.852621265273093 12.720641339388614 6.875189446742256 18.019994810726015 31.530408819948523 45.338703302187994 59.23680425474861 73.17341517862432 87.1299067129737 101.0978867628251 27.371615256850063 15.65354544274902 11.446539564892719 20.178610235960583 32.76413651527563 46.15138865347786 59.804240758732114 73.57484247927829 87.40740787546989 101.2763925833195 37.798983202066694 30.446104085380675 28.52177884621703 32.99006834969615 41.85115909375058 52.94343242577111 65.13671789857689 77.91568338686078 91.0338716891046 104.36329007603909 52.02914043387744 46.98521068623706 45.767608977898306 48.66441316770922 55.029622095904614 63.83390246719652 74.21410510014019 85.59870036459037 97.63684331835928 110.11425234732694 67.70531951969777 63.9293969366015 63.04418892343843 65.16761318904491 70.02648079916469 77.10532326648148 85.85669073615564 95.82332077800265 106.6649759126692 118.14086700896254 84.02201879258267 81.02492556188201 80.3316814521668 82.00074822274195 85.89450292478755 91.7300297195544 99.16504355534308 107.8692153471753 117.56086735756666 128.01579581226858
3.6110132995033695 18.211167153232797 33.023636150901964 42.74982842554204 1.8941766576947534 27.799137441256118 2.223670049431399 42.74982842554204 6.914486645825759 36.61264354705067 28.832798996190235 0.0 10.843428087897093 12.065446902375271 56.16384625117657 40.455590728929195 44.11851885006267 54.710759898198354 48.11929104796439 5.880205994215386 26.348288441752107 16.32525504221284 27.954951027514056 20.202313076640042 21.40112533105917 27.499288891027323 43.31677515158291 30.673369137366322 7.35572679184681 7.440010289170517 9.26814955967466 3.7697330741296686 0.6251944307290002 9.98064912062629 51.20664537189273 23.237053016924683 24.83454615446149 7.756828017121914 54.080748125949874 6.019326077769074 99.36085330207919 92.58783023828515 87.58316087509594 84.66110872406152 84.03923656122328 85.76760123481858 89.71044285747887 95.59408876883067 103.08668487263952 111.86530590619088 85.16594003802614 77.19531050544514 71.14455353081405 67.53180571061421 66.75413835648463 68.90761646301081 73.73584243636068 80.76044634874597 89.46546699329566 99.41032909008018 72.33668196722451 62.80471249341715 55.23581765192204 50.520285833332004 49.480806824428534 52.33688881711957 58.52088665706004 67.11909678562874 77.33027470894298 88.59835065968446 61.73049340146326 50.28373644057651 40.48646974811526 33.80483434118905 32.23816140281626 36.45205611389882 44.84554274135304 55.55537943667417 67.48755000050478 80.09749868421196 54.657223817466345 41.36644390405846 28.74062525600427 18.219424112871188 15.131470768899613 22.73910724411584 34.586992436181575 47.60809582089388 61.05623506325805 74.70099194603564 52.56301416082488 38.63440829062305 24.730618148833717 10.947193758880085 4.163810152379791 17.438283776022693 31.306647875634 45.22571130911596 59.15956973971589 73.09962001676718 56.009185338955184 43.2753812061533 31.557788807572262 22.504393646701626 20.11036480770719 26.264664919144064 36.91424074882252 49.22298966485974 62.213679847559575 75.53514441735513 64.10840248648887 53.40043094352491 44.484775162908285 38.623405619342385 37.2857852374314 40.91801125469412 48.41409869368294 58.30217862179971 69.56957413407106 81.64710028098263 75.37536559546415 66.55193252750097 59.670822305447125 55.45989754661325 54.541235218897185 57.07404669560518 62.641021287505374 70.52722116192584 80.05002027912536 90.69524393689966 88.60984285034937 81.2737332291089 75.7695814579815 72.51583314097896 71.81905351639915 73.75176002516923 78.11900509381226 84.5442924727365 92.60012021798728 101.90040680580927
12.608463606560171 28.304242712410044 40.019453354650146 36.1704422342582 9.40937121438086 37.31359729951745 10.008909970892724 36.1704422342582 4.013223411336761 45.46549652072101 18.076268235824923 10.843428087897093 0.0 22.908027263294144 61.10191302498462 29.66342952569718 47.7195871508259 54.05177442600966 49.080155267428125 8.030514129030713 20.269042742288015 26.015110335042966 35.28899371651033 17.626539773315205 27.462505847904286 37.71943057275192 39.2026499034178 20.028502360997162 12.728434568615093 18.198145030035313 13.327743277483766 10.967791734395611 10.23102248932287 16.062517783756856 56.25501859969833 12.51113529618122 22.614580245768774 15.616551435350479 54.80227109715273 5.004456141411339 92.16032757186952 86.58097996637943 83.05193347390748 81.83891013856294 83.04348032838386 86.56476219907124 92.13747322477066 99.41716731192614 108.05931562068011 117.76423894102987 77.15387118726136 70.42744421429892 66.06150717524037 64.53698054323976 66.05092829368061 70.40759699729549 77.12669520807337 85.65397332230219 95.50621946754136 106.31559630132732 63.32944548535261 54.97720861780074 49.288279018707605 47.235051673561344 49.274164431968444 54.95189852061568 63.29648679609514 73.40389236090324 84.64484553609955 96.62440258281391 51.645159088005244 41.03256997256561 33.06446444233093 29.933124787847294 33.043517989230835 40.99880928654905 51.60492567031198 63.548075974985956 76.20204360393534 89.26490602003513 43.84667848907174 30.717420009720517 18.865201058386976 12.631208038852488 18.82863591387255 30.672517840376077 43.79950287347396 57.33483047219938 71.04535648485543 84.84604194782204 42.14907991216086 28.322389516662756 14.739248792888548 4.670811222038289 14.6926385749246 28.27391225685221 42.100232022718 55.9902303022981 69.9058192280289 83.83410604929787 47.21507837535417 35.48894709904438 26.025136711943325 21.972690832445497 25.998891800506716 35.45045350683223 47.17168225387432 59.84335612439497 72.97187198571045 86.34896036110511 57.277284154652385 48.11946328495189 41.66632535584323 39.274615355973616 41.65001524676886 48.09121509430373 57.24168640777752 68.01651956685777 79.75997928427479 92.10215898198275 70.21976858248863 63.00960156827649 58.254358105808144 56.57654358739516 58.242749024135506 62.988134283276324 70.1908733719359 79.18310977992387 89.42652931140972 100.5393034481158 84.73281232666758 78.89009313607757 75.1649549314133 73.87847292160276 75.15600113321257 78.87303041915884 84.70898259480073 92.26256604536113 101.14961022407296 111.05032418214927
11.334422327013842 9.070858493053503 28.45907082859895 51.65939845491625 13.601036419371425 18.802885981023785 13.212171533203314 51.65939845491625 18.966805944610897 28.604948530198467 40.83966014787268 12.065446902375271 22.908027263294144 0.0 52.58249537339429 52.4741354668026 43.27558790027915 58.067553629694004 50.0793632342246 16.610518712784437 35.750564368911455 9.090701011343809 23.481379346891405 28.02863467492401 19.9165847462028 16.928612697984185 50.146698952607764 42.65738931982199 14.611515391717276 5.04853026811603 16.012832041135223 13.195828287649332 12.681087992091301 13.989613463703984 47.69986079246545 35.26991683768756 31.63747139817477 11.366971094573662 56.00158038913048 18.018166787248585 107.95125475745559 100.07636775135866 93.67612296841217 89.06908002428972 86.5421655395218 86.27837825165622 88.2980072258434 92.45150057269784 98.4691498010753 106.03396710221959 94.62450665457058 85.57513135507675 78.0302305436625 72.46141207175243 69.34647201147976 69.0185049263933 71.51586826894922 76.56255177623055 83.69861462297067 92.44135609034744 82.7817271686722 72.31616650746335 63.25286403475322 56.27364012727111 52.221003316757134 51.786706331384124 55.05644845297909 61.44165420597134 70.09597248012255 80.28886386483136 73.14728077211193 61.11345087828984 50.118258192337066 41.006097322825525 35.268207172855114 34.624923752619196 39.32705666681542 47.82298160393795 58.48192256725009 70.3270517970484 66.68529263562712 53.28021139575573 40.267379672598196 28.1955417201873 18.957134007544326 17.737564628252358 25.704747105280404 37.38591216408738 50.2546298130715 63.59388317575898 64.35856634392292 50.41239017161821 36.46629941530579 22.520840102733615 8.579782350954167 5.391707971933565 19.3277631733796 33.272863540200625 47.218884034800666 61.16506314548436 66.60191519958704 53.31733627636344 40.45772097265402 28.60243024238031 19.661272680516014 18.499548443530927 26.174464707028772 37.618727104700746 50.32316407702326 63.53615609380679 72.99519431485766 61.17817193013671 50.42390747889917 41.565862235724076 36.030984783411874 35.41340893250457 39.9418895895089 48.1867406115389 58.59966994198251 70.22262115639774 82.58011210999099 72.3982057928539 63.61619896226811 56.88632438290925 52.996333159202706 52.58040731748113 55.71640919076712 61.86649718121819 70.24332305033387 80.15163829968942 94.38932501643298 85.66757141039417 78.4230716122663 73.09649793887446 70.12634337385656 69.81405586961893 72.19413916703482 77.01735607657918 83.86316348727439 92.28244107658466
58.83604900577797 44.00047543110093 79.63302017580483 54.78990965932692 55.69914972852449 36.62515607428504 54.75704585349573 54.78990965932692 59.69077683372193 75.77265562039766 70.0494887618683 56.16384625117657 61.10191302498462 52.58249537339429 0.0 78.46699798725672 95.67415916723448 110.15247225829322 102.55774699949158 54.010044297001485 51.80858395040041 43.4935606209146 75.11152571162089 46.41853128288413 34.76343253056954 41.42839831030587 44.651033947275785 76.6519211529244 63.172069050792295 55.229996416548616 48.327567550716665 59.825855563593876 56.5116469587541 46.42189341132464 4.961987866939546 70.26726583222232 43.10988212267297 48.408087241848136 108.50992318421277 57.797414526498315 92.37280981771919 79.56516489982396 67.31929023322361 56.00513986081439 46.31092602255334 39.449708212374055 37.031296032652314 39.87250585181531 47.02952138656737 56.896269804389135 86.70693150809099 72.97970857058087 59.460336246062376 46.331400226474216 34.04789022556783 23.948406959090917 19.733451074424156 24.63554622177863 35.01465745695779 47.399879432048735 84.27411636447053 70.14377890778457 56.016734559533006 41.8966181343946 27.79434520780131 13.76537741918423 2.4929699269888483 14.923675515225263 28.965256812676365 43.06989831563079 85.35127501188383 71.50490217379974 57.78335167001491 44.30304259668109 31.376778981203028 20.10367471105949 14.890745753945353 20.910155011914107 32.41381615999562 45.40912055883861 89.8122059795424 76.84036575435205 64.33238006623607 52.62031512258708 42.36966756913478 34.89330251012189 32.1864462384718 35.36192320644907 43.139707513017285 53.5505820433294 97.19209473520034 85.40855953831172 74.4116438125763 64.60449327919693 56.609054377822304 51.280016429496584 49.48650256501025 51.59853856054932 57.18498719904896 65.36089016072995 106.88803934020734 96.35087822118987 86.79993409973436 78.59572856071188 72.19896939763169 68.12085078531888 66.78752992193432 68.3598221822219 72.64929915654896 79.2157282745845 118.33208088749271 108.95435229280461 100.64821210120351 93.69920785050488 88.42797726642152 85.14677469031521 84.08892895221761 85.33717791466256 88.79430209858243 94.21741753735866 131.06711455449903 122.70818835939231 115.43220890569637 109.45546840204382 105.00015705467642 102.26538451660724 101.39050938766718 102.42321572045495 105.30738346649957 109.89729954088487 144.75280447830934 137.26703010531705 130.83510736905168 125.61911710250617 121.77548454507632 119.43683352377096 118.69219189883954 119.5713546004672 122.03922094952004 126.00244300288524
