0.0 83.50737887944659 48.66567983149264 60.61240990065328 98.40256322468333 68.34954240313938 13.647930949205678 53.09104823038103 91.78667814212758 47.7214788264991 18.941197046586304 66.23517272148264 57.73645958711215 85.91784604752041 77.00675231574054 79.24937465232676 39.12692472824926 52.758075637930546 39.401880538709236 99.95297762505061 23.547470681937618 72.71152119662622 38.164336686925125 38.89321788499899 89.81754171487854 52.131710741095205 8.380570186187795 60.748414781937456 81.93809850541265 60.37805000507597 43.66580454101539 56.89110531343348 92.88721195967156 78.01630893550164 77.86179643643025 77.17945191632802 32.0455193624394 70.6667964050156 39.11574594469582 112.09788689029695 53.0450391137212 44.965661725371845 40.412808447760476 40.59106749956803 45.44479674675892 53.7212576002583 64.10815069855623 75.7420394814416 88.1303299078021 100.99565149385265 41.56703650084569 30.65245717419125 23.508179626748785 23.81193339672387 31.347949122775184 42.4227039819437 54.93607401837136 68.09945522771326 81.59873441722269 95.29111397901364 35.2217052631118 21.35291616714934 8.413520356369158 9.224690014963793 22.335388242022606 36.22299554416991 50.247296597636876 64.31880354580773 78.41195968916931 92.51671690290497 36.76990847339214 23.89628482605233 13.698669019551867 14.20897470271847 24.774109722022143 37.725751117026135 51.286555221669104 65.07668251122399 78.97595166390629 92.93525235493632 45.41135833639499 35.844516034573495 30.053837254564314 30.288749409321454 36.43288003976946 46.185132744047294 57.74540693373386 70.22630670624186 83.21448200426062 96.50518677604661 58.060868164746736 50.96408277033154 47.090616127155556 47.24018460912775 51.3776631847507 58.6652194564463 68.09885932669633 78.91252834767718 90.61336901443049 102.89904148933904 72.6542841636207 67.14579388961215 64.2692190199848 64.37837420648859 67.45876586100337 73.1358787403701 80.86456953024786 90.11844171023444 100.47685717399321 111.63263915175115 88.23226876657013 83.77642295448058 81.5000140633756 81.58571205470714 84.02628874013313 88.62738201157522 95.07577984354226 103.02511039254499 112.15658056900584 122.20536497055673 104.35482329534075 100.63365217716606 98.75568572950743 98.82608501760369 100.84076853198088 104.68751703530074 110.17454589845953 117.07137410602638 125.14504327186468 134.18318840007586 120.80410873418857 117.62009334888954 116.02513532918596 116.08477536163113 117.7964994703108 121.0902427997583 125.84179972552502 131.8936439965805 139.07605364837025 147.22355989306345
83.50737887944659 0.0 75.2852965102627 31.29644507261316 18.387336734334646 15.256141036611115 96.02573341436336 35.8309901572693 9.342602048408674 39.12186289432673 70.80563264911679 22.22430971234855 34.70882722758959 2.4669923112731706 29.466400978222282 38.43583724695953 47.258928902188835 74.48734600257424 67.90849250848397 19.693815508806093 69.2531145015838 10.86289447417943 69.90783544896331 45.07987736159985 9.365302129177492 42.441568544112656 78.09943026154508 29.413663967514278 3.1766648057933025 41.7966543351556 60.47588187036922 27.803543998742963 9.431223132689166 5.5618035838013515 23.3845326566474 28.53069802906824 68.54059222264998 43.60100143872274 61.08946010354922 30.543934257048424 133.6519638979601 127.98795196011028 123.66691701897288 120.8330856663745 119.59226754472326 119.99390915672032 122.02178718286551 125.5971272002946 130.5928443221696 136.8534109441079 118.36108255101242 111.95626702178674 107.01298823681684 103.74046065496354 102.2991994173467 102.76630278073642 105.11632679768881 109.22777442631512 114.91167903314823 121.94829104800849 103.70410243909791 96.36492749008528 90.60221719702291 86.73087042215975 85.0097376114131 85.56869067579375 88.36446411978697 93.19593115523331 99.76771726244364 107.76181030665683 89.99129099241874 81.46714933892319 74.59525919293692 69.8649891830655 67.72664408107933 68.42369286271924 71.87367825990574 77.71076498458251 85.44706710708063 94.61776947714839 77.72400297490003 67.7222063981692 59.31991613810677 53.27946757462355 50.45646331841864 51.38400286316044 55.875607216445076 63.17555649223882 72.43966860008443 83.01282618289842 67.69272793236006 55.98572768526351 45.51879865313947 37.34968190858162 33.21934082904349 34.60553192466757 40.9518263918604 50.41870104315697 61.58336087848816 73.67787178740711 61.01054649954379 47.76201227533406 34.98254471458906 23.452247962211874 16.121664368956765 18.80114394451497 28.82241203849053 41.129629525623734 54.186857520900304 67.56049690376344 58.82996469769607 45.01912455770623 31.213853692259352 17.427829826874795 3.8736367061356285 10.39885915595748 24.147909526352404 37.946725395889686 51.75539739681413 65.56756182242725 61.630668513701785 48.692268200739335 36.38048534142188 25.615672793352363 19.204572451209582 21.48261190264371 30.56505163033647 42.27254481297209 54.95204484146969 68.06233948036159 68.80705232356026 57.56610145151936 47.660083809814374 40.09124910776069 36.35023641096196 37.59763344763747 43.40546020632866 52.275124628945136 62.92482614688865 74.59592092346837
48.66567983149264 75.2852965102627 0.0 43.98906905938241 82.08807479378102 62.43336678459816 50.9081512348273 40.59497348982684 79.78699326999174 39.78256693751902 56.87654085526966 53.069083461811154 40.612074545382995 76.96784060676133 52.63668825782108 49.05133827710508 56.59324610452084 4.34684731686679 11.825142139151302 83.45666146589487 60.61190177073842 67.48586070750775 11.710840471839829 42.409856062602586 76.64166788557354 33.0703156276719 40.653942740740064 45.93021373497238 75.60954451045697 34.424954768940346 15.915632812793628 50.4379583034327 83.66616767779229 71.39281149441406 57.07326943006302 53.35167703861249 68.66355952436541 38.82427710458243 17.940430138525713 94.62225333192052 95.93301250178045 83.92458225948663 72.70332211088673 62.69354451556089 54.56626462299023 49.26232582217946 47.7324511719043 50.32206072577531 56.46717482893463 65.16957622659915 88.43272420949769 75.30216184044403 62.61700995571624 50.71286553607851 40.28832584069333 32.78668733296525 30.450871064282563 34.35138064222364 42.81645329481923 53.7302540185624 83.88224190566112 69.97275258487973 56.16676787248389 42.56541441880612 29.453885252549515 17.940731699795958 13.222624152085235 20.650357450196683 32.8125689479794 46.10326190349312 82.76952504362472 68.70696534549701 54.65547253854486 40.626836515757084 26.65752627693123 12.941626960302065 4.597131449050751 16.479366737833907 30.311546609340045 44.303333388754545 85.22932604248741 71.72027973963877 58.46738006212353 45.69431860519601 33.94740419024555 24.734882850690465 21.59034582518752 26.747226918060438 36.87308236921869 48.977178058292914 90.97231299747695 78.52159206894767 66.69593219927805 55.893713664017795 46.828826470531894 40.679921554668034 38.856994677162994 41.92816621310568 48.981299672603924 58.59561947532044 99.43120948160617 88.23929267670448 77.95485360174382 68.98513802466778 61.90445799152522 57.41611683614691 56.14537046836244 58.3030055025496 63.54069877201404 71.18169218757248 109.98113055299477 100.02697425540124 91.12776753278729 83.62115088926433 77.91081467326877 74.41154342015427 73.44013073188503 75.09475436869884 79.21099830068066 85.43374048564526 122.08117261723251 113.2400496306545 105.50014131711609 99.11987717035672 94.37551779998935 91.52189892348355 90.73762486422689 92.0756003030187 95.44659905718929 100.64650393100153 135.31613469093207 127.43591548864333 120.64405748700044 115.13343906407827 111.09496779791336 108.69292082602787 108.0365397320871 109.15732940573768 112.00193507119124 116.44405318826728
60.61240990065328 31.29644507261316 43.98906905938241 0.0 40.314067130649256 19.451380230585237 71.27028399614814 7.573513224113207 36.36161753588344 13.168175650607383 53.74396540549379 9.087169405300894 3.5565329903929532 33.01273622065359 16.887284083325632 22.150437866133018 35.40311581638939 43.287656285517066 37.072971726508285 41.81695652680467 54.2536993194223 24.17108768244746 39.16713444066171 23.546422192828597 33.437184229509555 11.398064687189178 53.546308942003684 2.351468474590492 31.70391383403975 11.736982612774732 29.404981313573625 11.43371231435296 39.8250224948916 27.559203029221393 17.297091605702736 16.879136725565832 57.60160745276248 19.070431850960397 30.59260592682413 53.805737696426505 113.44448578327281 105.39599109873969 98.71533915314838 93.6956806676134 90.61355261595872 89.66901542992228 90.92872065944964 94.3043604731038 99.5809413623918 106.47615721444447 100.22074190385085 91.05451788167859 83.26807225106319 77.27972842908055 73.53021621830229 72.36842380035571 73.91648700382825 78.01323168928691 84.28779067670216 92.29699068752628 88.4162500978493 77.92454290966296 68.71048644613977 61.35260655677523 56.57987502826026 55.06867346853172 57.07866824168155 62.269781906081334 69.93714339887543 79.36620628704084 78.67248487217105 66.72512587513955 55.744017240155955 46.420235798186994 39.932250137118416 37.77092043993628 40.63267395285703 47.620338768268304 57.24230072003693 68.39556043175155 71.83297913855182 58.57430608227267 45.742380652466345 33.826680399869645 24.219820922595183 20.4802261519835 25.352840549925364 35.4482312110523 47.54852839034511 60.461627908572474 68.76979227446967 54.84847416043551 40.939476508623926 27.06215766144508 13.316442158078383 3.3091531625431285 15.271914170374329 29.054552714414616 42.93889504840765 56.85034730149538 69.98058436968424 56.431017864637326 43.10941318597804 30.318088706702934 19.151196299374615 14.183614670817297 20.552583973688087 32.10087968807998 45.00377161341226 58.36962655077756 75.25935469845349 62.922677243799754 51.37613933586357 41.28828748534154 33.98414026224983 31.466060361404793 34.78934550480337 42.60839619049735 52.96824337688926 64.65881529580615 83.84121404186659 73.02578805107656 63.39794397449626 55.57849331530743 50.41614861078202 48.76232750049261 50.95979709918533 56.56141689293624 64.68875287801298 74.51985818236572 94.83363483263477 85.4690997021691 77.44544096674488 71.2174501787383 67.28571225621448 66.06156076662833 67.69206591021405 71.98348311746746 78.50056870333556 86.74303377015889
98.40256322468333 18.387336734334646 82.08807479378102 40.314067130649256 0.0 31.068738302348788 110.20364913738618 46.87720095725126 9.351161412872795 51.4816475743276 87.34862001277041 32.6504491333007 43.832023452026846 16.22742794997276 29.950202954053825 36.59612974889837 64.29473067959641 80.36990940042656 76.9122779620162 1.5507780362087404 86.23692849423567 28.092717187880638 79.07581360229155 59.510329848099644 9.337742820592952 51.518907945179556 92.21716638946063 39.24898180646883 21.400041561464665 47.7223353666876 69.0417696734344 41.51181965793922 13.603651225804992 23.346678200066084 25.018775037443675 29.11965427289744 86.22659948349036 45.13298309485596 70.75245967203506 13.72015666652931 149.85071615779498 143.30646556000372 137.88280748621702 133.71625030849538 130.92692730195964 129.6038320318409 129.79183138742016 131.48444107921551 134.62489809407714 139.11514054952661 135.08312679444975 127.8192161731944 121.73606241432663 117.01804801704834 113.83510976447933 112.31787662086288 112.53376414123628 114.47296408863546 118.05055438537661 123.12374982529188 120.98905638636185 112.8603415373092 105.95457584027571 100.5242252255615 96.81795273934021 95.03773467308093 95.29160450444857 97.56368130159314 101.7187827650078 107.53880485104284 107.83292167077603 98.67044683339063 90.72914828599947 84.35475376758076 79.92316038192078 77.76728159616935 78.07589222432772 80.8207612661755 85.76826520671467 92.5658288127911 96.0011085235277 85.63266422812647 76.39298079070453 68.73890775859329 63.24886555135959 60.51481334205437 60.90905716380271 64.37414181863656 70.45840644669231 78.55553523735657 86.0416950726541 74.35553110468908 63.55076425899861 54.15772084652206 47.030184530559076 43.30183197847288 43.84854368068512 48.52603382621241 56.314171703584435 66.12271097714367 78.66905590018058 65.75129312628299 53.2936649174405 41.71077013935322 31.968255438766807 26.20626153163182 27.095932566187 34.1208576055368 44.462253695048844 56.321887713691765 74.65356008804926 60.96241308194668 47.33320992182855 33.84119227939849 20.756018163763578 9.859062133020599 12.01655444506513 23.924903958407405 37.16456976785329 50.70304234041076 74.53974995881048 60.895769877338665 47.32181063188536 33.90239777862899 20.937217093906376 10.312494398931445 12.3821985212059 24.068242062146552 37.20518326602749 50.67685179506329 78.3446311277052 65.56576460561864 53.26328679551102 41.85961283104722 32.3207930698905 26.7246599084047 27.585382725154677 34.42195031322692 44.564035399970145 56.251128446369194
68.34954240313938 15.256141036611115 62.43336678459816 19.451380230585237 31.068738302348788 0.0 80.78557748434598 21.942631285643678 23.53135769011139 24.384680675664942 56.33224713254672 11.317940337526943 22.302612982798603 17.614789875360575 25.85856426623616 34.67703265906081 33.2511014960784 62.180088847371266 54.055765925654704 32.57904926187611 55.16924412618436 5.1318377673170525 55.945372581767536 29.82400955749195 21.928146406213802 29.39942100832571 62.848485375484636 17.168578616974862 14.226131961573223 31.107358694534803 47.00339602795692 12.863960614296946 24.687202076018256 9.977626231570403 21.13727258772763 25.13239196669262 55.45326023248759 36.23733334942838 47.04956082808419 44.42474417913725 119.00294628092836 112.9709159522914 108.44029219321642 105.60455927218679 104.60169425918532 105.48400113893946 108.20536238817435 112.63251741610361 118.57449596895005 125.8167800121027 104.05151430225439 97.12802865753592 91.84398794021683 88.49364073621432 87.29995189585502 88.35039659965884 91.56776037988 96.73603149273141 103.56347702625499 111.74630684506964 89.94683008820385 81.87786604964218 75.56486593730061 71.47474069663757 69.9983025734614 71.29813026466692 75.23043911394404 81.41462314309722 89.38442341420269 98.70816729058987 77.15468272845975 67.62263559760689 59.86225439402089 54.633920414014284 52.69683793487634 54.40373972500001 59.44151019720576 67.06360561007318 76.50134129973601 87.16683843245858 66.43761059035305 55.1394744266968 45.3391633345949 38.20738877796727 35.395828801210094 37.879059252040776 44.7847880067176 54.4556589971163 65.68130623540424 77.79140949575292 58.93865747731541 45.897792252261794 33.563367775317076 23.096676166598463 18.096581658866533 22.55198617668211 32.81419321236938 45.07788437603407 58.08882382788061 71.43975991911135 55.96671153364601 42.08987913958445 28.214699622543026 14.346460816371641 0.9063343581042967 13.456364596512405 27.32352928656905 41.19851680008034 55.07529042637211 68.95263186000477 58.21922762278346 45.11333968063525 32.62435573312324 21.837994900335012 16.518783830012975 21.26659664228547 31.860464000145786 44.286851061687535 57.36691097111001 70.73882824008126 65.15659859522064 53.82911672204799 43.94698616565218 36.69724376402376 33.8176374026649 36.361727603142285 43.38563145859257 53.14167696919449 64.39981389820018 76.49959763500699 75.49824121312977 66.01999012206095 58.28409982906653 53.05836384373458 51.11857375548196 52.827976042668325 57.86403723307824 65.46339243324987 74.84923702142737 85.43468436671661
13.647930949205678 96.02573341436336 50.9081512348273 71.27028399614814 110.20364913738618 80.78557748434598 0.0 63.938508587213704 104.02386390086727 58.87610305527796 32.21623979218241 77.68400124908864 68.13836482762228 98.40012376517896 87.05464458787729 88.23594038793763 52.65179022096453 55.239744707269374 44.13769792496525 111.75294555920568 36.63205127322172 85.32785240334258 42.38659675283084 51.00435639504573 101.88102809914271 61.75009705231904 17.998331819024212 71.70168976984834 94.6220454596799 69.34311977510072 50.0964406966383 68.85022112075976 105.446459424617 90.59974504878828 88.55291492497057 87.33014169251786 44.66707810808937 78.97932408621514 45.93596117590424 123.92378983026406 45.395729205915714 34.80908305510423 27.69794680612788 26.968324522262126 33.045659935667864 43.143324103979445 55.09330195228186 67.92477808599128 81.22090040204839 94.78618727009155 37.971474358429596 24.425662208866495 12.41564123724628 10.69788203962909 21.851845178838566 35.26071970091626 49.11088912807442 63.112358063531126 77.18268537687526 91.28988380213671 37.70411693599457 24.088685422146003 11.825112577604099 10.015601707250235 21.487258989934134 34.98568565481932 48.858869392015116 62.859036523257714 76.91673401104606 91.00515153641788 44.722197363826645 34.097325939346184 26.911552866719106 26.17046655700867 32.32047530785877 42.46629199113004 54.41691815930119 67.21637951359715 80.46046115299161 93.96119125414454 56.3671568760806 48.41179181633292 43.67314183804147 43.22253818197982 47.18300131811341 54.60294514042636 64.29552878665625 75.38911955371015 87.35143064601534 99.87064859899668 70.37858158258281 64.21438014416408 60.73852326481878 60.41684979208728 63.29747046016215 68.98032464600918 76.84615304706242 86.30000862639095 96.87798434865341 108.25091489113727 85.60221989401715 80.63487289916247 77.90832015162641 77.6589796194239 79.91004682705724 84.46180596078908 90.96949835130214 99.0482614692378 108.34712758126621 118.57928921508505 101.49405051409806 97.36113145040424 95.12600979421471 94.92287362422104 96.76452379400851 100.53862964822048 106.0390031929448 113.01380083922295 121.20866737241366 130.39366632857968 117.78391852160955 114.25895232646788 112.36957942407352 112.1984857448828 113.75342724566556 116.96556477978676 121.70370964517089 127.79817967602008 135.06541683153267 143.32704468158852 134.32709171343106 131.26209481678885 129.62870156935654 129.4811257080276 130.82439764430111 133.61354176914037 137.7607268404639 143.14791212077256 149.6411620749434 157.10330481880084
53.09104823038103 35.8309901572693 40.59497348982684 7.573513224113207 46.87720095725126 21.942631285643678 63.938508587213704 0.0 42.04068308859686 5.6409197347248075 46.34701387610449 14.34876416368591 5.436419276340745 37.82730326204971 24.39073642639758 28.869406850787623 29.205887229252816 40.60759260329805 32.19155639839797 48.40711688438444 47.04166488396951 27.051742564750313 34.13771510658966 16.20112961985361 39.36329206262945 8.005656009987165 46.129571839543814 7.768430344614486 35.64483234484755 13.922761116542121 25.06164131787681 10.011216076033172 44.881190248206536 31.343516934510887 24.771522646434118 24.422293753348416 50.840471417011436 23.846125974458943 25.280021237729816 60.51516226833704 105.88219043158749 97.92722345854708 91.47024668870269 86.84613131152929 84.35689868312494 84.19215884746903 86.36521688893856 90.70818205728644 96.92976549301929 104.69550827259624 92.65834654423267 83.49667088363314 75.85748043726468 70.23942246951955 67.1517921022863 66.94567609781312 69.64666511182097 74.94105112404233 82.3299589696222 91.3062119326766 80.98637987880672 70.3729238021474 61.16057494585293 54.070450879581124 50.013531197548204 49.73772121503772 53.3017530573124 60.025460788303135 68.99106598060915 79.4430238068205 71.62898767734151 59.42814284480794 48.22428638839648 38.889099915469 33.04628142983811 32.629307406318894 37.818083527149845 46.783102612652485 57.79285909487179 69.88747051554807 65.58447708117637 52.05536784406106 38.84913059859004 26.45414467766135 16.777169696601778 15.944149982023701 24.860604362654925 37.05360151602669 50.18928447142784 63.686873437393444 63.80148118209934 49.8650166224242 35.93932914714689 22.045241969961214 8.342866588665174 6.517174400457949 20.11475830897408 33.99982394985715 47.92302500275495 61.85848342168997 66.62302887726887 53.497475137917235 40.898937535412095 29.510588962315467 21.36461364040363 20.723045923958953 28.10460815109308 39.213704492388224 51.70078056825281 64.77361271464487 73.52088520409485 61.93659024734597 51.502602693245244 43.06353762504256 37.97371857337298 37.61820210018218 42.11705286179383 50.181163392974504 60.398902585791646 71.85725187333647 83.4907584950354 73.54593108149719 65.0462939562606 58.623996188707494 55.01157316212145 54.76793818298568 57.93561019890572 64.01009019627266 72.2619297549583 82.03659670596002 95.57607731603328 87.06645822285749 80.05142041978198 74.95191011519243 72.17517824324048 71.99054384472205 74.41730552341109 79.21579439932125 85.98981268859208 94.314561764029
91.78667814212758 9.342602048408674 79.78699326999174 36.36161753588344 9.351161412872795 23.53135769011139 104.02386390086727 42.04068308859686 0.0 46.03477183229288 79.71748114658511 27.74789396837399 39.91065336493409 7.013671295979841 29.93569925624946 38.060944209816505 56.313943618606615 78.53332139208474 73.43458924796057 10.51760791434203 78.3186488139537 19.79829736597694 75.52509241955603 53.0315423863588 3.396449249814746 47.75894006344895 86.03693159542692 34.8595552977989 12.189153679606779 45.49907977672767 65.73665424945654 35.23207019584813 5.702900544478853 14.6881323953004 24.080127891212275 29.005700359880077 77.81348740345597 45.089941358802434 66.88899688749238 21.253140304338938 142.484697658415 136.48625515772727 131.7153211108119 128.3089682000394 126.37763672306527 125.98920627618257 127.15782252535377 129.84143412456433 133.94897822220048 139.35454260880098 127.36907784368775 120.65306133991659 115.25386937949563 111.36327883321619 109.14279760823176 108.694860185078 110.04112120732782 113.11751950219582 117.78852811820678 123.87382806756048 112.88298106022606 105.283070932883 99.0792083653664 94.5467036215545 91.93316352043544 91.4033845554055 92.992994481877 96.59739790619253 102.00318454505259 108.94245593527585 99.30229269463332 90.61230209262808 83.35844999550065 77.94285855875152 74.76614152874896 74.11678845372666 76.05956762868209 80.40677961117068 86.79784369640804 94.8202975189512 87.05179926602361 77.0412487403169 68.40525837374882 61.72365815785249 57.67979162957478 56.839524084814855 59.33911671126934 64.79314773986032 72.53816509655492 81.92689198126209 76.77094943168913 65.25962899204168 54.851017247150274 46.29515626931288 40.775653089681434 39.58381248271148 43.08034186696185 50.296745840598014 59.90332906642966 70.93545749461764 69.34143132596165 56.40021983004217 44.00790094257844 32.793044280670614 24.43486211300634 22.399519372735366 28.09649582755028 38.21102134018197 50.137171674380966 62.85188400235792 65.73721944795378 51.979331177900704 38.25523663798495 24.62187551750799 11.409827659161492 5.942412858296516 17.933835042430406 31.45012755471873 45.14163096827946 58.886129163967055 66.58244846797288 53.11701605620693 39.861478242149644 27.12564278372336 16.186998705219818 12.946027113109352 21.273080172030724 33.41927222756888 46.48119428540115 59.86225677219124 71.7199788624843 59.49524663283508 48.09488847711758 38.26323275001442 31.505027632013103 29.97666609938651 34.38280936478549 42.933598159141084 53.68370060508987 65.55989670873092
47.7214788264991 39.12186289432673 39.78256693751902 13.168175650607383 51.4816475743276 24.384680675664942 58.87610305527796 5.6409197347248075 46.03477183229288 0.0 40.719251896329666 18.846654945718196 10.970892269390786 41.274550682434594 30.02444959996902 34.36816237958842 24.452238785068733 40.398859880066425 30.19935054778274 53.024821526745654 41.487377208526944 29.488156160345746 31.944054489880788 10.631386172761438 43.55815915892205 10.24047873122691 40.9660887138629 13.04111903537175 38.53646611321479 18.20032505866125 23.88115774629116 11.534241818521886 48.40479094404128 34.23350620806469 30.20062088356556 30.042630783286945 45.54209119980254 28.708724132061686 23.07734964803737 65.18349488776164 100.39209220823965 92.63234339563579 86.49671802855165 82.34914347969581 80.49756921096298 81.09943394499531 84.10207283453785 89.26350302667512 96.23693865538871 104.66072019342604 87.05562871909913 78.02382558000781 70.66596991486165 65.54833312701668 63.21741328735469 63.97855654422596 67.7275841542828 74.0117838918104 82.25204226838088 91.92371917626963 75.34911432656581 64.75636729179597 55.717009059013364 49.09682891700511 45.95364596717498 46.9904913977085 51.95770724062984 59.88507090462403 69.77068659925754 80.89972778602518 66.14372073473487 53.83084880650619 42.58872636302224 33.51306213693632 28.735820045236682 30.35901742736824 37.561838534652985 47.8895151357773 59.74277458948452 72.37578170754655 60.590352205698785 46.91307806428811 33.49511678284835 20.843803587992312 11.767356148774594 15.29531528150485 26.84940916693202 39.99119881928834 53.564444166311006 67.30849584749177 59.71671452153596 45.85430116805975 32.074207764687905 18.561116679175846 7.064526088606973 12.038956475457972 25.091841647294633 38.78005526676537 52.60988878730276 66.49289783445931 63.71559802089711 51.02058809612203 39.17008398683859 29.210923417191083 23.665543054106504 25.58592092397091 33.719741221199584 44.80173847536706 57.14150220079008 70.07759503092046 71.77719062534992 60.84642401657506 51.36676820360744 44.28039217902465 40.85244017557843 41.988752054414284 47.361926321824804 55.76024780014338 66.0393996446931 77.45401992039628 82.72211906002855 73.48590105110772 65.89008265377154 60.55526654463106 58.107653107111815 58.908270401451404 62.8330634927915 69.3535945670427 77.82000702308542 87.67025203412409 95.5647900327919 87.73124541785846 81.50564292591443 77.2776783498852 75.38428464869781 76.0001737980156 79.06672091911217 84.31692181408577 91.37507776446779 99.85846481220979
18.941197046586304 70.80563264911679 56.87654085526966 53.74396540549379 87.34862001277041 56.33224713254672 32.21623979218241 46.34701387610449 79.71748114658511 40.719251896329666 0.0 57.085275440956444 51.6728331754227 73.27119742289234 70.62250296515928 74.92266652180713 23.738190120444415 60.30689660008779 45.570392854549205 88.87256670455704 4.749219420483535 59.983051156334604 45.20835805712269 30.197684867423607 78.26038825781946 48.29929943087216 20.77120513735923 53.16046956412948 68.76160656721711 57.173261019322766 46.71686502531403 46.87268871199479 79.88097738353588 65.2463183718786 70.02748240291008 70.56771091591295 13.667119275554544 68.04184129294224 42.23702546669234 100.75513624215249 62.87362639882823 58.29711653828617 56.967783079839684 59.105148817136545 64.36475110629335 72.0661276979577 81.52006118504929 92.18883522196178 103.6980387826119 115.79721056739722 47.736211209770175 41.55409962276835 39.67642313347142 42.67521656474894 49.67500719566067 59.27483463488034 70.41916093420863 82.484194430042 95.12009254832847 108.1267553659914 34.6858614958175 25.56649062010901 22.401392517521472 27.343042807695497 37.297462902111704 49.31723265394161 62.21650265572479 75.54595603514292 89.11261415172316 102.82247251909001 26.947769438415232 13.388821389291264 5.30469708895353 16.51733211250498 30.220926229320998 44.15401463549088 58.15174377339601 72.17637263904105 86.21462307179137 100.2606147129545 29.11985114448108 17.423790694366 12.376220186741472 19.917703664021822 32.15924858544392 45.449628561757024 59.085146443823156 72.87217722214454 86.73835194397056 100.6508084879139 39.60377944862146 32.04105607696613 29.612757916806917 33.45623958816773 41.87886580598915 52.730111137221265 64.80108704254829 77.52398216381896 90.62449669132762 103.95981923250213 53.736980986065234 48.460116748598885 46.89747996632447 49.40280765812458 55.42716641660828 63.98409693658966 74.20245520598094 85.4884176919651 97.47171045470222 109.92437017805781 69.32226963448903 65.33643244341262 64.191474615929 66.0353483416725 70.6343499783109 77.49947649513979 86.09021407903818 95.94404337731997 106.71151068521526 118.14294173253057 85.56986135252603 82.38949412363 81.4888384379507 82.94220545451716 86.63117949541235 92.28801227166744 99.57782226140424 108.17087182046785 117.78215451055014 128.18270780595088 102.16425715117725 99.52849304502459 98.78780166087154 99.98431901870774 103.05057189840888 107.82712885290309 114.09933188514209 121.63594744680653 130.21752018585173 139.65143341760316
66.23517272148264 22.22430971234855 53.069083461811154 9.087169405300894 32.6504491333007 11.317940337526943 77.68400124908864 14.34876416368591 27.74789396837399 18.846654945718196 57.085275440956444 0.0 12.487987870425034 23.99271248007095 16.327464142182542 24.388797129773828 36.12404130252037 52.36356760444524 45.87162726475726 34.19072695666641 56.86017682536794 15.532692661219503 47.92062624067583 27.60456171948862 25.019207672598498 20.265952854812344 59.73474034566627 7.221503828378393 22.6336839238099 20.20619195533322 38.32291753963526 10.326837872886056 30.89272152310461 18.52915604574225 13.444361188255389 15.821250603891608 58.87479619902688 24.95805016073357 39.201938686965 46.342151803176364 118.46470270523604 111.20034251481437 105.3279093550959 101.09036014788907 98.6985610996923 98.28738712869813 99.88130750832815 103.38760471383075 108.62119466996334 115.34713298978167 104.47521320259509 96.19948771163773 89.37906469475446 84.36774036720227 81.49999469736548 81.00385535634037 82.92190971246977 87.09477719693062 93.22009297092316 100.9429732277146 91.62394413120008 82.10887444836636 74.04034425872776 67.9358606259347 64.3568600934929 63.73030846766435 66.14017417026184 71.27911486879974 78.61368085153512 87.59396478775608 80.45816727251234 69.48448501157421 59.783230140341885 52.07069759332005 47.329429316551476 46.47788046982702 49.71633711710855 56.34387999665396 65.33711948306618 75.85919561240172 71.76892643901266 59.270739987496114 47.58994946441862 37.49859705808731 30.611394131763873 29.283921345062218 34.17042173577674 43.21182714107495 54.37343864106805 66.59751136152308 66.5337020050899 52.88334470673979 39.42434057887741 26.45076292721238 15.256249699023341 12.394202133003722 21.49961104461896 34.0382107626521 47.35721443549391 60.94698966503262 65.58491276111026 51.75882768702323 37.97973968080489 24.32800407337932 11.276612611940187 6.956864557957516 18.856320870202165 32.38280676948559 46.12639126056708 59.93778981685197 69.09935340056012 56.213920937521195 43.924358600448926 32.905494216257104 24.905500638478106 23.278599683744083 29.113577703074917 39.20970736841857 51.10073839551143 63.790577801646954 76.46406396395157 65.11324088244194 54.90851105942904 46.60903519365779 41.377760512588594 40.4240270481327 44.026718987463994 51.233433662406526 60.775243648799695 71.72609743715216 86.70339148028361 76.92960377209143 68.55105069256678 62.13488246039331 58.33238638137536 57.663023187593886 60.23135040099095 65.6584868313716 73.31219747508527 82.57556757195539
57.73645958711215 34.70882722758959 40.612074545382995 3.5565329903929532 43.832023452026846 22.302612982798603 68.13836482762228 5.436419276340745 39.91065336493409 10.970892269390786 51.6728331754227 12.487987870425034 0.0 36.472368450664746 19.336206571701716 23.436352874447984 34.51433770787443 40.04262693770924 33.52555105042515 45.32998014865086 52.44707907627389 27.179775562101586 35.6151707065997 21.592415321351133 36.993167159013254 7.849334481156027 50.5142529942732 5.319856056713312 35.005419563689635 9.73778892190636 25.881907507763938 12.596811209602073 43.324491624619995 30.811994706988262 20.449034368847414 19.459133744003392 56.269945549600564 18.744931497637527 27.036924782262066 57.29079600651972 110.67604015720875 102.40189360208126 95.50515005995021 90.30206525394468 87.09678253861223 86.11272513268247 87.4249456837452 90.93407155395084 96.40044197430456 103.51437594925474 97.70763766532441 88.27126284818468 80.2069227060285 73.9648951535479 70.03424455470594 68.81226369458551 70.4400796145031 74.73167809459737 81.26607782009296 89.55358904263215 86.27322543555957 75.47305957686142 65.90730320012746 58.18813013918337 53.12677359116339 51.51278908018396 53.658186787315856 59.155317174586955 67.18638383899199 76.96208376644786 77.05872288139683 64.80160835067934 53.41441924771959 43.584645361169876 36.589964664794785 34.215798133561854 37.35384461395865 44.861886797574655 54.977718398680885 66.52200470718836 70.93457897001767 57.45444294271653 44.28468307963749 31.813427693670313 21.305157503589278 16.9289055778691 22.58607780331135 33.53409789947699 46.149685213300145 59.37920198536579 68.73188919190112 54.78573198463588 40.839582892875924 26.893811559727126 12.950163646051381 1.0809464662800097 14.955421043641875 28.899689526740104 42.845559260278556 56.791723800933056 70.8175194911862 57.45118528439389 44.422013797161625 32.14296294740333 21.913843131533408 17.733094640029503 23.149747981628114 33.83131516037783 46.2644034811728 59.35830103614706 76.84308634208637 64.79583164280373 53.64200305947428 44.06555437179498 37.301998381481326 35.021000054427745 38.037738492117455 45.3059953442776 55.170215593993575 66.48468738906315 85.98423778090184 75.46561966925302 66.18397901383275 58.72892085969954 53.864407783136386 52.318178897616676 54.3740818086002 59.66085853111782 67.42265884628675 76.91369941767364 97.36739059407608 88.26278123710475 80.51011779450916 74.53260532638436 70.78151275939686 69.61771930021918 71.1682829664802 75.26561210155967 81.52657076671272 89.49814749108545
85.91784604752041 2.4669923112731706 76.96784060676133 33.01273622065359 16.22742794997276 17.614789875360575 98.40012376517896 37.82730326204971 7.013671295979841 41.274550682434594 73.27119742289234 23.99271248007095 36.472368450664746 0.0 30.009591837203903 38.8261683996605 49.725565630163 76.0656548077189 69.8090492694568 17.478144680063394 71.7190703942007 13.316851199684981 71.82970463447161 47.43132006043995 7.558936069035219 44.2561609259739 80.46172413821742 31.21098363072157 5.183757934711713 43.23035969978557 62.31055778015467 30.03596390619384 7.139876826293021 8.025369297913647 23.913717851794143 29.06610788759336 70.97747597913596 44.494652732637974 63.0413853351907 28.131257958966604 136.11547069631524 130.42634512758045 126.05130330361277 123.1305653792883 121.76886767008257 122.0184365316186 123.86952982245971 127.2522506832152 132.04889751112827 138.11216702377882 120.8279356707203 114.41131948814446 109.42116943014433 106.05910121766998 104.48244982933828 104.77187217313029 106.91221029718122 110.79621994399612 116.2492064021526 123.06270695129149 106.16051338518952 98.83102576466254 93.03634782404036 89.07660566418421 87.20218462230407 87.54715727009751 90.08602577200412 94.64236048628571 100.94327972198226 108.68570415403735 92.40895548992776 83.92792374242794 77.05348892578083 72.24584629816015 69.93263312177845 70.36034036210988 73.48111597423146 78.97630934510651 86.39394961463435 95.28603264125731 80.04668260784663 70.13504272015453 61.78532784728921 55.704531621757674 52.68433201314528 53.24813093492897 57.29020690283608 64.15641411526042 73.05466731443775 83.33646878697095 69.8156402815679 58.246503370116834 47.91995159877404 39.81506353472905 35.488279697434805 36.316147960076506 41.99490738056393 50.92681515291469 61.71511468445121 73.54725914675468 62.76680451654731 49.64966461451306 37.06649737711682 25.810765788477177 18.490825941059697 20.026855960483267 29.046303063445166 40.86248311524498 53.65843291114164 66.87394792572137 60.03178958322261 46.21932866150234 32.407362388523886 18.59741600745717 4.807991677430585 9.055413799412856 22.858570258164 36.669490674985816 50.481685217827184 64.29419709107766 62.182438533893254 49.051672669115305 36.404086154787215 24.984876205020953 17.407941171967778 19.016815740531758 28.28518664764234 40.22769645030438 53.06858524977522 66.28767557631151 68.76184591431311 57.22420768747921 46.89335009514518 38.74707861323503 34.37542057359389 35.21350941262338 40.94264732500787 49.90581701896684 60.686489570487495 72.47800612800958
77.00675231574054 29.466400978222282 52.63668825782108 16.887284083325632 29.950202954053825 25.85856426623616 87.05464458787729 24.39073642639758 29.93569925624946 30.02444959996902 70.62250296515928 16.327464142182542 19.336206571701716 30.009591837203903 0.0 9.152095401514973 51.4504166621791 50.642553375730984 48.83293818963064 31.2078509524814 71.04143926542548 28.284059723997654 51.05303668387721 40.42603553657101 26.541135709635714 25.3400278467636 69.63860875461215 17.584395499618815 31.463355340650715 19.002772492460625 40.92424595603096 25.757734243934436 35.0445409117573 28.6321951377432 6.097108165093336 0.94513401274018 74.00334312368693 15.29326550770265 43.4931266213333 42.008131220687794 129.98861585305502 121.52259419756494 114.17094386284897 108.16124817094301 103.72711104187678 101.07616801557957 100.34987742610838 101.58953752248023 104.72534012058381 109.59460220475981 117.01798182781808 107.58095236412782 99.24142799138288 92.29751859701645 87.08382798496436 83.92352412639428 83.05139431831901 84.53829766582827 88.26507436998786 93.96554482921502 105.29984238761686 94.75374835924485 85.21394859230531 77.05526630110654 70.75721105943924 66.84786421682448 65.754725188904 67.61453837713374 72.19944000320389 79.03654025948744 95.29735809369112 83.55582236292844 72.61316986378176 62.888011439377536 55.029837600743804 49.92823736529365 48.4618123762434 50.94546316614525 56.863909584132855 65.28958627585398 87.6002113584339 74.72328405436681 62.31073133072697 50.70498687026166 40.604106010867675 33.40260034741939 31.178906661117846 34.89795157369592 43.04600542294071 53.64130642406689 82.85341585309557 69.16830210298872 55.59929350987979 42.25867008063105 29.458684843149317 18.367128819005423 13.94326970427719 20.95247528218405 32.72800400075386 45.724760608911424 81.57365337747632 67.70251072703572 53.83897321885061 39.99125520998446 26.184825560391527 12.557150141011293 3.926691632995319 16.089058594388064 29.799248350083527 43.62134809618921 83.91968929028631 70.58113776864471 57.48641608575181 44.84987828731918 33.19919209511377 24.015109947711853 20.859928858606132 26.027327601036095 36.105089003484295 48.09983976956626 89.60718996871627 77.32047054718548 65.64632838257748 54.97661743235632 46.01562681410359 39.93096391851086 38.12568615071257 41.16671163986265 48.144251941581516 57.646087994691996 98.05643097504962 87.02818181076982 76.89533291628416 68.059173804425 61.08518441958248 56.665255144917275 55.4140130707904 57.538568821313184 62.696649283525545 70.22287829003803
