0.0 26.20685531659339 25.900736241323635 81.8850677926911 19.215488824305158 82.51156537712528 22.9325161375979 40.326341624350526 13.534635221017986 61.89620410293281 27.002771899559313 24.975761876078476 62.306187301773434 16.251911045332815 46.607520319632776 62.071437977451836 25.67286252933496 38.360088181341055 67.22795093484744 31.218958314529548 59.16585907358753 26.408078815971344 25.279012629291028 82.66094990377646 16.550920880904595 79.66876054428735 53.22090668265067 52.17886896679192 12.703612615789018 57.629308300044805 20.71589850641285 10.06440830285213 47.64186623300136 19.522146872124036 5.656026728462173 62.08170480531491 27.273330680314135 38.64245854629602 65.00424489342262 50.45221067364037 80.52051432831644 73.80107872225389 69.35270371280154 67.62512243831287 68.82355420236165 72.80362947595523 79.14676052160164 87.33951897817208 96.9138516123424 107.50113356436157 66.59202933300665 58.32914300647267 52.61559538623901 50.327361219874916 51.91935590105221 57.06774257116601 64.93195243658762 74.65855227175899 85.6150149648995 97.38699832446969 54.62735473032553 44.23446626128562 36.41039270115953 33.03396715274618 35.40155685293585 42.56519827074153 52.600500222574844 64.17402997765464 76.59149605063686 89.50218458653818 46.17901872347875 33.313607809463875 21.948689453020542 15.759323598307738 20.23941067204654 31.073703511147812 43.774104565306516 57.10877046763019 70.71968660973815 84.47327700196308 43.35389287084973 29.35326733926803 15.378091364512645 2.045280087933066 12.833942005748849 26.796717717131543 40.79506425762232 54.801606269288555 68.81119973051487 82.82214612049002 47.1733256749719 34.815822840404586 24.288657282482895 18.940001503021815 22.77057743622418 32.69959014077767 44.84426089872386 57.82490189978217 71.18552289514697 84.74645200546624 56.300885026539305 46.49062394677003 39.269638455339454 36.22123326400394 38.35363258500499 44.93520217798393 54.37355638335982 65.44403222869884 77.44976732445029 90.01718861348814 68.65100891884202 60.9042206104593 55.61458971785945 53.515842676076886 54.97468394141708 59.73099428757962 67.08699547879608 76.29431350665645 86.76545726501453 98.09641809353707 82.79394161112755 76.52437154013587 72.40561530562987 70.8140289168063 71.91761552461661 75.59841960478481 81.507985628535 89.20438350663613 98.26857593804614 108.35774138347055 97.95619878482276 92.74343194644983 89.39170050564633 88.1136854379818 88.99878525750604 91.98456663580005 96.8769524198072 103.40561224653473 111.28284587291998 120.24380595276732
26.20685531659339 0.0 50.80707838035226 79.83243710125718 29.890948653234176 81.5995275978005 38.95194032813974 64.37568765455546 31.071434369893975 62.881568064328185 52.94839894525538 1.2542553338171207 67.46800019247708 31.89600612523189 58.168054084300586 69.21963786466331 42.3819547251874 50.32951072301701 84.51461271457599 40.88473996937843 66.60963897052272 3.611453261429151 48.669481500489596 80.19074634643576 30.388763386786422 79.10674081907685 67.31487818983094 74.71720005869318 35.28181757565353 57.96786728759212 46.91084077447664 16.370376512062958 53.80532802681325 38.058654127447205 22.99019563073316 66.78720511106891 40.64435202540605 57.2362562137375 80.8678688280241 58.9458650913286 74.72693343242567 72.68110162380474 73.35255728955993 76.66993259505585 82.313900051907 89.84700101069473 98.8381323451744 108.92672940588795 119.83581101655273 131.36098531460246 58.052315297999435 55.406491553074254 56.28042038037527 60.521807247338984 67.49875946484914 76.46602568393288 86.80888414581305 98.09304890228826 110.02915474221747 122.42652005664878 41.889618402814676 38.15664582628857 39.409222830794576 45.23505730643857 54.17834676817007 64.96401053761912 76.8197906504506 89.32044507521624 102.22953562718841 115.40993448165369 27.16838301526358 20.992700558220328 23.18191188693333 32.066217975867204 43.740259825329964 56.50037464071317 69.75292117643355 83.26295320274973 96.92270521658914 110.67659624062267 17.894525103094185 4.916388335372369 10.973982960434794 24.677620018763474 38.59836450592706 52.563885817734324 66.54586161484858 80.53557379257879 94.52943134070445 108.52566861734117 22.38345614384251 14.36529892916796 17.38299841732046 28.079141601425043 40.80641490498179 54.151010501612134 67.74898738669846 81.4734295261013 95.26954268827949 109.10998285043198 35.784581547023535 31.420793973220306 32.90322225276118 39.58032497489005 49.3882536051865 60.83092858715972 73.14499842226124 85.95663205320344 99.07284143372517 112.38688438460817 51.56321878345329 48.65063530945096 49.61641365441257 54.253817615933066 61.74092672445875 71.18407051755786 81.90939021082164 93.47645303187409 105.60890031825919 118.13251466298615 68.0860255365741 65.91825149107527 66.63083401776576 70.13602494715784 76.04860822640879 83.86084906666193 93.09563643469448 103.37230649837035 114.41032083468727 126.00962690854826 84.91972858314918 83.20012611041003 83.7631222468183 86.56418389563001 91.39773484701377 97.96332071092824 105.9393163522872 115.03261290363405 124.99949187939603 135.6473993104038
25.900736241323635 50.80707838035226 0.0 80.61927081351958 27.560591347611727 80.05301801335123 20.685017675189737 14.628352126428627 21.637956407127646 60.308959902279504 6.6727453729644575 49.55359763532656 56.30764511545731 22.63615265223907 36.809053142589704 53.95796465968058 19.65068716730652 31.03528370364016 46.96434445114818 30.598277936146292 51.249386453457916 51.67931608271923 5.57415414926956 81.72777225359233 24.63943863576937 77.15918809905136 38.5923693855238 27.32990385718309 15.812262712109384 57.50195498463323 12.440001262585593 34.6090456859941 43.89978260067772 17.507030314903385 31.138567584038917 56.609360569947086 24.762477231008628 21.421432916830955 46.537955520484566 43.2841408615019 101.19801311288563 92.14179431080662 84.49031576338609 78.65473121001041 75.05986741756861 74.03291300779274 75.67849405011007 79.83149090992407 86.12990438736945 94.14403863995321 89.20431112981994 78.83206532211807 69.77952932983501 62.62182466685789 58.06409132704122 56.736477740857154 58.8579877110856 64.08696926376129 71.74712157227303 81.15280228562808 79.19893330348907 67.36154594827521 56.55490755971221 47.48820165672429 41.32319638327536 39.44486272430523 42.42644666233793 49.39556263486945 58.954581921019816 70.05106647162212 72.01543997763157 58.816326881471575 46.113317216524564 34.45977158549679 25.347332598185822 22.169349902999375 27.100856788936166 37.032592088263726 49.01367418036649 61.86456010282086 68.54682195897432 54.587927502006764 40.658628610054826 26.805458549466096 13.269545326786112 5.077060742766905 16.359153533034714 30.026878554734907 43.90605921209437 57.844558669726695 69.35272635615179 55.66886415240513 42.17245233965668 29.12558235594842 17.560958098690588 12.601055802263737 19.9874904194272 32.10176451428367 45.29732956981521 58.85116334303678 74.29417980040286 61.781082290413714 50.026123099563755 39.708647374322055 32.23982813749361 29.84141852794039 33.61681194790468 41.93020897085376 52.675025852003934 64.65000521343144 82.63256197204937 71.64831406062072 61.84994622867046 53.88844026503166 48.67379829176666 47.12692970127974 49.592264730811884 55.53801269343899 64.00135063049608 74.12478808997672 93.463073404877 83.95688638875427 75.80847119278067 69.49720498860067 65.55595788920888 64.42125687427081 66.23751052101528 70.77788195238487 77.56540252000322 86.0699862465384 106.02472602390954 97.78924133970384 90.92380524654847 85.75820192449223 82.61199333143297 81.71880299131392 83.15127949821019 86.7943292124808 92.38676693671569 99.6006934869158
81.8850677926911 79.83243710125718 80.61927081351958 0.0 62.744945355043136 3.751917193662607 62.670969208224875 80.53280239868488 69.46576293016139 20.516699064312583 87.2761635613182 79.50374818509586 25.739368698493976 66.64018732996531 44.994276218195324 29.989074099752685 62.04403772719829 49.58668014895559 61.0328414961215 52.1610879750632 31.757904549587845 83.42735435424262 75.07997124314659 1.4190975339420564 65.73287447213896 4.799977590607491 48.97058153138253 77.45889213282595 74.41343639456925 24.309662441019764 89.93462237545018 78.44287733308217 36.77275415853385 66.97390586149838 85.35905273352434 25.02221311436231 57.676266729435746 61.97814713678317 55.242172414657524 37.917037377440636 154.54133005143785 151.57235457083752 149.85539701194546 149.43364467832168 150.3180060033169 152.48574525182397 155.88330076523928 160.43251144887444 166.03868116233235 172.59877140684446 137.858483639882 134.5373048418987 132.60890506555327 132.13430611264803 133.12906388197442 135.56082140305645 139.35433755666028 144.4022781288536 150.5784688512543 157.75036364840233 121.349110307651 117.5802051925771 115.37901182894926 114.83574842707249 115.97372415557285 118.74459700369295 123.03805757074448 128.70175837936304 135.56399139085022 143.4527689665799 105.09499453966167 100.74042608257022 98.17445705199965 97.53838709274405 98.869479932558 102.09080056246071 107.03177146361426 113.46790195419624 121.16107082667806 129.8880093448838 89.23572953841501 84.0884818315823 81.0113858861659 80.24299577792262 81.84837049692172 85.69418314782834 91.49831075908486 98.91655281715856 107.61553442062271 117.31057656785966 74.02553086312581 67.76298872946755 63.92322150730134 62.95119824985562 64.9757629209003 69.73638731230139 76.72539291816041 85.39731583872816 95.29370523220399 106.07226845213006 59.96039740874067 52.07190261360489 46.99175280293412 45.667077043365126 48.40719062928536 54.60351297841239 63.24820347572769 73.48208059092661 84.73114013876139 96.64139512723864 48.05648280856534 37.81341002277042 30.47924530022095 28.4046486546275 32.60942755441132 41.21447279891273 52.08251957540879 64.07205528205579 76.658533811295 89.59057276311617 40.27788558512101 27.330119810141788 15.762516791937388 11.264092489736749 19.550083109497745 31.85013549347126 44.98384961085036 58.39124808523132 71.91929051269192 85.51058743038233 39.16499507594162 25.743493463031502 12.909006783310366 6.7564094723802 17.31326246304462 30.47849599625534 43.96827133782681 57.55471242856403 71.18234847657727 84.83117797357797
19.215488824305158 29.890948653234176 27.560591347611727 62.744945355043136 0.0 63.30931629985057 9.476238446400716 38.05740818630971 7.420005516808577 42.68291462180093 32.57085386720836 28.796153121231796 43.43081885784079 5.168366376803093 29.61587942567101 43.643533457446416 12.80936087113333 21.34706820240034 54.66006978105012 12.690091505063934 40.77551569477281 32.26929392403208 23.244568585529912 63.551174143610304 3.407404399384943 60.46106083668586 37.95377647575384 46.342590441271085 13.804129411699467 38.45577267418714 31.022495673066445 18.57998621579873 28.728627888507784 10.396156941271796 23.307327464591317 43.12773576017684 10.832399204126583 27.5623008145039 51.198854459491045 32.216468758486016 97.44259718065003 91.90020032240203 88.28540012838192 86.8393011301852 87.66930747061234 90.71295145238535 95.7593480042056 102.51308957700239 110.6619304102574 119.92170709533067 82.34812724008336 75.74038256569246 71.33198816723552 69.54253584584325 70.57155536379088 74.30202471324928 80.35854595650075 88.26350388192324 97.56855246218878 107.91200164550196 68.30865665837369 60.21854800608003 54.59766996555379 52.24919089549114 53.60498363978429 58.40764054571934 65.90785118884932 75.30377168636147 85.9760024829328 97.50623106526074 56.121611604397934 45.98533176653498 38.37018328318792 34.96434173367468 36.95073755776717 43.59844440070557 53.187400299505875 64.41715045664024 76.56901829548733 89.26707582076911 47.24301222296464 34.66608129592064 23.713893279308476 17.712877315036764 21.352579038591443 31.446884053398353 43.73396866538625 56.808272689928806 70.23138265245575 83.83577569721564 43.73640724876311 29.79149019789424 15.847361720795831 1.9236525047053927 12.0507737360309 25.994210156635866 39.939031563344 53.884039840208764 67.82898084724377 81.77373955216599 46.82465840233937 34.23503797397116 23.208648869140525 17.098784793460716 20.813998995344967 31.00325288046368 43.31625828280551 56.3781782559754 69.76951456982333 83.33146108449274 55.41595573723879 45.33488726143705 37.74726825775444 34.34748942994479 36.33093518230574 42.95829022629302 52.49929507543934 63.65695207798304 75.71981689633984 88.31761469301071 67.43894917831919 59.47415759771026 53.942409190492825 51.63182356977239 52.96568737172167 57.691749770897765 65.07502975439914 74.32775687834744 84.84036282985996 96.20057409303064 81.38672976825752 74.95203854376012 70.66415730317334 68.92498796816867 69.92498921545511 73.55250890693927 79.44840321782226 87.15344323306608 96.23395786230091 106.33804859175024
82.51156537712528 81.5995275978005 80.05301801335123 3.751917193662607 63.30931629985057 0.0 62.671636662385126 79.3019268857598 69.8429481697793 20.66461077329282 86.72375063357872 81.22118595786631 24.33574667623415 67.00334171072019 43.92772397294199 28.188594099815194 61.842899097974495 49.05027504055819 58.41942157206284 52.29224578077179 30.204582749638803 85.17767538763272 74.54985655855198 4.9113450552780495 66.19791504374741 2.910757179593689 47.1921985235815 75.66541207088564 74.5585431616226 24.92619997408751 89.72147815365138 79.50194219963099 36.45844487764461 66.98468584410784 86.1778797347489 23.768276603027026 57.6564681102935 60.887668717235144 52.70552180657787 36.97291405235509 156.2265251904413 152.9473980255102 150.89834727361185 150.1297774001781 150.661297103022 152.47930370985182 155.53866717656317 159.76804963232948 165.0774878134158 171.36654894386876 139.65180599572258 135.99064987397193 133.69262293778107 132.82852691650663 133.42623644734303 135.46639497084885 138.88542201500215 143.58480391882333 149.44374012805005 156.3318341752445 123.27705155929189 119.13318894498552 116.51539018542256 115.52748010616565 116.21104741688474 118.53716932928141 122.41221221920584 127.69519037522846 134.21988413738202 141.8149217196106 107.19393986280808 102.42405053558143 99.38142369773108 98.226744590476 99.02609430084543 101.7334119087091 106.2028471545756 112.22400309022858 119.56259652128985 127.99212099007097 91.55629320077186 85.94978250718934 82.31774478448278 80.92652001844091 81.89041460867669 85.12945391863582 90.3993671359747 97.37089704224658 105.70781915949584 115.11374990579286 76.63728652220446 69.87670329286627 65.37941067906205 63.62722316775241 64.84308366091587 68.86995709593907 75.25790460263681 83.46649512857114 93.0148532878971 103.53284101599805 62.94995890380697 54.560533156784224 48.69739294078146 46.32989326637308 47.978368397899885 53.27127083525702 61.27123814413206 71.06982147615393 82.0248388575192 93.73155440273042 51.48617043775894 40.86146667619016 32.66676172941955 29.038045533393984 31.59010938885772 39.13177535672634 49.42957449076801 61.10550497207637 73.50562430302791 86.3182529000234 44.018847629910255 31.002849947410112 19.01344442042961 11.775855086433328 17.107280026126666 28.69623022171292 41.6065720427747 54.91398227182977 68.38691962785704 81.94363091875321 42.69891013844479 29.178819650176596 15.95673274084984 5.731233194114583 13.641696749559602 26.72754488410108 40.21985370692598 53.81363821493125 67.44743216601059 81.10091173528994
22.9325161375979 38.95194032813974 20.685017675189737 62.670969208224875 9.476238446400716 62.671636662385126 0.0 29.19881446898137 9.637165184190222 42.16174125480487 26.671837435838153 37.80914726652085 40.587256681329755 7.511430216177515 23.710714701435943 39.71400627902076 3.4306104869857266 15.56140849613907 46.088084070420926 10.638050794526462 36.804957745891436 41.07940960066319 15.552613434488775 63.642871033892 8.627521610713805 59.76509613208045 30.553859267753385 36.894571460471866 12.108378915534189 38.64170744919097 27.49992565893356 25.84423152328029 26.384459865017387 4.313336213750558 28.151963826128124 40.54923171843528 5.018100187459928 18.284596124978517 43.0898663534934 28.08067630248143 103.304302538318 96.7232406682793 91.85263454668915 88.97390410000308 88.28216205180112 89.82795668651976 93.50035654730694 99.06308662767852 106.21949853544912 114.67151299461881 88.90701680813903 81.20400847076 75.364562853451 71.8446222745795 70.99010955506571 72.8948338051307 77.35521475645218 83.964894014795 92.26301569837887 101.83756790622274 75.73530287577762 66.5695333322941 59.34171109257755 54.82387134071864 53.70442013059013 56.18686710627146 61.83891039953366 69.89574802471664 79.63066669821782 90.50365978319537 64.54389448363183 53.55016913713253 44.291878455809346 38.057548105867234 36.43415152449579 39.98729200290098 47.57080452048255 57.614508827793955 69.05301520290169 81.29958477337017 56.52160894933978 43.617021120697494 31.635625478047135 22.131652602698004 19.220916260196212 25.29259288844437 36.06412427968309 48.498984872526165 61.5978210284079 75.0134680438496 53.12409990900743 39.19151079806503 25.269855206429536 11.399829212670621 3.1864424171943857 16.708058987110267 30.609960657417357 44.53734736847652 58.4718822979965 72.4092959869906 55.21184160961565 42.050096031008295 29.580886488663023 19.204560533559253 15.797999161279494 22.744569945780047 34.23488479470798 47.05000487106929 60.3516967511527 73.87746447001012 62.235236534783674 50.98188603977552 41.354595745621296 34.73308458159604 32.98050497712978 36.799238249216394 44.78609155111303 55.15917400474168 66.81609386388774 79.19180021611548 72.77912907472358 63.47283594137111 56.07215720492767 51.40692719730031 50.245041630175095 52.81822276656071 58.636760397930516 66.85858109542976 76.71473336191153 87.65552201647047 85.55161214573873 77.82772751990841 71.94915926125678 68.39349488969381 67.52872186790965 69.45543624141433 73.95575946104947 80.59968440295934 88.90785706106969 98.45977712594724
40.326341624350526 64.37568765455546 14.628352126428627 80.53280239868488 38.05740818630971 79.3019268857598 29.19881446898137 0.0 33.793015767322956 61.26909355462548 17.06625620836226 63.132280028703896 54.96619433364119 33.899572675420565 35.57812426233921 51.486764564763185 26.655757665772672 32.86497035343719 36.084396052047296 36.46794171319515 49.18216659507624 65.55144584768256 15.712512994701335 81.7823464799709 35.83011346621716 76.51684200405705 33.345344214709 13.255877610035311 29.117811007670532 59.52771433774085 25.439489311156635 48.50951817374149 45.38336233478766 27.75063112700806 45.6786629521357 55.567575353020295 31.459829460271656 18.6948757289196 37.176130341827275 42.71919623333299 115.02071127906808 105.38866384685365 96.86327045616673 89.76055220962662 84.44039379068988 81.2537784261977 80.45466728089876 82.11280585216001 86.0862988660317 92.07582661465233 103.51545873528516 92.74790761957208 82.98065832710672 74.60777848582086 68.14533073510341 64.17319784170283 63.16302548082962 65.25253512760135 70.16532007968804 77.36533252949785 93.80734211153471 81.8307371674131 70.62425732731035 60.61675049163636 52.498595315418505 47.25394254846292 45.87914191432204 48.703039672783405 55.08359549210908 63.96511106981069 86.50355908469629 73.4101900318049 60.73286889016391 48.79719481536064 38.30312429649903 30.763351637550365 28.61707727894158 32.93616679744808 41.76053045516204 52.880810482376255 82.24715860420791 68.41442635531244 54.66147252285223 41.06881975094378 27.872326120722118 16.07934930414783 11.475719388140323 19.907495332594923 32.4405668356346 45.82497928883786 81.51690331887927 67.60697260327905 53.72123758199528 39.88528101793338 26.17850659671775 13.016147532416195 6.569682888395222 17.50822477299496 30.97657034811364 44.745740164712956 84.40436611372184 71.13060546411788 58.16154855716837 45.7572866359826 34.532191700490465 26.057775645641577 23.52324181155972 28.55660652395069 38.280732825322396 50.03136741564284 90.56417379621539 78.40353691481832 66.91980026851404 56.527240078756755 47.941013040808464 42.276567967142 40.77056109116299 43.853550538088335 50.695070390826196 60.023313092062146 99.38975397569808 88.50625653322633 78.56496152496842 69.9688102921468 63.26863054325119 59.11278777916033 58.050391663996166 60.245334181048314 65.37029049456405 72.8090820570437 110.24272256433602 100.5897189957128 92.00731636483583 84.82125858822086 79.41164210557329 76.15804692491889 75.34036678494091 77.03621851771734 81.0880302992098 87.16783048603077
13.534635221017986 31.071434369893975 21.637956407127646 69.46576293016139 7.420005516808577 69.8429481697793 9.637165184190222 33.793015767322956 0.0 49.178466740179005 25.94680974796911 29.86056130453903 48.940757444621795 2.8452263923140793 33.13601289403747 48.565410530697704 12.730761245937606 24.854291081192734 55.33210904468311 17.881016868437737 45.65720332735167 32.7523039044957 18.207312967649578 70.32535830924122 4.021211291160518 66.96625083509049 40.187557826529236 43.64768091447394 6.580838236336617 45.160588232404834 23.710101924484405 16.599045684428436 34.34665559426757 7.195381224877525 18.567453991762846 48.76671917484655 13.744339739154292 26.992797528410996 52.57156237852805 36.93479822736486 93.69323684837379 87.29263560116158 82.82724110797449 80.61933016478888 80.85408439314034 83.51090365215946 88.37156985177594 95.0986909548395 103.32827974421257 112.73166441141302 79.27473836775476 71.63356870575788 66.14524128362724 63.371675806260086 63.668692094058535 66.99545940032593 72.9385409761985 80.92347000564426 90.41076110542647 100.97772373049578 66.25140100993926 56.933646953416655 49.88733034998045 46.16465790435115 46.56967905329858 51.00414977782731 58.55966447954001 68.20671651517138 79.18441386231534 91.0123990985453 55.61218040002746 44.16129753508545 34.65559441894959 29.0705251245797 29.70658050899705 36.237634742642435 46.22926552355541 57.91723026557812 70.4622623852421 83.47871861244586 48.937547574578474 35.46418333038415 22.627117132790815 12.559007495604801 13.962095408748201 24.97238898939924 37.996879088839826 51.53014796677681 65.25628543755496 79.07477287156922 47.91403757943151 34.1160439292207 20.534710737966417 8.31115841471251 10.301094850841142 23.082144936418555 36.72993047820975 50.54708637886284 64.42459549614898 78.33024014024147 52.87087016971786 40.85105460395976 30.497114135359418 24.06523396475287 24.819312365714463 32.259289837614446 43.04787925299005 55.25722520531731 68.12758301651773 81.34566311994429 62.398760473099784 52.65378358569297 45.13518922316659 41.08417047994715 41.5282703919134 46.33842152803379 54.36781369705277 64.42371564427003 75.70270786107916 87.73420580671159 74.77020920976027 66.89350674183713 61.180130368847806 58.27002736342334 58.58250149518531 62.068897215006054 68.2444544773886 76.46025465119881 86.13434700575169 96.83051378796489 88.80464820262938 82.31506312428955 77.76595082532775 75.50891709262812 75.74915831459286 78.46373593015704 83.41138477586836 90.22542407171413 98.51926124954979 107.95225566724673
61.89620410293281 62.881568064328185 60.308959902279504 20.516699064312583 42.68291462180093 20.66461077329282 42.16174125480487 61.26909355462548 49.178466740179005 0.0 66.94312396973648 62.36216177535253 10.521606289903206 46.33919641414842 25.871128468469543 15.587337616786208 41.54299159490345 29.35985830045503 47.93952352878679 31.688211344335706 15.642397120211914 66.3770817249452 54.74830819478852 21.52709501927909 45.540578416613215 17.793328306071345 32.13997018922018 59.86678356361194 53.95725678486621 4.9316725872703575 69.42675791596726 59.27904362954957 16.41483306749233 46.467791122601085 65.67996713076043 9.289803514858503 37.16272567011252 42.5748555734595 41.97976202956132 18.745727784227057 136.9670881495429 133.06057331756872 130.55155807577657 129.52131931367308 130.00503273776272 131.9860472037967 135.3986302368921 140.13819140052948 146.0755584642323 153.0713329401283 120.70268147532111 116.27169047803473 113.40516382937196 112.22309166781709 112.77846957291122 115.04613020483637 118.92813590180936 124.27324109455205 130.902269760513 138.63107348383926 104.77115799176556 99.65844170201777 96.31440884694538 94.9262135746609 95.57913390807613 98.23246920849088 102.73130062847976 108.84697605229822 116.32468177029432 124.9199666999972 89.35075786644579 83.32594529509879 79.3152685248521 77.6315871097137 78.4249415390252 81.62312449091785 86.9611690900587 94.07544802045838 102.59703145280122 112.20563089406484 74.7584407858357 67.47837044040284 62.482562304238684 60.341148349500976 61.353769644339806 65.37401173086255 71.89906752781756 80.32070484070559 90.10861252397876 100.86570828701353 61.58567332929224 52.5562266196018 45.9993659126811 43.05994222608315 44.46134974499508 49.83872872828539 58.098305264218254 68.20074276447046 79.44598890871426 91.41313140243749 50.9457555008647 39.61934624644576 30.438873796327318 25.80652317350064 28.07224911078838 35.954789195707924 46.69107429963776 58.736419562688646 71.4315068535862 84.48379760981472 44.68611642597678 31.239996780717693 18.325411672831375 8.74689805071642 14.071378630133271 26.463283325999598 39.792033693912664 53.36002843445237 67.0219897073082 80.73007807472756 44.687046809160954 31.319185208228618 18.542618190164575 9.26031242071796 14.37599389237344 26.581466778990286 39.8178559612066 53.32277438534484 66.9337430050921 80.59690400455149 50.94820367214511 39.80646287651902 30.83097415085999 26.338415293319706 28.531520843813976 36.21538210897183 46.75706944199793 58.63483507198707 71.18284004176819 84.10147647981337
27.002771899559313 52.94839894525538 6.6727453729644575 87.2761635613182 32.57085386720836 86.72375063357872 26.671837435838153 17.06625620836226 25.94680974796911 66.94312396973648 0.0 51.699026191471944 62.97175409548313 27.45535955216373 43.44330721325649 60.575189788923474 25.99907238774227 37.69767631448102 51.91481887138826 36.89725766841828 57.88209340422436 53.38592432220973 12.197897502868395 88.37945412184871 29.407518621961465 83.82925148240597 44.85141855813308 30.322066429524245 19.52726827465987 64.0756095071914 8.518944382148591 36.57808191497595 50.540617836084806 23.087923549372853 31.61431853558431 63.278934641739774 31.028196475360325 27.74095732506758 51.99301783753244 49.95218172082956 98.02465955241964 88.32386529120518 79.95933465310648 73.38953611081023 69.12818517584813 67.61323675943838 69.02578042384727 73.19650925529258 79.69349495093243 88.00293578821373 86.8647180883636 75.80251884923784 65.9154943886124 57.80995479831688 52.32066139868204 50.31146233441279 52.18590536180356 57.56583442824256 65.59424161359689 75.43004913483853 77.97957359484472 65.49531706303345 53.80440882333974 43.5507452032594 35.98485564862314 33.009851606181485 35.789547991351654 43.227669692704026 53.41217968940451 65.06586048184055 72.21383405628075 58.58284100398242 45.207092621570744 32.404530740989145 21.238659710328438 15.708945464083614 20.907592977607305 31.971039522350452 44.741729476501185 58.10454690331318 70.33883025755436 56.329033124602255 42.32201370406952 28.32224369942436 14.351449401379984 1.6140742923406786 13.859141911201576 27.827560379700607 41.8268906931939 55.833760614921985 72.65640740345512 59.26777113399006 46.23125859056268 33.95519157134052 23.655023503314734 18.89849485395689 23.361011463977555 33.545620767983195 45.78056601583824 58.799469053526934 78.79749560332567 66.71638050255167 55.51765938839154 45.85270168660494 38.88275681267682 36.19964893980587 38.70543334507393 45.551663374646004 55.144688552294774 66.30267400719883 87.96491557158345 77.38333263125116 68.01320859347337 60.42098261428448 55.343382812627176 53.501305242783474 55.21953418796218 60.19392998561696 67.71054672189116 77.0286302802221 99.32420002642696 90.13313996653983 82.26838632412498 76.1421676794884 72.19850322756719 70.8030955940077 72.10406377675798 75.96297904506208 82.01953797811524 89.83024806696022 112.2116586231894 104.20404829160631 97.5145273247406 92.42983245924414 89.22483016963416 88.10494102150393 89.14879551609984 92.28298310619176 97.30568376845109 103.94342372153773
24.975761876078476 1.2542553338171207 49.55359763532656 79.50374818509586 28.796153121231796 81.22118595786631 37.80914726652085 63.132280028703896 29.86056130453903 62.36216177535253 51.699026191471944 0.0 66.78720511106887 30.71858197654405 57.223503319597505 68.4654986041039 41.239701587728206 49.343430148232166 83.44073652938992 39.91805100428443 65.83676552582679 4.0239205475773545 47.427514213009246 79.88287787527752 29.23135375450046 78.70631902374994 66.31339884175262 73.50258412428518 34.03480014363965 57.4573522823785 45.684321953068576 15.121021382980752 53.033816084896074 36.865553161048666 21.829229740973926 66.12283039081488 39.571763814320406 56.09123379058047 79.83319201472872 58.10915384965821 75.03759567977758 72.75481934336516 73.18137557895498 76.27181562688656 81.72444878748024 89.10661283608701 97.98306297102434 107.98582484474774 118.83068739720017 130.3074335112495 58.44984675137635 55.50271568803254 56.05815352762944 60.01898936388327 66.78197661265982 75.59870547599647 85.83855050045037 97.05197691018964 108.93862203068223 121.3005902714112 42.436308368931165 38.29559569489079 39.092615822587575 44.56320535828485 53.28682838129688 63.9456082543184 75.72665048781097 88.18115934012869 101.06030575389485 114.22038484678458 28.000139528239448 21.24305393129439 22.64203693157013 31.11575841422691 42.636211905589136 55.33189032946571 68.55280560104445 82.04529413122734 95.6944008569362 109.44138418478387 19.128178745772978 5.890290387712748 9.787964579305418 23.43528395287446 37.34854562795774 51.3117538876667 65.29273648152406 79.2819431019722 93.27551789874744 107.27158978028146 23.376879466222842 14.725392734936921 16.66312859098227 26.99899273294415 39.63190587849847 52.942183689932534 66.52434470632818 80.24029848859513 94.03136206073842 107.86857058444699 36.41128434897688 31.58626839890069 32.53042649446088 38.82511616998796 48.42694368594975 59.762482109604065 72.01755452542893 84.7942644733515 97.88842010402894 111.18777005605682 51.99804443638207 48.75716359016757 49.37115180971747 53.707956998846456 60.97832888880784 70.27755295296915 80.90896489721806 92.41380773406922 104.50387292997169 116.9977309348542 68.41435145751684 65.99653885750156 66.44927240951655 69.71664511928688 75.43375319708562 83.09642204785455 92.22085317906763 102.41698696079413 113.39597458083422 124.95149067054898 85.18193592741123 83.26186864825138 83.61946045096678 86.22637375337662 90.8892317967929 97.31288194244402 105.17510941485705 114.17902329954528 124.076208722575 134.66973728210243
62.306187301773434 67.46800019247708 56.30764511545731 25.739368698493976 43.43081885784079 24.33574667623415 40.587256681329755 54.96619433364119 48.940757444621795 10.521606289903206 62.97175409548313 66.78720511106887 0.0 46.13035169300395 19.708123361649605 5.142178161249252 39.141565682503526 25.726749861281434 37.76748338042886 31.09127814986847 6.07653722320962 70.7992784145798 50.90111731748613 27.050867843009886 45.77134600295805 21.563012623044788 23.386662214378056 51.80792634958861 52.69546191854752 13.453786333090934 66.6457232893682 61.379718533673255 14.702605260688834 44.82954424206811 66.72516761475157 1.2351259353279596 35.651854631350986 36.59731312915096 31.796087961668263 13.040468423889054 140.15752958258457 135.2381742896517 131.63631991858637 129.46203186911322 128.78766575182243 129.63664097010056 131.9795516186951 135.73902956995911 140.8015999732337 147.03265346049747 124.39053849594633 118.84631764730783 114.75020965321335 112.26090149403775 111.48611349697433 112.46129823638587 115.14198696412932 119.41333853842947 125.11248532850644 132.05462064809493 109.08977090257584 102.75327812029226 98.00923725359908 95.0963463371227 94.18470022475788 95.3317422425837 98.46553674642577 103.40556833024894 109.9084875498161 117.71547982077347 94.48200486865359 87.12479913266671 81.50288728971941 77.99251850631029 76.88351976272929 78.27803725201359 82.04849992384767 87.8896044554013 95.42177690025589 104.27912182813613 80.94331011892238 72.26292684969994 65.40902662587321 61.000521089079825 59.5827749160383 61.363455835757506 66.08449440782974 73.17894813417253 82.03324691531216 92.1413371655267 69.10491113473921 58.75232832482626 50.126549550765844 44.249372619690114 42.28300040437026 44.74604862185317 51.0007265733436 59.87018621983156 70.37250822478792 81.88166147684701 59.98213995891127 47.75402688944014 36.68393727212315 28.172027886925722 24.986211809867143 28.94229744737048 37.86419772599615 49.11644139592082 61.43146140381847 74.28241154095805 54.944741026849734 41.32509647522196 27.88299868995696 15.100732009600556 7.712524809060948 16.486869166332692 29.411400450462544 42.88490762879182 56.51599073475188 70.212794769365 55.12432403571464 41.63875150891096 28.42396975023475 16.159017084367434 9.66275831035891 17.455362711845687 29.917772846644805 43.17997983834416 56.68322670332731 70.28859182898387 60.47443026360938 48.56452583685457 37.9090038782119 29.881571795718497 26.943799997579223 30.59861237073687 39.03620673643878 49.88597884101366 61.89198164961759 74.4971505513282
16.251911045332815 31.89600612523189 22.63615265223907 66.64018732996531 5.168366376803093 67.00334171072019 7.511430216177515 33.899572675420565 2.8452263923140793 46.33919641414842 27.45535955216373 30.71858197654405 46.13035169300395 0.0 30.592976299236334 45.819531166707236 10.839229394988624 22.276199468877873 53.57214008761414 15.054300084098102 42.91401598486935 33.835526345820135 18.639805510514506 67.50565950777944 2.0061031620460605 64.12553023339879 37.95436694455837 43.0714824707114 8.698810398314192 42.33848646639127 25.908797051778194 18.33293242914899 31.51967234737767 6.292877973054231 21.115923649213514 45.94581224668608 11.141142958996399 25.520873168103474 50.59947578206597 34.20255866034704 96.1370979125447 89.91560449717088 85.59058941905485 83.45748397595078 83.68410234831182 86.25184356786401 90.96262968051916 97.50628441781998 105.54235837720024 114.75765083396398 81.54725325154273 74.14666312497633 68.8631649212754 66.20565544555139 66.48979453519787 69.67960129543394 75.40719314210196 83.1497126415388 92.40194304971506 102.75677419365275 68.23686634210466 59.23974540935652 52.50936756270039 48.989176776651775 49.370738637280674 53.570741278476405 60.8029333934823 70.13540579818746 80.84393684384577 92.45147093354257 57.10768635851052 46.03993139646001 37.02760583292905 31.865396850449144 32.44626564989359 38.51120580049364 48.02557436999811 59.35298479040983 71.63838738670684 84.46465492024467 49.648849454130925 36.45149095881371 24.157094582179163 15.151931841343409 16.332903613123705 26.364991749880794 38.91814526164331 52.20421135984322 65.78045567272096 79.49820754057102 47.61755097617235 33.711350708594956 19.86953841060055 6.517055126334278 8.91518878262262 22.490526326309585 36.352378469876776 50.26414017061808 64.19323584304728 78.13024825328212 51.658073597375044 39.27985747725422 28.36800323808781 21.309069041648293 22.156504832817422 30.253031676211982 41.55810345784328 54.09610996846156 67.1801167450591 80.54433562161297 60.56718973623723 50.47838451857205 42.58403893294027 38.26740501040295 38.74343927124658 43.85634781264629 52.26244979301576 62.649785821975456 74.19068689578643 86.42411658717205 72.57351359221724 64.43551402027764 58.48733921978103 55.438484791196444 55.76657360373611 59.415685874995454 65.83584514850206 74.31220247327083 84.22613214656272 95.129120006798 86.39529949794449 79.71519110999549 75.0123259150683 72.6716612756258 72.92105759798916 75.7349283960829 80.84590593877076 87.85392667485917 96.34582517404328 105.96534639420351
46.607520319632776 58.168054084300586 36.809053142589704 44.994276218195324 29.61587942567101 43.92772397294199 23.710714701435943 35.57812426233921 33.13601289403747 25.871128468469543 43.44330721325649 57.223503319597505 19.708123361649605 30.592976299236334 0.0 17.17214657946114 21.375098719450726 8.33736735057078 28.964531738920833 17.344975275727535 14.440338228137339 61.0076880793803 31.520189076176248 46.22711990024187 30.90290810067933 41.095522465680624 10.155277457245223 34.367690296957726 35.40093921981306 24.82022211961115 47.67391949380585 48.15696350670592 11.376833287796472 27.53613881362483 51.68956228212528 20.169532550342534 19.45577349838697 16.985512627808603 24.0213259679206 7.157576501162643 126.70712025607469 120.40818436622612 115.48630619849402 112.12305346972401 110.46093618750058 110.5767160337467 112.46490060950343 116.03897454794638 121.14977371004758 127.61272929853232 111.89158198456589 104.73917188062455 99.0685092796739 95.14498887188338 93.1896087753138 93.32618946981876 95.5457582202695 99.70927735456222 105.58697937007909 112.91140453723203 97.89511197797262 89.67251448412067 83.01060262286101 78.30881402954596 75.93221562083419 76.0990043040414 78.79302793672112 83.77078107340549 90.65679436096966 99.05380258059472 85.1227044603166 75.56935917215998 67.56965865146536 61.730733522945876 58.701047517088206 58.915639469900555 62.34101283926136 68.49711619883675 76.72939543794001 86.44663251339247 74.20910803811093 63.079304861838295 53.284757655634955 45.69254016987611 41.528761301579 41.83013262237392 46.50993232743744 54.4506518642015 64.45810650466386 75.71709633044338 66.08179517097875 53.34765058163985 41.37124644410343 31.042626377801003 24.539284341897122 25.043576406859806 32.22820226618436 42.855564917441434 54.96359225611756 67.76305053225812 61.84909559943602 48.07959450743043 34.3889905652139 20.93305369672908 8.855978879373579 10.164386172945798 22.646225523738725 36.152908534380884 49.85826975533638 63.633931949059395 62.30981171740345 48.74449156741901 35.38832177026797 22.615315189074924 12.385219939224013 13.347736747733133 24.202424105878745 37.09681309460282 50.491576150160725 64.07353205809294 67.36771988407364 55.128086970939144 43.82661256816298 34.400928541589316 28.75886661719271 29.18428874048598 35.4594758519468 45.21085802360505 56.67144846467235 68.99457705307223 76.11177152523877 65.58116309317522 56.46165625013821 49.53894374453317 45.81991456122624 46.086838091524015 50.276264934245404 57.537615694589256 66.87756342591273 77.54856383047301
