0.0 41.240684277025174 16.80542204298027 46.16238653361083 52.382199053585005 23.05025859087268 15.019924222658501 79.13062897484764 61.43360804171042 9.347070160329862 33.56266341949392 14.156410703000114 71.40146802997896 55.10088192557447 49.75301612736672 30.833581276063423 4.943127788700474 26.763037074894463 56.469824892875224 43.688993418021234 22.61862723441793 25.30252630006681 16.550488580607233 29.680702727960707 9.904850780484109 43.259090724077176 12.300213727980436 15.295664041358943 36.67211552033284 13.16054620831221 24.947293808680254 54.27750005133307 66.83421195945415 17.973040780222497 55.6730921788732 21.771069448379087 3.805533313458777 29.861424020049075 65.65306517605349 38.60988797321652 120.40971420208382 112.47797559024372 105.83540682962294 100.73745603975847 97.42697359420939 96.08893340424244 96.8051784209072 99.53135961654783 104.10966527144873 110.30966324133094 107.00233965214325 98.03446224866416 90.3727568936061 84.3739270529126 80.41109336032162 78.79211666360423 79.66005521318071 82.93685676735733 88.35487230030843 95.55048325855122 94.86406306548328 84.66943833214954 75.71024494838578 68.47330341900165 63.54986253591346 61.498176850156696 62.601271105290174 66.7027977598065 73.30109414819208 81.79405489154333 84.5432941493055 72.97786644295334 62.41435206585526 53.45031518905945 47.00998258403271 44.21049021954529 45.72555971679099 51.17337787176562 59.4829659270093 69.6371991016981 76.77652678042348 63.88522049687181 51.55352218509871 40.298738249563854 31.30501937513378 26.941097175304503 29.35042416774184 37.24078855193657 47.98022463263293 60.0592299366561 72.39053735227597 58.61374420550365 44.92976861644067 31.46028628693028 18.675715647020287 9.78731682146421 15.19147478832089 27.454478988243896 40.80057063802963 54.43879334938668 72.0057850928459 58.21097685344691 44.47816001783511 30.890453542856672 17.784060647424617 8.029570730492873 14.10061465579919 26.820344078035237 40.32340587419165 54.025483441408916 75.68331804655851 62.77070851340281 50.365002547692335 38.953816565155776 29.706491085733152 25.137024956547727 27.66923708937618 35.827693922663485 46.75439494335036 58.92896588107249 82.88416331914358 71.34776151236484 60.77552465463143 51.761846257224114 45.24810220846619 42.40258981729809 43.94381581691302 49.46338850658662 57.833171450460284 68.00876926885535 92.79166332320194 82.70152055856286 73.82004785093268 66.63247578265936 61.7334450328151 59.6892184968036 60.788519771344305 64.87172194908203 71.42887288558441 79.85275132312603
41.240684277025174 0.0 28.781562602407824 23.32206511054715 49.49207647591569 22.62739111523949 28.41736513158743 50.361701335763485 24.142989161858367 32.61082521057267 19.471511700794018 55.353386396415395 33.30795806908578 34.22970845992745 58.62401325861535 32.47333793694581 42.41620575254836 18.369825112345556 28.51456492444212 15.303669857179383 32.10582091362543 16.972170222414622 25.49621874228862 26.38821255660864 31.78422028546659 61.0419658178361 31.033510733854932 33.1544124473817 13.163142032183053 35.69170382230178 18.781978574454136 62.18308444275454 30.71534925076204 33.2890348621838 70.10167845284256 24.49686988032671 38.017377110851726 13.93064409956416 34.01685375098716 31.995329535131617 88.43906092871397 84.10831574667031 82.00959415132878 82.31383080674485 84.99522158010998 89.84113742794509 96.526066383331 104.6982542867837 114.03830657893181 124.28308438420392 72.68932315646181 67.37877663794252 64.75229851519772 65.13543221661389 68.4776746872204 74.38115337382983 82.29644346559711 91.70398072972857 102.19236266442142 113.46211805362859 57.83352057314841 51.03236323291144 47.52746850616324 48.04576513068061 52.4681545384738 59.936541238959656 69.47538215622514 80.35053706256521 92.08966214616628 104.40158489363688 44.77055618235469 35.600792765146124 30.390357544424464 31.19102103060074 37.620920002227784 47.44395609430948 58.98859082639052 71.42471998396714 84.35885270529135 97.59303843068619 35.53586213944309 23.00527301212928 13.67482614966954 15.364806144770563 26.00905753818309 38.83524121047911 52.260692427891584 65.92014515751904 79.69322087868066 93.52958301669052 33.46491436225082 19.74285996800528 7.010091172203676 9.898887402145752 23.158575027907194 36.93412982229283 50.80754965479695 64.71579053674904 78.64023237007508 92.57340965986532 39.695235063200855 29.138123576687473 22.583076755279848 23.63497206966373 31.541705592969123 42.647285112299414 55.048480763303495 68.04038981695984 81.34031048260445 94.81856875390412 51.285778519187495 43.669116820889585 39.61770819595442 40.2237376018802 45.300660670502715 53.59252657792662 63.85894119272816 75.29640657057655 87.44649415757203 100.04977417544886 65.44813723862524 59.69644105586299 56.814115491981184 57.23634734668171 60.89442990708154 67.26242545678535 75.6590675961599 85.48857311114432 96.3131135414219 107.83332124945944 80.8417865691656 76.2826990738996 74.05969285003367 74.38254551642099 77.21932660445198 82.31048443128729 89.27107959431663 97.70228511414594 107.25775313559652 117.66377759217077
16.80542204298027 28.781562602407824 0.0 29.40049893423973 38.53896775444438 6.873324109688372 15.749930908225034 62.325316268739655 45.804321528020914 13.52923641857004 16.92562265960611 29.21742822767268 55.73368071543484 38.37846293488941 39.96300642035838 15.648745157730973 15.542893686958761 11.216342221743314 39.74305958960612 27.58278529252669 8.215402319035498 17.61403872263413 5.6815717602376985 13.08964173795711 8.045735143940753 54.858481545382055 4.661641954284173 4.43587763486535 20.939045723112745 21.348308359696475 10.109505574223164 62.90603941208664 50.78424205100288 5.642233222809451 48.84687609843103 5.222784545893043 15.53539833490039 15.28343340025294 49.02850510431517 22.614365856967535 103.6078575408189 95.7403920335821 89.42245593008779 85.00037485410587 82.77860825563664 82.93421324449979 85.45420166561924 90.14045979457445 96.67842418699156 104.72176837708481 90.32964302173671 81.22966402494248 73.71408525319667 68.30801715131813 65.53568361910992 65.73122190588916 68.86935426909739 74.57950829840618 82.32816722222374 91.59935996594048 78.63202543970301 68.03672730727244 58.90556022166733 52.01555842797877 48.33494690698454 48.59852506380615 52.74719509286481 59.98008773097883 69.33857482869047 80.08077395023545 69.31984703902278 57.082716317650714 45.876700029730216 36.660101741079735 31.246148242224226 31.65048249077845 37.68629035234311 47.24220666577221 58.62124381849362 70.95147358096104 63.45220023750442 49.86560975571514 36.581226148940125 24.10434463839609 14.66594319668504 15.504926436786207 25.6311846886331 38.27203362017102 51.611664582678365 65.22259184488405 62.01465140832022 48.09806508679894 34.211233942927 20.415372417132193 7.250615292684497 8.818488765828091 22.189412661168735 36.00525412463561 49.89768573661115 63.81657314198172 65.30043657198867 52.33517926380543 40.01673237085371 29.17648130121831 22.10806135321784 22.668084233303954 30.438358984007465 41.553765077670214 53.98606847578582 67.0060979703352 72.67167121026691 61.345092767913584 51.29305149593152 43.41034808670056 39.03427665364096 39.35265734222006 44.26430411412526 52.49533084045265 62.75279725838346 74.20089594981293 83.0475245212593 73.39054516330957 65.26349143442629 59.29891407584765 56.189826066173524 56.410411586587074 59.92390839580891 66.20809186399315 74.56562857366379 84.38259530863326 95.45315926693975 87.22285323460169 80.53804949767719 75.80881037047666 73.41411155367754 73.58227184060496 76.29634482572348 81.30172443863503 88.2091480050597 96.61141474323206
46.16238653361083 23.32206511054715 29.40049893423973 0.0 27.981323517525112 23.291963581039802 39.69170033057124 33.171208630432325 20.762897818485737 40.82118521090357 12.712294100714383 58.26939897781187 29.51806144591875 11.398337266316332 40.16152844775219 20.512268451647536 44.726746367379995 20.475103408908073 10.378332819857436 8.051061118269548 26.181253335320154 31.603268522519162 30.631929520148752 17.550459580369207 36.693878903593166 78.50818254091406 33.86778927955732 31.995329535131617 12.818915436040365 47.273389543703594 22.67342833868181 82.53267101670214 23.556518006720715 30.179556839026286 52.431945274553485 24.406569909866512 44.440182844899866 19.701261665448207 19.860618443369866 14.471120312338908 74.30226984020437 67.08088214360872 62.287899810887744 60.50329976000036 61.987485263692776 66.52200398510747 73.54472809929948 82.42198954661563 92.62196969033641 103.75517485260634 60.97662905013897 51.97919960263842 45.65754431140314 43.20278445746844 45.24873481245274 51.25925302807415 60.05548568681861 70.60371835013552 82.23236830910514 94.54347173604047 50.141558408074864 38.762600213358155 29.80189228800672 25.90415970078719 29.174653335852224 37.7962290558841 49.02245235768504 61.441713639463416 74.45928642597546 87.80933333330479 43.69104108773461 30.032494087608285 17.04132497955251 8.618816428320178 15.924368582324718 28.78035343398227 42.40808240826345 56.24928222892437 70.17761809599253 84.14968346178775 43.615855667303336 30.001196123148976 17.06965939590475 8.732474182153426 15.960054967590182 28.753651243592664 42.33668877325775 56.13891496905274 70.03071210229133 83.96748577250283 49.944802155716474 38.6898226720271 29.85049963478514 26.01810554122833 29.233096256390247 37.73521006970157 48.836974961342584 61.1381406558594 74.04318336519117 87.28451948174377 60.70690456303678 51.88875147677279 45.71043564346071 43.316753438627245 45.31155703836878 51.1842710338088 59.80309502668064 70.16313247027347 81.60376938220149 93.73001253140423 73.99241760640857 66.98277556990105 62.342185289620716 60.61727511911699 62.05169786618071 66.44112451312061 73.25623093205328 81.89356824123485 91.84033515223292 102.71670940258412 88.67430330745046 82.94366436328752 79.26136983637805 77.91842246328163 79.03418208106756 82.50894712003142 88.06387289931232 95.33596554454897 103.965421909922 113.64334016841623 104.16376948284275 99.35451793757402 96.316633930232 95.21985442837673 96.13065790195425 98.99363406825148 103.64709930112915 109.86370910711834 117.39531742334098 126.00624734811417
52.382199053585005 49.49207647591569 38.53896775444438 27.981323517525112 0.0 36.795273018139326 53.96790287888326 41.67029716810179 46.482889917831095 51.986017588393345 31.279296609069238 59.21715695706044 52.83404570441842 22.657398766704087 15.425721341104138 22.978755209611535 48.579304676470535 37.500498604588294 31.67576711934573 35.36985955233189 30.59265796759812 51.017740518531646 43.23442002876707 27.562134443106718 46.25198679326633 93.38985867017172 42.696892580895316 37.720216398722386 36.55004772478239 59.8680182060875 39.27441191924884 100.9898265196046 46.51790357976605 34.87671800188467 27.173875847807857 36.35728722596253 52.73010511563978 39.969391714580844 38.76251448401032 18.29884271041483 79.4938200442407 68.14986747438451 58.07063954420395 50.02669038448097 45.12015660557184 44.40362782916953 48.06486825642095 55.24012945934021 64.77185069558547 75.77583718460616 71.21261756144791 58.34408039142821 46.234653630389275 35.66636215566553 28.41447928706815 27.267738284622347 32.87143217973286 42.642494496999916 54.378974653742894 67.05659151432633 66.49735889310568 52.55815350369594 38.75298569683639 25.30256781739114 13.328537538046833 10.681312107827953 21.202414764711584 34.40931580994387 48.139960646824164 62.04748665358685 66.11545163408208 52.14774957607599 38.27076285374858 24.638615972604565 12.10910283042849 9.13043240766011 20.427079464341297 33.886987701236635 47.713115834709164 61.65946727526196 70.13771820514314 57.228634223788504 45.01350201095849 34.24344851348044 26.726840601156983 25.5216115082246 31.364001726665787 41.36862458185524 53.23842333439819 65.97411901233787 77.88477675630747 66.55483353941503 56.44896918482045 48.34125614098329 43.36739356228152 42.63864447214124 46.35566285199869 53.60136665674335 63.172942787606516 74.1752925459809 88.38251948550884 78.62999213224974 70.32398997172913 64.03008070113034 60.38088123696007 59.862081832197234 62.55162825887372 68.0702442953693 75.80246939561496 85.14727734310628 100.77496422890893 92.38238988394228 85.45845595209065 80.38368201297793 77.52215162268185 77.12066630004867 79.21664447856801 83.62247337039828 89.99950398210078 97.96345656989764 114.44828283589115 107.16826377715171 101.28938002763714 97.06663867331919 94.72185779507753 94.39512164437183 96.10701937023195 99.7526249769976 105.1309172025355 111.9924728559513 128.99580549858337 122.61430611212229 117.53567970341814 113.93436383564585 111.95306996577224 111.67808334833398 113.12185212037106 116.22031909235946 120.84623068437513 126.83250489608022
23.05025859087268 22.62739111523949 6.873324109688372 23.291963581039802 36.795273018139326 0.0 17.826460850096172 56.44064145918871 38.951294696814685 17.743886165604604 10.588960765086147 35.97823434257368 48.891031458186234 33.068480553507705 40.88740869381083 14.256357085661337 22.308316684483028 4.439217811303179 33.501384497181085 20.80294177932691 10.083828408121054 14.925059999846479 7.540027112019136 9.331547541436018 13.411135329598451 57.699439587533355 10.801752856351555 10.849471801742677 14.069995369208335 24.82764025736307 4.015257738912949 64.28402486905392 44.016231890580436 10.665403088572154 50.946275368776334 1.8777588697443566 21.152181423592943 8.7628727548369 42.60939922116549 19.246245722847934 97.5884490585844 90.18089964596379 84.50158489821611 80.91532069178392 79.70518771107491 80.97780005493597 84.6212010317509 90.34898461257269 97.79552066320896 106.60113593971171 83.96576304042539 75.27087831885085 68.39714345411356 63.93477781815073 62.40331171825698 64.01347120567992 68.54419341552494 75.47125671657957 84.20524121263365 94.2450140794623 71.94228020071584 61.62402634622768 53.05214819525155 47.18829489363421 45.10147760991479 47.29437080128656 53.240726456576574 61.86749592870104 72.22035435438445 83.66081915611257 62.448637635217324 50.2796296903782 39.364977285978604 31.056838274505374 27.79976358952186 31.21703289589356 39.617586650947295 50.57636213694871 62.76730572725996 75.596508736754 56.76857712856325 43.096017670327676 29.721747231844727 17.350270908211368 10.498763380166594 17.634097533290134 30.053969892462895 43.44024233413598 57.11731701884582 70.91700143890826 56.073244071491814 42.25159588579081 28.56348881912166 15.370402269082655 6.806967991404096 15.688603139444204 28.907416979122885 42.60100695602834 56.42463370454561 70.30149032371067 60.53465451297154 48.08152461572493 36.70249775897228 27.75210441722655 24.107243679091624 27.928762249410134 36.96952964768869 48.38741392006085 60.85876127603738 73.85165860800113 69.16197248513487 58.627414256692624 49.76930382450212 43.6213480029792 41.408902258016674 43.73341826063505 49.965620222068814 58.87735346136386 69.44448509015503 81.02175575250352 80.62884610126942 71.8416274451047 64.8506258856672 60.284138643098146 58.71072115439231 60.36489546402683 65.00069231766544 72.04476780308471 80.87015731820433 90.95972636099906 93.90070049530486 86.509942803314 80.82656472623214 77.22852718133349 76.0125908949767 77.29127994564786 80.94644226341268 86.67790535817564 94.10699405195507 102.86645819748308
15.019924222658501 28.41736513158743 15.749930908225034 39.69170033057124 53.96790287888326 17.826460850096172 0.0 72.59283841663985 50.962204561416456 5.78480778735966 27.366558750561836 28.724169201317757 60.74701186343402 50.29726483563033 55.57892004827132 30.992803947840123 18.358789016775614 19.329087780120556 49.253585035935444 34.94961989881678 23.96495656146913 11.483181756461423 10.742293175904296 27.029650726988706 9.881034851315361 39.876501149392084 12.685624666633759 18.236120920085934 27.819376959759268 7.743464670609263 17.105384756746577 47.17697683335411 57.002365725525266 20.73083813298954 63.87855764834675 17.793624032451497 11.235753140763412 20.39689352702161 57.57408948997156 36.987943100090106 113.14849171018928 106.69025455771028 101.78384231775455 98.66111809154145 97.49367347554816 98.35117826471327 101.18215018575395 105.82829508054775 112.06400885660365 119.64092196276006 98.55648916433913 91.10495573141307 85.33426915802764 81.6018979106421 80.19300863099781 81.22861213823771 84.61899159140968 90.09866537993453 97.3152660786536 105.91425253750538 84.98752697101474 76.26349129310539 69.30103846165471 64.67175398618762 62.893040133223444 64.20228491040464 68.42243819089275 75.06408227888313 83.5516541835599 93.38307201422967 73.01421594062772 62.69634641653762 54.05589583434457 48.00743990460264 45.594560634811664 47.37607138118785 52.93010907241223 61.23862241454733 71.34560810535324 82.5933287461885 63.5450196555302 51.4222540180456 40.49883110139959 32.02663438875713 28.300300707552125 31.07673865312829 38.990677517897005 49.6429933019518 61.62963288525907 74.30752542436544 57.82353432333451 44.23086215833538 30.93509770946792 18.585177854822263 11.030125981539772 16.90408309035173 28.94234801623257 42.159105478087255 55.7218671433682 69.42801511681317 56.98991599741905 43.21104871399261 29.538360205414286 16.24268644879799 6.413574399164865 14.29843204525035 27.454620241502678 41.09816355375056 54.8665679730059 68.6846474740763 61.24408325944494 48.751665606259486 37.23920891445766 27.945543326403065 23.64990047236829 26.867360994280062 35.61689100756634 46.89811725773038 59.2828226315637 72.20528291925191 69.66005130815253 59.03354700921388 49.99712132836344 43.55220341258933 40.941607766508184 42.87164340976945 48.80655453926414 57.51967697369929 67.95045851175307 79.42490498188299 80.95001894449979 72.0548336350725 64.89510848457607 60.09449187664836 58.23938786623918 59.605480658373914 63.986769690414306 70.82583256071449 79.49072612168821 89.45232667843273
79.13062897484764 50.361701335763485 62.325316268739655 33.171208630432325 41.67029716810179 56.44064145918871 72.59283841663985 0.0 28.703514233195783 73.98309320328187 45.87891044815172 90.57409797065318 25.735647463786037 24.599322635589516 57.03799433527126 50.54086023750823 77.30738342258843 53.58316862219452 23.35135470512183 37.953530082106504 57.86991096012667 63.460775687617975 63.80272328449794 49.69849228756025 69.81688082646895 110.3619065925 66.8848645655573 64.45800424973719 44.874246688596045 80.26282025479341 55.75488460334649 112.534363518363 22.772601033262625 62.2967626510025 68.1753731504756 57.47525435698533 77.5647118448358 52.249232128502534 16.408902723699246 42.50618699839903 41.33647931122591 34.18415469350512 32.13105973809669 36.05900942252299 44.40826619778414 55.207982107290505 67.28832300507241 80.07162072003088 93.26914069484164 106.72717730585458 29.93293335139607 18.928843544904037 14.925547070995153 22.12227250658717 34.031842124787715 47.213096132744425 60.84496854950413 74.68096517653149 88.62538481607834 102.6338861979771 26.114493236267638 12.114401258904474 3.4427443530183433 16.650825601725533 30.70744937111927 44.82114854270486 58.95081442426224 73.0870442070425 87.2264940683372 101.3676570919652 32.65981163078544 23.10690874725404 19.991163043418975 25.764652484103888 36.420291214147205 48.862030444126574 62.024054876751045 75.5306087521156 89.22522012868363 103.03277294360682 45.27769997825137 38.98477471938786 37.23109303812364 40.60907428239872 48.0482754541662 58.00658957144171 69.4079590820746 81.6499665782746 94.40601014947727 107.49309644964974 60.26762991557752 55.71722356737834 54.51032522040428 56.860256616955574 62.3662162779126 70.29035922765536 79.91647341364873 90.70418172266184 102.28648885897 114.42221093608123 76.24312819309361 72.71669862040675 71.80049025105015 73.5920710608443 77.90482711721943 84.3528809164197 92.49063303868824 101.91402002322808 112.2997464765626 123.40495133172699 92.69602072543961 89.83173397239777 89.09522334436959 90.53844120305594 94.06108781021743 99.44237622431719 106.40060251071172 114.64891507391663 123.92988549322125 134.0290444505376 109.41115208486887 107.0068946972507 106.39229682223164 107.59803910794356 110.56456660400033 115.1558405414197 121.18727559709029 128.45609106717492 136.76504005436504 145.9364607750739 126.28443460370912 124.2172432112778 123.69072884120943 124.72441210991977 127.2802715776352 131.2693901241187 136.56617390605297 143.02534142704317 150.4972160725688 158.83884755693964
61.43360804171042 24.142989161858367 45.804321528020914 20.762897818485737 46.482889917831095 38.951294696814685 50.962204561416456 28.703514233195783 0.0 54.04962951029212 29.631575728489114 74.8701184666994 9.969219084071492 24.260033320121654 60.15729038796853 40.73866645789583 61.230191524178615 34.815667471157546 15.016906036713786 18.401868056066725 45.00920949532881 40.09450249647995 44.887483917494706 36.56861466088481 51.5287578244115 85.15212141575788 49.56880366464173 49.39045150161697 24.89921759679362 58.61268655856111 36.50353071641367 85.4971420700179 6.674688892939609 48.24535820500048 72.49236373101967 40.59978185041171 58.84312195478108 31.606115945550865 13.101130500535549 35.233921986082436 64.44550728260786 61.032288296009774 60.807798287369785 63.805706268885075 69.61087810102336 77.59572080026848 87.16315740711158 97.84994762849672 109.3282050997897 121.37345118227353 48.546899550542975 43.937198616250136 43.626261126587025 47.698234323240754 55.191347209584585 64.93172877798115 76.06075624629268 88.05333680792151 100.60097291745957 113.51960946679324 34.045421451335685 27.10586506067306 26.601248286348937 32.829660040856886 42.95582768737925 54.86223746655373 67.61476043594423 80.81369306718985 94.27156815766045 107.89137530015226 23.66624614143227 11.734211093299729 10.522147313187702 21.889797053089037 35.256621031523494 49.01329390958171 62.90443206612399 76.85701557887047 90.84258287677984 104.8477755822648 23.660154476838528 11.805455947555089 10.60745874144451 21.89181279492371 35.20743372642773 48.922827414787896 62.776379914165815 76.6931137246584 90.64377890760535 104.61464178119071 34.032717084035674 27.198513950765285 26.70270025680883 32.83369208093783 42.83462759764519 54.619458867767094 67.25678206330794 80.34520231129505 93.69571994332134 107.210309931264 48.53205098875837 44.032520061670226 43.72943681594975 47.70285965922223 55.034126885156056 64.58970284846168 75.5299288269445 87.33587102965116 99.70032450620099 112.43904075503065 64.42984815285372 61.128387641749526 60.91146452560945 63.81054708611372 69.43639385279614 77.19505374865513 86.51450814852804 96.94556304776115 108.16697724825717 119.95701424035946 80.90588304661864 78.31481353626867 78.14641898542365 80.4159227697848 84.92807738984457 91.35110899393803 99.3148762669155 108.48048217242858 118.56942572244938 129.36573229911733 97.66795640730138 95.54294088835105 95.40562097176254 97.26441777999003 101.00916659115664 106.44095117611981 113.31735847322403 121.39305095838284 130.44537536106083 140.28528136674913
9.347070160329862 32.61082521057267 13.52923641857004 40.82118521090357 51.986017588393345 17.743886165604604 5.78480778735966 73.98309320328187 54.04962951029212 0.0 28.14606893297723 23.317702345941306 63.96098344753991 50.8122231219227 52.128329526456774 29.170280011975937 12.591838118601222 20.44081401097626 50.8128116511395 37.07544246372514 21.421401168864044 16.16122202241255 10.226510991540337 26.21817113648673 5.825536066477642 41.42295001794712 9.33080227435484 14.711082445624136 29.892710647812542 7.922795720484281 18.324942435828174 50.26248958204002 59.8102762386163 17.477850025053158 59.71716617668356 17.105949837743367 5.652631138701292 22.61465688916995 59.575285257868295 36.00902913627941 114.94986555837775 107.85669335638687 102.22386316163202 98.30281891886932 96.30293644745899 96.34395594930788 98.42332514741204 102.41693723445057 108.11281458131596 115.25879019812857 100.84819221957719 92.72103378977974 86.1351331325602 81.46525580145408 79.05176497530213 79.10150211569835 81.60996301853302 86.36313480136918 93.01747775861813 101.19856380132933 87.89731887899592 78.48576937618768 70.6223185126565 64.87251434938506 61.828964957569134 61.89225131467083 65.0533058415801 70.89894664871545 78.83415172168475 88.29724844142022 76.68255322318807 65.7384511882581 56.16467160810851 48.77509459848351 44.66736677319309 44.75452217915659 49.01418717291903 56.51051036899801 66.15207936479067 77.13853135124882 68.06749431584296 55.513728188895236 43.819362776060274 33.886400045935176 27.68103657549663 27.820803098093712 34.228057114551476 44.25971635279647 56.00065668018689 68.5783940167026 63.12565332082902 49.40350344977325 35.840068693215784 22.721749118038865 11.662731329164817 11.989172674399283 23.22586165872469 36.374644525647575 49.947485530321295 63.67364763552155 62.73122781503151 48.972853416430766 35.32127186818823 21.97678725004226 10.223120997963855 10.592298365652018 22.495173084354832 35.86104572393204 49.51899525362292 63.28005097231627 66.96461969164322 54.356937674429474 42.53682782552438 32.3788818927628 25.91753245473636 26.064662951481985 32.73127526926498 42.98397375502239 54.847172114861294 67.47659201129626 75.04670644920641 64.10705934475911 54.49659575714471 47.037392862988966 42.86768198614264 42.95637172454522 47.27950249050863 54.844662114096494 64.52127947385902 75.50172354527751 85.89790753124267 76.57320370134508 68.76833522266772 63.05039398746373 60.01892379828523 60.081997599551656 63.23035455429898 69.04317119205479 76.91866183595276 86.29382490876502
33.56266341949392 19.471511700794018 16.92562265960611 12.712294100714383 31.279296609069238 10.588960765086147 27.366558750561836 45.87891044815172 29.631575728489114 28.14606893297723 0.0 46.07995410387364 39.39644761509508 22.930735525690928 39.19279421078167 13.260200890756122 32.43050470966213 8.047088513887923 22.922356680433513 11.247507107152568 15.464134732757332 20.7791290125828 17.936009339517504 7.5626785792264535 23.999375656859506 66.80563288412066 21.26525641313538 19.998495802634157 6.624959303565478 34.80563992315497 10.268791853345016 72.01366039284305 34.130421872495084 18.642460189889054 50.63449007332877 11.799202774755576 31.74107974444025 8.896108343076289 32.114378719849505 13.064500008585565 87.00027330703678 79.71200583680988 74.42259555981326 71.57664250871616 71.4666976378213 74.10494119512343 79.21723668837105 86.36528542007886 95.09101553200196 105.00173392195997 73.4453087607055 64.68948698470838 58.07907785916204 54.401963670773696 54.257890994663725 57.67334532106123 64.08163749918847 72.69547508847288 82.82949611358929 93.99315787392018 61.790620057633646 51.128885809897675 42.50114303266269 37.344944412091145 37.13572401990286 41.94757154019399 50.36119245950905 60.90159051055824 72.6487717450541 85.10433702510868 53.297744794142915 40.5253450087067 28.95213899234403 20.698536628064392 20.320400122539883 28.137062788373505 39.556932549568884 52.26927788866304 65.52600296148684 79.05357352570725 49.617738745088026 35.625154008700235 21.652179207638994 7.805593343374508 6.744532835103435 20.554838682251503 34.524772048420985 48.516524518039 62.51531420978748 76.51713303238893 51.786986022113744 38.661440666265165 26.421935881276923 17.09205897016616 16.636471517547108 25.5346829002579 37.65470253179601 50.7378650287966 64.19786893703638 77.83932593188884 59.16557588118161 48.15568270519645 39.06573749528739 33.497208775288655 33.26813859101275 38.47402000106458 47.355053859182334 58.25384794234598 70.23718858264384 82.83558733557814 70.12802822245891 61.17139809854126 54.34019060907057 50.5044635168677 50.35354312689437 53.91838226350306 60.54612617411537 69.36420336488325 79.64831048054782 90.90210806338237 83.27074420311446 75.91849247636681 70.55701314412813 67.66130354944367 67.54926324479821 70.23421689889337 75.41799141275176 82.63157188740873 91.39550581415939 101.30812812673976 97.71793521366932 91.56419846392444 87.19196758403936 84.87706689311969 84.78820686720104 86.93221524534705 91.15163864690061 97.17645132580856 104.6953581658437 113.41148641647433
14.156410703000114 55.353386396415395 29.21742822767268 58.26939897781187 59.21715695706044 35.97823434257368 28.724169201317757 90.57409797065318 74.8701184666994 23.317702345941306 46.07995410387364 0.0 84.82923411104264 66.0850441368257 52.93829706316906 40.43788569920218 13.67678943458011 40.055450835938785 68.64707952489124 56.7762727832534 32.72381100797088 39.42238894681377 30.279422762321254 40.9523175300108 23.694949440024136 46.15637944972156 25.304846889543903 26.276699287967546 49.97537006816457 24.637042728217494 38.44239309777719 59.58819590872074 79.98811748047368 28.284996376825653 55.83533322709106 34.434290885164934 17.66828075905738 43.52579775673817 78.07078961966748 48.57290015815108 131.89469007285444 123.12550346199046 115.41317986098952 108.98244370013653 104.07124046861503 100.90177018604263 99.6404271859792 100.35920097518114 103.0166425490687 107.46899675711114 119.22270780259781 109.4896202995944 100.78053044045713 93.38252181581245 87.6284070817 83.85736270128635 82.342354230219 83.20672687916304 86.3790687749147 91.61991031440508 107.84515140798216 97.02964932086762 87.13165839745132 78.4991846000979 71.5916309902068 66.94519928157793 65.0463331522725 66.13215914629014 70.06403295115103 76.40377276383899 98.21291742742652 86.25669414803927 75.00555861886109 64.8278708711651 56.30892285660956 50.29885197113172 47.75459348534189 49.21664806358796 54.36270978383742 62.28620107024354 90.88264663108423 77.87406672243472 65.25671691164285 53.309360878606434 42.59973267592636 34.307458191030754 30.474424151350103 32.70790910087934 40.00437510410322 50.202699327952516 86.44195514847785 72.71321609787343 59.0740360089448 45.60512394234847 32.51905472584523 20.560672182915983 13.251167562721445 17.777769454260604 29.05350496426194 41.94945793216875 85.34310519044024 71.47546339659185 57.617199764911526 43.77751659576887 29.982492923539958 16.34604444123231 4.605425301417396 12.688725455003109 26.202530121761654 39.973852038436824 87.7117862074559 74.35698007126774 61.2244970351287 48.49555490751926 36.59399006681423 26.652532193312116 21.57637663398035 24.590065442437993 33.58197924029076 45.108386113775516 93.28422759617388 80.9188954934287 69.1074070970818 58.18823755058339 48.764737275450315 41.85969602052111 38.84049048491314 40.583885732377134 46.55788209782124 55.41055832389011 101.53430276870824 90.36295344430803 80.01203499484787 70.84227120555894 63.368670172776724 58.24794592692926 56.127898228761296 57.34235033280939 61.69468171540936 68.59008145962824
71.40146802997896 33.30795806908578 55.73368071543484 29.51806144591875 52.83404570441842 48.891031458186234 60.74701186343402 25.735647463786037 9.969219084071492 63.96098344753991 39.39644761509508 84.82923411104264 0.0 30.180671506408164 67.32087998976557 49.92820995634873 71.18253539484449 44.77792566355815 21.476146751547937 28.23242354140642 54.66185168042379 49.72316717143619 54.85414577613631 46.12382224690861 61.49666214666309 93.91913046966438 59.53105125239462 59.26193301632133 34.854127554174 68.35239668396144 46.47273757709577 93.32900670123671 6.342060762307485 58.037993926883665 79.59782336769723 50.521641110028405 68.7947912557565 41.56582433261708 14.710436571644877 43.817489254051246 56.56132764823751 54.80962261916089 56.66172987450688 61.79442973721931 69.48442856723516 78.98822729915214 89.73123292048469 101.31990091436714 113.49534347613184 126.08754462333196 40.012951187834105 37.50785886642184 40.15410461342355 47.09109525496747 56.76696439661276 68.02270770120442 80.19571534867717 92.92607005136894 106.0130299604817 119.3391791899224 24.52756405924656 20.206380814855994 24.75611451032911 34.861161992085535 47.07011202574625 60.11435272199559 73.55066625483553 87.1978502625908 100.97028178367792 114.82273994591652 14.173185707604796 2.910288358536995 14.563340873922286 28.491044838079613 42.51361442330242 56.56040993983684 70.6168351061507 84.67794345241911 98.74157603298455 112.80662510101796 19.971721158405217 14.39983801394729 20.24917757821863 31.73150349273021 44.69814473210901 58.16461528456254 71.85028491262337 85.64999443131136 99.51615760075788 113.4242428407127 34.57705536130847 31.70101725700793 34.73730115018989 42.43520530481478 52.793424207732514 64.54349617949329 77.05114295930562 90.00093003195806 103.22644119520153 116.63376098078763 50.90175367690969 49.00272705915125 51.01023027998126 56.50942082513974 64.61479631260819 74.48020714293857 85.49843839599347 97.27842355151324 109.57461590964287 122.2311771841821 67.71349168218411 66.30455208461429 67.79468783491374 72.00411302174058 78.49651540799857 86.76080648504727 96.34197658418867 106.88636204755701 118.13619467690513 129.90819177052657 84.72283070498774 83.606420799197 84.78743071605425 88.17357653713054 93.52560465155953 100.52995452306268 108.86808110206151 118.25808858263801 128.4694138069016 139.32145218559543 101.83079980034687 100.90831072992046 101.88429574561205 104.70566634044296 109.22947992652408 115.25538555345533 122.56194702934212 130.93485043391635 140.18304399602388 150.14475323605467
55.10088192557447 34.22970845992745 38.37846293488941 11.398337266316332 22.657398766704087 33.068480553507705 50.29726483563033 24.599322635589516 24.260033320121654 50.8122231219227 22.930735525690928 66.0850441368257 30.180671506408164 0.0 37.30699667428387 25.941831163515257 52.96944508667138 30.97225088804939 9.243899789431515 19.011750152148192 33.361418686145434 42.84413283910209 40.59961115703957 25.436832271170516 46.16248967023413 89.56909064416412 43.018419082143666 40.138253685627305 24.184424334674624 57.70489043470122 33.1957532861308 93.90074026253687 23.86066477265126 37.86026647978981 49.51000728538533 33.83020089864049 53.854908654572725 30.817779385678552 16.425786560280535 17.936329772534304 65.83504963973941 57.37709368433802 51.4990770353532 49.13588342645201 50.780651624139125 56.081826054231655 64.13904331478678 74.05807032072967 85.19092911683181 97.12096327507989 54.08440760168972 43.44842630914751 35.365467852525875 31.843114373339585 34.315768594297765 41.731020923911466 52.01628870961081 63.79817219731549 76.38714618831075 89.44292652553271 45.98583269918134 32.89543971171467 21.16577754513805 14.572111094236185 19.369619701609 30.602206624738855 43.5462633697628 57.0483520229475 70.78974428423369 84.65383774137148 43.623098828210814 29.583162355508247 15.619744027652793 3.0696101292740816 13.09599781923945 27.02262093986054 41.05563499014104 55.11370844170892 69.18142657591501 83.25375021241622 47.85349488450547 35.59390919983373 25.272022270244204 20.129882930670792 23.802120676710114 33.50610517245573 45.5363439909655 58.4741476615166 71.83064641642207 85.40949095854371 57.233237483633545 47.51208883359426 40.399087334994974 37.41277139043386 39.500500463451004 45.97614788555171 55.31959356590166 66.32970471898196 78.3064738084117 90.86833831604234 69.71394589230624 62.020804046118734 56.782126123427595 54.70769904937563 56.14936262627766 60.85773010985835 68.15909028928404 77.32226204757247 87.76591599233174 99.08586282448263 83.92335377931278 77.68185772524986 73.58699530758153 72.00599144025884 73.10215529051185 76.76086569966735 82.64242914044159 90.31352824824711 99.36044622098602 109.44240976574677 99.12077807268561 93.92055813609926 90.57921589072949 89.30569336366955 90.18764932732584 93.16387572891021 98.0437960690508 104.56114602120681 112.43144857906262 121.3917354624211 114.91489137670406 110.48249090810907 107.67012243890217 106.60611861844284 107.34249797971951 109.84304724302915 113.99169333344311 119.61702147106159 126.52214461662305 134.5100195542318
49.75301612736672 58.62401325861535 39.96300642035838 40.16152844775219 15.425721341104138 40.88740869381083 55.57892004827132 57.03799433527126 60.15729038796853 52.128329526456774 39.19279421078167 52.93829706316906 67.32087998976557 37.30699667428387 0.0 27.022760426021513 45.1669566411721 43.14014217594533 45.87537524201493 46.39881084692593 31.8892751345865 55.80999297024488 45.49646947608101 33.06721692284786 46.35819732825757 92.7919185600498 43.05061415266947 37.49658175863235 45.50715686171263 59.92926007791668 44.3373016412525 102.38722015631643 60.978876479062734 34.869777419508395 12.335129673960196 39.78503802580532 51.19779716374697 46.699663405617194 53.68310813351618 26.954849326628548 93.93292309520209 81.95878952949509 70.8054912670305 60.92570502240751 53.0361529908701 48.12594276226314 47.135624862390806 50.29728780129844 56.9232120390489 65.97773673377685 86.40972759454428 73.28110826923223 60.61424056429806 48.77049512324224 38.51706642729049 31.450096250476854 29.919904546657467 34.667595053095646 43.69243136292748 54.92494734196845 81.90585746741891 67.98301394491837 54.161376505821025 40.54487829604199 27.440953943477854 16.15004082321349 12.936297001051585 21.73888618736907 34.30034457055031 47.74035109822189 80.92700065478 66.87264948322233 52.834867569828724 38.8319381045363 24.92304486983254 11.45653350897535 6.181294947156927 18.494005458094634 32.290978719172124 46.26268033715743 83.59707450342168 70.14915552458257 56.99378683289733 44.39209363520718 32.985163982235164 24.502929998621557 22.534031362677982 28.463825154349127 38.82794825072989 50.99052115365946 89.59042236193287 77.25638161767856 65.60305041871909 55.06453338669777 46.406837700581775 40.844192659594306 39.69975147013052 43.325079183539316 50.70720278020979 60.485817259630764 98.30105887032545 87.26330665413221 77.18762006333496 68.50002916942246 61.788986015735475 57.74786270094509 56.94797186231743 59.52014507203181 65.06565800701385 72.90910860791438 109.079943404483 99.29709252101338 90.61344898928395 83.37332579757201 77.97995681801993 74.83379113774606 74.22119823053379 76.20331286629617 80.5888818606884 87.01520173312787 121.37731012251156 112.71039075840795 105.1777807524685 99.0387561106337 94.56521137694065 92.0004892517668 91.50527071936155 93.11258858733406 96.71765349041958 102.10903845058516 134.77815198496614 127.06708264911742 120.46839406873659 115.17354413312864 111.36873621014438 109.20987513069275 108.79502013957683 110.14388523316813 113.1934172253591 117.81158397901795
