0.0 68.44423849558044 58.93405496147008 74.04199252046945 43.822348220597966 55.93996257761194 21.567292335220085 61.484817342017415 82.40673783626045 37.241259596957825 23.688142803744498 35.322030435859766 54.892628423997365 36.51866119189872 55.38771111451882 42.50343094526268 15.147686735813476 36.80875928227397 21.661747595605974 56.31959703789713 15.776940347091774 60.456762230072 62.982722338389 61.17320326979616 39.201445155948974 31.349367852093987 11.790566845130215 46.948728485030585 72.63913679436286 28.47971495756755 21.42159171734723 33.31566383367694 48.32481817932174 48.94703648697119 56.65411913248132 20.74067935342146 12.108535263471726 45.88559869996042 61.82851576241155 57.8698756713763 112.27536478881262 101.65514096200161 91.98673236803764 83.60118414968503 76.91934651153012 72.41448655102236 70.5052024477297 71.40004824724801 74.99870667886555 80.94129599834416 102.13730393757488 90.39046173481223 79.41532553867275 69.57823336593887 61.42854709841083 55.711908120922836 53.21833377677838 54.3929527618276 59.01713040250171 66.3737046520794 94.1115131649768 81.27601835147843 68.9255080453581 57.37427088513284 47.21287895007812 39.52831650518514 35.94596082525039 37.65544701327329 44.04483823913922 53.46166744924273 88.77275315505767 75.09883117410172 61.590211224676516 48.38581605394109 35.82393736358944 24.897211897097407 18.728233264721567 21.81708111954151 31.552880807456724 43.69824996089265 86.61930058348841 72.6124330043976 58.606137125228095 44.601247350630054 30.600033449185844 16.612247591194688 2.8451563540335276 11.521732794068207 25.493748570743524 39.4921531305474 87.88561601804122 74.18884086214939 60.61931399721289 47.28698731906356 34.46851629172908 23.038546722508965 16.252897588854008 19.703517040756477 30.049768091267474 42.52563008593395 92.43125288852356 79.58699949496035 67.1819907483798 55.511718660348876 45.149797264270916 37.20611180179797 33.45044121207467 35.24797583078405 41.88981171709553 51.5357566703276 99.80915918035596 88.10723334114263 77.14165711773076 67.27366856272884 59.05623404863679 53.25905679776592 50.71903909208606 51.91650966454515 56.61479052531833 64.0479910922668 109.44805498316468 98.94628008856117 89.36972292178349 81.04718310565127 74.40082241679605 69.91045531110109 68.00458372389187 68.8980486698296 72.48739962151713 78.40320182372912 120.80795486942662 111.42951053061729 103.06190478210983 95.97004288238952 90.45460177224939 86.81663808184163 85.29677286033184 86.00739040593032 88.8950061511912 93.75865237512879
68.44423849558044 0.0 12.111513537477512 36.19123512107866 75.8687811787397 29.495578312620836 78.20333285335472 80.61615804206197 97.13217280256204 73.7029844847422 66.86980249112729 56.35771971259958 95.59466757762354 32.073678111661984 72.36697279150474 27.783565972204624 60.55081805587167 44.652362685580755 46.80079131594283 89.64700511880483 59.900686179728496 19.24673484394956 11.622657322403787 46.23920706713468 94.80998341037561 59.6791111993739 80.08900471645946 67.21008995657792 100.39739728855214 86.2573116587848 79.12687943134743 43.584723250553886 89.06913921955746 19.5923545914552 77.15836789328549 71.71580775966294 64.38613560082693 75.40385812507888 43.39426470487621 93.24624196723738 46.82348108666936 40.436924343024074 38.48581924643809 41.599048901068166 48.81709806410873 58.643273974246156 69.9874232115215 82.22351114163264 95.007400875116 108.14484957601859 34.02998521423537 24.56204263656081 21.213469646009422 26.42336362273008 36.71292626675651 48.97893903966103 62.060226508813614 75.53425710576113 89.22312986909388 103.04110007198543 26.87659827668949 13.044380686651596 4.19260015538044 16.2671385831464 30.187382255395274 44.244134282367696 58.33867483633381 72.44881024770619 86.56676301799588 100.68908583368018 29.75522315199799 18.322953838861903 13.559428011237847 20.730601224077137 32.76318575039813 45.987546458756036 59.615662454299645 73.42291273125011 87.32421707948033 101.28069705519675 40.58454389754143 33.166523003283565 30.803439259428558 34.54863576788959 42.8285399506743 53.58049553836028 65.59992682097358 78.30521067835238 91.41066781826166 104.76607787771465 54.84110894702083 49.628809170995645 48.08907612664876 50.55858993885774 56.51416219651776 65.00452781802846 75.17559809334821 86.43596370979712 98.4122876802401 110.87265866456255 70.4748138435404 66.51865897763237 65.3833327806724 67.21194965663082 71.7783144400868 78.60669076672205 87.16701015275748 97.00171917436575 107.76234692366727 119.19826211715282 86.74423133864265 83.57725842277026 82.68080042300764 84.12748488762696 87.80154622487062 93.44056448514654 100.71495285920706 109.29857784945416 118.90813821769228 129.31499847327487 103.34957224489446 100.71890140169414 99.97981247210814 101.1737793461938 104.23437923985603 109.00445133400996 115.27190793796919 122.8076244098513 131.39347063399742 140.83740928211492 120.15164012274164 117.9073743005539 117.27968551975627 118.29431904208094 120.90992230517013 125.02602045564376 130.50065420961073 137.17118502739922 144.87242589917747 153.4491666959713
58.93405496147008 12.111513537477512 0.0 43.38670660798051 72.59818377240889 31.50825179689771 71.0458793307353 80.02012892286028 98.21000456992996 69.47503684212559 60.761918308825784 52.607417524542775 92.01470608283695 23.912242691745877 71.52760683078003 16.765053482946964 49.67654503944295 40.91118505472104 37.39335271113653 87.07132038284652 52.37554858603428 23.25353542961791 4.67188930610105 48.98440171388655 88.5609175991865 55.09061018616413 70.71121504755838 65.23693523503422 99.29894546171664 79.30968001727392 71.85301969012968 38.647195516435765 85.17358544658138 12.876394261291308 76.06239340477659 64.92933695325331 53.669365399672124 72.54001701144203 46.546481104846876 90.49243654300679 53.64433825601189 44.46127215092234 38.46229626638639 37.22032562705197 41.168182800654186 49.06876541212169 59.364264443898605 71.02055942025179 83.46935981009466 96.40399909379003 43.46172195894739 31.49808188105288 22.292299444675344 20.084339322782384 26.672695953625436 37.69745743239103 50.32263248125395 63.6020755105887 77.19874840539431 90.97037049375585 38.71477486222935 24.62040327628377 10.642277543339508 4.485784908705135 18.076453497188357 32.14282829812351 46.252804326462964 60.37568948436552 74.50399884588406 88.63498524648647 41.32133320625748 28.616603697744555 18.11857070578776 15.3485302367271 23.255013651224186 35.26943551428691 48.42498939248254 61.99935059990438 75.76761374902428 89.64032545152921 50.147558580155795 40.37779601835804 33.79378957535653 32.39978439086018 36.79055824636379 45.314603698342815 56.11898438694404 68.12716632527484 80.80410325527998 93.87912611404475 62.61636330383034 55.14103254185646 50.541773807747376 49.624874918591324 52.58333119444318 58.83538128954699 67.47150762254225 77.70069388800296 88.97505983600885 100.94487469897058 76.97757169060813 71.05920899221346 67.56948025346813 66.88963990605747 69.10267932702318 73.94930311282442 80.95783713901747 89.62243353123552 99.51133504603153 110.29560358734041 92.3525332698629 87.50428303627372 84.70839096644178 84.16966898355382 85.9305876161342 89.8560255430633 95.67989113978734 103.08083757571279 111.74585760475821 121.40447951908581 108.31038974698939 104.22714891517658 101.90241123162674 101.4571631813221 102.91580788735301 106.19990479245713 111.14771641141438 117.54928021885028 125.18168372276301 133.83441320088815 124.6274324557044 121.11279142347964 119.1276811064259 118.74886222090782 119.99155455814378 122.80652582540576 127.08930434441834 132.6977889999498 139.47206725834693 147.25124005612557
74.04199252046945 36.19123512107866 43.38670660798051 0.0 58.96458855989828 18.69437037856679 73.4388334118904 55.67664079304766 67.14782173789119 60.03875288128583 60.459683805125415 45.111171345523765 77.3203563331572 44.014517201202 49.09479119418018 49.43986853448075 73.50697006853001 37.85435323492463 56.594493950292645 69.07007217964626 59.75558941021729 20.733463311179406 45.87651789307825 19.27014223958277 84.95396168486616 50.07729084272744 83.55199526502895 47.9888254447533 75.10938173744024 79.71493013973776 74.64376940100416 40.77322127451461 72.35407001536444 37.817493140930424 53.92669546306623 66.67863755825464 75.98910607655725 57.37265681452883 16.49869438522647 72.83172025250201 72.98874018083553 71.89557669217066 73.55471307714265 77.79022016950114 84.21420555087836 92.37111645380871 101.84532398565273 112.30381449840002 123.49664528819663 135.24147402939255 56.023491476234476 54.598297758333864 56.75554319379243 62.12311051309261 69.96593835259883 79.555212830141 90.33636281618341 101.93177144294279 114.09330732086552 126.65785067644603 39.35250730113454 37.305333156762956 40.38316456444017 47.60202415319591 57.42070150170035 68.7338198669803 80.91684233589596 93.630673421133 106.68556192921776 119.97006417162346 23.60764482731182 20.02786157802669 25.280836752930135 35.655769309685375 47.93480688263427 60.97820487971628 74.3848156441052 87.98862243984486 101.71037530380787 115.50788621030027 12.834905041140189 3.0423988006480513 15.689291357569179 29.587571793165683 43.55523825483165 57.54165725062377 71.5356884463536 85.53344404710292 99.53319414534867 113.53403708543405 19.25776493408867 14.70070526056152 21.257926741956766 32.83632534478867 45.77200199535943 59.18142056387717 72.8031396505252 86.53681367220294 100.33632443619638 114.17764097256762 34.288497529282104 31.963711822562058 35.445133165458785 43.35589299802593 53.77543930589039 65.51744907086066 77.98671722032313 90.88425545019666 104.05077721062212 117.3956563937177 50.7863509723403 49.25404151352106 51.570610918869086 57.27086511573144 65.47689590227276 75.3745918556426 86.38430112460578 98.1323257386827 110.38303966968066 122.98616549273213 67.68691643926891 66.55040143363203 68.27452515862129 72.65590039655598 79.25499504701524 87.57179588025032 97.16612267958602 107.69696615268224 118.9156492076061 130.64495391979077 84.74961179092364 83.84905992413256 85.21740485583251 88.74974406476643 94.20291344260272 101.26700914560915 109.6309801548167 119.02099553804186 129.2134388383834 140.03307246931152
43.822348220597966 75.8687811787397 72.59818377240889 58.96458855989828 0.0 48.72890198088213 26.548744060994487 18.320364861740448 38.65884867014981 6.613705140032263 20.385525600062692 20.007217466450157 19.744202132085555 51.05790477286063 15.06218927644091 62.338928290593316 55.55654538602599 31.70221505269095 46.743866277439245 14.95030704573301 31.251222309315015 58.64049683536832 77.2454581872938 39.8505815269998 28.176598805808222 18.504462470409752 45.05611291269054 11.126173812557548 30.094527593077594 27.67764841869368 27.608232486036346 34.26046847952539 13.631707396198696 59.73246711321683 13.970967925116112 23.53119161589844 54.418418338397615 2.5853079170157667 42.47345312535256 18.050786360428308 122.39389627683622 116.00587479860233 111.04252823488534 107.70107818675648 106.13487149289999 106.4223378009054 108.54874700621153 112.40975885118779 117.83493538565587 124.62009041415502 107.6739360742751 100.38799718759014 94.63610512699668 90.71063792906736 88.85405296891808 89.19566053998427 91.71089549267296 96.2294325289712 102.48658294469902 110.18647160057783 93.83913314455002 85.42154285358421 78.61456676749664 73.86493968628501 71.5834338524163 72.00507575325106 75.08433419822823 80.51683316191047 87.86710612543183 96.69872398804921 81.34239389824431 71.51666239788709 63.270974547877266 57.29180296270925 54.3327411982693 54.88450790727544 58.848425182495454 65.60887209738253 74.40737841921757 84.6104073196227 70.89487229300751 59.42330376799093 49.243179530876645 41.32050276936189 37.129759237704725 37.92888979589958 43.443389203982925 52.19956619928847 62.85688949542854 74.60490561520663 63.515954898238675 50.46115411047402 38.01675470550479 27.039399070065436 20.097382090728907 21.53149676671741 30.17001821740706 41.758499291001954 54.44465190002808 67.61328247040863 60.34207381960933 46.4782759040185 32.62460642480133 18.803886449516316 5.282424033658661 9.344689605564993 23.06172039580263 36.8979234223683 50.75581398980147 64.62130531567041 62.02218116254462 48.71175629445695 35.80732674235623 23.974050131914044 15.83087904578814 17.599837885013027 27.425661535596145 39.72213716503955 52.79001948138769 66.1737360647519 68.19847341784052 56.42821355474894 45.8112731814932 37.344824332566226 32.74206697772053 33.628835279822994 39.63838907405023 48.91775288428745 59.967663200452755 71.97712621785723 77.80750820969963 67.78019166389599 59.27806719654106 53.039877636550905 49.92176538849237 50.50500994868711 54.67127107316168 61.69888047362876 70.74005988334487 81.12424521670825
55.93996257761194 29.495578312620836 31.50825179689771 18.69437037856679 48.72890198088213 0.0 57.8720439691945 51.31266572429807 67.71434243009739 47.9559251601487 45.07484212228373 31.07300895946837 68.33173018024215 25.670350922692695 43.226241323770466 32.6389754826449 54.81475171847482 21.23564918320456 37.90571357474068 61.474912838202464 42.41442122527792 10.442837558984227 35.31353588664481 17.480341614008896 71.64612796885007 35.540023096318244 65.97623462342811 38.95921626789735 71.18979205769323 64.94177134315757 59.01161647121522 23.133956972771365 62.32348510543044 22.024946096033013 48.09952409757227 51.013058035437616 57.338105567077385 47.81105448579375 15.083903657493247 65.18089713845838 74.40316841980113 69.69503926084005 67.66924135951572 68.56397469059914 72.27083752641907 78.39186676497285 86.4154958744147 95.86508516729599 106.36113053620717 117.62369768823028 59.085640343438165 53.06396203532978 50.386357455849684 51.57634829932928 56.389594717246695 64.01388646211686 73.58043485634091 84.43148577598852 96.13292545782208 108.40959787264904 45.222817980023514 37.05242042806286 33.12336601668292 34.89890773251352 41.65584335456279 51.46820911582216 62.92235278162947 75.27236099283775 88.14232627029251 101.33418199557612 34.609284661095025 22.993300669175795 15.945008685880403 19.35098954753309 29.82184830671792 42.41322251163921 55.70515402729559 69.29554222127281 83.03782908525127 96.86723309724485 30.809265666808404 16.828966550380947 3.169036891832789 11.38862636745605 25.341397849141803 39.338179199649936 53.34421721848355 67.35359914245907 81.36444858731258 95.37596202875153 36.04619348269035 25.227932496608158 19.09334582419245 21.99213048184119 31.523653201148914 43.529406685304906 56.452160773130686 69.78419424628315 83.32914846921824 96.9977128380899 47.414704741540504 39.85467681912828 36.30127383183707 37.898809667918435 44.090877004336875 53.299457358294134 64.2400733270575 76.16988590740306 88.69048162655606 101.5834993318829 61.60916599250491 56.02726277493803 53.569792569849696 54.659845626161655 59.101443438503516 66.2235688226979 75.26903218358832 85.63037180153748 96.88620713629905 108.75903297923634 77.08393730352951 72.72156012570801 70.85461479148704 71.6783834361041 75.10436908467935 80.8022028476774 88.33327238424145 97.2726114249795 107.26860580076301 118.05302219494176 93.20346771121606 89.64657641830131 88.14615003295667 88.80650628553784 91.58090604609505 96.28674315187571 102.65868903085686 110.40857119977025 119.26798188120283 129.00842499590192
21.567292335220085 78.20333285335472 71.0458793307353 73.4388334118904 26.548744060994487 57.8720439691945 0.0 44.848769223068174 64.52059583415516 20.29786655761756 12.98007346932466 28.530700633890746 33.67322065326642 47.133636942742726 40.77413898043655 56.387958429514654 36.28205351523102 36.644490866164844 35.63618087617645 36.379891298481944 18.701421386637303 65.40058292226483 75.56433240268842 56.64996656918534 18.643926100583155 23.48736363685419 18.93855331210488 33.693627731755555 52.61912289439801 8.344449343546433 1.2477283387791576 35.64073177363971 27.484428544732943 59.03332704830968 40.48684105020865 6.85901893189613 33.64220838971904 29.039939324670307 58.32910590408105 37.354018874017676 124.43308651962677 115.38512833803986 107.43065533284242 100.82892416013597 95.85993021399294 92.78643486831656 91.79906894855692 92.9643400369034 96.20404250405974 101.3193373775824 112.13429153679462 102.0498404622198 93.00485711498438 85.33068102040103 79.4257802056786 75.70538744883639 74.49756216557905 75.92233135283021 79.83885964170771 85.90696926025791 101.30787437198332 90.07387077482947 79.73179950028006 70.67449014733165 63.45465190568454 58.753736987566874 57.19631176708144 59.03172746149535 63.96857707608652 71.36603807719247 92.47243500365151 80.06949866276558 68.2870040293525 57.50780164480891 48.407035462698595 42.088124919861926 39.895651307519344 42.47354312556034 49.07569486992223 58.351694036154356 86.24208262927496 72.8535325018306 59.73080152219325 47.096881009724875 35.478151907719976 26.258934414591625 22.596935834224016 26.869526488524368 36.38101744637488 48.11895453758781 83.20409937215591 69.3025247900955 55.417696138064464 41.56669833113441 27.800492621746134 14.365435669463004 5.319175433466335 15.448417761554763 28.938601617650285 42.71594734562955 83.7067932964034 69.97665931639361 56.330916055744865 42.85055283168347 29.761476172693982 17.941922289010247 12.028272853526522 18.81617225945885 30.82233810792925 43.96106587042605 87.68929291032285 74.76172763102849 62.24083728352513 50.43069109504063 39.96665465962147 32.18962778509686 29.321982721786632 32.682650369924175 40.75904830822695 51.373176369279825 94.71365632019906 82.94931675428275 71.92614414364513 62.04066883199308 53.92245777129473 48.467973204189406 46.621793144255086 48.795240561386585 54.509569262799545 62.80554092585197 104.16631437669369 93.65122820157065 84.09231391953817 75.85209181206532 69.40201269543323 65.27502925430198 63.92275122040145 65.5172338946517 69.85696739093741 76.47596664645225
61.484817342017415 80.61615804206197 80.02012892286028 55.67664079304766 18.320364861740448 51.31266572429807 44.848769223068174 0.0 21.270153788360748 24.80790138199118 37.79721929639506 31.298610864335956 25.577233669935538 61.630137987863485 8.535679176945068 72.94083353779493 72.07403709359524 40.77838833571787 60.95731983399902 16.0590163810955 47.65871640038082 61.75485619379335 84.45899245987943 37.05595792651772 43.382802158427545 32.48451136751417 63.35679066837008 16.418307540355126 19.925667915233042 45.25613206453349 45.88825313272001 44.730923845797705 24.17817090481451 67.64642688017705 4.936054459631975 41.673882204615715 71.42302681236286 15.911072301639647 40.146202491379135 19.30939768322662 125.41541097446519 120.97547300647392 118.05062624211389 116.75483367837363 117.14218677150348 119.19627201028374 122.8334736570613 127.91877218662005 134.28768771845787 141.76724131118348 109.45628853115414 104.36346030683886 100.97435695296532 99.46333912309905 99.91567142094478 102.30530859102004 106.50189297188986 112.3029827894329 119.47501061779074 127.7872607441922 93.97359432379758 88.01765379504015 83.99049501801092 82.1762374832743 82.72063813116436 85.57868812374807 90.53149042429423 97.25948863481592 105.4232698016772 114.71660749727928 79.24706495235277 72.11928775570703 67.16917321301578 64.89703937345932 65.58185460638228 69.13579641886851 75.15287690050673 83.09968012240725 92.47997639540239 102.90237505272005 65.786485842869 57.043708748285034 50.672522064243935 47.63434650665853 48.5589171817822 53.24016925632791 60.81665603029621 70.35912211329865 81.17708308323711 92.82553677034956 54.537415398076945 43.65187858252036 34.96316976610572 30.41627442566666 31.83818973497999 38.57439162125193 48.457022106533024 59.94961062493535 72.28820213223158 85.10549037473389 47.1115822271061 33.995544627587016 21.814079704780724 13.415739558591554 16.373311113487823 27.205928508873285 39.95255847492803 53.2560427106888 66.78429518381796 80.4238238183771 45.424401201843445 31.695683618195442 18.11068723659347 5.790329957494447 11.00969625042186 24.311565019637808 37.98733292214767 51.741249289286344 65.5239846554574 79.32037010677567 50.05951270369922 38.108324816052225 27.907919960851036 22.040583233563428 23.938559056964 32.25914803549959 43.45773340822328 55.82838160417991 68.7410766087699 81.9398164563301 59.55868486337389 49.98581033941215 42.76001738117361 39.20153355011007 40.2940307168227 45.70518417897337 54.15550129015478 64.4605307822036 75.86811733344958 87.95014871223496
82.40673783626045 97.13217280256204 98.21000456992996 67.14782173789119 38.65884867014981 67.71434243009739 64.52059583415516 21.270153788360748 0.0 45.27243775404129 58.776753835637415 52.286774075716615 37.216678453362384 81.69069824504898 29.00437501750839 92.82913164801302 93.32589576434512 60.89344406573424 82.06067389006027 29.587209382469123 68.89326217786137 77.89206354662952 102.43578023939641 51.14345129552016 59.0451676503525 53.733699094983415 83.37996458920702 37.489875420927405 17.877619248581166 63.43809597875302 65.44385316745449 65.14039794236317 39.58485605955505 86.39296174859315 26.205941837908977 62.172704224724235 92.60172874762375 36.522522239498045 54.15512829247578 30.59754971127978 139.68538143151292 136.8311745496878 135.37498114432137 135.3619483016015 136.7924886966638 139.62221771539527 143.7685013141999 149.12150405313238 155.55662692586031 162.9456273067212 122.99473326964431 119.75845531701763 118.09961998765277 118.0847490046433 119.7144552223679 122.92332242420865 127.59221753625971 133.5680587442372 140.6843196128265 148.77735152212767 106.49934638622675 102.7624269605575 100.83336910659851 100.81603159447432 102.71138275948684 106.41724736948362 111.7536050304329 118.50031428762895 126.43170852267289 135.33956394934515 90.30628378886266 85.88862936061207 83.58187466379283 83.56105483369706 85.82783372215265 90.20989804704104 96.4192136194306 104.129330548414 113.03345339641795 122.87216605903183 74.61264467526804 69.22650067601376 66.35664685631997 66.3305429111082 69.15140973593935 74.49650125922626 81.87284976871678 90.78659207106323 100.83070854697596 111.70056039832953 59.81284428860722 52.97614200829556 49.18529002146255 49.150232352970995 52.87844011986309 59.668580680881604 68.61752371204464 78.99486024418944 90.30939883965398 102.25035733336188 46.763379702871916 37.67421309325943 32.154226623588926 32.10082767359561 37.53735372404237 46.57958960301266 57.55230532809461 69.54757663782999 82.11838274929254 95.03646845983454 37.34646922459936 25.11837029377507 15.726067143925745 15.617116053304363 24.91360981026778 37.11717447877895 50.14851337799611 63.499903257605006 77.00490624768761 90.59469896965402 34.661384693426704 21.0054803362381 7.709568642898386 7.485911422808459 20.761370789258553 34.41538815159496 48.12672019571376 61.857132472649106 75.59608403596178 89.33948179485972 40.084562579769006 29.15886427868732 21.68591875606007 21.60779501368758 28.984351198882166 39.873061941698566 52.11709179262427 64.9543438753246 78.09267437788178 91.40219316471533
37.241259596957825 73.7029844847422 69.47503684212559 60.03875288128583 6.613705140032263 47.9559251601487 20.29786655761756 24.80790138199118 45.27243775404129 0.0 13.978798717617778 17.375365193637748 22.746479838297 47.05246233707044 20.542977427788628 58.13856868585213 49.24687444146291 29.058020416975477 41.33165097664454 20.26166838226518 25.1406615215979 57.386961932253165 74.14568307935014 41.412863976674544 25.1143986545774 14.405756465180467 38.558070386306916 14.31268006529486 36.113900855476636 22.510344934565705 21.414719130445626 30.82878545242448 15.741966036443104 56.61476347090084 20.271843609666444 16.925704112182736 47.972398430419204 8.897474076144931 43.74787254471769 22.795599994438696 120.47492853593361 113.42351969329695 107.75943789354112 103.71032366900192 101.4697561387766 101.15801282155567 102.79264847571497 106.28387323255468 111.45731246232091 118.09201853143081 106.28890683431104 98.26277215472497 91.6979395483845 86.92622597799968 84.25292007193671 83.87893661718036 85.83434083094666 89.96734940596846 95.99705868761161 103.59272151719661 93.16194520602922 83.93420556139853 76.18159012569619 70.39330423941107 67.07988418308325 66.61172533353164 69.046733808631 74.09922141715131 81.28247700151238 90.0881501091629 81.60672375414563 70.94385269365065 61.62356793700015 54.341299142446665 49.99580357367187 49.368830142634124 52.593542683173695 59.042134750744296 67.80081027600096 78.09605212521392 72.37996752130489 60.1648610666463 48.88763106523989 39.363019384559955 33.138543714833254 32.189351053694715 36.92454350289279 45.606591005347816 56.442552180290434 68.41642824682974 66.45867170173477 52.965004293888576 39.76485523458754 27.287887230780434 17.18892014380278 15.28858223410092 23.653223722241712 35.67431872247016 48.71628614002196 62.13950176714951 64.75602983486135 50.88687211028461 37.029634717471524 23.206061187995093 9.563893741072397 5.480936604767077 18.821263789986332 32.61995241437481 46.47036033991832 60.33675028650565 67.59160277189834 54.51932434601949 41.95057660664539 30.51433686151838 22.04972432667473 20.616839701277435 27.344411631887258 38.133633196313156 50.442197227949066 63.3910476320774 74.44863423988906 62.88036737915738 52.41387986749334 43.8456294768531 38.46590456344388 37.666709258131156 41.7121759558692 49.4266635733903 59.3972991677296 70.67547052600058 84.35203924332555 74.39237445342934 65.82769647075446 59.26605003039216 55.423591335197976 54.87459692124693 57.713137993642 63.48641247702976 71.48682432260708 81.0574800835901
23.688142803744498 66.86980249112729 60.761918308825784 60.459683805125415 20.385525600062692 45.07484212228373 12.98007346932466 37.79721929639506 58.776753835637415 13.978798717617778 0.0 15.679406204310066 34.8540233058549 37.13563373608341 31.89390113025919 47.47940881791656 35.271922385630866 23.922502683892017 28.624391956491753 34.02299285569727 11.449440560287556 52.98628539463937 65.38850826179949 43.87809979813243 27.953741809947328 10.64079739933836 27.195371154253966 23.703525372586164 50.05761629245238 19.93227704538697 14.184755160993113 23.492858783019997 27.747931940863673 48.25546080804508 32.96884420036666 6.28446836730335 34.0332788618422 22.298555225608244 45.453716628212916 36.216303273260756 113.51459891360443 105.21442011219939 98.24700787146902 92.91278432994805 89.50431039368729 88.24506615992051 89.22611197318086 92.37608543363021 97.48492106004363 104.26500477010353 100.53908289148902 91.10943611029059 83.00494002163688 76.64724093908174 72.49746410684307 70.94418369975587 72.15530076848388 75.99875331913746 82.1056531708794 90.0164259463412 89.04683784836755 78.29739672477196 68.7449650794176 60.95509113271171 55.67275411043057 53.643977298007165 55.22851224086624 60.14141559188864 67.6614520304697 77.02870537847075 79.6822476680853 67.51839124644377 56.21943634733991 46.42150650615669 39.265013994973046 36.34541236721121 38.63550781232829 45.35283067370463 54.89545754453402 66.04986568053988 73.26575582751157 59.880562927160774 46.84105535169202 34.54126427257364 24.14000048248132 19.052960405277528 23.10690649424768 33.0980157756076 45.25103078605113 58.22754376396529 70.60573972168126 56.6685831296769 42.73462944262962 28.80887274392643 14.914772812789552 1.9378339806695268 13.185922637414754 27.070058439618226 40.993971208940174 54.92729505015442 72.1190620261943 58.61461122382557 45.3554548501141 32.642195085494755 21.467971453258563 15.59514992352487 20.310606788505496 31.125672636207447 43.72711886108266 56.94091167779476 77.56182601384026 65.25882945183874 53.72793183834197 43.586513868507595 36.02790132763874 32.88427894916992 35.353722642518726 42.468069742690986 52.36717991659334 63.76696555636583 86.19282871932492 75.368792157691 65.68842118988779 57.73010499187399 52.28630867939344 50.18223294300036 51.82628122385072 56.894432203301896 64.58550534747651 74.08699725398209 97.16614488241048 87.75473023349817 79.63636946093119 73.24244256871317 69.05373995686588 67.4822258417202 68.70774272622799 72.5887450036396 78.73346702318469 86.66163637980043
35.322030435859766 56.35771971259958 52.607417524542775 45.111171345523765 20.007217466450157 31.07300895946837 28.530700633890746 31.298610864335956 52.286774075716615 17.375365193637748 15.679406204310066 0.0 39.46515228370535 31.35402937698224 23.295072501509587 42.72000218851017 42.57173862956214 11.785147608578523 29.796888877934382 34.70430068121903 19.607141152077507 40.15036067863215 57.26083383512293 28.20092941558897 40.60846024694713 5.047572551961878 41.69534201169821 14.880580732388788 48.40466501828821 34.61233570017118 29.760902839422673 14.349522443384497 32.76461244792919 39.73585728722549 26.506847100624604 21.9624105970958 42.80716113247606 20.158720868095465 29.800125827217386 37.99774722446693 103.10761367372761 96.2329516512257 91.0409155590109 87.83049502675966 86.82183965185006 88.09062818705092 91.54219512050496 96.94362857568048 103.99146662187232 112.37627543227352 88.95017093038744 80.91976194877255 74.70024579231503 70.77077999895445 69.52082993154289 71.09188919201 75.30758848900699 81.75980362067953 89.96855016537387 99.49993117380983 76.10377495361583 66.58783739873023 58.91107818603771 53.865791568044614 52.22043037976815 54.28505483214702 59.675806127083774 67.60154229421876 77.28617451338373 88.15176956004412 65.34626966199504 54.02386167668292 44.26752241458812 37.326350684720346 34.921547854660176 37.92611477771721 45.2756043165453 55.262792356170806 66.71329242856359 78.99317565123383 57.85485371522816 44.74282620749719 32.3638987845963 21.993229963624767 17.628648868294974 22.991862058450028 33.723410444717935 46.224328914089995 59.38747230125912 72.85463796259117 54.98119661614095 41.03618755724578 27.09133338384485 13.147647228392831 0.8588469696867683 14.750382858949301 28.69435544384031 42.63924969213424 56.58425761709692 70.52917053512368 57.4228056401153 44.32518705075787 31.924422323077398 21.464665049084132 17.01233599927819 22.477419844104215 33.28923569540769 45.806411246459696 58.9523741501975 72.3852103035137 64.57959412298429 53.3308639585471 43.624616135528186 36.70580088094797 34.304739250235095 37.30425640593041 44.628353639277634 54.5623833281517 65.93697361792572 78.12530061081597 75.11569802468591 65.74454516994547 58.18724534993292 53.222293689414286 51.60352986705764 53.63481354428484 58.939937567038626 66.74267528153209 76.28030168910782 86.9838816718584 87.82317999996201 79.99509181241982 73.93993444636239 70.11862824819029 68.903897243138 70.43075632580162 74.53088010138352 80.81349144179342 88.81656503933867 98.11991589810657
54.892628423997365 95.59466757762354 92.01470608283695 77.3203563331572 19.744202132085555 68.33173018024215 33.67322065326642 25.577233669935538 37.216678453362384 22.746479838297 34.8540233058549 39.46515228370535 0.0 69.79817678814305 28.944416430869207 80.87247477559262 68.83399865120025 51.244196129271366 63.38309906496776 9.522899413483385 46.25168610011696 78.33699871296662 96.67802160021581 58.050343363308365 22.48558513835509 37.10178621632736 51.886469054674905 29.67103354662347 21.098967046150204 29.421899558856843 34.15113260134741 53.42888301103154 7.139960914740027 79.13866747015534 24.720961094967354 34.70364982534118 66.73128238988973 20.52741477405716 60.89223323994868 6.840287066656192 142.13774809652284 135.6644777451645 130.38666339032267 126.45415757779253 123.99508432745277 123.09781364831234 123.79632268329925 126.06407822940186 129.81883735368496 134.93647346991744 127.35695884876381 120.12388726591298 114.15785365971743 109.6659328015257 106.83429469314227 105.79637739729942 106.60460041359681 109.21797532758492 113.51185527555673 119.30487231447263 113.29227723989203 105.13488572300584 98.29574724670674 93.0660479562137 89.72772511088402 88.49513442064227 89.45537954100033 92.5402103652116 97.54823196519561 104.20245829385368 100.24557236974246 90.97053498100935 83.01082528284587 76.77676317559161 72.71365298475727 71.19422562401306 72.37887681071801 76.14148028038557 82.12843202230283 89.89633553438759 88.66735058901295 78.0809221802703 68.68948328882108 61.04721993616785 55.87663691606294 53.89397284128765 55.442325600885894 60.25005883237462 67.62548816118478 76.83260403277029 79.20424814952644 67.20357667336818 56.07493136879729 46.44958963129619 39.44406573342669 36.59530646642815 38.82929187872366 45.401808824781504 54.77261603665433 65.75595801621726 72.68711284322197 59.453420107567986 46.575267630634976 34.45395926051074 24.252476904505926 19.30249213095203 23.244120282314462 33.03466338733372 45.00641956374171 57.81991057809614 69.94433076643266 56.14085627288261 42.341681533919626 28.553386093432767 14.806873279732372 2.1609141349892886 13.098745273100516 26.83214137924646 40.6179966574288 54.41633189110363 71.4121279872464 58.03085782105982 44.88970092138798 32.28352556579722 21.190018936802527 15.344917649558951 20.039408870988705 30.779030560092203 43.27552448064243 56.37225706281681 76.84962085360092 64.66887436503546 53.2546459562099 43.21881309553072 35.74217193541909 32.63398605417632 35.07551094715468 42.112275155542164 51.90785973015082 63.19196648980427
36.51866119189872 32.073678111661984 23.912242691745877 44.014517201202 51.05790477286063 25.670350922692695 47.133636942742726 61.630137987863485 81.69069824504898 47.05246233707044 37.13563373608341 31.35402937698224 69.79817678814305 0.0 53.16923967213797 11.380905569259147 30.87107614920058 20.865714446201014 15.097979557584907 65.94177998507725 28.47007438196309 25.911523695440547 28.447010160329175 39.3089845530485 64.7551905842504 32.744122372533695 48.06986558348554 45.59246831091076 79.6663389848112 55.40157506168998 47.94389339137467 17.07135835388872 62.770895934218636 12.4857018409158 57.123893246774806 41.05682799603263 34.126951756306354 51.45808389143049 38.15314004733942 69.1050004958496 77.41774140822154 68.30394507248722 61.14570992527362 56.68885847191231 55.58707486174127 58.03178659169539 63.615397569260104 71.60729623511475 81.3002525102262 92.15897268092553 66.0176002095951 55.10281395351691 45.97746432684298 39.88932262674269 38.31474997651394 41.76739160313433 49.19998903648238 59.1302137498609 70.51049157904609 82.744544252527 57.63540484978023 44.787467380735876 32.98131341016373 23.82021018569734 21.091012494343214 26.833821385853557 37.323825721193344 49.63731639422512 62.70904483585246 76.14939497311636 53.703405377937116 39.67644513936814 25.6966392218547 11.931459921842542 4.511664715691334 17.15532458315195 31.05166571652386 45.05605260509542 59.09158741242739 73.14019756272491 55.18125685829948 41.72803972365441 28.837092867617358 17.777233399777465 13.949659392747643 21.616395987571998 33.67570122690617 46.85014696609466 60.4144322068794 74.15479780771176 61.68132594229253 50.06939419657998 40.019357909969585 32.99110922264485 31.105376449047174 35.19863934841922 43.618902949494256 54.39235573110278 66.38288975387759 79.03838921623795 71.85332514014122 62.220294976322506 54.49982123536058 49.59344227852014 48.36537458861033 51.081621656019735 57.18280745045887 65.73297612295751 75.90895205692722 87.14291305267544 84.37958401982763 76.38384589859109 70.26821789751385 66.55312701307581 65.64745267222399 67.6641127375404 72.35915403912074 79.25795628590747 87.84273714751467 97.6698265268264 98.364767913723 91.6314610656289 86.6240428684993 83.65309846195507 82.93780919340982 84.53546271596966 88.32060807337126 94.0293933602692 101.33716225208865 109.92538435146783 113.2697684089769 107.50285268323225 103.28861304025006 100.82200165746056 100.23216007572955 101.55180443057935 104.70874547704221 109.54420885183723 115.84813746093047 123.39559403706824
55.38771111451882 72.36697279150474 71.52760683078003 49.09479119418018 15.06218927644091 43.226241323770466 40.77413898043655 8.535679176945068 29.00437501750839 20.542977427788628 31.89390113025919 23.295072501509587 28.944416430869207 53.16923967213797 0.0 64.45752227337775 65.01256067973891 32.30526420230762 53.08798836816846 20.103988853802434 40.81433733075233 53.66025071549097 75.9836543467341 30.00642790358126 42.86950176856318 25.114133957730296 58.52265241723996 8.679355357679606 28.030991324730103 42.678619812489494 41.91743478611346 36.34529438163147 25.429705292161916 59.12138072160831 4.937516533766028 36.58227701697587 64.67120697293342 12.50519342843035 33.0227295934403 23.830590141325775 117.53602212927717 112.77498439173488 109.62411653306619 108.22419319664877 108.642941200339 110.85974771933175 114.770440455289 120.20976272539158 126.98135502176332 134.88462642036626 101.79252262248473 96.28199032380802 92.58877771089811 90.93463561887143 91.43032650489481 94.04185456939307 98.6012090617046 104.85454717783949 112.51970971671422 121.32931043158328 86.64538256936477 80.13086139837435 75.67449153198238 73.65088901041707 74.2592326786303 77.43750986732816 82.8905870267902 90.20679316100731 98.97372425022098 108.84127561765821 72.46951410411548 64.5786107615244 58.98548683851615 56.378297985411216 57.16708644278662 61.2207173698494 67.95739084269916 76.67304259278346 86.77328837514521 97.83009542195 59.95783621644829 50.18513444388232 42.78619783165573 39.131637459467946 40.25457747656398 45.804970400519295 54.44511994743308 64.95341290716023 76.5643619815206 88.84657813931403 50.36623143111378 38.280637433450956 27.94175854501021 21.97205387778899 23.90605246389312 32.35622303111478 43.6925825008088 56.19463227184497 69.23360414502547 82.55533846447602 45.57714239653337 31.795839624407552 18.15315660391919 5.74201948619804 11.012755428640364 24.381669377798953 38.11192738132068 51.91751153716228 65.75085419579501 79.59733636469251 47.07969886467515 33.98900358206611 21.841346048099677 13.486436103506813 16.424838537806693 27.216120440511112 39.93373029795075 53.213905818673226 66.72143718052885 80.34158692309647 54.354610448631796 43.568773720939134 34.97518803530198 30.487877338225225 31.890170287905562 38.5445119230678 48.3279751898563 59.72195576964965 71.96539445288282 84.69054143084823 65.50612799167855 56.92040455336906 50.67736415215982 47.705879147430004 48.60970789999537 53.191656904937815 60.623346327904855 70.00289057986119 80.65344558849444 92.13515947628582
