Dataset: 1, TotalCost: 6239.854486364089, UnservedRequests: 3
Dataset: 1, TotalCost: 6234.763557497865, UnservedRequests: 3
