0.0 19.83459699694995 13.762042022022962 3.4088017858455046 16.055592702812383 19.353418521302608 20.659308429403765 53.35329661093892 19.782379350558156 49.684985747888724 9.428987477730143 39.970988385241085 45.331989863406655 25.763562385797094 14.552061614098397 38.34342969328502 15.18004522587646 49.54350752646631 21.731010228733968 35.56532990393377 33.04295358039922 48.41015274465761 11.162483318329969 15.791312963525597 7.424041161963494 29.275925265314047 39.34267920717197 19.955690340349886 25.29292379965522 34.59875989422092 60.26464281982691 37.74830095541242 49.55494799992066 32.61004435425716 27.787544231947432 10.016644422993524 25.05077925157627 34.01774572171002 54.234032720696234 27.208973895045553 39.68315896987956 54.64164518798662 23.302352614230294 17.253203724827262 4.736838192618424 3.437762628857499 41.54532495552611 39.49753348482743 28.663529310752978 35.7180424855809 2.50416182841148 16.551433306504205 7.0331534476182584 66.86192018350506 12.702003674941095 15.746467507939787 15.080944855569776 19.518610759331786 25.212292108392624 44.945436698370095 4.738834033515879 20.805595260993837 39.09069478824706 24.667288116411488 40.9592632489726 41.55280567032927 12.366062083353077 6.816804343469574 16.00365147835836 18.054750999382325 15.024960853183316 35.618367041937326 20.71094040855113 51.505643672960794 4.738834033515879 17.778824896270404 12.643721413394266 17.354654421536353 25.981880509525688 15.537828917498862 59.022987952198285 43.705432238362775 44.84692382869701 48.685471147433695 31.953484678878517 14.231101911033324 44.87016529390137 31.358108653416227 57.73623441259176 34.60024184750621 39.08817883507289 65.73088237466804 32.82858069383716 15.768420357491719 19.75781730052874 49.24375210573996 27.358396006956486 35.618367041937326 27.808863659428503 32.82858069383716 97.04152588570314 71.8675848276201 58.693968985447405 65.24687338374292 87.18639355803946 83.01703338156034 51.60928205200577 31.10305188410549 42.4673210780293 71.91480072197555 77.12841714526462 41.5856963461957 6.492953089433404 29.78519143815126 65.30212636778545 81.16653178241667 48.60616517364916 25.871037342494674 38.83631963345669 69.852750420189 93.85856946580442 67.5503475615133 53.37434279848191 60.55364649317243 83.76646320909889
19.83459699694995 0.0 12.665736312325716 21.75143563573209 33.44815441594864 38.79594293097681 21.4100661023399 35.19222678801017 39.15326408625526 36.60998878485892 20.31876308254928 20.141640226687535 62.622941619224065 37.90593518986785 20.701474436844773 58.13721843243775 16.86083301744302 32.84507141482084 41.448123420686784 54.05970118893555 49.11594322796901 48.50855791445071 30.933334316075733 21.078296724801525 16.950664963709546 45.527914916786756 59.174485111041015 38.44003811822613 19.122956974022536 48.254463483654774 72.64096487790276 48.58986910116303 69.38615248723019 49.85414718062871 23.604216994563394 17.82690214696795 43.487262580073896 15.850595157945815 71.97417437094718 45.164242068932175 25.332246404878276 69.15066825039709 4.449622038158067 36.630703471608626 24.441603526010454 20.01823066665338 46.491149732216044 31.983422814180123 21.315579294561342 40.26199547847978 21.06702948252408 6.448267297506692 16.468060371800032 82.90683187606831 31.771094850421314 33.51244010112064 7.3586895584522845 34.54973262981855 22.125827329666645 37.5665676101141 18.56576694445565 9.957633196134493 58.78070070086038 32.37924026760664 60.49896951984342 61.18669085810707 32.18249374313986 24.003179502755735 29.27106864020351 37.501659083827285 18.857487844585588 25.017279367783004 40.51572042695918 37.576149929528576 15.307277811406292 19.81326784109614 13.874700695930747 36.82814329162662 15.36551451897907 35.36277275750384 67.77054624847476 53.359101664762186 64.59987270034058 65.45208608347045 30.12919146052587 15.086795984412042 33.70582048302148 12.942326605909406 75.5628444271291 52.01922164292541 21.886100184018073 76.92595058033554 20.236890648894587 31.30375812638185 30.659481014520463 29.89721458563612 29.13506532666358 25.017279367783004 47.626374562491215 37.79280429847544 77.70617099609666 55.32305135512726 51.13893263775919 68.57040375674418 96.54413255233005 63.25657910194765 32.29505985530184 24.83441346020791 52.17975088372671 85.79572146661819 59.618577323739125 24.498189839663265 13.347588099038095 47.83685995165383 83.25132125871669 68.536225355441 41.620143989292345 36.04782174750605 58.299583079354385 89.61263409056487 86.19656849804146 66.62681053025683 63.091570597606896 77.80804340371122 103.24615195406217
13.762042022022962 12.665736312325716 0.0 13.645945873502729 29.80418593356105 32.46483777491334 9.935748141932784 40.731165301512505 32.96088220832235 35.92300659932345 20.06419615524653 30.407397304900616 50.812770076670944 38.393906376939 8.046834562395816 49.201796966585796 4.351214824996794 36.30373315886365 34.29291400076018 43.099135615561046 37.035262850034904 38.72629783307962 23.989963297496644 8.427835878947551 16.31924534895587 33.57675617440637 50.60397106242803 27.96806975779906 28.28662608310594 47.86791459018019 73.40599828887423 50.19105406378821 60.67296910339132 38.21184869441067 15.19439789201662 6.217858200364833 38.66557959355326 28.44590567388304 60.29424867690435 34.03346240685464 26.06588592312161 68.22416255900183 17.115008379563985 27.260783002539508 18.182463265306357 11.78478736620411 34.83853230184241 26.37769621884159 15.203007394975849 45.40717576713241 16.077289136080413 14.65517693000736 7.072608518417808 70.55339057159193 26.27336858080729 29.50845214171766 5.323054154605355 32.887662912854594 12.854145354041686 31.988240998591984 15.815254801662885 7.7639973186345985 51.39555757079825 35.39081103749091 53.56430298488609 51.604058030705986 24.897914108350893 14.364623173252252 17.117142087718708 28.198137804080574 6.217858200364833 21.89853790733913 32.950985764063255 37.76048611085611 9.64149470408923 24.744801241618518 1.554610723532383 27.609693230850656 26.168912207586985 27.36026394238337 70.97396496270977 55.812990032035394 56.87764364505703 53.40606463632729 20.680238018105 2.474925357705871 45.48118447130566 25.53147237613378 63.9016232818919 40.419516318665444 26.320222514361966 78.56765941249766 19.12183717519165 19.697873198691475 18.05558804613347 37.867404398022245 17.922299583030306 21.89853790733913 39.75405336816365 42.61776501097293 85.11131371325138 58.38928494558377 45.90042158504993 57.76292961964548 84.25218457465888 73.67176543335296 40.1250163381199 18.019687503655835 39.64348151887841 73.14852290837094 72.08182366506774 37.154552461991685 9.866166928397982 36.69374260731611 71.60816474847785 80.92422189096838 52.15988052912699 37.745966651654626 51.58531064171453 80.18423762221138 97.39750282833133 75.03677694120529 65.62685210957946 74.26554403374607 96.20800294728595
3.4088017858455046 21.75143563573209 13.645945873502729 0.0 17.12155939761384 18.820970089095233 18.988317380945528 54.122394738008 19.322120032632963 49.25361780105896 12.69288115703999 41.74518717602858 42.26103764992888 27.989490196496487 12.53254588440511 36.50732416937638 14.056952985525385 49.921898758410045 20.71945073836744 32.77339981587774 29.759654652929328 45.92380672713549 10.344120582394684 13.781944906501995 10.829745456188308 25.995506541906803 37.6783836078572 17.08276271976074 28.641735775517414 36.28563015009939 61.94823121995546 39.96027494967826 47.86271419490091 29.48790551538272 26.456288582828318 8.61857013111318 25.201347537621572 36.54254853444319 51.27431515104745 24.216551708149648 39.68996826057186 55.86865263738451 25.5285850619876 14.882320393109719 5.054275346479234 1.8946555639663034 38.592363494780884 38.275715634524275 27.812860690352768 38.75343329587045 5.223493994392479 19.215516403209598 6.579366692331506 63.64899111331134 12.878967148888844 16.641103988308977 16.113068069084438 21.28285505960762 23.85218524193519 43.58327183913926 8.128385247244745 21.200051302588765 37.96040959622088 27.589805103334093 40.0262690731869 39.441124975177985 11.278898302014056 3.4080031951706697 12.676787623128758 15.750237706903691 13.446238765650383 35.03338335534264 19.468440523026306 51.22309585680078 6.523076815520275 21.182191866941103 12.286883388228981 15.077486226851844 29.137015159122754 13.980480166152201 61.35473222176233 46.03462612458643 43.57234437208571 45.53538041362715 30.066131842790533 13.509075428460486 48.166337129170515 33.807262011421145 54.80227109715273 31.519844546427613 39.74658606863461 67.61247398972638 32.698780688382435 12.363617885416405 16.56593905866301 50.53091302510955 25.10583371517254 35.03338335534264 26.42949959058841 35.865054306259744 98.18928514489313 72.03223894555448 57.1690126496677 62.29039571236877 83.80951985966374 84.9971158069629 52.865811827700966 29.954506191330328 39.14006692271234 68.54787562528477 79.93038275288538 44.35117042250529 8.797589105659986 26.83244036052088 62.40811776309954 84.46450292826663 52.01333760871722 28.437970688296947 38.00322247143336 67.91146820042978 97.2657491195432 70.78018783104436 55.59849395852584 60.86623510735185 82.76686007141771
16.055592702812383 33.44815441594864 29.80418593356105 17.12155939761384 0.0 8.738770372986373 36.10781752864125 68.35204162532918 8.626532235909885 65.72039577225989 13.636798847134203 53.026904825884934 44.766610925754954 13.205230008822987 29.606968893969377 29.88136246928713 31.03775762098651 65.0704110639184 12.347165795591067 33.402561076125735 36.16539999027745 62.15819856697399 9.442210660917217 30.849018840496374 16.529666289826217 32.81672532588122 29.933194683707463 21.57509909605831 29.705431440140767 19.4999888743822 45.01498611701809 24.35461245080822 39.61282259871675 33.77999275307993 43.55115455584306 25.661119521185192 10.219217734999726 44.575629166645825 52.05841020022318 27.96508153167305 55.558436889317235 38.750842945743855 35.77351909268164 16.89164938314838 12.069968469459162 18.632981555175707 53.51971069858861 55.35049681311981 44.67596642640375 27.99746170498419 13.74444089047297 28.184777253665935 23.024944364935276 66.97345286833497 5.435529675235919 0.9468888169355125 30.452653384589418 5.640263002790692 40.95036023593298 60.69559426994607 15.0635316070135 36.57024488519328 27.35901130198558 17.360464720277935 28.36835632203779 34.2841399106182 10.06323412103983 18.752185818719088 26.84280841834644 16.935357742125692 30.56109816105742 51.67395249839581 12.857050578933324 67.49675958139282 20.369707670480903 20.39409460277253 28.697658067770497 16.435846749895877 33.0667514515872 12.217222046715225 45.72593498076445 30.659746436737517 33.342292308291164 48.77743779644954 47.10114163968196 30.23801816134834 48.385213797990254 42.418595308218755 55.16264145653151 35.095958365403376 54.36635323356098 50.90889224293486 48.79501263780116 24.39205288410886 31.264279054881115 63.32895464973729 41.889790100402216 51.67395249839581 18.53596471000773 25.407965449415475 111.07899649190794 87.53574459743307 74.28707251215435 76.8552610079783 93.95207601929573 94.68167254917259 65.72963097756623 46.992741075858376 51.268109909869814 74.70400610404207 84.67812998166475 50.42879128798565 21.16470717038764 29.74947417769033 62.083187284979736 83.4023076756069 48.276738489259806 15.41268761347461 26.01282965367779 60.398614061197414 91.22120893393077 60.68886170801072 39.7133233144138 44.7586784855398 70.43941857070479
19.353418521302608 38.79594293097681 32.46483777491334 18.820970089095233 8.738770372986373 0.0 36.61719989296624 72.69036902306905 0.6236222052029661 67.89927895488559 20.696440344576683 58.86110620127931 36.47501381201844 20.58899773985204 30.026985872994008 21.375404728178058 32.537545113568626 68.70200690350893 3.610741511494547 25.017379162474082 29.16147146593819 59.9224935241409 8.480167756894744 31.17455427680428 22.66065806897516 26.16888734385338 21.66288055589117 15.420511769961063 37.88638006563043 23.763854859859045 47.73449126494791 30.17635712982093 31.633695248506978 26.2325363400112 44.35418776710365 27.14510179908682 7.483465172345918 51.47648994636013 43.45417612544346 20.637605252101274 58.50757721443224 39.944707338773284 41.757590873214156 10.972759438830266 14.618122919556939 20.682044501391644 50.103518187264825 56.12543678067069 46.25155098469265 36.185500801067356 17.754214351124244 34.35994177931173 25.39329839529588 58.60204262676255 7.121945842269957 7.923366960854068 34.42650573585409 13.610300295001872 41.776395713898154 61.11988456747524 20.402581737833593 39.938873990393546 20.082380947166097 25.941601201614148 21.703224526784673 25.637182297434656 7.729943111009249 18.895203208840417 24.496451558799986 10.58828917308264 31.511353950301263 53.62745262856915 4.343427713676173 69.94866859733374 24.091424981279697 28.562248597501373 31.103200924286792 10.371960929526916 40.78889362734971 6.85984326485609 50.79313341533556 36.42223972408271 26.00355661463111 40.5611658001733 46.76563370698288 32.23027454946262 56.9079978556276 49.10439947719509 46.50610275020621 27.290680348134043 58.385882202981506 54.19249327456594 51.50238038000263 21.217108835518776 28.77413088193775 68.5119101336183 41.01781372833585 53.62745262856915 9.977746989619918 33.72761740104198 116.34021101299163 90.85308551448583 74.1999135173833 72.72603905657569 87.20454070942586 101.36694388214455 70.88885736148991 48.03513914985441 46.06181497123287 66.84443667190565 92.69041058192951 57.9427280788596 25.601037770042744 22.037976473167006 53.367945000866925 92.10811548505792 57.015497929174764 23.448606096466293 19.522174816214296 52.38894491378505 99.76192455321831 68.59634076338921 44.61673005697494 42.52088305749391 64.47927303577828
20.659308429403765 21.4100661023399 9.935748141932784 18.988317380945528 36.10781752864125 36.61719989296624 0.0 41.350537266167926 37.193732577749515 32.01504083004113 28.762026545889455 35.6542279497028 46.85644188505082 46.389206069361705 6.61238046243532 49.82058994879958 6.026445793773327 35.60698540512048 37.57422722330837 41.08012013382372 32.84833576686505 28.901694728183635 28.43162124093266 5.4426456197077595 25.261356753403955 29.926379137216404 51.5963691920809 27.771824809450294 38.20639789602757 55.179191449017644 80.85647478866188 58.35771731205347 61.20507242600219 35.07263158957723 7.753567050710132 10.64268427712415 43.623437438707256 36.426186339757 56.422134297160454 32.18099453677257 24.480936120388687 74.84629334900178 25.69236691290745 28.73134801325593 24.042521445243842 17.58337671955418 25.147627775088914 19.515158962429762 10.428067063602917 54.80757304496162 23.163459228157418 24.468826764411396 13.848802804399533 64.83588205348428 31.626458972695104 35.60786153540644 14.644586068024362 40.11159213363974 5.226331736608929 24.655741587221623 24.06522778371778 12.664013322563546 53.612329369339506 44.386369079725675 56.143265367638335 51.332013118668485 28.920767098056846 17.8228516410869 14.745712557310048 29.655201411498034 5.634363673552993 17.923310573164258 35.9347108687872 34.381082979052614 17.89456238445667 34.43797839141195 9.752999328103817 29.236080864514495 35.876936191894686 30.40153564725954 79.51795394940333 64.23058014888464 58.58453757137707 48.816402629948065 11.356009347534954 7.753567050710053 54.96114344574975 33.56754151843868 60.006863877426575 37.274399859612636 27.556550332959095 86.38619673613674 17.64652742529951 18.407766398972036 13.08520398019256 40.66487475574065 7.995723409039204 17.923310573164258 41.98416252037342 51.97347802461281 85.97457176735843 56.20148563326588 38.18073445535139 47.84465988558709 75.18401409340146 77.72114378829374 42.66484064207361 11.498264327771189 31.246448732737885 65.97484410414295 79.19449755240493 45.26921806040544 18.948352852739628 34.65519237840459 67.63969953068899 89.91768815358202 62.01317923603358 46.241167015594364 54.43366630708144 79.49823834907006 107.14821527516332 84.90691017028645 73.9575889557618 79.13510439141376 97.91375154928754
53.35329661093892 35.19222678801017 40.731165301512505 54.122394738008 68.35204162532918 72.69036902306905 41.350537266167926 0.0 73.13122155228912 18.67522286373694 55.499650556185784 19.715645163548448 88.01830531212306 72.8424756332935 46.134544675066245 89.82707698007819 42.170072192024726 7.224441182952903 74.83278169990292 82.33641079300634 74.07029074841964 50.67526135646619 64.33604308077284 45.51280500866352 52.03060785502727 71.26110018598945 91.29912208292224 68.14904695757336 49.43304740563231 83.26475085816207 106.97320037148482 82.90015769559116 101.31132359052316 76.42276161350921 35.59748843652122 46.773423112185796 78.14969883941413 31.890391376618464 97.54728451453407 73.33984368020637 17.48612158229116 104.14254453990597 34.09622467055092 67.92665853118604 58.079430317093035 52.22779142877469 56.9079885307557 30.612112190337648 31.529059121701028 72.37607658019569 55.16296424023547 41.26131342126693 47.612884525415744 104.47542573916739 65.98800946564683 68.32050880372304 38.272606280744306 69.73828214463846 37.05802857183793 32.05501052036722 53.292877524115674 32.98941049013055 92.06708199442102 66.54494601727669 94.1431633096505 91.95399155984416 65.37564085359351 55.09458446377485 55.72366229710409 68.86921751621101 43.981347871039844 25.28369743517614 73.58237781583757 16.42317327374058 48.62677651762451 53.92104338979425 42.23727054343618 68.29984352458978 43.99846232185875 68.03530387967812 100.50170255316391 87.05971984995426 97.59953708480184 89.67934988426548 39.52946026621156 41.689317214489165 52.13201835775396 31.766256983778245 101.10109715151938 78.62276607493958 14.411129692468196 110.68795059739001 23.751973932780242 59.112471297890764 54.42990001071155 9.110046735023662 43.99676274023906 25.28369743517614 80.4631922868764 70.38217179235602 44.68241228660627 21.35011768628166 38.04390820803496 70.5056894670957 105.00936820763962 40.027655363017985 8.076782051101246 32.56479089394683 67.73408880945094 103.18700475789181 52.97436818948693 35.46788354772147 47.348105002347275 75.88083115451812 108.65607774359296 74.8909971446473 63.51353415748168 70.6498699975698 92.09216460172613 120.42697774741508 100.04593074124226 91.6137103058456 96.48312068656459 112.9466698958177 136.8829605885994
19.782379350558156 39.15326408625526 32.96088220832235 19.322120032632963 8.626532235909885 0.6236222052029661 37.193732577749515 73.13122155228912 0.0 68.4377440833323 20.875151374546824 59.19832224557487 36.81703712577772 20.21563569519445 30.599774215210253 21.348255395783276 33.0792934620173 69.17877850300039 3.768691590563541 25.347479691746713 29.66812017869272 60.545884592477314 8.992785586580382 31.75121787581525 22.926605597787486 26.703854165189853 21.564493009840564 16.001321144055957 37.95372816787681 23.207510025950622 47.122078742988776 29.673589558319005 31.480934743043285 26.693218945607 44.927568375277474 27.67918591750011 6.85984326485609 51.71699837547774 43.70574067698914 21.12937807978739 59.012009443146425 39.32137522535149 42.071491602729466 11.575946106803714 15.051933148558666 21.176184633355124 50.72365504884152 56.704385317122906 46.80232504890754 35.8752551658035 18.134954211536424 34.64974731926683 25.88833952474054 58.918607374661 7.416706245927325 7.849238223647815 34.86162550939625 13.335168786053945 42.34765941689323 61.70890716331809 20.716210884620594 40.41172555454865 19.800973041153753 25.721860493030647 21.3526650975286 25.674813483605824 8.288877969372168 19.45425835607866 25.116194306984088 11.17735448913211 32.070121019988655 54.16895583180701 4.728859283821296 70.4774501738709 24.517515281861208 28.623929258437123 31.608051975112957 10.972759438830266 40.92840645578005 7.483465172345918 50.23917399558748 35.90858204856622 25.742193440280943 40.91588426579101 47.36677204478029 32.753458054198425 56.90452784629291 49.36425105899392 46.73279145580493 27.719584437073465 58.83869565709175 53.587704979287096 52.01368651928043 21.840448270082526 29.396248291824726 68.89960579132773 41.62637666598556 54.16895583180701 9.9582923731014 33.44160224892471 116.73247953551667 91.35014076234707 74.80192758686061 73.3342501267042 87.70746735791046 101.64272279080937 71.27894523333494 48.603534274319166 46.6485758469433 67.2461618788051 92.80115045577605 58.118046953717595 25.99166587587036 22.486250597409427 53.552793526611076 92.02717322910674 56.88587873380861 23.134695727061327 19.147674893049196 52.25190065060553 99.50925822657553 68.23183679503735 44.05966310536012 41.941668484368144 64.10251539031968
49.684985747888724 36.60998878485892 35.92300659932345 49.25361780105896 65.72039577225989 67.89927895488559 32.01504083004113 18.67522286373694 68.4377440833323 0.0 54.8477420201278 30.96563829467546 75.70388930457253 73.33001635595627 38.25999062872933 81.73238993589835 35.36379177756885 11.785842442697573 69.24616912684985 71.97943854412291 62.27614728305555 32.77408442082687 59.46322453234854 37.25856476254941 51.03263863634974 60.086498880506234 83.5646656113642 59.70409266354691 54.86441070009339 83.27818180293308 108.45995756260211 84.6457160288202 93.04158357106577 65.36388499622664 24.509549883695136 40.7609867974738 74.45186847045206 41.141594581750894 84.96388567594919 63.46214629316654 11.331740856500254 103.91334683047029 37.806331980503536 60.721410086001875 54.030835972947166 47.48393087778632 40.656369640244606 14.9043084534486 21.761763301856924 76.8482258499258 51.979901580155676 42.996302474421235 42.84754905227292 89.83224578134961 62.08909190038509 65.4314418195376 35.98357381164745 68.53308118732801 26.834893090276545 14.240001184987305 51.28726467208655 29.55606906642848 85.60114436044923 68.7250096813635 88.08659467021636 82.96913910487613 60.182029850326515 49.05884539704332 46.58602926786622 61.650588486611035 36.51787574199888 14.282558578129528 67.69096130847278 2.914093218481173 45.412761738883454 56.34517451958209 37.09454760414123 61.21363304486547 50.01519169882075 62.0853359486736 104.33414454970195 89.72786705958876 90.59885598509089 76.69975244815996 25.6897650241093 35.744555657525865 63.315391061324334 39.72183496750083 88.38537621501384 67.45046261649374 17.340856179651762 113.13446840523754 17.098129881255062 50.32506351232818 44.02673807086921 25.261457313925295 31.412198815686224 14.282558578129528 73.94356119962391 74.40160680929763 58.0331358540166 24.79448057527253 19.846788412923246 52.011836027852 86.88368372114554 58.34994784281325 25.520395038686406 20.73816025296342 52.35512006012129 87.08761381692472 70.94120497518355 47.58042207440691 45.025679318021 65.74876624873534 95.6590924035377 90.83813757834628 73.84099656213027 72.01059373127106 86.31723899488696 110.67029043733474 114.28592383710429 101.07867362694866 99.52151997723988 110.10983796697644 129.9070001707403
9.428987477730143 20.31876308254928 20.06419615524653 12.69288115703999 13.636798847134203 20.696440344576683 28.762026545889455 55.499650556185784 20.875151374546824 54.8477420201278 0.0 39.48052067956768 52.494291644644925 18.519140556073026 23.276433918630232 41.8219696125704 22.839942819897217 52.7929287517661 23.99975034251929 41.92872712836959 41.175486673174674 57.249378033728256 14.989771763234849 24.45984195453986 3.8290517690606123 37.43873428373648 42.3025540338351 27.05994423877596 17.88234997468907 28.47093823635497 53.66335186159331 30.163128308539996 52.32783022955788 40.11941057905446 35.16690975475439 18.442493388425394 23.855989793252526 31.004311064403883 60.90693923226164 34.39788054136742 44.07426274123108 49.2598505493784 22.250864691485067 23.304627432114263 10.233388399464426 12.80599537008283 50.87445087066737 46.42894141821502 35.18716218532833 26.43790394695469 7.583091771740929 14.655176930007299 15.031421299134907 74.46756692090838 13.744732696155545 13.915294221851893 18.864403593903003 14.242282111435339 32.71564628126179 52.05101427967457 4.879162235645276 25.29780841194234 40.56311155442515 15.650019258376553 41.81485820406483 45.73211262871498 16.407829651282906 16.015892633716376 25.369625297421422 23.87736300382164 23.261573719416848 41.40995195103527 23.680227599345812 56.30509548898926 10.86759673161662 9.094447289058563 19.48544819606779 23.17854546320864 20.163128835447807 19.955811489196662 50.93592341932805 35.749772729283535 46.539136991264705 56.122794361128896 40.09910235907993 21.4186098425438 37.520861140962175 28.795276841298666 64.28743809096191 41.93068736197295 41.89745913692256 58.611123875928286 37.75231425586405 24.764385019345365 29.18619124047656 50.00444261274776 36.05046421873329 41.40995195103527 30.520545609494626 23.555437153680444 97.62970955589599 75.3351034181133 65.96450553004284 74.56121470017067 96.43419543484914 81.08530391268269 52.407099347223564 38.083625017419635 51.83051040102182 80.34066220483695 72.12970842890824 37.24649294771164 10.20374981669535 36.78506025984073 71.6545440350632 73.58833385357116 39.973072921727685 17.682046726927087 39.492626303773406 73.06767292363267 84.92619500013495 58.12166605524633 45.56276336870117 57.497570557537664 84.07225289710594
39.970988385241085 20.141640226687535 30.407397304900616 41.74518717602858 53.026904825884934 58.86110620127931 35.6542279497028 19.715645163548448 59.19832224557487 30.96563829467546 39.48052067956768 0.0 81.1616581982404 55.29658474434323 37.88760437995518 78.22546818913324 33.579123390674326 21.430884449797727 61.575227862316744 73.4108050877326 67.28398293264377 55.72973474223957 51.0734737781429 37.78307881749778 36.55259241621305 63.91134837512787 79.3001657534486 58.00993886038024 30.284875730332338 65.72575872572709 88.42040228937238 64.5128207352667 89.50978010992364 68.61392984773393 33.371881512648066 36.49338031086785 63.20124649947625 12.194103451057325 90.67129904109424 64.37690608350091 21.721516638307843 86.39509931460931 17.25375987349909 56.564542564192855 44.58153003245374 39.94929030598642 57.91457652595646 35.23185482021428 29.30500078899862 53.13197256028996 41.18026584065663 24.844599847224778 35.97197320887224 100.30198218845351 51.79058908805013 53.19171797094605 26.01814097447286 53.337932532993435 33.444317701912205 39.36680712003615 38.50243771326867 23.506919456356066 78.88966718972797 48.2914944100528 80.55032539703653 81.15896217946754 52.323919059262195 43.71549314856275 47.451886751170825 57.456384631006316 35.70413582769466 27.327943882200078 60.65705135431343 30.284875730332427 35.393622890451866 35.998558995291766 31.924115648487476 56.79733110923918 24.810410494311405 55.48633047795722 81.22115491811844 68.24492841308724 84.72720371092417 83.61851104832016 39.491202421359375 32.31054490442846 33.0410189057369 12.412177746426845 94.28033806633245 70.82391697298456 14.166176988905942 91.75836361263411 22.616672152808494 50.09781236576225 47.72370308271344 11.567470171600537 41.48864892536172 27.327943882200078 67.76801134691839 51.3022197677976 58.21209525529122 41.04408950650476 50.12747077922756 76.63606307505997 108.46928502138859 43.369421223722334 13.82279054220261 32.14716444565442 66.39291097565125 101.56182784905432 44.391695746837854 16.731435257982234 33.48828388517259 67.0462179886621 101.98593772011667 60.4796728595694 44.17268850879938 52.695666328436296 78.32375979218725 109.65655795864953 83.32056135975616 72.14451672074102 77.45611889838155 96.57211362633208 123.22743045167374
45.331989863406655 62.622941619224065 50.812770076670944 42.26103764992888 44.766610925754954 36.47501381201844 46.85644188505082 88.01830531212306 36.81703712577772 75.70388930457253 52.494291644644925 81.1616581982404 0.0 57.0211771628792 43.32624333450564 22.9940501020716 47.63838816552841 81.85522147404869 33.1791777780349 11.484738769425578 14.016755098110128 51.489432278924504 37.88401367353689 43.557820190484755 52.29687961626982 17.25047868479805 25.28136555732929 25.514449005678 70.18749499135777 58.196533484400206 77.54412831772343 65.5213927569157 27.82849088162612 12.818497443035875 52.55057513104364 44.92017916120835 41.013942564291966 78.24622222887868 9.571315395228241 18.167506230995738 70.7267689655279 67.67629562563982 66.86573263060735 29.262025369405094 42.43884164219137 43.54995351109633 39.28182266394132 60.870135362188286 56.50776172076013 72.64197597385449 45.77393722112866 61.3279168955581 46.23492887511263 22.226903795719416 40.61702609937608 43.842233203501884 55.60774050963537 50.039853223542885 50.961644432882565 63.39597108638814 49.38372966670542 57.77163912874992 31.80729854601928 62.10758764496582 34.66518457871033 19.221193741290698 36.55085317153827 39.245178653590656 33.7130695743511 28.796429119038343 45.53649858152028 63.284254363187124 32.13507564836866 78.48944817565192 48.512849290842546 61.564921634483404 49.33222323177047 29.46544078713513 71.31055573301163 33.25040269821578 84.3817456541836 71.44886676701739 31.757676798637423 4.201030518915398 50.018711159165456 48.8511663746828 89.89503691208127 75.39849939633797 13.17031377282037 10.741255893460066 74.41251511151506 84.57702069013392 64.27922121211869 31.32213001063807 33.856136566163684 87.43139011911732 44.52628515115653 63.284254363187124 29.05765572559297 70.13373421219266 132.39623854756428 100.47461667089419 72.06726376703038 53.144987715216566 54.65570632211325 124.18068752330875 89.48251469758826 55.90704277957584 27.861696674225286 30.97015602953604 121.96686893617478 86.41375409692321 50.90154569710436 15.71013971307713 20.85330437800476 126.0714752861515 92.06426444937331 59.91519747110194 35.157121327291144 37.60858499265482 135.92308307246597 105.03589169528045 78.24404663647708 61.187101458823186 62.43180438343611
25.763562385797094 37.90593518986785 38.393906376939 27.989490196496487 13.205230008822987 20.58899773985204 46.389206069361705 72.8424756332935 20.21563569519445 73.33001635595627 18.519140556073026 55.29658474434323 57.0211771628792 0.0 40.293047534752795 39.33273001857063 40.715984309429466 70.74091756349144 23.84900431859623 45.54198791661831 49.2507849771365 73.90339285228877 22.481946788125136 41.53827758064203 22.348053131717318 45.96768627741902 38.695645347631704 34.74755714714116 26.872736847980672 10.44840374944966 35.14610666134096 11.988651040235606 47.14796482743251 46.656649453822325 53.273053274660235 35.75822561287591 17.107080381912805 44.81920446504143 63.62326865755351 40.91718297986351 62.457448169243 31.300069626435178 38.79186320625635 30.053471943991443 23.240486878113305 29.019328024088935 66.00269768216916 64.75392668168499 53.58782956511284 15.969926884827345 23.268221281929947 31.622987638009313 32.577472044709076 79.06974692638573 18.540300662168793 14.1313389561481 37.36134024479178 7.576747166293448 50.748115734911686 70.32626613517355 22.59963943785832 43.79969195613689 34.284744617977154 8.429183112336792 34.142716707776025 44.14730817960793 23.23138944022456 30.432642704425525 39.28751556407068 30.040743394214825 40.76009975617805 59.923859080960966 24.92910013637879 74.7266091058296 28.855108643268256 19.31251636286081 37.655397435023644 29.575611873680323 31.7405557982585 25.358523379942152 33.371124075342834 18.060903535156562 39.85265288907316 61.129267705696094 57.7103817938895 39.49643571212987 42.2736220403847 43.34397080680119 66.5036067404672 47.825523563035496 59.784797957549806 40.17499984470828 56.2441475300958 37.20483917599654 43.6460679686197 66.49384747336943 53.04569456040333 59.923859080960966 28.86681322427452 13.874291040817925 113.25636161351964 93.22856923008179 84.19140630962382 89.53705252780141 107.13374237963468 94.0253021236396 68.86860760854083 56.366285352756755 64.37061808032695 87.41933513839166 80.2339794748323 48.603152031112614 28.622292523126124 42.52527705238465 73.00518518916806 74.94892706382832 39.3680739813239 3.8157388849146896 31.80385999742539 67.38413902019646 79.87712137895433 48.017370542450266 27.625653102059136 41.867422019248174 72.62768635532223
14.552061614098397 20.701474436844773 8.046834562395816 12.53254588440511 29.606968893969377 30.026985872994008 6.61238046243532 46.134544675066245 30.599774215210253 38.25999062872933 23.276433918630232 37.88760437995518 43.32624333450564 40.293047534752795 0.0 44.02821325009041 4.313511478474147 40.881765026493504 31.074682346420573 36.371225753368805 29.402298485007414 33.98293505597433 21.819369473788985 1.2513558507155007 20.07109317526562 26.08831674973223 45.6885252664908 22.091364439213276 34.99904476679146 48.813827458829735 74.4799983332769 52.281544409880084 55.48487050701466 30.953674186031726 14.327851955499773 4.873078828798416 37.01132829248042 36.49232616413331 52.86820287390983 27.30890642095821 29.943754321046953 68.31264538468132 25.15085388460398 22.524478376261683 17.573258225407777 11.28572407882543 28.221007852845347 26.12335328385015 16.500717186703014 49.65731268827116 17.032386867298484 22.001316452373384 8.311163587331162 62.64414173225519 25.037752025647087 29.07931664922712 13.34436573011404 33.78648961962975 11.750762988141341 31.255343016878122 18.432840302531996 14.445434704470472 47.37244365880323 38.90244802952955 49.829156886254815 45.87712794278307 22.319995983177133 11.210496293719014 9.760583188395332 23.46257640309925 2.2238060613343342 24.01833537800059 29.471585966942314 40.511690095870506 12.625938913185731 29.946399687124376 6.874370941423718 22.995557764646534 33.5341246350342 23.898409936787946 73.57504907883235 58.25714601356966 52.48953281754349 45.7312244237346 17.535090302577682 5.724799612886539 53.01420820630711 33.57793396366188 56.47717221037064 33.17565560737378 31.909542742115256 80.11329611575206 22.897850871144346 12.982729213102342 10.036395893837321 44.39237098839897 12.828223201195495 24.01833537800059 35.69598498875208 46.786747604518965 90.80617472015504 62.09648914162828 44.70299182591613 51.70021190920427 76.67879278689772 80.86951650613605 46.54211836758072 18.018449177662813 31.864806384357326 65.10201922781744 80.0956650993283 45.19711959394109 14.228557686105862 29.90538865270251 64.17492399291805 88.72473741964761 59.040778211068286 40.3946342807187 48.06056586738246 74.29729490372783 104.45135961347273 80.59273136834915 67.91470279205163 72.53786628113178 91.88685388382422
38.34342969328502 58.13721843243775 49.201796966585796 36.50732416937638 29.88136246928713 21.375404728178058 49.82058994879958 89.82707698007819 21.348255395783276 81.73238993589835 41.8219696125704 78.22546818913324 22.9940501020716 39.33273001857063 44.02821325009041 0.0 47.7402090389806 84.87381896693964 17.880144048259847 14.259737520844906 25.178396190922964 65.31730648394866 27.533363242025164 44.84875519423292 43.285148226769 24.848868363928016 2.479955891059986 22.048973963760012 59.249789475731355 37.70455736610278 54.782197824849916 45.413606465554516 11.484738769425578 20.776278208767124 57.223647388896644 43.07263383429913 22.226680400163144 72.02130560753093 26.195692173976248 19.36292944988224 73.97172141579384 44.776176625691775 61.62711154367822 21.943002697927696 33.91458242372391 38.33939035621691 53.51486148215523 68.05238401530309 60.23878506722437 55.2710245193989 37.483478830590336 54.593551292885074 42.625932877392415 42.47073799026404 28.08093923386294 29.163570521225328 52.540364951964385 33.800676785156334 54.9279084960072 72.08837110727255 40.698881671713394 56.962902128739515 8.813268015839624 46.24038543650826 11.718009453410188 4.935323693420069 26.17638073016471 34.90600047522949 35.147256125073184 21.008871927480488 46.06831717488861 67.7436817678976 18.169443729986856 84.17452956918368 42.83824768439976 49.93212088728083 47.66709011442779 21.614829055764723 61.98478052920785 22.81892719088667 62.56823609484831 50.83271634298652 10.143901204663655 26.998648662253782 57.36141052278662 48.13792174487065 78.24623479504952 69.48694944585856 28.4171126732217 19.894430915086456 75.436756679349 61.839397561605644 66.92269758946287 31.42300762504931 37.97787217629056 86.90695928025843 51.22449096219249 67.7436817678976 11.397833128442244 53.189094798747185 134.31174996206445 106.01328221701773 83.48705854306691 72.3426913769321 77.64627591021814 121.36029781002699 89.21172808224239 61.00256448417862 44.900592701386046 53.31963505107026 113.94682644900213 78.93508464897943 44.831027352548915 17.919250343609335 34.1259893163008 113.16544292443945 77.8136237673759 42.845201477066475 12.193080405799149 31.525224890007884 119.14674404653374 86.20545121388999 56.559646956918826 38.71418542163991 48.277979311576765
15.18004522587646 16.86083301744302 4.351214824996794 14.056952985525385 31.03775762098651 32.537545113568626 6.026445793773327 42.170072192024726 33.0792934620173 35.36379177756885 22.839942819897217 33.579123390674326 47.63838816552841 40.715984309429466 4.313511478474147 47.7402090389806 0.0 37.155004009895116 33.944233434550135 40.557754694824474 33.715150464853224 34.91446850111846 24.11878054396106 4.313511478474147 19.28120512231264 30.397918072541035 49.308872901556015 25.980772649585653 32.49032224879683 49.773618480736644 75.43064234456303 52.646771753011095 59.22061256191023 35.24087073179942 12.610966393391355 5.445313587920352 39.20240001439432 32.51294339612553 57.17818922301218 31.480820392990807 26.399595499264876 69.75656744765065 21.295024911280393 25.978177287582316 19.022709200789276 12.41618317643658 30.54903147173068 24.334181779631805 13.768641298488058 48.790098483404 17.663562908658367 18.972087141990276 8.17346126898356 66.8887434559454 26.93099574814832 30.62050787113763 9.598382923129883 34.69558418422237 10.048617451344697 29.765442715589593 18.22477886387968 10.134522440992068 50.647732263791085 38.42882996558344 52.99201304775069 49.784325168838855 24.818250610577298 13.714308563588487 14.025848365138508 26.92357127025231 2.1339197942352057 21.08995376060453 32.445268456154544 37.455431056792115 11.988651040235784 28.424859021270045 3.790620604633972 26.402931093205286 30.50348199168985 26.818444514662204 73.70260863718818 58.44459502516784 55.92123813847863 50.039609194684246 17.27478053939165 1.8957732594070658 49.83215887057582 29.60328966020835 60.78734253901838 37.46212229558253 27.8575450460425 80.82328083845768 19.319890110401378 17.092680354983152 14.239862957222117 40.16322301533275 13.855386843851962 21.08995376060453 38.94866953241408 45.960152137537875 86.80029919851326 58.72589855033174 43.53552965943407 53.61087098807997 79.90669932043548 76.56395573212815 42.33482018824273 15.95746625137438 35.34473799316924 69.10909002619165 75.97983599105356 41.279205743155394 12.931281384629168 34.097963453316986 68.4859989121916 85.24661558388365 56.42644465477544 40.41137531500023 51.13112813575135 78.28079384375167 101.70597155166992 78.94343147269227 68.20660374486488 74.86207929215757 95.33433660748217
