0.0 22.69725498266153 4.871557767154268 10.960587700617602 27.769117221339215 18.58949401656711 45.02332101219631 31.53723294718266 58.5212591739085 46.235976384124946 23.827410549021955 34.57041301184379 11.78884479326145 24.506260118074547 49.845718136360134 4.015935793470359 10.853500369576809 35.28335616381785 25.252241454454044 39.604177551697106 39.7118583369339 41.68146311539123 46.934591195199275 12.424109035737798 38.19725497877813 50.80960043553949 12.405183862523844 56.24809635198373 50.752595482456165 23.008850319325493 46.784328927563465 45.74136443430061 37.88466891434008 42.99697920467039 16.114909863264266 43.36984278400958 16.093302943114494 11.977253984053966 14.749151135823046 3.4084024625072793 37.33523494073246 30.77679756424038 40.95307231404287 69.06245755544155 33.4352436762069 3.1081504981578267 32.86545732745847 27.405035529934 13.629921627729898 38.48402413120963 9.623821482405265 19.262812655184497 4.021211291160518 45.67093736004989 41.4979137984983 23.236600553362354 53.34149745154466 18.069878724983784 38.30607989656122 50.34699640237569 52.45501999223416 46.22457440275761 7.509584096522658 22.57793438894081 38.57832855025157 7.509584096522658 25.44413225613661 23.959035127078437 28.726894666754642 35.5945438728612 34.42985082244175 12.840007946054747 52.693317564533345 11.374635125838502 26.351263137510156 48.74911280317312 62.60727932973422 59.15581447231352 10.01277744656485 15.282666624256166 40.281924555504176 34.47877425493282 18.64916862535111 44.636655332311484 47.14757337705363 20.467173051528295 16.25282416042346 14.649025174080641 41.30464009755039 66.95686495183706 48.80963094996793 31.530591322813343 31.166659605737106 62.77629586049445 61.933428984488785 64.15351689645091 55.45660036631553 24.659540835510256 41.73296184304992 34.52295569350376 90.8177446146296 62.510947724005696 45.82077058591136 53.13789639085032 77.97369833684132 80.43951587737182 46.33597113036905 18.86089870581976 33.11569949264383 66.10423873880237 79.21357535778982 44.19436205238343 12.794589181341312 30.10764265616011 64.66411322500223 87.52541486878185 57.671378154521626 39.03150019326929 47.46692212246694 74.26264150535077 103.0929694707166 79.15480295191982 66.59523575800894 71.66929706543128 91.48863852027544
22.69725498266153 0.0 17.893271551239902 12.600488985519952 30.688580486506815 35.57333035034903 35.04990014280831 34.423229254482806 44.37892633182535 34.38014667633007 44.80661482757453 47.312598350382316 27.21068112759231 15.96109736024578 37.610739166841995 20.670279216062855 32.95013607086447 54.367638682915505 20.012718437635534 60.383934033097965 22.03725249213736 25.727404671128877 30.890246945161326 35.10592718107029 60.87233797532615 72.14279381448534 11.51880417088877 46.28660683928227 28.856226474941586 6.489911913907783 68.18148915456098 65.32089456986627 60.2335278189167 28.079756564380382 28.15899304307162 42.58075906621717 29.283702724317273 15.79945560535999 7.983430458761769 19.581839057908102 36.63338067341986 35.61497929726868 20.387582298942945 54.94170255738301 51.41298710465136 22.326807533862784 10.400855961228391 32.72010351161828 9.166014071136294 29.667287772794133 14.198535598798589 3.8090995926128564 22.58518736332364 63.90862149687681 61.34090803211545 5.876028828426316 38.59047229253321 40.64435202540605 25.702304844756082 38.63729161261457 70.78064226887489 57.12618348263587 17.040392393587872 14.71182176453326 23.065420691060666 17.040392393587872 47.521326745899906 45.28609367355664 24.170905540345036 54.05822295555768 11.744334928601946 16.8505073766665 33.258597695916706 33.8434135754389 48.93544052630974 69.32236024621821 53.59114210756068 48.56797855378623 15.505530097599795 7.50572734364523 61.78394104910697 56.26192821757302 24.809478951320678 27.740957325068994 37.007263375896265 30.80529923667959 31.888192678595708 18.472512729651346 25.532375889929405 52.102872232321246 37.13718186784242 33.80496722688497 8.472628186354536 49.73635840674561 51.65497215719938 83.62056273455258 43.12371780037534 31.39758657800112 59.61386759882428 18.517360579183748 111.80377786930843 85.02400354296613 67.00898580579612 65.44809965821034 81.29471009294203 98.31378292206915 66.4930124275284 41.342781359014175 39.10645112515184 62.30238798833712 91.69074085780846 56.345162079094386 21.784678902518454 17.50933449880779 51.679695905044056 93.40734599709742 59.072175330962814 28.04130306226752 24.805455523435676 54.557398556300704 103.047575739807 73.24982328805291 51.424071173054564 49.552984975016976 69.27283943643386
4.871557767154268 17.893271551239902 0.0 6.87243490541285 26.14144779737745 20.779886528626076 42.67839588471968 30.0879308438862 55.55646572734624 43.549766734218025 28.381870152551016 35.83636503504118 12.81883861617521 20.475263443422428 47.147338628048814 3.611159827592965 15.613761539247566 39.44862518857948 21.779441631560296 44.18208611971932 35.12617466826117 38.155122585709755 42.59523696723189 17.282768379270966 42.97939801873315 54.98359578791621 7.637445770812411 54.09137466586168 46.20134292982024 18.194889092236043 50.974259192981485 49.28287050302724 42.74446958351861 39.67951750639664 16.252139285090678 41.49030753044222 16.65755089215553 8.308542319942921 9.919012144009036 2.6006680253929146 35.30947242403513 29.76601299318754 36.62002528304924 66.18743259453494 37.308557934425714 5.673150134543596 28.141522264549806 26.35132955954093 8.946032913546937 35.00465948589006 5.003489178840998 14.557121901213847 6.41293551257564 48.771428805336676 45.107607400213546 18.40065369711422 50.20358613175197 22.941301383455045 35.3013791613697 47.75870355901943 55.623984934154066 47.18883384644306 3.7866269335790617 18.491632063099736 35.06678569551474 3.7866269335790617 30.253895007032366 28.600342998279107 25.58987856220059 39.61003084121545 29.636813747727274 9.538820345735383 48.01663493581459 15.98317813805669 31.057579897772893 52.64399523490912 60.718228115652835 56.90791158979505 6.021360487246361 10.437052369540424 44.497452291712506 38.79500649635887 18.563319185271823 40.98948233224445 44.81231567895489 20.406399889431814 17.782664951967593 11.780452842182566 36.93511879615049 62.91837406064207 45.08599928437288 29.938890855113833 26.365724854102826 60.070907986548214 59.77872873576646 67.7262761311717 52.815847444731006 23.822536782730637 44.68831443307129 30.02637937128451 94.92039081812806 67.1847740437764 50.49620921788466 55.83995379871977 78.85742671193444 83.57470754194566 50.07726388319361 23.726234397836546 33.91662222174014 65.3447897744256 80.87200144190145 45.4694428747973 11.26366377940141 26.80448239393229 61.986294447675014 87.61593699227097 56.506924630179455 35.23776088056504 42.69138317785594 70.25379525913281 101.9484317068409 76.70955115961752 62.50887623349898 66.80191490984359 86.88937749586127
10.960587700617602 12.600488985519952 6.87243490541285 0.0 30.005691244827467 27.490605243210247 36.36165065056827 34.03177479511603 48.847623868513246 37.008802367023165 32.21233468827197 42.009343280515566 19.296873872782268 20.502167607072643 40.587239997966954 10.437397589291907 20.50216760707257 42.07241544797462 23.021306126443942 47.83118523204362 32.67583647976597 31.296986428428646 40.90496521659886 23.021306126443875 48.92135355914548 61.6982592334426 7.055039692600523 47.85492415174408 39.85170898772752 15.054611102285987 57.67914620335512 56.153603058252244 47.73656583821512 32.866487156454774 22.1303885648174 44.63880039535105 22.770425368210503 11.143746638753836 5.6645134693420225 7.574151594881521 38.387555063126854 34.20244879834989 29.99285948856305 59.50434324890243 39.343976610684734 9.917724750932164 22.268688492123456 30.84383595710394 3.7460879092529846 35.66028111922172 6.872434905412883 8.857937149067052 10.06470530611166 55.61630705192802 51.97350650955191 15.002664847053707 43.4345109622881 28.349188232441662 28.6216876971184 41.260453591521575 62.47549801850042 53.089199047850094 8.558535818337417 18.532654164858183 28.21337673770968 8.558535818337417 34.979345380501634 32.68568955114365 27.261716366097847 41.89762037223169 24.05717129232219 12.696356964431997 44.95404969453683 22.329329004165434 37.21830841209028 59.465042639501746 54.65633140509422 50.59783242528557 9.08986947094001 6.284468367303439 51.18564796046168 45.41639999590625 15.525398655529504 34.1182745916515 38.490810389157446 25.979880283916646 24.31387248908279 15.165456930476735 35.25479866279635 61.85257557911121 44.99315463375751 33.718542799161774 20.867478366462702 53.47744871576561 53.524118991661524 74.59700953288649 46.27237519560685 28.617379605074145 51.5113912631142 28.07525708295528 101.67677178421988 73.37637472449477 54.42585542159444 55.429324673753015 75.59630449894192 90.41344827070249 56.92902711988619 28.973013383825993 31.147323410766926 60.27499383780876 87.11466653060076 51.5830234276293 16.274589377920332 20.028154812611593 55.403993387383395 92.63541236738439 60.363961986793235 35.192141188711076 36.950728126373775 63.43828835637588 105.60113088827649 78.67564425542336 61.32090632856927 62.15133553252095 80.60683510403571
27.769117221339215 30.688580486506815 26.14144779737745 30.005691244827467 0.0 19.508165685971186 64.81905314211646 4.026294192982164 75.05975121000733 64.6457946242871 48.04569602916867 20.09266155434584 17.815176555591542 15.960161830727431 68.01428296346263 24.005928967014768 35.6230102578503 60.57997085742629 11.805928261792968 62.51754407176563 29.130693286143423 56.41453887199708 31.268469942484007 33.982725702783895 51.91499180428643 54.36312890913766 23.319872899421302 76.29668385656653 55.933221219686246 24.903617664804088 51.047735976325065 44.15053494248566 56.67757546214516 58.729430866360495 13.273915276464193 15.622600414324332 14.277404821233905 18.873951079382085 27.06815931818295 28.344026033885093 9.78796718322828 5.018748782948571 49.98303923387654 85.6301476802964 59.665033462048015 30.579542804740615 38.659345743239825 3.2990665964833568 28.392202769382106 17.241035051856873 23.20875799317735 30.52426064180217 31.520787601959693 40.598797828943326 41.26131342126693 25.614703770241324 69.27736856465788 38.971938953775364 55.910972061385756 68.95031483920829 46.86659284627413 27.386098651579005 22.509634252946043 16.408106419079473 53.712007540232676 22.509634252946043 47.06267283741111 47.58836044098355 9.653057667121091 61.3738403710497 38.322201167138054 17.329607097264024 40.90295666125765 30.333245884890317 40.872937758934164 49.80190840496943 83.43787827813227 78.77211654669185 21.064699076684192 26.871601154195286 45.870241781884246 42.29945700999221 44.59802354847193 58.38049544935772 66.88080463919054 10.085228734619797 17.106788703498076 14.855053342488407 27.29297262597773 46.1538785409835 27.326912826904103 3.7982566635924466 35.83408675454724 80.36502793915427 81.82254564490694 60.58737755804782 73.61412614416395 5.081058009734734 36.350299263454595 24.47274637519697 90.66265578202666 71.56764085401835 67.50004136588244 80.76324816973069 104.9822233866382 72.24074467362894 46.359496899069306 40.14798144789137 60.05578719809341 90.18710793149138 61.700076640738416 27.398462066302905 15.0552507783106 47.27424261353371 82.31194348092366 63.12146885693396 30.43722906924574 20.018365375179275 49.06373352415969 83.34248555449123 75.8351915181851 51.73432657678415 46.19603478975198 64.21740826795663 92.98304269380532
18.58949401656711 35.57333035034903 20.779886528626076 27.490605243210247 19.508165685971186 0.0 63.35540035964066 21.580456518491577 76.32051932798778 64.32048191821362 30.875681218674682 16.467633218207965 8.431430318777812 27.893311749268346 67.92092263801636 17.1748347142291 20.619845675934116 43.434851463609704 25.635867325821522 44.03678791920899 44.339396388474285 58.68697670121645 48.80951533703163 17.43360566853126 32.48118002368462 37.76484053679115 24.225736661394123 74.68978742719737 64.31336061716463 32.52655569751468 34.01683537014895 29.815964792754805 37.330603056580216 60.34268593621078 8.520021536287507 33.22769003400212 7.086479847933861 19.80477167092279 28.39297326182258 21.33919794235913 28.538202431404965 19.355371070792746 55.802595436139015 86.9612588087529 43.3673384707235 21.568344972765313 45.778576861249554 17.04404959512348 28.41771944650398 36.04275171213112 21.958003765739484 33.29440845294608 22.36918171793105 28.421535777229426 25.96364910061122 33.0882738813288 70.92509201438554 21.10807679794256 56.072195363942335 68.51532509298724 35.307027423255434 28.275501370813004 19.336693488404634 26.836810638210082 55.626468059351744 19.336693488404634 28.72548385674645 30.116689744551802 26.53864100866857 44.58127561427213 46.539286325604905 18.939859483445165 57.29024201489476 13.708763491963964 21.393648386574355 34.233117701887515 81.14857027197533 77.55489334439072 20.212460446753234 28.63402319169313 28.083659199263504 23.614936047718636 37.045884793955516 61.394657426041896 65.48769190269405 9.53894041630083 3.797297681379948 18.02576136774622 43.93953173825472 65.4547092586609 46.52635692895599 22.122299180936857 43.377316493745816 80.84807720723875 80.38005273311879 48.05082789560185 73.5840606004168 14.465570889126942 24.194220325311115 38.97176361890102 76.64451816853993 53.37129889485326 48.52600793001685 66.2813387403642 94.67746724306792 63.094374709271044 31.190520173845936 22.29350230419819 50.530735288604106 84.50984226714115 60.637891206816846 25.91843341359556 14.099149580116743 47.51858936058162 82.761441132904 70.44544378990678 44.10513077090256 38.21187967742854 59.221753734432134 89.92478890970567 88.53048904471233 69.2334339478012 65.42945520030858 79.37810268422595 104.1771429263361
45.02332101219631 35.04990014280831 42.67839588471968 36.36165065056827 64.81905314211646 63.35540035964066 0.0 68.74742393797032 15.228744402404702 3.7762513618206683 54.049470431583 78.36586332818048 55.485410948153785 50.99328770033514 6.075932542064292 46.239113862308216 49.26363107645653 56.36912258589042 54.9518639685549 65.09174870670876 52.89802474759567 13.385678162139143 61.619252508984765 53.34881701815226 76.423719371602 93.377551438199 41.924844199241136 11.530542543987165 32.10041020707122 41.520344947926425 89.39960285695237 90.17685216379584 70.90048768745244 10.77756277002804 58.49000597532433 77.60216804314787 59.12061412343875 46.8337166519051 37.859569159702794 42.040711745048576 71.58791701355722 69.49382718992733 24.642154264785866 24.80547054685086 52.075589625883985 42.33848646639129 32.08703597562365 66.29919279637467 36.804753244728666 64.24422136994288 42.967309715751576 34.380779069389426 41.72154713556909 90.58284708703046 85.87051483466409 40.874868511861564 12.297316645400448 56.50485606253558 9.604189676056814 5.859361243625137 97.29445897533785 89.40728949787648 44.92009531172366 49.63000348211944 14.008036314785295 44.92009531172366 59.29928148850089 55.274052283096644 59.18223075274139 54.84617812967959 34.283886527914945 48.339114859430104 59.10758146720088 54.644179745633885 66.92865328104783 92.36857170123811 18.62858118487065 14.239503630496051 45.16058823240485 37.99697063683581 83.00737604327011 77.01058213416677 28.795091910382723 14.852644587113643 2.1339197942352057 62.262472265353765 60.461060836687274 50.65914897404845 57.369528709870146 81.52460828831659 70.18097928021317 68.23686086997034 34.28760453434537 18.15115812089161 17.171321168180445 108.36720371032843 10.855444385295952 64.40529173270329 86.72237547668524 51.4961320953652 132.98591835715297 100.7581925730356 71.77279044113935 51.79396408000495 52.40283555340242 125.23403202619534 90.38480322655036 56.45762995949646 27.160941755265164 28.63862747587579 123.4676462583843 87.94461584785499 52.50201450120828 17.631729432977508 19.937515516801604 127.93502321910023 94.05725182251122 62.1156242020058 37.44492777432208 38.4458340919575 138.03199029332202 107.27013858860981 80.5795793204048 63.33552131355552 63.732578831634314
31.53723294718266 34.423229254482806 30.0879308438862 34.03177479511603 4.026294192982164 21.580456518491577 68.74742393797032 0.0 78.79933685063193 68.51796658185081 51.11883478030339 18.880625569032457 21.12015787322819 19.246277221400195 71.86428044322982 27.84502299776851 38.96263898771007 63.706137367330875 14.990175876054963 65.25981919639786 30.960712098085235 60.14313521237524 32.002167505664 37.06347584458933 53.55820718374014 54.528580005753206 27.33669703812977 80.21017235012066 58.95412087546853 28.47988495415728 51.39718748201447 43.827994499961385 58.91040756246779 62.49753194403912 16.442410967200637 12.126415377922713 17.254776947393626 22.89847925187726 31.050067548645856 32.24704885139787 6.960730094951912 2.8922285272623873 53.406516768136576 89.33847809653454 62.9590673214498 34.40248013699834 42.041688273735254 4.629118898431101 32.399070290097534 17.465260135228142 27.23086736740946 34.40942227482359 35.34703946937624 39.84886439759447 41.25390240894935 29.190513287530898 73.00423715610587 41.824741413965924 59.78307591052868 72.81772997763709 45.831779864701524 24.653287817842948 26.48666056384934 19.926474637545052 57.480865395523274 26.48666056384934 49.81825316032561 50.5899889134734 11.989303790757099 64.57816389607643 41.5585412677132 21.35297208130567 42.03442824870263 33.34438127129592 42.92744764076883 49.71125122344206 87.37195786992388 82.66208641876035 25.081214823967777 30.840491127407088 46.56057938286057 43.427843897045015 48.57949025022374 62.03770801204883 70.80169589305392 12.691234484168815 19.707543147622854 18.87846768388857 28.59060864511282 45.20583967968576 26.733516229353743 0.9497640167461903 39.20193868696499 84.14839566505786 85.71917814890102 59.57025385537324 77.44655799056729 7.482993121191174 35.72812970511556 26.690983514941383 89.80382527457066 72.23262764144506 70.01778888569861 84.37737746347936 108.94358951016052 70.38145596877469 46.213387834928895 43.01141244188933 64.00361317594552 94.20785483390921 58.59224278742233 25.089825798653585 18.92499553885912 51.17635398781825 86.09349924677078 59.18883123978805 26.440582298260534 20.666331452691974 51.83913901551003 86.4852682636448 71.86338327767922 48.41991704419518 45.35199085178892 65.58422050452971 95.27827181790248
58.5212591739085 44.37892633182535 55.55646572734624 48.847623868513246 75.05975121000733 76.32051932798778 15.228744402404702 78.79933685063193 0.0 12.66366718672824 69.2142230522202 90.47365292998163 68.13260766096163 59.97525087629137 9.250243775756635 59.16753964633282 63.81471967280078 71.50965945404158 64.1818332547333 80.27378875649006 57.822979729032 18.658281875119574 65.7355735685582 67.78751100169963 91.44318688942583 107.96664509233857 53.38047648053961 11.113780646500853 29.88576474577021 50.440299286764734 103.96333093614476 104.15803428249653 86.10677047102494 16.371701205451032 70.59498582005769 86.27086571975404 71.40221430910596 58.356891585741884 49.09583090512189 55.33072060088789 80.5983845790838 79.96041102570227 27.52767508691666 10.68731985735222 67.19884898135469 56.07424047066664 38.13661384925064 76.98241991042025 48.46815681956062 71.38367005734234 54.94270786737065 44.82946371053804 55.55854780549705 104.17334872164268 99.87716307123803 49.73814580250157 5.822541811191627 71.27449492082323 20.258599455639434 9.414306507054349 110.97346808643078 101.00553692717034 57.24230624237824 58.97164587177291 21.37495472693348 57.24230624237824 74.40225608145363 70.42104352010885 68.12584223679576 69.94410842865125 39.6354047664978 59.76266877064136 60.846536810371006 68.76892596046933 81.6483442830195 106.68837597045548 15.832808794263604 10.08316455126753 57.02635857207328 49.08407464621303 97.51889228774384 91.52702118398113 43.580418598689796 17.08961473595605 13.594490246187485 74.01776395157385 73.1512008047721 61.883674032843594 62.48184565082038 83.72110593497675 75.45739870240544 78.16990208400607 40.853824074418526 5.853926802184556 12.149405513553074 122.48936690105182 5.37229107432382 75.43960323821089 100.173284474794 57.8096932092185 147.74900968883557 115.873159014799 86.92266151001319 64.9357388487367 58.394282852985484 138.9585161432609 104.54703527741522 71.29437195631853 42.04621114808088 31.38585324193147 135.44863363796182 99.88012154815554 64.3269447889626 28.84586262581913 7.64346614549834 137.6241772814826 102.78381094316711 68.70813868066429 37.540694719010226 25.099763135732033 145.22975183166417 112.67416867672979 82.65235350762468 59.1566613354062 51.95926682329001
46.235976384124946 34.38014667633007 43.549766734218025 37.008802367023165 64.6457946242871 64.32048191821362 3.7762513618206683 68.51796658185081 12.66366718672824 0.0 56.659856809825556 78.95750393911626 56.279441929836224 50.32746743789525 3.60978333550853 47.147729926920725 51.181461583297555 59.50905827844987 54.38898063487157 68.15435165050113 51.08309602566345 10.736744016564508 59.65867994937799 55.18106327736267 78.79665693163159 95.33811182370441 42.1324945628331 12.028710491709901 28.7560609067378 40.770193959472394 91.33965733145455 91.72102481663455 73.61098636926475 7.939947322663904 59.041735218217255 76.93452556599847 59.75300330595846 47.09435623910583 37.94924487199773 43.12879860847809 71.01339172765732 69.4159051709501 21.98276592136298 22.895206462139036 55.24376616546808 43.685271955156296 30.353395429864193 66.29331883532406 37.071309742975075 63.07509656426649 43.407516548336325 34.121918252811135 43.129522923816445 91.90197124496314 87.42821231975422 40.10031285854717 8.861640621529835 58.61352812470449 8.73520299390067 4.312306639690606 98.6663137178037 89.80132862824541 45.52787017269526 49.077826497972595 12.06294444622069 45.52787017269526 61.793865401878136 57.84742780285563 58.54300770010704 58.04084714506221 32.39804760416911 48.564516498641744 56.6252123697276 56.25570463809434 68.99348804300917 94.13177245710322 19.415777061686054 14.187947685294718 45.56183907955762 38.02544541883827 84.90603338978734 78.91144515940464 30.916907641858202 11.63343676544339 3.9711264886130793 62.67252894888858 61.28655421154694 50.81240965933604 55.62718247906713 79.21701392489875 68.53636807108937 67.96405661296187 32.73112791876625 16.544951556281188 17.27576885001246 110.00526328298245 9.267564649140233 64.52864569212795 87.96341320886545 50.03188805839163 135.09385135125964 103.26187253900956 74.8854681469949 55.541027482260404 55.62312023132196 126.6423319070977 92.04250527929834 58.63073580807667 30.585968048148327 31.07470930760479 124.04952497327079 88.47576865433908 52.913604675943816 17.43411622588919 18.446088618077027 127.6730155932945 93.44232265400005 60.78428250823017 34.49902785297329 34.89741296585207 137.020331027755 105.74634398412256 78.2441706937694 59.95126406506603 59.985837612206886
23.827410549021955 44.80661482757453 28.381870152551016 32.21233468827197 48.04569602916867 30.875681218674682 54.049470431583 51.11883478030339 69.2142230522202 56.659856809825556 0.0 45.755018979907035 30.280351484632337 48.21467148328918 59.964549144507345 27.545716518107085 13.167338178861446 12.616230899212576 48.49361906111416 15.800292524260001 63.49788986955121 56.34380742893946 70.74213632307129 14.066444600309715 22.927096619989726 42.04258234718963 36.00598544859787 63.246441968527485 70.15746490898832 46.438879636129286 38.415710873086496 43.01654314239136 17.069131232452985 56.59464679149155 34.777298692615965 63.2135441959253 33.86950974098105 35.684167332651434 37.42496839490553 26.00533488316432 57.79587266557059 49.421376785816236 59.50987362546044 78.68630947667472 12.733088098301995 22.925128638974726 54.0144158156045 46.511990550368886 35.79849863055495 61.50050088238086 33.35417396713233 41.03261457688358 22.45555334543586 45.94638393185736 39.02040248854435 46.57053927602468 65.2351173841376 9.87511845198161 51.05188929497263 59.90871908778842 51.36219558234716 56.99726293139701 31.32820385091198 46.326689673811124 53.47450060287607 31.32820385091198 5.7248392676004585 1.4226131961563322 51.4801167270583 13.70894874968654 56.03262815922128 36.34506032482474 76.3886006526605 17.777766261969116 16.93933029241045 42.794356712895876 67.80373935307237 66.34632653182884 33.8294662412393 38.031142944193945 32.81663635833248 27.38516320559452 26.395712557892274 59.60554819618034 55.88167188945756 38.46001274925107 31.60843043938585 37.74830095541242 65.1234786285197 90.51444228667285 72.05278092084673 51.423439738462974 52.93454338367513 71.922530325051 68.46270956527084 59.092380278372275 64.81708075064738 43.636907360106584 43.55764630210283 58.34373652842393 80.05971954845238 46.75247381915987 22.23129384966633 36.53585291727664 68.61274061441122 77.35405765077509 41.99879932438139 8.738319874786976 30.348434946256493 65.55842396703844 84.49844999261188 53.93829366886951 34.7976669019618 45.21727927789037 73.55619412485541 99.39067672633008 74.9803296232415 62.43175382337495 68.59685697346742 89.69651349578399 119.15976990393457 99.50816976328238 90.20390116979432 94.35917854835222 110.46541639163237
34.57041301184379 47.312598350382316 35.83636503504118 42.009343280515566 20.09266155434584 16.467633218207965 78.36586332818048 18.880625569032457 90.47365292998163 78.95750393911626 45.755018979907035 0.0 23.073090418323254 35.02370443474414 82.51156537712528 32.40160547295815 36.871601897725704 57.92518270996699 31.273228232953063 56.901033641020724 49.22295368726273 72.23281672153041 50.87329781437084 33.33202081081993 40.34687459286581 36.78303457788832 37.1211230952527 89.84146446163486 74.71740217135749 42.63555180708883 34.10277823352541 25.426727438730335 48.0899742038772 74.18954434782263 19.9165847462028 26.03635041154991 19.246545280644497 32.162808758724715 41.42747528988732 36.92930572777289 24.270893772091757 16.043019913300974 67.5869766412537 101.1609599062042 58.47863146357388 37.64413678025541 56.646954426740635 16.86301838431438 42.009343280515566 36.34061878794234 35.570881876918826 45.954194916935656 38.49939313300892 21.049988151713606 23.45110202653971 43.31214270745341 84.8753550295794 35.90737352760939 70.43046309297583 83.23223979443912 26.953541883645617 11.80820231541201 33.4550427008796 34.869777419508395 69.27976638094908 33.4550427008796 42.483355575053146 44.775948340915605 29.73594026912659 59.32666952953422 56.777797409159454 30.818045236672067 60.81227337294519 29.791837684152732 32.387747716028954 31.578545753331497 96.54279735885613 92.6043200456762 33.4550427008796 41.489300778071645 30.321718432007017 28.830318936561525 53.20639099302916 74.64906338632295 80.49647558180057 16.553046660244746 18.32126884611977 28.893886390514076 47.265900698420715 63.02564773603145 45.18332991660804 19.819769560275606 53.94046184352545 95.33342558704943 95.51868009006695 40.693769812083126 88.20201816175486 16.74268580922228 17.070003823006815 44.49458710123244 70.9250386761377 55.32333728866756 60.19245475878275 81.96182644540906 111.10580452890312 52.29234759571157 28.043100768462764 37.02077766419242 66.98400593755024 100.6745882435467 45.10570190231727 9.645738646009445 26.148942246904987 61.69850131011983 97.27206137362568 54.13413744386907 31.314298160270674 39.5330022740506 68.39096311118118 101.60699763366927 73.63681468345902 58.7281889747821 63.30688156359007 84.25356785020159 112.79054705374179
11.78884479326145 27.21068112759231 12.81883861617521 19.296873872782268 17.815176555591542 8.431430318777812 55.485410948153785 21.12015787322819 68.13260766096163 56.279441929836224 30.280351484632337 23.073090418323254 0.0 21.22536540370565 59.86638288937318 9.331579993013875 17.84582495522996 42.778324774566684 19.90753256324154 45.08188745942486 37.83334885045903 50.34666869855428 43.32335133937439 16.25159579038701 37.46266904711541 45.431733654857794 15.806981945661747 66.90907901603842 56.014830151900554 24.5354949802552 41.56296747210784 38.11146624248759 40.343267856845486 52.060334250376904 4.720852449575258 33.23875910262777 4.35399934586719 11.534679000511646 19.96156330357228 13.87306294448873 27.59880362982503 19.82953588716943 47.38606027733322 78.79611114247412 41.86813708342646 14.896173366150045 37.48132039060556 16.63214991392441 20.014554601290303 32.0080440825777 13.533813003888564 24.8659601753613 15.806981945661786 36.85279750191983 34.157893440175066 25.054720613002523 62.679625119010765 21.519443182810054 47.91790076848541 60.512304188356666 43.73835097181509 34.57686963284749 10.960131056203073 19.838030651344113 47.299504224499195 10.960131056203073 29.69716634939279 29.882011075487785 21.975742795005143 43.55866468805118 38.34436877393394 10.854567429974898 50.99371696219753 12.728730802790547 25.51196403273841 42.25842894829154 73.52758614405464 69.71913350600767 11.788844793261488 20.205496784346927 35.35849460815719 30.302066602980737 30.37252444079223 53.01775031076595 57.61919927819072 8.968846735542098 5.018597635934798 10.46259203831324 38.08540087723327 61.52440249262446 42.67728846978148 21.32198195164587 35.14510590621331 72.76850625647303 72.59583879660157 56.421273846850745 65.54654421199984 13.751826375074303 32.62194448603232 32.39720176425085 84.74405003672041 59.966253024103985 50.42328170772267 63.41310216705794 89.62195080338026 71.51020894859568 39.33941490564642 22.66428300698977 44.85477077508555 77.73308032078815 68.0591316142473 32.71792985871553 6.410217353888639 39.29286516588796 74.6925567475942 75.74026354973427 46.525248085341765 33.53800462554897 51.158427041916184 81.49699024185588 91.80018425775717 69.49773193864552 61.35738402049804 72.3301826227991 96.07660993557472
24.506260118074547 15.96109736024578 20.475263443422428 20.502167607072643 15.960161830727431 27.893311749268346 50.99328770033514 19.246277221400195 59.97525087629137 50.32746743789525 48.21467148328918 35.02370443474414 21.22536540370565 0.0 53.52121065261682 20.67354252007353 35.064900618378466 59.77677702853915 4.267839588471826 63.89581527076626 16.613140209820088 41.344721423659145 22.63605332613695 35.34381260871174 58.65248312932557 65.59860433067009 13.746641274512548 62.24737979061336 40.01348220769991 9.579365955759798 61.89482002415242 56.79806527076187 60.79680790214395 43.8252641236399 19.373427427928235 26.619734565802705 20.808248743546223 12.542198064941179 15.502423197493298 23.070260106130924 20.702660343665084 20.969111669668155 34.165463187615565 70.41080572773613 57.767870322034995 26.13392267296404 22.796023060185043 18.658365586751703 17.408515467240584 15.167462528633619 15.613761539247566 17.03701036033679 26.88746932809394 54.18043781643906 53.30703196800639 10.26761325508729 54.156691836742155 41.1272492262456 41.66203646209472 54.571393750355384 60.82473759556126 43.31091588437186 17.035623924784232 2.0084764963044464 38.84002677428772 17.035623924784232 49.12617405756055 48.22397416033714 8.216286640346372 60.0257365265975 22.366382502844402 11.919450265739716 29.76978452390166 32.596651220280776 46.628259764878386 61.78069409515862 69.55080817682669 64.51303435302884 14.554810963439486 15.028555026199074 55.96467754700317 51.259343892619036 35.98790432299683 43.04457706602169 52.9622026687028 19.91817311775727 24.199354297300697 11.022396357859819 17.13764918270259 42.474198920044685 24.71544811562361 18.504621791856454 19.955705477150758 65.45774068191925 67.60317330127035 74.32640259302471 58.98630578103493 18.281312287834208 49.818400336658854 11.18160086127228 103.83108979864758 81.02793596303178 69.87322682402574 75.70415755799024 95.457222565272 87.26182008631484 58.5584780486985 42.13953232590854 51.522419830276995 77.88166685830988 77.65827476508207 43.13007638887105 14.893164008329475 33.40084091998051 67.3916390157045 77.65006202431873 43.11542650163266 14.851090649871955 33.382282810865675 67.38253289172401 87.2398922266694 58.52610496628375 42.09496328479452 51.4863254717463 77.858026510528
49.845718136360134 37.610739166841995 47.147338628048814 40.587239997966954 68.01428296346263 67.92092263801636 6.075932542064292 71.86428044322982 9.250243775756635 3.60978333550853 59.964549144507345 82.51156537712528 59.86638288937318 53.52121065261682 0.0 50.74710491013681 54.72133540576783 62.44416853346173 57.62084279058446 71.1600806891479 53.58525069922961 12.996148390453266 62.02125228760858 58.73854526139383 82.21162050111025 98.87712857343844 45.62949476864571 9.415102001931388 29.518168771284454 43.94665287427853 94.88258680388152 95.31990484215584 76.86568955904207 10.188749075798752 62.59498063092248 80.09667226848039 63.318540496656176 50.598352825564504 41.42366875022781 46.7374220744238 74.22211179012275 72.81222694440359 23.888513685866997 19.30670901178315 58.15144097041174 47.29175350333145 33.00960689815418 69.7137239647597 40.587239997966954 65.99056354737903 46.950348229981856 37.50494154957505 46.73286999661397 95.51134851114988 91.02574795921008 43.26752073319036 6.531043566417111 62.11018162613046 12.155312674369341 1.424989026267696 102.2746522432116 93.31535241772502 49.09589833303475 52.3222551057057 14.863251722944288 49.09589833303475 65.15490375971389 61.17080086085879 61.73635864386087 60.92189387526585 34.926056986023504 52.05925804402619 58.495082655092475 59.844758042544846 72.50427618228377 97.70618923766337 16.729664735223043 11.113028072610895 49.09589833303475 41.484127290555584 88.45653496498362 82.46075519055368 34.394016407687076 13.064603904189559 4.821317233499618 66.19844261071394 64.87560845215394 54.287853309482436 58.173506514731905 81.22547898395767 71.1311523817129 71.29533104794925 35.494420500541224 12.93634621819324 14.20980424236809 113.59640297680417 5.690452784629573 67.98664239758764 91.57314091626968 52.78918972343453 138.60031134681327 106.62550001933067 77.84664623027713 57.30057184099519 55.12497499313267 130.24994519134864 95.63048241856302 62.10899565181436 33.19733035771695 29.64448302785542 127.59542758707887 92.01735952820638 56.444722936224125 20.905262962821343 14.841302878704246 130.98366320984198 96.61807199832604 63.604850622188906 35.89283475545076 32.606863226731846 139.97635159025924 108.39147452198571 80.22586190720467 60.463298926857306 58.37445114062396
4.015935793470359 20.670279216062855 3.611159827592965 10.437397589291907 24.005928967014768 17.1748347142291 46.239113862308216 27.84502299776851 59.16753964633282 47.147729926920725 27.545716518107085 32.40160547295815 9.331579993013875 20.67354252007353 50.74710491013681 0.0 14.417868010983875 39.19957570907216 21.264418551814195 43.26170961685552 36.22333348561464 41.73434266360456 43.211630282032935 15.244701440997947 40.44636647143156 51.7155757768455 9.53614031737992 57.629224641467175 49.29693900495076 20.042550931391464 47.7208645398904 45.766745983914696 40.9354911944713 43.280616961150706 13.091492377416497 39.55987934278145 13.344978545397504 8.13852444506969 12.733088098301995 4.662371627418892 33.47735087435139 27.25305038576817 39.91751645996231 69.79750569211791 37.42496839490553 6.577895197391955 31.039633878081315 23.851807012292657 12.102169816671129 34.484532259649406 6.66065614555659 17.5831956340303 7.516319047686622 45.18052875061939 41.61301577153145 20.35409346660204 53.81253082702685 21.047837829511515 38.912138464350754 51.34972697532354 52.03829975301518 43.85132938450784 4.015935793470359 18.78119374950969 38.64991768983656 4.015935793470359 28.762026545889544 27.587736792491278 24.71125411110883 39.554690846492626 32.37322388540115 8.880938680759906 49.303251308785896 13.33510012147882 28.4003146584238 49.23878996767884 64.20980491498572 60.461060836687274 6.418828209622409 13.170758036393199 41.270420126526844 35.652208637503 21.367412912990826 44.54673900784458 48.37284668788959 17.365488311316373 14.239953285020391 10.633856828703168 37.61197100979364 63.06608572707451 44.841299809257414 27.789654894090244 29.09377881182293 63.673329618539086 63.31845487051595 64.20783909973521 56.41257210780012 21.187912485223933 41.08646657344054 30.953756405619146 91.58814501571491 64.38924351597998 49.35303688522856 57.075660451399884 81.31236670189223 79.98042639049719 46.61784328084342 21.949482481219786 36.366715728379745 68.52370397976819 77.37940142351063 42.04502012761827 8.955767438557922 30.411148010584355 65.58719521559578 84.61986159738679 54.12650870710824 35.08593906090801 45.43735800057005 73.69036634103261 99.5773557503413 75.2252812765528 62.72293198085847 68.85941866602394 89.89551140482318
10.853500369576809 32.95013607086447 15.613761539247566 20.50216760707257 35.6230102578503 20.619845675934116 49.26363107645653 38.96263898771007 63.81471967280078 51.181461583297555 13.167338178861446 36.871601897725704 17.84582495522996 35.064900618378466 54.72133540576783 14.417868010983875 0.0 25.22488984782954 35.34381260871174 28.844007487769996 50.54713697552536 48.58826981495607 57.62909729815213 4.267839588471826 28.884723010416973 44.15684687126107 23.232050576425728 59.76805862481943 59.99969602456785 33.808555887624 40.16139309220028 41.42839831030589 27.28599579873379 49.41148995944108 22.527183147193348 51.08401887705817 21.841240390736925 22.550817594387954 25.18868956609491 13.46889241622099 45.41065711959754 37.56568464428578 49.723592183168286 73.99085089344473 24.04503642552457 10.62498069681072 42.7655204714601 34.44553289367672 23.78589706055315 48.40156310484804 20.475263443422428 29.30731221080495 10.445565965277355 42.72019404480068 37.12153186627895 34.00697864360747 59.12305027525816 8.011777592850729 44.192251473312346 54.96662657543098 49.08420246531516 48.62474455691019 18.278392362489946 33.19085751003051 45.53642074833256 18.278392362489946 14.656524282012603 13.169871849924943 38.41464048121335 25.842309947610865 44.54589706516614 23.181080851516782 63.54605658059417 7.127516509091058 17.945934136506057 43.15958480751024 65.39492278079749 62.817347850393965 20.767239130458766 25.764243969194933 33.74694811372671 27.749787656246305 20.53357432487535 51.74457035584916 51.29996926713803 26.558738269603854 20.23152887492728 24.594795996574145 52.028749375479 77.34865063583872 58.92130252867974 39.16632899986672 41.33375617212563 67.40627980063053 65.33107883020617 59.30561189082471 60.07565893298507 31.556554408939604 39.36922186354669 45.3271765090874 83.9752480653045 53.587461380048275 34.979650358266184 45.90993415501966 74.32398241306105 76.67122078486558 41.34377219180938 8.505821545497795 31.106279108947888 66.29526603430999 79.29477053930181 45.98517080067821 21.767245901063585 36.94850222512574 69.20095664927308 90.99105845118993 63.93417146101296 49.274182149198325 57.44974288090323 81.88505401968258 108.87377781036466 87.33855041653102 77.03657349548342 82.30026304903348 100.71802874308342
