0.0 42.659855655204815 21.834154867077633 26.489869015916817 40.14428013645259 24.465877838875716 68.31057569081342 76.37424288470115 37.03507956123678 25.292036184584912 45.222762205823635 6.665621096827458 33.577493905607106 78.03151134004244 51.59130989782502 24.840095191312624 32.16503901457125 42.44456433481596 36.744603916587835 13.235760562419035 71.71027961086692 35.56532990393236 16.991595916503385 40.696480304630455 68.39142271868445 21.37534837487267 16.81048459331819 13.360746154753715 63.952297242110696 94.27123180954906 21.0624497645107 27.20786564655665 9.320648610683302 20.77100244062028 48.574101103995666 74.26616521498738 66.11967810614527 62.707139909873824 19.049626861326 24.311936532466582 47.65266898880097 16.623978961298672 1.8863637750416933 22.059700515069753 63.233620287438264 61.57357218773811 77.8599766383051 61.97074072744372 37.67786648590614 26.85756480100698 7.848911873275036 21.8245299008567 18.245695817420795 18.482477655805702 35.51044015390004 26.126219806956954 61.38644531288645 24.69364601326953 42.900716944488984 20.15015138031223 50.81927607784315 1.2390080517307909 43.48404866821024 74.27735581966644 55.884975773705634 21.817706132847956 25.741348214798332 34.140199682483114 32.48328469616383 13.333979821525055 71.22884970930906 40.50028439823583 50.94927668521932 69.5437218237397 75.84629008645305 43.04528638873128 11.120760654310402 21.658634713391557 58.70177761368408 83.87795904002658 19.30612768952857 33.70531481785626 34.2014306064081 12.685423303291204 45.08889394584195 89.50594542466109 36.24750982652422 62.14445732074019 29.819457984646245 77.160610919726 50.44736538714085 19.350746828344917 7.467274968780879 20.074788100196354 66.83900696476361 49.42374701061176 69.86789044024624 63.10443254449111 41.491546065581 62.83702593767963 133.4317763066056 103.96668749062927 79.66320550862626 66.44924036211083 70.83006288196106 121.84982076818659 88.77110446444416 58.697698200552146 39.27736219740996 46.60668632114716 116.0017627323208 80.6378523464635 45.614977401468586 13.827427597678126 28.876945873688243 116.7527662853262 81.70442730828734 47.457597736345434 19.00102257570416 31.65531977311367 123.98293155061131 91.65014862009167 62.92775395490606 45.301487225589376 51.737001497752885
42.659855655204815 0.0 58.51218692410036 16.49113117139651 54.39845254009516 50.07113693736922 60.26021726085937 39.52712967574303 33.607985941438145 23.048454944848626 24.892447704308633 45.54423772346263 49.0354790130772 40.09547255259413 12.803518765416891 61.433284083287056 24.105985994615914 19.75781730052874 16.616457017009015 48.75115863438903 36.29830804907546 34.98179071475142 26.180083536388107 25.8900742827254 44.96838684203273 35.27251678629138 42.28283272304069 44.89999780002365 68.14745027423055 61.18530775729231 39.217906110661445 30.58641914739477 35.26747260336219 48.54066252781317 29.63333853758078 39.833169492405595 23.820712775037762 52.263872049677815 41.40106808759313 49.1408027251936 25.471953630357042 26.240815545546813 42.595889143695786 28.4985401407217 25.04317893291066 36.55345756995795 35.26619575660525 80.02001607528109 8.2371550943157 20.77921189130886 38.90867219609113 47.71421455464429 52.87711232621239 53.69988516239608 51.99589405752571 45.4849824562064 56.09543217401472 21.777901075701973 33.63882361887829 26.558971563564157 28.55941687616743 41.68828571988709 21.138231098226342 36.81459805555084 19.24599402246448 54.39850232559701 23.253183501496988 13.803828543984245 19.559066775142778 39.73864812971588 39.52712967574304 56.14122868482589 13.644325701146256 27.621670764290315 34.99935345183076 42.66009090690072 32.370042830643875 56.18404777002852 54.91026791352171 48.56825274209151 36.86173777605072 26.39377778482836 24.580348074724398 45.64448670079751 34.206045636838375 55.53887482157878 13.583880304657038 39.285811739807045 40.051520674599715 45.872964754276175 34.78043611400335 24.04479275100406 37.5814028456657 25.76218732168499 25.37625003681455 29.69570571109684 27.253193371362496 87.72931244488274 10.339182419238197 39.90645596621761 95.07182857916929 62.83720096484119 37.29026728623512 36.94324319131206 62.21922030001895 89.30706175183822 53.811087283987796 18.6473994045026 18.221647794787646 53.371733587208055 92.14073843289925 58.35195102105585 29.19220463656481 28.83781458386021 57.8208820691637 102.8645547450403 74.00294628873962 53.887968541838426 53.51212859441437 73.1801907544137 119.3701616006885 95.44617770109363 80.63989947312453 80.17292018955122 94.25860211087928
21.834154867077633 58.51218692410036 0.0 44.31360829280717 29.19017160084337 43.56298604363838 62.900244608621605 85.15647749305823 38.872930189432644 45.91578385871525 51.7333124910398 25.913652866910358 54.0238608609409 87.41249131267446 64.2362052035656 3.1023689912943935 39.86020307593252 51.11088315169756 47.24077787487655 10.030908849302946 80.03192492345072 36.62240535500612 33.070057084766376 46.564002055536896 70.80851947279753 25.31408601708764 37.77560567718203 33.38056806527947 52.87358258120545 99.39565205582001 42.6027955890404 32.31647609001706 30.7876292914302 12.44015098000498 53.26685766756323 81.76941155163946 80.07170591403708 59.53707611197117 18.723136976532405 14.87588946139387 54.14180898228694 35.49489929965238 23.421432940904392 30.980313440514077 81.74001762319344 65.9358192330607 92.15852815437789 44.2010160020854 51.622234553416256 38.55497796141363 20.592470205935623 41.44708969395407 5.7230913539144765 4.840357920983989 25.089596654233066 46.73970634202638 55.792037997775566 37.04485596992186 44.964825589344926 40.994632406007064 56.3672072255343 23.033541861100744 51.56999851874594 83.62498324671688 66.82145726999543 6.2089194175712485 36.36560301640247 46.61932284431478 42.54244147038503 18.788692189159615 77.53744966438514 28.459081422685777 63.03383508357159 82.80650568555 87.64693686816908 40.13933371027935 31.70668186251276 36.63337815459693 52.87915620535121 91.10807418806718 41.06771964705708 39.84146681367483 41.23352382675797 12.914885153036092 47.08420863563325 95.49407390088021 48.21354855565707 65.34076984539891 27.82387881568511 82.59693401361415 52.96808097192932 38.58925514583154 29.226360200336075 32.76644654825443 83.82151653918116 54.214572511675854 84.46085228734968 42.64368820715275 53.96470022717913 65.93999589403006 140.89364982018458 115.02006656978014 95.60473081480741 87.08023362026401 92.50796352582474 125.26307902098925 95.43940633349634 71.12425226209704 59.50441920062789 67.49096395868594 114.44941987140012 80.87623009881634 50.15425679940152 31.970679536820672 45.39811912561633 109.88475836737534 74.34120705202132 38.86876224530913 5.211233929122411 32.79853514567227 112.3337367151627 77.88253675295744 45.218473421030225 23.57818540939546 39.99188664287547
26.489869015916817 16.49113117139651 44.31360829280717 0.0 47.16055640538982 35.07822208198521 62.507134441758616 53.93329964807098 30.691045721107088 9.57495578195983 29.422152715283687 29.05765572559303 36.408351672159576 54.995470381207525 27.31248765087951 47.36516580579527 20.568453148595225 24.575692534494788 18.31033270445211 34.29696977354795 49.96307170088864 30.97694423018034 11.282559488854135 27.312487650879586 53.26283411915045 24.702458853811958 26.575034326874107 28.688248995377545 65.77606077189427 74.33378909635312 24.468729165919978 23.171975995884484 18.777516146142233 36.10671188746676 34.21272267794902 53.13515754272493 40.29297364812483 55.053320858992265 29.460208173977684 37.67141476272826 31.217264032293823 9.881677607974888 26.269743363725393 18.2514902666276 37.46835561586966 45.091037970198464 51.72783365299838 72.89798930615784 13.869250586651502 13.143651043417037 23.86573885205484 32.47605796680171 38.94723016907433 39.66688762508178 43.693866543820015 31.395358423812578 56.902527589683594 12.239593598696015 33.72470567130907 10.954951528033952 34.82763465320951 25.451391052623794 26.08924242026613 51.44706737749184 32.85421787153437 41.12954453761469 15.016410337373848 13.742710553873698 16.99300996334342 26.154533911253644 51.52329907889541 48.549962198593676 27.264602263096435 44.00906899477356 51.05221504997644 39.98600320278244 15.908012362620065 40.11999066690671 54.99025941203008 62.46022384172867 21.77621371120824 23.402478655248686 22.305318623197 31.471457038960455 35.232047548381374 68.97047641430491 15.760053156036694 46.94531905412259 32.325283967499125 57.89134622556905 38.360088181341055 7.55628817023516 21.095227629606992 13.542189958523952 40.39961974356434 34.72007232646821 43.710210239320716 78.45970182328288 18.75488625482897 47.64615462763155 110.51546882785188 79.08704864625982 53.17917894782972 43.97113009176761 59.758404328353166 102.55722159039358 67.63925127874937 34.122699739320595 16.90723727788008 44.04039530031593 101.95177872673113 66.72643809577812 32.293623407384935 12.86650306510309 42.66642598124524 108.82196624591221 76.72558851944956 49.634569030575875 39.65531321646325 56.68929532347733 121.91007718569519 94.22410396434906 73.66420042018251 67.13244289890618 78.22552759054851
40.14428013645259 54.39845254009516 29.19017160084337 47.16055640538982 0.0 64.54040183648209 34.229141352911256 67.04522143557418 22.000313449070976 53.88725034550415 35.923937271967155 46.645942705056456 72.73486945211967 69.85414731243064 53.98716340185921 29.4877802165462 30.30546033612387 38.33519848419248 38.242674591864905 29.080091443444427 61.81861228029626 20.028502360997162 38.18746052363058 31.57955816713991 47.09698455899938 23.09566760844491 56.19235680617066 53.42944282932087 24.297193055295033 76.4397894704519 59.10546679915529 24.404767020517944 44.96433956015686 20.19295685970393 34.747854937346034 62.427206784454334 69.60599409958712 32.186688532784146 21.52061108210456 16.425943963327082 37.664487276034414 43.2142229867772 41.99671678111759 28.94459889895852 79.4091706621514 44.74744975973614 81.12113376972067 25.86900361669734 46.16369475677974 34.99880647998766 33.22277768603511 61.812397063768586 26.582637077582802 27.208627324272406 4.6616419542842085 65.38978131695623 27.28269689574306 35.163659189274014 25.6408542417817 50.67655902074314 38.18662316223882 40.776316235068606 37.88004833641693 66.34498052856574 53.6832450855324 23.506210920450876 32.6468160052491 40.61670629393392 34.84011193606863 27.369147319038323 57.218762814867304 2.0064422507376567 52.18395706287744 70.99627886654109 73.26222487264715 16.388700668587155 43.71193853083613 60.941673648947955 24.39760739540724 70.75602768500639 56.56987564321691 28.217203814736017 30.08791660072355 27.956699072467135 26.95794463185544 73.57122537650257 40.92962270628316 42.97939801873315 14.880011857257808 60.914742759999015 31.91326889163176 45.725035254401 44.88729537953948 33.9339381212924 78.17588848313075 35.588500421277644 74.56791831893048 33.796862291278465 45.69316641953667 43.409582443738664 118.89809145660065 97.94052842831039 87.06315959294066 89.9983116706675 105.60044575576148 100.07237600580521 74.22213375704408 59.46014975414863 63.98619576790795 84.76494947350007 86.44495774282969 54.691241379069204 32.27575468368935 40.30518688696723 68.84390410374334 80.6948019806088 45.15651139342237 9.938854393769045 26.280448683425806 61.76369475871984 84.44700088409874 51.50645775103763 26.58444399477741 35.9548101916931 66.41507607624493
24.465877838875716 50.07113693736922 43.56298604363838 35.07822208198521 64.54040183648209 0.0 90.80714810802 88.92384648649042 58.243888226013034 27.0232170601473 62.59806514750079 18.3044662490888 11.290118788052084 89.84753965530301 62.0989446042075 46.099735435970544 50.689144104328435 58.44605234518353 52.05868558293475 37.06023390183198 85.03503831168435 57.28984845549734 32.86610435483412 59.12007255395648 86.77940496559711 44.06801964927507 9.328932536914824 11.115873601444646 88.0937979235022 109.3707594847627 10.85442975437899 48.254876012623754 21.21184212030568 45.17876568452446 66.8888345960965 88.21099349226563 73.20268221042126 84.46699390180072 43.18117891065252 48.76580836123727 64.75575652730775 28.452263923146457 22.589423618335065 42.15789651757101 62.3035335680073 79.01641595815296 83.45636305025005 86.14163875467484 48.9474159668571 43.40740564082582 31.462390162545972 2.9112195057366588 41.57035587881878 41.54289126790161 59.92721318612057 6.234264671524883 84.15105709438284 41.297637961602746 63.37971683206858 24.123301129422256 68.29676011628895 23.769546819037995 59.83042432517805 86.37591173694985 67.87806286422637 45.332384616709156 43.54877181697856 47.983261539656105 49.080155267428125 37.319286194215536 86.45135713569613 64.94943588446482 62.22980135118363 77.28934460753675 85.01277998565007 65.6776863810658 23.764284416401175 10.567922201935565 81.62744200056014 97.53116525677342 13.32830375623416 53.00125024922674 52.815638081175464 37.072401407971284 65.39699407638447 104.04027378375461 50.17640289439695 80.37764558288866 53.17749004468256 92.77936863390934 69.98501482988308 28.619849031545016 20.371966394454045 38.02342075314788 68.79985089684075 67.58557052083987 75.65297566111893 86.15291640071422 53.80890626438416 81.08895218096752 145.12532177649547 112.54080486887777 82.47219465748512 58.907125351280754 51.67777412889243 137.57271648029175 102.71554722190533 68.60695413512077 37.3569787892252 24.826855764713823 135.4560122412206 99.89003307073253 64.34218632204772 28.87950750612431 7.768252452501627 139.02384235555166 104.63302860872443 71.41921138676479 42.25550830681994 31.662965084854818 147.8651040667613 116.01975739789803 87.11612659314665 65.19198741061426 58.67632605107574
68.31057569081342 60.26021726085937 62.900244608621605 62.507134441758616 34.229141352911256 90.80714810802 0.0 49.87907431136025 32.83388050653369 71.73341411405322 35.391623195088314 74.92196552865687 96.4101954157446 53.03031975548003 52.397583273526465 63.535043486793086 42.09221736804375 40.62556553775013 45.424957894295524 60.47401557032276 45.67269943401573 33.550134564775284 58.76474270893015 35.5846537383702 24.61642135590856 47.06097190761355 81.58224116552923 80.311077737602 18.814477748542256 49.71583987393202 82.68112473188226 42.632416016965536 69.61588098169463 52.06129424242174 30.637326275712127 44.1833821252283 63.36030340176346 8.034503842249004 49.88997942568396 48.628134194892695 34.873073158452364 63.88661057384868 69.90818569653965 48.82024104457275 81.51007982528178 29.01547650525596 71.93293002746576 42.20713970829328 53.53872851649395 49.83468740729017 60.48285792703018 87.90152633556593 59.369357394831304 60.145111810877154 37.87777139157708 89.78462293324979 7.140944831083987 51.45142760091997 28.79248853768885 70.70909871497261 32.16628848115258 68.50486399974184 39.17424483264029 50.690041084447195 48.128204399003884 56.872974493086836 48.716914071650784 49.94178120047263 45.54882777083931 55.127557433808605 38.53820031312841 35.49786241105194 50.43307383786852 62.58884896328625 60.68564174260488 25.281931471565244 67.26339770128092 89.96481907632368 10.037724412892393 49.1495431802706 79.80108436709351 39.32564162069586 40.23287070931394 58.340577471586286 27.313535942206133 48.89710063093656 48.65684683802999 25.593295078234767 38.5947676470262 38.74790503077105 25.484576512137647 65.14678989090436 70.49334066898516 53.44795543638865 76.50197911052055 30.640069038474287 68.080644966087 55.66609335336629 49.96248978400623 25.407071403502407 91.20309225790841 78.21360293871925 80.3045375025607 96.50055550894173 121.27647377488267 68.79625884264888 50.656147018868054 54.14172364698592 76.34637029075371 106.10547243515744 52.36829401889224 24.378269331902004 31.27880571903799 62.4069646208349 96.65969508169536 48.442290245845626 14.221245676041038 24.290783710447187 59.24567932201457 94.66926039494928 59.54493592071798 37.281347846460584 42.02836881743722 68.37436696836333 100.5778788557582
76.37424288470115 39.52712967574303 85.15647749305823 53.93329964807098 67.04522143557418 88.92384648649042 49.87907431136025 0.0 47.22549072619817 62.148960201984195 33.45566902288214 81.02616860973525 88.55827970187924 3.1531327035798284 26.91914025598549 87.41249131267452 45.66244192833743 34.452696812930014 39.66425556464381 77.26764719346282 5.25044892212974 49.580655803217894 59.70368492614383 38.62995430555716 25.26991093179551 60.04317643891107 80.49747607069301 82.2589827789786 66.53291266270953 22.490596679311903 78.16151232761851 52.90901788443351 71.34517515685556 72.89682416027364 32.767299477347706 5.720575698145387 22.682455023302413 43.58930400737881 66.49084942101548 71.4862113601938 31.0954304801368 62.16654977083498 76.96613245298975 55.59490367904838 45.60675897312319 22.96329574967994 25.074391995003868 87.0890201818108 40.14676742156447 49.54631319608783 70.16581885724044 86.38178383229523 79.62358378659626 80.565809676777 67.44792606787789 84.7457513991888 50.661248347811124 51.68654040512314 41.92389097016261 64.84906210842671 29.37784419041223 75.73729262400086 33.75698705573064 2.914223566739735 21.083953944816038 79.4475212636791 50.92388440925667 42.420943125294826 44.11446555655408 68.09682109153246 11.351273671857411 69.04133904101664 26.694443708744682 19.209686082285604 12.759907536055797 50.66636141840299 68.24277663910773 93.76854117963512 51.623015397417696 9.332816132371127 75.59578548067668 45.34394699545055 44.0609307750874 74.02622944120846 40.27208082224258 16.662449568248082 40.241625708914 25.695169704005455 58.43436305857936 13.040534924696091 35.14141654317324 60.97402400897406 73.43012483734599 56.35390392279852 37.14029615172182 31.84950676613133 25.193663916391003 98.87969106971926 35.51609171339955 25.569238567493915 57.07364863126562 30.895348024412723 34.40696577319027 62.81203436089282 96.12002720369703 50.0579075722691 14.491121493834994 21.128230382272193 56.70116984089161 92.28138614513223 57.86193784067874 32.31519571424638 35.6753926542302 63.508969064140665 96.5724515855812 76.05250150970619 58.79892036851906 60.520962057847065 80.00252759419152 108.02854138534344 99.06358477722134 86.3074692743687 87.27213624667097 101.56738337773831 124.68962287209882
37.03507956123678 33.607985941438145 38.872930189432644 30.691045721107088 22.000313449070976 58.243888226013034 32.83388050653369 47.22549072619817 0.0 39.44656066301705 14.330180591219207 43.38970248279856 63.57642008782926 49.768428716525726 31.996119385559673 40.798031867613645 10.346589735711422 16.33595867417986 17.005041683641103 32.61613531671279 41.99317754710059 2.35522481175804 25.93111604779741 9.62912447185119 32.41029443569904 15.957199381245266 48.953889797176146 48.06138032299259 35.397567450507395 60.54464846105965 49.85778337050061 10.036426006315098 37.03825300446674 26.433068860535467 14.582619033952003 43.326432232786786 47.631449782626895 26.2233155735999 21.09977587863677 24.501787441285227 16.39602625743512 31.063961835835737 38.41560061264155 16.091046144876678 58.27201373454449 27.063883222706327 59.240582769140396 46.7890419797942 25.487053933060935 17.58041130613965 29.269953454802355 55.33268407813374 33.709645744302335 34.643637881098144 21.0073203162692 56.9817649198217 26.620186634061643 18.909824007630593 6.217468719639222 38.000289724702135 17.878935286404744 36.993183450736396 15.907516229867381 46.076714554193956 31.864091461242932 32.851646746538954 16.097423411654773 20.34784724709345 14.749151135823046 24.827394043877113 38.80315784129206 23.940795895518708 30.18425426756325 49.14910350067918 51.963057969416816 9.426675712187293 34.55025441923908 58.356868378994925 24.47820581284024 52.46060206314225 46.97299773482105 7.571755027316245 9.182712378761238 29.696580324395093 8.428060360886132 56.63206889327312 20.059308304235337 26.620186634061643 11.28116256682768 43.728195126747806 14.255825940500532 32.44077210242782 38.11338259196368 20.614129825560116 56.40637579376779 15.527198457010302 52.58140600161221 55.78215581799266 24.1466848370396 27.250021435720864 102.09087834323641 77.85761200218862 65.0629876192632 70.26166291968741 90.40096515507128 86.84831133430637 56.648314522859245 37.51822007819003 46.242675969105285 73.49378386586983 79.02070610215283 43.851006038446094 11.565416056976364 29.611084864853986 64.4366605705152 80.79325129158943 46.94164937510425 20.29017126310764 33.94211640263816 66.51802082152834 91.61029151885259 63.646199657387946 47.34340068975924 54.4437515892123 78.86071408004918
25.292036184584912 23.048454944848626 45.91578385871525 9.57495578195983 53.88725034550415 27.0232170601473 71.73341411405322 62.148960201984195 39.44656066301705 0.0 38.99706041032341 25.587461378884345 27.036715709995896 62.94643119594307 35.24003164208568 49.01743534943587 29.64699429719842 34.12699299947517 27.883915742501458 36.054052985561384 58.47785115289875 39.45149131126123 15.744271288350934 36.793085404459966 62.79087482847854 30.814777419649076 19.57580092573036 22.895911529366195 73.96937775133495 83.1198169508891 16.169503261485378 30.991974320940958 16.076550095182867 39.968429018798965 43.78291411023792 61.796048901306186 46.351453914238206 64.39534603326321 34.181932991332395 42.24710340753678 40.779084713755445 11.134427857455849 24.407139023659518 25.28122210949477 38.69026705790965 54.57697455842903 57.01807633991703 79.16297590830891 22.77031594034651 21.946718851009962 25.602926009005383 24.701341800171868 41.11715269913022 41.67686953165231 50.007867164150646 22.598784687960546 65.93627203619486 20.549391112354325 42.949445740960215 5.161762497463272 44.38789525534877 24.077687225764482 35.64757311831616 59.537822205345904 41.22969185126898 43.93151923957237 23.380317414640817 23.299860782150958 26.397775588550033 29.61894927651405 60.54188876046598 55.06831506509445 35.522015257535664 50.37177191807011 58.00349726071022 48.52607069694935 14.336072942237209 33.67948303005271 63.90532465148685 70.93777215082243 13.879199842678753 32.438288001480565 31.510543136348698 33.78916418652401 44.55401513157268 77.64531826519317 25.274162644380294 56.49028968123357 39.41269134146546 66.93604408342631 47.87627875337179 8.25346098715744 18.265309456470593 20.132029608751754 43.57720664014409 44.29444791455412 49.09064897411999 83.46663801205116 27.747945519313607 57.18924501808875 118.11311763135764 85.64942312380201 57.03608304698428 41.26235356493528 51.80950529682453 111.35681887263287 76.15826985545337 41.61766791463247 14.006632550830643 34.533295320854236 111.4355267332599 76.27222397805832 41.82385188104459 14.602189058856252 34.77671876486805 118.33559940501462 85.95308569509548 57.48675234970294 41.8771459584042 52.29568734395757 130.98306530713663 102.52528899760743 79.99010956736642 69.40829658598038 75.95206978550196
45.222762205823635 24.892447704308633 51.7333124910398 29.422152715283687 35.923937271967155 62.59806514750079 35.391623195088314 33.45566902288214 14.330180591219207 38.99706041032341 0.0 50.7916776469219 65.58479114472058 35.82333806275265 19.127434784699485 53.95935628089832 13.087422191131136 5.29376676705428 11.119029295886053 44.17200335325307 28.303736714619408 16.626246549047696 30.10873233948987 5.17468353002538 24.19259777919678 26.821277896958893 53.38064147264988 53.78525270570368 44.30920025151681 49.145526495232694 52.76893972365108 19.649298207570105 42.34021653350221 39.44291924175074 4.95046240322463 30.11286549125054 33.922176646933735 27.42494359999745 33.13261663720281 38.08298116454074 2.475047727110356 34.14841579533087 46.18177129751787 23.30746239890863 47.510467534048615 16.55187288051076 45.22912715851362 59.55204684013045 18.335664134827585 19.296627024795427 38.18381036757168 59.76268892420367 46.24621175276561 47.19005238323671 35.29972492488407 59.95637432351212 31.30104805680772 21.485119568586104 10.655007079604486 39.43849360873632 5.724918621936802 44.82606328464254 3.7915463922254147 32.07168796162285 17.78523552212253 45.99248392345609 19.697497149815167 15.753307545670873 13.529297852940871 35.25896421841979 26.31363962780393 37.90964387845366 17.153734202466357 35.09073687036401 37.63310640190126 20.68322915604458 39.36451180098609 64.98706659169464 30.31316346877808 39.58549571494487 49.88865460715276 12.106704685095698 11.146351724054306 40.984966087390646 10.255603191141793 44.60317906092489 13.987111301610947 17.793760120146455 25.201245565087188 32.01751760439631 9.910614917059172 34.23378825452964 44.02917891893529 25.522582985232315 44.171086054594106 5.322798000016371 38.929032642555626 69.47487212558293 14.573618775035774 18.504642275278517 89.49019682678646 63.77582685829758 51.55940937049322 61.49426915076883 86.23730875965542 76.63019245470043 44.17213353014255 23.714294658572207 41.30081799977187 73.35766333086158 72.93779330044825 37.47154363130371 4.530136985891842 34.19266542021564 69.6416919983453 79.69775716168999 49.25652020501975 32.13824349190928 46.60169774816176 76.43794474778097 94.69720359056967 70.83349421049377 59.99453074103316 68.65449598696901 91.43124303219054
6.665621096827458 45.54423772346263 25.913652866910358 29.05765572559303 46.645942705056456 18.3044662490888 74.92196552865687 81.02616860973525 43.38970248279856 25.587461378884345 50.7916776469219 0.0 28.190978792387778 82.51655975559883 55.49393725845892 28.68939333343682 37.86024119952881 47.6430433780743 41.672910156978205 18.759853272576752 76.51928375988744 42.00855006618584 21.33883387857511 46.470708122041714 74.32197833435964 27.914058340131646 11.915413431514738 7.510846542150462 70.55532993025727 99.58808835094766 17.063682551527425 33.454491609987244 10.28465808415706 26.957342399810653 54.38892842486497 79.23726297482705 69.31365522707866 69.22510787281436 25.69714035714533 30.601989295117242 53.179338909742256 19.409545334723262 5.017455111385456 27.989883638869433 64.25790217589322 67.27367426436396 80.781779837201 67.8386834979118 41.510875916304826 31.897285988590465 14.440421464311969 15.858513908262724 23.368308262327872 23.407745495342606 41.99654748111589 20.845139505244255 68.01783290153837 29.680447860483273 49.14329347705515 20.53477500251923 56.459798964895924 6.4316119478200235 48.78251031386747 78.80735115757234 60.22950947588471 27.10598050867069 31.114022237927333 38.60540166204493 37.67446201602052 19.999596088871776 76.48017646583237 46.928191444330366 55.045546683989635 72.94447502324171 79.66233554344785 49.64550833765704 13.203424469683029 15.051737088379895 65.34430114531919 88.82915508224873 16.092860201703953 39.61282259871675 39.94806676559863 18.86487105243136 51.308646219325105 94.6811448144516 40.787549694087836 68.01783290153837 36.47132182072627 82.530089673133 56.53771510011766 21.52050697024704 7.962851568237919 25.304622509941925 68.69008195641086 55.21015385511086 72.76388002156632 68.18447898026338 45.702347863111996 68.71740224423695 138.0854581219015 107.79358122430638 81.87456807685086 65.72335949012759 66.84161435695401 127.3639123976174 93.80984477795471 62.53951849829388 39.42434999786023 41.587870517340754 122.22310685105695 86.77163790433849 51.50102775662116 17.538642893992556 22.249978614891326 123.36300804357337 88.35507458521656 54.101852484704054 24.074996694919534 27.6478620489531 130.61922510923822 98.14365659284903 68.81234913162467 48.6853998758398 50.37423582171356
33.577493905607106 49.0354790130772 54.0238608609409 36.408351672159576 72.73486945211967 11.290118788052084 96.4101954157446 88.55827970187924 63.57642008782926 27.036715709995896 65.58479114472058 28.190978792387778 0.0 89.09380352943593 61.702658345373514 56.69796918611429 54.872907980879404 60.91838536840123 54.56941679388307 46.7006190683031 85.15962674815046 62.98476417549915 37.64709197908663 62.817347850393986 89.61831029302337 50.912818581176104 16.782684037232237 20.681062314264043 95.55363086357445 109.94165553620118 13.86546238153836 53.91569570524134 27.857023344479693 54.237759093156704 70.22067456309728 88.57332449161322 70.70560070401305 89.56552926053837 51.21695883345593 57.63842845091753 67.5094192426234 32.54836983956966 31.709204231193894 47.70292393375217 56.71242179931439 81.49190252475982 79.94834009465866 95.52141159454668 49.791461865507 47.1801606225345 39.58334852128992 12.722005886034808 51.49632248621444 51.57650511555417 68.2308997173421 7.452814222009003 90.07045653262533 45.297633278161236 68.08793382288744 26.203978320189698 71.11846764273287 32.656021818136566 62.40802206175359 85.84939780455308 67.91904329953789 55.195782606664785 47.89088749892393 50.103127104307646 52.41626108083476 45.39165304918735 87.52621122520712 73.35955222813604 62.194473182779376 74.95213785917981 83.1039605597735 71.7959246690479 29.59144005377305 21.56477853230381 87.72450524755973 97.53919654105397 16.671801782695645 57.459302602747755 56.92428660396079 46.220808892210094 69.93682184758532 104.39204215111396 52.161854119283866 83.26946383307077 60.19136267469099 93.92560809752487 73.92173159307228 31.6248634548298 27.858599924796493 42.96285063813182 64.18080674222293 70.80814257796837 72.47480910731164 96.36943789528554 54.7706080520577 83.97449448982817 143.49550216634174 109.78666590880552 77.76530330281938 50.734113801055386 40.40588730266463 138.1559690613046 102.7785180429601 67.61644328859926 33.35791784792126 13.628118419917689 138.3454974516673 103.03074232554125 67.99557089420462 34.11257915552783 15.367011763620052 144.04225348641913 110.49361666233355 78.7507601492786 52.217808212492415 42.23613542525502 154.63848968347523 123.87029125698923 96.47148067267281 76.16925284391517 69.49010394592001
78.03151134004244 40.09547255259413 87.41249131267446 54.995470381207525 69.85414731243064 89.84753965530301 53.03031975548003 3.1531327035798284 49.768428716525726 62.94643119594307 35.82333806275265 82.51655975559883 89.09380352943593 0.0 27.74978765624627 89.72080765538817 47.75004810228532 36.48409245529417 41.43794984175822 79.35449192077787 8.082007486313005 52.12129985402692 61.243403336583576 40.98581451932592 28.419178923854464 62.212799268965114 81.5670653227789 83.49278214147638 69.66565944149713 23.32018801251 79.0413439833348 55.11330188570688 72.71495598646 75.21469267966732 35.408237057246154 8.858218278630977 21.565210349507467 46.734904409815414 68.712120888896 73.9037814901107 33.513293263875255 63.49100464552976 78.56059586061755 57.557087360520285 44.3609444722588 26.003635190216254 22.624726291335794 90.1336626790922 41.33047890940778 51.281664903242884 71.99721264451256 87.35537057430801 81.84261087321492 82.782803129895 70.15340394370303 85.51085552508373 53.79782969346124 53.38818510801789 44.596338670681575 65.85139803366734 31.990336238402186 77.35771518308448 35.883699268483504 3.801773976706482 22.31442779596126 81.76894149694535 52.763069347709035 43.947816964825066 45.972310900159975 70.12481735455779 14.504401689632498 71.85402574055688 27.74637255755196 17.764011343741977 10.451797262112127 53.49334385369058 69.61853564728989 94.99278036239431 54.73844459528625 10.24899770841018 76.53131632603893 47.571213786775054 46.222150804691395 76.10029128721578 43.00279309346309 17.53838689677699 41.8019188176599 28.792920901371804 60.92530105768952 15.865750033077914 37.98453889552621 62.16654977083501 74.83952624047542 58.086295649626926 35.65079073820398 34.5038443218066 23.52969689310995 101.85499632296795 36.850630493235464 28.681157993011176 55.61795904132006 28.14290696370809 31.98262068037597 61.53008863592777 95.2954068038995 50.20919976168265 15.000646364718621 21.477564015394485 56.83100240833207 92.36043864909048 59.51794900557357 35.16850746826561 38.25508249001121 64.97898514211214 97.53602123477808 78.47016742175025 61.8658178264354 63.476986000936826 82.23996707402469 109.67968230732386 101.81531656963695 89.4233693220037 90.32590449419895 104.17796702424435 126.80448867625111
51.59130989782502 12.803518765416891 64.2362052035656 27.31248765087951 53.98716340185921 62.0989446042075 52.397583273526465 26.91914025598549 31.996119385559673 35.24003164208568 19.127434784699485 55.49393725845892 61.702658345373514 27.74978765624627 0.0 66.91700364745321 25.252823997995243 15.668664135870447 17.180544602024636 55.130786650891665 23.5067128251745 33.98289398987819 34.59994074695649 22.54177169316344 33.899556869854315 39.24074057158692 53.85522648628485 55.94062993940846 63.253205597775086 48.38527030176942 51.29996926713803 32.93184093596296 45.44775014378066 52.92605363041655 22.702940670686225 27.029650726988706 16.080000696974473 44.4008717504849 45.85060816192763 52.62263584068667 18.44571078595371 36.18247385215031 51.887872350316776 33.26176478488814 29.118828659968564 25.75161756131934 28.118314289785594 78.43018822172114 13.98504608893321 25.88516107912679 46.427154190471654 59.607333313085604 58.51440043281621 59.41426046330377 52.60781542022846 57.83204886396525 49.42910754738124 27.699754109484086 29.657715946074873 38.115945871330425 20.397808355471867 50.788060135992815 16.297281371270866 24.299064517295324 6.523308839560499 59.28894494502816 27.916956839170837 17.85229502113247 21.793013762674246 45.760661960088704 26.91914025598551 55.91231367600334 2.008815489374207 18.570884606981164 24.25498079562225 39.626920218510904 42.384683012036746 67.40948528176612 48.833651172542766 35.836987468656076 48.78154498233281 26.437059091681686 24.620270501946234 51.872441778308605 29.381874165785568 42.75267547131367 16.061727301415107 28.884723010416916 41.240312459482695 33.206100402615654 27.835729453066765 34.617303034713636 47.653134922351036 32.37677122983891 25.0561153087473 22.378964437053728 20.844370654606866 87.77746072013458 10.350293553876119 29.415356809922702 83.20395584906143 52.38212629493764 33.1219694612257 44.52450321708258 73.48460200748234 76.52646176457499 41.077241184170006 7.112713051131191 30.757961264504114 66.13413812775845 79.82638922830492 46.88742403648857 23.596793992086816 38.0445380993043 69.78656826449125 92.03655923729698 65.3997742455922 51.14381675036386 59.0458025466827 83.00169209524925 110.23433179478526 89.0130405977986 78.91208517723419 84.04162825681131 102.13205018267347
24.840095191312624 61.433284083287056 3.1023689912943935 47.36516580579527 29.4877802165462 46.099735435970544 63.535043486793086 87.41249131267452 40.798031867613645 49.01743534943587 53.95935628089832 28.68939333343682 56.69796918611429 89.72080765538817 66.91700364745321 0.0 42.335946443018635 53.54201665843545 49.8565318591375 13.10990347117313 82.26033595780132 38.50807614020762 36.1089145985539 48.784688337980214 72.43445971147392 27.824331672210956 40.58775484268641 36.1105590025678 52.67006590794844 101.21054216216916 45.49625189755747 34.713956962701566 33.850747993633426 14.516649985058448 55.29316392711295 83.90715507766933 82.80694943824875 60.5302886221086 21.190877383972904 16.41931908868013 56.342968573630934 38.58925514583171 26.3911570843714 33.70014619676746 84.77233020913191 67.81943784826842 94.89800749333267 42.65602407138632 54.45197251080404 41.339219954267875 23.68121037560502 44.06434748414056 8.556228513784722 7.747536022724259 25.662407876955662 49.46373779484277 56.47079958616436 39.88446214079937 46.80814818943378 44.09213045599555 58.45336918446143 26.048639606815513 53.94536616367287 85.94223024568609 69.35077949602251 7.975836909030192 39.107900582114006 49.38286756451163 45.17077094598617 21.69481479682711 79.56726522789693 28.56114863336771 65.67549869192992 85.48005860971003 90.18285752299734 41.450108275408844 34.80170353629821 38.786690420776154 53.55783538489308 93.18328078647359 44.02081824101763 42.18201572624038 43.63276646260962 15.921710853078537 48.8884330465982 97.41920679747433 50.930168690978 67.09634453202753 29.611598598596306 84.50855923561375 54.75846058508337 41.68496970557568 32.257848159067095 35.67301877967204 86.7661211091949 56.241729248815766 87.23687024459895 40.32948065470466 56.68119985277065 67.68035828920938 142.88759397969608 117.43134836591821 98.46532846656743 90.18183028244292 95.40516962315796 126.80845215547642 97.43998158416053 73.76209245599425 62.60409218580466 70.21273557628903 115.37717607298897 82.1716264087005 52.198135062446156 35.061376350949274 47.603997835278086 110.05248534069221 74.58657034829699 39.33158204588564 7.937262717087391 33.335219452723514 111.71133368858946 76.99064018846106 43.67948917820995 20.504618249139554 38.27771493669679
32.16503901457125 24.105985994615914 39.86020307593252 20.568453148595225 30.30546033612387 50.689144104328435 42.09221736804375 45.66244192833743 10.346589735711422 29.64699429719842 13.087422191131136 37.86024119952881 54.872907980879404 47.75004810228532 25.252823997995243 42.335946443018635 0.0 11.283426961039831 8.246446557214195 31.610867704105914 40.674513956535094 11.172943397278026 17.826291511280292 8.626847535302375 36.54183683424817 14.547638522196737 41.37253345231206 41.29785098799 45.7416559998267 62.226981359819554 41.46686867598762 7.7346687896576904 29.881354904376803 28.00667816773707 16.55062826534788 42.823819676997765 41.33215746917369 34.85820025029149 21.152780637039086 27.422798171781178 15.54220695979312 22.477385120527764 33.17209364420898 10.226510991540337 49.103710554833114 29.430664298619025 53.34286599069802 55.92914367619479 15.868863411477108 7.767458255248298 25.103526996655663 47.80280680514803 34.212763814762106 35.14571918014585 28.11191789758204 48.68111748175973 36.344960875332326 9.577851866773889 13.339299895312378 28.80579766193875 18.654420537396177 31.802028538131736 11.909914224734765 43.94940130237432 27.036310685927614 34.50098542461695 7.140393243620536 10.388713682792735 4.597753685655355 22.45430919786595 39.32077867687799 32.07336088108033 23.765119129752982 43.57475566128003 47.86363180514847 19.77215974691636 27.036815809785306 52.294543692447576 34.42471663858826 52.389411181091084 38.55529226418327 2.840426982352245 2.13391979423662 28.36471286976245 15.081655989267727 57.62710259130254 10.642848590576763 30.195803008062498 16.301516938474474 45.09912142649571 19.296979731828777 23.282724305632026 31.396240005832453 12.818697130150708 48.205046267889976 17.35607001572017 46.06573163429436 63.807831875507325 15.767359433136283 30.899782613132697 102.26176204355262 75.1709564128751 58.10354901465296 60.278662376896996 80.14459980190975 89.6889238948201 57.096910230332405 31.752248873141117 35.896344127800866 64.03970485193354 84.90928755041504 49.32958181080358 13.76369123369163 21.855932296803182 57.429394757276064 89.18501794621 56.3096010114029 30.327723297990882 34.654961109922716 63.35895953449582 101.37653476378175 73.97368304880496 56.56110358842864 58.80782063737005 79.05510591084129
