0.0 90.73638806062714 31.92988237463574 59.69037799502916 56.829923605270835 59.54157373435793 101.42706816458377 65.46869208953645 68.14543343014527 76.44489485587836 52.592263338950744 68.20622542147193 78.95357471037349 43.13917412626264 93.42704105347303 94.85389657705647 17.343175262868883 38.00112293578711 14.282294371430087 66.52510822223525 65.04380501547492 91.15902675983547 87.43048295377609 32.799582409822136 46.380323329955665 65.77026700624063 79.98185617261487 63.206915346191565 86.66323250130237 71.3825641138542 65.72362478518879 43.56994980055975 52.85198887173082 109.74643981968833 15.366287539765976 45.53859287374459 88.54773168136242 16.66290653659282 88.19033742665647 61.80821182440216 93.66461703831935 22.058895057834583 63.6174977055321 52.592263338950744 89.35525207869325 98.98759088389652 17.54012341647795 49.65403915802504 67.02465962160701 63.19155383175215 32.38010532153747 89.3567462397825 44.34476833681302 62.16636331955786 74.0040050413157 55.08739933957626 97.18207622114464 59.36930821054301 54.90242894983875 20.807238950991827 43.55414356603926 70.26511465181058 59.51877398739471 44.32653286255004 86.83153853028031 96.7000557171115 52.425648881147666 37.07388878784571 73.28311453759018 68.87072437111996 56.69395511342098 54.16254417917758 92.36796621980204 42.53496172361122 84.01525175518437 65.07092391508071 56.62143297278597 87.09694283878231 89.04713992607803 68.46270654158411 82.49990962785184 86.044585369139 49.61918325651081 113.07347951182757 13.329164652121499 42.554278933600465 94.25621448476778 63.66083773197212 62.380423137506526 8.87429278840771 105.44692519264494 26.645954011307513 55.35953116490525 55.92613903383279 95.11427326578635 98.38603306862662 9.925448320716166 55.83743700892008 84.55691054022827 83.88961225604874 40.902503907407045 27.15084128839425 48.30649745295395 80.3869601749887 114.55481304629517 30.87983492939715 4.948544930922557 40.34380973939844 75.91422045527621 111.49226765145082 42.85018500503222 29.979269540364953 49.935634988197855 81.36689420876662 115.23787613432769 65.73193653033786 57.964853227149966 70.22323326109057 95.05168235724003 125.18180257024518 91.6900834273908 86.06887706894933 94.55521710434985 114.04202664729156 140.00905640087478
90.73638806062714 0.0 68.63109717329401 31.212353271194846 50.90839344101165 59.71649992006985 10.794738679402853 29.19009930894392 23.67799779624496 36.49614482748746 56.4970237544048 47.75460108267783 26.2784620381393 47.929947615401794 10.750628964994785 29.239589076477003 82.96457889243328 69.55049365297096 78.29737668375742 57.73246096156021 65.66314031280501 0.9433013481012974 23.70785198087816 73.36074061887916 44.388519377903854 27.706530252152927 12.108129801613492 28.30011683580874 21.98559071949753 27.35583837829263 28.45906288665956 47.20358690980817 63.25963619358657 19.45225835705934 88.23486921279722 50.64131747139292 22.089726660556714 77.29204326612668 9.816647119546014 44.976873062057365 55.85051521319105 68.72659149736454 34.747439943821135 56.4970237544048 13.314583960786205 15.552788534475015 78.8572553857215 89.3734451889985 44.55446899103414 29.93312671734126 71.30653846008308 16.490449767900625 73.71491422493435 30.768053986530706 18.493971550046467 58.39594722989431 6.478009835564585 31.48972462550134 38.02709351097403 72.35491366816827 55.573199984047655 40.89220216765604 48.52895927678468 46.9601815746404 17.30232064837203 17.786107735874687 47.75945312113006 59.64606567984074 28.362214702180175 40.131112579976985 56.46626724583322 61.14962440551404 2.5783177777710726 56.935355523986935 10.537196193205169 26.2784620381393 53.261830757055364 6.798864777838245 27.287416245473146 25.637217538791067 62.31867885240561 50.68593604669246 42.74189761526594 24.215943046120906 85.90698740087372 54.235599320764805 67.51382015518935 34.50402191093054 51.88953232713946 87.77929154475972 46.31791310911723 66.2046862857477 38.536612817330436 63.43389342193674 12.14167450424851 12.107328754007352 85.0899222541392 88.51946805615526 9.311924728701623 14.89037102559526 130.0622246469742 99.89328290904594 74.65446580293174 60.828004778378784 66.02225893387183 119.48175233637711 85.80959269892787 54.61567623173876 33.68451893100022 42.64516825677494 114.89828039616671 79.3671700344409 43.91914176165951 9.531255921161284 28.018014889486025 117.01888931292744 82.37908177636024 49.1060724288194 23.84743511757972 35.47103820603935 125.50409567112736 93.94016560610494 66.56117852150636 50.677266586565246 56.904650975096615
31.92988237463574 68.63109717329401 0.0 41.23840763875903 25.551126423493212 27.66035237342251 78.5323614729204 39.96436383573206 44.97015786787701 46.373507898009706 53.209170615014294 36.76414779819595 50.91711377264961 29.726233128604832 68.431353212222 81.6001949749717 16.717585102644264 46.92285729280885 29.07683178529619 34.60544897174668 33.709944589570995 69.27954811934265 73.10597443553878 5.896309095425147 29.961584664060634 49.96852526164448 56.69381059373599 40.56391227107041 59.071203575026544 44.38062048286185 40.53941409058313 26.19593566922142 21.17294133680691 88.05808512826027 21.825749053168213 18.05925977275923 60.87899607951085 30.9353658332511 63.536302953656325 31.24106410261339 61.808469253087104 18.786340067080733 52.21061944464764 53.209170615014294 71.40485630098819 73.25244432311926 34.0904231500745 29.32128955772094 36.080258571774344 38.737687941832036 3.418201762716565 72.45127385892093 15.95636403654298 46.7091412791204 50.26685700195558 23.157945177859354 74.6485450573409 38.53867260227966 30.64426900602237 12.706872877605477 41.93158763725395 39.75522948361916 55.835716634955375 31.27019475633476 60.331546425172334 79.3098684990823 22.955349253562012 36.98817162338518 45.498331243977894 38.62099562861185 24.79893621204215 57.5386526702685 69.63144282607338 12.447807370539323 64.80446297735674 46.84370304643241 24.993608518298775 63.49287775754121 60.31864836801966 43.451251564156024 50.664443524826005 54.32246836636956 26.348392216278224 92.63987184844078 20.85069702688865 14.447618617755209 62.46712577568826 36.1696853352886 30.6795636319708 24.596604906057458 74.58291355703415 10.95905137235862 30.11208028933181 60.4594694964636 76.15081910674466 73.56163902000543 33.61628247020169 33.034809689040706 60.690487839250764 58.334784861837356 71.8295420001624 55.57484367780599 59.580138185987394 80.88987546670815 109.85763745990272 53.52089812748044 28.55126505101178 36.02859338336834 65.67450762522942 99.29964233309933 46.52728241969281 11.048259231790498 24.729557850261614 60.27643824589583 95.84966333001434 55.321126683949764 31.76901680334195 38.604486537988834 67.10838184702635 100.24448128399408 74.5074028214482 58.96391805355975 62.723804188825675 83.21026988273339 111.56058370362643
59.69037799502916 31.212353271194846 41.23840763875903 0.0 33.37157343120546 43.736923768006115 41.991041117619666 15.676395361039454 12.015245559469829 34.46994205251507 32.24991660107906 37.80309639402011 29.25640900581126 16.717894545282977 35.708008483266624 40.564476423766 53.44057607816013 41.04749899214815 47.08502783041508 45.60806772965337 51.782877433610174 31.571129255117395 31.976408334537144 46.759491698934866 13.342120515882256 9.27984364307842 21.643853547822967 8.74087010356334 33.96442990269177 21.89418182222678 15.002664847053618 16.55040889887334 43.902214846557776 50.05643861766354 58.5439905798529 25.128729262653394 35.67741420995166 46.10978377716812 30.49755606969565 30.584881432555594 59.08703722692634 37.81218372963928 15.456331633936214 32.24991660107906 30.611450083379218 41.73119652398371 47.767713132765515 67.03679010270717 34.069870091269124 12.671552673926005 44.40054751771238 31.35301043304921 50.831560477610225 7.0535374812207765 17.064488564669713 40.1394050364666 37.689318724073686 4.864711959409007 13.678913615109249 42.266644265854794 26.99585780505435 33.19563058038324 27.60760759084182 15.772470009865472 31.921102231445072 38.41055629624785 26.531825855264042 29.60871863240873 25.009527826220243 31.398823088366846 39.06110791892574 37.81533946580351 33.037839464062145 31.743899690625355 24.573587366538913 5.690452784629573 35.73562126782111 28.497099914631136 38.71266223654658 15.749386626284537 57.66005770033979 51.226702634631295 15.540747185649508 53.53238963783002 55.9117285224171 28.16311993301951 67.2837442257125 20.402020961854504 37.88853762754402 57.32282364467892 60.118716687921136 36.36334517827443 15.50824597057463 40.82965531368237 35.91098244332276 40.21696625623719 53.8796694396848 68.14598543025507 26.362037054446983 27.861382562427128 98.8579841006883 69.45614621696497 49.067075318349545 50.23112501694101 71.90911185499824 89.0432095822611 54.74791092888069 24.457681820287334 27.04120041191614 58.27931631507377 87.53540460966406 52.2838170991769 18.356396166163208 21.73767028607656 56.0384209112742 94.73213701408027 63.50561071182563 40.29801523829339 41.79808733327887 66.35068055093089 108.92112258606268 83.03827431880914 66.7759162500035 67.48936890388514 84.75099276005787
56.829923605270835 50.90839344101165 25.551126423493212 33.37157343120546 0.0 10.368849950653287 59.24848482111037 22.666665035759035 29.702441079956003 21.38094170368312 59.52443497300619 11.383837732912635 27.993860676185978 33.39566476061024 47.65754207127038 71.41039554063019 42.250952376881074 60.294714776175525 50.680855963821145 13.498296531083476 18.485878241003423 51.735880616846316 62.82500807413165 27.58624281384624 30.301512218354404 42.356721472110316 39.00251206965892 27.41017221246912 36.110432835256745 23.68094599477908 23.57479740820076 28.19500337817249 12.351284635249687 69.39954726248719 47.263296252715556 14.465029769674441 37.74053270910355 51.63739303904743 43.50187412018216 6.523633908959746 37.28774230503729 38.5879815857833 48.52839117352043 59.52443497300619 57.72490957488092 51.456580618820794 54.60352965763595 38.5968922931051 10.593250705239404 23.529155999867985 26.52065216038954 59.70685290869694 23.608034232008226 40.41172555454865 33.05417985710669 7.544525078537266 55.9839091917935 28.704847780170063 19.798455933280383 36.20061591821833 49.795793153369345 14.543024998784787 58.177454828026455 34.32854367744238 38.491781983818186 65.39426917208715 7.831287002273158 47.801178388714185 23.473117736595754 13.751029586253608 5.887928214207767 64.94726654653701 51.149675259560475 14.446429918815555 50.61527182239707 37.363431475906594 2.4763944228849946 44.632545997242104 36.15003431354919 25.94356910447486 28.92168563521728 29.376644801180934 20.38432397956616 74.91324286807966 46.40053384067319 15.675106838964165 40.478143813596354 16.634382402940947 6.320483810070312 50.050436767047614 49.03249593327649 31.12986268473628 17.885083708349516 68.15115822684884 60.96928515890132 52.65146228119063 56.550371814005814 37.65601400322276 41.82393517915185 37.74583072653973 97.25620660046707 77.78583388768224 71.93473596886459 82.64793148749045 104.97075293913237 78.58539921433272 52.90047611386145 44.19758953225579 60.337091512385356 88.65592731197877 66.93187664036917 33.446178918903854 17.018327122654185 44.64085384465077 78.91890778492294 66.11731337025661 31.80079990857234 13.538487263103178 43.44534975080655 78.25544203162315 76.48882371875264 49.76342472969934 40.42814015087398 57.6597639593256 86.87370161121413
59.54157373435793 59.71649992006985 27.66035237342251 43.736923768006115 10.368849950653287 0.0 67.31716415895109 32.49765934541547 39.63996810609697 26.38549048414298 68.9836326062934 13.645573902983875 35.0560346817305 42.640807080036296 55.28112788294687 81.47460573188239 43.35804701041439 68.34114670760887 55.70398577697854 7.089080843868129 8.350464002850272 60.58429658438083 72.93193206710518 27.475633562586026 39.92457104531053 52.72131381425068 48.113068083272374 37.65454547313975 42.696736506641045 32.388574601967925 33.43092649211867 37.43726584408927 7.083155504747303 77.56364983895125 47.826383771047304 22.918703228045118 44.101009080877425 57.0934409880158 51.608322798555704 14.903290902484274 34.81933708155589 44.04125851617245 58.85016226854247 68.9836326062934 67.40997088917985 58.38057820883615 60.19173571039743 31.526333387582785 15.699064197144812 33.66256065707866 27.32413097049112 69.52649772206676 19.221829961151244 50.77344535581919 42.48494494249952 5.034400980157953 64.36134758970425 39.07288110685934 30.136076191738773 39.931216693201264 58.83189508356327 19.926470834630095 68.1372127392936 43.714829088864356 45.797751310998244 74.95032194100519 17.693067602531954 56.19294805724882 31.497156119560334 20.074177922313268 4.893604872676307 74.29668709878378 59.69293155459433 20.137580756197398 60.30253065331668 47.70285465839217 8.021260101445856 53.19285096347039 41.48769113605718 35.577982868693574 23.013059257320997 28.044536176272693 30.31316346877808 83.35259219945489 47.703007611882384 22.824119190975182 34.8361678825242 26.299660547074197 7.92474228469619 51.81885112292125 50.11960609659902 35.98445499870986 28.240760350310296 77.4875721484655 70.30732236290378 60.07492154506483 60.91433693778442 29.27285255016149 50.46092092804067 45.78395267291602 98.76756787840289 82.71690988760328 80.38172546820458 92.8032127072279 115.30711459916712 77.69478479811626 56.20105143741752 53.03576909631658 70.7049039877204 98.57854794178664 62.51595809344124 32.4093898178633 26.92009807113325 54.14069090579905 87.57817503757097 58.05556940527367 22.751657382185616 14.036997548659677 49.077971622776666 84.57226441867604 66.5065588621453 39.50185450456873 35.06935562626654 58.57910852838181 90.36234428476689
101.42706816458377 10.794738679402853 78.5323614729204 41.991041117619666 59.24848482111037 67.31716415895109 0.0 38.65599901868347 33.854829774560365 42.319850000658704 66.50657179876542 54.54925693004768 32.481500611374436 58.705582991396284 12.41163753990205 32.78090596474012 93.25513496209209 80.04763606815155 89.07288393704896 64.46948243062874 72.51119128790943 10.54258838343441 29.770305316167626 83.04250351544168 55.12115749172151 38.29623011401639 21.90781223060597 38.641076397951274 25.99136871805306 35.614101972057796 38.02544541883828 57.86481070821934 71.52380100174521 10.2597526163166 98.55034779223145 60.47639538379639 25.297183844984097 88.08270115796302 15.758677683602293 53.003522946427445 58.039310836678624 79.39359743012393 44.894791418812375 66.50657179876542 19.63096042628618 12.618231138232101 89.6518374141005 97.8426552296785 51.730213226622695 39.82611086438876 81.07652265757777 22.384033062153136 82.549433780547 41.454928117924034 28.297316536238448 66.57349930658953 4.332051188520474 42.093167665039516 48.12245628954909 82.81519971302703 66.15568306962926 47.72129619612059 58.24778731045818 57.74781176778026 21.927803289902418 19.824750092100963 56.959045515850185 70.36549012760838 35.91071420043672 47.2937914274976 64.52864569212795 70.9343823252192 9.079091829816203 66.57349930658954 20.08763414889669 37.0683067117213 61.48902930421552 15.052544425341667 30.00292177477612 35.12406626827158 66.7167539567226 54.190504879691794 53.012932454611004 16.405988163271164 96.30647567382758 64.08727915818916 70.22882467404118 43.39415668480787 59.39534618582519 98.2963731613801 45.04249623824608 76.63378933863831 48.446812034126836 73.05423324840609 14.904113952070887 8.902156172214273 95.87067744599364 96.49227898465996 17.879538390524473 21.563097586078605 140.84758137569926 110.6152001356322 84.64942568409873 68.0253591439729 67.98157954433574 129.9550055496854 96.50815379513136 65.35690317349405 41.96911482718995 42.23113982049995 124.50136640358559 89.10222964093695 53.94472251289754 20.324062499890168 21.173346820051634 125.1997622331232 90.06637395163072 55.50791054091209 24.13523795182157 24.82129029802787 131.95250745352612 99.15667933057712 69.17224970897006 47.641614656748395 47.82067553667412
65.46869208953645 29.19009930894392 39.96436383573206 15.676395361039454 22.666665035759035 32.49765934541547 38.65599901868347 0.0 7.174060994470269 18.79521983921691 47.62445378132687 23.555090996819448 14.909794961114667 26.80814461953825 28.59599575874834 49.02238727169335 55.247627721989566 54.497938644908224 54.92534067429653 32.5545622004297 39.72331707209682 29.933104067763548 40.537602944330644 44.38654646840415 22.485178275663078 22.56697994120989 17.082727384572365 7.014923432120092 21.5859964542057 6.861220105488444 0.9465696316280346 23.506262721530693 34.82368015538081 48.404651035698116 60.57660980710115 21.919705573978614 23.468612540579326 54.686466581906004 23.59808095159489 17.764055071672086 43.4121313403074 43.69759962981434 30.538649601704464 47.62445378132687 35.05898736293738 33.76631771417163 56.963627097056715 60.500722893935354 19.769769292437026 3.203226160123242 42.43457192094553 37.06381232712084 44.63931543233299 21.96932969741368 10.742265076654746 30.190291830522746 34.903876705960116 11.266178937020987 10.581099931680694 45.53425799638924 41.020259078646205 18.041561957022726 43.282340612313426 26.671999784728385 21.362856554437524 42.7534162074883 18.589127486303106 42.12886557951277 9.78788026404305 16.371605871893042 28.510560047759732 53.23430375210469 29.900769761852224 27.917505382908683 27.950582427614396 17.144780534667113 25.130469891395762 23.60485432873238 25.138808517291444 3.5565329903929532 42.75537768697324 35.587884460000595 15.87485889714654 53.40561367831898 58.61245317733383 25.52666245659973 51.86428860697057 6.233376078197201 25.333995017147984 61.08903427002982 45.52885352160674 39.31915797528689 10.230853195659083 56.30623474753871 38.46705124713231 33.70937990684547 61.69757600035824 60.156623852593654 20.7777918298384 18.637228629350727 106.10640525389935 79.96714945567106 63.74207366361136 65.29540662523037 83.6424503835157 92.33736995130012 60.72991685876252 37.17852131305879 40.10671796764013 66.08359810837304 85.8622978339999 50.44942019042872 15.81657322980572 22.077005297461543 57.068682480495646 88.3010054813934 54.459834798299255 25.824042954497983 30.001505529111895 60.54338134535554 98.9967976381778 70.35828090336064 51.30662998040024 53.353666308602364 74.78648258503908
68.14543343014527 23.67799779624496 44.97015786787701 12.015245559469829 29.702441079956003 39.63996810609697 33.854829774560365 7.174060994470269 0.0 24.166860524242182 44.06505660645399 30.528176745575923 17.51588385906879 26.845643528748855 25.347479691746713 41.853704954845355 59.40153314092239 52.91688754365897 56.5906619903136 39.69017889046436 46.89689672439305 24.31188554002489 33.36358310455736 49.79542000152101 22.726252821523712 16.591955540183434 11.97840149351432 4.944104724878216 21.971331917856208 10.980705632974152 6.229885581681172 24.795119079494587 41.72554481116699 43.12635660245469 64.69552367326582 27.03689678838805 23.708734762214306 55.995172070128966 20.082356305139058 24.937828462160063 48.648303254000666 46.10339877588672 25.096960468566323 44.06505660645399 28.133601162627855 31.103573944010893 57.980705306071705 67.0828131607728 26.765483520536947 6.522335285365058 47.69472602684759 30.014052129913388 51.05784352080835 16.837784763079355 5.873781265801222 37.18807829628308 29.8176906249483 9.387338542859219 14.349095723332754 49.02936404278479 38.94487100057396 24.652121935908447 38.69805578167392 26.3015485872048 20.205278940119484 35.9243019223085 24.980656293230854 41.13734013777074 14.016811716614752 23.107437094440098 35.57333035034899 49.57352061413215 24.822967256653975 33.45487963443702 21.058775146636407 11.312822058989576 32.17572115249754 19.053930196183753 26.712756553432925 4.860147158094653 49.29781450030221 41.16865961691621 19.15834964560459 47.6937720761891 62.469368222790365 30.611815021483576 57.86518292204297 13.40732685039643 32.507492883825165 64.55893009181857 48.22988326592419 42.827131830244376 14.9374385596521 52.518695158045084 31.907539104436395 30.24987087973739 63.42720163086311 67.0020730859783 16.431454862954972 16.415952801832745 108.2833725085913 80.38401725148495 61.0740041663303 59.41902077576635 76.57250397334758 96.15212813278522 63.284404573003236 36.01100650067886 33.47927606822978 58.96714231480153 91.33058336837702 55.76273184102705 20.245987711449505 15.573333828188417 51.062396993391005 94.93930267758807 61.443798709585835 32.70178770193426 29.927758860091096 57.04499885479778 106.12153791078704 77.47549530534589 57.23002384523803 55.50000522251614 73.6028343478787
76.44489485587836 36.49614482748746 46.373507898009706 34.46994205251507 21.38094170368312 26.38549048414298 42.319850000658704 18.79521983921691 24.166860524242182 0.0 66.284845879902 12.803518765416891 10.218020777015333 43.64100723169016 29.944850008867338 62.703287022916655 63.049912314964715 71.94700761813417 68.23350005012004 22.368816153665882 30.403760573276077 37.43086818308682 54.893095190089326 48.905414437909045 39.443911273066405 40.72937653503377 26.745576768370874 25.765707879121223 16.65437471395724 13.198440626241783 19.4813612010778 39.327692529214985 32.04956963244539 52.53513448371206 68.19922036912605 31.039974319818583 17.880712987402596 68.59828543713841 27.20337975325205 15.170362007804188 24.638222108699004 56.213278045508076 49.067609045621374 66.284845879902 46.95042289082951 32.30366306925324 71.26260633032174 57.893892477263776 11.118859252015353 21.878527987870253 47.70112555844501 49.66747117207898 44.31725811893345 40.578606495940015 23.33858585473911 27.207230130779774 39.97241802107527 29.99737212377619 26.008947381376124 55.64650871344745 59.033372835251235 6.873138664411943 62.071093228411605 43.867256615866104 20.392054970832802 53.57017520521489 24.028404655179088 59.287377294066374 10.29347879047823 7.755395017968089 24.983685146021408 71.90702767613593 35.819112098710015 34.26854845189069 40.29258624562501 35.37104002066627 22.84128318946252 29.697280242388445 15.14425003417013 19.38268080698863 26.329165196100007 17.002036522856923 30.373637939445945 58.68902478981469 67.04896599751146 33.89093131095081 33.81404194474287 15.41898298583608 18.757303394183484 70.4034689907943 29.305726050822294 49.89017284511301 24.430190197164467 75.00650697228744 48.25732866422763 34.39532722574117 74.66228602278905 55.48548594896127 27.35983119744665 21.630636886604986 117.28021336637782 94.69033580171231 81.91426290227999 83.58055257070811 98.96234939347455 99.77934605025926 72.13416088738074 54.61601580162047 57.39890194805191 78.34865318016199 87.9558179128794 54.813943734976874 28.374439619516473 33.73198916207376 63.26755278232483 84.2359681359358 48.683452578138166 13.291714619125525 22.704001752268333 58.193510025429184 89.63465560824422 57.44478776206403 33.13046343506526 37.78284512324148 65.49542713442084
52.592263338950744 56.4970237544048 53.209170615014294 32.24991660107906 59.52443497300619 68.9836326062934 66.50657179876542 47.62445378132687 44.06505660645399 66.284845879902 0.0 67.21792272547746 61.48792222450409 26.368250993963983 64.38393846004081 47.22596779269411 56.369115975405194 16.657323662726935 38.49939313300892 72.98014077676513 77.31477915574058 56.40584711460432 42.03038575413203 58.91607795537512 29.230257225830677 29.734248669549217 51.10554340804188 40.914021305129 65.64387084574395 54.099533834333855 47.055993257664674 31.553420763085207 66.37742781523406 71.42218887805406 59.82628600483243 46.176934642817365 67.23704097609546 35.94632317646803 59.68890479266136 59.19619911688598 90.67958498249183 37.884241853564156 21.76832623805571 0.0 48.49955854635429 70.43394317274526 35.3095299936185 82.53006450396111 63.79070847538195 44.462492906183954 56.530803274083176 46.985729769656615 68.07972043469846 27.80757873190693 48.31632480056988 64.308385753856 62.363780861585234 36.35860003172633 41.589657371114356 45.804786676922156 11.287956135536684 63.948583928571054 8.962845124406847 25.27011404545511 62.94754206752265 53.7336075136808 51.69525189533441 17.048990069688525 57.201946321635035 62.07629173634045 64.10899420494866 5.626749334807379 58.940921924162545 50.67714254882233 46.42143940857905 33.5787457814908 61.37613076746046 56.6897114847363 70.70246136516714 47.99845784495814 87.24647404346244 82.604854903774 39.28827821412403 72.33921557594032 56.43127557570049 47.11815874477484 97.81175924241792 51.295171138224276 65.3645340554718 55.26710209555241 92.29450208233072 43.01505502068478 43.544930847832454 8.780731753854452 54.67577479087581 67.9170172812173 43.23526916145706 85.9402491104995 55.407089459590885 58.611877047782116 83.360693536466 48.7163634367121 18.15955859919897 28.60877021174904 61.96257386527539 83.15379229592193 48.36482959050296 17.20371101537703 28.01760102889131 61.6945023923645 91.97938036096167 62.211263851352484 42.572904638469275 47.82090537013677 72.7557674209321 107.6377132730998 83.46526711081123 69.85081711281347 72.96529882785624 91.10897518125519 127.63772441719296 107.83139169447742 97.44663162798336 99.4791417388573 113.26239406961403
68.20622542147193 47.75460108267783 36.76414779819595 37.80309639402011 11.383837732912635 13.645573902983875 54.54925693004768 23.555090996819448 30.528176745575923 12.803518765416891 67.21792272547746 0.0 22.068560917161342 42.011211811132696 42.3025540338351 71.83205312533565 53.39427437929715 69.8823981558254 61.877416729328345 9.984744852258684 17.98395267072271 48.66112549193057 63.55995851081728 38.27251631659585 38.33823496498906 45.84114364845636 36.79853677290305 30.049012568742103 29.330267628898547 21.165038325740763 24.482699623851495 37.00365223841728 19.744232683866823 64.80633687832004 58.307835886658246 24.887300903681208 30.643490994203255 62.72249583435975 39.035701508961914 8.151088059410489 26.114539995983893 49.748237637927204 53.24098981660769 67.21792272547746 56.81671611117573 45.02414127421787 65.63567487594067 45.17049569702938 3.7916190051164125 25.738676872492285 37.46064356190738 59.24201815655092 32.18039713392255 44.70186076868364 31.932011290451477 15.178740662294897 51.88105399142639 32.94113456858568 25.698825503486795 47.582720145282074 58.357966445382566 6.874723183521097 64.62020658051881 42.67729384070084 32.737134839290555 63.98596034401807 17.468327968004168 57.19521047393973 19.480196918092215 7.7596948789876485 12.998457071773956 72.78663386775358 47.42818324935703 25.80706289087035 49.82653288748922 40.46872422912747 11.808962137654387 41.03995448043015 27.853251572601046 25.852302793541543 20.07749079701973 18.06704740937525 28.245654619285474 70.79827184918885 57.598791543952 26.71193814579425 30.762079041043577 17.646147778141422 6.498064027746317 61.33377211857864 37.99667826333449 42.445850254448864 23.712228723319114 75.98064651347127 58.985212769452836 46.93906555932392 67.84745493731134 42.68305460702104 38.44544951228276 33.2540048144807 108.56226791197383 88.92886522551038 81.01231207840414 88.03249928279742 107.09118420188642 89.29637274631914 64.2832598887438 53.13177164996013 63.60648674959388 88.32178380844107 75.80528430723292 43.88535190722056 25.25083912150505 43.37606969317828 75.21675178389695 71.44010772488072 35.90582495697535 2.6416726523540253 35.45334254239235 70.9866991408779 77.75359911601477 47.14113001296093 30.514615838683174 46.60674949394098 77.10660214591263
78.95357471037349 26.2784620381393 50.91711377264961 29.25640900581126 27.993860676185978 35.0560346817305 32.481500611374436 14.909794961114667 17.51588385906879 10.218020777015333 61.48792222450409 22.068560917161342 0.0 41.714670561129886 20.26287167348967 52.90966767079794 67.17547008804881 69.30600872212294 69.21387413857967 31.99498990413343 40.032440871150754 27.2129319084282 45.34252360114223 54.35307190475324 37.39121023952732 33.72019761632255 16.9333952910567 20.758792465241015 8.211283262245782 8.080231890163727 15.145779034914405 38.2566107329048 39.85288797676432 42.737893534175775 72.46494869032257 33.74731215812574 9.973020406967928 69.15672919261873 17.079322670926047 21.48523212251832 32.31889760272638 57.63010052616659 42.40525789100252 61.48792222450409 36.97315148780149 23.50599292941732 71.54731916734673 66.15151362131543 19.36731584169441 18.01323722830605 52.79491115826642 39.7771964898174 51.597325943606684 34.321936507712905 14.765501980233923 34.87652679817406 29.908426601628523 25.564533942366257 24.898268694607932 58.473204676013324 55.657821260613126 15.26046286351034 56.19751753500808 41.5769597785902 10.741984280835263 43.42274889688839 27.973322652545882 57.01280355903823 5.676305913479339 14.98959024709986 32.72609422463136 67.02815237424173 25.64202733880144 38.47069123433056 30.49762405470324 28.675416419466917 29.97960263677513 19.479625212285594 10.321900410056923 13.571622181030856 36.31638120014995 25.69907817235902 30.05052048104482 48.759371971556334 70.89187234950715 37.112760732942384 42.818969599560404 15.295281071318165 27.145266444417242 73.81139002038067 30.89732443910202 52.38177373567021 23.95151178129652 70.00006462754236 38.066651097973484 25.019448243551043 75.906780217149 64.3256573087436 17.162234369727624 11.426235063440613 119.81296656173143 94.69888779871356 78.18379648236619 76.08959853919566 89.43512884244589 104.32668406678901 74.3607252419293 52.03020848702172 49.162306900233965 68.2560395297582 94.80706570868828 60.42941204144882 29.107578187780717 23.978980657189034 53.24410818012403 93.10329011160148 57.745782504002165 23.089776857489678 16.24530161713055 50.26819556053322 99.61728735484277 67.66180743148492 42.00976787777879 38.518893772161306 61.11279674363203
43.13917412626264 47.929947615401794 29.726233128604832 16.717894545282977 33.39566476061024 42.640807080036296 58.705582991396284 26.80814461953825 26.845643528748855 43.64100723169016 26.368250993963983 42.011211811132696 41.714670561129886 0.0 51.911445367001214 53.64121284665934 38.66299610037783 28.339359590438367 30.367722081332467 46.893617801885505 50.96084166658706 48.28675701254705 45.56197305484085 35.61953023562139 4.3235330822277165 22.898668788889285 37.95523408236558 22.084156631602024 48.04689753088031 33.64378769596317 26.64072041911967 5.213888496674047 40.09545383059181 66.69186808094969 43.46294815099704 19.809639623147337 49.89114892783495 29.44602623695535 46.642865381613596 33.862464565500055 66.9187593255758 21.56948709540891 22.91917291104096 26.368250993963983 46.351638146723054 57.816216567420746 31.23887778228249 58.40097441214286 38.885302562405826 23.76869483878165 33.13945882549923 46.57361187890508 42.99353642962232 19.29666227536708 32.60578493365017 37.941074346960384 54.406535656371396 17.473002076724 17.63212719297173 27.14656138411792 16.43345067441989 39.8713447835805 26.771266352628057 1.5545620219524072 46.91983554557183 53.86816776807609 25.581542281756033 15.647231045252441 36.408349126410236 38.01234546725533 37.77835732184339 31.656907568043817 49.732905890807196 24.624169182246284 40.87643501468659 21.94956742499157 35.13283258347949 44.96764647339864 51.93366745220109 28.75654075567723 61.744230845680946 58.67633988111141 13.80849071548941 69.93447780722988 40.54937531147708 20.942183995234178 72.76992068619397 28.24545432329153 39.42367953620771 41.42879438536325 72.0482256409148 21.923908469547502 19.27413719900924 34.85024917007074 52.01509723892641 56.60556649199324 37.167642938927884 61.00117007928755 42.66399661798339 43.25788665594038 82.15143102940513 53.565257546779094 39.01019650020894 52.02435454088306 80.14643422458454 72.97072078275208 38.190632318671916 11.159353475493749 36.369580845279835 71.08565340123785 74.06057359042612 40.215133460086776 16.785426923927357 38.45060928044737 72.16199380699913 85.0269131008659 57.83965321139512 44.648008126791545 56.33501034206894 82.98187612235496 102.75431598477518 81.50418254506357 72.52251933588279 80.05124340347788 100.44395974850815
93.42704105347303 10.750628964994785 68.431353212222 35.708008483266624 47.65754207127038 55.28112788294687 12.41163753990205 28.59599575874834 25.347479691746713 29.944850008867338 64.38393846004081 42.3025540338351 20.26287167348967 51.911445367001214 0.0 39.8645583178051 83.83990238251015 76.1053518172764 81.91552568038941 52.176560967396185 60.22462323780989 11.51255740903184 34.43777550977765 72.57326122600377 47.93022064497863 34.729974168606546 14.065550565248685 30.28849184402938 13.593672832068949 24.383598500850443 28.138397422349964 50.13959537073082 59.80204130147576 22.591770546787092 89.16809609775468 50.45379354642588 13.013617634029531 81.2547225684502 5.275925023334593 41.27462374857524 46.42497600042721 71.41187085492797 42.74460961488236 64.38393846004081 24.06416491156238 6.101278232259412 83.1468211317929 86.15034536674666 39.61529581876153 30.40537093294823 70.74841513210369 27.23961279973418 71.17472122863487 37.197818687376895 19.474038979967773 54.8275672434025 10.791355022218731 34.51587588361859 38.82627920802532 73.94796111819416 61.956486195107274 35.52124459405606 56.98457617326189 51.20402174577158 9.574578608681446 27.870782299321306 46.13505723499849 65.23526696243675 24.184424334674624 35.20850906127671 52.72920851819613 69.36549987592961 8.544341268667145 56.177263621466494 20.512999191485758 31.859867306308157 49.807110263291946 7.694486719429271 17.942384113471686 25.259291102191806 54.418276290956136 42.06830153980062 44.00467881230874 28.81690339920851 87.16324822045684 54.04448899742314 58.43221108565856 32.49572361947274 47.35908563273802 89.51732558472581 35.64840230411451 67.72291357834706 38.78002445297413 71.86810481878621 22.174319646683504 5.131017187760501 88.75341010512652 84.53173268800897 9.358156198579394 10.130968906271058 133.63031749447248 105.15680761293831 82.40724126561287 71.10597327264891 76.50668111512813 120.89751129585737 88.5871125508625 60.09423389670974 43.67069442721312 52.298320461747664 113.76397831434483 78.67340025075427 44.37308853672466 16.75243265729584 33.53390743781485 113.29280866228194 77.99699321351345 43.17417629218887 13.292710001789935 31.96233521577933 119.56281829078222 86.77421093906929 57.41461912941247 39.941105843714304 49.25773059501468
94.85389657705647 29.239589076477003 81.6001949749717 40.564476423766 71.41039554063019 81.47460573188239 32.78090596474012 49.02238727169335 41.853704954845355 62.703287022916655 47.22596779269411 71.83205312533565 52.90966767079794 53.64121284665934 39.8645583178051 0.0 92.30282798987328 63.60264197751421 80.78674953699131 81.35644694647144 88.72003854589937 28.404898439825537 8.659740749473995 87.22866356143611 52.05740210236013 31.631685989967032 35.99807541553478 44.134865618037196 50.56739382299864 50.76684834226737 48.08084050642267 55.78343706390505 83.11929591974241 31.418381555635275 97.07937465586934 65.59346239191655 50.97186085430893 78.87900937304765 38.65259561468856 66.78231162550169 84.36905082292208 74.72890601433019 31.303640042652535 47.22596779269411 16.23476287427195 43.672899063916255 79.33493416658318 107.40392668592462 68.17506098382002 47.881500357451316 84.83566869048036 13.209998913214788 91.17949879249821 34.9457478143375 39.942417326666906 78.79653745852403 30.69966716585484 44.11848520463725 53.2991976717129 80.7867495369913 52.29479731721833 65.39014233862112 38.32472168430859 52.16342381525636 45.919891875560594 12.973912987658714 65.82711683466754 58.3680336120777 52.9417846671836 64.1272204742446 77.29817092297861 49.70063300903802 31.320602582588787 72.2483232146086 22.423148714559293 35.2199818618809 73.88612408335845 35.016630175543675 56.1527830718855 46.17050947056906 89.03055050374635 78.48083832834986 56.06016391413351 29.213422234830297 94.10075149461296 68.71445845048669 95.56701568605378 55.25364930743265 74.33552714889983 94.62240420378959 75.51214587541055 75.43708306533686 54.74722008445573 50.68609706375751 18.14781035619923 39.741443138177836 86.88366974709776 108.0806977399676 36.44317208867552 42.545739622995754 129.82818005250263 95.82951904935358 63.58793657048729 37.891202211980236 36.88155779164158 125.57002770460177 90.03352931794433 54.5568637098551 19.46989437560401 17.717579656513685 127.44333900319101 92.60418892127521 58.664025260337866 28.975866142884964 27.74769689508274 135.19337170675715 102.91631612879611 73.74583707295746 53.078138967385094 52.233027662488794 147.89876704188814 118.97318282273764 94.69571722807797 79.44826738148038 78.66932833027829
17.343175262868883 82.96457889243328 16.717585102644264 53.44057607816013 42.250952376881074 43.35804701041439 93.25513496209209 55.247627721989566 59.40153314092239 63.049912314964715 56.369115975405194 53.39427437929715 67.17547008804881 38.66299610037783 83.83990238251015 92.30282798987328 0.0 45.37757566333602 21.584723358085586 50.43618903907711 48.21855617213877 83.53049375175557 84.16747355416418 15.968448048674142 40.5493696904493 61.20139006549578 71.3562855358406 54.66965503136113 75.24965798321388 60.268696774993806 55.70700492318042 36.99331233739131 36.43011454509954 102.39183308663407 5.3298614120463 33.587245579571636 77.08783565954269 24.33075929158056 78.78606624713316 47.94293927006018 78.01635966427239 18.679915418942482 61.39713353116113 56.369115975405194 84.04857404067317 88.93927634565956 27.01659175510071 33.10696099753474 52.79533517891392 53.57415362138582 16.1002180228442 84.65474909662375 27.09633086837796 57.670655189614585 65.01842498929861 39.26721226555961 89.20429577630442 51.767377926853484 45.18052875061939 11.5379701026462 45.56328665876071 56.464007049135915 61.30833821983245 40.15076702610296 76.18721185165042 91.81184537864978 39.378290966787105 39.34144291603097 61.64675032836222 55.30410426877685 41.09222420882602 59.47635484142522 84.2205538349332 28.879223836998452 77.8963938811061 59.12198928381196 41.59123446374562 78.3539846365221 76.79127872029437 58.59994692217866 66.0586007823042 70.73489885796725 40.24728172977385 106.51777874626335 4.359442768541652 30.103965364435563 77.6928140264336 52.12831844768943 47.19927287627527 8.714825797015724 91.2811406600748 17.083051163201134 45.06942115111218 61.92070751297394 89.2847458124783 88.94521612864547 22.87121030226075 38.982018566847934 75.62238244411712 73.85917204638528 55.44087411620715 43.86238816626757 57.5004239485975 84.97564061591463 116.90847413920646 37.18599105746728 15.777529238574626 40.58656009766209 74.68475899349717 109.7295016153077 35.95414979647934 12.636508044268533 39.48252238828123 74.09632651695749 109.3337524414441 52.94718573612485 40.696030138319465 55.14622304985058 83.41595542724977 115.7908199177442 76.90788934219024 68.8353273884698 78.0633953061516 99.90794568949244 128.06800563924867
