0.0 31.953179317410406 15.483062366514755 37.705698149126356 22.367111967631114 10.94224478631101 44.80772052378997 41.97235842550154 3.424556418497683 49.53822537479409 69.02002388893429 31.091865784828578 20.860554206760995 31.788920870211083 29.12146150334114 26.805415904238288 18.998884430529486 27.202518760421952 7.537943356103115 10.590112810389616 27.160991510681125 35.2104937433237 41.82765389794779 16.419896593689394 27.555010873748824 58.848231404109214 38.8578784490971 40.12448837019727 29.09026796440709 24.895730932753494 29.045627924737833 50.337292322026386 32.449182253899444 45.6836020181135 58.104600551924854 17.629133694536833 29.96607723250471 63.558484984845975 22.876802657363232 36.0740676427642 6.125710492320475 29.49141000056979 31.37773840095366 42.79311026666602 44.829430193223715 67.8506863438844 28.45903379284006 40.51767194476458 51.30528588947741 39.52186487244945 18.641962589234797 9.274641506345088 6.870676783385485 44.3967082218508 26.001780131475705 46.34177274404064 16.247807193158806 40.624898395616434 34.63259767213584 49.23726447202236 67.22800520934383 27.851865913375573 21.74986174264727 26.257923859441522 36.34822362709779 33.44473573730302 24.184424334674624 45.921272943769296 38.167621825582266 8.978656091381321 36.735510060323904 9.587956344532978 18.909824007630593 18.015223720290635 32.224519144192215 13.1337151324875 40.85315883375905 38.04628539555545 49.971911806233315 28.82256212668557 20.398789283762902 35.808335946030674 26.61492840062 53.38225722963253 37.16915257586403 51.6194575600239 23.384218122017085 48.37291539120411 18.493971550045053 39.80751104995911 21.509297180661605 26.388705820902178 19.312347500901623 24.90358121559056 40.62017355093913 67.29404309354565 31.29749031546054 43.38487063747409 49.402269907914494 27.74095732506758 111.34994048573208 83.25414638945236 63.2126246892585 59.93795404795843 75.64006965472464 99.24636255758556 66.38010699525842 38.66507199318426 33.404311759016 57.174289329583516 94.2111890512157 58.66354075142262 23.22250414684984 13.014192196231587 48.28731212756346 97.34776584023454 63.53412513074834 33.59733962489201 27.444052828675552 53.94227909121015 107.9459332076758 78.68803495704606 57.12655873784533 53.54656946237428 70.73316767615619
31.953179317410406 0.0 37.07531605152166 17.22321182088967 26.95604347305135 42.81870650420472 51.618016877249836 50.72983616864738 30.835754378970687 53.502182799705494 69.14714202867623 59.91911889388415 47.10843221250204 43.94628910350344 58.367270371369536 44.836891005138604 44.650334668523385 16.857632274196767 29.682657982494547 37.952403250891955 46.472897751359014 66.20559637002034 35.76290383750239 37.44849676484599 45.43177088851512 61.37060190672677 15.474093602083514 59.005558664751824 32.49780328084216 52.298130426851365 34.238529941430386 63.44379065196491 3.292075070224983 44.65385480303149 62.13620527396732 31.96464027864782 35.761763917420026 50.42692714225748 54.44773697595768 65.45491660521967 25.901181369669597 60.20672026558085 41.54669483890507 60.81219168406377 70.30865598486622 58.52035476235002 55.25269643499235 45.784444324538086 66.74323762429844 8.740873527681565 43.49084698820055 34.93325311127363 25.904232047798015 25.429611753636696 30.860603931631818 74.63019599952027 19.850842175968747 51.42981455479926 9.64987719866199 46.95826585763977 61.802986956709724 53.86436700823543 51.933667452201014 39.51164613560022 66.87065414235647 44.114056291289664 51.66157195123286 26.314911054936832 60.30109308945449 40.00420493312768 68.09446489517563 30.670539881165237 34.4228824093383 42.98503030424428 57.397978435270616 18.850001589004393 33.79059594574321 51.5518262644643 54.999792631385006 33.61802023052903 33.47878441028533 57.832872256535 12.940428815118848 48.21144516572218 58.14066960262777 80.63847520026172 32.06351916263716 34.72163009458374 46.646921952633065 71.09098854506027 31.407727438918958 57.17724390608385 40.250444004153024 22.75513864240605 65.86974059246992 60.89916034415434 58.1052342640525 49.20787197169231 62.71624683305581 23.899931001279963 109.97813886535025 90.36145660351937 82.26338815137765 88.8898622010838 107.55287329443233 90.62422623972469 65.72165343505246 54.38814797063842 64.25694601123206 88.49852621694357 76.90591758835339 45.19691410887797 26.517887681636598 43.54115440237278 74.97107658010583 72.11539732895285 36.54583620659139 1.666359868304295 34.67227084326081 70.24077857407369 77.91740453674785 46.88162976459253 29.271927370983324 45.25480635094889 75.9693524174388
15.483062366514755 37.07531605152166 0.0 35.407238875984156 14.57458841111879 19.154313712283844 30.01102990347242 26.942664863010513 18.807101010511133 35.11251805393028 54.69926092783868 41.01785997008862 34.03704194147476 16.709281953601046 38.81576455426792 11.35688073875055 32.73234770363346 24.91158101923179 9.79135174761449 6.670092543356282 42.04721865698598 41.484393945843294 31.697507552763984 0.9468090152436496 42.658054854807446 44.33880876615462 37.64068484199153 25.257146785211383 18.056321137761806 36.80223775685934 17.117248139822635 34.86525213003903 38.838831725221105 33.01371856664653 43.326378744506975 6.816005808683108 45.190009648394366 53.717927452797085 29.1702101456181 44.88110976180264 18.030489430223977 36.987943100090106 16.854993819069936 27.78541270338646 56.297624249074715 56.28132407608463 40.37205444112952 26.39766177661256 36.01351636201563 42.333839661376636 32.76176566932826 24.483817851980085 14.797911379690106 39.662046818320555 15.567115803085274 55.56847712357923 17.225262193463163 25.337728702888036 35.549429267312576 36.622769125810436 54.41023100598396 40.319249981346125 17.624221720983456 11.533697207067851 43.460776368304565 18.561060014766397 36.12968582724854 41.20181614637261 24.46869206137066 12.48798787042501 41.92406848246202 7.630318755028007 5.826261994155921 6.132803951928485 44.748809460157915 21.91107717875492 31.35518335862559 22.581545060788976 35.294444950216466 17.174437942172823 8.046242357926719 21.979258946395806 36.86821254050156 41.375226687891605 22.908027263294144 59.7786721546036 38.56672206399757 40.41245544040491 30.811994706988227 44.94998258280624 10.642395428359452 34.165366122651676 4.010510592874746 19.491719571942728 52.480632695532414 54.772738456877775 42.9114826301691 28.8894988104764 33.932756987385034 21.397294880537157 96.68020346664215 67.82492335447472 48.842029420293684 51.990696984277676 74.51635010486852 86.40553204395667 52.314495818089675 23.23575576837543 29.583738577898856 61.1775955643026 84.64012013637347 49.37293606017849 15.608754003015992 24.120304635422535 58.75503806257228 91.87589874833014 60.85127994386848 38.68797373281888 42.69454173128117 68.41836023318125 106.28986804726354 80.82270021068271 65.5683396313167 67.81025681542067 86.19385228188122
37.705698149126356 17.22321182088967 35.407238875984156 0.0 21.19624602332436 48.174660622500234 39.01917525886833 39.09765373918384 38.161353737189195 39.5639499069938 53.161193828401935 68.57840690270956 56.968383361404946 35.1865778914613 66.69611646361022 38.951294696814685 54.66564825538075 10.839373327881233 32.18384861115755 39.1557689679738 59.051642852333856 72.75410299149455 20.33204059744263 35.34018200429483 58.410582811937324 46.36316073643728 3.145897620163354 51.26097059184533 22.75689589036731 61.735736523661195 24.769954209284673 52.36562703456602 20.46273732371844 29.830378555732505 47.56724376320881 28.730690192562594 51.14196351135817 33.24111022663531 60.19832030382959 73.71971541754944 32.879713926052595 67.1570150270306 32.35871600806012 52.40640204702668 81.15442726111971 41.33064153589101 65.10521773620722 33.35079280242205 56.48192908429682 13.525012173924804 53.788646872141065 44.03411764095164 30.839234180984455 8.434355064718671 22.76051104871278 83.80341314539554 21.522371017828398 40.636789607197024 7.594594351853734 31.477289871261355 44.94735632196124 64.08818336527057 52.77843768530338 32.51773365696022 74.0193453065813 34.56467848333523 61.03953545856808 9.584174382511623 54.26008827502625 43.29201746363188 74.03840567616643 31.891757510108796 30.589201193678274 41.44995783818125 68.13542647307385 27.145712440417196 18.31849970247425 42.03804858299004 41.32150630602133 24.18096435666166 28.754210486661208 52.009620983615015 29.152660915937084 31.851359843161042 51.66494424359305 89.26354296721908 46.357703377566075 17.53085618302179 55.48372329036455 77.13790547632112 25.9646278049375 64.05645304136748 37.16562217669166 16.01052908546664 76.75910750177314 43.93215837329132 68.01561378003082 36.50269551152928 51.79753946256707 14.806531599293711 93.14880806344433 75.65758985066681 72.82544228815156 86.11110771233204 109.81258753311482 73.40251797600939 49.66162059574253 45.57186062930349 64.95755081925131 94.3098263226448 60.73890179138861 27.992157806500156 20.251256467080474 50.68403752995321 85.20466955560181 59.83853416514296 26.000373334627024 17.42402538497597 49.6324683274271 84.5894506924245 71.14944642705083 46.299656671122186 41.91957015714203 62.474156175895295 92.63351278209441
22.367111967631114 26.95604347305135 14.57458841111879 21.19624602332436 0.0 30.745045443455425 26.714285990923475 24.992405276632226 24.458863965872318 30.14506259842612 48.727937335357474 52.66979513430171 43.22552933617045 17.064748471753614 50.564130141497216 18.439275841957123 41.34657082717724 11.485585111312865 14.989751584489943 19.522515834080128 48.751373808170804 54.780724228657505 19.460689653481953 14.363591016651467 48.79766634860798 39.192990339641334 23.700027571285588 32.152992004468544 7.587563929425592 47.09475948653808 8.50925003535414 36.95275461707677 29.532249361229663 24.157441652649503 39.11315410676707 7.759216988916305 46.89720369397429 41.29910356438381 42.1687449987237 57.179241710457184 20.461333826285397 49.74326135497427 14.857274834486562 33.87509418300676 67.04723269980174 45.53839454239622 50.6904539984387 21.246404267008547 39.93159590468624 30.10538964928926 40.91635458877859 31.12731419050872 16.85275002541074 25.093209728459264 4.717384633613742 67.75656746471813 10.357701501186778 25.097675358857447 22.726068221424764 27.555898897205008 45.3836296485297 50.17925345132061 32.19386684505865 12.615767409542482 56.48102457745421 17.46516645437278 46.38575996511722 26.636009951266022 34.043035384548055 24.695599124213032 55.57040274235721 13.52930344219144 9.404858893387804 20.43171603158031 54.57259457528865 19.291424119549802 18.53663395937303 24.71749434236021 31.1396877173413 8.008963825350305 7.580740817733182 31.656907568043987 31.50555068693178 31.286517805159413 31.66662387210909 72.52524097349425 40.594110404923526 26.684241094668767 40.71666101717782 58.64977917515704 4.878401883560574 46.73995750677265 15.978050862655003 5.231297581016556 62.90280319553364 45.28769688729033 53.478512457498695 24.62416918224636 36.16769106521449 6.822796910682557 91.18966732516779 66.49189476641378 55.307650251305034 65.02959132431056 89.05563869488371 77.23382452678466 45.747440167397954 27.43698815493809 44.101516557533245 75.29471835837353 72.10346458931038 36.52250584992118 1.04321401545978 34.648148457827766 70.22899060771579 77.57020487289046 46.30778172597419 28.35275924646216 44.671485421518916 75.6267056456653 91.75891533556543 67.26316876014738 56.22378980109301 65.80304360944454 89.61647112504738
10.94224478631101 42.81870650420472 19.154313712283844 48.174660622500234 30.745045443455425 0.0 48.827397295355446 45.5812443289466 12.236441001982762 54.102476185389946 73.65536083203948 22.085320427410466 15.647231564604825 35.48721103280711 19.92623223541501 28.734036281828114 14.968282318338165 37.465304231945375 16.245076013255062 12.486628870991419 25.34351578211673 24.586954972510267 49.791461865507 20.00782812647431 26.482509120950198 63.23988578231646 49.515998253770306 39.4267141431758 36.32502323491925 17.725891911883352 35.76229598243799 51.411464283764566 43.15944494996686 52.067842327597184 62.04775156675127 24.216576634180022 33.91547526754866 71.85293634677222 12.04386690333663 26.434721678673668 16.917660962915555 19.147771418076495 35.94604890426675 42.25970952460613 37.157259244221905 75.13206460199743 21.26079730313598 45.518662681040205 51.27425330822452 50.4632542240186 15.482636216239245 11.83456271466438 17.619406596188764 54.41712764921976 33.4372428580224 37.0344581632647 26.6634349812073 43.596823049256365 45.49067189611853 55.67982901577924 73.53617127374329 21.338833878575148 14.741181418413614 30.629538771523986 25.982158740705252 37.46530423194534 17.071856815604413 55.96312551365697 35.83417622421659 6.668362244440796 25.917803334511447 17.252363820720895 24.472274324932116 17.957553937477414 25.72867981031594 23.968742972655345 49.11605404397425 40.20799808755921 54.14847896199801 35.702227195008476 26.50258756340022 33.82553163377843 36.419469822139895 60.30271426944681 35.65119758510803 41.8123920442461 28.006476415039472 57.399008184658385 12.074998928927968 29.008096365337874 28.47963009016448 16.085313124397448 21.74478909355532 34.261103280200146 33.32807806223877 73.85627098140182 23.760763959080887 47.888931422175396 50.463254224018485 36.921864795459825 115.30575703332799 85.01648808948329 60.7646631614106 51.855961403863304 64.94530452324626 105.5511444897668 71.37050385713137 39.73226040576994 24.408096851475257 46.314758401776224 102.75168131942489 67.20202806962575 31.72582408576484 5.399446798371666 39.799383313011184 107.4525125761893 74.1277777158733 44.452257368645846 31.452658518191082 50.34607290913278 118.766120224715 89.61103505591058 66.98524398042326 58.95801249806578 70.69095121955095
44.80772052378997 51.618016877249836 30.01102990347242 39.01917525886833 26.714285990923475 48.827397295355446 0.0 3.5565329903943677 47.824018813494376 5.690452784629573 24.866391577936543 69.95794224471818 64.02724559441482 13.34895273813935 67.73673517419545 20.539703753063833 62.74231271555651 34.76478912688817 37.654545473139805 36.55065768114957 71.8745086392553 68.30661345095945 20.14635339738427 29.087274500553722 72.35270463823606 14.425254409276537 42.16484365112092 20.12213000030937 19.560714877921086 66.55144996865461 18.23187139355972 14.113879535508088 54.623673830410574 11.93893248524641 13.326296154597978 27.508334420651686 72.81432995542474 34.13215379931543 57.15807148740604 73.09392699619607 45.29798931172012 64.91223985661553 13.437819212744623 19.304192573141673 85.58803725619123 31.966392791621725 70.06617168046122 5.838581971726214 18.99712423985076 51.87566068681895 62.74883521303261 54.066239188481354 41.51779542672601 36.602133651289236 22.019255542280852 83.63551540944415 37.02778135856813 6.524098769393991 44.4758720045098 13.72992306132325 27.29400022186045 70.15510990064755 41.55842479195828 18.596672547622017 70.70702362726135 11.452466515884574 65.89925061601619 37.524891352915205 26.184077428134195 42.22122082940875 67.9213257926557 35.37022202804527 25.916105275980566 31.319234561633703 74.55533387994845 45.73608656862422 21.829732995059217 10.834863149511397 5.325490262524681 18.776253192654178 24.66577128200967 25.32866225186015 58.08594952372306 18.760417874627617 23.510719507679084 86.96229799113313 66.30612320731261 29.67898393574414 60.729447904973334 70.64242915801296 24.479242660376674 62.44206212120122 27.082805367515036 29.317467446973936 81.98821168964638 28.317447183198016 72.47130272852863 2.5172006348566023 13.803826761183991 27.745713413049234 66.675469998577 39.78291791782348 35.38264282220216 58.76538832243071 90.48203640710922 58.08341902850813 22.82196041569727 14.149584235553606 49.109980009291036 84.59066192333016 62.38764108130041 32.16352351584309 26.62642781456942 53.996675817643506 87.49008668578756 77.46735797090771 55.889198537838816 52.70835058173737 70.46200873317278 98.40617802268066 98.49104349955732 82.3896481938795 80.04813312778818 92.51720982237696 115.07930141852256
41.97235842550154 50.72983616864738 26.942664863010513 39.09765373918384 24.992405276632226 45.5812443289466 3.5565329903943677 0.0 45.06437093849032 9.24698577502394 28.246905726537122 66.56392587751677 60.8813961297437 10.23719227690719 64.34369142484668 17.112457397042874 59.655346621552994 33.901943760172635 34.96465401092687 33.400668573865865 68.93516884188764 64.78956357834792 21.29732995588154 26.00752439135388 69.468975974049 17.800122594983886 42.23457994299628 17.057981431587333 18.28274207752122 63.29266608986244 16.704458269293433 13.276533045992013 53.6415869450767 14.164245494797195 16.466516746788948 24.94618574864459 70.41090757436866 37.00676298004102 53.710951121729195 69.63578121364704 42.788725015171664 61.447117619706866 10.828959533864797 16.548948491645458 82.2219522455095 35.31114987297667 66.7892615549412 6.048808885444991 17.67904565305984 51.58204829242215 59.70396451833243 51.19741043924403 39.02661708518431 37.439624231517335 20.401046879308915 80.15863013053655 35.15780266366174 3.1104885096028085 44.083544299879044 16.48963599444938 30.81982009862946 66.91962454990477 38.02988877955934 15.718708286459108 67.20237679165685 8.54068219723176 62.64692151694792 38.47338986419882 22.93758532941208 39.00985439019764 64.38362382853879 32.648374728786465 23.180375724201912 27.94560095915007 71.30615489424828 43.656005880152684 22.783861561606095 7.358411334512173 8.742044868063646 17.296420426119745 22.11888100352465 21.957010468700833 56.496256438679154 21.69630769943301 20.211193775508047 83.44299518068041 63.86008651034696 31.285776969307893 57.53665818213064 67.09749616974067 22.25295800853177 59.003073959091914 23.852321705847192 28.116005284801062 78.66062400593528 31.809103286184158 69.1622780409493 4.356506925833945 12.750151642976627 26.85312779137469 69.77745542957652 41.86722468127012 34.19099820515663 55.83343848998258 87.16599100641943 61.627787531404785 26.306708409834716 10.877139573285188 45.57183307514383 81.04000444809401 65.69644015400878 34.7160089000711 25.031585011878565 50.795267217958425 84.05913421126463 80.14348466209381 57.37865868591233 51.901827144976394 68.02533130592377 95.3585265534406 100.5919113795466 83.38616207511552 79.49750104908681 90.65613370366667 112.46909681477844
3.424556418497683 30.835754378970687 18.807101010511133 38.161353737189195 24.458863965872318 12.236441001982762 47.824018813494376 45.06437093849032 0.0 52.43947689368516 71.84806022622199 30.429514135924624 19.20527814812534 34.92715355567915 28.58770250805255 30.153501861893726 17.11654266529881 27.993471766546158 10.215627370715973 14.00472183657585 24.447508030259655 35.529272947335 43.839820584864185 19.73630493287077 24.691207818265795 61.749227180713966 39.04963588913294 43.5458008172604 31.491212998986956 23.67752101215582 31.6035009694651 53.6723008593999 31.00220434185416 48.189748751403165 61.08646189904596 20.438419752968144 26.545048398531108 65.32396603860971 23.612367199869677 35.65725781095923 5.318706794064911 29.625044261264964 34.38658869076668 46.21011086853315 43.42944660528193 69.98986315526561 27.143399468285413 43.37983436438407 54.699941409829044 38.781609496419314 16.547855687431404 6.668463933219965 7.849180528294962 45.248402470706324 28.38296294248578 45.6429296335549 17.116965514761038 43.80721253466771 34.44615550167204 51.70799844750497 69.66753758753818 26.32566134940451 24.54018513837639 29.34852713355606 36.41554229935393 36.5249569383896 22.972585374237575 46.74621622682512 41.57269843552874 11.855229412241512 37.29941884302214 12.457586245472 21.91114275101826 21.433161831517715 30.592472751516148 12.093105513768862 42.74996243746347 41.32495221941864 52.940845184329085 31.33636486021346 23.256128990369483 39.22053169171408 24.300685864542615 55.69212298740136 40.59110637419078 51.172784377686774 19.96005339725327 49.85460843705466 17.35183002870555 40.32197582262982 24.12064450049805 26.54662170274096 22.679282657483178 26.43686495258057 39.12676838634962 69.66122542400102 30.035462990869515 46.32517048551477 52.73982825203024 29.330718459019774 114.24669483851852 86.48637161627114 66.6303932707944 62.7013379452438 77.17148368312148 101.62341018906307 69.14186896444892 42.02458154375012 35.829034724142076 57.73699741085824 95.79447953853717 60.33832656679947 25.23995212547622 12.868834497669964 47.184412754447365 97.98044209695719 63.72051641516443 32.44446013150584 24.024641034238005 51.32178253974535 107.69423209127227 77.71322814498718 54.889025699721635 50.18391742249528 67.49968226419685
49.53822537479409 53.502182799705494 35.11251805393028 39.5639499069938 30.14506259842612 54.102476185389946 5.690452784629573 9.24698577502394 52.43947689368516 0.0 19.587662748423476 75.41952643179839 69.1434552346404 18.66132779230335 73.19789699342336 26.095366001232996 67.77725887793183 36.82400924105475 42.22587489917289 41.726771555157974 76.68626886079048 73.94174979544222 19.549265802308273 34.20780806749608 77.08367566139304 9.311135821936004 42.674063360058526 25.294272670561245 22.64114888426107 71.82429252257856 21.68870898753958 16.98580235209744 56.62583808306211 10.110252934540771 8.973298000376786 32.005654233845306 76.84604196529818 29.840052556964604 62.698889758601304 78.64521473843928 49.58003133275306 70.47538096944231 18.289020896860485 24.152142336230835 91.00391005257248 26.728757698965005 75.36198227420715 9.094508362482804 22.15530319918359 52.842264387587214 67.7244426374715 58.81284513714625 45.79724129602557 35.959982286269124 25.442068290531672 89.21159325386077 40.492623139227625 12.157522839733819 45.67617312057062 10.377600482597984 21.673573709282127 75.39206791076965 47.21282204440754 23.58959994984873 76.32444337661272 16.641024322693976 71.16354126609987 36.67971671285076 31.51796864496907 47.461893039884124 73.58542506261931 39.99862385095229 30.64583908455037 36.78878220989338 79.8085528039943 49.4157566754766 21.47205654501748 16.468474770039464 2.0199945154592784 22.148985164932057 29.18335649129705 30.80990034864093 60.97570662902413 14.64685551775656 28.916984003242195 92.599099704188 70.41694872632007 27.869856475194954 65.91542443696963 76.31656706189406 28.6062126867523 67.9696106427634 32.393980722313884 31.977175452320516 87.34988828889999 22.772601033262625 77.81117778788578 6.223123537020263 16.968557012837497 30.006973743804224 61.81421661553419 36.91890181086589 37.910444124776085 63.58920320485196 95.82358938076348 52.41585717577936 17.307216834966535 19.592548833961303 54.77596853718891 90.27267600269818 57.155488579552156 28.530283925274677 29.889868196828967 59.203304254573915 92.99923731987238 73.34133480425977 53.91000067090803 54.45898945962258 74.54818222275127 103.3500749404981 95.30953374232384 81.09472422497238 81.24581208410456 95.69477663065815 119.35735910867132
69.02002388893429 69.14714202867623 54.69926092783868 53.161193828401935 48.727937335357474 73.65536083203948 24.866391577936543 28.246905726537122 71.84806022622199 19.587662748423476 0.0 94.80841494822667 88.73111055247465 38.17261793257331 92.58782116199178 45.35935524299731 87.35761546924631 53.37551835449262 61.6362100858152 61.30645638341774 96.1808863557591 92.83666113922028 33.385567611823426 53.7929416943524 96.52998468540171 10.448295431594943 55.990168434038345 41.275005212334214 41.14529735589773 91.3809758512253 40.5541054314034 28.89641010992099 72.40987538822979 25.043266087485463 12.158148146153277 51.419658416918004 95.62227610308565 29.360683581964015 81.94375468148742 97.85329467008111 68.74187979091388 89.6567128950829 37.872829244394616 39.248454739494186 110.45212017692943 20.664930348509962 94.90797804746184 28.506278265419812 33.203821337034945 66.64521122777637 87.2914889617521 78.28902627406325 64.97754540720216 47.16063224847683 44.15209657662096 108.34021846961066 58.892175833861764 30.669957204418772 60.27559015420418 22.269456021789328 12.552349863526231 94.96265744336047 66.0577291814889 43.17711656131735 95.30549923689719 36.19428355765039 90.72377136765634 47.29342545424652 47.69491207454989 67.0265951186867 92.27655927550697 59.44918849740269 50.17134705337961 56.17769411571559 99.37400991117666 67.94693773128931 35.35794857941568 34.7197745725804 19.543095703059596 40.929756956626015 48.62474455691019 47.661695740880745 78.2362582620641 21.386357088365994 45.52362227703517 111.45933005770252 89.31118089761416 37.19339050145554 85.49731450122773 94.89475729289278 47.818118887548984 87.24117942729424 51.92117207112214 49.60571337540677 106.85228477843776 14.578699565099322 97.33005156622745 25.810075662322784 29.49595715092765 47.19440087916014 42.49177683504937 24.850364424355632 44.2914026315309 76.40755396925788 110.66480235840244 34.565332085457776 3.5355728525930683 36.91136919765434 72.4196719415619 107.97675397798123 46.73840268666345 31.510338492720233 48.306469461025564 78.78019398946465 112.30010396622652 69.09879558054767 59.65474471404513 69.8202737580934 93.39801781619394 122.89689124265563 94.68427423721485 87.80499069388192 94.79647517220252 113.11532932708462 138.33233337089948
31.091865784828578 59.91911889388415 41.01785997008862 68.57840690270956 52.66979513430171 22.085320427410466 69.95794224471818 66.56392587751677 30.429514135924624 75.41952643179839 94.80841494822667 0.0 13.198965700897084 56.77214075560253 2.221637346895981 49.45385500088823 15.630010720068583 58.25164590262877 37.82695496522129 34.41818058400388 20.45134907789475 10.527782010798328 71.85280581204775 41.818262893447255 22.440428746949515 84.36015755956097 69.46558451170654 57.45002910452497 58.41022759402524 7.959797355603071 57.830872512059855 70.44144814819334 59.31609287695005 74.02888521372998 82.92912524933485 46.30179122112952 36.45225947741445 93.89247094638301 13.261674996390617 5.6519264932525735 35.736734527402284 7.132306370068345 57.55673010858787 60.249870224472694 15.760811080354129 97.19250330437525 6.539073772703925 67.12914968100954 69.2729623392832 68.3687948771731 16.972958859067067 25.082722694116125 37.858897284047245 75.47747975595907 55.513348961145404 15.252328686132765 47.29338374305828 64.2734709957459 64.7068698593174 77.6390070089659 95.40098695331392 8.52501597923269 29.934129763160843 52.29521367502791 9.103621201749565 58.83460629854567 8.48326093626463 76.99698919497396 52.43102427533306 28.62083320294078 13.611650698549385 39.14158875158836 46.5018014060799 38.64044541913291 9.375641548014785 42.09205009413984 71.13339638688342 60.49957027260507 75.27229202528027 57.78054477458364 48.56444049237607 51.02700008869593 50.135115491340756 82.33547540605448 53.16091732885226 20.809378605910428 33.6977153308735 79.20171041040295 13.313652907064482 15.243652307694012 50.56405860739097 8.090925268117351 43.12907605206502 55.83019052475413 12.787494221512542 95.78903517642549 5.606105575560766 69.26524873421307 69.51765776828907 58.59591391415865 135.74511645253676 103.86908603368182 75.38561415010786 55.76152800599374 55.38825317029788 127.33852882699287 92.7255336348765 59.27179863279584 30.991377839100107 30.659138112501257 124.76070090592212 89.18682376921234 53.624224987698774 18.13936065618863 17.740525147103167 128.36342285928134 94.11492244713395 61.40245531173653 34.85824152643358 34.527164374018305 137.6621100147189 106.33889359072153 78.72234056279767 60.15477020069025 59.7672879966073
20.860554206760995 47.10843221250204 34.03704194147476 56.968383361404946 43.22552933617045 15.647231564604825 64.02724559441482 60.8813961297437 19.20527814812534 69.1434552346404 88.73111055247465 13.198965700897084 0.0 50.688952279318094 12.14167450424851 44.249373667459984 2.467844625135471 47.095105417049936 28.300116835808762 27.483220286460547 10.907141538789501 21.94807919042949 62.68609641590895 34.950769529224914 12.571296711282285 78.37558966464555 57.56407044283475 54.974714579696226 49.79947467185768 5.272719486291678 49.59333263143845 67.05865358719288 46.335477362662665 66.20468695998838 77.32180330990911 37.968795321944015 24.618716880899193 84.39153303227013 15.558825463692337 18.850878005857698 24.256231614378926 16.17836580424269 50.86387822944672 57.81468362461173 24.255283838537917 88.66364794925927 8.206737980073 60.34145744131376 66.85718222051024 55.67600169227743 3.7740016598977713 12.938225461387612 27.036804664221705 64.3220080081836 46.74125728813646 27.521774418820673 36.298008309670145 59.03508340806575 52.50189227972582 69.79256923190007 87.77929154475972 7.139950398864988 28.83330862896508 45.55417701677008 21.537742213902064 52.588019851912485 4.715710080847018 65.80054377549368 51.06988665566059 21.939287374818445 24.697332462059556 30.10388185944555 38.777201443670215 33.56593482417398 11.397707866655045 29.955674069042594 61.709266058044285 55.76462030591425 69.32338712191797 49.424420263657915 40.576757361509735 49.18425957788598 36.9687667551079 74.09807646725027 51.090089782761865 33.58801695155473 20.92072799191403 69.04208468615535 3.7626632170364145 27.110687632955695 42.0670336088101 14.081607047719919 37.05595792651777 45.59188501045162 19.926168187017556 87.93256521912319 11.10902997586647 62.92148105615217 66.11046564659411 48.4692834747601 130.65885053020898 100.66157782318393 75.66970163614066 62.05793029772214 67.14612537375139 119.83742987473906 86.29949908848124 55.374945634561314 34.89058301805375 43.594817137887105 114.96215886655165 79.45874575778392 44.08283997231576 10.252388949354604 28.269000244923266 116.78041543866843 82.04318458658864 48.545901424251014 22.68317998832999 34.70663431028901 125.00035206083315 93.27247885678287 65.62457040684548 49.452753254531686 55.82765446538763
31.788920870211083 43.94628910350344 16.709281953601046 35.1865778914613 17.064748471753614 35.48721103280711 13.34895273813935 10.23719227690719 34.92715355567915 18.66132779230335 38.17261793257331 56.77214075560253 50.688952279318094 0.0 54.55071883259185 7.849421217928643 49.43346151345513 27.689184848140073 24.91554788300765 23.207303605830752 58.70278343910297 55.65277582010378 21.97124703664465 15.776521229186386 59.250582129405934 27.752694629013376 38.17229270247255 16.082712147989884 12.442570578750527 53.21294324136193 10.43520959266928 20.133877699291737 46.58516763528167 19.01057640203045 26.633859279837687 15.161472123009816 60.58465885668817 41.94685169068787 44.14041045291905 60.09136692226701 32.911792565228 51.95118126227216 2.8846665831321348 17.297124006715915 72.34289358728617 42.34934223914643 56.73576625864096 10.669598971180275 22.87000484175252 46.27345534705772 49.47089678375057 40.99022798837382 29.193283807003038 35.777562594037974 13.192667583899697 70.70048324560925 26.474623305920296 8.947673393184278 38.711948875720886 22.371255780231245 39.16757039588163 56.80917227244926 29.170261875042783 5.648801138300382 57.950960510316236 2.13391979423662 52.5583859975893 37.086736544315784 19.781721747628445 28.873424452537087 55.49588222087739 22.577015432992155 13.16608526726851 18.174675401275106 61.212598110818845 34.431464863810234 22.68566913841328 7.661662208274067 18.66409226463006 11.040249964720813 12.42938959914912 17.865067794547663 48.07561624766331 27.61708984160558 17.00232961549391 74.2905291839639 53.99558533030106 32.29051446434067 47.38085691608601 58.32714104245064 13.244196105598217 49.38568368739342 13.74856338443737 21.340327549861637 68.6949360610322 39.833169492405595 59.16294290090315 12.493589918464888 19.298668194137182 21.012305870183518 79.98197314463667 51.67024035778438 38.401716645383665 53.025940222817304 81.73731842819464 70.76590741837185 35.966671094085925 10.563993243782264 38.23353532915742 73.10415337786034 72.1373673628163 38.57124527155509 17.432352117991012 40.64772546911951 74.38274677676951 83.57669102140619 57.028250071157984 45.29401420978105 58.163928114977246 85.12758505446074 101.74233790285774 81.15997918490888 73.17431799236826 81.57278406645139 102.40047402224315
29.12146150334114 58.367270371369536 38.81576455426792 66.69611646361022 50.564130141497216 19.92623223541501 67.73673517419545 64.34369142484668 28.58770250805255 73.19789699342336 92.58782116199178 2.221637346895981 12.14167450424851 54.55071883259185 0.0 47.234071104699645 14.48968548125608 56.31118678775219 35.76017057572494 32.22493928873668 20.41536849722695 10.28995147385616 69.71084121450211 39.612632518409164 22.39224577922304 82.1395452098523 67.63729494326971 55.31122384623944 56.24846060618805 7.135461517060516 55.65304131309978 68.27540320239605 57.854202909815186 71.82862784077761 80.71152619349435 44.14047306090998 36.07462329854347 91.76068681271838 11.128010683611382 7.107934817320361 33.90450830850263 5.7446470012447435 55.339563799161354 58.116153011632164 17.956936599466893 95.0092227025421 6.8012010886910765 64.91100978871978 67.14903120632756 66.75912729102005 15.882405282648326 23.453661124450054 35.92283776903285 73.51816507195842 53.36253517582421 17.248738976978103 45.35109015326038 62.05701475327108 62.95187599521789 75.4382402953034 93.19108972735044 8.68609611710778 27.79581648511444 50.0804297087057 9.450348500047676 56.61358630203464 7.5158392064485104 75.04221530187606 50.34353735879518 26.435131086758002 13.287211219976466 37.03489651020163 44.315443314511874 36.41900789144055 10.507973482262047 40.362922966960426 69.00803080306133 58.289599273890786 73.05132004922683 55.60769169010241 46.385408995904 48.91033693229453 48.855563265709726 80.1454681625136 51.035964206085126 22.585082337461618 32.952983681848856 77.12793120798402 11.726080349902709 15.306588021450096 48.40487497681766 6.0801657330218495 40.91013721668757 53.786100440386285 14.862676403815325 93.5844394410862 6.803946090795665 67.04388358336216 67.35008515490325 56.53758171210992 133.54275361640651 101.7260780277897 73.44983003291118 54.53177779099792 55.54013615224868 125.12343838557159 90.50389632557204 57.08094386319446 29.28671269788277 31.45452933064189 122.64081048853495 87.07269223826425 51.52426545367203 16.126282524398224 19.939280482813196 126.44517680360822 92.30560754271686 59.87035515850994 34.36255908340158 36.1842963749215 136.00979350519333 104.91385044856679 77.7644481656838 60.165140076639744 61.02884615816913
26.805415904238288 44.836891005138604 11.35688073875055 38.951294696814685 18.439275841957123 28.734036281828114 20.539703753063833 17.112457397042874 30.153501861893726 26.095366001232996 45.35935524299731 49.45385500088823 44.249373667459984 7.849421217928643 47.234071104699645 0.0 43.21039129223644 29.91074320328319 20.90977322718795 17.04182872903532 52.93373723659246 47.91649124739144 28.78273292500232 10.442728140213191 53.66358644078008 34.91221525532184 41.709785663859336 14.557560146660734 16.932776808573653 46.366507201128194 15.079493827270083 23.53603065823257 47.10077190757013 26.79380201740997 33.498716192582926 13.162270350086578 56.53723844626858 49.516905244865185 36.618828218040655 52.55799887970312 29.199595110951993 44.38216083873616 9.763488382451378 16.833327986294538 65.12566279483559 50.18860300931955 49.82190080143312 18.504613602135162 24.71700697628905 48.538611550404156 43.398094724791854 35.65719354749698 25.755770618570548 40.96516414100036 16.21468703379548 63.116257686592284 25.670032405804164 14.898714272085595 41.15997035850703 30.19703291289597 46.963135188104815 50.03838476298917 21.33919794236055 6.581574026636754 50.25885855451663 9.977996842238626 45.735714491360255 42.38538842366268 15.608181327608717 22.314791308251404 47.694041757374 18.606930850800694 10.663353332098328 10.877163012104951 54.388806600656814 32.22689630342215 29.17984405719904 11.53388480947326 25.836453160727505 15.528778103471717 11.358167319744853 13.219035619422058 46.816521197742695 35.41681387291517 13.31263681428672 66.56893733907367 49.9124583236093 38.84136982713518 40.78486329601923 50.50659382064171 13.623085239407098 41.90262563921147 7.515504200905171 23.53492806571523 61.604336292791444 47.66170529992856 52.1369892449206 20.074177922313282 22.599107152203022 24.162255936183165 86.6112598114108 56.72629635096453 38.29381908374455 47.40402908606836 74.56573528232177 78.42652420346766 43.35680263694726 11.879141055817515 30.571631795608216 65.27131353167613 79.88659104601318 45.921472789503646 19.180724980119976 34.04736512398709 66.95334380353387 90.52591020572862 62.488140197499966 46.3331663160132 54.04557637685799 78.9129503955339 107.65610026591948 85.25062015394418 74.01080193969823 78.86461581616274 97.4359005091486
18.998884430529486 44.650334668523385 32.73234770363346 54.66564825538075 41.34657082717724 14.968282318338165 62.74231271555651 59.655346621552994 17.11654266529881 67.77725887793183 87.35761546924631 15.630010720068583 2.467844625135471 49.43346151345513 14.48968548125608 43.21039129223644 0.0 44.881727627306184 26.505815196452502 26.283008872291205 10.54326259719605 24.105018600918687 60.79980292536787 33.65970007322021 11.941918078951792 77.03996183185403 55.2159110471688 54.39236046473127 48.0555329675109 7.7320308456141875 47.922575423291654 66.24500580042394 43.868057008469236 64.55757167523248 76.05862407774094 36.34447740910078 22.883110716333647 82.41293830368333 16.75315834930389 21.280437164369967 22.059271637296757 18.223411594252866 49.4883138068343 57.22364738889658 26.49896829165356 86.84944291018583 10.62862190248816 58.90695028266604 66.22711615399291 53.22683875134182 1.429616399295498 10.687649673594997 24.965587367342607 62.08548570852377 44.97868963054225 29.980922477937135 34.142716707776025 57.90165583594672 50.112975108637634 68.13274436979457 86.12753020490372 9.431724502546574 28.830553010217795 44.19968385324529 23.82546789514743 51.29059455032882 7.154489131508615 63.555975911454766 50.72644223107482 20.926715839740087 26.777374773595724 28.39896168079683 37.27206935724925 32.667803427135155 13.528986007153367 27.603776066560116 59.778142033428814 54.74354914094512 68.01799295391844 47.73134567923514 39.00461431912864 48.76287166247821 34.51587588361864 72.35792689606397 50.610760257433604 36.05575459684086 18.807771652151185 66.96811524028716 4.339922636036545 29.278869927088365 40.382505559199984 15.919833341517075 35.90749773220845 43.550763713005615 22.128335789156512 86.23855836267344 13.516608569396029 61.562145124196505 65.29592148855102 46.44074312220536 129.41220147121248 99.79418000314352 75.51402523884357 63.07128371040757 69.17900568242463 118.17247204189287 84.86664666028433 54.517406296475635 35.694996447195834 45.9162635893103 112.91090950646472 77.44649087151906 42.18120726347821 9.631167079025307 30.6345286830239 114.45526647653945 79.66040893778779 46.08422974850752 20.831093650927563 35.72555731986551 122.54842635473072 90.80635049026753 63.29007690132316 47.93368792849755 55.87313399931654
