0.0 27.780837460608346 58.601771176064595 36.55100660802863 30.238249512383003 23.738969499316838 16.02496009995778 51.057131358790244 21.545973292948048 10.396156941271796 5.168366376803221 15.148454008975442 43.34712352819921 36.557568386403226 67.81190205250721 28.503772418890147 53.01137060684517 53.35170545696484 16.256464928476777 4.430030412302569 33.447466845444374 17.728459312786736 8.926155108304695 27.209373632629134 44.172593944952666 31.447446527036515 30.35416061855764 51.53667512605709 50.5184332466813 13.737839324158312 31.143716495998568 25.00101345959518 24.92320645955817 44.118916186434305 26.812006413738636 52.02905354901885 62.37217201493287 16.500020366219715 15.154363408191655 51.46072195320343 51.489227964240136 18.536339711618844 24.908847534722636 47.354789629076684 31.523038109177257 55.624844383391824 73.08282514269484 24.861954867674598 50.74394535912922 2.5983423554807645 23.052299943284414 24.66510854843938 56.41840361335846 20.199813055169972 56.97177342608023 25.36269146803654 41.107639256059144 22.419014906279138 21.438404852175776 25.47624002118087 15.648745157730973 12.041290369995476 41.33582501272536 45.55360033755522 65.4154682351932 28.038777343593775 50.10091249623784 30.959137509626252 15.531230255925273 5.133306503643653 27.17939186669647 32.15035126626806 64.2682914957823 17.728459312786736 44.88277950162511 21.447579205465463 29.160778743656532 52.450798643615414 47.0975343685992 6.57421667684769 37.35021284664964 3.1235539554904173 51.06367310553092 50.5184332466813 36.598204364912526 6.871379813137731 63.933680227573724 15.96401329798729 10.38871368279282 8.862257563429315 38.0324366350711 24.903620704770205 25.00101345959535 13.152841478738495 34.963475818349934 42.405605721802225 66.73746015940961 22.764468434795138 44.54403997310912 6.655138067179751 95.7947959383951 66.19608187499506 46.036622640155564 48.877305933365896 72.04708522258376 86.44877411939117 51.91073467987355 21.172242826675937 27.09260084944249 59.59832076842196 85.72642227792646 50.71021267206024 18.06211651712766 24.762120832729497 58.58577808996748 93.82716435438338 63.34297235585117 41.87249871396904 45.01620571014257 69.51107847492125 108.79733429988218 83.76790460778905 68.77049299373262 70.52529011315958 88.03618210137313
27.780837460608346 0.0 51.753051118242695 64.33037187191982 55.22163832011503 10.833416321557488 41.91836864436395 56.57982873029176 47.47947073490009 17.493783856713495 30.265855923965695 41.56260853159165 55.10475960810574 64.31353388391352 60.38432428662891 54.561092559243015 46.28979218191804 50.21821666912628 14.750325410685484 24.122403924569657 7.453525120391135 43.88712352040281 19.431753434334517 52.09750344418976 43.81470958785782 59.2262989929275 17.657977841947464 39.7102510692727 46.799137545034945 38.51517538334345 19.69712119072048 16.407755935748085 44.35880752427698 43.01183959206805 3.79218520193128 40.56061438141525 45.54107664814688 43.31346074981323 41.08910136897532 45.56328665876071 37.520051373400385 25.681234664576216 8.941524691009974 65.76154084996998 36.020188917978366 76.79843893643614 60.08261761142376 51.753928786461586 78.24410697062044 29.864605741264178 46.921753907990535 3.2909713394721702 50.051315549751195 47.08220627531513 77.97050834139613 17.411642737187684 68.8734030313853 5.644860294842905 49.19896663792209 51.223826539437056 26.182551449170727 39.77762427728141 50.58594560879832 73.21020451679333 56.49461372205946 55.76693040878381 41.51209964768393 58.614144418399455 43.004401358556734 31.106132034342327 4.351493197080236 59.89296781523248 57.04177122977012 43.88712352040281 41.32877948009443 49.22713467370367 8.429407730884249 43.05558129702011 42.444881440059284 31.333857233953676 22.572088825948658 30.692519982212126 43.82191655197326 46.799137545034945 45.49132284075504 32.90325913918098 50.04648123066183 43.33516026954744 38.12221054710776 36.641263837749236 34.07635171069494 28.859184770275792 52.618162423434626 15.803285345576812 40.7506210370865 63.7430100909115 58.04045688531684 50.47937561589021 71.62486648979912 21.254935815429885 76.50127942728034 42.806003084745 18.559798578997174 37.266371217469754 70.46490474907183 74.86160416830013 39.83097594318154 10.048017077392668 33.87665547959268 68.74956045280065 83.30387636899874 53.937000370155125 37.56389377891622 49.44769093943887 77.53247112571175 99.28845970478521 76.16008679629404 65.3807451181467 72.67081440328278 93.91259298644314 119.83355820836758 101.2907634657649 93.22867862663601 98.26181832552827 114.67874270446212
58.601771176064595 51.753051118242695 0.0 82.65214688015526 62.197521900030736 61.11846413651708 58.80946956909879 24.314301559705974 61.10282251020425 55.65683936365042 55.579728383862445 59.91375502697162 35.58398163667067 83.60549551249952 9.246985775022527 83.84272232536365 5.72567544800122 8.062888238225693 60.0007439295363 59.051873649118725 57.315918930415535 60.17803991353397 52.65177290163493 60.46507882503203 16.437271787777803 78.09363203105926 34.43798236584055 13.724000423604858 8.995153959335063 55.71846657508357 71.21960365268593 66.74205749997712 47.71960252797856 15.840669172294895 48.167396808500214 12.777440853983148 21.67553141164705 72.43579914204278 72.46228867392438 7.141264689988773 17.555651693596808 40.077485323201344 44.00961399703333 105.94231116475909 28.645421728165914 113.47792865689456 18.486867634354795 79.08694655093839 98.38702172477463 58.194474345351466 80.96437056596415 52.827303967554506 2.2262304153221306 75.28856938651595 114.86844381290949 36.93577633066905 86.96918445343442 53.58301189958544 72.10396413768382 81.62846386382184 43.05454816878633 66.07447113869547 30.733682121773715 92.5231972239631 7.450172186638575 77.51208101217914 10.2562785815182 75.24181533177384 69.99168636416336 63.68352366702037 47.50698354798049 77.41400847433025 5.690452784629573 60.17803991353397 13.881000052057434 71.00021638790155 43.32599525346603 9.118878944232364 11.538564510987122 55.11001719958453 74.26799300438408 58.989481796181984 8.052186190387284 8.995153959335063 30.74074957891028 65.24349419778757 15.383441537981493 70.67821093616074 63.16364487972028 63.41359358490259 20.637596845674583 33.8112887346508 70.78311271316977 49.98660427626307 27.59237490515257 100.52527687968193 8.444508283194635 70.39895916460243 95.23684395626933 54.77060805205629 47.175932961804676 39.82382866059023 58.97868833291601 88.9000207822308 121.90209752358781 28.635769043084967 13.914077527542998 45.81925938956009 80.8542899377679 116.22235828075034 31.91060961467893 19.74881225376395 47.89518517991507 82.03710465278057 117.04028756941896 53.10740701824318 46.638699717918804 63.734663492358074 92.09350539917159 124.22756347987836 78.90649311395138 74.49133318663193 86.04521981580484 108.58498078990351 136.78345409798538
36.55100660802863 64.33037187191982 82.65214688015526 0.0 21.781806643801705 59.09918561931543 25.366899193939695 65.01476914544023 21.722670674282103 46.88037527076652 34.82485102248624 24.85418876127537 52.44143391591968 1.5527148780093372 90.8985798515339 17.39916670021785 78.01109721276151 75.3265833793562 51.67343581644126 40.35968403406323 69.73827775473234 23.546354944742557 45.18490242755337 22.61526115971582 66.22373297564818 5.2043371884026834 63.96864647307936 80.41281827618195 73.6592433640689 29.099186164931982 63.77661117439985 58.56530789049961 34.98044086805933 66.82692665423959 63.25023658060032 80.59403039768578 93.12589628575981 22.510344934565616 25.558458750152024 76.14179573257745 81.69861132718701 47.91510479926357 60.75124675266661 42.586303288562064 54.55001874980577 41.410787627438545 100.13628219361412 15.809340509320316 15.835248839407143 34.57151637489315 25.86466619238099 61.19453351492888 80.47395083505543 19.29099350544627 42.732534287987235 58.80088138025137 4.693113384946807 58.920540355281 15.163234055891676 19.720361357114044 45.06582552032901 24.581153848006473 54.612730916978144 9.993121962991182 90.09592897339171 8.829129028144262 77.05818265860485 7.412677032413789 21.749861742647354 33.693627731755555 63.570322521118236 5.2826983176772435 87.70326154485069 23.546354944742557 69.34855892164386 15.12406856890985 65.07903649032022 79.53452926949468 71.82907041143292 34.140561464358 69.92046826054501 33.70120623461019 76.85352289676695 73.6592433640689 52.600632092319785 32.11543485999132 92.5685268012317 21.596110058319827 26.276344563718105 27.689298185632726 64.85301973043973 52.100394380134524 12.656677053391897 49.268532698542884 55.06059346665912 33.72069162585842 91.05187598036999 14.188571873635482 13.57180016064308 43.13536133683823 126.34142456536605 100.57696417038841 82.47049597447327 77.58302983833204 88.14168798331983 111.15598774756185 80.89026716340081 57.12247256394314 50.14856193299705 65.56629849649492 101.59628458909327 67.29462819962137 35.60238682763678 23.209780966834415 48.39482347016592 99.30118496254812 63.81093536878938 28.550936369266925 9.522962761381356 43.57095396273675 104.74941847148344 71.92403494490335 43.65639451826454 34.21816198449231 54.48001729727613
30.238249512383003 55.22163832011503 62.197521900030736 21.781806643801705 0.0 53.625159239441345 14.215657849623353 43.321410630451545 8.876655833069867 39.64031586627288 25.895653673644475 15.223688161520847 30.6642647942088 23.06765622848765 70.03044552188096 31.248092889629202 57.97391294201668 54.5623478726229 46.309072838429884 34.658376811712806 61.97537634238944 12.628594232465659 36.324050467064005 3.129598056022494 45.82315660533932 18.493971550045053 49.39883843579234 61.767949810100646 53.2388671858668 16.95633501280984 61.3641139935634 55.239261066715144 15.04811293013216 46.576871583029394 53.010423934940874 61.799749095360504 74.99594116845275 26.393306562980744 29.105183550138605 56.07296877924067 63.66772354323452 32.757853610571665 49.133879698742575 58.744057319480966 35.32390093941638 60.7857382284384 80.20031100703781 26.664352006645167 36.79110126789103 27.642594901950794 35.11233365051152 52.60619131110269 60.08109169080934 26.071359942544035 62.184259947656365 44.5972513156228 25.508066553056263 50.69909000086117 19.170293499813198 31.2289582097567 30.664140788872434 22.700250341636192 33.068480553507705 31.029660444024476 69.63522662074229 20.390279585520418 57.73965590794039 14.950493536647647 23.494386522517132 30.609771300677703 53.106042103024606 17.11698316188214 66.97512168839603 12.628594232465659 49.50403838599556 17.6328935005499 53.26119666241997 60.165770872856015 51.952428034678164 24.566710626088557 67.5845492077266 27.20937363262905 57.117990613013625 53.2388671858668 31.581373391521367 30.072938810152916 73.41375682242189 23.993978095244504 21.786347125353178 23.77855003456074 46.15686308169252 34.97460569709177 13.744691509706023 39.46600898864309 34.84312719064608 50.52865879077907 70.47439152949686 15.45506745540821 35.30207099602914 35.214501784906396 107.45455552211646 84.99836708939371 73.72287603622613 78.5970841316497 97.22160231080032 90.376995261879 62.27425152900569 46.047057146020194 53.802866821809744 78.74854552611633 79.82070586974793 45.807843055041396 18.909690977634078 33.896885818605455 66.87769322647613 78.464098504368 43.42409277933947 12.120140853763365 30.665170730962373 65.31474931915636 86.73997029284843 56.920774249280186 38.578591112348775 47.63215195800792 74.70955203130339
23.738969499316838 10.833416321557488 61.11846413651708 59.09918561931543 53.625159239441345 0.0 39.5359237569025 62.92105192780821 45.14097847502057 14.040260237220654 27.72953080567676 38.8018564263538 59.38559886203297 58.845757297959274 70.00354732491171 47.19724583748413 55.50641972628582 58.72138208733178 7.529476564145127 19.377198168367077 11.742029725474591 41.34467077608994 17.81357324446545 50.52798965501913 51.39622330945005 54.22540950154582 26.689129049092085 49.75636377765848 55.34663497803092 36.70490353409692 10.573244398558675 5.724588374746287 45.29282298607654 50.762210239730436 13.529309032157084 50.56398088853141 56.281290348683584 36.96011792788702 34.28500159351877 54.58026585030141 47.860337163849266 29.1607787436566 17.109625964841342 55.60223123047687 41.73138453567825 67.06237449344134 70.55759271177 45.11278132591703 71.87291332260877 26.249976501099265 38.7878264968368 8.558562312734677 59.281332752007664 40.60685341067844 68.17968035257736 24.76748436590998 63.41936333554143 7.540027112019136 44.03241665864224 43.78633483553137 28.474910606540647 34.800741974268746 55.56056535249147 67.24615971360174 66.33181042084493 50.29893935111042 50.992823200590045 54.23478485835108 37.35021284664964 25.463013651130584 14.23989481517723 55.18162604540121 66.57454435327818 41.34467077608994 49.646562025687906 44.37811725107396 18.53633971161885 52.73669480502523 51.07520003865592 29.068315273941202 15.531230255925273 26.862505017334126 53.084531669949 55.34663497803092 50.36695495930104 26.985275068152504 60.543015268186544 37.52925493718742 33.841022294178906 32.04271640181411 42.14343468104927 34.02474573770506 48.40080009405134 16.19209084657753 46.3727691672028 54.241941628952574 67.85906536841273 46.0113775310687 64.74413826421971 18.470992400799418 87.30970680839025 53.31893287257873 24.393337709440623 29.654070023564454 60.79387663008586 85.25839204078868 49.92247949461136 15.739260537528484 23.138809466844272 57.92490399397119 92.16232867080072 60.87371360540931 38.07240614510799 41.540247126125415 67.3339518586802 106.2902614675938 80.51648728301352 64.80985803314817 66.70726052209369 85.03838808707788 125.21984265546158 104.03837324599776 92.19542336376824 93.31692206269257 106.99597501500341
16.02496009995778 41.91836864436395 58.80946956909879 25.366899193939695 14.215657849623353 39.5359237569025 0.0 44.816731378334865 5.627837308009075 25.645264328722803 11.880985869244983 1.5539293310374198 34.13798382111602 25.957662005648316 67.51383859312651 25.72806066599179 53.79812737829844 52.0332549778133 32.15694874230142 20.4487822564674 48.36551589355002 2.006103162045978 22.618727815927866 11.214393666918399 42.64025805429157 20.288211572161416 38.850356547780976 55.33552235330294 49.92627864369716 3.786127717319617 47.1496142180815 41.02535445528974 13.745173046907572 43.04625316419632 40.07865182813411 55.572302117783536 67.85644674397415 16.24689637870246 17.99187510135951 51.986223512160734 56.44292194602219 22.568479682034962 36.75416888293208 51.354644605663154 30.19572600008078 56.248010762517524 75.6247395789731 20.77814028436973 41.06368111779709 13.431353868138057 25.82228440534089 39.11380336567376 56.590825581956295 17.82637615344425 57.66925135661293 33.731508148174726 30.030319420613655 37.08221951028891 13.340081842121021 24.192453941835574 19.784112292876777 10.51042653250961 34.16582619144649 35.303205278400895 66.16697641535687 18.84779053180773 52.3241997343357 18.323043455603205 13.1784500212968 16.71007995668169 40.26489128563953 20.175472508848472 64.14803736102472 2.006103162045978 45.106192733065996 12.19121281626943 41.03657617274986 54.80495790527907 47.56953033558857 10.655153000795162 53.36890724905855 12.99635640870963 52.40298377340445 49.92627864369716 30.689133248044335 16.466331182379587 67.62995570656362 13.870474597359872 8.520561052580236 10.334098291923272 39.94359863370208 26.855575056789206 12.726108066895671 26.13392267296404 31.656684290767956 44.210373927985934 67.25301496670484 11.754303264703916 36.770943521409414 21.260691215816585 101.19179583009152 75.3827966966152 60.47718475554994 64.53333293152382 84.87490552169768 87.44363719904288 55.79981994388784 33.362257600135976 40.554292821269115 68.61815508906584 81.44545304566854 45.9362619182656 10.91463307434062 25.696867322547437 61.10433277728641 84.85725292289483 51.69317039264156 25.996413814270696 34.8086536903412 65.41918974409683 96.68780780874012 69.28000477200221 52.75472888290896 57.4330850195773 79.66311923968894
51.057131358790244 56.57982873029176 24.314301559705974 65.01476914544023 43.321410630451545 62.92105192780821 44.816731378334865 0.0 45.0940486987645 52.63467892858808 46.54517650747307 46.25203926874874 13.017727575790412 66.22134832068322 29.361074651015198 70.44446398470849 23.193950408646263 16.59784562936107 58.972793372253555 53.28564645128875 63.674977757218954 45.541003275000705 48.61659540772663 42.46711330684236 14.55591093679713 61.187104683540774 39.93330372521472 32.28948814144518 17.854646218041307 42.8450886648729 73.47275055034675 67.75206639690838 31.354552048980207 15.769778512594016 52.81915270589252 31.68364596726397 44.41124556916921 60.66928250016436 61.714239345426165 21.714486952684638 36.07961630458857 34.699461097757165 47.64467576994391 95.83784585324182 21.23515957131939 101.02289862548994 42.37185572002452 65.46726445476708 80.06645924847052 49.6250765878165 70.11289437146972 56.210493370243995 22.918569035323166 62.62328938942564 102.44526399180778 39.170292921734834 68.82857129330395 55.93024394280242 57.70133755432109 69.00813599435224 36.592708473097986 54.35425796857045 10.688301115886503 74.339810167997 30.724113112097008 61.8003703903294 26.594431005827563 57.867443959571595 57.738918806909965 55.43867196708971 52.355401961657016 60.088699343962986 27.15965803491675 45.541003275000705 19.30877769611283 56.3194636494612 49.193678024199734 28.003717320787178 20.2993246092479 45.53190896386505 78.11797031197462 50.13894283933821 24.15205703962506 17.854646218041307 14.572551655825729 56.48766653868454 39.30830350467994 58.44870396898947 51.598354525194985 52.56426584275843 23.991457185392324 29.003043992685267 54.67290096545472 47.80971363154075 16.751060235708128 88.99245164336855 30.987058905577605 55.061698117294185 78.39560381372071 49.929615463168595 71.26299536011874 60.902898490733214 69.80003961462913 92.55842459607054 121.63146115324746 49.1690082504342 32.7625504626467 47.55383050310264 77.34040095688131 110.60694908531147 36.82799304093348 4.69932482304072 34.929598258338224 70.35823060244711 105.89001365016212 43.52704348992257 23.565216074224864 41.81189800475343 73.98209062498174 108.3081906581939 63.50171899897262 51.70166126202595 62.01460090740273 86.89485117390926 117.42135699999281
21.545973292948048 47.47947073490009 61.10282251020425 21.722670674282103 8.876655833069867 45.14097847502057 5.627837308009075 45.0940486987645 0.0 31.270740541359746 17.50881236856014 6.411756778700325 33.45500643161389 22.566863697999676 69.52552154692931 25.79588666035565 56.35560219926289 53.95147835200422 37.73908601022354 25.976001570162367 53.976802456663286 3.8183671173763694 28.228051695694393 6.139897459308708 44.71738005985065 16.99826193268571 43.61550120615529 58.73962566160763 52.12643105978601 9.013201066171513 52.599894711784756 46.51863669601359 13.873062944488753 45.262167987718996 45.558804735263166 58.90290260579257 71.56851580093515 18.56227814277683 20.960045716856946 54.49694674923438 60.1391106985343 27.05444031506592 42.08443889756016 52.656057374263824 32.83943520182899 56.27880642218709 78.4387385787727 20.86217978595644 37.556976131426914 18.966805944610808 27.841442488853637 44.7052894159599 58.908635918275785 19.06063239011541 57.69927663593373 38.574068470225036 26.23653379267033 42.69015372724568 12.939745580924685 24.9746091850749 24.489253214087974 14.079316778700791 34.42473889180522 31.70466752769039 68.53079278543751 16.782889088394768 55.33552235330294 14.350178324282338 15.50171108161716 21.733187984746476 45.723716489266785 16.4410009097083 66.2600144227488 3.8183671173763694 47.67590889740197 11.449202992443956 46.33436474976695 57.81198036170252 50.15638042976449 16.27530751483627 58.83816008668818 18.470992400799418 55.15326858357838 52.12643105978601 31.65668429076798 21.21630115945684 70.85541974947503 16.093745089059595 12.940332260555833 14.923189726654146 43.149435785485636 30.612654999495685 9.760002719184474 31.68054198090104 33.56098091560058 44.95129533312401 69.52935927102956 9.977852858389559 34.16393891545376 26.888498820206756 104.67552556493472 79.95619012069434 66.03894137520243 69.72384077261988 88.84710980423765 89.68683683867464 59.22173469876423 38.767009715165656 45.0636244356258 71.34957235778111 81.919663207807 46.76408220348141 13.969133517815248 27.122004734747232 61.7112528887835 83.41671752836338 49.3159608725672 20.928051433925585 31.242707684394354 63.6115896409017 93.73509108514965 65.13642417678308 47.237772214043844 52.46167562364244 76.19195896415006
10.396156941271796 17.493783856713495 55.65683936365042 46.88037527076652 39.64031586627288 14.040260237220654 25.645264328722803 52.63467892858808 31.270740541359746 0.0 13.773977847842199 25.015426086179108 47.248544714928094 46.83553903459648 64.87926813969449 37.49587575774327 49.93446804010847 51.62401447021017 7.190127352567734 6.654218357600501 23.06601175764962 27.50849088959882 4.227833000270936 36.53230507108704 43.12931655700083 41.80575745204884 23.6099244621302 46.58032124298736 48.4648584625951 22.69472474650356 22.989872021429022 16.70768881970984 31.574459277864346 42.77965971278663 16.93259516597037 47.215287500712726 55.99175417414267 25.94482057803766 23.920777136893562 48.63012972021764 45.794746389369095 17.939316520366763 16.11030586775443 52.34342614666203 31.625515240973566 62.11110269487935 68.23357019182612 34.40765054918171 60.77438568631425 12.681087992091301 30.567179531620624 14.318536617912935 53.58531800577531 29.71832885021725 63.38268200669155 19.36825312720904 51.400995990685125 12.04169924808205 31.730195676908785 34.24004011120081 16.25854836655694 22.305248521840436 44.09484277348405 55.71689311864331 61.88688506473043 38.28079718617465 46.23492887511263 41.354263655683944 25.517038767428044 13.696442425984534 17.390536415503266 42.53916911092431 61.33130501697881 27.50849088959882 42.63992116726033 31.80852925080882 20.047321299872458 48.38522007301503 44.54720832596786 15.074833084313855 28.869406850787552 13.428872567296814 47.72395740075755 48.4648584625951 38.97663190982506 15.539005843438582 58.60299768676486 25.859809366296147 20.784848413092064 19.212749374029148 35.21441838004214 23.972835394079365 35.39040700820857 5.690452784629573 35.89676337888268 48.81850966579087 63.318846561726104 33.160096081881484 54.26680779265519 4.434207248256916 88.92574704513586 57.645730791208976 35.64350189956799 41.83390175031012 69.00636638970462 82.29072863848093 46.87977655084827 12.48491678277735 25.42131217529906 60.57081266069778 84.9461767174441 51.357731634503864 24.322448321401765 32.82906669745137 64.00089829237015 96.12507513358005 68.13746918729812 50.76967011089739 55.17756933965245 77.74142378554694 113.33216957090465 90.62501716946674 78.19011167288642 80.91093956676426 97.52719349448397
5.168366376803221 30.265855923965695 55.579728383862445 34.82485102248624 25.895653673644475 27.72953080567676 11.880985869244983 46.54517650747307 17.50881236856014 13.773977847842199 0.0 11.343058726711607 38.376684812445326 35.0440958476696 64.71289921996505 29.344993648370753 50.102851579654406 49.89085324634238 20.448782256467485 9.177146777995935 36.53926709929077 13.77397784784211 10.845442774076234 22.801273096129787 40.56397208958442 29.626984092796945 29.816528607954297 49.525866558409064 47.21539038871282 9.013201066171428 35.81448375496504 29.58591591444574 19.754970523866554 40.622403944142356 28.707404407665873 49.9399739852132 61.01525702570481 17.347921968285046 16.93298564694875 48.46516545182869 49.86591919816131 15.75607326972181 25.93168174801931 50.563820362099996 27.74095732506758 57.9772603282362 70.82123927243136 25.123663759778708 49.744776054080646 3.1077613581388364 25.390021642583616 27.363506148984285 53.36998492633813 20.7046185638748 59.356454839493416 24.651234838541438 39.488199839985334 25.276114418577784 20.185788203024124 26.659767753948458 12.662722082369054 11.519597459998774 36.602770834111276 44.293760912865444 62.58881164872542 26.789130710896515 47.58141983730278 28.58576343620279 15.50171108161711 8.893796141474697 28.964245204568883 30.04971324998421 61.196095997953485 13.77397784784211 41.7322344503465 19.8251289264939 30.26022064877342 49.99380993144198 44.04130038793032 1.4388663583197479 41.95180524478705 3.611034224358517 48.29340815741272 47.21539038871282 32.00350868552654 10.036305579191469 61.9842339897405 16.093745089059546 8.945188360867071 8.34976656540332 35.25727231696201 21.786058715440532 22.588828499909027 14.639024882859186 30.817336520835227 44.95129533312398 63.85291582812143 20.666974898877214 44.144676599929404 9.379727221314957 94.54260485389486 66.28240776842962 48.79113494020804 53.8512389923951 77.14597109458354 83.78643029967476 49.93293992544757 22.3301125281058 32.18962892426587 64.07740119455056 81.74610181778598 46.46225416973188 12.933162153477118 26.60830743763967 61.489406296933886 89.0230366693896 58.2211673236321 37.235628472440844 43.76601613122496 70.54516812065087 103.67315537790664 78.65188027517289 64.46891031627212 68.2531283336891 87.70898278002593
15.148454008975442 41.56260853159165 59.91375502697162 24.85418876127537 15.223688161520847 38.8018564263538 1.5539293310374198 46.25203926874874 6.411756778700325 25.015426086179108 11.343058726711607 0.0 35.65948427029829 25.361895344742866 68.66925464424716 24.38421665089517 54.84879339133247 53.22071333157638 31.370782469163736 19.57761213292535 47.88133402180024 2.5997378271572082 22.175179068942843 12.310785889310305 43.809866372676154 19.712423334574 39.16636015823735 56.16060166669249 51.060145449421015 4.348153913430152 46.18888890286319 40.10812149988962 15.262196749483886 44.18708626766148 39.84805179456145 56.41894065009915 68.5715455341237 14.71034347205387 16.438117152036092 53.04984761115938 57.1744735858357 23.08570738734447 36.68938151034579 49.84394246949471 31.274734484813663 54.8583787248471 76.5944557254498 19.456607928571994 40.44047564978748 12.57974524332633 24.285991481319073 38.6957031632922 57.69205110705631 16.371935481582817 56.27873961826044 34.01747801301792 29.53920102353346 36.61874164520126 12.19060587564577 22.76181113851688 20.212121151076925 8.962432239821375 35.6152090176632 34.726316567412276 67.24957697699261 17.965079896618995 53.26408308541301 17.989181384827116 11.651486155668522 15.470508837877434 40.06051434888307 19.738695116436634 65.28571861377488 2.5997378271572082 46.16619098110507 11.14027537906524 40.99358611042785 55.742872005354315 48.62167332729779 10.229130922565224 52.42642738704736 12.063185920794478 53.40939206613131 51.060145449421015 32.06415613022639 15.125528446987289 68.49512654495415 12.347165795591067 7.054354390193328 8.921032628056368 40.85157102178917 27.637078644396148 12.20430201748203 25.830508952439526 32.88336231778439 42.750722862745 68.35384154366469 10.955582948076874 35.90749773220845 20.680377919308782 101.96175893265837 75.75270107856446 60.10725493672525 63.398985892066136 83.4153443243594 88.54002448656713 56.618970995796374 33.23056961411585 39.17938970001453 67.06690195393502 82.83855569823393 47.305477792267894 12.066522326448192 24.199266639177026 59.647454795757355 86.39980788638148 53.243101240715305 27.14640696873511 34.22317267307756 64.32512914229642 98.22119549659185 70.68757119615867 53.64901085750139 57.374682387758014 78.97877031648319
43.34712352819921 55.10475960810574 35.58398163667067 52.44143391591968 30.6642647942088 59.38559886203297 34.13798382111602 13.017727575790412 33.45500643161389 47.248544714928094 38.376684812445326 35.65948427029829 0.0 53.70340959959634 41.81353439697817 59.20082455521742 33.02868755326185 27.52308453954349 54.18655320105147 46.36746307518857 62.52626977356844 34.51047085180168 43.03062531643538 30.111898923464874 21.42602976320287 48.85790182390065 40.68544864458925 40.40443318886953 27.56187277265158 32.872493884361816 69.62243862385817 63.523924635892186 20.39791917508533 22.62145237682648 51.56838404183593 40.0271042798202 53.53915473460834 50.360284830499495 51.83616983172575 31.24312827487759 43.660248700509115 30.233942852455723 46.37029106430012 85.48690693509567 19.75257715105107 89.73078024482767 54.04576539997765 54.23682858394603 67.26339770128092 41.46949754190831 59.93108095660252 53.99075096025778 33.81748688501389 51.85789618674327 91.15169567708358 38.29743472375156 56.11065420403986 53.176471764673195 46.341110838625845 58.10360453438207 31.119102669157144 44.31170081636053 5.723804549326948 61.58512002261428 42.57744980609214 49.85453553259084 35.01850548929658 45.43991459418602 47.31095883936214 47.0775853451712 51.25248115924589 47.64857056177004 39.27709851216725 34.51047085180168 26.449764574758504 44.882482289029 48.94624931986176 36.98379949827917 28.34381055992887 37.14843095864897 74.91246205115134 41.7961849913963 33.21598058195294 27.56187277265158 9.879760978284908 47.80805974519836 49.58303717130804 48.00612128532379 41.76403016691306 43.03693484749145 27.775174436173817 26.258547685704098 42.71987444629223 43.334504706476736 15.402983217667561 78.17336128365376 43.05415637104834 43.39423674637795 65.92659076249755 43.779632530162324 82.73076948385865 68.24675274434314 70.73171822493862 88.77190055297541 115.28244598249026 61.911603400686666 40.92236096767615 45.25938689368477 70.38724358857955 101.94358979495948 49.15644107683365 16.470815767996196 25.65985997844265 59.81452687667772 95.02281518717115 50.93512999907681 21.15758157822725 28.863540367495293 61.243526849126084 95.91996722885455 66.08427862321633 46.94354148603566 50.7191168270088 73.9819576273715 104.43371014205776
36.557568386403226 64.31353388391352 83.60549551249952 1.5527148780093372 23.06765622848765 58.845757297959274 25.957662005648316 66.22134832068322 22.566863697999676 46.83553903459648 35.0440958476696 25.361895344742866 53.70340959959634 0.0 91.9088675036754 16.231811683479233 78.9133084869825 76.33188859932604 51.45754777783915 40.27166878323987 69.60116818873324 24.188640109694983 45.271630167065176 23.774183094703034 67.18814001377385 5.671042694861534 64.37512013896186 81.1516384729718 74.6168218670452 29.651343285455912 63.28824453435287 58.16461284665849 35.99276000219954 67.77091791091868 63.32216494990208 81.34856105264242 93.79355667307905 22.070702447898462 25.0536669751128 77.05023145810588 82.37191706046758 48.447391456483615 60.938560465058536 41.09569665121421 55.40461529196503 39.85886405068911 101.00542384630475 14.993892001316395 15.108743058333557 34.65338906699302 24.899900246499758 61.15394566151932 81.42065703111686 18.719207778591883 41.18136681673314 59.19868833070307 4.580035647667786 58.86477223521422 15.119243240536626 18.70208792438767 45.56044162891677 24.535941654277906 55.779884393705395 9.3659358614679 91.04416801904608 8.57553670687392 77.87569174537407 8.421112087618914 21.519808106984115 33.514394409815615 63.65767868463133 6.2114414846350545 88.69317003450092 24.188640109694983 70.2387153481926 15.239044725947961 65.26303462632352 80.35435027472252 72.7193574058405 34.41653064952389 69.40270406754672 33.76706624900299 77.71991328492469 74.6168218670452 53.673188208994965 31.888958403650914 93.34862933527936 21.317102794920714 26.37253997747221 27.701598616450955 65.62624345260687 52.77008171629639 13.236892075694197 49.38919313407305 56.02223706651342 32.22275226871711 92.01655976125996 14.5325104846919 12.23489137673341 43.174726526528595 127.06494112915091 100.9889944274353 82.36591308027594 76.82186664299145 86.89731680221618 112.14164197170142 81.62531484061725 57.28697353495882 49.326096619001596 64.15988961853952 102.84961461762667 68.43849488161977 36.35675349572146 22.18109682971443 46.84431851570009 100.75960896466964 65.28626509267232 30.071651476000042 8.86127738935448 42.24867398142521 106.2974070463423 73.47191655166367 45.04767798727046 34.53478038709478 53.74193720915808
67.81190205250721 60.38432428662891 9.246985775022527 90.8985798515339 70.03044552188096 70.00354732491171 67.51383859312651 29.361074651015198 69.52552154692931 64.87926813969449 64.71289921996505 68.66925464424716 41.81353439697817 91.9088675036754 0.0 92.7524440055878 14.950925316394848 15.578837643734666 69.1211549985095 68.29707029540528 65.6233978396784 68.80642693788235 61.89653681172689 68.49257658043462 24.878814521648234 86.4659485037529 43.32309438086623 21.09791030081413 17.640061847972223 64.53169416762894 79.97363760217885 75.66259183604964 55.920201541833826 24.487769449886034 56.87822105217613 20.170550197937363 24.412009583277847 81.45855607292243 81.5613294332362 16.372362001152347 24.32097496499048 49.27913583703782 52.90485943398115 115.1371010179014 37.49899059265165 122.54102834417252 14.287038815416688 87.95496806448809 106.53643488846627 67.36330272315415 90.0810629894287 61.62662759701681 11.398617952761303 84.24174696955087 123.93599961213819 46.05188816922051 95.12203720153529 62.48527857892416 80.84407308484943 90.60885743503493 52.235748712488785 75.07291430786888 37.58772336875896 100.68632597709613 4.759581998197848 86.08983378853506 19.019989202381154 83.50697102789043 78.96124238186417 72.88347439212582 56.20313734755171 85.70056822242601 3.5565329903929532 68.80642693788235 22.981654088822815 79.69681986650632 51.961894341521855 17.3288705575484 20.715507828428184 64.20805979737952 82.78465533243457 68.14805897234258 17.177225725020435 17.640061847972223 38.453272601569964 74.42768168610493 16.830449651957185 79.65303435780618 72.16012624333707 72.46888017660248 29.88159587942303 42.977348975480595 79.25872979468512 59.20352411123199 35.9798126961957 109.63658880013966 3.4839040479571373 78.99687143601616 103.6890050560101 64.01759382707881 42.699823765979765 42.914705890429666 66.27404113834503 97.33963524838207 130.72849790511174 20.35323539922305 21.116477196144732 54.861331631412135 90.03240799148861 125.43568850283366 24.759279767433597 25.353571492367475 56.61086297689042 91.09874089770648 126.19578418303851 49.18909411092469 49.31890899765487 70.55005147075586 100.2717902092859 132.90493305468766 76.37923492435908 76.25259357651733 91.25363024632789 115.63774704981944 144.73786149562002
28.503772418890147 54.561092559243015 83.84272232536365 17.39916670021785 31.248092889629202 47.19724583748413 25.72806066599179 70.44446398470849 25.79588666035565 37.49587575774327 29.344993648370753 24.38421665089517 59.20082455521742 16.231811683479233 92.7524440055878 0.0 78.59163411470784 77.41752785817592 40.355722647137675 30.951689731403455 58.677374816915226 24.903526647354028 37.2986909812421 30.26878425432684 67.98073455042557 15.464047689632503 58.76110696874806 78.7771152792644 75.11249464017 28.30248982260371 49.77197765913764 45.37173923603827 39.12186289432673 68.28036093254072 54.41389286986846 79.15605400595751 90.35349143896744 12.08103116664766 13.581896463832821 76.85150909345212 79.2073840325844 44.92795782128373 53.21393324108104 27.532594935349003 55.253645737282646 30.58618371738307 99.86940278230047 4.9791461865507 25.31580384012885 27.578919737975625 9.34240188800541 51.27576555063768 81.6165067194718 8.667860942423362 32.00879691354081 53.683135138867485 19.89594367667571 48.91969149346343 12.86382002612497 3.415746864345427 41.81941236601008 17.984026842121587 59.762870778753786 21.73351620693191 91.07626962641005 11.501364033078419 76.52181734050092 18.496580494059696 13.973993270844792 23.95498236538961 54.884427886104966 17.348448455079225 89.3175152562023 24.903526647354028 69.98734737163345 14.348054666157198 57.367675356898864 78.97177948111907 72.40039596184263 29.392629776427643 55.61159798992749 26.639566812836716 76.9741699782504 75.11249464017 56.415738875520155 22.066044198655284 91.23494813271401 13.325085390156875 20.841075116833267 21.00567370681683 64.08228914155235 50.55137548532985 17.503805072482198 41.507526005730305 57.19115517192018 19.315827469279828 92.2483174834909 16.08800810341096 17.692841582649006 34.877180658903924 123.8755221965269 94.67266003605658 71.5039316921872 61.60230571878881 70.7743458226075 112.37707064838929 79.195948000495 49.47299633409948 33.99034521962017 48.94176933487832 107.151479099027 71.66346748086553 36.360361143944345 6.3803876490584726 35.938183363859 109.10412723528273 74.52476440398402 41.669798415051254 21.236886579037847 41.204857291924114 117.8787314726757 86.75735213818876 60.74901140281672 48.84882848803029 60.117677311816834
53.01137060684517 46.28979218191804 5.72567544800122 78.01109721276151 57.97391294201668 55.50641972628582 53.79812737829844 23.193950408646263 56.35560219926289 49.93446804010847 50.102851579654406 54.84879339133247 33.02868755326185 78.9133084869825 14.950925316394848 78.59163411470784 0.0 7.006871600008139 54.28927295487511 53.38136818284072 52.03743659417918 55.23793349811866 46.95045773700153 56.07874338577493 12.303321087299086 73.35096255715021 28.85554831503775 10.143954093867974 5.498613128412865 50.60394456294641 65.6683364916222 61.11010839233739 43.240737507833224 11.425475964705132 42.66321138974015 9.312830367294204 21.2201004029239 67.07572043528238 67.01562189164623 1.9050470778367312 14.199163841720956 34.51356813096679 38.406191336020605 100.364704708646 23.612674901115454 108.05525097880228 22.228881621771155 73.88163106875494 93.80297582710601 52.66731228561479 75.49248449220026 47.266672619521295 3.7757698419792143 70.00031163835165 109.44064240639649 31.23037118738991 82.40040764550633 47.96714469556959 67.03229970675632 76.30679969390566 37.52146872348967 60.74684733065851 27.75933799889876 87.93633580514884 12.501656008580236 72.58500376390364 5.204716501702937 70.59971210532227 64.69121502226062 58.107735081154374 42.012569609484125 72.74837699393998 11.398584461082518 55.23793349811866 8.6973833385466 65.97213256060452 37.876899164727206 5.26401383316206 6.228598167915676 49.67844409182954 68.84270747361991 53.47603169190544 2.4816697420213907 5.498613128412865 26.94360673672728 59.69077699350017 16.554631020397956 65.37145324752785 57.84139158988459 58.02479939771746 14.990885520659624 28.31679430015275 65.96213645723371 44.26265299080668 23.138517151142587 95.05293045967906 13.751277028877707 65.46545277344104 90.39823319451452 49.084191632864034 50.089629500986895 38.27351348988928 54.340900478066764 83.50560384082928 116.29969500314931 33.78686869798791 10.502966241456187 40.1407657421111 75.1296134680992 110.49816983233919 37.08834837048704 18.49603347152508 42.90530352019615 76.62787373201631 111.51233627494163 56.66513077029194 46.478183864858515 60.34627090367796 87.49451156715254 119.16825500438588 81.53295842593843 74.59600748528533 83.74724362148878 104.85577119258588 132.31764864444708
