0.0 32.559496359624674 22.626330642888725 63.260983989735486 26.11280091349155 64.18692276645704 55.98487964293236 36.62869634392425 31.009050826265096 56.96418273102104 20.251256034436107 30.629528496104726 15.623882012951917 19.953413464288904 51.97041131892209 28.50888892442016 33.52500908608508 55.4629931245664 31.27168555702257 48.3728809907266 19.494794391233622 33.93545466532339 15.541364572678942 40.813594955159644 14.985676615456779 11.064041773736804 37.14663862058439 12.246078020542912 72.39849845351897 18.4977006183119 20.74130887552715 25.322621263401775 42.08332260886355 47.68140965231684 40.1808820879373 40.06771878686942 70.60355531419968 79.89756840372853 39.52759954426019 42.367189665747155 58.62849749634322 71.35104068042014 28.979991857708928 13.20262902947792 3.6116211630589747 15.698967657806039 64.57507842815853 54.9737770599505 19.832351116025578 31.78224915588818 14.24884937791021 43.676840062644686 28.439243726022887 40.31487139065136 34.659340009402925 66.87998250806294 57.619211059308995 36.36284563701231 21.791818767071252 47.40167905744811 12.108491435895333 36.36441750306774 17.4841774239812 25.332391455254616 62.958797777336024 32.626885635022646 31.10856690749212 8.123164521512004 16.737711045582973 54.77416284388252 19.545513161502996 30.45428725843425 20.127961991590265 48.8516075847103 42.675258103292315 30.41922452458542 40.50865002785584 4.030846038800501 77.22320933064864 21.32739714657726 18.061700544160335 27.236834538594596 60.61840535353906 47.607052280704636 25.672118765497082 34.842383291874384 51.317750355176976 81.41658691666358 37.62510627064562 44.118847015138115 58.62258003449891 71.13338472250153 36.29891037405616 40.83483422052063 6.335292593263407 27.9672415420792 67.70912192283484 32.228394618519445 19.528871379158026 22.900054211574904 78.54136866472466 55.140490563227225 49.44049815013017 66.18469660997964 94.06714263059726 64.84231524586382 33.08708386211047 22.741737414023653 49.71740492849944 83.4185609740241 61.880766331202054 26.88854103598765 12.205242470614898 45.903727037254875 81.22528101185897 71.01322420691919 43.877219196332575 36.60229223632187 57.32739580743463 88.121041206019 88.57428231834577 68.5662967487433 63.948403934367676 77.52152885786822 102.28345056941436
32.559496359624674 0.0 25.500615239406077 30.708157823967277 56.82981107302371 56.27869282677751 50.394452930610676 30.98498855110486 3.292075070224983 43.973899124899766 15.191527708125077 23.067980671571714 46.99225692736468 31.079837815886027 29.933534911406507 55.84335871001137 36.179877157053994 49.19905907647392 37.52500212086294 48.92493543846454 13.20862527678188 63.342896914934705 17.303506230871793 27.066656863597302 17.917765221520064 43.59752804296789 59.901145159904985 40.236692339197326 61.2956309016083 26.50275705996021 14.57130356946486 57.531252097973514 41.64006251975751 24.25695921299411 10.643162933166971 70.14764604400743 62.10593425430849 82.07458257924138 14.226131961573223 22.36711196763113 85.44347210779188 65.3758305648302 16.460723772973104 45.221824069291614 32.170604818807966 32.33518040048422 41.47327896420473 48.01656822814061 40.09161170643157 57.43325260153253 45.54464749781731 41.53735365222533 29.772399524179235 24.168263003193285 55.42669708824133 55.765791415092295 55.658371126578 41.856285226062106 26.93315981415365 33.53049951909732 30.118269193366547 29.654429084042953 49.47548739552247 21.963967928597228 48.147460167451925 59.155563342160235 60.57099841125277 38.186036058960596 33.23323584633027 53.99636155617119 13.3401842285732 58.925286475385725 21.040472557036956 31.797714862470883 72.37385354877225 60.9862720682011 64.1638614579092 28.529887614434273 67.71299179875112 30.9871872397946 15.689783063629315 48.75587288715348 56.241007809712364 31.347593823624177 28.245502615803534 58.65177446569303 41.45393193022947 83.59364382767976 15.261453297027687 22.838894478247195 83.49588124061096 67.98441367095901 11.534772672242145 8.317716084711858 38.852063945981904 59.9220208066095 40.903768918720466 40.46307470726782 41.732149527621594 53.80837314804635 107.60850640688366 87.48971885270767 79.12895837236975 86.02565952910955 105.22127653868982 88.74274381609915 63.12717223949328 51.253893645781694 61.652573323714094 86.64452911218217 75.86295570629842 43.41578358950402 23.38529811979234 41.72545696608168 73.94156501716522 72.2457689723103 36.80001911623218 4.608936390532212 34.93499388144869 70.36956668535767 79.17129644249859 48.918334560375655 32.40527668765208 47.322190183909534 77.20664890863954
22.626330642888725 25.500615239406077 0.0 51.880673427977285 37.336840711260386 42.08197831526168 34.142716707776025 14.023715694450711 22.345798906771766 34.34367668446108 11.791614355535653 8.921032628056368 37.44486678594922 36.71449656502354 31.475718902781338 33.46579912798798 13.082248451712836 33.45456363687184 47.600946552332466 28.216084888293317 19.869734461304105 41.85501734099348 15.543667159615419 18.922595821733616 15.302067382084445 30.259509506534375 35.16735566438403 21.645529217392852 49.955960013965345 32.88336231778439 12.231761737586794 45.270110032527015 21.084296924391243 28.381277707877754 26.89011093064808 61.718987783282216 48.512122860563935 61.5919942412189 23.388486647443397 22.446397262920744 81.07467051584062 49.82628268645019 11.272695229096714 29.720670593086293 19.559484091707862 10.44414705782346 43.59465366314909 32.81464566330825 16.64417431663179 33.9569311845483 36.2197721017161 22.19096017437721 6.522474212091794 19.249259294538486 30.393744996526188 44.37948835933488 36.916178536169575 17.965079896618995 35.59039506571134 25.03331615369252 11.528326791686418 13.742229881629967 38.47282065933191 35.011524074281404 40.367966886005206 35.99916227286839 53.264083085413056 22.340080738970247 35.58750703006756 34.39606748246365 16.25735697692925 37.04096754091052 5.290908369845096 27.02058787457487 64.46768013563414 52.06133060252798 39.52075099786223 20.268504748892624 55.05447722329791 37.627910169913704 13.636798847134157 24.377823342234617 39.24517865359067 25.678070710426987 3.7696529080273358 57.3414752343687 28.72976114392872 63.14183909760902 20.441214294823723 24.42137316636384 81.24184208386872 50.441307205790395 21.26231661761517 31.472458831374873 27.537694694827874 48.27688562844209 48.286589168160845 15.494035632341825 18.81034236995845 34.9396687592127 100.14924913478426 73.31845941975696 57.03917312117762 60.52672500306488 81.27513764474615 87.46790869666196 54.943476774658045 30.31717345028584 36.76508057771953 65.69936127263915 82.77175497784764 47.189507485910106 11.608051056760182 23.97613646594832 59.55816004759755 87.35847147355759 54.770735477735855 30.005992036313575 36.51137930095942 65.55911260709891 99.95803199250336 73.05951833270419 56.7091301785536 60.21880803332302 81.04832758784627
63.260983989735486 30.708157823967277 51.880673427977285 0.0 86.89843081983008 64.11835285338869 61.90569474450908 49.9065294934307 32.433173798214895 50.61416428258884 44.62948027932027 45.32877652383519 77.55753984545764 58.962815371167835 32.97726852514692 84.83436947735458 58.060672791979755 60.47963219890564 61.71835334532853 65.61160675999845 43.88340630256153 92.82528859034939 47.8804483750896 41.798591147982066 48.47879234431751 74.283898561339 86.91397225572742 70.19653628725753 64.74079097095152 54.875032137788104 44.0154075754475 88.19306509282059 59.77033634815828 30.040422207655006 25.015426086179197 100.1224042331042 68.01147873545916 94.1793325277465 28.958627758525722 34.391076475782874 113.82473787158942 73.00478209365016 40.6318704785554 75.7836643110172 62.724733432597205 60.94457144226258 35.9074977322085 59.05350627811899 68.25769284913208 85.74832053374809 76.11312255383277 58.53002693115297 53.469135024631164 38.753351014902144 81.97883255513327 60.56383346193468 68.80555466022939 63.53654603878153 54.183952668739465 44.14230462303454 59.55238111822214 48.51833373522319 80.12125970932868 48.01113329742833 51.232369902550055 87.7088857724468 90.49993880076126 68.5694941880974 62.073422485322006 68.45188590399499 43.862777160645656 88.19063170297055 48.96998720776863 40.0098304626217 102.18554126560966 91.22496797959288 91.28356230789619 59.230315869359515 71.46635973422461 58.42865315802713 45.882438499485936 76.2576053746981 67.26032471045338 40.73353499556624 53.22404912625552 86.80056105997443 52.19455480299086 95.5242658235352 32.14472475146514 32.882242397122134 111.02310085983267 77.66036798457557 30.633811898723366 22.43070702644466 69.55961636658937 90.52459770087997 28.606656078569625 63.93652304023851 70.2312718255636 83.98477500757114 136.73578634120895 118.15543286577649 108.4283520246143 109.93033654458115 122.24819190897774 115.62500861881678 93.18471636683051 80.80667418552058 83.11512682171455 99.08889193480253 98.08695721183969 70.50268818916955 53.40750520473335 57.15110573852869 78.81808717863113 86.3285204382924 53.12843429418558 26.922972070963212 34.04792394646915 64.23297152001825 82.84897316493509 47.32354598148643 12.13649174382757 24.23389438881171 59.661374610892004
26.11280091349155 56.82981107302371 37.336840711260386 86.89843081983008 0.0 69.21645539733301 60.95283495367426 47.92575752709664 54.61399496132223 66.95081181855724 42.26895520004281 46.08035212077631 21.748300058108164 43.50370593650759 68.5068081634309 9.26823122764838 40.531091671205154 61.05017536086233 53.42340783137661 50.67866117075624 44.587190084265046 8.511404327339203 39.64910507369443 55.34623617438114 39.023026878221565 16.67865260246382 20.713262737551858 16.702478016655412 78.52906137127583 43.542633267148766 42.8834581563521 18.320456400156736 47.404247712423555 65.71117536971498 62.33637696626922 34.8540233058549 75.03877028044732 74.56126771709607 60.01553830488232 59.75453233568558 56.20746771116309 73.74724231487376 47.90155258508942 13.271629802632479 25.131347391226306 26.97190426119121 80.09330882802846 61.181342209707516 21.65827070558063 13.52935377764176 22.153617354497634 49.672193130864486 39.62541987584223 56.30397896340877 22.27161220932737 73.81832743260503 59.4272148759609 39.493694840103274 46.664403547262964 60.10292222385929 27.4841741027397 48.45630809802019 19.132737722526596 51.095910392083844 73.12657287796907 12.349516873340685 30.978879004449325 18.83916463892837 39.25411074651367 56.32816901207999 43.514677187625054 7.5427564199109005 38.54764075906068 63.10414580977025 37.70453275965153 27.61842648390318 21.557479307712956 29.662759644392654 81.53306734028456 44.95108359205679 41.18167115880299 19.192890744039378 63.658733847949456 61.68128448203538 38.01955089691259 42.82481366496083 60.448745679970415 75.89893125729358 57.34151321683006 61.739367641169466 59.2551991784576 71.34542905940704 57.32932792605524 64.73667435563699 21.335066013423504 20.866805462251385 85.49235613224288 35.34138331075254 19.303478419009902 3.2197202487821808 69.58830336298236 37.79076579649534 23.365621849562544 46.86110199115629 79.86346953105364 65.90847612270016 30.56524968679089 7.533407627902727 41.37004291801336 76.8011663326636 73.70510736830987 44.860845172549055 33.537087587462835 52.62285905511833 83.3413617784311 90.0445291674671 68.28516362099413 61.23596556494519 73.27316669466101 97.57153276385213 111.22274459986018 94.26127730576796 89.06135173216965 97.52285289618365 116.71133531368481
64.18692276645704 56.27869282677751 42.08197831526168 64.11835285338869 69.21645539733301 0.0 8.413517055633807 28.459025865441255 53.42335329707331 13.613093054993687 50.747484874381485 36.46749105443201 77.64442880133957 78.28359751051487 31.444915102506965 61.12926770569605 30.94462753778546 8.735125665339611 88.5759179280294 18.637358688100434 58.88652361880009 69.04627249434625 56.279408442900596 29.259712321650817 56.24839626746732 69.46558451170654 53.95565047128908 58.950990939607415 9.418284371014014 74.10481020754314 50.812289550988986 83.16034846138396 22.597990394246978 35.79033007255385 48.77807263303265 100.66518754232273 6.4314603343732815 30.433890810137928 43.24938786634091 34.58051009367267 121.22916509995841 9.252316770391841 42.03931059415526 67.59194628422803 60.79296390722685 49.10085937266692 30.93338655296258 9.267661752889333 49.43629742601621 58.465683330003436 76.62504171112737 20.68257376577833 35.82996058219064 32.11675807210612 49.51376823582639 6.339732411490591 11.414210932578415 30.00410330900796 76.41906259821768 22.88701992885363 52.17289499114247 29.222901925291506 77.87833285751272 74.32035257196536 13.907260866386247 60.75115527613593 93.26156902784173 61.5610797958056 77.5550509261139 14.03080090116635 55.1970915749434 64.69166053369067 46.23492887511263 25.662044576744 103.55062951678036 91.3576770421749 57.093375896103154 62.26217908800724 13.039088521855806 79.04392517292146 53.52563457882286 50.090101021344616 6.805048351251772 25.605425138548295 38.655903617782606 99.0136179495192 14.87165576291732 31.678659783976858 41.26116690248963 34.875152869639145 122.17914227445762 13.589244281432965 45.02015678526607 56.1968959678745 68.1090824233988 86.27181174897707 40.31636648273516 34.398641787023195 51.48845544414833 68.26609384043266 138.07387777910503 106.86640210389456 79.4266998359397 61.06483417729762 60.67427691567121 128.5949995021964 94.42755206134049 61.87602665965059 35.67792256593784 35.34652796382575 124.78261517588281 89.21718714519959 53.67422782026524 18.285234484261082 17.888199636491372 127.14767855903841 92.46574616385243 58.86845591756236 30.22043727354488 29.887345057792004 135.36666252693234 103.37868292788302 74.71496705167226 54.860331564464495 54.48982582835274
55.98487964293236 50.394452930610676 34.142716707776025 61.90569474450908 60.95283495367426 8.413517055633807 0.0 20.96172004201839 47.370454558659326 12.571296711282374 43.439784800055904 29.26253809038794 69.27533274002833 70.64381440691702 28.96933800252277 53.01073915826435 22.603465896386886 1.4283545394831085 81.16377132830448 10.748558156079003 51.73493548098636 61.06040591018914 48.7688827153654 23.471359534963163 48.69312915394832 61.07155905486259 46.34901680206522 50.541705857865885 17.57999178884547 66.57513253728446 43.56019384298829 74.74879278166256 14.195462160133223 32.28878449148559 43.939276489375004 92.25171172633351 14.701502958991943 32.68604765753521 38.274277739315316 29.8150285353142 112.82975256047905 15.758163342812209 35.25692287832175 59.179600340348294 52.554535606625706 40.77582215532636 31.887677646600526 2.8569193322738133 41.02628802952797 50.508022535268495 68.26905622712874 12.344139138111062 27.768801884429656 26.616757048957897 41.72703867044354 13.098513653450073 7.136385640415577 21.622523849697455 69.01387041706808 18.26588655703299 43.92745734868561 21.910008873321505 69.47940427335614 67.27858520334011 16.34403682279058 52.819090915624336 84.86846380507895 53.18459025771076 69.71925902330426 8.082546310564007 47.99362614150743 56.62101120806972 38.53646611321478 22.0095485949124 95.13734038235259 82.9485333209663 49.70267749286705 54.188731871277014 21.36341854090411 71.46243186402711 46.133644335916216 41.886519223482566 5.862241242338271 21.508905786106777 30.611459923574213 90.77681383889444 9.813339126509176 34.12152153126159 35.89460511341722 30.53230058272498 113.82295641351627 17.590133251969952 39.560618259597085 51.31497183981551 59.78196184081809 77.86045366325904 41.04773905562759 26.0007426847325 43.087118886003836 59.936637923751455 129.68508776045294 98.66324043685069 71.99163578307062 56.24325575525025 60.629692399410345 120.25407124333972 86.02032474084342 53.57374323628712 29.546416682795495 37.523733718427515 116.91441944291324 81.33209494117159 45.749851358233826 10.16853819465022 25.415752530003633 120.17523249031937 85.9111167183575 53.39989613599816 29.233085697860304 37.27992961837353 129.5388465770023 98.47275511202763 71.73285560444172 55.914845942336974 60.328150737142884
36.62869634392425 30.98498855110486 14.023715694450711 49.9065294934307 47.92575752709664 28.459025865441255 20.96172004201839 0.0 27.760916775024903 20.436754678137838 22.479852575913846 8.422455186433075 51.17397896969719 49.826977980729566 21.909722583700955 42.043750693801854 8.835819494346477 20.07092763737484 60.22286564825717 17.9484408806236 30.802824605887317 50.68968748644488 27.853425180237863 8.746971478867378 27.80427647252167 43.60315992492275 39.92618397250491 34.00125369522242 36.00003897289905 45.67861849868648 22.609655737527053 58.32771754747125 10.771012099057609 21.17432313784174 27.118429336397774 75.21040683334427 34.8540233058549 51.231083458638004 21.746340606834746 15.719417388609205 94.91032388803718 36.70283846629762 14.831575120767846 42.54798698182914 33.47749195322488 22.90842106336974 32.396427980287605 19.24541394073632 26.276208801092956 41.16047402969888 50.000131855059884 10.561827752089348 8.687132000177899 11.30201696715551 34.734048226915185 30.39189600361517 25.089652104131265 13.772053322946586 48.06797828441168 12.177853638151179 25.117423142075626 1.4344524340000677 51.967919060814204 46.36668070993619 26.55430012717911 43.4644559153696 67.0056537531531 35.55866160935416 49.14417893130018 23.149972023667313 27.05030144886498 45.82805844098505 17.7936197887147 15.42560761884237 78.00732702170912 65.60822585110307 44.16692887839093 34.263961766858316 41.297588853306 50.59999452015844 25.17647487297637 31.159905280020432 26.501347823997246 13.994658204752051 11.138107116615224 71.36432689871104 14.706838083338424 52.762710087076215 18.66425450307217 17.498997343849357 95.21555335400124 38.139457812635385 21.657940447725917 33.86264578624623 41.314452850186946 61.39742028648201 38.84964883697613 15.220695794642333 28.62760904891464 46.04514055808958 113.48357555442985 85.19631453092241 64.57894423687696 60.12159354288719 74.77238744491004 101.467429425865 68.55570859545824 40.45146974316927 33.24075668500059 55.72938796506569 96.3676068071835 60.831532816357125 25.42529939513368 11.163647942660026 46.20626519159139 99.25627644869857 65.27051045670308 34.65357018326887 25.955723613877304 51.75643458507887 109.50290167420988 79.86955461978832 57.44181369750801 52.46078624870319 68.82486581446757
31.009050826265096 3.292075070224983 22.345798906771766 32.433173798214895 54.61399496132223 53.42335329707331 47.370454558659326 27.760916775024903 0.0 41.34564595535224 12.530468928144591 19.789773606649412 45.865565463397694 31.58096940570314 28.0829133241117 53.25367227000006 32.888624131215074 46.19699305677513 38.864567573555675 45.68883837348902 12.236328685554634 60.90533050795215 15.503247088290525 24.166678160157375 16.08813472006175 41.95425966587837 56.966771792163186 37.94472156432156 58.69220446722878 26.929433157640187 11.903946039685287 56.21275608927406 38.387409747726146 22.479852575913846 10.019517079001993 69.42537399681015 59.328399399195746 78.9048790995245 12.348340482439239 19.95575089922512 85.33916574520462 62.47173535266831 13.175923285023853 43.35566513359273 30.301512218354404 29.57237037018431 40.01531398679706 45.0384491994723 37.27384948297974 54.697366859767776 44.41931303274977 38.32009424012118 26.495838319229787 21.38053060124846 52.426840520210646 53.11904157221521 52.52464393701289 38.5674739730346 27.74795260881646 30.79894000859499 27.578812710641262 26.44377932444268 48.210458911480536 23.310448087491046 45.73178949970116 56.471503238440945 59.907441908736686 36.147979171872755 33.32545663381045 50.817015734514406 11.479867127199288 56.41539887238777 18.0444698602834 29.330010191578047 71.73474335721113 60.121499376050906 61.25238194070219 26.98898440677465 65.03765594660355 31.638277769982945 13.466077529089988 45.858574938168516 53.2045344518361 28.785706780542743 25.0099008351088 58.741493545870675 38.56678170226507 80.42724120742761 12.818785507799037 20.63735053330693 83.65433501618614 64.957626137629 9.268133238562488 10.122905062563607 37.34101837478251 58.70449120106817 40.161587026751356 37.208786097043514 38.98811580345262 51.64612554082809 107.19306292261963 86.12277753558162 76.65508486314805 82.8671250580313 101.93138843984303 89.05387499824793 62.37722177528645 48.82012550186646 58.37853394682527 83.45575780731603 77.1632217812769 43.967174521376734 21.077572883020046 38.56964772378239 71.15597920058107 74.5732869898219 39.29157665186513 7.660996939750946 33.253026440399026 68.44740079640802 82.16843630463936 52.18320229306502 35.0243775751087 47.565882668328115 76.35774426854938
56.96418273102104 43.973899124899766 34.34367668446108 50.61416428258884 66.95081181855724 13.613093054993687 12.571296711282374 20.436754678137838 41.34564595535224 0.0 40.77838833571787 26.906857606958475 71.61031490152314 68.63109717329401 17.83381198325152 59.98967974270677 26.444723764706847 11.241447584766833 78.25374972561912 21.058707236930143 48.38493224869196 68.45965276387531 46.6535083598737 17.782664951967593 46.74093378061797 63.98224763388457 55.17657326623628 54.13978108380909 17.34890668473418 64.21258517024015 40.71646095684441 78.5731663258323 20.255603573993106 22.27963024981722 35.71460698477457 95.59307089688144 18.508478408897872 43.617586328329295 30.35385208681964 21.730843096857313 115.34486569768453 22.76687719423087 31.322226167196753 62.77163543263353 53.87961363784811 43.23955749700531 19.332132230916095 9.938518388355623 45.66438485941297 58.20518391531816 70.4362745939751 17.91423363377371 29.031929822903887 20.071047621455605 50.19053585555091 11.793783826702382 19.665766177653566 28.130866966845023 66.1987710681288 10.687628560427685 45.55417701677012 20.60148848636148 72.37042896411981 63.383367156804454 6.212458299465097 60.56042746931876 87.44142535133216 55.93143973101935 68.50522151217974 20.493043617249555 44.88164693163357 63.7479777106887 37.459857818562305 12.416673603165748 98.40288666187244 86.01242925752955 58.95000507101194 54.401166043216094 23.754265622093378 69.22599195310895 43.67529126184164 48.71127471308535 17.031892954108507 12.652637387789639 31.572283929633876 91.55085743437768 6.543329992974206 44.93817593920821 28.727495031875012 21.733240030959568 115.58474802151242 27.060698192809614 32.487405466857446 43.09153285321156 61.74974604913295 81.66077800812218 28.47917935887251 31.827892121502188 47.95102822149398 65.41229577419163 133.77972517469166 104.6434243484989 80.84301752056666 68.21331643682424 72.81919687544736 121.79545009409185 88.9733762587052 59.41859372797687 40.95185537043002 48.5357313377984 115.48694970150613 80.20903199120299 45.40869776495947 14.920409201181458 30.257150346472 115.78605982069509 80.63505586625836 46.149964070599886 17.024467583232198 31.337711674018223 122.64442923523728 90.12118529374479 61.10788369488346 43.343883730221066 50.5508106848176
20.251256034436107 15.191527708125077 11.791614355535653 44.62948027932027 42.26895520004281 50.747484874381485 43.439784800055904 22.479852575913846 12.530468928144591 40.77838833571787 0.0 14.280997901507133 35.802876181173694 27.85477362856356 32.458625873614515 40.72612258845879 24.446835639836813 42.52284008421803 37.83050221105064 39.08558476630306 8.429407730884215 48.39608962239567 5.9932870253346655 23.1779065917484 6.2186373880636285 30.663375417143502 44.82094431256512 25.56732780397522 57.62924553972601 23.48153070313289 0.6265237468405929 45.483932282277806 31.72198199094814 27.760916775024903 20.34083022106693 60.104927886859336 57.07067681945047 72.69967702208439 19.27636698035997 22.872769321216744 77.69596763414218 59.168842261589894 9.761938355944318 31.581722813633938 18.748943905546522 17.147300766823992 45.12512043907702 41.635065409748776 24.920372008839568 42.24299254970954 34.395195158484285 32.373057891900665 17.637713673114234 21.742596674665503 40.4709267559753 51.94028545622926 47.23866550418789 29.648001381161432 25.67640283433203 30.28905244165712 15.054822289200253 21.566591449892186 37.730614033572586 23.97859793219147 46.237628751679644 43.97929737958006 50.88666798536831 24.140308308127327 27.90064693139215 44.9840557345597 4.663832038099187 43.88792198687533 6.5808382363366835 30.628984213281164 62.624108197552644 50.522284118041036 49.051203007230164 16.482292242059135 63.3550197711025 28.480055297973212 2.9134426284169557 33.64224967470187 48.95688114892402 29.58643476929424 15.30528149567431 52.14531260140228 36.28199310466556 74.24796144785059 17.46831480885874 24.446835639836813 76.8821687778323 60.52440598785463 16.067953971753663 22.59529898239569 26.468337844920182 48.19386814095435 47.60424218147132 27.278198554215855 26.54062592553281 39.36706004985827 98.45485960155348 75.08044561424252 64.13199692194954 71.560313911647 93.06433154864523 82.73886250076126 53.06851815641026 36.318035454420745 48.51716817968083 76.9481341278697 74.70924336591276 39.5465884014008 8.865882094534841 33.54824403305618 68.58990517078404 76.81592300069269 43.360576470365714 19.793843763440535 37.89005151530119 70.7934944077705 88.33655093623153 61.35854024894286 47.52429903686351 57.30978838205122 82.71897604153348
30.629528496104726 23.067980671571714 8.921032628056368 45.32877652383519 46.08035212077631 36.46749105443201 29.26253809038794 8.422455186433075 19.789773606649412 26.906857606958475 14.280997901507133 0.0 45.881334443656854 41.98585964873963 22.561464052231152 41.64475055530686 13.466611503212821 28.299685728068955 52.11142660749255 26.046354428844932 22.481664914316315 50.17757130828371 19.92641384913898 10.214430922997932 19.955872110215882 38.997279935399725 41.881435423524074 30.565217058370926 43.46061021073127 37.70446833940486 14.349285317183822 54.06774390809443 18.676558234417016 19.70020803622433 20.988896401717668 70.28511853365498 42.791001416018155 59.540031153098326 16.37113231586744 13.70922540259293 89.25801054579783 44.948014676945355 6.625986533839081 38.603575836925785 27.870732577480627 19.331892673372 34.69852639986269 27.377860566085737 24.901509648130546 41.65703213730933 44.60328025728938 18.83878395574991 8.143715195129468 10.329306681583352 36.83254295731782 37.780967069615805 33.503192591620085 19.20266285870438 39.95653468089286 16.842443371378224 20.30802514838001 7.3548954958831505 47.09646571447069 38.01605063946604 32.6561506690116 43.819421024520906 61.62980719293504 31.163459583493978 41.64065323308421 31.499523733834856 18.756698437365465 45.31695161998371 10.640861141538418 18.30946650903136 72.99491532076748 60.608624970418056 46.24622945073789 27.73216616602228 49.09581253258671 42.67839588471968 17.082815791045018 31.743598436341216 34.877844646359726 17.020056462658186 8.391590078754989 64.80602035939512 22.05928188131608 61.07698490168944 13.185728872249165 15.70581855314273 89.10628294142242 46.54627809016624 15.202667511782545 26.98777010253038 35.980658103871406 57.04859961795357 39.43248260812323 18.759619912299286 27.182028055989726 43.766659989750515 108.76746689232435 82.23948775715849 65.0264142800351 65.00511886675845 82.18896593126186 95.20831542894102 63.43239491300938 38.921716277186285 39.22138636158159 63.98374930310301 88.7478815837279 53.35199846868452 18.67873136565924 19.58479716792457 54.31798564598259 90.91269847010192 56.848055270757996 27.027507184486804 27.594800469597406 57.659882007447855 101.15037339415952 71.96835236793437 51.57181042274246 51.69160185333436 72.22571535265277
15.623882012951917 46.99225692736468 37.44486678594922 77.55753984545764 21.748300058108164 77.64442880133957 69.27533274002833 51.17397896969719 45.865565463397694 71.61031490152314 35.802876181173694 45.881334443656854 0.0 24.237571220008018 67.55119843424974 28.788306902835437 46.70556588947667 68.93035968741982 32.62409875811845 60.58220926164451 33.79762674600578 30.165815866371126 30.723009387067744 56.09575726329866 30.223065194970133 8.535679176943654 40.03848766031004 19.246434833733563 86.28001086036645 25.862949101254443 36.26884953097944 10.933974714341293 55.09742653600756 63.3047525074625 55.39324806189303 24.476381044917208 83.97586047620155 89.79983013555531 55.05822100174515 57.96189277576438 43.76777121881327 84.08936065294502 44.589812453201695 11.656267955470287 18.014626644361538 28.625717983727093 80.12749243960599 68.61394094664784 29.22439015524284 33.12280236573766 1.4478993156946334 56.9623646997919 42.63078848217509 55.78330008187012 39.53913615287174 80.91256696176737 69.90713508410087 48.348618519814664 28.419178923854464 62.46727356254636 26.05811473813739 51.08978865076582 3.2320740286059637 34.07691342896151 77.71507294543176 32.84848244154012 15.833103416692598 16.09782055470247 19.762756900010494 66.90304844543328 34.60745283788396 28.77464058910007 35.5772621078729 64.18364270363678 27.13396987419667 14.808063250961514 42.086055952250724 19.32831268466939 90.63856616062726 25.59776220798913 33.466990362987815 33.317024703569224 73.388727141167 62.901359209274986 40.03848766030996 23.076056582450423 65.67474787595619 91.26003521829504 53.22756839813016 59.7287757602972 44.5607482666541 83.11259803969439 51.78687978568219 55.30432562941646 9.912193090709817 12.982675760434551 83.32828972823457 43.93432525515084 27.74095732506758 19.134169928434712 62.97522935043038 40.69802744866374 43.34697717397337 68.07181859918153 99.60304016060783 51.03871760699385 17.556067428487673 23.317146111362582 57.544522698835294 92.79689581593044 53.271317531175576 23.214331745305483 27.788151022260873 59.47824550250506 93.99652254555156 68.29724795769755 48.46014281043335 50.64013758171597 72.88777920724064 102.92230035523428 89.91601564243987 75.74003975691313 76.94357627368741 92.93100016152883 117.83091361364824
19.953413464288904 31.079837815886027 36.71449656502354 58.962815371167835 43.50370593650759 78.28359751051487 70.64381440691702 49.826977980729566 31.58096940570314 68.63109717329401 27.85477362856356 41.98585964873963 24.237571220008018 0.0 58.78300370571328 47.75793762594198 49.52979485575297 69.84532763842343 11.468577859687283 64.78620920243743 20.706815237262788 51.90769872281667 22.05948415562138 50.97143934487565 22.050504540438006 26.827483966689414 57.02717380031181 32.114378719849505 85.43884750132632 4.668661364904091 27.918591391141703 34.739989757491685 57.780342903225225 53.45067814191605 41.48612698810887 42.22488788835589 84.66618296898895 97.67716151299369 43.53989320222673 49.614724369458706 54.92109147052788 86.39308754962187 37.41739785265655 30.38373586970154 23.106686708811466 33.83138695611911 71.17852667572093 69.06755061569072 39.42606889404986 51.362811415294004 23.108717609240536 58.892592885524714 43.23314710841545 49.27505764694067 54.609917340848824 79.75438762167977 73.62232778327703 53.55823335203945 4.905761027518124 58.10397957077915 29.813165937957713 49.08416073593258 27.460913111229516 11.254277924262682 74.03094927453881 51.967026536209424 32.76053023946774 27.83434135949266 4.475074231107966 71.05241718618234 23.882802077429563 49.153001341076326 32.10737399936205 58.13574809398438 43.9466224467456 34.39200017266984 60.25042721537944 18.89202824159766 91.04724455406894 1.4491591555861216 24.967168300776947 47.17066002604599 75.90418968215413 57.19344889378697 40.42743910240696 27.90979178907089 64.04511410366715 99.2195736285229 43.03879772300477 50.846230256453225 52.54483431933935 87.15561384196494 40.18288380198273 38.51022824506014 22.44241208858643 36.014897233636816 71.74002643122422 49.907452765949266 39.37074756939868 40.37515182217305 77.79557902835366 63.0303694405718 66.52543848073118 86.08467689267343 113.69978171242174 57.67720978810111 35.679086921241876 41.85117765589351 69.00892704413425 101.51418651901128 46.866201765874216 12.386237204645754 25.349698278607413 60.531032207754414 96.00841027758129 51.590280031736214 24.78216745532754 33.15049663740541 64.15571528922483 98.31153011918566 68.71668375410806 51.52845796851627 55.86179186909422 78.21800340432807 107.92465323669451
51.97041131892209 29.933534911406507 31.475718902781338 32.97726852514692 68.5068081634309 31.444915102506965 28.96933800252277 21.909722583700955 28.0829133241117 17.83381198325152 32.458625873614515 22.561464052231152 67.55119843424974 58.78300370571328 0.0 63.46088958166717 30.710772255130458 27.541206239869837 66.87976106055119 33.83736132416579 38.129362258070266 72.09133961108422 38.32518230930965 13.40372649236188 38.63444598631803 61.198818743931746 61.83339964853829 53.120267186774214 33.647903862272194 54.13181640763332 32.138992560424974 76.31664577954454 29.253744549344017 5.690452784629573 20.00422712936009 92.02483589448643 35.97082071989771 61.230931741582936 15.760010087210128 9.623200474664907 110.12792504850286 40.55147459313393 23.02410107580463 61.04994918357413 49.650468283434975 41.891779406719564 12.668363855377239 26.112900315512665 47.04030390576121 62.89423723495529 66.20276505065529 27.496363307846188 29.12655332844585 12.238017299055159 56.640538266515236 28.721710757565766 35.94969938181594 35.101785732022364 55.42528990026191 12.002089658257667 42.69674736503139 20.918846656114265 69.06342758614738 51.36852630477739 19.78979603959557 65.16750067331816 83.03754502074693 53.533105549731026 59.72009494645003 35.83607121304058 35.34429714579705 67.21147548412894 32.0572292479203 7.594652908107537 94.64557979848516 82.35893851847283 66.06242701057032 48.55313468854536 40.40833757684729 59.05793113443891 35.230366972754304 52.86330583269399 34.28333143007477 8.733455471007783 30.493280257664438 84.52255253438854 19.372065587750704 62.591097519320705 15.747171240578467 8.033801638768384 109.32114100918778 44.8607181428619 18.868401824293816 26.910942932668952 57.77909266816538 79.23892885905998 17.08147054526708 37.1019458451192 49.37463849264218 66.27599911920096 130.51084547652596 104.78292950282646 86.35925355969252 80.4267111862366 89.50456919646108 115.12033525932434 85.05720254886535 61.22840132659925 52.87021716353954 66.1343776541933 105.08908968007775 71.03933056544078 39.77001639910099 25.47390668565191 47.417123907291895 102.01118461358867 66.44669546075947 30.92338574412849 5.436830965602535 40.43604051908822 106.49142145110217 73.07868522234486 43.2753696887914 30.61393484921956 50.33746507080224
28.50888892442016 55.84335871001137 33.46579912798798 84.83436947735458 9.26823122764838 61.12926770569605 53.01073915826435 42.043750693801854 53.25367227000006 59.98967974270677 40.72612258845879 41.64475055530686 28.788306902835437 47.75793762594198 63.46088958166717 0.0 33.944233434550135 53.22967714219056 58.46378354084593 42.49665462827988 44.72078863454833 8.647694728276077 39.39412861950791 50.08124456594842 38.77565823139574 21.82064831798141 11.652627243004593 16.67324518428358 70.51439049473807 46.9317903281638 41.35248212980414 27.291595071422655 39.974531482776314 61.295803495076704 59.874226258346525 44.10551063407303 66.76443828960358 65.30991273586031 56.814775659677885 55.297595198074866 65.46766115575971 65.16856239786907 44.62117665302302 18.022725893464756 26.41187868959472 23.891869799476606 74.43987022991679 53.48651255953141 16.827250326402883 4.447714112847224 28.83974458397475 42.299155764017655 34.344476756098175 51.485756608256985 13.045550177389451 66.02849422319308 50.95675115936536 31.99192315015756 50.19900547289113 54.082663371973695 25.726784437815642 42.78039779213205 26.69926319189207 53.778945435232316 66.07803817492095 4.230515378360857 39.844969567286796 20.404052092689113 43.84442555959976 47.87654951091648 42.91373838935525 3.7906206046338986 35.86438597979439 57.45728001041361 46.96316107276799 36.624492502407115 13.298740341015995 31.29242806407883 73.16652131498074 49.19513821401879 40.266287387563615 11.28682379381811 55.31423306871718 56.024980259332175 33.278260429771436 51.04400820480509 53.446728274033305 66.64190318383756 53.90483869705935 57.29733803650522 68.42866587696287 62.50642719924792 54.48059586736899 63.2638186884232 25.424399198060332 29.980613432308637 80.54235835337776 28.166326215514985 14.680063467534659 10.269499673206253 78.55680365710772 45.8089072935523 23.620760340514536 39.365268904164914 71.22856321602124 75.08799700947493 39.62971422570565 5.918767802210697 32.12102088909569 67.53294574939585 81.78266719180716 51.09613586390898 32.640691633816715 45.30125388630172 74.64034873995924 96.54897192064045 72.24471892388134 60.40720470427777 67.90358520345484 90.02721211706037 116.35272272925711 96.93203250797266 88.23679152944108 93.31502263260177 110.28012120595022
33.52500908608508 36.179877157053994 13.082248451712836 58.060672791979755 40.531091671205154 30.94462753778546 22.603465896386886 8.835819494346477 32.888624131215074 26.444723764706847 24.446835639836813 13.466611503212821 46.70556588947667 49.52979485575297 30.710772255130458 33.944233434550135 0.0 22.224986855648496 60.56910968380153 15.257497330220689 32.77129408231956 42.54586580529331 28.623750346608773 17.569449925891483 28.38373249819091 38.58578159747339 31.132547716846467 28.22803083878036 39.64041764705189 45.84786289107479 24.78774236486242 52.646104533696644 8.5583330332768 29.932755388384617 34.307896397047266 69.985489974465 37.30036509459191 48.50976264327794 29.337524079681494 24.310392750669646 90.35008654815695 37.82640828115812 19.81740453591488 36.9115910488443 30.03816146809362 18.173178369624576 40.752887026905285 21.933728702174104 19.26606010676801 32.70647873585833 45.680483916224055 10.26455538505449 6.810020387873125 19.936524295887185 25.93916163286631 34.39632887081847 24.256064053914113 5.737388633638449 48.62162213133218 20.275993975061017 21.421369424946313 9.992651685023983 47.015362926072825 48.06623944653008 32.6411533030504 35.03880333625912 62.36505930215465 30.635642981397332 48.068293342168644 21.564056634822077 29.067004007508256 37.73297003187574 18.26312212374017 23.9734468609958 72.84865552866358 60.5675366385556 35.351669951915575 32.03325211292197 43.95806727093825 50.506031926993515 26.59401965286284 22.813694562012905 27.093718140900673 22.56019348953326 9.320074961276507 68.22906184128686 19.986979778642485 50.059601092042875 26.14547372284641 26.166664780022955 91.23452396379139 37.82640828115814 28.57178356504103 40.45422314243494 37.17850101163051 55.75536225993558 47.568578790032596 6.391708412093374 21.52679890373862 38.969334681555395 107.81767480590091 78.1987309248677 56.014193305983135 51.88733952028626 69.13146874480354 97.6549795688595 63.61269808220443 32.997815460871145 25.755318646604916 52.63095284657895 94.98913565637217 59.479901497752834 24.186608437677638 12.819357603422617 47.70629295098446 100.41913524431442 67.7415711318635 40.324028095878674 34.573444596249836 57.41783649376731 112.78136061668273 84.85105091263038 64.899167942814 61.28816183282412 76.37218855609107
