0.0 35.6643270894385 48.74232943234267 44.91585753247833 51.86788592149437 14.936971007998801 49.24871294031131 20.929790784218742 24.741769586440874 3.7877147180567365 9.32561830877442 29.532898252537223 20.073876041023038 38.64612683276229 20.672168409247913 31.492787712324557 15.025853358412753 20.688337237169275 23.959512576341474 40.47366968068797 50.355380545342726 20.629845656937043 64.65622169465645 68.19569868197017 44.105388881746244 30.134456118370807 27.66281850738484 20.72592149033344 15.846542609272042 40.60288434652975 21.02573994606793 12.95735451526497 39.20089114718867 5.681092939323056 27.72953080567676 29.39149826642944 22.614151493516637 56.50499636093488 56.28023588836754 37.035006312241414 32.684244057918946 23.77226278655663 45.13565144759145 18.925786744515598 39.77268419037752 44.58042275972799 5.991242163564551 57.18250340443927 48.94275830382913 9.760002719184445 9.453186373618237 59.218229837113526 47.725063080524365 42.35873424773936 67.39148915774157 16.63401377705383 45.51403070895522 18.36289993727225 5.672070783364941 9.805234343762056 45.15958624198746 30.470125349011866 30.103852613963433 22.900511307070516 4.228280037696933 20.192583148901466 17.249985058673108 60.458298622789485 31.297490315461953 30.650238269472645 59.85329767551198 25.398618927170492 56.4351699253045 69.90642219101977 42.84108639293255 32.90704369256135 24.94303941993209 9.97737700273188 11.530165085900942 7.923901082721111 27.499069428940636 34.883371933808554 39.91077410808318 9.066808692394263 15.076845243701994 22.399100868372276 21.957507091082988 59.108070355436666 2.1339197942352057 41.48474964663182 47.09992064407877 46.96701734844686 48.766101729097294 15.302868537914408 32.6902155809303 14.237742874976608 9.641612584064466 28.95241883803961 52.945415795807214 43.39415494964068 102.331075554217 76.89115712794816 62.32963734272963 66.25594287347896 86.17916725298194 88.1569212467955 56.90072432795978 35.15579117566155 42.02801966067151 69.49076758215556 81.55974126440803 46.136689769393044 11.722083027225631 26.046701480051365 61.25083203806233 84.33717085056782 50.843074850034114 24.279190638702847 33.55802289869065 64.76884797916989 95.67610788786614 67.8744342471624 50.9128614752487 55.76252809254472 78.47903574287488
35.6643270894385 0.0 47.96076312196784 27.748051733310312 45.34821111394992 46.470050900281144 15.537061933969294 15.148454008975442 51.09724015131709 33.15291372214043 40.67070300146518 29.5227069530664 43.79082567601413 43.051338104881744 22.44639726292082 38.226144816077685 50.6901787034177 15.274882957972608 35.24153054917532 29.007309826002974 41.56110742813318 19.615574445331045 54.774227813590336 55.770669430158854 55.86173977384618 19.841372292723833 11.745815342936153 48.03619133993964 35.99516546715627 70.95215147260393 17.491081679545996 25.62739033102421 53.480443599037 31.9930833964441 8.399192294357828 33.50723140522877 47.034862356888894 54.56234503511577 47.8067896502715 51.554285250535834 55.80375606424004 47.450253922053555 47.85409820876489 49.72313023136475 36.600943965745124 41.96249994384812 37.72466956027911 46.96308992138798 46.71773040240309 33.39856627122486 27.3532855679011 46.96266510815751 48.81094401073039 22.08612647363684 59.30158010152673 44.73558556391472 12.21961777514891 18.024743614784995 30.014777592089906 26.61270212940014 11.270671699750533 31.99370476570973 10.01876224066221 29.12945452492628 39.01101299126291 34.280266950773616 51.07925045151846 75.22875625626405 46.3855180522094 40.3718022811114 48.38521379799025 24.116878528224998 43.43068232622064 57.89410501009749 52.02762238257788 25.3293047854396 59.80095602997262 40.10812149988971 32.555129990443035 35.64249972507359 28.184777253665935 40.93450356288172 50.61038551840328 41.61360893119667 33.147681422703556 32.97726852514692 48.554635676822926 52.86638126442895 35.82325767561901 56.299977693550225 71.80704409140742 40.79326329817193 55.281144246534026 33.89570320027379 65.76391159619719 31.253076351759336 42.32883156936511 63.45110987286312 48.70892214711619 55.32250847609172 86.77175228262549 53.838934863450845 28.28642898820824 35.12563832167153 64.80506241777682 82.7972838192259 47.233849747834775 11.78532426856756 24.06163182716766 59.59229259068239 88.09797913456053 55.93176065496949 32.057172366241446 38.19889106295102 66.50444184298625 101.22685808010769 74.77001895002164 58.87594285304695 62.24419280030951 82.54964812214344 119.6332641596737 98.0687420532855 86.34174974920545 88.4555065682959 103.56599270445795
48.74232943234267 47.96076312196784 0.0 23.77604173355817 89.73139874898885 43.60649520661486 61.34876622433278 47.65754207127038 73.47834465505605 50.36342585418061 43.22202497784724 21.422993494066713 33.60838808703989 81.63060525322308 57.074049798171586 74.73861606415285 56.28971729257593 42.67839588471968 68.14734950026047 19.522198584172685 10.982135395757746 35.615477466686045 18.341036529583874 23.160209662666258 90.72783941729227 61.99810887176558 38.221356752920144 69.46394414937178 62.461201491137835 51.47393858108862 37.70450655745542 38.864127940969354 86.38285991093014 51.26086032218276 48.156772365710836 70.81990310152612 33.99075133542292 97.46700988078673 11.591665419125366 84.16109039007719 32.91433865611702 72.33236863467066 87.86756644010681 67.15113064802809 11.537673165141491 5.998302396721317 54.69206996838779 13.9966142044479 2.0271005104261226 56.17345996421804 42.27102820371109 93.48622896710363 2.5311797971735728 28.635229326852073 104.97997480081413 38.865223054396814 44.99039633583768 41.33250157385777 47.28659699401877 42.782533269544174 57.798659541171084 19.46283609678657 38.7159557679479 63.82954187311979 47.68510216243512 64.93010892104867 63.665215056021864 108.50381072351432 78.18046736431062 75.24889218593384 16.703029122958576 27.76959733281895 17.21335397296567 24.159843751760206 88.40692184741954 67.62065840778136 56.201180509933764 58.70565932937964 57.15362713116206 41.19548624830238 23.60834327736339 78.25978799459526 85.87273622152513 57.6154899053337 60.40208529470917 65.81700165368461 36.834199107891024 97.57697399255346 46.82309063195196 88.94830299842626 42.43861630683022 8.506657998116253 93.58016529511994 33.48597555004522 54.33888990259932 34.63580363420747 44.894179486910964 57.07578494429059 5.495063434141667 90.036981253541 55.73805331070435 41.302677443142485 53.266005849546495 80.62753395737144 112.6787767121397 39.51332412798965 13.229883544286524 36.34507272745555 70.70435815781792 105.8747168652699 40.18899335816472 15.112092302194293 37.06483278717987 71.07344563523198 106.11914939514305 57.16891425590606 43.19658190172894 54.73369100114205 81.5952295456972 113.36647806391133 80.7502208518897 71.32773044095276 78.65619775450789 99.08609949181155 126.4176337699391
44.91585753247833 27.748051733310312 23.77604173355817 0.0 72.71371372691948 47.44037941968955 38.85694990834108 33.74024029654478 67.82737653402197 44.69876495254736 43.96597209958097 17.98069750778406 39.53443257262729 68.05475478160655 43.958865728856495 62.02194651157196 57.48211268160853 29.428315862588835 56.894754832165184 6.3384662923899135 14.659264959633854 25.013758299983323 27.02965072699012 28.198123788166658 79.45628011135103 45.67689543101297 22.032530979338716 64.00160278174661 53.89533729763023 64.95396477999505 25.755597016159697 32.06033736215329 76.02713657537244 44.71181068452083 31.13874116435468 57.4969051676875 41.760204076000385 81.55363207545821 20.401204917175644 73.88043664413392 46.27329852294984 65.36199681184246 73.62857904856708 63.48639911504388 15.273509991089846 18.406875901128963 49.87651193095995 19.298465953513166 22.006359105614187 48.66548768722338 35.79464124132244 74.71060480023097 25.52216672530429 5.725143783256608 87.00229147534561 43.464472398828214 21.771356910395564 29.705889844266895 40.93850175167774 35.7730114708293 35.79389811905773 18.9433329597044 21.080906774867778 51.36241693973108 45.991597148407514 54.54362815837058 62.10173093751843 98.50920116345036 68.0668295703184 63.407762267663024 20.637556263254552 19.68583700923062 15.699567180798986 30.300104141228587 76.24341531091575 51.49518002282007 62.084186617777625 53.608643247839744 48.88192426918776 39.744701435684256 19.116278261712445 65.25645290304404 74.2424343148774 53.68477391611562 51.23063651752086 54.42513722767669 44.416763172790915 80.36719610337636 43.708500724508205 78.81272195774964 60.1331334284096 15.354244243393822 80.45858191920004 33.09704499249998 64.02016153979686 32.22458686033797 45.97383495253191 64.4465153269914 22.62541513440852 78.82824624222668 60.65398261352476 31.978803874367244 29.976322244050877 57.504031171995884 90.81324250444649 55.09706933704922 19.63372047376133 16.355115356067543 51.78520546968253 87.33920140074301 63.1201675636282 36.40081160469492 34.61320658779668 60.027664519886244 92.41622366924668 80.77287592129532 61.97740647058308 60.74767275323342 77.91983047367155 104.80868103107966 103.22717279950065 89.07232853279824 87.99980096454358 100.42960212558899 122.31230415032773
51.86788592149437 45.34821111394992 89.73139874898885 72.71371372691948 0.0 66.70357410582024 41.73654273517114 42.19171521260335 42.92165036180411 48.182351289836745 61.167373876622726 68.5693586822838 70.95140365589585 16.058727128099505 33.85308810801693 21.575670222947064 60.98960118976491 47.14741686760599 28.617893592816067 72.72464692691514 85.54180702069341 54.41613028641089 99.51146118113266 100.90414727047066 25.364931585511815 27.747883131896074 51.95889614225971 43.507352543346315 37.29419428815511 91.59894357485679 52.16323896616603 53.69803769686505 27.940013342017245 46.34585137264943 42.04056850010706 22.522265042903157 73.90088212301293 9.963770663841371 92.0160094641783 27.92304538825359 84.1403257932342 38.939803815587666 12.537823537564163 48.6247435833503 78.28355120616412 83.97136205492995 47.954244537329096 91.52903943137278 88.94847376234205 42.28316880507891 51.67366906211452 9.687063704978693 89.8880513249541 67.20278190614566 15.730062159675569 68.36085068157337 55.609137422799876 48.84986024520934 48.77688985882761 50.80444197570331 41.69363050534581 70.81575359415964 52.107588582456316 29.091531670371904 55.876213863401105 32.22412555820039 54.27881034789303 39.95580130332218 28.548074313471613 23.81202988929359 93.23015731392647 62.13701370344872 88.37904974146682 103.01143431831959 21.19718341206385 22.12867158941826 72.7679723765308 46.163614117394445 40.42430889832773 58.35092339656284 66.50572949890095 19.14764250719862 22.965853518893333 48.99771490087258 37.05999660793056 29.65442289574171 73.66200640176694 7.848653740627249 53.75386055050916 29.354396851228728 98.9616700141272 83.95509630845483 18.736870371659347 62.78998735367206 82.29185232412988 60.194193127182054 61.44251738428692 76.9722288027814 91.76068186772164 25.41722902221698 132.03686811879646 98.2769736056504 66.44679608391088 41.28164301723624 39.05580063140942 127.16574525868447 91.69336346134142 56.359813524181476 21.849343243098446 17.62295553861395 128.3331699912743 93.29058571080411 58.89879279439357 27.698479227425885 24.444779792214323 135.38295617003342 102.68752653642395 72.75353998936387 50.73059479351945 48.849514928311734 147.4735496140472 118.03538411607644 92.99652384163946 76.78836156135563 75.34353973935465
14.936971007998801 46.470050900281144 43.60649520661486 47.44037941968955 66.70357410582024 0.0 61.296683808601216 33.326270412431434 34.23396468105594 18.71189844631014 6.14935549375924 29.631575728489114 10.033110990275963 52.976773093657286 35.28876461534053 45.95041921383135 12.990879977271938 31.317243466847923 38.44943203479365 41.73959149002561 48.40897635868862 27.819171399663194 61.36077029435721 65.64111056602817 56.77307486465041 44.599950679536406 36.18262909829598 30.592563900781514 29.935370624964285 25.911748221915765 29.392776369480075 20.851807575255055 51.59161176991446 20.600744975995234 39.53868064618096 44.187133266315996 10.647772996590254 70.92878064578751 53.32899579373157 49.55656218058119 19.21557558376117 34.904323891819466 59.383431521727914 26.584272914361403 37.61612632253036 41.0320754880548 19.068783956736333 54.84946414265041 44.40531791945821 24.42595014415121 19.512061862729098 74.15320441690834 41.93576791399691 46.63824918703287 82.14112159908728 4.743226425843603 54.21119547469807 28.485678525367625 19.27221919351016 20.388442161862212 57.03754240876266 29.336462224010607 38.66094815377062 37.824162552296784 10.830877505025283 34.70331239385414 21.555724899996022 71.26348838777699 44.259500490236924 44.7709087923344 57.72337769274664 28.56842419880839 55.3642230676398 67.03632213421616 56.16866635750812 47.73632663285325 14.70186913438071 21.918159510216885 26.27934915389607 10.902183034247253 28.324667091250667 49.2164893965869 53.12225930849705 19.45845180053761 29.695048363530333 37.100486225899985 8.627619755057799 73.83700910335413 13.27040572688442 53.52584158464021 32.4224688735612 44.503093284257105 62.27786823956705 14.590537372336174 19.301970827600275 16.31158554770586 5.295553971343802 17.566320619550797 48.65511918425776 56.069239467476734 99.21763191249802 78.32014927764034 70.39929750481494 79.43666912968378 100.97730300042424 81.46238449703958 54.37143679059091 42.52716397160912 56.50698805239093 84.31899672088107 70.80675762203998 36.72896864770916 14.718830036055902 40.205439732871476 74.48837102067247 70.54545247626793 36.22746310089238 13.43148022735694 39.75660448575283 74.24943030146557 80.77941569328908 53.3525168245386 41.22916263007188 55.54612857023243 83.68438740244659
49.24871294031131 15.537061933969294 61.34876622433278 38.85694990834108 41.73654273517114 61.296683808601216 0.0 28.366877351351654 60.2250265087254 46.230771997214966 55.32582767449337 44.54476916474154 59.222901424136495 45.123954374634046 31.860745219239284 42.51821509869264 64.08910698304891 30.02211561143083 42.2287683705601 41.85132700499315 53.474340178447655 35.10117110700868 65.12325789669319 65.09760997417177 58.83203314138758 24.71567431470765 27.25658412017267 57.83199705507524 45.756086153564056 86.22928580623363 32.89860824227735 40.63214591790913 57.79522830024697 44.76704688927668 21.789190815442186 38.19421968564822 62.48480304721127 51.67384201353347 59.2030012833058 56.238439386724984 71.33868174200818 56.09580288882451 48.19097383947996 60.55411241125848 50.43693653649851 55.41743097525679 50.16130843842232 57.86807813480531 59.87923735685364 44.92304843222718 41.84874897154496 40.09304893435366 62.52091849008763 33.26504952420528 52.93092622766827 59.9037166126977 17.3549808968874 32.88822621436095 43.60765185610372 41.0184577655067 4.307771482786442 46.98225465213686 25.35621476805919 36.50981762641477 52.97379219884045 42.58978265423269 63.02730966626503 77.612560663252 52.12886281159043 45.313996137059824 58.715560005426724 39.48749210231668 53.70830078764087 67.22002885356073 54.47124722591826 27.995716147628162 74.00129467124592 51.779758488967154 43.64482692357017 50.39607626443525 43.391905364467256 44.22273819383269 53.90415796144755 53.7643934647261 43.147285361973324 40.47126394340594 63.914483231822345 48.16009563686778 49.768126531097124 60.46158870791731 87.34408238727002 53.518860784184696 56.11025562372197 49.290721209185705 80.57837769057238 46.5914237698527 56.84802222551856 77.82812439657994 61.23526019871405 58.434698761207216 92.98689105410227 57.987066331389734 24.711236706337758 19.773668893588 51.995751245642865 93.18304828750259 58.298148599275244 25.425861542800945 20.651426186620764 52.33254279276016 101.46641874234452 70.68115593791181 47.205841056646946 44.6444958404331 65.49843159762389 116.11860897902865 90.29874841976469 73.18678747663198 71.35024203849203 85.77597274206433 135.08216476575268 113.457519957254 100.15008282755802 98.58743332650229 109.2745972039264
20.929790784218742 15.148454008975442 47.65754207127038 33.74024029654478 42.19171521260335 33.326270412431434 28.366877351351654 0.0 36.76934725485069 18.132305556638382 27.235324250795337 26.385464654402824 32.994948586239865 34.708338991066235 10.226510991540337 28.366052619343627 35.8837476975223 4.9791461865507 23.238949820048074 32.0008449375665 44.5393286656917 12.237055237586727 59.04075043267294 61.24730268975419 45.71667526877528 14.709789468890836 11.760087681864185 33.44596858236314 21.756659151280136 58.87320380936597 9.977921017644602 13.68264338221462 42.3554659701186 16.88053757560569 6.871817907711432 23.957246384953493 36.28110654934695 49.8262419301205 51.0621745280998 40.23472703585491 46.070429895884686 33.47295283325353 40.64382040207119 34.740458432600605 36.32549192207088 42.0093920065181 22.58406374409753 50.992823200590045 46.984105875913215 18.381334631070207 13.847504696942487 46.847886808502196 47.72385563494621 29.162288983948375 57.659105827782675 32.570853867208434 26.350795381066213 6.872962697397194 15.266331033580009 12.947898032876294 24.239779122298756 28.6245242307736 13.261464355558825 17.62262049859963 24.606965076657996 21.223874479079385 35.93090771224658 64.79994794167875 34.51587588361859 29.66797503773966 53.084531669949 19.95594793007659 48.584168462378365 63.26078371583943 42.56746931707488 20.07188836910962 45.63835234325191 25.001013459595267 17.717299604435045 22.488409714678575 24.314021917589876 31.691901885604054 40.50878693778742 26.465159127425846 18.895668862689895 20.776464829863134 37.1532430410616 50.03826146507029 21.40175670872408 45.15794124824811 62.015700274537274 42.43475060163947 47.03266811927825 23.283081683920425 52.477355151151464 20.43824446255349 28.637010860782958 49.491715161601014 50.04502427315239 45.0880115399515 94.37340610119541 64.14176559059281 43.06006204139112 46.11234465627875 70.21897359730602 85.91052845419266 51.017910825495385 18.900875629199955 25.374525079553823 58.84468961066743 86.21939800279964 51.53146378299177 20.233768689866217 26.372817433830683 59.27775359791016 95.21467241164612 65.36173728526836 44.84030389657416 47.763189812495845 71.30333122253192 110.80015390315202 86.32919598222645 71.83936307277303 73.49262636877862 90.40766676743472
24.741769586440874 51.09724015131709 73.47834465505605 67.82737653402197 42.92165036180411 34.23396468105594 60.2250265087254 36.76934725485069 0.0 23.596934820041426 31.48989709330054 53.93685222427015 42.869909110676254 26.865870114625128 28.902522601666547 22.51385066329668 23.06718514779622 39.526120051926476 18.65865303505566 64.14315889451166 74.78774986880823 42.81464370244686 89.23230379810943 92.60343252203906 24.437729225395493 35.70570695417701 47.52150302380936 4.016141585749518 15.109591737662996 53.930231812012416 42.22443434846562 36.250911570353935 19.152022529315484 23.23444529056709 42.83260858782561 24.59982696922739 44.542107682061676 43.151139632734406 80.84919956919988 17.598241733943702 53.38104879582252 4.408290903791082 31.780087499254115 7.922719636193626 64.36817028317283 69.28731418011643 18.84058467872122 81.6277488373683 73.68272286242006 19.20992965373403 32.46701248501198 52.31242582737392 72.42156887950044 64.33337067287916 56.04043226794872 38.11626907205381 62.95405090846915 38.45827494123563 27.178110802309668 32.301551455309564 57.04501201926437 55.06309104243167 49.54313650885148 23.799289318550034 26.18270783126307 17.641514159063625 14.021779258041853 37.034439928830466 14.5039407587283 19.632555168268485 84.22794928167343 49.11947322484672 80.55971090203386 94.37351337767065 25.43195417462113 34.20883869621835 33.469344060932585 14.824250451926918 19.280587621974536 32.377594718240886 51.81540488246354 23.97378309903088 22.412074630273274 15.954584868888011 17.97073543633434 19.944707036707726 42.842924721875924 48.091960157877075 26.66251804316397 20.379989926241294 64.79882011775837 71.53233073866134 31.517634169880633 40.00541526341337 43.45108490787977 38.94459200739054 30.398320338600787 37.28722583746065 77.67144253398237 23.798340569877226 126.70999531408552 99.56173319266472 79.3836071341411 72.27086558397342 81.7098617632398 112.85261359870171 81.38881464446351 55.17912283641867 44.69341943523395 59.01218163319359 104.81818477356164 69.94121388439753 36.454080760000906 17.26938541857933 42.42367741863106 103.96605524117412 68.6697909381071 33.975703007170736 11.196663098394243 40.35580251500247 110.4626129121375 78.07336008816914 50.21046452769192 38.4566305120739 54.48774726979813
3.7877147180567365 33.15291372214043 50.36342585418061 44.69876495254736 48.182351289836745 18.71189844631014 46.230771997214966 18.132305556638382 23.596934820041426 0.0 12.987967891960288 30.355846902041286 23.3075353331165 35.235420194623416 16.959245040154418 28.042966406744608 17.86139941570449 18.626156857913273 20.530986736767396 40.67536340396034 51.1976452476584 19.856026336008266 65.6771941847363 69.00767103214392 41.372578930257546 26.446913717807156 26.092503661831067 19.627085881540037 12.803518765415477 44.38578880383335 19.808106331385297 12.736578703827172 36.61603508738681 1.8933786229685827 25.000923317978618 25.75065024424205 26.00764506561283 53.017147042945325 57.29556232921307 34.41914502051019 36.1659020475509 22.00084888087786 41.74562084309273 18.8071010105112 40.8477706362511 45.894495885921245 5.216399283378173 58.037493433282485 50.42295022675248 6.432127003974407 8.94941141647739 55.455105949864695 49.50828083746891 41.70754751469882 63.74602427155134 20.207395229697312 43.535093222669005 16.636338292122705 3.7841308369437106 8.927179647977821 42.21635022778505 31.561606461494815 28.446366740778462 19.161219468083086 8.003360832559407 16.782241636688347 18.384554844311687 58.29194028240048 28.560979733286697 27.37866954817483 60.63133821854448 25.59180944281416 56.98579580919219 70.78375423952824 39.85255458445308 29.125297287989394 28.366604259422342 8.941810443861774 8.045312741259297 10.742743248471678 28.223273900435515 31.48437850716729 36.987943100090106 9.171580674277623 11.651278847556283 18.8434512432108 25.525891791925595 55.47658033476342 5.571982759413248 39.014315062638474 50.78153347182669 47.98452623105232 45.675822985866155 17.3561790008746 36.37012932185249 15.754843724322681 13.416849703966042 32.443735471943214 54.31816972912218 40.66333873367889 103.1133358415578 76.63813008297333 60.3869599483678 62.86418596886576 82.39760809371383 89.86925126868977 57.80672568858384 33.74823997352901 38.32050134664453 65.80401888343903 84.26001271292361 48.72465269604977 13.440410388380052 22.790530831011917 58.22699350648118 87.76227929233674 54.50578644997903 27.78025217259955 33.238571413106015 63.008423348967746 99.41756351705553 71.63763337323027 53.96483397943505 56.78565232735231 77.90488769382468
9.32561830877442 40.67070300146518 43.22202497784724 43.96597209958097 61.167373876622726 6.14935549375924 55.32582767449337 27.235324250795337 31.48989709330054 12.987967891960288 0.0 26.71060806338184 11.44994297964638 47.91532154478295 29.245444390706194 40.78629303597121 13.719668350592778 25.435084200219915 33.25253352471386 38.64274431202656 46.66815147896252 22.563517103864175 60.30496012165334 64.29551253968155 52.728564748698176 38.502792668065695 30.776600895015754 27.60776007725276 24.978235749666016 32.03664547999003 23.90558732603047 15.18865734952135 47.67381185638214 14.84257313229321 33.54227189159998 38.71010017059026 13.573046638562149 65.80387088240751 52.0630874676203 45.56195816095667 23.454546524439113 31.452669420583234 54.388044036361975 24.38484106739455 35.81035066600336 39.88821538141958 14.349380149827063 53.33352709574171 43.75268408425003 19.06638494282443 13.480120685660067 68.39061039173015 41.841915308413824 42.56016082376074 76.71108192754711 7.3578551739485025 48.919767799237825 22.646421588928813 13.178506146652019 14.33018059121929 51.08558937692576 26.903139578261243 33.27733585487781 32.142168761663896 5.72481282945944 29.48507884378342 20.44799881294027 68.21311359600902 40.00838206654989 39.84616880647947 56.145641582445734 24.49795195003945 53.33210329398644 65.83257634300634 51.75580679553849 41.76848302340145 19.444589775980887 17.782664951967593 20.853923232908787 5.063845828268629 25.080247083748368 44.14978814410679 48.76795501201543 15.760829329905542 24.384841067394586 31.723885898269423 12.665305422011015 68.43084041932158 7.4229401835895885 49.79535321773499 37.79454803639481 42.93397924531203 57.76796519089737 10.995693718503135 25.266720931206205 11.834269331214223 2.010171324553894 22.852828091267053 47.93593791376813 52.018532744245704 98.24013934346776 75.46195922828707 65.34532842239128 73.3323867581353 94.95992993177428 82.04357573127146 52.93435003863834 37.48498896431077 50.402234772860076 78.78977110652922 73.45180212075459 38.45325862438649 9.713294844860371 35.245598711616374 70.15957165065936 75.12161738141937 41.52596232740707 18.37818736314985 38.51381659494516 71.84061832279143 86.46042306369836 59.49192209279956 46.20973428930604 57.12755030057488 83.21022277684703
29.532898252537223 29.5227069530664 21.422993494066713 17.98069750778406 68.5693586822838 29.631575728489114 44.54476916474154 26.385464654402824 53.93685222427015 30.355846902041286 26.71060806338184 0.0 21.572324662669054 60.217258313936334 35.65341184567689 53.35830039398205 40.4190426022063 21.422036895416433 46.89440195875305 12.108788476670336 20.856566098984242 14.226131961573223 35.33312922094329 38.68977562585681 69.60024221399983 40.93371342858475 18.28271329186771 49.94737890230227 41.71573521824464 47.66073232622171 16.408161835843746 18.011235493584607 65.41836345808312 30.934744074374866 27.743364104488553 49.40143742178608 23.917068754988026 76.10980599441683 26.956782855089934 63.19948960953425 29.602842042726895 52.2462719146642 66.44473004477699 48.45504399371604 10.65162126538136 16.09951910717347 35.175562885851065 27.69536809025399 20.972369851963528 35.634853429202344 21.67163240513647 72.8164352132564 21.34852480175639 18.365334126873524 83.97274985958066 25.525524303510746 31.03025369310827 19.926467032199533 26.915776508391943 22.028660822910528 40.48905205283948 2.4774971223838245 19.53335596170183 42.43082471971917 29.64795035715809 43.79257566076663 46.088233957728505 87.73919694409236 57.21439917481876 53.95829833056536 30.331146136008282 6.432550572319585 26.962296143300904 40.439084224117096 67.12979706643368 46.44161974693505 44.1950422489236 39.1557689679738 36.40307000609129 23.070239822355635 2.2246916353618182 56.86906678270681 64.66230354104832 38.597495417567494 39.46891069813805 44.52888207410141 26.503927728502426 76.41739007189533 27.925026988493123 68.0501475352565 44.7066713774273 17.665411449175938 72.21409025513425 15.717289018191856 46.101356958270514 15.547737072671055 28.684717823653962 46.476715215751895 24.478357484517776 68.91772614819445 72.82096670445603 48.80615788309074 44.64707884849618 64.31838772156961 93.87502913286194 60.48969200980095 27.45239697625739 19.505685338799545 50.39360893843945 85.0339125499707 60.0438642214897 26.465128508019305 18.103809650779283 49.872841521601025 84.72933505918915 71.70554096507233 47.141816361003194 42.83915430498776 63.0889172555942 93.04518185175013 90.92949385616394 72.93415658089037 70.01943719958295 83.77448312037619 108.0079557399456
20.073876041023038 43.79082567601413 33.60838808703989 39.53443257262729 70.95140365589585 10.033110990275963 59.222901424136495 32.994948586239865 42.869909110676254 23.3075353331165 11.44994297964638 21.572324662669054 0.0 58.536214709802856 37.72525053526249 51.333869451351084 22.937452516816943 29.67211247054036 43.834520705576836 33.48764327209639 38.89615346120542 24.18761130947262 51.48510096690282 55.85963999824167 64.04489121913132 46.31007503000161 32.44363827393831 39.021801747768066 35.91582244169577 27.41520016130613 26.325594657078703 19.31989011040144 59.03844764052811 24.983079094087927 38.156113642957266 48.80183930961692 3.298698569665059 76.25985223334534 43.55216974105073 56.907947335240024 13.322847133839595 42.902096525876935 65.04966534008979 35.580590535438496 28.258226546454917 31.266505183275648 25.614700815234276 45.17861812154426 34.45871689382789 29.703160291857678 19.87837503291085 77.54601969467643 31.90814917079396 39.6179061354456 86.63778437974892 5.299487716871637 49.571274291786814 26.830661924628505 22.17964752544083 20.81975898874408 54.915888227564295 20.738386709729518 34.74139467841316 41.90206913842156 17.082877810976544 40.08955352385706 31.087301180025243 79.65982538888542 51.2749267607256 50.664844622746756 48.07083756889115 22.279500351240102 45.98716314312661 57.19861348141074 62.904600243637844 50.39153058425943 23.3031676260645 29.19045105490591 31.351969531221858 12.665090012542326 20.761151924150948 54.78898462249924 59.95766165048633 27.210501418869583 34.958798765525664 42.077498915303956 5.08010227390653 78.4362040196289 17.95875746361826 61.20095629009289 29.052933448024707 34.92142457693148 68.83996625454697 9.953771179379967 24.55567354213335 12.735524872257157 12.492831479055699 25.115111230588756 38.713458212669664 63.333896611318096 89.2793677346699 69.4662350745556 64.90327662805086 78.30349933746777 102.8715990354812 71.50739984397036 44.66516719679964 37.534380621960516 57.92120454956181 88.50472181520554 62.00551332056647 27.171722537991524 12.811359041166396 46.06700474911974 81.31676656062568 64.53683934510002 32.49007827699839 21.872580524122245 49.32968081912741 83.19031241130222 77.93747468292408 54.28505495234063 48.493797596443144 65.48735452486959 93.58259871527555
38.64612683276229 43.051338104881744 81.63060525322308 68.05475478160655 16.058727128099505 52.976773093657286 45.123954374634046 34.708338991066235 26.865870114625128 35.235420194623416 47.91532154478295 60.217258313936334 58.536214709802856 0.0 24.689540978278913 7.2202110737973175 45.87133309061168 39.52845105692093 14.704812242684675 66.70222841335674 79.23065741574264 46.13317360468631 93.7490754453223 95.8881327202187 13.73514062848335 23.2103493075992 46.09788330802611 27.594172195055176 23.0414119427973 76.97093572025767 44.25682851135796 43.38970248279856 13.780626065410889 33.560103508709496 37.135891632099344 10.830472499403553 61.22724574784397 17.96054167258295 85.74890870477219 12.999390992831087 71.33035919708588 22.9325658731229 6.520165465529709 32.78541302943128 70.60978931988286 76.23423152704147 33.911244704486556 85.70081400450465 81.16316738835575 28.8931356818198 40.6208552451305 25.543252266915704 81.38068930940477 63.039034939881525 29.893496738162202 55.26305927276585 54.894093394416124 40.41725895505152 36.706158916065654 39.87690868406041 43.52376020909136 62.197745304834946 46.99755673625614 17.82591973580944 42.32738092173152 18.46258474197242 38.61034586915124 32.642056453654526 12.519084997894439 8.331177846549664 87.77204441643893 53.96032617482241 83.2135658644508 97.9192459691538 9.352715725918511 17.93027398278322 57.545937425420114 31.49539343416071 27.191108908500357 45.90694975148655 58.02313555056361 3.7660544518853296 9.118144856105447 34.265813073869495 23.593612889880422 16.547200964546672 60.57981024919627 21.666603224354755 40.69408004624323 16.044400947664116 85.39614843951543 77.00250879502049 12.408541709195347 51.520448418735526 67.27416783088536 49.2223780512886 47.86364075299515 61.70036966288767 84.45937486149369 13.3816298580421 128.64091636278596 96.79442361907812 68.71677601490495 51.05869124257182 54.992221098831266 120.45277353293491 85.72509366056887 52.162377017991325 25.0047261813098 32.584658184934334 118.46426258125426 82.93482677634682 47.48473340978098 12.791589137958805 24.589835897463832 122.97660329396861 89.20408469349842 57.65137449669756 34.959715742739775 40.655515700035714 133.33116300391174 102.88964866256852 76.99023061546326 61.651005315499674 64.85624366295143
20.672168409247913 22.44639726292082 57.074049798171586 43.958865728856495 33.85308810801693 35.28876461534053 31.860745219239284 10.226510991540337 28.902522601666547 16.959245040154418 29.245444390706194 35.65341184567689 37.72525053526249 24.689540978278913 0.0 18.16811218985351 34.014383687535876 14.882320393109719 13.231310893738371 42.15045083155499 54.580028201209785 21.485119568586104 69.14339930170091 71.43693430964325 35.499052573962025 9.503975158515745 21.946521043688204 26.15527818629752 13.995958610480788 61.16404166053666 19.567698126416378 19.84500492169037 32.24301936773498 15.117540709832573 14.547638522196737 13.868027900067059 40.84048360074045 40.62017355093913 61.09117204462518 30.15442058859032 51.04390222195074 25.085939441770908 30.811955936102148 28.694002722964896 45.95337071737415 51.59703222782813 19.436831986312164 61.10488977909254 56.54293044612076 13.566718056966653 17.99489627718459 39.85321575225947 56.93570237402464 39.29852501328823 49.56540993065014 35.90112765155425 34.56573237213511 15.760484145359023 16.08760182835676 17.09000618995872 28.38021632825214 37.720055700954795 23.258993546648412 7.4119448318645444 24.8924374749928 11.841190003464845 31.465737406622317 54.63129272818623 24.55996656600352 19.452289194360848 63.243799155083366 29.330847341092667 58.782617033712235 73.44051669857843 32.350587714078856 12.676271267910742 45.1292588887735 20.264610518786824 12.033781164617679 25.503529179625154 33.48411205917086 21.54347177962909 30.284508321936297 22.556323514764852 11.304178249640609 10.817424615810182 41.03019805321976 41.59632081195647 22.0610139260399 35.05855661806964 66.4722627318604 52.31316503657093 36.923317971429306 29.045627924737833 53.32913428210857 26.389796608958857 30.064178869784246 49.26944068846972 59.7855489706465 34.87433937271772 104.59863508692557 74.07472678929665 50.65002249372737 46.64711515601474 65.71644292230712 95.76567385477288 61.105994947587156 28.792807689786617 21.36150175938609 51.144956416279506 94.74264649868314 59.50533645203194 25.2548974482447 16.33840268186701 49.277639325543355 101.76541580111684 70.05643071230317 44.6294511757125 40.09804407120385 61.2870227905954 115.37364659902667 88.51508367658819 69.9348456513967 66.9250784549904 81.23527871808695
31.492787712324557 38.226144816077685 74.73861606415285 62.02194651157196 21.575670222947064 45.95041921383135 42.51821509869264 28.366052619343627 22.51385066329668 28.042966406744608 40.78629303597121 53.35830039398205 51.333869451351084 7.2202110737973175 18.16811218985351 0.0 39.44843350547351 33.04031514290662 7.534104149547956 60.31742558993946 72.70585344944087 39.389899888779446 87.29323231449476 89.60345718296783 17.69527029385673 18.718883115001212 39.99028212977267 22.368815249093462 16.062196564789605 70.28600548885171 37.622528041797175 36.29804985686804 15.459313454093325 26.352599358720823 31.566252529642906 4.71969254376613 54.04609888472612 25.017979300464393 79.2071597346518 13.754859148698596 64.17120543031145 18.209337347804908 13.73981926628462 27.305282770870722 63.83296589052976 69.42374216505495 26.919887168522248 79.25991198705158 74.32808210013933 21.732939272734146 33.45462672200816 30.39998658801049 74.4228607814305 57.198487403410894 36.41592975282156 48.12309414174871 50.342567297536256 33.707582329700806 29.48752966619539 32.72603421714832 40.321817764762685 55.28152145838473 41.10180305072823 10.955061426665466 35.23883529702278 11.30175455452562 32.77902361111426 37.05300711086687 10.023230494747635 3.1011569879908407 81.41095857967993 47.173309430634035 76.94599993275517 91.60846971437569 14.22193425653746 14.523347888796827 51.21229799151976 24.75384272454589 20.004166271990616 38.696409457344984 51.1511719123122 3.5565329903943677 12.42621805273944 27.568670267646183 16.419774346522296 9.330026906388845 53.444382294967205 28.104530966581116 33.52473868657714 18.23150199070808 78.37041028932809 70.34619533282873 18.862802289934983 44.31677729694781 60.79801727166504 42.04119947408683 40.793993140939 55.40952257300434 77.70551852031583 17.129273451106286 122.67568796825549 91.51471358867386 65.05934345151348 51.21182014014597 59.53771795465996 113.7331303186018 79.25142122104835 46.46020066061597 23.8434974812248 38.86739180691076 111.30454455373003 75.75896219897135 40.27840295619892 6.122892456886298 31.38216938773956 115.80062868391379 82.16368686330128 51.226432078661695 32.08758822442287 44.35391034566427 126.48485595361203 96.5146794165558 71.86018181260656 59.538440946855346 66.76753705785818
15.025853358412753 50.6901787034177 56.28971729257593 57.48211268160853 60.98960118976491 12.990879977271938 64.08910698304891 35.8837476975223 23.06718514779622 17.86139941570449 13.719668350592778 40.4190426022063 22.937452516816943 45.87133309061168 34.014383687535876 39.44843350547351 0.0 35.66026328640412 32.47625360884816 52.296714371224645 60.30897117452608 34.70288348239119 73.74526731136898 77.8477946487921 47.03774687353461 43.436872864350704 42.32068990810778 20.00904986657798 23.936676044264875 31.358726402121267 35.510262930554596 26.897390927711946 41.730731567719694 19.40021082526878 42.71848242909542 38.94735168282557 23.581373261256527 63.61031195869252 65.57348614922533 39.899503958910664 31.104059247626214 24.83290392958951 51.895231525197865 15.14464871388391 49.446937038967775 53.32769060426838 14.600972264936933 66.92596943886257 56.97328401247285 20.67004804252709 23.9453561262203 69.40833179361083 54.72105071322111 55.731250875214776 75.73701103403432 17.649289370372124 60.35644752939271 33.22620903660103 20.684357704725816 24.49217431718616 60.05723296104162 40.61464665306973 44.80285376535071 33.909766296883184 12.076749829315252 29.093189097779998 9.246985775022527 59.77872873576646 35.32584768833343 37.559434865063714 69.7581648978285 37.85754737460689 67.02977834800998 79.33690453965248 47.22883739666648 45.064922656248406 11.794866298190051 15.01877785922463 22.4560931578796 17.76337329737872 38.74794300151181 42.25853051441217 44.12651215102019 12.208478791737644 24.941094485256592 31.889378410279406 21.290925369468514 67.45940989325831 15.080609162686386 43.27810168193093 41.73241626512556 56.52560686260184 53.432334627437804 24.702177458581332 21.403679401601845 25.259600047667323 11.780452842182635 16.02048389976892 61.200426501564074 46.36102992549719 111.67569504594861 89.12209507391725 77.1111170461729 80.50832560436538 97.71973284988773 94.43445150284857 66.50297857858608 49.59423931521455 55.033561322956416 78.29405504536676 83.33581793088925 49.68133429206467 22.886970937209544 33.340574909641 65.05056853604027 80.94783171107738 45.60291024615278 11.785983440328714 27.025976521777626 62.081457995224795 87.98276304493027 57.068726953408216 36.12337792758555 43.418234694133666 70.69351886209834
