0.0 54.424747591846355 14.66097529966228 38.963545430579615 43.44527578982118 22.659788129844905 39.59439283874193 42.50476399319786 18.50447877422874 32.86954192251077 12.803518765415477 8.866577547977409 10.032207881466325 17.303073903103755 16.38137462699059 55.18272904278119 5.690452784629573 49.07133410281853 47.44026938608167 14.816807319255519 30.70072037638957 31.878650621314286 27.84305697841492 13.187024927067037 25.780313586237906 33.431410109697154 51.283871429792384 3.7836316131356575 59.52682778543286 62.25545126092717 59.06411705194891 17.626148277983447 46.732404570004775 20.322440518740525 25.032262267411227 67.3137000183018 30.817907740011837 75.5907969440194 34.486012012274074 24.470017246457513 11.898820340652682 47.147103970091315 49.96625625415499 21.11008087037052 30.126493523026078 43.54958002981611 36.93018573433148 39.29931499814624 37.00299554970424 9.288696054645639 9.740831337462925 23.181104063995292 13.668969654436191 38.132262213277805 48.1309203831085 29.88146868699646 47.22734966421385 41.368550976340224 31.223564307468944 20.728868403953193 44.48819047049166 0.9468888169355125 13.726835337577869 24.46353169051465 17.82285164108698 57.46156841421984 13.003333069692479 15.537061933969225 37.89575069495284 31.10346710772087 38.695798618236935 42.50476399319786 17.098568110343678 19.188378235318037 21.662303995197952 37.78122208417315 45.01547896162042 13.529219678843154 60.96313261494186 50.38634051959444 55.07869516313291 49.92311998794982 30.356557715898667 21.95651389862149 23.243243295594326 62.9360371574971 25.79574050511134 44.791205718584905 33.428444036109916 18.653566119002768 50.178288346977816 5.991015206054719 48.60337240109943 43.68027929487124 27.8165592928696 22.75264672748343 37.23851834695188 19.95011554149976 29.934148974227732 10.642907071500138 102.33211889112155 76.24579208826913 60.72163095751365 63.97616371124944 83.85058128646207 88.76639546831329 56.9689966834388 33.817899479260085 39.673973724412846 67.35419942896911 82.86637327194941 47.35371464095208 12.252488747546685 24.291632096030963 59.684621289206724 86.22069665268062 52.95470692785364 26.58181001834132 33.78140680356219 64.0934743253477 97.88237300716806 70.22047219019035 53.03796755674845 56.80926694198341 78.57299242227778
54.424747591846355 0.0 51.864567855380926 56.311816340232085 61.569153591988865 75.12025007354933 50.42052090053438 65.23847045442845 72.8814584744863 28.07802021559893 67.15760532959882 59.40626324421287 52.90132554603208 69.04250583677461 46.955416043908656 32.123843970137536 60.08008783827479 101.33244074884206 24.238110566026332 51.16243223228359 36.824457537199656 59.90692188469242 30.821611185623084 64.17154552269126 30.90411659530757 87.71493324974514 69.25026042644167 56.28129034868358 45.668413629159524 23.479812201017495 112.42982927973992 69.06823578423158 99.67920736479586 39.84771578231239 49.488842988702245 17.67844407978152 84.80520684947908 33.7374888059923 50.22889340489041 38.73989810413113 56.386943869086096 101.02297268043927 27.947070555030574 68.9329904375651 61.72646225507451 97.96225126133018 71.02158589045251 93.21483334046118 59.79539852690585 47.606631886734476 52.03661779085197 31.354792134506187 64.09474852423405 63.488445048382324 69.13121317414512 24.844699453244704 60.299797546855245 62.18602938009241 26.6623880444435 40.07993211388418 72.2908264543529 55.20670958894939 62.66008981954302 76.23655484534262 49.5408589218736 41.62879504567925 50.894134946039514 63.617855444815355 55.013437543728706 23.48163103059467 31.70572622967471 65.23847045442845 38.41573856144816 47.606631886734476 35.922038577215034 92.17667753851342 60.14076050894532 67.81045099196419 46.55560787601192 11.991038729486132 108.20708306595635 53.822741234329975 77.36579102172647 33.455251605179726 75.80698858709344 22.306953813867565 80.22036144830378 52.62032793463077 86.78166887100416 39.50795756626392 15.435243712384716 60.306962960482544 21.9870352590712 10.744524180717912 62.1274517809204 76.11239481581077 65.56594822050651 72.56414583611135 25.542698152210797 44.17306145489789 61.375089638883125 54.42440238589611 68.47831655084343 94.59753915865848 125.46019011711564 38.6913419239215 26.711304514404077 49.62020551429291 82.11597261734636 116.4306586733606 28.81035537319613 7.265452109423628 42.51761910153276 78.0699685913462 113.64111482963528 42.023673834099654 31.30386532111832 52.2117459229356 83.69224842848756 117.53684565831915 65.6111644549189 59.117483762032656 72.2292744465796 97.32111025921691 127.50634544353272
14.66097529966228 51.864567855380926 0.0 24.302726653891135 28.862881457543715 34.764383478574935 25.26348276244113 28.282597055118295 26.066356861392574 37.540983426760825 21.23703743830969 23.393411895799964 23.78406235925746 18.648512794852476 4.9791461865507 44.583497313728714 16.71486213107534 49.79146186550559 38.68033713440634 0.7113065980788735 38.761356906122536 17.73848282298304 21.348418144372072 27.168683571210835 20.96846121272019 38.999501981537044 64.78305571702498 12.304816273584224 46.685974894175104 54.08160890008681 61.37333458555849 18.470157413632077 48.51234624712684 12.108435143406762 10.628183505902749 61.496664347168426 40.18185009655627 66.80524422276584 20.06792219066505 32.82492701102269 26.35226583644741 50.77411746076437 40.18878115595901 17.11693022731624 16.630658521014745 49.62489853043385 51.50181353139871 43.27860461807793 22.520019257841458 20.03396289099641 23.193714667524727 22.302247967674727 13.743636307369002 24.02435144315246 33.95043947082622 30.354421973392608 32.56644474524807 26.898893995647875 34.62538591922943 29.185246135420524 58.80173910386069 15.421806119373894 28.19096096564607 25.1751793984446 3.789630300477095 45.145970714982816 2.0071203872214216 12.236499394219228 23.24470469374139 29.100467147644235 45.23988091117626 28.282597055118295 14.848444094059927 5.881170528050074 15.959568624451258 43.88601026166829 57.752036658428906 21.359041518372713 48.0846888918507 44.85207178438877 57.026263591732636 35.5953490239385 44.309297291760444 19.07358570168085 35.20339713749616 55.11939932476844 33.375946149595244 30.39998442175596 36.341409153623225 26.145784483534786 43.680724038293356 18.3514937423775 40.395070839213496 41.627759462442526 14.927654284747529 26.381382782944215 51.35448213466167 22.415098408608404 31.57650502107189 12.802579669755897 92.04588016565643 63.489894477649415 46.061458532084 52.388145989605924 76.8085043136435 81.82775751293153 47.65552936965522 19.45563768239547 31.909230233456835 64.7308341430277 80.62339688080746 45.576788879171424 13.658843475203403 28.776606580231377 63.26002630494487 88.80037060512969 58.7329578354156 39.316604824304456 46.62843613742307 73.03976493008355 104.172090615641 79.92447310285628 66.75431467446981 71.10890131080508 90.49272542114632
38.963545430579615 56.311816340232085 24.302726653891135 0.0 5.760928358910747 57.55117489492195 6.523401688497097 8.966975855435418 46.79936546341125 53.77894543523224 43.328673468437344 47.66067975487161 47.76976665527011 37.14177120217838 23.80327039418146 34.2353801492604 40.46397631568821 59.64886326868887 34.39296509850481 24.169286058391037 58.046578490406766 10.018762240662156 29.446666276068516 51.20506070247555 31.745083174474754 56.08673797026063 87.94625180619123 36.41895802698248 29.300338164337223 47.76853732930369 72.05118933336244 36.650313992065314 59.95538293043431 25.46674847073878 14.40725845218055 58.90656243526481 60.58994890096694 57.61929258931195 6.668013093958662 53.02273626772788 50.56628197222522 64.24152437402488 33.037105594206714 31.49136486662397 13.414944692399756 66.02849422319302 75.72313083170043 58.101304130449456 5.134130893489088 43.2215554977888 47.091735745804996 37.039614406471564 33.8007535519176 8.535679176943654 13.155784370935319 43.671760783929564 8.268113913164077 5.881170528050121 50.08259149094107 49.92815187488918 82.77750030626703 39.71981078231555 52.41738006440215 40.570860055646115 21.398175446878206 29.7077056045928 26.01999762578618 30.789053139675598 1.4407575555095482 39.820020511343166 62.39822548865724 8.966975855435418 32.3148128642116 20.671269952235875 29.007708278141493 60.90731042015132 80.27896542056004 43.12471589845082 30.394132981344605 45.52506368783568 67.6495694252181 13.429237607801198 68.11992140686675 33.30615409658009 57.87551161390962 49.409618059910976 53.022092636935874 8.681962284537873 51.127322440888314 46.70885952791458 42.804044918640685 42.23664219185368 36.842820467116894 48.76166315727326 16.101167213710557 44.10097997074619 75.19189925108802 40.348822589272146 45.85850743717639 34.528005253662236 78.00905587603808 44.87210190219745 21.766941735769855 38.29223771258889 70.64695802761179 75.22804204980991 39.89194018946707 7.46228198429944 32.43785738393715 67.68274307247145 82.56066917170133 52.32083388373026 34.50886580890725 46.65233732447474 75.45996245234957 97.75666013999614 73.83595795696273 62.283734033242894 69.56226790491463 91.27258876309739 117.81088488080276 98.66128777810627 90.11513453170434 95.07611632778035 111.75974667754659
43.44527578982118 61.569153591988865 28.862881457543715 5.760928358910747 0.0 60.861103322292635 11.170612191266454 5.018280839433876 49.582504490332596 59.5263537749629 46.60940702007693 51.97122570993273 52.585897166812615 39.69095476004016 28.943530331398588 37.750355150070796 44.425872989821826 59.27508567970604 39.04941618351164 28.821800904607144 63.688572022859326 12.310785889310223 35.19628635923363 55.239261066715066 37.50593802752414 57.62919002981828 93.13285772551886 40.64717811340615 30.900984575338146 51.68527346405543 71.62700341876291 39.15226643936041 59.96115370288875 31.095550789654396 19.618392222053934 63.256614627191034 63.00789633950343 60.72720553762783 12.42586924725008 58.580492870501274 55.21369086144407 64.66032600501156 37.27208658761127 33.51656729229278 15.284847410351672 67.18838155765927 80.35418948047024 59.00172102746509 6.611236625777518 48.297951260549446 51.9507533812672 42.772171803585444 36.8904084326037 7.5773438770655765 7.5773438770655765 49.43256608533726 5.293409391213252 2.8421030422408875 55.83667744596793 55.42124865034343 87.62728725264571 44.14852782032336 56.63960021737319 42.21584400112655 26.300726667194876 32.01496924329466 30.697033461545608 33.7549463994009 7.2016852714472135 45.56198607619163 68.13805475776051 5.018280839433876 37.889015690150345 25.829742830339512 34.718702640470745 62.32956128835971 85.60681157545562 46.30850550294183 31.8046540385165 50.53924573310486 67.28956980502787 13.873745059129703 71.89041486617548 39.02762310246186 61.13394702065519 53.40108415541041 55.34457261465505 10.742996813736717 52.20779817322714 52.20203621549882 47.68740092983739 46.24819070540178 41.52397993044528 54.298567998572665 18.159054549042988 46.15869909637842 80.1161340467128 42.61150232679468 51.618300962246785 39.77228520229145 79.53816391159751 45.31839860533712 17.703119233317288 33.2452861896947 66.55300986315935 78.64540630253912 43.7477834840294 13.222916013360049 31.113192972286644 65.52422732736066 87.3259225895979 57.80145000177616 39.85445354863259 48.66134289901126 75.36347986450008 103.19102842454322 79.59329937189314 67.48270658739996 72.83443896488903 92.6709918859099 123.50159278072672 104.38369309863455 95.24332535378187 98.88705851300782 114.09659650633806
22.659788129844905 75.12025007354933 34.764383478574935 57.55117489492195 60.861103322292635 0.0 59.73440129426282 58.49158008366241 12.438545409059497 49.88978980185983 14.255625177092984 15.747477734958995 22.36589649421351 22.066520167017725 38.03781588152384 77.76655383384694 18.305836356653646 39.40207413927893 70.08976828049538 35.20754692306067 44.26049550603779 48.551900502463 50.44768535204405 10.95660140236243 48.23042084098044 19.824358603801763 48.343742177615326 23.028112610638576 81.33534138718625 84.8056901721173 45.63433053207899 22.68083433528279 35.846818942394414 42.88795227997099 45.26329812129832 89.2269810471326 11.112242661053715 98.18768955503582 54.50273492097557 39.12186289432673 19.245727154456322 33.32286407012536 72.61481612187623 28.9417042989997 45.76322459884768 26.575034326874082 28.786800409366453 26.568570487102622 54.270205457849315 27.540768958903683 23.17694887078974 44.818589249988804 23.985665483839547 54.126118811006506 63.631587331793575 50.29143791968565 65.47355363260309 58.309875422457694 49.560988393888174 36.36267933549953 37.7886926405593 21.718502128285046 12.818667708940897 23.887937179939357 38.49610585117054 79.55994559881022 33.7689917988016 27.15419047267375 56.78332813927555 52.55136135078221 52.874680957697 58.49158008366241 39.56638949795282 40.348822589272146 44.298640025435915 21.90977055476212 45.90226431448218 14.568975833358024 82.74926701918567 72.42850062003039 42.637748429706875 69.95821981071478 12.623842442427767 44.22943943307646 0.7113065980788735 85.4248414627333 12.22383072738484 64.72223431303271 24.431858227737315 36.00732831537049 72.48593472426535 17.020290505300085 71.21088643083749 64.50102693178738 42.92938122787749 18.984828918315902 33.36318465603325 20.52358284705041 49.66410760982501 33.07110364571973 124.98723965108009 98.13643353360217 78.56087787637524 72.4221369287988 82.76607240631822 110.90610874801236 79.62689001434836 53.97117670986728 44.916632390419714 60.45071929487313 102.71458154381183 67.87536545945481 34.58395969020662 17.81124242492819 44.39184049916801 101.84434381190368 66.56372295469968 31.959297867854776 12.01136488523304 42.418836761637515 108.47179532735895 76.2328248977894 48.876755775751256 38.71190220550465 56.03986031195807
39.59439283874193 50.42052090053438 25.26348276244113 6.523401688497097 11.170612191266454 59.73440129426282 0.0 15.302067382084479 49.75450738247166 50.16405020512603 45.729443346157545 48.451423167750605 47.578637940641414 40.51598354691758 23.460366025603744 27.769542613839523 41.951059689411416 65.14513525547171 28.003146726027936 24.953098959058032 55.23190617459843 15.082619069529073 25.291351707763475 52.41069876302675 27.960766508073707 60.20096080960506 86.58622046689122 37.55949656463069 23.87068583357666 41.245299219820346 77.53236308604453 40.084645198437 65.21769065395095 23.23021541139489 14.639757726621417 52.430331452979736 63.80762989235274 51.21797218324104 5.232006965585719 50.648455355224776 50.689151822790606 69.20320246893735 26.527214438851704 35.51325561686251 18.407990287163514 70.40710711272772 75.66821619171495 62.73786360247414 11.380905569259147 42.490199196038915 46.81609051224972 33.76375833301971 36.635771176546534 14.98985250388404 18.713208423846492 39.686653779285926 10.64259437932051 12.196680972269991 46.37386555536899 47.84420859051095 82.23763673889862 40.43342049257771 53.29859203784978 44.76306089010628 21.79722591375252 23.79151456157335 26.664453410425644 33.85356076517916 5.690452784629573 35.44515010441664 58.84031030225 15.302067382084479 30.15879963140628 20.462498654666536 26.093272113573125 65.09233939451705 78.5530414469534 45.65254938405855 25.084126027890687 39.37408720445545 73.10680171312197 10.339680251346413 69.57189040505305 30.203700354383177 60.12293112752483 42.88688976610303 56.40957371190641 5.21853551857074 55.673978886974204 44.65938195609904 36.55034672209038 43.61246729721171 30.467013799768427 43.390171141259536 20.74067935342146 47.86101711475224 74.52577907797568 43.962187044299895 42.009806354372195 33.51053137174706 72.27785009302262 40.09016294639085 22.85946243803719 44.385686745254255 77.13510004913991 68.74493082266945 33.372040983763696 5.807857123185692 38.548408120746686 73.96241486224783 76.24661166342128 46.809461473850064 33.17972044243879 50.42668228127713 80.7279071630381 92.12527807309161 69.56621059075574 61.02443888315859 71.69825880755944 95.33851362367717 112.89941252592301 95.17635525997746 88.89795607998515 96.32861119338543 114.83728843928537
42.50476399319786 65.23847045442845 28.282597055118295 8.966975855435418 5.018280839433876 58.49158008366241 15.302067382084479 0.0 46.827868918527 61.3174037430869 44.320343366252416 50.7308869329937 52.027453319004536 36.84860879032405 29.22501743005829 42.53295342704272 42.85137423524671 54.63545316921157 43.29659204212919 28.365681885336368 64.85674480327435 10.626246445662284 37.64401677119889 53.64787266891183 39.670106969574896 53.924708902437935 93.0388437825371 39.425809050606695 35.9185207737179 56.34436412607291 66.9487461259609 36.27924634420222 55.46216404937878 32.45360342968561 20.337483701363528 67.71406500861328 59.878916008045856 65.63437095624822 15.161065634277753 59.47829620899013 54.39081232233353 60.32585332404267 41.769112277287014 30.364773126298907 12.816435215622862 63.22126264752338 79.38844693776466 54.92200253307667 6.306176395257022 48.195130766207136 51.46261668106318 44.507715394220824 34.550126959543135 4.432536662866611 5.669911882095012 51.5815127334769 9.980376291998244 3.1079559091712188 57.72653758872175 56.149320552218214 86.96335784370063 43.13152136977821 55.257164974140395 38.68301704197769 26.271464307530803 37.009275910903284 30.22790438536035 31.359997782299434 10.226403031802144 48.03009346477331 69.82830000615088 0.0 38.9834785232608 26.223943161526357 36.383000203603984 58.53117337977434 85.82270790151793 43.93303793949346 36.81645044527269 54.49203266272558 62.6393946170478 18.87229413126721 69.9211418211732 40.71433713459086 58.71525698422818 58.03033589999195 52.185394977066274 15.661277204946972 48.2569085009436 52.94886701414798 51.761699560132044 44.70920823731491 45.755587624541306 57.4961593245857 15.588646189583551 42.87352061767044 79.59240601673763 39.51127612620329 53.64768081476619 40.06413832102306 84.5384872626079 50.19617366871461 20.60972826555996 29.361045168314533 61.89980673266116 83.48771625935204 48.4227525756641 15.859879717801572 26.277694328643957 60.512042360948705 91.50653365187739 61.11287301228267 40.352210243076 45.321061027773 70.79460679480361 106.56649134461443 81.79020499194198 67.49057415414748 70.3735531327447 88.78071735955668 126.17029672241932 105.87331133193861 95.0336727936635 96.87964964723803 110.778882035799
18.50447877422874 72.8814584744863 26.066356861392574 46.79936546341125 49.582504490332596 12.438545409059497 49.75450738247166 46.827868918527 0.0 50.669544089202084 5.724390728765167 16.704880262452487 23.716948204552622 9.988104347136995 30.282867523511175 70.5563636697571 12.818667708940897 32.10276558770084 63.99399990826169 26.652610880597646 47.00557079636271 37.32563286209657 45.03827962314369 14.599610886720122 43.45107159053663 14.95032716355526 58.29564655350661 16.782079822377458 72.45383541375479 79.22563143132386 41.04411725143108 10.571872971751338 29.24029946054718 36.38878368763603 35.849710761175494 85.23711267592546 14.16385021868611 92.28856541035209 44.58567619796523 41.07179759293898 22.244601885761004 28.88067098958316 65.92074307535559 16.732965835772642 34.31539624155782 25.087871883379712 39.68173144085559 21.079746468509516 43.08057686827879 26.678541478161314 24.16351000620422 41.55807545260097 13.119005530297233 42.54737383056665 51.7773301917875 48.38505092705009 54.42201059719549 46.923304551683636 49.402553153603456 37.62971935896416 48.5972553477906 17.78266495196618 17.43708061153296 11.740870066856537 29.835186777729778 71.11688580011209 25.648189660268283 16.01606498988475 46.18812262337971 49.477873154581545 55.48179322763259 46.827868918527 34.95630776315661 31.941978337461777 38.84781409543511 19.295220694703634 54.464600408514734 5.132366009671693 73.82341969737976 68.28682904269694 37.2691884800741 59.71431269530436 24.97564726860884 39.9573213886989 12.457657976321773 80.08323464973252 7.534743317142071 54.50632308852005 16.058148490139892 36.22360985175168 67.77101933802774 12.864007501113289 65.45710043424481 62.14055980488708 31.443371462761533 7.16174882881812 43.133587097582996 8.085056771459 48.38505092705009 28.78596382289374 118.03958938800314 89.20884768288492 67.19545331329081 60.03645549685461 72.28872411045758 106.38900160835122 73.26768319791975 44.1574076220089 32.615784584520505 52.0566198468702 101.36920552852553 65.84136457862347 30.441178740743172 7.103242228095001 41.30928891489519 103.94562227180559 69.70705149495286 38.021751347117956 23.757820438619973 47.06818880827725 113.6024616900979 83.30718314301089 59.2183385551559 51.045997667741396 65.09019537292487
32.86954192251077 28.07802021559893 37.540983426760825 53.77894543523224 59.5263537749629 49.88978980185983 50.16405020512603 61.3174037430869 50.669544089202084 0.0 45.22634073754409 34.904811467475135 27.74806538897294 49.908547862445516 33.93511118778802 47.30280224596968 38.325263971403224 81.93752007112973 36.971833562168705 37.00635910505208 8.966122323020793 52.42474874719426 24.966402851940646 39.12688790892678 22.205006106375286 65.49646847124352 43.42681113931776 35.93507193548844 58.18486771857619 46.2400591824253 91.68006513827906 50.1477998807825 79.53160693784275 28.964620804673718 41.26061333781557 45.0899991098332 60.46106083668586 59.00882382979947 47.162665149039825 11.124139524284873 30.644113126414307 79.54787709490486 41.28278779876304 52.27060257498274 52.71095541776101 74.9474187286254 42.962907527876396 71.74657218830065 55.024385272169866 24.0054020890748 27.05882482626362 16.810476486767424 45.60356756024549 57.96839472674153 66.57233567758955 10.80853039642785 60.711553031547915 58.830719200592085 3.8482606681807954 13.529465840961619 44.74831205766615 33.364721540901634 37.072939034226 57.206150070333344 37.221244723235706 54.55172342489087 35.78724384517142 46.40306178872447 52.34192196775496 15.774163592964651 8.677837348438521 61.3174037430869 23.094536286616297 36.26932639393301 24.93441258486123 69.4025211193808 34.241756908610014 46.060856800904325 59.503937445487644 31.172402472293914 87.7985025039207 58.065555279965494 50.16393297702319 20.60330709781432 50.59969534057813 45.91673537835289 57.31903742504188 54.506018833062384 66.2038541980013 14.447029964151412 33.233589358941344 37.876081047118866 36.32314602072894 19.387093410518773 51.785861889461806 55.595020130874495 37.71226840183704 52.787902413486435 8.316027928587058 25.428167953847748 87.3581501731652 72.02428789583858 72.63372874506707 88.85903395331582 114.22918250332613 66.66226607180847 45.0547024273189 46.34834343737141 69.2718261886354 99.9058411816516 53.379549090288336 21.2240312446687 24.160912313747613 57.00216492161409 91.90729496575538 53.36751976630316 21.194043953277998 24.134825437218495 56.99121919538119 91.90057289516709 66.63336630539811 45.01233468073296 46.307551827228615 69.24480308015895 99.88728880386695
12.803518765415477 67.15760532959882 21.23703743830969 43.328673468437344 46.60940702007693 14.255625177092984 45.729443346157545 44.320343366252416 5.724390728765167 45.22634073754409 0.0 12.298139770676228 18.850493944240508 8.975364075531413 25.13796559413241 65.41598123720314 7.1130659807859065 37.000814234530225 58.585060136856384 21.76739930576399 41.96649321442251 34.30217301612236 39.46891069813809 11.707954348212953 37.80524002045466 20.627891344281675 55.95998483652679 11.116141176637147 67.89822385908877 73.75051655795492 46.46087478300626 9.581366128749295 34.37635381859575 30.964079762359464 31.447330023135702 79.57927178212228 19.145103459962883 86.88298185973917 40.50872412255251 35.92113486402195 17.978741495577864 34.41743123534416 60.64157788599829 15.634223729336446 31.55225520458641 30.811780229896947 38.31958936122677 26.58049505107586 40.01586522824734 21.224554520218426 19.17898922395773 35.834190176703906 9.770517855869915 39.93397655252598 49.54023123644744 42.68299418616298 51.22179536173703 44.070549236791834 43.839771126218466 32.38182347165269 47.001304527027095 12.108297812040265 14.356075340459883 14.048317051985864 25.02611428886702 66.3791104386022 20.580190867601367 12.961457448627622 42.58925727947544 43.75461434168128 50.343171399309846 44.320343366252416 29.27189524920823 27.044668299096596 33.26136599055337 25.019255774343012 51.378320466128166 0.9454529372281988 69.28938911027544 62.62708212680832 42.578234886588056 55.87789324038282 25.772850404872994 34.264279566413975 14.553036065918386 74.57227305910061 13.175588841087643 50.64354449783364 21.056179513864837 30.803178000308442 62.16436266924033 7.354895495883128 59.98983279394275 56.41711292395809 28.736259066969325 10.809962704966088 40.90716269939036 9.38969136488835 42.71976277852463 23.068481183912567 112.88378398955736 84.69505821241326 64.31092438392618 60.255082926863096 75.21697252743209 100.79367757837026 67.92812144871985 40.01604922905973 33.47430324055885 56.32019201197379 95.65691987330133 60.12175975236652 24.722790966503624 11.832899560685973 46.915129246783415 98.56697523119145 64.61036096302121 34.143054156044045 26.252558286147966 52.39126599178907 108.88039409390346 79.3335745209362 57.13884649447633 52.61212233925644 69.30641356688157
8.866577547977409 59.40626324421287 23.393411895799964 47.66067975487161 51.97122570993273 15.747477734958995 48.451423167750605 50.7308869329937 16.704880262452487 34.904811467475135 12.298139770676228 0.0 7.222089290398767 20.320562151126005 25.228534780484768 63.29960159826125 8.391590078754906 48.80652183236528 55.07451042193145 23.60005804748806 30.455748418285808 40.14301750515269 35.36759961786605 4.9443490079122405 32.926392081175436 30.94955917509199 44.698733592270926 11.33226289582164 68.20709605603467 69.48495515223581 57.454174249176276 20.840023217826808 45.91498563417888 28.672850903021523 33.8666538236985 73.52936247208929 25.67499827733127 82.93120290339307 43.32891725095048 24.698342552642103 5.680614139833325 45.130982645010015 57.88626120505986 25.98665887961521 38.10276362774084 40.06971453348354 28.766259552321323 37.47404491947146 45.453716628212916 11.802721968984303 7.849305590985282 29.15058320023632 18.605879742958226 46.315766492575676 56.29536614999152 34.565685198133004 55.90867294613961 49.78892013327075 34.19455145029615 21.485738966702023 36.811524141632034 8.018306691802398 4.863190441177956 26.2911272233224 26.664828785522854 66.02933480416176 21.819369473788896 21.363289322176744 46.63056578910223 36.826877890685076 39.013933512507364 50.7308869329937 24.385118990651325 28.05491232515573 29.380694473595756 34.59794862188372 39.46030628928987 13.243591181575487 69.64816757446887 56.78264156741192 53.82063770787067 58.78347997052381 21.6470123937708 28.81346187483353 16.423591918066304 70.02253047959317 22.606024580711335 53.643266222546075 32.76196374034974 20.637394494768206 56.95937836493647 6.597506631615471 56.03481523550899 48.76593949917617 35.59825126339789 23.017758995881366 29.99882032246096 21.58381254153232 34.01484839071175 17.998451645485304 110.11387361682512 84.87405218527975 69.38487161155577 70.4061942427312 87.36086121253345 95.25650183553186 64.66146129715885 42.66832676067934 44.634580059921944 68.5279757671044 87.18217586576615 52.17203778419592 19.373159056547326 23.683857046168384 57.260273356048586 87.78348731297893 53.16143907543549 21.87561322459159 25.751741554490913 58.13749067490056 96.89902860057076 67.03543750611665 46.154628186236025 47.94706673792182 70.70901214735174
10.032207881466325 52.90132554603208 23.78406235925746 47.76976665527011 52.585897166812615 22.36589649421351 47.578637940641414 52.027453319004536 23.716948204552622 27.74806538897294 18.850493944240508 7.222089290398767 0.0 25.87664203480782 24.169286058391037 59.37915864765794 13.166884517613298 55.749887371478415 50.554177063468764 23.775719979674353 23.300947628683513 41.42752394339489 31.055349765711423 11.449282151605662 28.27904534674358 38.148441071979995 41.315367590434676 13.737839324158312 65.53195074284801 64.40951436580899 64.62183783797086 26.316940212407093 52.956378700841725 25.828383247195855 33.45337980917419 67.61856535923073 32.726031913199805 77.90077318761519 42.68789759091094 17.481121213026032 3.788672445336604 52.3201657835332 53.71242955430495 30.652096045822343 39.90014826140119 47.27846751560528 28.09088501484655 44.63273887346892 46.30085376409539 6.117095071529706 0.9473677018585835 23.649587017256756 23.1015523402723 47.71487587838023 57.68650361356572 28.170692563197917 56.01758365005439 50.67960908302286 27.211406036981973 14.281273365378674 35.04166764841244 9.739310150494942 9.760583188395277 32.462252621153226 26.372504097662343 63.021055424578805 21.89869522387755 25.334066262198498 46.59793172369041 30.947437116064922 31.825775786515887 52.027453319004536 20.29102054659115 27.255886948331558 25.51800239676889 41.81957024618911 34.99327597849422 19.778357587735705 66.98088193038475 51.09630928554454 60.94397907163841 57.76242040957679 25.68800126146705 24.044476202256472 23.067420658795474 64.80758971243313 29.82198540661721 52.792832340167315 39.72429612329259 13.64502421585711 51.5692346529039 11.905344268663427 51.27173717440592 42.379331057406965 37.69655521180807 29.658711910787268 27.571807273980333 27.747034625513514 27.375717094956553 14.626070816609245 105.50463953356463 81.94050615279296 69.49371420621831 74.00417732630228 93.03747841943756 89.45924053274757 60.128667854346574 41.953945465975416 49.36584086198104 75.13996812116117 80.34873418538076 45.63989988295828 15.565641431698975 30.557900464875424 64.47859120843617 80.56181941350367 46.010487636573764 16.61113649235696 31.098253911286093 64.73391379188367 90.03230953117261 60.970060689301434 43.139930556029235 50.36797279983202 75.79568277260823
17.303073903103755 69.04250583677461 18.648512794852476 37.14177120217838 39.69095476004016 22.066520167017725 40.51598354691758 36.84860879032405 9.988104347136995 49.908547862445516 8.975364075531413 20.320562151126005 25.87664203480782 0.0 23.445395764153506 62.974803416849376 12.714478211947814 32.49122093459466 57.32856580272642 19.32813850900489 47.98469848380435 27.492603507345017 39.44094510411479 20.585234917526364 38.456408379668616 20.43531131805665 64.71018757494521 13.979672996654855 63.72428932570544 72.72740782062255 43.39411510362018 0.6225329715957889 30.642672324939376 30.29048867316717 27.252800722750727 79.85495824233823 23.448187721410026 85.43177671222726 35.44425153940485 41.76419352496354 25.859734250036666 32.30149465765424 58.77516672633012 6.885367512089988 24.407079836499626 31.03777107240222 47.290267059898724 24.688566013881413 33.23877095859821 26.586447035989185 25.966778959075413 37.952848944839246 5.017964878280899 32.58524849596948 41.79142454422324 45.54602538314486 44.60114785668167 37.00319075956802 47.94164736560416 38.031112865605856 55.94469464490409 17.02703499888365 23.122336300898382 7.353696284253979 22.16696868154567 62.68022353400617 18.86926567801599 6.808425352256631 36.61692729601859 45.631231468375724 55.99137670262266 36.84860879032405 30.64362412082242 24.383019576528508 33.524864736836065 25.355144683073302 59.77486788419636 8.218562382771797 65.05729063418123 63.04674150173164 39.165938425425686 50.25491141119634 34.26207646461949 35.58732832265352 22.19018921094274 73.75113484154048 15.916550110173532 45.09126587659509 17.879992516371008 35.90034827838999 62.09612945779428 14.063815387032017 59.026297212161026 58.44851725865565 21.53251605809112 7.763088591464701 49.730491661007406 3.767971424308708 46.05990708287516 25.392304585101208 110.32012374625067 80.364528314067 57.25856282828791 51.291193426446355 67.19514810852182 100.41908123652213 66.26911686172868 35.091309251101045 24.564288768354047 50.07602962413115 97.83062248606075 62.31591936379186 26.980131080934814 10.236781574050083 44.87612369299295 103.10710594128697 70.23902214798986 42.04942626701669 33.68942486168879 55.08166234620376 115.17232949980827 86.8462740182827 65.96984823760639 60.77748087641166 74.61849118627617
16.38137462699059 46.955416043908656 4.9791461865507 23.80327039418146 28.943530331398588 38.03781588152384 23.460366025603744 29.22501743005829 30.282867523511175 33.93511118778802 25.13796559413241 25.228534780484768 24.169286058391037 23.445395764153506 0.0 40.29281170255405 19.734707035827306 54.77060805205629 33.95285860760949 4.267839588471826 36.08179766359978 19.188378235318115 16.37209252967471 29.49618207991178 16.095615384382473 43.67246139474758 64.19427471877829 15.031814348754057 43.35935850907709 49.32375493618448 66.33764979644114 23.303590077999186 53.478309615939224 7.140647372235062 9.39604155429449 56.54655602921656 44.25973999788356 62.170159893471066 18.519140556072937 30.433725349776005 27.228973588695283 55.66663877659287 35.664085009894855 22.085852549658952 18.930614789663547 54.29809803573778 52.252907985302414 48.12381364476605 23.0787560951369 19.418468700288248 23.437111518294632 17.999530774486196 18.471989115389345 25.261469388941062 34.84799844639034 26.024439614024352 31.98426412330228 27.37372554160379 30.79020644056613 26.993866842061163 59.05177564318855 17.27268198845643 30.09151714248975 30.108461565785746 3.290603441318018 41.522596054026174 4.6628096018466465 17.174002070008726 22.563859616882347 24.40247803047435 41.96678270803992 29.22501743005829 10.855571979014677 3.1320146043494437 11.121071321681997 48.5274100732999 56.70577528235109 25.380580007482195 44.7841836119838 39.8779502061772 61.995784933572736 33.72488072070739 46.70669067907652 14.545545607697774 38.53148674888977 50.31843159529383 37.71596034561694 28.67886718666957 41.22784758002235 23.81966482158992 38.73944278427593 21.14064799378805 35.59639647927439 36.7971294459958 17.85199479811772 31.125412722896648 51.42357971147086 27.199158191271035 27.441910604855007 10.86356977548658 87.77310310368638 60.141138088735815 45.408852156190406 55.12839304483157 80.92270439677027 76.97440291449725 43.065792993546495 17.789634891878464 36.200614005962116 69.54640580625816 75.69111568026811 40.750398774489305 11.146917156242624 33.46821295472977 68.17769099304235 84.35868416488796 55.08870068351862 38.53988546870128 49.679584150080956 77.34972443942974 100.43260385185994 77.3116695674404 66.32948462041702 73.17258198257085 94.0264479942006
55.18272904278119 32.123843970137536 44.583497313728714 34.2353801492604 37.750355150070796 77.76655383384694 27.769542613839523 42.53295342704272 70.5563636697571 47.30280224596968 65.41598123720314 63.29960159826125 59.37915864765794 62.974803416849376 40.29281170255405 0.0 59.608337520459784 91.41423360585009 10.334894320997247 43.96165529616687 55.455366303471834 42.13623972743008 28.345755295680487 68.10662594083196 31.278170408056155 83.40960604353775 90.25011583527666 54.88909018265703 13.602024403845485 14.284042235516088 103.6578415950987 62.70863603275968 90.98937591757175 34.88046046635321 36.17574277512598 26.791635190435866 84.55005211954368 23.55009264489017 30.747754460878937 53.6003680069651 63.12646215253465 94.23844733276168 6.07521191426721 59.67216348033975 45.16777233539784 93.99835466521243 85.2000703359892 87.13389491331648 39.14207527903794 53.28083875081075 58.442872091320126 36.91698799952688 58.236039485618996 42.752391419386484 44.49137837080244 37.356525349178796 34.42522189382587 39.52914927193586 43.79662412907619 52.528589586750684 89.49710319701744 56.129577779944874 67.9010239652293 68.75124005572259 40.89249330530819 9.60445987058977 44.90967715582082 56.236184072193375 33.45509713925356 32.365829488737454 54.87181620405369 42.53295342704272 39.14565497993002 38.71392925517498 33.98610720012198 88.32931711688747 81.19144057435253 65.67294862034747 14.434885618653764 20.42171431814109 99.21713340028843 25.80241324656606 84.73670915218833 35.497273395743484 78.31788178007413 16.129295170881267 77.94042632458746 27.061782521422725 80.04320426546255 50.09887695243603 16.99112285639639 60.75888311160431 11.379467499495966 31.01590578396591 46.950771251253286 70.73374712000252 81.80789293207442 66.72131427568607 39.753642414010066 45.334008835118226 47.48339144455708 24.726212959598872 38.733676049805304 70.15275206286768 104.28191833632427 40.9982819908379 6.555448811331679 30.615345897893384 66.0593340277233 101.60011088735841 52.00783670797672 32.51600775333423 44.06763087146362 73.20390064800556 106.33840180232951 72.98275478603784 60.45063019962628 67.1878754730921 88.91725508970625 117.60306805230583 97.70216641336181 88.50870330009401 93.02643035714378 109.57231345526768 133.75468570240992
5.690452784629573 60.08008783827479 16.71486213107534 40.46397631568821 44.425872989821826 18.305836356653646 41.951059689411416 42.85137423524671 12.818667708940897 38.325263971403224 7.1130659807859065 8.391590078754906 13.166884517613298 12.714478211947814 19.734707035827306 59.608337520459784 0.0 43.65512783523291 52.29982557294372 17.090215232705965 35.57953397041461 32.358258548859794 32.90233060716488 10.81924290597739 31.04795355953179 27.74095732506758 53.03245883315074 4.732448904285082 63.063996711494084 67.3060789669193 53.45092486227094 13.150103459527987 41.20711134196655 24.801022292083744 27.33439354333851 72.74218191114014 25.49633597374273 80.5537559122691 36.73624629681818 29.4220851782048 13.484812599637712 41.48386073851553 54.59797651001825 17.76890232366099 30.10337907902299 37.88286589188255 37.011217182688945 33.63857344608366 37.84016275822879 14.410787665934038 13.255877610035311 28.788280087443002 10.283573202357086 38.42012246674824 48.3454965852661 35.570858439917025 48.628431783520206 42.11275116191939 36.81480377615554 25.773524611210007 45.17644761477324 5.01816037439521 12.482116138684786 19.486331393349595 20.355745976646112 61.25504168049762 15.546781562588151 12.973093328608417 39.54116552370078 36.71315906466163 43.79278946986675 42.85137423524671 22.42243819288918 22.116704233542592 26.681792022128473 32.10515235932192 47.523806937102464 7.849170916725533 64.48282598332793 55.795493578830744 49.50381453480794 52.26711599355537 27.689298185632644 27.370537697956216 18.809325832560585 68.05596785566055 20.158253451764867 47.0532218077885 27.88162712477531 23.969498718351954 55.460343297488045 1.8723183028957187 53.5851056440368 49.33683264685366 27.50274402014549 17.293373293282862 38.38812760414751 14.826447232632216 35.61505583177368 16.09239847617053 106.96106743139529 79.85809453855896 62.01691872789876 62.0243402497361 79.87538411842286 94.08656807649758 61.752162032494624 36.146464929874476 36.49650019722744 62.36675648806124 88.55059779444974 53.02628948239559 17.736321572822145 18.696993067166122 54.00730243891254 91.69245077924347 58.07534623090103 29.49890455373943 29.997068528281947 58.83589118127792 102.71875023821252 74.13617864453812 54.52852471672853 54.614125674412776 74.32496976254322
