0.0 86.22930896185959 74.02518111445748 33.46537065869925 35.318249039037944 34.76408347855024 10.246793945490905 80.81969981400125 37.124443276333814 76.7661196946433 12.707943371400356 47.23922797015678 16.81525568386495 64.18016332274073 43.651130043170994 22.732931714673143 28.2834108098754 20.96859127252532 60.11266999968107 50.450681506576394 57.616512721774335 83.97867153587072 24.26003332012181 75.85731238667516 70.74009777685397 30.286473190182893 36.51500785274354 75.11372722369666 27.405035529934064 55.553697792816415 82.5705240584975 69.50540592859645 24.19513140834805 43.7322430611816 98.1830065242427 73.59591294395737 56.64077495715954 88.62687666186173 77.13790547632117 66.81437386917885 77.93302561363708 93.17312575640578 30.345790982071108 69.99117812215577 43.44698899326861 62.71391448791681 61.191665369895944 59.443489561968015 33.536445510047045 69.63191951134543 4.335507251164149 81.13769241230884 41.427875046764335 49.443461081962454 35.98840136990782 8.915506928296006 33.42126379142006 22.844644645398017 89.49593081179806 70.0618929792737 20.435924006601457 38.126723835451884 27.68398132715882 61.940422928707996 79.18207267931876 17.99599200250772 47.918158543022756 20.47510340890811 71.7372901660725 47.11275012957673 64.38245025167335 83.79125368004065 32.621285718126074 45.14777003046157 86.7349227475612 18.809017711031313 46.72749821803217 69.52731149034811 27.639874782922554 35.19541135042016 67.74164534876284 76.8588431926782 28.135944637783293 16.74846341058292 89.964367727319 9.582527045682454 34.75866101317954 51.69651506670631 87.70713617579715 67.40403058323349 64.2831529754442 76.92022084678563 73.88470117340209 53.39242920575716 48.42259637747607 48.22837103659308 59.065728503245815 53.097333420899886 51.51645318907397 72.05820587228375 60.11013258926859 26.61372654214482 18.31830174002033 49.95034789116267 84.77453431196747 60.415879034238614 27.29090977337592 19.27992884413388 50.30749585722913 84.98340547268586 72.64353025161043 48.54352117968742 44.362570764861324 64.12312528717648 93.7426582880397 92.16370299467387 74.45292507745945 71.58516170459954 85.07490888134862 109.00987242043956 115.33036652390685 101.5130864006424 99.20044865016229 109.12635038747689 128.485021368091
86.22930896185959 0.0 62.60658042514989 56.04854519232824 102.92726681997782 61.2956309016083 91.01817958946707 42.190099371820175 49.22055360070305 77.39956532183933 80.19132420364066 46.12870754345001 87.5419465210752 26.383767203610194 56.470909885370375 91.01995865588263 80.9983507864047 67.10264116511097 39.29835016396146 38.45970473760797 57.663214924236 10.265687728406117 88.07307403473075 10.625317963408436 39.867546186981876 88.77594007846885 58.38227890231507 60.9401401289122 59.66249809715192 68.92089726553796 39.3598279895307 38.54094518536639 86.53247576172086 45.985557725657394 16.078431142103007 14.100318004415524 47.1468694032878 10.711943052609806 12.842607906558573 42.39921973188499 23.740140631774985 7.496867089444385 77.68789156373306 26.20583363620216 51.24564227192839 53.53858446715759 69.90068501281247 52.05447323299921 56.50978991816568 56.48743489934751 86.4860966218098 39.159782118094746 63.55337911051559 43.22046980385953 112.78710266222772 79.08711648406825 55.599432185472494 63.91470792182936 36.89170412188838 81.7505365243768 74.23519298579404 51.66677608555745 85.58305124225404 60.74551566035458 41.12563912420306 89.54225425393287 90.34456800573832 65.907472496658 33.65982178478322 41.71918983258864 32.22384747632665 8.084991837094519 89.79761521264999 44.445184350611775 3.3964612978901627 87.564015544664 68.99954867182493 65.1406391870251 64.05116190651029 90.0650612641645 32.16792171108471 41.338635738665474 68.05079169958263 82.21596297864737 18.652273713566785 77.07810674118339 64.5172915876811 50.50658636946087 3.3934691368786196 88.35403215961597 22.216628551729574 14.701319319348249 21.535097983400203 50.563820362099996 42.291737406860236 53.380539905853546 65.91422566123506 51.27429166888394 124.86274063455825 55.229728885866315 144.50841284710913 112.8386968405745 84.34810297789386 63.472626393964255 58.949868387879455 135.4987323221962 101.16131476569493 68.1139355912977 39.71896665115533 32.370910954351636 131.89322980415253 96.32564609786968 60.7753810606458 25.31550135524722 10.968732542134932 134.1286289816261 99.33620457817922 65.39933373538182 34.909354795851335 26.314485327595936 141.92909400874248 109.54785384319986 79.93592754209136 57.5406675343136 52.57623044846736
74.02518111445748 62.60658042514989 0.0 45.89950031557324 66.03218341556638 40.20585002160174 71.1210584179797 22.796049560057117 56.78332160666644 14.889043327050587 77.88425693905262 35.63940185998906 62.95427638338049 41.51488795304597 31.951287749329712 61.78988615187483 49.759518771358636 68.37075710796813 28.67566312284375 41.894575478216446 16.912864552017357 69.775123715565 57.993768256797985 55.64588907941957 22.8716991688969 54.249848986870376 39.463196935336256 2.2239081107048952 53.33681414337537 20.407165130162866 26.347932578088482 24.44547291194654 56.76053674609083 41.42300611967888 78.42317089021797 62.04384115800145 24.052738134847402 72.55723435486878 65.82137228372287 21.371018972815584 39.00665999801198 64.32090315193845 46.25351088838847 37.4593744958819 35.62783511956853 14.056952985525385 16.03272947141861 17.832128790257045 45.219056723288446 7.068273970877342 77.26043788452711 25.728482999710533 32.60873139087214 36.05994002077365 79.32737611877369 65.27114697452588 46.589041136922454 64.04300015629455 33.524324084738495 21.48664143803793 53.63185543083325 43.26336346845617 53.44739506191835 12.09482763574406 22.974964168775593 63.84327728067836 43.40718335885663 63.283602491404196 29.057060516453628 42.34079967486996 33.539318172201874 54.75307882756721 53.51143527814199 41.289945204939805 60.06093319665761 61.5245557942714 28.424859021269967 5.688277486486813 47.76183982274363 51.93003444610943 31.723939807880928 21.91639415182244 45.9525861432455 59.34165588290609 79.62651015684945 69.95924792134278 39.394128619507825 26.446674349161214 65.96744785485997 29.83390523300485 56.80269485404318 48.20868154537773 41.398486209010755 24.629139644536608 38.91408754784785 28.398055433008526 15.859874661991897 24.456135559398444 84.92189012143793 7.421839465782746 114.20810450412083 94.37167841488319 85.44352479118965 90.70412263243807 108.10152397997658 94.79478650690385 69.90572246102397 57.61693233439185 65.45803332238557 88.21530330147327 80.69438494238462 49.35241107063523 29.865197178956194 43.36349079198028 73.49181908003304 74.96817964157226 39.40436956639973 4.170335419291518 31.84792031709616 67.40474266673804 79.44831426100863 47.30741806565966 26.384575856515397 41.06697890518214 72.17371089054872
33.46537065869925 56.04854519232824 45.89950031557324 0.0 47.80707549625897 9.075584929058131 35.77988253724469 48.01563601360604 14.923075698305304 53.478879388366835 33.260749760926274 13.843563463826513 31.511167412597974 31.581230220281306 14.223380488475541 35.10693345607191 26.348288593280582 22.52437030655027 26.769523422709973 17.924442804727654 29.112312810014323 56.258287115353326 32.40115600324113 45.42330126278044 37.736524290550996 34.14850220727841 7.576747166293301 46.36240911978126 7.5424743733144 32.813931786567835 49.47515316784202 36.352192109941655 30.90074406417579 10.578956985415624 70.02159747855896 45.42938222175354 24.429335221417645 60.784936373090936 49.55398640013142 34.07479014299959 44.66233400235986 62.33780445774965 23.77330539640702 36.77437754511458 10.84544277407615 32.53977927721569 37.8696454850643 28.81069547808201 0.9473677018585835 40.043190117778124 35.33415885280082 48.045133643208615 17.431632281071945 15.979142437613227 56.82126225328963 24.943632232803505 0.947287878827816 18.156827315350473 56.15269632451345 50.32347308945468 18.186806880103003 4.735640900249399 30.592635647387183 34.41647199312119 46.293425161006965 33.49708153464639 41.87873141617188 17.653487137305156 38.31020271193568 14.5304347928224 30.958528648836143 52.20737725273198 35.65412580123619 12.099903059794784 55.88525483638827 31.52043134146279 25.890125713946148 42.8279452565883 8.046834562395816 36.623696754428735 34.2781888225729 44.01949238866796 12.81885042633675 26.187040227078512 64.1646348410797 26.392354165017736 12.702194656698563 20.12929532264891 58.142282588059395 51.82173224072083 35.91245899863583 44.785028403741464 40.949977099448446 21.996103076309208 15.147018334558856 17.535090302577682 34.172774961025944 21.940633712300617 69.56086140239137 41.962339485661396 88.72626696682795 59.04305508177385 40.397930351761616 48.06330950332432 74.2990523781562 80.0961673340585 45.198001230556294 14.231331265341074 29.906695649920835 64.17552711554052 80.86883320227022 46.54094226900028 18.015440037551926 31.863121331332174 65.10120253064197 90.80451468286061 62.09408445723005 44.699683293881286 51.69737878751062 76.67690124863798 107.38889356384523 84.33036995756858 72.26999479838521 76.59240834308393 95.08914711683582
35.318249039037944 102.92726681997782 66.03218341556638 47.80707549625897 0.0 41.63227414944565 25.16708845896968 81.9465103265529 59.961053438832764 61.62720163271875 47.753085421705116 56.98397586675369 20.23784474745235 76.99056699725553 47.4982031866835 14.221823942800542 21.92989705884577 51.26518661252666 66.8771625153439 64.54165524217973 54.37023662854328 103.97106589742114 15.699780473209238 92.39714365950988 74.00610955687002 14.221823942800542 44.545436138489336 67.9090168553377 47.098056538988004 45.84022752149079 84.83012055542687 73.6631148697711 17.083064533227564 57.08725972236694 117.5447529305614 93.15356943667621 60.10412766421214 108.44824560179214 97.32035895505858 69.67158351430056 87.059958933461 108.60764703345022 25.344627981517966 80.06921465198349 51.85396275549113 60.60702238503218 50.06299787125617 58.99714916177124 47.15276067374423 64.91706534438542 39.41445532287444 83.53500703494086 40.98643217136259 59.890863300267725 13.452766693350506 33.85631924849617 48.47119669605394 50.49029836436866 92.79830264484603 52.27009914512392 30.69020204200726 51.67993387514612 17.361645096686594 55.96445450812885 80.84867222459845 18.30937945324633 24.28740294083067 47.586053696455984 77.72652532328978 61.39820450604977 73.43010998643047 98.0239148890638 13.647593075381007 58.599253379583715 102.30027709324624 18.873190216302 39.429203637154096 60.40283144634183 39.87803593570064 14.422515277499361 75.54538495871817 78.60957959468477 35.13261220861903 24.308441035097047 111.96956833545472 41.51258651051706 38.5102202384539 55.239918218596436 105.30540825037049 45.90585418383908 83.68402645102974 90.18456775243749 84.94144851303392 56.08361225805275 60.63717557724793 51.59871294565187 50.571119279402645 55.454234427828325 21.93657289307826 67.7573535074167 48.178763573664796 36.456059576275244 53.563784490534175 83.31444920558835 116.38599396482068 32.581823808470475 9.01556583844736 40.41281103528974 75.6129608455147 111.05698574825182 37.46564541411616 20.497812260304297 44.37171010546956 77.78007223475213 112.52925506107022 57.85734169309375 48.43206310118639 62.25769053763324 89.09847289144284 120.55379818080743 83.02323632152518 76.5355127404623 85.75897093440176 106.69398728772036 133.95783735374326
34.76408347855024 61.2956309016083 40.20585002160174 9.075584929058131 41.63227414944565 0.0 34.40330140266051 46.43123427160447 23.992708802252523 46.0070568796373 37.68433911876801 15.541233729685235 28.216383926661212 35.47169452972987 8.88817097773409 30.367722081332506 19.702769967584327 29.06639553337828 27.053427994967002 22.975292962558004 23.35973063615504 62.70597084981359 27.09493754951273 50.778294684234794 36.667755125983916 27.49431071591027 2.913416644909264 41.02319073581941 14.628352126428627 24.74060846434505 48.46849830489625 35.67901791691589 25.53881076548651 15.661243395366055 76.0491867395944 51.95894834241296 22.210002320288126 67.0961320578377 56.206993267535736 32.53396956083401 46.73455613112263 67.03489929973894 16.46826750632783 39.24140365710168 10.516408446164643 28.041197272012436 30.10538964928926 24.69028146833451 8.129576635954368 35.17214068277596 37.55345356403267 47.04632881399537 8.895366364333297 18.405504664761303 52.006909464362394 25.84894411357215 10.021781834761585 25.049710157229203 55.814580000503 41.99819144295408 15.537632960200233 10.959468223253818 24.300937264695992 28.21605641248596 44.87981996531361 29.916613865510378 33.07582303309364 23.70785864696368 38.69636899801877 19.955796338791156 32.79244269265781 56.52058311861366 28.62571619062662 17.1171244202578 60.69602705555498 27.662778732278973 17.144000073626255 36.39406756254323 7.556907766187412 29.170360528378968 35.500957974373655 42.534725497654165 7.587563929425534 23.198759368299946 71.14149533121298 29.787913550402465 3.771257866881083 17.11360120645174 63.69921193815939 42.97391724485913 42.68294639182282 48.75137380817084 43.91659927086706 18.721629720765424 19.004914891592822 13.513118635625215 26.81326969069941 18.382102812636578 63.56851952763387 37.472517576081884 85.3658929429555 58.332160572339404 45.27819201275616 56.83094951904792 83.3160693409134 74.20854063623857 40.48443131934708 17.4148099837724 38.72682256528465 72.30810962038434 72.87553092871259 38.0101582304196 10.53138168490815 36.183651317231295 70.99163328193035 81.84835549254764 53.10368010822985 38.38005755751759 51.5580956638654 79.84751763065542 98.34510531220435 75.92494434326113 66.25371243676243 74.47571050001945 96.10321691273269
10.246793945490905 91.01817958946707 71.1210584179797 35.77988253724469 25.16708845896968 34.40330140266051 0.0 80.73028446665067 42.94195999852038 71.95292300422713 22.90920648191366 48.79391901005801 8.828769763612286 67.34934406903955 43.01673042020569 13.567626719516204 22.24615605945965 29.22439015524284 61.218671786327384 53.628749454709045 55.54391162888747 89.77881393035216 16.02626348565729 80.45621535942777 71.06800464941186 22.025782907162196 36.745063939245114 72.46054677573855 31.36192450765007 51.532305546295994 82.85466673341122 70.07469057961097 16.460999477863023 46.3583972534344 103.91818713799464 79.13093620847778 56.57505886221814 94.42024691724188 82.92031100598908 66.9099717659309 80.22830036900349 97.64701698592556 25.225784926747213 72.42157382853958 44.33262983950632 61.17745105816048 57.01854768945144 58.28414621340753 35.577262107872954 67.54956580115608 14.250048437755071 81.43559217101419 39.2307051496615 51.34068224346487 26.232703392361678 12.351677986144852 36.006520250695615 29.980330088023578 90.21313116884174 64.3906559060667 18.865720649833268 40.49460629000355 20.233954499813823 59.24302676639188 79.22088418713435 9.085454454975913 40.06331260507237 27.21161500390752 72.92765067682328 50.22416573882267 66.34557092720354 87.77622879328709 24.21475873333452 47.87839291684226 91.17538314251252 10.745241461669504 42.87621309169498 66.1834997576144 28.482060154554475 26.84002956055201 69.39980936234899 76.87311170843205 26.932460424544796 11.81399111418962 96.45233442245522 18.05873428405879 33.288475167435955 51.435504248782266 92.79495166994896 60.724344574180485 69.61819856020662 80.49510950886055 76.70668302334302 52.94289590846599 50.875204923859 47.72838128038725 55.53921504010701 52.5288883700023 41.61468656703902 70.16308569900617 53.5985195856089 23.94877785139146 28.398769583135287 59.76319738378879 94.17533065226408 50.864037203779354 17.046486512132166 22.939583257894228 57.39403813617053 92.70456354977296 62.41243192646945 39.82996451933219 42.54083922126499 67.5662818499595 99.26159578091155 82.44520299916124 66.79072234703997 68.24157573173794 85.93571840356184 112.45045890003952 106.26704932735005 94.41474061651309 95.22411178281554 108.41194781894124 130.27163979978278
80.81969981400125 42.190099371820175 22.796049560057117 48.01563601360604 81.9465103265529 46.43123427160447 80.73028446665067 0.0 53.346626090041774 37.41411955655066 81.12531806848457 34.36139566176492 73.83193251496742 27.861431703615942 37.7137393970065 74.46070467358025 62.25600017357924 69.29180732514398 21.757874062321246 35.611879593785304 27.601141286465666 50.70644591440375 70.72849280123127 37.40997654984369 10.362650609667787 68.53367038569705 44.37474736271041 20.7127372616585 55.25053334570189 37.55263523658376 3.5565329903929532 12.022465722108985 69.26944144767401 39.308306741775425 57.341572562451496 45.07750804620485 24.237258860542287 52.710140535280196 48.155952248678254 14.009730678029156 18.786350057682082 42.667267527199016 58.45827472711498 21.08128526019622 37.453748843300666 21.37305375401268 35.578958383902915 23.125264524229078 47.725956303140656 19.00296714010489 83.13489632384439 3.1055267639713287 42.28973803302179 32.91221175359439 94.52586152677493 71.95772019566787 48.32189122622525 64.88785227182245 11.302713569595477 44.11879255775904 61.90514425695837 43.79676081815088 66.66932794971513 27.06585027653438 1.8675988967547572 75.2391426572299 62.06281791178585 65.15503264423158 12.766890417869817 37.811499917836784 21.267243927669583 34.108590026492585 68.46720924959699 38.357148870110215 39.256824439098544 72.88051919354868 42.54258056600425 27.144954583863324 53.19862531007328 67.53498582282093 17.654899038641297 3.9976187859550927 53.802652144548034 69.20201660607256 60.332371315319534 74.39353628315106 47.50564159920141 29.321387173268473 45.578783790927254 52.16703784216231 42.6896853265247 29.021249608247597 23.025053003580876 27.787701928978308 35.00281431140655 33.00264696128788 33.042827985145415 28.214073351091145 102.57388898017965 16.54931329417757 129.27700249127906 104.67874114943997 87.9477130561985 83.9287050257047 94.26197927079849 112.91971176472813 83.864869859848 62.03158576143846 56.521367760122494 71.22891646807521 101.79589616641991 68.31824792756073 38.78860716741667 29.562199091561357 52.68287869334024 97.7103294849012 62.12868430610202 26.548999463069855 9.051870784359998 44.623249435999135 101.51659773224819 67.90532839201855 38.063674358743086 28.613784450713027 52.16176462538109
37.124443276333814 49.22055360070305 56.78332160666644 14.923075698305304 59.961053438832764 23.992708802252523 42.94195999852038 53.346626090041774 0.0 66.33584436923132 31.4780388306915 21.186860157554044 41.374768779099284 29.76146203927215 27.405334743725113 46.23918738838198 39.69851655204811 18.304967273963676 31.83026821101917 17.811619659832253 40.913815142889035 46.966568799492 44.261357356940366 39.01406263271228 43.155606925521745 47.18340923404631 22.195926828164772 56.79511608685437 12.864336045147198 46.69250440337215 53.86390758603876 41.35568972294416 42.90365190705293 15.390743248895028 61.1565065381703 36.48500661171647 33.08186377325089 51.61680563799468 40.10882743347466 40.535236923260584 44.50785816556119 56.304288614808485 37.70890929198864 36.776930238322244 21.769679132050204 42.76485485081847 51.33334873911211 38.96098128101655 15.866286845421993 50.20043639023597 37.26706728328604 52.51540057658334 32.01946169778191 21.31637387685382 67.15828326462656 30.638420081401 13.980480166152201 14.741100640551144 59.13444982762342 64.24850643830234 29.27090318538269 14.614344129084968 43.450367571392896 46.36127874132714 51.491437245325834 43.502917285531794 56.63940631230513 16.700411814878176 41.52670002333974 15.605250454999444 32.89432870457795 47.412730748574845 48.97838198421104 15.740397764494654 49.923832129904945 41.985830778146536 40.48246777424104 54.69387735759901 21.070910703623223 50.30163849482311 36.685968834179704 49.48345752708556 26.60628991305923 36.29828301779472 53.52867631135591 27.864479473694978 27.616536850262257 30.40263429883119 50.60199189581605 66.38353998675842 27.166356199626872 41.19372332805823 39.5816082157163 32.17852942240482 18.723976436425875 29.195030923713226 47.31619831758783 32.40851060534539 81.08895218096752 51.55248925031159 96.44638256734754 63.72640349627149 36.77493377533732 34.291813391573925 59.42770933756433 91.35620201920737 55.8042859073974 20.359073186088608 15.718659404196979 51.10647222261479 94.689800609302 61.06122846850318 31.984170723423443 29.149596980353262 56.64458583007244 105.65262702414303 76.83804670692489 56.372395314468164 54.62382441671847 72.95088171570515 122.20797356270675 98.18772776082538 82.93942449105528 81.54228082514932 94.61192401022934
76.7661196946433 77.39956532183933 14.889043327050587 53.478879388366835 61.62720163271875 46.0070568796373 71.95292300422713 37.41411955655066 66.33584436923132 0.0 82.7886188119145 46.00937552665395 63.248150315031026 55.35690945657612 39.343598525953844 60.656050768001286 49.718669545568254 75.07300209543745 41.82531475103612 53.593283813160745 25.646100782434917 84.31854220419784 57.059788857922186 70.1312742239868 37.55766909045984 52.18258417326174 46.17833271889432 16.787592371382207 60.389207105512604 21.560124999177166 40.93326457676355 39.01137430496843 56.114136676688766 51.516574966776794 93.2668364040006 76.18901269673202 35.74682846157899 87.23457794099761 80.09000970955026 35.57118026144115 53.86597935629457 79.20916769877415 46.82889194354072 51.935310193243446 44.56619121206012 26.023794008364085 15.969893376857518 29.177176474972452 52.65079329378227 21.041554416088108 80.4870733714983 40.42290761950305 37.263474194675105 47.13879556007059 75.06303669117862 68.5417552982827 54.31067517305174 71.00874613054579 47.694383363172875 9.926342686211468 56.6000562132774 51.93405735340539 52.43029040959999 20.313718907096472 37.742263158230564 63.660407253731 37.45166001898799 69.70824538479215 43.7680746265255 53.349389593629745 47.47534261877 69.59084690295141 50.85084910490071 51.745562917762655 74.90193482462969 61.52025008702242 30.249833647584946 12.876822404469529 53.19721119034216 48.74257633412572 46.06706553189857 36.783226981090266 49.96318032090845 60.67954055927111 94.17145118219504 74.46849430316794 44.04292880727021 36.48918554796452 80.7479651215367 18.38100072121165 70.30117837771006 62.91260563226573 56.06908756364275 34.953629578322094 49.99034264914604 37.152087399010874 19.311877861853528 34.54085253206454 78.05021581225036 22.180224515479185 109.21519215210962 93.78293121794272 90.52381246826013 100.62765775719093 120.78631060823774 87.20537492805344 67.17722756528931 62.872197940532516 76.97517475348248 102.12527926604712 69.78988368229199 42.47804714918412 35.64166012910251 57.17043122074366 88.31067487429713 61.03821946956738 25.88833104240392 12.122597936060869 46.431878334761215 81.83575941524514 64.57516016557534 33.32128246745633 24.142609182380056 50.868698125984054 84.40725370357251
12.707943371400356 80.19132420364066 77.88425693905262 33.260749760926274 47.753085421705116 37.68433911876801 22.90920648191366 81.12531806848457 31.4780388306915 82.7886188119145 0.0 46.76480425597036 28.314712815012676 60.80014166888297 46.106069725013015 34.521716400863184 37.43931337802792 13.183672341494686 59.54884099032481 47.65351956482461 61.004928803880084 76.63912962453219 35.356004139738154 70.26193122538253 70.78536082321712 41.11954412987348 38.55902041078375 78.65136311427986 25.88234783523671 61.23066399257318 82.37501159081215 69.28690043193873 34.94932342645576 42.1088188914535 90.75217889109798 66.79126917434985 57.67933535335726 81.23205170606884 69.93217870639316 67.26781305532134 75.30311046641582 87.44309456987023 38.543236593834706 67.39426526870295 44.081382965525194 65.28261045318094 66.85222302739382 61.68424196453173 33.678715625149394 72.633102251704 9.436978904195891 80.95628250223614 45.81974645049199 48.3925347692926 48.608095372768624 15.87605118480408 32.865046951028944 17.002329615493984 88.62368452879838 77.18855824283004 26.90710006475798 37.329254290799135 38.00834251180523 65.89630059879515 79.36634675749295 29.858160616477026 57.85227850188402 16.072483997562625 70.67426226140263 44.6045334633231 62.56674623609163 78.84867926574354 43.48879515242963 43.28219570548912 81.14565483503152 30.168897103298654 52.59448625302857 74.01037032556462 30.135641615158317 45.93656889794466 66.20480794903229 77.12898485033074 32.82574199945925 26.590186651833854 81.63895487544596 8.43109999796308 38.922715806874045 53.21222362123772 81.25364403372413 75.70551071366727 57.97469585311893 72.65419656245915 70.67406221852141 55.04901126169851 46.70951791394545 50.22558785725359 64.06637836796803 54.91147009110091 64.16654940206115 74.77117411067417 70.39335741858785 35.23503992851154 7.746039569545893 37.55934024211345 72.75724548096578 72.88911685361687 39.9466810190387 20.269529221345383 41.93057150879536 75.0845813794133 85.18035667876549 59.332126938032786 48.13597698105754 60.382167427835526 86.64353915005488 103.84471182921406 83.7561376274487 76.0167605119121 84.10764556048849 104.41137427380363 126.08218193264202 109.90862880416763 103.899390358751 109.73717008225547 125.78313171915656
47.23922797015678 46.12870754345001 35.63940185998906 13.843563463826513 56.98397586675369 15.541233729685235 48.79391901005801 34.36139566176492 21.186860157554044 46.00937552665395 46.76480425597036 0.0 43.41258276214989 20.006606946623965 10.833290702812267 45.88942066902505 35.091063498568396 35.107044571674265 12.927090921183728 9.087584556399907 20.363865072383852 48.432454181748184 42.63597088182091 35.76024635173985 24.022312653408946 42.77621359789706 12.696839230338659 35.610400579668436 20.899068349199688 28.357397721348992 35.683129338465754 22.56333810982785 41.0797960656438 5.796418417468102 61.285095288998235 37.94924487199772 11.952168059828766 52.64033923510782 42.260011652819195 20.58081737431484 31.496150080721435 51.62720514569242 31.653852876156975 23.826667419718834 5.133600772914524 21.59605267066485 32.04088625160891 17.807386954783368 13.70537552664577 29.01366586502146 49.17757102388986 34.25642975785597 17.881549404540774 2.912897626881531 67.5481347189202 38.590987434817684 14.044172643443114 30.67595910300062 42.3103258545228 45.323054907584115 30.248986545080427 9.442210660917137 39.73433140959924 25.731477469230278 32.60237549250978 45.21454678394714 45.250579158966545 30.807388433728743 24.49806236847706 7.56968360246388 17.565102499294074 41.046816818613536 43.705891837392805 5.747478451666036 45.34581350322189 43.01877087401483 24.845756201984386 33.86998175917872 20.313430373639775 43.93641198011533 20.642915281093302 30.365835322075586 22.88454679601698 38.22696733556444 57.388223753822196 40.19176371571345 18.474346325320116 9.528099852969966 48.68999709970567 49.062614279373335 29.263472298135106 33.23857207640966 28.412290719049043 11.169480095463438 4.660475218694974 9.637165184190168 27.75336135357811 11.50504102235023 78.90595178892349 30.405196264535952 100.74408296476398 72.43296542396509 53.626998337809965 55.111992030174804 75.70313483901467 89.55930848166827 56.01873734296721 28.062922546064403 31.131267255935608 60.687589100919865 86.4327692569352 50.92189938249865 15.737431275373057 20.844767226059535 56.156500686967306 92.18819368678052 60.09482674306143 35.444366683999625 37.86037296143067 64.3638278436582 105.37993070095993 78.69616310458551 61.75256438992067 62.97467078376001 81.54983716750876
16.81525568386495 87.5419465210752 62.95427638338049 31.511167412597974 20.23784474745235 28.216383926661212 8.828769763612286 73.83193251496742 41.374768779099284 63.248150315031026 28.314712815012676 43.41258276214989 0.0 62.79821289384912 36.32672114286221 6.255228457356668 13.540393448107809 31.05711899394726 55.26545115949667 49.35589653558551 47.841101583020915 87.25882484606781 7.500170647149909 76.91746246295052 64.4950004492066 13.567626719516287 30.854736074173225 64.38281703060653 28.790085197917353 43.09023839239527 76.15580469771282 63.65981968679822 7.701495907186849 41.86045681193246 101.22258138753064 76.46565559243383 49.947701408360516 91.85298961627524 80.45158379627085 60.24173594379563 74.86158369858263 93.84130228768339 16.749832996256405 67.23901666521914 38.60827094927093 53.67616068184833 48.50216084562038 51.00896584853874 31.102891007290136 59.738304885215825 21.15035717714728 74.75509600797066 31.736679082999995 46.14149620399241 25.80176304438949 13.633095740052088 31.942516363264254 30.527982377240946 83.72298294556346 55.581998507581574 13.354016515303545 36.02302224155271 11.442224316982992 51.228808424418766 72.40647133891225 2.13391979423662 31.483825753450446 27.614864215998598 66.8782559661308 45.99038115270583 60.90668075830965 83.63960699721368 15.865750033077994 43.412821385151084 87.39291596726135 2.021348517998204 34.56522476415402 57.88314185786554 23.59206943873095 18.46794873810564 63.706023086075895 70.06289227712116 20.640431301355456 5.3260037330959795 94.57704066724077 21.426681654065682 26.422856571722917 44.77957264506854 89.57296947038486 51.916320309284764 66.89314818751511 76.09675315991547 71.7645583137452 46.1457064318578 46.10541107503052 41.003672294122566 47.234996167440876 45.66869860259623 39.95910319308202 62.41822498699439 57.38142809492104 31.455011448893384 34.905616742318216 63.083922634145765 96.29618574511996 50.05175688150721 14.470060696288439 21.113928675638963 56.69589358694842 92.2781759305122 57.54602919556538 31.751485032159728 35.17047936873319 63.22944668409337 96.3906516636757 75.57568419240188 58.18672430588572 59.9320529802953 79.56225429163815 107.70607635726604 98.51628495082079 85.68466656332446 86.66215480181602 101.04879698810633 124.27169015381443
64.18016332274073 26.383767203610194 41.51488795304597 31.581230220281306 76.99056699725553 35.47169452972987 67.34934406903955 27.861431703615942 29.76146203927215 55.35690945657612 60.80014166888297 20.006606946623965 62.79821289384912 0.0 30.108371330731863 65.68829877177616 55.09302276472635 47.79794054832989 13.974866598895337 13.773017886013434 32.58205882602983 30.252395018651836 62.53120419726045 16.46537949788251 19.899162406270843 62.781433018042215 32.582058826029765 40.40341096412649 36.777659597503174 43.44769022314461 27.065800127214047 17.945664515430625 60.97706318242356 21.02048615695638 42.00797050768644 20.98365321832765 21.548017248063594 33.99844352806846 25.078394549766962 20.182034103905252 14.793937386419755 31.62566538641429 51.65758722840084 7.487544929847438 25.137392337143076 29.65724679568252 45.23033286825625 27.307116326857066 31.843346767391026 34.58863332189773 65.30209552593386 25.96837603611919 37.17715311863071 17.10143276848709 87.41853858523466 56.136530509948045 31.34533943123297 43.79799236809567 30.559616305913245 57.91498102349211 49.462211944123005 26.898120981208987 59.7303366198294 36.521289358891174 26.076184005960336 64.69508558647146 64.02066049287932 45.04560701488021 15.139561707647065 17.163503075853907 7.980421850391466 21.050129740565158 63.68379665032761 19.485213492367663 25.383571575468995 62.5799419775427 42.75151314464206 42.51285791536353 39.24325225187507 63.83675812046347 10.570511676860404 24.80177447885188 42.601028989754866 57.514683415114085 39.87041509999677 55.85256594226111 38.480643177808616 24.312579818408235 29.163570521225328 63.64336212188243 15.474861775258178 13.318222565873624 9.873953262251119 24.574789872537142 16.700980581909903 27.029650726988706 41.00797393116578 25.275185809073527 98.91112707395294 34.28866577325322 120.16505199635718 90.3567296784605 66.49196768132818 56.658355320243 67.31493878303162 109.56500267973145 75.84298230456236 45.07792838470256 29.052965436786433 46.779519928057944 105.54307711190592 69.96548892892005 34.39780738743513 1.8600167344109053 36.82283488042345 108.8312584494679 74.78918686545208 43.2989477619397 26.236844934287323 45.10146268810529 118.82404989108973 88.58259795159069 64.08392353473232 53.84025094665409 64.9842039248802
43.651130043170994 56.470909885370375 31.951287749329712 14.223380488475541 47.4982031866835 8.88817097773409 43.01673042020569 37.7137393970065 27.405334743725113 39.343598525953844 46.106069725013015 10.833290702812267 36.32672114286221 30.108371330731863 0.0 37.68257128980273 25.999220882324437 36.48047100279868 19.474958454168636 19.844761301827926 15.049029989817104 59.19838886923394 34.13588426586827 46.27260944056159 28.173625348493363 33.315478659147 7.549692204768858 32.59134445609696 21.474664328261987 19.31025684041935 39.886239084219305 27.34534683151759 32.60187694858111 14.230857092211634 71.86605088363729 48.767336935987515 13.625912589405 63.35498176682567 53.07920570797731 23.944660009995374 39.61603890419997 61.602016486253966 22.307466049779116 32.58130840690775 6.493985581717075 19.256463978350027 23.974121339999762 15.824364893340162 13.451199289394037 26.530567677251558 46.39838964525228 38.4756123022571 7.11306598078732 13.572533614922957 58.85868318470678 34.735721972013046 15.01543510937619 32.20582978032909 47.39779221805042 36.84878293422843 24.202559642488534 12.795748166625856 30.653072745303287 20.249618067612758 36.210647108758124 37.86623803968922 34.42560272136734 31.340274901394967 30.780393971769815 17.74543149123738 25.933735700957378 50.90197254937379 33.952134411277854 15.16364751610155 55.457664487092856 35.53972274884759 14.257950809904413 28.637820740432474 16.237029071266797 33.884563139815896 28.135414583568778 33.86264578624616 16.090784983512382 31.54447168969723 68.21212110173674 38.42173542459017 9.90691559104983 8.458346717567215 59.15599763070348 39.46112613230571 40.08217065760694 42.9939806252124 37.4849314099107 9.928023864631248 15.400977047341533 4.712183119244568 20.08694668096932 9.538820345735308 69.28024490509605 28.730048742628004 92.89703793638397 66.96539182813106 53.58189598095705 61.561573087051634 85.09281294136517 79.92753278985597 47.58190148682692 25.920295207977023 40.14826972343546 71.30289561671479 75.69532162505215 40.14492830510771 5.0655450160649265 31.175553707746932 66.71117954770355 81.57211917548995 50.27061313390135 30.536053345387298 43.24301856068931 73.07296932290986 95.7133473828769 70.78519011563253 58.242445153666495 65.61983466656376 88.04478401156871
22.732931714673143 91.01995865588263 61.78988615187483 35.10693345607191 14.221823942800542 30.367722081332506 13.567626719516204 74.46070467358025 46.23918738838198 60.656050768001286 34.521716400863184 45.88942066902505 6.255228457356668 65.68829877177616 37.68257128980273 0.0 12.278117947726024 37.07738005331952 57.055758161923244 52.59270751111801 47.63851286608141 91.31079507412565 3.810087894667129 80.40764891797211 65.5617793989703 8.840579749623469 33.19272879555138 63.377778187142155 33.437319823429824 41.511327064319055 76.99844575639881 64.90294988589115 5.195227857401907 45.05517044982486 105.12590501533104 80.48495178374255 51.114971598361436 95.86093859192088 84.56115178765285 61.24268780417245 77.00990139096218 97.07669482260978 16.043019913300974 69.59697490439495 40.882473742934025 53.70061820035248 46.655070837994536 51.37790747166766 34.57041301184381 59.23033565456555 27.042646377896737 75.62708116269414 32.192892621491175 48.723688050371585 21.772137811846832 19.825354611780405 35.660709069644255 36.27573096417867 84.75011875172699 52.42041367515128 17.17566955274964 39.35888491331683 8.367483158550382 50.46008075154109 73.14240055496882 4.737036864865724 26.771624965502337 33.369323094380974 68.46296267001773 49.30248331392492 63.103325937994924 86.69191040282102 10.830871590381275 46.603225394124664 90.67087915331493 4.668954538757958 33.46406259705668 56.48156891238928 27.060098923448614 13.435208318258374 65.65124597711198 70.82012150029857 23.08829941796691 10.136409053198456 98.9481476595202 27.673065801171585 27.914554600865138 45.99567784854018 93.20257290696891 47.99209141131403 70.93495071990331 79.00262068098021 74.28397448445816 47.17806681723718 49.0270473758453 42.21309947406599 45.93299854235061 46.6352227367273 34.85979660190371 61.99293556736571 55.21447308279174 33.130141334684474 40.972730342522574 69.22509038119995 102.16482654959175 45.219393587520436 10.159370241841343 26.34089627695718 61.7793136519763 97.32283976339 51.35069873468973 26.262882323049105 35.70409381386476 66.27234899966874 100.2071093691792 69.46154835225728 53.452329913044956 58.494017570009426 80.73476484276406 110.2125585384423 92.78311947556242 81.27316720928486 84.46315212437591 100.96928411444568 125.64889377765091
28.2834108098754 80.9983507864047 49.759518771358636 26.348288593280582 21.92989705884577 19.702769967584327 22.24615605945965 62.25600017357924 39.69851655204811 49.718669545568254 37.43931337802792 35.091063498568396 13.540393448107809 55.09302276472635 25.999220882324437 12.278117947726024 0.0 35.52431593542898 45.47402571777076 42.63531445432714 35.36112152292673 82.20041892320677 8.494127574459828 70.47481415573885 53.51658148347211 7.849759466652896 22.61608167626789 51.28286655289657 27.074192169209862 29.671202873662647 64.84903781295365 52.940845184329035 7.100352220563987 35.21331657530223 95.67951668419869 71.40390420850628 39.17581380062786 86.64300807161949 75.6071657194551 49.18228235232984 65.59380722001202 86.6974683855739 3.8004947646589966 58.405061945990376 29.969823562317774 41.425561942467084 35.014762844323585 39.148006059785224 25.614736300250694 46.991589531171826 32.43192531109896 63.48888858400903 20.076028614799938 37.99199883404344 32.86351855439346 21.59055668116792 27.09519791816551 33.30795806908578 72.65265209400611 42.221397118331936 11.939189772341518 29.93414897422774 4.668221707916119 38.270316002873514 60.96667982234132 14.147060835228643 20.491048856634464 30.658322561752048 56.677947395679524 39.526508914163045 51.809472875632274 76.13769211768619 9.332685740345541 36.712991969708334 80.37851403914213 11.892284444929475 21.34438892265571 44.56285404758164 18.75912093674753 10.653676091404547 54.13098867565614 58.65364998983707 13.529454621843026 11.538379229362421 90.38952840065006 29.255798139126526 16.640654997477352 34.119887979454035 83.38937674905692 39.127365307294355 61.997142295599 68.32106786875796 63.218051475667416 35.194317752337106 38.70750957437384 30.369341553468846 33.94290871521021 34.62300207312419 43.86643189653451 49.74268161412465 67.15794451117361 44.67427606949291 44.87280142393654 67.55384228048057 98.21227438117684 54.50895538765478 21.709910867054774 22.441518001167854 55.39070967658782 90.35954401502966 54.998666870665936 22.900706517402213 23.584693104107032 55.859104244565216 90.64462308074326 68.3452112396515 46.42363963137498 46.59842668288617 68.70112850220204 98.99721905249167 88.93692580473689 73.23498894947939 73.13724548828019 88.69529855161336 113.65193146828156
