0.0 12.976913122331457 53.528262544118 59.73107792768997 33.689776919704464 58.53599064135743 49.99683482566716 26.384586489673808 73.12711241221614 30.892483086626047 29.493956697919145 11.159798645916057 65.07806816518433 67.87728531993159 47.428133171639736 30.425324619101705 40.430894872564345 21.53251605809112 64.54522953802676 24.74531159916666 42.064124292005665 6.21221816062243 61.01370362906201 16.466779037077217 61.62590921643702 24.34966020742468 25.33476117311028 22.601822449527496 21.89919177215565 62.16084791466113 26.848011653219565 24.21666392597536 34.38830366226414 34.39796260144783 55.79201061787254 29.114920538911434 56.91815018358284 3.7351976717899036 22.267801560776114 46.422944722175764 42.15615063637552 27.177519990701292 28.786606709603458 28.405855439431836 55.48714159609859 22.15845522096693 52.35158248533412 29.577369984694002 38.2220356154313 23.48267002752006 55.49609460981282 14.192408596037588 5.017964878280888 22.479523320364287 32.888446225042244 10.392963123407892 57.828985713617456 43.39411510362018 52.28271730149274 34.23255645661564 23.887324769409116 11.755866966107178 63.445579819064335 6.487295673376864 41.35305441684972 29.012856307992685 38.554247202298235 22.98268525184623 60.61238108415072 44.54346599639993 34.225665067257395 62.82749419631402 45.22273213871368 16.438117152036057 47.93631788304733 57.54269053111738 31.86235319656738 31.165093294189198 18.583613775708958 19.631249103331008 35.29630767104577 22.838775406118984 28.210642772717833 44.26080313428323 59.797024263881696 57.240014033446606 25.812261748089202 29.77860637183495 23.70877950147818 45.97852972769557 42.71876229461004 25.720981609638336 17.104537374469714 27.825974421469148 53.890289722629994 73.04468409402573 24.526169747071133 31.315610198287114 32.345939413915914 19.695993852919226 107.80178844668364 76.9047027841383 52.341284400813954 45.793622054266145 63.14008722633348 99.26293042988712 64.5206197870953 31.700098365437693 19.470154948647785 47.806719922904236 98.27727548112084 63.008253332336345 28.5283347310587 13.780441200081404 45.80550206504165 105.05768511449074 73.04610274427858 46.54599774793269 39.10891897287562 58.52064624511967 118.27566978155137 90.88405805340744 71.15343293319815 66.31614505444065 79.15157761505625
12.976913122331457 0.0 43.30382720038641 52.83684923486432 38.29313104149612 69.71902137703312 43.513864260909905 35.83037225402564 64.1292256504164 42.008404919658204 34.27061876638704 15.56140849613907 58.672547334732364 60.380074286062175 46.4400161264044 17.591550281794817 40.484826741140445 12.508404642397984 51.729996670102935 12.212655755064029 44.93472532397415 10.425700360970165 48.25745911079666 6.627662219403185 52.356417909244925 17.223676653274616 13.733437935550624 35.46354813292782 18.127838251832983 54.17801550580481 18.109581275160036 14.841839523081633 47.030975967513534 22.124742353285228 47.17413565512754 22.133407001814216 43.941710269778184 11.650967979254277 34.70736268891993 40.66454712937077 52.69507353732981 19.470181821443923 17.174319007882104 30.29396914260268 42.77621359789708 11.952168059828766 43.97826784212028 36.80002191672943 27.195371154253966 11.732154109249569 44.74066148352934 6.6486999248791046 8.515534674053711 10.833290702812253 36.832619784520446 19.21537483285197 49.5615544610196 55.05392425794449 39.32159208623552 46.345269017854676 24.477080667948965 20.004023554648544 55.717457583271816 6.489621121767507 29.224156814197674 33.970217597929825 37.240373419214826 11.794858049533655 47.912565118453735 35.042514589192955 36.32303301435956 49.851339377922834 32.26069279735675 3.610992377226055 35.042514589192955 51.76618152949108 18.92252489758993 26.859102021036833 12.286903910061266 18.61591842210739 33.35788242131775 12.193945616530446 34.56928903019178 34.224606758818695 50.82798780990657 44.27823693220256 14.621520314126315 16.853647405665395 23.966449340416474 39.5555512104972 54.23314931278167 12.85494761766346 12.300836203390464 30.68207351685829 41.35800537393635 63.5330596442086 23.446740223434794 23.818665862246057 41.720464710019485 8.04598870588284 100.74408296476398 72.43296542396509 53.626998337809965 55.111992030174804 75.70313483901467 89.55930848166827 56.01873734296721 28.062922546064403 31.131267255935608 60.687589100919865 86.4327692569352 50.92189938249865 15.737431275373057 20.844767226059535 56.156500686967306 92.18819368678052 60.09482674306143 35.444366683999625 37.86037296143067 64.3638278436582 105.37993070095993 78.69616310458551 61.75256438992067 62.97467078376001 81.54983716750876
53.528262544118 43.30382720038641 0.0 19.63462561584416 80.72620151447731 112.06423533889942 18.17457984302599 78.96997753400447 21.82993794758056 84.38819621795784 76.93267690530223 58.85900836494214 25.146307652447042 22.55521106294448 38.439361955473025 35.978589621140536 39.69777747215429 48.59309327321536 28.099422342311485 39.629037954255985 85.9836175204085 47.69471172820215 25.01286960160217 37.51802867103063 10.399413392063275 53.24696164067066 43.09033966364569 74.7525868454035 57.59227966888871 16.201906008906793 50.94906519729307 29.33271978168741 86.86017895290558 40.13906798855129 9.50142282168174 56.016521439679686 32.39149782833034 53.96719128447431 75.4088655335447 20.882546077528538 95.50558371662028 53.41433263111984 26.409481533908604 42.43467790269954 22.11497268672481 46.42421869914758 9.888416669138621 80.04866973154797 47.588682534824756 42.716082070772124 3.81208433050047 48.36077030211471 48.628632607247745 32.51248593063661 79.00501283050042 62.2027334307306 12.191850055387615 96.86613368952241 32.67774921484848 87.51074398073982 65.80209837493202 63.138725568054376 18.22866234523323 48.248820367717364 17.970658077448498 76.71116139677251 35.14113544188353 44.260488015576215 23.768484624960728 9.438644022858362 77.38421798426012 34.18220338211587 27.72329256631789 40.04102467660905 25.10485333046337 23.53253250857873 33.91950674782077 63.04131575869634 51.83095151646266 38.4459956059175 71.01881776575688 31.226235736641613 77.69812203988272 9.268476852251748 10.152928304579376 34.35239182921685 44.37136294428663 31.327362922754688 65.15803224263101 18.43643490759712 96.22852037843498 37.1549949053328 36.99328155591415 44.61829435300126 18.997423882749146 20.50853963499089 63.79110094434 56.01154367683733 84.91373481932519 35.25895873274643 60.695572145428706 42.154011671088305 49.0116791648178 74.56208461148316 106.0614915981963 46.2759366207733 15.779496665249644 29.81157814537272 63.72342849874297 98.81714405531 46.8530932627924 17.384950896571258 30.68333511979928 64.13192619480243 99.07849023716375 62.009673085329446 44.00783669186614 50.599923750068776 75.60547159800483 106.79042487615848 84.21003932526185 71.77924071217413 75.79771649738484 94.18298152825626 120.5308257002165
59.73107792768997 52.83684923486432 19.63462561584416 0.0 91.07894132254316 116.66247017303715 9.770480034201675 86.11553013734854 17.781100345759977 89.8645507699809 87.00020797560545 67.75505555190976 6.18245790293695 8.559085417645182 26.347580369300065 51.16167161199194 30.97473502514049 61.39203242482051 47.13561519871543 53.23745078886648 97.66796113030179 53.51886078418467 44.33619733565917 46.25500077075085 13.293460848619551 66.49199297217439 56.9955381521422 77.82705720244489 69.77053872075268 6.148021599572059 64.97686104281362 38.06107204003641 89.57225090117947 56.39006478903316 10.13333366020769 70.13853776205953 52.01404944961177 61.32963214686244 79.54401687730495 13.748262980631289 101.35414558237206 67.33050813315437 38.66971290130847 39.12186289432673 41.743315534658194 59.439822153800286 10.96793113833195 88.74935469377118 64.30318603230478 56.07705355089209 22.75918656653497 59.030770812471374 55.48217551783332 43.26554087593446 89.66361852557323 69.71743032099683 7.615989425740318 101.12675781186086 52.0706969839427 91.41136841366263 77.1408063761313 70.91103541800817 5.584603572085914 56.01138249133803 35.16764852978316 86.66444466998695 27.99688130308997 57.50685518596514 43.074756210013625 20.63797263264023 89.0129523832634 53.715046397229514 46.37922330135534 50.348146693802875 44.20963017033393 5.706979164459655 49.43337953399312 76.76695793568153 63.68605334656768 40.903817289584154 84.41342649500405 41.108044064128485 86.87380318343787 22.835544223835793 11.319488549484742 53.96509770777537 58.406507552459395 45.8530513890239 76.58077472338904 13.76197247194056 100.74621280471509 50.88994307716591 42.78968063507197 41.26056708769078 38.63177045470421 20.182438515036058 75.7091525505495 70.63170221652254 92.07196475030531 45.44861678748602 48.125745322687834 22.848291402119763 35.49933526224685 67.30945338501252 101.65197269343587 43.4309376339591 9.810708902478567 28.956240061923168 64.13180047232453 99.5967970822177 55.25632129103103 35.3875427886344 44.53629417034117 72.43528825004844 105.0830463973117 76.26968953582848 63.16694891501921 68.52146148580394 89.0642873888159 117.05483007722682 100.88361476164222 91.15618799287253 94.72822820391585 110.31529156938355 133.78164900370837
33.689776919704464 38.29313104149612 80.72620151447731 91.07894132254316 0.0 42.501493027372256 81.63815344090132 15.725893017449367 102.08140537405656 23.527146091088394 4.204601841961562 23.596431307590752 96.83925217792 98.67303500153767 81.11109457155287 47.04995627582546 74.11212000408152 32.86648715645475 81.88639443786188 41.902105916566235 9.390033010228175 39.3335690213874 79.20247379102874 44.83158608618847 90.26950959091062 29.32859663517759 39.129411150678045 33.420355581171535 23.872101612333303 92.44903960798474 32.773213610939216 53.134167060673086 36.06979566313738 46.30199952446948 85.3600956810294 29.223087282081366 71.14163946288376 30.898042989510255 29.093958123749392 78.54038090089148 26.368917525305353 30.592497343076687 54.3583740404747 62.00358330567561 74.49183337714967 35.08655309623152 82.22621069870071 8.321557808109967 43.67462833406277 38.83697053959045 81.6008217772615 32.47715305027538 36.62237872374487 48.553929924543844 2.2219075567481448 23.497143118660325 87.8066989699322 33.55873034651314 66.15446134811786 31.169957897969894 15.255894635280178 22.07254488930147 94.00586694158183 35.48064663075103 64.47637297928301 4.679247395584395 72.1811293581562 37.3070852993633 79.31110340577288 73.05324561041417 7.153974677990054 76.8847281104388 62.197623913251874 41.08241286082905 65.86782353741805 89.72231536216037 49.26332387109737 23.297379111458678 29.072474061326503 52.9893830404528 17.896409049075327 50.34443149477855 6.8455955543556035 71.9778280970136 88.88343207532267 70.4886272173569 38.20908613135692 50.27326312362877 15.953067115734562 77.6394220528766 32.16406211446042 44.28707084954578 48.87482685224198 61.2532392294516 74.22101485247269 101.20227304148715 17.879803211524372 30.81265921261327 16.05646611751666 46.025052514409836 139.03686574119675 109.89376147070874 85.7562519169894 71.85915277804081 74.1987068472637 126.87033361665507 94.19128688452396 64.65359850179662 44.94829670409446 48.916083836406905 120.10433997057379 84.95138444159011 50.40465166415515 19.917983144080704 28.0183716171976 119.65892309303993 84.32645404989219 49.35435069174373 17.116106877640508 26.120459414413673 125.60136868305919 92.49131831774008 62.175259276478116 41.340785217279496 45.65672933633603
58.53599064135743 69.71902137703312 112.06423533889942 116.66247017303715 42.501493027372256 0.0 106.92997973839545 34.58916362497909 131.2842873330545 27.747772388623204 43.65519800530832 55.05160573123039 121.40009295032218 125.10667973370732 98.27302468317609 84.1405265656095 90.89874578365306 70.3254270187499 120.06065876596092 78.24364104112152 46.63488867228394 64.44573855476425 116.90121836406814 74.75127676988794 119.97183236194769 68.53780049164565 76.61835686155703 38.984078516563045 62.71930169423264 119.85026046246334 72.2968636845411 82.74386066846026 28.04343345907744 85.27370656345114 113.92544051013753 69.99440460109705 110.41104382873583 58.34021604814488 37.149079839150495 102.94202436491368 17.464386760158686 70.58760719099621 86.78161932056193 79.2643356597701 111.6588979117914 72.30724954527057 110.41697997332804 37.17390376585205 84.4827550737692 75.60729404757342 113.97901264932315 66.50011839372632 63.453904146637804 80.38003214447323 44.66790850304158 50.53666466336896 115.75852359784986 15.543204403111424 105.4069909647324 25.284139253688974 54.9217906757082 49.88688501207408 120.93738864911677 64.044436734882 98.92035344650165 43.40678784504896 91.23919516514488 74.30252268870122 116.74869364724834 103.0367690714065 49.59591336930995 116.36727037854014 99.98846908084586 73.28809499669788 103.33599913540795 113.5313697934568 86.165363190924 65.13835557915941 65.89871345065302 75.83950898171948 60.39778210209107 81.1480836034188 40.271955801405944 102.79675771624753 118.04260316970156 110.10973588432687 76.14999397724327 85.6802394048703 55.59533507182809 103.03364026151152 15.94696094092411 80.20618366770182 75.34083359100984 77.503529765469 110.64647441076129 131.4192287837958 58.0167677086943 71.95815180531362 29.39382499674224 77.53489141567805 163.90783958706672 130.3986903943822 98.35658530621953 69.8310685248006 51.09695914230178 157.63024856473297 122.49245867725017 87.71379979566655 53.992777189985844 25.863688359286336 156.1317646900155 120.57643532637151 85.04372998881314 49.582312455635766 14.716855987494228 159.54718663584376 124.92665085619372 91.05064731782886 59.2111612245259 35.41033471840626 167.57614440616263 134.93819063814004 104.24491840414272 77.83204571765381 61.48811493896898
49.99683482566716 43.513864260909905 18.17457984302599 9.770480034201675 81.63815344090132 106.92997973839545 0.0 76.3782329494062 25.88666044405468 80.09516459921421 77.53128756050938 58.213514375856626 15.208341299925323 18.182187444247226 20.74399878157675 43.53618367050792 23.52656291834703 52.69360281487184 46.064405967632986 44.938556555500874 88.43768158412828 43.78551625815607 42.778186933844204 36.89561189670685 17.35792279995482 57.861044835318935 48.72436419995449 68.13707025579235 60.811136331359876 13.573695610909004 56.62183937868971 28.894811700201917 79.93377660871178 49.161229309466115 11.001518263742344 61.75305161496924 48.74508490652725 51.664143164843374 69.79987325202305 4.314073786838681 91.583939366857 58.90648695384098 30.398744369917463 30.03929545159754 39.134594890651776 50.834129039731046 8.53941037843882 79.11454327333638 57.18565967579159 47.63735961705293 21.952914225637905 49.844204355365804 45.80439483512594 34.38813889508261 80.27579853277106 60.03331333160478 10.894225716217944 91.39896441159786 47.90050208684251 81.69225142520062 67.93706972699862 61.24304734818139 14.240139869222682 46.41263999177203 29.397428787698182 77.18055936230367 19.744697551232854 49.00448415166174 41.56865215464949 14.562962518417596 79.80598179770276 51.460970548066214 41.241246061213744 41.20951701296499 39.724385927045695 8.539410378438893 42.011192952117526 68.18284098642178 54.708727667654045 31.14064867236594 75.66973341401507 32.089874978537516 77.29213029643556 17.07325435626036 14.877117529747107 50.57012869969893 50.15611332946298 38.10901148138822 67.39773857939343 4.027482072482166 91.00640337719324 42.690685048737805 33.11851107311026 32.2294939572517 35.90045592462619 27.390900290948473 66.6398994164933 62.42396405331627 82.32909050967916 36.38303221052577 57.81318804472777 29.814088643395195 31.106163289249128 59.82060891288896 93.3895896216713 52.2922229939221 16.932695082373964 19.265683208303297 54.66102583958723 90.20365708665688 60.987640344990496 35.53105787640902 36.57335754433309 62.80888073816848 95.31259688960212 79.35588254267418 61.77413919645839 62.18416357276752 80.31085774310878 107.54038910179591 102.31286481788717 89.14783186277259 89.21211675947053 102.48082679136617 124.81141843302109
26.384586489673808 35.83037225402564 78.96997753400447 86.11553013734854 15.725893017449367 34.58916362497909 76.3782329494062 0.0 99.22077750050515 8.897098887757098 13.623315513948588 20.627891344281675 91.43567284642064 94.24857148415553 72.14164303820766 49.55564173442124 64.81604227240528 35.777855044803 85.47591296958565 43.674186664441905 24.782167397740935 32.59677745196509 82.3363015237109 41.4686479001535 87.59014176291755 34.33490530814001 42.04052135111307 18.165185521277568 28.5913005300958 88.47227970077468 38.10254917492881 49.79400754595332 20.70793232242317 50.7916776469219 81.95293879010536 36.42849404923313 75.87424715586965 25.129053222989157 13.775353068285686 72.76705063929356 17.171399681143626 36.605600074144945 53.00394959546389 52.499811249606196 77.12804974351685 37.732473991770114 78.56088294701075 7.455684239982549 50.59092455076951 41.0185941910093 80.54694554617156 32.03289415204652 30.809149328453614 46.651892174795854 16.842558877874175 16.777395708955865 84.07938669255473 21.59228664868808 70.88007252110475 16.35106750136643 21.67824901220769 15.843881003613268 89.79209633447363 30.79013017493672 64.77699069401231 13.063553309562863 63.76500196130448 39.715153015272996 82.20321322597356 70.33444638821773 21.572920544419706 81.84412161412911 65.40192182312313 39.299314998146244 68.76588184772162 83.84777339023235 51.59131949422161 32.78915945155033 31.339737432037737 45.691935640660944 30.44129216200442 47.7480391976138 9.363731159797394 69.77829309240344 85.86575392548309 75.62293527598052 41.603644108155564 51.24814078417095 22.266123820127056 72.36157771925728 20.410816841983525 45.67647574065237 43.42286304080879 51.312701494311945 76.2020901442954 98.93373802876135 24.73176406613782 38.581896675470325 5.984793667078892 43.83339760692436 134.1751763712487 102.78563779783198 75.22595614074575 57.31622263079141 58.681360218611125 125.09603556056945 90.73666344489277 57.874529758474814 31.590748941679507 34.33197875560566 121.8935604557779 86.31123082185215 50.728966964799376 15.1472324397824 20.436737748236585 125.0203537980977 90.63328020455668 57.71385968625193 31.29829423929772 34.06570633662802 134.03402751912228 102.60305640129071 74.97867930966844 56.994438679809996 58.37018290670438
73.12711241221614 64.1292256504164 21.82993794758056 17.781100345759977 102.08140537405656 131.2842873330545 25.88666044405468 99.22077750050515 0.0 103.91919390622678 98.19667431851764 79.63844543686628 17.57312415626952 10.912888100443123 44.10526523642583 57.8000865651876 48.649477194033324 70.30533085749325 41.32389181610077 61.401098479502515 107.6383968009833 67.02041174539414 39.74225742868748 57.939328028504754 11.812744745447276 75.02879724511106 64.89951861922991 92.94647358161436 79.24683050661612 12.354930217497294 72.77548327711935 49.52265946667067 104.92832194042181 61.791101834516 17.36241296278049 77.84639815208088 49.73815106546582 74.09317309667549 94.1954928859911 30.20073168692793 115.27070130080637 75.23940868660587 47.76697792973842 55.91287867468818 39.42373729287651 68.15646640064996 20.869174805604935 100.90023874388619 69.03090047785281 64.47455073112809 22.260527138349968 69.60911470440281 68.45564885924753 53.556549415156766 100.4302842450899 82.4812392850081 15.661553631688058 115.8489302145471 51.4985141746806 106.25217956249145 87.33058196565389 83.53058755949893 12.214675134574787 68.46602715036035 39.6812720471541 97.94216409816893 45.38628296439271 66.01224729040553 38.553271325739196 29.08862783486962 99.0090800163794 49.40580886930847 48.22785268601033 61.07763467258998 45.05095531601035 23.264887124109503 55.726079471947855 84.86721099058693 73.39610485838539 55.710277933782436 92.83767343470521 51.93565219581556 98.69723868422915 30.115111420537282 13.355838787717774 51.75431756724942 66.19043136696162 53.14159059823283 86.70151086176179 29.22516226952077 115.34260298703241 58.928760067459784 56.06313415112647 58.10923989455065 37.01991998265947 3.873825221094654 85.4248414627333 77.82942192438475 105.20313290747137 56.1723558866373 39.18038757680314 30.032788509773233 52.92473833276392 85.04282095570679 119.14582993317381 26.58249260588526 9.016098177431038 44.5888122013056 80.17010262358642 115.75206075835021 38.4967864799528 29.143915826767238 52.43022137577797 84.73891325931254 118.93121436186351 62.13839400747861 56.62294883876583 71.29714271281101 97.42973201268606 128.19504161833316 88.5665120241321 84.56670848844541 94.82137410201943 115.59723809644068 142.3601544850642
30.892483086626047 42.008404919658204 84.38819621795784 89.8645507699809 23.527146091088394 27.747772388623204 80.09516459921421 8.897098887757098 103.91919390622678 0.0 22.143685259575978 27.730758545881823 94.8803497560706 98.19897630271338 73.60128937456984 56.998897368812926 66.18028762335176 43.65695071370229 92.8339219764969 51.032910531781994 31.874534004301164 36.91297171561636 89.57435904082305 47.01197078602021 92.48610699714413 42.68470147690342 49.754265103760424 14.947562390732008 37.04152522761111 92.71707779665715 46.43261455155036 55.05591660803043 12.665265303921725 58.73731278821239 86.56113585466709 45.072067329038894 83.62914285736821 30.592465380345352 11.307669503416351 76.25328879366347 11.509055998701257 45.0783650021482 59.038447640529526 54.029719729537405 84.24940013385647 45.48978414303165 83.08475601442214 15.34284468456919 59.03795384738648 48.562930140405946 86.25148095541991 39.12580991148644 35.75956471957971 52.63668825782108 24.999240269337147 22.896194799148898 88.50178804528848 13.326685455517275 78.67076321607338 7.662555874011079 30.49840821099774 22.36129151166468 93.8996116797911 36.297850677034134 71.22891971772722 21.628309834862492 65.77643363996289 47.35578477566657 89.36493767470097 75.43592641675964 29.968843037615766 89.62098476616848 72.81772997763706 45.59138258333146 76.05210900862947 87.11359637070997 58.944395588754475 41.65830006286017 39.21584500228754 48.97519202738774 39.25644013322372 53.40595178642848 17.868293718544486 75.12593965264043 90.61828374846439 83.48565818658533 49.4490971039448 58.18085306688646 31.066562215133093 76.13226438326909 12.340929946459925 52.869660976177805 47.86234651185108 52.54605125275108 83.11399304609884 103.91693752351748 33.5223053829512 47.268672579605486 8.05740837246605 49.791461865507 137.60330777467408 105.10622221922485 75.44618553767083 53.56395431741782 50.7762623711237 130.13730943467553 95.2220297444032 61.08151984211307 30.44455058192038 25.592786691683845 128.4407166330174 92.91218539038552 57.450334959066716 22.37449592544403 15.261239696175892 132.7350384578233 98.70998179239267 66.33941766168478 39.87936717573145 36.22150297868804 142.4793798653839 111.355872894953 83.85714676471684 64.77689091699911 62.38753104918702
29.493956697919145 34.27061876638704 76.93267690530223 87.00020797560545 4.204601841961562 43.65519800530832 77.53128756050938 13.623315513948588 98.19667431851764 22.143685259575978 0.0 19.42193480597379 92.73647170530752 94.64087115079779 76.91100092060334 43.75055814913185 69.92076529747659 29.486653237527893 78.95751447150546 38.43240075566902 13.095343882934543 35.12924441101125 76.17410255547007 40.77417988613378 86.38894821604188 26.318344128909832 35.83119623031273 30.47090807644842 20.665264297646026 88.44745386266604 29.900759685800278 49.11005770658504 34.32584900998412 43.39417578660367 81.40030504719864 26.784054776156804 68.42551510220474 26.694100070833485 26.24339320082802 74.40201999315487 26.828537507180542 27.852211792576085 50.53389880097862 57.8264723509432 71.35301168087102 31.69064283042432 78.23861354769718 7.022170658641632 41.345029563069325 35.405283190902615 77.89603989059314 28.598121772152805 32.42509253657237 44.64273357619785 3.783399599855298 19.337490462583602 83.82122943326347 33.370307632709775 63.4171668601377 29.78241327744114 12.092212167336607 17.90939798153817 89.98617408016932 31.310393176612866 60.9105588598033 0.6193827698304243 67.97708714107488 33.897186636351535 76.23577622994297 69.13862762694515 7.9612809694896685 74.2399799779922 59.12093325160092 37.140004938846474 62.747533602553375 85.5876181245351 45.94827215210386 21.49092453719372 25.516359869784875 48.78616210420016 17.404311984235495 46.374023487188595 4.284432393205306 68.11510573762729 84.96614531223474 67.86264209242418 34.992652466826954 46.74032446969279 12.803518765415477 73.52730988892168 32.02207146447129 40.77618448611908 44.711350060318686 57.09563117267188 70.96148293911692 97.38131653186 14.988926479505732 28.571571122841064 15.493483728411896 42.07235186528679 134.99545519072137 105.71556097308266 81.60822658741189 68.38231767826046 72.28067519494898 123.1344157950795 90.23846120010502 60.465304191147936 41.24686349493508 47.73606699480043 116.90069323620003 81.61363829454133 46.77614341666268 15.730130038905864 28.96677665963034 117.19608012087434 82.0322047887313 47.495793670183424 17.73765986497492 30.093273433848154 123.97389955340392 91.36994020121108 62.12549877667145 43.62181392117635 49.78273925437087
11.159798645916057 15.56140849613907 58.85900836494214 67.75505555190976 23.596431307590752 55.05160573123039 58.213514375856626 20.627891344281675 79.63844543686628 27.730758545881823 19.42193480597379 0.0 73.42150587169881 75.53654942809978 57.905491230962184 29.269396739247075 51.107383676969796 16.370871398457375 65.11779394026844 23.30255334817182 31.376027131314792 16.01606498988475 61.89137091079089 21.7461490847753 67.88448664969407 16.873774801365016 22.16409113227699 25.296874105830444 12.565729711271464 69.45891861898207 20.27560754888071 30.170393943801958 35.18199221556768 31.327857854450176 62.58720791802564 20.825832230324778 55.965096972837934 7.713399794642085 22.98448872996911 55.01375278242322 37.74491498025073 19.685112110881445 32.61259041962232 39.30691433587867 56.614475952290704 17.98885537568004 59.32462758377486 21.26181549877732 32.861652556792606 20.870085902044902 60.22809518138227 11.448886657838667 13.119005530297233 26.356605976456585 22.47743010485574 5.6676947601900505 64.90188694803798 41.04411725143108 51.03405565258036 33.236441626250915 12.755085673710617 5.5652639108610105 70.93047361778842 11.888902371915279 44.17196303115367 19.03124609264029 48.85490094277466 19.72475202721517 61.71320201524992 50.56566951372494 23.259105994069852 61.961828015489914 45.08854444262559 18.86854575596481 48.34729603728318 66.20362096462681 31.217264032293805 21.132519746614093 12.08706670298986 29.542510809633253 24.341760308370294 27.73107573638367 19.154330608705298 49.78474272939335 66.31411368781126 55.89045332905807 22.003934448053233 30.64351317484717 12.616681084193496 54.19830758638539 40.06892654814422 25.175718942980033 25.292951593601373 38.85966241171054 55.60915900911067 79.0883310435743 13.682398561921993 23.17197599588441 26.383920917305723 23.60127690245579 115.83391227710496 86.2973589163715 63.31761299596807 55.70595223391513 68.77014725047945 105.11993049819982 71.43014085437375 41.06732518135116 28.336907271507418 49.51394117928196 101.26569385715405 65.68339234477395 30.101268169193137 5.484131544707259 41.064292154321635 105.02934495517809 71.298022912815 40.839296842788606 28.00863417330945 49.3286360680664 115.66945725671799 86.07857647464938 63.02195745263074 55.372924105410405 68.5033001900888
65.07806816518433 58.672547334732364 25.146307652447042 6.18245790293695 96.83925217792 121.40009295032218 15.208341299925323 91.43567284642064 17.57312415626952 94.8803497560706 92.73647170530752 73.42150587169881 0.0 6.664582632969452 27.904268616281232 57.34334202517805 33.57929295686022 67.46803027460984 51.91783118641885 59.37690404049435 103.56777449963057 58.87454498599409 49.32990507781266 52.06498500567234 17.21335397296567 72.58503329516871 63.14034467147915 82.45731075089944 75.7780619886482 9.514033910481485 71.11492432797041 43.965709500091975 94.04505194322977 62.56624704925431 15.758649223959859 76.27444033035059 57.49058630392317 66.83305689088371 84.37069939774719 18.675222863736906 106.3867788856126 73.45995390755094 44.79989087160883 42.973839483640326 47.10907340422518 65.53441996193061 17.06229651862065 94.29586185451271 70.47144577367771 62.19877179068158 27.961554882471393 64.94240181054255 60.96642536352401 49.280696646931645 95.46459411204613 75.18287733040982 12.960025902178604 105.85706680064894 57.7867285503864 96.1182037387455 83.05033440921476 76.40653412742795 7.722808508593845 61.613804171539165 41.25390240894927 92.3873377248005 31.322825115224635 63.61928745856277 48.06531984250625 26.809898234931783 94.92345673092261 58.86213125084228 52.32619185685691 56.27657654561205 50.037888416606286 7.925739349912551 55.615508624104656 82.87305710367598 69.68481665915219 45.931355203044575 90.48763742729874 47.075135307883684 92.4935596381149 28.98099696959712 15.810831657420868 59.46622271604216 64.55432930205328 52.03060785502727 82.50034260051015 19.224867603016964 105.52914853532964 57.039279032258946 48.29387273205129 45.0278454123581 44.06774037450404 20.82154881702936 81.67851079973926 76.78829525472742 97.36842830875092 51.402871347282606 42.76028920178514 17.009821132531894 35.81104613209707 69.33782058089007 104.23646688304649 41.05795505721517 12.165134156465738 33.7999048616036 68.33070255953008 103.5757911860947 56.04854647745076 39.87444980124283 50.70189582875847 77.99725022687582 110.13009648951605 78.71093826907232 67.93523459442262 74.61297383463268 95.13732757149607 122.74869365950113 104.15133195497798 96.03901374192172 100.65537308065518 116.49693495855945 139.7983809928982
67.87728531993159 60.380074286062175 22.55521106294448 8.559085417645182 98.67303500153767 125.10667973370732 18.182187444247226 94.24857148415553 10.912888100443123 98.19897630271338 94.64087115079779 75.53654942809978 6.664582632969452 0.0 33.96155490688228 57.071159746236084 39.147503489222736 68.21325710330538 47.56253581307067 59.73404215659605 104.96851458961656 61.67073171829475 45.287090654487564 53.87478033093419 12.976472256560646 73.21347927264567 63.43005722008089 86.31677394692059 76.8254920009825 6.622060070177956 71.4298577195165 45.53893640340341 98.09309627291944 61.876208331760054 14.181696379223945 76.58919549056878 54.17916951440858 69.32547964706828 87.97033777915885 22.275358895219508 109.67297823027397 73.83686486967704 45.33746530572812 47.661695740880745 43.69154846252197 66.18044052202835 16.7162687508528 96.65368633385927 69.59560120750166 62.681031175398054 24.679817966434413 66.38744633138954 63.511392847942446 50.410985180079166 97.18589681607992 77.7371531955382 11.351416342468681 109.57801176044738 55.002158548919574 99.8736665607404 84.45320169045081 78.89745212928412 4.760816615298823 63.90632395171778 39.94875087539082 94.32744121693317 36.41322615568931 64.15986949432198 44.03184105207503 26.540235154015527 96.30061030756289 54.96408801872014 50.27334793833447 57.69887369346552 47.627346372331985 13.187939774448157 55.19012749168374 83.38784456778954 70.78805928939536 49.29108452230081 91.17555183257436 48.410854701055584 94.68806135501866 28.343087809334367 12.432037777619056 56.18839604746271 64.80868994121315 51.94663378064275 83.86968336506322 22.083029329240777 109.17913478118687 57.31934480823413 50.8380288254217 49.791461865507 40.82175272657845 14.250988324389715 82.86641004528661 76.90187618908907 100.21914303419274 52.75869572242465 40.36987369463684 21.056377385262127 42.29913946717174 75.2812407922245 109.89774827038421 35.14110266278696 7.228931530656871 37.44099072145673 72.68843169122721 108.15543628321716 49.402127943839375 35.306983947933645 50.84074274053685 80.34403690235636 113.39194215016133 72.43395683105112 63.45297781555777 73.06168629383592 95.82205869439404 124.73111550647589 98.24999892615972 91.60344907526682 98.29220729614741 116.03258458207945 140.7046548089033
47.428133171639736 46.4400161264044 38.439361955473025 26.347580369300065 81.11109457155287 98.27302468317609 20.74399878157675 72.14164303820766 44.10526523642583 73.60128937456984 76.91100092060334 57.905491230962184 27.904268616281232 33.96155490688228 0.0 53.70369058804827 7.4262438979834 58.24513391224328 65.47302294754027 52.80247371107602 89.27635339421873 41.89684304966697 61.94542463419192 40.45362907305242 37.73880574442859 63.339826496955546 56.34303024209432 59.644722142348044 64.50283229932414 32.21854810499035 63.32417840282468 35.224190999168464 70.28239997036015 59.936529450501624 31.685336519622236 68.01531792512536 66.20601089380305 50.30747741135392 62.42209638892633 17.557316621683476 84.92378886258062 65.18771056290089 40.267526790977925 19.6618017389222 57.61780869172985 56.94631692655122 29.22737711749111 76.62912895125896 67.72942560019291 54.711126542804045 42.25064589789883 53.041380466303 44.825062773000155 41.183614500398704 80.24040793915475 57.740577847642236 31.083511631411444 82.93019269707199 64.33454170874421 73.2809000089693 69.77650708866281 59.1388843514454 31.932183491876245 46.481264496822845 44.96534486380475 76.43679533686971 9.206360489214898 55.705327149159075 60.807044667736484 32.213692483008955 81.09720106927553 69.83033584872416 56.70709239970998 45.632655349588866 56.19505981445969 20.876010954068647 52.88119966880127 73.27402197027159 58.72520906845909 28.490255175338127 79.69372836754025 38.58347166153621 75.53771403233853 34.536654585767764 35.28754719817832 67.82509956869426 57.73126754281169 48.50449698864436 69.39961574793445 20.05090808595887 82.8437853123152 51.13907313190011 34.14335092951344 21.055380834518033 54.42791920868073 46.47930725614089 69.37860828450948 69.32694098724895 77.72071164766707 41.899431525989996 67.10614192765674 32.28476518424801 10.657719522112195 41.4376284512297 76.50343954178062 68.95012666868105 35.928097006919934 18.966822608222724 44.28156031161354 78.06520880498596 81.18992326678001 55.778122527557585 46.505491529541935 61.208569739844506 88.67008375762039 100.08087366849236 80.64313408241405 74.31383049472427 84.10631521977885 105.62810063631011 122.58490533887328 107.08400379349597 102.17094941950042 109.28319234744048 126.40697582937608
30.425324619101705 17.591550281794817 35.978589621140536 51.16167161199194 47.04995627582546 84.1405265656095 43.53618367050792 49.55564173442124 57.8000865651876 56.998897368812926 43.75055814913185 29.269396739247075 57.34334202517805 57.071159746236084 53.70369058804827 0.0 49.51409056719735 14.281040250964294 35.92041358146366 5.992604956978662 50.96413197226101 27.731033368640375 32.816858389545125 17.827261533936696 46.27107973132146 17.97508385020417 7.923939269759441 52.519686436893416 23.178225988440452 50.45600035567782 15.166060175971051 18.814578601454972 63.65496144064227 6.267652646582904 42.89927616228154 20.110571445491047 26.852204317521295 28.43669830934358 51.24739963588665 42.24197247571723 66.72057855193488 17.634927546669697 13.64022726590775 42.33661460380488 27.74095732506758 12.108391405022058 40.55378738192835 48.372856033478094 14.074109273426389 8.5586064926196 35.9442941573961 17.9750838502042 26.10555818078198 13.461118671489203 45.08025368871856 34.39661199694381 45.72194915369499 70.3133508772857 22.03485392986051 62.300515495247865 31.79752254442338 34.7166467364081 52.33632057353598 23.991042335845744 18.265967588074925 43.67507022952814 45.19027657545357 9.9582923731014 32.74431903466161 30.643826104989433 42.60503658761108 32.840553658348334 15.849139323359529 14.573618775035841 19.246356002679104 52.02180339674491 2.2241123132326868 27.20126907142897 18.493971550045053 30.839901812955496 35.22700623314538 15.809270439546912 45.56195816095667 28.72838354014224 45.49048884729281 26.974583414687114 8.895427821432476 5.450648683767645 31.097754227518656 40.23712008872008 69.33454944559514 4.739233254519157 24.099635718111568 43.44539130560855 27.21203317207472 56.20604613330469 29.269396739247053 20.033733113105676 54.99624742508103 14.330180591219207 96.55893522055706 73.28094081157337 62.838631615726456 71.12959991030236 93.2859869729638 80.90818042593712 51.17395946408996 34.979997942730435 48.5861301886488 77.65184800668283 73.16177556455438 37.901608727548584 7.254549301545141 34.65450949111201 69.86738560750504 75.78410653529552 42.701720318157555 20.87690274888013 39.7549399979976 72.50701673357865 87.85139575150285 61.477370335401105 48.71578961312913 59.153622196733814 84.60044708451255
40.430894872564345 40.484826741140445 39.69777747215429 30.97473502514049 74.11212000408152 90.89874578365306 23.52656291834703 64.81604227240528 48.649477194033324 66.18028762335176 69.92076529747659 51.107383676969796 33.57929295686022 39.147503489222736 7.4262438979834 49.51409056719735 0.0 52.62882238008028 65.32093721638114 47.936048253104886 82.42505830686045 35.10117110700868 61.65035248978515 34.86697961844139 40.87819086384542 57.614319190844355 51.31378200092041 52.227129354857084 58.35687529919959 36.39108296055504 57.90418473538214 30.71669051259555 62.93112769587649 55.78158436941587 34.40196715032536 62.40964004337591 64.72209635072703 43.445279785742606 54.99632183712917 19.53672022382007 77.49791408301839 59.6294031550146 36.54323073773695 12.317849898596112 56.91763309769465 51.49840629089369 31.438575901383253 69.43093200712143 63.34205132669254 49.57117338413044 43.4340230873533 46.982885501953355 38.120249687520996 36.44944563310128 73.3101938008336 50.66802085628844 34.39576601570808 75.53427131294706 62.341026251137336 65.87412614882255 63.21209548263946 52.077880814502024 36.46097990402554 39.92930572860524 43.13626581777035 69.43327059220933 4.879922566567835 50.44002466290129 60.586955862350486 32.13455123118445 74.35659565725162 68.84364809263398 54.42927134767141 40.06413832102306 54.40215324101141 25.98273879474131 48.94800532477728 67.3252841758086 52.738798626308935 22.062649519389833 73.45510178271404 33.90264772918799 68.41896694508792 34.18283328145877 38.39803174958175 66.19884342510002 52.65730610063696 44.564050835194124 62.867623694770145 21.574802252229944 75.43703278863225 46.49420289613094 28.240501542458095 13.635201329049115 53.82822204308776 50.616105160230795 62.98318529070445 63.86419167157377 70.36079415686861 36.76722819396804 74.03955584529308 39.55407489757874 13.394073994556377 36.42094124708564 70.75150931547735 74.28704539566994 40.01110119749448 14.677123074336695 36.90737435510751 71.00068477932399 84.49460725574016 56.62498931243886 42.49251390697756 54.19420288482707 81.24397256890893 101.70587324122938 79.88076861417818 70.35551116016961 77.78796129133268 98.40804899516996 123.01472097255153 105.47203969650825 98.22469811055826 103.459373970543 119.54749426924653
