0.0 22.649328195813908 57.64496213825058 46.13016940006223 34.142716707776025 35.98913336118894 14.89037102559526 66.54682821472205 66.50825181566202 37.64709197908657 79.90540724894463 18.777634453889558 58.54584580107679 70.57679506934875 15.754663344443891 53.05418184239117 23.773030778943518 31.297490315461953 35.04812784726763 55.91885571394649 30.245649410655226 29.256514102638015 49.774455089236675 75.48954266812163 17.369808418317085 47.62226025062162 30.952270478694494 36.81069415558612 61.476019880607524 39.47335891719051 78.80571559143415 17.879727523859252 42.92874980088736 20.66554138907999 31.910210259892526 51.960109278030345 28.99298290688944 10.302532980360638 61.47680082444248 49.91205407366563 37.025622799958256 28.071079449749277 50.28999251110722 10.26490773571152 44.64754246079755 13.761229318993728 19.29515056841127 51.61170970177175 10.222173694850913 29.19027498891579 32.4951406972732 26.596066143662426 59.30724674612964 20.335174149821352 35.398910517511204 34.07553608655769 40.807870955408895 47.00339602795686 64.02151460579962 41.36313979185687 40.814798885070196 2.13391979423662 63.60395881303576 27.060206414497546 45.13063108715333 56.94136091698192 62.179510041388 36.06844529863633 34.87640540278153 49.889713986184404 25.93111604779747 57.21047013533765 30.952270478694455 69.94525484657325 29.928830359627117 3.4016226149679856 64.79911930841283 58.57222288032919 25.661118499330197 38.847487135900565 73.59048776034238 17.116366865908486 32.18820614589757 37.723920928910545 58.97977411218523 49.45099350415763 34.38572009890981 17.614789875360575 67.66786934927137 48.93959257106982 39.85561013018383 31.86455877465382 31.868128006951395 32.48991020868934 48.95641494476133 8.95088552120791 26.249729826318763 51.05833139597881 26.43472167867368 25.67534190986168 119.90222242176335 91.09737554811404 68.94239808811751 61.15153482575488 72.51275546235587 108.13032467978816 75.09776233191681 46.036599887832466 33.6340747171044 51.72350786651306 102.85425318678557 67.35727916951461 32.05025840082658 7.045950464986379 40.05349073816757 105.05758905534591 70.64546774697544 38.42744187911932 22.24310111067 45.222161450161984 114.30852966640197 83.67189025325224 58.887099726544946 49.66443237596011 63.226428067085415
22.649328195813908 0.0 69.23442569876124 47.03660297798494 50.4949971319557 39.21411701176469 26.809652821940404 47.74872315587346 47.393747243065945 47.85461630517045 64.09486692809058 10.669598971178859 38.59183634571031 51.67319001241656 26.83812816325716 32.03045595044249 15.493622408380899 47.8640486909511 37.033568549354854 51.65471691159405 46.16564406881594 10.74251809830875 31.10149486420601 55.90996798537961 8.850867257302296 50.58998604420341 35.774547814605214 34.317595634476675 41.07356257675973 49.206656535970374 60.93292260830696 34.88377377603795 51.2178215911332 19.15747500098574 12.156625820949122 31.49814842980096 43.26368760173822 32.855711124140406 45.5279498256468 27.46241870210896 45.54050574860383 37.24226810707676 30.165216713803677 16.461907181962196 22.683292359458303 25.49482339830434 36.13607439140757 47.85198030298009 23.344254391010924 23.961403554947378 21.027740031834643 15.299725077465645 48.077738422698815 42.19669318752957 53.72026716716424 52.83430420118048 25.091703198796278 31.397663707068276 44.66631604014506 47.802410492257145 22.192103634059677 23.91620999682005 45.54911609689611 31.761727830999863 26.5850920630111 35.54791984781798 41.15477935422418 48.555878690943494 29.78532229346444 43.007984284444184 30.3332951197553 40.58812720365504 15.7523862409619 50.98778395546093 16.715289808996975 22.965262375091175 51.96373104698356 41.42714603283454 12.099147574829384 53.85241997970116 55.362250525586866 35.886013079455076 42.25944216686196 41.71956331803427 36.33334934540294 27.619959345593426 47.42077107923229 37.69597898772415 50.268498476887665 27.035897469924095 49.930057404026776 39.12678375437539 16.249174202266616 50.92035780769775 26.33221380515787 25.10460798405785 38.936497748904124 45.987376555595404 44.448143398297574 21.18138570687625 99.6690606351207 69.180365936693 46.584308566271325 45.677630950461534 67.3421675112472 91.1256714648471 56.31391517010525 23.892102504181207 22.419066904976013 54.46653135869299 90.83283410761685 55.84330887666738 22.77178299206306 21.23300768001028 53.99383936897462 98.8639060884241 68.02632099931925 44.869426175127956 43.9445912223086 66.19037260781998 113.46455876822641 87.74102095765134 71.09768723742276 70.30923989393048 85.81381596604197
57.64496213825058 69.23442569876124 0.0 31.75046729975389 81.86519338468347 32.61681249555585 71.80700434272622 82.96799186725904 83.9358284765384 91.38716594197561 82.76545228457687 72.93466009748678 81.49412819515481 85.96777751799948 43.84372055751005 99.60940229652095 55.39888641332691 79.56935602741157 92.47866062486244 42.63381110828754 28.23790828549469 65.80422896499978 73.02018626771313 91.71552797567401 60.45959531087962 26.769092650156143 34.21272141826175 41.570515452036666 84.87768187153588 20.059357521148065 88.31848532421301 70.5148293363043 97.35010314372235 50.31940252373485 68.12094289608724 79.0453431410577 80.85460234302462 56.398610877631945 72.05062308756975 91.86745296681615 91.99045511545397 83.872845802602 77.08529736550564 54.95960400543291 79.65637407776508 70.93658329696147 71.53396689756752 41.138382572914935 49.11443415158908 49.03062455004258 56.458865920034114 57.55290051812664 59.62756288426498 46.0670324385306 79.04848632286301 30.325448166307545 63.58921970456452 65.07981924117547 83.08263072474371 97.0102367624222 69.04922703385024 58.87125141810264 78.921687152051 37.78723396839626 70.60242268179414 102.32141359808453 87.66119848674177 88.11679754961531 46.47849194894495 47.790170284179304 39.159343425333354 71.59556654428602 61.62966288051876 85.7159587702695 59.1309868504562 60.800141668883036 65.86142852836625 73.61397093092778 60.335055185786146 20.03977150491573 85.84725947147034 67.85693745905563 86.86022807696907 94.59498027224238 95.99532702362424 82.24870752369729 86.23512950775317 65.78037352245143 79.50878940453127 82.2192712613911 93.37632241247779 88.05493154050298 62.20755738272769 76.97378872940226 87.21607657214706 65.76049562991092 31.675748341702718 43.99422706742526 74.11113282101704 50.01293281915305 130.61348720117272 115.03092296865849 109.25340385882726 114.77134698685276 130.1559861831467 107.9007723370624 88.68963163699054 81.37074533607088 88.9304165207352 108.29641321931996 88.37524020368436 63.79315588306619 53.48926946388778 64.68994290108053 89.66954349744132 74.58498035448592 42.935729307136235 25.617022175729858 44.73459753576632 76.67029428377666 70.00651803300258 34.46313345414021 2.5910415855358027 36.85010656927304 72.39722467389988
46.13016940006223 47.03660297798494 31.75046729975389 0.0 78.77286649743436 10.27032608731182 60.72286653130791 51.21772397076136 52.19167053757404 83.77688547248499 52.44179589706705 54.405433479470446 50.13898291739574 54.238603941973125 30.640087076790937 73.20400782299036 31.544991218303775 76.0023154051819 79.24400624281913 13.634766875309436 31.51120171955482 40.03612609075548 42.148680791235 60.00063367273347 39.61637522417745 5.081058009734734 15.40486801210544 12.997062629551895 53.46172962241555 18.357125936538544 57.06704883072847 63.47807278604122 89.00661085527976 28.984694616791014 41.634193406329636 48.42848090376784 74.77088184737265 50.784761491222554 40.34397038162708 64.20258519881587 83.0670184887827 74.03310542032821 46.55393831870385 38.367736967098836 50.89812637148419 59.445135656341286 64.83339089373197 10.449159219891138 35.92392056693135 23.180997922167354 28.725483856746365 32.31264630109314 28.487958166047907 47.01274076930301 78.33742624262823 40.40839008932723 33.681294358086326 33.998837806590075 51.39187423200294 87.16381232323963 39.73088247717668 48.10937274040795 47.17167330833789 19.075027188374563 40.38943274668259 75.22634663161531 56.38784008133107 82.02036600716822 18.112338724249874 16.13225854650346 20.212460446753198 39.87420506207482 34.756927436746544 53.97697167216703 32.50786877452043 49.475875970876466 35.008179939285924 41.88923064733945 35.57764730723729 31.04348799109506 54.27184340038325 61.912171019335545 78.30050486692127 82.78570405848966 66.511555619011 52.63419145438471 80.27429220725271 61.16911291664479 47.8543110722847 52.73006960420754 85.98422063922885 77.60000989489798 35.03266616000214 75.6180682453407 58.705211640129626 55.0316591183839 25.729470329381236 12.755335573185345 70.59848326842682 25.880799251318287 100.01456773918795 83.2954937646759 80.03402304505008 91.677862380008 113.7378393336916 79.28742398021186 57.067742140221746 52.52727739827637 69.23625232033645 96.74894565498317 64.49405228767996 33.907950585102256 25.927110486652975 52.21954247650899 85.5204407580856 60.183017802940626 24.84601841611757 12.035956246517593 46.95332221231195 82.44134462235016 68.3671307216769 40.736764318259866 34.30878099710635 56.80572173977846 88.36784864014467
34.142716707776025 50.4949971319557 81.86519338468347 78.77286649743436 0.0 68.50655996649215 23.68584588012588 98.06559120102816 97.78764324623201 14.181291182132291 113.1010502195117 40.752699407603494 89.08017927066963 102.0353019806424 48.334116212961625 71.23056305260893 57.31266912067062 2.8452263923140793 28.015693127270044 89.61858301699979 54.29357378320791 60.18046266907515 81.24373940578681 106.39444302759743 49.375535870395595 79.338571746433 63.37435246317059 70.69337429281636 91.55405216335815 67.90286244012916 111.0025131777332 16.46451814021346 19.55190768415094 54.7846663003498 62.29185504211733 81.99111936218898 7.946821993271474 28.029063962305173 94.4695196134851 72.73616784484413 17.306117247013788 17.33101757284715 80.64890027600829 44.17059790104028 72.71044621568299 25.01621654238519 15.051737088379895 85.30556075296758 43.605902056996335 63.318478635334166 66.01596360155787 59.76849212218241 93.3501116706528 35.834512548074514 6.198966080287117 52.008441035477176 73.50534061930743 79.90011834146334 95.0975757626515 22.180252101679514 72.16215917120229 32.0087969135394 95.59669290947393 59.97452573829573 76.61082743739485 75.4493308898854 91.48690260791122 9.264377138936029 69.0079433926871 83.99195602200614 59.06583578791495 89.87581949934695 63.37435246317057 101.36018611594677 62.88547657700577 31.352449424193633 98.66701329145694 91.01177275436213 58.113724203722846 61.88040551787034 105.53773701872542 17.1159458852766 14.443687426049978 25.302091560594498 83.39160858610758 77.64458094749759 8.038538576845202 17.609778132974036 100.06406348419708 77.00515518976333 15.046328707276862 19.51647066623838 64.20475626965926 5.94087924264854 74.4274234154762 26.67162997621723 54.92520721963309 84.97502199599109 8.203814072307992 59.778785354111676 150.06203792853862 118.36953096150965 89.64491879541274 67.77323991894339 60.682350090053546 140.92299678745331 106.66362811516458 73.66923620675499 44.82601283498412 33.52274979239453 136.95440756882914 101.41380615326628 65.91828854895397 30.6250193920229 7.922955328072649 138.60135010064803 103.60646624505438 69.2131975280464 37.13266544569096 22.347354233814787 145.673397216878 112.80834709710749 82.2366625816538 57.72499591173873 49.33196344965354
35.98913336118894 39.21411701176469 32.61681249555585 10.27032608731182 68.50655996649215 0.0 50.688952279318094 52.95466067794115 53.70400416312319 73.6168481803025 57.71290730230037 45.53320903031094 49.90510250504293 56.42116503879999 20.401014795467123 67.72003266298155 24.079690302240618 65.73385397838442 69.60874643359614 22.37125578023123 23.52015266861125 33.862957486840365 40.98657276846902 62.21925096732414 31.118752790561036 11.929120929869402 5.134543595702064 9.478262965233275 53.35088341245844 14.073562303217837 60.875906655031336 53.22988671824025 78.90980801166704 20.280932628499176 35.950350757456754 46.76933489347999 64.5244703547686 40.53054742223571 43.05939701829405 59.50791377581667 72.98901945166565 63.98298431365093 44.77886379205901 28.716812114142844 47.055766004232005 49.43795974603514 54.5804516212557 18.319238434836112 25.767588509762163 16.684073011409534 23.873234305457405 25.658803193359482 33.528502249784694 37.323394374820154 68.13195782820726 32.89536742283684 31.156221848593006 33.40882100504921 52.390819794836325 77.17952353780137 36.453277503687424 37.93790099339497 48.967588864688764 8.969869397532074 38.207460701049726 70.18349400266325 55.88193574915448 71.7893893779375 13.967412573242678 20.83552541272231 10.229997948223613 41.363276649067906 29.260653898895264 56.04388203243175 26.79333368659098 39.356657776584115 40.17913365939336 43.357932908858466 28.717149941034478 25.41767531312359 57.28610521136552 51.643437096557285 68.17723262245306 72.98523468140456 63.37947813399971 49.65291495988774 70.03554977600295 50.9053955660932 50.677475762728584 49.61247441794944 75.81922721612901 67.62406573124498 29.771060936218948 65.39725313640673 54.65967265278275 44.91988328124638 16.43035970354275 19.317120191949474 60.33568727354585 18.35377620867234 104.31593603753622 84.33419648116673 76.64716402010144 84.6723548832686 104.86236923714452 85.54499331046533 59.84954011535763 48.766285720214036 60.88099369960559 86.98851512751851 73.07006861310285 40.27282018045618 20.898974761574543 42.235485431354185 75.25361981844499 70.32633716722125 35.10221971793641 7.123761052095754 37.43714901769288 72.69485741267877 78.34312015857394 49.120127690886015 34.930146009518786 50.592775611848694 80.19556393983598
14.89037102559526 26.809652821940404 71.80700434272622 60.72286653130791 23.68584588012588 50.688952279318094 0.0 74.42495483403124 74.12591939747081 23.430833357306874 89.88339723147844 17.35092918853539 65.39490323004017 78.38330870720493 30.619911563642265 50.462633023609854 34.904032097681664 21.064098029921666 20.72648410420366 69.7925692319001 43.81991292365455 36.618021228427914 57.63556685179671 82.71013783404092 26.34771507660385 62.421888118509656 45.71330420508262 50.63230586031209 67.87511529487574 54.201264914332995 87.4419908010622 8.874947741780515 28.333876303823214 33.561719609497096 38.64928570028905 58.307038348177166 16.64951833008726 16.872679433964638 71.21788777009043 50.31907612787001 22.368145506062934 13.312282881356818 56.96418273102102 22.90962749270755 49.13794770532852 1.4226131961577468 9.846875868350123 65.52430271931877 25.01339722999162 41.92794996439363 43.389702482799976 36.99318548839845 71.19941412166212 29.586692750984255 27.163594906473584 45.82795057093578 50.262125294778336 56.69054614205997 71.42562238110827 26.509625410966205 48.57472240568154 13.214575107750655 72.02971481253795 41.723125487097946 53.02188304348183 54.65299272729668 67.85582991395025 22.770190514733265 47.99483330472252 63.01225968922913 40.522860750806885 66.50948461873101 40.14376908057589 77.70514817225256 39.911046009543156 11.492652834515184 76.1201050443426 67.56642858386567 34.99276014620808 52.410450007939716 81.94149182252187 11.088041846921666 17.773229552682754 22.935182709220054 60.66999958013952 54.084041723879196 21.3481392408748 13.923911545154976 76.5754729117712 53.45713559161841 25.65010363269144 16.983228514755204 40.93042576964508 24.467499072912325 51.32555438445075 6.086819863838691 40.85864951221328 64.66940848964163 18.06352119414489 38.31671774294052 126.42112851532394 95.15040036829829 68.24258257199654 52.8455853888094 58.82530193936915 117.47266398790002 83.01635681249547 50.1577775013444 25.924664343487343 36.88593540894537 114.81897813236115 79.25340660611964 43.715192299818085 8.55245442975924 27.70346143656419 118.88250355531788 84.98114145638755 53.317266134298244 31.557234461048502 41.002182136615616 129.02995203225635 98.55829579756036 72.87583834936162 58.65303878141736 64.04382172643228
66.54682821472205 47.74872315587346 82.96799186725904 51.21772397076136 98.06559120102816 52.95466067794115 74.42495483403124 0.0 1.4497890208823103 95.28247150476777 19.869860742624603 58.13762826304167 10.037906136882274 4.030369829307465 59.896749450816785 47.17413565512754 43.435272104273835 95.37005529433158 82.62734812029252 42.51494613452741 74.47291600481344 37.93675841187788 16.870732159001836 9.452591788033068 49.37093750061604 56.2261453760347 54.53686035527228 43.57441518792022 9.610772269121625 66.90237864509133 13.514825363494356 82.02716490674467 98.0928913341152 48.4540909094227 35.77703561628875 17.07135835388872 90.98406327054788 76.38402815862294 11.391939238387563 37.271188883491526 92.68913131310813 84.79254411371467 17.882884857722846 56.62422559921627 27.769498863457112 73.06779146286915 83.35903960129264 42.5107199750417 60.941759518946334 42.03519775638931 35.42269964136009 40.28410166789295 25.268394857731483 81.12550450266932 100.84562816203528 83.77868451798587 26.15154109899459 20.817857050575398 3.774074757860361 94.24189354889529 25.963281461380646 68.44304506007069 4.04777316290503 53.74085363575223 21.534877454722253 46.12103608531293 12.509139949705721 96.25726591150143 40.20071257239142 35.302531663153886 53.235724087426746 11.592427931423963 35.60902968148474 3.4190031449590665 36.87555707098321 68.26388136825213 21.446349731216102 9.59910315075822 40.88581302177933 78.17404191557112 7.8243725788647795 82.51920851443211 89.79761521265 87.67090826141235 30.505232681940683 23.775258210159258 95.15774091406087 83.7767681306642 6.181669777301286 24.477730357953888 97.28329412305588 86.26553741430541 34.68521090889847 97.97532695948297 31.14637632688464 71.84656705083054 65.95396129049405 39.42516758352556 91.5478671411731 44.20958578355157 53.6905626868995 32.14435027954146 41.42502790478008 70.22106213633134 103.3351496161203 43.753326632628045 8.605377165688354 27.676023798168693 63.16710316896971 98.72393025303317 50.424044087413385 26.388799303306957 37.17998351806421 67.82721842476468 101.73942147843646 69.04587552222124 53.85325082216962 59.708998765280526 82.23325759420442 111.76584892206589 92.67402026670003 81.76392422675379 85.52355381896041 102.34886853375643 127.15493383123784
66.50825181566202 47.393747243065945 83.9358284765384 52.19167053757404 97.78764324623201 53.70400416312319 74.12591939747081 1.4497890208823103 0.0 94.80313574643037 21.086801749918912 57.714298916996 9.246985775022527 4.314373411429199 60.186274235157676 46.002241649595945 43.55510414879924 95.10583149298992 81.99319003744219 43.70366773739661 75.02296210501498 37.73393521438245 16.74333933056559 9.108719111302307 49.272420227279774 57.215981832066255 55.17072783168111 44.29176398368439 8.436382111731248 67.68734104200368 14.282315707258295 81.810613024643 97.53764924489103 48.67554830300387 35.5017186052831 16.408531816620897 90.65271524005702 76.40567055956802 12.6318061339927 36.17195627327708 92.170795289028 84.3443134938495 17.35967351681458 56.65049991657774 27.029650726988706 72.7772352993804 83.1336128545907 43.61047820058842 61.09897434023529 42.435671612528 35.675507604022684 40.37327196673402 26.53881353456582 81.36300181211591 100.64716545224069 84.29871780338374 26.3377632039255 21.23081715218572 2.8452263923140793 93.64952843622022 25.798159121790153 68.38301077037819 5.1020693711225755 54.273657680991974 21.40406841693549 44.878131517636156 11.193679476560286 95.84756471096935 40.79767430096158 36.34495376567806 53.7347039784057 12.404231802230635 35.61236093879997 3.6122311691863693 36.96425932758919 68.16178847099928 22.842637387025295 10.385840240754645 40.85917363429233 78.85687707766395 8.628852599357215 82.35743188392705 89.34322773649703 87.0505978571376 29.202683276712918 22.900732906120105 94.77044544853088 83.66390996347295 7.625664780013319 23.607828329468344 96.79004628478513 85.75275449186486 34.68058166501615 97.78419475081371 30.124852692392892 71.65594784756756 66.48023440214581 40.51103117471544 91.34593907248166 44.51526364316852 53.54685990898008 31.112107660635726 40.010659028081854 69.03575149384507 102.28983179127097 44.39506991278158 8.947513875012655 26.858979000283092 62.40963449454446 97.98332092227272 51.6800551381569 27.8096121545881 37.5248924050963 67.63916886293654 101.36169577854673 70.47655118665146 55.20754947795403 60.50580285657068 82.49957725142995 111.72984256451058 94.1230100670544 83.0868585599726 86.48572447603925 102.89900116920431 127.39190622426142
37.64709197908657 47.85461630517045 91.38716594197561 83.77688547248499 14.181291182132291 73.6168481803025 23.430833357306874 95.28247150476777 94.80313574643037 0.0 111.92683965947751 37.240785086876045 85.72685135541046 99.11486610366823 53.26809037521131 62.58099768954419 58.09519117929741 14.608568160879969 16.33479363158652 93.1971291310377 63.21106495786533 58.40964742097834 78.87484701504792 102.9192277543006 49.271613904299095 85.1428787046619 68.55061920232805 74.03093871472443 87.7975671498541 75.50912227807261 108.62888974416336 21.066654523507435 6.073696007327462 56.9913269567232 60.01042709412702 78.50623580793882 10.743620358529537 35.179167368642204 93.31462720012388 65.85393262218142 3.7466867182774353 10.669598971180275 77.44346899035159 46.33261560166684 68.40109457201103 24.815365965787365 19.92977905364143 88.91977529059444 47.856983515596475 65.33311028307406 66.38746353662984 59.95581195482471 94.29759848064106 45.73968768494141 20.31944057868085 62.5857779228861 72.56393339598336 78.97711020047652 92.00681235886856 8.004637058506157 70.04264868671277 35.678947356678236 93.30706743693895 64.70461521988534 74.41651634387192 66.70621852339762 87.20741955143292 4.925931126260152 71.41949944732922 86.42374226665964 63.57642008782926 88.4219144294302 62.598061540572544 98.41528259803165 62.67195793111749 34.31564093956963 98.96808798170207 89.28174337370552 57.66929308575984 71.38932711345382 103.00399305363457 23.544681477313492 5.723721584624131 12.277936666356222 76.72824553781224 73.1757412367715 6.320801535638422 25.673497859255242 98.09413763346544 72.49095995832936 2.220929257643968 9.30263820330993 63.306287229001356 19.915761473694225 68.67038623160424 28.78173580107304 62.12585527964458 88.09763329463482 18.705689985631892 61.723039997057775 145.4080636495503 112.25168551462026 81.17600183750807 55.774654613930565 46.52147215364047 138.8871373414951 103.75006683041376 69.07039456380178 36.187926619351444 19.5093887908884 137.8116452024156 102.31959097342668 66.92351897845798 31.94410180231647 9.710995804238792 142.30516447084318 108.2410492395814 75.58884824373553 47.36462341918141 36.12928811750414 151.87394786093776 120.43455992350643 92.0619266957628 70.55807120880485 63.35307746387949
79.90540724894463 64.09486692809058 82.76545228457687 52.44179589706705 113.1010502195117 57.71290730230037 89.88339723147844 19.869860742624603 21.086801749918912 111.92683965947751 0.0 74.75324518873705 29.528503595139657 17.84294566957793 70.14420196718004 67.03918673377069 56.134779484099234 110.31266936215371 100.38996070770838 40.14008814790735 81.05284332634905 53.53006793782404 33.52681962506994 19.507809835294108 63.727056422276306 56.80465877425894 60.83285627256012 49.50595714981127 29.480061771530806 70.38059397363546 9.853279746822531 96.70566466411509 115.25877347279972 59.915135625346274 51.95980037479892 35.958746637265726 106.52305471868722 88.96590037568036 18.66657778997721 57.07191828595148 109.62864889081726 101.28457887663602 36.23779214785817 69.64828558286887 46.62920043739165 88.47676578458722 98.09699951297654 42.12320845879176 72.55413688327994 52.003725338636706 47.41210844200366 53.433701181423864 24.233694241994424 91.3494321869693 115.16418888248923 90.49886074915254 39.62810578753473 33.21073477420533 23.620104310654682 111.6768857978661 41.97183511944556 81.95734268486994 19.861882723299615 61.40444468227573 37.70453881239794 65.96461918215006 32.247263546328796 112.37292051729891 48.02696926967274 37.020887762168556 61.348547322717046 23.507204252770954 49.75997486644188 18.414474441342293 50.237101793137604 82.16134612588517 17.57469042043902 22.770605429610384 54.991408359548544 82.7824539892929 13.338684507901718 96.71343454278284 106.29632870550287 105.31985654714678 50.23957324920246 43.144108600279495 111.1074310846016 97.51219966282066 14.725187825209948 43.82442779491752 114.01651334694434 103.20780540824747 48.95722773684772 112.2551292902894 50.82396029198507 86.44979449376906 73.14136077114719 39.70322025734875 105.98877770962845 55.043456541029286 47.8484969028895 41.225177314827846 60.346743135635045 90.0895173843389 122.97434874622576 28.486876475314016 15.344230671990436 46.81449344037226 81.73099947237378 117.04923686555743 30.621378620493697 18.98486180378265 48.118464425335894 82.47759545078519 117.56668905577519 51.65241168373588 45.54609600951123 63.34896879779325 92.10812445200365 124.4463381817859 77.47459560551191 73.33085358082384 85.349962567674 108.27704757888789 136.73084088224743
18.777634453889558 10.669598971178859 72.93466009748678 54.405433479470446 40.752699407603494 45.53320903031094 17.35092918853539 58.13762826304167 57.714298916996 37.240785086876045 74.75324518873705 0.0 48.75223798496598 62.015434098815085 29.10687079067182 34.82435911319214 23.790436090834348 38.24551048304902 26.665512950309537 60.62143605565561 47.31707732378599 21.375644556446783 41.63815012937423 66.0451164189258 14.910183827036304 57.36328526816298 41.34414543751688 42.31563547175704 51.03505774988089 53.361927707805364 71.42309512681909 26.023335129974754 40.54919465589906 25.434730267343124 22.795996567138264 41.56788665406918 33.23743818586198 27.682958373297048 56.19671698097572 33.30266160284457 34.87600808020158 26.67356080268194 40.38114943585826 17.982070956124726 31.97681921855342 16.206190286265205 27.12554206602182 56.61801590749922 24.11124249025636 32.190188377903695 30.827933878623035 24.611064406350796 58.407367516734574 39.06119698889133 44.50778389243516 52.39790315872978 35.70238591512674 42.041630712555616 54.946686012996395 37.17387216995364 32.8154181915887 19.132615615408234 56.07698044771831 37.12380511295435 37.17766519234938 38.865749805439606 50.79933758181925 38.13512984945709 38.34553467137435 52.4539839452294 35.70026619686135 51.248538719378665 26.089427622413663 61.321863921005715 26.680152755351845 17.50684242475612 62.50369800242362 52.06124190511257 21.739234794083416 55.647206600795855 65.81783272650624 27.622258368129135 31.687300806978563 31.207128743198528 43.437305243749556 36.90134968647819 37.08948608286927 29.92962075877772 60.85337678581914 36.25753185067439 39.29759331012874 28.459010020027307 26.678680150585617 41.81818551665699 33.98673397988967 17.415595465554212 41.4319425791989 55.05574485715221 35.40271130372253 28.894292666914865 109.3638257148622 77.80227124054923 51.750498103253186 42.83933131453393 59.36729883634373 101.66190409292508 66.6574666743863 32.91655340338415 15.999613041640337 44.27959182351511 101.40026190850875 66.26152196818897 32.11499730981582 14.29560741049477 43.69855044101085 108.63268617695549 76.78092665970453 50.216906773345876 40.99196980675916 58.061366563943466 122.033596411943 94.64299421585424 74.52857391025773 68.43854602007347 79.65723514978036
58.54584580107679 38.59183634571031 81.49412819515481 50.13898291739574 89.08017927066963 49.90510250504293 65.39490323004017 10.037906136882274 9.246985775022527 85.72685135541046 29.528503595139657 48.75223798496598 0.0 13.529555695740994 53.62021218278178 37.745108585952686 36.37636494015951 86.43258717206677 72.77018428122997 43.87523337929707 69.73669177032687 29.398098910902014 9.457886568762945 17.318893385697912 41.18829918695143 55.219136311532964 50.58084189481775 40.44506478821572 3.457003722472673 63.97163878546989 23.507126503434566 73.27122426305962 88.3722180290241 41.89573430940571 26.967478046197392 7.223599389509976 81.8340790096588 68.62374312284076 15.642042350022107 27.60667393127587 83.04592146546335 75.31761403451502 8.433454737712802 48.970330555008715 17.78266495196618 64.06775105634924 74.56932679502921 42.873186471874746 53.92230379051009 36.66856341492905 29.274855211420395 33.10522862799478 28.305910307625485 74.4385688897254 92.1328885396031 78.78799085310973 19.925543675397066 16.508795976572397 6.401759382708446 84.45255148839493 17.794837243521766 60.34104181035842 9.915627017670388 49.074619949973304 13.719964003238298 37.07875441453514 6.300236979395445 86.8776084233259 36.23647269599689 35.29174368590144 48.34475901753787 12.123007860134175 28.05817016772262 12.819063522327795 29.75119378093581 59.9830784818698 26.670548881694746 10.687409284115837 33.10936417940109 74.36204543550122 17.82746434874244 73.96692713114592 80.30475470861889 77.83508364364478 22.144353181465405 13.74693712655162 85.84035541505465 75.41531872914244 14.916023833921733 14.44677783638169 87.69470041960315 76.63642244714896 27.110406612513408 89.29221764692731 21.29605032655611 63.20436741347223 61.11788402747795 39.724385927045695 82.83250324329816 38.20639789602757 61.408115669061175 34.8369461973556 34.47407167762705 60.79064947061773 93.45981572301301 53.636116599464344 18.10826825227967 17.640769003662857 53.16667245280226 88.73784066047779 59.79134682186844 31.92971407069935 31.562712031284956 59.20388167321355 92.44561148859266 76.58611916118066 57.34427063237508 56.95126700582362 75.70124150782691 103.68249046791604 98.73190457578924 84.46512225575533 83.98091989906784 97.48488636459436 120.35730705507648
70.57679506934875 51.67319001241656 85.96777751799948 54.238603941973125 102.0353019806424 56.42116503879999 78.38330870720493 4.030369829307465 4.314373411429199 99.11486610366823 17.84294566957793 62.015434098815085 13.529555695740994 0.0 63.84240256224722 49.69656105812733 47.451020392457615 99.34608845578849 86.29470284305349 44.90224027229642 78.19624068095682 41.93329198973779 20.882160231358206 5.805453441308791 53.39466363213641 59.199223904407745 58.1698836480072 47.10319167228667 12.353056180983767 70.29567333482296 10.137828158052397 86.02219351590784 101.85114472017334 52.4360058962408 39.74349162226748 20.714448948156612 94.92519452389162 80.41285641474485 13.940352653273335 40.04470757377466 96.48505982709356 88.65144935333494 21.671931125413124 60.65309258829286 31.303823511706824 77.03042160406038 87.35082555259469 45.20595269860811 64.94503930507203 45.91565116901649 39.39579179228438 44.30636475200949 27.40819251981374 85.09471703696536 104.84742069869415 87.531809396829 30.154956324473414 24.717722824221724 7.141061974918581 97.95909156372385 29.96897249158454 72.4718071486421 7.558712750520318 57.49364071403495 25.54794290373916 48.368174410173836 14.66010534146445 100.1465721892613 43.89488489849363 38.19005896035876 57.02336218760264 15.148736737255518 39.63935641835803 0.7113065980788735 40.898359512334416 72.28782173071177 22.81198098598392 13.227914495491428 44.915864825988386 81.72423046145578 4.67086151307822 86.53128342304134 93.65149981678634 91.35517140953976 32.51942763691992 27.095651594787086 99.06316213638685 87.7993597389235 6.955445458361764 27.80525748401614 101.10308396328186 90.0668357201338 38.715578328529304 101.97940007010605 34.14094179555199 75.84997355114709 69.70687686366531 42.173031168483654 95.54828433424795 48.15135093103941 49.70021518682055 29.578284726100176 42.56561705329861 72.67036447425976 106.21829070274612 40.10837095502411 4.6426206598628905 31.090793588613167 66.66282306353821 102.24205360361094 48.428561432895776 27.409191130588955 41.10228475200077 71.83124475131649 105.65156643411137 68.41054171420771 55.3530765343025 63.087810004666835 86.1877502037172 115.79608206517601 92.80398454504495 83.42374284568595 88.5354681481314 106.06415179345683 131.12111344825092
15.754663344443891 26.83812816325716 43.84372055751005 30.640087076790937 48.334116212961625 20.401014795467123 30.619911563642265 59.896749450816785 60.186274235157676 53.26809037521131 70.14420196718004 29.10687079067182 53.62021218278178 63.84240256224722 0.0 58.74565628724576 17.616508816678383 45.53175022260746 50.339042164923114 41.37490609094838 19.354716988507466 27.485463094783103 44.202811926459226 69.28507858293355 18.111278145174015 31.891957999889822 15.298464208330303 22.839132804955955 56.92524744937049 24.548504888135746 70.75488825404591 32.838351317546035 58.64600075231694 11.763115518977704 30.338338630083957 48.143573058170695 44.13079633497324 20.63727376450312 52.641524425616666 52.951644821387404 52.762836116928405 43.825204294195515 46.20759030613182 11.183204874757164 43.80343310504289 29.44240498395344 34.19635755001461 37.07290634609316 5.6758273298715185 18.244507822928 24.52425704420459 20.874079715883266 47.57293241133897 21.356486218312988 48.40458115028076 26.72698975057725 33.923734350207795 39.14916792406339 58.088269876545276 57.11432097166071 36.337946811133605 17.618281258273846 56.396554088650966 11.652212127587347 39.96350244720427 62.083015879105105 58.46050506146174 51.38843484369712 22.422030043198994 36.62184230066426 10.742546229638537 49.18832308496575 26.099670956835386 63.294693872731806 24.04172671295198 19.154166246414672 53.68872158249349 50.8823542774098 22.027535857942027 27.07887398832882 66.06368986556626 31.34060909482791 47.88373317611695 53.314245839044915 59.974688281462605 47.931265443481216 49.63649637915185 30.812571263572888 59.660579696717726 47.60456128730934 55.46359436871038 47.60293778871575 27.014554457103944 45.59114502532853 50.03366513082487 24.702182828025748 12.383177218022643 36.99325902006256 40.222836082518384 15.69157166402289 113.50451431326739 88.07320882424877 71.85134916466605 71.41745980220529 87.0080552369248 98.63053040260138 68.05397878028707 45.46296851669432 45.106473637123614 67.33855805345962 90.27543739247022 55.38859942014743 22.76722025426406 22.38308990387051 54.91690206432009 90.26839707850573 55.377232178060915 22.739815855617792 22.355483791608037 54.90576595342263 98.61119786193908 68.02622136658646 45.421804220829046 45.06538428166965 67.3113101845827
53.05418184239117 32.03045595044249 99.60940229652095 73.20400782299036 71.23056305260893 67.72003266298155 50.462633023609854 47.17413565512754 46.002241649595945 62.58099768954419 67.03918673377069 34.82435911319214 37.745108585952686 49.69656105812733 58.74565628724576 0.0 44.216524013180575 69.25671541300713 46.619419974774075 73.05625167864751 78.10036505483437 33.88378661202686 37.72995259408049 50.82449307349135 40.634551568521154 77.65896268525155 65.41662772279675 60.36039315617366 37.57278211068791 79.62093366756126 59.691680058881886 59.29703915885771 62.929766750622306 49.54548402174733 31.801340301014672 32.524172387441006 63.284918750035416 62.466981601027264 52.41430732869899 10.416651359015637 59.07280951373841 54.23260689575798 33.1773166918494 48.46648790151256 23.989963297496715 49.68125588262015 60.119760278717855 70.32500752080398 55.35839122714664 51.05020649795933 44.505743813703276 42.13619304740239 62.18070567819418 73.32661461627212 76.20361513887755 84.8523690830587 41.05327911408421 44.25028448711318 43.41910408178581 58.32256563317345 34.75316298452718 53.736708794840006 47.65982765288291 61.86002293803642 36.230630254923575 4.225150992808941 35.042514589192955 65.55771177586996 55.15384103061271 63.46643294842472 60.52007980238492 47.703376052733375 38.61572569835862 49.03484863596655 41.01294324941899 52.239073198517914 62.7706861047926 47.10623757494832 39.27585455171808 85.56155267482735 54.36296073208445 61.47830792655784 58.42085914970171 51.53307205737995 17.958083092472645 25.17605700487174 65.25235807171455 64.10889054692979 52.62554343669894 24.6367028453975 63.98868134035676 53.51285979436778 38.24079838494612 73.8682248540182 17.050448090377802 52.021306006942986 70.57432340720003 67.59993808993485 67.86816567670995 49.6383819755684 87.00950681184757 51.88571621148805 18.595952690876967 23.05862105164586 57.00701002281267 88.02956284439789 53.56299153107374 22.825187830538646 26.555401483312977 58.49439722801512 97.49883785317873 67.8914747040931 47.377743789869875 49.11433793770432 71.49793766780404 113.31819353400103 88.95393954039729 74.27445921177588 75.18436528115404 91.21833058215235 133.2440752945246 113.04627000880822 101.6707257725054 102.10982104940564 114.22738896438517
23.773030778943518 15.493622408380899 55.39888641332691 31.544991218303775 57.31266912067062 24.079690302240618 34.904032097681664 43.435272104273835 43.55510414879924 58.09519117929741 56.134779484099234 23.790436090834348 36.37636494015951 47.451020392457615 17.616508816678383 44.216524013180575 0.0 54.489095638125015 50.089902934747144 36.83099997626739 35.772950072335625 10.659253427474656 27.092867306824246 52.64866024800278 9.089453833002036 35.18201993780659 21.248913558421368 18.864157365513734 39.5973403144749 35.40659282414268 55.24388819882666 40.84878166581475 62.41779626876654 6.0193260777692394 13.31263681428672 30.608092340171726 51.22914172532341 33.13360492232312 37.721767556371475 36.94224438515916 56.47678723678523 47.535036719178095 28.701940240411353 13.52915881320437 26.465474647565575 33.4835640540635 42.261037649928895 32.84305370528519 17.57762725674524 8.528462830029008 8.740015867672028 3.289131909728248 36.29841662858919 38.06357527063323 59.07157957702272 44.012245644530346 17.324466568413257 23.322065110547115 41.25865586337622 59.668464669909156 18.812500678097035 25.82299129140559 40.240589719929446 17.650128132066644 22.656418313463465 47.02846655683305 40.96268649657658 57.66929308575984 14.579851527207783 28.836005595908528 16.32969831628025 33.56316736923325 8.497401529851178 46.85414929390692 6.632690623221597 26.08813168373227 41.37550171058239 35.01693636912484 5.00445614141125 42.26451727588721 50.16697677314491 40.64601209042333 52.37295355647557 54.28993433813276 42.88790045208277 30.39998442175589 56.20693433927866 41.37748188198435 44.07580060286312 30.10488809258503 60.2917173455536 50.33842404950628 9.424363972921988 56.16062148573517 33.18055173276222 30.68751722519422 27.47386314173075 31.27504077220579 49.957315723525824 5.758406784225602 97.09976673634047 70.55407713614568 55.31310930391678 60.60817999596453 82.5791260841848 84.37059869812637 51.86214789994389 28.163150054743195 37.799997798798735 67.79906210599378 79.93384500124863 44.35735103593775 8.828398456320459 26.842460055268944 62.41238433573038 85.09683292398176 53.02448000298855 30.231004887588742 39.35003818035315 68.66681166563998 98.35905562091196 72.2613109335083 57.45462943467561 62.55010776045095 84.00084326678346
