0.0 60.18299382946332 33.69006360143985 52.01885885396406 20.87768708140293 61.8429950816871 12.202463946780052 69.50547081012027 64.60785987136202 8.115257251817274 14.104413732820236 59.77895543152053 24.9757422428224 21.328384313853682 39.2835381351672 43.4183416793017 21.723511659636962 61.086313305999056 32.72726147534053 43.55101327831215 34.7862359298889 26.602952843391915 19.57444161779826 59.50962384145417 30.551906213340622 32.20156015196558 17.485504141827604 57.1800958036784 20.39318539531333 41.70839542673163 64.87730694955617 43.70323263439519 26.680206682463126 50.71555628575628 43.44301348037614 42.73711136435869 27.67649571079851 51.27476189373317 48.4906237409605 12.43688300582594 46.529952061132526 42.308943194735704 32.574127173417 20.77936196283631 56.31236791071612 26.360332371373673 58.728187520538135 36.77837284007145 47.765134116584804 13.812738588882693 57.56906832015933 51.114793925152846 29.581397226213724 57.1800958036784 24.390308952972823 7.22662282270918 15.974541961909962 69.80689709319104 37.620851764411846 7.192125709835888 36.34708963335576 12.077353005285827 10.465429565967685 13.191106596018544 17.604086900885306 27.009544341055687 15.607047146261957 55.56932394906991 18.948673693995524 26.685046139674835 38.00785986201719 60.20386542306553 22.6935830508241 38.45474382656439 33.91625948828347 45.216508255272 55.91840737636959 54.349524194175686 15.808140641915134 32.245933450847446 44.6793880035815 36.73164176992015 17.48018574993698 19.319948587749938 39.804520513908614 9.9831058180364 35.05535152553677 14.593284392093189 38.72128219896141 51.45639292538273 22.031653158058333 45.72980167219191 29.836959304008573 25.09155248447856 21.6310597822065 66.9091150417288 53.573291200840735 37.895737523009615 59.48645657300727 6.6295318944915484 93.18877270081276 71.99882275490661 64.92793955476255 76.02346959012152 99.37616544135203 76.12358605443198 48.18406660652537 37.15899560221609 54.51660657376924 84.23486563626614 67.02381986156033 32.11492227275106 10.136735457532232 41.307964707834294 76.43397059071236 69.11148471922192 36.233901696626084 19.534520918595447 44.52530680678983 78.20237814927584 81.53158246667887 56.26962311153406 47.08829336553727 61.64827329976671 88.97121540528111
60.18299382946332 0.0 36.29875183877944 108.76443190646299 75.46896142541372 121.28059631186782 53.750450356381926 112.40217873668773 117.41938459445458 67.55444194678932 48.66668658290736 115.8336561874188 70.37790967709826 43.15469516817971 87.07641473097844 23.550180132740316 65.5058206083714 113.93335509177498 49.09644741953126 100.93791148901886 94.93816565983208 76.05148379299779 54.68270169102896 112.79847064087303 71.60131140492331 29.326616870654625 66.94015578664671 111.13550505142132 79.69334798156149 92.34677224228665 8.274802997001936 64.20908661127503 85.4428954524541 106.16864804850321 96.7295236774185 102.78000574921744 32.57059409613338 106.42117948932938 14.950940639688339 72.51484037459288 56.146483289181404 72.06565892645258 29.622394164569204 77.4739039351813 107.53547693131644 80.84858259180851 112.2388200877798 46.51107836862724 27.10335849084046 54.18675170764624 110.45182058761594 12.220399937959671 31.150782753840964 114.27768318380245 77.37692486645591 65.81963939762889 52.08415681223235 116.05129575312537 91.54988687252482 58.07612790440616 90.01226537765253 55.12729318582438 69.8036425777125 47.796443373020914 67.80541763361434 50.69631226367823 61.02760957924177 112.13752311155815 59.95925985828971 80.46477520878467 96.95449518366266 23.216776572774005 72.06688271675378 87.38275657543983 71.97736965475848 17.177345737944695 37.644191733884426 108.3719042397644 75.91957259385356 82.28863923330049 15.517232084198637 70.41935320978868 76.87916707291149 51.5873679736208 32.94031315349893 70.04066317070887 26.714544945135213 70.52994482059859 24.482208523903505 105.76738874421426 41.797497988063185 73.79405737581459 33.625670204434854 83.62712856841881 76.26908581758802 121.542215656399 111.80811334987803 62.08939388064011 18.009006409357752 59.03450561313063 37.18078919836995 39.44823024168093 65.28477497324064 97.46911309279183 131.4174317179294 16.18669288761303 21.125802096961944 56.2387801905945 91.71429373809994 127.24949253283859 27.391800818790077 30.496035668822547 60.34820554806115 94.26560303673551 129.08254026003684 53.35999205363181 54.83850435416494 75.49431249738139 104.51639933272354 136.6752394806307 80.94952059967417 81.71867719360584 96.61852634701972 120.51728994413762 149.15017539918094
33.69006360143985 36.29875183877944 0.0 74.61085015319777 42.22846540249529 89.01368213632966 34.836515919898346 76.17370579479446 81.75266978164917 41.77301270389838 19.588072523393198 81.1847831024062 35.0451088105601 12.384362149423838 51.19299291804519 13.187074071216239 30.45206676150777 78.32609341779944 13.048615666917845 67.39896720486097 66.30376460021378 41.074809031718566 20.143195569873733 77.31219921119641 35.53076918535132 11.839344424701029 33.185341049269695 75.85505764443357 49.04701921610229 74.38592685216315 37.500362641158425 29.5468242295294 53.76590921027779 84.39642865991995 61.63462288783841 72.31138275045332 16.488776732568752 71.63552058735058 21.42331315620925 43.93202671215791 24.157204983963577 36.228663987148984 10.459713384510962 45.020704346642546 71.71795270809615 47.02568421980823 76.81782516077396 11.781329974177176 14.692269412032223 22.151301234018323 74.91163168789156 33.57332868622859 13.792914840049617 80.17089490375969 43.312224237167406 40.84565642829198 35.931831992055386 79.75414909907444 56.856467917707405 35.84132907143902 55.30403726858859 36.1639236239613 44.09727996271246 21.147201203836648 34.12388622691638 14.56981338015065 43.20950540686476 77.80717009240225 25.381803740363665 46.40306178872447 64.82610240030588 27.596430790998614 37.479947685474926 51.661838638676954 35.7033925494871 19.21567446767917 22.632712596973565 73.16922923978272 47.14813604715237 47.01427445415447 23.623751517725815 34.1657729498481 46.61920551912489 37.944251657665866 6.173000282900817 41.66671830112164 12.397292931195178 47.806173368530004 12.353154710530966 70.71426147943058 11.88607225387395 38.325263971403224 27.899816799128246 51.87448206996243 54.77876628650847 86.2766248312166 78.51310089463573 26.36636397665726 28.22178341891694 29.37038290999719 62.26785312155652 38.323482030176926 39.903369205555784 65.17709973180662 97.13915606357507 51.92320360793693 17.27849608876439 20.815471824272333 55.67972156398488 91.10098246227814 55.749068549818745 26.582078551535083 28.938845735026643 59.16509377350228 93.2510669436476 71.5058106715828 51.8926541188094 52.9601232314266 73.81640917387553 103.07817607083261 93.33419883102837 79.10218538703482 79.5935016728333 94.57897228216153 118.69003832684135
52.01885885396406 108.76443190646299 74.61085015319777 0.0 33.33975066375149 18.462630335079904 63.318602462711304 37.03031958492213 16.85497389987942 47.80394111583324 60.377034990667994 7.921504899876083 39.8363194841814 65.62755008770775 27.13803913379434 87.54408714308603 44.18482171388632 14.521087009848177 64.69832410557856 8.558148408156452 28.846717611174718 33.64664727545326 54.61314967167084 12.693262698236232 41.30921879166819 79.44010967775759 41.87612432602549 9.989644290538683 32.0329411512859 60.40014659206356 111.62327574900486 59.95710157175693 25.63715881086011 53.09958465394505 14.490498755464769 20.56773247595027 77.00727941408907 5.616936300428175 94.92297674853283 40.587457051654596 69.51663670224416 50.6217245354883 79.17061443793477 31.79368118222309 16.33782592969218 27.919459647150667 11.785782605202545 69.1575586838763 88.73819602642995 54.58548771276881 12.764466922466635 101.55992794000127 77.82809075517044 5.560075349503154 31.463527705491998 49.9316856263675 66.90949387697748 31.739465305859213 17.933925126491886 57.62934495549947 19.46510528940106 62.6447768270277 46.573611878905076 61.865444827897605 40.990454642704165 60.54959424824559 61.88477277427676 3.5565329903929532 49.300855883241304 28.358378774014437 15.946556257924936 101.45464813826655 37.135891632099344 25.71772534861702 43.24336866762756 92.02359857740225 90.48308204361098 8.922644424704094 37.88365286994915 28.26997082928347 93.58698545593737 47.330397380984216 34.85957257423255 69.84516857662096 80.07684257301416 42.682937559332316 82.0662974105305 51.0396079565095 84.69875785898454 8.079405432741552 66.9720499565296 52.2668890486667 81.63060525322308 27.02965072699012 51.634197515798675 15.938545777640336 6.8455955543555165 56.92227871587155 102.75309829920238 50.66149279556799 136.51187297560193 106.94144771851494 82.27741346006063 68.07929233060116 70.93747301509508 124.94309137079517 91.87110249725936 61.660372479384485 41.18109109135393 46.0645380120927 118.9559733220843 83.62909776110558 48.67583050428151 16.644970350667602 26.776513598238488 119.39353855197842 84.24449736376603 49.715788267806374 19.452245352171413 28.58891524057901 126.18894771664976 93.54261921770834 64.10120950629623 44.72002770333755 49.22366365646116
20.87768708140293 75.46896142541372 42.22846540249529 33.33975066375149 0.0 46.78522406669583 33.06344063530296 49.14230424528605 44.170842969871416 20.43498008810392 27.054215601453468 40.64319455254592 11.44440622865935 32.400005127267676 19.06122390256464 54.78703471965687 13.311189350165941 40.62049932341962 34.32551388134028 25.49860540936099 27.55263862824188 8.012879750585238 22.113981382778846 39.14158106088728 16.86064690997975 46.143984508973844 9.0688334270717 36.993161054007764 10.615968495287612 49.84645818181096 78.5883795534354 36.48142146898356 12.38889995211744 52.45468954739129 22.838299728039797 31.029333089617847 43.70589183739282 31.51906999686306 61.832134024307265 14.124403981753398 43.54443550546603 30.604194284426274 45.92413229403531 3.8133777744231936 35.51816478470386 5.690452784629573 38.41557904800646 39.04291346573757 56.77670724642475 21.28682922980265 37.07134222584968 68.28474820112248 44.48865120880919 38.82608196413019 3.7854805212560976 22.113981382778846 36.83630542810521 49.016166758914295 17.08272297025094 27.734532133341222 15.698293598075875 32.82471379342183 20.685017675189737 28.699801240019337 8.123025627509394 29.198636527962798 34.70248814878094 36.766607828945716 17.050448090377685 5.825691519341183 22.693704677927848 69.67897564363132 7.016226054422858 17.959703834840752 20.617726413808334 58.856675564387956 60.72289062246636 34.148373854580434 14.304561235922543 11.896207948493638 60.25032073049161 24.991253252603165 10.392435497704083 40.14859429315734 48.05355785680871 14.627382720113337 48.80485162163009 27.257018514483672 51.58000602277444 31.322187689514575 33.71713592191693 33.7788777450864 49.08015526742671 10.60255709356353 32.03083385937332 47.093608320469016 36.49476647595793 31.404368504036526 70.42623394190893 17.78266495196618 104.49592146942855 77.51969354320829 60.260673480257424 61.52670354553127 80.4478857993331 91.65419286910159 59.28019621081659 34.05853831476087 36.57893080680297 63.62581318342288 86.37023440010657 50.81668518366545 15.396898599566258 20.591366409775752 56.06384882849741 89.98572059563352 56.69159896919203 29.370781589246945 32.3039651414171 61.29149575385186 101.55438184731156 73.54530188424361 55.10610944814961 56.53855393931965 76.73777282581788
61.8429950816871 121.28059631186782 89.01368213632966 18.462630335079904 46.78522406669583 0.0 71.57016524127133 53.196515731514395 29.572323605722236 55.76709944259275 72.67410829640717 18.58866779327317 55.502531908121036 78.7838725310055 45.0360817651484 101.48224382357903 59.25390199247172 29.11225034686983 80.37543187449306 22.419432415679516 29.881319640661957 49.30782478318311 68.89033595934028 27.81301633733931 58.018562675340824 92.1772249428283 55.83754769937622 25.99693112080386 41.6680254786725 57.16589435398402 124.99704055996536 77.4892848076471 35.84635712548461 45.49469157203108 32.50121155982968 20.003143215836293 88.81770663441628 23.965619151749756 108.23226038055357 49.45385500088823 86.69828044159865 68.45881886843523 92.13125952594486 44.151976928105725 33.573230489195346 42.2254029269372 27.18872721372253 84.99853518864117 103.54026628289611 67.64364596790593 29.083012149182597 112.88249822742563 90.13739401769762 14.90121501707019 46.0068782512713 57.8389829329699 74.78017004129367 46.74368112858819 34.62572455894709 66.0373014756671 36.00230214779231 70.6021761477284 53.94870671061366 73.51397954269093 54.895889037432696 75.67606185893918 68.05875424403764 17.541027217176353 63.74740792449626 43.02084717555004 24.372420489583266 116.4271651663715 52.08005176164264 43.45972599640431 60.41196070441755 105.15032779184772 106.63303146331339 26.31653626188647 46.17308384153762 44.887026212292746 105.81471874570502 64.7248716625204 44.5372064894213 77.23096259902552 94.8152623906015 51.874700122273765 94.94335938868049 56.53718165031352 97.99417868683915 26.338490811404686 80.02376351482874 70.31736366354619 91.52946081979876 37.67992543289457 54.77414631877007 24.37938521001581 11.95426725449688 73.99114841665778 117.2045570302691 62.24645405257387 151.28104172162995 123.31227680766979 100.28930843834937 86.2672412825824 85.77990562878232 137.41634937138596 106.02355809944738 78.29994180020702 59.60630100476819 59.22065158734704 128.22701738408253 93.93055209055281 61.12219351908513 34.36698650962844 34.0360144551042 124.75110123713208 89.1735213460094 53.60230904322364 18.075097134867228 17.67545513579487 127.45709450540734 92.88675624085924 59.521301094341446 31.461378505953473 31.129546188312744
12.202463946780052 53.750450356381926 34.836515919898346 63.318602462711304 33.06344063530296 71.57016524127133 0.0 81.63252923009726 76.52638278219473 15.849368967702455 17.707179978285623 71.17439851133842 36.50426820335442 23.34084971782133 51.43236062247491 41.25261554768357 32.67394125300559 73.02595362652521 38.245431116669295 54.77417525459116 42.80082913273047 38.68097702821355 27.446167556208028 71.40971300688442 41.72435604895746 29.122908243981428 29.176332095088828 69.0113489194348 31.29749031546054 40.52421225951683 59.589772725290246 52.04949075237743 37.69924969816898 52.81706218496273 55.48644676549024 51.82844816951562 23.171384381125137 62.97073224016692 44.305441397939155 22.77046860382105 52.8643165222768 52.31966056180787 29.995688836779983 32.7435625994494 68.42096485113908 38.491430032565574 70.60667056757018 41.39833961518593 47.00430411528969 21.495688304071766 69.53121861353446 43.288893862882226 25.964733100336183 68.29683518878404 36.59272769462866 13.746760526505014 3.773188331731183 82.00877912419547 49.66262732155973 5.690452784629573 48.428491894709474 1.4464293204158292 17.628856847128272 14.756339358958323 29.428315862588835 33.20468028267367 8.458421515600115 66.87446910314189 28.731033562583697 38.85694990834108 48.56672493014849 58.323575112111776 34.654862875394016 50.63802805698674 44.8059159437007 41.00896952580554 57.38333529754604 66.19792024867738 25.72980002263182 44.42714562577943 38.749258086073155 47.048089312042414 28.459179678239522 7.1354930150077225 40.346047053508165 20.63744954170697 31.758799691733593 16.846874257704847 35.78889647071283 63.29190949205551 23.301918140173267 55.668799376801594 20.770085807641223 36.29828301779472 22.60760514699746 78.54335811611423 64.2637089959776 46.38964740340459 56.57388016339764 17.2295728028336 88.9739757197355 72.25094528237037 71.10654479914754 86.16375811656158 111.0151187467165 69.0479123054105 45.83774990669256 44.348166114573196 66.0650872809134 96.4085425405525 56.66082559092371 23.634703956956923 20.951291437949607 53.39963765798602 88.29662110354856 56.964561775983306 24.347204109993086 21.74437853071306 53.71271960601967 88.48446811295443 69.79361480266812 46.94314356247907 45.47902884564596 66.82214213058658 96.92382869639253
69.50547081012027 112.40217873668773 76.17370579479446 37.03031958492213 49.14230424528605 53.196515731514395 81.63252923009726 0.0 24.238280453046986 69.45618851965199 70.63401219915042 34.61264178351938 46.08460659729215 72.56169611287731 30.229816938712016 88.91332475983373 50.8035157286854 24.093046731783446 63.309350768271926 40.61781412444482 62.047223709377576 42.96069011889309 60.605783057878504 25.412270423721704 42.43520882677041 85.38887725641032 52.78384215059836 27.516371914499985 55.5886714348275 92.95081073589911 112.56116599470872 49.845718136360134 50.9945183662157 88.66430041201271 30.904940292016366 56.22178258219277 85.73651287756884 31.890812584887538 97.45703800927276 62.58787287593548 59.77361486410293 40.71526221638033 84.52692234450672 50.68961572538382 20.785953912008612 44.460241215828454 26.09824140983544 66.22482555149186 87.05112277591222 64.14519926908093 24.469435949309997 108.9163172376137 85.15448127441405 38.540797942570194 45.40236292920035 71.22143583004225 85.37511245887765 7.663738825949724 35.52284260457773 76.60534949744853 36.070825083463504 81.58280698132818 69.39584497849181 73.42447764239564 52.386967754318654 62.19616842327545 83.84457755556579 36.288552039773315 56.25151876895458 43.726849511114224 48.03809384477972 97.89600047969303 47.07894672958665 31.186446055978028 41.01712612067275 95.38894180869914 83.22379042153385 28.10893414704946 61.52805300248323 37.33853597303231 99.31621936610081 42.00842103862125 57.34211352781619 88.76745467483795 79.68834320908132 63.579288205405845 87.28398927991053 75.65304489778401 88.38114490276759 29.551430260189715 73.95732119619751 39.71331858208336 94.24984206247308 51.10088038535688 79.06303329957306 30.7616511921421 43.49911847843032 50.59835282556452 100.92505205842366 64.82221006846925 131.42387745802426 97.2084207022916 64.48960847441376 37.42369843284336 34.2687593239725 127.63477113725838 92.07139260670925 56.5319259132244 21.137330390397306 15.163297869172403 129.8830837203525 95.13494176566451 61.35061530365342 31.77008022447591 28.053112894602474 137.87365413681428 105.68818157953089 76.57019725787028 55.57116748343594 53.34295051060656 150.69538879034553 121.79911345364059 97.43218005482176 81.75033471431595 80.0330343587736
64.60785987136202 117.41938459445458 81.75266978164917 16.85497389987942 44.170842969871416 29.572323605722236 76.52638278219473 24.238280453046986 0.0 61.74022325399356 70.51846970726513 11.329063386695928 47.04493634358805 74.64492040452454 30.607957068871166 94.93804602873806 51.94748645545956 3.5565329903929532 70.25451694582404 24.054771554009083 45.58759126227535 41.5533144438337 62.7811470354081 5.129964192100927 46.35415972357009 88.46771746605813 51.30820578958427 7.754372794664497 45.98700017351135 77.20934976099032 119.25297839414561 61.488027870434834 39.88536098774852 69.75374851126102 21.348167353230778 37.38773194983975 87.05070281399912 14.217184543885317 102.9292777848414 54.383146762361726 71.66226941890925 51.60124861095191 87.95932357945706 43.8313368984829 10.208111824729528 38.49059153743513 5.984342696739825 74.23943551282007 94.90884466033293 64.2109304450185 7.1130659807859065 111.53506469648967 87.35239584786052 15.885445568256701 41.255782688561936 63.80870703798995 80.24737297765886 17.287690853661097 27.09341854932902 70.92462318729561 28.479217621377668 76.05053467062045 60.871009378956906 72.56397494058417 50.563867986294554 67.19870138819564 76.26670885247732 14.51176219916981 57.56650270384822 38.43058073345389 32.11306472627035 107.0933404272785 45.73057924725319 30.095964816407644 46.97464556841017 100.30543963626877 94.33506983257786 10.426392656735997 52.15705506599302 35.2050880813906 102.81883561896733 50.075469242588845 48.56107061743674 83.39304649103133 86.57300748113728 56.163837678731085 90.86936728150255 66.02712840301103 92.95578161311212 13.329721024803547 76.0552713320552 52.19054244060853 93.21467758887891 40.85847205051766 67.4326403780633 6.791819113447318 21.75255843518694 59.948088392875164 109.13112029606506 61.93370122681857 141.94838258114407 110.01761261336195 81.18223270016502 60.078138985368824 56.21706787336521 133.42003833864078 98.8817813072807 65.47138241150472 36.43614074322234 30.014629551634684 130.42923168244437 94.84689484885934 59.26460567326078 23.682578970263535 11.901539635585658 133.34924744843656 98.78714543653466 65.32973279603814 36.183469250606876 29.71041035349907 141.81528381090692 109.84745336961906 80.95369116139896 59.77195018018761 55.89294016851545
8.115257251817274 67.55444194678932 41.77301270389838 47.80394111583324 20.43498008810392 55.76709944259275 15.849368967702455 69.45618851965199 61.74022325399356 0.0 22.200938585735333 55.70488889833043 27.90432768423881 29.428630079986483 39.49125736050229 51.472373932598536 25.877899956492836 58.30726930882423 40.057919624862976 39.245995010315305 27.517090922223527 27.715918675934507 26.43318812599392 56.61076881513909 33.86998175917872 40.09988686456309 20.639745827513018 54.0896580735959 15.847686872718773 34.4959096283893 72.55452806747331 49.48623207365644 22.191885597589234 42.6811890151989 41.22555817162047 36.143998898351406 35.27080742967222 47.86765882748223 56.32244293588671 7.357206805353766 53.334629243700256 46.75687933080149 40.53838200079607 18.861314196745678 54.29311207827064 25.055918706543594 55.76709944259275 44.30147766565162 55.88027993892813 21.142373748317393 54.89005323194622 57.9666851464714 37.370471936366336 52.65141644657675 24.219845741669545 2.13391979423662 19.24640329534504 68.86338350872768 35.48618106965241 10.270207987069687 34.43570961318966 14.990216343519055 2.358403478937828 21.25160612786586 20.38219764233021 34.251431854456065 14.650031572733566 51.35020234781971 24.613513769932847 25.733409297363476 32.7736691620276 68.30123795906849 24.567420966160622 38.33357850292482 37.54187560713604 53.02948560880653 63.89562462317071 51.32622513829796 9.9582923731014 32.32954265573832 52.11749370764159 40.99539154370426 13.180600367491099 22.059473833635312 47.900182044004254 5.883100235834212 42.94671491399128 7.824317348910537 46.68291486264422 48.41610518022455 30.146294176020564 50.17757130828363 35.953687773858384 20.966382410052052 14.442842419241833 63.286011114109314 48.469050025941826 43.705432238362775 67.51386627551138 13.345190904897944 101.10761379295724 80.06074698852919 71.61564935293255 79.87479977999917 100.81304692352471 83.33476577610226 56.23650001955248 43.733007538844824 56.52237812829922 83.72068905954023 72.46721135092255 38.53973419072725 15.85343237879112 39.364417195404506 73.34840952781641 71.71670694232947 37.123039078906366 12.0483206531332 38.00542138970188 72.63518502599139 81.36373464825691 53.300814076941435 39.92585799908255 53.65956935546595 81.83399367132583
14.104413732820236 48.66668658290736 19.588072523393198 60.377034990667994 27.054215601453468 72.67410829640717 17.707179978285623 70.63401219915042 70.51846970726513 22.200938585735333 0.0 67.68703656338778 24.698931032408595 7.227944878432597 41.638003053309774 29.809496802927494 19.85012749498307 66.96730326456648 20.5621996482793 52.37360007544217 47.68998715918297 29.190471793812154 10.982293160465376 65.62994038057376 28.39297326182258 19.515186837979478 19.215520345066448 63.67676521213969 31.288529264607934 55.19127896159332 52.424840820405706 34.80605194041792 36.82965188058585 64.80915840941292 49.27461120405853 54.63587396507877 16.66085188422775 58.474544267902395 35.71699381310454 24.997123830675413 35.157988148385016 36.43984580230591 19.556920541056353 28.829280339555226 61.17554710087118 32.615603816284136 64.97161504767942 23.937338261256023 33.74335250089024 6.523959252635788 63.416738279946856 41.24848718669945 17.532314580261016 65.83816241177058 29.404795977007993 21.263067512617926 20.156673730221325 72.43854404167007 43.75307404335449 16.994581782757926 42.26423718293349 18.74207543954428 24.535684448706984 3.29943462891681 19.956054159073027 15.534246529147309 25.327451828174418 63.8175688319727 14.417844728134614 32.39846266093062 48.317475436146836 46.3226507494458 24.903620704770205 41.426093807088314 30.6321427429525 32.558891232002246 41.932639346746626 60.84916734768918 28.346593703036365 35.58735382289818 33.29828875156517 31.76895006703425 28.577853400209904 23.14786510584006 25.700997169052645 22.608728130936147 22.30848581485439 28.32961590008032 25.58555783046316 58.10042052304417 8.02504386404384 39.616375224177396 23.619886068141366 34.99529875193735 35.34860078909879 73.93887688227544 63.16652512183693 29.32561522517523 45.91871774009533 10.59825759345676 79.89831716583635 57.90558435524402 53.42776815016501 69.91530745243767 97.23131243773678 64.84053901476139 34.556326979731054 26.761589354508192 52.63482013962509 85.77216689075009 60.11965610853869 24.693599331744604 11.72115240358325 46.87438263853843 82.39684975883428 67.92648314605096 39.999902598442105 33.439013361340955 56.2897267072283 88.0402712515697 84.8713210259059 64.5347860543933 60.48531572847708 75.39459898501941 101.2045207568818
59.77895543152053 115.8336561874188 81.1847831024062 7.921504899876083 40.64319455254592 18.58866779327317 71.17439851133842 34.61264178351938 11.329063386695928 55.70488889833043 67.68703656338778 0.0 46.175049295558885 72.68208389361841 31.83036422740517 94.23347612653039 50.74791225240186 10.523664992275505 70.73481641720949 16.46513315571514 36.09949920348106 40.11234327630617 61.3811379156021 9.293434047382762 46.94510132422804 86.54255547509645 48.897880182353795 7.942251626772921 39.910562848826864 67.3571602342375 118.43011038871144 64.53923227944492 33.52342531850905 58.94548576639953 19.737382764271977 27.11342182416254 84.34501563211373 9.570634803884845 101.79902021373881 48.46866134708189 74.4023255708256 54.89038409928674 86.21189209677627 39.36263612205941 15.647919099612874 35.08292806289007 8.765491042761381 75.06558254705425 95.07234274837563 61.744800059776686 10.883253347944867 108.92724012380118 85.04760346761736 4.673470738578423 38.46422434774642 57.83070566910973 74.78097846649493 28.219346517240545 24.35878790820167 65.48767347370016 25.909545884197392 70.51870075014413 54.49093474490251 69.30531639837463 48.0423870532375 66.90531447007076 69.80623642701423 4.44324088360567 56.05887238887796 35.38896766809445 23.760381348462378 107.66083169395712 43.86689324938286 30.706218820251713 48.44126850290885 98.96613362812109 96.07524356755683 9.349249777709067 45.79437748427569 34.29265129791821 100.77142082545328 52.22609495696337 42.71907902023739 77.73571019606243 86.48021914042617 50.537226485461176 89.11914533341985 58.94592966985628 91.61670558884583 10.914771634502497 74.04867938482978 56.14033140899681 89.28403021672469 34.87612012495395 59.4139158292492 8.321906432451508 10.733200289719898 62.03028705125445 109.18673838399665 58.18150972729168 142.7210879624553 112.31719513323277 85.983238175437 68.57990760714242 67.41966898301536 131.98978144654413 98.46303987809999 67.08814228513863 42.881793893900124 41.340760269898055 126.62702555876841 91.22040011456383 56.03684381211662 22.165355942766304 19.35682866744029 127.31335940176146 92.16183753894481 57.542352090482794 25.703023929354433 23.288919333700697 133.9557991514779 101.05883963254547 70.80813723491892 48.444461198438255 47.03306959290379
24.9757422428224 70.37790967709826 35.0451088105601 39.8363194841814 11.44440622865935 55.502531908121036 36.50426820335442 46.08460659729215 47.04493634358805 27.90432768423881 24.698931032408595 46.175049295558885 0.0 27.76930226052318 17.082736214936496 48.16042833394483 4.9791461865507 43.5554485783489 24.955292802480066 33.22486965142529 38.926084058417636 6.231194323924636 15.761088446880011 42.43657072288977 6.013221868917525 41.489569405574 7.513874557040142 40.86511852605342 21.96662307978378 60.21272451300744 72.44146101423814 25.042343221828496 23.452153955018257 63.77086822424528 26.590322852734428 41.61104812561405 40.58826164639154 36.612707730106386 55.964003152840256 23.405969884883582 32.44373547194329 19.570194660583898 40.93686009143495 15.257777628422714 37.243060224151 13.69108253958507 41.897950346603686 29.523666038518513 48.93472196314768 18.175424593675547 40.07774948866099 64.77798215008823 40.5639421727304 45.37951992636619 10.060291675939165 29.00394207757838 40.12273818390402 47.74402122848027 21.933595545818385 32.129360276760394 20.38836651603857 36.71703752018808 28.933975695204797 27.372927241002056 7.5697581497372814 20.74396209974178 40.456416470002615 42.918858446767416 10.669598971180275 12.686768873676336 32.4643019537778 61.61957136756637 4.430865878802972 17.11682441940243 9.791351747614573 53.28388778666634 51.13049997567664 38.15155900786825 24.638222108699004 11.980668058041372 55.83791380933741 13.817061219518653 21.258208137457405 43.53838893492948 40.312484268627685 22.917759576755884 43.84253636091575 35.56215053195122 45.9271876210595 35.670760104850544 29.19054442172156 22.882367792996202 48.291371530788226 21.792963725371305 41.339191821233165 51.290672331556046 44.31103384502847 20.0660900791596 63.017100985325655 19.285117408711535 96.68020346664215 67.82492335447472 48.842029420293684 51.990696984277676 74.51635010486852 86.40553204395667 52.314495818089675 23.23575576837543 29.583738577898856 61.1775955643026 84.64012013637347 49.37293606017849 15.608754003015992 24.120304635422535 58.75503806257228 91.87589874833014 60.85127994386848 38.68797373281888 42.69454173128117 68.41836023318125 106.28986804726354 80.82270021068271 65.5683396313167 67.81025681542067 86.19385228188122
21.328384313853682 43.15469516817971 12.384362149423838 65.62755008770775 32.400005127267676 78.7838725310055 23.34084971782133 72.56169611287731 74.64492040452454 29.428630079986483 7.227944878432597 72.68208389361841 27.76930226052318 0.0 44.81668404616063 22.953889570070746 22.796394677354456 71.12253739257861 15.894536121877817 57.898606030077744 54.61722120921888 33.10205503253421 12.108535263471726 69.90398559559303 30.19555720934725 13.877846171453255 23.78572772312891 68.13413815159396 37.82462384381652 62.135756198058935 46.24308885194263 32.02442571944157 43.04940010385289 72.01861503045329 53.69852548404064 61.218292360795246 13.186064835831097 63.28941189458958 29.47322755313203 32.00558659736763 30.472277522177645 35.58191598095908 13.543146949316576 34.65860643124319 64.97208544857992 37.70810637751463 69.30610244962764 18.30549924131025 26.551096002040847 11.156350803233048 67.6037302289149 37.00957983369172 12.803518765416891 71.1516903965917 34.22234097306286 28.4651759801031 25.067993876114777 75.06061901395591 48.42736450653371 23.667578228798266 46.895969020580644 24.56472228848516 31.763569314910576 8.92598526338836 24.651502823743133 12.341731649515221 31.48199715286937 68.9879703352095 17.117513624093633 37.31044996624771 54.419757152378814 39.207463913263084 29.006675248037283 44.88215853113105 31.653448574326273 26.460706443772875 34.86279787887147 65.3453199901277 35.3094724240352 39.441313360697976 28.197778234462774 31.745807923497384 35.220616888495066 27.60078760046248 18.4766630901733 29.661700832584167 16.442466627500988 35.43806649647567 19.22153491634102 62.69539082391823 1.4226131961577468 38.45460782198336 22.982407375420586 41.179291175651024 42.42710955228585 78.51012998670949 68.86639369610492 27.101636142725404 39.012272943357324 17.442301872852862 73.09540474257714 50.707572313728804 48.288139969128586 68.00292574414561 97.20708941847576 59.32287447673316 27.653197544723376 23.28947113201174 53.40696424326238 87.71779994111738 57.3282547872956 23.11311424504553 17.723213656661734 51.246634558837 86.43223822116607 68.15370448964819 43.35690388407473 40.58196603081254 62.818404892756114 93.68878904527097 87.14541025129562 69.29241068101373 67.3845278307227 82.53503357392029 107.77527408548805
39.2835381351672 87.07641473097844 51.19299291804519 27.13803913379434 19.06122390256464 45.0360817651484 51.43236062247491 30.229816938712016 30.607957068871166 39.49125736050229 41.638003053309774 31.83036422740517 17.082736214936496 44.81668404616063 0.0 64.37961621937457 22.059326318316845 27.242217793518055 39.68363792403945 23.357472756796305 38.50651158283139 12.854462608241496 32.743948964790604 26.38046922350475 15.747477734959023 58.448284003935576 22.9158777752937 25.298372207851866 26.952908132293675 66.42115175536013 88.68685152010327 32.86497035343719 23.985665483839547 65.73999916745625 12.650211339228042 36.84774334926336 57.670360851631514 22.545818492160972 72.45975621447326 32.922734875190706 42.598983446594715 23.49152358812754 57.83363159931809 21.096674925345585 20.52535282109122 15.01641033737378 25.990431813570613 43.7666220576171 64.32098386676176 35.12743204960148 23.931729156750354 81.8220095166406 57.61924385665502 32.27041316436767 15.281955117568193 41.17050853368431 55.18441444108476 30.940933396211143 11.393047409587703 46.37558386463963 10.595638281121955 51.36029053623038 39.6408518923268 44.14532634790895 22.415098408608433 36.62569537713216 53.710171078668445 29.49772838300085 27.747980864616967 14.056065831966814 26.82004004496984 76.59762559808912 17.103125709622123 1.8657826924056964 16.688004954835137 69.91590209281225 64.37845445668673 22.863644680071186 32.37082343829781 7.166845222734954 72.77313119266589 20.40072350480537 28.14870505638343 58.56767713924832 55.965096972837934 33.657990794524395 60.72386501430654 46.10691738390083 62.594642349067385 20.91561441668419 46.23916446789269 25.286583045629175 65.11779394026844 23.399115925710912 50.27766404704997 35.555430413061856 33.10078762276556 30.20482396328161 78.53992363971638 34.806423365333046 111.5493570068571 80.5120249538491 55.256493070784146 46.43856848652041 61.57895754515107 102.98631250296965 68.28201362166112 35.36792517846881 19.275653161485387 44.99350402454486 101.69052907514654 66.33036865710837 31.475088591496664 10.670233859017479 42.06228563087971 107.92415638978999 75.45895835455279 47.672508959158485 37.194954992838085 55.01312657517104 120.52421268171771 92.44116728910495 71.3917192845259 64.65531968345996 76.1312534604712
43.4183416793017 23.550180132740316 13.187074071216239 87.54408714308603 54.78703471965687 101.48224382357903 41.25261554768357 88.91332475983373 94.93804602873806 51.472373932598536 29.809496802927494 94.23347612653039 48.16042833394483 22.953889570070746 64.37961621937457 0.0 43.48810553939016 91.50835660536664 25.61479556232897 80.16122535721246 77.49181241320116 54.12803011201538 32.933549811964504 90.48541392271157 48.70692832947799 12.15346404063567 45.840729285512886 89.00507262703604 60.77236087760334 81.77356530199044 24.315651175391725 40.79545046110076 65.89363480997831 93.32336043313968 74.7461811626881 84.16376874528407 18.38670857510686 84.70090175348707 8.629135129273658 54.80661087145746 33.32452189517039 48.51559829968855 11.27329855149496 57.33921460812033 84.90473997955569 59.79344665588539 89.9846342441727 22.97916857914462 7.276059715776839 33.92967195219899 88.08872686589544 23.371006073867143 15.36800368703626 93.1020507263239 56.13269193209794 50.182548671432286 41.19130205132268 92.72479802897251 69.88130498102768 43.796752932002185 68.32917139195096 42.69035295316579 53.83041589648237 30.229037393038563 46.76293940880447 27.754725912403824 49.63572862250033 90.7854642686411 38.24324041858524 59.236788727662805 77.16732247608972 17.093122202760725 50.421409599569216 64.84540387055607 48.77539630145701 7.443902635589604 20.50800044055374 86.30712587597505 58.152396180684654 60.13965724152554 13.763555548427805 46.98409134529579 58.174219692524595 42.25128416655323 9.439224258984265 52.413051292747106 9.722665261476035 56.4367146327016 5.736713913260667 83.82710790475242 21.872124633250756 50.268863497600975 27.24211611461995 64.01280043322991 63.108098351175165 99.42924944339207 91.2384798915429 38.53921388471189 16.110867255483473 40.32883980871959 50.14259622532517 31.918854601235957 45.33802675365662 74.99633410096114 108.28459564647666 38.84217319149197 4.765826414365503 32.69438100535681 68.17142188607825 103.72065242439174 45.84572234836896 24.70315693721379 40.63077927795362 72.27498214266933 106.43629277269041 65.52552164152216 52.73877682556766 61.65481832955007 85.75201520893265 115.92089132883305 89.91041014657267 80.8454573068599 86.7189110130189 105.05439796503272 130.70867980356869
21.723511659636962 65.5058206083714 30.45206676150777 44.18482171388632 13.311189350165941 59.25390199247172 32.67394125300559 50.8035157286854 51.94748645545956 25.877899956492836 19.85012749498307 50.74791225240186 4.9791461865507 22.796394677354456 22.059326318316845 43.48810553939016 0.0 48.44559328411676 21.202108377921597 37.206097560517435 40.59780241132487 10.64060552093502 10.833919104998728 47.29297610840106 9.068833427071755 36.542650256484585 5.63110080664784 45.65660778161929 23.00482634507065 59.39317750855883 67.72094184012984 24.414115316797005 25.69907817235894 64.22886116422599 31.302945390155806 44.31094327635816 35.61530483780666 41.21291212249867 51.173299486925146 22.573592547959176 30.491956408248043 20.895593141076457 36.012607698917776 16.918322455604475 42.192414730992176 17.038956122597856 46.734732266349354 25.889157837179088 44.58703875612733 13.344365730114015 44.95228032194286 59.802994448270354 35.58754964998046 49.74330806051259 13.254760410645389 26.66445341042556 36.187280401923275 52.64874412238252 26.40602942483195 28.70517263735477 24.853513751524485 33.02007931857611 27.248569517856446 22.62874066194535 6.296480973060837 16.463747746540413 37.3305585725544 47.35832585623263 5.690452784629573 16.24187491076424 35.64972634957694 57.374161788025816 7.178702785659661 22.08577050947185 12.21126341307514 48.44656579933908 47.595313319507795 42.915916772633715 24.438122755024068 16.783374881114796 50.89413494603953 15.16989497802922 21.684816734204308 39.586191381036 35.90338587814006 21.57839970119967 38.92205002953226 33.68982339245412 41.08504772323268 40.377277952769646 24.216988839852984 24.322410000964876 43.468579268462115 23.89840993678787 39.926085125568775 56.07655880157562 48.33592064701189 18.896629079051234 58.5684735029842 15.525618852150435 92.39304208945798 64.3734954871259 47.78686656228379 54.36347405400106 78.48155838833762 81.56461929403096 47.728535224832456 20.86725608715487 33.54213807163295 65.93110816666741 79.68947954841296 44.48020782223862 11.780243155460038 28.831733791112462 63.68652229238724 87.34626181953685 56.96833674338394 37.330909379666394 45.541032770087895 72.70872026850022 102.41866795236146 77.96568828912939 64.8061632635785 69.66458416131174 89.65821221792358
