0.0 32.16957390060118 23.83534197203363 46.71701420176745 42.528563523020836 31.1465623155332 38.931668638606844 36.49021898431514 20.655617797997547 49.976407193957776 42.70103432432037 64.98294725084727 50.611730356847595 62.41491550015124 41.99626215548032 32.707085273940926 39.84152752109662 14.121724241984113 60.61802824153275 53.851041675058255 87.06767521400285 28.106728639825803 54.35928560088042 49.92403008620322 20.605151577565742 64.80716189767212 35.4835407465918 27.033443200011224 16.262746595370704 29.16449226158456 29.145185255579346 45.35657371182958 39.35748468513483 52.47975924861743 24.99805730118369 10.608964535730573 38.57346808697326 65.91879183674897 44.87429661921356 48.96442516933908 24.686983807847767 52.53530638419061 26.32917911090735 7.8243725788647795 43.553327791600275 20.917994570314228 38.57350181653448 49.52144893346423 9.479824979572957 63.71146625788488 6.2892743027942615 27.797997457370162 54.191095544266126 43.45361044341175 22.01301245042183 33.52370984962354 39.92865633450725 28.209884303612274 62.86591630718139 49.32875693266956 48.719376190909244 58.66456457098131 58.85154413801093 53.94064664528901 19.526389853039216 34.75405828679463 33.890559153254486 25.261469388941062 61.924310111580695 53.99341460300238 78.73812264794836 23.410155462553757 32.43659403563511 9.435606821723253 24.437129288267997 23.83534197203363 28.628444694079136 28.164192103306807 19.98470144749973 38.59505047332019 28.927057565160542 60.345372924103785 59.803775965501806 43.43893077581026 56.72749032305721 60.3918137985888 49.318345383982674 49.254586053773686 41.30739131466018 3.1247630873229855 28.371086191910734 61.4551796625316 23.97385549001439 7.634595211343692 26.0938792488411 16.871889989331798 46.23920542609233 30.848267427213436 10.22580402558854 25.50570347606024 87.26367995006362 54.165776686504245 28.019828707747717 34.183155924857445 63.90667733905143 83.5263669148556 47.97553576401671 12.604006685990697 23.41539724383352 58.9059552378379 88.98237824029172 56.868180129733496 32.898448849916015 38.246800050404886 66.14770777049664 102.1691023559497 75.70265497382799 59.62716630098845 62.54635441599217 82.46717188538854 120.57568813325385 98.95562732465184 87.05166815324 88.85846509649711 103.6615543577476
32.16957390060118 0.0 38.17082592889848 64.09790503997813 24.735778629061127 33.431410109697154 9.330059166157087 56.561452826188244 25.997596553520424 17.828523173948195 10.933914301663785 44.622138993218186 32.77158710560029 44.10556200841955 13.571733637474177 22.065234367478805 35.405737616764334 32.46032154993603 37.74364173020272 22.621646060931102 64.06956512926646 27.747980864616967 24.26319777386811 62.79577840083474 37.04388291586881 82.15699166587157 24.834957950559552 20.627891344280258 46.27674598399437 32.77373138298055 6.401759382707031 16.651660966572575 15.933628612959389 43.899879161338674 17.88075095556908 38.33605251621361 26.021396693001417 34.90501333326601 17.793484279681262 50.220958275156555 29.58827649213141 21.86545089370508 35.52535807324998 37.09324090946352 65.42498384662953 49.448658914493926 58.58015816651161 63.75223691777445 39.68173144085559 31.820519214618752 37.188745703955945 8.558359449422804 75.50614898182312 63.31986094365649 24.135424838582534 31.521051166832173 10.741647799314059 11.39793885363003 68.51202262233056 17.179350562526373 17.147015520822606 41.031435383296625 28.724548361486697 37.887570539060064 49.125032845878195 23.961326435224898 33.577037325522994 26.502729977654308 40.20268816612413 21.830113603111172 54.4835382549126 24.575692534494777 14.068288976763194 39.43481647613456 41.90103004284774 38.17082592889848 32.81538135725 19.245727154456326 52.14928652862149 60.78921684800705 4.445608809350864 29.97614627461766 38.9055657351856 40.025094100578826 30.917943905641522 28.270618194604207 41.83156301458412 22.795560422422422 15.844412384874543 34.80987207023037 29.900971557970355 32.377692904184876 34.55667603996578 39.306914335878595 53.857635380205664 15.976120894983037 69.71498760324654 48.61355278996171 33.80838024937648 22.83862665167813 114.04533629081556 83.90444174888269 60.04770867775176 51.99667920492056 65.83112742738422 104.16874974860612 70.0362129205973 38.616224379965246 24.689135665466228 47.54043567318321 101.32998487179566 65.78153442408662 30.312794041444395 6.536931111973367 41.21660136984364 106.0956365231946 72.84508027962053 43.45938474940554 31.673668803948818 51.47732742904787 117.54414936724922 88.5584647610767 66.33788715337597 59.08441271876035 71.50775723322181
23.83534197203363 38.17082592889848 0.0 26.386189121871897 32.429280864515796 12.263798215519687 47.37333081388206 18.42243164597981 12.198201713865815 53.768092449639404 48.56840335187679 80.53113923606367 66.8628202193943 78.95747719699503 51.48612222065999 23.047058817255948 21.455375589250895 9.901902430570333 49.600402227749306 60.18026141676418 73.35332314785605 14.155612627104205 51.78729287705694 27.21633783096623 3.295754559692689 44.830131844127735 23.801275487223986 19.664581182476567 36.74194095854475 10.655711943233085 32.152335663194506 54.72309296571759 34.94902668172092 33.36674492456656 21.03602656234776 33.870545945947775 26.49777297166467 63.38431066930579 55.47882513424951 26.018652878490236 9.911539828196739 51.12511654366279 5.221323168710558 18.450410779572934 27.358268666849657 41.95603994110731 20.416290309126786 27.387472245020398 31.51942712647464 67.96817630498654 28.679566561179865 29.94027931795846 37.33547786877505 25.158153946697492 14.256357085661298 16.46278322923292 48.74129930438124 27.86638995568249 39.040568002971185 52.23725207533965 54.622101095546974 75.40106204944453 66.7099405914625 71.1986190930879 21.355150709553868 23.672362397374155 15.334704854175797 13.277113819860634 49.768255243739276 56.62349881686766 66.72200090830833 14.242335965226829 46.2728294887368 19.297128205305132 4.238564681303003 0.0 10.066102373880724 21.554661604204426 32.94151200373547 22.91672065520796 33.72813415989874 57.29466352893291 74.89649614623828 23.343858401467923 48.97813045197219 61.918792377606366 30.18773876732281 60.470929682333235 52.76135769373017 25.925729067585653 12.441710075837952 56.43327822197409 4.236775670942997 28.29035764335721 21.338706478203864 24.90359943318022 31.905644381621112 10.443019201147791 13.700054526666323 16.830743368108923 76.66929563233964 50.037773595966925 40.76216264541786 57.89219502066397 87.02663849773647 66.18092976617797 31.93161326164303 13.840094988253377 43.53936582129029 78.30716675979679 66.85108503374607 33.285735181661764 16.703855362716432 44.52306618388616 78.85299031621005 78.39408245012268 52.61853756039577 43.86297509899777 60.09477874279311 88.49280217719293 97.00265125062604 77.4715728799301 71.59804410614379 82.35787938363922 104.74476470447024
46.71701420176745 64.09790503997813 26.386189121871897 0.0 52.500096840250386 32.290264746481164 73.39822090132846 10.538089849668324 38.22095946755219 78.49856793564251 74.07423863145674 106.91614633612234 93.20000243840903 105.30291948968429 77.57879114357071 45.632311548548756 36.784858215452715 34.99589482687804 65.99464886142793 85.43506751454305 84.2518326630098 37.27747474845776 73.9679933086164 8.855756081996773 28.459240990826032 18.504839574160854 44.89469519185682 44.18957932945469 54.27234966886156 32.18380486561832 57.86554187657408 80.74285916558624 57.961114065645326 42.796507091230204 46.377299458768064 54.68847550392228 46.51888441749162 84.77716351412522 81.65578598623212 28.089784552846297 34.57428565908773 73.94093429062161 28.593986388656788 39.278672672720546 9.592579101360268 59.08617321226289 8.726679252947424 6.366006582007445 51.47624054909582 92.33660049878675 49.51997667786635 55.64445941732018 13.257356177939302 5.490625580464079 39.96789201603486 35.924923798457336 74.79064903985211 53.2131714237583 25.803914418846105 76.74684642964198 79.93037759162952 101.72449583217693 92.20581850123239 97.45700079018575 32.779014605775245 45.21379853219129 33.76278571925862 37.822036675007624 65.02252708714182 80.82632133783372 80.18629561250901 39.55341121900925 72.65054443139026 38.64153511996522 23.50697117923893 26.386189121871897 31.95483023774961 45.939722078451474 45.59797398302707 11.43924285574091 59.66240347811497 78.794697488112 101.28264485010855 34.94190898860177 68.18148915456098 85.43633298678475 40.66418975597669 86.66588143503073 79.05061569954235 47.70093588022314 35.06069091092808 76.79307462484407 29.59597583106433 48.097137043283844 26.52576890147846 51.27568232760157 13.991344231849354 16.40868006871346 37.05472046948327 41.58827519777121 54.860549544665936 38.85292806388584 50.41428382707608 78.13980982830817 110.46374797491191 40.10792083236562 11.031924205465362 34.160944040941345 68.87993577051881 104.18315465343213 42.500429007592516 17.818083950340718 36.8901938932835 70.26018314259879 105.09188791090826 60.02159773197645 45.79171563491782 55.88683133112932 81.74327054990628 113.01661077537221 83.65082830540315 73.89041797895555 80.33818808409804 99.90371795715964 126.64667013488047
42.528563523020836 24.735778629061127 32.429280864515796 52.500096840250386 0.0 21.157016561809385 31.854350307266042 48.57010623314568 23.83915877950854 29.90082016180463 29.079075046511274 67.12313415517879 56.79479570022417 67.38041488374454 35.71460698477461 10.23102248932287 16.1979169840308 33.648328125853475 18.25054250369547 37.78125397965134 44.552168973805045 18.37653809856295 21.74546905565501 48.097137043283844 33.575844109253865 68.34141715618118 8.635087186961902 15.697467292689426 58.78934360808023 22.14081913603814 20.183450511305665 37.679258958347496 9.321824378808154 20.016698368327315 17.559763913246407 52.2392686458564 6.114671358408472 32.278738292352834 39.88710752062117 30.294006183892932 22.93411750518309 22.231088189462945 27.451786393265454 43.02884016729588 57.278607632113356 63.29724803910887 50.099988962171274 49.86383583441184 51.948609391464686 41.92484419924115 48.79734229389169 19.42421449404037 65.53295888683694 53.82983174776971 21.69287547731842 16.9643305458685 33.12999381153513 16.908031263762577 48.569018092535146 27.747948236066655 33.096797436101234 64.66055450620614 44.88119024820653 62.02469640221461 51.77323507177802 8.87521622239399 18.95611478586102 20.07626171865454 19.39592587886102 30.744186646491794 36.31336370404109 20.629626600485985 38.760119005629385 45.11931755818011 36.608976613188034 32.429280864515796 22.6401652905427 14.379462769181867 60.182051195395836 53.71853879397292 22.51470251935821 26.301206150466328 61.570154568566885 19.700131372836232 16.559317477435435 34.025981563404265 18.66312664720913 44.33557970761771 39.24798710245523 45.652245704119295 19.990219269225065 24.49055580820462 28.269933467342828 50.015169269781545 53.454098589993265 27.97132623502597 62.38336274736239 40.93850175167774 37.60088337939536 17.871350287092078 106.82614431118193 82.42596172707076 68.6175568444305 71.7970398578369 90.18523516275596 91.41676672846965 61.38430352700655 41.36687345912559 46.76089969857067 72.07026628125244 82.95932068114818 48.03287354131759 16.256476057723052 27.451723215052407 61.44208021871848 83.59174397072283 49.10697420482518 19.173316059772628 29.256504570688108 62.2613519643528 93.12900506548793 63.883023646378305 44.95821869309734 49.93609655195798 74.14956265812103
31.1465623155332 33.431410109697154 12.263798215519687 32.290264746481164 21.157016561809385 0.0 42.69663741576866 27.44236791470762 11.377509833709082 46.37651041984457 42.52477212809683 77.83274113398345 65.09978242999325 76.92653316198555 46.962799883594684 13.342515403065981 9.441894224057808 17.86304358304858 37.56536988881395 53.54913266694499 61.10171453550345 5.724905392060355 41.94400587183804 29.595975831064315 14.453937521994131 49.46902604596749 12.866876288955634 12.803518765416891 46.20241503400859 2.0125435067445165 27.02965072699012 49.888919093763384 25.679176961671505 21.925931973401617 15.761131652050997 41.75123603160267 15.04811293013216 53.125299136035046 51.21786714983018 18.952582526095988 6.587460782801152 41.746457170615805 7.050068367588629 28.071127178302252 36.23318394492452 51.3042463704485 29.031746198741985 30.81699252765798 40.129329063723524 60.078104635361534 37.00266724526871 24.903587286559066 44.94670872186248 32.980239805324 11.444961096966127 4.327314842968997 44.11865552671803 22.059381112763003 35.979497549840154 44.559415413800004 48.128341718528226 73.61003297715449 60.468730438307176 69.89696016944765 33.39746460974934 13.053639334628194 3.138053241235473 7.773296486671147 37.5949419615297 48.56280773050675 54.489798548938154 10.23520026980068 44.52323591984578 29.546863026473396 16.112530834345304 12.263798215519687 2.6090356110217634 14.281188558872872 44.18434125183118 32.567743663249665 29.19035779556927 47.059645867756146 72.11026735833661 12.352556602869763 37.624053900365624 53.16169440071875 18.70459597860861 56.20702544592435 49.143465327129924 33.89055915325433 3.7713382049617468 45.611616731345926 8.786547271833944 37.273593005098796 33.562491737621876 24.760555307464156 41.28430975864168 19.788852946082752 22.473564577237575 10.833981987577367 85.89631685485011 61.56884154505685 52.3012579720818 64.90204356262119 90.67129241276855 72.13406443593006 40.451928872001595 24.527384587977128 45.81512182626506 78.28573898847317 67.93116829838216 32.45342991860995 4.900751991554553 39.077108339637014 74.58038744732747 74.91442918555241 45.181357467735744 31.66589369937484 49.96291608650204 80.75919478662519 90.53093945457289 67.82840313615114 59.47832534033894 70.75865840425077 94.9107050472845
38.931668638606844 9.330059166157087 47.37333081388206 73.39822090132846 31.854350307266042 42.69663741576866 0.0 65.71884546491701 35.24003164208568 13.10231320910707 5.6288425328845095 35.76614542340744 24.981575458860696 35.639571489732 4.267839588473241 30.89546791164867 44.14156621113909 41.17086278274277 41.72247643510612 14.969300814121887 66.74413992044046 37.03520783848408 24.513940766674963 72.11455901533233 46.109132035525704 91.48332106619111 33.43035392349225 29.900840330960172 51.445206502548764 42.08287393392445 15.698063187771485 7.35203887858055 22.549863001476307 51.67654088397604 27.20835022663982 43.35911105264051 34.205379918747 32.95736650750142 8.55813962909311 59.07646336394281 38.91349516829045 21.691037637327938 44.841088984647 44.738656998958696 74.5353507254889 53.92020089097099 67.756148753633 73.08149826919349 45.28641695448614 25.17331871383053 43.18782709214194 17.880257748435255 84.69804591794446 72.53146681900029 33.43035392349225 40.62118199365427 1.4226131961577468 20.637270114065746 77.47306396217176 13.66760467587819 10.232365388320593 32.82132827188196 20.14827242912676 30.23307562918541 57.01807633991707 32.60958180217528 42.71942837541646 35.83202104785641 44.515984546913984 17.495390585124877 56.88383572958077 33.898627607006965 11.187886636047503 47.02637423580916 51.02103832915446 47.37333081388206 42.13371837518181 28.452263923146457 58.624565301448456 69.84451757200972 13.741570141106738 29.26987903078446 30.091296372792698 48.6934019277713 33.944705696407325 23.942977673109837 49.88093261351103 13.51482536349577 7.403533089972179 41.228953320462246 39.20132193155128 32.84427738525944 43.830550752692496 45.49308796626935 62.18702379924341 24.08975574671741 78.72967185473665 57.813063997979064 42.05362394206976 32.16004536647012 122.8463930764638 92.00865103018828 66.12186007177783 53.01661851826628 61.49452206959269 113.45020794819298 79.15965532457277 46.83748644642558 25.562609423988008 40.56281083874113 110.5375016985468 74.9666279953852 39.416522821795475 4.420424962487825 31.900297325631733 114.60384884307388 80.7889940590508 49.5163952628572 30.150915187694 43.571486339577454 124.96962154850544 94.79872395571611 69.9166084684906 57.63686789776864 65.48150325609926
36.49021898431514 56.561452826188244 18.42243164597981 10.538089849668324 48.57010623314568 27.44236791470762 65.71884546491701 0.0 30.61934294832984 72.0928223713946 66.99050551382214 98.1644889941587 84.21421174995712 96.31675924593645 69.7925692319001 40.31043471574729 34.21877316890131 25.676429426451147 64.01461369839413 78.59274238754217 84.87803969074183 31.436546132744134 69.21271113548073 16.693936838224666 19.70409089575199 28.320497013919184 40.28357377108974 37.75956178332257 43.768333390379325 26.72357039766595 50.57426471884849 73.06018630128163 52.59676417386179 42.98108158342528 39.400074420884096 44.18821141001687 42.45546444304063 80.53141964279898 73.72153422563129 29.94505609702316 27.86281659481742 68.81344729296944 22.02370164179024 28.91964282450979 8.987265251673028 48.62234523571928 2.1339197942352057 15.116601000558148 40.95302449916247 86.23181001967295 39.04560798082327 48.362684739797714 19.01664956528689 7.1130659807859065 32.66007874705644 31.609543660224055 67.0740712180582 46.25512893843093 33.5143065806285 70.50707009249355 73.0363910507831 92.67954376363184 85.13202198990474 88.28130545226621 22.384912660973967 40.398859880066425 29.69491452720398 31.267161755001375 63.52822183377329 74.82100693858648 79.68808684231738 32.549686081631414 63.90926010655257 28.175515980784752 14.719419543084246 18.42243164597981 26.32801735054594 39.619238776467085 35.39162319508838 5.255413349158342 52.123773418640354 74.4536895018333 92.6010536939919 33.716013083109296 64.92843757777207 79.91515929903817 40.311186265876145 78.6895917687026 70.88511557673887 37.31834227445768 29.34560214953343 73.04759685441752 22.31703971384278 37.58034503665335 16.561406008481452 42.63710475592453 13.860029597058988 8.056151814380959 27.146382490766943 34.97680144335509 58.63051456721708 35.816954364845884 40.747500596764695 67.60215228126319 100.05963613680207 48.237630131034 13.514570195523634 23.887835002394016 59.08319660657832 94.56865224799394 53.01818975367406 25.732185334829428 32.335162713218374 62.937910685607505 96.9999944491771 69.92630647032293 52.16639050467804 55.54398302504692 77.33753029668713 106.81390791034782 92.5366476800739 79.75015779874157 81.7876919578843 97.72639266886694 122.24463779696937
20.655617797997547 25.997596553520424 12.198201713865815 38.22095946755219 23.83915877950854 11.377509833709082 35.24003164208568 30.61934294832984 0.0 41.719872911809254 36.37561261433715 68.99952794317124 55.65217896262039 67.67657012006848 39.3880234637695 13.615736765063504 19.28854303033404 9.817377221553881 42.01747894681586 48.00630829168864 67.63856380753133 7.454753473153489 40.846286008249834 37.78320737379253 11.535473238526617 56.47937439815166 15.71552156679441 8.637608871605035 36.50161153137201 9.646061931864022 19.95501872726296 42.592021642411254 24.03568457272435 31.86414527862062 9.071533588474423 31.195060992907898 18.834995416932166 52.62398906890308 43.43890501019915 30.278458554105026 4.949238757205832 39.879087891363056 9.978012018756303 19.42587770857689 39.540506472690694 41.41408024536257 32.612894416248245 38.41055629624785 30.009481955632822 55.97603665978942 26.812346172267887 17.74491633111821 49.518822909199976 37.32492714507452 2.35609170122071 12.970592204418306 36.61963539997346 15.769230162310672 46.67328043706233 40.26384919337688 42.446058078253344 64.20987988210506 54.51277581173599 60.21275224301077 28.118314289785673 15.174302937360148 13.653958654759322 4.609019514910757 42.84029715319228 44.7303372031783 59.934423911446515 3.210298173899805 34.94305095330171 21.40226283870823 16.09533593633807 12.198201713865815 9.29338705566338 10.445565965277355 36.508368598581704 35.02370443474418 21.55221904389632 46.587530914395046 63.31845962223256 23.16922806312057 39.77946668138975 50.24423139086484 28.728015127340566 48.446812034126836 40.849371975910735 23.61665617776507 8.003289134228853 46.33237696621886 8.627268485031742 27.499288891027323 30.681682951885207 14.02546040556888 44.00298839681007 22.630669600145925 13.851446862117312 6.0244117942549655 88.66336842492704 60.60808006176205 44.91832076541085 53.79722498385076 79.39015679007278 78.22024699424587 44.124566444763914 17.542887399392523 34.65160375860327 68.01411322728397 77.18910748318021 42.2875726632132 12.268975697849902 32.326849566190795 66.87100355405393 85.90957922562205 56.5431932725502 39.319067965426015 49.26484551762295 76.4214655695621 101.90789428848197 78.57212602415728 67.03773072499273 73.12081768039464 93.44179418041806
49.976407193957776 17.828523173948195 53.768092449639404 78.49856793564251 29.90082016180463 46.37651041984457 13.10231320910707 72.0928223713946 41.719872911809254 0.0 7.743341938337224 39.47270284401946 32.730341817787604 40.807782870468714 13.324533603585525 33.17521017977075 45.08942944150072 49.46556943324918 33.79222454037766 7.921846045752267 56.44144102211525 41.221341061139896 14.066919747797344 75.7935450370891 53.21490377487922 95.82699106595014 34.706471955304295 34.419478329930214 63.63178332962829 46.3217898236099 22.266673443310456 12.521029054601343 21.483715052540983 49.558220447908525 32.733904020829826 55.58916563842407 34.284524625441485 20.169241705907886 15.373592610757605 59.86738135178819 44.274830795324064 11.329648504775008 50.22426622430844 54.84249289177321 81.07317690817939 66.44032853587215 73.99848943845959 77.15596454031588 57.20342830011576 14.305885432620533 54.84096739460252 24.3208521012672 90.68511773034716 78.49074079778524 39.53707771255626 43.28565199870008 13.022307344036333 25.95124934455594 78.30645099655179 2.2222456749891193 4.6827136353788665 38.92264589004288 14.988625704577386 37.79780112736979 66.73541946734916 34.12645825860676 45.50820531403985 40.897984448828616 36.84821011129154 4.3982460356273485 46.52338451413129 39.549925408116266 24.19707418581408 57.19210642452557 57.794743607125106 53.768092449639404 46.543864108911166 32.611037602085936 69.94299463082668 76.68338969319929 21.551061475040136 17.38023335769317 34.42564412895284 49.179309981829554 25.46090196552366 10.915101066616545 48.51363296597938 17.754952894961626 17.456660529713094 52.565204262429766 43.43804987014771 21.69540383718414 49.77649614255465 57.0191624380661 71.12900182047079 33.712648952344885 85.67201080761484 64.03766973853288 51.28491955822569 37.14823501603585 130.38229448367645 101.28000394411056 77.76796597543792 66.10744827690405 72.28176642549674 118.49050322136418 85.59215491326997 56.07330177507431 38.65997830693275 48.756058448099466 112.46187383175516 77.11566745497791 42.168565566053665 11.906230741229653 32.21082725978424 113.23710964937435 78.23135820951445 44.157139128001425 17.656885002196713 34.72583135699104 120.68512424927555 88.57745096350389 60.49132493849371 44.772825883848014 53.6859521131398
42.70103432432037 10.933914301663785 48.56840335187679 74.07423863145674 29.079075046511274 42.52477212809683 5.6288425328845095 66.99050551382214 36.37561261433715 7.743341938337224 0.0 38.07105002715728 28.8203678990788 38.55464314999727 7.478853926547023 29.90085041750444 42.751343557778355 43.32951085113872 37.0480917821251 11.728642143579027 61.52156736583941 37.040305343827015 19.070893547264387 72.11976187693962 47.6623442989023 91.85029781006315 32.03305407451367 29.95780493680974 56.00817596646685 42.170498604799256 16.42868118618945 8.663173749106498 19.8396518845881 49.094083372203954 27.724676741926125 47.94789253648193 32.30469204341269 27.343148779063878 11.131384885479884 57.73788039849984 39.517730261126886 16.221125360864306 45.51062916214799 47.94638505443896 75.91549246353385 58.73857063878136 68.96933249886924 73.27301997431381 49.65102234823883 21.02226404816961 47.36764993360097 18.631404706759714 85.83183133888171 73.62029582428764 34.349822129127986 39.955115258495255 5.976566066704911 20.86575040800272 76.23621400589467 8.066157972428837 6.21550499888099 36.088458169708424 18.15900542382357 34.07129100657886 60.03678976339752 31.30369296691501 42.133782869144774 36.25330372501505 39.940123349492836 12.123002059898143 51.62842770104835 34.58989369514473 16.8098116329965 50.27833283619892 52.43102986948818 48.56840335187679 42.30415950128998 28.301626547893463 62.60670031382523 71.36226516741279 15.140067976355192 23.66962528925172 32.57136263210552 47.14929764160888 29.043105533324937 18.6580597358953 47.581362302024125 15.278905790674768 11.706779111001486 45.193625496364646 39.25709104390149 27.351389840733106 44.77301607116226 49.591468661439606 64.78574437118924 26.874040844312017 80.32252731101238 58.9788896207892 44.74207119230895 32.49058871510644 124.80129844601291 94.83825579487078 70.32329219267966 58.55404413408891 66.66278378671797 114.18082516871615 80.49928588426619 49.5499793474588 31.023492926572782 44.742653120514376 109.85135747160848 74.29229380786167 38.77602244077487 4.475011692245255 32.69070753580647 112.54154312084292 78.17914823846458 45.72262293304069 24.52215354050191 40.55012353412891 121.78695086661008 90.87356126447065 64.93151678533006 52.02263554537421 61.06359266249322
64.98294725084727 44.622138993218186 80.53113923606367 106.91614633612234 67.12313415517879 77.83274113398345 35.76614542340744 98.1644889941587 68.99952794317124 39.47270284401946 38.07105002715728 0.0 14.384048315657965 4.53081679311443 31.620456275810202 66.60451405862104 79.89247228268898 72.52470999542918 73.23962090635557 32.326827262192175 94.19481419261928 72.1094326000599 53.270720684455355 106.71238063771665 78.59783756544401 125.3458635445072 69.19376816070401 65.08708096682199 70.94720314054813 76.98154340370802 50.959268317835786 29.443913119413054 57.83364586025997 87.12107424272833 62.081912132466734 63.915421412158345 69.92631549659654 55.03954150864497 27.338834720418742 94.7962759841968 73.28823340611817 50.68847532985938 78.95503238673092 72.47926744392439 106.51346742355372 70.87158094499695 100.28358617971752 107.4091059321369 67.10750969334678 36.895736205639395 66.47755028458393 52.99926547501853 117.07331460185046 105.23047584769681 67.58550817629342 76.13351622781276 34.38092789378875 55.97713327527193 113.13106220072123 41.61598972626138 35.12811518509332 7.44386775818928 27.02899306033183 12.225673584886758 84.5063008902883 68.36693152522142 78.16644903453137 70.51766247402499 76.30806663295539 41.36349489569801 84.4640378006212 68.33048227662911 34.28194822830911 74.37156371884508 83.61409014873145 80.53113923606367 76.94397244902433 63.81695475176033 81.26798027891238 101.5933868553025 48.68812270152595 55.0558289538503 5.723577843141914 84.45649054009198 64.89492198867332 43.88296278999531 85.49257196808153 22.793335215118095 28.77802563317325 65.99436105118768 74.18649837763833 59.91330426216084 77.55479722609134 68.9300771454933 90.95753671514359 55.65092122109116 110.05928451263055 90.69717156724876 71.85041878488448 67.04658654471959 152.2452790466581 118.6609528424477 86.68557306760341 58.99597901880436 44.4840715098035 146.4019532517201 111.13869311469722 76.17277267774371 42.249005749559224 17.316774402723606 145.74415453324113 110.27896729275561 74.92497256983322 39.97825963010865 10.72286401245685 150.34000114594704 116.22976029687953 83.35934290268743 54.040582509425654 37.738186313170125 159.73642794102767 128.04472521068666 99.0318145263268 75.83714340176392 65.01821091564884
50.611730356847595 32.77158710560029 66.8628202193943 93.20000243840903 56.79479570022417 65.09978242999325 24.981575458860696 84.21421174995712 55.65217896262039 32.730341817787604 28.8203678990788 14.384048315657965 0.0 12.107875810072615 21.446470353973826 54.76044938050855 68.09816084680868 58.538783375517234 65.76261227622777 27.509845723330717 89.16243305462253 59.390824620336886 46.71741104325633 93.43411420769212 64.77672992490821 111.68215700114885 57.59938373119033 52.55593093011396 56.87353790004198 64.08396663963698 38.817689866514876 20.550374419297608 47.51321841463508 76.48050308663241 49.378264779848095 49.67990630007211 58.74405731948093 51.4509274515334 17.793340736549247 82.76764341673396 60.139949132087324 43.90111821474699 65.62927871600665 58.139082065849095 92.44447901240605 57.088973067492 86.34136744286504 93.99423145726112 52.81991890122149 35.614562545365594 52.121967556523 40.68269402438303 103.04483387863279 91.30595825806951 54.415161613913064 63.80723129956844 23.776503544102347 43.762262735246615 100.84756034012767 34.5507003339976 28.047676434113963 8.557876793664311 25.182619156842282 5.264180547289312 70.13147928732207 56.7177112021187 65.7358339828576 57.565989968802 68.70042796865445 35.873025456117524 79.24818813327975 55.27582432564644 20.711167302129876 60.010521558359365 69.77752672989202 66.8628202193943 63.990297522416874 51.47062912503664 67.01434470380335 87.50340661464013 36.41124969609749 49.89956164654136 9.589640332024837 72.74030130232272 57.612050804011204 40.26934100546148 74.53668953327136 15.143038089297322 17.57999178884547 51.610883093747205 61.37827773378994 54.39467457855044 64.09312658354098 54.5791740367511 76.61495751265478 41.971672961720465 95.8842605753405 76.88428613704012 57.663214924236 54.26610232324141 137.8753407490839 104.29372727828097 72.64249408935622 46.99851893680164 40.90193216431455 132.4326687868014 97.05602388519132 61.91558560106001 27.918016869448223 16.0467924924937 132.76277058596844 97.50172756565343 62.60532488285631 29.40191711661918 18.48580422286245 138.82445417133133 105.5335108525343 74.39481107531856 49.638967397305 43.88210822217674 149.92379887228972 119.63270332403741 93.16077929414989 74.68592073610643 70.77535997972248
62.41491550015124 44.10556200841955 78.95747719699503 105.30291948968429 67.38041488374454 76.92653316198555 35.639571489732 96.31675924593645 67.67657012006848 40.807782870468714 38.55464314999727 4.53081679311443 12.107875810072615 0.0 31.66788165264935 66.17065062927585 79.50890053333116 70.64052909746601 74.57184235131996 34.108162443357216 96.33902586310559 71.20533941027254 54.799427848566886 105.4578842852502 76.88386966353518 123.78155417355732 68.88936427892018 64.28250911820265 67.59407605804253 75.97180311012951 50.32826295985242 29.899300131292332 58.0591365288016 87.29225274624217 61.171638926655525 60.7619686715091 69.81853150217715 57.42827246724867 27.51587719920999 94.30906918790072 72.1096412083723 52.12497793736003 77.6542720971041 70.0249523210853 104.52411087354963 67.2984443133987 98.44454809812426 106.05070999151654 64.03052399373111 39.684659879354925 63.56493979122116 52.28398999497032 115.1330711759427 103.41037127153048 66.38663745571547 75.46194813475796 34.3077731014611 55.32483594707022 112.5175354542571 42.877349046625184 36.29127808162594 3.7631885721861393 29.475016027400844 8.651640924627147 81.89521806764016 68.03386823952064 77.4388397954886 69.46667741532039 77.60689778473487 43.0990470299139 86.53150819308874 67.21010104521775 32.743397437188165 71.84099700969155 81.88523324691594 78.95747719699503 75.89815377369725 63.11339877841519 78.11065355184132 99.57769682500188 47.97837370489031 57.01341732269058 6.513202986759831 84.11924527746734 66.25782128348742 46.17024422031033 85.52023138245936 23.42270824116994 28.376138334863818 63.25549334615701 73.23004104173822 61.795842896302595 76.15034383527264 65.99747855658562 88.4813662331409 54.05930145397741 107.92114506780017 88.9916578687637 69.70736245842556 66.09816540346499 149.63290427863532 115.74370019656132 83.27892808551043 54.83003947314917 40.11812848514794 144.5295089657769 109.13090228397358 73.90897350649402 39.341156013926195 12.850074265526388 144.7103698406067 109.36805751356707 74.25536669462397 39.9819156078507 14.678361033234857 150.15638378954148 116.41329685328891 84.19825575818665 56.2033038218127 41.95772811967876 160.33163368826067 129.15693511829784 100.94011260961054 78.92027686845522 69.28221413250326
41.99626215548032 13.571733637474177 51.48612222065999 77.57879114357071 35.71460698477461 46.962799883594684 4.267839588473241 69.7925692319001 39.3880234637695 13.324533603585525 7.478853926547023 31.620456275810202 21.446470353973826 31.66788165264935 0.0 35.125431964788206 48.34227803338461 45.03985728472746 44.52411264562273 12.775077730451537 68.86358802253295 41.29811367144634 26.294231549142705 76.36686549678112 50.143216076261155 95.69873119671371 37.61696818461762 34.16541022587201 53.73248240175335 46.33992823035238 19.955312554930813 3.398238913016764 26.39282721108938 55.63273714465076 31.451770215629487 45.659719752138244 38.30658365553719 33.48654801554985 4.312532830755981 63.2929836746095 43.13107007067688 23.42943083471472 49.04378361149977 48.12840360349651 78.57551751639319 55.885604810490825 71.84111622274708 77.3196049619767 47.8122690537701 23.282455663274234 45.89852086165056 22.129191502976322 88.78864188055411 76.63917928486669 37.61696818461762 44.88164693163357 2.845226392315494 24.903493362800816 81.70613687301463 14.521396236238827 9.294376659700141 28.986805747600908 16.863005691921096 26.70911414013802 60.46875676478998 36.807208949583625 46.983497183766225 40.07118831782115 47.40773364729281 17.48528388324651 58.95465181043292 38.11370298960357 11.711772738610787 50.38145826563725 55.08096935171853 51.48612222065999 46.386052646869864 32.7201035116197 61.43681622069844 73.8535748255742 17.955394047512637 30.47338921060612 25.975087785982385 52.87659681229008 36.51670395025676 23.545719456414577 53.91388708151928 9.246985775022527 4.2856943105428345 44.13187147466945 43.461275620726425 34.451449866608435 47.99483330472252 48.26198130748219 65.82891946195548 27.828447093380834 82.71013783404092 61.91794185163839 45.713304205082665 36.410004481510775 126.6861753983669 95.4989582989872 68.72312648267584 53.458752993913066 59.37138630340293 117.60822631836508 83.20626740728243 50.468492774082634 26.515134912533608 37.299246449755096 114.80438515993906 79.23246296080215 43.67757375471861 8.359942508699197 27.645212167506475 118.72017500814822 84.7560535387525 52.96120995350041 30.95776800078852 40.54712728858837 128.74370744548403 98.18679920579591 72.37745058232542 58.03865654316796 63.487151780175964
32.707085273940926 22.065234367478805 23.047058817255948 45.632311548548756 10.23102248932287 13.342515403065981 30.89546791164867 40.31043471574729 13.615736765063504 33.17521017977075 29.90085041750444 66.60451405862104 54.76044938050855 66.17065062927585 35.125431964788206 0.0 13.344161504386813 23.431080206387414 28.455547034383578 40.526796628463146 54.452069776153635 8.954480041950067 28.91889652314339 42.61921228118032 23.791501592896253 62.67318040700688 3.289131909728248 5.674229419396945 48.95120143434931 13.639994552530124 15.959180708476062 37.7813496909255 12.363617885416405 23.176291357939522 8.303299327066721 42.724791165144346 6.022377630573313 40.38760560471493 39.43727018561841 28.192088535022446 13.21185020672498 28.527747529781884 18.432400903922577 32.82632794550392 49.23070482878792 53.59460397024683 42.029007645294804 43.997431897956155 42.17866260999086 46.752980806957844 38.99611364513506 14.245213197411818 58.22288030593247 46.17397273495588 11.463647503142772 10.134051783066042 32.30434892161967 11.142010695728056 46.5807172448064 31.30240336026765 35.20809797056588 63.08110606325088 47.53503671917811 59.81062215340636 41.63477160714986 2.3552248117579695 12.349222616350147 10.079415767770117 29.429826524421717 35.23694819131024 46.46051046285728 10.409179064472754 34.95750778127295 34.89914062502012 27.284220083891974 23.047058817255948 13.995096220043138 4.870036621986301 49.97514473661704 45.28428492375732 18.40004075124883 34.29535734400173 60.901586340766755 17.97985624635859 26.32193071245414 39.8409096087477 20.61249758623553 44.315276759378925 37.862594629727454 35.816401455949496 10.968932476641964 33.411137058550175 18.812500678097166 40.08069522466004 43.62800402089374 19.58746202969394 54.160752908664115 32.385571293016596 27.37372554160388 7.641720992405016 98.92916945227635 73.02817064558374 58.40709467544432 63.41770708236702 84.64256787751867 85.43564084908247 53.561447721387665 31.154472098525428 40.05703529744828 69.07042433013548 79.95308038610567 44.39167817657755 8.99767030814217 26.89806688504624 62.436086399354835 84.06408846738597 51.36674030884998 27.249041762766304 37.130523443753944 67.43173208901732 96.55070289855728 69.80367797198285 54.361935310687294 59.749794043620916 81.95734921683359
39.84152752109662 35.405737616764334 21.455375589250895 36.784858215452715 16.1979169840308 9.441894224057808 44.14156621113909 34.21877316890131 19.28854303033404 45.08942944150072 42.751343557778355 79.89247228268898 68.09816084680868 79.50890053333116 48.34227803338461 13.344161504386813 0.0 27.108570646278267 29.799434622450065 52.769351154361175 52.02755645522066 11.903099565642567 37.94248749079226 31.93092474068561 23.85375173621506 52.164211099680216 10.742996813736708 16.461678493656976 55.30766466560363 11.38620885968833 29.284050523620646 50.88610219245313 23.606184807839295 12.673962205831101 19.868500419576343 50.42902106562512 10.834044877844809 48.223131597545205 52.653512324693594 14.990317556709112 15.263081985941229 38.36750191988374 16.338063742464595 37.35452094153376 42.47208336484678 60.35001340693587 35.466927029679184 33.76442614101985 49.05068399316317 57.84024465288362 45.88102642630113 27.49358658564526 49.9757640537869 38.68164232468475 18.44331725223968 6.323648813058119 45.540416545479985 24.38970115783223 33.484886531502276 43.04642223990381 47.67386247975419 76.42526540075231 59.866428212535865 73.13472996255096 42.75109999846167 11.535185966356822 6.316885290303214 14.781942077374222 29.363646567090036 46.47545434914684 45.8810264263013 17.010946716709817 48.156574277031574 38.910280302900766 24.998829789846877 21.455375589250895 12.009156846235754 17.013284806602147 53.61845152230231 39.472374059427416 31.70909978283872 42.34297345311219 74.19847985572258 4.665293860816977 31.39663688560702 50.14321607626119 9.48452975816523 57.477759122536135 51.18127070652437 42.71634743999295 11.48749096061557 40.065898550161094 18.216334239734607 46.32636002843367 42.499958563649706 30.733907450590127 47.69950706997531 27.340871495193973 31.70677392196594 16.025075616262097 91.51134969423876 69.47807714670377 61.74310735049974 73.00240699817886 96.84329387995584 75.2589664988136 46.28524291185674 33.95471633840148 51.920219465401935 82.28416004428045 67.37910895401596 32.077174648577184 7.082109706278845 40.04469698740848 75.42684913337996 70.72826596876263 38.563333685215945 22.44938060919308 45.310258899103324 78.32155080222012 83.9733035194466 59.30307245923342 50.143315992137644 63.59252244745265 90.03235373991245
