0.0 57.91037205440296 47.11926938410483 30.107239179576847 47.72220920874723 49.826269099226074 39.436659057935564 52.162130873497155 11.498315604733207 32.573059090338035 20.713394273467816 60.1230225831918 57.167934643531716 8.397672009010803 16.871889989331798 24.978117661605474 44.513700941261355 39.272321130351465 56.99941895221879 54.11378790023274 17.59712142685106 49.378264779848095 14.20967334539547 36.61179607082558 51.32930123992313 14.998852870216657 38.773537958974906 11.498315604733131 18.970391723069 38.91039587829261 32.836260491399116 54.65574697307972 38.9771713066297 56.98997037258611 32.49743130115222 56.384661108477744 53.935626073041426 42.15626654705628 40.84819173254391 32.4949722327655 25.807568953407955 55.562464792336094 18.875011755821113 18.258232091282824 12.624271354164947 35.27590539909844 11.358378392573478 26.725010539672063 48.93673078940875 35.5318014304967 5.437308846633743 53.577818901257 14.207693134829057 10.804118185539291 42.394168617652014 45.86549647063394 16.23473312747153 42.737428694640975 15.046133076831522 41.71837706978257 63.85395138955596 41.45145307326696 54.49515521956364 8.779044751240527 4.447306054007938 23.983663743396136 47.71213211098325 46.73571272173832 47.531702709513134 37.731439502122626 26.01359790676797 44.86901169820069 16.702906446741164 41.103380157771625 42.092653716409984 45.2665667438643 27.56775615388586 27.41950368604194 21.7225111088137 34.87621508143196 22.447303117225992 53.46341185289847 32.589271877202876 54.844512879079296 13.514825363494356 50.268980261077886 44.78362123084728 19.096956927237862 33.523892313664795 35.39470963985371 23.78471148231183 65.50343609335461 21.657940447725917 55.95338370038053 18.875011755821024 58.07685211952197 25.72187120496462 9.48341108197744 31.902003759857042 24.579460805574637 103.64899127659368 77.66987074599582 62.08251408220886 64.86911895121389 84.2252986794918 89.88986266817678 58.26477174536797 35.235894955287655 40.25594876864607 67.31792465864527 83.64630533727532 48.18208655319171 13.36162474327205 23.827778957990997 59.069480846625865 86.56053247054878 53.03639679125688 25.791343201686505 32.39950278095243 62.979858474569504 97.8172962337881 69.77673995209518 51.97616403028735 55.37515697946641 77.22339404444826
57.91037205440296 0.0 12.15817319859114 27.91425811480636 101.08778162030717 103.30893711572922 92.20225603071411 104.59394633870028 68.16829535785871 90.10603620092643 42.961213523638065 45.341012030627205 6.0884026818951344 64.19078185803194 57.86998110273305 57.11322026305491 95.17693535053547 35.537228837895 3.2461748655854596 67.43596257313311 54.72263713439236 100.05423709215182 60.243408609459316 45.34430365346135 50.73194617293849 51.8516393354304 71.85214668870738 58.805297548936814 48.15015195014475 91.1912787847772 39.877984491516344 15.766885577386416 34.719993467892635 7.566054180272663 49.89073912570208 53.575119847508 4.31453228650344 18.537093006709068 93.57363519957916 85.19336731662904 83.07747049621224 3.775204405127499 67.96723600832567 69.50961494451708 48.81703950399198 77.89639388110609 47.84053981722357 68.22681140871998 9.457465486315147 39.589604325039645 53.60663566621093 6.677355092738588 44.177718780674915 47.748582861047744 45.18052875061936 98.23181684930843 65.55315786427707 94.19133506891951 72.61001224584957 99.34627385632797 7.141264689988781 40.56169684578642 3.4210075329360192 62.306339359449055 54.990225754618955 57.9150816960061 96.4891188379265 33.33156093637302 19.543485120939803 42.64222829324832 42.90547097149697 45.94638393185736 60.24561640241025 37.48848696926152 42.14659794628655 14.950808026530614 63.39698535828972 30.74367821286566 59.08396066272401 89.21238178904618 45.44472092093572 12.737586034269448 33.45518796156935 12.91466259334029 46.83613901355756 40.28064140798185 36.39692787733209 39.06923111310699 87.47178061509909 86.29328075234997 81.69156293400829 11.556588573700392 78.3389816331289 96.31964439447826 48.84370305870345 103.32839779415532 60.01674763879411 52.39321052183636 26.174973047667184 35.96150620601426 46.42558377122856 31.846452991730292 49.04333104430425 79.55180754395965 113.06600664263362 33.88851079256525 4.095046797520167 37.647289634416076 73.14422868118241 108.69705021713492 41.74130177587644 24.598474890193817 44.72171937295575 76.98816742865337 111.29475363864476 62.745650383702205 52.71726409155485 64.44654000415235 89.77614603510139 120.40892643946047 87.93377285871489 80.86235966515012 88.75341737783823 108.38677070685635 134.7230125460324
47.11926938410483 12.15817319859114 0.0 17.10652911472145 89.10917229957623 91.33020679556992 80.22402660747197 92.54783384453391 57.86676836491433 78.84093305196998 34.72171433350212 37.82674134602979 14.899290661814646 53.974261677092414 45.85248824237619 50.09428817868123 83.0862847205892 24.187851050799893 12.943331596487877 56.75217792162793 46.43975767658067 87.94987194638561 48.35865186851012 33.72502001504342 50.16555783175462 39.94041583897033 66.04003385177799 47.052975221363745 36.10607764121706 79.18961266366777 27.918659338672327 11.364289182689074 23.30844610310186 9.945783393382406 37.954804122058206 44.33383741077198 7.849856381574137 6.401759382707031 81.58604328169142 73.25378176653967 72.71119759844872 8.90225020166975 59.0388232334698 57.65974265684553 37.21148389298689 65.73872270410448 36.54119521086284 56.07675230288464 8.044707862858392 35.45629224275433 42.489584564598125 6.508573059776843 34.010713793720264 36.61051420636576 34.21746124642793 86.20364986204476 53.67684993030068 82.13493556630686 62.0632350066283 88.81484830232141 19.21570617602752 29.55423722699622 9.268567146303887 52.36263804375553 44.6123428953748 50.668697843950596 84.34839058179081 23.491285452209357 9.91375998359679 31.144943693316105 30.747322478762406 35.30896246392208 48.25137693813416 26.444930595238112 39.89161208364507 2.9143800854133897 56.40815462175629 19.702134599908597 46.94886146885406 77.37319423771798 33.31839014553754 8.331465243152067 21.33919794235913 9.710326677504225 37.239909883833995 30.928670079997875 26.038546966633 28.034052321366936 75.60954451045697 74.25011379447871 70.7751294521167 22.980990402478994 68.16031092508452 90.11123207884171 36.79295367613008 91.18380543641902 47.85940579424409 40.880804319595384 16.671871325148633 27.498043290004787 56.53060729989691 34.543905341872225 41.509537229606615 69.17362514586608 101.87800351401292 46.04659957848293 11.313102317690042 25.843640954698 61.155635995163365 96.66612846581143 51.38588898342637 25.36352997320922 34.326485026705555 65.15755022496081 99.2214945636948 68.96623037104825 52.337551450362966 57.046069484909005 79.38164263158153 108.99904916930248 92.01990993344815 80.09743688423056 83.03984059887631 99.53748548828835 124.30561959731355
30.107239179576847 27.91425811480636 17.10652911472145 0.0 73.95462348744728 76.1682018225679 65.10521773620722 77.72660476845725 40.760632604564606 62.19212928426219 19.34125088989051 42.6487489429169 27.907894860807886 36.869610424749595 31.322563698485027 35.29572149655579 68.62883373423975 21.87631926448206 27.30210024090341 52.42328361740042 30.474441962849255 73.58430854125476 33.10161599901927 27.839792231993922 43.81549818943363 24.966703713786696 52.03131097212683 31.353137710031245 22.13066565692534 64.18828158058211 20.777315707504123 26.052675047643593 20.997569306879342 27.04403671535549 29.420270374313937 44.91657841112067 23.858160346059787 13.017856071265804 66.50415578799064 58.0035804997219 55.612876938262325 25.457063105982748 42.38354720064153 42.17541435170718 21.22980032051704 52.87339968124466 19.96866222451193 42.79285162838478 19.345592508378815 25.92935237777595 25.693004474365008 23.504970400898877 16.952453995067845 19.83534575854171 31.18096242580694 71.30712671883805 38.32291753963526 67.43015193784512 44.98813709530026 71.74988863354035 34.1862937941558 27.24415206642207 24.52161754822109 35.29865200205079 27.506018021581255 35.603239476458455 70.46345644750231 26.397158199229633 19.94684495909915 26.361557638594054 19.565372577291605 33.235510283524704 33.52515350894586 24.75827946518661 32.40199811470121 15.571091500897918 41.427875046764335 2.913910859507717 33.57776915633645 61.75319927386268 20.539467661815067 24.171640163729993 14.171218081529979 25.61171488787045 20.42610786877507 33.17611378655651 26.782684910410136 11.155045420207474 60.068048972495234 59.51163193944883 53.849396598479274 36.502531716823164 51.05428163113446 75.28522626272999 22.83946090020332 78.49095760387358 35.528190748994156 24.650175243782034 4.357621861915162 12.602468165905767 73.58123860789766 49.92292226520997 45.853768964023004 65.15373018754661 94.44373697646073 60.81767006505464 28.161063856643437 20.48188538454467 50.77573560535553 85.25871573921579 59.77901138532124 25.864386822951335 17.222397033553488 49.562723530686576 84.5489462871061 70.98189480883408 46.0441980451461 41.639946174478276 62.28868454347049 92.50974806555965 89.96334638804366 71.73749486635126 68.78406988432918 82.75472188451205 107.22665405906042
47.72220920874723 101.08778162030717 89.10917229957623 73.95462348744728 0.0 2.221232508930566 8.88594135360872 4.928998016727083 43.76294996522985 21.827856547680167 68.42438002812628 83.57035696788273 101.82673379038351 46.73054342761338 43.26368760173822 68.4037905919332 8.548038520994043 71.04084329949667 100.99379419981834 60.19780527929402 62.684327519173955 7.435386687317784 40.905171413569356 62.41989731994866 97.38765719057557 49.24875186549268 75.03877028044732 42.622317297959725 53.021942781649415 9.96188954555625 64.32341376747698 92.95937687104086 71.38032066484553 98.0089532144188 56.20871029215894 74.00486721152821 96.80476113473127 82.99055497431239 7.529637888803654 15.951066469024063 36.55107127582754 98.01142134451185 54.08401595343558 31.790232141541768 52.7549298511992 27.646512250625225 54.48976410502968 34.54376831801799 93.21484240461817 83.04045722284559 49.85339702491471 95.47216263817508 61.200823259362046 55.055473463227656 66.74649280525101 3.751180103538253 35.63875252209828 7.952927022180738 39.212463239682435 33.000121696936674 107.81354450442359 69.23771092749156 97.84958754143737 49.64343179279591 52.058997732884315 67.04295182150275 11.915940803653381 77.83230437410363 85.5918823863688 65.16781628169565 59.164080881547044 68.23413790210175 40.85780782377321 71.01850604442741 89.26496408155415 86.57146951681626 67.5927736327548 71.04161781609815 42.802401854257624 12.863025418936484 56.04983560456122 93.09526157370972 68.91411051826499 94.2158765787212 61.2229464226352 76.75823992666855 74.45954125469505 63.28681447611598 14.226131961573223 15.128161957920604 30.551311959169897 110.44204897690753 40.10202866830921 78.64642618553736 52.34439786572962 21.120501131489604 43.19324546604273 49.55325130364447 77.0256065094946 71.86626773742404 143.6050820068908 111.90898675278414 83.40842498947569 62.62947957270081 58.481453257053815 134.66331501024743 100.29405949798087 67.19955785216283 38.792460935099164 32.03313473213328 131.1678226059167 95.59528834263023 60.03441940861651 24.535989249319222 11.493864339454857 133.54714646407936 98.80463678083208 64.97746088150369 34.84225665829273 27.16787678630696 141.5051252261867 109.22707546814266 79.80953506115348 57.798997244328454 53.32954719790099
49.826269099226074 103.30893711572922 91.33020679556992 76.1682018225679 2.221232508930566 0.0 11.107173264453936 3.7481845107579743 45.648277513029655 23.180361745006277 70.5183157784154 85.5753298439741 104.04294285803326 48.68072198610881 45.484182494058544 70.27302018418686 10.262668423799921 73.212017403441 103.21324137762392 61.92247292227147 64.63910974374396 8.14095322820577 43.12371780037532 64.55098000189632 99.31699141894518 51.469340016712444 76.60659405154117 44.832002346656566 55.24218446070533 12.17396524790937 66.50860736797746 95.16200025950694 73.55707064478239 100.22614145444523 58.34564505626832 75.92679482708158 99.02598282738866 85.21043106533199 9.748433742489095 18.165125889293652 37.974809708247186 100.23245397373647 55.82155100592175 34.00020975874776 54.96500183863681 29.62693509843284 56.685566972815494 36.70154021181853 95.43185093365827 85.09457648346226 52.01809852363905 97.69252225475284 63.35513384357798 57.24270062844399 68.83657510336897 5.649062221844187 37.854869485753554 9.96527426808021 41.03875528375403 33.53107166142818 110.03370331437402 71.36719600834451 100.07040658528659 51.5935437139248 54.14841627126093 68.90510996047341 13.05404920304256 79.98002228244803 87.79762060303477 67.30789017891072 61.37245318161354 70.30111146551685 43.07886386783691 73.16918698510004 91.28175678148028 88.79173823879425 69.34525948831403 73.25502251275165 45.00329251240843 14.950206615433242 58.26550098072275 95.30694290393315 71.12426337024819 96.42545302945385 63.33376808574674 78.84242054719516 76.59757727566779 65.48939139922032 16.371714942898226 17.31604465853977 32.18594808407205 112.6575362931902 41.678033694882906 79.65013139553251 54.56435506738977 21.24937738784117 45.35805873962752 51.75308344583483 79.22992665240378 74.0178128291246 145.80288448339329 114.04886163853764 85.36946446886124 64.03818388736931 58.7024142512535 136.88205084225362 102.51421501163975 69.38172817023893 40.62850744474528 31.933031800288873 133.31538411032318 97.74741831737393 62.19593840441947 26.726813116787998 9.618791183843989 135.52646756130346 100.71433817333738 66.71979700812926 35.942782414060076 25.77663280272859 143.24788756328581 110.79526619522422 81.01469280014098 58.166361491416986 52.30130487808943
39.436659057935564 92.20225603071411 80.22402660747197 65.10521773620722 8.88594135360872 11.107173264453936 0.0 12.803518765415477 36.604415873578695 18.217839959841218 60.14192046161564 75.66694444019456 92.9638324822702 39.22261298693045 34.381411533814116 61.166398810407735 6.5308352298017756 62.38864044519402 92.11618293709755 53.65955746789003 55.07078408571811 10.483819832727377 32.03417333379554 53.964946302908665 89.80842829199307 40.36632006698026 69.13157531249405 33.798680105526344 44.14069899838971 1.426671882192021 55.60867808747703 84.15661527189289 62.70186795324695 89.14071909292674 47.734650861441764 66.49892457204174 87.9188971466114 74.1105671634833 1.4226131961577468 7.139939884367146 31.790329986211905 89.12627376400187 47.542936335742425 22.972094304066168 43.925796658387256 20.22582964192124 45.731466536777646 26.016380766006353 84.3485275954648 74.92160156233332 41.25578268856335 86.58993641867634 52.640372123340654 46.33948080655016 58.47913532511627 6.431495299169709 26.782436527910022 4.200584156553929 32.408829853389584 32.355225525359906 98.93263329028986 60.78212175593146 88.96566644483448 42.11576255433902 43.83322576127256 59.8435636550862 11.262522323686111 69.28471800985308 76.77589384349265 56.666772996873085 50.33997124663014 60.07245790926184 31.97270087736267 62.46210983171086 81.3069206957536 77.68969581633843 60.89380776675106 62.193286766596664 34.02302457820995 5.6562244661052 47.19077959402452 84.25180365454003 60.079822740629126 85.38178514317399 52.87193816262791 68.50390864198123 65.95917855191743 54.4917715560094 6.205432739821194 6.59920693843637 24.942585125253913 101.58217923455524 34.520834887388425 75.16235070139169 43.46456155620948 22.860896334305732 34.60251948630612 40.77739229655782 68.21932812955569 63.30935910782309 134.81942128355107 103.38070871491317 75.70345629392807 57.503073306291064 58.43236577766531 125.78861898281895 91.41270143539043 58.49771302850129 31.93552886560737 33.91118852496585 122.60486634905845 87.02253604393059 51.44026967756041 15.858497640689059 19.72545533760555 125.71336888614267 91.31010371523577 58.338790463619034 31.646317546781226 33.64163886310466 134.67897510142387 103.19921568562513 75.4577924709334 57.18240390887385 58.11991686379381
52.162130873497155 104.59394633870028 92.54783384453391 77.72660476845725 4.928998016727083 3.7481845107579743 12.803518765415477 0.0 48.57065216827256 26.711011881469467 72.87543510468844 85.22808201836665 105.52919787217569 51.467406928777244 46.72775340890554 73.2163894946217 9.859452824885803 73.73702751090183 104.60758444397673 60.75481104256265 67.4067210419284 6.080000190117353 44.624989121925815 64.8230519123209 102.13282675784636 52.86601707850413 79.9676489519738 46.500248160800595 56.44753038476035 13.57109191890036 67.16130557281353 95.96490983895548 74.12611153479199 101.27253951387208 58.66584736184065 75.29758428905959 100.29552155935168 86.35772150340908 11.380905569257733 19.926164423952763 41.46116217492679 101.44377320839588 58.98075016994586 35.69980114128573 56.60673327060095 29.38465641721263 58.48893312040114 37.23484438345812 96.90407882778318 87.58414967779078 54.059301453978826 98.85440256274464 65.44315971503295 59.120072553956476 68.88185289731173 6.4313904461394795 39.43446223547694 10.425134704954901 44.06801964927504 37.27486527255759 111.39367564879075 71.61787670835116 101.39517417438803 54.3784590753801 56.535183647220556 71.86191729489568 11.249042131850832 80.33028666161809 88.64761504469107 67.62879011804071 62.294328769388876 70.23484903725681 44.374531261002026 73.54811347554417 93.8820184661107 89.95519026006761 72.48111995403812 74.81934162955308 45.86865940743903 17.468858436577918 59.3228500722913 96.24159556326293 72.05808902276648 97.32451131297202 65.62891145712584 78.84341572995467 76.8914228118232 67.21172666629946 18.658281875119574 18.300670366039434 35.4774467368556 114.15549019613469 45.03099983453687 83.35448394795434 55.75729682176578 17.920086634893607 45.90024642988145 53.52460075406977 80.91891651990936 76.1123521159293 146.5219446848419 114.3193267417779 84.86038466396016 62.17563456633237 55.339700161729496 138.28762334871666 103.6621251704716 70.0028632122577 39.839186255666725 28.392180370183322 135.408373694148 99.82603339431469 64.24373321913885 28.661622608667596 6.923221875110661 138.21941924044236 103.57198137200777 69.87058331792362 39.60854856775312 28.07082907928056 146.3931812486868 114.15580491281838 84.64207616011502 61.88023354758135 55.01085837321727
11.498315604733207 68.16829535785871 57.86676836491433 40.760632604564606 43.76294996522985 45.648277513029655 36.604415873578695 48.57065216827256 0.0 24.926778233246765 27.548652168489753 71.25534375933701 66.87854865893557 4.019519909370225 25.590746525703313 24.64575314035639 42.61259526735869 50.69104954535659 66.98874322150988 62.82035273234206 19.245994022464473 47.069129567418805 21.937130169975784 47.45662966009995 53.70993274891816 25.618680453417298 33.867148718076685 19.96749996668062 29.977493934638037 36.48918863377123 44.137700964367866 65.88860192989681 50.42102808125311 67.79876979279909 42.84322367089958 66.86726352034587 64.34606698945156 53.211679674282884 37.90698993585342 30.565607783572815 14.909192584083643 66.06442113312994 11.73445921939452 20.98420338310765 24.029631560420473 38.63737757015744 22.83913190280671 32.254281186981714 58.95540346761057 40.66566005662871 16.91060415038111 64.24592127887855 23.997708795068203 22.192819951080867 53.266285854988396 42.74791689035978 21.17837723278215 40.49941088253456 5.018040030979493 31.216321665429234 73.75834156779848 52.63654588272717 64.7485293138795 6.522474212091794 13.254760410645446 23.29439703163849 46.60960157808002 58.18662889212895 58.85456968383143 48.79365028576191 37.27204049161363 55.70388935810988 24.491765306676594 52.440926237643254 46.251980237580106 56.187624619457736 24.45774105620763 38.230522606298855 30.07447788218919 31.23558835967175 33.60798594143822 64.54643252068283 44.0875487632666 65.94817678993194 21.657321778482114 61.50139210094411 56.1532727653509 30.085730978738106 30.39942505986222 34.362755455217176 15.053804013010144 74.96004743773564 10.32252125301469 47.01933542202287 29.78008544563928 57.885341299271026 33.94483806445651 20.62747162506232 41.99334160029266 33.16856441227882 114.29019138772296 89.07399101119383 73.06306310124938 72.6247464389481 87.99206607121309 99.17676344906273 68.83585012532542 46.61427786904067 46.25559777504019 68.10611231975787 90.4807888475962 55.71952585669324 23.553433769277184 23.174753342601022 55.2411116125997 90.08090603963262 55.07397523760131 21.998263554893263 21.608150913027636 54.608685278273455 98.07866205983625 67.25927365952545 44.276099841299946 43.92167260194597 66.55847665177455
32.573059090338035 90.10603620092643 78.84093305196998 62.19212928426219 21.827856547680167 23.180361745006277 18.217839959841218 26.711011881469467 24.926778233246765 0.0 52.06261706873427 82.84773397435667 89.6655335504956 28.6218192846484 36.05243294408198 48.769501576400536 24.624539078174074 65.71594976665179 89.3805145425763 65.62096023891328 44.101009080877425 27.53275210656079 32.360486307720564 59.203187537376124 78.09951185064061 40.2334824534304 53.59423242510427 32.66247235208089 44.84100966513778 19.018289312467 58.64833224682117 85.02985223632692 65.76895565074578 88.49675022703607 53.22902746599616 75.41616848256915 86.01603212960038 73.34785535193815 18.92347269876699 16.790243963263503 14.813274570095798 87.53267531048266 33.56204294689239 23.935996013280274 41.78097209917823 32.98225313375519 42.31579364191464 33.57854283475691 81.3335965170208 65.58642353794596 36.504532669765155 85.3491510182421 46.774565440125045 42.35754522538197 64.58542078276949 22.40478294899154 27.611508000685248 22.304144376772506 19.92627753245911 15.555807092755385 96.2578825012658 65.67995691244332 86.71272754833548 31.39635518903389 36.2501086177264 47.358766905426904 29.429899586898543 73.202997765347 77.63210769776208 61.45413899251746 52.21751261987675 66.64312989716318 33.70138231380243 66.57916107715761 71.13065980786754 76.70644698403441 47.04028736029403 59.371331615243044 38.108432293307736 13.102223247033548 48.52137702538779 84.38069987570586 61.22112020863547 85.6784072772387 45.50659359151145 74.27721915718527 70.34114695279531 51.03710527400419 13.922899158706878 20.748687715116308 9.977611154499176 98.05059984580419 18.83665263504316 57.19653028773269 44.31127808617411 40.89832179727311 40.45766589197214 38.03301125375322 64.35564242256477 56.95158302997745 135.16078081981024 106.61730064381698 83.65504146574314 71.84140988711472 76.52656685290697 122.44845691139328 90.12954179033176 61.524101619011105 44.48895291826916 52.0143235970538 115.26095042294956 80.19299311512249 45.92331786358977 17.86593488041987 32.5827816724192 114.64257540397328 79.31009304578465 44.37871129270222 13.455763322036269 30.411404287051514 120.6943780461072 87.75458095528285 58.023958317369214 39.55847158084019 47.90767458542727
20.713394273467816 42.961213523638065 34.72171433350212 19.34125088989051 68.42438002812628 70.5183157784154 60.14192046161564 72.87543510468844 27.548652168489753 52.06261706873427 0.0 60.55267924038212 40.60857291014833 23.60832103624385 32.21778977051197 15.960987060711146 65.10270804723383 38.72651653567071 41.21572077378981 64.24573057381929 11.802126174359108 70.00334264759542 31.61044870451046 41.33148481737002 32.41355841872207 26.680110349219703 32.79070406888545 28.88287679123543 27.28119747845072 59.5921150605411 34.92948543266722 44.94183126913528 38.009359070930586 44.36989731854057 40.1694807953516 60.758439692762636 39.67935077533377 32.03802740657798 61.555321311046306 53.16657974559842 41.955983285517384 41.605920385163586 25.07013028990102 38.31717617694337 21.400124083697023 53.8739521273476 18.161964608841274 44.20597602504052 33.503961038526725 15.091622664833366 19.73772960457272 40.42694305463418 9.487649127037033 16.834198863154658 46.154210069938344 66.572357280687 35.48168867744348 63.38397735290041 32.50061000851157 58.25422635300481 47.68181940520095 43.21273296273408 39.639666699018704 21.076122963337504 16.372064765589283 16.271982898180568 68.10459091999564 44.63418627027108 39.23984428156601 40.949714084517794 30.170453799882548 48.547155506053144 33.39760614276471 41.42541311223354 22.045702820640827 33.97511039710344 22.096337891441248 18.28412142082128 36.47631532837853 55.569493644343076 28.509435325977616 42.64950182825884 30.44898249963111 44.09685403692271 7.358225905060478 50.638876023481195 44.243124311556016 14.941427207057691 54.235394718437355 55.909659792014686 42.45021662114148 48.21613848906808 36.909029985678906 55.96774613950513 27.748601128415544 78.04941564141177 39.92426123666133 22.27430478607538 18.132147083313644 7.223744144204269 89.35002775848479 68.83665320306979 63.44817386901152 76.45250349307831 100.97736574035865 72.10033374823963 44.49438225132501 35.961472464192155 56.02580188072 86.69912903379044 63.25944895679306 28.183731073878043 10.913180454389476 44.45314739678474 79.78268681096525 66.28268587925879 34.38415420848154 22.435410867831134 48.54510529349356 82.11034540124429 79.83323655996381 56.0675495914865 49.45660800490332 65.42555719633091 92.99038925393133
60.1230225831918 45.341012030627205 37.82674134602979 42.6487489429169 83.57035696788273 85.5753298439741 75.66694444019456 85.22808201836665 71.25534375933701 82.84773397435667 60.55267924038212 0.0 50.70579804779063 68.51988089232752 47.59721518818676 76.00743008827492 75.49588287689748 21.962115233548005 47.94638532487094 29.003083649023303 69.65147752890482 79.38578547521719 51.58416780892624 24.087389827015055 85.61233417873181 45.718055863737405 92.94535553712052 52.41133043515561 41.27785391654665 74.29168909903993 27.41969808222053 29.57446575916414 22.602970550472506 37.89318984656924 29.704068033429426 11.535067845976794 42.57322576571375 34.334304072107 76.68261107967616 70.33366174904937 83.51381920170246 41.81225564624588 78.10263155268997 58.97540232046144 47.578637940641414 55.95244711562304 49.62686968877828 50.22679591314486 45.810829265033355 68.39752462661416 54.76149653709617 39.2830584503788 53.97202170493809 50.7524008668041 18.39601347646191 79.92636981419533 55.556275665493125 75.62531235788707 73.39517566727237 96.92105268422259 51.389428858058054 18.68073363161744 44.47599333488113 68.50455374856395 60.473462754393545 75.95287854806723 74.52011456071374 16.26615876119386 27.93203671238714 22.469669318768332 34.13059583843489 16.21694651444417 49.67945824502382 19.50038310886866 74.43433822994358 35.6528916261062 81.57203571870623 42.6789411605531 44.79714583529499 75.47007180310277 37.68476023562977 32.716572803012625 30.15879963140628 32.42635733596273 58.36206813386965 10.064038140336757 16.331791752710146 46.43394950960319 73.60340552660692 69.08335727729028 78.46205594256084 56.497966382312 80.56588390619886 114.42989321584308 41.488176493210126 76.64733976232213 42.45981216888962 50.689151822790606 46.032838133117316 54.81665087889476 68.59710315620117 33.069343104150946 3.7163475522799745 38.29166905205328 73.83023426975038 73.13424153185495 41.600211103935 25.391644446079376 45.72845302362954 77.90792635205753 87.04906159607795 62.75746364722872 53.212889600766836 65.24474119873226 90.63273771594008 106.73425823917721 87.84771524548928 81.08214753577579 89.23834718824001 109.01708559491362 129.58545274571588 114.30891654577991 108.9616051557258 114.93780298467374 130.6932663495293
57.167934643531716 6.0884026818951344 14.899290661814646 27.907894860807886 101.82673379038351 104.04294285803326 92.9638324822702 105.52919787217569 66.87854865893557 89.6655335504956 40.60857291014833 50.70579804779063 0.0 62.8648599882314 58.8971587705733 53.845409283919295 96.30370004876049 39.079142135087686 2.9065051688113686 71.53621396569041 52.17281997242257 101.23294960422226 60.93202359576553 48.6065044179872 45.2414516746302 52.66759478005572 67.88094705834789 59.25358408745616 49.33791539417337 92.02097380495015 42.64299789128961 21.271093548545245 38.204501228242435 13.434387053129985 52.66759478005573 58.40851238473555 8.163585162590218 21.096972897425683 94.35682251518737 85.8786638275855 81.74218260562036 8.994828457654483 65.66332557111213 70.06672091251136 49.136435046839956 79.68853962939511 47.77328467375647 69.80975217099866 8.629064471236095 35.37496727279896 53.252804554871446 11.42643630633557 43.0974765162875 47.49912599381097 49.051767511785314 99.12255823172723 66.18808731629419 95.18674599336583 71.50364541105665 98.08634410899818 7.108557642222799 44.39099072247136 6.263548531725495 60.77880313594137 53.90445348141879 54.75244172510507 97.89954820095673 37.80116567187511 23.86851882123834 46.04278517561924 44.83002329027296 50.04470283484745 61.191908327364814 41.28371978335697 37.21906988564616 17.805044548363878 60.04183326138951 30.820189329859172 60.57858901216641 89.66108746961122 46.98423673421257 18.001118204490464 35.83833766022121 18.43886638158348 45.270260158914716 45.01093868346453 40.62641916455837 38.880199336258045 87.97431510688963 87.26565916872245 80.89249512943489 8.629488674394397 76.87070800827645 92.3880591762921 50.04550962344906 105.27523036662588 61.883674032843594 52.53696731151531 25.313861624171206 33.95119894592739 49.14760739412643 37.71539389529408 54.420550577379416 83.86252725458975 116.77513602068004 32.921563136357136 10.16489415758208 40.68206056602665 75.75581994343624 111.15335210139146 36.79520934673693 19.257250436456243 43.81780019149092 77.46845285988641 112.31618947740859 56.79477449085505 47.16975361523608 61.290210974033165 88.43166471423706 120.0666221018586 81.84742294114369 75.27052540702475 84.64275981471351 105.8075376444163 133.25977146291558
8.397672009010803 64.19078185803194 53.974261677092414 36.869610424749595 46.73054342761338 48.68072198610881 39.22261298693045 51.467406928777244 4.019519909370225 28.6218192846484 23.60832103624385 68.51988089232752 62.8648599882314 0.0 24.101462581987498 22.020925884968054 45.01593881812632 47.614051309401205 62.988756094011855 61.55189775700891 15.958620238147617 49.614695072200526 20.766237948405777 44.954818761628154 50.665452376842254 23.214781570792713 32.99324607057539 18.45034564531352 27.33284084317136 38.99132778255421 41.22690633861471 62.16382642023223 47.29692884731319 63.913640366810334 40.66595065349108 64.63272017110039 60.388757577044636 49.4157566754766 40.566112705070864 32.86009358159626 18.898286014115065 62.1195493903211 11.44936022112472 21.565640567245964 21.003635875764946 39.34799854544747 19.47860034221702 32.116829788612044 54.960397844552595 37.009243139373744 13.800497242739494 60.33159679436019 20.03977150491573 18.7052389068424 50.74779509355616 45.48898363426785 20.999313875602258 42.982953584290016 8.892981136821552 35.22429782595224 69.75164677531521 49.84909062254616 60.77198977571601 2.9130272646619946 9.395124380535979 20.74232058082624 48.80851935383501 55.04276709591926 55.19569794500587 46.11903835907796 34.41050409885834 53.215022708391466 23.35991473068797 49.48311726264986 42.79382476769197 52.34247710020922 22.74157818922708 34.38238648963875 28.802425602253372 34.02349082915604 30.84071704298918 60.750546217533696 40.7548450365298 62.15977003653731 17.6378259987507 58.66485632536914 53.150570792330754 26.320349610924353 33.035041758782484 36.43821376028518 18.867970134895838 70.94071858109052 14.190159053418416 48.158874077491575 27.209688152283988 59.871031495150234 32.767905191147484 17.85476455943424 38.01715638752048 29.151622010109485 110.35406150084377 85.47237717962014 70.46380741077459 71.81143066578464 88.77346179394753 95.15866854762363 64.90083673229807 43.6032223621538 46.07102534118442 69.82845935111288 86.66498230398442 51.79115301931904 19.647780355225798 24.939013278058766 58.22440091791544 86.86223196744191 52.11745448526261 20.484566252415473 25.597119370023087 58.50653175923436 95.6966813038838 65.67977826135991 44.74355404553232 47.141403054169736 70.53234741770312
16.871889989331798 57.86998110273305 45.85248824237619 31.322563698485027 43.26368760173822 45.484182494058544 34.381411533814116 46.72775340890554 25.590746525703313 36.05243294408198 32.21778977051197 47.59721518818676 58.8971587705733 24.101462581987498 0.0 41.05317065226198 37.40742456135174 29.692932320847188 57.899463016125196 37.453764142902884 33.4696125261513 42.33675904213618 4.003726646183021 23.551737915867935 64.60881957994933 6.432138743682553 55.60737555892061 5.660193547484767 9.760196187762423 33.33721048731996 22.627182121366186 50.13640520566691 29.78532229346444 54.7916241866678 18.033542206989676 41.80922314687368 53.575283693250526 39.73051816263412 35.73734291509927 27.471095474724844 36.10002790850154 54.75413602551022 35.39686198538214 12.452353459672093 11.308957383555182 22.22735809207884 14.247334192041121 12.187573079822794 50.268498476887665 47.033134025855844 13.623512436288681 52.208623129593995 22.879192082662044 15.456475339130318 29.204159174006417 40.36202496335332 8.51194537822073 36.337231957008946 26.53248787178632 49.42487414727191 64.67056864024399 29.768537350976853 54.66765137995409 25.371722770781826 19.959869964424197 40.2262735654806 39.141542622486696 37.15346332450735 42.70680598163483 25.57437124674216 16.448234958565983 31.46999088744691 2.4717471493771064 30.534956294704187 54.15520080523107 43.308284662252944 44.27363916184107 28.459155735183085 4.859386286110091 31.840586381776625 12.98331109269473 50.01497623948791 25.975909612086323 51.19029503259715 25.322796410529563 38.52053947374034 34.3060705744874 21.66689316523513 30.0162641265068 28.42862583390391 30.8700434161884 67.52629981171432 33.65037624872244 72.25550983408849 9.08903828336813 47.53184658727669 8.852175930247801 10.011216076033172 34.8765615226222 32.59858821634945 100.78613837648653 70.76535839864228 48.88553011507232 48.00023964485084 68.92328926653528 91.5749926963101 57.03134567950705 25.522035669173448 24.13253056640487 55.18685142803053 90.5033570027375 55.31086960519808 21.44611240059728 19.818878643118857 53.45885274863023 97.8391117221966 66.54247267116675 42.60857052938852 41.6564595646791 64.70866782692013 111.9410709561457 85.78065990822621 68.6874118111276 67.89491991469016 83.86656330814785
24.978117661605474 57.11322026305491 50.09428817868123 35.29572149655579 68.4037905919332 70.27302018418686 61.166398810407735 73.2163894946217 24.64575314035639 48.769501576400536 15.960987060711146 76.00743008827492 53.845409283919295 22.020925884968054 41.05317065226198 0.0 67.02888993033172 54.059342696829816 54.954214265069425 76.70874568418628 7.589726322320646 71.59472782397351 38.997459287917266 55.41114289357168 29.333431794394407 37.113492359528074 16.95525165411207 36.188378678015994 39.29824352698596 60.97913864145739 49.551349729541 60.661207935965784 53.40448458376476 59.442371679620834 53.17789736926288 75.3127403620811 54.26939479880871 47.87260192739147 62.490489420103174 54.87966595986695 35.58728584408194 56.263310800793526 15.698851891171383 42.69077040141274 32.41268205078297 60.15212655593656 29.26484897504075 51.680565336820926 47.7716483915673 20.14755088204378 27.45535955216373 55.42111091498133 22.377095766761755 27.835729453066765 60.64244423778625 67.36687307073893 41.14190300283825 64.97853146720611 29.272520246231185 50.66283303157815 60.93237754070106 58.15400278903483 53.952712474760354 19.192890744039417 21.17207078588192 1.4226131961563322 70.82233021186423 60.31309180757839 55.155964316581084 55.46091196976213 43.95491558843076 63.10757687802801 41.36486480505574 56.64540526326089 23.61731198838323 49.606651500935165 6.325589695456553 34.19732036182716 45.849728437426855 55.86124368940967 41.517132403799515 58.21279330319244 45.85498361952887 59.65063738452431 18.083903235857566 66.00047198376707 59.67773221758599 29.640170866082656 54.96450943006463 58.439260893676476 38.819856013844685 60.54669564159978 30.586183717381655 40.109694647603945 39.57085875536055 81.8143413655747 49.74376738529395 31.52103628936505 33.800805401339815 22.91059285829736 102.99301622620989 84.49177237694076 78.75430344964133 88.3046065043215 109.2027895775139 83.26178037442595 59.14765093807169 50.9560863766893 65.01352515903325 91.59231275036387 69.60215939762708 37.81603414094186 23.4060790065627 46.88109301034125 79.87508672998268 65.9051526820468 30.55815015095262 7.50482635886468 41.36489797079607 76.79842209975739 73.68607805787393 44.82986839195 33.49603550674214 52.596957931407516 83.32516946624999
44.513700941261355 95.17693535053547 83.0862847205892 68.62883373423975 8.548038520994043 10.262668423799921 6.5308352298017756 9.859452824885803 42.61259526735869 24.624539078174074 65.10270804723383 75.49588287689748 96.30370004876049 45.01593881812632 37.40742456135174 67.02888993033172 0.0 63.918993091405824 95.29050999095128 51.677390676640904 60.711814345463125 4.9791461865507 35.61402592998243 54.96619433364119 95.38907055221087 43.67341428712414 75.47866557810327 37.69924969816898 47.04650400152967 6.208108173429773 57.38794148320565 86.23643009612714 64.32015447438512 91.67682805560206 48.81451300057414 65.7223958449535 90.86932769990358 76.84741100522903 5.702900544478777 12.176681567313485 38.320105522028285 91.96824766719195 53.75446059638584 27.09354332197359 47.6940133382839 19.57441644607061 49.79534414030048 27.459878205978413 87.67478041842953 80.03815350675728 45.794272274545 89.3425322603832 57.1795618925107 50.53721307269184 59.03211569418773 4.819793459628247 30.58618371738307 2.3361578778231054 38.596406389669184 38.22675802882896 102.03754879343276 61.7593420604261 92.01646376513568 47.878189862494985 48.95339144879582 65.73094769040328 4.819793459628247 70.47829791751418 78.94606910504065 57.77561098249925 52.66182116269495 60.40460872134484 35.12364651098872 63.70084140917488 86.57958436497302 80.45327284992825 67.01187629049457 65.7361952382199 36.24053661098853 12.156698127044981 49.79018443752242 86.58069988032022 62.41844593004582 87.64325046266529 57.769300585788486 69.00184949775887 67.03480938178542 58.35703095373217 12.419256761091626 9.267637462536378 31.43613306417368 104.93303661418686 40.98908489471828 81.67280176818781 46.347496416976234 16.3369162044578 36.11027957253106 44.81662344067778 71.9744824856964 67.80656576972989 136.74522502187585 104.4602357832705 75.21159414999329 54.164431807716426 52.37314384976299 128.95472494209 94.13576661179947 60.21598094250886 30.374109061419453 27.411840089556105 126.96551913185465 91.41810241590912 55.9151715969324 20.68704775004054 16.174425462199924 131.04217426768525 96.94921525797189 64.4859571541591 38.07776819580271 35.6873033692502 140.6580476698054 109.4857329750148 81.98598665230621 63.15390110638218 61.5407619377579
