0.0 10.855257645552406 92.98766054881517 100.8043948247132 34.678491551730936 70.3635069555355 22.957574087759735 27.68850386901352 72.34267184009495 60.64469267835273 61.13443152955377 61.80738492766764 45.69066471150005 18.84996290933598 57.69879266610676 62.879875994312926 30.29163248068484 53.89382594086378 48.98189246709198 79.87428439327051 81.66941835922523 107.96096853789996 59.43154777999207 36.63741122871084 53.55869925422243 103.99001743355305 75.87081505309071 84.43576438631355 48.508262847863186 58.33393647805396 15.591997028413617 39.02191074215849 63.69718057201875 21.094206262237044 89.48604071065576 98.01230303987076 81.9410048621071 21.946489164470222 57.97657053953497 38.92263499979014 37.64878072227004 101.56791824700854 86.04451718841317 80.12383879376509 61.394810501507344 91.9464990830504 96.09453066464926 30.998593629471017 29.13017083521704 110.95604654289119 6.187186616120678 20.231489647022606 81.95919952697227 51.89430872317963 81.32095153410253 82.88148371117377 35.62378987614165 16.648048821825935 95.4678698003221 42.05646259261032 62.21365944370058 69.88130498102768 72.96019602967878 23.11587982686907 55.33597640639244 109.09708809129518 11.007373775829036 54.58596259850392 88.71878894892293 65.91602355266795 54.35724572380513 98.67929154310843 65.14204535237864 49.09253397235173 61.27275523024035 100.40994814844905 43.109622529900236 85.09345103904583 101.73883613019343 64.14651283502015 16.370900772267305 41.57548504580461 56.80107310780754 24.193158226649555 85.08795676669563 82.10647741055215 58.49592900656759 37.55311767685905 97.18847688555357 41.112805238107356 67.78401740594747 84.59958345477278 53.84262178363477 63.76263041638318 40.10036549279598 100.02166582026709 96.82223744709245 33.105719958553976 8.955758797505313 101.8030306588351 44.057728995990836 21.23705003657978 38.641208182354816 71.18620309299799 105.7071895234665 39.328154348745635 7.768192587569985 33.25952330535718 68.44163168520937 103.89671788725428 52.450006645779986 35.40209379531279 47.83093652526724 76.51453409813642 109.33130641447828 74.52458591483449 63.48098143270671 70.97805020844388 92.61781539285975 121.03868534896768 99.77613737797512 91.59567569702175 96.72794301409945 113.37927080575538 137.42437944742372
10.855257645552406 0.0 82.26586740836404 89.9758805277857 25.067054925139033 59.65477427922532 20.91438725504268 16.858404437406225 61.499176620873335 49.91537346749167 51.56838404183578 51.05392154765425 35.41531485936764 10.726794620946029 47.019717954807476 52.02466990405539 23.359584458830554 43.91105262327416 38.82380268219532 69.06242001499808 71.1555340763475 97.37974844736988 48.57964319463348 27.07862068952092 43.71551267221084 93.42314528547227 65.39642911701938 73.59798541052268 37.67270618400039 47.684862443815 5.853317941300932 28.22270824844733 55.15745078625883 28.09297173917116 78.74805543327939 87.17758502663531 71.49414532424979 14.531523171843904 47.61633487453406 29.170342319458594 27.385570335867435 91.01353705415907 75.4704631550729 69.61588098169457 52.58162893187903 81.19169683149407 86.09190931418372 21.348471422450267 37.12358184295058 100.73740959414191 12.819111008207937 9.584428034375481 71.2104478701036 41.73023596040054 70.50432101236748 72.43020911848961 29.065759234183712 6.401759382708446 85.16680766060372 31.236691586192094 52.937710961976805 59.20601796371499 62.343918198305374 15.792225267996526 44.59897145369783 100.50082487142393 1.4487392250898465 44.806432347168474 79.62885999298584 55.06514718113313 43.707236215021645 88.1162944510177 54.61394823950537 38.25124479266263 51.027803003471725 89.95640140718668 32.256481199987086 74.27210058393186 91.19346877682995 53.666492530003545 11.262924391267312 30.724112507123394 48.33891724592601 13.747643951868964 74.3386895345785 71.72179220971589 48.352938157502805 28.816803368037604 86.38199518285346 30.29109672546074 57.030103469481894 73.81117321388982 43.125258756544895 52.93280973315401 29.90370996791918 89.47085701112518 86.65935549702667 23.48154362657246 6.225859050166795 91.1009796780857 54.902945156733445 29.387669420387386 35.28644404226184 64.4889714942402 98.00366343790814 47.93911803912217 12.41789061291559 23.290770108739864 58.8466390996138 94.42248085312991 56.36234624373955 32.00760659439333 37.47602759065857 65.70092363319182 98.79758623680623 75.16614162611022 58.94433298593249 61.89557429941508 81.97458158971115 110.18504488385942 98.57851485813437 86.62509820154077 88.44292150702852 103.30755911342133 126.70758402704705
92.98766054881517 82.26586740836404 0.0 11.087551493928983 66.01999114110752 22.626207902882797 89.36762210120688 66.08569359389168 25.876029684804475 32.350587714078856 54.54925693004766 31.229344024416555 48.16806696833404 78.85049845135292 35.30619737441176 32.22477119846314 77.24897620168753 52.93401999013183 45.49747216080584 14.239603708258018 13.610683595056255 16.37166917271325 34.81925162988853 65.09128050966291 54.41668420363142 13.039180434134453 37.05107346833995 11.971616990315326 46.46961391115129 42.00850166506076 78.95249918237637 55.76775357276145 64.06612235568473 107.29142318939257 3.6098872160265034 9.913352708605064 36.73615389222359 78.65011340230991 46.57256334710729 55.97280539388754 55.8990247735218 11.293858846896688 9.101963387417918 14.958431233697073 61.741493070514046 25.410394460008792 21.809598485854917 63.31152445580954 116.57049624271245 25.595490396426975 94.46392043809558 72.75849189647202 26.600478014207134 42.80009910580655 22.82789957834458 36.55911511702633 77.57266440077392 76.37081903487534 14.789171474353044 52.705137651520424 57.293003547910715 23.163145971372902 20.39060657401379 78.39179609143582 37.66714950036253 77.66141094628746 82.46325526074166 54.57319112934916 61.714053441106834 28.694784297534316 38.6774470217162 8.938544577743812 40.07738134879811 45.77282642659839 46.46961391115126 12.987838527570167 50.95333739387727 10.261389915130712 37.21571745956401 41.46758023506511 83.82630835314666 52.49201316745185 65.05033328982584 68.850159823313 8.041522488284626 15.601561430996256 49.04040584851267 68.3879412009049 6.944473356744902 53.54540733764439 33.1937498814883 9.246985775022527 44.17108832726421 29.951721511684497 59.434924219041086 10.206672585716502 18.522098672556588 61.47005152115156 86.70502652585722 8.885671445532852 136.8973091474898 105.58839631430345 78.0326158009741 59.67756976234151 59.71498178764233 127.60451195356802 93.3495863103885 60.64298800511227 34.25188551612485 34.65550845726911 124.04438167410704 88.46862528856202 52.90177359588547 17.398522705768613 18.412780580574896 126.70128531668243 92.12283805794947 58.75556517070006 30.82228319901494 31.305069899285836 135.20907803902136 103.4111525979921 75.08921976420639 55.81279527602024 55.891842502028226
100.8043948247132 89.9758805277857 11.087551493928983 0.0 71.65115071389823 31.271019659069495 95.10536824353841 73.38733012783493 29.950202954053864 40.55101181574634 56.31709632687812 39.26620439801225 57.1146564117283 85.56132816806537 43.726849511114274 38.32160708180067 82.53047864815149 56.41325553864945 54.764094405208525 20.98451072885885 24.45411836425219 16.941445741158375 41.51181965793922 70.47990395969057 57.78028910690937 15.912291283740936 36.91321820982891 16.41483306749237 52.957834467140884 46.347178098451685 86.210272092273 62.519254805468975 64.88739940586424 113.79529796342193 13.204478239420702 2.9115025514158384 34.777492034425585 84.94109017910023 50.03922388059835 65.07159659368578 64.52121123155756 15.870467393868967 20.126414910235493 25.685709673856948 63.03948979589931 20.662549967300635 30.7616511921421 72.06407384614158 122.96648498690728 29.33081113664221 101.7762754600551 80.63111493358 25.971772157781643 52.22188275926456 23.481289614599586 34.32789487033574 82.14195704867076 84.34226652792638 23.719356597261214 59.410562549811175 58.658267077676214 32.07078784954159 29.919579060354874 84.54563212526142 45.73632243770274 71.62878283249026 90.03865887183959 57.69979845555154 58.093466485375025 35.043089441044316 47.130277514266396 15.412525558814858 42.71904731027519 52.29856199854862 49.09589833303475 19.250519368016118 57.95600429184231 15.726398396126779 29.563841925047257 44.14036560054434 90.44103803453395 59.510329848099644 67.00493805548895 76.92032615165142 16.807677335748682 26.66117304063541 51.984924842173356 73.25937888358783 4.2762290138111565 60.308959902279504 36.61471976594805 16.567933132833907 49.412313705226495 37.04311624861816 64.97830251428702 15.862735456622419 27.13247405950836 70.34072314188363 93.99197419719806 9.440961751765052 144.85698866846272 114.567701951597 88.31809550474706 70.75683825895749 68.8846197168007 133.90825015410266 100.51089036982725 69.32269844526124 45.17755827244361 42.527224680463874 128.21770446497445 92.87022417488494 57.81163481052568 24.324873729459114 19.324120312374575 128.48623631611923 93.23712288168265 58.39362670728832 25.664695463850478 20.970072556999526 134.67819084102018 101.5247891802087 70.77092769368284 47.34912096099084 44.80544572445278
34.678491551730936 25.067054925139033 66.01999114110752 71.65115071389823 0.0 44.81667898491258 23.4597922559231 12.896529429344705 41.75315314368831 35.763209194449054 26.532980728706626 36.36297875474111 29.167554260475963 16.03617872426029 34.01306768321798 33.804823953512596 11.398337266316336 19.30337855384185 32.49596081487832 51.85419927291202 57.66992033085978 82.19917907411038 31.353877229972948 2.016947190140297 18.8903229673432 78.49095760387358 41.98507534146402 55.48372329036453 19.926467032199536 25.781162571340904 19.36006977681365 12.44117122776868 30.588231556134645 42.56450477299564 62.412919676398744 68.74544818663941 47.91625903622453 14.02254078169723 24.02439035615108 28.714870121574425 24.476638603877493 76.27264964583838 61.17554956830815 56.27987765433666 27.779018938741473 59.34933389594709 75.52383453227297 25.577749226969715 51.54171454851501 88.25676608759662 33.11123212836919 20.187767841788816 49.47324313423898 34.65417630697692 49.72711413869088 48.86178760873274 13.635881203496382 23.061796831560702 72.68421229677574 14.716635710732984 27.881454466137203 44.85157015065484 48.433425357175736 13.325606247685656 31.101691980637437 75.64712456594242 24.26003332012173 19.907520999762642 54.58901570077746 37.325467653749456 31.652235948274715 73.39422444785528 31.635594809342475 20.63743118101958 26.977868409642184 76.11999393030992 17.11359085275209 56.60902989456955 67.8879845017084 30.464278019057033 20.09719943285123 15.970695667672299 23.996971046841175 20.3261189605354 58.02360784116619 59.305078408249436 24.05595810920952 5.783616449333785 68.65555343913523 14.21187141664592 35.751499678386935 56.869066782706824 22.242306621322143 36.325229272765824 6.673767764017619 74.81432252233621 75.06018502849729 26.53298072870671 25.97700295095872 74.82064725827311 76.75667256904852 54.45355683489616 50.70457194041155 68.6212654731393 96.84504752094996 62.37068079926375 31.34575608609862 24.641686127229253 52.5744294800183 86.33151362208385 58.98098790314518 23.980948282419966 14.269720305735026 48.62482951408544 84.00793571749176 68.24643129142709 41.74687226505503 36.88106914622658 59.243659040203184 90.50743046122356 86.17708797551231 66.97489489290088 63.85069988055433 78.74208836596254 104.19141211824439
70.3635069555355 59.65477427922532 22.626207902882797 31.271019659069495 44.81667898491258 0.0 67.76020451151088 43.61544968702875 13.97858911480527 9.756523915836754 39.84126610483942 8.737449663105133 25.8522157153233 56.61551951752995 12.685276999340598 12.685276999340635 56.20718132800603 35.34183570158687 23.533357559078404 10.796884258175444 12.93812083132438 37.98766626771985 13.742447218458317 44.17188087444103 36.89623190170006 34.11712156360383 29.375679356110815 15.98285639801267 24.895730932753494 24.109488169241153 56.45738669235634 33.715918373479205 50.24334661639153 85.06366216485948 19.152022529315484 28.71347060667622 32.86451753622223 56.69361837475638 29.661642494436244 33.800636550760274 33.38834973142044 31.78927545910522 16.407002534322206 11.648485104923852 47.23544455353911 31.09593817868868 31.674065676864117 40.87910795499215 94.37778193089362 43.460029688482436 71.92319348846364 50.13620188719597 24.28738381337953 21.089972678898814 20.52192510288131 33.28846321389291 57.32015519902505 53.74461331873795 27.9886269534375 30.744984049870656 43.053428570510285 1.2431284679577284 4.0152979373442115 56.541189144804775 15.073322320407629 76.86587147925086 59.87378003456988 37.4416746737112 56.879027889582865 9.621931930937436 16.069623641392816 28.880171697393042 25.857016686649644 24.184424334674624 31.14280460731526 31.352514058327277 28.785578283465075 15.902890202381881 44.65788379807673 26.895262793497626 61.62235963523538 30.289211943747667 49.152125236571926 46.225249874564284 14.811081006630461 15.066927837248096 32.78341599455287 47.98898844471293 27.30957444062687 31.5207924248619 19.222155572463162 14.703088660496016 24.454754975879002 8.89121721338472 38.49178198381819 30.282530019748133 30.64102999281235 39.11070586409203 64.18366673307224 31.44627077079486 114.27666930488014 83.33386612230662 57.98338116860963 48.08092028725141 61.59253570977908 105.43797190088786 70.85801560507294 38.167437179641475 20.6119037207741 43.87653493581837 103.66347769393067 68.21516466033886 33.05617498389946 8.020140424347312 39.59980471200061 109.29789701064375 76.43235656548836 47.644156351528444 35.074375329113536 52.1789578398216 121.31297873859553 92.66380072353147 70.6289653671985 62.62947521933715 73.40695619361618
22.957574087759735 20.91438725504268 89.36762210120688 95.10536824353841 23.4597922559231 67.76020451151088 0.0 26.530680186505517 65.18817235663488 58.35756720715599 45.87778124036227 59.12189309732396 48.148785180574215 13.644244705786775 56.19673316053441 57.19919050812104 13.018312334959207 40.881996136318755 51.75530582843205 75.24986595582718 80.43860052624106 105.4596718157381 54.58276663961844 24.664358516085027 39.97669332702134 101.69987656889317 64.07073880908622 78.94024512911247 42.974404622399426 49.04295428949957 17.664059206808002 34.14853110691723 45.40784074232749 20.145645934795027 85.75787313304905 92.19851355268777 69.7024064244722 11.658355114472952 46.55080583964457 44.38404998306247 41.0990897694442 99.4401240370223 84.16720389574229 78.99476703382055 43.88207308564081 82.14985998212595 97.61106319886649 37.80242536976139 28.548949047605433 110.99185693055814 17.74093459465767 25.809675574414367 72.42618981851575 54.40740965087953 72.96717464625969 70.63694141806958 16.06525740230305 25.153857226537177 95.32327751733898 37.03618282828999 45.940456907664405 67.6788584789523 71.1997064019912 11.450898205899797 53.347994855899955 89.83973249642679 19.473603321566248 40.64649530006807 70.92423031232212 60.695896928068635 53.4071971469305 96.54539975563078 54.316257254573365 43.68083525867677 48.92333490052846 99.11003945880925 39.126930549947076 80.05054547352627 89.60508028284585 53.03625878498894 9.949487886609237 37.69924969816898 38.71845078939641 29.432229487561447 81.34744305000878 81.8002587790464 45.83114622454757 22.62444337047872 92.11238687910571 36.29850864348867 59.01268267226638 80.25833142409057 45.69306306361565 59.51748952002278 30.129209088871793 97.96027569782656 97.46702383111418 39.69983954034354 15.89363987438966 98.19744977333664 56.753235230672246 43.80978886828847 56.12340530923394 83.14172705161697 114.92357486637741 39.12799616571888 15.66122221784359 38.62322641011398 72.59779125285095 107.61659217130132 37.95990451596518 12.493024894039463 37.462044598105074 71.99265027919996 107.21327528408585 54.32124439512419 40.64121087110853 53.710289002205144 81.54789367671518 113.78707956100047 77.84885730472799 68.79016085614735 77.0444061973643 98.34483956748379 126.2524734678165
27.68850386901352 16.858404437406225 66.08569359389168 73.38733012783493 12.896529429344705 43.61544968702875 26.530680186505517 0.0 44.65649553160291 33.87316681153916 37.14707579372617 34.898881942347636 21.668150356660597 13.529493901154938 31.22041169968718 35.25390746801453 19.425782968717147 28.775606141429755 25.27914061076132 52.577148041685874 55.67322617121653 81.57905387305473 31.89070278112855 14.620745412987192 28.91910281016251 77.67504824626157 48.98586096708377 56.97843534151883 20.81975898874403 31.041991663181808 12.870605832217056 11.38613621459773 42.79208495730249 41.646267455589914 62.522844170445985 70.56145047503064 55.10826980858605 14.893786373756104 31.547675223476194 18.260365731790763 14.647516837420989 75.30897838571128 59.77973450443204 54.163269381276386 39.748141688323884 64.36861744003517 71.8527554225104 13.23667662731265 50.980454762426184 85.86420537954538 28.41998917310768 8.671642851112834 54.3960843677361 27.99434708699378 53.64604038947627 56.03419676338566 24.089277419708992 12.327868033992681 70.17657432044231 14.379079468396634 39.1006885631839 43.29170189469985 46.60839007824393 15.314101795806959 28.583716589957195 87.12938296512728 16.737711045582973 30.121366008486262 65.61094895689128 38.376431603739434 28.085287111984204 72.39849845351897 38.156113642957266 21.406233820890186 35.15780266366174 74.53330760450068 15.471272240287224 57.73434926541918 74.6186508057946 37.302500601383684 18.493971550046467 13.924507945068294 36.47471155591349 7.544362132020832 58.08649198716442 56.610760036993035 32.743766941681926 18.513241583292185 69.89132394995278 13.433051115987189 40.2174589114067 57.41376060073266 26.381507815492487 36.39867226822709 14.884235085615629 73.78220873231488 72.01439668029651 14.597622484100576 20.641096922324824 74.9622976402569 71.6593018069521 44.905674619075384 37.81754732063496 58.10333340423224 88.62285830679036 62.04634799109019 27.263902999495745 13.003884117409676 46.120397712504634 81.34673107014271 64.44677863782519 32.31250921075343 21.610472053563033 49.215140246528215 83.12310649072668 77.75572190268846 54.02625355686843 48.20668439058575 65.27708118863993 93.43700978856488 97.60807983890079 79.79616187941943 75.76022045969695 87.42933095255582 109.91022777070059
72.34267184009495 61.499176620873335 25.876029684804475 29.950202954053864 41.75315314368831 13.97858911480527 65.18817235663488 44.65649553160291 0.0 16.745140068290876 29.041116102988006 15.362488276216457 32.68205091558334 56.10599714018628 19.754719534189977 9.84201465334246 52.58029223442231 27.09454443123203 31.698656677300033 12.183937939366928 23.20081054221523 42.1900567537827 13.60428667168676 40.54225010756109 28.561825101947267 38.90633752871427 15.442152457533977 14.226131961573223 23.842021309181217 16.46673778724925 57.23709267857766 33.40075995539434 39.00529546368313 84.09559729519445 22.474266204025714 27.03915409857813 19.016943830444358 55.23273085528026 20.71270445498864 40.423526383059986 38.56277216225815 37.030061270127995 24.38021330434795 22.554157914237255 36.393177528421646 20.79177212077449 42.05786846120023 46.03460148411441 93.20022003107091 50.778546675098504 72.7191562964587 52.548610275097644 11.74918014762519 30.12152051717249 9.38506889293424 19.510822720910067 52.30233398168756 56.341790440342905 36.74897774504429 30.322144553042754 31.9799444717907 15.147453508747697 17.18944317054769 54.775675652518764 20.300990915020346 62.9106486704417 61.38663049771071 28.698188374523877 42.965176390170186 7.995236222427869 22.54876963195872 34.38793444736707 14.406091629196062 23.25040104171677 20.693483683128022 37.95081337341909 29.26864873910161 15.697967289069753 33.33921845518004 15.748704051106625 60.88894438893148 30.786582853215357 39.34516927775102 49.25652339266215 18.640000412446398 26.323573322959064 23.177587273197986 43.33452195097117 27.20689779183676 31.258563298901475 7.354526312295044 16.779009058350823 19.5182592885649 11.167602109359416 35.08046791718911 35.77217175640536 40.096273122338076 44.70502733406791 64.97123474456372 34.16518999787171 116.28718199306373 88.0260186977224 67.13110002913129 61.61755081483341 74.95994864063958 104.09229141352421 71.31914529112538 43.241457125200384 34.42984926219355 55.074433296531474 98.59380507871411 63.10676252085807 27.86393543899516 10.126434060178175 44.2820593666169 100.89287276947314 66.60909713147927 35.019607701237994 23.413139145069927 49.012022035119216 110.5037520615097 80.3076561888944 56.742576413277405 50.222308068107644 66.00757829157936
60.64469267835273 49.91537346749167 32.350587714078856 40.55101181574634 35.763209194449054 9.756523915836754 58.35756720715599 33.87316681153916 16.745140068290876 0.0 35.22108378280222 1.4348728743749442 16.89164938314838 46.94804348889991 3.281775757254866 8.983593458555482 47.15102675459208 29.09791780927387 15.258676017010494 19.60766731525005 22.085483869824618 47.7082091361119 7.050070306650315 35.30657634512298 30.60494509303895 43.81427485849363 30.05713282560772 24.55996656600352 15.957199381245246 18.76993897802882 46.70628080643423 24.216726325445585 45.57675004441101 75.37892623239756 28.841354874884722 37.87538653430642 34.89946675651041 47.15102675459208 24.40635031707559 24.890023649430837 23.986043531673005 41.46224779718906 25.973332389194045 20.63724822145519 42.31119051871193 37.04485596992186 39.822575645164804 31.551364904160007 84.70085654507724 52.64032354107272 62.166706475100426 40.413451899456874 28.484417197291183 13.428452974972348 25.65828407904554 35.54032154092777 48.70254610521685 44.04484061895016 36.993138689521764 21.33919794236055 38.51462560362129 9.433590553812671 12.86382002612497 47.05083220123016 5.318962091307998 77.62702409952574 50.12258236828948 31.386772681097558 56.53700482633766 8.837491863813751 6.621519146687948 38.55100592847009 23.141189846921602 15.260215404841116 26.88088932876053 40.84642420117478 19.2458840650955 24.88201212208252 50.004243391319676 23.749158195666215 51.96201571548861 20.712901357875815 43.31583866084571 36.54366016214666 24.449287093259642 23.546964842730578 27.695124763839992 39.39892240061442 36.73551006032395 22.059360551598687 18.300536094004606 24.082252580789046 17.3831477517437 5.652631138701292 29.702128952703852 39.94297482624292 39.29821247348645 29.892710647812542 54.42841285316184 41.190819872533304 104.59863508692557 74.07472678929665 50.65002249372737 46.64711515601474 65.71644292230712 95.76567385477288 61.105994947587156 28.792807689786617 21.36150175938609 51.144956416279506 94.74264649868314 59.50533645203194 25.2548974482447 16.33840268186701 49.277639325543355 101.76541580111684 70.05643071230317 44.6294511757125 40.09804407120385 61.2870227905954 115.37364659902667 88.51508367658819 69.9348456513967 66.9250784549904 81.23527871808695
61.13443152955377 51.56838404183578 54.54925693004766 56.31709632687812 26.532980728706626 39.84126610483942 45.87778124036227 37.14707579372617 29.041116102988006 35.22108378280222 0.0 34.751191242345136 41.04951876231649 42.32834390428688 35.90393169931629 27.464340189236648 33.13194079854601 8.778094548517993 42.74209349963611 41.2245037292646 51.58463866220383 70.58864874981444 28.181830606476208 24.539255632764302 8.275847927160978 67.55685548035613 20.160499719912334 42.59560320779812 24.84332512675108 16.451162691435975 45.89236913257566 28.256510368099413 10.435095354520625 66.02335968929363 51.30589158633417 53.525634578822846 24.839582767475523 39.67564139838337 10.858354465432823 45.466916239080504 41.51492698166401 65.82275640915039 53.31385407565749 50.67542910805235 7.4269783735558335 39.01852267354026 70.7025851779251 46.46063936538287 74.18285849494802 79.77614824949093 59.07548264176319 45.621236225689266 30.592556493964196 43.23255476643247 32.868624005504905 25.718404317709496 30.13842958223455 48.950126511799006 65.71763123530194 26.99355623171396 3.2935467951417894 40.59708616411476 43.810761872263036 38.68589109421311 33.82440246872957 50.095472004975775 50.79014215746851 7.04356410860687 28.46472047039973 30.22164131433303 35.976743007262826 63.27368646329082 14.64165493814991 25.05407163076619 8.70103666035512 66.94031985110483 28.42502425735409 44.291372888800275 44.20525985354168 13.340218395995741 45.78928164749676 28.912764080538956 10.68805947641912 44.45132600792973 47.65159901567141 54.39773766324502 7.58173922189264 24.018986813954 54.57279340143506 27.59475146287837 21.755676507115176 45.69670712117141 18.941806957901402 31.663264213889285 22.27635699970736 64.63336461765722 68.97578929818224 46.39820548209427 52.316243039725016 62.30269479305181 102.05254797369777 80.93341999429255 72.23445815122544 80.10941247215767 100.74384118838051 84.27130533519849 57.169628629855524 44.353693260791964 56.55354903110261 83.43577076771302 73.30181052404063 39.44813901637064 16.473048122677653 38.971429970753405 72.79003221819386 72.31409274420346 37.59898215561684 11.412591294087457 37.13514982027224 71.83313856076407 81.67116258682657 53.30063690463256 39.29269558605449 52.71672310217038 80.90963353449762
61.80738492766764 51.05392154765425 31.229344024416555 39.26620439801225 36.36297875474111 8.737449663105133 59.12189309732396 34.898881942347636 15.362488276216457 1.4348728743749442 34.751191242345136 0.0 18.294981608347545 47.8790243763189 4.698891642910744 8.002023271976375 47.76056108531938 28.909532767133904 16.69334130765221 18.29876007779888 21.33919794235913 46.72450096405632 6.620960837196246 35.83429361185405 30.43311126760469 42.853715736129516 28.892362452025903 23.21015047515579 16.46694408879678 18.322187343116145 47.752286237265196 25.020991564345294 45.144738445816515 76.32632333386121 27.69676240107156 36.572456615922135 33.64280796438724 47.99052114383885 23.993978095244444 26.28774275236034 25.309736041729376 40.521182644220204 25.08854618825903 19.926273754983708 41.91559830952539 35.614536477491896 39.37828435014244 32.88417342537964 85.64097999027186 51.92906602106852 63.24249362257408 41.57730586446063 27.09168972081853 14.850512696499269 24.233805027360905 34.26987261840045 49.15919524392978 45.22958468606057 36.32427647113456 22.085893593518986 38.04226222655497 8.558333033276805 12.092212167336607 47.85925070273065 6.488458199836484 76.53711853220646 51.23588794171457 31.168981869260364 55.53838993267368 7.509243181072872 7.9918884034209166 37.61115723880335 22.30948788104109 15.760441021829177 26.310333396585207 40.00628210911097 20.07273061416292 23.573742319608876 48.59298680720804 22.98314603080096 52.8868474940417 21.566679022264168 43.090572710316934 37.745783569909 23.284884676268728 22.972667255875525 27.272875158431834 39.837297663721245 35.48547744488298 22.838894478247195 17.20130426812602 22.84177093422434 17.306493869347804 4.3611198190828935 30.19408369707793 39.01081593606972 38.72920808699931 31.247236153672063 55.49142238319891 40.089419344169166 105.78992915442358 75.40546304912148 52.08286859061056 47.6595545585939 66.04852517760024 96.70171474875309 62.15343067379456 30.117771410573244 21.984432360409723 50.909274979729915 95.31810688395296 59.99894971843837 25.42470691341901 15.005557735205283 48.33349864490503 101.95334120831795 69.97480911938155 43.93912597467751 38.691115578912424 59.962828580558124 115.23009239663355 88.04984353877677 68.99057909333303 65.56484855154015 79.81179758316458
45.69066471150005 35.41531485936764 48.16806696833404 57.1146564117283 29.167554260475963 25.8522157153233 48.148785180574215 21.668150356660597 32.68205091558334 16.89164938314838 41.04951876231649 18.294981608347545 0.0 35.130176772998105 13.611710069418926 23.15250046745829 39.401477030731485 32.71900084734657 3.610992377226055 36.33880770905964 36.125408734519254 62.48628797728972 19.456420535077598 29.693018181622595 33.82478159136462 58.492052133108444 43.30494785901575 41.38283467690916 16.20788442043828 26.89011093064817 33.43730621698185 17.05763264794619 50.19508920535821 62.6235402278074 44.82647500831711 54.520782483006506 48.94433765782564 36.49057007771072 31.05105030329811 8.004890925487354 8.04641150928241 56.04931391763947 40.62108042406401 34.574093317908776 46.74820800696185 53.426602199241984 50.74634556966052 15.169077207071014 71.91124014800744 65.3265117350681 48.157344340622174 25.8821181921645 44.281387123823464 6.401759382708446 41.9772686300675 49.72313023136475 42.74752974270837 29.13597476456201 49.786910039222754 15.996164271328487 44.07950309664645 25.120486735045816 27.79835728071955 36.79202631107077 12.39770307409426 88.87238330155036 35.9185207737179 34.98711887851933 67.05669019630923 24.779518572571792 10.339182419238197 53.185190187203595 33.811463318979165 16.033800846035838 34.66260180508626 54.75614084532124 13.714308563588487 41.58742521413179 65.90253441805054 33.75808280374853 40.011240490650344 14.096371735808555 45.7839995529234 21.668150356660597 40.591644467662825 36.42319017976546 33.915106196377906 34.43234595514026 53.15905615576318 15.978050862655003 31.761389567089495 40.54949417520823 22.690407476165937 21.765409485811674 25.424465485081367 54.49924174425409 51.24506678529687 13.302180236514683 40.719469902659334 56.792231163412524 89.10551767757055 57.49102829601922 34.68187257130862 40.40587992610931 67.7836770697203 82.91587784923362 47.43947632375925 12.576787367007993 24.45522028783373 59.750736986461 85.9657007786702 52.542440171377756 25.758773349314477 33.14394162573617 63.763056742933685 97.39066080830995 69.53992832534402 52.14230453189967 55.98210147008698 77.98287581645263 114.71460822756303 92.0633842727844 79.523423299326 81.88019132842851 98.06548505711106
18.84996290933598 10.726794620946029 78.85049845135292 85.56132816806537 16.03617872426029 56.61551951752995 13.644244705786775 13.529493901154938 56.10599714018628 46.94804348889991 42.32834390428688 47.8790243763189 35.130176772998105 0.0 44.4608414396266 47.24092856504853 12.640990181968371 35.33955450321914 38.73743749839858 65.04231180644837 68.92631767625859 94.59505104718268 44.17878191276139 17.9342796260339 34.90031334795398 90.7325945708901 57.8521509509568 69.17270032746468 32.61063365676139 40.951011596858415 5.243609095568911 23.110927648934723 44.99586837247352 28.45472934965615 75.25767613437846 82.69015465064425 63.840205934071214 3.8525251941749104 39.8647201855532 30.84866785781135 27.751169523299133 88.39757931400258 72.92083045614724 67.43344447394699 42.601308708115646 74.74686228238699 85.35907039224514 24.158248346163568 37.76254372019429 99.25500129649097 17.1281234976071 12.354201072982617 64.78554391800625 41.488942765034075 64.63433670980427 64.78528312722949 18.357338138389473 12.48394247799058 83.55893127934975 26.203700773174592 43.3642339114278 56.379492490255025 59.78041855876168 5.098251236675881 41.73023596040055 90.41234714997289 9.492411425227504 35.88439432603384 69.88670232962141 50.574397594621466 41.427211867654094 85.48690693509567 47.3166262292926 33.27832640964271 42.95692361392847 87.76186656659819 27.900317914225912 70.0812511391028 83.77756366749824 46.216713167505795 5.019021318384931 26.36780225306042 38.11886183272247 15.801673381835725 70.81417408869326 69.9877099682067 40.071845204199136 18.731225852888276 82.25568847500482 25.33469572443733 50.76218628266788 69.97439896356701 36.83099997626739 48.93075596619966 21.982946937084453 86.88350524407498 85.46837283310607 26.060944642027106 9.988528254342732 87.73538634905891 60.90572039005968 39.39876876526296 43.89989981586471 69.52928481580818 101.35888569263287 48.82275620391304 15.456436601967523 25.02699706517224 59.548375060519746 94.85713786070069 51.502823446747584 22.477745929255228 29.83556638074688 61.70313363645702 96.21120568699789 67.20215384072675 48.490110007804 52.14036359416443 74.95405073880856 105.11787377292066 89.29906037830762 76.00606482079047 78.1768256019814 94.75444421791177 119.90532848784267
57.69879266610676 47.019717954807476 35.30619737441176 43.726849511114274 34.01306768321798 12.685276999340598 56.19673316053441 31.22041169968718 19.754719534189977 3.281775757254866 35.90393169931629 4.698891642910744 13.611710069418926 44.4608414396266 0.0 11.223017415090165 45.340458235196266 29.176064033191278 12.03766610588547 22.822694502119656 24.470167658842183 50.42299295297248 8.38398589345539 33.71780609196785 30.632084749176258 46.494529429231434 32.43290401423699 27.810380207627677 14.637472882111055 19.579027511730622 43.98979122536883 22.08594834326609 46.12408490109981 72.83098856316091 31.83683498775262 41.07372323145328 37.50346966114306 44.851813103684755 25.0474949471397 21.612208268470308 20.794820560859147 44.11273174851256 28.569977116121745 22.972994886883463 42.78609902180561 40.219797437612414 41.552851290318905 28.34183767695694 82.16229029569197 54.85793363632595 59.37944568293636 37.47995285158885 31.50265176667283 10.377546013431614 28.804810588263713 38.180949863383525 47.221078230664645 41.06982394150041 39.16607654447285 19.367378272552248 39.185675544554044 12.186663862655028 15.396919965322711 44.81670600077531 2.9127939728826933 79.73141672134584 47.273665684203706 31.51312463384647 58.42705904216566 11.767872209012744 3.4054093293554595 41.204474505654616 24.75971207613115 13.983171833092504 27.85896869354296 43.32174204291841 17.117053772987482 28.09221144536652 53.079676885227734 25.209586060778026 49.47986251452636 18.50453181996376 43.3919053644672 33.54459576670492 27.480804084868723 25.61457410982417 28.323624929818422 37.98941605274205 39.86894963868343 20.00470274526127 20.589799552463578 27.214525286746834 17.38492949973017 8.587413358215565 28.22738877348316 42.580784637245806 41.27441211923653 26.655296659796736 51.67106005249805 44.10511774916143 101.59238368479103 70.86016462765534 47.47090554520494 44.92197959188491 65.68603400009529 93.23049140901183 58.373236891081156 25.595927911107157 20.858445530636565 52.41378118514345 92.94445220746451 57.91963006404967 24.554092560609813 19.57883909724915 51.9226923755591 100.80305277028293 69.73458409415962 45.79023547268435 43.15965461308504 64.50536864397814 115.15029695052229 89.06197249082582 71.67002736647149 69.80877113038372 84.51065054938094
62.879875994312926 52.02466990405539 32.22477119846314 38.32160708180067 33.804823953512596 12.685276999340635 57.19919050812104 35.25390746801453 9.84201465334246 8.983593458555482 27.464340189236648 8.002023271976375 23.15250046745829 47.24092856504853 11.223017415090165 0.0 45.026938009519 22.659907520819477 22.56861569797821 18.05255769072531 25.30804744136123 48.46788550576864 3.778639300037713 32.86960132231839 24.214540439912156 44.82945030096227 21.212997456431154 21.935705558197803 14.637472882111087 11.434253888359859 47.99172159908846 24.214540439912156 37.89932895878122 75.52403000684531 28.621227407016463 35.455330500804806 26.33100188351596 46.70842604029999 17.03501472356827 30.738536304428337 28.742144820807912 42.67839588471968 28.079625239564734 24.15349106223657 34.789840036092805 30.581161957321424 44.29305909875916 36.19679405430247 84.73346356364938 55.358246979537356 63.54170742304625 42.92685707443768 21.16823913379435 21.397248062313984 19.219897114508985 27.032459796180472 45.540910038773184 46.707487927424935 40.21262239913941 21.105388471281657 30.72586869414919 13.282247378234844 16.699681163570578 46.37021785328276 10.978719237067894 68.65900812118088 51.9834121388329 24.75758702542754 47.55973260193522 3.5565329903929532 13.404051958572524 39.83799587960222 14.366585135287723 13.98317183309254 18.834081045274665 42.84013822916645 19.784222499141695 22.909956111226162 42.764919881654876 15.123531520419196 52.13174787415493 21.329399992858534 36.501989590978916 39.53105018746772 24.256175746383654 27.699902836793164 20.214286336833744 36.276636502011236 35.05685623353044 22.013970599777448 9.380430690746428 23.06530317859849 12.156551253302057 4.219788111880374 27.210153881630852 41.260440834828806 43.07886386783693 34.887820788957626 55.76405838915799 41.015842779939916 106.90414536403622 78.21895490870969 57.793291004123525 55.624410395881604 73.35009575701301 95.71592426579356 62.23038408963225 33.40509251851177 29.855931824671636 56.560145693074084 92.03471049159187 56.462261090325896 20.923596675055858 14.826255307319354 50.339346174584 96.72168756343831 63.7521964374018 36.13576186874732 32.854787342705414 58.18310620044371 108.69948798314825 80.63273334317148 60.99048942052917 58.908276411340594 75.84638011504512
30.29163248068484 23.359584458830554 77.24897620168753 82.53047864815149 11.398337266316336 56.20718132800603 13.018312334959207 19.425782968717147 52.58029223442231 47.15102675459208 33.13194079854601 47.76056108531938 39.401477030731485 12.640990181968371 45.340458235196266 45.026938009519 0.0 27.864134744314978 42.88941590996657 63.04380166355844 69.06752325448333 93.4807229128385 42.69684287335483 12.157697730302244 26.97241509306249 89.80010227313404 51.053877855404906 66.51071555898284 31.322718503965774 36.27412547572936 17.79437750536891 23.455594703466804 33.8174700930458 33.040405546235704 73.6472877722799 79.61944419427991 56.70359334506243 8.835518987822264 33.56644782605688 37.47742772876931 33.54633438039726 87.59955262829305 72.55327300402388 67.67821443616322 31.866320321565986 69.16035901103811 86.88021789951809 32.52627482966562 41.567030038036364 99.65296261474307 26.89290503858124 23.059775964387377 59.47316637796851 45.25837072875412 60.12513470884026 57.639716161064946 5.724880698930113 24.388986693548418 84.08246895669711 25.98273879474129 33.462285834311416 56.24904077780923 59.83168543488317 7.57330246051994 42.43367884747834 79.03534056819235 22.088770287557992 27.667921767183536 59.22132396708107 48.56756474883219 42.87682800049713 84.72821394724873 41.335825012725316 32.03346015474312 35.905041838755594 87.49293416356699 28.312230599728576 67.70283996689061 76.62684892246149 40.04400695347203 13.93071967820743 27.059257564720447 26.943270721042545 25.188712104943463 69.27943900936219 70.69625568629651 32.81344499739806 9.608834179814938 79.66598907012273 25.39917336209707 46.21027819948759 68.06137983272833 33.20517520700797 47.67404007402667 17.827191475165908 86.14942908122478 86.44923724932593 34.00426825667597 21.4270175969753 86.01305478754014 68.98242997897782 51.394917253033164 55.285246459452196 77.48314988112438 107.15865637545498 52.1065760505939 24.843459738011994 32.42685246059414 63.38773598981327 97.55362849070221 47.609043467734125 13.150886785341783 24.728139453146778 59.85170166861895 95.31621980892702 58.42241217139316 36.176065278702154 41.67041953030584 68.52975075228197 100.93768533780802 78.45190980463832 63.43830649729578 66.53018658033913 85.7918593876219 113.2534810115187
