0.0 45.84702246246441 10.133581525602738 22.55758867274321 33.80800512127987 13.529309032157084 34.730924425314036 10.396156941271881 35.58705693368284 51.27415084039656 45.56940260315419 40.95473693879967 32.063138159400445 25.79729097523235 24.29827580490922 68.76789138136726 5.571765727543231 29.39185900301824 45.307146968107226 26.465159127425846 22.972627902132547 35.99518374081464 17.071358353887305 40.84795586491227 15.698755486261467 46.36634656283808 22.609575787539868 22.477385120527764 53.43068187729687 37.87490806747554 3.5565329903943677 43.28546760945729 56.355700268802586 28.47491060654072 12.108391405022058 58.26130420531192 5.74915989136823 7.052298614929837 34.67066079081843 54.35744265866162 43.061918658671374 17.40823048364618 19.479268124922164 9.4629012996635 5.724588374746277 13.60586194894672 12.34687239118115 40.31101020702574 38.30154872458172 20.216181046731176 51.92538165974221 42.43220711524823 15.055022874637597 16.08720710725127 25.488432039048845 11.652834875387251 34.67066079081843 34.269051101092664 35.518677769613305 32.84187305789135 49.00318963113654 22.67745407380287 30.811111879016305 24.099981861408487 17.175043382445388 32.93053100503416 36.42139736030687 28.00626779418092 41.72640095338777 29.270483732816647 21.97330187765714 54.627087383358074 41.240657357435 36.216806336725135 57.61663591317634 43.39425246603435 25.916946410286645 7.631744322715 53.97703930654653 31.885735141456323 11.172943397277944 39.52802392953989 50.17392899384905 33.81834633795423 32.91922711731217 55.229996416548644 9.445346869277868 7.568759706430301 42.38800723105876 39.79451646777269 22.07161433718867 13.814415014215134 64.8127924779294 24.426304428022103 9.407026814597552 38.67958280723849 17.230067151970985 34.10989477393565 55.66179486555918 19.841596840365426 101.91094930288831 74.69753331132596 57.4956332419505 59.69858178007107 79.71348666699629 89.48732713303478 56.78271126825428 31.189191669142836 35.40409371495242 63.76777260761898 84.90567027606942 49.32341395957862 13.741780166762748 21.84227363622758 57.42424880634282 89.38042446930253 56.615678972821094 30.886973272126426 35.14072161671056 63.623350265449965 101.72315269344874 74.44353681477945 57.16841605711684 59.386552840545264 79.48235505280931
45.84702246246441 0.0 42.13935212058043 63.767532728922944 12.559083437593921 44.51722041312915 33.942626839869604 35.45290435962825 66.48108839400503 76.63057035398407 4.664416598224121 86.77653718708953 64.35481259840358 70.35262058462664 23.207885843377056 46.37244565624363 42.206494837973764 19.651737560580088 64.55596783216052 24.45863921601773 30.073414998935178 81.5813382539991 53.34694422166172 72.6577687005359 42.7019006372216 47.62467226613782 23.276433918630147 59.77708476717831 33.576294770150405 8.502787190934304 44.94800471805519 19.682655307469354 45.87173331282603 67.76896248711918 43.27828217805513 42.270466580893526 51.46711831563355 42.961164763844025 24.899217596793694 18.338047572047923 34.95405256666138 28.47093823635489 26.47070801192712 42.81217804993718 48.37678113259904 56.16317460578501 52.85427314443079 65.70360004890395 73.60909609972815 59.56352013421354 78.57841980847894 3.4421624940344127 42.04140284274217 36.37671054778575 20.878007828375637 46.43385618328133 24.899217596793694 41.54880387318148 60.74615430528327 69.85990593691618 10.743250665287091 23.8116086853346 69.56857541385413 69.21518424604132 28.908511579917768 28.53014956634427 72.6368941395485 17.847587927414775 61.762653528657225 16.67793663574588 29.592164552716714 62.42772029372026 77.32820703729033 70.38369785289449 31.360451369981018 52.71948030177499 23.303825332398063 38.26739903999805 50.634818029477174 19.091236397171865 54.53191550575357 20.246626329064416 40.91281327296904 60.88775414163017 65.8070263706331 41.503212484053044 53.53146013379062 38.69425203385955 16.671549598281175 11.383837732912635 39.07904425757592 33.5446817035858 52.79499972336398 37.45504525522608 41.042236028547066 31.588820332559923 31.858710766005174 64.57789118169318 86.69843098112464 50.67947412323519 72.41819979964009 37.79694614719394 12.042866671406044 37.331758076642686 71.93398159632363 73.160058500163 39.18660520071917 15.84271804262945 38.71174528844068 72.65268441007349 83.93487888337908 56.67724973791106 43.72331952644181 56.065301134930735 83.10883587314162 101.59876475488048 80.36588643227287 71.60409791237868 79.54698239731104 100.30155737974255 123.22314664871614 106.18145206111299 99.48398325850313 105.12673476485121 121.40100111403203
10.133581525602738 42.13935212058043 0.0 32.37572961541153 29.58932529347544 4.351214824996794 25.087877671687846 10.806483605712485 45.62990741571862 61.175521231508334 40.8877116116184 46.885178437984294 42.13313830157374 34.20361571763947 19.01340423532307 59.377582650011014 5.018341117438982 23.460366025603744 54.50961260254964 27.87958759517515 26.293863769356726 42.830078467448146 27.094419009362973 50.96426720886231 5.7248789372899145 36.232969612485626 20.482827586268733 32.610738395443505 44.358090574914605 35.100506896850895 6.67141798184377 35.743358176352736 46.424677084883136 26.324664718106128 2.4746806477414145 48.62949595541729 14.534209598191106 15.26095796060547 26.397864135912336 53.754715151392496 33.459353626728415 16.06372968619809 16.52693404954276 17.622964656225804 15.847228911477359 23.497666190286928 22.479687938101627 32.747837451873984 48.41273256501596 17.775220374372346 61.911720792282225 38.90659983600381 4.9791461865507 7.0734754424809045 21.31159778432451 4.610628325311771 26.397864135912336 24.14481771711688 45.08825180178855 42.91972032856688 43.203774209915025 21.841996517299652 40.78360767542554 32.071649815604516 14.066300169881526 24.058254711882615 46.51006448569015 25.139549637745905 50.902400243741184 25.682468635499863 24.90701578741956 62.60658042514989 51.30166087622209 46.35036305944205 49.067312692140135 33.455088063321675 19.648609268719955 10.22580402558859 43.852659574385285 32.10567398504139 12.8937939223548 31.942078053444938 40.33165922316556 26.310481289886578 27.487517633007577 45.52506368783568 12.41706795441905 7.181798638626437 35.396980827996515 34.10310683315471 11.98725524654581 16.454088874842213 54.819581491178795 30.419485965323158 16.629225201816887 29.335466896929557 20.194873013425358 27.775346912168935 65.79505229179071 29.329945852722886 92.6925545111111 67.05506969069714 54.15722932597242 62.46422187024108 86.03896179877974 79.46337423301777 47.33246726397659 26.429035080423027 41.09528146482474 72.1896616374518 74.96712067161931 39.402373788579105 4.151616097684257 31.84549811099069 67.4036094086827 80.67758679266693 49.32519916499914 29.820637094014188 43.333109547355754 73.47407183177448 94.7670247414983 69.86842673575697 57.5721079419146 65.41896249904508 88.18659863384052
22.55758867274321 63.767532728922944 32.37572961541153 0.0 53.09473636942466 34.89112077191949 57.279222689170055 30.677657357041383 18.203561770515023 33.88679638541748 64.60036532929662 28.706848859493864 14.887401310496873 9.979617690430908 45.21447667831891 91.29895215948 28.128316335131494 50.384862213155344 33.23912488949849 40.21780365055152 34.805747389117805 22.17355202519677 10.942946748473208 21.36825465469008 37.49147198832529 68.26453390345908 41.31451854702225 6.567733465151365 75.88032467052162 55.286955576684086 25.754035274715903 64.94516016631789 78.79878885217092 37.90507135512068 33.92250860166635 80.8175136891604 17.967939027351765 21.572893924704736 56.883862251273165 67.3683245521766 65.61770974799191 36.56786780273459 39.41456145908935 21.126777888796614 17.36647523519588 8.954181801040923 11.251737410366687 56.61366722952413 17.082608399664238 33.09883924810755 33.691973496201506 60.357372777045114 37.02286944169128 38.64479456909019 45.504186673337415 32.3316092190949 56.883862251273165 56.350760244780204 22.902901723805517 11.397800134534496 69.04829432767241 40.11536748105646 8.62544893302791 11.31344707243918 37.637967032529545 55.38652261654528 14.937438559650685 46.58169928651202 30.36893008766134 48.38084364061032 34.79055622828816 46.94173773031797 19.36457670236694 16.084808395534967 79.79376442677756 64.30341701275108 47.32216748417068 27.962813365135894 75.98824184312457 46.218008388615225 24.903535733230825 61.28474041363587 72.67428447600999 50.64206932858783 46.60963521091188 77.77688041705017 23.547483165868965 29.464791868603598 63.66463653766488 60.08091709118484 44.339037767116665 30.531426324305173 87.18811608156386 30.256224245653144 22.984953375210445 61.22440021853258 31.91195633033652 49.047427315254055 34.859507881179205 15.55082815029414 124.36414667427898 96.07634529564625 74.34384823071036 65.9959992308205 75.60460674181324 111.80846573335292 79.330483307597 51.16344979848553 38.39599003998474 53.50687759313831 105.38545805177404 70.0817060719228 35.34126380606297 10.898301392602457 38.996790425378 106.21396098361936 71.30990614951504 37.69622026540576 17.003306436707273 41.10261472907346 114.13612604003133 82.54869624637607 55.97936267746576 44.55626387297302 58.043105241461085
33.80800512127987 12.559083437593921 29.58932529347544 53.09473636942466 0.0 31.98208311813685 24.678234599931727 23.49963058246437 58.20851305867895 70.10962623441382 11.76936629659692 74.74594722562264 55.665223805509896 58.923837489736385 10.65706041531002 46.389579398794304 29.849834764693046 7.761832765864103 59.01813124202348 17.108211434822326 22.013970599777448 69.76045579285554 43.20891807065084 64.41171970359308 30.236207903346248 39.80481248982861 11.78334251662671 49.794964564994274 31.32280572033423 7.071741599145007 32.642073128019135 16.372111050842264 41.417157685760856 55.26001319918585 30.722607550502875 39.44537327808261 39.51293417853819 31.719190769575 16.12320115748709 27.17177215854536 28.2590075393854 16.741161682672086 14.332509147313079 31.96954442115528 36.865356895840186 44.99986921672615 41.928556501424886 54.37895773078308 64.55925799393167 47.01614161342804 71.79854548557665 9.429250808885502 29.549234915943963 23.86865324909654 8.421987081827277 33.87509418300667 16.12320115748709 31.56182350012222 53.4905980174183 60.30135281869973 16.03885344392691 13.265934646169008 59.59942617137255 57.58645559961869 16.66189136801892 18.97847802973389 63.34455139118244 6.634926113245182 55.85030953036234 4.715072817403639 21.02681969661515 59.83058160667766 68.18620311371026 61.503235562407944 31.806200207038597 43.43821959105375 11.034299689065485 26.36750272947932 44.36676748513644 14.239884193133742 42.06449817611194 14.446273855694365 35.50789273449336 49.19859329190652 53.67077834367433 37.752672127610076 41.12334643052965 26.46090001265356 13.645523900469618 7.7742708476970535 27.110734254126964 22.56758093195164 49.41119362000995 30.172201054059112 30.110676685147705 23.83631624580125 21.785753311037002 52.63660238495344 79.03604251098098 41.373562775743515 76.25242546750128 44.086464669617214 24.596723832151806 42.40966586135576 74.32603293939523 72.17892316478313 36.669853962046346 3.430778634148078 34.80047566552664 70.30353321936657 78.67364244551037 48.11643651044718 31.193456634478977 46.50873938241198 76.7156096803588 93.56074015697209 69.67855509213405 59.06545953561368 68.22385587881911 91.3914604400041 113.58636349951803 94.67978980234201 86.94088307475964 93.19455796145517 111.10260143987534
13.529309032157084 44.51722041312915 4.351214824996794 34.89112077191949 31.98208311813685 0.0 23.730073890735305 15.070788628811444 49.08410685651688 64.80344418067646 42.87380796473094 46.71978196138722 45.54067767799962 35.59850425745199 21.328016381181875 58.012228529004275 9.09194898184575 25.250697830890232 58.527485420553376 31.858710766005174 30.53140806918721 43.185367418993025 30.592556493964196 54.234577097868616 2.844977495474402 33.37341724729542 23.86725424220262 35.76183989767706 43.44241622040406 37.92316778684137 9.97795891784689 36.227380914785996 44.30774336389401 23.30382533239815 1.8962523771665698 47.00884141854361 16.936045920829716 19.33162074095391 26.532980728706626 57.05443225076031 32.016891305902824 19.823069337565737 19.854272922665324 21.744278723554206 19.20527814812534 26.21723723673757 25.675553662003317 28.398278002937058 51.35926383920554 15.063509343219351 65.44315741419786 41.39871719070571 2.8838262143608335 8.182847360941816 23.986385512218003 2.8442587402005577 26.532980728706626 21.528323211666407 48.942974307869164 45.77690133359101 44.62010129057484 25.5046760564055 43.441497173316385 33.25114781492789 17.500924083009544 23.703101445270338 49.38490193576032 28.14816473913196 54.92607223112137 28.42502425735409 29.119217846310967 66.88624699514978 54.089100698961374 49.473751773231236 48.6056508194111 29.90139702131191 21.43086740216785 14.575465447572142 41.10278636279076 35.80310690828317 12.69288115703999 32.46943067298723 38.42838225243424 21.96790497222978 23.454451681779638 43.815775205302586 12.86190511996104 11.530708516070808 36.25306292052022 35.72099892635719 10.030844446473507 20.7425893313639 52.52656173796103 34.77066160335217 20.855148270740013 28.309224599909328 24.45863921601773 23.56038937334136 68.91819271399706 33.1988988524285 91.41697901782386 67.1710387381835 56.559502829842025 66.4691717955255 90.38511360196544 77.03797691468583 45.96256735354389 28.678550272547298 45.43737262808092 76.4123311667966 71.39519571200178 35.817226161433666 0.8273054970070286 35.365324884886554 70.94320967776986 76.44856923851106 44.97714822392861 27.086892939625002 44.459548570647144 75.84061532002332 90.42199333794169 65.82344617297785 54.96784029435155 65.13331775392669 89.41690505915122
34.730924425314036 33.942626839869604 25.087877671687846 57.279222689170055 24.678234599931727 23.730073890735305 0.0 28.891870707560585 68.80496998110597 83.44696842700108 30.23079351747412 70.05955500678726 65.51419042703812 59.160964648261746 19.339550886610137 34.33725683832577 29.15993593827879 17.665705708718516 74.71062297825245 36.636059051974605 39.024382121770806 66.83998754840744 50.64777410951564 74.56439807527815 20.885110142633113 15.563665480640859 26.522023187679093 56.762427590360694 19.833021495040235 31.64423917220849 31.56713641893032 17.139104318303982 21.92967492548653 42.002863947626345 24.036071375355984 23.554796466211503 39.60356803068581 37.63795223286916 9.04838134186962 51.30420993348976 8.371528448504154 27.09517274409808 24.387394482871283 39.400052029812024 40.17109776637705 48.33375751161209 46.79979661080261 33.15902910212134 72.70689924486054 35.92082119206674 84.55498351881249 32.13455123118445 21.02204339131922 18.66350700120614 22.185997642847205 26.574315128442805 9.04838134186962 7.857755582757265 66.64763699397464 67.39807587606161 28.593312428538177 29.4321468869645 65.51437326424359 56.902352010725615 24.19257583625313 5.699782543565457 70.93207550999006 26.331980779247527 71.1744324443459 24.763299658410997 37.51540283807986 79.33115798451026 75.81162535822959 70.34279736957151 25.53120170427354 18.891272788144303 16.640285710934073 30.809192032215623 21.57177680952458 36.84313519195955 36.376364940159576 14.495092121613407 15.577380072280969 29.61674825166173 36.33210418434857 20.499076174184182 36.58474894931203 28.4224205420707 18.92516936947816 22.578869739754165 13.719964003238355 32.74414301607272 30.53719103610686 46.44217823818925 37.74515003103228 4.900443400342321 34.904752876156756 34.126951756306354 89.59942732823339 51.485539109164975 67.71720568099451 44.95113064009721 44.58435032339845 66.98582229892213 97.56337648354001 55.19919059404699 22.280596314091177 21.86565323245458 54.69914167288131 89.6554119806941 55.682740035776 23.442204295718682 23.037203318628865 55.173317114322344 89.94266782839341 68.89461227641402 46.689795924403576 46.32039654793865 68.14245284268773 98.35334906192486 89.3563527173521 73.39981465300554 72.95624776309474 88.25985305187389 113.08888321914637
10.396156941271881 35.45290435962825 10.806483605712485 30.677657357041383 23.49963058246437 15.070788628811444 28.891870707560585 0.0 40.00860055249646 54.569813662043835 35.26889464876876 51.33299831913419 36.80445433272786 35.56252797093121 14.575118722775457 61.58410227908501 7.802002664725007 19.752943939532727 46.33915580778311 17.45706156455666 15.488342262863899 46.2632614585147 22.27533239862434 45.881880271855096 15.517949010637915 42.6969210050613 12.219152753695502 28.725702079649814 45.89957247803161 27.499288891027234 10.029330542612152 34.2766704493096 50.7996475390522 36.161566294109626 13.178506146652083 51.7359462761069 16.036602591311397 9.28348742128291 26.614493790585687 44.56759209885221 36.79248996702157 7.024040244012652 9.184103699953523 10.639583307250748 13.621910184763253 22.051758419937304 19.46378678517624 43.37333776030308 44.52628515115653 27.531660273286786 55.663177974424094 32.036447596069195 14.577219700115041 11.653250289272 15.295750887170376 15.151487973775005 26.614493790585687 30.689093732616858 37.82730326204971 39.52536290495086 38.96650884692761 12.503882610139833 38.13485671458209 34.120364419404545 7.06480642288443 25.7293564230872 42.92459036191869 17.610220027539434 42.75075103772165 18.911058091220866 14.114001841956703 52.947643972731825 47.856251928036315 41.92057306759024 49.323895315460405 41.62652919036789 16.65184378720744 2.8766818814811455 49.82725188961254 22.28162598555997 20.1254491490896 30.642746803153546 44.403237738949294 36.99389709789537 38.240970113439744 48.944252410862674 18.771107707100775 4.012545247577185 33.00751313228151 29.811021021491083 19.00725524292967 5.680614139833266 59.41970212806523 20.093359072880332 8.89366026861239 32.002975817772956 9.391231262643672 38.581678177836615 60.938924545563545 22.607305317081686 94.20723437879563 65.43033124326178 47.11073091344854 51.864064360360615 75.44871675999568 84.04662272089824 49.870144392915314 21.03407091350427 30.49651296782508 62.847806594545304 82.66053109933712 47.51986827279179 14.687456784732307 26.561512006751645 61.05338221997436 90.45331359973913 59.95382390811882 39.23393487162109 44.90349512770817 70.89095632439997 105.40813029521483 80.59729934544931 66.4311477772491 69.73085496269847 88.56528031833078
35.58705693368284 66.48108839400503 45.62990741571862 18.203561770515023 58.20851305867895 49.08410685651688 68.80496998110597 40.00860055249646 0.0 16.081112678117258 68.51962849438975 43.271529178852695 3.609991162487779 26.741825914890203 53.05314189049081 101.34527259251746 40.71592783962766 57.868935836772415 16.224982887753292 42.095899075114026 36.573196225573604 36.86122599538303 18.535525908547246 6.2089779809109595 51.27466775100143 81.70424065721329 47.24354406020954 13.865586520417464 85.58340072743725 58.19218647906819 39.141634916929014 72.69160819726129 90.73458421002697 55.90970831500208 47.69414128254253 91.72468985791826 32.931865389422576 31.210742476737032 66.26964560518702 65.00621549745355 76.7965425856093 43.72745549319573 46.83560435229689 29.412190012634056 29.881334745764775 23.99251184026561 23.5059161065415 73.65533899984193 8.775548564569812 50.4450922146076 16.406563381051097 63.33920895955558 50.59872512103965 50.54931899774362 52.22273864046493 46.962748497089386 66.26964560518702 69.54847128307918 8.07469338446848 9.66015240235186 74.00163796145945 45.098582616678236 12.70522029297553 28.857878225041684 45.8665079722451 65.70236249891454 9.307951652484562 51.64259186084047 14.256211483132875 53.78113834759184 37.317709840074464 31.18215326827911 12.275191789759537 5.567894982522083 88.32931711688744 78.97731663292038 55.66272065942145 37.99852399956022 89.17664885098988 47.44392863910955 41.469359894307146 69.3911645514379 84.36500683161681 67.43797285735647 64.15649806890929 88.95238395431318 39.827472086505274 40.526528963032746 70.76062104699234 65.88416647574903 57.31632693648636 37.25925984851123 99.33475436321284 29.06329040272805 31.11497024044757 72.00873344731296 36.73253692543638 66.35963047108686 21.058517791800938 17.49563427791976 133.42442012392266 102.29305274430077 75.21839023537953 58.17120127779314 60.34994554041213 124.00351629422956 89.78613898530028 57.25751572839005 32.05447105554292 36.17663301171894 120.47928012460997 84.90033214176259 49.32633022781207 13.795590137113582 21.903441698659385 123.35833803573769 88.90143015542455 55.87348091871384 29.536829932978655 33.98822798472064 132.2229177725403 100.73581648097193 73.10718651360874 55.441572674811056 57.74968835922841
51.27415084039656 76.63057035398407 61.175521231508334 33.88679638541748 70.10962623441382 64.80344418067646 83.44696842700108 54.569813662043835 16.081112678117258 0.0 79.34273487731164 55.5994484152024 19.68588456259861 41.367843322070854 66.50572173103029 114.94724277457384 56.19322124821403 70.9912812149886 13.081123290432513 53.163665997862 48.10394476689578 49.66405213305434 34.23234585473171 12.986177245102981 66.87437891000197 96.9388493138323 60.07084397976856 29.946562187604204 99.19127406724402 68.82442254795436 54.826841363078415 85.54163421797111 105.3138059263654 71.77982651853328 63.333725288557474 105.83606192608192 48.93787970754353 46.30137526554276 80.05092869405267 71.6178528044051 91.19231606677967 57.28915386635527 60.35752929701269 44.257491163384735 45.629000300692 40.07112984802926 39.43434033882552 89.7360978839071 18.834961497260696 66.50572173103026 2.564322180424797 73.7854441151361 66.15443399037729 65.62883803390899 65.19103576140157 62.79200747871235 80.05092869405267 84.79216104647146 16.921228820781582 23.43677666605094 85.2731332636991 57.5913577922052 26.834449713844894 43.796301490207014 59.76694818769752 79.90075602107518 20.87441869149266 63.812926160573156 15.06542942349691 66.02600054378065 49.17516495805834 25.628104085473563 19.600101948144307 18.183142891024936 101.30646093151995 94.62229639638913 69.25060416868358 52.870206509796404 104.27274247781618 57.696747365868156 57.548356393232616 82.49781976181868 98.89574841673159 83.51137227162384 80.19955678222594 103.21333560462257 55.89830694650693 55.60676532027043 83.31768515978064 77.88389690997779 72.61992663967818 51.02765625354936 113.9421343586808 39.942237539588355 45.792905781790566 86.30146143489466 49.74546731098402 82.43190261199098 12.816935047459111 32.104328269845574 146.24144795136175 113.74870320707464 83.80410263758509 60.32944152774823 52.804442726707045 138.49856161637038 103.70570436334067 69.71436443717847 38.69767492646101 25.82877127223066 136.13970148344336 100.56418931990402 64.99619185626665 29.462937171118696 6.620823692779846 139.4385106774248 104.94595431855194 71.52902280290826 41.84903328544439 30.30634883652232 148.017024677948 116.00134960808413 86.80858201276415 64.39945651149108 57.36718031143715
45.56940260315419 4.664416598224121 40.8877116116184 64.60036532929662 11.76936629659692 42.87380796473094 30.23079351747412 35.26889464876876 68.51962849438975 79.34273487731164 0.0 86.49313282203626 66.21150213985496 70.65406890866909 21.90194727991565 41.83599436093024 41.50265511908762 17.630570934780327 67.54288118305234 26.461638891086597 31.94655111674837 81.5296014192588 54.46992406583996 74.72296486325266 40.84633953473748 43.41342605890152 23.418042427003527 61.00152004664036 28.912236241355888 10.51963220770551 44.321921337772984 15.189180616447036 41.255942725659814 65.92645085611233 41.787431368833495 37.60684868520538 51.279848833986655 43.374159555957924 21.269920934860426 22.926890380059042 30.643748085932017 28.474867140504795 26.09980493603053 43.490470258169815 48.59492673257037 56.655887434201176 53.505273127731385 62.57790179958865 75.32659835289624 57.926201527047276 81.20750728564605 5.827093119005416 40.25981891580926 34.69128444470471 20.113547187483277 44.987876989570886 21.269920934860426 37.97244816731202 63.15637335236925 71.32550915334109 6.432515201503201 24.50051032150318 70.82021964370776 69.3453828289907 28.40651186715428 25.026051419291143 74.2383644811884 18.04236333163652 64.62542386671032 16.408234558805475 31.263039412204193 66.16044567043733 79.00972326428953 72.17144899049586 26.79652094262889 48.82667917473875 21.443122651582314 38.13605513304469 46.16522591991503 21.660897569080937 53.563720179055764 16.115691216748353 36.38872727984954 58.023194788086364 63.32398707675037 36.862188232083156 52.70421296636835 38.18662316223882 12.258431115926086 7.831287002273158 36.59898735457554 34.09747131695649 48.133248329561845 39.708509585777456 41.65812590520636 27.52682096571442 32.89671300667931 61.903425797244964 89.02332398366218 52.211493184596186 68.580220186999 34.50665020951764 14.504420546943017 41.97921534638431 76.46134857368877 68.58814550360123 34.52225035539094 14.54114205654931 41.99179481503337 76.46818833983095 79.32163953590421 52.57772847339304 42.060517289048626 57.497228182091035 85.8775286840091 97.29297564696952 76.86686461269953 69.88001407746319 79.93764812341975 102.12222350690695 119.27344988790298 103.07230095919584 97.74280086949354 104.95438790554337 122.51205850284687
40.95473693879967 86.77653718708953 46.885178437984294 28.706848859493864 74.74594722562264 46.71978196138722 70.05955500678726 51.33299831913419 43.271529178852695 55.5994484152024 86.49313282203626 0.0 41.03314958830607 18.88068274314777 64.91514262835456 103.753037215498 45.144637660978134 69.83193445390026 59.49299705000281 65.57855208996297 60.764248946894135 6.5780433859484075 38.734211115392846 43.033543583832206 49.49664772936337 75.88920186974003 63.50516773580641 35.24184820389536 89.892557514347 78.68974164385776 42.279051843420376 82.61729192489666 88.66106540581644 32.79377959717747 46.94721811873676 92.45121573572676 35.30971201096895 44.446690506996255 73.12749346293714 93.67380055288865 78.06580965361528 58.30648981706655 60.42815355245158 45.30713312327761 38.804563339242414 32.40285246843218 36.13477978263166 54.15817055124673 36.951978127362196 35.02589494361059 54.30331236332331 83.35176033611454 49.58819561561334 53.91656360145934 66.38345064799103 43.95286686036714 73.12749346293714 65.97348240037442 50.077107018407965 33.644639725478974 89.64031126020747 63.283162027210324 30.60217162611145 18.67233694186726 58.08778711308819 70.42032462722295 35.14619331915969 68.92896432996662 57.25998296892423 70.22519175169914 60.324336002762756 74.24453912683599 36.088332355269266 38.57145346766223 95.29147452685969 69.27895161574679 66.1403816027039 48.50921792261797 83.44806154072168 71.4778793499756 34.14523913676298 78.81851584868772 83.51768390448397 50.41055146424001 43.125415324738256 89.15433415984401 34.46959084023168 48.31379284980908 82.25312927122833 80.43001838152317 56.446779998152635 53.74644979724923 96.02655219121245 57.88992477200789 46.76659491180457 74.81594628488884 56.35628627992006 46.50243627896085 50.12491441021053 43.90498459491381 137.04204338729534 113.82798049680605 98.31136008627058 94.3687702358809 103.33360037674223 119.24061161090604 91.85659909872437 72.03516782815065 66.87761418007818 79.29870378386062 105.96683445856787 74.0031893763949 47.498988116546116 39.59817557429583 58.412814931668656 99.05872515152676 63.823894695309086 29.43733216123161 13.850342985102987 45.26937112660043 99.84681738759552 65.02897200125675 31.942961152910254 18.551109013789805 46.90564821910057
32.063138159400445 64.35481259840358 42.13313830157374 14.887401310496873 55.665223805509896 45.54067767799962 65.51419042703812 36.80445433272786 3.609991162487779 19.68588456259861 66.21150213985496 41.03314958830607 0.0 23.849153074742514 50.11249109996412 98.27446365311438 37.24365484539636 55.000044923428455 18.700791943223276 39.90190461114342 34.31239079788365 34.5331442746668 15.052993758708508 9.078678518602766 47.75933464666991 78.25894990736619 44.505330728001184 10.26256111445611 82.52874028050985 55.98563160841709 35.61429225099879 69.85048754646832 87.43880930336665 52.41339227805435 44.1713612838149 88.54037999123008 29.328789158091645 27.8809735838778 63.20350982701171 63.77940891021361 73.55792904498759 40.799181187524574 43.90253058637682 26.173463631414275 26.34768078332368 20.385388747080125 19.92626242552363 70.05051565670519 9.461075491949368 46.86189161377194 20.002569217444798 61.15238384727444 47.09493241839125 47.17043007169202 49.418812037669355 43.39417404894528 63.20350982701171 66.10791343907037 9.121371546181305 8.08254631056392 71.55877252148817 42.469663495272805 10.531718404861767 25.810428750655902 42.829967424600696 62.52941749869315 9.121371546181223 49.061382706048306 16.237207761245642 51.16761941526447 34.94917932068983 33.21198592710805 13.21367930132011 6.096549613028001 85.42612275036765 75.4400195340474 52.675873757812326 34.70931552104418 85.76000814394752 45.421978899940456 37.86259462972743 66.49224969261412 81.08584926342505 63.82917733809476 60.582053167906125 85.7344722924993 36.21806454055699 37.167860167585324 67.99950335259051 63.28262711862005 53.870586720656185 34.310474892006624 96.02681316806212 27.14444553980538 27.920672824282633 68.80188287360777 34.020113474071465 62.767386800410264 24.135089569409708 14.508454146938847 130.51286080446587 99.73859608480055 73.44461522896519 58.07390730698089 62.31524020353787 120.70972595606128 86.65019654186648 54.569845580154855 31.299718830888693 38.90590723597212 116.93238627839519 81.35767641132362 45.79487978598416 10.367327112292807 25.495154080194343 119.7526323281984 85.32457520066833 52.460183184236094 27.49647267895201 35.94772181408567 128.73744576823916 97.42614485403554 70.30312920927497 54.08658587897565 58.65441235377001
25.79729097523235 70.35262058462664 34.20361571763947 9.979617690430908 58.923837489736385 35.59850425745199 59.160964648261746 35.56252797093121 26.741825914890203 41.367843322070854 70.65406890866909 18.88068274314777 23.849153074742514 0.0 49.97735874859048 93.4980888736651 30.976944230180276 55.1167557259259 42.53296299472814 47.847740247435716 42.73405751326798 12.460076018976906 19.91242853691779 28.393719668803985 38.413665698893944 68.27796110015328 47.25460336567167 16.545405330478687 78.56130943565086 62.004726108889564 28.194050255933583 69.06619659782694 79.8417421859668 32.227465812046894 35.128716180824455 82.58612035264602 20.156075955576817 27.391974589729163 60.25636113283395 75.64862823349159 67.51273315328396 42.184433237901295 44.71550122817804 27.740492591283843 22.059776526963454 14.340194294675879 17.939189999034994 52.696287206806495 22.890382114054756 29.489284841686978 40.707596601576554 66.9112357095503 38.176035690491034 41.11700620446549 50.8499886172238 32.78883161068024 60.25636113283395 56.90527753982273 32.45894352657025 17.937145058097784 74.52903408482261 46.54841791276519 14.5386821621101 2.8452263923140793 42.61150232679475 58.1990151127072 20.703012493296413 52.67794588412961 39.87663361899285 54.24784386972491 42.46900452443709 56.653014225089514 23.761529313229286 23.20606265619249 83.13502584811064 63.23075010504905 51.701606403285375 32.69091569728427 76.06284999927566 53.83861725187583 23.55755923907997 65.29778280735736 74.02403542638457 47.2829926426931 41.97175020295611 79.40745064361455 22.862071772778492 33.34159369947924 68.18056635156579 65.36531956380607 45.58655275488778 36.81874609334513 87.93070616764447 39.21469031523799 29.40843900737565 63.52364441848536 38.92384374901654 44.82978659364034 39.665446625768716 25.029604664301633 126.86056533600198 100.48931751138714 81.45364153621072 75.52073488928907 85.46437837552587 112.22848807437892 81.44155790229578 56.58961783909371 48.00214597210648 62.75500670249735 103.28897665272626 68.73337410897078 36.22351994708881 20.789726816617094 45.656157829297165 101.55712649140202 66.12760207127486 31.049628209517664 9.354619713719057 41.751026931374255 107.38233286937697 74.68933319423725 46.45656880593742 35.63866285375322 53.983340092791025
24.29827580490922 23.207885843377056 19.01340423532307 45.21447667831891 10.65706041531002 21.328016381181875 19.339550886610137 14.575118722775457 53.05314189049081 66.50572173103029 21.90194727991565 64.91514262835456 50.11249109996412 49.97735874859048 0.0 48.457795262321184 19.7742492345026 5.177842862055525 56.686905902002394 17.301504047120137 19.955796338791156 60.223807373075225 36.29053506950703 59.13589811116382 19.648033421712068 34.838615928546105 7.222508096535506 42.86765796051822 32.69103277087074 16.83940501154405 22.63615265223907 19.888254832005327 39.83815524065758 44.61660458972905 20.07100681881681 39.53086068495096 30.04478230055414 23.6781649051892 13.645523900469607 36.65930956478831 25.637925238443362 9.325910348554036 6.217663450565514 24.56496720572136 28.17872961142391 36.62679450397519 33.97297644455326 44.97295367491893 58.395200459830384 36.35924827612804 67.89899379417002 20.07100681881672 18.932640051595946 13.243766189760793 3.292075070224983 23.233873252590037 13.645523900469607 24.490495276109762 49.58817973087478 53.63923232860505 24.747024416923097 10.13385019504666 52.46692274071676 48.38553004767313 7.582453004008884 14.350377324948523 56.92978395100847 8.002343385065211 53.25492637194958 7.457210044002417 18.504539988745314 60.213832390640874 61.85501022477344 55.59119435137424 35.31913214715625 36.62324864284127 2.8452263923140793 17.386699348365255 40.798734103149485 18.14440452740574 31.66662387210909 16.402843719543686 33.45512437392794 39.427801463464725 43.37850259843261 37.121838713593334 30.845319814876216 16.741161682672242 18.45047537523185 15.52955884812857 17.313023281205442 15.80350713135001 48.37296402872875 27.76906257998801 22.681822636047887 20.66617099686143 16.784995449508344 42.558651192111434 74.11147947636007 35.609654966002815 80.4004379195665 50.86542603344117 35.249651602470365 49.29472117373692 78.41929837587475 72.48364574149706 37.26049882120678 7.417584358531606 35.41053876921508 70.60454565410502 75.01936678280352 41.93860928068218 20.542414362550907 40.2161274980983 73.10872258216912 87.09930373649595 60.81757181234932 48.408963107339 59.331616495467976 85.024796742471 105.49368671955641 84.90008727835335 76.28382389087669 83.44164932434083 103.14012789484738
68.76789138136726 46.37244565624363 59.377582650011014 91.29895215948 46.389579398794304 58.012228529004275 34.33725683832577 61.58410227908501 101.34527259251746 114.94724277457384 41.83599436093024 103.753037215498 98.27446365311438 93.4980888736651 48.457795262321184 0.0 63.21429719423369 44.00624212664614 104.74507924653524 63.21214157805856 67.45777164880147 100.91290517040136 83.84758661646038 107.34518338990064 55.170915056652305 29.845440679725083 54.96494296661138 90.22065840360573 15.773651819677672 50.538169687660215 65.74898196827631 30.04163444494443 16.511796422910276 73.49251112005483 58.372585574005015 11.375785911804002 73.84086362748212 70.78558338429109 35.076301554126765 63.5330596442086 25.998436125527398 57.738034578710014 54.643095758980316 72.2041422259479 74.00087665696083 82.34760642588832 80.51303095507308 57.8226041781492 106.09400287125963 68.90758321172953 116.35673041332986 47.2881886430027 55.34654470708134 52.714063455388974 49.83076041222702 60.853272343939054 35.076301554126765 37.819944248523974 98.03641969574898 100.98829359390994 35.668991600465766 57.58827532775551 99.33669572780525 91.23218577311621 55.48007230642942 35.98024705330901 104.44524559787975 51.8655581219851 101.4096679311683 49.65999639083458 66.19252536147691 106.20790698674149 109.36809503017564 103.50183188315881 15.057837320680493 38.18995969383806 45.752787143392794 63.933908282250684 24.322187340969663 60.542952549564625 70.57431480393893 32.62677116550015 20.36821624221009 57.48679145548919 65.4238685546956 14.687234193292396 70.87352230499475 61.96635388386929 32.77498080395446 39.12695774701533 47.98145998365714 64.13845369637143 14.129869983908767 75.62573482302791 70.4010464185045 30.096423353226303 65.20187097541374 62.37617656604477 122.38224393599585 83.85042680941497 33.41106795951013 23.18134657933761 49.90643244003888 83.52323611426617 118.29544262204546 26.84344467688379 12.056923486107063 45.851698565685446 81.18865126559368 116.67487262819968 43.92026789381629 36.63902929468129 57.34136397028385 88.12395017424998 121.55580686883005 68.8584747412299 64.25304888679189 77.76596926370466 102.46347932274612 132.21993097017506 95.69697354280163 92.21344390486615 101.88603177437467 121.61514479622633 147.416956787248
5.571765727543231 42.206494837973764 5.018341117438982 28.128316335131494 29.849834764693046 9.09194898184575 29.15993593827879 7.802002664725007 40.71592783962766 56.19322124821403 41.50265511908762 45.144637660978134 37.24365484539636 30.976944230180276 19.7742492345026 63.21429719423369 0.0 24.70574895532577 49.509083615758 25.23120731385923 22.826413487613973 40.568520902427665 22.19117774118784 46.130821716403325 10.742912260120454 41.029466708437496 19.4071596198581 27.88555163324633 47.91822837108082 34.60537147963596 2.8779427999413487 38.14427611532566 50.81341121691909 28.39240653806602 7.356929093522717 52.68976271804627 10.83749558478553 10.267024473959012 29.29837785696842 52.2691491661061 37.49026705051428 14.403987108789218 15.788319411170658 12.659497758049662 11.117329725276896 19.177445981213626 17.78650224754764 37.19742837891329 43.77189118559077 19.77424923450252 56.958664745845134 38.8523266548881 9.977974084703513 10.51732932651318 21.42867226149965 8.128385247244745 29.29837785696842 28.8923743529746 40.070543164858115 38.353340808382995 44.49760874302019 20.1254491490896 36.37012931222956 29.096891864536737 13.31263681428672 27.428837956138356 41.92117090047504 24.57139224653322 45.903168128694624 25.529410568539607 21.564044395407546 57.833913514515324 46.76046315584199 41.60445879524269 52.2190002968726 38.456851573180266 21.06880809030667 6.137532953318326 48.584223765370254 30.064995794597035 12.51113529618113 34.36051548500581 44.615081356237916 30.707915726554724 31.052010138749626 49.658928380314514 11.347376131071053 3.8197922736481167 37.421407985595735 35.28563789852781 16.657664527526588 12.944115211498326 59.28940443566071 26.084460312084072 11.781863841425078 33.12109832594839 16.714862131075417 31.721224613187207 61.02472116463062 24.31267910278813 96.38731703845562 69.57964660589299 54.07671886696639 59.49292219950032 81.77209809403043 83.97413058319908 51.220778184426955 26.97552896690206 36.93220468824378 67.32379860052689 79.96115643886586 44.406085113677996 9.067809903904099 26.92138337889451 62.446036822707605 85.53916043760594 53.72486490431147 31.431932558434095 40.27112855183717 69.19359320277138 99.10139540734852 73.25911725554369 58.69285405871976 63.67845116283282 84.83619708272501
