0.0 33.496264331647055 41.10507688215972 15.215806279608165 47.758742963612654 53.61412367852484 16.207908439794885 54.839413714100345 8.16250633209797 12.060078553260269 39.1449589263231 17.015540425671304 30.3890849557537 34.64940600943612 43.487014855508114 14.460729733216004 32.495911524647795 24.42486765397197 20.47904562108274 59.018845546238616 20.029863058600522 38.44684790339 42.75253340059424 45.51839125705974 22.465690932383147 34.53620491844374 18.355973932847977 22.027535857942105 49.16778996569265 8.61263768957542 28.519345649961 48.38186364685337 6.022377630573313 36.62240535500622 24.465655222084255 10.409179064472754 21.033271870191456 55.22692118791411 15.01543510937619 28.19135497418295 20.892117803265755 39.2293868969302 14.549312098680085 25.022234468420116 64.96898639926695 25.44691231490419 53.44093125640504 10.731234989385044 47.41323128289642 33.18055173276239 11.398137678733953 9.488789427399983 34.184691690332194 23.60780866008276 57.949141798718095 42.03735538050211 27.284220083891906 17.07135835388872 72.21951635767299 7.0674070762408165 26.905699245996303 9.424363972922132 44.26888457591482 33.97692344037187 48.35524306835057 10.731234989385044 22.058699964347078 26.862660479367598 53.23008574500333 49.50893098408928 49.31754497640012 33.462467214906496 22.940639767764655 44.39146652500122 47.993208905952244 27.848588988176363 23.548948775522074 41.55482133811489 51.23138845986024 62.34488643043127 22.299172051864154 64.17810703372135 4.318490110050267 31.83989274607949 40.52679662846316 40.08412061526453 25.41373555030172 54.233760743730045 7.448611261332849 30.114951775603153 28.36028513291341 52.743052710329316 17.650128132066644 25.5022140183398 72.29182593902367 22.316309317387713 44.85207178438876 50.689653144680435 40.889863575461376 38.107446415907376 90.22442083528249 60.84486691836726 42.37835436758545 49.213081406316675 74.70010185999973 81.09937859283569 46.405767602293 16.189148190457132 30.04811084476987 63.842749042901964 81.2083210532752 46.59410707271565 16.71637081906873 30.33265775927182 63.97585508626576 90.51790824641314 61.27514566102359 42.98801614312978 49.73399121751274 75.04095233309828 106.64482880322451 83.09213682885935 70.48117816292145 74.58551688999958 93.22291438125934
33.496264331647055 0.0 66.90362681656717 36.36344520079243 79.43705522514058 81.4936232260635 22.839879136273712 36.18758875343083 32.22991725634173 42.43332177226402 34.86923444354542 16.79035697710735 22.880115523708092 42.139754935664946 29.290485315444535 39.86136430362225 63.61452178481875 38.86328236581577 28.237816481972892 83.5108684754685 40.32436573957287 20.593963075135985 14.81037566841852 36.22074935559615 49.11615110130686 36.35085825960085 34.715402185916425 41.35676674064018 74.0860621662944 34.34998344213882 53.71439993794494 75.83422354624867 34.060157472047045 61.888069384251615 17.11250951149353 28.51466065084608 49.084156108184 84.68223497711108 27.146337781432713 34.04983188557679 39.840034656952994 68.29687500009797 29.271689841820592 48.51063450543913 97.59622638328003 56.572562948390214 23.76327409333321 29.90129551405592 75.60765098759656 32.408509561481836 22.9113529602782 32.816414494625484 58.47983724187502 45.439674585806195 89.0900942488679 67.70219462247091 35.42472729978299 18.58788111141847 71.4515170209159 27.7508961786247 35.381274275374736 25.982452630136724 34.83324012409137 46.15891487668109 26.01895350206072 29.90129551405592 46.44273722491807 39.7058255215061 50.70075117641776 74.21499442817782 31.36657749799832 27.159348463631495 24.63941591371816 28.59912397996427 24.10494374438488 28.506849080170127 29.30213411002924 72.87794037120253 78.73019880011562 36.34728224282594 43.93474239496409 94.61197669813458 30.286094031118022 58.5416711126305 71.26499205376153 36.74766114364686 10.136071693085874 85.68416262988559 28.893046165918552 30.491575094838865 38.48798783572121 81.28315838532319 29.706878287632087 32.250111274782434 105.04269287052352 51.4909975757729 19.390159047000278 82.14214012636023 62.777040804508296 35.83776984348982 72.74372488420165 55.403382280134025 58.13407766217194 78.87812220446897 107.68517213159599 55.08012341298721 28.861128852613618 34.12194054721446 63.46531493127917 97.07514036104459 48.68652820358453 13.257815074633118 22.65771868274638 58.16515876861282 93.72945159641549 57.45747212969755 33.135882904583575 37.77306157792231 65.48139765446638 98.39214658072677 76.33293264974021 59.99636402354165 62.48640461877194 82.10772073990883 110.04973794982357
41.10507688215972 66.90362681656717 0.0 30.79365096327921 22.544483776969216 15.0521853761254 44.13983278737396 95.34555078162775 36.78713422290519 29.088688989877966 46.317385377374485 51.64838591531093 71.16098933869927 33.02089782361346 84.23593878583999 51.19001819928797 16.36576930364094 29.223226426480668 39.16647444333485 17.91676390877957 26.58151435194354 78.28778472306539 79.92551830313478 86.6206816263698 18.884409141816004 39.703883736887356 32.225864557182085 25.674892660370837 8.093893304881169 34.814111368000404 13.334182881748658 9.431509576099732 46.03214546387644 5.01760481181009 50.59902330458371 39.51290692625052 20.072602541953913 19.92566791523301 39.82965179469816 36.807208949583625 27.143887463849065 8.930887728973325 37.735348934370215 58.26745171683083 40.36941544808164 46.70855614309719 90.18591539668027 37.968795321944036 10.21135216865137 42.59406788882097 50.86387822944669 35.67413930066038 8.535679176945068 21.48349074552575 27.505559304047665 0.9433013481013549 67.61349727595973 56.331808848963526 56.9688147818946 42.34206060943193 34.504021910930554 43.00254329975964 85.36271914993573 27.046516346896375 87.82237868057014 37.968795321944036 20.68669630903903 29.486903566665582 48.34973211929459 8.486843530547503 89.76497961656924 74.4986631822491 43.39417926259963 84.9721353408488 86.9958864905996 42.26217903321638 39.14169652693863 17.899105950709874 12.155337367473036 101.13750981157501 22.972994886883463 30.54426039983954 41.16161884908481 9.265287422575739 15.08692383670774 45.45010642516098 56.7764434396773 25.85065473064353 40.554541910012055 41.92794996439363 31.910134622645163 15.551931284064962 37.243952327097475 66.27338594072087 47.367494964581496 49.80759254286658 83.1459426014642 23.336488000395725 8.883138199523717 44.09896753036351 131.26483097470427 101.4395205432608 76.69176014038217 63.288269770315516 68.27381182290443 120.20523306248268 86.80471758636963 56.15162751028244 36.09898734214518 44.55843176035698 115.0397724059322 79.56993851283889 44.2810437007727 11.066001271422623 28.571170324066642 116.55504487684371 81.72510844989925 48.011571284463486 21.527456068150393 33.96990600497784 124.50729237292873 92.6169200207797 64.69842352529224 48.22906026077138 54.75730650728315
15.215806279608165 36.36344520079243 30.79365096327921 0.0 44.118254510882146 45.15937307440928 13.529309032157084 65.33671235885852 7.568759706430301 10.428538420180063 27.35435724639637 20.8784119314348 41.80614117218568 20.005305438711527 54.61397346499898 29.465478059038567 28.399481715210783 9.396713340086798 10.825784642163477 48.06634554188092 5.1657348341242555 48.01106169391516 49.131973545951034 58.023046289208935 12.818697130150708 21.487215512575712 4.314076933677576 7.056137923057688 38.34784125355335 6.603228348258129 17.476139835565025 39.519546690285296 21.23671380560341 25.820517909851894 21.088861791841392 8.96573627693985 13.177734087028487 48.368848669349255 9.246985775022527 15.172306175683868 5.74915989136823 32.03295995957296 7.11306598078732 39.696746975713964 62.953575427677904 36.32777814281019 59.41804539494625 7.420005516808667 39.24503477676981 21.418500307401665 21.386424579878266 6.135956617690402 22.610456906500072 9.888207884028592 53.250626850644565 31.637314912833343 41.82741743296363 26.342207487116475 57.495731438044544 12.7354151251482 13.209883301701524 12.696428066509762 56.66553840401236 18.77653168932754 57.30300270382765 7.420005516808667 10.132642216882472 11.889647682412717 39.41647147867503 38.553852928725064 59.75362150501473 45.66244192833743 15.16726682779612 55.138709699949416 56.355700268802586 17.402309377959263 12.7354151251482 37.45578513290259 42.42424636018054 70.40872927336743 8.347550463410355 58.44554287493794 12.790624452190222 22.190797072082457 35.518677769613305 27.797390038386126 26.32581041614042 50.07427218011324 10.84151154956401 18.841774699504708 13.819707259845728 44.919718258481005 7.769889192575378 39.65521114158419 70.478333952077 35.147143874162644 52.407791825080025 46.594723376689906 28.10650983808821 25.79628235366082 101.91094930288831 74.69753331132596 57.4956332419505 59.69858178007107 79.71348666699629 89.48732713303478 56.78271126825428 31.189191669142836 35.40409371495242 63.76777260761898 84.90567027606942 49.32341395957862 13.741780166762748 21.84227363622758 57.42424880634282 89.38042446930253 56.615678972821094 30.886973272126426 35.14072161671056 63.623350265449965 101.72315269344874 74.44353681477945 57.16841605711684 59.386552840545264 79.48235505280931
47.758742963612654 79.43705522514058 22.544483776969216 44.118254510882146 0.0 16.80204957789293 57.18009257199389 101.70208632368423 47.2087295457447 37.071147392080576 66.11925689949314 62.792928776490115 77.3375220259801 53.35879163235686 90.17232544442228 52.074918266864415 15.843274289550171 46.703414622023196 54.57239972907477 28.473936487723964 41.86266002754604 86.0148307096542 90.33810056341987 90.66006340369162 31.679548313828466 59.30339333941912 47.22764323533176 41.90748218937172 24.340429325864903 45.08707581850078 29.611887172343597 17.054068827663393 50.54639746701443 25.26688279450364 65.19293002091149 50.96373075746833 30.942985210557673 12.478249484371972 53.1181227229272 55.01905195573408 42.97940342173916 14.55073626669785 51.03338854249671 55.2574954593064 19.12590889353457 40.3246677817683 101.00553692717034 49.64376029426982 14.646492167532406 61.45821433570153 59.09092487305327 46.6506007032815 28.292996406719325 37.76067267725479 10.424595895741366 22.667393253397783 69.59064733676482 64.80379296257223 79.42468466677653 51.984924842173356 52.55075703850457 53.525358695781975 89.62233341769378 47.66696920796144 95.97775661998757 49.64376029426982 35.2171572374079 47.845485183639354 70.37454794064674 24.937185980053606 96.326795827973 79.61625383344052 59.0192047564728 91.31727933693818 95.71650843337568 59.654332842499755 55.6077505197679 6.6648105622852585 17.304672591553 110.0580728733136 38.800815888944655 17.307321326184724 49.79534262808629 24.719998532195806 8.941010207238069 65.58706158710167 69.80561178111004 6.519567545892484 50.640352785174684 60.0411017137179 50.619130204880065 14.356435889510216 51.80379808099957 69.2730916719354 26.600374280788163 45.68332039939747 92.60505077827084 3.101459397709985 31.403070005984276 63.975274080097506 135.1973614402693 102.2060261989337 71.73554130400191 48.76550857843868 46.285339090041276 128.6846398461527 93.50777024605004 58.82070240594057 26.61301069120092 22.109613658018397 128.06917115604287 92.6669882144037 57.48771481646269 23.55233642332508 18.35201060732677 133.43261873132215 99.88234857184779 68.41698428556299 43.78886034835824 41.063672664464306 144.1086746424196 113.62905572200881 87.10875583944465 69.2562577013002 67.35758285030046
53.61412367852484 81.4936232260635 15.0521853761254 45.15937307440928 16.80204957789293 0.0 58.65788175545684 108.42315187972108 50.479581560983334 41.64291206908473 61.05286299342806 65.8008362823372 84.00047377057378 47.71129787248121 97.10082816846241 61.57141006037284 22.773848939517197 44.258041556183656 54.05930145397741 11.724465423219264 41.29776901179307 91.7039462410617 94.11069972312644 98.80759716682986 32.60334852183772 54.5434127425486 46.98319407208022 40.54447609048306 10.910613449550569 48.406555684714256 27.803130194283064 5.6904527846281585 57.840476236159176 19.954996164026213 65.45205382357449 53.56788929159273 33.16409145631702 6.592580783031473 54.3480640982348 51.84731683275094 41.97167833658637 14.49717613735919 52.225770555746635 66.93502637575166 29.335598943009554 53.283157341225525 104.51427630196558 52.05544915772659 6.20349843585571 57.55306460198312 64.14181210782642 49.508204898021575 23.54647642681744 36.281937064337065 15.656351319563088 14.439506445169828 78.77227023687772 69.76930648487662 66.89957656570769 55.918243974009506 49.55361880507576 56.858509618725215 97.62434061100099 41.7213523047171 101.4303567821134 52.05544915772659 35.05200709497638 44.5358432112238 61.49146667404285 11.305759430893433 102.87941354521335 86.989126382589 58.340406674438036 97.98291526124586 100.76511331233334 57.314258153747346 54.14859003365773 17.10868486475769 2.9114253186827206 115.02707238489015 37.71965576183122 16.37090616878631 54.38149081941232 22.97127669250637 15.871378776947067 60.081680630826696 71.40305882432536 15.997607193937855 54.23087505511135 56.96212809509896 46.93445487387877 2.4683095438467566 51.9848553176354 77.84312347588522 35.392139405398005 57.698993398519356 97.10049512765201 15.441796944710594 22.37340399816269 58.82894703680622 143.63179556864026 112.37864722033967 84.61656266728917 64.98538052553792 61.792971821627496 134.0356111238373 99.94780857757323 67.42234052176771 40.42484058706497 35.422473731860535 129.8483643016743 94.31355716097002 58.83627091337518 23.676504044447945 13.844033758224336 131.5876650872758 96.67197498779804 62.512631689284184 31.660523079746625 25.082853729417565 139.03117215617678 106.49323809989001 76.70797529365937 54.402003380222475 50.667575991310464
16.207908439794885 22.839879136273712 44.13983278737396 13.529309032157084 57.18009257199389 58.65788175545684 0.0 53.63802184279646 10.829179496280627 20.855148270740013 24.453224465749862 8.537087326700105 31.58882033256006 24.30166529152551 43.59495031863563 29.071666963615396 41.346879193294775 17.396497556683855 7.581739221892566 61.05286299342802 17.624015425634024 36.174101357216976 35.97607629360755 48.117975682553876 26.318344128911246 21.44404826840858 12.195464943934622 18.850663471721735 51.48030717508971 12.699251216029992 30.896903985441437 53.003522946427445 20.448272831788014 39.13301817540518 8.706604814514751 6.8199996006382575 26.43672776133187 61.88679704902645 4.313599192684508 16.067501024371158 17.30185801980589 45.5278867262945 6.432338547273686 39.75639651392282 75.74952721428922 41.625177358233984 46.07751291732313 7.772079064686102 52.76904254143447 18.925439648966453 13.475993575524388 10.88022823732269 35.7856875429116 22.756946649228823 66.57040189846843 44.95589506422758 35.745161302711566 16.23502143261642 60.25483082272473 9.196624157163724 16.076256181722744 6.883224275941851 46.691824388260045 26.345343856912887 44.913342084408455 7.772079064686102 23.605877383719633 18.948131236201522 39.98281506749373 51.64202388817988 48.12367873113748 35.94496256416976 7.524081511556661 43.828744994976276 43.730107225094734 13.24124455832411 10.323184425399345 50.549026680796054 55.90256342378714 57.506775031185896 21.225693702490723 71.90900468478152 11.893325679891092 35.70190993719903 48.76826416795416 25.741619159242095 12.803518765415477 63.2857433945135 8.937425828034424 15.815254801662885 18.801859019443718 58.44642332842428 7.423674140258412 32.934106867629275 83.25653311640251 38.40785801489519 39.548907800469486 59.77104250258591 40.56311155442512 23.914730900902857 90.63160237783178 66.10838786824003 55.305496860388956 65.41578142700779 89.6208590450219 76.57116759451125 45.18326090066641 27.424547849355818 44.664079351950086 75.95952569805533 71.39217306037358 35.811257449458 0.5108621023784818 35.359395274966786 70.94028279111029 76.91051131304269 45.75062140762534 28.340894581122214 45.22706700715086 76.28868338235233 91.20444335230694 66.88423283782512 56.221846571993595 66.18486818779338 90.17828362043271
54.839413714100345 36.18758875343083 95.34555078162775 65.33671235885852 101.70208632368423 108.42315187972108 53.63802184279646 0.0 58.63075030212499 66.7818903194538 70.94498448370184 45.142903237164866 24.482119179448137 76.73491348519242 11.538445572537428 50.60093141413433 87.0832214155413 71.03168454047167 60.8397817951845 113.09029923438145 70.29831410132351 17.464516606528647 22.28361305505816 14.014783187581418 76.46240717331207 71.72659478898802 65.4837617377489 71.88225968773654 103.25079577475216 60.550617977922094 82.1828127102253 103.11422017757575 51.21063324607642 90.57770973085432 51.542125239568534 56.37125531649631 75.46425015593866 109.9985476364671 57.485568182952306 68.3084071115406 70.34531465885799 94.0680596485948 59.26163752965305 52.4727463528102 117.25595107304024 66.93666654983558 20.98607736914606 57.91736707980358 102.2282757896646 67.94481088367166 44.481677987718605 59.82863321197567 87.66893666835958 75.22444827541781 112.0862715470513 96.2514371288155 34.28839065676327 39.08143607255751 107.63043181585242 53.05781608479015 69.06984246727478 52.6647681169106 14.223136504510858 79.76475724981672 10.42372547641332 57.91736707980358 74.98734594241505 72.53302040377999 86.88567325082371 103.5221558340752 5.5876595247293 22.195167618330462 58.40895801484488 10.449936243680082 12.779660338102543 63.343586176097716 62.84728871961854 95.87106436293995 105.987591581813 14.228786959057262 73.68043369241573 118.60900341749034 54.20509344339463 86.17133785642622 95.11936507187255 72.80512120540556 43.96961976263116 108.22075782203015 54.88995597531046 65.63861066839678 72.04787217064062 107.58226068225484 61.02759188488407 33.43141010969857 124.12050670508256 60.542858501261925 17.367375572268717 104.74242550072638 93.44111167305735 71.76871061438572 37.09095722124802 25.36916815434989 49.433279312377174 82.31586930578516 116.79192780452651 28.283588240887006 8.557741870237075 43.34419497727575 78.84424037750327 114.39545425119177 42.74836553947234 33.030713673357354 53.72916189204016 84.94002078799076 118.63802479130844 66.76874516513833 60.8022729375505 73.94526803229866 98.84849083112934 128.86535925851925 93.22950553496447 88.82990779201504 98.09083631269756 117.83428894031329 143.80568471418655
8.16250633209797 32.22991725634173 36.78713422290519 7.568759706430301 47.2087295457447 50.479581560983334 10.829179496280627 58.63075030212499 0.0 10.266906759274985 31.448722293581717 15.648745157730973 34.71820298629978 26.495354131845332 47.678206942693706 22.62305960160564 31.396470416889265 16.399458989229156 12.891676038681164 54.4625213900598 12.694386100643113 41.501813144994344 43.757560785217876 50.7461593261294 17.971339254166626 26.520508199711713 10.229130922565224 14.619939931050059 44.63209818735438 2.1339197942352057 23.55673922622538 44.96900861011321 14.05588596547903 31.963286950142734 19.524388058158085 4.021549743800733 17.354110563600315 53.00167602456448 7.9976147823767665 20.133141256466942 13.307510510938515 36.61669337636432 6.873324109688292 33.158839439072764 65.45440491244189 32.04519521388407 54.29373896571129 3.288764042188974 44.38063342778796 25.430559836240587 14.238508247724905 1.4388663583197479 29.04700300410154 17.03608377433909 56.93497429756246 37.679837708891164 34.26216908765288 19.56144636423822 64.05886186551598 5.573068211224333 18.763065547118405 6.432291495897088 49.40992205470276 26.057236306460705 51.06316050804375 3.288764042188974 16.377880581821092 18.796820160792365 45.138287793634 44.895682407175066 53.04409534649417 38.41186489085751 16.076256181722744 48.31430191300381 50.31258560287747 20.34752289909457 15.824364893340078 40.6635701946917 47.87659500026201 64.55046734621395 15.563531032001855 62.64410332954323 5.222784545893043 27.72680879583893 39.12680876187313 32.26793277067079 22.76179369804575 53.47790424881125 3.7702944785641552 22.44239756454883 20.20750284370745 49.95697673292426 9.806969292044851 32.09091406400987 72.93065244811949 29.78545242438519 46.62377790237616 49.93076218790739 35.102975454349995 30.271376314058777 94.92039081812806 67.1847740437764 50.49620921788466 55.83995379871977 78.85742671193444 83.57470754194566 50.07726388319361 23.726234397836546 33.91662222174014 65.3447897744256 80.87200144190145 45.4694428747973 11.26366377940141 26.80448239393229 61.986294447675014 87.61593699227097 56.506924630179455 35.23776088056504 42.69138317785594 70.25379525913281 101.9484317068409 76.70955115961752 62.50887623349898 66.80191490984359 86.88937749586127
12.060078553260269 42.43332177226402 29.088688989877966 10.428538420180063 37.071147392080576 41.64291206908473 20.855148270740013 66.7818903194538 10.266906759274985 0.0 37.7670261941152 25.72914092726717 42.38305887032924 29.422045082458826 55.487833471770415 23.365074067302082 21.33919794235913 18.77314967665651 20.731018785815706 47.005119846295536 12.659630367941986 50.133606654429556 53.44039865692838 57.563771280251665 10.780469075889872 31.76350957806309 14.736853155116027 14.419216297497263 37.16863038505043 8.213341184330641 16.871987579830172 36.35369590373895 17.041828729035377 24.712909782112224 29.418682944467108 14.205085437193404 9.058038698101413 43.55240237069851 17.311625869630593 25.536209969955443 14.019417695235827 27.35464929165757 15.50648501307647 32.414105844675284 55.196021308447555 26.527471952830766 64.06704039315298 13.084464874216012 35.451748346768795 31.84554616587809 22.61136708087303 9.977377002731846 22.511365061375866 14.008992900742935 46.950325804089786 30.024849131514173 38.744580066024966 28.307461827618198 66.24347410215964 14.9374385596521 23.454967266740226 16.467191823368633 56.32171301371933 26.832928050667938 59.94453894780009 13.084464874216012 11.42455984885722 21.19074005826242 49.18258189747671 37.52502714859739 61.236506183550624 45.52157070435469 24.764385019345365 56.34467180864057 59.41473430492157 27.715516456958568 23.00843139548214 30.592489962220526 39.215696455557165 73.74915444211334 13.173101076317344 52.86929682456854 12.940008231955291 19.827823302846312 29.22306410190448 38.16018191468015 33.02857525204591 43.40741949152502 13.572489074854468 29.254733653508346 23.575155017977963 40.85913635388206 17.460503925875678 37.247296107138766 62.667490618664665 26.29152035841436 55.99207992127968 39.85248662517815 29.528880803664098 36.16720472735237 102.28441781695844 72.52388433921328 50.88703916366762 49.51194800196735 69.60991682242263 92.65109244324455 58.305585419899394 27.33241750309705 25.035658516322577 55.12450220648987 91.00979934794323 55.6861017139245 21.244052908386585 18.27257937553633 52.42779838290265 97.76397685048319 66.0600688322706 41.25837920864611 39.658021291298944 63.05114660027577 111.39653212682035 84.78467853309874 67.08071129752277 65.90392791634862 81.9692587129929
39.1449589263231 34.86923444354542 46.317385377374485 27.35435724639637 66.11925689949314 61.05286299342806 24.453224465749862 70.94498448370184 31.448722293581717 37.7670261941152 0.0 30.795074192538728 52.92803532056821 13.342936634145081 62.90735771112577 53.095985716589354 51.9153749495521 20.2373631221304 18.667093901725316 58.657881755456856 26.308577629680126 54.42469994676331 49.54610582438998 68.86482782605053 35.86572790624518 6.819999600638209 23.040309648545126 25.401934768150973 51.03769324883666 32.13279727110309 36.5342192470803 55.64646297995552 44.316974639810994 41.94023378492312 20.715397253713586 28.762026545889544 37.60822800214881 66.24006989430906 24.191880662802834 12.290036068099823 24.897914108350893 51.90041476746101 24.651308502040656 63.82699120571711 85.18067419273223 63.26596099130882 57.06097203616554 28.46472047039973 56.50340346128611 6.031530072788992 37.74213788258992 30.476198525222316 38.44544951228276 28.947084951313773 73.34993729522252 46.772549514573306 59.73184389090437 39.23124195565727 37.23445149489861 32.86370405012764 14.57958168961282 30.842925439136618 67.41564254617036 19.331620740953934 60.87769156830585 28.46472047039973 32.08607322411433 18.540723503916112 16.341262573969377 50.90453949890259 65.91851464666541 57.5511448645974 16.929171504887872 62.5833736031876 58.968259202961484 11.373269404295252 15.633287871910198 59.73770669662427 58.15344917873308 70.50694007372915 28.30552257044172 76.86052205049927 35.04501778122041 41.41227981436917 57.19337348590815 1.8962523771666284 27.6398747829224 71.02847628348596 31.838729917711852 9.031280541578434 15.701436087511519 61.83370517790454 21.641764748740975 56.7586692116808 92.55478183518663 61.22952834425494 54.240866116586005 67.92318665771563 38.843085553441746 2.2240782698822583 107.61174407327958 87.77699400440764 79.75833914743153 86.89110095726079 106.16408508024391 88.54166969511914 63.240708668541494 51.8777627877388 62.5729365621091 87.58765658846622 75.38897436226551 43.16912695387198 23.99684674853203 42.66524172303981 74.81307448602573 71.4983924484676 36.02056214671157 3.892607931276574 35.56732517555594 71.0431387839307 78.26383353200644 47.97021495798799 31.768623837506052 47.42931004803924 77.60169776603867
17.015540425671304 16.79035697710735 51.64838591531093 20.8784119314348 62.792928776490115 65.8008362823372 8.537087326700105 45.142903237164866 15.648745157730973 25.72914092726717 30.795074192538728 0.0 23.216307613996293 32.57495217628102 35.061610166978745 26.30694364561136 47.012560839280184 25.897837861379443 15.995143052340946 68.91666785332191 25.521337290800886 27.679926062340677 28.31527180463682 39.718679313924106 33.20055768851792 28.980079264737775 20.413966591270594 26.951253994172664 59.22270876663296 17.78266495196618 38.31566137667871 60.21359958262385 18.820410734010434 46.69057130431683 10.70227634735689 12.237667462100942 32.86914114545905 68.56836914668166 12.376458569235911 24.189738171625088 25.39944615404142 52.16453390827029 14.256357085661298 36.425268584967505 80.8303438269274 41.47921784979481 38.74120065638796 13.745525520669394 59.77359577498527 25.913477540217663 8.330818183332307 16.407995648681833 43.48387327115203 30.600103423513353 72.57725668368866 52.50113182158295 29.043034514011456 8.441728109268555 67.57254276503222 10.960573205690222 24.462869946983783 9.268239400157169 38.28411817616164 34.86822457999535 36.60113201808695 13.745525520669394 30.961918604158296 27.485174976926906 46.92465768684545 59.42245160373978 39.61438775218229 27.66543650183648 14.651161737600127 35.29312817453432 35.541945380520666 20.38432397956616 18.45041077957286 56.27957592095781 63.12484714106552 49.53417893851926 29.04788488080187 78.28319680396444 13.534909352469365 42.86818199281086 54.77415595528877 32.332387737507375 8.543558651549935 69.09766199427831 12.157073822453706 22.974950290108037 27.275922735062682 65.39906747592275 15.886652306659357 26.00846776254642 88.26708797869662 37.154415535248376 31.532760697817213 65.54670974046604 48.67632334290813 30.696854091804862 82.10747546758567 57.957752701242654 50.08716648577963 64.73412526078442 91.67578348418961 68.61416203844003 36.667776822440246 22.6572200824274 47.057141079842985 80.29695244010692 65.28068555318669 30.0398946240967 8.68521119345171 42.1981134607284 77.57666483887458 73.50276737848296 45.08585631802203 34.568757700489705 53.753609363203694 84.35691418833133 90.17264199648069 68.8148180574846 62.22526968852556 74.43534359348492 98.6984688188382
30.3890849557537 22.880115523708092 71.16098933869927 41.80614117218568 77.3375220259801 84.00047377057378 31.58882033256006 24.482119179448137 34.71820298629978 42.38305887032924 52.92803532056821 23.216307613996293 0.0 55.7896742469019 13.10484402734878 27.291094890664642 62.60828646646963 48.5464996266464 39.15093813367928 88.9990234938322 46.91056175153597 9.770674629895778 19.449930213770717 16.5302857540197 52.293082380391134 51.97643235173819 42.58303526520203 48.638150105204076 79.13861551095981 36.526252309729955 58.13741507340892 78.73654058436304 26.793802017409984 66.47866068432343 32.229301622695964 32.94678719363271 51.170355022175386 85.51654372134435 34.87927913873002 47.40284043177031 47.144741957857434 69.61413588279333 36.38636602439354 31.90828596837587 93.31410998939008 44.53323121918698 28.520489447060253 34.44760828126706 77.80069621633557 48.651140919400746 20.483967942099465 36.0022084328437 63.70631584146224 51.63782371524529 87.69658068621254 72.07809544234911 14.672393760713188 15.621072834085403 90.12423526048288 29.18511288506933 47.64308701196469 29.159119774175256 15.10844490856613 57.859680304853676 19.37094970655591 34.44760828126706 51.076870543052735 50.3617180927265 69.26526810188957 79.43613945329109 19.015668553305506 4.637152071024495 37.74555030824619 14.035966398465936 19.85967373758261 43.332727732725466 41.66671830112164 71.43467600885843 81.59783926426265 33.58099209835278 50.12080043120178 94.16816892466004 30.023048389537763 61.93612029960859 70.64667655491836 54.625922086005154 25.570710494175135 83.85679382082292 31.066440490881785 45.87205253328218 50.38791315676629 83.12529546827622 38.62200373523374 12.129405790551877 100.32506586294896 38.325263971403224 18.59788417512086 80.36118797754277 69.80200120174219 53.18190350412421 60.207247311758614 34.90978217486452 36.66966303476367 63.26789482505558 95.88107152356211 51.561795174997776 16.17090789721078 19.91453378621994 55.35241550985314 90.90325628256932 57.31956872986149 29.70705395903943 31.80696691859378 60.605735935358574 94.16275965423544 74.19986457801748 55.512971906767746 56.47931174264666 76.35632074909115 104.89430508203397 96.5336938747164 82.81857594651765 83.2535479511822 97.6497016224429 121.12741002669858
34.64940600943612 42.139754935664946 33.02089782361346 20.005305438711527 53.35879163235686 47.71129787248121 24.30166529152551 76.73491348519242 26.495354131845332 29.422045082458826 13.342936634145081 32.57495217628102 55.7896742469019 0.0 67.3585891200486 49.105049963195505 39.86770699991938 10.714939307345071 16.72920785031166 45.59132976849864 16.787730103990203 59.44554881872021 56.85386765014045 72.29124564946912 24.622086339436528 7.11306598078732 16.31091250591977 15.200039414165536 37.73276132687968 26.286478282672768 24.059625640928225 42.31985000065874 40.53257754101315 28.752264274518758 25.33772870288798 25.407934660380004 26.742485123502846 52.94619255790907 21.76165424050147 8.45477037659338 15.404865025390897 38.96026010470238 21.011004585383287 59.545956204600046 72.30706193697716 55.931892957602436 65.65734921832482 24.433802547743202 43.22273967276711 10.833479142508308 37.25813810947059 25.164258096855615 25.32692296812967 17.601687845711705 60.208818166671875 33.45551231181307 59.394144001350774 40.536513702713854 37.5830811661785 30.01481238158825 8.301988483686491 28.687910922471215 70.8548690884201 5.99078829860251 67.28272213728947 24.433802547743202 21.005357773612612 8.244898206955925 19.823390706309866 37.614787044454 71.36749139809666 60.206938781917884 18.349448867677115 67.39994047779692 65.71090215725229 13.635201329049067 14.129605196866356 47.13641277958901 44.81304670905989 78.4860031114114 17.45594704706372 63.562757694964446 31.304872047824155 28.675562329079145 44.494652732637974 12.43337784811665 32.9217319321218 58.02152261936657 28.42353523352566 11.785558253098172 6.28927430279435 48.51270218790129 18.0579600232971 56.78261631393138 79.61322002095596 55.11822412988687 61.153220598924996 55.00771691841297 25.51875106381419 11.118859252015328 113.8189028858816 90.40959080332233 76.97491376829313 78.79386002744522 94.99420610782948 97.16008731151355 68.50083369922682 49.76755068993855 52.85278819498839 75.11450307541327 86.62846116248156 52.6784318406682 24.03636127362063 30.210573146086887 61.48018689611623 84.54629238840651 49.21343382792388 15.101602968275847 23.798415617015333 58.62491441475963 91.49239637902215 60.27618903575475 37.78576854580831 41.88668780785741 67.92208696246637
43.487014855508114 29.290485315444535 84.23593878583999 54.61397346499898 90.17232544442228 97.10082816846241 43.59495031863563 11.538445572537428 47.678206942693706 55.487833471770415 62.90735771112577 35.061610166978745 13.10484402734878 67.3585891200486 0.0 39.142090788711705 75.61312347390357 60.87256348200826 51.018247025162935 102.05278483077852 59.66428551521293 8.697076538767497 18.469485285079635 7.719967916329406 65.35878056431523 62.89002845657159 55.09458446377489 61.32979038619718 92.19618034657053 49.53289133392351 71.16785135240026 91.8413708677616 39.70780371350283 79.52908865280797 42.680628010720426 45.68141275745927 64.26533817080777 98.56013035823308 47.207701169862524 58.90512082371421 59.812918787558374 82.70433154549133 48.861190375492114 41.627759462442526 105.74489072833539 55.70870901787906 22.91588470833827 47.20880131197066 90.9002199932537 59.29107693951679 33.4482004031969 48.92843281730686 76.71180311920814 64.48667440354511 100.56091792263578 85.15042172009072 23.313991484712147 28.27362337529582 100.05089233480173 42.11729205470043 59.42256485771073 41.91955686597999 6.672930298680233 69.92727722895418 10.40679397748636 47.20880131197066 64.05534951029568 62.53697076977678 79.15224890888138 92.48636555271007 6.432976053752978 10.6882726342402 49.03992481046335 1.9037665971368811 12.376732533686681 54.31890376708715 53.27783361294364 84.3640308270882 94.70229599863438 22.876681309382846 62.95596513958318 107.10206876617796 43.07884283364774 75.02117910250387 83.6439838761373 64.70889802938483 35.324668979408266 96.69045136723652 43.981347871039844 56.7466866251129 62.3022732991052 96.21254041633608 50.86570844228956 22.131498820301083 112.63467388549206 49.336832646853644 14.560975948777521 93.21567221644861 82.69066003224864 63.47469835845738 47.29805157172372 26.346736885469753 41.029164319223426 72.14451485046312 106.10592178972519 39.43650650104108 4.324516621008111 31.849266756244013 67.39629879838172 102.96774903062582 49.7166805516708 30.43984972973221 43.744858758061504 73.70775382193318 107.16457142193926 70.61575441700005 58.461509860961506 66.18951457838975 88.74962470855608 117.91556415566404 95.39185175907043 86.55663675580794 91.74177384007203 108.96380354570687 133.64775945993173
14.460729733216004 39.86136430362225 51.19001819928797 29.465478059038567 52.074918266864415 61.57141006037284 29.071666963615396 50.60093141413433 22.62305960160564 23.365074067302082 53.095985716589354 26.30694364561136 27.291094890664642 49.105049963195505 39.142090788711705 0.0 38.923486177118114 38.794346050470025 34.54945246783185 68.8296654732559 33.988946384246496 36.93029989434863 44.61756164793131 38.71403426644712 34.02558326451962 48.84209539171121 32.801402902573955 35.986969176912 59.22457819327727 22.91657844531917 40.03971470592354 56.94201251308926 8.79085153026682 47.34013110995419 36.14822944938037 24.45223878506856 31.995713162810787 61.774989088083636 28.93799902079621 42.554080583897445 34.9943846132171 47.17664621148214 28.798235987667994 10.731234989385044 66.71881094862452 17.51112973456901 54.84158590163089 25.03190315241289 55.48334405566426 47.22949434879628 18.03752888107844 23.940795895518622 45.574589182831495 36.884437638337225 62.491342080957274 52.13094283628242 17.5210603191861 21.28219594011003 86.6794019710509 20.234306696671634 41.34564093513476 22.32730121358419 37.750065682882976 48.22418515025198 46.66178250701373 25.03190315241289 34.69519988600144 41.25523995708825 67.59558850334658 59.65761709257731 45.527976485719996 28.45919831964404 36.406443678202756 40.54447609048447 47.06792002583713 41.72425019202311 37.66986690598747 46.83405845153982 59.5946171165726 60.85805448920115 35.758596531459865 69.32094714760206 18.163831508322396 42.20209021258404 46.65187722941034 54.15953879876344 34.55417267343975 58.52679545619452 21.328733983968196 44.117129221482934 42.81580763810643 60.22710764174423 31.92664429908035 17.35705136040655 73.52605204170274 11.75687363896171 45.179184200118 55.170006581450544 52.76853838201726 52.213907766061105 83.12244375653366 50.81054472445837 28.040650709776372 39.02615235225849 69.22426511468421 78.50780949845905 42.928735703064675 7.381569710031919 28.254376992037045 63.83058117028232 83.66152566934014 51.679534792989244 29.571806888424224 40.129829507520945 69.84632185924926 97.03925734994323 71.17133051491861 56.9758185011441 62.92276446605752 84.87902844239792 115.82503582494034 95.00785291343362 84.67354179596883 88.57081134160487 105.12864470993516
32.495911524647795 63.61452178481875 16.36576930364094 28.399481715210783 15.843274289550171 22.773848939517197 41.346879193294775 87.0832214155413 31.396470416889265 21.33919794235913 51.9153749495521 47.012560839280184 62.60828646646963 39.86770699991938 75.61312347390357 38.923486177118114 0.0 31.91217712375384 39.00563710549695 31.48374710703908 26.566770285351243 70.93683144464885 74.75283979567031 76.74058696851961 16.359201001066094 45.124980277237036 31.710566520318245 26.884777197154666 22.99782524173293 29.2697061590053 15.918634201904224 18.680605154231277 35.937204848872426 15.653421206697978 49.42711405721715 35.12585263485561 15.28568001103913 23.027988513641326 37.31104478137426 40.256566361455015 27.78916990978471 8.949266872628687 35.23919275047536 44.22605435862987 34.55536962258169 31.191853142101973 85.39366744893049 33.80081954023678 16.869432204150655 46.83879215355286 43.67573349539849 30.8135393218493 17.109472463631846 23.00191061158508 25.614491985632153 17.108525609905666 56.27412602546389 49.4006943055365 70.49731633709725 36.276636502011236 37.78724336188054 37.74559672408696 75.61561530218667 34.66317235410893 80.8511351343558 33.80081954023678 20.076936714416338 33.3832425864952 58.37462053227326 23.566191877084037 81.61936743287646 65.23386249485561 43.43804987014771 76.64322279372469 80.46139769821534 44.495132649087765 40.25509596500862 9.267702258121437 21.064431027620422 94.81423911335408 23.815508548230667 31.684876111316953 34.193835309601006 12.22915092577993 8.04202666499072 51.612617811168754 53.96245407270678 22.085143655115356 34.8762928745188 45.12753407890884 36.21853975167877 21.315769847156346 36.13646200027454 55.536057682553015 42.08036556391807 35.123775239447575 77.18823042469549 18.53529898969783 23.128680113585094 49.86070367357349 121.53543501308918 89.72170565447269 62.139140492767055 46.95451961828579 55.50087261024346 113.59528765849207 78.74404924460721 45.05069021007122 19.766324125301644 35.83369831076767 112.26842143402286 76.83594015293228 41.65974649344781 9.97581011696117 31.554851100634874 117.77863227117581 84.61330048421217 54.58203891230296 36.48522001801092 47.0672661526769 129.25417062051827 99.83736996074678 75.89787228105165 63.918701133768145 70.30533731930637
