0.0 111.47631699554702 43.861539322244006 60.933223515736756 25.640182029967242 108.45160651280423 73.93229740945051 38.02373018502893 88.99324807349437 62.76811315639601 47.67430126890868 52.78268174885274 36.659779591391235 61.99929289735384 44.02848259300569 79.06238981216366 120.92212167337453 123.36725399817283 20.15019171391094 70.3758189550415 29.052774629522023 64.9465074769355 135.26994188902168 49.80102095768442 97.63191224142493 28.24035018476178 106.20885541015187 49.85555871824731 109.13448129132155 15.68644612976531 42.32800590552865 123.79263155420634 46.594671407511 108.46841416473556 98.73065591927181 98.16231728019785 43.389702482799976 107.45469360260803 57.459001688525404 32.42651368104696 68.14784039928355 92.13614161745072 91.75826196581735 99.30947937578864 96.05883186675862 55.732236537711145 109.54300874166292 86.80891093170302 55.94297346817859 69.47374564642945 11.642746158788503 85.32822312668452 23.004751225148947 90.60794571590546 37.482665221845856 99.91979584713341 46.25221018064328 62.12574462216234 86.96364921713942 57.04397834212411 91.0580795554273 41.42905945338914 48.26876014187033 125.3787972332905 55.83995541598317 81.14924460126782 119.0665384437792 79.06253326656564 21.84670111973074 10.277317993332183 12.739520706103097 65.07855276647123 128.6440971979203 48.2607933522297 74.07232075758054 52.82202468476768 73.36196802152126 56.181527745649085 103.91891931210996 18.74412305113164 54.803352055990395 119.63217397243963 52.41409485028542 119.73525658670536 98.9311945919091 62.51299019239389 53.72047405080105 81.65928861338337 53.10678548508426 26.986673444455967 63.38477220839659 89.31418301458173 104.56959201595299 94.49754784359988 88.06688346628837 66.45122594204 116.82216572423356 85.87223312706743 65.89521592458742 70.02502426349211 47.66768728912318 47.28634825498824 68.78924190755386 98.7931759954819 131.60696863187476 23.963680081829303 23.537649464364463 55.371380807560385 90.05645214876247 125.24593895736338 21.99510973532902 21.54991673020182 54.56391420444 89.56701579756042 124.89790898021228 44.73023784319808 44.35242614266128 66.82557594222743 97.44923736215556 130.61097385131166 71.59050530983512 71.14880434203916 86.78257877899284 111.9481634900342 141.6533739174073
111.47631699554702 0.0 73.5041240246315 50.786444894030915 102.31410251484162 3.101846022275998 38.415571214016026 73.85938939569259 31.75954530016752 61.21641908188825 64.82444697402534 64.89919915673774 88.63483870081676 50.537199661670904 87.19306883489551 79.13990378667025 23.31054537234922 17.881879720501416 99.57101866915016 41.1156922903832 93.8760472288898 63.182590850247244 25.50421024060089 85.04566911050917 14.799391159640328 92.24671219902088 27.412408312652506 64.03549291635176 28.413936558488942 109.61173140473362 76.27328257218633 22.841604664882322 70.55443706868262 9.450348500047676 15.06246008003447 22.828388338030994 69.2730916719354 8.864711229462545 54.05395824259891 84.89832720726515 51.11882354428024 19.926205845122674 23.07888672209767 12.66894112453995 16.655280105082827 68.7501606638932 19.75810629864309 25.245217158525346 56.93514088869799 61.9327318551641 112.05914949615642 36.47803917138646 98.21104785924342 21.33919794236055 92.52425552675932 12.331915161452141 66.18496302975014 79.063033299573 27.18586221231588 63.64481050721948 21.419913609544444 76.61501156442414 73.2360985484488 20.702702694719186 60.31435896299226 70.37341310916898 15.414616618396886 33.43716398134684 97.55816349410719 102.23985794333834 113.7846006447437 54.64119290200466 20.152568533593584 79.78403541584801 43.01675758136778 62.1101816261305 39.958691620998586 61.45821433570157 17.627746781146566 105.99251330949626 57.86289768291646 27.74545403006002 65.02795300154457 16.33489466942966 12.803518765415477 52.87129969108678 57.98687472775206 34.54085656312893 59.19901223709994 92.44330764038 49.400098655215075 31.477507995601474 22.191099271133567 18.517586539257383 24.43506405908356 45.68100547467751 15.870467393868891 25.655076427129668 46.30168715072288 66.4901320634489 142.82714785019834 112.01480784985101 85.01275446422734 66.6269307354938 64.67809221696162 132.63902233961835 98.82976821671947 66.88587694150436 41.3799781776115 38.51063834482748 127.85590943456425 92.37481711016109 57.02008187862686 22.398265141331503 16.86073746493848 129.08034353568206 94.04647211530738 59.665283617984485 28.414020189507077 24.227470769562096 136.15027310582792 103.45144528486931 73.48245944085131 51.276776527077985 48.898971659553965
43.861539322244006 73.5041240246315 0.0 24.99474778680469 28.85419866933367 70.40311637191631 41.395124864656545 22.335314007495263 46.65528852284571 47.75652262454688 12.358521454971802 9.268288456968254 45.09726123952304 33.17595053389186 17.268516619877662 41.458961136880156 78.8743579163973 82.51485140403807 27.14727785124775 35.49043200765769 20.41899165376811 52.001901952571124 95.06095155524166 53.98894097692835 58.78620543189099 19.013120561981864 63.382980012925636 10.364636034488564 66.17792552935838 37.251526142591636 37.05931195856022 82.03727463776544 35.40960120075709 72.96654360505879 63.53764939928598 56.487198277806534 10.085228734619708 71.70770494028865 25.79266711189873 12.108604213819898 24.92726288904308 56.390918130990805 58.43271628709628 60.83925047841413 56.992193179557866 12.876822404469586 67.69671567633794 48.315667141982445 30.554967064363634 26.294580265516384 40.564189439062936 58.046354171106785 25.28443400683564 54.864408444095766 49.60271942089487 61.236956871411586 11.859142437769139 25.594031939670067 46.787679578193696 13.182610781616088 55.93244368836579 3.110976275031487 41.29821116420416 84.20202473112512 13.346000363855124 40.49433053764768 78.22020136982033 45.79583434371248 25.023318304596177 33.58640329816968 42.04324795187281 44.76991262324439 88.24060152408529 47.973070860871275 31.91770515849231 11.450321245372482 33.54568737991717 12.864924186901401 62.691894408959435 33.210177913839686 16.98526622466161 76.94449987784084 37.15074034616146 78.77211654669185 62.112145441599424 38.49847946192265 19.50304003038604 51.699762809613524 27.518200663041764 19.46225013531422 24.47274637519697 60.128014429361635 62.496348463103274 55.20439733595204 49.072832625946916 28.576062312262277 75.72571263796122 48.5369778503247 34.953629578322015 28.035448965421658 69.45915386579712 41.93762605678112 35.00203804065273 56.7777123441725 88.05942502046722 60.97310910046565 25.735895372818963 11.796736788681864 46.348679571729235 81.78904332594202 64.80831091171464 33.766693282631934 24.747980282005628 51.15599692772788 84.57901664083032 79.19430631426074 56.50041724882182 51.42970252431664 68.04329217658731 95.63954764491056 99.6617569229967 82.57446669350995 78.97279640040803 90.48174323287171 112.55786249187254
60.933223515736756 50.786444894030915 24.99474778680469 0.0 52.683356922282094 47.72072644666522 16.432769769105484 24.476056641220772 30.58490561574613 31.090172601838525 14.255825940500532 18.94763110233042 44.89262414735744 11.356009347534954 41.56070131332889 52.709251037602826 60.918029741972035 62.60727932973422 49.13286126372791 10.579671256958811 44.381763415828665 35.48401267740467 74.34843945108146 47.6443236560366 36.706990341000704 42.431735406879504 47.7179744335208 14.641938847988763 50.804441975703334 59.04811125645658 32.59405136448151 63.5005380975111 27.64365613834529 48.90999458099659 39.25606078637294 38.31624165920031 18.65707280707503 47.73843473413758 6.117701044396164 34.99331970771441 17.743219083209542 32.22665987518216 33.59581635634634 38.432400755669 35.12564227306643 26.850258713206514 49.554170232743125 25.878963424025272 13.725028108323846 31.045204128075593 61.319555099809264 33.599107665000446 48.028482154568536 30.67515189798945 49.55090893518203 39.0161839494618 15.546588833195601 42.22211258915658 26.38474275771915 21.256666473905092 31.51881269865813 27.927468693965384 33.023221120045505 64.73187220153359 14.649025174080725 47.45662966009995 58.33044482806356 20.823626154329933 47.19224703103146 51.49910537266536 63.06781045467195 25.40741164079446 67.755928115978 41.0577843737164 17.58041130613965 14.244200167922271 13.340897033137018 17.026073773058567 43.54995351109632 55.62374513205461 8.00948181102745 60.46049278522981 24.956588420555338 59.038447640529526 38.56160767985789 18.501949230160243 7.2225500054190865 26.88088932876053 13.271523620005704 42.41300934009839 5.222075092281331 35.26753425848796 44.9526087326153 33.576194411276546 27.14446507948895 5.82626199415594 56.20694504719427 25.13884488946896 11.0085044640159 35.83011346621716 93.80853295076155 66.74273488402224 51.39359693130872 57.96695862774465 81.30923760838748 81.86932341494204 48.753517567530125 24.154189737488217 36.36130273540967 67.77214648623935 78.65583293987888 43.196307735995454 8.792752718441816 28.65160642109603 64.0056806263684 85.1617983899769 54.05245870572006 33.511095611216064 43.08720942692851 71.56962032441709 99.49824754934181 74.45862825154747 60.9951499987177 66.54971279840026 87.57542561199229
25.640182029967242 102.31410251484162 28.85419866933367 52.683356922282094 0.0 99.21228662157107 68.53546814273928 37.72204151038965 75.05720321905699 67.12703426530861 38.52751859336503 37.82609919854771 50.32269552909138 58.36894082691568 20.712166832268437 55.15738251101909 107.15275202292091 111.17916274995137 7.600760798718062 63.23903463229197 8.439764536145953 70.59391778241638 123.80910426494152 63.01398428598482 87.62354165875301 10.260614542422537 91.28650240783693 38.43679066993666 93.93585013401922 11.47826289926719 49.43666811207835 110.42874490714519 51.16334507261583 101.43106011536203 91.8642336611614 85.06115670519452 34.3122837997891 100.2102729725936 51.730369626695826 17.692788226721618 53.14532224504225 84.76668075238982 86.22034633761594 89.65759122596315 85.83680065836126 37.036238212766136 96.13377433682454 77.09052921597225 53.8053786963448 49.890739125702076 16.173057487780742 83.7249545073054 6.085359299776016 83.2230067496089 53.232507043819886 90.06993025440859 37.35636269597154 38.83667088006091 75.63814021499422 40.431526891569504 84.1607478766182 25.749009546401233 55.430346249468855 112.77986418567477 42.17569352972242 58.59994692217864 106.90042840411007 73.3132574239969 7.892543534370006 18.638478978282187 16.766903686129467 66.66270476213764 116.97369668471187 58.998990737502794 60.57249457136692 40.20412772983893 62.369629331302015 41.41596896636091 91.35221727979587 7.2159209571235206 44.90919716743572 104.83942249539403 55.58407285851921 107.42470744231498 90.73933178970736 61.77677716848531 46.06296680109842 78.22291029258977 50.51555319448027 10.47203322880728 53.042135942440616 86.58827868632314 90.87382056946831 84.05446862136935 77.89627388940629 56.99706998529818 104.35833766088884 77.14745444625534 61.196638895316205 49.05577939012792 41.1749412045805 23.634010375010252 44.20358131665618 76.69123970492456 111.09156306731687 34.0069249902132 4.973281141163545 37.75190990713296 73.19761250386173 108.73263010329623 47.09962242549435 32.812236617006576 49.669910649293065 79.93588611264083 113.33393342269983 69.86434219600496 60.94452334666215 71.27115392258068 94.74731487464256 124.12358279747907 95.6257094622208 89.09186462154223 96.2418327162107 114.5411121671743 139.67422228609016
108.45160651280423 3.101846022275998 70.40311637191631 47.72072644666522 99.21228662157107 0.0 35.570750209808295 70.88488699737094 29.008914292144425 58.83597541421485 61.74046595193208 61.805937160279065 85.94084652672997 47.66160055258483 84.12944790702731 76.54335974975189 23.83028396949954 19.429423889476897 96.47612324659016 38.11146190550754 90.77426036819385 60.93608771870413 28.073602359117864 82.6119522860376 11.724159526495955 89.14528016303025 25.965174480604905 60.93608771870415 27.264352965399425 106.51992912043342 73.52994422662675 23.84271396681293 67.80683614065592 9.514031736946693 12.954857364644754 20.42834337106896 66.18934265413054 8.525015979232773 51.05173071055127 81.7978464216856 48.084009940060845 17.172185941140224 20.82581526407274 9.57140313783342 13.589767594511816 65.70754658722316 18.74766810271971 22.145136937971728 54.062885582481286 59.05680340903596 108.9788453051065 34.55911574642475 95.11182799407352 18.535428606567404 89.8781990835923 9.258020803536434 63.103188473782645 76.15884884829651 24.134899211321834 60.5799513495266 18.75157447526655 73.51397954269093 70.60667056757018 22.22566249750628 57.21716289701898 67.82107664482317 16.417139987322212 30.64278272568407 94.46183851792749 99.18862971435597 110.7017009210728 52.1657225325288 22.3895259503222 77.25976800490156 39.975638908408385 59.00839355292453 36.85791060982377 58.36957999657244 15.71396101106023 102.89554904572665 54.77122911595419 27.79750747008942 62.3338663441366 17.357549858658924 10.034895142901904 50.178652758631706 54.92607223112137 32.15725055128684 56.279408442900596 89.34306630075446 46.30198456807082 29.659561617447377 20.508889856154443 15.460722893911779 21.335664387256973 42.592555715771674 16.34298092863095 22.601123715714518 43.40750960980338 63.66193285934193 139.7320347034087 108.98039326675355 82.22251531231638 64.6257630477053 64.22279808797173 129.56310759245525 95.72945613312984 63.826679880652875 38.9326049652406 38.59840367868762 124.93954911155514 89.4344815787834 54.03121401907217 19.298386242809954 18.912783108167655 126.47128031515639 91.54226259070577 57.42115657952639 27.323888689348202 26.985233943357823 133.94722232458548 101.5307097695822 72.16144973111486 51.363681466804096 51.003371134747546
73.93229740945051 38.415571214016026 41.395124864656545 16.432769769105484 68.53546814273928 35.570750209808295 0.0 35.94219156542869 29.592685468290245 26.66356620330948 30.06074578971729 35.12019521371405 50.67526135646621 12.156650683148259 57.96414760163788 65.26491558196858 53.59544821475028 53.109404870606696 64.39683179630018 6.596362136845389 60.36689764959378 30.134255708690347 63.499402442715365 48.99385390481054 26.50478365624318 58.28203282753667 43.90758211048851 31.030628559351793 46.920871171434165 74.0350156992824 38.11948389083567 55.421029557239656 32.39906066525748 34.543844130847695 24.823704387746716 33.19661093111533 34.22387607810992 33.55848838648771 17.00577018871665 50.8823542774098 28.93654474667543 18.53581827200973 17.98523362538998 27.483398083704568 25.50007311052389 42.40414567054093 42.96069011889309 17.29538299790036 18.536241778598836 43.462228346360675 75.84328698689195 17.770257631356948 63.56810252447714 17.08270531869157 54.80886979556087 28.299470214018395 31.186443677812004 57.127431289012726 21.21259497030429 36.6502843524893 17.252014234777533 44.285616675259696 35.767238371098955 55.601983384108074 30.571797153320194 58.653978972215725 49.091454781355914 5.132953609538379 62.56282720307924 65.23083342896133 77.66507768269551 19.48085387693446 57.38746989055628 43.04347361407568 23.872358660530853 30.61406295766535 16.35865949597182 32.74555815644128 36.48918863377115 70.90925729095132 24.424569200691952 54.63892393426686 27.204873489488147 49.932276668277346 25.6145858665472 15.298464208330303 22.485213051864932 10.596149098846478 20.966771876060623 58.13023737240361 18.592123137508747 18.880691652068126 39.54301377502765 24.60003219764521 19.154166246414672 14.611515391717191 47.52375868201799 14.631207693379851 8.045650643338243 48.61622596280756 109.70987500594599 83.17365861085327 65.81478873133828 65.40216711273209 82.1914145676559 96.10197545682819 64.3707563648815 39.79678175862782 39.448173309207235 63.72376238313593 89.5093120460031 54.14293882365168 19.57571264618479 19.16165562816796 53.6967353465882 91.46205693331939 57.28452774377961 27.017198665294078 26.656023209799447 56.7746489883804 101.46793772614376 72.06769204037958 51.22426707113512 50.85530739702487 71.27946756575518
38.02373018502893 73.85938939569259 22.335314007495263 24.476056641220772 37.72204151038965 70.88488699737094 35.94219156542869 0.0 54.73501626949107 29.44162446124733 15.191737849752574 25.98370139717 23.625358870345014 23.976776507153875 37.17449623169764 63.235591341526195 85.38429593822497 86.81511915756654 31.648604264936985 32.81611893760802 31.14753991076552 33.06804508936604 98.23111568650806 31.653636323084392 60.49010386521139 28.554729729263 72.01824704584598 19.338874426371344 75.08540693176062 40.09963916345716 14.769947073096334 87.92358622798942 14.141732329134138 70.48577941078639 60.76259191550913 62.78809201370905 13.375557455173421 69.4952957956951 19.926489854044966 22.785459424470734 37.1807347982733 54.27819936956322 53.73453509048239 61.997054559840194 59.041754395260476 33.76785873742034 74.02770656373642 49.791461865507 18.014872084148692 45.18107820837229 41.044707577458865 47.995299763750005 31.81707170686149 52.766189026168526 28.336950809540696 62.672830049879416 14.158756635013804 47.88620083047968 50.815658380983734 31.132278464934735 53.13192890754439 22.94295988870367 19.538059586002205 89.01996935562318 26.044333546720317 61.07616808597557 82.57031574443529 41.07512954622941 30.295586863252712 29.766671327175 42.933859578861444 29.20418508856296 91.76698490334809 25.69990075955857 40.58886284702394 22.68357931579552 37.744861187103275 27.803617367783225 67.98792100018555 37.83499449169427 20.757104697974405 84.90466465246931 17.896197771960246 83.30672053093396 61.18300037574283 25.18410669390831 17.79630118689319 43.781153984080916 15.0890474835756 27.73997127683042 28.234186414903274 51.65746016348437 69.416775092052 57.61922416556949 51.22935376145436 30.293525963683354 80.5320373108535 48.469945892498416 27.897358467178517 48.29689906926646 77.53585909502132 58.16756031098844 57.334710234713434 75.6519743374931 103.39884787275557 60.71100912485488 32.85403059741014 31.70400594772065 58.84808092777435 91.9415316023031 54.33041484428749 18.768788569414628 16.880517923670684 52.438987024696885 88.01678163156231 61.72319657187188 34.67198601860291 33.566853636367725 59.862460196490765 92.58773162380433 79.11798259879909 60.24098840919745 59.417517765361794 77.22725794180324 104.54568636882709
88.99324807349437 31.75954530016752 46.65528852284571 30.58490561574613 75.05720321905699 29.008914292144425 29.592685468290245 54.73501626949107 0.0 55.871415850325086 41.557144526693676 37.411993023298905 75.29550204708754 37.367396092169024 57.66502899365675 47.703576068544386 32.22300886956766 36.311358243653245 73.78881804337377 26.469275340925982 66.7496216194162 59.58873305051605 49.143569847674904 76.56584765434296 18.48544260579464 65.59909024443293 17.350096479279152 39.14178134528477 20.382859095832547 83.90482305641953 62.792891993593706 35.39763886969771 57.499741057954964 35.81944517771855 29.853795450715744 10.215316436187633 45.67772448341424 34.39685030237645 36.245815833392484 58.732077167112486 21.913088643587038 24.846053501720636 31.08645833254261 20.776333274557064 16.779520414078625 39.012799578831746 21.07834925280634 15.177874687545048 42.66947598502629 30.396088330607682 87.10630466046106 42.19860670640814 71.92479231172418 24.2301433537451 79.88703735659057 20.556303005623775 42.969893382617265 47.59732213377802 9.558346254139034 34.71615759219707 26.09244394153156 49.65010531953078 62.28348977574713 37.76664571119641 33.524396111561 39.13205854900292 32.10240200016575 27.982795816199815 71.670201345778 78.96501011915859 88.63969329571957 48.7785667728063 42.28921452139388 70.17023362741487 14.9374385596521 36.28200350415679 17.33915595886355 33.801819328691124 16.686051707128033 79.85050088690436 34.60130151771733 30.642385621879203 53.683135138867435 32.54836983956966 25.425207827546377 43.40273483972757 36.94002624853312 35.36730467941881 43.293983120051976 66.11151657846959 26.5085677483511 39.7991354732263 15.843805130555037 15.115880217658805 13.737603462997027 24.848074588508183 29.45368870664076 18.516861246786558 33.636014494822966 34.78906565713103 114.12667875745733 81.6367125556251 53.257730679051804 39.24790345986044 52.69334857489278 107.60531286949565 72.3339277676039 37.65234492579821 11.636549068138574 37.219990512307355 108.17735444330484 73.17424013075954 39.22759937317416 15.979531161987023 38.78262509816977 115.73764193312562 83.8532217878568 56.565849891971816 43.59127746608782 55.972092118149284 129.06352081116523 101.30538817231391 80.00172848849336 71.20306926950049 79.19332807047128
62.76811315639601 61.21641908188825 47.75652262454688 31.090172601838525 67.12703426530861 58.83597541421485 26.66356620330948 29.44162446124733 55.871415850325086 0.0 35.89349337989728 46.44680504428761 30.127393197617906 20.080605562601132 64.62485302108526 83.26538453852513 79.39351332626173 77.75359076746636 60.78868794653978 29.637171966389623 60.53060109178971 4.450067879907134 86.69660466080155 23.883113577313978 51.95297174184879 57.95669473419079 70.55889939132705 39.541878527411015 73.5590491177972 68.46665974620676 20.483967942099365 80.84000138049116 16.495568917667093 54.66238200786683 46.197054759500226 59.822096287072334 37.73383794871546 54.16013507464973 25.717672255589687 51.799107671170894 48.784928766690335 42.11890388337273 38.15511453305762 52.41515527499642 51.288240446360504 55.24388836944822 69.20179966312736 43.822348220597966 18.316663384974394 61.944478282063336 68.58949604201717 26.318344128911246 61.16784344868229 41.044927810009305 33.01619619296055 53.32118649450948 36.04100740168212 70.90590206870685 47.86101711475224 50.41148260222569 40.341007767100685 49.54844912954428 14.905326193702457 80.41757705885246 43.55293848095038 78.47241222505997 74.03131368836958 30.001729022261397 59.57894937781571 56.777875689505905 70.4950737004058 7.186444389031843 81.22541160475187 19.21557953313854 46.9464192380883 41.45711886654841 40.215711316259714 46.0456091801028 62.73786360247409 66.72702785367156 35.37738499321689 80.91444340154202 11.547064277865902 74.92701127810153 48.99495030933059 12.97437410092832 30.86649601904594 26.683822167704065 20.707140601226094 57.17458281489414 36.167667802699796 31.322428503144906 66.07612394680342 50.68593334902043 45.70387204476277 34.44201346456111 72.83161554751345 40.88150230988716 22.739189177331237 66.52589623534922 106.25224290399142 87.26697879334662 80.45861378475385 88.67766323590453 108.56308700623909 86.66224109900115 62.22489247552101 52.58977166972391 64.7424478605651 90.27534909872489 72.91703274181424 41.2207815471445 24.77116087075838 45.390157551926606 77.71178035722068 68.6244286598629 33.12545506299294 4.182123226400542 38.33921430528217 73.85466383190831 75.41640450014461 45.457675435611264 31.262714003628233 49.1986296611613 79.97402001095617
47.67430126890868 64.82444697402534 12.358521454971802 14.255825940500532 38.52751859336503 61.74046595193208 30.06074578971729 15.191737849752574 41.557144526693676 35.89349337989728 0.0 11.491302440765503 38.68959574090886 20.92232152421449 29.626898408599825 49.40541930241128 73.27513032075215 75.76648580144507 34.886638921550166 24.742492742382062 30.310062121599277 40.23510060996146 87.84669855486109 45.27416010029502 50.49089857777123 28.266904232278065 58.88674001028488 4.3292055707553985 61.8814811053234 44.838560915258036 28.363563292565185 76.11995434450277 25.369474495087513 63.16504189971856 53.50989905638057 50.50661919107251 4.449008123371014 61.98973127976832 13.65876652799965 20.84341316852315 22.29529484975351 46.48079535760515 47.69501541200139 52.33341057154558 48.82354410840012 20.081116876628382 61.88680678822603 39.68973699265558 18.26322951421834 30.21825938585877 47.244871137456904 46.061264766220326 33.778167505701035 44.92957318217882 43.43189026087319 52.86188574995316 1.4226131961577468 35.404235418000795 39.365451438445994 16.41311752235948 45.76811990507535 14.808580577736798 31.423963877332344 77.7338248164936 10.857581183510675 46.43247935921748 71.45885453131847 34.7884614115481 32.93801633104334 37.88897581190856 48.961537251285534 32.50310660274413 81.15142084105021 38.85598999033898 26.79018442814451 7.5293588095718444 25.729093893634733 12.726382129088648 56.24848205799323 41.371964141859124 7.140679192757854 72.16686255700081 25.91340265349678 72.11058061588605 52.752223740863926 26.149788862688908 7.588202920565259 40.02425061901227 15.331857846053559 28.19325426002283 15.761261300104776 48.452109420285446 56.95908787871671 47.17294935701957 40.781624713605474 19.160875905711944 69.17598536347425 39.24634743338117 23.046637132323834 33.688460162554534 79.69453859428933 54.06122838510742 45.01314042964949 60.51378911142336 88.48629271070372 67.8483784907224 34.51471088755621 17.644637939796333 44.31259871634645 78.40972349437814 66.65351548251519 32.125814493279165 12.39569473377086 42.51408001390863 77.41737021691894 76.61001609219272 49.44728023438431 39.410046872068904 56.51061299939798 85.82497470662287 94.24718585843968 73.68908823611329 67.1546659158667 78.24023473052351 101.31849413031874
52.78268174885274 64.89919915673774 9.268288456968254 18.94763110233042 37.82609919854771 61.805937160279065 35.12019521371405 25.98370139717 37.411993023298905 46.44680504428761 11.491302440765503 0.0 49.60236500428549 29.082208984505403 23.125609097137183 37.918032758013894 69.62339857990892 73.37622071334113 36.41327832480276 28.767337843969933 29.43845548052942 50.86617191798562 85.98361390157203 56.731832294688736 50.11834254321859 28.19449958948785 54.11664130666114 7.224085082901124 56.91814097117109 46.509821523534065 39.77461273057681 72.804754803643 36.85379112606286 64.91309978524465 55.6954040166346 47.29827923565956 12.711662461001977 63.61228329123168 21.737182117756948 21.376253522644003 15.661257881472226 48.541004491285385 51.19814869218503 52.23591310529786 48.29217441474826 8.809394470891208 58.46992151069063 39.87752961676139 28.232355541525845 19.297116296663106 49.82748525710118 52.53305346614428 34.51286347151583 47.04855362857498 54.29700478955002 52.58180515063332 12.093824751457346 24.462644124527774 37.93790099339497 5.176789696072695 48.262493921019626 12.238224751106323 42.908695529177656 75.02251904021327 4.74083031379892 35.12019521371398 69.0905215849439 39.030038973528164 34.287780883766175 42.53684207891039 51.31134014315526 42.217412075620594 79.1499509311519 50.33712575950538 22.757484707714344 5.067672391152757 25.057249179259014 3.6113693719304165 53.547269670916904 42.43850795914212 11.639235067425702 67.6769303180941 37.103458883462395 69.62631583587523 53.88521452724718 35.45348101464334 15.74259018173554 45.687540176943415 25.76139434978048 28.70198879392722 16.92383422301859 53.99604033777817 53.25564390945908 46.470816097057046 40.48882283149533 21.15031007316255 66.56886746448278 40.418995181242664 29.814013298694636 22.341845197350672 77.93123528065385 48.46675531318058 34.0141486761567 49.97084401307449 79.80849073824523 70.23908662710656 34.928741394542946 6.2221317528638345 37.27764926398548 72.61364616029832 73.34216963741247 40.75982828478783 21.814090080239414 42.69129442765362 75.50787961076746 86.08069396624575 60.60562001037141 49.68255431274425 61.61031531254748 87.4955166039309 105.00404931001488 85.17590865499196 77.56356355406908 85.49481446868707 105.52111704818478
36.659779591391235 88.63483870081676 45.09726123952304 44.89262414735744 50.32269552909138 85.94084652672997 50.67526135646621 23.625358870345014 75.29550204708754 30.127393197617906 38.68959574090886 49.60236500428549 0.0 39.18746649530346 57.34031574975388 86.49053078376103 103.8107356859912 103.77855441800557 42.78519279999896 50.17997573566889 46.835059827176636 30.867791866070256 114.00113204420569 13.287256906900588 77.13523766914255 44.344610691672294 92.08576761473664 42.91762881489633 95.18771026986163 47.04180026116629 12.671778717645497 105.88073803053538 18.322894860709116 83.2252212918177 74.07121549698527 82.03886690064088 36.93968738933948 82.53289321994288 39.05703464417089 41.46952440656789 60.062525973818744 68.76959768333059 66.17823383210214 78.15821912349593 76.02490307770259 57.18713544400842 92.76797357600874 67.23367255718458 33.07802151080188 68.80185689409471 45.468578849398384 55.990910052742684 44.433732138088274 67.43608297419554 4.76001636343717 78.97383742353604 37.740375203884504 70.58397351395638 69.6408016532305 54.756336159494644 67.2172997643252 44.983584617545574 15.699567180798986 106.2491771140989 49.53116376052254 84.66223452230935 99.73253227527739 55.37528437492127 42.54192148807465 34.24930792680345 47.23213739470834 34.9958405859862 108.01508486731458 12.142289218959395 62.27583767912213 46.21756983486513 57.95891527997432 51.38475279444433 86.4038277425603 47.00288261133294 43.41734026219977 104.19545653068758 23.608188725981407 100.56091792263577 75.90614182393008 35.76526897313712 39.59074739586735 54.7706080520577 32.0237922573552 43.045896482840604 49.586778948784676 60.78559511151459 88.68441963483268 74.94628104394427 68.94617585931394 50.48887746266012 98.07402382695165 65.07040876926423 43.46688226149009 71.88892709148385 83.71679815629521 73.62494606466383 79.78008405501873 99.20277052028543 125.89525916571091 60.256657467575266 45.5498614989691 55.234800930795586 80.98854747815243 112.24782691600326 43.0289200550459 17.66812698170948 36.125369403123074 69.49911345804209 104.34278164613318 40.8714122936963 11.526101809771568 33.57734774411617 68.22194748508262 103.50477541750666 55.56822955182576 39.20286949055645 50.18048653825606 77.66258361647516 109.89564126710756
61.99929289735384 50.537199661670904 33.17595053389186 11.356009347534954 58.36894082691568 47.66160055258483 12.156650683148259 23.976776507153875 37.367396092169024 20.080605562601132 20.92232152421449 29.082208984505403 39.18746649530346 0.0 50.390880434199644 64.0592460328204 64.6249800590565 64.78301617606998 53.60968334880148 11.143746638753875 50.502754121576224 24.386805442064222 75.49009034042528 39.203392112008096 38.11370298960357 48.229852971737586 53.42630790621359 23.231642855029396 56.51595395457143 62.95104778176633 26.52306072788063 66.70914397821075 20.88240147571515 46.59927285992682 36.918154537049624 43.08859006701807 24.476796714386502 45.651132106407566 7.453525120391135 41.01184207024904 28.807402185506785 30.687674513325753 29.761641831156943 39.299867115903254 36.91815453704961 37.51849320903951 53.62476465683349 28.046838614371435 6.401759382707031 42.394168617652014 64.45958934787215 25.38191260022131 53.05905595818155 29.223505040265028 43.51841934757397 40.07091175289934 21.73170835099632 53.116097874171494 30.677321169976175 32.140745253436585 29.4025755641039 35.72869844902787 25.071022388058992 67.19347702250171 25.30482759615302 58.75825696425889 60.675037006488246 17.253203724827262 51.892249614695565 53.553268839825925 66.31249138895572 14.06890335207217 69.27486899865288 32.85029228146448 27.000049913431337 24.051200381467446 20.67027921606279 27.787544231947344 47.234989780591654 60.084916869779235 17.443031148573144 65.12956449081064 16.397377532310937 61.485257334787356 37.74552480240233 7.211392735775727 13.762042022022882 20.10405533983174 8.896244493505105 47.89691993733977 16.21371454436626 28.32045485252338 49.68669473340193 35.78283696408911 29.761641831156915 14.389703559893158 58.939796712708386 25.976744014725693 4.313458876114652 47.18443107424116 99.39282106702882 74.98314525805127 62.4351031231315 68.59987586463664 89.69879972493656 84.49984169304088 53.94045330175824 34.80098244322846 45.21980624020871 73.55773239002924 77.35434281381903 41.999319590264165 8.74079624107447 30.34914118753231 65.5587477131512 80.05880170798712 46.75091688884783 22.228050655768087 36.53389862990438 68.61171014705475 91.74612394978848 64.61164509052257 49.640091749996905 57.32166556890683 81.48354793964249
44.02848259300569 87.19306883489551 17.268516619877662 41.56070131332889 20.712166832268437 84.12944790702731 57.96414760163788 37.17449623169764 57.66502899365675 64.62485302108526 29.626898408599825 23.125609097137183 57.34031574975388 50.390880434199644 0.0 35.05662343318117 89.09351640447025 93.9520543769353 23.930184585140637 51.757838516472326 14.975742251604615 68.76995924419433 106.8075902113678 68.02659946616009 72.4063758298607 16.078678102762918 72.86520678775756 27.270814099765815 75.317614034515 31.971022736677238 51.720401522865835 92.54322687160222 51.13094099586512 87.80072778914663 78.71443580460014 67.87118818505249 26.963908288041143 86.4746800453524 42.971031999125664 15.928888372600602 36.21367152878652 71.57220206849718 74.32284308134028 74.61129707457897 70.54044711638456 18.66350700120614 78.4770368977708 62.55739200278348 47.782168256295144 29.980127852095958 36.46260664647126 75.01419113070685 21.10552939853976 70.09528034381725 61.364614613812506 74.87154842598548 29.080113035319528 18.287618771222395 60.012541830724146 23.549752411234763 71.34845547120678 15.097979557584907 56.708583217735985 95.28858002075403 27.85810144635164 37.92442145091093 89.76359394451754 62.0658428230993 22.18346617230265 34.682224368223956 37.302663098962526 61.963055942637666 99.95392498305884 62.55317948390708 44.233217734231424 27.352738994158933 47.84498877651788 26.162572791210216 74.32072935659822 27.532416081124104 33.66485278609891 86.2681803977047 53.658429538716184 90.19240954715131 76.67970213340554 55.75788440163626 36.65636624160423 68.44011905592394 44.69633099052336 17.47883877428829 40.03980409864677 76.82582472913553 73.16451994778829 68.67550253822019 62.9905923876796 44.265323012537685 87.09331673731658 63.3495766973087 51.96119063744796 28.56279994566633 56.516238556628664 25.34115116007302 24.949291306370153 55.99075641843374 90.4415111815937 54.59234515077609 20.74670863960761 20.315918508250093 54.104122074321815 89.29716883037719 66.02161042593794 42.378919101862714 42.015153470068455 65.320395389626 96.43866227671974 85.61304784228207 68.83848542868112 68.41052472073558 84.57767087271111 110.26733254662342 109.0521844402277 96.2213690526212 95.69091376669135 107.642818045617 128.64380185545755
79.06238981216366 79.13990378667025 41.458961136880156 52.709251037602826 55.15738251101909 76.54335974975189 65.26491558196858 63.235591341526195 47.703576068544386 83.26538453852513 49.40541930241128 37.918032758013894 86.49053078376103 64.0592460328204 35.05662343318117 0.0 71.77832913507005 79.03059608066783 58.98670955256391 58.8770661409603 50.02101681124063 87.71434756709554 91.60558987790746 94.54042213102751 66.13896901333517 50.914536502849046 56.031729430195945 45.13443039314974 57.34668213905268 66.62339758246131 77.52974187488603 75.5380356004984 74.77181678118366 83.47362935272064 76.70003463096693 56.39872842269248 49.92552055003144 82.04781651072322 57.58322404355444 48.565384626528 36.35160881088159 70.5693534485612 75.78162878402769 68.4518859039949 64.37424452659906 29.51319183824574 63.75611704181605 60.01442902098134 64.99614980035729 21.886987161544912 71.25173157445704 82.6376657942963 56.16060166669245 69.50549499099839 91.03828343478762 68.25759009576011 49.92311998794974 17.05763264794619 55.0844598170379 33.23115453743959 71.26762027673048 42.03363902781122 80.82672081223257 79.39025606465401 39.8896480048763 8.943499343519898 75.52301691397592 67.12608721683581 57.2180744642745 69.52219984822494 71.92425923830453 78.06560404763611 85.19162010182465 88.20696999385792 42.22761298054282 42.45479493152975 49.441138896528706 37.458933887784255 62.30802757631939 62.255451260927124 47.98822594613775 67.28615740319285 74.77769260907763 75.60122909160751 72.76383157957842 71.13890384028676 52.58127362352652 75.13421978632776 63.00198767667045 52.24628256174157 48.16064252249467 82.23682288053722 58.99500480785849 62.61597365738439 59.371845706424175 51.265442811732925 72.70647807459903 62.479646976782256 63.15988452950537 16.89358418595637 82.79045745412067 47.22199544808797 11.73817863559479 24.038797728042095 59.583166495956995 87.99737303512904 55.77465887478269 31.784907931564916 37.97289902441731 66.37616015425247 101.05728885406582 74.54245692968821 58.58944284855817 61.975885766443604 82.34950330470711 119.42040768755824 97.81141896818171 86.05215820062487 88.17558917706359 103.3293543347229 141.02936764835022 123.05312608599709 113.69611713179636 115.0803553132087 126.85470122628752
120.92212167337453 23.31054537234922 78.8743579163973 60.918029741972035 107.15275202292091 23.83028396949954 53.59544821475028 85.38429593822497 32.22300886956766 79.39351332626173 73.27513032075215 69.62339857990892 103.8107356859912 64.6249800590565 89.09351640447025 71.77832913507005 0.0 8.874790812687072 106.01147417061959 53.6865080907955 98.89352253089413 82.11139991096064 20.001056613818655 102.51283449478203 27.442202441276958 97.79546238279883 16.405988163271164 71.17409351039886 14.507240799473113 116.12549279088394 91.14204628585011 3.7619063458757633 85.50525711265482 32.755260443406094 36.01482247867364 22.770183930811193 77.53241919057459 32.0676163360166 65.79546509930081 90.95495313727807 54.04959281229818 37.69972511203125 43.103191384634606 27.160415752083427 28.168281770040704 70.62243760354714 11.39758948684657 36.58869462946807 70.78349244859058 60.040350645580396 119.32063041785263 57.26904789736705 104.13391315831515 38.560366014834926 108.12656004994933 26.227001705605872 74.69754656627995 76.72252326151131 34.59337343306949 66.72718073704496 39.5731265805843 81.85913165949123 89.3065954614581 7.99997347575081 65.73424707200984 62.89296331504588 8.28342801832401 49.51281608497664 103.8922864953786 110.99197666726243 120.86030342144943 72.33650541865701 14.206747514372656 96.63639094575882 47.093148691531624 68.42378669427906 47.80229732652336 66.0152932413601 17.46808630043194 112.05807829694562 66.17775135562943 5.72030085440184 80.67176983750004 7.523168632515139 31.626054896036536 68.89390533797027 67.8590856568794 53.435823391345316 72.24938953493876 98.325385024873 57.69927663593373 52.67546770585428 16.406508584428902 28.998394525016984 34.86460518558758 55.12057933250422 7.492872975852233 38.96684638594258 60.35952880287339 63.38268200669155 145.58555845417766 112.04497488021377 80.28182402786933 53.5578141141777 42.70691920027018 139.82818286219575 104.52921957748529 69.51978844952934 35.66301227604269 15.585445814881412 139.51474148415858 104.11352857697888 68.8991911808128 34.44964774041415 12.596264726577658 144.6806377055414 110.87780939505913 78.66046576205594 51.11973886676324 39.63792503522228 154.7779330514854 123.64893834208736 95.67669184069065 74.50581715996519 66.93520929760932
