0.0 43.698987203728436 32.06404979958406 38.92206082592276 18.92790559648873 26.401598772533127 48.975159018442326 25.662948913251512 72.24539674870954 47.98508971505781 36.722686118226065 19.834317656373873 85.46825992800117 101.3071817844572 93.53126997425696 40.78123659456713 14.121617703407017 83.07711800343874 58.92131493885144 16.26060234200725 42.41811545060538 29.96868578703722 25.345492830615676 14.48776425164047 42.74966326703054 37.08100819246824 51.262095769685615 62.12417156402962 25.798670641344515 35.09974452840372 34.915693498372235 23.125620827749763 38.60567860889931 50.358888006078054 20.273896362077164 23.738815996294278 8.219238586968494 17.596171855771438 53.2118088162918 22.086249967604143 25.461858916622646 91.57848463267975 59.72272007310835 28.800910893460863 26.7049390928978 49.181996646912175 10.500894726831307 43.32673570399388 31.090657576009907 14.596532166285924 53.8982530917984 47.58805234946143 44.17207262252005 37.896898105105166 24.634476072984153 93.92743930685349 31.090657576009907 37.85797156572825 69.8567935999009 31.498887099459218 61.75778523089353 22.084335305499103 56.27484858888233 86.17835080712322 37.03570370772049 5.473754340598347 27.85548558192431 47.69532893089347 50.736276634668386 33.261993163952646 40.321330978805705 42.26023541592502 21.388337375799484 8.558943175758497 42.625365501354786 33.048383115246246 68.52063614884686 31.354891019188504 25.096556930656053 61.75107809938815 35.86341137905363 20.02037733044352 45.43167676693809 56.46164708078632 33.761737391741626 83.20253191472375 18.014872084148692 25.16884537718722 8.053096622972642 20.47253938705207 8.71998277179826 79.33073866970894 62.84495494210493 35.64281991918876 12.344848409790094 36.352183241058235 29.429925312380334 33.62398170202225 52.20806091013413 19.125577808124213 67.14310308473685 43.52025162753387 42.56768053203978 65.28538629996156 96.14850501347217 55.47273123117824 21.829249254338606 20.199425208046684 53.58848642600929 88.69973742368578 56.905501545217916 25.219278104919614 23.790607663623927 55.0288940533106 89.56880311340925 70.64859358297076 48.70822157679752 47.81137038118279 68.78613698227416 98.53581763916844 91.30217848671717 75.40460329139177 74.61716467771289 89.34029884422331 113.7002963672896
43.698987203728436 0.0 18.666987118759806 57.27727250366454 61.3368058371568 17.297966431389067 21.770323796876763 52.662797045166016 31.98430156938717 23.133648804648463 15.499801962008636 41.85182952842305 43.46033357148038 65.52309885982324 52.292389260744464 16.416218832292618 34.904557733491764 40.00621450892864 16.061844539192847 57.78403364093783 23.953084001130055 13.74222988163 69.03766310462399 50.32180389564121 6.268840866811164 80.7774260489523 14.964958227342114 29.966289629498288 23.46005322593698 17.305638775054984 23.847607519144834 27.288698337341046 22.184162470982283 6.668463933219965 62.09718777142466 20.01088352485205 35.48245803539356 51.21407506166333 9.58255983804315 24.751032581332336 46.0965027750938 47.88637082201011 29.28752283621891 15.69846663979205 37.429475472768246 35.07739027294722 52.36335740150769 9.157663237738301 21.50811009050513 29.826542501453403 11.735667537912589 5.871855726571821 12.167750832998506 28.539376653337598 66.86664180908754 51.98427700767036 21.50811009050513 48.89533617857221 27.703919702843915 12.685624666633759 18.53567200465939 62.25874496290445 15.230318973064511 48.508369511819346 13.175547710202903 47.53889882501306 21.916614729751032 6.996679016415255 9.99319553943115 26.273007189498006 26.32468569673537 42.91401340101317 46.65788224110649 51.66751173502176 1.4346626559104805 76.6849821743621 24.822135077867717 23.741809307811195 38.65385483053003 43.819277086366995 18.907515776329525 23.721939650458747 26.981918813298712 13.64660700070667 76.54044613233044 65.07068471936802 25.827590047876786 64.1284968553214 35.761735042154825 37.57837983464935 52.12803388040156 37.00870483692942 28.45027830406734 9.330737570258568 39.138238183341954 8.910788780605523 16.407627024255184 18.262423356421074 25.142783824591028 26.43686495258057 109.65664302914304 80.38566769618438 58.57716490018137 54.15593589363419 70.47410166555004 98.97079114062653 65.21898082557709 35.270541105694576 27.689426308310512 53.118690102210415 95.60408168607466 60.03844937860758 24.52144569035435 11.410439076272217 46.81138608600696 100.29648723358441 67.1951810293827 38.77101560033683 31.990361724796134 55.459599092181065 112.03972541326256 83.57747577674407 62.84608661580922 58.704416442723016 73.99275760797529
32.06404979958406 18.666987118759806 0.0 58.30394077446008 46.90747763881714 12.787208602322162 36.89457146047178 49.52395483131469 50.58746886974611 37.467974679723994 25.242602493721805 24.216406156327132 54.37511311909776 69.39725407592874 61.969531810977415 28.766259552321323 29.384465951366426 52.94182933409185 34.237480627142595 48.07018533531559 35.45681219915737 11.794858049533568 56.47784900133384 34.37885375237323 14.097053362725196 67.71545601141307 32.73257360328611 47.521645540718914 6.522659526928769 25.637544850480555 31.2691897730431 26.78572448212314 32.052786665316404 23.90485744833284 52.232920562758466 14.56611961357968 24.578857106995592 45.031748549635765 27.181481576399328 9.977905864347383 27.75336135357811 62.92976675062226 46.32607476187188 16.30924416388186 18.837151353475427 46.721281927859394 38.32626407992571 24.8418383193685 26.621270146809806 22.294426058726117 30.33566495664871 19.33104435011397 12.855612508397858 36.710563437908505 52.027373628134754 62.670969208224875 26.621270146809806 30.439422049567632 45.90664292322284 9.476238446400803 32.75635613800372 46.58649638163928 33.89462656498742 54.116129514150536 6.229885581681226 34.286508606434495 24.46424735995301 25.41937284215551 28.586127392787184 32.36107549060885 36.214564141706944 49.534710579272385 43.34259170472451 40.62219486681419 17.23232948947631 64.3267194464769 40.72401365195641 5.195288729705331 20.20134071085621 57.77595172806119 27.627424324015674 14.841839523081633 39.1624984515776 31.95208344220515 61.796095666694654 80.09066071376546 18.248237221937273 56.197207681986754 25.5264222590552 19.86356506983724 39.24758478610895 48.57421840232554 46.48158235102458 17.48511415575 23.608000461204234 10.015250387631696 18.892243976420037 25.394356873915566 40.67418540352813 21.932834052479656 94.0817953769792 62.93476255231421 40.02957742933382 42.144186040083206 66.9483411362672 86.82862127302909 51.58467956337863 17.747059943568964 22.386299050279575 56.7410249399599 88.34770184587568 54.07936380626409 24.000888073776338 27.56286519092036 58.95408651896996 98.23283553712355 68.93159371449529 48.84266210703073 50.5154735477025 72.45817338360429 114.33383375442246 90.23212445541498 75.78617213402342 76.66386601687694 92.42970129435997
38.92206082592276 57.27727250366454 58.30394077446008 0.0 50.605600055907004 46.00569499133323 45.56258535977753 13.917150103726398 71.22968321412178 43.40788557919294 42.16436819315634 57.87951893191425 99.21348195207688 122.78015957463981 108.4168023085216 43.154183139947534 30.34016154402146 94.3452900301173 65.8136793821539 33.1497952476619 37.88746020747824 48.490091173685144 46.725071146642236 52.96778585107828 60.65176541229152 55.30000143399204 53.87644758932906 55.28526534148771 54.65374234205037 40.15590560437356 34.05347408488689 31.820460390375075 37.052950801744416 62.55706427290965 34.59478413502081 43.80418474628465 39.626098190019384 22.78601597216463 63.81441351894359 50.88994307716591 63.94809874735003 98.4449894168272 52.382024040583715 44.03232197760855 62.862713743311105 34.139865720451844 46.43818310068801 50.47757968234851 35.77616060915158 37.28800439575581 61.18219080224462 63.08941347735397 65.32885395183338 30.90170646419954 54.759115492322145 107.48955048381438 35.77616060915158 75.71104071349251 72.62068017563345 51.314296874092754 74.24446156932238 56.232474996343825 61.1874499503239 105.78137049342826 59.79304239393397 43.279364307634125 35.91498041539547 56.28759579109899 57.71545609350987 31.330669262674537 34.35061931412934 19.705412906522305 17.617765105228912 36.742433680095125 57.137277416020524 50.06425173367171 77.45687116019589 60.78911585422361 61.81713263555047 42.15314958665732 38.868916454306955 43.87877600263273 37.6992496981704 63.96267801776605 59.70380135385274 57.01937821174487 40.55676136120887 28.911551074499254 38.18169332612532 57.1575798439747 42.52297794718384 92.71001928613796 57.891452166194355 48.36092385293721 49.83518255407092 55.44988204370708 42.10687598077782 39.05279905908197 46.27328560431199 36.42638100494099 88.17809643474115 77.00609264188664 81.34241832052244 99.17322639104486 124.84453429701706 64.97244584782493 49.08603187835536 55.94301108050901 79.88719927920033 110.30172656744247 47.58344843980915 21.69401406196076 34.77467930554179 66.93376419572685 101.40602374445076 43.63238226402534 10.659424808784266 29.251866536218518 64.26453032443936 99.68148184652429 56.037841910302404 36.58466933209222 45.484290892601315 73.01635289005381 105.4805159418948
18.92790559648873 61.3368058371568 46.90747763881714 50.605600055907004 0.0 44.270984133523974 67.90102396522936 36.76333128820966 90.91456908594677 66.88988308449393 55.592961806291626 25.73074360028096 101.28203575468007 113.81586414208432 108.77869007586801 59.68719261365972 32.633164641424834 99.61751368119972 77.01364747946809 17.834564203672567 61.25240626429614 47.67992430697918 12.095697951352518 13.573628367085885 59.44224672037567 21.348613990595467 69.99127846070438 81.05061045046307 40.395070839213496 54.00733766999002 53.73642388143053 41.96778024524606 57.483744080179505 67.90013813302298 18.243884386389016 41.83079984502448 26.527813155041567 28.02971982009636 70.91936459509091 37.52061917106227 27.756755889006676 108.89069315213587 78.63838174571522 47.20312995362737 34.35085792963874 67.4011689382883 8.986850383619089 61.89870548983119 50.01179351440823 33.385087476234595 72.0952107256845 64.56144495284832 59.71193430446159 56.40678441543467 5.711299287560312 109.56809475315849 50.01179351440823 39.68934137641412 88.2111466062633 48.73385372912719 78.71950256057418 6.075211914267126 74.68834457382125 99.96498359196812 52.70312524592014 14.030784004425785 46.78320104543417 65.94268859132828 69.07615901942692 51.948558767212575 59.019147330352254 58.84804778945828 35.151332978253684 14.7639057422661 60.14311993759722 19.176348557127973 85.98438895618604 44.54652714529743 32.230849442501636 79.81772441118892 54.791151536270085 37.77764118476125 64.16537572664708 74.54459462623825 15.204777832796946 100.63139488991368 36.39038103212674 25.769244828234477 26.744281521271596 29.163570521225328 10.412037846883845 95.43200919667737 81.76179011098934 53.923721576436456 23.313574247104075 53.27634633321948 48.08693820994646 52.540534309621066 71.11323583003166 38.001583302056076 48.486275049164234 26.584318455934547 39.934071121438585 70.81617762712402 104.72501572902392 40.85719756499768 5.6155221230497245 30.429731095384742 65.97434297007659 101.5454099213728 50.847539365035594 30.64427168521144 42.718410771999764 72.40749929819599 105.79707648928043 71.40974814407727 58.56010983460048 65.50848184066405 87.66741878876515 116.67018399542509 95.97295575436958 86.61430728026498 91.24321371867111 108.0771285110021 132.54457059014607
26.401598772533127 17.297966431389067 12.787208602322162 46.00569499133323 44.270984133523974 0.0 27.82673881158703 38.39244110941797 47.15262319897838 27.803369228201277 14.816807319255519 27.59397811188868 59.8302671463338 78.80266489777527 68.2882465380746 19.002642496275833 18.87301632471312 56.95974945982595 32.74324462751062 40.78293336105355 24.438122755024068 3.611097014387273 51.739914812347735 34.04911953294017 17.082767139231695 63.481525625279424 26.753817123582433 40.09390295333135 11.907990659597605 14.457963382771432 19.113188995869034 14.218889567822957 20.647344588890526 23.960872895124275 45.094371901819045 2.845226392315494 18.186806880103003 35.31022586511514 26.820446667190428 10.411038995243334 33.0034529955238 65.18223856844519 38.305526545274205 4.436712753592542 26.01999762578609 35.16665244978733 35.28421287090197 18.304967273963676 14.223380488475541 12.81885042633675 27.83948526997303 21.484613428324323 20.193704405915575 24.465067073053916 49.8710911665539 68.35572674303454 14.223380488475541 39.53525904515755 44.00194663705976 5.8262101016361845 35.520730976209016 45.621709352073886 30.5760622580216 62.54458151322131 13.908062206018911 30.355630546078356 11.750762988141421 21.726840041878017 24.918629553592435 19.847411276388677 24.50156514731072 36.8085834959572 32.1710329116774 34.415375938721986 16.247579450129923 59.39622035377215 42.12009030294958 16.63349846597055 26.461095315481366 46.93802493760859 16.281586766767308 6.49485913385454 28.185923095406785 30.274253651167342 59.466460342811814 69.48066305923425 8.627128098707992 47.694969381615564 18.476968292013968 23.796291415741138 34.86661878374345 53.524876244052365 39.87817572094019 9.893047710046307 23.05382055414842 10.74251809830876 6.882456210301462 13.764906410101679 31.601838582161676 10.439390148893398 92.72009412586203 64.83762764082213 48.40437820007492 54.90185304808686 78.85180324704667 81.71761143673595 47.987066335581915 21.44648901949831 33.90203661106768 66.11313879089545 79.62306137944721 44.36222904267727 11.331043505993904 28.652878517848567 63.60654107006426 87.08172403361291 56.56574477484256 36.71954124049053 45.04609130757899 72.40276501135952 102.01902676070077 77.44492787030609 64.184723952641 69.09245711998743 89.21873894141605
48.975159018442326 21.770323796876763 36.89457146047178 45.56258535977753 67.90102396522936 27.82673881158703 0.0 46.37316733837241 26.211643292706107 2.2233642485785374 13.160990006590653 55.29098629990396 55.465448959569464 82.23749137358361 64.76210391305244 8.862257563429315 35.75156676916939 49.842379824907844 21.634109759290478 58.541120857954056 8.045735143940773 26.23275270526315 72.3304628480436 60.15980476888633 27.926383685806346 83.97932560938558 9.628276282517191 13.150103459527987 39.05861847490474 14.217346292053808 14.839639044548912 26.118221785452633 10.82295678647571 23.063302036007432 62.53393724233033 28.90630671928453 41.87392935643936 48.725381938028136 22.518153894640967 38.220844737743114 60.82399574567481 52.93125647508118 10.825569127968754 23.475810606017323 53.62654772822668 14.927044549778273 59.295363221759885 12.797567712411224 17.89627466764162 34.795787985903154 18.113367113261454 26.58601083711837 33.90476169502431 15.145446815755827 73.60318663920437 63.32598545995854 17.89627466764162 66.74265223485486 27.058243994027965 27.703148133145326 32.05344572577238 70.63170221652254 16.70293015519197 64.96370207871983 33.1868769586273 54.10321379539643 21.13689847193788 16.15367178626609 15.481407178414674 17.355444828329762 11.534359734929552 27.0533763095388 41.69848555347061 54.894298153283586 22.744152871004005 79.1442352078729 33.015423705914344 41.986040426007484 54.21806103328694 22.052176284770656 13.145484684713459 32.97039612734288 8.045735143940773 20.421669471913184 82.5138689945035 43.573443736139 32.77132612574851 61.96559942160272 41.37067906612699 51.604459662693976 57.57918392337143 49.155917368846396 14.217099522756445 19.470181821443923 49.86778355804626 27.492113813164526 21.465468517565967 15.546781562588222 3.8112388681923473 30.08100360028599 115.75128414840538 91.19511443742277 75.93968587199122 75.82361613702332 90.90491471063767 99.97087298970055 70.31683693046116 49.263644460241366 49.4117675884564 70.62793985407306 90.37278389210604 55.98879756550153 25.18838892230255 25.814114735777217 56.83736624880478 88.9812186906306 53.73560806618297 19.73785795033273 20.58785239871644 54.68405127652318 96.15321750883652 64.82886694366137 41.13763417174941 41.40060514249029 65.3291471851582
25.662948913251512 52.662797045166016 49.52395483131469 13.917150103726398 36.76333128820966 38.39244110941797 46.37316733837241 0.0 72.56602208449706 44.48865120880916 39.12186289432673 45.196248880943564 95.9736767726234 117.07556598024436 104.92101109599186 41.427607050733336 20.155175716728895 91.89418602545271 64.04515662624756 19.606720293409868 38.330832944960434 41.49260441401923 33.826846742185154 39.32339311120137 54.74696002098758 43.47204679989044 53.00908205758824 58.11214980304741 44.867331083827 36.98794310009152 32.310199590876564 25.40012970742712 36.1167226493622 58.73316846990016 21.67837414001679 35.77503852821851 27.828853070758875 8.871671008744215 60.61993250053084 40.893053015381504 51.0554113587856 97.64818770834869 55.240196115462396 37.64516835855068 50.99346976533332 38.74742821886312 32.5783954327921 47.66167505454275 32.01497635283079 27.32314025785468 59.04177360945969 58.13762826304165 58.549138155128084 31.33012415532436 41.088213328416494 104.45412738427976 32.01497635283079 63.21452663997637 72.62485731379425 44.143956796866206 70.81851835576818 42.33442674108045 59.9105434217227 100.55177932653805 52.21732863034204 29.649594313231177 30.81822252562933 53.381163657969964 55.485457249877626 29.494316518348537 34.91277158490919 25.99942088205673 6.225468041149625 22.8349826777272 52.18846250183567 38.19301492528893 75.40109206672221 51.10072389425422 49.721743224726005 49.36034661625543 36.325623422101756 34.682297316007855 39.48841291486403 61.886844623247995 46.64630746310335 67.33324089078465 31.276262184113076 17.503207905998632 26.417580937041542 45.006654131720374 28.63509502962922 89.47232250561069 60.13118348112573 43.33879982394491 37.2690402722409 48.82605999039922 36.35668622107696 35.57088614171755 48.153539512560634 28.00226815913655 76.67026681456308 63.25116602472712 68.22916950565565 88.55426876622722 116.45010449455488 55.81091977744231 35.54230767549346 44.08898592398373 71.80952514085214 104.41055165815912 44.1347195145839 10.356486954646021 28.263940645654216 63.424396118235975 98.88714713470105 48.75899747057817 23.082007682436362 34.933073965103134 66.63378698729335 100.95545955120257 66.35912600721157 50.3964114722807 56.64117462892151 80.05502311713083 110.1887039423071
72.24539674870954 31.98430156938717 50.58746886974611 71.22968321412178 90.91456908594677 47.15262319897838 26.211643292706107 72.56602208449706 0.0 28.183853272523443 35.82241021066412 73.64097650344348 37.77499054120635 67.71227986652171 46.33208067598533 32.216468758486045 60.29238485697173 30.825504744062908 16.776719635471498 83.68823093553492 34.256029152491955 44.13613970588847 96.82248507921067 81.19806781164812 36.876290732503925 108.61326981874616 21.006550133526293 16.77917050138226 55.36584804078239 37.703418102668714 40.57757681330777 50.758225662192 36.61199620869971 27.0620766909198 87.82335072658469 49.300916773872764 64.38783663656108 74.49629668497433 23.894757979532844 56.242615953412454 78.0655746377076 29.225329188250015 19.454961851493973 43.775413939283546 69.39950996205108 37.827701701856626 81.9909795562218 29.036808148524624 42.44755196355874 57.64889815185847 20.258310262192058 32.15965954907839 40.99026008974221 41.345954208189774 96.59849779600839 43.85088901783665 42.44755196355874 80.40117674320184 6.962758550987383 44.02328149333616 24.789812878255916 92.70132390465531 16.843955988883938 51.66534256110035 44.76324499423247 76.88385037548062 45.1169766351596 25.73458584336051 22.456064976280217 43.28210643370375 37.73563662286949 51.92913269821757 67.75043503421634 79.15544743318193 33.41189246930311 103.99607403398328 18.637729399204012 55.558439597422236 70.63791274158208 36.618633980688614 37.52372794007086 53.49535449472283 33.63946006409366 18.801940642334383 105.9739163770637 49.18760305868211 54.53818667926141 87.82436470785156 64.24123759453602 69.42589570578583 80.96274524057232 32.89117388567045 13.64258478490246 37.26634159371954 70.14043284358664 40.87721591737248 42.83949570061129 39.254445761528096 24.965533061887257 53.205901061374945 139.35760523921957 111.84133469274954 90.1582384816415 79.25032242432286 83.45538366665455 125.39169540637195 94.05266976953438 67.0886612549933 51.8462015373956 58.37229759364247 116.58406882274961 82.06570753518221 49.09088452755736 24.8444938590074 36.83452385593589 114.13573847916287 78.58264156760062 43.07791829936799 8.270022127682493 28.51824361182396 118.44186118031998 84.65985007920993 53.27566505100879 32.27217523366109 42.15306203411346
47.98508971505781 23.133648804648463 37.467974679723994 43.40788557919294 66.88988308449393 27.803369228201277 2.2233642485785374 44.48865120880916 28.183853272523443 0.0 12.991704720403474 55.07212211574148 57.66836810861441 84.3333866384187 66.96583682945885 8.85922365818494 34.544101756472614 52.0624569620744 23.82026378306352 57.08564337002165 6.215327928357963 26.480258009128608 71.01140723841414 59.51476192052851 29.19044268321837 82.61168122316225 11.74980695752608 14.342960247089778 39.275854551717906 13.733437935550542 13.413992269068032 24.968616459654772 9.469284577214735 24.860368338295153 61.03151315598055 28.673288696848356 41.07904782623806 47.086888860879284 24.477080667948844 38.21375943241874 60.717853825676954 55.12017027417528 11.77319348428653 23.393411895799964 53.75471515139242 12.85494761766346 58.37087832338105 14.01897124934112 16.920773621289708 33.995935263771656 20.19405609837716 28.164050214934417 35.18534212180383 13.180026569710972 72.5806861653374 65.5420868449035 16.920773621289708 67.02635368514689 29.22320322821202 28.142455551364105 34.14471769034961 69.77860397621832 18.89519163106149 67.05316476624644 34.064201173843045 53.184540640651974 20.265801055326563 17.875408970674634 17.441764144597084 15.773280128574129 9.579239701222658 24.833064388380947 39.93726222500075 53.66793693370539 24.022312653408946 77.73211191220682 35.228461053501704 42.495693616942724 54.26133343841418 20.792291299871355 12.40474516831575 32.64241304496593 5.826106335277062 22.558416335874853 81.3875050027464 42.702121620325 32.2166761401841 60.27473985369292 40.50865002785584 51.48499416130977 56.529806310243565 51.34867457786352 15.791938307762209 19.982981830098737 49.40366580586678 28.31169945126587 21.229423909130553 14.929886495182236 4.223363196467784 29.277117168029328 114.55717422131869 90.51229196101896 76.11635598336696 76.98714259372879 92.69539592432297 98.3956247739628 69.16120202517494 49.163101015320336 50.822385651811494 72.67038606743304 88.42065355731533 54.19733923761143 24.26303348183139 27.789235606366447 59.0592249014537 86.79280414846494 51.5249373295799 17.57432461125798 22.250932748223516 56.688275107702836 93.94706903107263 62.73508348258954 39.71791472141952 41.851140138941325 66.76605606783922
36.722686118226065 15.499801962008636 25.242602493721805 42.16436819315634 55.592961806291626 14.816807319255519 13.160990006590653 39.12186289432673 35.82241021066412 12.991704720403474 0.0 42.14535808052458 57.291646261161674 80.87212260357796 66.4147150636341 4.314076933677576 24.49119114075827 52.87029754337098 24.96577754715166 47.96618238321648 10.229130922565224 13.751609819583692 61.009280282014096 47.19081184561331 20.17116181904512 72.79371775421825 14.885514656248004 25.941457614381534 26.416854857165198 2.1339197942352057 8.353314080778626 15.082619069529104 7.19433048658403 20.392950086280898 52.153185330490594 15.74900736820761 29.21274724890868 39.40495172316681 21.78061837252931 25.224889847829452 47.73833837420696 58.65582921502707 23.881199297609953 10.40173840960227 40.80423521379282 21.615102542746662 46.81237498370712 8.558482860057477 7.140530800317594 22.21946412604318 19.92633803912713 21.367954438938664 25.85655599087054 13.177214696125207 61.30351462441291 65.68249598389446 7.140530800317594 54.1821250112792 34.387740095275106 15.767359433136283 32.17633998443819 57.9617528871882 21.084296924391243 63.75058958630934 22.879614431536215 41.63275999028297 9.325034314318886 14.348716821914584 16.37193548158282 10.879546844170486 11.513447146810625 27.49443753906833 33.52562339022039 43.35392254050828 15.681711219731671 68.17884959873827 36.28196817344229 30.07055122591554 41.27784502799615 32.583098218563585 3.4080031951706697 19.814091735996538 13.92013314039881 22.77033911326742 70.47298114908276 55.01587617185242 19.77933122028246 52.73842195320268 28.862029383983025 38.50799017254941 45.42833720071162 50.772599875716665 26.265656904351967 8.298055725916965 36.752239901001026 17.155786404813867 8.304610132429719 3.6110970143872883 16.87468734907366 17.598514384813562 103.83881913076443 78.23765451232785 63.18142046481442 66.29316922001387 85.61429648790141 89.71070473840578 58.41588455597354 36.18020574660226 41.686756930650134 68.54743478015845 83.02568050241564 47.629329124900835 13.268479360172854 24.814557780396854 59.8972636503587 85.54720953985458 51.86142995228162 24.353486602263864 32.07457309499174 63.21918779352347 96.55656765831402 68.37804027258647 50.597458302310834 54.56014978358062 76.9784246693267
19.834317656373873 41.85182952842305 24.216406156327132 57.87951893191425 25.73074360028096 27.59397811188868 55.29098629990396 45.196248880943564 73.64097650344348 55.07212211574148 42.14535808052458 0.0 77.53800231540835 88.2107425817876 84.45194524657556 46.42911174829499 28.841923086187133 76.73683096002638 57.8698040463598 34.296400369146 50.90602879053242 29.926168491628808 37.192289239209146 12.157447933293337 38.17234302733548 47.05240548311049 54.03230186045696 67.6876706509584 18.432400903922577 41.37435917527342 44.24444578666292 33.96122324265207 46.90792546152149 47.75278555729846 37.505482720222815 26.403154450468065 18.711412110872033 37.41473464300346 51.004991874446524 17.52531658001777 6.318084871731978 87.065069331167 65.87646934235258 31.838991980490107 8.627338704298165 60.391645235385106 19.08272258485359 45.5710194535258 39.35273956237737 23.85833916624027 53.527503877494944 43.4495195838747 36.786029862977344 48.818739931427366 29.90146815267862 85.56759612886657 39.35273956237737 18.04478053520196 69.5437218237397 29.647653736811737 56.95627659494797 23.683426640410975 56.798585660936844 74.8170583638337 30.442847422877428 17.797301751622918 35.983359364942764 47.920266925566665 51.198747501251724 43.754895021844675 50.05185935533746 57.326005172910165 40.294163525225926 26.333864555659872 40.462698937648156 44.74750617227642 64.93470945242204 20.467128585339918 6.523541003964688 72.8389708735879 42.91893074586787 22.481354563338247 54.526125765765585 55.484353043069525 39.37054596259336 95.26978297982649 23.60609004960125 43.78024737621409 20.10286931886511 4.353163803296237 21.985381537145145 72.07771497840018 67.40606379056612 37.105948838929336 8.056270810266358 32.9729646133371 33.852738240206435 40.31935505322717 59.02001769565226 27.760991561724143 70.46884213390392 38.73720585457296 23.821927208446628 46.54671854505298 79.35936927297654 66.57073863235534 31.167439585615572 6.5852824211258305 40.58981651585005 76.05202871054561 74.0559586732554 44.87888490269204 32.80446169465359 51.67533460093418 82.44232412354904 90.13136770483158 68.03401325653078 60.54523647862471 72.3530202994441 96.62467913123773 111.12897515137051 93.8871596833621 88.3855036498997 96.65011446402208 115.76934336149553
85.46825992800117 43.46033357148038 54.37511311909776 99.21348195207688 101.28203575468007 59.8302671463338 55.465448959569464 95.9736767726234 37.77499054120635 57.66836810861441 57.291646261161674 77.53800231540835 0.0 30.17030738701863 9.298584885687738 56.07037840350112 78.2461990851704 7.111268557625292 33.882890504895386 100.57335298663452 62.02473970292002 56.24796798460497 110.53946307056805 88.593374383517 42.83975948170933 121.96469308308872 46.064821163540415 52.32711079309503 60.88774997671336 59.38671945018776 65.18137691189295 70.69305475555966 62.22506210522843 37.24058756830579 104.87660526398916 62.67189790618578 77.38562618110568 94.63664640373985 35.511763216256085 63.93822117863411 79.29648334474194 17.360483354415525 54.24293473960236 59.051489730714756 70.10054021528036 70.14677618173766 92.64691739985493 48.80749530247796 64.18013887759402 72.64908557589713 38.1330607117476 38.41553991925744 41.59388328182735 68.57443330342721 106.3760445006028 8.535679176943654 64.18013887759402 75.49990704364922 31.907429110730522 54.23328512434771 25.17001710363192 100.77115531469265 38.781451185949166 16.062907518257443 48.677559778746776 88.3938471056194 65.15643788655267 42.9821677063404 41.532541986462974 67.94950258844307 65.3837349995344 82.19570832614366 90.04814764598898 93.85434709584173 44.11839614632844 118.35821591142496 22.51131663980155 57.170526909065096 72.05781775090908 72.72096586717208 60.45939556972899 65.73424707200984 63.387613961138385 35.43567939030432 116.13409270458288 86.958309833899 68.42378669427906 107.4145599182207 77.95302553275745 73.3367063958245 93.28889760980356 6.519245995587448 48.935078238868556 52.76796428588591 77.98052886723536 49.27146444628579 59.86565851916201 60.673962123244884 56.47410152212382 69.7080466117098 148.00389284931111 115.1406531947113 84.50885649807313 59.65134304609678 50.06972859635395 140.86202289005584 105.8952621865438 71.53812983446318 39.41829389109595 22.84951144219288 139.04936758426035 103.4949969458833 67.96993988309546 32.57025683443664 5.825899114583089 142.76915848012354 108.39567459005144 75.15584806856845 45.60011295637349 32.288212690885274 151.6145366114779 119.70367921291573 90.57102929050971 67.89248342238503 59.563451001974606
101.3071817844572 65.52309885982324 69.39725407592874 122.78015957463981 113.81586414208432 78.80266489777527 82.23749137358361 117.07556598024436 67.71227986652171 84.3333866384187 80.87212260357796 88.2107425817876 30.17030738701863 0.0 23.200784633588558 80.7890286501915 97.61320874993439 37.27963067248193 60.9426648911889 117.43794809251895 87.67147175634867 75.59375712043736 124.66735927737994 100.29423032909146 62.423397965604096 135.16122755707104 72.60957140792412 81.29610278682166 75.5141500758663 82.7784130932252 89.2009093813341 91.91049951539462 86.9698949671217 60.70869138631411 121.56084745662363 81.53167107417079 93.97605714709391 113.90636799106292 60.1689180876603 79.31776594778917 87.80672795383205 45.05302615389858 82.89870952041474 79.50073908786327 79.70487887899584 97.16451652497236 106.13232277897755 73.06183276500091 87.00533924020407 90.98495772794183 64.13959097142842 59.69271644913748 58.61520845721149 93.46428890417879 118.10317269090767 26.727936134250093 87.00533924020407 79.88420180089756 61.49330327568297 72.99448981797705 50.18868019379849 111.76005459803372 65.82387295531137 17.288893399514436 65.31490595044289 102.85151373870617 87.06423648166546 67.5228482886169 67.06167041409111 91.73614338995881 90.70432793064836 107.71231133671562 110.88150651399367 109.84906686828785 65.64452990598089 132.4500954952422 50.84431665850617 70.10236393235465 81.8378155156717 101.39172673554827 84.25993697733011 83.47854088168556 89.71976033783226 61.84979360280055 127.4475088949464 116.8583572104891 86.69341803102758 125.55570966987928 94.90395636202881 84.65456736156976 107.81165038290241 34.89646473903959 77.96889900095833 74.46226062380455 91.2584674253435 68.25084215453064 81.04549520563958 83.78349300888053 83.93573798133394 89.24123614045153 156.5481365626735 121.51009506508818 86.91539782274913 53.62899020099998 27.019434434427986 154.64863988461704 119.07631991267517 83.51256750822645 47.97643923624245 12.701942129991902 157.71506624207663 122.99578039762731 88.96107909184958 56.853996462969185 32.90701989526062 165.471403266613 132.7065370503515 101.84992091373367 75.28565299363463 59.11509493134329 177.30281522077436 147.06534852648 119.80069310745773 98.02171336707106 86.00213608626837
93.53126997425696 52.292389260744464 61.969531810977415 108.4168023085216 108.77869007586801 68.2882465380746 64.76210391305244 104.92101109599186 46.33208067598533 66.96583682945885 66.4147150636341 84.45194524657556 9.298584885687738 23.200784633588558 0.0 65.29451710292624 86.88835101150643 15.590697706007196 43.18091295896531 108.89413558546414 71.30998497824987 64.74075885197074 118.39766678994371 95.83329200284454 51.21407506166475 129.68496848960933 55.36198546393906 61.36053256156793 68.48882197056405 68.49707350592195 74.36961292424908 79.57724153863259 71.46350561840566 46.22691054426862 113.1819589843311 71.13336250058262 85.53973619875488 103.3273022660424 44.64243268415782 71.73619939447866 85.72436087314013 21.85456113138637 63.352616598085795 67.75578614045445 76.67728779953623 79.42788076903554 100.28961033666901 57.96766201844459 73.24415034776922 81.08895218096752 47.39970944735759 47.04782860733831 49.3945237929394 77.83122920080132 113.73133598021528 3.6842385423738264 73.24415034776922 80.855175463428 40.79234929942787 62.59804472702743 34.24118095545125 107.93799818630161 48.07994700682209 14.202538868135054 56.53292391110587 96.20624646645952 74.11037361941003 52.14537999171229 50.777623369608314 77.12349666778266 74.65894089615914 91.48769908633133 98.9463191219995 101.99089977085322 52.868751582406865 126.23889704119183 31.78940752573045 64.3357356857328 78.70173222429902 81.78555557284945 69.61529005955309 74.01748734002241 72.68618747077187 44.717325632235465 123.44883358194235 95.3830625665996 76.82361896330129 115.96982516578504 86.17792253161333 80.35250785338737 101.14266359805688 15.727626859453709 57.960227371855595 61.622041439399965 85.47379457167222 57.61915880472079 68.6893367334975 69.75773190742044 65.74199662728702 78.33230010467982 154.8415908863975 121.343422601222 89.46899374091689 61.784643468001136 46.498926791654135 148.75198155259224 113.54699748517734 78.68222728430277 44.95629848944376 19.58183567908718 147.75108663020544 112.2450668891697 76.80973923659654 41.62603274903759 9.895793222602498 151.93956018188646 117.6535007440619 84.44671104409002 54.33536837562884 36.13311485991822 160.91245901293934 128.93030320497024 99.42512307398607 75.36455076714721 63.29616362876978
40.78123659456713 16.416218832292618 28.766259552321323 43.154183139947534 59.68719261365972 19.002642496275833 8.862257563429315 41.427607050733336 32.216468758486045 8.85922365818494 4.314076933677576 46.42911174829499 56.07037840350112 80.7890286501915 65.29451710292624 0.0 28.154808484970133 51.244203826669484 22.83835913426033 51.47624054909582 7.568759706430301 17.626609293417374 64.79139155128051 51.47447165134689 21.901445830425345 76.54339270344492 11.651175212267953 21.652476401136926 30.41664617602522 5.681571760237641 9.268116921618825 18.560261073776406 6.215716992487218 20.09211679331557 55.606923955507014 20.04572266659096 33.397050482440385 42.44620180352388 20.84352028831742 29.410421717465056 51.98110767221819 56.24790383878536 19.56778092799199 14.626522145573759 44.90676041490456 18.92142012452618 50.955412844090084 7.750620445289064 10.23121526634432 26.363423917367037 18.053601410034904 22.085253725542813 27.821849792354932 12.697803893471741 65.39837749592445 64.33573568573277 10.23121526634432 58.1691670494901 31.342353375124635 19.366012696983546 31.240275086687227 62.166269962001145 18.50446654557116 63.55423620898319 25.774287152104947 45.76793202311357 13.046125698669746 13.33149964576472 14.563709464535965 12.108391405022061 10.016497967036726 26.94117848265016 36.11504311389567 47.18328617598379 16.957090861649235 71.85260126716491 34.41903780610647 33.7342652836369 45.43985958167273 29.06831527394129 5.320622837607712 24.126027227251743 10.873724714451273 20.861727866356418 74.49258633181446 51.324621615674616 24.05985336357085 55.80009011435931 32.9949485862398 42.756586901365885 49.4641718369729 49.57494854769471 22.085253725542877 11.33226289582164 41.064839141087965 19.983145575143027 12.610405502882559 7.1787027856597145 12.60697618091187 21.694043940943637 107.83168923878542 82.52179709930894 67.26174256650192 69.06922799526465 86.88553230900995 93.17586396848976 62.38337191464212 40.420411401127986 43.68197942090585 68.66296014763589 85.52556834474797 50.3731403404671 17.10241460078577 24.07780706356352 58.302640516477084 86.75479450694067 52.41401115906064 22.366657042505206 28.02696406158376 60.024650498948866 96.5248372471233 67.23837484481199 47.50917896532726 50.25349051661943 72.97857713803229
14.121617703407017 34.904557733491764 29.384465951366426 30.34016154402146 32.633164641424834 18.87301632471312 35.75156676916939 20.155175716728895 60.29238485697173 34.544101756472614 24.49119114075827 28.841923086187133 78.2461990851704 97.61320874993439 86.88835101150643 28.154808484970133 0.0 74.89698496865901 48.5809394143421 23.52544365281657 28.72207533352961 22.27220691247569 36.657232688207436 27.80930809725766 35.83408675454724 48.391400218054095 39.37484953609722 48.849707834373156 24.79301362826573 22.590482607407175 21.212394706038893 9.653057667121091 25.076735765731883 41.42602811385903 27.761585734065516 16.095276424319465 10.159246322107593 16.46893120362178 43.83770080068995 20.86753368250004 35.14296439496906 82.1130635652508 46.31559457193401 19.215516403209598 32.74887814250967 35.0603970356737 24.59281551640177 32.18546228651599 17.998453042824707 7.192125709835834 43.449944206707876 39.85280445110748 39.00548864704126 23.820822482248868 38.26277625814859 86.78162972169112 17.998453042824707 46.03765620656249 58.7379726409698 24.69873484892409 53.439230501757166 36.186814206326154 45.2391065071561 81.41726134345811 32.38587327865792 19.585033132591523 15.176323524061702 37.3193750631698 40.02692985711036 19.319295074404003 26.388484718561152 28.954954857766904 14.019794042304278 19.142764717678585 34.14845340891358 43.70845833055467 59.17503859037657 31.022495673066498 31.887787270670604 47.634895544690316 22.938773202525145 14.546806231123368 31.54133907217808 46.20287996845199 46.86659284627407 69.20656738718354 11.153740382438352 29.2249982210734 8.831292164154492 27.359321897440225 22.221212929116675 71.8446648611497 49.87889081416272 25.79801007509874 20.93721306677833 29.590892572437692 18.758009740885655 21.041554416088108 38.75146954972384 8.558756914475833 80.01633815428875 57.63627840219216 52.66329160461835 68.97143941992259 96.29564946578958 65.26350052683422 34.624257653308995 25.895043240717442 51.7152457237205 84.91513024950487 60.87080696134531 25.49487847406 11.266462740740026 46.21783425228309 81.7156893702133 68.85083613645865 40.931901652312874 33.80226315940188 56.05314355387419 87.59855190111101 85.81849114683666 65.38406721779124 60.97109857896055 75.44540589782294 100.98851158405407
