0.0 55.86388623599002 90.40575568709585 54.507047947526246 75.89444804761357 75.22880379109017 106.35708943285397 37.71622996229968 89.38483830114625 55.36489799338969 44.69259626540631 53.3337506866622 61.54682678810002 88.02820922247464 87.15274246189041 21.1744881613975 81.33151656589935 56.27521097495585 72.71047055467132 57.77914259247732 101.26816087967093 91.902911358033 80.92579848912628 89.86477077856944 82.6275032548357 52.04034388720128 74.14803031419156 97.9898483065889 105.50011287833736 24.119695001158654 54.55607513217475 62.90879213806503 78.76181427452332 88.84414667786051 75.13476403109308 69.43593838493977 67.1568501731166 67.83503422545377 77.88018724704862 60.90634662972838 84.24312104303871 55.12619419814467 89.77159581205107 45.45415940350301 64.80778149474928 63.00086947113221 79.14744049548892 77.00782766100282 67.20508550305537 94.63424572987104 7.593955084952892 60.518065391321926 55.151130640167764 76.07179508495717 64.16067139796567 92.32735643948536 61.98696344317777 43.915504763696866 89.21517905120707 87.42220964739505 49.32000311884384 71.36776958861493 63.31412476058537 64.06822423676785 64.74078308591012 31.618711318358752 91.25853019338001 74.7129895277243 65.38628323514398 85.48181266030821 70.46900774211095 96.92653128817955 73.75589657065503 90.01030601432176 86.45346375009267 88.13965539501929 75.57801530064492 82.98877725564479 89.4953773492501 58.87256648275672 62.68871881119706 62.455681892147446 80.45990492425608 81.58804751618095 64.27575200047916 59.52443497300619 20.113659191965382 61.04161676172868 67.4511656706876 89.14386612937632 81.22966633848098 42.16197396164633 60.69924910877985 44.20370581451171 83.30448516648165 71.63054902689981 78.80009541603786 73.57726549104672 52.159971051637385 95.11901915952308 130.8184779684173 116.76140658004776 112.62737506377313 119.45113152268 135.58822842459193 107.28675900296084 89.90543037047418 84.77963372539952 93.93747022467437 113.9867205445215 86.57041681029187 64.06878141934908 56.98530189921242 70.15685787736477 95.54469621856902 71.17349735185513 41.217945179920825 29.400086951416686 50.616252815907366 82.41261319534988 64.99442363725328 29.41859592456108 6.232454756008211 41.76654429418592 77.34504493598943
55.86388623599002 0.0 58.02030558916717 12.194553252968218 25.503529179625048 25.430128617549308 50.49511512544735 43.556842017893075 33.87509418300667 17.300796216741126 27.72824272418726 8.967802411635322 5.683939995796177 48.416390193718286 40.540221006260175 39.14352781066647 54.89759492787462 42.945505267647455 39.12186289432673 19.697309159040294 47.57910394026515 50.39518094342129 25.517018374367513 34.748334838808056 58.657496581685415 3.8269155816908733 51.47502839037544 45.97383495253191 52.96228074621231 31.746164347719304 22.193359473820923 8.00045191521219 35.2201205966619 58.44628416446394 22.0795276444259 37.82790107589164 50.96288813669748 14.421221582500035 23.674725025574013 52.815704301373685 31.032252865354803 8.21525498906638 41.531821334377064 24.451368816351273 19.838341476794554 7.213931690779127 24.467819811401814 27.85197871712422 14.660976459366928 55.37325534230022 52.20347414022948 5.765971109512891 5.992491322370348 20.437601756153253 13.338840709825373 37.98602914421174 26.5836590903801 25.82735724331648 34.22562646243113 54.415991851397706 29.272694593772336 51.639904693300295 7.519733271007958 11.30088263497026 17.623384890257597 41.5096958134451 40.489549541160805 52.172894991142485 11.200643272321406 39.69407605132414 19.317035479973633 51.39834193226766 18.338741850780327 34.501309904178406 62.84423889346916 49.94553805043237 39.30021247800368 32.737322984130586 40.66508879409707 3.2132434674506682 20.884216505189762 7.217739668445 45.52578093439422 45.33299567234867 15.080372364136004 8.739782155511913 46.613777906230226 31.64375934840065 17.006521364978802 65.62854443636385 29.071726497622368 14.34647880741452 19.702392758863986 28.182384771816693 29.364453954105368 17.269744847236435 23.264485694833446 21.253966772313632 7.1285787986888645 52.92898442006487 93.47229515000588 68.84348627048581 57.21821704239886 65.88297382860262 89.10303719923762 79.25047599402085 48.022295289755476 29.39110318662255 44.20097567275158 74.67133825233498 73.53861777076533 37.96912952496167 2.7554104218994304 33.25268068539464 68.81933053581862 78.22397631277023 46.32511830041367 26.556340087848312 42.387006385563694 73.62250959996055 91.72668187038174 66.47695978973952 54.37589455233456 63.45423031031187 87.3400852413306
90.40575568709585 58.02030558916717 0.0 47.5659631432081 37.855875879074105 75.0182276447182 66.78311495778672 54.27586765663813 64.81146472666642 43.08095781577706 46.758464358843256 51.030999070091184 56.91810920931013 100.05496299692027 88.26385125908585 69.48156713160321 10.869311937535588 35.14548355407882 19.705358206904414 39.99945960979756 80.31126237955449 100.30204756378747 51.19205058526952 67.66680481824953 12.971760830673256 59.2772073147497 18.124971421235767 83.73153238552948 87.11497175430792 73.20097475767197 80.21357489751202 52.64035495190047 87.15645226356926 3.164839020412835 43.68139621645981 22.239850984209045 26.63866095305649 64.97076908734526 66.57240347764882 35.48829623584253 72.35692294704887 50.65546993109071 87.06510945294862 47.212874870803944 75.4216770455217 55.48191465013516 47.709629680199 35.08039314904704 66.33866673094444 105.98552159637116 91.51234536991555 60.489845725493005 52.648744122382496 52.6994220635322 45.540545372693146 72.58561910084786 33.02187877297227 48.192829418279 68.07208822656725 3.6096795210733057 41.83184320348372 21.828072409286676 57.61918881767054 64.75581933802832 40.62032157121021 59.37845210945818 35.39535259908061 17.85628252277021 62.672228237323374 88.49807100126424 70.17657432044228 97.40393877565796 51.47128331063685 65.0704827977426 13.295711893097485 10.789108475087158 18.75067365300433 78.67976898194131 85.70483431911569 58.446330546422715 77.53492539220653 59.7497542386084 100.14859054666479 12.803518765415477 43.4296179090494 49.33095315975247 71.13427963769685 30.844757496452015 42.69643272773425 14.081130535144215 73.54408905398523 66.36350402224488 76.86156534543267 47.11483141691138 44.76316336295261 63.99056241557504 51.97464864540568 42.622317297959725 64.78718060395255 101.77433601821129 140.4767813527803 107.90420267879043 78.00684555389353 55.30803824577162 50.646326433841466 133.046165426071 98.1328630482427 63.96121026602999 32.92741959346215 24.68996633270726 131.25495522454938 95.71368184552402 60.22096768728338 24.984624098266746 12.414039183941032 135.3273677758636 101.1755602612522 68.49584049165428 40.97627340068269 34.621069398429924 144.76919528418736 113.38497553867641 85.35994974655982 65.18147693832216 61.180588633508464
54.507047947526246 12.194553252968218 47.5659631432081 0.0 21.438404852175616 36.56979575404364 54.61359656543025 34.285001593518935 40.263451119183166 5.133306503643653 17.45324389974816 3.5565329903943677 14.63002883526945 60.38610909950028 51.77472026060136 34.9796724875372 43.394146277211355 30.97664844320889 28.080939233862956 7.8243725788647795 55.66830674192051 62.159222188593894 28.200929415588877 41.85006409484786 46.9831508381607 12.108391405022058 39.51954669028531 55.19892641974438 61.66271429155025 31.503275867642195 33.48437659061314 12.40826607925452 47.09417189962348 47.634648861813055 20.910129271597437 26.347772261854484 38.768737807163326 25.059122933192565 32.66880258857995 40.82647525570418 40.26324097225426 4.020534561917717 52.347517100809895 14.290583018096932 31.999758683819124 14.569493490919346 25.620488284478743 22.804155038448798 25.727749252814792 67.27319298559757 52.4393848096954 17.044995714881978 6.215716992487182 24.2712590919145 10.01968249244909 45.88952687668752 14.950443045272255 16.02574870802761 41.54841615492482 43.964986237841714 17.825855483557874 39.52545020829841 16.45740623153678 22.6935830508241 10.428538420180063 33.69444234848079 36.96457492096363 40.223745135469606 21.794933381871157 51.11497159836138 30.4700446935577 62.54241523877083 21.676757072451984 40.85724200331222 51.22910061148731 40.61702609937601 28.896659480922626 43.31380822540928 51.34707921117164 14.233916867614505 33.064764747962 17.59433571679373 57.71489546766793 35.25553850869234 9.789616047492265 6.866722441026437 41.297834068774605 19.565753983224724 12.984726317541602 54.06285773830744 39.051846980770804 19.190572288066463 31.822041602414966 18.01323722830605 29.145606623121378 26.802994739990375 26.49032239762084 19.210490844145625 17.826715265938528 64.56694310677705 105.1628360601879 79.03641174685475 62.97951613896926 64.94780445728563 83.6788380284628 91.44298478840399 59.78945259775439 36.3307778745575 39.96573287989536 66.38359581135533 85.10727218850757 49.66639721090317 14.915246751611148 22.59177949243978 57.710681479515955 87.76998606500123 54.06232075762869 25.96342777294994 30.946172980432795 61.42827237448452 98.70542734817639 70.30436148077843 51.71851344954509 54.21314932532358 75.73299163576722
75.89444804761357 25.503529179625048 37.855875879074105 21.438404852175616 0.0 37.246833833836064 37.74670898845526 51.19578245099119 28.944735294968922 21.013472549076248 34.93136301865425 23.203246978188286 22.011653474093748 62.209046600603564 50.47440355567401 55.93721795072012 38.88359827004102 40.16560248692442 23.760432226637437 19.373315312183767 45.37032660777059 62.467806167757196 14.348115719067017 31.551364904160007 43.19123394444209 28.405396250994762 38.84218665963233 47.49890507070222 52.13113062883911 52.88558154370362 46.14559486216223 17.925268540361305 49.40379433888856 39.31598208678632 5.82553606647766 24.82879357017507 42.582583061475475 27.853555444035514 28.738462624562544 48.48716547213909 34.8445341463613 21.66613658870396 49.456384096101154 32.61330979182116 38.917961238638036 20.198540557348615 10.572530524055757 2.8452263923140793 29.330847341092667 68.14136473286838 73.85448114762436 25.515268817232258 22.524478376261555 14.882320393109719 12.66606109389088 36.46869494627638 19.527122086843388 34.47306136511029 31.743222829869165 34.54085656312893 32.515214081754436 40.811844896040334 21.94857591341989 28.437381914837065 11.17930470463009 52.44072983386988 15.610870309822307 39.39036602175472 26.09109546016392 50.65826986479418 32.72010351161828 59.90901671542074 13.643976902371486 29.353474743158117 46.6823732318029 27.851865913375573 21.614829055764677 40.89244839916141 48.127860869984154 24.420364043827504 41.482562970484835 24.168791397494513 62.64543400174796 25.49658043779094 11.855854497173288 17.833322938360045 61.59802741247618 25.085939441770826 8.91283742942229 48.998892339716875 35.76295752809445 38.53060046606342 41.23250400733377 35.55410698697546 10.280270931442454 26.348047267241924 14.528548119388484 5.018040030979493 32.55104850777494 64.01058589019412 103.26318500109635 72.19482997401101 47.886074638854716 43.66043272397472 63.65190648437607 95.23949033532008 60.285873148473556 27.02627143139668 18.938296071195627 50.19069269375998 95.14597372426067 60.13942279459709 26.701147118867475 18.475918549164284 50.01974710449084 103.00424154780836 71.82747035437403 47.33574623933088 43.062000666884174 63.24693341059719 117.22552848846449 90.89336966916993 72.89373722738914 69.98215032242626 83.74734599106331
75.22880379109017 25.430128617549308 75.0182276447182 36.56979575404364 37.246833833836064 0.0 38.25523547584427 68.90241613596112 20.78117553856177 41.217501732015286 53.124348028335795 33.959161135697116 21.961221867790144 25.16217594797882 15.207085811783067 62.1454602026003 74.77640480755446 67.43045832451772 58.76445829055747 42.79572091691389 26.661228801703516 26.079830256418123 25.980737104367403 19.330593400449533 78.93482323257926 28.01698254672858 73.00668869914684 22.76585555547464 30.29604250191363 52.16116109248221 22.769115020590313 25.081214823967777 12.15777272997965 76.2940987460632 31.453991367605514 58.55214370921096 74.16069405913112 11.546597475667518 9.766592457315245 77.21887190644772 10.668206454051303 32.66541803517915 16.144747830494047 49.842591690972725 10.796337879219214 22.35408351193407 28.514373617028646 40.07349713775822 10.869639365026101 31.538134869427218 69.8771803456908 19.785375452682732 30.68345132081424 22.761811138518294 31.61971830257567 19.265592257782 48.554681815062885 51.252266081240286 18.397178110988158 71.62593592271338 54.32239329583913 73.95259100260198 20.24939673501506 14.132043201455902 36.6578196372351 66.45404848190394 46.3583426432936 73.65754606338596 14.778021944987152 14.607957444545765 6.132249640730238 26.016625859714143 23.60690303705814 21.222682608823277 82.79041039643697 65.09170135328336 57.63802383941643 7.850792645729107 15.37205314169491 22.61779114934101 13.694061795517799 18.980075924142046 25.67704196639973 62.433245476616634 33.813607585297085 30.468176114699734 70.07857348191928 54.417067434494115 33.26873501461199 85.32609911430792 6.905214477112255 34.38020193656201 15.377390061259456 53.591290719915186 33.101908669927 11.122775116409803 24.314271090598623 32.39906066525747 24.722967560492084 28.210366621112737 68.74391425432889 43.70353926053323 40.32932085539195 62.25022150459005 93.03712814449852 58.02925817263031 23.75840098708911 17.138769772571877 50.54920612267776 85.72581903000689 59.99860692239816 28.190609637092432 22.842774543327707 52.735931432239546 87.02050802612938 73.64120236897749 50.99738073269857 48.068762169227696 67.47329731925657 96.57563204335781 94.00464481510835 77.34614564698451 75.23347816770621 88.71202409750083 112.3016793763827
106.35708943285397 50.49511512544735 66.78311495778672 54.61359656543025 37.74670898845526 38.25523547584427 0.0 87.93290300532873 18.06421601322648 56.48345117962538 71.10163488769854 54.4310462625403 44.81136386003071 52.689762718046225 39.94773329633197 88.85549800707955 72.08070426778036 77.89443480248305 59.60489984667747 55.81652713190457 19.700696418906283 50.1841028083473 26.416854857165198 18.950583226505778 76.29621012379582 54.317122840336054 74.21576678555573 26.198809877155337 24.903641995410286 82.23763673889862 59.93305597989354 43.82029437601194 45.68810763395575 69.34567524445752 34.80369732650757 61.50385436537625 79.36644907966046 39.95704840961556 30.70872394737699 85.9512836175142 27.76281056184967 52.55545104907872 36.524287321213926 68.2997462634037 47.965146688848336 43.39855988256996 29.31097935015241 38.89618432325139 41.05030223721197 55.25752140663907 102.46375746909432 46.034626124586254 51.93069343282864 30.65220768568318 44.74326846721105 19.909787262054955 57.22907290629932 70.15121869707724 19.871474900877217 64.5277987017864 69.53058788380726 76.84938446015293 43.05321790770114 43.514190835546984 46.8307692221954 88.17794026246605 31.535721729882383 74.63595648425955 41.681123148110444 41.55418875090552 39.690852349604185 43.131427612211105 33.158839439072764 17.501889967418283 78.80282405955388 56.15961798522874 56.518935022833816 34.046072401548166 35.282528093908184 47.49739151183069 51.22309585680078 44.048125430683804 58.4085123847356 57.610509700719156 45.66721356972803 48.20084652161294 95.71283943231236 62.826004926766025 42.72479116514426 80.41885825937601 31.544991218303704 64.42905046497809 52.493241627322476 71.71595477137258 27.48084238319658 35.93124257299487 28.180490868861153 36.79275005569559 54.78146421124844 49.71770909846602 80.23963466351823 44.90091713443254 11.224783528523705 27.714782846004198 62.788793811665116 82.64738811108639 49.03659633654364 22.600593647195062 33.89967434283502 65.72511728594026 93.82849936103557 66.02413978281812 49.464620162822705 55.37573597383863 78.85656278419026 111.1659872615926 88.7681191450405 77.03097278645546 80.74560112980397 98.17343314768948 132.25981100085312 113.86906256595974 104.74566465590108 107.28061415787855 120.74183673486603
37.71622996229968 43.556842017893075 54.27586765663813 34.285001593518935 51.19578245099119 68.90241613596112 87.93290300532873 0.0 74.50485228055987 31.52310990786906 16.944911206176485 35.779348600108804 47.97733366642675 90.18679047337638 83.84151730870597 19.36687904571697 44.43720194012559 19.18917555213839 39.00639953358257 32.15848330125609 89.92056594207672 92.80444077328076 61.71922318451842 76.13428740820112 45.28008287027127 40.92487757177423 37.031918781202705 89.14710004233534 95.81101571677026 29.589093462709705 57.288858321601 46.585888699787965 77.62696195306245 52.32848951778902 53.16864638009646 35.5983090267252 29.57736998469405 57.94386628555738 66.58153144259288 23.281976478427367 74.14315668653363 37.453748843300666 85.04182496499271 20.0016413097273 61.58959375010642 48.3986766668113 58.627594905340864 51.057207639431105 58.21403847872677 97.29029323790283 40.803320448239596 49.30725114924691 38.99067964505032 58.31674311350611 43.49312283391187 80.14345705123014 32.432441858931575 18.266539952569623 75.83195547456293 51.67066488647876 18.691324116754693 33.9773631128907 49.963908834985496 54.824510807120895 41.12359179283873 6.521918811393719 64.26957602839275 37.53900150368307 54.677238032560744 82.82808616023779 62.83021515439423 94.70220264518349 55.71779815090717 75.09178240932907 48.949810843009416 54.10257652944371 42.47375323190928 76.2940744451963 84.2059940542274 46.56628900487747 61.30640267643056 50.507545033720476 85.40495037872297 47.541450811573824 42.33084570149289 41.147300340081706 17.6261482779834 28.712161137159427 45.211130979510905 51.57480660776689 72.51619117638178 37.780791278411954 59.49314897091093 16.350482086501042 60.95382463588309 60.409515494081184 60.28650233181925 51.20007227752841 45.09126587659509 95.5873237721809 135.66045267448442 112.39619720696803 96.92308049126768 93.20565209019819 102.53065540005122 117.94671086275977 90.45958958035459 70.61565498207331 65.74440470968872 78.67785847287212 104.84395135368248 72.74127523684297 46.070748584623935 38.54758607960035 58.15067218455497 98.21612265618514 62.91372802685459 28.32095734256041 13.350097429005624 45.679126567218056 99.36780591880641 64.68033264581169 32.020843613870234 19.983188860569022 48.01588971469223
89.38483830114625 33.87509418300667 64.81146472666642 40.263451119183166 28.944735294968922 20.78117553856177 18.06421601322648 74.50485228055987 0.0 43.22561380601399 57.582415036471424 39.295442132053935 28.282270457146296 39.84606766043166 26.68424109466878 72.93601982779052 67.45995959640379 67.49616226583248 52.699089629770285 43.35461987185498 16.487270662515687 38.53955872630309 14.633998387154634 2.913520597504599 71.78851416400546 37.61610700260202 67.78443123798205 18.92492702095984 23.198759368299946 65.32359096162084 41.89136777471408 28.292768880466173 30.08615224639481 66.78913202781554 23.966349823027905 53.70270447410839 71.27450411947356 22.076506735073064 12.64535123313262 76.51396950535123 11.15287054941723 37.472517576081884 24.21711409345443 54.50852589874653 29.986859856622967 27.17677578315938 18.419260688641234 31.16243580882524 23.085270555261342 44.17308898661119 85.11490941316369 28.877306679250616 36.399689929712835 16.391142581974307 31.23346554361234 7.774270847697018 46.62252122109261 56.27674552194129 3.5565329903929532 61.867663242328945 56.95929988774959 69.72231871515274 26.362500531817716 25.731804585260516 34.72431201127342 73.81970686140679 31.097950885813436 68.32812472587979 24.097005135246903 27.752263222030344 21.64599266227801 33.6442367337787 18.93889477450244 0.626886123678322 75.03932976793759 54.10493809456497 50.39180480550762 18.41744711997437 22.796527719330555 30.722607550502875 33.26640689332584 26.96802238977796 43.73130087464814 53.43392473373008 32.755327022408146 33.44488612942892 80.21063280621875 52.662600470695835 30.419230935921117 77.16117996190843 14.589506139786295 47.23650153026487 34.47468981548256 58.16647314225448 20.105195668674888 18.074047285925076 15.067156758012825 25.832981779859516 37.344479342155275 39.12186289432673 75.84991509441933 43.393207741164346 23.343758564688297 41.702414529085864 73.92869144535693 72.24842780550622 36.80518948300287 4.649648663900537 34.940336286691846 70.372193189236 79.1886416048793 48.94613726341288 32.446832141710765 47.3503817153151 77.22376286101266 94.37249074891714 70.7546356185461 60.31919537625958 69.30171440269218 92.19102627471209 114.56729119467364 95.84339290221595 88.19465448202455 94.35405429823082 112.06751273739759
55.36489799338969 17.300796216741126 43.08095781577706 5.133306503643653 21.013472549076248 41.217501732015286 56.48345117962538 31.52310990786906 43.22561380601399 0.0 14.622776047126534 8.626602271777106 19.27495127447476 65.31555973199414 56.39234015836446 35.01698915701589 38.455649409537024 26.213214123584258 23.439923398595905 3.1065948515185937 59.0616962171829 66.98493356403254 30.19958806552361 45.04046263113075 41.971672961720465 17.174120884132996 34.41828768877379 59.02682652617541 65.24852359428198 33.36792565000421 38.538328540257694 16.445796296436217 51.9911245186587 42.98610053422868 21.885732533913064 21.483771147263898 33.67322065326642 29.67157497120899 36.66287540926047 36.01187434540972 44.22440686234039 9.08903828336816 56.797967011512085 11.873589907302685 37.061158936572824 18.93855331210488 27.17887516377023 21.76277583920473 30.446742766875182 72.1610656591971 53.97985896287252 21.95249141816456 11.30895738355521 26.89954759959907 12.01931625302065 49.31200075701413 10.132173168032436 13.742094334375341 44.82284972017491 39.50052157278702 13.814000900384638 34.39236797546248 20.977519327819195 27.535319527120798 10.006170082782633 31.842596952647575 35.984515966476366 35.123961308748875 26.45806610256568 55.80999297024488 35.166188902057854 67.0947357383553 24.314357918252373 43.796363400521166 46.23492887511263 36.7290905162622 24.599343283878508 47.72001362579056 55.75003811509687 19.1851649423677 38.18227052458063 22.326977166642642 62.7959774870318 31.048432880486846 10.821258967933826 10.83448399501842 40.59384775072061 14.442505771833016 13.80118151435781 49.08406699016624 43.2832081261908 23.293929511325047 36.952598074924914 15.234961318981872 29.945397120920052 31.078376102159172 28.776918049702214 19.978231074601222 22.899038526721455 69.33104534046927 109.92057075194747 83.15212804415816 65.40757372200322 64.60769909481958 81.2544684601277 96.52907654956378 64.61944062282996 39.5685163829657 38.57264273009026 62.78706826830946 90.16587625341542 54.76216524688943 20.00285617429887 18.263180949082802 52.907308684870806 92.29662579414679 58.172255262836245 27.956350803342833 26.670319398887944 56.33166464936299 102.39231534080724 73.01369602545728 52.05742593030174 51.19681243676586 71.16469514394315
44.69259626540631 27.72824272418726 46.758464358843256 17.45324389974816 34.93136301865425 53.124348028335795 71.10163488769854 16.944911206176485 57.582415036471424 14.622776047126534 0.0 19.31723375264433 31.600012948738797 75.71413171122623 68.26573265096509 23.526195602210798 39.05170224821744 17.880257748435245 28.150215073435064 15.584493465105052 73.11760040735783 77.94951015705807 44.81598303795044 59.25450789733901 41.43179143663811 25.70588278011622 32.83541835966522 72.58773409690349 79.10922334858127 26.676281265334914 44.834467998882445 29.841842007634437 62.724749693109615 45.66905771560625 36.4278230086856 24.977738800440076 28.51318237367255 41.84461140169127 50.02429723610351 27.1907740171155 57.614718038634884 20.859889838903573 69.16332443132572 3.282511256888595 46.89006534129597 31.83238121431107 41.79254989925954 35.14888844565949 42.2842276925074 82.7575970185304 44.95726305815502 33.34255471014874 22.59800258363837 41.372299382650105 26.553761749186968 63.33923003231069 17.685609768813876 2.223160555662351 58.97369516220882 43.517451191809656 4.942151166772403 31.20977815835347 33.54273582899015 38.99789550623581 24.412304493734513 17.51588385906888 48.95812422626813 33.513811048735725 38.550321064553614 67.41609727823878 46.99554267244439 79.11965329201482 38.77369124760058 58.16647314225448 45.67055527010989 43.507689852101905 30.89917842646658 60.245811225681805 68.2424092278675 30.521397437759532 47.152121996222135 34.32297293898929 71.86325716933497 37.00295823499024 25.44403336893532 24.31590228921586 27.46235773702863 16.412637819838668 28.3909817287766 48.56619665014029 56.2131317134164 25.829006439552952 45.526059548206995 0.6233802076664545 44.368226549472624 43.99911027191536 43.35159148684694 34.486299795046726 30.67555237695227 80.56592231790324 121.02087376220624 96.20832286184229 79.98824462453814 77.92487125624167 90.98648380305215 105.20780032051378 75.58042691970982 53.74273495438734 50.95412771023902 69.54513386651371 95.21928786388666 61.068063176665696 30.399102733493322 25.516741604778503 53.94723631054279 92.95299936326134 57.50544761750228 22.487843802363937 15.38635532608502 49.99986939697668 98.94113085933529 66.67180422540994 40.41161308417866 36.78660566803397 60.0466246534167
53.3337506866622 8.967802411635322 51.030999070091184 3.5565329903943677 23.203246978188286 33.959161135697116 54.4310462625403 35.779348600108804 39.295442132053935 8.626602271777106 19.31723375264433 0.0 12.283730708817354 57.36462802045166 49.153899609433836 34.52295569350376 46.9503466267667 33.98000107431755 31.599520819747077 11.380905569259147 54.24034504207143 59.27333043912898 28.169625372741447 40.672145886335635 50.53711923232906 8.558606492619594 43.04358477131463 53.37744290537668 60.04373900892078 29.823417753084726 29.934194544419373 11.0085044640159 44.13370658218269 51.143948492235424 21.808053715724416 29.90083024572814 42.117493367826384 22.568479682034894 30.806690279601845 43.84968418565613 38.37887332979622 1.8759459318729588 49.91132300194213 16.047198377921752 28.79859029843262 12.62011425215855 25.976001570162367 24.880775462865564 23.090139782643497 64.30248522153236 50.817501425615006 14.215296576521979 3.2883961808331197 23.809072844802223 10.871945542936231 44.48013742065907 18.50448692931101 17.611568601328212 40.29839344383891 47.42627122197658 20.410507469088273 42.990826286563994 14.236527868614193 19.90643343291279 12.72610806689561 34.56240319995227 38.814105582181966 43.74888407211676 19.27429619007968 48.40501029890512 27.829331759258732 59.97536785160448 21.274640474777343 39.90422403881313 54.78467179149526 43.88350785784363 32.32727195006711 40.9534357570146 48.96446519700507 11.370802771589654 29.722322422105332 15.039963231998248 54.4486810051464 38.64612683276229 11.349392402056402 6.292877973054056 41.287131766629315 23.06706741432308 14.377094047071093 57.61917445232369 36.898320637878655 16.1112265361297 28.421897969624414 19.8251289264939 29.972161688116177 24.69884058015833 26.26318758053088 20.307359622687983 14.281209756472029 61.754459496263365 102.331075554217 76.89115712794816 62.32963734272963 66.25594287347896 86.17916725298194 88.1569212467955 56.90072432795978 35.15579117566155 42.02801966067151 69.49076758215556 81.55974126440803 46.136689769393044 11.722083027225631 26.046701480051365 61.25083203806233 84.33717085056782 50.843074850034114 24.279190638702847 33.55802289869065 64.76884797916989 95.67610788786614 67.8744342471624 50.9128614752487 55.76252809254472 78.47903574287488
61.54682678810002 5.683939995796177 56.91810920931013 14.63002883526945 22.011653474093748 21.961221867790144 44.81136386003071 47.97733366642675 28.282270457146296 19.27495127447476 31.600012948738797 12.283730708817354 0.0 46.198272405142966 37.15795271875342 44.66155873828004 54.85828440424216 45.48023312011223 38.817965982872956 21.024059160887404 42.38317537350858 47.736751622435676 20.05523731117209 29.26612878742998 58.81386993897731 9.50671023202855 52.16517546160138 41.18470740687118 47.98160392737196 37.4283459247742 24.183609305530418 4.313529016957364 32.83896772705205 57.64600502100714 17.759134125214576 38.00357759552763 52.56938081676699 10.431580902732088 18.65430040175089 55.28682009302641 26.17932290787241 10.807666349753385 37.73085598590897 28.330928730910983 18.7587166929921 1.8956135675052355 19.34166541516061 24.61451565747619 11.174001167126098 52.969524937783305 57.83509158871293 3.611348405955192 9.013333597172233 14.902127841976364 11.380905569259147 32.699999686260455 27.26584838483156 29.881657399958055 28.78333899731644 53.351620420406924 32.43696407112042 52.735736197352026 2.0098323863442142 8.429407730884249 16.407755935748085 46.38536530306874 36.253610192819515 52.84409173152318 7.186444389031843 36.5398704092831 15.89201554358428 47.91340573473707 12.9592457132089 28.90722297636736 62.885864317907114 48.14689188714006 38.456037191706834 28.72228050943591 36.748880534724194 2.882145386859647 20.637456889252977 3.1091240107777014 44.325914059182836 44.11859397820449 13.529286676593244 8.678823553415457 52.020110149088985 32.877858886614575 14.444345340181801 65.58412794033792 24.614711172832735 19.87142435968681 19.9561756793237 32.108834965937824 24.426665020223346 12.434669948022735 17.760494413613785 17.31333708161418 11.299568943283761 50.05787947863842 90.64573036049687 64.60865247281335 51.61456575829127 60.7124756998223 85.0887883058114 77.98179999785889 45.375257921733144 23.850919197465682 40.137489662129575 72.00950784990317 74.3579775698461 38.88526533730253 5.218195199149428 32.78118256920084 68.2216458966319 80.99705425282372 50.33645338958243 32.23637579604359 45.571909679280914 75.14388612310036 95.78801913995379 71.58170160293898 60.03891852876649 67.95248202287867 90.3467997691353
88.02820922247464 48.416390193718286 100.05496299692027 60.38610909950028 62.209046600603564 25.16217594797882 52.689762718046225 90.18679047337638 39.84606766043166 65.31555973199414 75.71413171122623 57.36462802045166 46.198272405142966 0.0 13.188228474055194 79.7519602420478 99.93022077891226 91.33138217631323 83.90228520144528 67.21792533464317 33.94689247360828 4.490888168992615 49.85504644772332 37.19090749964969 104.07728193516898 50.0152356523033 98.01423338205703 27.12169230559576 32.13137226931399 68.04042321010367 34.453878280632544 49.783248551185 13.3650825021194 101.40000254524229 56.38671696239171 83.60666343201984 98.76720053539319 36.19631634649969 33.64488713705383 101.19559869165816 29.272603056702188 56.37196558365292 16.220397073676782 72.49712409771595 28.82427908680495 46.93329611597179 52.87669897597396 65.00815387114736 35.14337862243045 7.107183877760997 81.38812702105791 43.36483829554838 54.22487154746838 47.45420829810503 56.58205926093916 33.757353458520086 73.34018028007429 73.65698458855148 36.36119722672544 96.69765332654734 77.66032503257966 98.81649640731402 44.734184572569276 37.80872963296131 61.673744827043414 86.6739556952257 69.73346734770065 98.6740239010075 39.16147339019259 12.15819825410843 30.636215793578632 12.736520875867347 48.583872128711015 39.97046086082076 107.94809496700184 89.97335332634341 82.79958900859991 22.059549618972486 17.538820961383834 46.15481940209231 28.88286083338072 43.09408724809437 8.984270053969079 87.53660517996924 58.79603716852621 54.87522243438709 87.84138366256425 79.06019172560936 58.40173461432572 110.48807290819101 27.03702022822917 52.847693914733156 30.727880143299995 76.1017242019103 56.93577429657729 36.284838929280795 48.56909468032416 57.44897789129201 45.21279427819959 7.602205028045773 45.4737070507934 31.268464825309067 49.19112303914259 79.96253568150246 113.58009716509012 33.117515616474066 3.9708847739386925 38.301133958061264 73.82680170751661 109.38933809811653 41.554717214266454 25.295518292542823 45.66322188378481 77.86266296453059 112.1260745702512 62.91181547442474 53.38508703342183 65.37729257137799 90.72246207334852 121.32226398035779 88.26069309166465 81.52273063383396 89.6327739655894 109.33519844698009 135.67022501891265
87.15274246189041 40.540221006260175 88.26385125908585 51.77472026060136 50.47440355567401 15.207085811783067 39.94773329633197 83.84151730870597 26.68424109466878 56.39234015836446 68.26573265096509 49.153899609433836 37.15795271875342 13.188228474055194 0.0 75.9252887439132 88.89867832447426 82.60357805862758 73.04325080191757 57.89303963588343 22.169831625812183 12.158173198591129 37.41756197984617 24.007020340571113 93.12777261555874 42.92017996618951 87.58325758210587 15.638153935911665 22.195982207381004 65.1578509051108 32.673481741532555 40.14342681940006 8.868308472653608 89.79004230088282 44.66781228528916 73.084010182094 89.10974626749127 26.729782670860857 21.759450149049467 92.37265443523955 16.372175948906005 47.87219628309484 3.809588778867643 64.98659265296781 23.066952585066378 37.48267401078375 40.66109131086924 53.20563803931051 26.07173096035002 17.883727264095295 81.16735156152494 34.957355103624316 45.882585314201016 35.59257654465401 46.433848565926105 20.638446902498632 63.449253377618625 66.36269925939084 23.18430928340496 84.9997700572825 69.52792722720221 88.70980590405304 35.414824452944565 29.27768477084266 51.36366886889058 81.1175491195503 56.91832142273306 88.21757276006618 29.980244607623487 2.023379099629458 21.32739714657726 10.866830922960457 37.05065646614258 26.795251501786872 96.85147677609844 77.95726755113375 71.61452143678902 9.584808619575535 4.754416435967953 37.79722481099684 24.61218873169822 34.187065903504006 18.623296167174427 75.96371589693784 48.586759999474104 45.608833100853374 83.96879702350226 69.38670823276179 47.71734838608811 99.28877957085763 14.719976881196356 48.150078484323025 26.6300248377742 68.72253407506524 44.38589066874058 25.709288899664088 36.35578498130804 45.930213734972405 39.07685101019477 13.547275577313576 53.70773695073752 29.749331050236115 37.65261252977928 66.952300971871 100.39769331403386 45.7839437798826 10.202624553598652 25.381659233776656 60.96371659497968 96.54600921126942 53.88376242683497 30.06298775606367 37.8985628504444 67.08959198793853 100.48840775561023 72.84467333444869 57.306600174684064 61.59457368748907 82.67939093485401 111.4002556300898 96.4608391273617 85.11608658170859 87.8456935384471 103.54248654182183 127.50407887059667
21.1744881613975 39.14352781066647 69.48156713160321 34.9796724875372 55.93721795072012 62.1454602026003 88.85549800707955 19.36687904571697 72.93601982779052 35.01698915701589 23.526195602210798 34.52295569350376 44.66155873828004 79.7519602420478 75.9252887439132 0.0 60.75102300098924 36.160381286761954 51.54750852701592 37.181443019708944 86.53148795717563 83.01701677097174 62.688302002157116 73.88996738033534 62.36658702287053 35.53030038832424 53.7663151352989 84.31633428990885 91.57551451328561 12.478536011222799 45.36159882239237 45.05723144656992 68.4400236656138 68.0484261871736 55.889592665739535 48.28734726120394 47.36005804008214 52.80247371107593 62.60699400078843 42.23354843840617 69.68289148434322 36.39354950184137 77.89175684843553 24.442811359005482 52.85885255754495 45.789140853750204 60.43800340608117 56.77919019364131 52.5497819119847 86.77653169693451 22.279812284372454 44.54471606436156 36.925260007523185 58.204828741749665 44.954818761628154 77.05352929082215 40.943444744816254 22.83277275959258 73.36847890485193 66.42231455510772 28.150823298359246 51.25530377795248 46.60682175584733 49.14910350067918 44.77275223026867 12.864336045147182 70.98596263419553 54.36841576672348 49.88199632550547 74.55016046822965 56.57958067325114 86.4775410067229 55.7203005109801 73.55993477600944 66.35067103548711 66.96897691152729 54.403784932605795 69.97159484005711 77.33151271353582 42.344756546079644 51.610687616355115 46.27702675011104 73.59630098821022 60.423697821872544 44.717149594377986 40.812328968472116 8.09605125257673 39.86806239499571 47.91728256794202 69.12834706036635 67.21242478208826 27.822008694036352 49.61472215323736 23.031835205411415 64.12516512381787 56.17208424811539 60.74501363572618 54.17634764423396 37.494425064579 86.06371207008517 124.69811634177758 105.54884734111887 96.24717169230928 99.59165062349838 114.47923662934596 104.36254826138936 80.78602402899516 68.50793117675808 73.43300585205769 92.86329102932478 88.40154986160273 58.98025914692085 40.92291925674094 49.019150063000744 75.25454289285487 79.4963659574498 44.69452236972552 14.413060196130367 30.82336976346686 64.99716753758696 80.03837054859164 45.642677040210756 17.104772987182074 32.157404043227544 65.63406200236336
81.33151656589935 54.89759492787462 10.869311937535588 43.394146277211355 38.88359827004102 74.77640480755446 72.08070426778036 44.43720194012559 67.45995959640379 38.455649409537024 39.05170224821744 46.9503466267667 54.85828440424216 99.93022077891226 88.89867832447426 60.75102300098924 0.0 25.264384058303833 16.082959296216078 35.570739637631696 83.59972644999972 100.66136693998455 53.09847808683848 70.19005199078256 4.329004346036627 55.481914650136574 7.50785094204122 86.252612044564 90.42471564880526 65.72650801346414 76.83124349109626 50.77487653471053 86.712030389788 8.214077874042731 44.51070490943183 17.082568831587917 15.892933847480066 63.965622032317015 67.18108584091615 24.668656881349456 73.65646989174611 46.9626779280052 88.15294166201778 40.09486432304742 73.61699440206861 53.687562274417495 49.37978155817198 36.40704267927055 65.19220730427485 106.24048560162774 82.98832995034677 58.27061470822757 49.11555627289667 53.5557114574248 43.68294594306824 75.1390438380277 28.452263923146457 40.76628832375778 70.45953026186353 9.903668153945018 34.14047238533008 11.067234006106561 55.903105651315556 63.12389181722416 38.552653709048904 49.90683531446417 40.66848612297184 7.127047482903267 61.298604958157426 88.88541181218689 69.42578034847955 98.65891001911935 51.881604922393834 67.80613286098657 8.040095994859215 17.293087569357603 17.32041077553819 79.37990064401752 86.85488216872355 55.90223729692328 75.35080720197871 57.879082594872195 99.04777567328263 14.47770572583426 41.4654460808746 46.57177765151934 61.68118755697388 24.56998704055616 41.54233792623561 10.740585709077664 74.30054119637204 61.177728019842704 74.41874206839626 39.311972990491675 47.4894488223708 63.657521755215434 53.41209137917766 43.06359929426272 61.1755347732954 102.4348780862968 142.08250099787324 110.85242371889923 83.19386252092252 63.9242821168816 61.51052833029031 132.50256891243924 98.40011606329647 65.8818936571748 39.12101713033153 35.39312151039458 128.40030554778707 92.85684109427447 57.36164143238105 22.147988040070906 14.930483489837632 130.29436332762683 95.43453613878619 61.40912729666043 31.09038110790286 26.350395340557423 137.93785130404882 105.53970044437212 76.04318108956312 54.39358313346275 51.642210051014004
