0.0 28.7374992734061 41.27461643768954 27.171772158545284 46.47423809473605 15.044739525689126 27.93918574099995 12.997873928652703 10.679747725731996 36.44330344050816 77.09441529236418 42.25578549280046 63.05992594655696 2.913520597504599 20.089821991058958 37.729134818770426 12.23539746925534 37.75181935826334 18.800939027673063 28.710621623337126 32.98052540226118 13.161670451031272 38.1256100733289 51.002367347129905 44.06676841783518 4.313581645484545 54.41626873914789 58.45149716880709 14.641236543938398 51.522747861860935 38.61173396506484 38.97796103672824 21.10609034797841 25.3143963284131 5.134366682027972 48.015209304755594 7.126720045033388 27.50202811552073 53.28836243975897 32.31173093007235 17.643678019942186 52.728600474346656 56.77217765384493 66.15658919344544 38.163683291426715 45.84407998080511 17.386699348365255 57.24348985743185 36.232711761936585 35.788995237254426 23.304419911414698 25.47557707490359 41.82175135213026 27.074064583780913 53.18647103137456 3.793143521381499 25.500615239406077 10.251822714688016 15.055837749592511 48.64107326985879 68.43327068515872 43.82700440550715 36.652120284709326 39.975302143191136 25.86900361669734 23.2034190649248 10.879887524202475 25.02100988259867 15.978050862654873 33.45469888951376 30.948385811491 35.652767529356815 28.17872961142384 49.19905907647389 39.67256302517362 23.83454238311691 15.689783063629315 51.89772936730745 19.283144496415474 47.74739999406464 33.066159626258276 42.011211811132604 12.98855021165025 10.235393135266715 16.065009437445237 15.514126652900602 8.044622214750717 27.007988720764335 41.92956546917285 26.048898885582812 14.067843765918239 65.85887210314161 62.302258472238144 22.955046524717616 37.17678763107849 66.27542898113107 4.323533082227563 52.059518524078754 37.59393000768889 38.37915973316468 102.5464170247294 81.24439763490382 72.23322808531151 79.79178481389373 100.23931962217635 84.87246195330172 57.61450852748045 44.358748143602824 56.10824922034952 82.82960143272176 73.9943886304589 40.09426742101128 16.496557528003322 38.32659572165492 72.09663562171754 73.01622954176563 38.276696315474 11.44768611493627 36.458221105928146 71.13060232602619 82.291819918691 53.77829756646329 39.29943893921716 52.23950096743963 80.28489253864872
28.7374992734061 0.0 63.208598869365524 32.74414301607271 26.179366935948256 16.10347311930245 34.165746344296274 29.203361489629135 22.28862875945179 47.65754207127038 91.15137147470224 16.394475229037937 75.0015861623293 26.491509745902516 25.798744083417265 50.53764314560694 40.947388877965146 46.38728396064366 32.34267475665308 41.488227278200874 34.26809611427446 29.544045820566335 39.86096578309534 65.46701489322722 19.842698373340593 31.21117927182923 74.21054307072582 32.839936941290055 35.92456186218952 23.3558943532425 18.616754042259014 35.75934067433165 39.93121274046599 22.273057384744206 33.02950502755936 58.54109252960809 35.36418497272949 30.039169326538506 24.577477737517206 6.910709809084868 28.587242530715617 73.55239733332635 75.93695568336072 83.61591749331886 64.34418289602648 21.70390639149149 31.139694811230264 76.99331280883487 41.12612872899897 38.0148792849835 49.27273921597991 3.4153986176363436 66.30539591439607 25.28075558592034 32.857708838257636 29.08725314110189 29.190565184460706 38.10754043279 20.462531982390214 29.354702483572577 80.72474618904873 19.9806202515643 46.962928582752845 30.477923526721952 27.14602497318945 19.246356002679104 38.78592506607611 30.58618371738307 30.843634675903985 56.85100463238235 35.12933129177845 57.43082327170528 36.99325492603162 62.59498063092248 55.98701678808744 17.88234997468907 18.860703592048377 27.123110640817714 31.35518335862559 19.33984641996715 26.435810229320808 26.846464578598862 33.74304671681477 19.15130907786744 26.692398691521618 43.86938822146549 31.420312549875742 31.35402937698224 13.909038808368145 4.467577067911183 26.61781210851041 79.07548626660765 80.28795782829914 22.7704752618182 61.11875351684047 37.791165819888 27.52223492121329 74.92297711875747 39.698028317266555 30.64274723564126 73.91754742696467 53.76353639579417 53.37967609195582 73.07817553373788 101.80180550192617 58.20673317230843 28.884011701775464 28.50875259843498 57.649044352755446 91.46735019628323 53.89351231825236 18.850103367886337 18.394361453611452 53.418995487710625 88.88777212786175 63.35054700294998 38.12696958267339 37.76542722056725 62.69750279206401 94.69907020984255 81.94085978803753 64.25917885109564 63.84600178104263 80.9661295435771 107.54928467554444
41.27461643768954 63.208598869365524 0.0 34.71001361802003 66.12013128646703 47.37052004927856 33.611301326617635 53.16719319010409 41.60853518016791 23.791684131605184 39.862424325340065 69.60406641106432 31.047512102170217 44.10541793233106 38.337848695466334 20.789357982303333 34.20312278368198 27.73521526290841 31.05522376563648 24.557894415334694 38.42337007795206 33.861368362193055 37.70382053522392 19.433264791269064 68.96208248329971 36.99318956451547 13.727148009523336 81.56466028079328 28.08080775989896 80.73426113970085 61.55825257445548 44.09654142404036 23.27852996234772 44.51755847451082 36.36211470799123 25.45927358717298 35.12564227306642 38.1037614826334 85.79826684317347 62.92592002067226 34.81620666885681 11.531362058971272 16.41427984971633 26.527134831776213 13.945312947447158 70.06496696716292 32.130293145130985 16.412448648640105 33.416253917728774 37.042965561877104 19.5101474416207 59.91108723643228 8.058279197681678 42.84231111175267 70.40892228399169 44.259451035825556 37.552059142275134 40.69828122611789 56.19669275822902 66.2805128252998 34.62900994037617 68.38147983640967 25.224476285658355 51.55792420766268 40.01687466918211 46.04110217221289 31.79502457380501 35.6692880727661 32.36497758040798 8.208642119276197 35.196275475507846 5.824139535764751 30.23272271102209 20.64460910334856 13.706246036250809 47.591425449780225 44.34906614691011 75.2123762959621 32.21760067377298 81.88404715387188 47.274309843644446 58.338032023582585 30.2869807215305 49.98274312508332 36.56175749493478 30.14406311895999 34.23347097271486 36.21314655151306 72.37651939712852 62.606654416739154 36.61266332108498 31.310857020745008 22.519014878707633 42.62388776721217 6.544800240411442 99.44704936974053 39.20119877069399 11.76262216977471 37.19295797633486 49.21471478220879 133.89072723906 105.25140234270646 82.22589129330241 70.54392501537983 75.65647473745744 121.33315105916923 88.89939576245669 60.138547325661584 43.15507467349616 51.38335678490702 114.38236778968731 79.24741523302586 44.823943524154714 16.44461423070488 32.61703686137779 114.06838974342877 78.79784912688764 44.03194629064138 14.167968808224819 31.54137227684038 120.44314864910747 87.6923670409498 58.35690228632938 40.66057647841043 49.32762454368684
27.171772158545284 32.74414301607271 34.71001361802003 0.0 31.537998558904352 20.465679490822026 1.4226131961577468 39.02744881845709 18.417618452154354 14.989348550431478 58.40932569163748 35.37140359038911 42.337478480246006 28.26955183548735 8.351096631498105 18.053392562221006 32.37647069800275 13.742886165116863 9.476238446400803 10.21622565849 6.28446836730335 14.304561235922543 10.953838384586417 32.8674196589994 34.366735791459305 24.615562521485668 43.21893139955799 46.89288138510452 17.501267991969183 46.53077526386491 26.938206047225194 13.113841034510328 15.192154434499207 10.833290702812253 26.079279730881264 25.877809643373443 27.396623558722347 3.407005272482905 52.40583449470437 30.293045919808183 9.528099852969891 43.24938786634091 44.534080473467654 51.352338009413145 41.25273303705978 35.39775829939938 10.392435497703998 45.852146595370534 9.630180381211986 8.619955259955674 29.337524079681582 30.03891717143479 40.27965830869773 8.425592316448926 36.35633676588302 30.82205547477698 3.5565329903929532 35.2876888932956 36.12318225183307 31.999806311361038 48.0596580862638 33.76427998594527 14.226131961573223 18.038729840672893 5.826106335277043 13.514825363494356 27.821816659707576 2.472724359536089 11.794858049533655 30.96560544370081 3.7811354730272573 29.623629752568647 4.66047521869501 29.90075968580028 24.373314615141407 14.950539034557586 16.71854587551961 40.504765602675015 8.396151644743602 49.403323268946735 12.68081058964903 23.989963297496644 17.105464853837915 28.73538992132775 11.277238569482737 31.885735141456323 20.641545879046365 1.5536862016462138 38.86257845087454 33.90476771730906 13.196954883765844 46.33891228067433 48.25639039586706 9.977905864347383 35.13778748617169 65.90505934542537 22.851849798302478 46.20454244424784 10.425700360970165 15.736307240564308 99.46508957885104 70.66032953028274 51.23106225062185 52.806465097403645 74.05798552159564 88.9200273009141 55.000691202706854 25.99197220825269 29.29660415315042 59.7762596659786 86.59387575726862 51.1923116940854 16.583616590242112 21.484645833020554 56.39480276282 93.10484084808083 61.47873950137283 37.72195333247873 39.98052585372783 65.6210748434052 106.84915120367636 80.63471953000062 64.1818149313439 65.33592608539169 83.36900864366118
46.47423809473605 26.179366935948256 66.12013128646703 31.537998558904352 0.0 31.59632819694816 32.545522835254275 52.287481941791995 36.16112078924678 43.957767967955405 82.6533292854889 12.496016512119313 66.18889323268954 45.474129391952594 30.820318723946645 47.35973414779748 56.934352908429595 40.806007193095205 38.02990323633899 41.57012167538651 27.986493406163845 39.296317527395296 30.696862981813272 60.443347430282 8.364858241631648 46.74819270886458 73.27838561307668 15.541861708454269 45.414994253258165 20.075326783186856 8.198482928980816 23.968571995234896 45.7639630398256 23.621591133349074 48.745708329482376 51.20400061509631 50.93316689657924 28.220349925016617 28.44857594051653 19.268679492959375 35.13711086010241 73.82777289736698 74.12406696016384 79.18524977732326 72.42467443377672 7.544685967853103 37.82114517321021 75.68853849809189 34.32034798455177 30.304420718756994 59.18937612679637 26.944975906750773 71.8088942513965 24.087043927264347 6.94620738711008 48.595367272940294 29.17086761823075 56.71635531333602 44.58797760962648 3.2961225408617856 71.56090515803331 7.7687808051238685 42.69011795195007 15.546588833195566 26.86730521647079 24.148440844964902 53.19611312600117 31.039974319818445 38.56262085018656 62.427283727829234 31.01077128755143 61.151771642070244 35.89777173681897 57.07991987924527 54.615129305054474 23.089290809147688 30.953581020985638 9.767175065543407 36.594079039767415 29.182830646788357 18.86946678487579 8.048348725616485 43.898474358233315 40.2156666281128 34.72422102199405 58.274625158574494 44.58200334409357 30.10420737010892 18.375029259017417 30.514742151251617 36.148229449380295 70.95880248880725 76.74541878741735 26.16743591561016 66.64296423160623 39.833169492405595 43.196989245697495 77.41579538832329 30.96998842752676 17.64362594087819 69.61824478305545 39.13782036872634 27.36849248927724 49.984959743397276 82.34169321311838 64.29361303442393 28.7307270784403 7.032188588322478 42.493054381608765 78.06458006974313 70.76982453752902 41.13288300894241 30.127282999842393 51.532372487466255 83.28091476456127 86.43349273423289 64.27361778956343 57.65058549054934 71.05086106244353 96.46244084374895 107.33438925370015 90.23784026131071 85.42320837307119 94.78101739743866 114.89916450065978
15.044739525689126 16.10347311930245 47.37052004927856 20.465679490822026 31.59632819694816 0.0 21.759082318520036 21.917376669897408 6.2412356978733845 34.261738233244394 77.72205742150396 27.450158442470965 62.13289570650632 13.877878332951756 12.19698505787641 36.709487748640484 26.482123064417028 33.92755745472972 17.082837928261817 27.209876009429323 24.383332051641446 13.533813003888564 30.232156226104376 51.52032982980682 29.0559828199446 16.219205969580027 58.88609091795492 43.45301897583834 19.82561711843085 37.279384340245834 23.623663249838906 28.672850903021523 24.138974080658045 13.221780653996614 18.195466774467768 45.83203253956461 20.536849113191764 18.927145747928304 40.18820853464533 17.909679808978225 13.529336992721833 57.99810144159904 60.7806229314266 68.99954102895404 48.28099405911687 30.81756828372374 15.698794040877152 61.70513309350799 29.99235242462203 27.977356322340476 33.26206565852332 12.709393426650305 50.22079182755824 15.988305741624364 38.404345881653015 17.001835399084534 17.321040894310677 25.279584491697314 16.487957588315528 33.92721524301778 67.81473917941587 28.799954252876777 33.86922987459174 27.244283921822863 16.260931342400813 10.094123660346826 23.56953934196152 18.003363246013958 15.146086007711729 40.80324314687257 23.809917166051115 41.56132485757061 23.779565743429423 48.94408378527737 41.25578268856335 10.059325675381661 3.7713382049618063 36.872462918913556 16.372032401012383 35.3535683595286 20.725354288440624 27.829711193659488 17.640000503135347 9.772766549845864 11.380905569259147 28.778135044287602 15.588782253576547 19.484564319363074 27.80507019640707 15.264803045835755 10.833981987577367 65.79918268514136 65.48748931535198 11.801371248882601 45.05112696661764 53.65574029894811 12.434669948022735 59.0245741366407 29.86098275501888 26.147622391826935 89.50621173599926 66.4675964790903 57.93670883847938 69.48038923351352 93.97088991658859 74.26628792308 44.108682185545455 30.130757369270942 49.013687971484444 80.18112652383587 67.86573364423703 32.31753404911394 3.9114143126266088 38.966476204548435 74.52304559422224 72.6790360889026 41.406932450534185 26.058068987118943 46.64449592478201 78.76923369550477 86.86136467999155 62.89571468992127 53.84232638521426 66.13828110364287 91.55162082563078
27.93918574099995 34.165746344296274 33.611301326617635 1.4226131961577468 32.545522835254275 21.759082318520036 0.0 39.97108552551565 19.483957980879254 13.572155386715714 56.98873145013654 36.66257788600117 40.92759377303858 29.147327522817484 9.591429100324694 16.653808685241504 32.65052667988933 12.346481352084442 9.789616047492265 9.060736487483897 6.28326669750798 14.925422028540988 10.285224261419804 31.451411018266846 35.580126346354675 25.22076748329488 41.91009931919444 47.95573939099248 17.61316540267383 47.81617408616568 28.149119609023607 13.188253961318848 14.784409970759949 12.236832817281094 26.61263175626149 24.470832377568275 27.83152831627747 4.661058472216831 53.75834784658447 31.69674291396442 10.341651476728828 41.98920598375513 43.19509421735891 49.95358914690319 40.50434520087274 36.576581549706866 10.866607659057166 44.52981589995771 8.514098857870337 8.010165954972686 28.950353496912577 31.45405154362453 39.33476188922052 9.760776720427026 37.20465715056752 31.62814965932873 4.9791461865507 35.79419452681522 37.27880419720226 32.900391847155596 46.64914937234464 34.96963909332859 12.803518765415477 18.697042862006146 7.222005590965034 14.9374385596521 28.070047183864133 3.769492601770006 12.296855872726423 30.100174578962605 3.2008677865805772 28.613017634728706 3.405808230268228 28.479428881756945 23.04973634803992 16.372009301206358 18.000338033691396 41.61072551797664 8.863697606100489 50.796588303881606 13.677670453827922 24.897914108350893 17.395570676795984 29.872895647562487 12.223279617912977 31.97465526096187 21.17050117934579 2.9129494726294567 40.21825317455649 35.30813927262334 14.085518171667529 44.91955082106159 46.87304121172388 11.398064687189178 34.22933953822046 67.241170861147 23.632400777120964 45.048240121768856 9.72105267659698 16.364278784322845 100.69760644590203 71.68231327119543 51.66102604310839 52.264047612969186 72.9819239200455 90.30084509495606 56.314376076808045 26.843567144317028 28.320435332459798 58.44415141037353 88.01209245336894 52.602681562781186 17.893180337797165 20.13702567559983 54.98221356921932 94.4229234430377 62.65442126433166 38.30993195918438 39.26718248582346 64.40775345347251 107.99470564781582 81.52819277737609 64.52105503528797 64.89389359480306 82.41115741565446
12.997873928652703 29.203361489629135 53.16719319010409 39.02744881845709 52.287481941791995 21.917376669897408 39.97108552551565 0.0 20.821516164952723 49.353733626690364 89.94366307552447 45.140555041876176 76.05007822705333 10.981457794905648 31.169297876675945 50.714836848492894 20.07393640221764 50.478835095385925 31.41883855646959 41.610494984445744 44.36450876909835 25.73968159679113 49.866186032490326 63.94188413020446 47.944817351747965 17.103390037721358 66.61672158839227 61.766721796493165 27.59676671019609 52.40480130004027 44.091973920921674 49.713618644185736 34.07917977385047 34.75147676544732 17.112740713761813 60.97718184402835 18.05715972651663 38.736924195176115 52.01676842794785 34.86692839340548 29.665794551305464 64.69683542225816 69.07687299587032 78.6719190519619 47.98809543895891 49.82713094173495 29.929165280868176 69.41286213834321 48.44034078850066 47.51654590476718 34.16565773271922 26.767899653154355 52.64039075603043 37.152087399010874 59.22815576741471 9.330586828092224 36.803333271637534 14.029732856539662 8.91838336217238 54.96000749487208 81.40598648631901 47.892731811119965 49.504991368361246 49.12465179826328 36.61890813866882 31.88778727067069 21.42194143368194 36.696296869250624 28.579466218201393 45.09039419189362 42.787136245679584 47.75423332896856 40.642918406415184 62.18475321784892 52.57871255911519 31.972499040654657 24.42997239723039 55.669481615448845 31.704659391628976 45.79413820676564 42.47795122043474 49.51214681942364 25.986394890751797 12.27718238933141 27.757515837190155 24.314021917589876 21.041554416088108 38.600024962834844 43.09531164902511 25.167399485269236 25.891790860700638 78.80157649336198 74.76627070491908 32.833463457813366 48.43335047726731 63.76963409737085 16.837654973089222 63.355381306709674 49.38028717965604 47.91965478414837 99.93266789186158 82.89816361313252 79.30797631749873 90.77161915580524 112.78874384318024 79.41389283827527 56.80490568818913 51.760850919961086 68.2915185741353 95.81458538659626 64.92841689079411 33.99448423041117 25.054955960865065 51.30377081978195 84.66760421945267 60.94304916950884 25.665269124674793 11.64333811021955 46.31024823298598 81.76748342946053 69.29402949591133 41.6661584465461 34.679435240106585 56.58132139266753 87.93416210521725
10.679747725731996 22.28862875945179 41.60853518016791 18.417618452154354 36.16112078924678 6.2412356978733845 19.483957980879254 20.821516164952723 0.0 30.5913010624414 73.49830046977698 33.26199316395257 58.34073825558901 10.644785802954967 10.356466814944804 32.667575369381055 20.926865332425287 30.906571094096737 12.490407417979668 23.097047075337525 23.549311776883076 7.849382655994156 29.112857710334342 47.16935103793831 34.526383327346615 10.635678520753316 53.525496619474325 48.90143835853878 13.747154921939265 43.358170585459554 28.524976367806037 28.992829537233163 18.58883459535333 14.688241766591172 12.643721413394347 42.3468766422736 14.907041522499084 17.91783363213657 46.42617173475425 24.020775195476823 9.594904632205223 52.45966428987979 55.5376770285858 64.09292097925875 42.06059878763605 36.21606052263505 10.959357796820873 56.36163109625712 27.99684743517765 26.76837490644025 27.02366267478714 18.87937122044712 44.141240762014796 16.65905261472831 42.75949641835207 13.64022726590775 15.996164271328414 20.728118636524826 17.950072340801018 38.17889366348279 63.95106400156994 34.20721255182754 30.422236496506383 29.3655185122944 15.841384734426738 12.5353007747967 17.64120823314432 16.01283204113516 10.036667042640648 34.80172396726765 22.121553994500623 35.78497464207183 20.717265226927584 44.81569407102655 36.469127466692925 13.24124455832411 5.212958951737195 42.24910733999749 12.194857118466295 41.57785212588704 22.480298580219614 31.376478751544724 11.534018503568646 10.521936057978783 7.422940183589499 22.858208548268127 9.40388533274655 17.857597241939615 33.94530876076047 21.082212426843387 5.992604956978633 61.73793606816444 60.47384086898528 12.422781478316635 39.00972931183731 59.89646517356545 7.0383593693272735 53.17708963749705 28.64601473720588 27.84858898817619 95.73236430338653 72.19869529622922 61.58530581815574 70.03556558587057 92.46265875620072 80.36437593659333 50.3179866523659 33.727645808297616 47.70110955805164 77.10658249709469 73.04923878293765 37.68597712156172 6.040264321039352 34.42305987502808 69.75399376289833 76.14475846374754 43.33259795751868 22.127014439963943 40.41901048363586 72.86967110522602 88.56582650896443 62.48453654158922 49.9688721565969 60.17988251310008 85.31416957520874
36.44330344050816 47.65754207127038 23.791684131605184 14.989348550431478 43.957767967955405 34.261738233244394 13.572155386715714 49.353733626690364 30.5913010624414 0.0 43.60497414676617 49.68678702576981 27.875750875991212 38.4136656988939 22.270000632639835 3.4020209727742188 36.87055106828151 3.994224591030795 18.25683551392001 7.743941493436019 16.071650461164342 23.789290982119905 14.056065831966814 17.87980321152436 48.177677075287484 32.710470726109406 29.32395767893434 59.4920824048507 22.5272066137318 60.763566734297314 40.81018555917638 20.7021034057608 16.438016111459998 25.796471652893572 33.43513951957234 11.769571888748931 33.776047676693544 18.05381030973985 67.07040513525095 45.24706471688297 21.064838287377732 29.947663989664623 30.27249129173008 36.46400611076106 34.29696977354795 48.96347972907086 19.8091794278178 31.772145086362396 9.873645134732104 13.779450903977041 27.521161546073674 44.85161566644213 31.015529960753277 23.176948870789758 47.4751880972226 40.22467443875989 18.535964710007725 41.76223868341079 48.432946003591425 43.6303518299912 33.553004319600106 47.52666262333973 1.4329807848550602 28.692056534167946 20.778198385965386 28.479651298811206 32.47659594242669 17.071358353887305 21.013024093927076 23.39048611032418 13.525878689119473 20.298745677703355 10.687762416666166 14.9374385596521 10.807394768320382 29.933557616654312 30.520545609494626 53.49660325783809 18.397063027910697 64.30532476809796 25.758268410992958 35.941904642073304 23.64625063212424 41.053635878647846 23.286456104514833 34.648162219297205 28.521570858600338 16.466572840406634 53.56530625968663 48.56695385549473 24.610374366144395 31.59625400251127 33.506921578780585 24.90355088421714 26.646308204648353 80.44706490967025 32.53152316594397 34.12101765521337 13.593252128186741 26.42949959058841 113.18785907667666 82.74627300600007 58.43423012162904 50.14311622430319 64.39149214897859 103.74162402929221 69.4053655692256 37.47113221498177 22.875040887508664 46.633142809430076 101.41504044676222 65.91124510181209 30.59059427815051 7.7127888015352415 41.41738993824341 106.67509628436778 73.67859266809786 44.82947850507047 33.51145392998676 52.616929045180655 118.51565132863469 89.83190611428805 68.01262693618494 60.94093708138913 73.03432429760142
77.09441529236418 91.15137147470224 39.862424325340065 58.40932569163748 82.6533292854889 77.72205742150396 56.98873145013654 89.94366307552447 73.49830046977698 43.60497414676617 0.0 91.10612738706338 16.544517222444465 79.58033755704625 65.86189332090616 41.012730859592445 72.82564983010036 44.816581521018556 61.02127234862158 50.539400719509985 57.69901613534272 66.01571599454275 52.999407125422785 26.339197829859092 88.75486196124396 72.86800618130768 27.03182799257487 97.29961412632218 62.478240744620194 101.69508255446392 81.85674676907703 59.16331067328607 56.093364056968 69.00789541416313 72.87720886059938 32.72592625741684 72.28795160197318 61.18492265296518 108.90897216066915 88.22175437897025 64.28213029963194 30.27413121936148 24.221730712274102 14.581023293699369 52.3005825945085 89.08763612174224 62.54140137784021 25.16486184792217 50.56339230574292 54.232742090988694 58.62034127873737 88.42106196014356 45.27193432394713 66.15151362131543 83.83083520505694 80.62716737223403 61.96121660115332 79.08281929157003 90.79073149203798 81.20797208664456 11.104476897339993 88.05352478926815 44.20922648722822 67.42121964822545 64.04460554547362 71.90895238036961 69.57442938457055 60.61645777540808 63.504280585950845 47.64008801600892 56.19322124821403 43.80667872606913 54.28572537447848 28.77815317057692 37.45088144749288 73.30664194907143 74.02064714474429 92.38054270277759 61.48129539324484 106.91623172642561 67.14984602306625 74.89007707074408 64.3065355941858 83.64162870783397 66.49229929724147 69.09381685777417 69.1428519450263 59.80113409613581 95.71279817426006 92.17121768540052 67.54374594372928 12.092212167336607 18.163966393852814 68.38679119502767 46.29873724157989 121.76059973608885 73.87742290500974 36.06357760578359 52.93068182202968 65.68397864768131 151.75586843121664 118.24431311554744 86.40463250348661 59.00824016779809 45.05944134954768 145.77200533189807 110.53580742582155 75.6244435418161 41.85872372746094 17.817227527851315 144.99081320980557 109.51332404610879 74.13642469791296 39.13387133225554 9.945823197919959 149.49391855611412 115.35484695191705 82.44532930083429 53.10279193937646 37.077800381311995 158.83226760863352 127.11729740602127 98.0920505145756 74.94943937263675 64.38098762492673
42.25578549280046 16.394475229037937 69.60406641106432 35.37140359038911 12.496016512119313 27.450158442470965 36.66257788600117 45.140555041876176 33.26199316395257 49.68678702576981 91.10612738706338 0.0 74.56490695826069 40.56810026242558 31.599738749479396 52.99434845510821 53.93218479572817 47.214023916024324 39.16681505548514 45.5107020997686 33.87754599075682 38.60610375800162 38.118840288502554 67.21380577153494 4.243485253852487 43.65925934502197 78.57024758816033 16.628956597043803 45.203629651137504 11.163754461105738 9.268362111974792 32.06404979958406 47.284787812118076 25.086544904248026 45.64256058422433 58.70386230796024 47.978909331846616 32.001846484143286 17.827447278170055 10.29904796951432 35.63473997257458 78.61004701368665 79.80201639317741 86.01290834405079 73.65285225897603 5.785296602234289 38.47556474572621 81.17511104612008 40.92674166649903 37.048237871369444 59.26428066590686 18.386180014075226 74.22714751993246 26.966463357343613 17.975893385547387 43.5058042994772 32.1919802615777 52.31172550734747 36.6309118453375 15.731052844037363 80.14251412605148 4.749619089917503 48.6144489894534 24.21700135807035 29.720939731090713 23.862787898446918 50.89727686388029 34.03779181710464 38.78247891052889 64.62150372344568 36.16136476355479 64.16066992474985 40.030212577409316 63.97917653834975 59.70180427170074 22.368767090421436 28.34237509722627 10.730926195086848 37.83284680166787 17.121823385859447 24.143800300545166 17.482837961516775 43.29457014375049 33.99583539815345 34.48044599408393 56.115701780403974 42.567526154891745 33.81834633795423 5.892761437318714 20.839371499230285 35.3202936734019 79.13465694854501 83.17993876620389 27.069133700812287 68.9538874037912 30.823745182695703 39.880794715123024 81.2824909498145 38.216595713213785 25.614730382308615 64.29083290605726 39.021246763465626 38.00251307282686 62.433253146048884 94.25400784069762 54.66944595223324 19.719882125418152 17.922316751208136 52.78025559615477 88.21854442358595 58.61889649143596 28.845915113573515 27.571719161346685 56.74956970937125 90.6257618591892 73.99706759129064 53.40666399751417 52.546520291719304 72.12600861291718 100.87291375332875 95.42958641462276 80.307620867708 79.5229957160797 93.43759734767477 116.91598358556143
63.05992594655696 75.0015861623293 31.047512102170217 42.337478480246006 66.18889323268954 62.13289570650632 40.92759377303858 76.05007822705333 58.34073825558901 27.875750875991212 16.544517222444465 74.56490695826069 0.0 65.34373131163402 50.07734942658761 25.691980941995965 60.5077021142345 28.62050493299656 45.87810079006314 35.24585655097909 41.260453591521575 51.173516182811134 36.46711978871407 12.664521702577634 72.21492581908257 58.98302879338308 22.332231471788646 80.96701278316536 48.46953351275182 85.15401207438478 65.31352888591188 42.623333706869396 41.980032724273144 52.768734168002204 59.273156406238755 16.465010056513393 59.025480124593315 44.96701459657157 92.3718092209032 71.84467115891697 48.89564468559526 25.571051828176135 20.371539667343043 17.083440008390287 44.895374128742176 72.56114613072305 47.426445041998704 22.232688594864445 34.142716707776025 37.745183684883486 47.31969089309369 72.37016599267983 38.29321933713351 49.85349364953831 67.5838912625147 66.7365378789965 45.86562936762787 66.40135322731008 76.01328268122029 64.82332955178482 5.7237869905413135 71.51419581814088 28.296025609214404 50.90026229487574 47.85561739158509 55.763638246959815 56.76082040521288 44.62702804187202 48.51496360079209 37.438409502943145 39.910472368126115 33.189920079107296 38.42760501656356 13.873963610857142 23.90618626030669 57.12177966925949 58.385123211645535 75.93296121741429 46.169138585286255 90.44180395129804 50.64029925733145 58.385123211645535 50.08131049974944 68.70844862961704 51.1193336987293 57.19259302541544 55.01686252571524 43.67319373539932 79.20123369409372 76.2297371438385 52.34828583571217 4.929970301648484 17.384456880375065 52.29627024010356 37.48007020665694 105.21759519372938 59.508304730379066 32.401776017322625 36.4090222969146 49.145043894257135 135.45904097501852 102.3099512162997 71.53791679124335 47.96033826737194 44.88749984800706 129.2326324075628 93.99363661075833 59.16705465727592 26.436398766642764 20.717919592580085 128.8924261597725 93.52976451434176 58.43444302812186 24.770130544887397 18.567244162907887 134.48311979071937 101.02658296979124 69.70803254235858 45.21313430287422 41.96931742532397 145.32152424170062 114.93642271291912 88.51290634483458 70.64563244524555 68.40463179202591
2.913520597504599 26.491509745902516 44.10541793233106 28.26955183548735 45.474129391952594 13.877878332951756 29.147327522817484 10.981457794905648 10.644785802954967 38.4136656988939 79.58033755704625 40.56810026242558 65.34373131163402 0.0 20.719210128906305 39.86819663725512 14.758400144125098 39.49737760136999 20.43824446255349 30.670162436814476 33.838591190772405 14.758400144125098 39.185675544554044 53.40718222163488 42.597773907321354 7.1130659807859065 57.1796686473177 56.93134332497847 17.10934299546481 49.51765123866642 37.47763477297613 39.55113090297797 23.502013627120014 25.27047109941408 8.047088513887923 50.0770484330589 9.982013677336502 28.261790105468762 50.960190571468864 30.472277522177727 18.808243918054046 55.53778556827884 59.508894319124636 68.82337036050535 41.06444043396037 44.40860159909377 18.952921154556215 60.011646515196105 37.56919482958598 36.83684323051786 26.21793761950919 23.312681303941407 44.73140958580762 27.303414859756636 52.275771820068684 3.1368458265483636 26.284560727109156 11.763785892898522 12.157348101671523 47.78286065067826 70.76758876285508 42.397569815070554 38.539625749777194 39.93337136346021 26.384070828993398 22.85282809126714 13.748915590582266 26.005353749242136 17.598514384813562 36.32494838422196 32.04727893981685 38.4561608094183 29.690159028310045 51.50875887509012 42.13222063951975 23.30382533239815 15.203007394975849 50.44735985692315 20.748375533133505 45.30787307923472 33.07898744632596 41.449159477465486 15.301666865515582 7.590120060335534 17.00448388612339 18.25010235509379 10.439390148893374 27.954004722205593 39.92105043482157 23.576449450715593 15.074407235429375 68.24922239648673 64.98894344214101 23.061145108600346 40.07192634241617 63.82167790708721 5.883743660841604 54.94378236252762 38.678286657310416 38.47032871376427 100.12833458330245 79.45992807923504 71.65320128682346 80.53934839906064 101.83857975551624 82.13621154373179 55.36652107877555 43.78033007901355 57.44696844560194 84.94564321442262 71.0810811430957 37.25014875849934 15.963485858532463 40.67306223049226 74.73933980045823 70.31548794826202 35.78185663145523 12.191091196909529 39.35876226671719 74.03924399764283 80.13492760980446 52.380920116318634 39.97615322009594 54.63151769387827 83.08604268804139
20.089821991058958 25.798744083417265 38.337848695466334 8.351096631498105 30.820318723946645 12.19698505787641 9.591429100324694 31.169297876675945 10.356466814944804 22.270000632639835 65.86189332090616 31.599738749479396 50.07734942658761 20.719210128906305 0.0 24.92694757828066 27.56118589466822 21.739654867183418 7.576066878679745 15.698485878995925 13.195299875909761 8.872588737629314 18.781472190985475 39.852607497012976 31.569099257841426 18.373287388736838 48.56479032326101 45.288185477836 14.605536200480632 42.61291846492594 24.468440536527012 18.892243976420122 15.687873529006703 7.199583995875328 20.140832404660948 33.707204298581544 21.912358160761503 7.570756590048793 47.46254150508718 24.6317980092512 4.317229256900652 48.10448479138537 50.204452735397716 57.82945572002886 42.225398431566916 32.94261544343346 7.063072679892878 51.31917931096254 17.970457835071663 16.444137920956663 28.421201653108128 22.796394677354456 42.634264887168435 7.5424743733144 36.7194481020914 23.514514802764033 5.6402630027907605 29.227797774760198 27.808555066690737 32.12000370481289 55.77875545984421 31.07485757661495 21.781467034248713 20.661586153116573 5.806967699741567 7.758739130709568 23.315355137322925 5.879241674469665 7.744118816797143 33.02506861366441 11.905344268663427 32.74324462751057 11.65200464463811 37.11867914993507 30.191632742398838 9.291301790046525 8.427835878947551 38.63617703828729 6.23424896029207 43.720083743137565 13.8408696388659 24.459841954539947 13.214459663364858 20.45130512352617 4.379745240426308 28.09088501484655 15.01625987648584 7.576066878679803 34.048326438908035 26.348288593280582 6.297681824037454 53.866154781364884 54.48926272275177 4.711605189527999 37.35954710983768 61.109719383671816 15.829870666935035 50.09299786136786 18.329455885579247 18.781978574454136 95.80123150218829 69.13250738264188 53.97113246523745 59.821523268222656 82.31948794953992 83.2981641515275 50.607475252842676 26.75530753553112 37.45362386768361 67.98454919964595 79.2501689793554 43.695801729379454 8.382590261612824 27.63011899035403 63.15686864113679 84.87596035255632 53.14094700817014 31.243943085711948 40.75045813199404 69.83700898571189 98.53197404101762 72.83526636833139 58.59644430877408 63.98633983722981 85.3645197192223
37.729134818770426 50.53764314560694 20.789357982303333 18.053392562221006 47.35973414779748 36.709487748640484 16.653808685241504 50.714836848492894 32.667575369381055 3.4020209727742188 41.012730859592445 52.99434845510821 25.691980941995965 39.86819663725512 24.92694757828066 0.0 37.059641377608834 7.037935966634232 20.19071521876116 9.57608810232831 19.46100219552833 25.504660587613312 17.355395449886455 14.9374385596521 51.537562519716325 33.81580744693632 25.92317598017296 62.8940827641925 23.39565805265344 64.08875485374654 44.15866810585905 24.053268153413523 17.014549462885086 28.886677185344638 34.35610894962642 10.385073578721485 34.469143847762716 21.22182323794501 70.31536248112366 48.34623863658082 23.301724414721956 26.56032095631457 26.89566507558697 33.29981546676462 31.96118637519401 52.33961578724423 21.737135124301542 28.380235766674286 13.231310893738371 17.166040703249582 26.551386377807187 47.65754207127038 28.244677555312194 26.355460547112905 50.852306739144474 41.47385827900067 21.56554143722276 42.30326674124949 50.3280023961799 47.02485822789402 31.28401091300752 50.889617779739616 4.723676881721326 32.085071578295874 23.875348684933048 31.452669420583224 32.820220880290584 20.004125322409987 22.825624121704543 21.172764477643423 16.842443371378224 17.751828291246067 13.572066511516633 12.234614726359798 7.48536689434495 32.933760831907456 33.01057500721718 56.894754832165184 20.530986736767396 67.44934548480336 29.124644320599845 39.34369115448332 24.76857495137886 43.01646936390252 25.52042662139468 34.50098542461702 29.709294301769106 19.56575398322471 56.79435423958957 51.27520973589539 26.678115820071177 29.117848597533268 30.253233663725588 27.852947972547124 24.11824068057168 83.72603754123539 33.99571520440718 30.842886099548824 16.914444098728577 29.827253795561163 116.5699105386699 86.1376730201911 61.50616901522854 51.75397941970992 64.07882170012334 106.9345941136451 72.7081436842088 40.867344977878965 24.207531912444498 45.10064639653704 104.17340279545833 68.62260952724301 33.13967412973912 4.42992542657203 38.38256442592595 108.81106768619286 75.41549416588713 45.467965329658604 31.294820410632468 49.2299350034717 119.99251272865851 90.67370657458736 67.65632335382732 58.86573019059533 69.89355741487282
12.23539746925534 40.947388877965146 34.20312278368198 32.37647069800275 56.934352908429595 26.482123064417028 32.65052667988933 20.07393640221764 20.926865332425287 36.87055106828151 72.82564983010036 53.93218479572817 60.5077021142345 14.758400144125098 27.56118589466822 37.059641377608834 0.0 39.31852677921112 22.903751301830344 29.828447364996087 38.65206933252773 18.763065547118405 42.75716117997947 47.90026099694097 55.41114078664576 10.31163423030254 47.90535800380558 69.80211858144548 15.21317875564946 63.539391789078394 49.430584394648385 45.35468806640081 20.484824949745544 34.161085605954305 8.308542319943001 47.324604507970726 6.021360487246361 33.880059575058915 65.51235147916965 44.22081098873685 23.774880330497673 45.655416900383145 50.52431356100827 60.47214355990217 27.91533991648336 57.12171041116514 22.06597417578324 50.615155707950535 39.82058271902266 40.589484297886806 14.71089766983099 37.65678841807609 32.77337911569449 35.099373589485324 63.38424599287357 12.990879977271979 31.9592179274963 6.523030427582258 25.78286078314465 58.77172640413532 65.42483468785166 55.109202135799904 37.53117712884825 48.21944226539577 33.148006327385744 32.875692909648905 4.602582787207558 30.837251054072585 20.743435175933197 25.99508868214202 35.85127000920453 29.264476831264343 31.590821792830443 46.850849337837545 36.61828129122324 33.85087036510304 26.114539995983975 63.16277944080414 24.019808258318854 59.98104735242205 41.39242662317773 51.55949623699721 15.272032481120934 22.345457767872713 23.18925117784209 4.267839588471826 12.59175635927621 32.782705113697396 53.967852020681796 38.27243096666708 21.377734645350674 62.49490105340071 56.48453350945824 31.57955816713991 28.885507199435597 78.5080916227818 14.061388637784672 43.67385556065283 42.15555801370581 46.29191072382866 114.78175504673226 92.9489567564913 81.46312721933947 84.64661184590464 101.12335023783385 96.81143988943359 69.80652424515206 53.90361207443014 58.910106068847355 81.03921540822523 84.56134388925366 51.69195268411265 26.938688009571162 36.21499273438008 66.55491216614425 80.68131873667836 45.132639579926554 9.83087040888022 26.240193705960174 61.74674415417614 86.30790330702385 54.47640307846541 31.913861967770483 40.01877626335152 68.67825053109475
