0.0 14.857468680479869 40.75709511009154 46.99081403013339 72.4091337280152 62.0844736355701 18.423160897804745 71.02561887377409 59.866745638952004 61.22307970784343 77.48036023168059 51.97942507966694 43.96894515762571 21.445114442414923 23.39447171293331 82.79784671705494 12.805325397936613 17.274048853490346 33.281669989162836 93.66167014992678 38.69068311597649 9.998263159775378 13.605065400495349 69.90573487604406 49.04118484551527 59.027797208912716 52.31035961174436 41.78756010247413 67.38380527303009 19.719562697946788 41.95993999412229 37.21660547949452 68.7090071909011 50.700475921688124 83.30310307136673 39.368846250454574 55.59756401614312 53.16474080114101 43.460998114139514 45.52362227703517 87.23491970533529 31.256486126298384 18.86680218720959 27.272726064272263 65.02350609237921 75.61057468170712 17.47179692232001 4.281277434049974 37.97694226188176 45.629824843474005 45.629824843474005 45.691935640660944 35.21771384894652 39.82602707899811 28.62109597174121 56.95061833363611 25.25628516810769 68.75410221287707 71.1991487698093 55.84505343608452 82.57105771286635 47.43501412853677 34.82003613813722 15.140039388058762 22.455890625027397 74.0180738308822 21.079746468509498 23.533810657129866 34.303072184501154 87.71039044023931 37.320679538669104 14.646647277930107 8.772196448508184 14.223476688288919 42.11662791339053 66.01419702377261 56.73557757770719 39.52630733658652 68.2029183423653 54.351577368880136 74.17250291312287 38.989143260973904 67.58565531376752 18.759853272576752 25.0883213332785 61.806310895236685 52.16388614618801 15.890437814512106 54.38892842486497 38.55299175639188 84.15526815103041 19.221193741290698 36.216303273260756 49.86329033003451 67.08287053565407 71.99660026246855 17.379020961713636 4.3288867282299215 65.09962987222504 36.864576397557165 131.6715062791365 99.52676144937914 70.75258350191527 51.36575757260463 52.94445374353858 123.8342075505106 89.00561324985037 55.147881757794416 26.32071384469075 29.605278836234003 122.04685999720883 86.5255546837974 51.089308831959215 16.302565012302598 21.29882767936356 126.56613211468276 92.73412728870444 60.92978423169053 36.84354118655032 39.17450863091515 136.76803836908869 106.11680315848956 79.67552401722857 62.98996719799012 64.18268017888646
14.857468680479869 0.0 36.10395773560768 44.21054426319675 71.15531387760659 63.38519601958731 32.29486316883005 76.63294401415698 63.287622634742235 59.76275954458733 75.60781282668546 64.07463765672735 50.32857396229193 13.571069834136367 13.315023335779857 83.61896931825854 12.658309258008927 16.830821941428745 23.754981485076733 98.45692464840721 45.09134893133566 5.388337496399732 1.4266718821919453 69.8085818228199 49.55545771505654 56.9897549407603 60.19886816165003 38.53607518014201 60.568802089868136 12.15548559374534 34.56352715105638 45.23937756365063 76.04970555411276 45.13765352556427 89.08330308114877 31.2960146704227 50.269634441616276 57.86818717972444 45.822160744798516 48.58671291000063 93.10517208485685 18.684857645735754 15.141624996279214 14.988175589752045 58.723122017876975 68.99772219212048 20.992626782067262 11.491405888331677 34.28370066166252 49.63128005492329 49.63128005492329 55.09482351946658 32.032884755885526 35.299651095043046 31.458346852683384 54.288475202832664 37.94122636999299 76.4496967230979 74.0886409281951 52.934250668524335 86.58993641867634 59.187017551997904 35.77749951563891 18.833370272209454 10.544012377270027 75.72472470453462 23.80107829789621 22.60176218021231 23.184004646228075 92.45930226885544 42.62344384873204 8.887562137026727 6.223088791545927 0.9425051591334843 40.56353979230164 64.12688308234846 54.23484949763626 39.51985528464579 60.22727950496757 62.44806994132184 70.04512417985406 45.75474644102883 69.65202192314085 14.34701651986509 28.19040484282176 52.230181100159186 53.571489451336994 6.431495299169709 54.23484949763626 46.3693831380898 89.9915220619921 6.794488432788255 42.29624587277501 57.25914796047519 61.175945845446456 66.29102387527277 10.687551216427178 19.182075052273127 61.03656825327384 23.15972655127844 138.71079277887765 108.36020202334781 82.31226579952238 65.88483279951956 66.621615564921 128.04379255814803 94.46330443631679 63.11578700145353 39.699784197943906 41.23986875985678 122.93244199322532 87.47911044465636 52.20166332313885 18.156044807131778 21.59814094396022 124.06560553456397 89.04966344881187 54.768735906437364 24.52733361655757 27.125072260997666 131.28162260067143 98.76762347371438 69.33533861089495 48.907071428910285 50.08573463667479
40.75709511009154 36.10395773560768 0.0 9.08986947093998 35.83543225445703 31.56028515611166 57.052930339706194 51.28030531744252 35.32304019635949 24.698146439865337 39.83811523912824 59.32242535791617 32.821812012261745 49.330270157126996 23.481366507867047 49.800836102591305 28.116494237850066 23.48931968343933 15.955350436673541 69.70992780142477 30.11493702511486 35.25346253105612 35.642702710850216 35.58712468081597 18.846463257425608 21.567643040081606 43.43839306619815 4.224704027986427 26.949533107799105 23.995323039086863 7.731124571985092 34.33901552723292 54.79074832302373 10.01423405648007 62.858915457714986 9.88288261724146 14.841105972024138 33.838591190772405 20.603440630789738 23.78589706055315 66.75764849647166 24.828285664613528 22.393821427284482 25.273870475361324 24.383332051641446 34.979734512054485 24.906889936102754 37.0606267714281 3.4300602021345585 26.616951023679665 26.616951023679665 44.01624852477847 6.1296512956034315 0.9464100604857709 19.189600935183627 18.536290735735225 64.84802564157133 56.02300549343092 43.75779852276262 17.08282464422644 57.19656029897008 54.317177981974304 14.376211973753147 53.15311805589967 27.02965072699012 43.417533192266916 22.03299153039167 17.56371121127935 19.80544821634833 63.98087340824526 26.316836565226605 28.39792178701496 38.34548560098671 35.517908339833234 9.00003803502609 28.56250295319591 18.58905423574812 12.389780331488337 28.767337843969933 45.678655081579606 34.04545852729166 31.35874023866811 38.38389572387615 22.822274592366295 20.64238761385699 25.802402480772823 23.58319674032032 42.51898252601286 21.336569499767972 34.37511654574318 63.81013948255126 29.978233109264522 28.107314951513935 40.01834692321388 26.33764789492919 31.241400538305385 25.81945850682057 43.17227492067542 24.982473182711086 49.57274604094612 112.64629569714657 87.82340833453482 72.5866470921299 73.19015501103935 89.31339997330873 97.26818236372176 67.19593657271247 45.84387880116674 47.11901204619624 69.79193441838382 88.37921412171573 53.67156263798397 21.96802328644425 24.834607349770415 57.29858341449141 87.96954071717843 53.00068203086737 20.290693163497092 23.378620447406057 56.68875806223783 96.1476323861648 65.57899772830838 43.462855583938556 44.828694288962886 68.28162997057368
46.99081403013339 44.21054426319675 9.08986947093998 0.0 27.058824826263624 22.706820658810727 61.91851756825752 43.50144611033647 27.37734815035284 15.761434240029399 31.398281443313493 56.802943203298426 28.792678550584917 57.645934519101345 32.10567800848703 40.727783785691756 34.88558462425555 29.949381641504065 25.045080075486414 60.99715723044177 27.484034298831773 42.73951316038767 43.6076772065381 26.522368994879475 11.188526015030218 12.803518765415477 38.52248400977985 5.690452784629573 24.15863342075063 32.06332855008523 15.68910617837772 32.398191273394666 47.962967981047136 9.412986718651053 54.66511326510772 18.566442771088276 11.46842920134695 27.30341485975655 15.64495781680201 18.278392362489946 58.49071369287453 33.91674316870519 29.69821559821687 34.25697980545436 21.074849941704983 31.106347050386244 29.97236530555043 43.66789642508051 9.9582923731014 21.38999989457194 21.38999989457194 40.8123289684722 12.236610507558096 9.578987235973123 21.16097911492316 10.13418621594834 69.882501466925 49.374035164370774 35.00976567331675 8.895972208004169 48.47138121061441 52.07813473217185 14.562768472273262 60.356750263288056 35.70138171606692 34.38473451374558 26.579574141210788 23.494950915179416 28.862093657840923 55.35143377335086 24.00379509622599 36.00427216837912 45.77319664606488 43.54995351109632 5.640919734724876 19.926467032199536 10.036847978816143 10.072060854193206 27.66370025697315 40.59367567347171 27.25002143572082 28.708724132061686 29.533929819382475 30.288095845720687 23.800607565937707 28.233475120414987 15.683239229020502 50.64024573643624 12.47853601122285 32.05868065599172 55.61244597275635 38.41560061264155 26.200870443114606 35.241433160874614 22.154216990260434 26.386675341123713 33.63970208593305 48.82850447426558 18.25849901766033 58.64135645703656 104.14069782150688 80.50193223660554 68.17589708664504 73.126332423401 92.62334340519588 88.24703534245766 58.75060373006806 40.594403391083475 48.747878840137574 75.07984917815438 79.44394716872813 44.60210074537437 14.126643431671221 30.691769793159686 64.93547124685267 80.10476319195446 45.75790739413941 17.407037653319563 32.31763757533705 65.71194948267289 90.02127695527625 61.35913620145568 44.25187456005975 51.80429253868646 77.0799102566298
72.4091337280152 71.15531387760659 35.83543225445703 27.058824826263624 0.0 14.696417479510275 85.18459557601012 34.06390503996669 23.352743120090484 11.398297288231388 5.704099974552659 65.29345073091173 39.155502260617936 84.64777893683303 59.157558317281364 15.756995772386825 61.09139914860215 56.07492816385416 51.48666738613131 41.87911521738655 41.62602347249466 69.33786823555809 70.4885200548917 5.848056369435931 23.741320131340174 14.28167678120767 43.142869043517884 32.744170780251444 27.5268209657145 59.04175951542139 40.71752962549962 46.60150754805248 42.68205163889385 29.724533228734582 40.38308034776542 44.14429881911449 25.70365159822557 30.29444765579645 30.64783758235202 30.125582213317728 43.21674026867592 60.348694260805715 56.36359939088053 61.09139914860215 25.45304796625517 26.97810514438804 54.94304227565626 69.5336131055907 37.00921038452245 31.999902981828097 31.999902981828097 49.997421546110836 39.12688790892678 36.471366348794824 44.17463312138712 17.358580028924816 93.18499515172171 44.654663168532956 20.18677478033485 18.874896055780557 30.605372261630546 61.922473658561074 37.63949757722716 86.55149914164231 62.74771061009509 14.935419463014878 51.34211489223249 49.56117310819278 54.94304227565626 37.530322752105654 40.00094414382991 62.74771061009509 72.29886797766602 70.4636278129947 30.746829247386522 7.359710529689224 17.255730987431285 32.88303045066908 33.27964793318361 44.09727996271246 14.152126957469202 42.41342020532804 16.008469231400746 57.02816788396593 47.56445536378739 41.49030753044222 22.017480680223215 77.57255538826793 18.193058215413355 45.528934188503705 41.17733133919185 65.46704604633132 42.22846540249529 41.26061333781564 23.21630761399615 21.88254673512144 60.51276317049642 73.54961723427729 15.621072834085403 85.16308210120316 84.81469383755436 68.94713702193376 69.61322400686885 86.43154545651073 112.3696621923483 64.6921212816524 42.11384541610024 43.523108104308946 67.43237683685103 98.65175870369174 52.6282308015837 19.275993210337525 22.48567822468746 56.31923392802064 91.48942599680838 54.291736595958064 23.4040815361888 26.079001673337263 57.83323049746546 92.41999619604869 68.69240465687488 47.980489143829196 49.170894021995515 71.17299276283862 101.22046026898144
62.0844736355701 63.38519601958731 31.56028515611166 22.706820658810727 14.696417479510275 0.0 73.03866604497973 23.153589356009938 9.057558807399884 11.668735445643668 20.298032511947188 50.621471987998675 24.79492298244701 76.93002205538434 52.86193334274736 20.714481974790512 52.01918534300748 47.09574031572629 47.331902964512864 38.318370664674724 27.840424159812308 60.66664966110172 62.49658509970462 9.498836533110586 13.874564128160435 14.372082343451627 28.517393457332965 27.535269190109556 35.2827192896057 51.739190385435 38.374055038683245 32.570587280208464 30.272941034540338 29.645142424929258 32.81868580487047 41.25843125745222 27.77376390537089 15.599270623065138 18.66345126432309 17.113024061963216 36.44456866219752 56.07113648749597 48.24385211203366 55.8656501429997 32.373384800386205 37.746454779554334 44.829752866172974 59.762779745463526 31.347007697950545 18.28131228783417 18.28131228783417 35.31960890764496 32.59783604665441 31.858064890057918 33.48413239217424 17.325627568193635 80.94822180346465 32.113429691422404 12.35004389428492 18.593820330110816 25.79740515651105 47.227300652312394 27.804570253285526 76.86143978652764 56.44380960118667 12.351973121743333 41.26052304594696 40.852092234492105 51.31650267750618 32.75069631851805 26.839917529330783 54.575978041471636 63.416738279946856 62.586761131536505 23.733810762161816 13.912214448047454 16.781798181513498 23.879846570909145 40.80350415588681 29.584268886009458 26.42613855721016 28.482335326209803 6.829595997227795 49.04612526698986 37.03555660436195 46.2490477211269 9.9582923731014 69.6268071911374 10.238391911011142 31.40205953016968 33.74335250089024 58.53746294114607 28.8866602610597 26.565726898649547 31.19709132066373 32.0757514345998 52.763611205037385 62.586761131536484 22.811190541476858 80.44346547285224 81.59480652699395 60.20338415244383 55.88676913900484 71.79389219603293 98.57760109544509 65.84289300602275 36.38539499488381 29.063781475613517 53.83034305722974 86.5037819324718 60.019800008477546 24.451793154620386 11.20780967752361 46.749875090010114 82.32677363997756 66.7759194358364 38.032464143302484 31.082257384810486 54.93576797093593 87.18924224765182 83.09740769783414 62.20597420028613 58.01836530480852 73.44944945840096 99.7780334750855
18.423160897804745 32.29486316883005 57.052930339706194 61.91851756825752 85.18459557601012 73.03866604497973 0.0 76.82111259249572 68.82819783264793 74.56537870022535 90.61004262986762 48.2506795968622 50.88358466444975 33.29721559321668 41.79632595434185 93.40307739601886 30.47082505508264 34.0913989776894 51.47511686477883 99.60060179317308 46.233775151038905 28.13137873340107 31.264313557309254 81.78578996021079 61.45229730525402 72.89367710142999 56.279174156030095 57.28479180123005 83.99837774242037 38.001814345238095 59.37859887409153 42.84058047573336 72.29728037265461 67.05829250212662 88.34341633086942 57.08110873567922 71.6833765918615 61.17717376591179 54.71736853099952 55.9257512288985 92.01561192985608 49.6493849305806 36.50342721803868 45.668445810570944 81.41077191115467 91.99014683390493 32.20751560481338 22.693230157736167 53.942383751062565 55.07289056447051 55.07289056447051 47.984277249755486 51.104770798214595 56.106520309298695 41.35003086091707 71.34385339672644 8.017292101643227 71.82593822500421 80.13870544297816 70.45183057138857 89.80078323145567 44.96254902957393 48.140027859645095 20.391386793079842 40.839927713525555 84.05637927110465 35.400258248198355 39.500073591194464 52.69174132350149 93.89247094638301 46.339058352947134 33.01016345546831 26.119186508912808 31.86276961087403 56.54674543192509 79.50483869787782 71.02564267467596 53.08434790586567 85.36588087838767 57.83028874994642 89.0509988993328 46.03318892347525 77.53603392941375 36.57675558698329 38.26294648740821 79.66055082357236 63.59393206808896 30.86500864070734 67.02018223809893 44.258041556183656 89.0908491740915 37.48958411997747 44.511970032715766 54.77060805205629 83.2142531012162 87.9183254182398 35.67714389359352 14.624090703072694 80.15970080395546 51.423333819566174 133.79644240574618 99.62987527569345 66.9546529563197 39.647553729645225 34.541582777874645 129.80876364921983 94.25954345968726 58.75047668647218 23.464570167423414 13.481993917989351 131.75282180722908 96.89454401369728 62.85300008390986 32.320998352733746 25.903563554777342 139.3805289427812 106.94464294351695 77.32748728737921 55.263756285365204 51.58278842391663 151.83732986009377 122.59917003471415 97.6658806703825 81.10966654827637 78.42842455513903
71.02561887377409 76.63294401415698 51.28030531744252 43.50144611033647 34.06390503996669 23.153589356009938 76.82111259249572 0.0 16.130219628077956 34.807677480063795 38.26292558709941 39.65542153209265 27.05701538009458 89.53440082999997 68.75226159562496 27.533949798469873 64.11520212072618 59.83458604165293 65.7937259295524 22.840657809137486 32.34307061995435 72.71238377759498 75.47321726699292 28.356426842289796 32.51631914100421 37.4817186142658 20.865805302928376 47.05612561180942 58.36412030070638 66.46550141022385 58.81141089606505 34.349506955320344 9.581691766267308 51.77005750248783 12.450543015297571 61.13603032008307 50.588830030527184 18.883889978496693 32.16651494201851 28.95911591137236 16.473218660212147 73.89328652106467 62.161276107336704 72.74897513523082 55.50190611391304 60.15311253971621 55.88038027164476 69.96616736429044 49.982059534706686 27.238948514798693 27.238948514798693 29.705638057945027 50.25241232655512 51.29199857218028 45.23301188868519 40.265278535120295 84.01736550993124 11.570589037684224 14.03037201733297 41.40466258502561 14.007299873531094 38.480002183445635 42.2232845678325 86.12725224737785 72.07793775190994 20.171706256419206 52.84496005429179 54.73588133770556 69.9896711889154 17.071358353887305 34.156611176860324 67.85828954843304 74.9246708919655 75.72837013641957 42.38415065424497 36.338893801831674 39.68665377928601 40.3756839469352 63.93275471125402 19.85257119292787 47.90260373492989 32.049569632445404 18.325971586686222 63.08278402850761 48.442541467629844 69.20869115146922 27.849960905084536 82.24980653658994 31.786675091413045 32.93591017609251 13.360007586137783 73.25368217402608 34.90554412595539 22.05050454043942 54.21132174167687 54.60532100721555 66.80152506314823 70.11724942544856 45.77630130614259 96.78013221418185 62.41420771024649 37.241415776572616 37.556641360546806 62.978314583800284 95.15368327643115 53.12403476740633 17.990575895876596 18.904208962259112 54.06743896504452 89.56236564709214 57.804772094306514 28.948226371586184 29.441600523489825 58.54755136505736 92.30939062824382 73.84571612267176 54.12865084464275 54.21059393543069 74.02582486793504 102.7278618415499 95.69450357073845 81.2359234618207 81.07523152444169 95.28479276266846 118.81612244440505
59.866745638952004 63.287622634742235 35.32304019635949 27.37734815035284 23.352743120090484 9.057558807399884 68.82819783264793 16.130219628077956 0.0 20.12505982880469 28.74901768647989 42.09837148782572 18.412467582254962 76.60891264733016 54.153911983564605 25.15923697113682 51.184997178961304 46.521744324042686 50.25056869723511 35.41340421072697 22.61329429346556 59.91887674947362 62.247835477240955 17.710351089870155 16.483951670934577 22.27533049572287 19.894647496069748 31.102225680207706 43.627423226278566 52.333983732465654 42.77035037542486 26.610128248112755 21.805601098080004 35.702133255450214 27.561639059941214 45.20338899498897 34.800849305982574 8.049365656187272 17.521060319186066 14.715708829066534 31.497857196287146 58.607910146436616 48.3343221995693 57.794743607125106 40.59855203547114 46.61909900198764 43.33226079739718 58.0998593463127 34.25230803382662 14.239958604531887 14.239958604531887 27.39259596098199 34.79959097783976 35.39097555247645 32.04585397638964 24.70892071947932 76.55319004252655 23.538677673584075 11.398303949149234 25.708145491185597 23.312200139340167 39.01887998506665 27.732954743108074 74.94590935209398 57.615471058765095 15.557804215260468 39.95732138869888 40.799732849746576 54.40849862403991 29.46412079103305 22.79628836530915 54.40210412108769 62.42986078298351 62.425557783563455 26.547475699547835 22.917219590483246 24.1028849132258 25.07189100563661 48.97790977110789 20.749928435730887 35.481510774810666 22.923792445451674 9.303822339462 49.21486294541206 35.52690270001207 53.460749536372724 11.768534028013486 69.25975380819965 15.799787069913545 25.284836288310053 28.51323510636781 59.19709585365779 24.38646269438288 18.373085272951165 39.687029558455464 40.9246864549362 52.981155632825235 59.753007093012506 31.43375210656565 82.17635562147952 77.55326645984447 53.27191280621893 46.83429577688372 63.884057788473434 92.20120080035765 64.7577425606579 32.15751381143196 20.170533489254527 48.08117512832375 82.15200932322745 62.93843531794352 28.3544616843175 13.375849874102549 45.67340832065015 80.78004766451002 72.92164658336898 46.34133324535166 38.85425406137236 58.343536195055776 88.48991263209405 90.89800973900141 71.16642769459138 66.32491030012109 79.15458332674659 103.2667586161672
61.22307970784343 59.76275954458733 24.698146439865337 15.761434240029399 11.398297288231388 11.668735445643668 74.56537870022535 34.807677480063795 20.12505982880469 0.0 16.257853702674783 59.34139936230142 31.53879580734192 73.26457960210274 47.857547287227135 25.306424678174476 49.74659334377124 44.73359690933478 40.53955551167449 48.16750894292741 32.91878696239758 57.952261591727144 59.091088200418135 11.158527206925783 13.431144253928363 3.4127980774040156 37.929341699951905 21.421846008147707 23.628055906834444 47.65754207127038 30.183956001924546 38.10039709876592 41.80330638362413 19.875905891879942 43.97092037654531 33.479937982896374 16.941720393044907 24.704490388734026 20.86226222774735 21.181740487163953 47.41716427080199 49.42846142231153 44.968764994347794 49.965464090177235 20.704651680509944 26.646163163217025 43.78843311883133 58.25527099407123 25.675871696987127 23.681584180457563 23.681584180457563 43.34934088596111 27.740957325068994 25.278847211944075 33.2903999831932 6.824795818626991 82.58175146169059 43.59755551699539 22.956751401599472 8.361303808841116 35.88073918465221 55.39047731963585 26.609488358764317 75.23140504922495 51.45686224898276 20.37292990776555 40.20534559943004 38.214220442341166 44.16137223929141 42.98971951942223 30.660617726827915 51.35078410957319 60.92194664228133 59.068063728399345 19.36825312720904 4.953891158148886 6.499230168842128 21.74932928645559 29.13490226855255 39.38853787377168 16.80091764317146 33.88282000656189 17.345792029734444 45.630610141451534 36.58269593126649 34.954642177663395 13.353490955756152 66.17789476478013 8.02019737014842 37.21813360689074 44.87153663082418 54.116864303541384 32.988666932033226 35.38394884619734 19.593040283102262 20.94115814747978 49.1158740258902 62.5202158387792 11.312196599742444 74.22815603486649 91.62918957038542 71.74315387021888 66.56103979675798 79.03027303955588 102.923837079967 73.70452484919552 47.02600961317906 39.02197994428711 58.01866078557807 87.98747536625692 63.695066045526254 29.139411394457206 13.166549238138513 45.053519350137265 80.11547951148158 65.34599891076493 32.55973925880956 19.5544924686298 47.29507626594409 81.38473327578089 77.91956964106757 53.33411264699275 46.365541990589165 63.14401848206265 91.41519747286664
77.48036023168059 75.60781282668546 39.83811523912824 31.398281443313493 5.704099974552659 20.298032511947188 90.61004262986762 38.26292558709941 28.74901768647989 16.257853702674783 0.0 70.8011603728251 44.85240450521581 89.02038439167872 63.306287229001356 15.949974338593343 65.92704951417812 60.922148690753495 55.127694711241325 43.3532253699059 47.320164765772546 74.03065429795393 75.00268243878497 11.039083495986375 29.169296408527085 18.66462155295087 48.61634923702583 37.07313525008418 27.444857461516012 63.45762603034172 44.03807739014802 52.30369472608385 47.22565834818581 32.746643001185724 43.323252807698545 47.54555809626949 28.238724502990355 35.888677142170835 36.217178418120206 35.789114028178176 45.807050544403936 63.909492020568095 61.00621049668625 64.92209038287456 25.94352592537706 25.15056644404111 60.04535346368519 74.48938578824774 41.332090549939004 37.69811313080911 37.69811313080911 55.617602688445004 43.611412093634705 40.54447609048447 49.45758466887715 21.348474977928035 98.61889822115944 49.22430647394272 24.233040973660955 22.761811138518294 32.99303518130249 67.50936510009987 42.831412236793945 91.43009096154445 66.86574505873331 18.314203353420027 56.46010486332515 54.40096972222316 58.37647565304883 39.59501212546988 45.65069927146561 67.35531488314086 77.02949792242711 74.94802329360832 35.532317739192656 11.53684268986355 21.37628192768226 37.9971678313812 33.01096605746584 49.489291380712146 12.34363108875071 48.113513991924535 20.7997188264073 61.63172763781526 52.79464657323152 42.20403808181449 27.667921767183586 82.03801160012556 23.595363150910508 51.23290468820368 44.051292934771574 69.73327200224524 47.890646483485604 46.826646766422954 23.335527122109117 20.790705173783405 65.03050749723356 78.75687495607939 17.113583364281787 88.65868431403142 85.47575053299559 71.86779094264196 74.538322999619 92.08176035805276 118.0434087829524 63.86703180660521 44.36505602204724 48.88447276311533 73.09786724722677 104.062854809149 49.46534782053825 18.74696727034293 28.076386563206203 61.29702061945032 96.22147652592317 49.08833677852957 17.738173317149183 27.41948384570887 61.00180909509053 96.03551763825276 62.9883510606663 43.102694982956734 47.75277569459382 72.35321820365822 103.54624139686767
51.97942507966694 64.07463765672735 59.32242535791617 56.802943203298426 65.29345073091173 50.621471987998675 48.2506795968622 39.65542153209265 42.09837148782572 59.34139936230142 70.8011603728251 0.0 28.408086315143585 73.42125909003792 63.30725097836211 65.2018891425851 52.6898655079744 51.05571981705548 66.66796867748009 59.48238380085213 29.435936659107828 58.78995678473115 62.651830213375675 59.778775213763105 48.028866034506194 60.01553830488232 22.20427486662239 56.25846540045264 79.97500876918025 59.304316467127414 66.29186277393366 24.986417754125437 31.35020250807763 66.01614218359798 47.69663620331246 66.58358036727107 68.01073907976452 35.10089639008444 41.37994986396723 39.42250894418944 50.483141320024984 71.43737150717467 54.7629794731431 68.44319174183813 76.75853498802189 85.24908750595715 45.6478463828745 53.40625130895915 56.22583614984524 36.405936231268065 36.405936231268065 16.193306504944957 54.464198400515606 58.705326927833404 41.78468229793326 60.87076676053344 53.404575025798565 29.947647948161272 49.996315654797165 61.06240853921776 53.551545447827735 5.193427729455903 44.975280176051434 64.61742236829917 65.28616308084227 56.03705338218473 44.9327517775346 50.05469336365826 70.36821117867562 54.84079546175139 33.13370564676288 57.521450472807715 59.493672977409496 63.16440408780485 52.03590693696523 63.42820146866796 60.27239218218744 47.56286484739378 84.21581951119416 21.61057525795247 76.05287708327744 28.19007809852723 50.85057233449317 55.61052955307967 42.51539237347091 84.55841672783627 46.17902354718635 67.3865969081875 51.963395662463704 24.99125325260307 48.157475351509746 64.32577193219628 31.223353601178953 24.11878054396098 76.91897333282914 79.67503016991817 58.20690321137127 48.897746557122794 69.84020933072195 87.21898935433431 87.09067038245438 52.02042803758718 18.96505602949344 23.35444537324221 57.1261344629481 87.90813895292817 53.36508601669929 22.361336310974277 26.161646783512797 58.318432832150826 97.20683063152045 67.4754239904584 46.78534207953964 48.54867758026661 71.11434754326658 112.91000101008332 88.4382792162961 73.66202255533446 74.58526221209073 90.72999805745488 132.76353032502084 112.48482388516997 101.05206863552023 101.4998024749612 113.68774597601929
43.96894515762571 50.32857396229193 32.821812012261745 28.792678550584917 39.155502260617936 24.79492298244701 50.88358466444975 27.05701538009458 18.412467582254962 31.53879580734192 44.85240450521581 28.408086315143585 0.0 62.854997346881284 44.15748301618044 43.553547474920336 37.6801843388578 33.807229846207775 43.80265935881362 49.75842650657836 5.320750681403963 46.08221210909478 49.09138102508422 34.28750162373987 19.627797439878496 31.84402294213929 10.981743529141303 29.1894509313408 51.57357458297085 41.197150237991096 40.36930010204492 8.214076936241746 25.761396407835896 38.16618279748833 39.3620068079817 41.49491430413838 39.75718127466703 10.439390148893425 13.159736192440663 11.014458748302632 43.319865134210374 50.68874514057459 36.62391963432263 48.74214003069775 48.3563168005468 56.92364112386528 29.349072586866498 42.99605220854012 30.19566908766592 8.031870238172665 8.031870238172665 12.219152753695417 29.17391412209324 32.39235981048853 19.77683435021218 32.50359653444452 58.46563617656684 26.298795244103683 29.433630157317452 32.659454088961226 39.126918908761496 24.063016342818777 19.469472718620782 59.07214111259008 47.152623198978446 33.96524938278722 26.652610880597646 29.651343285455912 47.93919087206007 43.84374786800343 8.002595824222063 41.78097209917828 48.13098848471845 49.40172995579361 24.557346515303674 35.98763729640278 31.91240135757387 20.460132609452465 55.89835974320198 13.32958251527209 48.33792939609465 5.01825071179357 27.60568280005695 37.567510511330084 22.467317266980253 56.94289814065481 18.18766478449149 55.65125195932322 23.826298957437537 6.872786748552541 40.22641935001202 47.71927434919377 8.041237541993086 7.576747166293374 48.52152240414704 51.39790361113059 41.12649188831352 43.129322460757436 41.60261082028118 71.64419583957655 88.44322941887212 58.620895109403186 39.78433608169423 47.553727432404294 73.97364482692377 80.00507330155924 45.037900704545635 13.719392238283666 29.66882917441385 64.06610338886937 80.99843266785399 46.76365584447606 18.577893928608823 32.18139212962545 65.25604246072149 91.11530490425085 62.54343578445904 45.31593213064365 52.22600716102499 77.03082316056269 107.81684074080998 84.86954684884861 72.89246159477715 77.17437446723221 95.5539603199528
21.445114442414923 13.571069834136367 49.330270157126996 57.645934519101345 84.64777893683303 76.93002205538434 33.29721559321668 89.53440082999997 76.60891264733016 73.26457960210274 89.02038439167872 73.42125909003792 62.854997346881284 0.0 25.970072562192783 97.18970369723998 25.484128940093782 30.093091061798347 35.7270098023694 111.61322696932682 57.55057131256574 16.82234945506651 14.438758742704186 83.37199352558729 63.11392220407669 70.4440683845647 72.22642825974769 51.95872667999565 72.7317931137169 25.60703753083237 47.02236967744818 57.082587640601574 88.37794528820042 57.991370005067594 101.97389034121022 43.586751805067124 63.11864173377628 70.91317437369757 59.21283757549465 61.89324286631822 105.9800808126873 28.709560967267514 28.69318225223308 25.900417737586217 71.12512751913718 81.14819898730327 33.65446816512833 20.49668144175755 47.693828795323 62.775001271004506 62.775001271004506 66.35340986332146 45.52362227703376 48.56322572880112 44.61787059365164 67.67701041956717 36.346303472040134 88.6368790469886 87.51586819583034 66.29446040058247 99.87569950134908 68.84246561886849 49.25507067235045 13.568969417665686 22.59772253989434 89.26209925556543 36.78453173117518 36.100001509272715 34.128758525973474 105.61397793250403 55.387072870384216 22.359962606549697 14.790633975347117 14.346122301250313 54.1162628768608 77.57239982747888 67.64559036689423 53.07731867567127 71.82230068067881 74.39849101028656 83.04544113220261 58.09638410695088 83.15516965859 27.912712700148465 41.226987043013644 62.97527877777738 67.091061164855 7.349651137513281 67.8053953690942 58.3131152369867 102.86856376359191 19.36352252739717 54.82515050752024 69.46893527126896 73.6979274927805 78.83278314344366 24.255395122401577 24.84386195527913 74.11563803108683 18.537822957574072 151.28035569675563 120.09911801802106 92.16275813446413 71.38818907617798 65.04380684971804 141.35356648165393 107.45375275767854 75.1263544696251 47.684496656033915 37.89241664245514 136.50181775830956 101.04925530868867 65.73710288219094 31.048193862994584 11.782314668197046 137.26459598263622 102.06764190334509 67.27735504105422 34.15971667729161 18.431894920904146 143.55238777611606 110.30345295871099 79.11121795697868 53.68880008639446 45.1504050949841
23.39447171293331 13.315023335779857 23.481366507867047 32.10567800848703 59.157558317281364 52.86193334274736 41.79632595434185 68.75226159562496 54.153911983564605 47.857547287227135 63.306287229001356 63.30725097836211 44.15748301618044 25.970072562192783 0.0 72.45317896008115 12.485931154319884 12.317093628232204 10.556123738167965 89.56344479018827 39.35602685567558 14.494178605742631 13.264415130443894 58.374143777148305 39.03338178071889 44.88180835422833 54.86829147420322 26.435905716941615 47.25612728546354 4.342468086488984 21.269458940912923 40.99262248877375 69.64908920913587 32.03900949273133 81.07818368629846 17.98101090786502 37.170945356422955 49.901415351313645 36.75667797180511 39.858977069496554 85.10284695548447 8.68493462855312 8.554742827474929 5.161762497463188 45.439898546881686 55.68596942651918 17.702135993417205 19.113868101770436 22.19052537384433 41.552789989055256 41.552789989055256 51.53665942179019 20.387017243456068 22.76181113851688 24.38354359944185 41.97172680542495 48.54751993404335 70.36112405760299 64.3027209368513 40.54447609048306 77.32503304401413 58.15572759784469 26.561717171360087 31.842760254678467 3.6101784318743864 65.17156731873865 18.60959281131733 14.515151598083245 10.913520435339327 83.61779883029281 36.15488739514487 8.810384599483768 17.38871794844001 12.957175603645718 29.265341722212185 51.95919666362314 41.98563628822371 29.261137757291653 46.965292912769584 57.21530495918426 57.076391321491485 40.29042696806441 59.440764539045176 7.746138063093355 22.03365525990389 39.302937165446934 43.44022124160748 19.50166961188444 43.1380236919548 41.828735517103446 82.0146851704807 6.666330938014972 36.53592146797525 51.612153120870346 47.92529728609219 53.049811321757794 6.3633731897675565 27.26420713021921 48.14992519999955 28.055512855114806 131.16538951419733 102.75592434781828 80.28269342683699 69.74203923297763 76.25420321309872 118.45726539736698 86.11893400708455 57.73207239781003 42.210044934687815 52.560041145389434 111.47958669348863 76.33597531125129 41.93889256051136 14.925380965708769 34.91231860094389 111.31565107548175 76.09863080845612 41.509474699854756 13.684984885319018 34.40535678258089 117.9938709275435 85.48645688153314 56.7934113714589 40.929517136206115 51.54741219567718
82.79784671705494 83.61896931825854 49.800836102591305 40.727783785691756 15.756995772386825 20.714481974790512 93.40307739601886 27.533949798469873 25.15923697113682 25.306424678174476 15.949974338593343 65.2018891425851 43.553547474920336 97.18970369723998 72.45317896008115 0.0 72.56408320889916 67.60027453666706 65.73299407692546 27.559417580550303 47.48813765995026 81.14924452888023 82.79784671705494 14.218938766657875 34.16592390636935 28.658899048350683 43.571833666818044 46.21880509263165 42.93065497699888 71.74849987605354 55.48783347177038 51.72600362547738 37.11058745657264 44.91770464534988 29.161747692795664 58.782617033712235 41.23337862724721 33.20240682710589 39.368938426747214 37.63010575906063 31.02769447063403 74.61931332680129 68.51791544835113 74.94628104394427 41.06495648559555 41.100344458198414 65.5152233598474 80.43848298305207 50.366134182159946 38.333873510094996 38.333873510094996 51.91216467503983 52.0734053645982 50.30528547734903 54.19038999628352 32.0237922573552 101.24421821528232 39.1044073581071 15.218601859711312 33.578484112000815 18.352603309432816 62.9012979560313 48.368848669349255 97.54688227935661 76.06261938765873 9.613099068487061 61.93450135571189 61.25270444803138 69.42888492832948 24.305491637396194 47.064085171823486 74.89943475414 83.95513681252626 82.85215192751532 43.23526916145706 22.63823955035872 31.768735709994782 44.172648894131996 48.61689890195739 43.69808114890402 28.255527311907507 47.91889553180311 15.98108971676359 69.28063998177925 57.738729789351964 57.20106194801069 30.644491930222152 89.93767263135396 29.40748787427824 50.4198691209846 29.75267711349594 78.43890684517606 48.93975057461292 42.859612042989475 38.6814149355436 36.63263005336993 72.94143092402919 83.27592597307475 31.36586153714383 99.36890792506043 69.56680095211006 57.20216197505661 65.09053880356817 87.94096039628909 117.31406630637994 48.95300196151067 29.188042580253605 42.89150147271464 73.20938196451183 106.82574575536297 39.390143803811064 3.883455853199056 31.792924605259195 67.36994809008355 102.9506715931393 48.01196289080594 27.596248698265544 41.83482785672421 72.60129626413372 106.41399876882204 68.24257693122885 55.59959244735768 63.70029180959144 86.9269048945743 116.56325978574412
12.805325397936613 12.658309258008927 28.116494237850066 34.88558462425555 61.09139914860215 52.01918534300748 30.47082505508264 64.11520212072618 51.184997178961304 49.74659334377124 65.92704951417812 52.6898655079744 37.6801843388578 25.484128940093782 12.485931154319884 72.56408320889916 0.0 5.017664746026214 21.123367514371754 86.12915591359699 32.434900202100756 8.735589779983458 11.41182658012378 59.12112492601162 38.41055629624785 47.300729658442805 47.56326138069642 29.47459728505414 54.60130409448323 8.187545641381655 29.179335104920828 32.67046916067452 63.39231193302246 37.992941909344665 76.56345098379855 26.681660291185327 42.94562003596593 45.43782233025355 33.89826722934205 36.476209346391535 80.57849149122562 21.135769418938594 6.089240137894729 17.36306925237339 52.27816658475421 62.854080744206996 8.335156033383903 8.945533861673537 25.49633597374273 37.29207538018129 37.29207538018129 42.70068689784156 22.81948494306915 27.197838729184493 19.151040062701934 44.979295294243386 37.787588371682205 63.793082901884084 62.19918767298999 43.78153514238221 74.41832528029785 47.655376081159986 24.21641473033596 25.509441881444808 13.192219291683967 64.26466138846489 11.301514866597541 11.532417867909311 22.859840913984225 80.12988309861927 30.02400938802737 4.835789262895118 11.397734211572704 11.726720723851859 30.395908228285332 54.39454222288515 44.818966298092064 28.479492367638418 55.404940929617396 49.82304401846035 61.85320912171006 33.09711091818539 58.02455296074213 6.106006930079931 15.742883886295859 49.220687014849624 42.08278426802303 18.157765284851852 43.4613867239645 33.76967418182399 77.4651349608603 11.652074051033837 29.644066077676683 44.60505795986579 54.387494658380966 59.34234189214566 6.201101293940843 15.892169244979454 52.75772415342875 34.995066192574406 126.09015631276318 95.74554525034621 70.48286607202498 57.45086983774404 64.54078975781228 115.89907204493045 82.00209088031573 50.48052825047243 30.073532761147415 42.34080573047579 111.95407042977462 76.38024676873361 40.82133339505837 5.570581378310078 30.461327066947952 114.90054644288963 80.59812515091217 48.18897642298634 26.086291150570784 39.63595829487751 124.24903204478305 93.33087480895091 67.19847303610985 53.411325801125045 61.00866356439087
