0.0 81.48600493740062 14.203323381892508 17.47909522259633 70.88587108840845 39.19892827711436 7.923519472357295 23.94342285064613 86.7503255699083 60.01284172936015 4.943616217568486 33.189936606778545 50.92484844314527 49.89534756351625 27.189147384390154 52.81784979300407 64.63294505356743 58.017093789428 15.546781562588151 1.4226131961577468 86.76326677578356 10.604699125370333 63.40182400482196 66.50481704737882 20.60974858869259 45.02735031000274 74.55400956021461 15.602640943368648 53.501457228941746 10.323573565236334 37.193582248094124 53.380429158401284 48.44976298830273 73.12272052504542 61.161754262896146 36.73253692543641 15.252132510516686 30.08025884484882 36.567478704424744 31.93381377755209 24.144861241226582 38.63981451277358 64.5589736832121 68.42467027500987 19.965388250871225 60.72538420486361 21.684002201890554 23.54772423445986 31.8565800129168 8.767232750212877 8.558412312441996 68.7037725052021 3.4300602021345585 23.969498718351954 69.65457048274718 33.42626330987625 23.817520718236036 62.040516854548954 63.29975457710446 52.74957161432353 13.338045494326405 13.18067822388558 52.19347821332249 58.31411804184564 39.52012687533655 22.99275331312038 59.77234529862832 56.643030540689374 23.495439096096053 32.2474853042221 78.201910864453 26.291520358414278 46.98409742816103 37.03692676400091 15.728686174842784 24.47449728613331 23.558724465652837 17.698378061233058 45.86987486964993 50.36513810500908 10.51180638649664 77.99015690617662 62.266050388821895 55.52832147836597 63.0955925105747 47.49200396848762 29.577820385361374 23.183589802883954 19.2495584336772 25.662187262911505 21.22944139289742 17.99390213180571 74.72103665301883 70.75901112048687 20.88864233587619 50.607390585996924 21.927827047371554 28.064836990702762 39.6487976778479 6.402324577972242 116.5698663169084 92.22217720132024 77.15840990408907 77.03248983131553 91.90583648401851 100.5654653397057 71.1517450533042 50.43702417900634 50.5705504404959 71.43551158623828 90.63958351011337 56.41439707355217 26.112016658631596 26.707559781959162 57.244678388029364 88.85384194590027 53.526414715971654 19.166599693385926 20.046187741386106 54.48440483124554 95.66527264101053 64.10980828208548 40.00593395049248 40.28729439912068 64.63622462838215
81.48600493740062 0.0 92.53400610668785 81.59922440375489 97.15865678638869 66.54956198383834 81.53424745905713 57.962397714440826 64.9331960161415 51.40137075573045 83.59149484302995 83.17625679146617 67.04170732204108 58.29983980256361 55.75507161500455 34.68103243508231 56.35699865789567 75.46708178964114 70.92263767583955 81.33363700153198 83.87126925019957 72.11957753342953 73.21939292606936 65.33586822554794 61.17590714145631 93.79053317049437 67.64698399387599 66.00821349753839 59.181173501019785 73.49999189289159 77.47584940117498 47.02366544947729 61.57372513087156 78.93237281989435 37.613912312360966 66.9358399280657 67.87864003124882 51.41278403523676 54.10445804386146 60.12224232387629 65.05394623358234 75.06541793706367 72.12167549532175 83.69195048115817 67.107402656593 62.02494717017109 70.49621794309024 91.64467272525744 75.05055367404181 72.90667501091116 80.32075673952002 16.412541200722604 78.56973831199606 80.14856833244887 97.78957216032168 77.70826480170165 92.26013303212459 64.92906844154564 70.01118169201973 54.628229128725614 77.28055287436477 68.30561590282126 63.550802288624965 52.94658495579421 79.5907182118085 61.30856481903816 58.98906672891443 68.80789222934685 67.31383758949016 51.884140290353294 83.62293239713836 55.213333873821654 48.077108103305534 50.60117107567438 68.40959698398223 84.17177181308041 63.75173468110703 63.813499721723936 50.65547819925234 36.817355410980156 87.94925058463436 70.38226843956244 56.20311652882116 58.76339264922782 38.55232907933453 46.39097713174167 75.3311787558482 58.30933776361345 70.03053558849643 65.64837663458661 60.347375225704425 95.62889933274239 73.42273169083944 79.94999226820771 63.90909452535526 39.25388343866464 72.1756745694956 109.47643506586166 73.31517061094377 75.4785789303829 97.1944024693003 61.722597089473325 26.548378033777876 11.496261377204817 45.735346721762205 102.8607276201547 70.23223569936567 42.626187659932114 35.122700871975724 56.412796933279466 115.27164603642088 87.2597335129966 66.88125491385546 62.161691423718295 76.07352994732979 132.54534115629593 108.87887189460783 93.12892015411764 89.5735928692753 99.52842336446707 153.04323410837938 132.86597900544328 120.06844892962269 117.09578843527645 124.65288645590176
14.203323381892508 92.53400610668785 0.0 14.63063337309994 64.7555096815569 53.169910080528425 11.010489327940714 36.68615411181564 88.57527669704844 74.20081893136467 16.442007032588307 28.04908041784355 64.83378242020176 52.548168963147546 36.83223860999155 61.33761808027767 67.26146501418758 56.08236333254231 21.949076016783422 15.299725077465698 85.0331250184946 20.64858213080445 62.24130806571788 67.23484591277153 31.612854375647352 36.83883243046964 75.13067779473026 27.182028055989726 67.66951242219291 24.504034022589074 34.361864186037536 58.6410574823449 50.2922472829313 71.26118818853001 67.79823209958944 50.70622895408329 29.10697816765723 41.61593350954652 50.618187721344 46.123798015576476 29.566718018754877 51.887926013978486 63.70335878243111 65.14988577355271 26.288568692937517 62.10528390650577 24.929606283902665 32.01486292688468 30.350823207613903 20.682340018354342 21.647494809199216 78.61254794240091 15.550669469527545 20.80294177932691 63.23996379356739 46.30748221656426 32.03305407451367 76.079222314832 62.882304150918145 66.95251520694036 26.882307860393894 25.540043969431014 66.25101652475398 61.82213832661101 35.873554820843204 31.482311263255205 61.856585821880586 56.36375049075795 27.884880491216084 45.61758729376435 75.7546756952613 37.84670676247042 52.83156808270381 44.471363073342765 24.15120561020376 18.86946678487579 30.055377282808234 30.072938810152834 59.975079958984466 58.834440012848155 4.6058014479494025 78.21838235836901 64.94329399721924 57.76605264531765 69.39771734500852 61.43231496779305 42.829967424600696 34.9227859055925 33.410288957220494 39.8574209268307 32.66903082422842 3.7905882829473643 74.12922654942227 68.50400616910231 28.921403007870143 58.301857827467806 24.04689190671326 18.81034236995845 38.26950098117019 18.159054549042988 115.60187179131914 94.99950724395765 84.9592968698153 89.1253050954894 105.83298175324525 96.66977765263555 71.0213638697295 57.22906872842434 63.54874080104109 85.63797390782794 83.1147183246016 51.28363943752914 29.734837189178055 40.87178744076873 70.6331301276741 77.80078620723972 42.225303591072795 6.723184089163995 28.976493184662313 64.54675919293149 82.33961479247661 50.02975163867939 27.537903744512484 39.31783876652952 69.75417519259635
17.47909522259633 81.59922440375489 14.63063337309994 0.0 53.506613396574465 53.527368883250745 9.580250145874215 30.4366306588496 73.97584754246321 71.11079209215235 22.236182265972744 15.76038087927934 65.19606582219956 37.947340434091366 26.462558958132973 48.754332890811 52.63559837372181 42.21816527286988 11.752125238579856 18.87085104976684 71.22968059581372 14.893633655363935 48.14194871975222 52.71948030177499 23.51548056009409 27.748095461997924 60.660677547169016 20.801380300023464 66.24518178408724 24.4733851136914 20.630136475980684 44.50457558597186 35.661729555718054 57.45591412381278 54.06517678622519 51.12790855457276 26.601814898664003 32.96088220832235 46.999000527795545 44.00776469114023 16.67793663574588 54.57279340143506 49.51892710951994 51.96061543127693 14.63063337309994 47.50522080505469 11.373269404295252 40.78808375933204 16.005400090038425 17.108494277422043 25.796910786605206 66.768151097674 15.66124822344859 6.823196637114162 52.232253612449306 49.88873015030985 41.00213045070946 75.5726171322794 48.57592977196651 64.53399370280901 29.8748771193042 20.737397774741847 65.8034576842937 47.27642306301004 22.61643082762744 20.709993426652364 47.226354140603235 41.99122096803531 14.57405175506488 39.88605827062656 62.21348367949209 29.592164552716714 38.99316279471942 31.72230667035298 15.070788628811444 7.1130659807859065 17.847587927414857 24.205823727419208 56.340703195455355 46.277026750111126 11.752125238579856 63.821515828826676 50.32105810424643 43.136969906857104 55.511017602192744 56.798176639794455 45.73211262871498 27.28884635024377 33.56657376168036 39.035701508961935 24.95911652478579 16.06620442866177 59.915067159658435 54.84614920156255 18.182463265306357 45.2624142901353 10.032107332418697 33.3066539378248 24.02572442004052 15.847610522201277 101.60118336898616 80.36891521876915 71.60746489265674 79.54998396047324 100.30391463674806 83.93666662149684 56.67987226895421 43.72668657777468 56.06790169050286 83.1105731099094 73.1608016714647 39.18797958573456 15.846084847856073 38.713109979154254 72.65340447429828 72.41762926684106 37.795863306347236 12.039500113314944 37.33068266703844 71.93342894135627 81.9804886112977 53.76897457420658 39.91970244968183 53.18120498916217 81.21007565347583
70.88587108840845 97.15865678638869 64.7555096815569 53.506613396574465 0.0 101.73422761162283 63.06410745232645 73.9999696839739 48.05374333676025 112.28906637749401 75.71912836387249 37.74835626823076 112.43001419038944 40.36859703103953 63.55983942800959 65.38005070802605 41.631168960589775 22.022363120098973 58.99150130483547 72.24207117579913 30.590065223176275 65.01458401060316 24.177776093110122 33.1783322613588 66.86578699125286 28.47433044652778 35.0564631706104 67.81144828393299 110.82709443253168 75.9591420036044 34.515825920816525 50.862357581835404 37.76908566386181 22.36501305126754 59.54662978906756 99.63226856448654 75.84080366572023 70.9688069645456 90.64958754242248 90.34466515091019 54.07402855668012 105.04165980219368 25.56021201202155 14.378428220339297 57.075548805538375 35.23879623749688 52.3075569477516 94.29464100573652 40.23746331695024 68.03920548818381 78.89022344396189 81.08550150724638 68.62759539855686 46.918194582500746 2.034876062114009 101.32571049500358 94.5056053040222 120.79645409531122 27.47805690481564 107.66445610582863 82.2828535275987 69.48064946324487 111.8872474573633 44.2125915426997 31.811623500284117 60.46434742971391 38.211699821094136 28.566720825010595 52.731184792451316 81.49974330360531 21.70808280179579 69.88979626520937 52.271093781123696 57.191431112707534 61.56410146559069 46.858244478990656 56.196761534156416 70.52059426878974 98.42120313799643 64.2261833310202 64.05879600880795 34.906481359427 41.27925360574673 38.56859964969044 58.69377717350708 96.92059951106417 96.92596388437279 69.7336337834387 83.82816012443327 87.63488820359844 68.28543341555206 63.56671403552026 29.301886836520442 19.718682312093158 59.779684802809236 60.771457027491856 51.06774378264821 79.03543942891073 34.142716707776025 67.85713061662386 58.775532846103445 56.61970281413391 74.08891181935743 101.51202679183244 132.86220279005965 33.82055339951393 30.278646133290234 56.7623061351176 89.77370879189624 124.21302100985358 20.960283413436485 14.796210122526839 50.306392864951334 85.87636152078495 121.45359915986387 36.62122223200567 33.35002969878262 58.44251338639774 90.8351396067063 124.97483798497332 62.04127909593639 59.9719587221754 76.65697501001014 103.38321074723497 134.283376371738
39.19892827711436 66.54956198383834 53.169910080528425 53.527368883250745 101.73422761162283 0.0 45.677722659980205 27.98978689638741 100.83471328829418 24.39200704205887 36.941316925927474 66.99638059461863 11.757315447927407 68.23792370791868 39.128025372256786 54.69138811993553 79.88783653326618 83.45384424864024 43.925796658387256 37.96435367367674 108.66321749432043 38.83478907710559 86.70021395601955 85.62729176582106 34.87616327005322 80.36714152163962 92.89852156529916 34.3455502578187 15.525712028904824 29.489568507940753 67.64611978182299 64.7194835582801 68.80274467076524 96.56102774044585 66.66141181660865 2.4665054968946856 27.03998828869808 33.02977304501979 14.69043267983639 11.794579483490724 47.661605294490556 8.523528983918155 87.12554954602292 94.8978432205229 44.88135131545768 79.43097666293528 49.9817818196484 31.80208160021184 61.99666002816176 36.41900789144058 31.657603339514413 61.03805014394116 39.06211849541415 58.12308066203079 101.00553692717034 12.4497889591165 32.3700045861735 22.93703593479831 85.20629242268019 16.818452350353628 26.37601430096768 33.30432855527729 13.18670851394235 72.76288167523352 70.51889342274842 41.330686887042035 77.14785802830366 79.34675634401377 49.09594129225839 22.88954144789689 102.24695075107009 32.729611991037544 58.76687494919336 48.78154498233281 40.848427660586 60.37234840499675 45.54062471443284 31.352880799998413 16.044400947664116 53.257659013103336 49.709849952219734 96.67328709561635 77.8425650066527 73.43432678173615 69.13157531249405 20.223876645179658 12.507419711237368 32.22493928873669 20.17330865182288 14.55944436812522 33.48330088155417 56.91654334691346 95.49226505977474 95.18151739719364 41.96708928664081 55.91769865208441 51.51973711235987 61.32374263615318 67.60005311817805 37.88313744651063 134.81942128355107 103.38070871491317 75.70345629392807 57.503073306291064 58.43236577766531 125.78861898281895 91.41270143539043 58.49771302850129 31.93552886560737 33.91118852496585 122.60486634905845 87.02253604393059 51.44026967756041 15.858497640689059 19.72545533760555 125.71336888614267 91.31010371523577 58.338790463619034 31.646317546781226 33.64163886310466 134.67897510142387 103.19921568562513 75.4577924709334 57.18240390887385 58.11991686379381
7.923519472357295 81.53424745905713 11.010489327940714 9.580250145874215 63.06410745232645 45.677722659980205 0.0 26.071291287869457 81.06429129165707 65.04639619068557 12.659282995600977 25.329523605637874 57.432227016810266 44.36398733946685 25.87601767048832 50.71952504114343 59.19673538228407 50.92526757799558 11.349534634266972 9.330996484536389 79.84394630735913 9.73626765175321 56.55853187046513 60.30897117452608 20.63450904353005 37.12122524951392 68.33968139214922 16.36183632304597 59.287524438168255 16.18904799502446 29.70859534951171 49.18525319833915 42.55675462820761 66.12263946095966 57.821853963857066 43.22908937350217 19.634024993632774 30.645594882086158 41.06723504403566 37.20141195052939 19.620858820047097 45.90274820352512 57.814395246169894 61.057389688891945 15.898598948527573 54.743946231932725 15.841384734426738 31.244964781932122 24.591021603681746 10.335150923687912 16.371949311155046 67.73337250663778 6.670602095522067 16.19885153994242 61.804365467197705 40.92908344539999 31.47389905347552 68.23652618833243 56.68753932788164 58.06992569289082 20.778198385965386 15.045406759749083 58.389177506490995 53.244469871768445 31.907029305215353 20.649627479181095 54.071736466021 50.03433876861271 18.33874185078049 35.25453227058225 71.06428345775613 26.89505432520671 43.07828139102022 34.06144364834149 13.208449026455057 16.55106724301462 19.72120836628529 19.429469999950808 50.49932139184518 48.21944226539577 6.415292785929886 71.66461376117834 56.83777848183089 49.862947038049626 59.55969471273341 51.57006560849837 36.91691930729662 24.021928406786042 25.504660587613287 31.514677382063958 21.73674669787259 14.323194445493442 68.10626746495747 63.644698876512685 18.137631316466205 47.908693675034435 15.568165416817308 28.840702248817667 32.54324251425996 8.122430279536335 109.94138130754109 86.95985824508914 74.62589338849989 78.15451605710052 95.80882106396024 93.14336502548345 64.67418002445397 47.137877421895034 52.85240039150106 76.79153455617674 82.73371412699017 48.674287952597425 20.63272235626183 31.85021547485671 64.30682148531994 81.20809143735148 46.05898733918672 13.428167194720565 27.774272149371484 62.40764273992881 89.02449443941912 58.64721367421373 38.54624254891742 45.434700829048076 71.93742660075776
23.94342285064613 57.962397714440826 36.68615411181564 30.4366306588496 73.9999696839739 27.98978689638741 26.071291287869457 0.0 75.3371707357155 41.05248306389745 25.640046439073302 41.022598800126644 38.4305494426513 40.820607030266515 11.3072746217124 33.055123956693436 53.55520291358071 55.47101099974145 18.908669852551387 23.598527225652177 81.20962924080017 16.4562183477357 58.86567970043401 58.43499671513581 7.537783188527611 54.562759172743505 66.00574483158297 9.847530753923227 37.449458500757885 15.590139407733913 40.424718880061455 39.125647153708854 41.07842601977639 68.78703407107542 43.74252959406318 26.084250562297417 10.067355877172021 7.724035395086079 17.290197265407507 16.37185721560668 20.160031192252085 32.77903644656182 59.37572253513484 66.91173908675087 18.177656063437688 52.20894254913257 23.499296047511656 36.17988553606557 34.959110308736925 16.01017779957907 22.523359824891003 46.32607476187188 21.43676638280552 33.09135817891004 73.36178172144231 30.873240443778844 36.74705603431 47.28402078419255 57.52106822870253 34.99251894172261 20.330811023654597 11.148696524791758 38.02392652978539 46.45628113930109 43.33577922696605 13.572355522777917 50.17303258092062 51.50425256272942 21.91683533395332 9.45173613126053 74.44180757743695 5.284838939408505 32.68556079622659 21.973995802072547 15.500756489398485 36.216561325031684 17.957274956877818 6.64226138268682 26.27185760123273 30.909600501430898 32.159625838153815 69.75655590418268 51.359800786131714 46.24411463766077 46.061264766220326 26.392049223038544 26.616757048957897 4.267839588471826 15.009161911315065 15.147384681720617 5.989994517458501 40.25565497959649 68.11344374522852 67.30038252584875 14.710897669831013 32.44526845615441 25.27608592882138 51.97348400092538 39.877471121298825 18.568426165363693 108.42311736009538 79.02359391998219 57.14927450015237 53.099019946812795 70.03661489914394 97.96222418635465 64.07894327250267 33.879543991985784 26.865125319711314 53.17748906246185 94.93269073319716 59.390568625565535 23.96819323415131 12.406438069713184 47.598066112745016 100.01230300775978 67.1427387690693 39.319520408529065 33.40797361028755 56.73051574121779 112.10386306007999 83.95700269053425 63.73711004683404 60.06828451149268 75.40634669705476
86.7503255699083 64.9331960161415 88.57527669704844 73.97584754246321 48.05374333676025 100.83471328829418 81.06429129165707 75.3371707357155 0.0 100.45190732840788 91.38038468936256 62.9827024608323 108.2697873650699 36.85509849223741 64.58784741038937 47.29122003606264 22.23912911575617 36.01330055748637 71.21786546230393 87.64545669910815 21.79154707584443 76.8085894377634 29.430656233701097 21.706705455496323 71.32689116502756 64.03367623794789 14.719466383660919 75.21869825183845 103.33545650676412 85.96682745965256 55.430346249468855 36.30297082289728 38.513446995582555 25.836981681100873 35.42836395362165 99.57281092488175 82.67757124813947 68.51706217960204 86.44711468832361 89.39614632920681 62.720087561180115 107.32798007641048 27.553013163733233 34.58632931352873 66.94920218040058 26.47102588862643 65.30975821319393 108.34398000068789 58.38386994114983 79.63698674138566 91.86388216307924 52.670492888662444 83.42853503754625 67.92826098604874 49.708699091187974 106.13801326436177 108.79101854990245 112.57227145333648 27.339914776227005 98.96231349609198 92.65359388495796 77.97576655521253 106.19278045571997 29.07177375278986 55.01146149064418 65.76074877967585 27.007398037239156 33.01288889942966 63.257338242930054 77.97933199903832 26.940474742935553 70.05234301520478 42.653551057787965 53.41372208716127 71.64966260089358 70.67177647974829 63.671533073722024 76.057729223622 90.4692984041496 48.15502808724081 85.51829203991191 13.379699351209938 24.587185938717486 31.23972374968493 33.04215642204576 87.19297461150211 101.94061415001391 71.93055974510138 89.87076457728709 90.3200742095516 72.00294715868094 89.44736990742346 19.12671059548951 28.836600850092413 67.02310410733962 45.118929593381004 65.50242224132784 106.93839593662358 50.80441601100361 81.03611413143372 34.722842009215455 8.57177015077527 38.3859911170621 73.52348583099898 108.95013174644532 39.12510595026546 19.88752709944852 42.337411784791854 75.64127195531766 110.37640369646962 58.79336077754036 47.99243167996295 60.67990539631724 87.13777327840147 118.47402810636889 83.56568156911823 76.1357111796247 84.51130349292833 104.97506769825358 132.02067933759284 110.04665591668223 104.28535363516751 110.32945376530782 126.49793133316923 149.54213374343013
60.01284172936015 51.40137075573045 74.20081893136467 71.11079209215235 112.28906637749401 24.39200704205887 65.04639619068557 41.05248306389745 100.45190732840788 0.0 58.89586008583915 81.91791201759719 18.00976858865606 74.07029767702147 49.44529270043459 53.45535626772841 82.26506823013992 91.66419122058463 59.87867224702489 59.003765740868346 112.72798755520922 56.38828823190826 93.28372092817708 89.73115120380385 48.52162864540136 95.41795751917877 95.8380476820936 50.331476745503934 9.869349979205179 49.69724157053559 80.48589934877069 67.04802347214329 75.70951635514895 102.43005991976469 65.04365739337365 26.348889398800427 45.424533099020906 41.719910574215056 24.12134402501984 28.07903335239786 60.48504419795871 31.386070024675707 93.21466462043497 102.85696049922066 59.11876928303553 83.95504773806582 64.42468716194858 56.17705027448634 75.33976536078671 54.82205545586501 53.757094173259965 51.84234386863786 58.935859799856075 74.142964835566 111.96383023185213 36.58905601558823 56.749803334151814 13.584573552164906 91.06652049287139 7.6637388259498 48.653467790382024 50.518418030463245 14.255554214987868 75.60684241528892 83.38313110908376 53.8445696426087 81.14889545944165 86.29409013571349 62.510091300366696 31.93212434245432 108.11860290795765 43.63421148527394 62.59498063092248 55.27602043000994 56.4782228049883 77.20243914988194 58.27059735139207 46.927154086692646 14.795741264690925 53.07851920729037 70.18138603937136 99.50998396476015 80.66985936957968 78.24372578865345 67.41125342718061 15.390942901605342 36.84929530173943 44.87312593047122 41.09644834371483 34.547033207159494 46.96996781013001 77.98862505378833 99.74179067436738 101.78604091331516 55.48586148411258 56.535982386549406 66.24518178408724 84.71125831459734 79.00496983563833 56.92486789139468 135.1745799725838 100.97303964649149 68.19920729083618 40.48331126381067 34.041953284795795 131.23035566566696 95.68026349281313 60.1683468354574 24.858754287714575 12.161247203439471 133.15291155268716 98.27617357954212 64.17877448786633 33.344028843636444 25.2375471873754 140.70185835518674 108.19429922513612 78.40381812063839 55.86116612360339 51.24392589134853 153.04650856517318 123.68506822869489 98.51316926842281 81.50938007734294 78.1971845423921
4.943616217568486 83.59149484302995 16.442007032588307 22.236182265972744 75.71912836387249 36.941316925927474 12.659282995600977 25.640046439073302 91.38038468936256 58.89586008583915 0.0 37.98877053669804 48.52234820613488 54.53476596323939 30.54956753401027 56.170084583877056 69.2149492227932 62.952322963282846 20.181938909103362 3.783885098061287 91.67540277984632 14.730703893505698 68.30922058414167 71.2878601793942 23.61165504889875 49.56320648267311 79.33512160807837 18.58519312454639 51.78060856061433 10.36823707836994 42.125637505799496 57.58337894225036 53.18520147081725 78.04699015392711 65.00303920098766 34.48973406045532 15.97778489350196 32.453152355103335 36.174887388649175 30.994345367613498 28.67566312284375 35.45430376934605 69.45151212629214 73.36775843028272 24.45598506181376 65.46281554114701 26.513946247483254 18.631404706759714 36.79985671109567 12.282922672016074 5.283768528079245 71.41378290810366 7.994182424085915 28.823905203934864 74.46360618572463 29.938060142414855 18.889124464680847 59.8783487420463 68.17090193829932 51.449133283941464 10.565394224992406 15.848038243129688 50.0954784937239 62.79647963151989 44.43287660144675 26.87792656904883 64.43786834058854 61.517612214284135 28.182384771816693 33.071213913590555 83.13811184232429 28.763030739795465 51.11422788863493 40.900516851976846 19.94883309111418 29.132337279004382 27.913251974329075 20.002666800727223 45.22051530656651 53.75697376133773 13.743764871526729 82.79494103304046 66.84981800655217 60.19174072471392 67.00868833184772 47.25328241986879 26.390354130243633 25.654878627644994 17.8051743775583 24.35427653431016 23.96526872133477 20.101812310690836 79.58722092336929 75.69419176146839 24.976569843150084 54.23854692206656 26.82508693697151 26.88157348246802 44.58856939087938 10.42428131739948 121.42740007925634 96.71439226235002 80.59044757923492 78.53695438808977 91.50613401124352 105.50742229559958 75.99302971081894 54.31597031442516 51.55257860278855 69.98050980791136 95.36465496752592 61.29234666305355 30.842942270603697 26.038882516056425 54.19373306778848 92.91142491025128 57.43885575740513 22.318641926719653 15.140401549224586 49.925465401714824 98.72278741453404 66.35041661642268 39.884264833332644 36.21214083574746 59.699844832920995
33.189936606778545 83.17625679146617 28.04908041784355 15.76038087927934 37.74835626823076 66.99638059461863 25.329523605637874 41.022598800126644 62.9827024608323 81.91791201759719 37.98877053669804 0.0 78.38397362909468 30.223380597785187 33.17189622531649 48.59918048990485 43.43593214450095 28.506216757721372 23.071196783823975 34.56353817122611 57.20484316624849 28.47989559049433 34.955069057156166 41.27662581033398 33.48728065575818 13.543146949316576 48.76729685184602 32.743002959938714 78.351298157609 39.14190493262402 7.688699327721505 39.767558577782815 27.08215603030018 43.487166922662155 50.332112945635274 64.69841007040755 40.07358964270639 40.84905038959376 58.306568019263246 56.46950425083365 21.674763147334154 69.04182212468746 36.575394816899085 37.10613158073982 22.846326154368626 37.099247642521384 17.5245199791342 56.547011090678474 8.131071133748458 31.29749031546054 41.35336357183608 67.19760981254103 31.1022834739472 9.33209976674418 36.47484202201098 64.75596608722678 56.75730866045979 88.05614112136186 36.09735898929763 76.0151176976717 45.09103797019846 33.71800610903722 78.5222385801286 39.67109612118793 8.137847693498356 28.167402555557146 37.72197613752752 29.985874945469313 19.498552230516445 49.98694750939367 47.78831006734306 38.38725016186853 36.029492187369755 33.04584043771384 26.22214519993405 9.30225610110977 23.828276633343876 35.940953018738654 67.2088117286943 46.375840384242274 26.622228836298827 51.50503706109117 41.344797153964926 34.19683920198027 51.14305577858753 66.84634133325221 60.464284781221934 37.0600783812228 47.723170065401476 52.464428383584085 35.03905687555268 27.775346912168935 46.93959344109991 40.62469537745237 26.43249611650258 44.240897239755434 15.760380879279369 44.90450806293103 12.673332919523848 30.68881726434308 87.89109156984594 70.2191593587996 68.32814057450473 83.29980394645241 108.356347153371 68.70519554889472 44.210708261806836 41.484324537774256 63.399457943412706 94.07557057913085 57.5061387885156 23.54678037451111 18.279888245739677 51.43992946324074 86.5458661789761 59.030333083870794 27.025954331739392 22.548373183336935 53.09106328778299 87.52769739253937 72.47942140224903 49.82399789499394 47.36838311234045 67.359226422337 96.76226414206491
50.92484844314527 67.04170732204108 64.83378242020176 65.19606582219956 112.43001419038944 11.757315447927407 57.432227016810266 38.4305494426513 108.2697873650699 18.00976858865606 48.52234820613488 78.38397362909468 0.0 77.44655799056729 49.14290126377502 61.21035501346451 88.11312735876042 93.48188546419023 55.33219311873775 49.67530251862701 117.64271239766866 50.4308773354183 96.30028147301923 94.4703074973512 45.67552658711499 91.82245996475625 101.4228126803317 45.64596172627641 8.295634772546292 41.24522191890397 78.66190429520614 72.7374646097411 78.3392968531556 106.01780732930041 73.27512423783605 14.215074872315427 38.63287933503983 42.336471395933664 22.4713182198894 22.128396807724812 58.489122275966146 15.138672993344521 96.58540080457597 104.92789822190832 55.9804206546072 88.35228257162454 61.17578874234284 41.32862137002463 73.07501564659655 48.092751589650646 43.24663545738134 64.37825124519345 50.81935102691425 69.63104683228272 111.7873339804984 21.098967046150204 41.83912417748222 11.642434912698004 94.5845904238508 12.478249484371972 37.974809708247136 44.802628366035165 3.7669526113237617 81.06665379193595 81.55718204002207 51.984739503891504 85.88054156548952 88.99511996162684 60.072160450547734 31.686997448958902 111.73609798219286 42.71892055343068 67.19492967403369 57.87645058649605 52.16846185086172 71.98819466732843 56.31671124162516 42.517698616744596 18.259557814125095 60.14218870910557 61.436562324125504 105.19043089720014 86.1978801381651 82.38490873612926 75.7451906546722 22.213056694863646 22.928550167112782 42.69641159737624 31.929013170982312 26.16229969489521 44.20990596294139 68.56457621988636 104.45333304854843 104.8417101432935 52.87057071493161 63.161767994859375 62.77976011617433 72.14648474344133 78.3057272798375 49.61214555383168 142.6887079612726 110.07820188699779 80.04069344435048 56.815258617066206 50.809384431633966 135.25450203562193 100.3515323357195 66.17612965144245 34.93323062723236 24.36352687300029 133.36266182639883 97.81128101372839 62.29529985340363 26.955011413207227 10.229929762367826 137.24268312465387 102.99072409229495 70.07719979866765 41.79387658694611 33.38909725275438 146.436279728265 114.84989455274942 86.42655685333479 65.42735190311137 60.20020119310643
49.89534756351625 58.29983980256361 52.548168963147546 37.947340434091366 40.36859703103953 68.23792370791868 44.36398733946685 40.820607030266515 36.85509849223741 74.07029767702147 54.53476596323939 30.223380597785187 77.44655799056729 0.0 29.539416920638537 25.081214823967777 14.833166478308133 18.42792035156883 34.364404836531605 50.79402707968329 40.441028796006265 40.01978198228385 19.215642791014087 17.666865803294314 35.58012634635463 37.221220599732575 25.459954825570115 38.95267913229094 74.23784380061362 49.55330767950178 22.765855555474552 11.317961978777385 3.4542563253231147 28.627110184389597 21.66489840969476 66.57133258491712 46.79158855951848 35.25137599414597 54.97588714863448 56.44742791072441 25.90495700388598 73.59173737852356 19.24670323030823 29.014942549189254 30.135007718511556 11.460517399012227 28.5401222186191 71.74017832436958 23.547502840733955 42.90405736002549 55.18133861242898 41.90594011003509 46.575608213160365 32.57299622738154 40.611028177732024 71.49041284963567 72.16624353510183 84.12079799930225 17.175948316652192 70.48830589583301 56.32494773864032 41.601548740250436 76.13866225672902 9.549675998352194 23.83012775681065 29.526447427309428 9.930970210346205 12.352366798838233 26.404117222341647 45.78432424536842 34.35284984372083 35.702920401298634 11.989303790757125 19.571178065783712 34.9045274089452 35.924864060302056 26.982592292272262 40.242763813927716 61.2869088318371 23.85782751546735 49.151784436095106 29.14653804735053 12.476904764767696 5.70026217734854 21.854114556059184 59.038447640529526 67.12595452634822 36.91927712008423 54.41706743449416 55.93944731830328 36.50313939604128 53.87947707248716 27.30335420296132 27.74095732506758 30.484372139108736 20.42441251195928 28.875990347915906 71.24774068037843 17.757513205388342 44.216702232717395 68.04753599189013 42.6103031102137 39.153439675774756 61.50226724720054 92.54322797931054 57.82459490522457 23.25884578262856 16.446079240823526 50.32079710938146 85.59264691017641 60.395949449449795 29.018921354551235 23.848021753901826 53.17482247173292 87.2845840133644 74.44736908287686 52.14395950395423 49.27208861929429 68.32751551145797 97.16853651725181 95.01471870830872 78.5592232223114 76.4682902712873 89.75154796859253 113.11664063240588
27.189147384390154 55.75507161500455 36.83223860999155 26.462558958132973 63.55983942800959 39.128025372256786 25.87601767048832 11.3072746217124 64.58784741038937 49.44529270043459 30.54956753401027 33.17189622531649 49.14290126377502 29.539416920638537 0.0 25.651690430299126 42.593969786902655 44.38676517744071 15.218433688620548 27.44334281972625 69.90558109091232 16.883799541681764 47.599913632747146 47.179073301593476 7.186974813415126 46.42633534321241 54.81289388472143 12.023386621728669 47.27756491045274 22.439933098536645 31.052182205285405 28.70771883751243 29.77657419986575 57.502261183729566 34.77357589411906 37.30629397238589 18.290987626119744 7.7677012418292355 27.094093290121013 27.37866954817483 11.526739212204204 44.082948038061716 48.083302405677486 55.83791380933739 11.878663892245537 40.9544755457068 16.45906497921053 44.78021400917178 26.043976812577974 18.457228684454357 29.1585129755342 41.905712071397005 23.904303911986997 26.816063751700195 63.05003458380521 41.99838325587585 45.29240795012048 57.24125529238127 46.2182170429632 44.252492141905115 28.69535961176289 14.86772208679157 48.384776537876505 35.5575573910715 33.94345002523932 5.753363240874135 38.99176797193397 40.24049260378099 13.805203051786846 17.95660243941275 63.16740204205984 6.432127003974415 22.13437063363855 11.284559206504 12.681087992091301 30.562076874102747 9.471678896074016 11.75878139155911 35.086915840138396 23.219394449146893 32.27428498437548 58.55168959328624 40.35136068645489 35.00881864787007 36.91335154197037 34.1214618393727 37.66758234318236 7.417072714537603 25.285494550922746 26.400250882529487 7.508171330173925 39.87507039143066 56.81893764160656 56.06117807253232 8.301988483686571 23.76901614763771 18.349448867677115 54.38899111706839 29.705018279324136 20.806889900066427 97.30765768426018 68.70801543101354 50.04962711753205 53.11592619413487 75.2980790384993 86.69837955517399 52.79225021108133 24.282435732276685 30.40483556787943 61.574943806501494 84.51990688643238 49.168518602861084 14.955992256297495 23.707174197426646 58.58829604764475 91.37734030343496 60.10305333182931 37.511613093414034 41.6419333445383 67.77289655259865 105.52322780673693 79.8213950588126 64.34195664857586 66.63668987320989 85.28269616144279
52.81784979300407 34.68103243508231 61.33761808027767 48.754332890811 65.38005070802605 54.69138811993553 50.71952504114343 33.055123956693436 47.29122003606264 53.45535626772841 56.170084583877056 48.59918048990485 61.21035501346451 25.081214823967777 25.651690430299126 0.0 29.170337119879626 43.36553954169327 39.427744848041 53.094632624765886 59.753084413991495 42.37815677977078 42.84255205375073 37.32858534365002 32.589914897177806 59.145365599142345 42.68303680912198 37.59012651603765 56.04983560456122 47.50189517603315 42.79564122672463 14.887796811176809 28.008434124147865 50.801561041980285 12.068709467596772 53.760363153097224 42.59507734450213 25.33771844007443 40.02461123443134 43.90906259918321 32.12849697734544 61.94695591757433 42.27037992481389 53.25793853442964 35.05520057316696 32.193252095876936 37.38608178751158 69.17445890417899 40.49682612404452 44.105846291607605 54.424590564743234 18.60396948709289 49.496881049754684 46.31352906963362 65.6764927301056 61.871204796942465 69.7307137831059 65.30383946223432 40.04470757377469 51.6726840205201 53.156822429671486 40.37649293070271 58.98811769659095 23.071315027656887 44.938556555500945 30.161154321300913 29.137535541346928 36.94107767172755 34.180451965491216 32.485285415574346 56.28217551366689 28.326260942871766 13.69383521538035 17.03562392478432 37.69777302263551 50.33143315818805 31.32820385091198 36.66694547282616 43.23290073789245 2.5031950842119106 56.94606558124913 46.27350695314459 27.854512226911936 27.284571908681862 14.542394979684987 39.902002523495455 58.088484646639685 31.17968122744011 47.94583978347628 46.41719224391933 32.42529559445651 63.96044062046026 47.09805653898801 50.83173781064088 32.60191411908903 4.7380356442600045 38.866817596566314 79.54341681521143 38.694435127076005 46.421530560906874 81.95359412373662 48.893566436219295 24.43296655497494 36.54529569545358 67.8700757856217 78.63803359358297 43.164194189307366 8.635137599196103 28.604093264909583 63.984633393191466 85.0477932359143 53.87435755667085 33.22581699402203 42.86785127591438 71.4390626776954 99.31713120935645 74.21871715409658 60.704852195186014 66.28631732966863 87.37739027199251 118.6426883023591 98.39163692074332 88.41827225593772 92.12338166238968 108.10963858717267
64.63294505356743 56.35699865789567 67.26146501418758 52.63559837372181 41.631168960589775 79.88783653326618 59.19673538228407 53.55520291358071 22.23912911575617 82.26506823013992 69.2149492227932 43.43593214450095 88.11312735876042 14.833166478308133 42.593969786902655 29.170337119879626 0.0 21.651360781095775 49.08679498843395 65.49600846477823 30.58618371738307 54.60126426549627 17.47882545286931 8.986435548450334 49.20076641266223 47.68261990423076 13.573785308205174 53.00469017757628 83.91335499051154 63.740281401552586 35.750475087255644 15.407526651437236 17.006046545188187 22.70506599469777 19.534927442827065 78.45826737643992 60.54426875494115 47.07386508608514 65.85288587879569 68.24512072529687 40.53975445996361 85.95842370256877 16.087872941856357 27.603391722598925 44.76368519103295 7.260858347989968 43.36901034188556 86.1054622719172 37.65833117861419 57.41050795233344 69.62739125467063 40.950122806674635 61.286929872550374 46.99448507869457 42.56813654453119 84.42732629268133 86.55198735897294 93.51975835521353 14.169280670829506 79.78403541584802 70.44176622864235 55.75003811509687 86.3625050682923 7.135226786370614 36.051151128481656 43.54109174527877 5.720575698145475 15.736383780216501 41.17220775551566 57.018183181571985 27.77018353173835 48.285818985342715 21.128585608393646 31.584619587519033 49.429705492117435 50.11790692614683 41.444526980191235 53.92809381448285 70.88367427513273 29.224413505608588 63.94590373209635 17.25763378998678 2.367073467805302 9.515849436943993 18.019117349695204 68.0213863336398 80.16177617438545 49.98725152883107 67.8627044824067 68.65375030852927 49.934790136232 68.45484948799701 18.061470278497755 23.593598735545143 44.783975672417036 25.730177170364296 43.703012635501054 85.88814717516294 30.7831515321486 58.844784369738306 54.979738897858596 27.78590571183739 32.458286882343614 62.187001717170745 95.98492038647231 49.500190148167036 14.315879595464141 22.17725651157514 57.54066143232001 93.07113109686229 58.922714375839405 34.884699241713044 38.65472752299457 65.60200778509068 98.21022674482624 78.02285744659451 61.70893510028509 63.722485246165206 82.73604805738928 110.2818581443697 101.4749281044226 89.31936394984704 90.50296241810244 104.5737697685274 127.32874822084172
