0.0 59.46857271763879 33.45757594243027 74.26698441327613 59.36948481532612 44.61133501895041 37.238494083143785 39.747876974097636 40.60585812975587 41.45742213461059 81.29285688816904 71.1185906434711 54.14998418788965 86.57353468055624 33.4822341618819 21.399943672267835 39.406195028207364 19.15300321943321 31.61073714904813 19.04077638836103 55.798551801432545 18.509522916348303 62.459396559349244 67.73704708918362 33.05778760013092 34.13588426586827 61.67419074859592 39.34123335949515 65.27892723508266 31.579585588391684 81.19929842079932 74.82446447253207 95.55933699292562 49.89508794569368 65.96014441166383 57.93474164078223 36.84369229047139 51.213846534264526 76.07386459048892 87.5661198970509 83.29421500332238 69.29804413110391 85.70202125992978 81.66914982833565 40.45863584120213 73.45325700056588 34.84637409153959 31.345841714147305 78.92735565239569 39.16716926633883 14.719605301338047 79.16219495992077 37.895807543413 77.46992107645524 80.02041810293795 52.60846783685514 48.029951532349315 44.81809503123401 36.82039351682448 41.934821071956584 22.839938944438984 54.44824406058483 52.65160582027085 50.18085664643361 80.28264178352329 39.68297253444331 55.07646082964033 48.50673308740856 37.7901415084921 21.247658497013227 44.74750852250101 32.54223928582879 54.66847828535658 67.50262064937077 52.77800383087318 62.04560003565237 39.12186289432673 50.05894596451198 42.32979501731643 44.01739841834222 86.48743925924164 84.9549112342958 71.51834842162735 53.84389548757099 64.03464102985374 51.385819574108986 68.83835486166394 49.05625360106644 39.1788418448239 81.92340763904222 84.20308949573348 58.26840220217036 91.572139824455 80.7810942099627 37.695663001963176 62.85951021420957 24.70246635190672 36.604784582272515 97.59656563109407 47.09678116573055 94.66386793275869 82.48963015231392 84.73430866862576 100.43574981117325 124.60677911916656 71.58513786541387 54.80738186422513 58.4415761341728 79.7442042136922 108.7888319588573 53.68878858846999 27.982354899562612 34.867405390751955 64.65800289920809 98.37568971054799 47.28146305513992 11.922844608351017 24.103580461187136 59.598841021583716 95.15919295450321 56.42358288369091 32.88330201352219 38.8740764617165 66.88249033690515 99.83753116681585
59.46857271763879 0.0 27.687068602568896 34.59347980647502 38.506458565147035 21.4094776465676 42.19627488441157 62.26938333025374 75.29747214711088 25.88106529232663 42.28534788205638 20.188101867215597 45.666200181616745 45.78316363338037 26.45806610256568 43.004991302179896 61.56245956598401 43.66115668097028 28.347671819615943 41.99059925656589 74.24764228634668 41.43797328165201 38.98505257329883 29.122398007830405 26.417370628386617 26.622326800852427 19.21200531983541 22.0162883776483 22.68413648588912 58.21056689516777 33.33721048731996 23.299240023948535 39.52245188198217 51.06217576629481 66.62455746800025 18.114829926234503 22.627182121366186 54.673135386666765 20.071577576851496 44.29650081163498 42.32507089006314 26.49234376800311 36.103124059962006 30.10656903654454 44.829894666945044 34.48313166960674 25.574371246742086 29.405795921636773 41.15315941663434 43.21384321164821 47.13301613154024 35.30987950620317 63.51037298123795 36.870689975070896 29.890924341329562 21.34404833056726 40.32399001032499 61.896463171900294 72.83694777954804 17.756674091317343 47.5364722771922 31.93175838786754 41.09759778803186 18.83175299716467 30.646669660472238 19.786076347215865 68.63577254063874 11.782274177048476 21.679986013671158 43.630822646123484 75.46207757031083 29.075937010618027 21.512859896050934 35.478114387722464 9.385859269528398 20.149611331413524 41.34801399996426 64.8053398792032 32.01492900715621 18.38455484431152 41.23502525105098 36.46957828468376 32.42657087426832 48.43808531538741 59.89995690047962 17.691691157554956 37.45108350788027 49.56394657965536 21.332472142556433 41.06480165090831 44.44814339829754 26.28315555852927 42.42300525952921 37.76740438165929 48.56817625987672 53.27634633321948 40.717372743042645 27.73962089458118 45.52784373192935 37.652560545663725 98.34611181942591 67.27873994167885 43.73875505780786 42.80078560531866 65.44397994806457 90.65989217185981 55.564227335030886 22.08526357766266 20.50225774283792 53.7134478051614 91.34127539517294 56.65886283716194 24.68664750432151 23.255968523397392 54.812911424955146 100.21970016549169 69.96393351283591 47.72930797677947 46.83367212114584 68.12393122719901 115.41836376052088 90.23005728251495 74.11904218510094 73.33420912251788 88.2852460884187
33.45757594243027 27.687068602568896 0.0 52.8777044320874 32.58130840690775 11.652523445473683 33.90170706191732 50.60500417602999 49.62737315474819 23.073927413870283 50.537226485461176 37.71439208001738 32.86165255679266 55.6071063484174 10.817129108214779 23.682385209163098 49.935149476114795 22.770478591453326 10.973941437160402 19.926482244827366 53.19401461522292 17.959094963303944 47.96611821995948 46.019313475198445 7.523653405908891 1.2525642419447673 28.604301763910858 15.49807910887909 32.49240887593795 32.57747204470898 48.39991970605878 41.4435562615981 62.10178726959619 48.022897004863275 66.42548819603229 24.836499053772723 8.418948807203945 51.165139067842894 46.70139579327215 55.98100152305697 52.10751775804556 45.728244320534046 52.74976773258333 48.391429520972395 38.053319006484834 52.331382006476474 2.5051284477517752 13.42828436585977 48.372849802272796 22.128730975876636 19.823060620683744 47.048700359096706 38.918469293576095 55.933882495562656 53.8526073102005 20.15993752169245 39.56871134474791 52.78380187009658 46.728094785705615 13.151917631330482 20.245848122275156 38.47236620223622 29.125462222905917 17.106797698136777 47.19543507804599 10.020510899985924 62.27302763716627 19.113188995868946 8.884277961043672 24.387627647391998 50.73861179780575 15.173841835283088 32.46748348623192 49.184689540014354 19.7326809770422 29.083650633748764 20.505057928193185 57.32082223719583 29.25357455238523 10.582528781616086 54.384924467952054 52.16337021266788 40.00811063224457 48.54117539534894 61.326312368059014 18.178902647368396 39.36413628091646 46.534210939882925 13.834290058920244 50.69008983284636 53.40592922526465 37.96520137681726 58.825936585270405 48.941643854766525 39.321029368153 56.66284027021355 13.23962238914362 19.31025684041935 64.47423289199959 23.041549760047133 99.11397861171055 75.27838614565536 63.578436522890854 70.35429814576163 91.59347384289981 83.74144556728575 53.68774631728056 35.837177437962936 47.10007698917692 75.39705565462292 76.05566163426171 40.81399165977866 8.90561477047542 32.01636838168125 67.10436293511418 78.35274227693203 44.91244820404589 20.67139007850377 37.00928687150858 69.60079629201593 89.87032478827646 62.74067579814005 48.25217738693611 57.029079838528155 81.90556985405605
74.26698441327613 34.59347980647502 52.8777044320874 0.0 72.91866133242026 52.664117912785784 40.36885747410131 55.80301454611212 102.20876192855621 33.260669008845504 74.96498674885434 51.92182638646513 79.21144000129449 77.51799029966449 44.58974422549119 52.998016508978516 55.25868357367733 55.12334654026998 45.93993376484974 55.462394160680574 105.35683821294037 56.74554579468753 16.726153587022694 6.898403366619992 47.0342574850109 51.6300299531591 53.672615526600566 38.264911781767516 56.7815240382035 85.3449536672367 63.765001961304534 53.80532802681325 60.75877517248789 37.921265485235644 44.85707664477764 52.69528890876409 44.59948981218232 40.58485780324075 23.06513361896167 75.23890249196697 74.39031479096418 8.108479082001764 64.92185069467335 58.80609818903421 39.599625495890606 0.9483258529118692 50.38263715179655 44.921947445450286 74.2707152486599 73.64727715092103 67.19704703906285 67.25484997429841 91.79531938856718 3.2150102533370086 13.529314622837552 55.296676898636825 30.62769408774815 52.32623240587346 99.0952935151675 39.794937604765806 72.12898735832611 20.56863587523566 74.64294445506168 52.09449142263499 60.57759039349432 42.90558027663006 53.82407777842062 34.88595777199486 44.021440355963975 53.254836362972185 103.58097638931186 43.15880376645214 20.70939776547301 8.707161825335394 42.404145670541006 54.59497840539489 71.81394904434214 52.36079755774713 32.182469336433726 48.25339811432267 71.69089303083291 65.94326397123365 66.11967810614533 32.53335801581877 37.884542766286735 51.25409885918279 71.85211092186023 37.12383410656184 39.511453695839215 73.31396604701348 76.6762763988843 16.08387082038263 70.39133949786344 69.67998816716396 44.316702110189475 30.9759777273474 65.21802930826566 38.329494297068365 70.51420922816071 70.29767669047878 71.51353640705582 36.732738170257 10.798649713868704 37.63158561564134 72.44218559905192 72.75640127788161 39.07572916989709 17.103691198450026 39.87937881086612 73.62335509379861 84.01056710755748 57.22386342438682 44.98371553738904 57.48623958183285 84.36806136101127 102.01436346912188 81.19217059807886 72.86636675140349 80.98732534646011 101.6881849318707 123.8578587005478 107.14251341287112 100.74853433271615 106.55053324099107 122.83226395850956
59.36948481532612 38.506458565147035 32.58130840690775 72.91866133242026 0.0 23.590747946664713 65.90144442043733 83.18606865145046 51.13195076272526 52.31314857013594 23.787639663246715 28.699825512910447 10.568909052660628 28.990778537817953 42.37637153344703 55.941796163764096 82.51645748341313 54.65614878252182 43.10920141010436 51.60959250449651 41.705401997186485 49.154368568061685 74.2093811447475 67.00942889751104 39.35525932733767 33.031856189255215 20.81173522197947 44.39441997198454 19.885312618400743 37.80569788706209 29.841672740690452 30.465749154007344 49.18282002040464 79.2900934549697 97.3072871060657 20.54297742778846 38.00820302437228 82.64843375056894 56.57867338301997 31.057859217478555 26.36354909203883 64.81645332277776 34.36223058773619 33.81447886276589 69.89780871196515 72.73193613465715 33.52278556225452 45.57327884310903 21.325940144838302 21.499214624306394 44.881969901682716 25.262304742513653 39.01315752076739 75.32055511897448 67.84663074510462 17.846383793911233 69.74090636831738 85.26998166358194 50.37546214978407 39.07863592197317 37.1730040117559 65.39647238875193 8.10636855581162 21.544361692152318 30.99796549859383 37.217814333844196 94.53316766789341 40.32275495157584 37.722988368049556 56.6298125215467 48.92581199778491 47.034842196995825 56.30925193323501 72.5920936237797 30.70654179918508 20.084826350260993 20.867556150221482 89.68046049497055 59.345227791481314 28.115331949466164 31.42735205137916 32.83769273203029 17.525098051392472 78.83553916026271 91.54248724057577 22.04972750511633 10.92808568141505 77.74961935904709 42.5101569213307 25.227759982826527 26.52605827719451 61.98425697415459 38.29106483381116 25.723422281406474 71.64073940528795 85.97985050388122 34.87636210028603 50.09832078984498 45.757414679948006 12.345602212623215 130.1078375249538 102.85949724122767 82.24475683162292 74.02986526010936 82.0288909261332 116.2111351252714 84.78999306453866 58.35943929555385 46.41628616978856 58.61130714418358 107.94269665111236 73.1670901991418 39.842491196382795 18.80502087636688 40.645260542638695 106.62058052614111 71.22093311856118 36.18154029811864 8.831524443100212 37.13619812571374 112.4900499561972 79.66400453882073 50.703839409360874 36.4360875402698 51.15154985604378
44.61133501895041 21.4094776465676 11.652523445473683 52.664117912785784 23.590747946664713 0.0 42.634675093016696 60.786983238257314 54.0315253552266 28.733325253167358 39.1267914444536 26.63467714069181 27.091754829527723 44.1184710974622 19.33288807627659 34.85966791596629 60.09604487398019 34.19453151292771 20.393003618929782 31.454111727230995 53.26634760165041 29.591547397387327 51.455241008744814 46.17122575579814 16.656528794162302 11.449414150482612 17.083593546865018 20.804004798978283 20.86719492011241 37.04972431719719 36.79928346704508 30.28849184402938 51.258564717687335 55.73837077288618 73.71661799662495 13.330124438633629 14.640399881081443 59.12663953608825 41.47873590105991 44.379576820763766 40.587239997966954 44.81291331046189 41.201333880775515 37.0606267714281 46.529107038935166 52.30206601190324 11.380905569257733 22.75936890307483 37.03485992860804 21.86583719076134 30.34910250120441 35.403581468161164 42.128379527056026 55.43655253252023 50.67132041260139 8.558429942539748 46.15594006006787 62.378759445632085 51.710959308592535 15.573348862629793 27.769885528570704 42.336688180655926 22.661310061405473 5.5695964850436335 35.706796679768594 13.632006964089117 71.31495595956622 18.035897644819414 14.249455965702944 35.5708626987443 54.06602059873089 23.970407747567023 34.00763429095074 50.83943317704266 12.049617261198751 17.505958023059154 19.993703627468285 66.5767387157782 35.75450791686416 4.705248191991802 42.735940897816064 40.564476423766 28.47943945929235 55.25398153429478 67.97963223908431 6.811216963111537 28.572208992717588 54.193691791261365 18.921369879815774 39.16619751766551 41.96708928664222 39.7772582567919 47.22213762861916 37.32029229582837 48.580754563833906 62.52608248578948 21.68801868053494 26.606527877078577 53.01662610707197 17.708658059801284 106.5173224896202 79.8897119295279 62.85639670051865 63.6523494787357 81.7584921343191 93.1964790958705 61.213471566164294 36.61670357674158 38.29706718977165 64.22410937246683 87.19602197662604 51.719007578866226 16.696578258067785 20.369246189204357 55.526994690043765 89.99271626156397 56.26479372667168 27.658009023662945 29.94001219990009 59.66610105598285 100.85724468489832 72.24731811904171 52.90864239882739 53.95490897005227 74.53253155350997
37.238494083143785 42.19627488441157 33.90170706191732 40.36885747410131 65.90144442043733 42.634675093016696 0.0 20.076721112855445 73.28715641715453 16.37216203251172 80.1726443416472 61.20116734531327 66.7338022758557 84.67179300028276 23.532831643404325 16.94261683372679 19.371264187109876 19.56127319002435 22.962561326607126 21.634800447029914 82.94500367643757 24.198977514956688 26.020135119578764 34.87307315845229 26.638767420292897 33.19494850005612 55.679829015779276 22.61758434452808 59.98979153657451 58.76616295374315 74.14449267708292 64.73192228471255 81.5420088342744 14.728127615609427 33.10649853578858 52.441433915919724 27.996998514897964 17.492762918799322 50.43110404636954 84.0628158843015 81.06256679396606 37.786600033487986 77.55504216192838 71.8446837691656 4.2493019406123445 39.45156723111726 32.52145222092645 20.489970019022557 78.381715056378 54.681139046362034 36.01353966969342 74.73423008357194 65.9598471478104 43.38077948944367 49.655400371021145 50.36802998727679 10.933974714341206 20.1662390071091 69.63951690746939 28.44430501473349 44.80643234716856 19.85583635323611 63.021801596997406 46.40065266282342 71.88543188952082 29.299755616584786 28.680399565664413 31.30379684612989 28.40608349568315 16.779098741769122 76.19425497478514 18.890219240390255 25.387781358798257 32.36874582334378 41.56005678275271 56.49415818355113 53.35723773019038 23.99548325075662 10.651878026995458 38.59876153503749 81.55827017991508 77.62287150970477 69.35833862336064 17.155114601686197 29.014588520899142 46.70771088188524 70.95924720082775 13.410490161285281 24.301249513975257 79.66544305853817 82.82107718990736 26.06488040066722 83.95503964666537 77.02914393669911 6.401759382707031 26.24582509070658 39.74955326256671 16.257624816192326 87.63278918496242 56.939875856599194 65.44863201661293 46.052957251131716 49.903873047677685 73.4308412960787 104.0478284025271 50.627964224447574 20.414217807203926 28.328349236196246 60.99554087632046 95.76336563406541 49.37177835104519 17.09692371924092 26.062333692403563 59.986613573626414 95.13017666435103 62.503405824065645 41.80401251517374 46.05055001613348 70.89364444535963 102.29048078532296 83.4890260350322 69.15540301954002 71.60053868589752 89.45903860370889 115.80724117015666
39.747876974097636 62.26938333025374 50.60500417602999 55.80301454611212 83.18606865145046 60.786983238257314 20.076721112855445 0.0 80.08150454075279 36.4136959116188 99.30333078539937 81.09137966970664 82.38937985406972 103.97266904003718 41.495465378300096 27.899764116261693 0.7113065980788735 29.83321250066509 40.40373513657768 32.904647612977435 93.33590665960347 35.72313556028171 39.343854580294355 51.606626029545204 44.162670110739434 50.19510181842228 75.06642134517614 42.04287150527837 79.37549847914902 68.43892899861861 93.92589131632309 84.66639195540628 101.60544620790024 18.486604118319114 27.953266828611792 71.67248094415979 46.371481721766365 17.103395323289117 69.4952159307328 103.56540285050755 100.36651278308237 55.17948810792573 97.45101484559508 91.81201018337913 17.996616646151736 54.85484177978109 49.81373656300346 38.02896267067429 97.3966794185568 68.80894368947834 45.55463240018757 94.24487496427884 75.46517284318963 58.40895801484488 67.01541828584813 68.97473273300248 25.7418779784956 5.709234412854355 76.28993773597391 47.8073615212742 55.675617029274065 36.87953425402418 79.1829413161829 65.12325789669318 91.7585511521478 48.159252444135035 15.364959963645084 51.248938185308816 46.95568956372134 27.286163186242096 83.91041072784294 36.93527787908916 44.61422284313066 47.13711087474879 61.22411231299329 75.83911338242162 67.82610268796557 10.544706271057906 30.53569501537023 57.203407631480474 101.19917346222833 97.45704732303409 88.47563327075827 24.16307305815318 28.465154429075266 65.6057669337624 89.35916977655765 18.92173778492153 43.554394840179995 98.95547570927862 102.02570312083029 44.02596999383164 103.85264694347127 96.48463920412085 13.75012316765702 30.664893197916932 52.54800854774219 35.61572716470799 107.66898271627909 72.97351743320607 54.9205095233207 47.630670395805346 63.665250512763286 91.48777211730479 123.365010164144 33.80140116358306 20.31218185356132 47.06206945866505 80.927718803449 115.827270529571 29.5301013952603 12.025903027730212 44.152316151004946 79.28707916161169 114.69814316282361 46.95480942014771 38.27282015379152 57.0705275201826 87.07159797480838 120.15849095523626 71.69826542820176 66.12918627444483 78.34295378861974 102.14836590404093 131.38904071167164
40.60585812975587 75.29747214711088 49.62737315474819 102.20876192855621 51.13195076272526 54.0315253552266 73.28715641715453 80.08150454075279 0.0 70.09507671166703 74.3374008323558 76.30305649997595 40.932797010458245 79.2422164483975 57.81021093072705 56.43123112870375 79.68667504488673 53.82370955666169 56.67636761092393 51.66366371247785 19.955796338791156 49.20787197169231 94.90030076458932 95.31301935807335 55.194429573818496 50.877369533075715 66.17456316162317 63.99564838780124 67.68713488673066 17.15695063399674 80.70000935022236 79.12934013288587 99.50068485802072 87.56670322408716 104.99041926570573 63.50116122232958 57.67937013174735 89.56772562786401 95.25648611732693 81.77810714683561 77.07765451432392 95.28980570445104 85.32329597826589 83.96718541784546 77.23793407799727 101.60410455987677 52.12751536873235 58.16502794162179 71.94364924709348 33.23142463857518 37.34074678923565 76.36849941999333 12.424109035737798 105.32584451747064 103.34730236602304 57.49963806654971 82.83891124863985 84.87623498263409 3.7926173982984537 62.75850941194704 30.174693816851264 85.62435998956349 43.18738091329166 57.922990545801355 81.422565753546 59.630995322662905 95.27277903129539 68.63333062359969 58.322003075376685 56.69088980630534 5.134366682027951 60.12785753157105 81.54501434600574 97.65054488834312 66.03818791158385 65.95118674921011 34.93698859052244 90.15108342541546 74.23342723887205 56.99830605664715 82.4856769889217 83.87441896969078 68.4728346641249 90.42250423541816 102.02434376522949 59.337098233443754 61.92802074288263 86.44359693216983 62.69793292100042 76.06742889107919 76.83464424395841 86.70969128760268 89.42181494842444 76.84176463831325 75.69588585129645 99.4792911743972 36.9965279730352 65.2041320052866 96.87845690521392 41.89744533204259 134.93648314049526 119.24871738284405 112.98054897282772 117.64734604901 132.09518292943767 112.16042053341417 92.98060988697056 85.1051595912813 91.5010549590908 109.69985607093916 92.39062966429152 68.11437168196937 57.22979797878283 66.6563942309218 90.2388107987559 77.95055535633772 46.93618722993532 29.358395742880763 45.31024461790431 76.0020675487838 72.11713487101312 36.54923245054691 1.7385733742929248 34.67578226897922 70.24249503318799
41.45742213461059 25.88106529232663 23.073927413870283 33.260669008845504 52.31314857013594 28.733325253167358 16.37216203251172 36.4136959116188 70.09507671166703 0.0 64.46653102972385 44.88186218952245 54.94382387336531 68.79385136877237 12.669643204921089 20.853357954125524 35.705093387507915 22.582099710900817 13.490863467645337 22.44158051184406 75.96671878880554 23.523086551607314 25.14561624895235 26.518756090968825 15.79217225329463 21.991358456695224 39.85273955808998 8.01866627986035 44.13430748998398 53.7627952896135 57.88827978336416 48.384950968035184 65.33971941866922 27.35916853882863 45.02892253054275 36.822954259281694 15.087096117763847 30.872235103620728 36.53989972569255 68.01206603175262 65.19293002091149 27.844875793054584 61.22310399063911 55.48191465013516 19.369819166341067 32.51599087580853 20.927996627458068 11.956096379417927 62.794602852705424 45.20235436533907 34.05554420334658 58.69802837549564 60.63051270348711 36.473959871235465 38.7204903935514 35.56402886285583 17.42991709601577 36.364414036596095 66.78149229640981 13.309063980791988 39.954182517913665 15.677893642580099 50.791023956593335 31.54640867480875 55.569425753073574 15.173841835283149 44.00923990787555 14.98997369175475 15.056263431681852 21.275015111203523 72.01158231630588 10.051424713094548 13.214836247394786 27.65316712504017 25.525461754171953 40.706693746135386 43.57173831136165 39.73382898924059 7.132033892121333 24.220942980198025 65.399326798461 61.327615560823 53.72122871748632 26.5224422513853 39.25218739390859 31.608132366807286 56.05884579647928 25.802413246566022 9.91246477107825 63.81313635901138 67.03594510264311 17.192318767721943 67.61997913863082 61.0355796662565 22.77053192303477 33.98610720012198 33.40179907261237 5.076278745869961 71.26385082475763 45.10004754252553 77.80971053584484 52.23067543103679 43.9762162407535 60.596563191267 89.11874708796465 66.160964142927 32.6613584132747 16.984154596940332 45.192529230807494 79.551705864977 65.48215199320317 31.276911614259795 14.169898169050976 44.22142774346695 79.00943723834206 76.06755728402143 49.623493249700616 40.876473790323374 58.407690872911 87.65961334871889 94.19273591367626 74.29278365544192 68.54690400506023 80.06280369748045 103.21599276908336
81.29285688816904 42.28534788205638 50.537226485461176 74.96498674885434 23.787639663246715 39.1267914444536 80.1726443416472 99.30333078539937 74.3374008323558 64.46653102972385 0.0 23.043732057056797 33.43145083982391 5.312342092681508 57.951220593433256 73.98641086817426 98.6000526288056 73.27520439933254 59.24824049661891 70.46352496708104 62.314905109900764 68.42475804484957 81.26998628941726 70.54319538515784 55.60744768709894 50.5065982936899 24.62283750882091 57.5556825032016 20.377759567183485 61.58990492713301 13.07699459699181 21.490142642646916 30.94867373089394 91.6167055888458 108.30207474312341 27.731571450075922 53.003096460783915 95.19195529378594 53.801016973139625 7.460135871229236 2.850609087826992 67.22190107344326 15.459986033996369 19.037311972200932 83.66715074428359 75.08194046791905 50.5065982936899 61.488661385194746 2.465897206987107 45.08415241318791 66.5773574556233 8.0271083985038 62.48517581688939 76.57818120438863 66.00252071531057 30.611332101320475 81.12651842442612 100.31036557340876 73.85672539632004 51.72879766586379 60.04635781758639 73.9411267891999 31.872489672820404 34.28342636194352 16.159651385278682 51.14593853455174 108.46102830819618 49.85668233735083 52.37434513586435 74.69761924375283 71.67541309985484 62.411285478729496 63.64236028243419 77.3717686598841 39.01639390817425 23.760381348462378 44.242110913646954 104.0651337881491 71.50003646091497 42.1918026129702 9.100392936355345 13.6089843753664 10.82978601824324 89.80036338230042 101.78314480525873 33.712413497893955 12.953698549738533 90.06714828523504 55.90441551655973 2.470737330437201 2.911451059727437 68.56747544857325 16.445811160707844 5.956179454415712 86.43469702677962 95.34918818941563 56.6100646509908 63.94757110032872 24.056387459168633 35.5686366694714 140.44136494260306 109.43360166254232 82.21790487891909 63.84347359287233 62.64446414515639 130.6009895651065 96.61122242218048 64.36634405828683 38.529369643463376 36.85358234401009 126.29563912211623 90.76418526759667 55.298250877256514 20.245150769484916 17.14777146143982 128.08493238022731 93.21482083961082 59.1984539830822 29.190962519744193 27.05492267487629 135.72795176822953 103.37455703494403 74.04513405573103 53.02099017617726 51.69071105420804
71.1185906434711 20.188101867215597 37.71439208001738 51.92182638646513 28.699825512910447 26.63467714069181 61.20116734531327 81.09137966970664 76.30305649997595 44.88186218952245 23.043732057056797 0.0 38.69605345059904 25.91336059238522 41.61098336443737 58.69446689234229 80.38009408761775 58.67509934423071 43.28766768110339 56.343989714606494 69.91823545734513 54.979981098878405 58.82009407230534 47.57610923375419 40.19788531941414 37.15372429270485 10.304620968724906 39.24604308698601 8.94901537622825 60.445436937421555 13.172877067596156 3.766692879313534 24.663411246904115 71.05756946267586 86.81224839325968 13.640397963451862 36.774908639231185 74.66943989938717 31.20888351411303 24.170701783649633 22.605528856587053 44.191952475143324 16.36005175580843 10.953743523216556 64.21318804567329 52.0389506310542 36.626935607066784 45.08439630679377 22.421874193394114 43.21025772412762 56.97947009756244 15.464530569242381 63.88460541606787 53.564302984886034 43.35489809315337 19.675973360125884 60.34969649473292 81.24416521483018 74.70194408343991 33.71504081908023 53.71737687026166 52.1044315890213 34.80534207382948 21.12363621182341 10.687579328601089 34.25824787902366 88.4790320704436 29.900860505356228 35.93064870610024 59.38467126384177 75.102780878465 45.43440186684715 41.670655859441084 54.505303431789784 20.158160003747852 10.39164090612681 41.63443437472297 84.46060677050293 51.5219914496669 27.302642614197982 21.04797139123111 16.465174199438678 15.068560382982895 68.59878850376795 80.07345229247515 19.82412988723392 22.437400752304878 69.5408053603122 37.951288344936295 21.45881241101037 24.845441517468327 46.212685289585 22.76181113851688 17.925342035866688 67.60024430637326 73.40531231775726 48.14312056692326 45.5920969288182 27.18308253386451 34.49511884020007 118.4314965422816 86.65285688844442 59.35978403801427 45.50404858099613 56.123266442800706 110.58090914646802 75.68220273272958 41.94828456472888 17.992380894557506 37.68285269941284 109.53885684058169 74.16591728332584 39.17415565824625 10.042644731213045 34.63096896547474 115.48984145835526 82.62622458638224 53.371008177222116 37.44353154519234 49.87738577733455 127.45779037387969 98.5253738286255 75.50585113320412 65.01646816225346 72.69987634223271
54.14998418788965 45.666200181616745 32.86165255679266 79.21144000129449 10.568909052660628 27.091754829527723 66.7338022758557 82.38937985406972 40.932797010458245 54.94382387336531 33.43145083982391 38.69605345059904 0.0 38.4187982775636 43.54745173315909 54.542489228310345 81.75584850567036 52.84496005429179 43.83544573113225 49.73334165796422 31.287859426561635 47.02996922686868 78.4971635587648 72.92302337227004 40.29297364812489 33.657990794524395 29.880511312047805 46.93497501441105 29.75690228355093 28.866813224274445 40.39347376255306 40.74200383473097 59.75026794645121 80.86546437072481 99.23190616076018 28.696400454660093 39.927716564050876 84.02610581521492 64.80186961428662 40.857689928902076 36.15329751564692 71.2028036601677 44.88427645816748 44.3614318671892 70.90459949116433 78.92155030660074 34.48113179716251 46.287848487400815 31.023291122027253 14.989348550431483 40.42268133723553 35.70861713733615 29.076082179848928 81.83141268280426 75.5124065275636 24.32652035014397 72.08411295780957 85.12376325338916 40.438795504064494 42.326157751048456 31.322409209373927 69.28443838316804 4.580841397390166 27.154190472673836 41.562237099463864 39.886239084219305 94.88976952437991 45.062795704908154 39.89163012553524 55.18441444108476 38.49610585117054 48.02278102584318 61.0906262438125 77.87150212263053 36.92169845449717 29.29978913375752 15.258979012369371 89.851174146382 61.64751590917635 31.77971800325734 41.5835342013536 43.32932080802938 28.078499514272636 81.14777195931478 93.95182732764914 28.101729729204234 21.051247384880117 79.3679215287338 45.05116044624367 35.13466209645505 35.98687709799774 66.85842117858517 48.60761428563991 36.00652894108066 71.97355017569356 88.92754609790246 30.958206248401765 51.873608693244186 56.14338532743118 9.873645134732104 131.9592944503252 106.7956423437284 89.04734271482663 83.57999437470839 92.59518275952756 115.99747654574458 86.51471471922905 63.610717891532346 56.03567854818142 69.03489974328289 105.21061519858787 71.56227287049407 41.29453717962924 28.662052586768702 49.69891619900162 101.26681520923931 65.68510484330459 30.10496914569279 5.504213802558357 41.06695271431133 104.94066774515876 71.16856131228495 40.61502424334568 27.68378536973465 49.14671355974791
86.57353468055624 45.78316363338037 55.6071063484174 77.51799029966449 28.990778537817953 44.1184710974622 84.67179300028276 103.97266904003718 79.2422164483975 68.79385136877237 5.312342092681508 25.91336059238522 38.4187982775636 0.0 62.746296460394476 78.957494377186 103.26694283987999 78.30579952554845 64.09315597088609 75.52460274953847 66.64458395431072 73.52902066676346 84.66857784007324 73.4305457387335 60.489845725493005 55.537590247696876 28.99298290688946 62.07960001482867 24.686033928814975 66.76443828960353 13.991001238853771 23.71301397507515 29.141785321838984 95.78570578006651 112.19238617697717 32.301266710333 57.77996970832852 99.37660445676033 55.7299215655233 3.7010072308152933 3.6096795210733057 69.94407027301676 14.725001753912434 19.686091448939123 88.08114896221551 77.69196555794798 55.495838786423775 66.29485012971755 7.754131141925621 50.353518967294136 71.85578634149343 10.484277417448236 67.49482591954873 78.95830704014247 67.89202473501717 35.570731184892324 85.21511673917074 104.83285505986564 78.85602574178557 56.259792112519506 65.35857005611102 77.64961181335627 37.04753616529217 39.14151957154965 17.25824351782392 55.82897615378383 112.80092670766133 54.02359411799777 57.1214421270933 79.66877946173119 76.45430309915719 67.15197581090177 67.2722564207664 80.40778197858046 43.27207112834191 28.17975398453783 49.53211450668897 108.48439938232877 75.76767971220863 47.011868348124196 7.114735216371202 13.036581021990889 15.648745157730973 93.77272611772372 105.57967583486297 38.49056028924429 18.227567061340242 94.2424307805566 60.47359137706566 5.017260790429179 2.46504602854077 72.01337437504564 13.58764775402894 8.019982539397413 90.97395120966986 99.03632900119509 61.89899820789384 68.49700994217855 20.786340387947313 40.85899680357214 144.12136371787196 112.56450127492583 84.27755180814086 63.77134041509493 59.69088128106487 134.95421186202273 100.68062818547467 67.76967724634774 39.76254628629804 33.19008423782076 131.19949351425768 95.63832979522043 60.10227850210143 24.69996687830962 11.836535555838433 133.31551968236425 98.494300359641 64.50911650037878 33.96946443178568 26.0503821477894 141.0381845217342 108.62719939570451 78.99445786282894 56.67924902125951 52.125877833204264
33.4822341618819 26.45806610256568 10.817129108214779 44.58974422549119 42.37637153344703 19.33288807627659 23.532831643404325 41.495465378300096 57.81021093072705 12.669643204921089 57.951220593433256 41.61098336443737 43.54745173315909 62.746296460394476 0.0 17.11614296553434 40.80055984671007 17.37303059160244 1.8972108010545519 15.536119076347871 63.30817225302762 15.09836076073886 37.810947194028465 37.69880717847015 3.2939147412213488 9.906915591049767 34.16556039116729 6.432964056598763 38.41562810326306 41.25107195084201 53.71046226065249 45.357815969509744 64.7288139602942 37.33357556582295 55.68480495254553 30.58618371738307 4.9791461865507 40.5486931844055 42.68631313830536 62.598072365607365 59.15645594409793 38.157463934360834 57.66586031397557 52.56472662429285 27.578959947925604 43.938619817791384 9.078962047402358 3.5565329903929532 55.982939353942285 32.784726821829246 23.105369952668006 53.351631720584706 48.04141253917093 47.755379639613366 47.721901972442964 27.48849207094111 28.7536643741051 43.06305083535102 54.59915850253477 8.703263494716394 27.640813061375102 28.32961590008041 39.66534390676749 23.680546786158114 51.9517502269146 7.357484613501291 52.16043004889696 15.076591909089661 5.724892163844521 17.79739240980613 59.53038865973006 4.665001383723821 23.88239553794297 39.87041533910459 21.556075702766428 34.859618010656774 31.223673993138966 47.34119483185775 18.474055799021585 15.761088446879988 60.51228426362487 57.392944168964554 47.148670073120904 37.72639381481719 50.51555319448027 24.257099414515004 47.88729802750616 35.82843886754955 5.768492283516853 57.73679791185077 60.71993503724022 28.905046202705464 63.99029752241689 55.48540958941997 29.310525251342046 45.869761729049486 20.893801208458125 8.514635773682086 68.78940949644391 33.685472995472225 88.42134311266119 64.62991054155961 55.38830288914248 67.01380603675231 91.90203285832852 73.92958140284459 42.970237123277656 27.558935514291935 46.95470105663814 78.62689331342057 68.54701007188713 32.96628896067039 2.659108877421539 38.20440480293104 73.78545430375416 74.28126337287762 43.56688278830076 28.47164862671446 47.49095268944193 78.94517535058665 89.00885984237632 65.42389776430431 56.30400412307468 67.76533461889812 92.44612206529861
21.399943672267835 43.004991302179896 23.682385209163098 52.998016508978516 55.941796163764096 34.85966791596629 16.94261683372679 27.899764116261693 56.43123112870375 20.853357954125524 73.98641086817426 58.69446689234229 54.542489228310345 78.957494377186 17.11614296553434 0.0 27.284812445763293 2.6192523315297636 15.40681723066686 5.189958161450957 67.03030447642564 8.031683637994089 41.165325965364985 46.57977718353472 18.664166131341034 23.548668265177376 50.889219585336356 21.078686554680967 55.05924744014468 42.435802169960965 70.60805624851785 62.4481103799276 81.78721362898035 31.16237050802194 48.96896316693757 47.21282204440753 21.923465618077728 33.34501584289113 56.98225651084073 79.07557976089645 75.40882146417032 48.411134293370495 74.6571201499475 69.64605060843641 20.81025295858393 52.166993515774074 23.481524243873988 13.757379341468113 71.88533102549863 40.93661886874147 19.348628028032092 69.93413502787797 49.63051638511387 56.18890455900561 59.539195806891556 43.38970248279856 27.192962872024573 31.130501960973334 52.7585129527974 25.535008842089464 28.784950841405067 33.04913172742122 51.45952376835089 39.87753945765451 68.95667161849414 24.469346370591722 41.36273119126473 31.258065610133443 22.76422102353394 0.7113065980774589 59.48111207956205 13.933072821621753 33.95208327295513 46.106680223547855 38.67208239101275 51.5229422725521 39.92913223681094 36.17142174844974 20.940992018760223 32.16221942756632 77.18484629595078 74.31994625727816 63.309371034603956 34.09238070610246 45.617546175884954 40.66542725655472 63.042592965332005 30.0153143970347 21.679690837118237 73.98641086817426 76.8236444600448 37.10522562304395 80.9465816200559 71.97468802812324 19.57396834812011 43.18740165807636 24.815932245665813 16.50718831891701 85.87749531647378 45.249830548959785 80.31903791847336 62.99514087488335 63.38582087821084 81.23589967364589 108.2262218413269 61.65591922278006 36.65575485197656 37.65667644434121 63.43969677092225 95.72540885187689 52.38893389731801 17.22627752764372 19.52176943891276 54.75093541298797 90.25763666949157 57.27697318924368 28.77060952279779 30.11716945017525 59.317277650311986 93.07112639524946 73.5498188947464 54.19062881454634 54.73416295468289 74.74750088477451 103.49253660249298
39.406195028207364 61.56245956598401 49.935149476114795 55.25868357367733 82.51645748341313 60.09604487398019 19.371264187109876 0.7113065980788735 79.68667504488673 35.705093387507915 98.6000526288056 80.38009408761775 81.75584850567036 103.26694283987999 40.80055984671007 27.284812445763293 0.0 29.241379022604747 39.71514996570623 32.306310593425714 92.8447552546619 35.1294059161438 38.8307627332002 51.01838016589376 43.47537307579535 49.51978189504947 74.35866990719295 41.33285445752949 78.66791334344637 67.94950819322297 93.21483334046118 83.95525848101812 100.90313376235648 18.056289832042278 27.995841208564784 70.9665016868381 45.67321942353559 16.78860206037497 68.83952180047666 102.85696049922063 99.66064951287335 54.57413170216532 96.73972264801348 91.10111074532146 17.323165757218792 54.310401898008784 49.13324888469817 37.33729498510394 96.69519273475909 68.2051798985018 45.03319610220022 93.53618089697122 74.98703312950506 57.88000728619784 66.41820333020024 68.2777527823908 25.134586179284554 5.752836994397461 75.89589523528551 47.09828880374258 55.13912579304362 36.26301387304769 78.53680739900615 64.42394952117914 91.04724455406894 47.45537035267815 15.67348681738145 50.53811556352896 46.255330115242856 26.67603347241304 83.49108438796075 36.23677597221631 43.94528852116042 46.600813188799556 60.51340401226431 75.1318940894177 67.21370061996065 10.757550621438837 29.840017686231775 56.50462656454066 100.48920045828665 96.74579832150883 87.77212111134357 23.728493884282692 28.32892729328982 64.90390364560568 88.66807347887074 18.446865325431503 42.84579074593839 98.24977437056098 101.32136420565082 43.394231105579436 103.14135297485589 95.77664835559364 13.051599833670949 30.37235398082289 51.960615431276985 34.905437826749605 106.95936635365996 72.32808470448849 55.282727295473855 47.518226978599586 63.181871095099936 90.87398283393831 122.70443209733398 34.391965756683085 20.055870127665372 46.40982855390638 80.23534188845122 115.1249392222518 30.205144091155233 11.589925156089592 43.45700431480285 78.58056570307343 113.98907233433596 47.37958902549496 38.134792161168235 56.53212374672894 86.42731849445215 119.48080796688433 71.97330286173592 66.04522124270298 77.94810662470694 101.59706962036888 130.76751482094127
