0.0 53.498415229752155 67.40521096910717 50.68239090011435 104.07210646210733 44.44429656476903 80.82873840866816 65.81062355788436 27.799137441256033 37.31359729951745 55.933882495562656 7.583091771740929 62.455071802422516 43.891168698216546 61.86415837149952 68.99925425316422 29.56855422371365 38.02171995031575 57.90672938649063 26.00622178446959 30.68968698644123 40.53787062019245 54.06517678622519 66.09921943612275 66.28836707731674 43.5001103671134 56.81671611117573 36.98011882794362 42.851131667943086 8.70103666035512 34.01953095060734 34.08651233195072 14.427524180546023 8.275847927160978 28.482060154554414 7.7639973186345985 54.22548086974278 47.94354129037889 15.742590181735451 66.77769813802333 36.398278610764905 42.44726602759125 32.628999380664844 84.09838187378638 12.319925620055693 58.33803202358252 46.99865171303823 49.20032747255368 49.33829704312251 26.479979217834497 18.633579075758842 46.76981473148436 71.15475155647795 80.17012250859538 94.66789958070855 24.97172445138597 46.59466702008686 45.21865085227816 30.131598192608255 42.91853789802984 56.27183590244027 18.860292696228978 65.73669004462096 49.37594093285761 58.9880120773793 65.24163618168716 37.600994197148324 21.208223473220098 52.53959266630172 19.702958605195874 36.71717550255498 43.05490504237479 52.677200214586755 45.89931114631537 30.60668862854399 5.992832263464513 52.307086457415906 55.49869515110939 39.283788526509 14.846486675634685 44.20039191701542 21.812075859362345 17.652333406805745 10.648428165137751 25.730413079712637 31.8922502925127 33.910700988320194 48.849148602432045 24.07884829584466 48.68074563842855 87.83190463400712 44.94954941722445 67.75541809496143 66.62268136390992 7.4236741402584565 60.511606919737375 41.84082330627776 13.723241525812751 50.943566768249305 37.88315212887508 73.58915848576098 39.97457670229907 17.685413597758757 39.49411932822789 73.06847202873425 72.1292231370504 37.245562002222044 10.20038349032907 36.784135627293004 71.65407399671686 81.0836921452721 52.40462905242793 38.080257966146824 51.828060297792796 80.33909700852797 97.62739089543886 75.3321268652173 65.9611385287953 74.55826465365551 96.43193679175644 118.62581653650102 100.86187614027314 93.84124741580024 99.85624329740742 116.91187657028969
53.498415229752155 0.0 115.27411536549462 74.34984840647166 99.04650955094856 34.56341762141964 123.96664252560701 108.70457267349182 60.788715475940954 60.760514559123585 65.2776406068669 57.34708301761803 103.43737617958692 64.80289540833681 46.21784616375194 102.6713288224499 44.41247822019288 40.4768886945839 94.06695207801863 27.912516638318383 29.341969423879913 17.63878998660298 57.82794170233325 98.1229700200884 114.62968963699308 10.00036430776024 97.01285298864941 65.087192561274 10.868898667549667 58.72383895395444 21.093733135899424 64.42820380323558 53.47662326511358 49.68587860016633 28.459305159008323 45.96258321039655 91.33222309083027 88.70349859404371 48.51695098278411 73.9929387948093 64.94370572321762 65.48791444815102 52.901054114376656 109.26579130782957 60.1191051523229 94.20712745798943 71.23095164325504 96.05916300744373 72.13826350139851 30.612360691507675 57.67101330233617 9.862386497766186 118.80301233668224 112.20972045724663 91.42141458543057 32.74456058651681 84.26247165847968 83.37096556188024 57.09202792442624 10.838085697741738 73.09522905010068 51.217963270517146 99.91380669184927 67.05357108190945 45.016370555875284 99.23111954567771 31.545979505361533 58.32714104245064 87.00000495508924 34.1496891660167 19.42627091816855 12.158599560153165 61.16890148069569 74.27984806783296 56.508512359692766 59.48208438392644 91.38547539041836 66.70777590541817 14.288846783366084 53.58622560349661 9.688106158228932 61.89650733907445 35.99114348303719 47.19535616263011 29.620113361235287 22.375784671653605 37.34274208381791 82.56018526683363 53.53048540303102 73.00211109682155 87.46749253834122 71.07735513644337 102.64844163302409 110.60032583553082 60.84556885736025 94.4455758699154 45.886709274129466 58.19601881291589 66.63161234501352 49.07001239167024 43.47304884299286 40.06891129544188 62.07504279205257 92.9154768095856 126.27526412709953 23.552339223990078 16.81921256022773 50.430827422177906 85.64963521754902 121.08121607541722 28.73130254585567 23.475807061168013 52.99946136343921 87.1721051067408 122.15241515664549 51.98284237055769 49.09363808276338 68.19325122913308 97.07017327117796 129.33322224053086 78.64344443502051 76.55061145678424 89.81811449426236 113.16662087701881 141.69744979053664
67.40521096910717 115.27411536549462 0.0 55.3171968302491 108.42827299482558 89.63268920649836 19.480973791855934 15.86297750390637 55.55585651224274 60.27132935086396 72.61491801642295 60.78613923112939 21.502234385411413 60.6549674742607 97.71110576269352 36.90369867222674 72.91089820564262 80.58824623999251 33.19998088070546 88.28127468862536 97.83399189806364 98.44565182089411 78.43497271755892 39.98721121033033 1.9799531981517078 105.98652487372219 25.432545265881643 54.95281023293199 106.01414743309762 59.387950465482724 99.37478887410664 54.01717757105219 77.99139915534877 67.34925715855799 86.81520253048605 72.80736792145412 32.73673669201375 29.72293823575834 66.86570895336962 76.60712628191422 54.75291070717029 58.57835411754846 66.02418741214449 56.227782273467874 56.769488750830696 33.639762344681394 55.530870052045955 19.215202700953963 56.79016921805321 84.66611880640816 57.619178368088654 111.10641729359169 3.763585917208898 42.5025836832879 100.64492066788071 82.53272032795952 35.82226380195638 35.931250028612574 60.461041493617806 104.56953414349861 63.67268176933715 64.06581340855544 35.8378752650272 63.25582317273839 95.39441010388049 36.2265147755053 87.35781528751967 56.98909415005394 38.19891808229978 85.46921529370742 102.26931537936794 103.23208106744704 73.46273058230194 50.28756215301724 61.291470246891016 62.40423926555179 29.970065714733803 70.47931277544797 102.47573685930057 61.911720792282225 107.43638155162563 53.38045112205274 81.4920588519691 69.27628088340869 92.07495940644202 93.18325198559454 80.94313180285448 41.03552898057408 62.33090764785394 54.92677642566773 93.56594733564994 53.722505317842 34.38668481101156 12.724129609077384 62.291855042117305 36.852226637808876 78.53020306409238 57.82945572002886 65.42842108947103 72.84315328681618 140.99335329106685 106.75568811231214 73.80119294698962 45.04046049737417 33.80618211753212 136.96715732467908 101.43086087686383 65.94427330420247 30.68037020377265 8.132240829570538 138.5549864428332 103.54502010169487 69.12206327403847 36.96416641736731 22.069007480898374 145.57316714530378 112.68010970341066 82.06234713615748 57.47879678446416 49.04647705318243 157.29614343011298 127.33347728055773 101.08235531927724 82.18005297343962 76.2992142158067
50.68239090011435 74.34984840647166 55.3171968302491 0.0 59.832851371614375 41.356147647172456 55.459285604595934 42.31680867849341 22.88342958990356 15.053383286065612 17.311625869630635 43.99472314683396 35.884074771074005 9.589885309566966 43.84291565443207 29.269253280341648 31.387869938806435 33.93694399692354 23.767275101770196 54.32837359707603 70.2863178800426 56.88928072380175 23.779565743429423 24.383366856902633 55.779230118742454 67.51655155777567 30.29052097155613 13.720232123371892 68.41532379127928 43.57097406130157 66.61771366217937 16.610775586610604 65.03063766426719 43.92530742196438 49.400281548562035 49.671372833649734 22.903001656514405 26.35001452819817 37.46479112674563 22.832772759592654 14.290583018096932 9.464496903709144 22.86986582933066 36.029760735679645 39.98428675323408 23.595846004015613 3.7796377729846604 40.25380518571999 2.223262384655306 48.03353893217491 32.07311884422047 74.30786358264643 57.67948194865967 37.95787084457985 50.737241761630195 46.33968522413713 20.184009287210696 20.613427407549874 21.67979700393577 65.38439891375991 8.99399434308263 33.284757569864134 27.029650726988706 8.626567251651386 41.93677464051262 26.318344128909832 42.807461642628304 29.482861647032724 17.339781719619623 57.38610004932814 69.27155139314131 62.72995600292463 18.651793412646732 6.590638907481935 21.61750034648472 50.580128543345495 25.348917672727456 15.162780935468785 65.64686220849006 36.07450078233441 69.6642256669089 29.587658479831617 52.19691078880442 43.36808998125967 63.19242037643383 56.47137099712714 37.1894540962263 14.336775653050545 27.924366528539828 2.0020330382202034 43.28466777738593 5.792197146835678 29.874877119302784 45.257538933903334 52.205284734000486 22.190362438373395 29.133116228946843 37.38285885535235 10.436492687365675 25.280123115183873 111.59471433439553 85.0424479563745 67.4031194736825 66.22890570416718 82.22822059676281 97.89227658755982 66.24800881061495 41.555777625838154 39.96435617369683 63.2423908646495 91.04281711038435 55.739539133323916 21.382406069908857 18.431704941960604 52.482926709401916 92.58047247722979 58.19436031444851 27.096621955001847 24.780515151897838 55.0102227034229 102.12702779687561 72.3038366960937 50.57594024778223 49.195249778065545 69.38721357263027
104.07210646210733 99.04650955094856 108.42827299482558 59.832851371614375 0.0 69.00741204469129 100.05226006608345 92.81646785630812 78.8845945286338 68.0820592263356 48.37753796875065 99.10337353006778 86.9268327455075 62.15413696892433 53.00824298911955 72.16126179107017 75.63267701857215 69.77586306070737 75.79459296782068 94.76641360113445 111.49991067252672 87.26016220800638 50.36064552592019 68.51479547886876 109.5190340851652 97.98888157144253 83.83511797879426 70.63265270585646 99.7072772382875 99.16596082644458 104.00590839913363 73.7118440095571 116.98139734546281 95.96232175134051 88.30604715578362 100.02106503862765 77.34314510131163 83.7984975848619 88.44011973209386 38.1217392506252 71.24814586769786 64.23330167784543 71.46055767750086 57.17724390608385 96.17941992960003 75.27244272080719 62.2356410301195 97.8324193129301 59.82534685749047 88.3858684241678 87.34127387835397 104.74252134959188 109.58047224147454 71.1540319505802 9.429250808885325 87.90538231684448 78.30955580848551 79.1613778822206 74.75754613709448 95.66094527911969 51.24703704669117 85.24937246168221 72.70812421224737 56.59994078103598 54.64248314147929 72.26924302901554 75.98524431234426 84.89934426963751 72.77508826900687 101.90541441668525 105.59918170738423 92.1891875608731 51.40421621968312 66.42176957673125 74.08891994301719 105.98566739103646 80.93431024839727 49.189313775795675 98.83128937716987 89.65312026602057 100.31988332706206 86.50090021124709 97.50534465033688 94.18145335798016 105.25680675813219 93.1787276693229 74.99529302254939 72.0414827603057 80.25936433506466 61.415317802240565 16.674868190567064 64.83068803488382 74.50571489138491 96.07422617437295 107.8876126232684 71.77381739864889 64.17734416873192 92.9598028033978 54.52165280654419 66.67998171666335 142.50457338440566 127.6721180727842 121.75667930123241 126.02028052566942 139.53292148414013 119.08410314251482 101.15023860428491 93.88155176449074 99.64009534234452 116.50999648983087 98.17518108980327 75.70679148857369 66.00599107281111 74.25755128787584 95.93590294443624 81.73027848783975 52.9232270739265 38.13237906270234 51.37576791923045 79.73105764062572 72.83960398494014 37.94188131428218 10.284632437208746 36.113291581021976 70.95614737979994
44.44429656476903 34.56341762141964 89.63268920649836 41.356147647172456 69.00741204469129 0.0 94.70409024736333 80.0780420987495 34.618407609292895 29.980330088023578 30.718712469349967 43.38003745497123 74.14429709499113 32.229747905006406 18.41743418468936 70.51231517911896 18.014626644361538 9.098200626909703 63.3186358722462 26.52949192044514 42.68640292262803 18.955061500593537 23.32803070477183 65.69959154270053 89.43475349742774 30.266919207243735 67.80773812871294 35.12985961879369 31.75572267881376 44.275420822734326 35.0008703721359 35.65856605245511 53.53671337436366 36.6933895344299 20.18002518119808 37.70012198438191 61.20113398643717 60.58220926164451 30.629894475108546 39.66816959320993 35.21386734145791 33.484417326609496 23.614097651910416 75.09219468894399 43.3878699097798 63.33406829014985 38.73706194996361 71.02511427372765 39.14136398411576 20.91383240463389 36.52206571473295 37.35551007709812 92.7853399118047 79.21966006761845 60.405803219557555 21.232071032589065 55.12714570513057 54.5787698628611 29.298008347886295 27.895286147243315 38.87248971766773 30.37829653476907 68.06062919020569 33.36574370762048 15.783195308752248 67.35455632318065 7.600153324895931 35.65973184346377 56.196706208389784 34.73998926145172 36.67031915575904 24.567812201786673 26.63463137212549 42.71982657646781 28.4250342590994 48.975612276384474 62.13908028668924 32.193056498226184 30.268911313573412 34.93754148418606 32.63948627297305 39.32998480345674 31.39695503542738 33.96626748540218 36.845168321724614 24.21475873333443 10.84789262958531 51.92915744091668 29.10898228934704 40.32399001032499 55.30432562941646 39.20224765649613 70.88596712190007 82.48443476765073 50.93857719803272 62.847447097589935 12.238838558859374 40.17958162906903 32.60837360277879 17.117673156447818 76.05506827153037 58.80220900637917 60.524126689663554 80.00489855127948 108.03028012634834 57.863648428565504 32.31822966687617 35.6781146879611 63.510483434506426 96.57343777417796 50.05796233361628 14.491308878241986 21.12835767884044 56.70121681758603 92.28141472785506 57.07201042498026 30.892350124290825 34.40429951321421 62.810587963286146 96.11909124455212 74.84920628502218 57.24896112434378 59.03076236163384 78.89211460535974 107.21682738185288
80.82873840866816 123.96664252560701 19.480973791855934 55.459285604595934 100.05226006608345 94.70409024736333 0.0 15.38761347900595 63.19363611085632 64.75562060648066 72.14889826449324 73.59426989998313 20.637095456347804 63.11150555001736 99.30123409745939 28.962460395136606 79.86232370055276 86.07708285422746 31.786599966870185 98.46825870246285 110.16984499114204 106.51337259844044 79.19679897805388 33.6228158379918 21.458807180147602 115.339066617426 27.057788792873385 59.74975423860699 115.65779659142778 72.28795160197313 110.32396452442985 59.83001587418758 92.90935413149789 79.10841830909271 95.87540649868407 85.06492492952222 33.5224937051009 35.294307976846724 76.9746611016398 73.32325840790091 59.752966774156974 61.485478696472654 71.86608855044251 43.91559374720708 69.11040972538517 31.900243526721276 56.955889294317686 32.07642400601223 57.41196687628195 93.87495828599033 67.7042823091587 121.13588631564005 17.141819481281864 29.39782898510773 93.33237738932432 91.77289467940386 39.87628093735345 40.662045336725505 67.04665830228272 113.64237622237542 62.278259409189374 73.49830046977698 29.71184049742394 64.06314351090776 97.37500865805023 30.36086288961762 93.94404191312435 66.41732182747434 38.72722349171908 97.17547530158292 113.23705617077917 111.80953603835043 74.06211578102351 52.29296336691142 67.71347103274738 76.55369651006099 32.74338828190195 69.92510701100707 112.27428305987655 72.48032977996482 117.05863437793482 63.258831111091055 92.67236562140029 80.54886386910698 103.84974260177702 102.72056772146423 87.57025570974947 42.839254947307005 70.5015024301733 55.77291326471469 86.84018643417636 55.89849284137113 27.146979133774636 14.206644308205895 76.82389150325386 33.4977504188905 82.74531495129567 69.34552944629421 65.86708433804002 77.59458870672884 153.76651670798097 120.78995976479273 89.82451652856346 63.86571719498929 51.19934151762008 146.67817487108667 111.71692580872558 77.32435123884736 44.82898985408521 23.925313437864432 144.69983288571174 109.13143410495637 73.57655172016152 38.07307180732133 4.221304450252395 148.0366119935515 113.4779372167668 79.8237886075201 48.97574368863967 30.94512824886651 156.3483989244078 124.02956559273767 94.09561677845095 69.69058557751093 58.23839805105223
65.81062355788436 108.70457267349182 15.86297750390637 42.31680867849341 92.81646785630812 80.0780420987495 15.38761347900595 0.0 47.91588794246134 50.10446461271275 59.50425508234263 58.48095355003549 6.474244848403672 49.09698457154321 85.89612536718586 21.043207790640402 64.75584028585763 71.30511507256485 18.807319777788013 83.08322767580957 94.87587636849831 91.30625857103576 66.02869059612634 24.301674693751636 17.260838413825347 100.00454443673054 12.342387030667398 44.96689412104219 100.30332678946708 57.20167273046799 94.93925645083296 44.81661672425885 78.28196471038208 63.809636814000484 80.54322190105515 69.8107056685768 19.501284753104496 20.002906708942188 61.58719938066197 62.26989163828719 44.91971825848101 47.29053134706368 56.9351051649375 40.56599775315626 53.93557780864093 19.119962716904126 43.26522059283591 18.197178113734314 44.07654741137251 78.5292850351067 52.3201657835332 105.76421641796684 16.77111776732075 27.310635058872723 85.21711718293376 76.42261968744162 24.964936633499406 25.614524212531606 51.940256458994234 98.32978902757763 50.01448208119827 58.11839956394122 20.111990402962757 50.73170165241508 83.80102754886533 20.54875332103732 78.95749628857999 51.03195468465068 25.022094648414004 81.83733169211602 97.85205881678397 96.54600092016183 60.92548338203468 38.29601714588603 52.64035781193731 61.76749076259831 17.953987756720352 57.30376905725113 96.90896815704481 57.10624070309369 101.7064497116453 47.87407974644676 77.30460872967991 65.20235655339275 88.50925536672219 87.36279128544133 72.55327300402388 28.719576248117093 55.195935533915225 42.31232562764922 78.24765383327683 41.89431745544697 18.53577238173253 3.2622951089051417 62.16613423898789 21.831183570504063 68.30491747776772 54.05151966321066 52.723384082669924 62.96826789950145 138.48243815596447 105.78263586391442 75.72786979213352 53.02469536893885 49.20051035121649 131.33683589412695 96.33350467496503 61.992953915743776 30.63186412626636 23.784415425983788 129.9268422600957 94.42055526491356 59.006000729925994 24.091179642243816 14.535188330739498 134.4331294163062 100.4752621063963 68.19440105374414 41.68765291058355 36.843323769847366 144.30226077278306 113.22626829460191 85.72843167607417 66.41288252754268 63.278027293668224
27.799137441256033 60.788715475940954 55.55585651224274 22.88342958990356 78.8845945286338 34.618407609292895 63.19363611085632 47.91588794246134 0.0 10.843428087897179 30.710006334776345 21.237282616121643 42.73802407192003 16.880234839795012 46.38911060181858 44.4955518510077 17.356506036109696 25.528170050280053 34.41716136094498 35.93879208991799 50.024087595851924 43.43069804867606 31.574459277864346 40.74089006954114 55.2013144821345 52.19515857328247 36.34051343672311 9.200334814160499 52.59226333895074 20.945515829548008 48.218456370625724 6.303263551222643 42.16227268669083 21.299496366396344 32.74552238884049 27.301452564630864 31.243401220982506 27.915204866757325 15.703902810567012 40.81232896847229 8.60818768261135 15.069056280885638 11.529120652508897 57.156665786010954 17.566511495837684 34.68076268941232 19.212749374029148 36.61640782685715 21.584620577375425 30.80990034864093 9.206773024609804 58.19150409564811 58.88176995032962 55.24628061721903 69.474872125583 28.744909050908344 23.771878855861686 22.752915235196767 5.683487257583002 50.45928175108124 28.964147663163505 11.529120652508897 41.38069287247886 22.50696442765007 43.64661654116204 40.77204370398371 31.803495393329452 6.607804811076271 27.799670198117234 36.71534756455243 51.081284940252445 48.63012972021764 28.4611102895449 18.393662619430394 6.631014265016668 27.973792480984855 30.79506045474628 29.709241760995404 49.29108452230081 13.322225458141501 53.97907026534399 7.634595211343692 31.64310193610938 21.15701656180932 43.08552065873882 39.70486873404785 25.3964986327369 23.498306908716803 7.356651478138212 20.8816910127961 62.27724769989529 17.158537658861334 43.846204234966116 49.85337287664579 29.709241760995315 35.83807348897354 24.96053409095356 14.663702649210643 24.42871056568001 19.09981765121774 92.99143205906618 63.68419667103969 44.677953040233 49.686358126501304 73.98324805983857 83.53665315822364 49.01402308927034 18.936276373757895 29.10320826818132 62.19016775315198 83.00265103926523 48.10696780716077 16.472052021014054 27.57869681767574 61.498361057177846 91.5456959881117 61.574341997685714 41.645675297409795 47.00534533662084 72.22755879859433 107.01313475063257 82.66588276066513 68.90283307064496 72.06710559481007 90.39828584179786
37.31359729951745 60.760514559123585 60.27132935086396 15.053383286065612 68.0820592263356 29.980330088023578 64.75562060648066 50.10446461271275 10.843428087897179 0.0 19.867299450276807 31.418936255120503 44.17108832726421 6.607804811076354 38.136765089925504 41.92117090047504 16.72441047036976 21.348418144372072 33.63954072772663 39.362402312365894 55.23325859748471 43.13142761221114 21.3078513515337 37.44872985227028 60.2471264955111 53.29805510116089 37.82745262875355 5.320622837607743 54.06259434552424 31.31613125124007 51.70204575682642 7.05709573121228 51.339696660954345 29.89536604242008 34.666861240815706 35.285637898527725 31.30368814933646 30.796118013264465 22.944893170372886 30.066131842790707 5.571765727543231 5.639606278975915 8.044283615773628 51.03466760516861 28.156265939852933 33.7143832361526 11.361224857050722 42.3489939452499 13.145484684713528 33.183419958910434 19.40715961985801 59.915446798202105 63.26084058840784 51.741617532563595 58.66518621002477 31.418283924684435 25.1751793984446 24.693446833968267 7.206314099154764 51.263853442911156 18.99929749333231 18.920463574244692 39.15566221832406 12.072229054885582 35.59981995111853 38.47157770371083 29.593185862343333 16.890025964661042 26.502231685950427 42.36797325050636 54.397819395834226 48.839652125029126 17.76625208432305 13.52915881320437 6.874424266991181 38.279437916874365 32.15992814148789 18.893026750731877 51.13446159014334 22.467926985277998 55.35907763389804 18.47787307701961 37.18212866085727 28.961639553239586 48.139202878452416 41.78919878401506 23.451928202637333 22.129743248947438 13.473383981486132 13.253643261320004 51.5021217662904 10.51134639588924 41.90106665537193 52.54944662680134 40.10386864767027 33.70682631242654 18.316399811550472 25.034758758814117 13.779289390206323 12.864712241690066 96.74213166299225 70.06573002962556 54.694822254699275 60.049905999168175 82.17426246292574 84.17022323234052 51.538618843821084 27.568620733829263 37.36342235071915 67.55900142851098 79.94500147578752 44.3772629188578 8.926961700658511 26.87472426038499 62.42613187415491 85.31594040303484 53.37211142604765 30.830954904521363 39.80836839087936 68.92791538135609 98.72889874988398 72.75920339307086 58.073665075874175 63.11372386819873 84.41727532609796
55.933882495562656 65.2776406068669 72.61491801642295 17.311625869630635 48.37753796875065 30.718712469349967 72.14889826449324 59.50425508234263 30.710006334776345 19.867299450276807 0.0 50.73861179780575 53.04444083735349 14.616944947535439 27.769433279302216 44.53821010764029 29.002879793463414 26.361557638594125 40.790526323120446 51.1044281693444 68.11135836715512 48.97461170943966 8.047257864653647 39.52155395278648 73.04796500440683 60.28431107546164 47.57910272654774 23.190194323278707 61.56469743537977 50.78863248481086 62.40272098824469 26.088095862126412 69.30979001318916 47.97251312297667 45.06144732226754 52.52405881281171 40.18071193900312 43.40773339786453 40.51438828142896 11.016443304652592 23.765119129753064 16.931185109466078 23.35529431898505 45.01699382533071 47.824858158436406 40.55668365551667 17.465190270674707 57.02428747657561 15.870572345101861 44.40701891361117 38.973195233054874 67.37876144481663 74.99087221858719 51.27445610841535 38.948352397340265 43.30752070387579 37.19170774359588 37.4366446029882 26.38262130742175 57.95938912266418 10.036546494164275 37.07408216647715 42.86300692670121 9.867392717396765 26.348346147029652 42.166992458368064 34.9342395895225 36.55318986289904 34.61877643259003 56.613357526924155 64.665699102874 54.82007634833508 4.231856704668615 22.722422333162033 25.711946865285924 57.62381560433156 42.65343084870092 2.223874090399356 59.463901218170676 41.344509744290775 62.61321301451335 38.34366894518059 51.71445951695679 46.43079155549161 61.23116777237581 51.430067369670624 31.1887388481296 31.590595575640155 31.951287749329886 17.756674091317397 31.94028845406475 19.732680977042264 45.65177912410997 62.49350372828137 59.51720284834041 38.65118188469213 20.233685518286393 44.586382200567634 7.517948790717105 20.08694668096932 105.93490638155373 83.97784615573597 73.58295935994265 79.42747749682373 98.66658737381064 88.55378065341907 60.85805499637112 45.80176345277878 54.991527538574445 80.51398980594726 77.74366714228434 43.85144823774831 18.276371755278166 35.739425524204 68.94049484357197 76.34935087827184 41.35359510008534 11.100683510404181 32.68852122161739 67.42449527772561 84.83643696667517 55.364482302302385 38.28069729851125 48.96711848627499 76.56583194801946
7.583091771740929 57.34708301761803 60.78613923112939 43.99472314683396 99.10337353006778 43.38003745497123 73.59426989998313 58.48095355003549 21.237282616121643 31.418936255120503 50.73861179780575 0.0 54.97892324950655 37.865671664856336 59.764533570127064 61.43463257720223 26.72111630678718 35.88533414965567 50.32847207757586 29.434743056875742 37.05383547795194 42.79925553959838 49.758769184015655 58.58453757137714 59.768775354636304 47.458976289293076 49.282449768633384 30.416173750755515 47.06855258408204 1.4226131961577468 39.14210630231143 27.40635519959639 21.731708350996396 7.772565962805127 30.359256898798176 12.108460154325716 46.6440329021202 40.39202308541068 12.80941103537925 61.35590875490826 29.812283206014296 36.22333348561464 27.890133760426398 76.76909419560532 4.736838192618424 50.7622468291587 40.3908775296835 42.23483672832636 42.795625634314355 28.174521090885293 12.081270074923383 51.52735227217909 64.5116912041769 72.61194534459018 89.67501769865159 26.30601316792132 39.020644886162145 37.641503379622215 24.423537371463865 46.54909118079085 50.1315133538865 14.426586368613615 58.170564208973474 43.45356061900848 56.86769984404276 57.67999477324393 37.26854409685679 14.671883761301793 45.01880660775669 24.903654170023405 41.97181158121287 46.15734352701425 47.797204261395706 38.89515832948094 25.04157058831012 6.886444158677619 44.73182916166746 50.08306980960011 43.45626689605598 9.632659311320998 48.46700816213942 14.612381636302585 21.568871878730175 10.519171553828317 31.39835874807447 35.099179387800916 32.543122887489716 41.39165516480034 18.90743472175229 41.99602879879206 82.66380069443241 38.21419292181476 60.17694333474985 59.40015062398514 8.792537786245573 52.96608760466278 38.75107583686184 6.612380462435404 45.193035584595435 34.085088439690125 80.41080706639569 47.34556010266661 23.44155681999565 37.27749277214039 69.00664247043694 77.25816537579806 41.82359082249094 7.862052101704611 30.110155415272423 65.44953427587234 83.98807925383254 53.142819973723505 33.56351515462115 44.28372343708256 72.99161013654964 98.59693921055805 73.93497582220202 61.18446635836811 67.47467113060925 88.84963483938795 118.19792665770345 98.36527104311622 88.9536437055595 93.1762974814464 109.46662321325438
62.455071802422516 103.43737617958692 21.502234385411413 35.884074771074005 86.9268327455075 74.14429709499113 20.637095456347804 6.474244848403672 42.73802407192003 44.17108832726421 53.04444083735349 54.97892324950655 0.0 42.85990643304284 79.53991324317626 16.038553756840795 59.24848482111037 65.46694224959883 12.334957626603458 78.33055064074215 90.77706093142687 85.94107168368933 59.62286067359386 18.557648236865507 22.6292185645933 94.93269654028356 6.431576937200137 39.12679721466081 95.30956166778367 53.7663151352989 90.35905365753133 39.200737485072786 75.4730766708834 59.7836629409151 75.47805598737641 65.90191663229078 13.17244946176632 15.064054911338598 56.995102523484846 55.84119458692428 39.12186289432673 41.116799644294055 51.22920052477531 36.32330438189401 50.32354288053997 12.656873751234414 36.92748919407791 17.88687303333781 37.67206472844024 73.51688122856488 47.854458743409715 100.85885255062067 22.906446963606907 24.26178637737384 79.16826872252364 71.43203358053863 19.245226403453792 20.07026827533597 46.43947023293209 93.18999227047603 43.540273901375066 53.34800335770272 14.482224695627611 44.33557970761771 77.47717529977712 14.811518406965511 73.30711898192371 46.36188913543061 18.63640656757293 77.60001877019494 93.26321076560656 91.28650240783693 54.51163799664559 32.03360503319545 47.094356239105835 58.83081177040167 12.108049118718556 50.841600593535325 91.97182839873777 52.73436316553768 96.70165779246426 43.41961163801104 72.91838558251708 60.9737816206988 84.2473198336386 82.39492661724502 66.93550790702119 22.473446655702368 50.07965935415258 35.925658832400075 72.12705050538949 35.641790568892446 13.463616829232464 9.596595904809629 59.41652852215946 15.500481972179923 62.262325667331254 50.09299786136786 46.30308386250678 57.02711930508507 134.35763081039622 102.30596672735999 73.57449327171976 53.77786399782108 53.88013193456856 126.27465442326198 91.54074789338677 57.847458252243676 29.071430208525975 29.60012516074264 124.09948385076997 88.545140374334 53.02841270882649 17.776217358231982 18.766617472726683 128.13346392791036 94.06456136578271 61.72753881199693 36.119615276850865 36.48498849300192 137.83228395623837 106.78647125764637 79.63102868635056 61.73321117663382 61.74962625854419
43.891168698216546 64.80289540833681 60.6549674742607 9.589885309566966 62.15413696892433 32.229747905006406 63.11150555001736 49.09698457154321 16.880234839795012 6.607804811076354 14.616944947535439 37.865671664856336 42.85990643304284 0.0 37.073052083560164 38.31505196705735 21.942850421325744 24.465973417522886 31.3963935933602 45.01544522918597 61.245168004614335 47.31374711592053 18.152507654206996 33.56171960949708 60.846211121874056 57.92788198858652 36.769372808736854 8.608187682611433 58.834097070501535 37.69777302263551 57.232079941776135 11.603383639192604 57.945433958584395 36.503070603074804 39.923439556543656 41.86387950627365 29.697187283374884 30.940471983248333 29.51793138219837 24.033436991789305 9.200334814160582 2.3537800305369805 13.631594575916086 45.444920959836836 34.42162673936412 31.353161799580427 6.522520532320008 43.767339350282974 7.418172296157272 38.624348031482484 25.800194665340413 64.7288437908738 63.38381813826397 47.428428639995026 52.772331755630766 36.99389709789537 24.85040519834412 24.740781749157453 13.812568609728757 55.79451903726118 12.394181874184921 25.521298338778518 35.8309901572693 5.626749334807379 34.82760774428208 35.12511660279775 33.2753738116216 23.237053016924772 24.384293963848542 48.56661793648327 59.84888301339642 53.147380709774254 13.631594575916022 10.832725801216895 13.466646505050907 44.69676186668127 31.300777637494214 13.219035619421975 56.087736419753064 29.045307016398404 60.079191846314494 24.41929717478753 43.399021258218525 35.54389968281306 54.15482521055306 46.9640313302357 27.601719183330037 20.389191348099946 20.07626171865462 8.213488301964132 45.5054159802236 7.221921912171118 38.656476207083074 51.799186314705835 46.48723196052605 30.643158627434737 20.005179208886947 31.400881424833226 7.6374457708125 15.755765833235579 102.13613956633948 76.31017326970102 61.211354338367975 64.82710138137071 84.79629747125759 88.33668120698306 56.741477306160036 34.17616902941051 40.60314144285231 68.27451166641136 82.18882158136194 46.702353361188734 11.80795642800406 25.0989336334967 60.43753563035605 85.36246175078074 52.03696085036199 25.712652618352426 33.86200683318086 64.53162248683564 96.9462817837787 69.28038499375432 52.27923843198326 56.556366849718735 78.71647429394814
61.86415837149952 46.21784616375194 97.71110576269352 43.84291565443207 53.00824298911955 18.41743418468936 99.30123409745939 85.89612536718586 46.38911060181858 38.136765089925504 27.769433279302216 59.764533570127064 79.53991324317626 37.073052083560164 0.0 72.23221405698364 33.07530009267513 23.932757198043884 67.58371399048467 44.801256115119244 60.42058695021344 34.73711973898866 20.163599272562134 67.21566560443146 97.86155733782151 45.096373816772875 73.64338898071881 43.34712352819916 46.85794806741775 60.46280376693482 52.13775341575505 45.06366777888392 71.77398069027169 53.79738289661777 38.53820031312841 55.568140591865046 66.39610594094354 67.98829857126069 47.01335338579676 32.00564074646338 43.677781637695816 39.133948538455584 34.947447812620375 71.63197899422393 58.920179872312396 67.43017317671536 42.632416016965536 80.3704722390877 41.924509021473426 39.33089937016291 50.956896190758584 51.76237793268817 100.45672999436066 78.9649028284552 45.205333009419896 39.60821260853033 61.922808508731926 61.78060494044115 40.7078198097706 42.79890776975271 37.78278980288432 45.731550106274604 70.42176689308141 35.256850834444556 2.8968484681562785 69.71788272741234 26.016624321216305 49.45245696816215 60.90405505508202 53.14382072158754 53.38745972106407 39.3300039164904 25.281931471565233 47.68696851726946 39.7606933444563 65.8853936111753 68.2881493090312 29.934308520401665 46.266832541582296 50.579010400305826 47.4023869893754 52.732539267772836 49.78368938490244 51.22721619671274 54.952642495134555 41.88684363716696 28.037280060817487 57.232235680718 42.90528000941004 43.627347612261254 41.45331400810299 44.137517719478545 73.23873774720097 88.70390851711996 67.88595185725191 65.92659076249755 21.691024978675838 55.528181024729946 33.44184730342187 27.376740524635554 89.58780834989771 76.34192001242819 78.50028983178139 95.01892265238352 120.11240245245084 67.44236025013012 48.81934776629446 52.4437820144491 75.16339949003779 105.26579581120131 51.62916545263975 22.763046358123827 30.049048009449184 61.805644933319115 96.27634007030242 48.758364579329644 15.253759791706273 24.903526431178463 59.497087653265964 94.82526361298224 60.69522563731599 39.07566539885911 43.6129267844806 69.35019599174852 101.2373178709516
68.99925425316422 102.6713288224499 36.90369867222674 29.269253280341648 72.16126179107017 70.51231517911896 28.962460395136606 21.043207790640402 44.4955518510077 41.92117090047504 44.53821010764029 61.43463257720223 16.038553756840795 38.31505196705735 72.23221405698364 0.0 58.50694697206024 62.69364230105473 11.281993704142762 80.11523918974335 94.49233774756593 85.04935472032399 52.10829732970249 5.017500001214686 38.24853702618732 95.12805977468173 16.23376445833935 37.91385182864925 95.8121196277223 60.44876651905277 92.4941502433463 39.2415307525902 82.99449425443252 64.57451637045618 76.13235578619826 70.81368378796397 15.045648285937242 22.74360042316705 60.09134810009915 44.545834634121036 38.16282822173047 37.306689612108855 49.86659593852075 20.473081781724606 56.71249759114763 10.777762542698714 31.793297571368356 32.25638700405129 31.451351179039385 74.43962385144623 51.87216128913798 101.61479939933932 37.626059971348596 11.202402776186828 64.91872018369814 72.50417213919654 22.43652604649801 23.838545358893747 46.4525354078291 93.1367284646448 34.503043808479894 55.99219651583902 3.2685414197484706 37.71976748294255 70.59649042536238 3.7717719043030407 71.3348826977327 49.784680278654804 16.764060693795543 81.1664902697891 95.31329391661995 90.75827536326562 47.049386836673946 28.393764550082476 46.837150403772746 66.5293872709741 17.90553249566491 42.33920700723653 92.75783525196289 56.77735913937706 97.13624325376391 47.778222450988416 76.12783749950027 65.09693758405915 87.5781804456146 83.26194059165556 65.33498386414169 20.997266483491437 51.57235275050239 30.18979857108095 58.19700502273524 31.634901375383567 2.5750539588553014 24.235488591941557 67.52393187411103 8.668812999433452 58.273658018666595 55.53786104299515 39.12680876187313 53.95223791073384 137.43077767959736 107.64654901301601 82.58607577355284 67.71454681018083 69.87259355803593 126.09064920248221 92.88494240772489 62.35826276938726 41.00820706097898 44.79925065208481 120.30935035180693 84.95023742531771 49.909460786445976 17.250336064140534 25.22701515580421 120.88740046069114 85.75926179335261 51.2615250471045 20.809673011387204 27.758721251467463 127.73846448458563 95.08905866780772 65.56610501226423 45.69540956361999 49.0856197406025
29.56855422371365 44.41247822019288 72.91089820564262 31.387869938806435 75.63267701857215 18.014626644361538 79.86232370055276 64.75584028585763 17.356506036109696 16.72441047036976 29.002879793463414 26.72111630678718 59.24848482111037 21.942850421325744 33.07530009267513 58.50694697206024 0.0 9.423361059988656 49.65572628969393 23.14113250988751 39.718679313924106 26.797065314141275 25.27469169142307 54.121050679208395 72.55510077313548 36.62380657845044 52.81738526509886 20.699104237464176 37.35038866537547 27.39028751527814 35.29312817453432 20.0735743481965 41.464041422976386 21.3031663557228 18.014626644361588 24.495603321929565 46.94151046273559 44.8123156789563 14.090166904695547 39.97068860861869 20.53734407596507 21.99386107901471 8.68290446624589 67.37678539708362 25.936018502620797 49.8005688772651 27.87073257748058 53.95375219578009 29.296979897620954 16.683379983200645 18.55397921898512 43.19488128342828 76.22429028885387 68.45758606549285 66.34220784221955 15.105619308870061 40.009129228121964 39.20159927564911 12.818862239513459 34.634554154707644 32.93882440536515 12.727905889586998 55.65671916681688 25.861107795250096 30.180124465993032 54.985076692956774 14.447114027071622 17.65025447359824 42.600212418196904 27.677417742856566 37.90691421123612 32.353776127694346 25.0933158883374 30.18124198157205 12.157073822453695 33.019973740775086 47.14906222818529 29.28172908205943 34.41094679275345 17.529888090873587 38.65625785234394 21.34169305107289 22.719831032035167 19.04922421436942 32.68560954515333 25.106546750726256 8.048529260631451 38.157341644492156 11.151131345497532 29.74365344014578 59.912689347936244 27.23334391976522 58.35268991491292 66.86571683858688 35.02804378151419 50.14603814602981 12.27272148487033 22.59385247135687 26.438545975322235 9.046064866280927 80.2106566558419 55.2640346066885 46.97492384936979 62.380600273427426 90.04554947201352 67.66463982842942 34.876139831037655 19.656819690982076 45.70163865464282 79.51787708094352 65.65564574769884 30.838752725429725 11.117678674168639 42.75963221178947 77.88054168395956 75.03496256491998 47.520303104955545 37.660258861831224 55.77269294571334 85.64504509507724 92.39682981784695 71.67790814703854 65.34824984883537 77.04017060633541 100.6583573337641
