0.0 79.99719296604819 9.547716220682002 67.890831587889 80.04709158306146 53.362642679919055 32.19895147892227 34.952886545732 30.26707867794567 77.16077178720268 15.65642293308118 62.84793437150508 25.174532392110017 35.24162514235877 37.78173290784889 25.312333000372533 42.91258608420376 29.58165389336454 27.709331873225892 44.457534532721716 63.98822131990146 27.92180429056341 42.77875027009509 41.138225888662404 69.81260937274979 36.46820660016829 21.474026975260312 58.17489080486166 15.437488877664146 69.49324091503286 33.042293862141854 21.883459941107983 50.5375489151631 53.42619394984796 45.24522748783792 17.515213801312015 13.050614473287657 40.88986357546131 27.050650026666734 22.269704843721986 76.11238884350992 31.125363501446703 61.71092216259124 42.14565539821805 21.883459941107983 50.51822939847452 73.22235977016982 48.619835883163496 48.220626609262375 53.56642152160077 43.596760544058604 66.40412230762439 15.732045032055442 11.38638209734826 49.30185758017816 56.22452969761117 28.058342100783822 45.527904960120885 23.874265387698856 51.629704873445036 12.650211339228042 30.9898411160285 33.042293862141854 22.608536668187032 36.538388869607125 43.46350407236281 42.15285790412156 17.08147054526708 24.25645523116763 56.822791944388584 59.72501244899733 22.678396627814234 14.523901349221772 45.912419368027265 69.5085289268247 43.102637530944975 35.846982541133315 29.015022899444396 17.782664951967593 61.91214850921621 25.49936204037641 28.950762888509846 41.486441720241714 47.61222249384311 47.04434236765374 21.091308443982143 16.07536951106221 53.817480169735006 30.298055984364467 59.01347479494484 71.97576885914164 60.80181711570623 50.097732457481946 46.35235651597243 46.40419440445063 46.3402540284464 76.66063714534847 19.09009894364753 39.07948484350246 28.871447075030307 117.2416039279454 85.03491810071738 56.995216325991215 42.40454994469538 53.66573220244954 110.1093834414832 74.99810870652125 40.71317751320636 14.920317122646503 36.33008985778077 109.86842340744148 74.64724021840892 40.06941575265538 13.08102755041111 35.621286912742015 116.56148216525844 84.1036430721822 55.6097421788886 40.54184341475026 52.22083593059437 129.11435310925773 100.63929468592156 78.21850046887349 68.11838756743164 75.45999180920668
79.99719296604819 0.0 74.17891116370545 40.38951005689855 5.299845458626181 65.62923167323163 87.1009399599485 58.24824772151893 53.64284552087393 90.15591662448276 69.73452918630026 60.29382148387772 64.590475573823 48.801469460693404 62.452802602959764 61.3738403710497 72.02334875101377 50.41556679593019 77.99313852135168 69.88796263499435 47.125312475629286 90.59033380302229 80.2216724979498 90.46494044290391 84.17616166680278 90.17794894536391 94.26353856635437 27.49992565893359 66.2376793346868 87.54709561274106 55.991677409235365 72.29739232020964 62.30667829423974 44.67700126311562 70.48250648823881 75.41736562184755 70.48913520879934 40.03019264506991 59.67659925070693 67.78943259732719 69.52131921778785 50.87029606192453 73.5604243111142 88.90494154426214 72.29739232020964 62.93528915203954 24.833558193799846 37.87784627685324 89.48736349425461 34.75072162617464 40.011602213600916 13.655749106103269 83.12161440957873 69.04829432767234 31.82259014119481 62.807135642867884 87.65443755419233 64.80501758396339 72.70471704731752 37.32352993447529 67.35163650698577 61.58926358638575 55.991677409235365 62.5300081921208 60.85301523059599 36.67972085585534 78.89142689104555 63.40566750125831 70.11222095346857 82.00501161302061 46.74216191669464 58.007349634488534 73.07617547717236 74.24886225007536 82.9491033452145 76.9701050488912 88.19252392738875 51.22388249024715 70.81878944998637 67.5117332845822 59.36796491141083 79.42810949822743 68.84279954984927 39.72354599238809 76.10958952695199 73.61749159332986 65.1766356616555 32.43253696777767 49.831316321294864 49.220080900881655 72.65303408373589 76.4246644914972 81.74132645248152 87.03561551969297 40.020775307127415 61.01438870533424 48.515468014661344 69.21891164400363 93.08646269038682 53.18843368037503 123.80718126314109 110.28811649378329 107.38105997957085 115.88739509359513 133.64526752944874 100.20130140343474 83.2187586998612 79.6398383665304 91.0589203219142 113.01783550611012 79.63213483618236 57.1067498596085 52.08878567926819 68.53801164973879 95.98871402692802 65.04887171029029 34.22183332048181 25.359651860237292 51.45182125846071 84.75652057874792 60.91515915692653 25.599598143097523 11.499251738411614 46.274579538684776 81.74748429092487
9.547716220682002 74.17891116370545 0.0 66.89726751360149 73.72173691766379 56.489903090344086 25.901069293205484 36.32479879862089 28.998867745080485 82.30721903039723 6.20231341318305 64.83768259959182 27.60421830235945 33.34483541743553 40.41951631866543 26.38451127013708 33.722584906068256 24.52105981092612 34.15375545179317 48.601016379775075 63.997992968147834 23.546275629917595 48.82439153314 48.88357681111408 74.72676005347385 44.519074856164266 31.004027243821934 50.71720481935501 15.759450692128903 74.85867440943589 33.454626722008165 12.710344919868996 53.167806865647634 52.87842472650382 49.471959139837026 9.038497828060176 3.9847173012291757 36.77488360859051 27.747942802915574 12.722015358977037 78.73433983549059 28.597181552179627 65.68497291786316 49.59491073850364 12.710344919868996 53.25947534020528 65.29522097441513 46.114762619290914 55.318983667085256 51.01902757451251 40.63730955268059 60.52417697029787 11.448097948260973 6.5210411035666604 42.69073935138543 58.80762225276829 22.59857220593841 48.69300493031401 29.03820839977857 49.4276078185997 9.977641312578683 33.009454984669546 33.454626722008165 23.547223853494767 38.73306485883908 37.53767923767395 33.61168257370084 11.138812357423758 28.604094884666452 62.28903532777 59.683814720429694 20.004166271990666 5.189435279201609 50.777887538919124 74.28476743959509 48.57485748551676 43.649747452266794 23.086519286241177 21.993140096889025 65.00060599430029 25.614600571090936 21.085157423562624 45.509023534327795 45.43886038314046 52.17041846764036 12.148630774611561 15.661084417816328 50.765933199553864 24.564111156459557 59.36859321008015 75.24889218593384 65.23512453555475 55.94391659020522 53.23276439054283 44.10431302513895 48.77012075055388 76.5381395457081 9.542399910480821 47.333452343052784 26.67404544969124 122.94262756310818 91.868871280999 65.55184976838476 51.83007010624968 60.06515619566252 113.86631871443228 79.4406406899719 46.77917574626368 24.453347600369185 39.24079725891505 111.28235202651223 75.72666101994602 40.21819590291306 5.717530054964426 31.306353891292794 115.62695510715908 81.92104590310993 50.84007923538164 31.473170043297834 43.91580683443545 126.18627153387843 96.12674665944459 71.34330434895752 58.91962391980222 66.22172186481632
67.890831587889 40.38951005689855 66.89726751360149 0.0 44.9121603516738 29.240177360663353 89.22770474069823 34.13788441847435 37.99781427735441 49.99115870496813 65.59709043332289 20.830534801008756 43.958989664926996 33.57793396366188 34.51536588737788 42.781705485150084 82.74753573668508 44.88253629682345 52.357597572879186 37.05729278301606 7.7057599323464 89.46315284742379 47.91440573337678 59.583090511366095 44.494760345859824 61.16344652143869 73.24665643209039 48.474953494838694 52.561730806446825 48.12756100749919 35.0209968494565 72.11340538524404 27.391508634343126 14.55942408792586 37.26232793203608 72.71775154774402 64.65609973762473 33.525768124634546 40.955926725668505 67.71581701294178 29.238177052853516 38.44514361459154 34.73998975749178 57.450867767365345 72.11340538524404 27.958359941222287 57.903306437988974 22.05948415562138 55.84930264502968 18.05925977275923 27.74095732506758 36.29766412826429 78.23642387230385 60.39189744393631 41.986221302220535 25.41617039593715 87.5850827528696 32.012269965380455 49.770848194395086 18.504687384553698 57.14197774570835 38.486486822170534 35.0209968494565 45.35050831088392 34.311879421900564 39.70291320340223 87.86567782243873 56.49493244879702 47.6854435838106 44.95294795902367 9.980804692844082 46.90328926815105 68.72223967927111 40.622638148097636 43.23964627337297 44.47710489830136 59.2151502391392 47.67404642848809 51.985982731072156 28.41143704444449 42.39151700397666 81.91688906082801 37.50403438242117 22.086401096000696 42.03873535310885 72.9399380253054 52.12605123102948 20.023754055193926 46.239184111512635 12.139085896749965 32.31955630013274 37.965885233060455 46.787425316838515 53.81454811878881 23.50682900388304 28.47335115387554 11.323674741442192 67.28284967569897 63.38826998524982 40.23964485193011 84.02968880337161 70.5135828858546 73.58975854205194 91.60158389778825 117.89129823429914 62.490104884707684 42.963991606850314 48.15569723001263 72.96720503815557 104.21914449777636 48.417735018054266 17.316557333905997 28.065219430192204 61.70621699277647 96.74639620922184 48.77364404831786 18.279189331157333 28.663491607351148 61.97797446909455 96.9182617826654 63.31496760193763 44.144076006672634 49.201492597987226 73.65492111474013 104.69709182688241
80.04709158306146 5.299845458626181 73.72173691766379 44.9121603516738 0.0 69.16755961084792 85.16605485382324 60.41427654538452 54.96212641029738 94.39807063541264 68.97153856313307 64.41779051617387 66.12232087623833 50.322512634017656 64.95307844464831 62.75189335072246 69.2304710001082 50.57163168886777 79.85821115724148 72.85767425852302 51.392406560289764 89.02260836365296 82.96863594716774 92.88512218862273 88.23845054619676 92.33064915110329 95.25889662595263 25.066565302586323 66.83087385661496 91.51844616809073 57.864259108010025 70.94374242584011 65.69001638359644 48.10917582679295 73.49623981262093 74.3266505481865 69.93177092972813 41.05030223721197 61.13053257137693 66.53400585676103 74.13067261523008 51.91979918970332 77.44832502862873 91.42623062322345 70.94374242584011 66.31566416651313 20.073574348196512 40.335572001792194 92.3357070776763 37.69578203738058 41.810208356779505 14.090166904695547 82.16429449790881 68.90320532102994 31.03645335910368 66.53550492974692 85.99416458033434 67.86110008184924 74.32160952168961 40.19778895285585 67.4591989128029 63.52122031479373 57.864259108010025 63.69057607130195 63.22815725592423 36.58911310683643 76.20596407101262 63.199335606013506 71.72377251171183 85.48672407919427 50.718253058064434 58.55267273182005 72.25811521167076 77.26479985420491 87.02441979611997 79.78641636074401 90.36360200994335 51.06316203424043 71.95164034589406 71.50155979860489 60.614308688320264 77.57390853257603 71.63054902689973 42.211909179129165 79.16626791227988 72.29908014309312 65.72112498146191 35.17691829092811 49.75038874416468 53.15719509474659 77.03722536599402 80.21711419566986 84.8710592245945 89.84242931084064 42.34746074166753 64.11872387056195 53.4305790688483 68.17552002662292 95.30552961603392 54.18672562566143 128.6254439471056 114.32242566532922 110.12124441485113 117.11412902524404 133.5541434911735 105.2816553963064 87.52588235969131 82.27638812738581 91.70659106931943 112.17336799515938 84.91753147265031 61.83873487689874 54.49055970933533 68.16570289160612 94.10661501710055 70.17837724561906 39.49154382533645 26.950995113469634 49.24760851695831 81.58734248992772 65.0108359875035 29.454496726871106 6.398198132658872 41.79135654090587 77.3583156744361
53.362642679919055 65.62923167323163 56.489903090344086 29.240177360663353 69.16755961084792 0.0 82.1217628212524 21.122251949719583 31.57001558861899 29.320059616042418 57.99092008030728 11.558526354350581 28.89136724608894 30.89349401580867 16.096463131354763 30.456723139116715 82.80171441984649 43.51054440573641 29.29335171723563 10.241366888472282 21.63480044702983 79.93188939523945 19.78943030448749 31.54100150727523 21.712328613580496 34.14679626700006 50.795044981501704 63.09076286227723 40.786711127800785 23.902256246398004 25.069931011515404 66.0962544485308 4.242590518660949 21.071182404100398 9.908270864478455 64.66546037128875 55.93822181681238 38.63165785960529 29.50083483837518 62.73983664814275 22.840537849216677 34.81963321710158 10.454435637914298 29.211226946283148 66.0962544485308 3.79921576841125 76.6364701769072 31.048631967872893 26.774309050912805 31.978094529381046 33.25316563233722 57.103907529974876 67.51469492967848 50.49845900072389 53.229763265239974 4.244380026667406 79.08151861250963 7.849614320687321 30.038980198326822 29.77185889606373 46.89649149732807 23.611528804242226 25.069931011515404 33.19038373708798 17.9832695631221 47.608723271093595 85.92445220771181 49.22493776648788 29.170313738146135 16.388210527361377 19.850053839983282 39.76668951700928 60.223178044330886 12.263281893324365 20.77561309687486 16.560819196419267 32.383023216930304 46.55648706798592 35.58740485282072 8.558925415451275 31.936367035743693 76.13226438326913 12.49404519168029 29.341022483164075 13.249917753298957 66.38328585100864 41.074186220205696 34.78317166001494 45.75889104065817 17.37684976072348 18.76134778551921 11.943818195907951 17.565209486004257 24.913296194137118 29.984666256694513 8.36574717828374 31.180853239608513 60.9857638278859 35.802189519491655 34.97510178467527 69.7915558489914 46.4057730126839 44.365585471936086 65.69086301745182 95.88768793332787 57.422006349161734 24.38731494677984 20.601033727939377 52.78514179396049 87.63758862993467 57.576773140184436 24.746141166876402 21.020584640124493 52.94870379082404 87.73523959105384 70.17303069946468 46.97218204049978 44.95210055330779 66.08457167253702 96.15520626440035 90.137140564 73.32594248202923 71.83865128508046 86.46963653223958 111.0194240176313
32.19895147892227 87.1009399599485 25.901069293205484 89.22770474069823 85.16605485382324 82.1217628212524 0.0 61.486446883140474 52.768220746014805 108.19944218007284 24.381132221061325 89.87263969478579 53.334997565986015 56.19322124821403 66.02572886732399 51.72266954147578 20.977546508607215 44.37892633182535 59.554990188753706 74.48140527013624 87.49071156367599 7.428133320470096 74.46660930490907 73.32034575736935 100.62730111565956 68.58464719260574 50.90009345569948 60.12824552620431 41.364520700773184 100.72331293464808 58.17866600388112 17.115980916214603 78.63892254236137 76.1123521159293 75.35818215770296 17.4688584365779 26.20467384833219 56.36407404336649 52.866017078504115 21.561705012762662 104.01823499491002 51.21407506166333 91.50657312104431 74.3434797546106 17.115980916214603 78.77436667092901 71.24441163112324 67.34963504363083 80.38022999087552 71.91265149806893 61.62502809381721 74.12384613833896 16.553539322726504 31.626066424318747 55.99953799347409 84.20920149443498 4.812935543131692 74.38614313882634 54.82702780668617 70.88219029153258 35.22537980154257 58.5212591739085 58.17866600388112 48.9474159668571 64.20599654898609 53.40678240255566 15.471216796626251 33.5743457250901 54.49473319246813 88.12414476895292 83.22520496077973 43.54877181697854 21.904303169720947 76.67185900182685 100.18514529020172 74.38387905748382 68.02839819608768 41.71848240455914 47.86122218697667 90.57065761492552 50.54318800105747 7.752681743719723 71.38367005734231 67.15130268118325 78.04331872620035 16.36005175580843 41.047863304447304 70.9213430208671 43.21941766319903 83.28117700479251 100.84243238755832 91.12129461716853 81.67307705728167 78.45177215438389 65.73481961886846 74.20228627682633 99.6533987521805 22.050504540438006 71.08634273389957 49.82622834824183 148.77101757441542 117.161314869661 88.6164016818668 67.16468201142925 60.83960299391966 139.54370854290806 105.31629172053107 72.40707322611922 43.888898931827526 33.791639370345194 135.53313998243027 99.99361061953333 64.50133840626361 29.228984038826663 8.969655510700406 137.197794591689 102.21760488109094 67.86636805480103 35.99236498697365 22.743307172947386 144.34136327023964 111.53764094648162 81.11117361652673 57.004917035619776 49.52029474783382
34.952886545732 58.24824772151893 36.32479879862089 34.13788441847435 60.41427654538452 21.122251949719583 61.486446883140474 0.0 10.844523904854343 49.62656378891444 37.17060239191298 28.51473247739073 9.979830717582947 12.049836067066902 6.1469909856974425 9.9582923731014 61.74740467348401 23.059119047633004 20.052065856594723 16.51285422890489 29.302972853508916 59.865929981182994 23.882572172270834 32.59762128524511 41.84675518505971 31.940964012519654 39.47335891719044 47.66067975487161 20.627891344280258 43.15130633108451 4.230515378360922 45.14165976886935 17.30823605877325 19.675702138594858 17.444242273255238 44.02843916715003 35.30276317732993 21.85795486607017 8.626917649961637 41.66395116666714 42.535328816471356 14.571174801856031 31.267161755001375 31.33114833810134 45.14165976886935 17.523222273098117 62.72489747650431 20.46249865466645 33.37112407534274 24.410967302046224 18.80733578218222 46.6512635930655 47.661605294490556 30.037281264555425 37.02106265564857 22.763951196067858 58.72632488012717 14.00149538240273 15.971215010458046 21.846335198592637 26.43649922577826 4.349823232545332 4.230515378360922 12.803518765415477 3.7906206046338986 30.449930766700874 64.80287222638628 28.22105464950851 13.68264338221462 32.06033736215329 25.143534958224315 18.645975293013684 39.61491506076397 20.551298199981197 41.102137278475475 21.287725566227486 29.96344277185881 25.978177287582316 17.99731425892838 29.300338164337223 10.959026596026241 55.23196830301792 13.875090316032184 18.685348249455657 22.5336446877092 45.502835125893725 20.66568750045261 26.149788862688908 25.38942034157077 24.18307933794394 39.55159906245111 31.801135373565188 28.176503503977838 30.76672622580355 18.243711039024358 12.865117958074325 41.939548089444976 40.01470332367046 34.89258343958531 14.208112021475337 90.51084445630798 64.03477367204607 50.40684544668334 59.27399472760157 83.77422866235862 78.28371194092723 45.3434423772481 22.71379748108116 38.83305349295367 70.93867851350421 75.1505145907916 39.746928028831675 6.651853029413932 32.262771521642534 67.59982337492933 82.15851181223854 51.68994939507682 33.55396579814505 45.95730976140929 75.0364442615091 97.13671170168261 73.0209794626556 61.324704137231 68.71323343375056 90.63349698183066
30.26707867794567 53.64284552087393 28.998867745080485 37.99781427735441 54.96212641029738 31.57001558861899 52.768220746014805 10.844523904854343 0.0 60.406249818459166 28.459076124951952 37.48028589972015 11.338740791940708 5.16994547419197 16.92025747134688 7.796421196393861 51.2796257236126 12.217222046715163 25.635354866648417 27.27212997370619 35.05712358051822 52.058737590978744 33.52912805382807 40.547854811377896 52.63428786752788 38.78797174818704 40.73353499556617 38.89856421199332 14.832307911722278 53.99316112127381 6.630455528523175 35.91178758157865 27.537694694827874 23.880001954567224 28.21284372287938 35.56532990393377 27.09414336519904 14.048073764094468 6.290475600658143 32.037586054199636 51.852413722284496 4.010510592874581 41.88981509136627 39.72712874311548 35.91178758157865 27.843056978414964 54.40698573810674 18.546614213084233 42.778324774566684 23.44685015241273 14.133072725734706 40.87858659421988 40.41590588808786 22.477878249013457 28.20092941558897 32.65291268328341 50.50658339035591 24.78537718254112 19.577612132925527 21.39984842676708 19.154817792987565 10.87906185884741 6.630455528523175 8.998829308905856 14.573618775035774 21.353197237809404 54.70943859609458 19.215394456083285 17.006483241422686 42.82540129016245 30.746767628226213 9.246985775022527 31.322235789750245 31.149857199609198 51.86299242411051 31.346809904000647 36.951548849064494 15.140635483861637 17.244940822796725 39.401477030731485 5.751681944064979 46.03358450026025 24.497541818734422 17.4009497979482 33.09147274682194 36.46808557827881 14.243092983859219 24.032996151762855 14.55262357470256 30.59262325829273 49.52292133214365 42.58098073557176 38.57361491517958 40.179475396079646 16.25735697692925 23.205224343024987 47.54923175975448 30.813363210095698 41.94616281117795 3.407204828897228 101.22881195435096 74.77263923451802 58.87923873904149 62.24728026441293 82.55195343115683 88.0991414688528 55.933574170854726 32.06030622314052 38.20149571309361 66.50592333195502 82.79736845590203 47.233996710811546 11.785907644348919 24.061914811520268 59.592405736502975 86.7707336848616 53.83730865702149 28.283363146721996 35.12319328973915 64.80375013307288 98.90747460584005 71.62920377825077 54.87211086817737 58.50902225999595 79.79858543694586
77.16077178720268 90.15591662448276 82.30721903039723 49.99115870496813 94.39807063541264 29.320059616042418 108.19944218007284 49.62656378891444 60.406249818459166 0.0 84.89084692099593 30.054556593678146 55.44272794316151 60.1551061958216 43.815775205302636 57.9045820967792 111.17724364953621 72.53850893540026 49.676463745763044 34.07845899871711 43.0332525437933 104.94178454934412 34.719555703479706 41.37573105464947 7.784108830184839 46.273447885709984 67.58577616766561 91.71473129130773 67.28117805734908 7.84989518121989 53.78712518530779 93.19590396543781 33.559368665084726 48.164661003666545 33.15287159631399 91.0516432321381 82.52390319203705 67.873220953502 57.35509628881824 90.31426008804544 22.89972543126312 63.87753096116175 18.90224255485672 39.16746564116251 93.19590396543781 33.11123212836913 104.45173017351377 59.45420678199902 32.87156225610413 59.37173424435502 62.30939562350132 83.8405947480403 92.50192362510731 76.96078828395038 82.20265920118288 29.872205883547846 104.63522731110284 35.62903029504215 53.4843454064619 57.54975876645363 73.4863890287791 51.13995378243244 53.78712518530779 60.36303799899511 46.05714772791091 76.81259288500216 113.73937983173941 76.73312538959726 53.704983188085805 20.401204917175644 43.885657567749725 67.91420322055919 86.65342112552752 31.529426687906263 8.567307948942883 34.058993131337445 45.52362227703517 75.5304487692649 60.34380228584859 23.566953664247887 59.82585556359392 102.94653646256789 37.17725614949103 57.90031691312754 30.189023309268414 93.2769049133223 67.84158159326088 62.25880871709612 74.82882917195137 41.569490347528365 17.851299741094373 17.82689779722712 27.38801624119198 33.437351612083894 58.72589934726281 37.499561426211315 44.955167852546815 88.2060323807052 45.80113881827303 63.80196655160053 40.97669731835867 21.026526024646188 41.681431337079545 74.5973892836112 109.19890615380689 35.83762106229285 7.146716792772918 36.74270021706085 71.98045886464574 107.44559962254962 49.8976884399 35.287026098977485 50.326476697757805 79.70269411391821 112.71410642220606 72.76918557511381 63.43771060548624 72.70116391962168 95.28222653481605 124.11314796680652 98.49315660493055 91.58834492067976 98.02032727000064 115.58365279888275 140.1542494093725
15.65642293308118 69.73452918630026 6.20231341318305 65.59709043332289 68.97153856313307 57.99092008030728 24.381132221061325 37.17060239191298 28.459076124951952 84.89084692099593 0.0 65.49853661766568 29.50431074610089 32.159986750218756 41.93068736197295 27.534288222446275 28.558619993992885 21.495068084261153 38.122346190466246 50.872453977512215 63.383516230861645 23.86870903405316 52.28788530640891 53.43815255581468 77.20389822884933 49.31365889489319 37.01308339572805 45.398108242536885 17.611776756983176 77.63411340959202 33.80096231329235 8.33117784654971 54.401264214706615 52.06045764577059 51.78087232227384 7.140002991988909 2.860284214583832 33.9210415538355 28.573804334169992 6.821578375030554 79.67692330433135 27.208280974342234 67.62259424686734 53.948256691545645 8.33117784654971 54.562426324841034 59.651532785169955 44.13098169605231 59.391093824716435 48.91355030734764 38.47610835258157 56.121756345748764 13.592154166549092 8.102208445891 37.9840312361085 59.92680618395426 22.08515724223214 50.34569866715803 32.44083990919022 47.58033397665338 11.419827234424865 34.391540641159224 33.80096231329235 24.827772805269436 40.016535523163284 33.38570065201698 29.36240848885397 9.246985775022527 31.566252529642906 65.22967957137645 59.0913948951842 19.21534346221281 3.3992336831659893 53.469001527264986 76.67397764928724 51.68102001704054 48.2908118153698 19.45228919436089 25.2668593082033 66.37123396717706 26.212574487218205 18.158178619179605 47.762690089444135 43.69226018954412 55.006629800963026 8.415301681713595 17.077188504856977 48.329041051806165 21.000164257150853 59.038447640529526 76.64423396187784 67.47549933403252 59.1945061226785 57.180551466228856 42.303356671064684 49.95459973422241 75.7128976680673 3.7636617428115406 52.24194952532627 25.63727630499678 125.75429169708268 95.56434964130673 70.5910016438486 58.01530535319611 65.42632000885905 115.37884481190852 81.57379207232592 50.28400653250731 30.57566206331272 43.28340266549534 111.25631909922981 75.68876079198206 40.14747032678255 5.202031310738435 31.217203247282985 114.06694138980957 79.7252317104103 47.25628144782408 25.345567927033148 39.79745724647339 123.33749456947045 92.39166608743253 66.27560678699318 52.73372589466423 60.83904452381374
62.84793437150508 60.29382148387772 64.83768259959182 20.830534801008756 64.41779051617387 11.558526354350581 89.87263969478579 28.51473247739073 37.48028589972015 30.054556593678146 65.49853661766568 0.0 37.7462999039475 35.28139744705676 25.09366591559612 38.45672733695049 88.23768723995624 48.36531917059555 40.4324511404234 21.690635129085187 13.329407667172188 88.38045282792979 31.239263885509246 42.912755492335414 23.89554932714636 45.68077371348026 62.04775156675123 62.640038304691515 49.11619272390794 27.387648232344592 31.698885085530573 73.26646707930462 12.66961859272754 18.871059157455498 21.4330761196469 72.45127385892096 63.75018524128745 40.72145280213219 37.12102096669172 69.50337936212681 14.430653801893452 39.93957874770183 13.957073100025747 40.53608617349684 73.26646707930462 12.871762560468598 74.68575227441676 30.726281265395833 37.50403438242109 29.81335277928006 34.64446170126375 53.83746472992859 76.15081910674466 58.54191923450224 53.804977400766255 7.436536938487895 87.21776030179201 18.195978847551086 40.39122578116225 28.290400787859202 54.94593800125952 32.01496687405112 31.698885085530573 41.29873972434356 26.34839221627822 49.215557155774746 92.075466898797 56.38017974005107 39.142757903485524 24.841186356602414 13.838994012766362 46.48606911982321 68.0615675525284 23.750054426043658 22.66151232068119 28.080901879859557 43.93228357840806 51.470832281853234 45.166684878409555 7.607352926573321 39.36799440163115 83.39488237232248 23.596186767972576 29.44260621646339 24.543507262873483 73.73102995345602 49.180194107097236 32.68151104430891 50.40447252795935 11.585708848247698 13.70266424128388 17.27261459808745 28.072546877076935 35.89295998976807 30.520209238666254 16.55289981225795 20.128127723409815 68.14098306856141 47.257222399811226 40.72174955121081 67.5738002160602 50.00884320007607 54.47671039610032 77.2444250902624 107.22803781000786 50.93230278823481 23.395158170218835 32.136731994899385 63.642814360909696 97.98085657383115 47.088149009271916 13.19376544224378 25.750087655429176 60.69817526306606 96.112849528678 58.61589115133661 37.16357920670331 43.11177814085837 69.7732332659396 102.03022893450331 79.0545215168251 64.56340696761048 67.96599700416292 87.19201259516151 114.53228563017669
25.174532392110017 64.590475573823 27.60421830235945 43.958989664926996 66.12232087623833 28.89136724608894 53.334997565986015 9.979830717582947 11.338740791940708 55.44272794316151 29.50431074610089 37.7462999039475 0.0 15.810598271446358 12.864571078566422 3.8155163109677845 56.16512547900596 21.203904369958412 14.390101761561 21.38094170368312 39.282182216936405 51.04875819561819 24.491604876521695 29.817648539083955 47.72836695228021 27.649948171807615 30.542694237803577 50.017181625853006 11.980668058041372 48.30841567651491 9.397071087648216 37.77818179759242 25.676030896902823 29.418661629492018 22.29703266459612 35.93108951900388 27.25713112370691 25.369287254957573 5.049487926267998 34.90236920054393 51.310599601609674 14.99595104792472 38.18800033684532 29.275484512724017 37.77818179759242 25.729564497780718 65.6039683601028 27.957709430031755 33.1276262388835 32.50397881529267 24.627501168631024 52.064042478528705 38.65618985727878 21.736715329652306 39.366828376232746 31.354051123325405 50.20142055135514 21.089037649258543 8.244898206955925 30.101654398597788 18.173918702227276 5.82626199415594 9.397071087648216 5.166261113886411 11.398097852427773 32.49578596308977 58.34254989595948 21.365405317548248 5.667752715714801 36.13045246065949 35.112518053930245 13.69108253958514 31.49033710689754 24.22094298019808 47.17907330159344 23.081275277539763 25.87601767048832 23.436352874447905 8.038870018979429 37.41723374564193 6.407041195744819 47.637091654417155 18.27361124651923 26.421995257160663 25.901490504184185 37.91499588075199 12.427154039558884 33.71332621742804 23.452153955018343 34.15741191798102 47.6526030246597 37.971194046723404 30.66347157768421 30.60232628469584 25.60169768354195 21.348396861619115 51.918541052084564 32.765936980779344 30.837251054072585 13.195828287649332 96.37115957112465 67.38784210414919 48.239076140488265 51.43016632639795 74.13016853976 86.2656793280666 52.0853680261866 22.72020146042837 29.184472001834283 60.98740129953028 84.70723449317907 49.486819659020064 15.961965455135129 24.34815473912453 58.848026423891 92.13066775945921 61.231654805138 39.27790404578022 43.224698154926635 68.74720287509503 106.67673642632569 81.3260246275701 66.18188775518118 68.39799742564297 86.65248776846805
35.24162514235877 48.801469460693404 33.34483541743553 33.57793396366188 50.322512634017656 30.89349401580867 56.19322124821403 12.049836067066902 5.16994547419197 60.1551061958216 32.159986750218756 35.28139744705676 15.810598271446358 0.0 18.067047409375167 12.610405502882479 52.956378700841746 13.084095377136707 29.69799748406488 28.28621941816112 31.297490315461953 55.980033532505146 35.86873105548237 43.90639758153861 52.45573609319652 42.587028387185654 45.76917062566451 35.71937106408035 19.847534263914778 54.17776680878483 8.258830087667572 39.14165801316128 26.692522853037136 19.926463230253557 29.189396733937137 39.29966000509714 31.095985393779582 10.035117902768706 10.877282872465436 34.992813996302594 49.709401222623406 4.9791461865507 41.346211446209 42.86478211888629 39.14165801316128 27.09505936215373 50.95904730770434 13.423518969738888 45.31716972065533 18.349969294849714 9.013333597172307 36.27999923853562 44.659456265033704 26.8592412344884 25.037752025647087 31.306173409757186 54.2338287247265 24.953672119563013 23.999484211016195 16.39503581837677 23.716948204552622 13.784600252828012 8.258830087667572 14.120936558191717 15.761705425761921 18.40709220376488 56.92841570281672 22.974471288132197 21.40175670872408 43.708500724508205 27.03694439927056 13.340693200532398 35.208234983489305 32.47827126925835 51.589118104610975 33.335041477567124 40.685880748474474 16.189980778062484 22.30222028558357 38.13893041606898 10.843327560933167 49.17842846811797 25.82838324719577 12.373399332413053 34.47892944249639 39.833169492405595 19.16827650553861 18.865927111485473 15.160632901358206 27.211406036981963 47.99230355300593 42.44723308445817 40.18006109559033 42.70851885364325 11.169256920370225 22.65850717688528 43.55370413795849 34.142716707776025 45.68752604975942 6.67080599762232 100.65409958195075 75.65507270827807 62.03438422298852 67.11908940380427 87.7143775865652 86.19558917923602 55.20492329257803 34.60744210622608 43.35843717863242 71.37521020560625 79.43160914209207 44.020938061997676 9.925511768423329 28.131813289148916 63.375802898779675 82.28252588726403 48.93394957726659 23.470188093429247 35.20467284755112 66.78389929203549 93.87627001253722 66.46520058843565 50.54355629266923 56.77885744503087 80.15725543629388
37.78173290784889 62.452802602959764 40.41951631866543 34.51536588737788 64.95307844464831 16.096463131354763 66.02572886732399 6.1469909856974425 16.92025747134688 43.815775205302636 41.93068736197295 25.09366591559612 12.864571078566422 18.067047409375167 0.0 14.412466507970128 67.38112054625184 29.13217568219368 17.861332428956416 10.370048968229389 28.608319688998005 63.9016232818919 18.313185280773933 28.015646936758746 36.03240333239572 28.120967215583768 38.89949700203962 53.44010202434165 24.69579492951457 37.16974895272731 10.358936198618496 50.08237673473154 12.818915436040365 20.826823135076715 11.304823800580737 48.57161662473235 39.847263297873354 27.654047393900075 13.616408145399792 46.84952423041356 38.457064805362336 20.706736404111684 25.79390698559426 26.477402315195455 50.08237673473154 12.864994888651045 68.31603504955001 24.627549048221127 27.829711193659403 27.908849070108037 23.986385512218003 51.443726652924205 51.519737112359884 34.40199590722238 42.866757878079355 18.504650472290578 63.001023117512176 8.430306432175065 15.804086134112326 25.297808411942253 30.800352007222145 7.541471421474027 10.358936198618496 17.108494277422043 2.3581145011332563 36.398278610764905 70.1663081266162 33.27838405711227 14.207171365156533 25.923075750294153 24.815932245665813 24.122310188915943 44.12876579713539 14.427524180546023 35.343899431956736 15.469775936896692 26.114539995983975 32.007221321717616 20.073031777255107 24.58202979951176 16.086530084141103 60.08409024351873 7.763013467848881 22.759451926075666 16.42044158272575 50.33455307432122 24.978840673477603 30.035906920399764 31.4714632855481 23.30487859599151 34.838686884187396 26.03149200857145 22.115299788501932 25.250697830890232 22.621337554930825 8.558730345891359 40.881996136318755 44.98858894674972 30.850737560831558 20.2373631221304 84.76833094657646 57.892934073340456 45.273415148338884 57.270767785461985 83.9188178284891 73.51802147802846 39.84470631714771 17.392714284016648 39.36517684604837 72.99953791147195 72.17199799751484 37.32755274403278 10.493037825878972 36.86556987017374 71.69550467736934 81.22422345666439 52.619764060152605 38.37297335956363 52.04143561290708 80.47557006924065 97.829200063773 75.5910219305744 66.25384952026425 74.81485364247405 96.62852499803354
25.312333000372533 61.3738403710497 26.38451127013708 42.781705485150084 62.75189335072246 30.456723139116715 51.72266954147578 9.9582923731014 7.796421196393861 57.9045820967792 27.534288222446275 38.45672733695049 3.8155163109677845 12.610405502882479 14.412466507970128 0.0 53.35526601876467 17.44536061719551 18.17586040683759 23.868569825353227 38.675890792456364 49.930436754529616 27.95400472220552 33.624012421026215 50.14427905980497 31.452284426027276 33.206577902909075 46.24123427589807 10.669598971178859 50.955362461903306 7.769889192575414 35.66991553168781 26.91640388775785 28.24157172846067 24.808403599281 34.25412888280605 25.518511814041208 21.829945937168482 1.8935382156295137 32.48573815274922 52.38447619852391 11.268351172615887 40.18052566852536 33.05034505908941 35.66991553168781 27.05477529413083 61.84564027690374 25.384298080580237 36.76407085953042 30.104207370108984 21.589263213611023 48.67098949244728 37.704372202585766 20.15872086809548 35.608376854376615 32.503069156267514 48.84818264197724 22.84072314966478 11.889647682412717 27.816258166436057 16.548948548744715 6.872962697397194 7.769889192575414 2.8452263923140793 12.490407417979668 28.736624035303606 55.86415685086501 18.896540591649266 9.370659609745648 39.0128103533608 34.41503333890019 10.3288355654618 29.819963222547216 27.07752580135945 49.526257155328715 26.323292728900363 29.68675184675696 19.766201036905773 9.853047344424906 38.85797841172361 2.5978771518120767 45.68013408604032 20.80794219175345 23.978716596053882 28.854466679721998 35.93041041703326 10.742293175904296 31.07300895946837 19.716308864298387 33.721600904762504 49.131973545951006 40.243320459591814 33.8582989513795 34.21716948858327 23.02903148564227 22.482489504034437 51.34833004138758 30.57771708300715 34.642807502571316 9.396713340086798 98.87938814822338 70.54609309033219 52.04351963883444 54.52030319062668 75.95102251434508 87.85682560072391 54.20186446831152 26.250011299100823 31.18468773213884 61.54760010801979 85.08453210503427 49.627787757024095 14.787408551120405 22.508398555895116 57.67840999312028 91.31718339946323 59.59869029920106 36.01899302022182 39.68526052521014 66.21676539673688 104.96242471377914 78.7720753730937 62.65064045133359 64.63202978917533 83.43637956857837
42.91258608420376 72.02334875101377 33.722584906068256 82.74753573668508 69.2304710001082 82.80171441984649 20.977546508607215 61.74740467348401 51.2796257236126 111.17724364953621 28.558619993992885 88.23768723995624 56.16512547900596 52.956378700841746 67.38112054625184 53.35526601876467 0.0 39.87297621540065 66.452082656455 77.21570863717945 82.82177099443479 27.88282897706823 80.10559942230769 81.9620147764665 103.39849616729694 77.87225708595597 64.18145235363883 44.53408047346762 45.07681750991893 104.30934838636009 57.731962302555765 21.049622033368568 78.81158563964635 71.65013909595777 78.15794655767729 25.514031221407556 31.399051115313792 49.38021544517822 53.82396991039167 21.938205981350205 102.6656038719772 48.37230338573465 93.01426785505917 82.40156984158448 21.049622033368568 79.1042754059013 52.996278695792235 60.908725293773614 87.672065152734 64.6955241232272 55.471759361578215 60.20874478521556 30.80257007907715 36.43738850881847 43.60691583777228 83.8991409900107 24.568697225603046 75.692491470136 60.47434281343937 64.4023327019213 39.28094828646352 60.047457588354725 57.731962302555765 51.06099449398413 65.18179717699364 43.46074866632938 7.14317835781404 34.902015635607626 59.26229093107836 92.28653455079875 78.84424198110503 43.264198384012204 28.539660827462423 80.35974985635507 102.72459290651344 79.12434106541855 76.83719651536592 36.76831322693536 53.36613898606895 90.67242933254147 51.35482114320261 16.6676306460253 74.16287949272943 61.29860495815745 82.06546128402405 21.834223860752264 44.23293858316617 62.96855754431989 37.87613103815584 79.53211623224789 100.74455826158321 93.412575103729 86.71265070348701 85.38283234443256 59.91217684656692 74.45071950581031 93.8874571138072 24.798530404485565 80.7951627233694 47.89335288699092 152.14500085085456 123.37332793445421 99.12583673414542 83.4443627749382 81.4375132320806 139.13953980133036 107.09083185432442 78.16158764722229 57.29026172092987 54.655897965622536 130.88786482742142 96.23564613033096 62.63516227881354 33.42491679129352 29.042797952850446 128.31092320537476 92.73437370676456 57.16507742700124 21.638831880852653 14.17190779627759 131.7422829950003 97.38366135495411 64.36861737059154 36.54111847766058 32.54813069263506
