0.0 31.68754570859046 47.251814921104014 67.07902771874654 36.04833461628166 40.38858042246511 36.97505754560337 23.926633701251067 46.21357783522992 69.22456705441402 10.545436555613863 94.70656493093095 47.05300373822859 38.430776672789705 21.619244948026395 26.15230235669243 44.11864868444589 40.634603386971605 6.558565715304811 49.544292343190854 47.56809416087169 33.977713021273516 22.901318019336962 65.92727538573703 7.352683004026359 41.904126290151915 16.047364257461677 41.72333674423127 52.69591993899623 52.02445724882531 9.439781445172896 11.647143254926167 27.17038086438613 75.94488100339142 84.63329014160176 44.68022381655872 51.33905908909218 23.706977709064372 8.935832673248452 19.79759896740877 55.5014237326003 60.512743186407675 28.861933276676638 3.610115985101379 58.65453704376622 29.383580601234794 40.380585453822036 81.065239613064 65.43886953700334 36.86587644638118 26.96389738604557 36.75150251406215 37.34646861448622 78.85372393265328 43.32020168999931 49.43346151345518 31.280918419870567 43.093239019223496 36.32618767824314 68.1205230229886 9.57294573884902 90.00736757023674 42.63723725388659 36.28198686821018 11.867663520822983 34.59988880044994 34.95133294915603 21.911585954526135 27.71532530157936 47.380856916086046 46.74355696570635 26.501591677246605 21.348255395783276 69.8257916962808 23.262418093181275 38.34696182806936 60.700335748576606 12.849867974151124 27.663773817879644 54.376546487527335 44.33720251373122 30.47939473287839 34.12619093720768 81.31175787688139 68.95461789324746 48.78236606036958 46.60507192067971 56.24104518725342 8.417311186694157 18.87207140641654 33.20751127316943 64.04508222606106 29.502466682245533 30.259906674447468 58.43550937724377 42.216441364535825 60.983358632583716 86.15006432181607 76.66884502233441 6.545535385449719 132.29286114233904 103.46810640802164 80.26213891970686 68.63298634198539 74.23662610919544 120.00620924592356 87.37839706183804 58.31513341338223 41.21288384463185 50.284443946286366 113.43932146145691 78.20765120814217 43.54998488629203 14.455901289508365 32.458471976384615 113.5889803260658 78.42252836769454 43.931039100518944 15.555904805025179 32.9581991196182 120.43014041176572 87.95425571186549 59.16635797722052 42.397395869399986 51.250315892650164
31.68754570859046 0.0 17.78266495196618 35.39556789583666 48.116128501897286 8.923081576307952 59.90678155424311 37.071309742975075 15.137509891486989 37.72641314987534 36.33452655869477 63.92979966460398 19.69881371314007 23.758920096529607 17.116753926216045 8.854210115162537 27.261716366097847 11.534477680548004 34.21537293371276 17.933529668445622 16.006711462728624 4.945570716251175 10.054406487659037 34.803827197956764 24.995324697632416 49.61214555383168 41.37158629861697 50.05643861766354 31.560285156111615 22.64509646504474 22.29720282778959 40.360401761559714 5.430191423196801 44.29920447186091 52.98232005162781 64.80280616633297 19.824121419363422 27.687314655604972 29.47197972200603 40.92774265485197 24.55796292256901 38.4813328158435 2.8389907775098155 34.2890327693843 60.48076641191063 5.6645134693419354 11.652523445473683 49.51962461845921 38.7798466949694 50.07311899743116 36.80475324472868 6.432185717477558 5.680135361800753 47.55727073063999 59.16298565512585 18.1822288121067 47.14663492774628 14.032445386151478 5.797473596210168 37.27911929642158 38.41627916381388 58.611158245309994 10.960587700617658 21.038596102066162 25.13448924691608 15.657699171495768 14.122670264594282 16.407424682942267 4.019181809870588 17.174279373120147 15.550669469527472 15.626397818327982 19.808734601139825 41.31105265410925 13.572177612653856 47.70796186785425 37.51057792434078 26.72703341277009 47.743016667873476 24.909816860774807 55.72867666919787 5.286623403160182 14.22118269911857 49.74028036234477 39.44278776901276 66.71616294712933 21.759763679612018 25.05749644300328 23.6362821656045 19.92631533435441 1.553637590040723 41.982273401325706 7.014923432120092 3.8133777744231936 55.078743331075046 44.134865618037196 31.490311764590263 55.61630705192802 46.03115366290504 31.858632063854586 100.71028975491218 72.04396487169554 52.63328018658868 53.68752546038643 74.34108887389093 89.91909213213358 56.1480723721847 27.422064446832955 29.724298012816742 59.559204599996804 87.21397045301052 51.74897707679934 16.78830055147099 20.443773206715743 55.5541097584847 93.30107274759551 61.371098033530025 36.877110378822316 38.54372795343509 64.37006103603296 106.68561951058777 80.1118545191404 63.13581219830829 63.925629089930275 81.96935434800908
47.251814921104014 17.78266495196618 0.0 23.104178258887586 65.58644988671905 13.91726771364471 77.65408218257978 54.827214912863425 15.573997523992213 27.955982621263505 53.3991239060558 47.48694047190395 4.617062075861951 20.670900330919952 34.8763880784289 21.108898525438995 20.090317073307702 6.672234607625244 48.21561721562921 9.036209448557544 12.97248316946838 13.744996874385427 24.38787815050489 27.327702272216545 40.00128647482971 66.5095302880109 58.69511516459124 67.02977650877926 18.768060927601553 23.514514802764115 38.36513980206894 57.11337506953514 20.53592959050433 32.68329701142055 39.159247060762866 82.56983701608871 8.783166510937352 34.8274240802844 46.603828436867246 58.59549713301315 20.37886983060093 23.63741737483791 20.00483879142936 50.30654528657606 57.72731488342335 17.976787437981827 6.875251682154758 35.042835633115715 39.67560785934329 67.59859162388886 54.416822727193335 11.398131038896306 14.027401095244786 32.19596648090211 76.75534004798803 6.313286097184151 64.87509620938332 20.318836245903732 17.30292016760802 30.431771377168612 55.071709495208445 43.389650540806976 11.533090665460444 19.518421003410857 42.52434259756526 16.082482822731794 14.584626085430637 34.165551548769436 21.421559949158418 2.0118658093032864 15.163468932071002 23.15791574634489 29.363371288713136 39.04032299069174 31.322418855637174 64.90240761090652 42.496458912153905 38.90747021695448 56.45539498524184 24.707059931753825 72.94180242908382 22.2711877386786 15.52002678177754 38.47307507563147 21.92479448298791 84.38207058766774 9.04113755709362 10.471104486919792 38.83963829343014 37.70441619122295 16.372023159313 26.721499843509644 17.75007024779957 17.479562479695698 50.016078820540734 60.270087032532764 29.26612878742998 38.90054173230082 29.452746273594585 45.7475860040452 85.88125911732767 60.735134044534355 50.339653743612864 62.54249245940386 88.43757334253608 72.8597324974618 40.51150362825639 22.494973188179728 43.62414809784592 76.36955782022211 69.47705358150189 34.120942157936 5.798864348579485 37.88436849596364 73.27369473113201 77.01414801403764 47.51793244023372 33.420303534166734 50.08060851619425 80.19604657454629 92.84843650602072 70.15885849223534 61.28484039839034 71.56487179949407 94.9703272762009
67.07902771874654 35.39556789583666 23.104178258887586 0.0 76.68099496771784 26.91701751655206 92.15991734026476 68.41750529405266 21.959494103060766 6.643244734946356 71.13515724294558 31.30386965771056 26.455490080530705 43.38863056127976 49.89627045177058 42.03061705946197 41.608313103660294 28.266918886334842 69.24153489955953 17.62081097104071 19.836094587368205 33.60937730609731 44.676375689588895 9.92079067642063 60.2664198239545 75.4216500495798 75.71092704606866 76.15056539806896 36.55111053042741 21.376069064765826 57.691392913238055 75.39511260766868 40.09752290785547 9.581691766267308 17.666138595417138 95.37907421428126 16.044978199842635 57.773601159742775 64.3158739827612 74.24543721037993 14.9374385596521 36.96782284486773 38.217260717167 69.6593525665863 78.64659387923838 38.34224264938564 28.75762596438164 14.720534409221926 28.5883799378589 78.87533623826955 66.86334366308854 30.768753536486088 29.760851286257534 14.240097148813472 88.05457825318898 18.364901840374763 77.68607163078491 27.055055189843475 31.264787666908347 12.319986429772657 73.53517304949996 24.150932153840134 24.47820581284024 42.52354038526771 59.73022832465354 39.13734147608325 37.550551454061605 49.238580918759006 39.38838600068378 21.86748704634263 21.292974716046146 45.67616972382628 51.722991985211365 24.04387263327727 46.62356857203619 74.89731106111026 35.880216568594285 60.7054931891745 79.39149617821623 20.16228277384334 82.59598840963262 37.466689302572654 38.4639131857423 15.369873634581472 18.10762235896763 95.96858862607436 30.354396694056305 12.668639403277698 58.94321990034044 53.23920086813214 33.87161687565247 38.307577145929585 38.68226455670725 37.10784386014663 69.9817585233549 67.60001292773089 18.57225232155521 24.58490726686134 16.469308311528977 66.81728383657375 65.45298756101467 37.71839296548638 33.06739570937778 57.41445857995719 89.61907917720973 57.92432818218303 22.417848523687468 13.494554200284497 48.927057721243486 84.48563123401122 63.37848200365131 34.028411408450104 28.83107631015425 55.1065015745762 88.17266836410643 79.17618780908151 58.213044321246656 55.14344573326619 72.28410579618927 99.70624633448118 100.5545156485061 84.82281872309059 82.52686310747607 94.64950233635312 116.78375763640254
36.04833461628166 48.116128501897286 65.58644988671905 76.68099496771784 0.0 52.768323376944295 19.543991705113275 12.788484374788812 55.51319023488134 75.59573507177754 26.188471774756444 107.87243638713012 67.81473917941582 67.0612011264051 31.28401091300752 49.41727948592463 72.18742826567443 59.636068667433165 42.34674865942191 62.622757450253786 58.33044998813228 52.846799918025866 46.15782867881627 70.86784264347104 39.37993151123474 7.4310349347135904 22.734804018651676 6.779835893032163 78.67147448099948 55.778755459844234 36.519708487774565 28.346262228169596 47.41851502689799 82.94529863340183 93.40777233518712 19.25245657311047 64.7557774587506 57.56021412948807 28.013159666699725 17.269634916545826 61.87874183987927 86.07884179562252 46.49711556660167 33.52633914965382 94.21983920171641 50.31331261971381 59.76861394485532 91.28139205312804 60.571117821439756 2.221097690566591 11.511287953942912 54.50603322076792 51.66719303169193 90.75735597866189 11.397530403091427 64.165381813491 6.163487332718708 49.88805096802978 48.62287043425535 71.64205037700059 29.171553910924295 100.7054685896684 55.6069114371135 64.31350708189416 28.597320980490206 60.29273315420888 59.58810775154626 31.96423788021933 45.126983844568095 64.60671720454322 56.22410712991081 54.315669339541806 52.02915416506279 67.2631884617542 34.697612245252365 3.962966995787077 52.14650372178506 47.2826370497596 63.0079846845449 57.54992522188352 8.46750784434214 43.321991847692665 59.15748602029949 86.88323367450748 86.25091373625094 19.29361242462041 69.58775057439982 70.444097259722 39.06454895916614 29.233642542691303 49.37709495803773 89.65815361673846 51.39416883101803 49.74786560202785 92.8943671082046 14.008273072108139 62.408295987459255 100.41871758955648 91.08145700760994 42.579484362844894 139.73453797303756 106.027991673716 74.09661540228667 47.65355486703869 39.79439221218232 134.50071275756775 99.09685010348228 63.891610823791545 29.60233828824056 14.236122925052618 134.95541977380273 99.70733475674349 64.82550184968959 31.54908214087995 17.90389024938509 141.04362766609862 107.73128048251428 76.49133802033984 51.26395322876099 44.01401050954615 152.08998898452307 121.71080129876695 95.01463429804987 75.98782461189086 71.08182208894037
40.38858042246511 8.923081576307952 13.91726771364471 26.91701751655206 52.768323376944295 0.0 66.38413371961934 42.8996841100735 6.308118169347974 28.867071699126107 44.25355590521273 56.49676983241206 17.60130050617649 27.838541978583144 23.44304879212752 17.161288827321055 29.823417753084648 10.446984862507508 43.12169455779813 10.133917382874568 7.181282589865649 9.485203971571151 18.90814970524273 25.88114009743849 33.84970265854738 53.11444957101107 48.96092923758995 53.68432088986913 31.524076516756686 14.543812569783912 30.954537606747902 48.4822870189863 14.215428071819412 35.56740860155898 44.57956291410185 70.51731719472542 12.237333418188953 35.57187070848408 37.41816644471662 47.875966075589 15.674726124522357 37.28346064667335 11.73445921939452 42.83105055823272 65.77671491478321 13.453169242863002 10.977093106786993 41.342510500693656 31.304057102996058 54.85844726738822 41.971694473887254 7.538142585858859 3.434462001650993 39.73967342538629 64.09256895207864 11.398124399904782 52.69523335442447 7.441239133020694 4.447102128752937 28.378403384052238 46.61815575867456 50.59989345295166 2.8452263923140793 25.519928544880145 32.86675236131682 20.21899160372187 18.36289993727225 22.753183774630607 12.72610806689561 12.434935318371387 6.6597364873592735 23.040516716199754 28.054505826483165 33.04922372771051 20.00874437908724 51.753292774751856 31.59202012860168 35.567415998752715 56.24729599124741 16.65031446051103 59.76707649773667 10.639838820333088 18.88582142327517 40.92858783289936 33.484478449983804 71.86597560949951 21.159252159105513 17.881816026452974 32.473243230152725 26.67648711108225 7.567761260177326 40.50001204863571 14.396110924664638 11.732154109249569 59.37281493987178 46.55558755757626 23.032990275447368 48.465165451828675 38.921465273048724 40.77415325242196 92.36634368811372 63.16984081991143 44.51391052329066 50.04717544147298 74.56623503835043 82.83830941166381 48.34053277504783 18.53738856575381 29.709737526057626 62.88011049638629 82.29967200160822 47.42041745139324 16.011366083671508 28.217717296717044 62.19584526287964 90.91038447099758 61.04179262538546 41.4690296036889 47.38605188639966 72.82426064213733 106.47293994167026 82.27354651331122 68.80044334156914 72.31998745923492 90.87890405220881
36.97505754560337 59.90678155424311 77.65408218257978 92.15991734026476 19.543991705113275 66.38413371961934 0.0 23.749305010890644 70.30711343871525 91.96804724873051 26.831327954526323 122.77731700350623 78.95503238673234 74.19214203160297 43.03905988137333 58.48792553934107 79.76809429239961 71.17390747334017 41.604096221213545 76.5163987931509 72.80092258498001 64.04457386631837 54.9416356068277 87.49674275311354 43.065619097456846 25.94861788112576 21.037197810716375 25.052696980252104 87.57917925674245 72.1957429186151 42.02994762429251 25.595490396426975 57.61916010774089 99.30912877860455 109.46572338638093 8.890025684483712 78.62060767466168 60.68046060152639 32.486731856997075 19.24472774928825 77.8326986375733 95.33948393060868 57.669022042184594 33.46086069314016 94.3741122254776 60.473746364564334 71.15498985448386 106.88041178255209 79.03896409422708 17.719147752937157 25.704241091440622 66.25595276596125 64.5223357698139 105.82061430854066 14.199940466827362 77.54236222419092 15.431250234128914 65.12194558049671 61.96984206886464 88.64650032075902 27.511947641619443 116.30502050889898 69.1912518416545 71.72878011936996 35.650911314032115 68.83482219408583 68.62511645417416 43.744571266002566 56.24773290697098 77.07144374138772 70.99855023315602 61.480107778830245 57.43566859164685 85.47003956686478 46.568379973244966 23.306662089216747 70.99223699444914 49.81471024478564 59.122896477576106 74.19427146962981 21.271523086490138 55.976746996510755 67.98233677281746 103.69439169307739 99.31160078197327 14.388486242132034 79.78481652547055 84.23913911002691 43.415126118934374 40.005134106643666 61.37270766478254 98.94662378135128 61.22251395867897 60.46423246819064 95.10974730807023 33.53622696175407 79.6546247988998 114.84539545602587 105.30537697988854 42.91531817029285 156.62697040359637 123.78896284431514 92.99224792546916 67.10857186839951 53.77465998460049 149.21119452168952 114.35514859824451 80.13997855286028 47.95757527344908 26.63904282205255 146.79317895529087 111.21203394821936 75.63204755269788 40.0563072953949 4.584747134702759 149.61557114639558 114.87731428241254 80.87626252698577 49.16641782092786 28.738436638838422 157.3965631260587 124.75213475317851 94.25846766059071 68.83581109336792 55.89477272148987
23.926633701251067 37.071309742975075 54.827214912863425 68.41750529405266 12.788484374788812 42.8996841100735 23.749305010890644 0.0 46.59844522704887 68.26099369373321 15.109284715559475 99.12705052563241 56.60930892214638 54.598836444867516 19.955116591243733 37.280947515027826 59.84029800280278 48.56451649864173 30.412585967092035 53.00352294642745 49.146845872964434 41.554357410776475 33.90307041200072 63.8434409290884 26.66431100689137 17.989907221066204 13.886326748404267 17.84894988712807 66.69408007863174 48.54044786887182 23.731243739164096 18.54143237044933 35.64179056889247 75.59274766424595 85.71964502854055 27.747788557141245 55.12344717054366 44.78681013914121 15.449596151752166 8.782983023679423 54.09790478144332 74.24187239143664 35.12406626827157 21.865459381382507 81.56193911246011 38.5546323827616 48.624257393805344 83.13790612212414 56.57775497254239 14.178984038944504 3.776251361820754 43.50092070269859 41.27450688840561 82.12913610686914 22.584127737202635 54.18823079246272 10.12896781384158 41.373943706560674 38.53597751013919 65.09290040302211 18.669247717039344 92.56571143640583 45.73130511767963 51.891087511081054 15.817080622088236 48.10546326180503 47.53525166442659 20.665104189437574 33.71274147312643 54.06288697660389 47.2937914274976 41.78301492019027 39.277933140258426 62.65781741970873 23.505852133531885 14.50616741362553 49.23624389879398 34.60140104376175 51.42346155626968 50.58605939553046 21.253140304338938 32.72599279202606 47.039440556677576 80.05158155296654 76.15078736444502 29.80611449733228 57.99852259750989 60.78136714495019 26.301948261432315 17.350096479279138 38.45575505804669 77.84370214221754 39.52502172135625 38.20770666579092 80.11150351621023 19.208469478115255 56.2339163567233 91.28650240783693 81.7818827918522 30.358014166534176 132.95318795156987 100.47204191135519 71.02729852522775 50.272139189072455 50.41689930511711 125.62099688609163 90.64551274357403 56.43390948633859 26.175682171684358 26.790848670109416 124.28518435866606 88.80276870292056 53.45340174907145 18.995008261685342 19.913921519316922 129.132047773862 95.40764294066099 63.7364569965686 39.42383315344393 39.72815553534137 139.51846146311976 108.93392181667161 82.46166681974522 65.30989672419909 65.29140579521733
46.21357783522992 15.137509891486989 15.573997523992213 21.959494103060766 55.51319023488134 6.308118169347974 70.30711343871525 46.59844522704887 0.0 23.07648172933586 49.40416965975298 52.56768275258428 20.004013357311596 32.838788175759824 27.95932178681701 23.466134586231373 34.07307472800952 14.677337055077984 49.215181759834984 8.044960842919414 3.1085397898058504 15.605391012201903 25.173496954031123 19.763077379137744 39.86654659031898 55.05514125453692 53.829469997894435 55.703937229133196 34.27619906075808 8.789165167558007 36.77765959750323 53.7663151352989 20.493496434189826 30.036401136202926 39.53690763601767 73.85159059497079 9.982013677336468 41.77355780414578 42.644266041510946 52.28596095501633 9.426675712187363 39.07996940009758 17.899970187058248 48.496212596744805 70.88603211439793 19.7452834934869 15.29198235907227 36.64544260916945 25.692159003179306 57.66933482584611 45.24189358015801 13.310131607593037 9.740831337462847 35.533609052924774 66.90880912337012 10.588245926403852 56.0662884182689 5.826261994155959 9.893972007581425 22.154216990260505 51.97657277622278 46.03987536226167 5.632188499160268 30.74707142295811 37.994849016187636 25.657698231575637 23.78031245667392 27.309801598303032 18.78057815474074 13.64915093436776 0.7113065980788735 29.198814468981283 34.33651009406294 26.912271246356696 24.74572182344329 54.09141222339587 27.177580048259074 41.844704735479375 62.54610908773912 10.663353332098417 61.99556651546101 15.86628684542194 24.414115316796916 35.20369861640052 31.50200540868522 74.77960092339862 24.15863342075055 15.403982824907494 38.471018552467385 31.319357341077914 13.845534093617479 42.00728076539027 20.64506407794575 18.038729840672815 64.02655584386402 47.8637621694915 16.830289235646138 44.92274693239611 35.57088827452298 46.895907944385606 87.2491006458499 57.2551334824266 38.41974204491694 46.970036940121595 73.94912902768795 79.13201070885273 44.049380882289945 12.289418832498571 29.898506588862436 64.5679533445932 80.57901914691642 46.575456346850494 19.436364298652197 33.44361966796638 66.26751430305457 91.13562470424931 62.96755377202613 46.43588021581908 53.664108314275595 78.3297483525087 108.16627792173976 85.59886066207457 74.07080742294114 78.59963344960187 96.96091245575882
69.22456705441402 37.72641314987534 27.955982621263505 6.643244734946356 75.59573507177754 28.867071699126107 91.96804724873051 68.26099369373321 23.07648172933586 0.0 72.3702892793242 33.91147868462449 31.764105294227384 48.58132720725356 50.697737115438805 45.171695376393494 47.264645987434804 32.287970702872734 71.9303411998327 20.94502140081704 21.72016084963407 36.7418876395288 47.47969924447525 5.018658072246695 62.709672177722965 73.71041320503682 76.60889367933629 74.4876627294507 42.767564868069364 19.850127494983095 59.78493316105794 76.78331490822228 42.79756661549861 7.359524803267655 17.882961345584942 94.59237958533397 19.87093951150975 61.942676046115935 65.6566536754033 74.67481781058616 14.260076448141634 43.52176484007631 40.56131434884686 71.56409041451404 84.61048174463085 41.40290809148431 32.83834611890394 16.55319354400198 23.20993605826126 77.81132114273362 66.37629971343291 33.953379471125636 32.056192510927794 17.768666577802083 86.87353406307103 22.430677893762812 77.1187821376697 27.241124047971862 32.91672243245529 6.24604283688915 75.02046969614054 25.61481337015061 26.837762178994957 47.46430175579392 60.98066097832064 43.63677617790959 41.939675772649515 50.08142928366982 41.59222450278015 26.44240838337066 22.511263058386795 49.55508893430222 55.40446011061868 17.933452800829688 47.642677190790884 73.51173679722308 31.26767317287333 63.91793241314118 83.44468136966624 18.057264607711414 80.99154053756905 38.942037578290865 42.81463455474 12.130920764523589 24.596385643397593 94.78942556416825 35.89836930246082 17.957519909795135 61.33775248912862 54.093153613048166 36.27759849676897 44.92837354750987 41.94247355209268 39.96941797613227 76.1241799603914 65.58552087688035 14.446022003012525 28.421535777229394 21.602713217016817 69.55602667124998 64.71327016057252 34.3191910454155 26.45761603796723 52.482407072600374 85.67963404995358 60.1410303938787 24.745102999217263 11.828246861025608 46.90101748288043 82.41185699769174 68.08550583256519 40.266828440446645 33.75483238902725 56.476099506373046 88.15838468207276 85.11067739470386 64.84629249285422 60.814409396929975 75.65632576092622 101.397748301524 106.96433931380884 91.44969113957671 88.41251464099248 99.00782844079824 119.66778199933891
10.545436555613863 36.33452655869477 53.3991239060558 71.13515724294558 26.188471774756444 44.25355590521273 26.831327954526323 15.109284715559475 49.40416965975298 72.3702892793242 0.0 100.262160149693 53.95938121244773 47.536862184650076 21.8511535566772 32.931783105370926 53.164945025255825 46.737061369077956 16.350042124899314 54.106548626021976 51.300826959926326 39.6780596443381 29.400638228876176 68.55383386087871 16.239171529652037 32.58429835921218 5.823159557677689 32.28444732402853 61.286731475953715 53.75627676901599 15.648745157730973 4.675203680560159 32.86549770559487 79.43346023236354 88.7998084575761 34.24340497790524 56.078816262801844 34.02557211709753 6.86401269785783 9.337742820592952 58.20501129644079 69.0983693717816 33.706152513827774 7.471528264623392 69.1567199974328 35.51816478470386 46.60010069424828 85.59047312342553 65.12029445185783 26.775198023125355 18.672863811905028 42.23161656016539 41.6741316367434 83.8307550731712 32.82384538731549 54.51661560037072 21.020188104883125 45.27536540927904 39.87226081487721 70.38530905025067 3.778396258229683 94.80624213807914 46.83405845153985 45.16099359578633 11.412359639405999 42.68293049748094 42.69653144602458 22.412074630273274 32.35757995681224 53.180088841382684 50.02112092875064 34.99227580776138 30.646075396375974 70.3296410752553 24.73323523674723 28.891157381064474 59.11558864069153 23.16689678215299 36.82109972454953 56.040381239477234 34.26509557734894 33.668841890998465 41.9716998572115 84.48808971576909 75.32390162830897 38.24815997898672 54.188431146387494 61.391077845479664 16.651096620476014 18.46718921733274 37.884889995056994 72.68492462204573 36.00257728594885 35.92365914040681 68.95796356629582 34.266024666313555 62.385977269688325 91.91297383171573 82.33495388276727 16.980125596530044 136.58072687751422 106.1086557163262 79.97455744679094 63.756913514311876 65.31530728661352 126.14742768027212 92.43264121808038 60.8818457091489 37.43783426875525 40.35802344587967 121.3891038598298 85.88975188921208 50.50737026766754 16.035880120390885 22.260154519993172 122.96660134786423 88.08451830459934 54.12191748965356 25.13332072912381 29.434468561536903 130.65053812364792 98.43408974699567 69.5783011144869 50.251099483173036 52.35808500397358
94.70656493093095 63.92979966460398 47.48694047190395 31.30386965771056 107.87243638713012 56.49676983241206 122.77731700350623 99.12705052563241 52.56768275258428 33.91147868462449 100.262160149693 0.0 48.366232002750706 62.857506315683914 79.9391766683858 68.58928336109676 58.682606991713975 54.07352049796452 95.6183999325674 46.38734834561085 49.982858782229876 60.83360006077627 71.80859995248163 38.92595385607057 87.48195130649182 106.7253198892883 105.25357232322375 107.45280888480745 50.07000539013795 52.64045982405044 85.6811840555384 104.21921844279014 67.70364579451716 27.39049991093112 17.396337385429547 126.40286153874597 44.330247139169145 80.28150058563244 93.40089955565416 104.37111611801156 46.23923006353654 45.254774413625505 66.56823275266812 97.69101427881417 89.34765791669476 65.33829247665784 54.34113305654281 17.36241296278047 56.189347463156565 110.05568902338271 97.80445537822506 58.14835173318918 58.709922577534186 17.118259648168888 119.26158134197073 45.75190791034734 108.63124149626495 58.03071362236743 60.94134349617377 39.56075918850614 102.23064224787869 9.324213295334111 53.744385869431994 63.29810877828811 89.03305249048005 62.082901508098274 61.0670973107163 79.24993994252863 67.90619792905702 47.33830325122006 51.86531051025295 70.02253047959313 76.2288476961225 49.72096842701384 76.49703359059843 106.16912809384709 64.85989418729486 86.06240590489158 101.24340063144668 51.27608497429101 113.89308050175573 67.08281316077283 62.0021252016512 26.665815460988323 26.56364315189015 127.16603698632355 50.23772915041219 38.88514172977233 86.30468096853052 83.16315543476003 62.38125211114209 43.90296337014802 65.21432262345387 64.59716576644693 79.48989601292016 98.87954781177282 48.35736717273129 8.736174346516107 18.038559277098415 93.1503919678099 40.125497626872765 31.244454030216655 53.615003821075554 85.46995811814705 119.44811101387856 26.63541522979526 9.169512342051108 44.61978871012956 80.18716922487671 115.76376655878207 37.58566859790247 27.941009473040562 51.77754331292595 84.3405265997684 118.65045856021426 60.98956728286774 55.37180376102208 70.31710179736966 96.72177508967157 127.66306264143658 87.35244547443702 83.30642571774236 93.70986863794587 114.69606126888505 141.63651199838466
47.05300373822859 19.69881371314007 4.617062075861951 26.455490080530705 67.81473917941582 17.60130050617649 78.95503238673234 56.60930892214638 20.004013357311596 31.764105294227384 53.95938121244773 48.366232002750706 0.0 16.933408178844214 36.709487748640456 21.087982821104866 15.704862193432286 8.216434084073907 47.38606027733322 13.645123850883355 17.518100286041506 15.055158559841201 24.57765059415322 31.521182482677315 39.71376455808767 69.16541500931882 59.4343102878418 69.64117351240579 14.272969479275975 28.10020242923522 38.56322340028613 57.42568643849752 21.34837205238356 35.9515424627341 41.5713397806164 84.26373114344645 13.253851139387189 32.4656580263912 47.28053365020881 59.762724218294636 24.96191796312378 19.689610441361946 21.485513631679854 50.27616758078767 53.346054926053924 18.536307058947838 8.047257864653627 37.252293259750466 44.290111560784695 69.76685901906232 56.483338288556496 13.343957301693333 17.01253305983763 34.02038286960965 78.83696355990213 10.877662103814892 66.72212668850942 24.442790919632674 20.41017039531196 34.6487556080136 55.340055656011224 45.09307720208028 15.527198457010302 16.21920596958018 43.46141450873961 13.813794131490083 12.702915712514974 36.00681848073444 22.898985686994006 6.627245701501567 19.635250667198413 21.6566441730943 27.864479473695024 43.56121662513646 33.199820200272995 67.36555025915696 47.046005692066686 37.709016133404944 53.97275644528125 29.320482023086907 75.39557544943644 24.64442746082795 13.640793618011656 41.725883676771815 22.040276638279288 86.34505858429472 4.4509021512793 13.860826197963371 38.6581400870359 39.30076551769742 18.47460838746418 22.961238983877294 17.958150491822618 18.504564507686588 45.491407715970126 63.27374428075665 33.845391662139484 39.6584582192552 30.507184254742004 44.924727552092044 87.4732611608519 63.730217584283366 54.80564389038726 66.91730213826276 92.11048149969862 73.03450105902292 42.021924284981004 27.015587625927942 47.180906175886264 79.0849538079349 67.84299700667022 32.27021098585072 3.503113653867387 38.92798617253623 74.50312358286105 73.87499250751976 43.45290522176934 29.171715469125505 48.43569501683134 79.83256025589118 88.87359998103658 65.6213333395013 56.97320173639007 68.68679461743137 93.39137810549246
38.430776672789705 23.758920096529607 20.670900330919952 43.38863056127976 67.0612011264051 27.838541978583144 74.19214203160297 54.598836444867516 32.838788175759824 48.58132720725356 47.536862184650076 62.857506315683914 16.933408178844214 0.0 36.64145149686822 18.140353951133633 5.690452784629573 18.221286127819518 36.61787934859702 28.971181678154323 31.35234440207264 19.49076934111036 21.04257713767987 47.947913498336895 31.452549426836924 70.16209728105693 53.3522040734399 70.42873852249896 14.716264894148477 41.621331627784045 32.180389753411895 49.93125081397822 21.17331516524046 52.87819973882678 58.06914810652866 80.8537571445125 29.266128787430066 17.9979188986614 41.752088554330754 55.23268965929452 40.13027648039515 22.370523267817358 23.492733281604895 42.00867922830044 38.04817515681261 18.793346276924364 17.59686505612319 53.61745118326277 58.498566314326524 68.6933638508965 55.60628764656899 20.434044406011097 25.26579180906274 50.06360408366238 77.11344758860841 26.672812728026603 64.47778400898228 35.223460198043085 28.059442004526492 51.02909204411878 47.80365726281597 60.83598360698652 27.261018613342674 2.843300546716443 39.23616670760607 8.10283025588788 9.749957582081388 36.06506870166465 24.419363513829676 22.35220279790408 32.75706313346654 12.860505088713001 17.082798091501463 58.921137367943835 33.81096175666256 67.60657460785238 59.43056150336011 26.502801198326736 38.387409747726146 43.355167202513904 75.31775172638 28.745743784380018 9.541500310065231 58.64690482068456 36.403036872639035 83.94445317653185 13.342456676576553 30.77068979126489 30.896425053255594 38.00629485328452 23.57269675458712 25.799258433943898 17.38094400918708 20.265801055326634 31.61167100866226 66.0336154120967 48.86849498957969 54.15884419586659 45.732849322702286 34.34712991678494 102.72206169285688 80.54468471599964 70.39303087996005 77.16877374550229 97.40107170734893 85.72116028236961 57.5667553447283 42.56664079721941 53.31116284821853 80.02758803655888 75.6820712518408 41.33834601367162 14.904643973336384 35.603996847421456 69.60852957589775 75.43798456746174 40.89400992394614 13.636639994435399 35.09705434489519 69.35312442618827 85.0732638941728 56.606686769741245 41.27165597979742 52.2930017395228 79.35957609220932
21.619244948026395 17.116753926216045 34.8763880784289 49.89627045177058 31.28401091300752 23.44304879212752 43.03905988137333 19.955116591243733 27.95932178681701 50.697737115438805 21.8511535566772 79.9391766683858 36.709487748640456 36.64145149686822 0.0 18.551871935770905 41.42070931718526 28.62274134116893 26.851930831640903 33.56657376168038 30.152387336194604 21.66438341884594 15.665696585189618 46.76170382008805 18.074391649722656 33.61242476812965 25.915484280177772 33.93278937221624 47.44814813773792 31.90536701502604 13.74290524595172 26.415724520604485 16.183455247526677 57.852850912556754 67.49622714309585 47.693517210427714 35.65031688758996 31.667850824795707 15.44669367993047 24.442087290289077 36.47029821230209 54.802557695228955 15.258484876763744 22.718287292057195 68.6325666345208 19.05728006149328 28.697430569750097 64.53154179783195 44.0239764995858 33.16009674656974 19.835040003891894 23.547511996925323 21.48433248902218 63.132381838294506 42.153010779376665 34.506120755075536 30.034712590821407 23.494454659859663 19.001216148256514 48.543254667613695 24.84996127420495 73.87695127960295 26.214904453000713 33.81580744693632 10.75801133523343 29.35043246022901 28.482976964581354 0.7113065980788735 13.868707006605343 34.148424638160385 28.612635194299 24.477080667948908 24.20674616842956 48.80289728147623 3.5565329903943677 31.281186243694723 39.08427078479727 24.507478636570095 45.99646766338287 34.19280116622067 39.19472755694567 12.939011034758712 28.129499117299147 62.78329401462255 56.318689014877336 49.63591605714653 38.31414710282029 41.23206539592033 16.792385654769642 3.4012243148551735 18.504462470409756 58.377726950871974 20.189698009596164 18.467804541927748 65.30246328077507 29.554390852841628 40.57446158965359 71.88264266583141 62.32019166444544 25.207058332594396 115.1869008763016 84.27455110919972 58.894309740780585 48.652249699305955 61.62552237565287 106.25952938128496 71.72106917584841 39.101634762195 21.12263754141194 43.53843923148479 104.33018866656143 68.85814855867277 33.62009952949214 7.168519761264021 38.790132411763274 109.7686078182179 76.77774077395304 47.67265740348784 34.39083627795952 51.234398079575875 121.5898779785515 92.75762286849306 70.39876450666318 61.968756331397266 72.5010258732741
26.15230235669243 8.854210115162537 21.108898525438995 42.03061705946197 49.41727948592463 17.161288827321055 58.48792553934107 37.280947515027826 23.466134586231373 45.171695376393494 32.931783105370926 68.58928336109676 21.087982821104866 18.140353951133633 18.551871935770905 0.0 22.881333705386307 14.533580329172713 27.348655666940545 24.45863921601773 23.752403465030284 8.449406485400564 3.5565329903929532 42.71508498737332 18.893168667792747 52.149169279939656 38.49074783968348 52.44955432809189 29.428812024219198 31.38773146387584 17.475363228491116 36.33782826002213 3.81123886819226 51.321392869871026 59.25026065410452 64.38841760952631 25.996419510568952 18.838965020123613 26.34771507660386 39.24479510655793 32.750442639182474 37.04912085878257 6.90125561836496 29.266654560333563 52.71866129972624 3.7811354730271844 14.24839498161953 55.44556189082055 47.63304944010672 51.158962640190666 37.908133296242816 11.277766218296776 13.726835337577869 52.97652493262379 59.8601486396913 23.822541093434378 47.35018077364464 22.882367792996202 14.639150890996113 45.36312663587747 34.25254638232622 64.17156458115366 18.527556389742937 15.301947457093735 22.83821064745769 10.87682259750222 10.267259944887739 17.95647910206757 7.187260614566396 21.334520655997654 23.77855003456058 7.191072394436221 10.980705632974152 50.04239106940683 15.671854793642618 49.71637750619194 46.18454930776345 18.750790628709392 39.090758553904216 33.61383318603093 57.538032048787855 12.190107301188352 9.760583188395305 56.93973681964922 42.83055597110373 67.00603105240532 21.33919794236055 30.450638613352147 17.73616652324383 20.187173808679233 9.787880264042967 40.65983136722506 3.4064066878155166 5.431081208558099 48.09210030761152 47.89443077573839 40.12522990658215 60.009052815555215 50.551528495944005 24.89595615313266 106.60733781668503 79.38817291463403 61.416436586347224 61.429752814709914 79.4190754318978 93.87335737199311 61.429897048677915 35.59843086852281 35.95907828983563 62.05685574428354 88.52460661549662 52.98328388642439 17.608565528217376 18.577018117836385 53.96628982945004 91.860633964928 58.33802665320677 30.007886102536037 30.49294502673002 59.08777164496924 103.04117321635722 74.57807503957623 55.12213274670231 55.2011241282517 74.75314733197989
44.11864868444589 27.261716366097847 20.090317073307702 41.608313103660294 72.18742826567443 29.823417753084648 79.76809429239961 59.84029800280278 34.07307472800952 47.264645987434804 53.164945025255825 58.682606991713975 15.704862193432286 5.690452784629573 41.42070931718526 22.881333705386307 0.0 19.52168291689267 42.26286456140852 28.993296503441613 32.1411624702928 22.580716309011088 26.033621359316605 47.21818974990774 37.11944127557115 75.02821227631095 58.97464928320233 75.33088797788996 9.330879347377804 42.70851885364333 37.73909163046659 55.60759406996028 25.515476750322428 50.884512257892766 55.170055547131625 86.33025925452125 28.870450057562433 23.293462041748967 47.299095845401254 60.749451635512415 40.36223754674573 16.789543285203482 27.473599068906825 47.69422666193812 37.64923304817873 22.880357494437433 18.93927137827857 50.61721081157975 59.36711863003428 73.87033019636478 60.69655948608298 22.8772839931441 27.72647883477522 46.83020033248363 82.40004359219728 26.387825051937945 69.79025497455261 37.25813810947068 30.82618066963585 50.34871875062688 53.47876615724405 57.300240407959315 28.726894666754724 8.04717318429623 44.643912365271895 12.111241351278512 13.271523620005764 40.81265955667117 28.55496270171039 22.003924746386136 33.87504339366612 18.314577429726572 22.77040543756561 59.10365489148118 38.41593891593802 72.5854761116959 61.15128750696688 32.16086678198106 42.88174585007673 44.21999666686917 80.37420634561427 32.462469418673386 13.423518969738888 56.57737489345696 32.54244154178116 89.32462570932468 11.386208859688418 29.30991623425623 36.5389962605302 43.00954887172087 26.799920816407948 20.163505162159463 21.546919109914516 24.10627137975851 30.05819262733193 70.55753762925302 49.23610668449898 50.06111109380964 42.06416872737323 40.008789478990465 98.72734336839251 78.02312152663903 70.42893313884507 79.78076034152201 101.4978462043433 80.86070610591418 53.937035986262856 42.569089509244954 56.98442229540767 84.93818257143354 70.11147555900196 36.07850923044005 14.829202829052473 40.87001700355126 75.18655417163411 69.84751857605605 35.56773451263839 13.55208414977894 40.42847499715114 74.94979356667372 80.17247920656209 52.90955168862986 41.272153226946116 56.03156555726612 84.30811218276412
