0.0 28.362001719620583 44.54771348305577 31.796561310488375 26.96693025073818 10.246151201585274 45.829281385579996 12.645882071052757 33.918904619235406 52.35120296006915 41.101837400117994 36.26877707277134 6.024411794255048 5.574371395082556 27.21093727266946 42.05188268082959 44.31105515227003 64.31778813706404 23.942006162263354 61.99569754921553 41.448433142567026 17.647252953570778 50.607498491361234 33.48462116148666 44.83710913688797 54.99303021266886 12.544610724303535 30.78484256649713 22.244366913059483 10.437578630301728 16.19184690655831 22.334741312893645 37.755517416338016 17.66692108415835 21.753543126591858 32.415683876431565 27.893311749268417 46.50876823104327 61.786957693943805 28.480160471206364 19.32940427532674 25.95538927560852 41.48793489322138 52.81626641658998 66.64152171117392 19.926478440942788 26.36045546573017 48.061850444003895 7.648844713097822 1.5543672627567136 10.743053200487228 31.13502886615814 41.735065127819 38.43324810656228 37.03609056729235 4.319750919370086 35.01155408298463 46.46450896963814 32.800596684135634 53.62131330137573 23.181080851516782 25.73397441364038 10.688009855641708 7.583730567534143 21.422196078624584 33.98171213631789 11.804965603344412 15.05461612564106 41.27457259230264 51.01485314148492 46.49701341936507 49.24701441756653 54.36268047625976 27.769422353447112 43.60232946348926 42.74040705531987 34.165463187615565 30.1254977675499 16.95690591606212 14.205717594915532 37.68233338196968 23.562217639432017 32.96051680450303 23.256128990369483 47.11167297595638 67.84669759790472 36.56539533956854 53.95654917820231 56.24816057348932 26.619734565802705 14.233675448008567 31.758220517194108 42.275145578941704 14.639024882859186 48.122908686478766 11.535473238526617 16.46587923115031 40.54925772017658 3.1308064082381155 7.222675762847481 97.259258289987 72.50137016644261 59.8804740574707 66.68606163466903 88.54675377658351 82.84004608129517 51.80763998495129 32.214591996790936 43.86021392127359 73.08793911260508 76.47272796506051 40.977993987766496 6.52108719121519 30.62782857313682 66.07430594496572 80.10140736371456 47.3497527552404 24.494118734535483 38.60212120645389 70.08912050416241 92.5576202199954 66.1241926470513 52.05823634550467 59.83198489304804 83.5573347304686
28.362001719620583 0.0 62.74735666308868 57.63434821219785 41.82702305699753 20.755460861224716 18.0276161574886 18.013659660350978 53.26043439516638 70.4883594148364 13.011298331110067 9.9582923731014 33.89049593631528 26.99102183005363 13.828006221615002 13.940986711471592 17.486278146891184 85.64874608985323 52.243007676193805 83.96686926137849 13.57778604954884 12.372437092781816 22.39209309839057 21.81367750572382 70.31355765007882 71.17438154812852 37.71418455298771 2.477987457211334 38.542287790731095 34.66008339148206 43.87452286794389 29.19053404233508 24.96661619882959 18.589714156190105 26.445748434177684 31.504221519268587 42.378327510039455 72.76974884486437 82.48232074194664 15.792741650874856 41.47757949526661 29.195676097190187 24.913296194137196 74.7766821280549 87.4992175997706 18.90141957154536 34.03788320231006 72.91838558251705 22.610377945888505 27.79803215292239 20.77756952698832 2.8930685879421856 60.85006811599867 64.21525574531479 26.981331791910954 27.647355650748533 6.651704669488538 19.707114219870387 51.76084626526202 70.4221147564293 20.26985022112741 28.570512017055552 21.331585384062798 28.70079404363621 17.646549631250902 5.665224200026057 24.4551838460192 39.65788621119449 64.4783427203421 78.59120909429835 19.742187244600654 21.412856312838354 26.344181302409606 19.612964329901686 69.94693126836601 63.59575373249304 57.69166300520991 3.227369531506467 36.866239247904886 32.866001702420746 10.096583780362815 32.03334660499084 20.469271722833156 40.322488019133935 19.035442081371098 39.75051900165382 63.68706129659926 78.89663049786947 78.64171822718212 29.29357737639099 37.41654562042722 33.263349741013236 27.505382931229278 26.222379219125877 68.13629473569429 16.95961050786667 33.58012287238795 63.97652746802426 30.60201138183252 22.69076392848713 69.03556189448334 45.27175438608718 43.18948643785131 64.91000529088066 95.3596502127536 57.13062924048387 23.69973555536979 19.790249124954187 52.477026235476586 87.45416188834912 57.90753943168742 25.499217094122123 21.893903665776495 53.298048359957185 87.9444534695529 70.95087546138014 48.11574111754615 46.134519823403934 66.88673154628596 96.70288183505852 91.13750361823139 74.54077016583315 73.06649573556759 87.48259091083229 111.80250066378474
44.54771348305577 62.74735666308868 0.0 23.07277883231654 68.37083289344048 44.38153130469975 79.84502471128695 46.33972477702091 10.630148369616736 7.921504899876097 74.73569116484039 72.68512837937651 44.81675214254423 50.08237673473151 68.76680992772049 75.53063548656526 80.08059323718794 23.682744686047613 42.1522238157343 22.80658906253412 70.88367427513276 58.023135550563595 82.8310538131405 76.53378062717621 22.996152618255024 10.913939903408046 50.71486009378223 64.97246198630005 63.97178723308641 34.119071275216626 34.30535484832463 33.896646644070934 50.746669664712755 44.17130666416881 66.29939251472227 37.13589163209938 69.30823711137472 27.374358382095764 20.17320795191138 50.637973824010274 25.25392594821517 70.49427773044326 55.96553766382791 14.975146324991396 25.118570686067628 63.52749297266047 70.42442726879503 21.786390494997306 44.02843916715 46.09788330802611 54.394547335978615 64.3850422313358 3.2692764208575538 22.702503946673243 80.74217632363921 41.37866182302838 68.13781525154106 82.26830849736596 11.79553489495704 9.256983348099595 43.43919823725918 70.28087671175011 54.555106588734425 51.6600894965789 64.64991367049853 66.7270012312114 56.32933542385615 30.014052129913388 13.638304696941006 37.90868611957291 72.09247623936167 82.95126303228564 87.13921787483147 71.05087272282586 26.617755203196957 6.809207445368935 15.718825924933222 62.335435308535864 58.08728161303898 31.79368118222307 67.56372217548386 31.093630012830324 50.08237673473154 22.83791396186193 75.94721748676366 99.40919047454425 28.96269142865208 25.543252266915704 18.84291878628683 71.16298831826887 53.79003495338086 76.26215713301694 54.05185586488248 37.00886747229542 6.598649672783891 51.85124670003412 59.356563514038385 14.311099771826195 45.686044710951066 50.959065266342414 126.5282289086236 93.99550374457668 64.75405297343045 45.64198362767405 50.054616210552425 119.52584799102173 84.43013882032389 50.026729721704484 20.226328745493834 29.115981950700967 118.8612728605044 83.49561127219663 48.448328667379734 15.974120725969833 26.368789291234975 124.63596297358357 91.45692953896354 61.047496806935825 40.266660959848956 45.25694771769489 136.03202415824035 106.33403705715132 81.4939486078443 67.13955815490407 70.04496603890149
31.796561310488375 57.63434821219785 23.07277883231654 0.0 49.677529799535755 36.888558858786126 75.66114147030893 39.62350377382001 16.77604457654 28.491948141027645 70.62566004704941 66.75882918494406 29.163570521225328 36.41052238885361 58.959248418317735 71.54263677715186 74.77662328245036 34.76345937458632 19.993008014826245 31.96106828909739 69.03037400018034 48.917286847370825 79.8323730182976 65.16377527992384 13.0412976137372 33.333386957452824 32.735460959799845 60.1031482939247 45.83598604726478 23.051018014285 16.371880217046865 34.673550007863014 55.38400574429435 40.622147992510364 51.94043654610617 43.22240020613317 50.555859342635806 15.136564923694522 33.08674043509848 50.68983471437601 17.00737464647421 55.608718221239634 60.52921860118517 23.525636881030795 37.410817695407104 51.59424559210736 54.061618843806734 16.371774534945935 35.24355476654935 33.0982555071606 42.52541662439262 60.025997948270394 19.906079558574994 6.666736822031637 68.3888563429399 30.62565816247708 64.05331285853539 76.99079894163575 17.399671204648683 31.411107839378385 42.980275333731676 55.57000338668118 42.429043770964334 36.99320587957672 53.16883017086807 62.79023188762897 42.75142833484819 17.9834235381808 12.06972344585595 22.43627427452663 72.3741590831235 79.0457003778904 83.9148852732836 59.43846038493902 12.339828195811284 17.316070425122476 7.395742640383781 58.43237857938991 40.226530147347155 25.471126362208206 65.28328660655171 32.86784527867 52.57813510641912 22.232105431190238 74.66265110759176 97.18911549508458 7.972150257822823 22.18906121787832 26.16278447785519 56.31844726478415 35.78497464207183 60.851871707608346 59.702552145583525 32.645581620366954 22.457076628625444 42.423378987530974 42.525416624392605 11.13340998448044 31.39670100636569 39.01922485580131 126.09748015919452 97.28269100455701 74.56134015682551 64.70694658634896 73.12119010181269 114.05323647643998 81.23282984227166 52.16883143933837 37.10234144271515 50.63361477239908 108.09607441363498 72.71778718897569 37.72533649066527 9.52547230996401 35.92321536092776 109.22688021925846 74.37276711741185 40.79595347759654 18.152557864644923 39.075888978241224 117.24067963994052 85.60989727769913 58.69326711922494 45.74835782617577 57.21094675380791
26.96693025073818 41.82702305699753 68.37083289344048 49.677529799535755 0.0 34.7470671824509 53.61761916553672 35.76305543771454 58.03141681158075 75.6816338643032 50.61216351643548 44.186638963891454 24.129609916906414 22.197657115956748 30.86963475958008 51.44495675381095 50.479672256703616 84.44039973726927 31.522173515355632 81.62123394650767 54.72743105789034 30.18316201145489 59.10925096332138 29.831744102598744 61.305154198086754 79.23934231062556 17.656046576939445 43.38739538334489 4.7243203697687814 35.832987142883624 34.35994177931177 49.00318963113654 60.85301523059599 41.78875927511067 15.901399927749557 58.5067055964346 0.9494443287646549 61.18050138035539 82.65071937935797 50.34780162685567 43.865483181280084 15.211389981250365 63.30003407082809 73.12679859778726 87.0755594228397 23.048995009523004 9.900509128138397 65.19654489465718 32.74887814250983 25.64610078243499 23.777750375259476 44.51765655668247 65.24126386355422 55.2464115034208 29.369900525332802 31.268469942484078 47.03134732443983 52.01676842794785 57.23879950121532 77.62736973973499 47.588360440983635 15.73644006831429 23.163663931207132 19.663355934930166 24.581088457481414 46.74216191669464 19.330658692103416 38.75269905581745 61.409431661322735 61.18508017450801 61.38695106601004 56.53364519658849 61.5203522122783 26.25458735953104 58.47421380429 64.9339946662242 54.89284759314685 44.874877580086235 10.43861041554723 40.91643553256668 51.701878526607416 50.45416493424094 55.66003708651475 49.428064190534805 59.43935565443327 73.96156620111898 50.55341524602643 70.34457822841537 75.83538917482993 15.622600414324403 14.588628151517174 16.490672386588816 64.92885290667098 41.267894645386654 70.49276426798522 29.60108194558724 10.660203689992088 60.51734275438715 24.479582184676655 24.757378518163677 102.46807361980397 85.90948550348949 82.42114382046115 93.47792177705264 114.9568198501252 81.49270837948391 59.65016090471362 54.83951561284673 70.63111105902271 97.47966877826107 66.11734025017543 36.193379950007525 27.939503517548637 52.7585821988715 85.54833235319951 60.75490109812566 25.21952579545476 10.63493816114138 46.06940733800019 81.63265051250134 67.82378630066404 39.19657047792909 31.699663152403772 54.82297427620871 86.82419438385395
10.246151201585274 20.755460861224716 44.38153130469975 36.888558858786126 34.7470671824509 0.0 38.777042356553295 2.844019176063093 34.165489683955585 52.2967022923528 33.761300191979245 29.975516138243638 16.225373002616585 12.854145354041686 24.38778313860424 34.685210908898426 37.94293362456679 66.25632044513993 33.275560582526076 64.31813904683976 32.81193564171659 13.645373930039721 43.0554764161014 32.34861749331468 49.63511057586853 53.947194254445854 22.5952989823956 23.22897984822535 30.1829755839845 13.912663647366164 23.570191099281676 15.064986094551017 27.608971386784557 7.518283669998305 25.092151616328316 23.796916894700864 35.607215914855985 52.02101306008423 63.31847388112397 18.246964528088732 21.08640200537303 29.422787192379666 31.24577879334593 55.05580580043064 68.31081668557542 20.123825031658612 31.574209947879737 52.354121065820706 2.6048527644552575 10.673600808251686 12.246306575050058 23.21936383908243 42.04099851442091 43.48676759343752 36.84893861765361 7.577745584277195 27.242990504869073 40.164138119262624 32.77356551384157 52.87075502730487 13.231156457527495 29.010567619701153 12.70361261578895 15.458492913290083 20.869253644072177 26.025849887330864 16.094936050383364 18.906665881163878 44.25716236551183 57.961981811303566 37.215144900010316 42.16773162333034 47.07909925358366 27.077485815410576 49.19342669276977 44.14056524784293 37.31183724601308 21.77136380308054 25.717672255589687 12.818785507799037 29.01056761970121 17.19524383913273 22.742197194308233 21.566591449892186 38.516532554890475 60.4313996375426 42.98928642668568 58.33856680553375 58.802080621871994 29.96077999527806 23.854908320256254 35.25686126437227 32.09130802226171 8.043606505475136 49.08410071440171 7.773540041684413 24.14030830812716 43.689152423447 13.325160608213466 10.091182290335878 89.56990143468684 63.10486347779799 49.73771386539496 59.14064931833188 83.98543003253135 77.42160653191858 44.414844480740875 21.987561296563857 39.069533945174584 71.42552276964047 74.49082496257094 39.136321987592176 6.828664541259242 33.07294794416564 68.36094921525084 81.77484944062819 51.56712833350676 34.10862808200126 46.902189251747586 75.95011037010497 96.998812726143 73.17899567510561 61.91682104077506 69.60137664448564 91.58134152906139
45.829281385579996 18.0276161574886 79.84502471128695 75.66114147030893 53.61761916553672 38.777042356553295 0.0 36.04121375961516 70.75242555209843 87.42748295482211 5.137086113093255 9.923699637002809 50.99704857174653 43.594950318635576 22.85259184803463 4.314391055680032 3.8610497335196454 103.08188027648006 69.38868965541714 101.53138016060203 10.895594248201931 28.51803276944271 5.492400819847396 25.53415459612214 88.33135436159603 87.63345092980133 53.74046090401398 15.56366548064082 51.42844311273205 52.67104222129982 61.67753950763532 45.95551469887836 35.10292907182711 36.11033310999174 37.800165663127544 45.73575919494863 53.92502589093242 90.79597994729635 99.81461530331482 29.881516925769997 59.445193890271305 38.791922878125 32.28912606153045 92.40382488486064 104.82247840708068 31.52386077536756 44.254029743823274 90.9002199932537 40.566019880265884 45.07610994536223 36.881779068799545 15.76778044477248 78.15821912349593 82.24256711182153 29.09187845080982 45.52295562278605 11.810751383093137 4.254672552839172 69.22767115387343 87.05133283747507 36.472638809616065 38.19652972790772 37.325982897583515 44.845631341730765 29.70108842225947 13.18692984511316 39.634959956127894 57.682661005885265 82.34267157587368 96.49487599222611 15.590415792589553 3.4202056184036054 8.56946858539617 27.49896311564727 87.97046899777172 81.15568382323806 75.62467699296894 17.633499795286056 51.3024533607458 50.801701535967766 12.942855259195648 48.77524081873129 32.50666046426648 57.86490799658725 9.993677208442312 22.04318239193357 81.64912675180383 96.87347721370475 96.3113050317114 38.56632171457684 52.84304402937518 40.56316819628461 35.3973296876968 43.99591063080894 85.49407408745941 34.2941318510423 47.633369394120116 81.86663790933147 47.75463085716124 39.49021990378283 51.5013208061391 33.24938785660003 45.72576859337667 74.88897386402031 107.9724931216563 39.68780180288087 6.196599371525047 32.154076200824306 67.53948422672092 103.0606121833344 45.78464779745514 23.550050678715937 39.30872189574559 71.18950880676401 105.46523848071867 64.92837366033517 51.51809079477533 60.20539723270612 84.42406194965513 114.72711457035861 89.0695297593514 79.60405316631841 85.2778349848985 103.63345361396453 129.38143599743012
12.645882071052757 18.013659660350978 46.33972477702091 39.62350377382001 35.76305543771454 2.844019176063093 36.04121375961516 0.0 36.28199934355284 54.23450901990479 31.00312604872277 27.379706423017097 18.669461189650296 14.437293797924797 22.61694019253239 31.922116544617047 35.30068617704434 68.51381108933928 36.0169136708058 66.64266642318509 29.96807839125204 11.988165463834322 40.26182957377283 30.8530754175674 52.31331052398432 55.668024306432436 24.69418745803992 20.480182511106467 31.311114296360465 16.70662020763675 26.41255708622608 15.514126652900602 25.709644737994886 6.030513299366207 24.958057912803103 23.24389673900001 36.59082508747568 54.759779026692776 65.51389820835323 15.934258694348484 23.604156432547057 29.213189288106644 29.06896125535567 57.39199888017787 70.51781606231648 19.306737263678166 31.82428577751148 54.97354158741184 5.2284599879721725 12.851789444445652 12.4399500802609 20.42821333818349 44.1054110911137 46.20169914689166 35.53159635458359 10.357701501186847 24.45503502838348 37.52500212086294 34.8540233058549 54.66121688317886 11.825975151184863 28.75653904494612 12.981937489283796 16.988839404848587 19.81162892661225 23.22290074633861 16.655073725366414 21.654640755542324 46.739391875077224 60.78601026461118 34.40330140266051 39.42253156812312 44.30587573763478 25.79305679753778 51.942488905127966 46.38575996511722 39.84671602042709 18.94564153660997 27.20252047770809 15.145606554639157 26.1667989709414 17.93270324779948 20.701431730416807 23.50636508551386 35.672594772570655 57.6362933303276 45.799529737870174 60.95662516182346 61.176065677142184 29.704164712831417 25.70964473799497 34.95075013626278 30.101754499692007 9.435823257598825 51.22920640894238 7.069436045546605 25.293252790166346 46.194409438715354 15.630498816144211 11.03429968906557 86.74768815762634 60.317706488102935 47.78549587759434 58.82894782481149 84.67821545802113 74.84795213316558 41.634115302832114 19.919487521462298 39.90457638970362 72.93947667844095 72.5508701375958 37.38987511117595 8.03657128029891 35.5440558895826 70.67094915330712 80.6809707112253 51.30355138762267 35.87302660726871 49.738093994545316 78.69603708830097 96.64117244530833 73.72573708543831 63.74620761745059 72.27586210619444 94.42535719066855
33.918904619235406 53.26043439516638 10.630148369616736 16.77604457654 58.03141681158075 34.165489683955585 70.75242555209843 36.28199934355284 0.0 18.45971906056056 65.61740561450345 63.12180186128743 34.2882499750957 39.45222865992357 58.49133451563147 66.45066876652373 70.7174397233899 32.38834225719956 33.504758992600316 30.782048391394675 62.34143356518685 47.7598088192365 74.07646433288322 66.11100145928783 22.69920280295399 21.27932839004782 40.39741614646221 55.56806980877599 53.56953582484354 23.488982403096824 24.390807785263263 25.263317902318498 44.17200335325301 34.707558602004156 55.671551463553556 30.790610902538972 58.97399430673761 26.801662102393873 29.268226415536045 42.35289943102775 14.62787015809965 59.864149083728634 49.46789665417178 21.722470128229862 34.28216688140357 53.00167886051586 59.83033807031319 23.359172945689163 33.64010566174425 35.468622220575256 43.83187359699145 55.094516797685614 7.922035740297743 19.45760964748454 70.24011042608628 30.79682326147613 58.958735386766335 72.9274683385388 1.552181470139532 19.78309738654667 34.79859271124314 59.651379942073596 43.97836272656814 41.04119762770965 54.16609357401347 57.568795763057274 45.70456971976451 19.45577349838697 13.560611065521188 36.65808430266723 64.23266336319763 73.95456007041231 78.35510194222573 60.58284834460822 25.003677429507782 10.42945192056232 10.15527745724531 53.130546036519 47.68384291448641 21.42076706198171 58.85910777693977 22.64266483610598 42.638207058117814 12.938696626119842 67.62905425400669 90.98828614484142 24.294694082371294 28.695870121956727 25.688544161733464 60.5330087986463 43.44379069600943 65.63335196545661 47.985007740020315 27.144287248760794 14.950276888815912 41.48653089056817 48.82938334197605 13.562640761300203 35.073769331032274 40.37588119771598 118.78725091766994 87.41552683489694 60.86625474511983 47.95926278682965 58.5460852112133 110.32253162879451 75.63344882594897 42.449718838937514 20.389730991615636 39.518427127626694 108.63018145342855 73.16672275300725 37.92666937822653 7.463586120443947 34.71581658821198 114.01227149284036 80.87241475942027 51.12810011323636 34.92854861635103 48.560376142842415 125.56208851821366 96.33942786771054 72.99905822918191 62.51855322724069 70.85482586848684
52.35120296006915 70.4883594148364 7.921504899876097 28.491948141027645 75.6816338643032 52.2967022923528 87.42748295482211 54.23450901990479 18.45971906056056 0.0 82.33506250397132 80.43827159547695 52.39048880448505 57.86524133346416 76.68343002332344 83.11469094687291 87.76048687589342 17.311021362526592 48.277646385131426 17.27208900943087 78.26812612413897 65.93984567046361 90.27668079681196 84.45416600411843 24.77103767711769 5.603938646107092 58.04392577356568 72.6845682986895 71.35953111566275 41.91404191269429 41.40078785328274 41.484305049282156 57.38945899463259 51.94028545622926 74.10359503844845 43.86689324938286 76.61183530597144 28.86561714362358 13.575459311497326 57.997259285162116 33.02648247904906 78.27429405164101 62.52292150616999 12.071482299745528 18.21644753132065 71.43005259354851 78.07347069976849 22.345279491899678 51.94919100402663 53.89757125791862 62.28135336918145 72.06097686978914 10.6273506039753 26.43850121562995 88.6521662260363 49.253030904872745 75.76949474024461 89.9381566283736 19.688499094998907 3.7061059057377896 50.96408836898811 78.0726005958382 62.4337550376493 59.380497223927264 72.5627962788801 74.35383558405005 64.14745801298696 37.66397989649519 17.121305921641927 39.170054604843536 79.18260224002773 90.4928522891803 94.58999111861911 78.96667167980026 28.904892067560578 11.217814006994685 21.57767433234766 69.98641522338716 65.48716289492852 39.71377701794994 75.02104368560208 38.65571285279875 57.1106989136221 30.743023603797642 83.22542385048516 106.68593408470785 33.03526613940706 24.339057687689277 15.010600044019872 78.94767636124799 61.1391184672669 84.01658002410046 60.4223743188055 44.88121708400812 6.246906816135514 59.772744363511755 66.90531447007076 18.015938860058906 53.39361943994281 58.83313041093046 133.4438923868758 100.38574258193674 69.85338397235834 47.05173996034004 45.61151452694834 127.11500861945427 91.89023096055458 57.11050568078449 24.73077750425258 22.222039435219838 126.76891596046555 91.41540625462423 56.350713368315226 22.939861447048717 20.230658393976825 132.4525399129474 99.07667812411398 67.97704983945633 44.246455240679474 42.741041616177895 143.45066530880186 113.23412095712918 87.16625652003688 70.04329919921355 68.89331326333296
41.101837400117994 13.011298331110067 74.73569116484039 70.62566004704941 50.61216351643548 33.761300191979245 5.137086113093255 31.00312604872277 65.61740561450345 82.33506250397132 0.0 6.4729645196188415 46.40954100007797 39.14746690220813 19.769890244014334 0.9512832708934789 6.226836894348507 97.95159792816602 64.81392139044392 96.3956231289475 7.5538190979422515 24.062851143441804 9.516430101894462 24.047096500132433 83.25929354866479 82.59661314680883 49.511430812049305 10.534393445723486 48.0977129397782 47.66961714354658 56.819169187791935 40.85470159951639 30.861574972012274 30.973906791541744 34.711217609616234 40.93671006442287 50.990565122565194 85.762181617548 94.69025585947158 24.96725039003732 54.345822632952284 36.18780720304549 28.516049158453978 87.26682403375787 99.69920606679845 27.971404000123886 41.57774372609456 85.80242026837028 35.61236093879997 40.41541861000111 32.53647140037467 10.653162227950768 73.03279534978631 77.19288916658104 28.25071164009563 40.61902973345763 6.675815967914597 8.050993579610244 64.09333159238541 81.9931900374422 31.398436072282358 35.57207229001534 33.01446521290729 40.542072356311536 26.23377528427431 8.05005786734666 35.56571440082532 52.6564920342391 77.21713667022796 91.58389470912319 13.845585819934861 8.43886206776702 13.339414083924662 24.985092399744776 82.94534808609052 76.01944374689172 70.51221598510698 12.496475960108361 47.532217561247506 45.69481041616084 8.436382111731282 43.67950152648171 27.90196337866076 52.72806808448933 9.499620773988678 26.783436070667303 76.695171053806 91.77303852688591 91.1742605134197 36.04401503520138 48.7922778387773 38.61711153960837 31.59598513981851 38.86750747123755 80.36659995871484 29.579086625464512 43.9451986345744 76.74490303205997 43.14386340988149 34.963960496455826 56.15858866303128 35.3805967569271 43.381710902168145 71.02355751608889 103.62868941776189 44.7902078194798 10.722253187874799 27.49510797428664 62.6833747000394 98.15620315193742 49.54579903186075 23.65093198314304 34.58537260427134 66.0691338308424 100.33102174454193 67.07929779714635 50.84251223801994 56.590183946357264 79.70003637307592 109.69914168041613 90.2251914536398 78.68694497485768 82.30898882639671 99.4484196383222 124.64866981396314
36.26877707277134 9.9582923731014 72.68512837937651 66.75882918494406 44.186638963891454 29.975516138243638 9.923699637002809 27.379706423017097 63.12180186128743 80.43827159547695 6.4729645196188415 0.0 41.26453766689586 33.77350245104339 13.32188634293524 7.267193335506417 8.060568939189901 95.50488701453563 59.622135141571405 93.77420967223044 12.506275828772125 18.755167607480093 15.253316473049075 17.91193810804953 79.58874452978809 81.12741031603427 43.828630254629985 7.925393856253897 41.76516768820308 43.707830938795304 52.29008141150133 39.142021026141414 32.60970463108366 28.514756425611914 28.291694456631966 40.90114032295863 44.551734452195184 81.85762230002433 92.3687378245674 24.858126923408033 50.98274870283863 29.714842919001512 31.242072917115866 84.5606374159148 97.3856622588236 21.715303480254256 35.10714532638806 82.32878278750903 31.516380471514097 35.43282434211269 27.020396851912274 8.900609370698003 70.75452603362108 73.39197335774372 22.417780537166674 36.2979619039178 6.655622749665686 10.251180603214934 61.632081137820265 80.38007150148461 30.112170989134192 29.099170905588835 27.449836822892042 34.957355103624316 19.93075212188625 7.7769198930140355 29.71138379109712 48.796327508554036 74.09464395275782 87.1670486808171 19.404766898304672 13.24442062811825 18.447687463688222 18.521968243982457 79.00022876720848 73.42073887662059 67.2251523694375 11.125505146600192 41.43060074329446 42.46116830192619 11.424269503302922 41.98586686868762 28.81484294527244 50.18482429921868 15.801253469660312 31.853888511437553 72.44921611378494 88.31315848447487 88.39944644959697 29.572481226478534 42.92017996618951 32.22400364796219 34.187065903504006 36.01209591062948 78.02418217784782 24.776777651145505 37.78736793644143 73.56256378113541 38.05073496653435 29.73379304748723 61.313346498226615 41.85202270038294 47.707798330728885 73.02501702150681 104.50573702607085 47.469010822059325 16.116810371261113 28.25604314984222 62.20340973158361 97.32590713522566 48.403723881234804 18.668726815430635 29.77126475526869 62.899451652627974 97.76788736581788 63.467801972458844 44.92099871343429 50.39644544328903 74.79223656723478 105.73611935592648 85.49231531890872 72.57948224330201 75.88629959645374 93.71117142198382 119.73696500258073
6.024411794255048 33.89049593631528 44.81675214254423 29.163570521225328 24.129609916906414 16.225373002616585 50.99704857174653 18.669461189650296 34.2882499750957 52.39048880448505 46.40954100007797 41.26453766689586 0.0 7.772079064686067 31.102891007290136 47.360737377474976 49.237228072790344 62.99671096436977 18.404482903905315 60.47079090300916 47.164924959549666 22.509634252946043 55.925357483355505 36.35698670569292 42.040826408129426 55.567575353020295 7.451068280385383 36.266860788387554 19.50414204838041 11.739506114992528 12.81875013625344 27.029680539468355 43.58626312238237 23.557742561095107 22.796407973965167 37.44121865576103 25.078937767178076 43.22363022089014 60.7402721016926 34.47219736130091 19.84876690730332 26.58673280737774 47.428569166899074 51.472406348682014 65.45607248926117 22.926435485669526 25.732242212365307 45.52787017269526 13.620635873918708 6.143050137062909 14.542394979685028 36.71568656606736 41.799686889482935 35.61436843191615 39.303539155308826 9.386979206149743 40.511279345393106 51.34368340327465 33.379489350146976 54.04654244476972 28.937999020796294 26.5050134975592 14.255825940500571 7.849411575607832 24.652388119749826 39.54648783755387 13.745525520669412 14.836705889423053 39.71653004517631 46.75550683982965 52.376303329089424 54.40010549496373 59.56178304468626 30.66396554390638 40.31649495391278 42.120956138432476 32.73434571638257 35.833003068274934 13.693835215380291 17.26007301579548 43.42542445479202 27.83152831627755 38.866817596566314 25.342805798333053 52.79447756732095 73.04002148932156 32.870448542441544 51.27436212457731 54.659121512398976 27.291094890664652 9.933173389371955 32.05185904452685 48.134732663484236 19.599859178692412 47.64090562298426 16.930988211143035 14.542394979684987 38.91175105289058 3.289867663277625 11.533090665460444 102.49631891344471 78.38350554424146 65.68542539002586 70.83289415373606 90.84131932864693 87.12067191557026 57.061083722032855 38.13272943488219 46.73783062359512 73.80329631569133 79.09542303149478 43.9842396980051 12.056113752581028 29.80428753678832 64.52480431647238 80.64610588649668 46.69033375240862 19.707466425678064 33.60037642352416 66.34599049310177 91.28593970335663 63.18287028279721 46.72466430149143 53.911782191424834 78.49798157764137
5.574371395082556 26.99102183005363 50.08237673473151 36.41052238885361 22.197657115956748 12.854145354041686 43.594950318635576 14.437293797924797 39.45222865992357 57.86524133346416 39.14746690220813 33.77350245104339 7.772079064686067 0.0 23.33084028210079 40.095880591016716 41.68113018313516 69.54252205758168 25.88140620250952 67.15085421751404 40.49008246086639 15.092554731723387 48.64094723011746 28.791376464624744 49.39920977106271 60.55744415333732 10.896848312506096 29.274855211420462 17.534308049264528 15.96378236371454 20.266892337643636 26.812006413738715 40.14572765351554 20.2572723561533 16.255108765096665 36.39827861076499 23.094095192109503 50.778674712244104 67.09033404798498 30.180476018029623 24.839582767475523 20.41224146478878 43.37331268932912 58.02077679805668 71.90962581952193 15.26418190661241 20.83289683177288 52.76904254143448 10.639321669395617 4.022904139216501 6.823196637114162 29.868952157744623 47.242342857344234 42.968769119272174 32.014990580006646 9.47806530550293 33.50929953904779 43.758808055453926 38.3517555250884 59.17562842830376 26.044429724334222 20.20793913337132 6.498064027746317 2.607176802242127 16.94108427303271 32.64872321383174 6.432444499793775 20.391913417176703 46.38581848639725 54.523311001195125 46.10794952284997 46.977736061643775 52.16368335176009 23.072498260918007 47.867304368132686 48.12607699853507 39.3004198015645 29.235049372176913 12.863567690621748 19.652076207625502 36.8346223573575 28.345536333001174 35.11225419411973 28.792129185684416 46.02191933680382 65.61560672731308 40.5330948435147 58.59518468785269 61.37427619199088 21.083083093242887 11.37326940429534 26.195193979926024 44.51722041312915 19.08432155398665 53.54602804170713 10.333082552562665 11.540341810469483 45.630113939846936 5.018416507490315 4.326054301087806 95.07957598214574 72.03175667855216 62.20251409760379 71.28718075211107 93.9505301092104 79.35488518414802 49.714095621946306 34.32158722217279 49.15931184145303 78.66060689466718 71.6860346532385 36.38811869980259 6.443056499834095 35.932449790735205 71.22484886057366 74.60067461838948 41.79055873884764 21.443936752849893 41.296919072802545 74.04883593902164 87.04190326067912 61.143553690392366 49.324799473280954 60.49378463495949 86.1290924509434
27.21093727266946 13.828006221615002 68.76680992772049 58.959248418317735 30.86963475958008 24.38778313860424 22.85259184803463 22.61694019253239 58.49133451563147 76.68343002332344 19.769890244014334 13.32188634293524 31.102891007290136 23.33084028210079 0.0 20.5868626741308 19.97960968832339 90.33808552204495 48.89123635804237 88.25702223853665 24.607024275717205 10.743674384560803 28.327014946668108 8.723330393366831 71.997294322947 78.26757050507372 32.175574645936415 14.315956860592744 28.57691480832065 36.471515909460734 43.306742037269494 37.48973108606891 38.30278767925506 26.43995466044893 14.985611201352572 42.591263523687914 31.229926607718987 73.71857977987342 87.5106818956009 28.27878146818174 44.82984735766131 16.529892796206596 38.67707579874554 78.99446087974022 92.4782445371261 8.982375703556242 21.849836522445845 75.12868018342746 24.903663305048408 26.013099304542486 16.64213253017404 15.716894027691186 66.39022408462348 65.61252832966767 13.856800733895456 28.62511987565262 17.040127406684213 21.762774221181978 57.12431677361683 77.23010026857617 30.376091790701146 15.90493216483885 16.8666798762608 23.838614093890314 7.0859003799151425 17.15525460088706 18.014626644361588 41.559706829569905 67.80773812871296 77.8448003029508 31.53123365915025 25.915008174100464 31.03240800664878 5.852265740398762 70.81129283907099 68.29686614914002 60.722552852410765 17.003254080075802 28.753664374105032 37.07300442293697 22.16851125543575 40.146767421564505 33.466990362987815 45.953041180891816 28.830318936561437 44.02105765911566 63.687870136008534 81.06095759296073 82.62694516598951 16.45475498473194 30.798253057275467 19.76275690001058 41.17464459968471 32.05071406731453 73.3602955701307 17.071358353887305 25.009087163559084 67.15422332506682 28.17344837718399 20.02221866686843 73.23007136444397 55.13565897052765 57.003428268773256 77.40150634682172 106.13551686227544 56.049229964543464 28.97807011663449 32.71297749112773 61.9091853083203 95.53823075054454 50.14150050816031 14.774630104092912 21.321823787968256 56.77289404290213 92.32504362193646 58.996953235913246 34.28789247750279 37.45490184207628 64.51566317901434 97.23097726697146 77.72305196816586 60.92441125201878 62.56862996835537 81.54766407590483 109.16660691259469
42.05188268082959 13.940986711471592 75.53063548656526 71.54263677715186 51.44495675381095 34.685210908898426 4.314391055680032 31.922116544617047 66.45066876652373 83.11469094687291 0.9512832708934789 7.267193335506417 47.360737377474976 40.095880591016716 20.5868626741308 0.0 5.897599838116821 98.77341737983278 65.76513101866958 97.23115867194585 7.608025217882979 25.01004434973606 8.565147576819061 24.64930149952719 84.16476356338588 83.33764400538813 50.45150850140226 11.463203160525053 48.96482516459784 48.59522894267446 57.76229380351271 41.64139044723022 31.285731690285584 31.829045957054934 35.54623948744961 41.56075708219479 51.81540477733246 86.6791963645959 95.50266793808291 25.637972611275856 55.240196115462396 36.96515009373217 28.800854758348954 88.11022443390473 100.51010673394242 28.852068399382624 42.36770848163145 86.69662304680865 36.54680114022336 41.366561339180095 33.48043337627297 11.547219296992868 73.84684448452872 78.10580461528438 28.761593921662794 41.55892010302294 7.547746082293117 7.549359111038192 64.9245567476317 82.74768460096107 32.16292671358741 36.35151404207007 33.956909750300305 41.48503103319821 27.104220290255547 8.901019374974332 36.49426472934268 53.57649887721735 78.09117607758473 92.52135831585991 13.593945692354668 7.549359111038222 12.404045083384188 25.73773931985235 83.86454021631931 76.8573303230356 71.39789648782401 13.3509130486402 48.440363643432654 46.58531002330396 8.901019374974357 44.46166971846208 28.44590567388304 53.57029265975612 8.955975720514544 25.839314491072063 77.6275501056965 92.6657114800023 92.02198051625476 36.810768545310495 49.721743224726076 39.30845202995735 31.8922502925127 39.73967342538627 81.18372368165936 30.52977021217499 44.845496385297025 77.62285853017207 44.09513616026903 35.914138592498375 55.209136562026735 34.598765976936086 43.33922015877185 71.35607157276735 104.10224515045614 44.00124699118542 9.777721646147553 28.0590154775986 63.33421874249857 98.82989721244063 49.20084395223829 23.99280733726475 35.53571451712159 66.9486344334109 101.16151809040771 67.0959112903592 51.353678460188995 57.48649353678171 80.64955830516693 110.61719231973989 90.44007394771974 79.24723003380753 83.14398383124214 100.38825983530515 125.59763317954022
44.31105515227003 17.486278146891184 80.08059323718794 74.77662328245036 50.479672256703616 37.94293362456679 3.8610497335196454 35.30068617704434 70.7174397233899 87.76048687589342 6.226836894348507 8.060568939189901 49.237228072790344 41.68113018313516 19.97960968832339 5.897599838116821 0.0 103.10209383730876 67.55745395510657 101.44456080591203 13.463589890974692 26.745753664137293 8.970958710897579 21.91412868384337 87.57645459828791 88.21087589292463 51.52883080724374 15.149371696534589 48.48815874301714 51.7275050165668 60.349160023691915 46.30325386002923 37.087124174307135 36.01380260118836 34.77211139099266 46.95159022671952 50.74854083572751 89.88534395824617 99.90818179309869 30.902428885085328 58.87826200162187 35.50586017985835 34.69431057791862 92.26030131546118 104.92390980408902 28.849854511358917 40.97907624160984 90.27408098683347 39.54290627518561 43.45292911381367 34.888463859703364 15.699586558982613 78.25922923489114 81.40146215425209 25.309706710517474 44.35196050480318 12.108692106879174 2.2257508689306533 69.21103004753779 87.54651841337262 36.98794310009152 34.92281343677005 35.29033762071001 42.75352960702396 26.984590018043686 13.529566940282127 37.32957374583386 56.803501317511284 81.93696765898046 95.22697742259943 18.955061500593466 6.081300857697749 11.07006555405929 24.248965392201875 87.0326944159559 81.06954684104672 75.11308159789277 17.793858275809455 48.67694445360272 50.306015120632914 14.660945886284088 49.144474990341294 34.05648363338692 57.78403364093783 13.608082947677367 24.139620254247923 80.50677817146523 96.25728679343544 96.12778195910562 35.24417421324546 50.45600035567782 37.011926634422345 37.78306778611025 43.708624986983544 85.5644374236922 32.832207868108526 44.95760005554203 81.42331550068243 46.04260326169993 37.704776625992466 53.52447111867472 36.960820300784256 48.98487846649566 77.23417152697476 109.83122978260522 39.6445355270477 9.22470062550589 33.626038640697104 68.6187679592502 104.01235323900107 43.326518525494734 19.69054268248294 37.82130240239295 70.74876352493324 105.41597291461775 61.49264826722542 47.68597491179226 57.43450709876041 82.79889490572874 113.77502088523859 85.34668965358212 75.7871522616339 82.06960074131595 101.2878975366417 127.73076727419286
