0.0 70.73478300354475 38.45842040695619 86.00472092867362 82.33588841266231 33.0343391125874 49.24922120971436 5.312850003285389 56.82226395961852 55.27680517416114 46.8294216545009 56.86328024320419 36.60165644265351 43.83305393740015 91.13977756751432 22.18954870293426 14.008036314785295 71.5049166336716 58.255247918129946 7.934277506397579 42.98650485004601 61.56300049539775 81.80261212905721 53.353588130976306 96.273192842673 89.77975713687687 18.79831425869694 48.44711681637924 59.68423959394767 75.01116836743176 39.81910491352551 60.256376062456425 58.58134381314542 97.14802021696435 51.373364293453555 51.03625782527681 41.727844163655824 21.758514650271746 46.80932960258327 88.17711170593894 42.040711745048576 86.14987100017674 11.725440025667151 41.4190073854805 20.409971632679685 45.820703365989345 52.5112613113082 88.38156057420011 15.469078000092997 48.692000458909455 9.975804353064479 64.83115415771323 43.981553427380945 81.09136100701953 91.35648199784507 53.70143317250123 50.35712587190906 9.253353508141355 49.08671379107569 81.49503287134849 50.376023520594664 50.62201109868165 40.563532367303885 70.90187418681305 92.52899123418318 24.965180420093667 18.158124636856837 56.73423036177737 50.20264511666127 19.260847755702912 74.90919904598324 60.96801853542839 36.464062148626674 21.648730187302334 95.84026948806064 86.31475395737962 14.68928250654553 50.131937205178254 63.81609099130156 68.34393995225943 42.11489729072092 46.31018005205665 55.61869159824249 78.48205334904658 45.27548944184437 61.791737110644256 45.6763361381495 42.13255889931747 39.52545020829839 81.8599462860414 47.80354377292038 61.99655419782101 49.38294839317259 59.30425389993768 51.25666875524198 45.023321012196305 46.304183274637325 73.96056062756352 26.68818217449355 37.34806597445514 128.8084794516424 95.23079561330928 63.86209887143706 40.24939872070628 41.15633255233117 123.66343264979893 88.21668622409071 52.952168933406526 18.917980177425477 21.07266158142938 124.7239977542451 89.68349150674115 55.33882629587756 24.775931002545875 26.410449309352476 131.8404433801048 99.2558527111294 69.66859675207608 48.865834084642046 49.53981631606504 144.11808129036498 114.92548638683883 90.43125916525867 75.364826008233 75.59100818957756
70.73478300354475 0.0 57.93630054846361 17.633499795286035 36.042826565565534 54.12204715117421 62.41353094340922 76.04659568447755 64.65528326178833 53.533259859290894 49.0460493624924 37.59279198520653 63.4718958291427 37.695091159606065 22.275358895219497 49.34086831109334 66.76291687428512 44.728360949592144 78.01569800858043 77.58712772999145 47.87619047998153 41.618942039344525 52.64163400456923 20.27889143588283 33.47431677584919 65.11640534884529 68.24976525529542 37.34080209306837 40.06445582898094 66.24401992905152 53.304062433487125 57.454373894080774 15.608991289181018 100.21239051314842 20.63744219602799 38.53287651121922 44.820324776580904 84.98639648732504 86.09490030865119 21.308371736421215 32.38047526549838 27.416720846929046 64.03245720537522 51.54854091790203 80.45372882909807 79.3077185086612 45.681173642310405 27.710326412420148 77.85838101399715 25.51851404830078 65.93226550688469 6.248228900493964 49.96710441421872 26.795190454157378 28.88251672720444 17.66184121493866 64.96073571425103 79.77809728443437 53.470467301524565 20.773505112363402 51.41556037250535 42.53680271909147 35.93303444891976 71.66495346380673 23.684550044801014 47.05527366194489 71.88311470762022 46.82479576836695 73.82560480680316 89.97039937085673 64.94503854318643 44.358487008204605 66.27026000524167 68.56144896523902 31.395023679871763 63.819455709335074 64.29502696607241 43.40975613333135 39.32172073912768 61.06417879800206 45.827250597287204 52.81711281098645 16.280004518069294 62.35203682566083 25.980879968953108 32.58265119915947 48.31743996689397 31.592824775588383 43.27771526559243 25.11159488609728 33.13377102288138 37.658863752089985 38.07545968997827 29.967765903484832 87.46423018622224 35.34036469246202 45.97851620881701 10.49663930966489 74.51047590572729 53.630171871251235 58.18340542206446 25.140914868578033 20.273862729608496 52.174710302664344 86.98033258099669 58.19277358827111 25.162383907338864 20.300226185965666 52.18486136618436 86.98636261867277 70.55888859023649 47.0139156295597 44.43235427565055 65.34779483758798 95.38662806163704 90.34208435237105 73.2356757942276 71.39569563592234 85.80988080808824 110.27889677379497 113.7348900186736 100.46110932774863 98.90022821848427 109.55403767589456 129.44083811248106
38.45842040695619 57.93630054846361 0.0 66.99473413633342 52.19509984460614 7.180906449037373 11.340406258978637 41.655149730748384 18.776322382193722 17.622964656225825 11.801441513987882 26.173716933200893 5.873460282013184 20.245626235404135 71.73122880512888 26.5695449307127 25.014393748664638 37.00916946445769 25.11138629284622 39.701229999094 10.574672280401362 28.189166328420548 45.872429558103796 37.85359255237732 71.1598122706243 52.13174787415493 21.73210066210848 21.36930765589179 27.203527695469354 36.56386657461459 4.730454489896438 22.013970599777483 42.33783073064673 61.22533805728339 47.39842427093692 21.6475929443448 13.138128522397928 37.008745455793296 28.158600791831105 67.42879434834227 27.15978647968903 60.793162072439344 26.76989950833673 6.8116158782536615 32.0629268753495 21.510443105431357 18.173776965431962 63.54170742304625 32.72905572927832 32.89860824227735 28.497371857286332 51.91493401703744 9.321241125104885 54.94188434296845 66.93497903193597 41.72076506927973 13.150630393603684 42.80240185425758 11.534064998735243 58.525572879721516 13.529253164775715 18.645975293013684 23.15250046745829 32.8796576699675 72.88359450326087 25.124527651940234 24.822721605725302 21.375814164128222 18.1338958149457 51.28138714265181 36.501989590978916 26.437093720995232 8.684909365409684 19.692429309905567 71.88713343504844 48.57279293806006 23.815508548230667 17.74543149123738 31.35196953122184 29.996352893586668 12.216010641972524 9.246985775022527 42.296446042892434 40.4172495461963 42.39293073141918 32.89676436642494 11.530165085900906 28.31244655604378 14.912027535179865 56.68344127959839 24.8815155206438 30.4518517190006 21.15789472386996 32.48237721027147 29.756995642360938 22.600813340077003 13.60974532963719 55.41202803884157 21.48360288465336 4.591312817731407 109.90478049002469 82.23524502836105 63.07414720034741 61.042594449291286 77.49958968411012 97.4329258946926 64.81613055310162 37.964150716647595 34.836947745830535 59.31390516355929 92.10362869863874 56.57347223496756 21.2190438697769 15.236423646845596 50.46048066672938 95.1253289248489 61.32677576425009 31.706748353720407 27.961788211125832 55.5932059883024 105.78465057505228 76.69645280397245 55.735583296657055 53.50439623916121 71.77145245388648
86.00472092867362 17.633499795286035 66.99473413633342 0.0 28.53123182103851 64.74533728530571 68.77006965264688 91.27295867356442 69.1198169049552 58.10339543188042 56.337083409009146 42.44801622364044 72.83316395257559 47.71638938627776 5.137501196656134 63.99595748738218 80.27456931950411 43.31614413124092 83.14547257774859 92.35940550709206 56.430273517142176 44.23030980130415 47.91790553759232 32.87958516345845 17.06102936932112 59.526177537662434 80.9556949356919 45.63780874848634 43.5204819898521 65.61084527879413 62.270082585796665 60.595178056706494 27.5639974473378 98.65767036265008 37.88782070623999 45.594137046666255 54.157213732031934 98.13986590478176 94.56536015376979 4.254672552839172 45.039717404072285 15.331960395167716 78.10047293937347 60.21392244993707 93.36096913326696 87.35653557518924 51.39302358142489 13.957205950462903 91.36345123996354 37.94205117754858 80.12232813107974 22.059518590508766 58.03245778570184 18.553038528546715 13.432548963698867 32.40280486481716 71.11492432797047 94.7784981919373 59.87679271665198 11.117518658597765 57.50784166826443 49.19439374846852 47.82754053259822 72.8625901585917 6.525730153697222 61.420691151384425 84.70063659513312 51.030044929408305 80.49695183260803 105.03615527092875 64.19000476409263 47.10939148915814 75.66477682630163 80.7881566435074 14.427692741664117 59.18866129481917 77.83413401308414 50.14120090650399 41.09727686956497 61.95513886303092 54.896562987509064 60.038862806043454 30.408004192182947 60.133133428409685 42.67839588471968 35.88483963418107 56.016674956472954 44.59853053822662 53.59530481568813 15.949708684592883 42.77052415070798 40.3200346331965 45.860264601537644 34.98708269945381 95.14260526276377 45.522955622786 53.70780717200657 12.209174022129869 85.98474374411038 63.214370140470834 43.53877125319654 18.86488501012095 36.71984634940361 69.80697881017979 104.54609227628977 40.559851617431164 10.378779434145814 33.204603031844805 68.0410270578583 103.38677944608429 54.70787299502311 37.985277461772 49.244213919457465 77.06675852431287 109.47949258888187 77.06554294081896 66.04010124568194 72.90824904613419 93.81924817015714 121.7399302372036 102.38835298619237 94.1424172954489 98.86476566084784 114.96832733586218 138.5395897629577
82.33588841266231 36.042826565565534 52.19509984460614 28.53123182103851 0.0 53.00951081296356 49.563537251815255 87.10255082813337 47.33773604354243 37.7898232386161 40.39459001318251 26.50608704639048 57.82987120197217 38.53901696813501 30.57453625567806 60.925736539154165 72.56407069787713 18.06524617183347 61.14587880031876 86.83559295834624 42.53273764021045 24.191034692093083 19.59273990419458 34.40753447097953 21.759681394950842 30.998219878369465 71.40559757282733 34.14851331689646 24.99157655213071 38.896153461205344 48.009757621454916 38.066241488890896 31.48550249003339 70.7327750723615 47.89691993733977 32.06443290518399 42.08458194551036 88.29190334608654 76.4246854896287 25.78501276188904 41.5856404505555 13.949983796925768 71.91010622496651 45.79251013787846 83.27504371875823 69.02268670164774 34.05447704326347 16.477188823009403 82.74795853216855 36.684012418882126 74.04202350106404 35.17851350375832 43.01297048073535 10.137178714614064 19.428699390528724 37.882213012913546 51.37783381142675 89.73115120380385 41.931207472729945 17.710615314880705 39.49120242135941 33.907666063765205 42.05722948654391 47.294851453533106 30.941889941414786 58.013718513310394 75.06366157076725 31.521596637390697 60.672173728506024 99.60049258811411 37.45166001898806 26.449909375455988 60.41838444761431 70.25703788284675 23.83219562431094 30.725278286087832 70.41935320978726 34.71758706297243 20.89039504508581 36.78763587841319 42.197067108701255 43.31600286656462 35.82569157117305 32.58802290651667 49.43755258847211 20.63751941862323 40.793992180432056 41.96409421598063 43.38970248279856 12.641442845407127 34.60909650584097 21.790494422213232 33.437331170057064 23.073682935223964 75.81518527559655 37.328585343650026 39.02837678366958 25.70944872857152 73.52651759072948 49.861162666358375 62.83096639737219 47.31211758806835 55.32908727767673 80.10208875552124 110.92135340503744 45.61524634729674 19.723900521890943 35.06447627697285 67.83956392553301 102.50414168529043 42.55839593466365 11.04698821113727 31.06548033203761 65.88096404642374 101.23116128325054 56.0280702528983 37.91388517780699 47.62313143233556 75.03762076759958 107.35692030527622 77.87463308310994 65.8425237941561 71.6808145019133 92.04978088699421 119.75102052888012
33.0343391125874 54.12204715117421 7.180906449037373 64.74533728530571 53.00951081296356 0.0 18.32922782237674 36.76831322693536 25.5538757545668 22.255595521415376 14.024297063304568 26.50344259006795 10.364512858106679 17.0320217968376 69.65743509263754 19.404174414231942 20.52769832338031 39.52604354508421 32.18897015517482 35.387533442106054 10.687832999964886 29.933784829473016 49.28062322750865 33.8433708125746 70.5906663409011 56.7602974632662 18.493971550045053 19.729382476098035 28.452263923146457 42.367189665747155 6.810419217896369 27.391517712882724 38.7273587392634 68.29470622064797 41.74947024264595 21.086577566858832 11.11648066502497 35.29809769816302 32.82346593620329 65.61688964013265 22.172773846334167 60.14207948717405 21.3483495376238 8.423127048218092 30.28459446210771 26.90850882725548 20.160124874474665 62.782450853264486 29.8748771193042 28.636865668985635 23.28561190740209 47.94972974548139 11.116480665024994 54.42841285316184 66.10701112901656 37.16422965760059 20.28392309623735 38.46026945765017 16.094664570090107 57.13919214540421 17.350428654709717 19.2154376719527 18.31868336385613 39.52263858633045 70.88492026972705 17.95235981026944 22.085483869824618 24.13795941027924 24.93804570489099 47.63118254058035 42.14668459874764 28.787249996839424 12.83658468536568 17.25152518536355 70.99662341066008 53.284443423461134 18.83785147085259 18.493971550045053 32.72010351161828 35.52309637512387 10.832600352739957 13.291177241862696 38.03970906863128 45.472786314564075 36.39643987378633 32.74076573998875 13.044716260292587 23.20324697818836 11.155037691860715 55.902646116250814 21.975236708003344 31.353746926246277 20.011495023236225 31.507514075455457 35.11907938323709 19.267330032488996 14.239825820650374 52.80049520543357 21.3483495376238 4.343705579640932 108.11256082782867 78.91431237347872 57.43487942536981 53.87221772014656 70.97760280569584 97.43467709540907 63.665958098429385 33.84361725565479 27.742114665632574 54.0930468004885 94.19980595627457 58.64543064600586 23.177154417750504 12.933881704711826 48.26593998668143 99.13940899330017 66.2216022573003 38.39492530870506 33.09428149866159 56.9954747410004 111.16887612946594 83.01411065127908 62.89917579430872 59.61048789499469 75.3833829297414
49.24922120971436 62.41353094340922 11.340406258978637 68.77006965264688 49.563537251815255 18.32922782237674 0.0 52.0557868942915 7.5754284222039034 11.784737002585079 13.455415666591893 26.32364135296288 12.977494509542307 26.2521106494734 73.12815937566252 37.682039285296874 35.45426075327493 32.39127708400139 16.00727423984669 49.695011225559284 15.764364420883348 25.747398580217386 39.30284443394342 43.33629109119776 70.18119361475516 43.45272559720171 31.50199736844433 25.192797755166882 25.7257608826754 26.426699492160488 12.807002497723225 13.51482536349577 47.01386769969474 49.96807957549987 55.06745095524161 23.925944297770606 19.485087198488863 44.655071898678806 26.868694018737774 68.49947270627187 34.63620858980979 60.19695959733633 37.68794703754439 13.134385704296681 40.00555180551862 19.462745690490955 17.38094400918701 63.041246013123434 41.669246461992074 39.01679873882033 39.28036861043501 56.79097899161907 13.29259098519338 54.313586513660724 66.45899251977532 47.84675900298436 2.5974119249394176 52.77087036399035 9.002455468459479 59.15571343933156 11.278551992964845 19.97642451826526 30.748583728073527 21.692035448642095 74.13841482284357 36.02116387475388 34.034492258972264 18.339239404409405 11.726889698008923 60.5196333347105 26.61140822672361 23.20051408409691 14.201960010278826 29.03820839977857 71.4016550039394 39.84085640032501 34.563199593553655 19.06824147268605 29.160534129799743 20.537108259480203 18.243577886222724 9.794822897710025 47.94758124168448 31.354598714366734 50.74065678407412 32.99180770741466 14.396110924664638 35.876905243424474 22.498624320738987 56.41762707156406 29.85435054002095 29.124136093488488 24.353936131537477 33.87493834169105 26.613974563756848 28.413236224210628 16.630658521014745 58.06269204084997 28.572847015063726 14.606512301889646 110.35406150084377 85.47237717962014 70.46380741077459 71.81143066578464 88.77346179394753 95.15866854762363 64.90083673229807 43.6032223621538 46.07102534118442 69.82845935111288 86.66498230398442 51.79115301931904 19.647780355225798 24.939013278058766 58.22440091791544 86.86223196744191 52.11745448526261 20.484566252415473 25.597119370023087 58.50653175923436 95.6966813038838 65.67977826135991 44.74355404553232 47.141403054169736 70.53234741770312
5.312850003285389 76.04659568447755 41.655149730748384 91.27295867356442 87.10255082813337 36.76831322693536 52.0557868942915 0.0 59.58669315742961 58.86186621801336 50.73402776286053 61.38005130827052 39.17363207915013 48.564060608264356 96.40905880848558 27.375437289448936 16.654396970922864 75.7715064697776 59.86008785162089 4.3212411408950775 47.03436065445798 65.8835098430174 85.8992262531071 58.578740809827096 101.38486273531778 93.47277670906779 20.739463549745246 53.07920570797731 64.07622017489453 78.16907046067345 43.45960261828378 63.63417672131321 63.821611316692966 98.87470691764716 56.66306214961775 55.559514100777214 46.039542668172224 19.148238290352825 46.82724955143292 93.41284432362473 47.14726039860942 91.22084968818338 15.55240409634255 45.19143337731931 19.015628503871945 46.67899311180703 56.60709499061312 93.4827001370519 14.243475644028198 53.867362266500834 13.515520276841562 70.13769160820014 47.84757737858533 86.10435304880932 96.48358090975208 58.99189060144434 52.949239851501034 4.197013687126949 52.646203606686576 86.64635258634112 54.090450608530894 54.92304780476994 45.52786025090581 73.54842721626315 97.79600376264544 30.10548987029729 19.143127676603875 60.75877517248789 51.90161322582785 13.953085946643546 78.1471072365791 65.14720644948652 38.6817032441967 23.45759953297449 100.99656924532476 89.9673414493066 17.96595332148839 54.38515696412358 68.2530871362863 71.65085277671629 46.34023066731046 49.9261019149588 60.898430852133814 81.98202028469454 50.5763334049191 66.50545509793201 49.64776258059263 47.27808058554119 44.02499065517591 86.92317368885784 52.669730773125835 66.50169921052395 53.95702088616756 64.12654434260605 51.40868591002473 49.85349364953831 50.43640184102981 79.21109507946994 27.330991414611567 41.00643643859236 134.11277644975425 100.53773760849776 69.0044703936388 44.13136709067609 40.81321557095904 128.77799477541475 93.37349505414934 58.18638813591129 24.184922897028102 17.786898897579118 129.38924411767732 94.20681839259117 59.501917158591574 27.1705177595447 21.637959726655502 135.86626324278154 102.84343885011363 72.29159845461446 49.06677457805822 46.056404513866966 147.4376787120179 117.57575100469653 91.8822636182994 74.78468118220476 72.63092828127168
56.82226395961852 64.65528326178833 18.776322382193722 69.1198169049552 47.33773604354243 25.5538757545668 7.5754284222039034 59.58669315742961 0.0 11.185063529281921 17.528327576222132 27.264884627394395 20.436025833945852 30.65220768568318 73.16341941177069 44.71569791417864 43.00703441883289 29.428315862588835 14.082417416144981 57.15540961647318 20.937653769941445 24.95075585075498 34.56955296498004 46.64835994692036 68.66910745247377 37.12127633627445 38.97367301942241 28.4878122367664 25.62219180071404 19.336058899061214 19.466430011466286 9.290780567603433 49.71273199498365 43.03220278595957 59.51827998155975 26.456288582828318 24.642887440083797 51.47981967156516 30.267520889274582 68.38336870657402 39.427964573704514 59.10925977072139 45.26230435590215 19.222668007837395 46.970829909810554 23.176629787065746 19.026053098571474 61.964429647421454 48.90643424102083 42.85662096933974 46.854711186875655 59.39347293073429 18.47787307701961 53.33281148944045 65.34041209165402 51.44151846522764 6.872610817886837 60.22060629628053 12.53013245365578 58.91153836825135 13.83822491968463 22.467926985278087 35.75621203333239 14.128579766016072 74.06540013015172 42.87997943152069 41.385429925434885 18.185064044076615 14.024490897739701 67.76498522946146 19.700696418906283 22.107865325336373 21.364232735911617 36.451675910290966 70.20254677910312 33.525768124634546 42.13745191966581 21.704961868268057 28.225250556876134 14.226131961573223 23.40617213369645 14.66097529966228 51.2397923695217 24.966840253494127 55.698801449382984 33.35372941244091 18.816919046938477 40.678028995566414 27.95285791539401 55.63193708603298 33.44702768302414 28.803328919440467 27.373725541603704 35.03338335534264 28.86020647230534 32.56623310862377 20.643356127244342 59.182290828746716 35.46324887856725 21.564044395407468 109.42565400892471 86.59962088828293 74.54604129448347 78.40170636861643 96.27377734268867 92.53050948890028 64.18391353623127 47.00447981576108 53.21122329809842 77.36675153413665 82.04098505277236 48.01730406393538 20.31757410988225 32.436865030175326 64.99000442645381 80.5019358216975 45.36361626359332 12.936879412717365 28.444281962492834 63.1110185527591 88.38226458332284 58.1048829299771 38.38114404101554 45.85007182319813 72.55017591303763
55.27680517416114 53.533259859290894 17.622964656225825 58.10339543188042 37.7898232386161 22.255595521415376 11.784737002585079 58.86186621801336 11.185063529281921 0.0 9.423208113293786 16.079957954305264 22.08585254965895 21.248913558421368 62.25110196548412 39.41102978676953 42.34326443418039 20.7032534984059 25.060632124691892 57.15871825052194 13.637933527570686 14.226076968115924 28.480044641353135 35.979497674233286 58.56772986796844 34.62806824494414 39.33273001857063 18.177837193550882 14.59303384248627 20.707156540980606 15.457883457848526 5.764290252053906 38.750554845113015 51.020177532400254 49.51714339728317 15.72755395943119 16.731598685175165 54.34817632676422 38.634938576647556 57.52036899303219 30.10385261396352 48.71296531443118 43.568530075471294 13.986872864999842 49.4729900995493 31.23407129138361 8.17502586483269 51.56662848566434 50.341816854072945 32.57284699757561 45.45825219110823 48.36495686210938 11.790530454001756 42.86004366086116 54.97368297413267 40.890570992306344 13.632805471303246 60.25783689358568 6.216884640213926 48.08333976223618 5.173104051628652 11.901650689899242 26.82182567634768 20.667149175990957 63.19359910037591 37.09410154911405 42.44247794663433 7.0734754424809045 23.043136580134405 68.89356045006838 20.267023518974717 11.537061855288577 24.19248201700767 37.31144099005613 59.893040109425336 31.10776774836017 40.897984448828616 11.29657764638154 17.613841425072597 13.645801942759805 15.668341131645269 8.966975855435418 40.52204186387593 23.218185050197803 46.233447975206666 22.250094313046787 10.851523999755846 31.32806085143678 20.14851241152066 45.05425334980716 23.185549070163628 17.88374727117257 16.912864552017442 23.848331498878373 38.15907402216043 22.818462214053906 11.748902349827624 48.01331400999995 38.456019541170654 17.929398248454465 98.98822992852315 75.44382255664254 64.16382838840161 71.23446637828594 92.54094953793744 83.37612072990476 53.58645300819664 36.38161930237846 48.040819513964 76.31777181801303 75.41599571622187 40.24194546310404 9.13594774705256 32.8591921634627 67.8837026084839 77.50307077253257 43.99500213054207 19.914756903232085 37.28053070220497 70.10906855149759 88.93267192165682 61.80556682794644 47.57100347910909 56.905509215706566 82.1318325117822
46.8294216545009 49.0460493624924 11.801441513987882 56.337083409009146 40.39459001318251 14.024297063304568 13.455415666591893 50.73402776286053 17.528327576222132 9.423208113293786 0.0 14.540505242508052 17.509836195443583 13.15466739079533 60.9071862223594 30.03339713563933 34.5489714524688 25.67616365611919 29.37918587620232 49.411641865614236 4.226938956330035 16.46777060098418 35.257693848073664 29.890239878739468 59.54843306128514 43.0299348058311 32.22611712936196 11.747041655875549 15.40345195968538 30.118864710659572 7.8243725788647795 15.155481653868067 33.58623048009511 59.75854146762506 42.07482224458235 10.808849116342582 7.442467932421921 48.4047489523165 38.23608924693932 56.44713852850651 21.899673884392445 49.23902675211673 35.23600478483738 5.724667538894429 43.40751654833633 31.02473748955542 6.432291495897079 52.01923825493111 43.549766734218025 25.67526121218182 37.224636709491335 43.36276776556445 2.913105084747449 43.36016422458006 55.428401931075356 34.45369266499893 16.042028881663736 52.48442397535259 5.003489178841087 47.33463321998407 4.3178596889411756 7.181798638626491 18.25750626046177 29.552283482285098 61.99884192996019 27.68084089586858 35.65236140266109 10.13398457888219 24.79008239440706 61.598930875561415 29.638559367870297 14.950579521266752 20.194117761497296 30.611538691292306 60.3908107911463 39.623157990785174 32.84539718159924 6.2364316145927985 19.570341919699356 23.04448335743929 6.305205471594582 3.7851292801510774 34.50380508195994 32.159721518285245 38.170582296363875 21.345793371039264 1.438866358319671 23.14979526378494 10.87372471445119 45.197984250659786 16.419614694746894 18.65639240927738 10.978643267277079 21.396698714056928 38.90751459865717 15.165688196338218 3.2073520685857466 45.192960042639235 33.19650602102786 10.036335680273972 98.76598074132998 72.46800648259696 57.27695723808155 61.982518130165936 83.27760883398311 85.66538823845482 53.4623652249949 30.16760301528852 38.65408220465106 67.89982248533983 80.6416530419422 45.06236210853714 9.506196803795044 26.12144907833543 61.696867437819186 85.13705831639167 52.619720413218616 28.662643165116656 37.502734694908014 67.25740825690184 97.84806579735283 71.22385842284764 55.709788767898466 60.55139675741947 82.22840909578025
56.86328024320419 37.59279198520653 26.173716933200893 42.44801622364044 26.50608704639048 26.50344259006795 26.32364135296288 61.38005130827052 27.264884627394395 16.079957954305264 14.540505242508052 0.0 31.982028476692584 13.619186391818914 46.822696051525284 36.63999245891988 46.272770767401596 15.537076025466776 41.030158195696366 60.78062293142661 16.093582816194154 6.154872669114929 26.51349285047087 21.51944318281014 45.0170239754787 37.249233735085674 44.92072471193121 8.681648281534727 3.795612532117231 30.823414155760318 21.746382320961793 19.90753256324154 23.326068737817874 64.25178745844423 36.29962312649204 5.827041127239059 15.648745157730973 61.78982389104868 52.490252371901974 42.236378877491546 20.216433654881346 34.69852829505489 45.948928916447734 19.52483974040955 56.773523640228646 45.17096447073979 8.96123981836099 37.480645559069686 56.279441929836224 19.524944702775475 48.06373272215277 32.66911146889695 16.855442714905365 28.820652239312928 40.891511969729024 26.585872814428836 28.67285090302146 63.74506962872258 17.482378261230725 32.97937818463055 15.078042845081221 7.5422744170137115 18.71451847779547 34.57441394156015 47.853083046696746 33.79585299246431 48.56535321388264 9.232513984240873 38.05030865744406 73.4330123197854 29.760319721740657 7.8298932124243175 34.705820257573315 43.7515358727728 45.85477737266059 34.46550013694603 44.2111838061813 8.428958516523602 7.130704531260916 24.576649089730417 15.698794040877157 17.987679751736078 25.766337354483852 29.34558261292005 34.39948380287008 6.825195682827425 14.643747536065149 21.16481886040286 17.356070015720185 30.669043055995335 11.75843579298797 5.135133754164176 7.542274417013741 7.7689165455502165 52.788660559250296 13.424471940288097 12.663152400136678 31.985949355132835 47.20186019704283 23.448006439442246 84.3659719005726 59.435823203744725 49.79735537123969 62.92134599203679 89.27807467457099 71.31229410062795 38.98190841075342 22.04396134753372 44.54755252128666 77.55793830701303 68.11351121726685 32.829836778941 6.953863561135217 39.38431815885124 74.74023734343473 76.02410029620486 46.98158332717 34.162281779701445 51.56588794443329 81.75088428194998 92.22808131608788 70.05667703588907 61.98377463369578 72.85718870279263 96.47011391959573
36.60165644265351 63.4718958291427 5.873460282013184 72.83316395257559 57.82987120197217 10.364512858106679 12.977494509542307 39.17363207915013 20.436025833945852 22.08585254965895 17.509836195443583 31.982028476692584 0.0 25.802049633264176 77.58497274460636 28.326370011076442 22.665006729590225 42.195395684949176 23.176818769733966 36.72764268011601 16.43790163426383 33.71515236321036 50.56499071567626 43.28813688160143 76.99007771788796 55.95109914624204 18.539394676064227 27.196325455904113 32.85775028114755 39.37344938626896 10.569675469873111 25.6677000478839 47.90495337189851 61.09897313144698 52.036569380103174 27.520794617937 18.82170189154872 32.30160865326392 22.750092603936398 73.29523826185851 32.14536127206088 66.63643535947831 25.26977311354621 12.684185102354737 27.4814706703182 16.56246441148501 23.7761044920235 69.39158241066491 28.794423414625637 38.22697491832741 26.696808654556545 57.39521011039359 15.157017144490517 60.777767239031135 72.78802433638445 46.95998901020295 13.78588594390146 39.7992859745987 16.40759021363791 64.39902972971962 18.66176546715682 24.47333724542664 28.18441560962448 34.381507328857396 78.74229480120957 27.4283041133408 21.081564891189327 26.679373770924997 15.368140486875511 47.613202233144825 39.505761576732475 31.799446791550412 2.8356411515763082 16.062196564789605 77.74237088794963 52.35228249260639 22.00318219747728 23.56248094855104 36.94735561357738 33.25989312615794 17.975710187938155 14.564098050039426 47.65656793143159 43.979198771070934 46.74895354797172 38.73143341679348 17.347921968285007 33.24101278610194 20.227973888531654 62.5382067285022 30.546002769311222 36.152298940648635 27.018420877053263 38.355624319326076 24.797616913528657 28.150823298359317 19.469722638525376 61.202154745288574 16.371843421949453 9.844221034290292 115.77605443342165 87.9187380463264 67.73067481968386 63.06595133898348 76.8069933041853 103.17351064827803 70.68524064349627 43.36149424153672 36.003070901650254 56.95971417979987 97.2578728874512 61.82155429904876 26.775461301442384 12.006502175388349 45.86498529056556 99.23267459387102 64.85580454199275 33.13048764386221 22.8294807982653 49.76889921260562 108.66849072753357 78.41870806675023 54.97553166885912 49.267502481306295 66.06380953713457
43.83305393740015 37.695091159606065 20.245626235404135 47.71638938627776 38.53901696813501 17.0320217968376 26.2521106494734 48.564060608264356 30.65220768568318 21.248913558421368 13.15466739079533 13.619186391818914 25.802049633264176 0.0 52.64230995275009 23.056788759663775 34.41978859401621 29.098479309149187 42.25876489487227 48.368848669349255 10.617458077478211 19.292745345926974 40.017190707765735 17.64861750762871 54.273908121859755 50.20603236010182 34.02747669652234 4.948015592782196 17.05198656645685 40.80479939098695 15.653442282894432 26.840781947740528 22.107865325336242 72.26874910028866 28.92693535895518 8.128385247244745 7.193279730161774 51.295741935116105 48.402620150214396 48.6587744332508 8.870918450518795 43.8495565201829 33.431410109697154 14.044172643443114 46.36188913543064 41.685522374726396 13.753242011364108 46.38025299737292 45.076492482736995 12.8937939223548 35.56532990393236 31.672365052356664 13.00100763229964 38.328418432915036 49.62951823082526 21.782998737173845 28.844873982234976 51.2291417253234 18.15332488143051 40.377713414550904 16.95308344287784 10.079415767770039 5.755044480026237 41.916054276837635 53.87975165658051 20.19474940341033 37.788498402066104 17.64861750762871 36.90585976096366 61.18494722219983 40.03019264506991 19.81196263204698 28.61552026780774 33.460391266751145 54.44725470217029 47.18947148964912 32.1599281414879 10.313284414414182 20.748888401606493 33.84626756227181 8.303299327066721 16.505267331332874 22.158274289476886 41.049658469826326 25.10583371517254 17.958689988780588 11.968133801223503 10.107590896584425 5.878920282222744 39.55168437969496 4.948015592782196 18.655903685171815 6.236868222218098 15.661296538312156 49.89148643184132 2.35522481175804 10.00890997089281 35.77757502633932 38.29681991309612 15.95925370282388 91.11996027125056 62.15278152244339 44.21833793816052 50.791009417784146 75.73878751161256 81.44229498866821 46.99689505148746 17.79817224233022 30.936188924552745 64.26139349931056 80.89415067926471 46.04957121585252 15.148276293785711 29.50568437955252 63.5917323025783 89.64318605778708 59.98781423877781 41.15036341178844 48.169953939663245 74.02373955576807 105.398645263513 81.50183216910386 68.61732892202508 72.84395630135172 91.8491212264682
91.13977756751432 22.275358895219497 71.73122880512888 5.137501196656134 30.57453625567806 69.65743509263754 73.12815937566252 96.40905880848558 73.16341941177069 62.25110196548412 60.9071862223594 46.822696051525284 77.58497274460636 52.64230995275009 0.0 69.1333628889197 85.37603475557911 46.50573222046451 87.2286456877075 97.49577608512045 61.15739510627762 48.21515407203736 50.1623681239285 38.0088147358032 15.092708147008564 61.321456822713564 86.01011304972637 50.41098518007912 47.66121856993213 68.64334393353757 67.01557031009668 64.46769587266938 32.695738371295235 101.23076056127402 42.752647050017394 50.225676576845835 58.98323015363111 103.21092313264877 99.14101367720535 4.918670730740802 50.143925643754585 16.703029122958664 83.22479211577726 64.93382855035252 98.41879083603165 91.89106633846822 55.78380872730932 14.581325423274906 96.45854354488313 43.0546480435194 85.24952603721053 27.03701460240934 62.69126031776342 21.114273480703087 12.847589815799914 37.520861140962175 75.42858994289287 99.91599778412646 64.29829901927636 14.342002643623662 61.900680390962954 53.73882836326669 52.88803969027184 76.24029557726938 1.4226131961577468 66.55632801405132 89.75910956660128 55.19012749168374 84.84807930537339 110.17365566818135 67.20892059697388 51.07271787107502 80.41179423851624 85.80811448142812 11.99266675282812 61.26844799798477 82.93834940610407 54.6865945934831 44.990548321076616 65.36568284303115 59.69023298675376 64.57497340079846 35.536970081660044 62.844830117723475 47.674154578230926 40.14797040634154 60.64203046199747 49.71564455261091 58.51877424554567 18.50397016140693 47.69429831253998 44.38529847715617 50.57490273393181 39.51285644732288 99.60092404758673 50.474542823543835 58.35281764240006 17.320316913760273 90.93344273362653 68.02562828828214 38.510281941996176 17.264608320200487 40.56225404003864 74.32853471074267 109.25369814576962 36.113320615193174 10.99455707429451 38.33793418533829 73.15000111306094 108.46315817313234 52.2092030342546 39.104081964639576 53.52230218053057 82.05073853582303 114.59576700644946 75.81456619020312 67.25127345908182 76.35270859900584 98.33033830414058 126.64948377358935 101.83390425041036 95.40191001953121 101.80828346956997 118.99727095804262 143.1355866499317
22.18954870293426 49.34086831109334 26.5695449307127 63.99595748738218 60.925736539154165 19.404174414231942 37.682039285296874 27.375437289448936 44.71569791417864 39.41102978676953 30.03339713563933 36.63999245891988 28.326370011076442 23.056788759663775 69.1333628889197 0.0 18.273148086879214 51.992849146723756 51.28211724352467 28.387535734917005 25.807568953407955 42.049849474989834 62.78859294254246 31.217264032293823 74.10646120770491 72.24318209243445 21.302681456513522 27.962819944688707 39.91677999537393 60.113508314385165 25.286583045629175 45.05429621612548 36.48145513349479 87.63770512503746 31.36212087968373 30.95463147464833 23.24005402129405 36.38466970507933 47.85942871213466 66.05621154769051 19.9165847462028 64.02988799316807 14.892351157106676 25.924642800881696 32.31590156526935 43.54943637470299 34.366266610204825 66.2258813590532 29.006288862966745 26.50272997765432 16.67030408149066 43.26343308149134 27.668233075913058 59.06839769020382 69.17927093860003 31.91948276646827 39.68688004997003 30.785559455342423 33.83377899914055 59.30745355566324 34.23954639418043 31.59246904187958 18.868545755964792 58.43063834936566 70.51101452050935 2.912457443676159 24.35804864415067 38.71324391120605 43.66541859383677 41.04411725143108 59.6668419459749 42.08385949804342 29.93730701529822 22.78676025434765 73.65128340324425 69.00803202767 15.908012362620001 31.35748510603365 43.76662205761706 53.0565098828262 24.06174498097488 31.048771385992985 33.72424904216214 61.99854990293356 25.133420391403202 40.70849818475713 28.638836159804047 19.95559956044887 20.196752360225737 59.75304377699507 26.356605976456585 41.70838312413008 29.128790468620544 37.8700041376955 51.205531295512884 23.773798945854573 28.381461054362696 51.88535032805374 29.87593386372404 23.157885770968267 107.07932204421675 74.25715563993728 45.76522309277978 34.741511960038636 53.401087906156896 101.49151431745297 66.02774369974057 30.83842585246585 8.6350559592505 41.597235306817495 103.4744061693558 69.00909477963474 36.7390729218172 21.66715678068618 46.05837354701908 112.6287436185529 81.98706543833971 57.36449915789287 48.90454461594503 63.4411937229872 127.41765418949922 101.18509030406219 82.30234761836314 76.42656851020507 86.25806833686374
14.008036314785295 66.76291687428512 25.014393748664638 80.27456931950411 72.56407069787713 20.52769832338031 35.45426075327493 16.654396970922864 43.00703441883289 42.34326443418039 34.5489714524688 46.272770767401596 22.665006729590225 34.41978859401621 85.37603475557911 18.273148086879214 0.0 59.98614963387972 44.338878714839794 14.870419100933788 31.09480726466281 50.26230699836236 69.80666307783127 47.49916576380895 88.53787832046928 76.97125567083884 5.158965962136872 38.45600189292134 48.625646851261834 61.51472109756701 27.0468280382897 47.0144308881556 52.81519923154827 83.1676962099694 49.577822438284436 40.54926515797126 30.64311436055805 18.266679038068336 34.47076410670974 81.87315821031444 35.23506147602795 78.1597552677247 4.396571202764944 28.895778226024774 14.043650024051686 32.47452892341257 40.648519185803885 80.61738892160506 11.121228715642387 42.34326443418039 4.5647195022065805 60.56682289939935 31.638119805030232 72.71977272029955 83.79467138752301 49.11706464685951 36.44731162686515 17.955391230369948 36.128437369267004 74.25469609067044 37.68325881545815 39.36423014296102 32.66030177899756 57.031600805664056 86.70708728670458 19.979446363824348 6.552834265647713 44.66530943803878 36.2692129663344 27.205380413930772 61.49554335171843 49.26573566527408 22.456064976280217 7.965357348253191 88.52039967982131 73.44424757045412 2.4679664245215194 38.73256635455749 52.873034021192495 55.00972402081429 30.74406408686153 33.45713828508507 50.691101423201616 65.39047754819934 43.36433833625066 51.95913125672807 33.56204294689239 35.71572318596067 29.190109632328795 73.84833143247342 39.017119090937456 51.30905054845814 39.12682417223136 50.04105588624091 38.645384295764785 36.10646126662999 34.59953584168926 68.06541076303067 14.273289964946652 24.630314411403777 123.74084247651228 91.86132971334209 64.01075186362498 47.83736480107615 54.87818554238184 115.80453436350271 80.96502077401678 47.245973291999746 21.00553235709393 34.38729098036929 114.35011338115244 78.89075393838009 43.63213755470491 10.769658407667384 29.33287235959393 119.61433811694143 86.2772983733666 55.78655262016678 36.23108610264011 45.22641546566663 130.78816654402033 101.07090813086951 76.53261344968755 63.49237642909559 68.82914572626927
