0.0 44.48865120880919 17.379025632963646 28.61875448432083 42.784455718984184 26.713449070030844 34.09747131695649 33.43718873234638 47.758388507092505 0.9465696316279762 27.415758374275047 42.42515862107063 54.31566933954185 46.412046660456205 45.52785198870504 16.245303466648487 53.172766225810804 35.30807196557063 29.06070156802057 11.33226289582164 45.09647883699339 21.965357313344768 64.09501501696278 59.25538401669282 23.19695937993323 18.109581275160036 5.620220023166226 65.10994421962485 27.627424324015585 29.053906826005402 29.357617558691903 36.471321820726246 21.098909115488073 31.572283929633798 37.315710346374836 14.987244459634963 41.69205507652804 31.55182776206467 32.67313502466858 23.315490383427697 43.941710269778135 21.363289322176744 27.304820536575537 33.86998175917864 26.59675774630438 18.539251007315535 83.0558868749777 65.88842702105705 2.497875761409148 26.74596418686444 14.024629212184026 31.10020064274092 16.628820967161047 30.386554109287843 49.68125588262008 20.87768708140293 26.3481735954326 21.39406479139676 49.79532449696514 2.4727243595361332 29.337524079681582 35.77821061701128 43.62635600248028 53.91278526398653 36.14366659328588 13.643578651034275 15.260628927921157 39.78383338388715 35.66881796213552 10.066176466114873 48.953430705781955 40.40647210998511 63.32499075016918 52.179449526332036 24.918100675400765 48.38475788675894 12.680810589649095 39.31217585417301 14.544276568438748 30.59261087708982 32.78897998394335 42.01645122798168 21.746340606834746 28.142455551364193 24.600889314676543 42.29058394899483 35.61436594339807 34.294603653934566 37.53852924967629 40.10031285854717 33.955408318202295 20.565519576816722 27.210710046101944 31.793706567824074 17.262594897238486 17.35585208533063 23.393411895799964 66.64217000895876 40.52701177553054 50.111915842295716 95.38154033029707 64.84378893282528 42.941510249988596 44.89328741263185 68.69511496167962 87.22384560462818 52.240984594823814 19.556318174745645 23.83246880789009 57.32130003944885 87.7304852692546 53.07469923291502 21.665997101664665 25.575637644615608 58.060460988641374 96.76543607836716 66.84400982309292 45.878817423379836 47.68419378741025 70.53276540819662 112.288198081607 87.6505583336932 72.72350103222102 73.66750375444899 89.98444808493608
44.48865120880919 0.0 40.55507537177531 70.85360360000784 87.25959640945295 68.68089214976276 47.18449111094316 77.2339824353363 90.81954254398171 43.991348831137145 70.35287943264905 86.67566963043463 98.27154305389111 53.6129295167606 88.9957324289763 60.73229424277436 80.51437979279416 78.86372726382005 68.80373649871706 41.27490960890359 3.4646940340594883 59.05997869104198 23.35942873282332 52.46087771229854 57.35048273605557 52.617516859052635 46.40267550497032 78.32287945057213 53.706823662794456 15.762603841430236 73.20985533885461 80.91672723430646 63.51272268771217 75.82911305743364 7.224188432737283 42.75227789898823 75.98760735077786 66.51814442224924 75.55650470964942 21.57036689452575 34.35884811735816 58.70210291579045 24.47384892478709 50.62062058571902 37.93675841187788 28.459222311548064 106.00382298324394 21.401222193403317 45.26223170915046 63.36622574060863 52.6092551759501 64.92125737672671 48.64213571207975 73.4542247720662 88.44809633419095 29.581397226213724 21.446398307315256 49.778795434280056 93.2263548032768 42.09207000932147 65.4652764062913 80.22964174788287 87.14088697354043 57.89623064064332 80.26208204780319 58.01374168039749 48.487063245551646 83.02805914623335 63.11965751686143 37.88738813476202 7.6131448375157325 37.46064356190738 18.88026196466891 47.48878244674013 26.226361786045306 91.73729281110798 40.62131764499232 74.27107512882426 57.135362866923906 17.023939897214795 77.21862581372989 85.71584219349455 61.59460851442997 58.046314117584764 59.24135358420051 86.27673153848123 39.191496690541534 67.56687445115274 80.4846480369943 84.55351150410605 28.254075944290086 64.13973589414253 18.28372363714754 50.74635969217306 43.945651908975044 27.29270374364667 50.549471024487325 22.76181113851688 53.87089907778522 9.948561718915009 51.904991272352305 29.094431211023004 39.12848783526578 68.9041799691304 102.45354214379692 43.6500391713211 8.069066517073605 27.51553719611917 63.097628940079716 98.6799260562369 52.08721331769534 29.41525453673444 39.36535332610158 69.03766595254278 102.5424889106622 71.53557231022333 56.9814239555561 62.518575355942446 84.27577867289106 113.26246727438763 95.48806757919819 84.91084317282684 88.50872457297507 104.83224771386456 129.14282322037536
17.379025632963646 40.55507537177531 0.0 32.180052050940034 51.92910655934743 29.96024240597847 16.962049350347716 46.51006448569015 61.20893331493633 16.441965842479476 32.39532800378676 50.039609194684246 60.463236997405545 29.21429907601784 58.52437136125267 28.406768306234692 42.705854805663016 41.1194601279216 28.86681322427448 26.3507953810663 39.79492398036226 18.905990419484855 55.13301601297223 42.05824905809559 16.81462591149155 12.432210142884033 13.632805471303294 49.65471045363987 14.644025239755651 28.52861483287448 36.36221425834289 47.209546373555284 25.728482999710533 39.83804123491868 34.43262745633388 30.358510793354238 35.66335647956265 25.978177287582316 37.17060239191296 24.679221623940318 28.238270467306688 18.64597529301365 33.532992074271284 17.452518716905846 39.04825324842241 25.22669649476938 71.3195718010712 60.75343797428249 15.574751628016207 22.91237722023767 14.239862957222117 24.446522243958288 8.426713811712833 35.40719965492781 47.92689098669098 10.974776415643245 19.11412583228197 9.423208113293715 62.68025797640185 17.10424704223264 24.92910013637879 46.50231982135398 48.9563824402583 36.658632679336854 43.55026496672188 27.314278785850302 8.73962639397281 44.66238180372475 24.34656272254137 22.821325500177412 42.42275283046316 50.887130069556214 57.94513040871513 35.02228460612939 31.856557176755846 61.43478955437146 4.7127610523068935 33.82299353305365 20.712835706820506 23.658890258124718 41.98557160867019 47.86553272405708 22.234483271936334 18.01577315977652 18.701421386637303 48.94186552717414 18.594585709653078 27.229821251325255 41.90470514279199 49.084099179373304 19.9165847462028 27.74797542300023 22.610993792876496 15.809270439546912 3.409400875633481 17.263815509669293 10.628183505902749 59.93037282817373 23.8919050441226 42.804044918640685 92.32167711809171 66.5463101738837 53.53207016064647 61.928228463168715 85.65442330609241 79.25535624048561 46.98571308927077 25.808922378339012 40.70308603145076 71.96929518088258 74.98437133676507 39.43487602252307 4.4467824317483595 31.884937290550507 67.42206985099179 80.91392180451234 49.70719387868341 30.442397876559127 43.75918346610704 73.72370562136554 95.15555429939691 70.38957464657823 58.197473331265954 65.96469180371894 88.58823966029163
28.61875448432083 70.85360360000784 32.180052050940034 0.0 21.723724872153074 2.2225164531616133 39.83292538764685 24.003805498386733 36.36380360863521 28.68344093544334 2.583910300418493 18.659247124591165 28.29430587118046 49.43599344356529 33.143637266206966 16.71165490681778 36.2679302197176 9.267767121787275 6.612031366557627 38.26920976990517 70.72881559615753 14.239735771554063 87.26248913041245 66.71956827891519 17.95619933580323 20.071768170428214 24.90118690538815 57.31736438532132 27.046393793850818 56.397617440011985 7.031751976986998 19.96288026091853 7.556925753785238 10.928085681415105 64.0061449533535 40.703450193649395 20.801713856650796 15.662002424826678 5.017679734396253 50.998258764381674 58.330500439922645 14.226131961573223 55.92340243377448 36.776755649714 53.46523329887545 47.10111998134234 64.74821142573717 91.88348268242045 26.885829812814976 13.07634458854888 18.393591341330787 17.36425348180346 23.874884299915514 3.76701230473238 22.262970156062178 42.343405744979975 50.13040635972797 25.607037530830954 36.534447156631806 31.00984361661954 13.61046863788769 19.411093736929487 16.77723448229772 56.199317069339024 12.651567711314753 19.716924716347847 23.442267024860474 12.483312966338868 26.64119692866579 38.44093876144783 73.88246033986492 67.69677913765443 89.15130564967819 60.62387049168978 53.53412628312888 35.7543170891225 30.585704756839053 18.521015318032855 14.173413975406389 54.79607963326116 13.75587316606919 15.758806393824049 10.035674336964682 22.6104569065001 16.780947667659234 17.07135835388872 47.012766486818634 18.79872027273247 9.75324473548155 19.04389547498129 51.761056572179875 8.8262411020598 52.61289547363269 34.401254236211656 29.00034213735682 43.94039518402543 26.3846912927926 91.62214350274675 41.89375940484563 74.5160046499656 122.6308960993055 93.3176754162581 70.07264560600578 60.36802160372609 70.0753569838121 111.31876122570374 78.01718770127417 48.10078255114973 32.75481212442656 48.62364530667257 106.37236042785052 70.85231735356683 35.45748405787625 5.160035566270751 36.444879590541895 108.66478383097964 74.218307955933 41.723851145304934 22.48561320234873 42.45617005854256 117.77396630195534 86.89978612059275 61.356314767102475 50.09771194802454 61.5396048925618
42.784455718984184 87.25959640945295 51.92910655934743 21.723724872153074 0.0 23.589788976992782 61.44192343482772 14.802580120689422 18.112912703597864 43.268287620790346 20.38285909583253 4.822079091956009 14.242516342790669 71.14362562755399 15.042146585824534 26.57439815979867 53.826201380379565 12.95311921856002 27.931386405499474 48.770030565980925 87.74481156304653 35.64057490177332 105.92102115658918 88.43595949525732 39.52330828880499 40.77684959544896 41.34041145258159 77.16502700221005 48.726972955222564 71.81333379549505 15.758506147684635 7.465017859932387 26.383946548010684 12.092212167336607 80.09818010476823 49.597267565695226 38.56908655256714 36.757922179871755 17.321658779940385 66.03494103629154 79.30959426757997 35.51611411524575 68.25678684226116 58.4764027662278 61.683423468604936 60.420278109814404 78.89282187471922 108.65234377108833 42.05716979308183 34.77827243859008 37.69924969816898 38.67177542367482 44.170979243972894 17.9574224498804 30.94886448999201 60.92105547183146 68.01472651423656 46.737616959664514 16.933487669483288 45.207406916833804 35.04422427671659 7.95750699041627 11.338620788789083 77.82915795635036 9.078265298161046 29.484046246173843 43.407488799647034 13.066073700757848 47.89720199874518 50.72357687263192 91.41805544992907 75.37821647575221 106.0643299177094 82.28713469426931 65.78239253489343 16.745824844537143 49.272736078870885 36.94013872158719 31.395664761510645 72.5622461622731 10.129634005433017 9.982282171915099 31.09127814986847 44.33198709248372 38.46365916547159 7.670836014304374 68.21783484754519 39.496100880552405 15.081982180040535 2.8452263923140793 71.84467325926403 24.216153771689633 69.63814967081704 56.08351868910625 49.09590446766314 60.01692656963837 47.74587486832906 109.20234084936271 63.59973805003845 92.39163788838776 137.94790330581165 106.0150466539349 77.33633240918186 57.05066704190564 55.32450647667614 129.55379681500486 94.94706969533871 61.46464870865966 32.75755273733515 30.00681098485233 126.88418790726213 91.30617946153707 55.73374789305361 20.196382842504175 15.548250223334794 130.29157920881974 95.94188832821882 62.976103638693765 35.48699331053553 32.93716943799164 139.3306563545463 107.79136819184001 79.73124050341875 60.22712653182286 58.56353159313243
26.713449070030844 68.68089214976276 29.96024240597847 2.2225164531616133 23.589788976992782 0.0 37.86865549123386 24.78750102222954 37.64134264574437 26.74015683033844 3.4012243148551735 20.711493571282322 30.5091951059256 47.68233703857586 34.45174162450437 15.686430254100692 35.93625848116015 11.380905569257733 5.729819968786895 36.597730759338525 68.53554931728591 12.156129241775613 85.03998339092779 64.86139239288299 15.955544340233972 17.8805991120261 22.836664100342748 56.326880570538414 25.13811852950443 54.28402392121622 8.335598227668306 21.32975552734661 5.6205649805818085 12.34287393479642 61.85121797299308 39.156214203776734 20.699202007865207 14.528638573912328 7.220627542953462 48.91571928532001 56.20717594306084 12.10822306795809 54.003760587011705 34.89167473324959 51.88270522373768 45.14247588948036 64.81675205598036 89.68989756243671 24.9092630132117 11.425166643720356 16.183455247526677 16.068620597412192 21.664383418845954 5.724232885118351 23.609127125108188 40.125786053996116 47.92353768940017 23.481395405066063 37.966197273698896 29.07819783054165 12.285700000408633 20.74111320663168 18.996168359152957 54.534479096635536 14.560218560439498 18.530533500705065 21.221823237945028 14.704812242684675 25.28549455092269 36.61107409883511 71.67434984984584 66.09495103280926 86.9544509941947 58.69923840979111 51.628667257847525 37.1241912110525 28.37373439830983 18.32012267478324 12.195422429394913 52.589668530909556 15.131667435783397 17.954723913411726 7.849065271168776 20.843520288317453 14.878842448855371 19.215276908440284 44.921229108325115 17.8051743775583 11.974328044502231 20.858537687536778 49.56024976703471 7.593225210975867 50.43135617039035 32.49422987974965 26.78711639785539 41.81556768180513 24.31267910278813 89.4094898752709 40.148736370449214 72.30107019362771 120.47750861776709 91.30853194658121 68.49673455308017 59.82051487575438 70.6917397844398 109.09690929122102 75.82345572250681 46.13509294120582 32.24727440631936 49.83488894100044 104.21152369882817 68.67992017088518 33.257056572209535 5.2290346289510055 38.48200109914457 106.71741865506199 72.39137949265655 40.30652715535909 23.25769473150106 44.602965413327496 116.13700060469975 85.55645954584904 60.69736494081914 50.79950721799085 63.31798511559061
34.09747131695649 47.18449111094316 16.962049350347716 39.83292538764685 61.44192343482772 37.86865549123386 0.0 59.35164255177132 73.74213442255726 33.18254207392486 41.06664756247714 58.47124147691675 66.88885486403603 12.315257448258151 70.77434534882862 42.171514305307944 33.83326134238989 49.043523589114706 34.28535017887213 43.27419588371834 45.253670960175135 25.829360639364346 54.81946808974246 27.355569554655794 21.91882195206949 21.660897569080976 29.612029614404648 33.90809768706749 12.864712241690066 39.73821854058606 45.83269126792494 58.28667980451655 35.69105685839579 49.76948746849931 42.877993514568296 47.277164692955374 33.47504668964055 27.145177313068746 44.63193196771302 37.734969207055755 20.41494027064118 26.003036126383844 47.707255414427095 4.023920547577314 55.23592589887255 40.455137635811745 59.06932492871179 64.25235470642953 32.05917921010383 27.145177313068757 26.333089268824526 25.021184922992983 19.66041213694221 43.56358830239275 48.22861744624063 21.984189446050664 27.938964944713554 15.465632295988756 74.69110717613557 34.027283666975805 27.740957325068994 57.61947126203293 55.60769169010243 19.83192676413477 52.4288269372929 41.946932657159415 20.991823520956903 51.39963026223324 18.65239767529204 39.607697029855615 46.269294845452706 66.01098987728307 61.401241871104645 20.887486068053057 46.48741737903205 73.62588584081718 21.620781809698652 32.671736908836 33.08442409838868 31.078745699366294 52.36385515392228 55.05691451730654 30.448931493804217 17.782664951967593 23.06942486709143 56.688246024124844 9.300168300602703 26.218638254447985 48.565429337560964 58.680175859538984 19.33737267483875 38.84328418711329 32.379240267606725 5.724918621936802 16.944417564507216 31.44989758459135 13.99061595011791 61.83269156314905 7.532775459865228 45.76068447452468 96.3823949300309 75.72198718714425 68.63079456949094 78.8585183251821 101.28800121301673 78.6557260889445 51.577217725283546 40.81509805274129 56.601340701757074 85.2861536728308 68.33958013324565 34.0304412808109 13.343587473583975 41.59614635415522 76.25375484701654 68.8503943205354 35.03554330954454 15.710125156537607 42.40675666043061 76.69461668846547 79.98096670632927 53.55801087921507 43.26821499234196 58.37798158136827 86.46393145946385
33.43718873234638 77.2339824353363 46.51006448569015 24.003805498386733 14.802580120689422 24.78750102222954 59.35164255177132 0.0 14.700768533142353 34.14271670777461 21.567789388458298 18.01556412304679 29.042796263795562 70.50575284927886 12.155164583492704 18.16795307066062 60.13581672861767 19.662096307779716 30.452557993245527 36.80149906167697 78.17534071714816 34.49210985252729 97.52159406521943 86.68590018748647 38.47109768536519 37.69088476307127 33.79925022459727 81.0994464642873 47.639184730446516 61.495183792775336 17.144021465067727 7.723761413949391 24.30124125193125 13.923911545154976 70.00995718422176 36.86684238814476 44.54150324859577 39.29505634693573 22.153965925638005 55.67149114332965 74.74266376348412 34.126649163905824 56.288294099922524 57.14955757234391 48.236885847670735 49.258537737932265 87.79586362862146 98.54916392107224 33.48338181028996 35.67425862349029 33.25339693699446 40.724191458094516 40.122897258637295 21.088102180190972 41.37330578390492 53.64212356773477 59.753010881540185 43.89550005013771 16.40658165142257 35.61421610967292 36.961329403400725 7.558936069035132 23.67582257988867 77.75073714305188 16.154088934848605 19.95520699463951 38.994392306483306 22.943322387406848 49.77313476616532 39.52759341468286 82.20367956563561 61.507796507653616 96.10543003600706 80.01709888017831 53.85084607456414 15.051871513477156 42.86197304899777 42.37927871048482 26.387057840994146 64.02976515253333 11.499867807410126 21.75567733204636 29.963476677171517 44.30774353805929 38.07806680213828 20.10813330844203 64.49813721671758 42.59250796305743 23.302309236413254 13.66995144458678 65.92200632200486 20.743729618406544 60.57683526566857 54.67452001932067 44.34097161016385 50.64094204924752 45.39665172827207 99.74485372110907 63.15637335236929 83.4578386386969 126.5846121016849 93.54809961715543 63.33251179192599 42.46109214557915 46.12004804507965 120.4673919788154 85.17180580807653 50.28208521631848 18.290634150150247 25.942515614781666 120.68576849385403 85.477492641197 50.79326071280599 19.63964037351352 26.90134139421901 127.20710508999497 94.38082271164626 64.54460327698754 44.231729973825054 47.73950219068495 139.14768833408857 109.80964874156552 85.36011200594031 71.03976680870691 73.06885929507
47.758388507092505 90.81954254398171 61.20893331493633 36.36380360863521 18.112912703597864 37.64134264574437 73.74213442255726 14.700768533142353 0.0 48.511899590207705 34.24959229724902 22.929854366767664 28.9683162464626 84.62289920669173 3.2611930459891756 32.8595685604891 71.12986803995584 29.406666457235843 42.97483589655897 49.73865677796678 91.97055687997312 48.43294518854554 111.67513589835059 101.097651475018 52.44955432809189 52.11696330633645 48.4425490677084 93.55085863499657 61.73124929600129 75.06004040377229 29.36240848885397 16.423053523221515 38.24551048304905 25.441139983030094 83.61652723455961 49.09366589964747 55.599545376491044 52.02528505860021 33.15939289370662 69.27671578765029 89.4386026506287 48.126495015001915 68.79088976573055 71.36846336947488 59.15748602029952 62.492566340852164 96.94186066750102 111.97539777489403 47.9835153690712 48.98342216728848 47.8384091090787 53.68276024480142 54.70943859609458 32.871158895805415 49.05160857847414 68.21534855897438 74.1041617305688 58.33229065654193 3.260091052683865 49.826255513783096 49.905010562622664 16.95433339679562 29.44993361584271 91.74614860291285 25.210533455308187 34.50025401954853 53.61414130147975 30.827466368151416 62.92511670017183 52.93240689969373 96.12583368838084 71.324386477802 109.61985819434783 94.50415492930671 66.42710849914567 1.980973483201708 57.54992522188352 53.71862816839644 40.96908789544682 78.28339698807058 22.611491324749046 28.052550039424194 43.802968663456966 58.06431562280682 51.85873300834857 25.768478947829006 79.13360276293979 55.13171753917125 32.37328423943725 19.413079675151735 80.59964937895369 34.91443674584134 74.68719279826051 68.89738565586688 59.00954747553759 64.7289004251591 59.754011157798175 113.48675782653277 77.1874314972108 97.48102460167436 139.04267994320222 105.12317351675762 72.80851408056247 45.64494697677544 37.39018583521103 134.3045006104244 98.83289317678162 63.48536828319873 28.723727498249247 12.325679687871254 135.27881168663833 100.14049702537669 65.48347465387094 32.86724534408799 20.11542283927793 141.84789707703615 108.77224763081631 77.93680356480543 53.37655284264638 46.43420061157368 153.2938427447442 123.19775100955792 96.89411378808231 78.30295351192952 73.5277878296615
0.9465696316279762 43.991348831137145 16.441965842479476 28.68344093544334 43.268287620790346 26.74015683033844 33.18254207392486 34.14271670777461 48.511899590207705 0.0 27.55778261580094 42.81479961819589 54.6504863685209 45.49609285066936 46.25158843485351 16.781918027529926 52.60801835849092 35.5577590788074 28.90871148323324 11.889647682412717 44.53889280054012 21.56556348000093 63.41901600533901 58.308939541011405 22.655859769196486 17.501267991969183 5.046614777820087 64.30373890548218 26.86266047936751 28.634879809815313 29.645530128107392 37.03532414028209 21.140424325648855 31.95600744158835 36.83704792030568 15.629418097863589 41.314328913389005 31.13813224522298 32.82664163220718 22.933360809980652 43.01650035027498 20.970468214116167 27.267398707839778 32.990654172890224 27.024747654986182 18.419260688641234 82.46130104187006 65.38503537400092 2.0040683442166225 26.373943393851253 13.583880304657038 30.630544994953794 15.877785890687049 30.55607899188114 49.55835856521577 20.015166933184233 25.61470672562801 20.610857810441253 50.51800262396446 2.352913183196814 28.9630727986274 36.3390213059108 43.883375922467025 52.993089984973984 36.49616125965093 14.280659494826832 14.527310001717181 39.998828635190584 35.01258589906567 10.300081490758236 48.353121019032 40.7381527103106 62.80607563318792 51.232904688203625 24.906114101226823 49.115432193837755 11.740767906736956 38.95081500152208 14.54662636058352 29.901194135465413 33.23930617397866 42.29842599113465 21.538822147804648 27.49375396124263 24.101462581987498 42.621635351029234 34.66783039846125 33.82738929800679 37.712382430195554 40.566112705070864 33.058394173044334 20.775154360989024 26.58570696052994 30.929858227092183 16.37160587189312 16.785644217970834 22.605480739327547 66.06735350255302 39.64297716282658 49.481241651576006 95.01213449316073 64.68782571921786 43.28857171284222 45.77622347579498 69.63620739607303 86.61339039241106 51.70559002362664 19.42329102638566 24.76424800312476 58.15048816886416 86.91970330812254 52.212282035389975 20.72236563244613 25.785983585286438 58.58859898905517 95.847634140322 65.89745721671943 45.05945043654887 47.43845053540641 70.72928964875099 111.34176800553341 86.73196353282087 71.97211798683007 73.27786918797477 89.95229031951082
27.415758374275047 70.35287943264905 32.39532800378676 2.583910300418493 20.38285909583253 3.4012243148551735 41.06664756247714 21.567789388458298 34.24959229724902 27.55778261580094 0.0 17.78266495196618 28.20076341043047 51.02812268641985 31.055683806551496 14.548946844987828 38.81095741801512 8.736131680953351 8.894401832563746 36.6488209429668 70.3530910690441 15.25799098257502 87.2978919137663 68.14301114119549 19.15280217709468 20.627891344281675 24.096011091978013 59.61718294284913 28.403123587140094 55.6578445313242 4.937272804685571 17.928560115039755 6.8675167827368355 8.948414784291307 63.42356176378477 38.91976926690599 23.37325898083797 17.852373331548726 5.2766376164607 50.1629077705835 59.12134873282577 15.143373813078025 54.680352492215455 38.16511118652068 51.70389197227208 45.9530321832168 67.33200893740644 91.49780786500793 25.843099352341383 14.820590336130675 18.308718443751243 19.442078595348143 24.256539147095992 3.1042659818422926 24.429364432019295 42.24450833542954 49.88645205254803 26.436133872516574 34.5653727059637 29.848999545731292 15.66077116594984 17.34094302450916 16.830821941428745 57.91059196321969 11.448255445945653 17.656790932963045 23.678872847519198 12.67518105011595 28.675562329079145 37.0631397789167 73.62720877930862 65.94583990920904 88.79071257374879 61.927019755126494 52.266095622105 33.72371912614147 30.441639594012628 21.077852379281765 13.27881524087991 54.541535590773854 11.7312047301111 15.554533123421253 10.741844017306734 24.197774283557372 18.170599624506973 16.546692253163858 47.91911093733366 21.078803355807267 10.198892743836167 17.613535581166882 52.16583117219736 7.034469244645831 52.18045997204104 35.751964988415956 29.329688579299923 43.26173832574256 27.379479139359315 91.40740607619274 43.500370263705456 74.339810167997 122.01233091490019 92.2447721430305 68.28856760937937 57.87659572910849 67.58856108670248 111.27543040981213 77.63979438199661 46.96643400325166 30.264602550105717 46.456844549786425 106.9898144124607 71.42380582411631 35.89025746837106 2.6593262780742437 35.471740071848615 109.91296088856843 75.69291846877907 43.70554796417911 24.962572410785747 43.22364170253649 119.51694915761347 88.94984808209496 63.812250974058706 52.57456457037339 63.15314616654407
42.42515862107063 86.67566963043463 50.039609194684246 18.659247124591165 4.822079091956009 20.711493571282322 58.47124147691675 18.01556412304679 22.929854366767664 42.81479961819589 17.78266495196618 0.0 12.242215798897007 67.73331310103528 19.838608754279754 26.534280682212586 49.23145164295181 9.431437951826844 24.44357501456892 49.39041617610863 86.97232035039777 32.866961716502885 104.6201197234873 85.20321630180504 36.615245693183724 38.41055629624785 40.369817050348296 72.8223652306563 45.64983855030896 71.4489094995626 13.73981926628462 10.291817283887456 24.311241973325266 10.85950601169761 79.58069977751137 50.58948984645823 34.11446188013111 33.00813016089667 13.864773916205246 65.7376088126543 76.88453155108948 32.81416848084906 68.67316275162126 55.338088586600186 62.98291983922388 60.52376725455206 74.07510025067971 108.01277168847687 41.43120321940722 31.479558395364474 35.82996058219064 34.995957090053615 42.00848553555897 14.988685812407834 26.127057216300127 59.51565540770536 66.88162686703795 44.17106105111125 21.727736698048965 44.887623071511555 31.48115704724205 10.511627373822582 6.539073772703925 74.25227034609871 6.520165465529726 29.659561617447377 41.37262441411259 8.483260936264687 44.119822692617554 50.96195490051287 90.48681812867532 76.9086075256019 105.37296143213548 79.21431680185955 66.19943542443815 21.56617452431694 47.746802207615175 32.5923456333516 29.951417726373702 71.48939010049668 9.97429953764394 5.178790086549498 28.479302059058607 41.05489689210551 35.40273124424081 2.8522919561721505 65.63001394627304 35.57127941988811 10.794175455027515 4.384003705943905 69.88646848660912 22.745141448918837 68.78792790412139 52.99221409360128 47.04910657059996 59.383431521727914 45.02315708640092 108.29572646442793 60.197138228935316 91.34743581674645 137.8056080415866 106.52284397639212 78.96827864654662 60.473166296512034 60.08461299827498 128.4437004339726 94.22335119203571 61.566937686018925 35.14438647419294 34.813218239231766 124.76751960831784 89.19627197689455 53.63978759947087 18.184872466977563 17.786603198792427 127.27092319659387 92.633546893582 59.12916654407098 30.72036572519512 30.387853045054353 135.61198360286238 103.6966800379876 75.15016251467385 55.44588825882788 55.07358939482291
54.31566933954185 98.27154305389111 60.463236997405545 28.29430587118046 14.242516342790669 30.5091951059256 66.88885486403603 29.042796263795562 28.9683162464626 54.6504863685209 28.20076341043047 12.242215798897007 0.0 74.91578426998322 26.596515059541844 38.65287199634659 51.53518378547629 19.49897651263378 32.74352573876281 61.6036234948327 98.41321225362967 42.259100651377636 115.48322461967054 92.68984964390125 45.6291238450405 48.33516756653129 51.86897037059416 76.31226008587102 54.0628674754668 83.2336989764572 25.071473916750822 21.604971907569887 35.04942097462544 22.83867143444745 91.24185409542707 62.83170496459237 38.08630844792415 40.068703066570656 23.293044966024944 77.57791576948311 86.21257722733395 42.336327600512455 80.8235493171855 63.416096447272345 75.2093964859908 72.57630944136399 72.51062921684057 119.52667823172236 53.169791430993584 39.83799022022187 46.49711556660172 42.19084183003904 52.16809272012509 25.122903931833445 25.773904972021334 70.44524392664891 78.05559454417613 53.639848518356295 26.58089795614107 56.78710275271961 39.16600746678656 22.012410549839608 11.53060103211694 80.85929944809426 18.18592512349674 41.82091668909201 51.723611696879175 15.842592476607033 50.65413334512113 63.0815239717424 101.7752021462387 89.09979002173107 116.84738190595404 87.15735924030481 78.35231586591436 27.125939267361886 58.64229188408304 37.271799507455974 41.188718409757435 82.70233680454412 22.211270907070432 12.646868449213759 38.31030061503713 49.115445973176215 44.14022758171114 12.029215041315913 74.75205670890084 41.920968524320536 18.65841046697468 15.86003984708937 80.03175893277553 34.13195192428899 80.21636150848366 61.222867700169715 57.29462381444543 71.02121471382232 54.18753037107082 119.56992907142906 67.5106740860146 102.52308469239388 149.6502763566657 118.67733355140567 91.13471194067095 71.12583133864571 65.9117136102168 139.4759772952133 105.69022519764427 73.61711818524628 46.91180455788355 38.91189605009283 134.42334837069316 98.99281270522248 63.731672108485874 29.258909321424103 13.514814174554646 135.06868282964976 99.859138949497 65.05652447340941 32.016563153165016 18.707604086661867 141.33391602221616 108.1074736140263 77.01523452480318 52.03496241553249 44.90098825774769
46.412046660456205 53.6129295167606 29.21429907601784 49.43599344356529 71.14362562755399 47.68233703857586 12.315257448258151 70.50575284927886 84.62289920669173 45.49609285066936 51.02812268641985 67.73331310103528 74.91578426998322 0.0 81.56148260086613 53.86668659831447 33.44420874526972 58.360303142362326 43.2959531856726 55.424580024040495 51.106911438483785 36.19995288742533 56.229772657799174 17.82731079019449 32.18113899164227 33.08827388132886 41.888589100884694 24.722210330316507 22.894190778492337 49.06668778211036 55.93244544101774 68.74389751103831 46.37769649955413 59.93803077638436 50.59975467746382 59.41590917096185 38.45639068131235 34.959421889205814 53.91899171559584 48.02567746964318 20.869278782299077 36.49663694948291 58.242184892549986 13.4349581935085 66.80459323616638 51.667489218596984 53.332525201617514 67.85302455865816 44.3700519668246 36.3660814726259 38.04507008697396 32.87905109038398 31.61782991795049 53.201581192305085 53.47937570482139 32.68118332342597 37.10720271253689 27.090675354149248 85.33435362786085 46.3099900625445 36.26450395219985 68.10556770472863 64.08077717016037 7.541587256590478 62.065447490056684 53.87980999965007 33.00123065348535 60.06671927620939 24.314071739648657 51.648448378126595 51.05567161991027 76.83087614283716 65.09131823079832 13.349888490946045 57.28451171104345 84.35910421471662 33.900070054495195 38.41565170633122 44.601159138376175 39.24914996280239 62.65117223407146 63.81756883197268 40.84744626696866 26.839917529330815 32.900103795528835 65.6696450934979 15.112704315219615 33.01236997894807 57.309330424523466 68.47988427886933 25.66204464007843 49.7867613287695 41.51978314303104 15.894161289898937 29.24293451885348 42.47663539854475 25.348932197763045 64.44469812292597 7.544042512610744 50.01485532348823 99.50813004199354 82.6924739870151 79.41224510751995 91.1408042640668 113.30961935424665 78.87452957662182 56.49812494853214 51.91379635622487 68.7764771156748 96.42366295991384 64.26448412393496 33.47340244815385 25.36165690587972 51.943804524051494 85.35399365876962 60.23440684581358 24.9690704767292 12.285588248308144 47.01730917943838 82.47744862727534 68.67313409330922 41.24346929279237 34.90324335411566 57.16325094236287 88.59585963144058
45.52785198870504 88.9957324289763 58.52437136125267 33.143637266206966 15.042146585824534 34.45174162450437 70.77434534882862 12.155164583492704 3.2611930459891756 46.25158843485351 31.055683806551496 19.838608754279754 26.596515059541844 81.56148260086613 0.0 30.282847404927175 67.87327875610366 26.14784759137395 39.75252891342401 48.11748354818862 90.04979021031855 45.36211816934044 109.56982847658678 98.12725522856537 49.38072702890413 49.18341962938802 45.94466589633472 90.30194787515381 58.678258689744204 73.23451662557774 26.154984546590157 13.187822533735734 35.19750579208776 22.216628551729574 81.77894759810769 47.70879572651204 52.3394172176809 48.80550149142264 29.901133515111383 67.42817941163354 86.72746733493716 45.0687227359091 67.36655673766339 68.34232271207625 58.206594677788054 60.78894764833049 93.77411140520228 110.23196159806818 45.62924743785216 45.816321141978165 45.0001825607231 50.477572339356456 51.864119678967405 29.63212140983159 45.93119956920837 65.7972132242762 71.86625829545419 55.3964913606976 4.267839588471826 47.66158475966313 46.70250440058135 13.733393155181613 26.37418777745107 88.65329779327573 21.953308197509987 32.104552786598646 50.7979604398368 27.62790934977954 59.728829960314975 51.14394849223546 94.1435575071439 70.72194606574337 107.83664432080539 91.57213982445492 64.97284703136889 2.9112452211226505 54.96570285422125 50.45747943155834 38.140169005006555 76.10980599441683 19.387876229188535 24.925478633698564 40.72081896748923 54.94704698376857 48.75275399248747 22.66191830962996 76.31635329901033 51.89865521057261 29.133440930974494 16.212756925360992 78.03506234622174 31.9310871818444 72.59603804480535 65.87412614882247 56.24649892349495 62.64441083313779 56.78375522909074 111.59962273786259 74.10903026669024 95.44604305482089 137.69310777750482 104.05497559635035 72.30258229126338 46.47653504786167 40.30698028285613 132.37540361707278 96.97860920293364 61.795323972836684 27.652879576163198 15.585560460134129 132.8376573721901 97.60271041732892 62.76098108795875 29.72874392507385 18.996354536723885 139.02220019598548 105.79105029115603 74.75622086991544 50.17380651916214 44.480346542011326 150.22362836566253 120.00469661738217 93.63344996976367 75.26902254014874 71.3844213826497
16.245303466648487 60.73229424277436 28.406768306234692 16.71165490681778 26.57439815979867 15.686430254100692 42.171514305307944 18.16795307066062 32.8595685604891 16.781918027529926 14.548946844987828 26.534280682212586 38.65287199634659 53.86668659831447 30.282847404927175 0.0 50.06306561397866 20.5768699887799 20.533908299860766 23.113025855857877 61.32066852574679 19.53966171855239 80.02258308491133 69.29890964060363 23.063302036007432 20.804322383834474 15.698293598075864 67.59592689890994 31.469609754518377 45.24103133917102 14.507301521547058 20.26113401959231 11.284721958141382 15.830972185020356 53.552933673089804 24.860368338295288 35.6379894535844 27.289513175194372 19.148246304382067 39.46056571741711 56.64305765407822 19.006590853153174 42.171514305307994 40.43565583834864 37.60943387090152 34.00021864092207 79.64590052819777 82.13277494601014 15.760010087210128 22.564054373617505 15.850225667211339 27.983255930651545 22.564449704687327 16.835966881874736 38.94983542427626 35.614692641103005 42.083412412811434 26.800336103755427 34.49983616567362 18.646546184876918 24.6980532773305 19.562428957789418 28.6215652104466 61.30432404031701 20.533273195659714 3.2777309836693966 21.31507318649531 25.24973933878915 35.882162691645604 24.43321287538252 65.11737399178463 51.823354212363746 79.56992624149741 62.48182498797657 39.70111195214071 33.190998936757744 24.69403353674117 33.16293239386712 9.372744450881983 46.505124989793856 16.690591919921502 26.833977346117116 15.982315901463808 29.195045297487084 23.312095054405955 26.743291351175795 46.62064942600509 30.688094387798003 23.512513277798345 23.9310225359229 47.756715246808085 8.113933591053321 43.333265445658355 37.99063197425021 26.407681169651504 33.567545641511146 28.519345649960943 82.84638630583923 46.804065411682295 66.20552412802299 111.41835800547409 80.02497204509633 54.093549302615955 44.50166601422525 59.723150928762145 103.36030663320273 68.48081046433381 35.04418792463955 17.285083275539897 43.60800834181009 102.58760050675147 67.32001976127555 32.740843823539315 12.006213336264539 41.81559486456208 109.25496743884864 77.01360989439753 49.575439904335504 38.94267979164568 55.745137117005825 122.1497816819578 94.2702223837546 73.38460368518354 66.45182358185052 77.32082014000017
53.172766225810804 80.51437979279416 42.705854805663016 36.2679302197176 53.826201380379565 35.93625848116015 33.83326134238989 60.13581672861767 71.12986803995584 52.60801835849092 38.81095741801512 49.23145164295181 51.53518378547629 33.44420874526972 67.87327875610366 50.06306561397866 0.0 41.72955948419754 30.25257356363557 64.49327082951127 78.82706107089331 31.879216467009947 88.1857736883345 49.61915903872468 29.984969517267757 35.13366724590034 47.5694627748186 25.055129305027446 28.064002596857307 70.84101965330373 42.992283442042854 54.99601256925242 38.87023046256857 46.41175754055526 75.52146326953866 68.1260732235137 15.623642468583263 22.848141365148578 38.233339937233865 67.36589426397383 52.77426989104367 32.501521160949984 76.07606508077154 30.07412038947032 79.43936736860793 67.42527266453968 29.984969517267672 98.08474455397932 50.68202838103723 27.763968334409633 39.31350073355502 22.55371842613368 37.523843043899916 39.05666031546871 26.005433012611128 52.480888608441376 59.962692330521385 33.772274537073685 70.56809491079035 54.615022684912766 25.42979532438739 54.588672906213624 43.43740964702564 36.0999385656679 45.92000866726627 52.04846784086127 38.62297151097057 40.77510877597121 18.384554844311687 62.41998622249231 80.06224448278032 92.55220998094521 95.2342119960889 46.64548023316923 74.24220638500826 70.12814752885656 45.382765954404434 17.76359568666458 42.15210015113351 63.80447067039757 49.127028215931986 44.16877020666517 34.26251085318952 25.463013651130584 28.697678743322687 46.48080764277575 42.8918606795143 19.540515831451092 38.851853248105655 51.923769908577256 53.14234306004281 42.45667195121653 64.14271742297602 29.768537350976853 39.9902287189959 59.9644747103952 32.18979887862525 95.56139677680795 28.725067747223754 79.59207476373605 130.2107575310313 108.35427840847106 95.17609371175764 94.38410287751512 106.25563436815658 111.59269782405713 85.32984612135054 68.12897570529891 67.33538657081026 83.41866398564106 97.60908284274652 66.20699210365268 42.087767733546166 41.128776085588925 64.3735496298995 90.43680600364479 55.20293538234617 21.16887542728036 19.52146296458178 53.35037734725443 91.68890446726034 57.21235435960031 25.92018843595347 24.549200274910348 55.36853518127532
