0.0 18.381840177180415 22.91818397271774 68.2773334408026 55.101264436890325 60.65176541229155 19.4997525415354 38.11023021003961 47.40861238978514 21.765564358532476 49.15528318744334 35.05185272424782 56.88347986599643 64.33108374646422 7.507797261950239 25.71782850322876 2.912638585804374 9.434309859032991 48.225465666861545 44.4830814401997 38.13778826354834 22.234483271936334 14.627036200090458 46.34082004980521 16.831583036964435 56.389649839729145 8.8909460745303 45.84654203706263 53.72730376739007 21.507516635892266 6.562447545122219 17.616673006501358 50.224007016597874 63.463096549808924 17.977225807437495 16.434014046088446 25.379971634959 8.344892258729912 9.278802908063465 10.584641667071628 67.4375016246476 31.166659605737106 42.719746834131215 14.950468282806028 32.813948514838735 52.3027683362337 54.57761093978281 18.12550751139653 44.101009080877425 33.89875862390804 19.844274147565006 22.051107488532256 27.067463530782575 51.89619901576013 50.807926654283094 16.438934657137494 55.92280396409692 21.7824861108469 35.24447465072246 49.2509533087358 43.85422574654617 3.7685314925910705 21.552569451537096 59.00347503255226 23.20874246636663 25.305478449051584 13.662756232021323 25.147627775088914 41.67803369488286 44.12255434915515 13.741657799789289 30.615158151504385 37.72788145773081 30.006313426468814 47.30721981011553 46.02947890536072 13.608874860134366 45.652549384058624 32.38114875840381 51.58208562200229 58.342086396165726 31.01482311670558 65.2883836521891 66.28368707495127 22.08586622918638 43.07467815066858 20.557065556000232 8.90157062526742 1.4344524340000677 33.40571012508213 68.29249355580986 36.82591893806769 34.36652522522301 21.484950791042653 32.115067784184525 56.97615057581053 48.75634516501586 9.582174633614088 26.34801284500087 10.561827752089348 113.48357555442985 85.19631453092241 64.57894423687696 60.12159354288719 74.77238744491004 101.467429425865 68.55570859545824 40.45146974316927 33.24075668500059 55.72938796506569 96.3676068071835 60.831532816357125 25.42529939513368 11.163647942660026 46.20626519159139 99.25627644869857 65.27051045670308 34.65357018326887 25.955723613877304 51.75643458507887 109.50290167420988 79.86955461978832 57.44181369750801 52.46078624870319 68.82486581446757
18.381840177180415 0.0 14.36049489788161 54.947425098028 43.61200819987879 44.860342260739834 7.178186912960926 24.37509806662901 55.48537703303436 5.724680738778982 54.63308066504909 49.18479590673301 44.88275246517293 62.092969373993945 12.45758624547189 14.893125856956715 16.344737721798694 13.190778893599177 54.41364117473394 46.84710960820787 47.98364230832056 13.803055826249832 25.924571707456323 56.53398669664772 33.333057317982515 38.02472708696085 25.943989445284018 43.35642120730652 41.27490226131898 11.525151822602394 20.97046821411608 29.68924272775201 46.238464611501435 47.76319824715933 27.01793358852106 33.975532048124904 43.45244105501227 11.192953775920284 20.180687612290722 25.95312295434294 53.2681239521734 12.788916531226329 36.213671528786485 14.99411288482992 45.131649383960905 42.18245120854062 40.23211026542977 5.167840039555345 36.66614776486344 42.840706905835205 13.151370069887822 40.28144428290093 14.885305859068923 37.886955888045804 36.541735213438784 6.30229255458661 44.26185052860307 22.132013824855104 44.25804155618365 59.30116954648024 47.740619242667336 17.71441918469861 13.260346906871927 56.97744735590033 15.758707622380548 35.64331099173056 24.366986855400746 32.40985330649634 47.855078135090494 52.651296358100126 29.811393868930217 16.372023159313 52.63323717943241 37.74530926143052 49.443391137874336 27.75615270291737 31.444752550049724 27.28542732366877 20.3933671934147 54.37120345005878 45.52795981682709 15.145766332948327 48.30005626496438 50.66758428690487 17.858442349624823 58.6584032193976 38.60815848661782 18.256137321244832 16.95493668873159 44.22489768287506 55.514023451822176 24.386540290179937 34.856845669058735 16.44196584247934 40.66324619132534 45.873634124405406 36.32547314588029 21.931608266736554 20.84469570947604 21.092766213919965 96.71608849602038 67.14261859568354 46.84474997227271 49.12127725483056 71.85776972144788 87.26728447689207 52.78348027478771 22.109226112807743 26.902513047433807 59.08365067246537 86.34657718652417 51.261633339026396 18.220515947712745 23.841724734894388 57.767438608439974 94.20439583292996 63.50683449982051 41.52044698050293 44.12433186781627 68.5721916237194 108.95737190414138 83.67858006892254 68.29801885722556 69.7083405827173 87.09767426916035
22.91818397271774 14.36049489788161 0.0 45.36304751099503 32.31042978573777 38.633724198453265 7.182314716617554 37.20878609704359 67.50816519738262 9.930598630102216 42.02776312608135 57.767297743550515 34.018638121831955 47.73375061740605 21.37574346246402 3.292075070224983 20.011800824657456 13.531347951123156 67.11557261283221 60.486657535126724 59.1201680379924 0.7113065980788735 35.57079468854886 67.61972972364559 31.458313160733198 41.8102083567796 31.808998633588793 29.0105676197011 30.813799022873003 2.843300546716501 21.042577137679825 39.16650909956181 31.919465842753752 41.32877948009448 20.05523731117209 33.54223589693559 43.31560440950335 15.054751657475292 18.140353951133577 24.618025463341446 44.62500546315076 19.874616397066607 22.185997642847173 9.073559094432238 54.89754553804833 29.8748771193042 31.91834324810226 9.289217126297842 22.928419336736486 54.28776451336008 3.108734492375507 43.55644804552306 5.229169394382556 29.168255975846243 28.17926880317008 9.091116913619754 33.105132815319216 10.673600808251686 55.70445615370498 70.48766475175624 34.74706718245081 19.956654123556845 1.4226131961577468 42.61867377612179 30.06692788924376 46.2516926179382 19.767378856488094 22.724938206014187 60.463786040765505 64.44993489987182 36.6208465330928 9.55087967408723 60.60097072659624 49.55527371900296 63.16358082723617 29.892734304688762 36.13752884953228 30.629475937044 9.598769569470464 68.00688484762128 35.42402189222417 11.830122437248006 44.37538298165821 44.05222986984973 5.012189595230344 65.99158985241293 38.79608863072755 27.747978143632608 21.916614729751032 35.413292359005155 45.38386290797104 13.994123313045032 21.29316768722522 3.825491250190079 52.22635453643836 34.28744863201505 25.8382288178286 30.64340230015714 6.585253159482972 30.58618371738307 91.74822267463102 66.13222348294353 53.491657152206024 62.30084727441747 86.21824366609438 78.58386854984576 46.39276914065927 25.716748506071774 41.26270437109876 72.63654647129246 74.27342787111256 38.724869777803974 3.86004090500286 32.59440469111837 68.13296884363172 80.25663064857137 49.14761040115467 30.36512027968903 44.280757984809654 74.37555110570786 94.59982053801582 69.99895130430296 58.16116636474652 66.31538520199835 89.13405806843134
68.2773334408026 54.947425098028 45.36304751099503 0.0 14.423550660927607 15.373192758533673 49.8656360963875 65.37354153149664 110.31616644948403 49.33801389941879 60.52680022669207 102.92827224256784 12.151391722918955 42.103389249805204 65.82074306806959 42.624876536157785 65.37354153149661 58.889369686390026 108.84603823721476 100.0237676681781 102.91533682246445 46.043512829972016 80.1514898669921 111.47036213514076 74.28381630687399 44.00584286273458 77.1679867093187 38.65857550654372 14.66557178747821 46.914816636569995 65.9029667337082 83.87184709734571 34.48700125679585 13.71546514701489 60.71903756638548 77.10061249510333 86.33027641998011 60.24851754004724 62.62035633421374 68.57461788062365 4.360072409873206 48.071922133599394 31.301086117526427 53.91909647710851 99.60252604067648 18.952716741097785 14.990926165136937 51.86382547125883 28.9705274217252 97.78773749110981 48.45198755340835 88.36358582727968 41.4940290694218 17.083068991015903 18.493971550045053 52.893088085005026 13.474099985908122 50.182275924302154 99.2053626292896 114.24634474375478 54.39485629617538 65.26798584422174 46.724896796496125 41.105517816412785 68.38933487696119 90.41098356575041 62.57667960732792 58.54042771938531 102.42815012332808 107.5543456346358 81.94941409175576 38.7404469127735 105.89656342100932 92.68149973265832 102.33745652132781 38.90542660991414 81.41955820163133 41.36660441143117 35.955844008597346 107.35427712761239 9.996794305282533 39.87805308807438 21.97828905725447 12.526159773217284 47.08144771785854 111.35195922847181 82.331749004607 72.23042098463458 67.24504638818463 68.49085684600651 2.6336291299150667 31.51033680629361 46.404796261837085 47.26901585361033 95.61040019531019 13.715465147014822 19.545043202481136 75.4936406523926 43.18451615495627 75.14066796455265 51.1988891247545 40.945760446873074 57.13108564950608 85.92754618761934 118.47068006970272 33.305888972985365 13.36939481474066 42.19486910818839 76.90436284284227 112.16221669171681 34.63025003786416 16.36661224136379 43.22827434711035 77.47068695909365 112.54748731404976 53.770225065590544 44.0899771967772 59.403586642676004 87.44036341063561 119.56177997044053 78.64563201698479 72.15834061943995 82.22298891924102 104.14661200099403 132.15338349819578
55.101264436890325 43.61200819987879 32.31042978573777 14.423550660927607 0.0 18.338642869920253 37.6992496981704 58.18434728659522 98.9973571090838 37.88753228921048 47.57889174879563 90.06550479540736 2.370541764403716 33.50680600271905 53.440150455789215 29.93449103172578 52.189205794902904 45.66702968819799 98.02398431018186 90.04165936422763 91.05580218944284 33.01518180556721 67.75956095310373 99.6004857703014 60.067477254961865 43.05052517614202 63.96319988920108 25.385721355198406 3.8120843305005443 34.235309205565486 52.20590085835757 71.40549163646055 22.041746237333626 19.083640719170457 46.43056914949294 62.97035534071896 72.07786387142612 47.364356200573965 48.82800047471916 54.585168208081505 15.673150026060508 39.29107725367571 16.993612230566924 40.39410924246381 87.15838399360506 4.910318130774889 10.713936381040607 39.83812856113451 14.638150029762778 86.070364732582 35.3107479918279 74.5016693427554 29.163570521225328 9.988528254342732 11.3455566978547 40.563957129260004 0.9515232629376862 36.03636020098826 87.4929402035882 102.43573306537395 40.97332035776003 51.891672042690296 33.720209079431015 31.004115563547156 58.270321813381535 78.30616117462235 48.46655407202014 44.11710145071944 91.46562691961773 96.07702192847395 68.84174632856613 27.29239600201539 92.829131648013 81.12748481368405 92.51811813137017 34.47283644293231 67.9145291798584 36.867927752898595 23.473117736597167 97.51272012665814 5.488850210794807 29.282853898791053 27.180594888165608 20.226001777063757 33.37136971497308 98.06980847518643 68.16946367687815 59.8680182060875 54.1717513371873 54.19813770581826 13.648709573494022 19.246608436777443 32.0892311279929 33.72692106190093 83.94347958802743 2.4803185988137315 7.548068553810845 62.90784361906729 29.304417743188246 62.74847842749267 65.21563978329878 49.90843189858327 57.10327248054921 81.01158023515248 111.34239437675757 47.35809128863554 22.349175982783642 35.894067899133724 67.8931818384126 102.28775956188026 42.774222876001325 9.498443755756767 29.715598717434414 64.8692782656108 100.32566870172086 54.89662105907542 35.5398236583892 45.21841288441985 73.20188793916563 105.85137536688175 76.12316678184594 63.38765733361443 69.08966809267986 89.78250344594684 117.81571271764317
60.65176541229155 44.860342260739834 38.633724198453265 15.373192758533673 18.338642869920253 0.0 41.23725978250375 51.372505653539626 99.02955447003953 39.71390613911482 64.7000438269351 93.98652931608386 16.570281231368003 51.718188970473946 56.794246933974804 35.44159657523574 57.861633296929924 51.71363676443703 97.02666393251117 87.49071156367599 92.38456585481113 39.21091679495569 70.7625651781979 100.86387798226117 69.77053872075274 28.635205847140824 69.36155781588515 42.66311111991505 15.227653197985088 39.35097746589031 59.645758839809915 74.52917516313457 40.01069318500013 2.914588947477464 57.0552524048686 72.082867012451 81.77755699798738 52.31951155875842 56.765024294296616 63.19202725788981 11.471266789151954 35.70402956503055 32.70471999324102 47.70154114350268 89.97574674377309 22.786015972164723 8.689678178252787 42.89773057786871 30.465372868476837 87.12969466950035 41.67616963081178 82.07103472699986 33.80391427790283 11.262924391267472 11.430258942505784 44.34209581360163 17.751734485691912 46.22022804988295 88.5231435775666 103.53485128434245 57.648831488193 58.1951313993243 39.79245225181783 49.342756996546235 56.47589169027642 80.39371793490304 57.88626120505992 56.71200577876962 90.81972957643447 96.48325728338752 73.8291009648754 30.039086961047325 97.31860553638171 81.88213474172404 89.64419055571379 24.30343625441768 74.22547261043172 26.698537170341766 29.185376708792862 94.63667191954751 13.575031034013328 29.96568819855733 8.845639519631183 5.8292823191993035 41.78411755583568 103.17266416734043 77.35632874503813 62.982680332000704 59.43541639777004 68.27853854003902 17.565293664845576 25.13181185547935 46.737076842468184 41.50567416584578 84.91503182149899 19.79971810309661 17.031173939938117 66.5334242220126 38.70229019452168 65.86628358144003 53.115646917872795 31.976133101210568 41.903044875139756 70.86217744653169 104.01548997830754 43.04375227017477 7.942510828723613 28.383326079449684 63.877646893875834 99.43492946826017 49.81079080485507 26.18240505000116 37.71100266496712 68.4902843029166 102.43005564516831 68.60238530324527 53.75632412293582 60.04456417232912 82.78350789368798 112.3967119578911 92.34801615319721 81.70453299615956 85.7623400143223 102.79494561672763 127.71255359835682
19.4997525415354 7.178186912960926 7.182314716617554 49.8656360963875 37.6992496981704 41.23725978250375 0.0 30.618023321295762 61.373334585558496 3.7533422324921566 48.21297539146759 53.16959773810423 39.16732609128968 54.91524884796722 15.956962773363744 8.046749931823609 16.806572281908508 11.275925162418002 60.67360391874294 53.62004187802734 53.36245049154257 6.632690623221657 30.28777713931421 61.91164425228491 31.611019447482164 39.30472353008229 28.128316335131494 36.18441259533401 35.70392332901748 4.349266720943413 19.748256051150857 34.00640551530297 39.076697989827196 44.075800602863154 22.69040747616585 32.99418745828567 42.792751563639115 11.159775168279817 17.800737786257166 24.260989041122603 48.60525455848988 15.08349692987706 29.15993593827875 10.107590896584425 49.740446208243554 35.8364687418049 35.59257654465401 2.2236700494314237 29.723796217555442 48.37284046156518 6.310059845547256 41.33816525042215 8.535679176945068 33.03438903992584 31.825308829300987 3.1079559091712188 38.415702971119735 15.827117842721204 49.79533809262934 64.7407774229394 41.13516057209978 17.455818138313493 6.116489116462194 49.80010713801658 22.903147512857842 40.66361650489773 20.999951263963652 27.05928610816886 54.05177442600965 58.40961522906552 32.61409592848467 11.312326715780317 56.305707324026756 43.46094265602798 56.2636195201041 27.92906490990276 33.108602775267805 28.095674089635096 14.226131961573223 61.14778446068859 40.14967781716871 11.531502518709322 45.81397081240313 46.923966994798846 10.980193408084684 62.02340822220785 38.037278721094076 22.365775029767477 18.236120920085934 39.42013200594457 50.18814894641708 18.53645406146228 27.9799373484444 9.540160335933457 46.2516404991569 39.853024908424935 30.689212293850638 25.664464604219198 13.69134781488506 25.275332048135695 93.98523938610293 66.2446036447868 49.7557139890965 55.633406429328915 79.03595397570464 82.72387594300002 49.16418874605022 22.87350073477068 34.0804693868025 65.81763842833396 80.21382737901828 44.85521729544492 11.04232927916147 27.642099317383344 62.757058367197644 87.21412590963976 56.329297342853465 35.66317379700934 43.62247628293747 71.1769987729525 101.78069653500158 76.81177708778321 63.03108934979378 67.66031011161856 87.83534094109129
38.11023021003961 24.37509806662901 37.20878609704359 65.37354153149664 58.18434728659522 51.372505653539626 30.618023321295762 0.0 52.61287903176713 27.306441477592525 78.81526271832892 56.098226335008995 58.59158201406469 83.40074005167469 30.605199307365393 36.31036216613274 37.395389522263315 36.74244963388345 49.16574802865953 38.13956160680763 48.98666809228834 36.844023736917 36.239835999814396 56.44719259088052 54.87182888306155 29.77009734617992 42.01925486634903 65.4163475476733 54.841580014755 34.50490143273033 43.036505891557965 39.02853665451743 67.31092939354993 54.06710699694587 51.06009380485922 54.47892452880024 62.775622211549184 33.94483806445651 43.32094181140048 48.00054441961991 62.3135132867175 19.47154340069156 56.52472576771389 39.36052529414769 50.14676342318711 58.589547908858535 50.79117323861669 29.154762211475777 56.24690239558061 43.88857444980716 36.927985299909416 56.572567899119775 35.25319774639876 49.50085041484528 47.944844323505606 30.629949337333557 58.52054623155262 46.338663158075015 45.02353685798862 58.59465186367939 71.7496961204674 39.2753948765111 36.489482226997 78.60323275732031 15.993176683813966 40.69868422345318 47.94391346086713 56.753102162823495 43.95999971183447 50.90913466521448 43.60632490198054 33.904416136664864 60.28416661741371 38.84528468267015 39.82284738163175 27.21001492800313 47.58545045455221 24.966321863455317 39.08056187482189 44.62437795117082 57.93755406400232 30.720510079732527 50.5066670988106 56.78319957327279 41.57063310610075 66.8039760146581 58.1207236378837 32.27566827244384 36.823308894422155 68.31478607017972 66.81676698328616 41.421864505885445 58.47544947122548 40.1306050273903 41.82948101092351 60.662338184774164 50.733538131033356 35.47848673566248 43.72453937533895 33.71561241700577 95.90223339861663 61.71897424054704 30.87760968938464 25.09628194739075 53.27683871716124 93.6654536823422 58.21691027111348 23.18211071070574 14.758796021652786 49.29953397886921 99.62143852476294 67.3020641764197 40.82758273860071 36.55683279548538 59.48192479875886 112.47583936176846 85.03084416708784 65.89238221420096 63.13080994792783 78.49410074969887 130.20066346506675 107.19647723688317 92.53108146050242 90.36017753586613 101.48875147935999
47.40861238978514 55.48537703303436 67.50816519738262 110.31616644948403 98.9973571090838 99.02955447003953 61.373334585558496 52.61287903176713 0.0 61.18494722219983 94.49461651406226 21.53612602130457 100.34268842211132 111.73352967691746 46.22937930777879 69.33405308310154 49.92068176157851 55.75207593760576 5.717123159450785 16.76914976081703 9.957006610177158 66.80360499704656 32.8213633989021 6.803091195423819 55.75373563286529 82.21084930669491 40.46507677109211 93.22385959726849 96.75576900475885 65.15593910980692 53.16517803984876 29.88482463458678 97.47118315372586 101.93322083518588 64.39302649279442 52.505999202509784 52.740183046600634 53.10940487060672 56.468586830732235 54.627366674646936 108.377818140241 63.3772856218891 89.21026832603368 61.575936767887434 17.71020973404841 97.18848066292429 95.44538501134281 59.19782853057592 90.26570573560677 13.510629034858463 64.88102680376386 42.475150115545176 69.88488116209786 93.23321987986154 91.83463383614784 58.65582921502707 99.67853892318524 69.06951756237213 12.170648900622673 7.102851781735928 90.25255808692917 51.177062429825305 66.09918930161815 106.40703283870742 42.618763891935885 22.131965526397536 60.12017888464754 71.41361631380407 8.652885712549566 3.3916826794236767 36.062747554164666 71.85270930123819 24.090663794135242 17.952918845453357 17.068291376214884 77.1319337522252 40.50281883839208 75.39448822090108 75.56227018670236 15.79163436863868 101.00553692717034 70.44400105318715 100.55632105269464 104.8375174383501 68.37042258164534 27.92205422789703 51.188533047316035 40.06855948990715 47.69796299329255 75.95889883377026 110.9708586419085 79.75367270200157 81.75592388330837 67.4236789458704 15.388488893661563 101.19790434646248 91.79237346538618 37.94504572724767 72.55125798297153 37.44314246633021 147.80556094834594 114.24988989337207 82.41215377254274 55.34131454883875 43.194112582218175 142.01850335157388 106.73165537870413 71.73731979721747 37.855589679354544 15.876212234632945 141.5866677008799 106.16181931586704 70.89490509074385 36.249848729644775 11.585498515175962 146.5574234132293 112.64591044261114 80.19540841245085 52.016204517903134 38.88762202326003 156.41628851047784 125.09145817091505 96.75644851942145 74.88569680079675 66.22722005676971
21.765564358532476 5.724680738778982 9.930598630102216 49.33801389941879 37.88753228921048 39.71390613911482 3.7533422324921566 27.306441477592525 61.18494722219983 0.0 51.66365584077527 54.28993433813276 39.16732609128968 57.24546120263281 17.08893689057114 9.642883628119325 19.27055724570919 14.381297362032509 60.1382836482828 52.4851824969899 53.57881697686118 9.540160335933532 31.122087248112354 62.13495269442422 34.91448137252829 35.85450213436588 30.052284210607347 38.7112238531467 35.5708840091828 7.198533330541772 22.826413487613898 34.88447815245685 41.25865586337627 42.59716240842493 26.416854857165198 36.10396408980632 45.84407407140693 13.617390654778122 21.167071198827074 27.51467458873061 47.766355506872294 11.351693004764199 30.96898221643098 13.832934985539557 50.4801198206086 36.4919748643185 34.716275820103256 3.785628499502364 31.275040772205756 48.46854484177507 9.808704156579015 43.798589749079845 9.326202416676502 32.309509346901024 30.99624330107107 5.755044480026237 38.539016968135 19.428249426642346 49.88827718536115 64.91867161227802 44.497608743020024 20.190463681863537 9.18827747305318 52.2190002968726 21.098373404484665 41.11790769354168 24.598093653338957 30.79576645153081 53.57881697686118 58.33044224904479 34.28504309621801 10.669598971180275 57.60571500670096 43.4075234877758 55.05783939728242 24.705514313818192 35.28899371651033 24.70574895532577 14.714782480719123 60.003207891810476 39.853024908424935 9.762906964889323 43.69441509798546 45.4846436133523 14.32552324023207 63.49638827748295 41.04622202755469 23.285989450321225 20.413769439506112 43.17321992016018 49.85514391890938 18.663321393251376 31.169021089428302 12.89379392235472 46.30173917914503 40.1496778171687 30.61197337064101 26.81972655698457 16.4986943852264 26.181733834210764 92.04588016565643 63.489894477649415 46.061458532084 52.388145989605924 76.8085043136435 81.82775751293153 47.65552936965522 19.45563768239547 31.909230233456835 64.7308341430277 80.62339688080746 45.576788879171424 13.658843475203403 28.776606580231377 63.26002630494487 88.80037060512969 58.7329578354156 39.316604824304456 46.62843613742307 73.03976493008355 104.172090615641 79.92447310285628 66.75431467446981 71.10890131080508 90.49272542114632
49.15528318744334 54.63308066504909 42.02776312608135 60.52680022669207 47.57889174879563 64.7000438269351 48.21297539146759 78.81526271832892 94.49461651406226 51.66365584077527 0.0 76.91922680157715 49.87668948476459 26.71860922619761 54.037801633792505 43.773206500282164 47.546858936431725 44.294801943594656 96.3130802480634 93.60516893437534 84.61999427139924 42.27026946825355 63.08147557985917 91.80238526197445 39.11170620272024 80.60237890689416 54.2806808917057 22.201281596506934 49.792394741242774 44.5320246839476 42.645676058178914 65.18821647957665 26.045115063379974 66.1320046565154 31.18591207999749 42.612666004732326 46.47911041192297 47.57436107858391 40.05485768616377 40.09172484418524 62.91215412424348 61.80379202763427 32.118404399465284 40.02716268540447 77.60000989489801 42.67881975973477 56.02799804626961 49.682690766354895 34.27382070313471 81.3640834122134 41.91097083798276 54.790662707158695 45.40717576713241 53.6665219614116 53.97144126753218 48.33145109250741 48.43528945437935 32.50786877452043 82.55699356347117 94.61533765454982 7.579982279150131 45.72057827291654 42.52329231800025 23.327857361601747 68.56148106912238 72.79751181812712 35.493511731559025 24.05136512473789 90.01931398199142 91.1045131459246 58.44792019317386 48.626636107774075 77.585247183825 78.3371581537286 96.42932598695667 68.79259779412911 54.10750514339103 70.2511784928036 44.35813189141154 100.5969636285454 53.06751284097388 51.97711542198246 73.24934269707235 67.66014354749952 37.34113761066619 80.2060790461828 45.5178589264058 57.99213199361974 49.49721119923628 19.700884812158964 58.68945857845122 45.29693085353515 21.17748673253884 38.770127891402005 79.93711062496848 47.281637406495555 47.81367421227247 58.43737192295168 35.95168342360532 59.6583631743383 111.48658375662741 96.65210353442001 93.73382674899594 103.74228567397307 123.5755792770503 89.031191451767 69.86656217014888 66.0926810951456 79.92040419302695 104.58691143642719 70.80367430510528 44.66974027734148 38.856057969416 59.63541673095073 90.19509276627734 60.73915471285743 26.152255823686808 14.520512739967241 47.64409020993939 82.83285948061467 62.88785105809801 30.774588699918827 21.713420010601432 50.27995333592038 84.36159437931155
35.05185272424782 49.18479590673301 57.767297743550515 102.92827224256784 90.06550479540736 93.98652931608386 53.16959773810423 56.098226335008995 21.53612602130457 54.28993433813276 76.91922680157715 0.0 91.78345158149307 97.02251862955097 37.27441173192522 60.33418911476137 37.94827372247841 44.45327793501329 26.08050712777545 32.08633416777054 13.12433501797612 57.06657869348219 23.26962966539398 16.29676697698066 37.8726301111068 83.17424553279066 26.347452505248025 79.43612410929441 88.52180600416018 56.02903708166336 39.14151957154965 19.5151574513138 84.21432019946899 96.87740964708405 49.03781130785593 34.323516367080636 32.37429343902056 42.73504866356687 42.69643272773425 38.90788229427178 101.77433601821129 60.19411709383976 77.5549720892478 49.98089588901625 6.528748783618311 87.35217455719985 88.75884789322585 51.293206697109405 79.0436157245564 15.080678021218763 54.754880811056005 22.51504495869561 61.43803105878058 86.20024483606436 84.9936903593787 50.09572840950872 90.86888852297612 56.196659208931415 14.875116557970157 18.703377551223717 73.71595630592297 38.49056028924428 56.3661248651196 91.78345158149308 41.64495715710473 15.41042627248124 45.1591032295369 55.46958750734052 22.915672746237174 18.6630104536092 21.37503895809216 64.45964838491567 4.2711800081878035 18.417227379717197 33.94891730485387 75.35615490515774 23.764966404729133 74.18577259124149 66.98757359863215 35.100707943639684 93.08294185802772 64.05252120462495 97.35153009443816 99.76989035621216 57.121442127093296 10.743620358529537 31.767712366127544 31.005815627815906 35.90937401247703 57.565209508231064 103.0922540540035 71.42543307715269 67.42839846992642 56.53598238654943 16.214876461216846 91.9870145053982 83.51598163760968 27.521357716396793 61.374433268936826 28.120600826035556 145.72416462984802 114.5903407639182 86.93957807873359 67.21729153922843 63.32431077321584 135.89280606932144 101.92352329261293 69.58548718518534 42.75583026963863 36.69015653926528 131.36650573105663 95.86515481411936 60.45913358968815 25.547908108007693 13.501638063896264 132.68953729652608 97.65338998825561 63.2302038565632 31.498184376990885 22.768737214747745 139.69573467362747 106.89506460088114 76.61837846701323 53.351303050770255 48.52331081360913
56.88347986599643 44.88275246517293 34.018638121831955 12.151391722918955 2.370541764403716 16.570281231368003 39.16732609128968 58.59158201406469 100.34268842211132 39.16732609128968 49.87668948476459 91.78345158149307 0.0 35.14812024835188 55.000203677759586 31.524597099401866 53.97095215376197 47.45250561554961 99.25649063979539 91.08373398879162 92.52252772498738 34.71780569565645 69.3398471401434 101.0748045085207 62.20698360748095 42.26152232051151 65.76097569597569 27.69551043115611 3.7743973468429868 35.83698746865607 54.1471687671989 73.00825891382739 24.23195673049922 17.085631683646568 48.60337240109938 65.07314165010177 74.23576267582078 49.05316585602825 50.799361059733044 56.63036668637476 13.302883837578925 39.946277967217405 19.355331070185198 42.267787531365585 88.76647701676477 7.251043252799312 9.604459870589844 41.274939008573696 16.997192138032304 87.49963268904878 37.05383547795191 76.50779463461282 30.64444732292749 9.512430151005264 11.004864022346036 42.084627004436065 1.4506287840761538 38.136798962595144 88.92209971793355 103.89751656148351 43.3114727303838 53.730716279473796 35.41745669580697 32.87392376346299 59.29377502341804 79.8232874075843 50.557039996871026 46.40540462783626 92.72450234822047 97.45699149442447 70.6151222899582 28.514924147591596 94.60321984587894 82.51393357750595 93.52790112302876 34.207209750665484 69.80366618063347 36.63860863582736 24.967387274119268 98.53190046374729 3.240301829440908 30.29657032721298 25.37034153539031 18.063398281460483 35.29859544116662 99.90511191532049 70.28656110186736 61.43207836421261 55.923242921836895 56.55418026703351 11.553354816968023 20.637523101004376 34.444598592747596 35.59639647927434 85.35907923882435 3.240301829440734 8.559005371753484 64.53398965310797 31.28887662831088 64.32365431247327 62.84871938398691 47.861423472684216 56.2461929598872 81.04761948848656 111.83006331959142 45.24042660320005 20.13373155860627 36.003350963887605 68.69729690195294 103.31795153422432 41.72744301185413 10.13540591463742 31.567117026747425 66.501494519081 101.88534801763745 55.07657110485261 37.18616575424743 47.58546051065572 75.35332819424568 107.8149107330312 76.96343791361717 65.15787005974899 71.41322519519211 92.12096873629781 120.02008362022015
64.33108374646422 62.092969373993945 47.73375061740605 42.103389249805204 33.50680600271905 51.718188970473946 54.91524884796722 83.40074005167469 111.73352967691746 57.24546120263281 26.71860922619761 97.02251862955097 35.14812024835188 0.0 66.64146031017913 47.63202741139156 61.894430498925836 56.51198477355931 112.42649172384306 107.29567092871909 102.33259402549656 48.306372120095176 78.94853662207419 110.30666156350429 59.96056779199626 75.24240675787586 71.6835840483327 18.90560477038743 37.03864796960951 50.567982953913855 58.69767102612562 81.8747887274519 16.092470984741194 52.054140002119325 48.01299318886601 63.55780865445307 69.73342823860304 59.5214447553569 55.304955614245955 58.14280337316375 45.68430767281448 64.10624472810869 26.918806227677564 50.84703133269589 96.3172707073178 29.706707726108693 44.127175422578894 57.0034211677786 27.50274823056159 98.22638584999925 49.34380666053305 76.36726186557476 48.354492885079 42.823256441973946 43.83972090402417 56.508289380821516 34.004756008245465 42.91159885771413 99.56462131282683 113.21012823933495 25.181893468499222 60.562968751014544 48.882636326357364 5.328574221088129 77.78071374784922 89.61021909682995 52.044746058764595 41.64301392252394 105.8124559036686 108.43309684311463 76.48465825029278 49.53440667627308 98.50257454085101 94.24353867160826 110.05621916330597 65.01360563117387 73.27465968380497 67.12775600395774 44.35565741591362 114.72834503546366 38.199464757107854 52.824860740912925 60.50012780364682 52.5508007759748 44.925873010754685 102.14705997091383 67.6206942506817 72.17302475650621 64.10816794404485 43.93850126336142 39.68794005224006 42.61745364547022 29.983496056762277 46.19147284751858 96.44073474893983 31.920226657460486 37.87877023752565 73.8537439644745 41.34387107722967 74.54550846874147 90.23161781673153 82.42449011704242 89.3191920810546 108.13930534754682 133.94913372991513 65.24763741606256 54.275850643358844 64.5494502246284 88.99182474455579 119.1830860566515 44.41276309552946 26.12684294297066 43.87399188906201 75.49463061668845 109.57257040265857 35.88302989723739 2.0387797742728115 35.396784665247935 70.95011669909168 106.52284594346791 46.93173526520254 30.17516342311228 46.375481739218394 76.96117353296215 110.57825854111962
7.507797261950239 12.45758624547189 21.37574346246402 65.82074306806959 53.440150455789215 56.794246933974804 15.956962773363744 30.605199307365393 46.22937930777879 17.08893689057114 54.037801633792505 37.27441173192522 55.000203677759586 66.64146031017913 0.0 23.506365085513853 7.178364363884337 10.21562737071602 46.15652891100226 40.73148810907537 37.745058223434995 20.665687500452616 14.347865695021746 46.25149745391162 24.29290410579453 49.88311874105417 13.586154560272195 47.798327559398466 51.5967385853448 19.21542980995235 12.961457448627707 18.052036319232105 51.6735701492433 59.67187598116176 23.196992910406035 23.92433828932179 32.65763482635851 7.120356197046393 14.356075340459961 17.67831497406957 64.53502789083065 24.884919615578244 43.006232465863555 15.795984955123133 33.79739839631638 51.229436486393666 51.50360403746635 14.023909461649483 44.036344044392465 32.93096084721452 18.661894948911446 28.221372580555254 24.385454832965333 48.97537529188667 47.74414131706419 12.939640566578637 54.19023896962866 23.798454462067273 34.34476195038393 49.11523947332829 48.11499485254294 9.176181011273268 19.955720615896016 61.3368058371568 15.965984646274364 24.895730932753494 19.211253153770258 30.085302502160367 39.49502510758473 43.125311362629404 17.35870039279086 27.20184633278722 40.52673985454787 28.29753178416896 43.51901316034474 40.095594696597715 19.208605263985095 39.46723011571852 30.0380985445225 48.11522291116032 56.0785782528563 26.82909376036904 60.641577885998245 62.5531729910946 22.234822993398037 46.411059387111386 27.876424279212216 6.431939372716871 6.228960449600981 39.732879922148214 66.11564213270054 34.42258307445531 37.151544094883995 21.224554520218426 30.89284076420626 55.51385131269889 46.57781665687679 9.7561378083469 26.358898465140207 9.330317392453374 109.04356402156873 79.55525992384038 57.44332069222452 52.939455871716945 69.5528005859914 98.65060603425852 64.73667186553293 34.37921216406049 26.55602955400384 52.54249817278936 95.64347168717714 60.100562484853654 24.671690642048944 11.726798403973536 46.88874124999024 100.68627927654789 67.77016392751455 39.74989446657717 33.15876670179922 56.13505336329118 112.70335109870462 84.45669518357893 63.999688361625005 59.92600101960322 74.95618603651634
25.71782850322876 14.893125856956715 3.292075070224983 42.624876536157785 29.93449103172578 35.44159657523574 8.046749931823609 36.31036216613274 69.33405308310154 9.642883628119325 43.773206500282164 60.33418911476137 31.524597099401866 47.63202741139156 23.506365085513853 0.0 22.83400720883446 16.44645579121638 68.70643246018778 61.62875424125864 61.17552615354217 3.7918657900725403 37.82800080137436 69.7080466117098 34.747536022920066 38.93200595808919 34.59484098323194 29.21318928810658 28.193982591786455 4.313581645484545 24.20431235249287 41.48590693689546 31.622793477697925 38.16059203591026 23.2500321544763 36.80720404000809 46.59028584299255 17.62380522261294 21.377865076656562 27.878653418999583 41.720617576758485 18.082369988602284 21.35810217623101 12.318887736414 57.24348985743183 27.85490440315086 28.905599180758124 10.268320248561176 21.774087487437804 56.24828909198135 6.2386149076982 46.66855802021437 2.0108491597433478 26.194452363659504 25.14702204733628 10.687946122413608 30.689647401419187 13.46359816978253 57.66952279136757 72.55592787514203 36.35880940431279 22.92491757013911 4.350936470753966 42.639538185515086 30.60993594729172 48.38488236603237 23.056658104500034 25.548371359460493 62.078548211017015 66.3379401605564 39.3352156088234 6.320737301565645 63.27169052162553 51.39912710342945 64.25767068725281 26.95689719703123 39.08949978785607 27.82444145895545 6.672745372964482 69.15694917527986 32.749446856072574 8.892624417435242 41.09296049034044 40.90694364894168 7.817345937642909 68.76512940629917 42.05441076459503 29.9335349114065 24.641777423449245 38.244051844174855 42.759855311149906 11.121752610364442 22.726068221424764 6.8821243966556525 54.14876390920625 32.0149882080605 23.183507255924667 33.010462941304525 7.821528995128136 32.81519725633567 88.54643436324066 62.85351444282224 50.91968844170398 61.377701315080245 86.45106662360924 75.75869728148082 43.23507120016704 23.051302767717935 41.540988755072156 73.83864126549253 72.26783448993143 36.84291150060979 4.936689570670785 34.97931145830146 70.39136386216248 79.31128147634294 49.14244195661687 32.7394044883005 47.5494099235921 77.34476669237927 94.56340808207159 71.00668777892845 60.61184663783678 69.554129134576 92.3790695391577
2.912638585804374 16.344737721798694 20.011800824657456 65.37354153149661 52.189205794902904 57.861633296929924 16.806572281908508 37.395389522263315 49.92068176157851 19.27055724570919 47.546858936431725 37.94827372247841 53.97095215376197 61.894430498925836 7.178364363884337 22.83400720883446 0.0 6.522196409631283 50.55042573023237 46.33323392421823 40.76750072698208 19.33003737287911 17.09974098328938 49.03392562430677 17.576177654004184 54.343104068346165 11.798564829953143 43.304428736335275 50.817914830414395 18.644808327229097 5.787974988212621 20.26273790789556 47.593205510668604 60.662338184774164 16.421735522815318 17.7516855516111 27.112802095296573 5.675827329871461 7.503283511050527 10.620278326464677 64.55436182074068 29.106373762639873 39.911954628772605 12.09221216733802 35.61396892454544 49.40391854305917 51.712497745054335 15.56072643092527 41.26054321496004 36.41423224306221 16.934296583073493 24.562038813087778 24.21294220159995 49.021849161968596 47.94484432350556 13.791250011353776 53.010343677282115 19.1575923366785 37.77755996908107 51.94181391621708 41.975537403390106 2.000675897422 18.650480726230928 56.5660014742674 23.13074548076165 27.87934041340137 12.256933041464288 23.496730029596637 43.95999971183444 46.66210978885366 16.652903765812486 27.823321223418596 40.64006762548269 32.35151766081203 49.15221056215557 43.752984388114676 16.363867416016035 43.479172675745055 29.49163895596924 53.53806502040485 55.43473338613698 28.337948833194044 62.62054208425117 63.4736478055409 19.21544160371328 45.97979127840804 22.26791168385189 10.564680840664103 2.223024838098839 32.615940132510545 65.38201789654639 33.93405443545307 31.98724024494664 18.588724837834732 34.57366509249426 54.06710699694587 45.84918404529755 11.977722015610533 23.48144364202568 12.684314631021175 110.75223273521475 82.7593797306616 62.962783987087306 60.0969945993605 76.09943962386266 98.57278860662572 65.7547803573348 38.24890432416478 33.681705430743726 57.776525822162306 93.50034049396028 57.953399244730505 22.518661367220833 13.703815153100123 48.99703872639925 96.66058867293066 62.87993250404007 33.11647698223241 27.779755415652332 54.57954929704628 107.32859702759373 78.16345393699373 56.84872750908202 53.723222219439464 71.22321173792614
