0.0 46.659018621480435 20.863627831505404 13.177837454418587 28.416599835459238 48.463276256724356 23.72631053561801 46.95043188464967 44.26141897619098 49.67151693174346 29.190027082922995 38.41556729856314 21.485401006715662 46.18647532670665 4.4241807579888 34.33402867885432 8.85793714906689 20.347626783753793 12.690664792711319 22.130234761401297 49.22104386767275 19.049479942243924 28.44422032286184 22.197887834057592 25.14307326996949 22.27127261162353 51.60802133181256 23.049484815318717 13.408278887152848 56.887744064567016 45.04105525016849 39.42726541379424 60.74684733065856 22.059271637296757 38.67107100350987 51.68220049803208 34.24418962217016 49.2713897318937 21.25079618553964 32.17677650291416 52.58031726724243 27.790267741108178 26.93773081503639 43.039737317727145 22.7787149607963 36.07450078233441 45.535642390353765 51.86828709397003 7.430177942940318 37.259323398117814 34.93730232687962 54.073904974578525 24.895730932753494 34.302245992310795 25.49406722521052 18.30696452790836 25.993439808388032 45.66540315153492 46.65901862148042 24.64944690693638 24.571473920996873 31.620586744092186 27.709977236110603 28.468559098249404 6.647780157280678 53.07560550037872 63.576960182992 35.57488105856688 29.71275014836667 12.693946292653294 54.84998613368236 28.321856227462163 16.550043469712048 15.26958128062533 16.8544343292569 24.2928313299356 33.48151144769557 46.8112109319065 76.81997624401826 57.338202460111354 44.2818944307912 31.898280299346094 26.606929468607145 22.061082754694734 32.07510578811712 58.361064450665644 32.00340434542655 54.85118978814809 25.04800035202704 9.775727450294655 24.124817093130165 26.275643384273792 37.71693363328794 48.740913562739465 17.052793936349687 17.99643383730802 38.45934157457817 26.556226389255805 6.277257233858452 26.89074535195436 99.25127163852576 68.22162299703663 44.60652930165504 43.098407844247916 65.24860727634395 91.44890695494979 56.394198008587836 23.019914028319135 20.291259247660363 53.15789545297379 91.93170641821945 57.16648418083236 24.835081485440735 22.310574207504313 53.953204361219605 100.58040606365546 70.12338330590002 47.43766423190194 45.99508005738932 67.17838261999705 115.57571733294891 90.1557408726377 73.69175875800958 72.56031649233537 87.3592025737549
46.659018621480435 0.0 25.79969966173852 53.895038463384076 73.56149325929624 82.61589200700354 28.51604915845402 6.984472794333244 10.325464841293998 5.486186912506155 75.56418692074594 84.92365622668297 25.18058996934507 90.22295628260578 46.75761763260553 80.4583424203512 45.056060402035236 41.902204555836896 37.93587660414251 24.58263503650067 20.02808314363166 42.75442629751412 35.29432434064332 36.741603437358386 64.42516648820822 25.96262341238899 82.15381097326728 28.750227299933588 38.39139589285622 11.202512928792165 33.473617099452966 83.55958186757134 16.182683513686374 68.63149711177914 47.58905144581137 12.191850055387526 25.390042606764126 95.90252308415273 55.078460950761624 63.92794886606605 57.04281135400951 53.95676692233838 28.90749503934919 68.27958425898693 63.73466599182806 49.56116427604901 87.67389661661389 53.68726343306875 45.34902772991701 53.28869133241135 80.5589919786469 10.898800371868846 22.249126002005163 79.87522866639857 71.58086786239521 39.629037954255985 31.475620849176547 2.8989481205812413 12.6318061339927 38.23331652044409 43.543988110635254 31.13858157993373 38.751055683102734 30.734849868587283 44.31478750606098 99.7338254613398 110.21585109098045 27.695487451877693 19.012533107245872 36.84373393535543 18.542683658331367 48.30352791425179 30.11235242244665 43.06699435109452 52.375237859856206 26.01322613057893 36.907870133197704 24.159367919410094 78.33549367340862 13.726091508974335 36.72861601740874 76.54332920188828 21.570278866114926 67.57702478111914 47.58967026891835 17.63689646186706 36.74160343735833 101.49641802421387 54.13270591451451 49.18030961909293 31.81616505244157 69.40445295882901 14.02620388116511 83.9094703648341 59.212978743259626 42.10271067995936 78.87827161865245 71.84327177569486 48.59526593243953 46.514631150138335 56.15858866303128 35.3805967569271 43.381710902168145 71.02355751608889 103.62868941776189 44.7902078194798 10.722253187874799 27.49510797428664 62.6833747000394 98.15620315193742 49.54579903186075 23.65093198314304 34.58537260427134 66.0691338308424 100.33102174454193 67.07929779714635 50.84251223801994 56.590183946357264 79.70003637307592 109.69914168041613 90.2251914536398 78.68694497485768 82.30898882639671 99.4484196383222 124.64866981396314
20.863627831505404 25.79969966173852 0.0 29.394544654117556 48.32191919412723 61.955364297820665 12.004600989732877 26.587965496233284 24.47234740434541 28.92319069103653 49.826527560282045 59.156364233788345 0.9484057215754498 65.53016042669996 21.284270876849227 54.890911530950376 20.452790364905535 22.076691976675065 14.128579766016072 1.8968912986095705 31.115941782965365 22.15499195891339 21.276045096848698 18.673914139267453 40.99022798837382 6.432964056598676 63.10300227432327 10.871623226605468 15.043223014107962 36.11317250545447 33.22426614363523 58.579112529119435 40.16963073264907 42.84209979715668 36.38371356547599 31.589274720457574 19.672882075182834 70.10560618410385 32.879657669967436 43.37029980718816 49.76420739391748 34.75790272924468 15.069299782095943 50.96432514898904 39.698646405078584 36.07419436242389 63.733704287576494 47.622776408092435 20.407324064232437 39.01408910939255 55.184751237363834 33.721091795281204 5.29734171540493 54.5166156003707 46.003612233849005 18.94763110233034 16.99858670952048 24.83875017285491 27.292077827859828 20.945549760222224 25.0836219068378 21.482474533139705 23.923873320929225 18.543200099195417 19.188254444791887 73.93522623813207 84.4362263969443 22.757099549377873 10.361475880376881 12.744724966164654 35.60683630415948 31.079415502098634 4.3136342936091 20.711675062925455 29.25602785954487 9.832983442967912 26.595924290927815 30.808983376566257 74.26317544728123 36.849803352226054 34.202959929031 51.507066016638476 7.589726322320646 42.041170754438035 32.59665122028086 38.405151968376245 24.818220691117624 75.71237923518568 33.686052426494015 24.291586418240787 15.68119900396666 44.803728846607335 18.175480666963512 62.84197911340128 34.618907383016 21.06578709573669 55.483794408065265 46.54150030331742 23.31038067094521 29.07399736142448 79.37620648001571 50.73647025904598 37.1480690728412 52.13397184155681 81.16714462377145 70.58739834885938 35.617500288253964 9.318857747763019 37.91154381582415 72.93790825824918 72.45598234549712 39.158351605259206 18.683881550035323 41.1946861347361 74.68012257780755 84.27593212572543 58.03864999902129 46.54785762420338 59.13617508155267 85.78832877925481 102.66531047611002 82.3032639244391 74.42838419044512 82.68879814286325 103.28303900677433
13.177837454418587 53.895038463384076 29.394544654117556 0.0 20.071047621455616 35.32499168858192 26.584375263194765 52.58289189655704 49.15919524392978 57.785402144997775 28.39689572699415 36.11840710367375 29.679235854696035 36.34712950469729 9.512017260486964 27.74095732506758 8.959955655117458 16.247579450129923 15.959180708475998 29.99101915977287 60.001460550225104 14.71089766983099 41.34604864995012 20.77872163188536 12.238017299055231 27.939510786070382 38.46174857317038 34.742594218343164 15.563546906752839 64.81656695618882 43.30288696057144 41.823139071177245 69.21113664482776 21.346298371270294 31.786331781842456 60.958515527861536 46.037593446712606 45.529519199310165 9.177791779516342 19.324728646530755 44.624649987838254 17.23232948947639 39.02538959161601 30.748946275396303 10.396470647107856 28.218717628974535 34.34591641734293 44.759444543904564 9.060736487483897 28.227942445724505 27.207243254001558 59.41225307205082 31.733411103214184 26.500739477659426 19.365446581341743 16.407645433107593 26.348035791688133 53.51231477656061 50.89085579430421 37.736524290551074 37.72759243035131 30.992960079958134 24.168263003193317 28.562036782344613 10.406119663199798 48.68849728968788 58.340236611498916 35.834293611854044 39.50417634326572 17.089471514046647 64.9369154119722 20.291813384068615 25.50182280721725 12.108304045952892 5.629099831236843 28.437116068656856 30.373962903713817 47.92082849790576 67.69052106072405 66.00574483158302 41.47898726936751 22.74808696365024 36.46615511851185 24.82624319888351 24.61180133605842 67.78549018389371 44.99232441937246 49.887486201299815 14.018342403113914 21.856151579607847 24.895730932753494 15.52568796528049 47.49595907990173 35.67507543127422 5.317941227076051 14.443592184208063 26.33559062086637 18.535688248140477 7.1764651982304635 19.636801210416237 108.73006706023055 79.44026049935688 57.71859582732349 53.70541344054089 70.49298102706732 98.12157276836217 64.3199970685439 34.32898624561451 27.42434801724749 53.459411945041985 94.91074882001506 59.35582019546043 23.882784562080907 12.242232789418155 47.555945861388174 99.81424877141569 66.85016119052794 38.82261384973785 32.82739927486461 56.393904301430865 111.76891740241302 83.51347284849354 63.15734023552922 59.45871958444855 74.92642574232195
28.416599835459238 73.56149325929624 48.32191919412723 20.071047621455616 0.0 30.304260261210853 46.6535083598737 72.57160726167369 69.20713415984875 77.1668643798584 16.851596517976986 20.116889843372334 48.75622530935957 17.909092298856603 27.046516346896375 8.206737980073028 28.57220899271761 35.6143493829783 35.78141270073771 49.20479777312891 77.63758482355779 34.165410225871994 55.485751200900744 40.54447609048447 14.812543322295513 47.72870908380567 36.35086989000973 51.41376088611064 35.520474214668106 84.29870961965356 62.08767691223916 31.2004948669737 88.48378145124168 14.414383295722482 47.662356483805816 79.77420346674036 62.494299993857716 27.018405161377604 23.595207784059063 25.49919744067718 58.151827188497 31.053283030285904 55.10384036825599 36.5167039502567 12.84900736850596 43.48540806364266 18.764032420916024 59.33157134308506 28.212925560174686 42.01491241264523 7.139950398864982 79.44743939635772 51.31266572429813 6.431623621073248 5.0082564320927645 36.29800830967015 46.25174479103231 72.97569663818295 70.96190059199056 51.13142717447126 49.2316511192758 50.564392671444864 43.04542830725836 48.368848669349255 29.267812501421474 29.561936672400382 38.588162640276025 55.513520197513905 57.88646642306974 36.77121721713886 83.19957460553502 36.6113291710569 44.13856162898425 32.06320159826397 23.547079921323913 48.45077715264287 49.043783611499755 67.62040776397836 78.08128593106679 85.17127437293404 59.7836330456598 3.7611654253832194 54.778630437985456 20.652534544710537 40.781817918653765 86.52888832459013 58.64238613833532 30.38669510658739 28.13634144503051 32.291654809537306 44.88164693163357 6.798864777838197 65.93479607830021 29.352812022817403 14.95033722642361 34.142716707776025 15.508456625933722 1.8868416025940875 25.03445945389244 36.77121721713881 127.49664561230838 96.56145680141528 70.17823139645641 55.299207155732624 61.01777930331799 118.034110848804 83.80150653793417 51.43471043734765 28.294206894097993 38.57188893847047 114.7812980947714 79.19932283140541 43.61800219903114 8.046025662762457 27.552821567792755 118.25194674923334 84.10516303434785 51.9232964662645 29.164596883132038 39.20858879922592 127.89970636325036 97.08802157388989 70.8941452327718 56.19628614107019 61.82404206782891
48.463276256724356 82.61589200700354 61.955364297820665 35.32499168858192 30.304260261210853 0.0 54.349350896430835 79.11187459318985 74.99700268197509 87.44908134482739 47.081308195390896 48.24423934658375 61.931455517349995 26.287535936730354 44.77286041153359 34.931245547893894 42.83677899410894 40.97315991592954 47.906821836167545 61.92181289211208 93.03061105591088 40.38365458237116 76.61197724239551 45.941680122341424 23.46716151304829 58.240371432285116 7.033805714891671 69.32267051886942 46.924328978578345 93.798870798923 58.77063676739098 61.05528676934008 98.77021661030315 44.18383135175207 40.19788531941409 92.03968717517964 80.44650546292053 50.48793071775428 29.15774108701791 18.791651188852313 43.40766246639858 28.66937898088002 73.79327824554542 17.880333572933708 26.258993148544437 36.34862738665458 19.27602068371209 46.25179701826973 43.55269778647869 32.84774791799415 31.8072985460192 84.78583895364854 62.473583025203546 31.530334566742262 35.08453837764481 43.662701559136615 51.16051248931301 83.0995001017884 75.47545551326981 73.06136970307578 72.88112566437104 52.56356259825302 44.270109289481404 52.145777570778364 44.989672519898235 50.84648605172759 55.26607741222759 57.181599051495766 72.29769589049911 49.331860848713696 96.94976986521986 34.63971909409118 58.826803373591524 41.25076039366182 33.16518402621191 57.08527808159527 47.94537465274625 67.73372003080695 55.71192809919176 96.01094767144143 55.276006402720654 27.78143442048992 69.51547869435764 50.32864805703459 36.51430516420842 98.79745007994941 80.2906450408017 50.0396490599734 28.672676164934252 56.32457592816715 50.82419244591297 26.064934634726402 79.82874263602744 2.222279508499564 31.820824461424817 41.27723133584375 15.107984365290273 31.30376646780011 42.472390739784736 36.267883318955775 138.7744602367165 112.6573999041189 93.04349074400997 84.58460303105669 90.46591322497419 123.44402955518856 93.32571712577034 68.6519785659205 56.996863838337795 65.69881625404803 113.07891298698286 79.2542015163474 48.039665863812026 29.437793360872227 44.24421999764563 109.10420035515915 73.5285329474556 37.965441592076864 2.918103625727621 33.28463426076948 112.20132147545601 78.00890622867131 45.97651026376072 25.97088131934103 42.03963597130242
23.72631053561801 28.51604915845402 12.004600989732877 26.584375263194765 46.6535083598737 54.349350896430835 0.0 26.20663785414534 22.618013905111017 33.146884545861965 52.17548402592565 60.999935842953754 11.316105334091532 62.41641501329265 21.784016117807536 54.188330956478175 18.504560419884598 13.423518969738833 11.535067845976778 10.667325100697829 39.926800856765006 14.238508247724905 33.22369925199245 8.467288993464201 36.14561716022674 5.647408816516739 54.438063994237666 22.857122665955266 11.398137678733947 39.7106756551141 22.612496673501706 63.14795368589333 44.54618786581733 44.84023558058929 24.557885227696122 37.76060160188034 31.059277639775786 71.26354014427767 26.59856673029621 35.57654603243919 37.77103340215096 25.86283140707923 27.05849275499605 41.253203842469645 35.755626705792764 24.66903946837135 59.42098081107518 35.62376105877123 19.296838595366584 27.898559654416587 53.78627005199824 32.89000781747787 9.237338288645164 53.0809234910025 45.54070418044195 11.148958209238094 5.019919050469971 28.787044127189294 24.31516940779449 32.50359653444452 36.125473898631455 9.77124624988889 12.435975180892745 6.629531894491633 18.756900040001213 74.71043234478057 84.68183649396498 12.337576591502243 20.281774160994594 11.120049963174093 42.94998135592527 20.910971055905136 12.63952805937484 14.886301906561236 24.170905540345036 2.8855069217274187 14.593284392093189 23.086365766528278 62.260659187543034 41.69338328694781 22.931324294478205 49.26435724315033 18.42519660318893 45.70020064386914 21.530435796219614 44.47599333488113 36.80875928227397 76.11233925345725 25.717808417632956 30.80102806569704 4.024070309120656 41.755789235207686 26.548626581842033 55.55105746649983 31.798676808460037 13.618630645332493 50.485508727115544 45.08921520231075 22.89893285393973 18.953079242955756 84.5636998259052 59.2958513677467 49.123697091579075 61.98740362644671 88.33968398137577 71.79762431408635 39.22606631104633 21.32302555620121 43.621786748616096 76.70235236888057 68.88146682113634 33.649770223990856 7.222720850845852 38.78451305001797 74.08454160098128 76.9435858171308 47.925873454692585 34.722462273515156 51.44507283003845 81.361709314014 93.17622590402128 70.93916448179718 62.570366424441666 73.00593240246312 96.31620471464942
46.95043188464967 6.984472794333244 26.587965496233284 52.58289189655704 72.57160726167369 79.11187459318985 26.20663785414534 0.0 4.250196953049348 12.088792513215214 76.13291432140427 85.35679176944079 25.799773231584176 88.61590739980282 46.38810666696103 79.84297394700955 44.039316401539246 39.14180727942879 36.81727438157609 25.022783858413884 26.977564396595135 40.18760145454519 39.76683871487951 33.83613227598484 62.3156736302653 25.022783858413884 78.13824198571845 31.92211654461701 37.052655979818645 15.787502010872288 27.128475913929922 85.15448127441404 21.055661004660088 68.99674001363093 42.44790204416042 19.00823581877395 30.656592543606546 96.09923466147397 52.61630742607285 60.66280735391413 50.99217991836549 50.505925680687064 32.97194969498977 63.97545249538895 61.95962853818857 44.81920446504136 85.5745689679371 47.52843694441543 44.545846300470025 48.598438847368854 79.66872013037181 7.141115274949309 22.05949792436457 78.97052874526332 71.04206303295122 37.27118888349156 28.18876905998382 9.710326677504225 5.729184626302591 42.15607610173732 47.37314709516371 26.73599585748033 34.85752210553861 26.97985933375898 43.679612594693936 99.77773261314724 110.05093223397331 22.66085377391223 22.30407075822107 35.919196401963646 25.365540572969774 44.500317661804274 30.747507567778133 41.09096432414129 50.37412957208066 24.147618057522855 32.12663289454095 17.4150777799545 71.70010893146613 19.358164119590537 30.558984809963768 75.3286212447236 24.244162686364053 68.57167203753323 43.261989021829464 23.848699459893684 41.677000353469516 101.3815043382728 51.06670007095771 50.79353199403336 28.908443102087617 67.91265511855609 19.37353218925908 80.53651698581477 57.86110626970652 39.71289570220608 76.55662211145868 70.93589096760977 47.99116044929026 42.84426832515483 60.18036839523841 42.015499478108836 49.407523838340985 75.16036446342851 106.72035006781823 45.59487636084212 15.396189077934537 30.45324278556176 64.42022061771232 99.52254580167147 46.18065641683916 17.038098310420363 31.30729828989839 64.82440453710083 99.78209401500234 61.50572764873758 43.87552445364517 50.98373468976187 76.1957558125452 107.4449517085393 83.84333037143956 71.70247239121272 76.05846935773911 94.66067129064098 121.1135844080866
44.26141897619098 10.325464841293998 24.47234740434541 49.15919524392978 69.20713415984875 74.99700268197509 22.618013905111017 4.250196953049348 0.0 15.747517645157831 73.43498424285411 82.57056702942225 23.615704365971297 84.99855383763372 43.39424023807678 76.6107035036384 40.78193099997539 35.28139744705676 33.57872798360796 22.766380761996707 29.735861302804405 36.38190665140231 39.68667358224884 29.9615846640607 58.578995251946594 22.05948415562138 73.94371074140405 31.079837815885927 33.719547614323 19.99248201357374 23.189736082447183 82.95171841447137 25.25767046897178 66.22542417827285 38.201327022973075 22.51385238544941 31.349913785125135 93.18324874679375 48.79511027758269 56.613388645422035 46.92285729280901 46.43149133339508 32.70804444699421 59.75393361697918 58.33478486183738 40.57344313917049 81.80261212905721 43.503083720501124 41.374997661145365 44.35400477234671 76.32730062159077 10.274231030444207 19.57327107004008 75.62491296872497 67.86297625534296 33.55129187025214 24.240955301521467 12.645802635469602 3.306428285171154 41.64744755154953 46.74201501101895 22.542227365903948 30.727713147438397 22.914573320589348 40.58819440793969 96.78782963447266 106.95682648494599 18.413105287757073 21.851894517759064 32.77437573285123 28.85702227381772 40.365966740918346 28.444838442448468 37.48028589972015 46.7091412791204 20.780995881688092 27.884264852571015 13.903914365550934 68.01034870410126 23.43061219103688 26.525234052006024 71.87261781494243 23.316364996668575 66.10971422222305 39.05009856640136 27.762370924450646 41.93158763725395 98.32023317883124 47.08130626024581 48.75908484669421 25.071720007014818 64.37216641176272 20.48831136464828 76.44582477745209 54.40137185452188 35.967189627578314 72.72967473216403 67.60773495436125 44.88253629682346 38.73889898452071 64.42025294978409 45.70070050901243 50.589616203393646 74.58039093288092 105.34386720683139 49.28468490795376 19.590016877575156 29.508692049338755 62.369564709455794 97.16670133257459 47.99285353688114 16.102352645548045 27.339818257040175 61.38284528610335 96.54247697208055 61.424568072985466 41.41391169651338 46.791287089204666 72.08269528237271 103.60783424117939 82.69152219795367 68.92869647268685 72.08715248183212 90.4105353901771 116.97729379843284
49.67151693174346 5.486186912506155 28.92319069103653 57.785402144997775 77.1668643798584 87.44908134482739 33.146884545861965 12.088792513215214 15.747517645157831 0.0 78.17534071714816 87.58694996157158 28.430789436859556 94.12424270877388 50.176198299119655 83.81404095636219 48.86016885856339 46.57027311889909 41.877207771926024 27.962076712128173 15.870821697336467 47.33463321998407 35.05635967423179 41.50889977179764 68.67233404111226 30.04042422306692 87.18523680542606 29.98077545517755 42.439830903143964 7.22469411435537 38.92886067891367 85.39335561290275 11.471804700910722 71.41658803654671 52.98429625731495 6.951470964387839 24.51445000639077 98.68826122037567 59.536806702699955 68.7032109785039 62.5288257508243 58.83767301257122 29.282853898791053 73.42870378960816 67.81476384499818 54.866093404267694 91.84415568324083 59.16939338519171 49.03224769148877 58.57400155719733 84.07938669255473 13.869750176366663 26.068494809669904 83.40657208444883 74.92679049565832 44.14470538009903 36.42971634847261 4.362642512358272 17.81782341623155 38.50167061149413 43.8084813364092 36.41808341462441 43.851144098749295 35.84398999462729 47.914280413311396 102.6102525540359 113.20381127236742 33.11248675558646 20.637515736708533 40.69833529504937 13.291296642361988 53.33281148944045 33.19888891001249 47.378016598743734 56.62964537340737 30.509135949413654 42.250645897898906 29.473933845540415 83.72281425426608 8.566587795473032 42.20658593984853 80.26624361680763 23.54907434386342 69.93536058420682 52.78749907776782 12.164420726641904 35.94738426284099 104.47228004538937 58.85956458977505 51.24867170549513 36.632622068209955 73.30924523809712 13.877983122564359 88.68618256618552 63.09143114807663 46.61100128860585 83.18295197046733 75.40785132622021 52.13288756434456 51.50489878383089 51.432324144102466 29.96984703339651 41.027951519518986 70.71483006254942 104.16369274026289 42.24151533384507 6.734853690013209 28.95827868216132 64.52919159359361 100.1082526303031 50.20527218662702 27.83255619913786 39.50859259189302 69.85271982720352 103.58606045255137 69.67003371516051 55.55204043692398 62.050726772051874 84.53818123249741 113.90901357720189 93.72431144378777 83.54257186233619 87.7869190861395 104.7176780795339 129.4492492367104
29.190027082922995 75.56418692074594 49.826527560282045 28.39689572699415 16.851596517976986 47.081308195390896 52.17548402592565 76.13291432140427 73.43498424285411 78.17534071714816 0.0 9.431008394153734 50.51813974824127 29.092441056641253 30.393700269542684 13.902004108974962 34.022494940095996 44.378521739346645 40.64601209042333 51.217865677311494 75.18861328307086 42.82444995771724 50.10469166480443 48.316377905957545 29.526499247422503 51.399486456316154 53.20199654307661 49.25853773793222 40.91179408591788 85.39203227251032 71.39225250446208 14.630242678919668 88.88015471140596 7.351762989447582 59.855837772770705 79.34953373964659 59.17404549589914 20.676402696677826 35.63099284411778 40.835818045810875 71.8805361177676 43.99198992455523 51.88211337699259 52.48569974949761 26.652425243476415 56.02139162951144 32.97133591864467 72.484805323728 33.01273622065361 55.35455713877138 16.837800669340258 83.26051120872262 54.0736755853678 16.76414235896947 12.515196748974086 43.87579108237037 53.35288672452528 74.35515203245288 75.77078676094885 45.447417542299746 42.02341770198664 58.54996349426583 52.40634198896782 55.755154294107165 33.426808290839624 24.804752896232237 35.62864315321913 63.110226366646714 57.66821427566882 41.11812938670562 81.59365140105268 48.332902954438204 45.540651189321444 39.65748137748423 33.67579361856747 53.16535355083374 58.625266481799144 74.93629201530506 93.34938958240807 85.38015147832928 69.77249629178947 19.399346869597014 54.663314635937276 8.945533861673496 52.681702716540784 85.74698732243624 52.500164160737356 27.0127950550912 40.75239838248616 27.528741499799022 51.643437096557314 22.51811049807727 65.34582950555324 46.02194969240485 25.244511036346992 42.33363726804971 32.090781917072775 16.183711989613347 29.412558435841635 47.9026446607659 125.98614575958537 92.74437027349151 62.15068576949797 40.69493208461879 44.51547467291442 120.27779539873026 84.90596422641646 49.83478694790573 17.035191600706376 25.08182707580139 120.93354986431008 85.82368884157518 51.36821000275471 21.06859702457111 27.951456341100307 127.85548942217156 95.24472526553085 65.78951195234492 46.01231088886897 49.37789285707079 140.11765832519635 111.02468995477814 86.90287629520795 72.86866655857769 74.83100797692722
38.41556729856314 84.92365622668297 59.156364233788345 36.11840710367375 20.116889843372334 48.24423934658375 60.999935842953754 85.35679176944079 82.57056702942225 87.58694996157158 9.431008394153734 0.0 59.83070750565371 25.934599764579104 39.29862565228573 13.369484042343403 42.62307955683631 52.34731367926881 49.47192457181256 60.51228426362487 84.54248159462517 50.80166354776468 59.249089478290124 56.60724882583397 34.651556067614244 60.51228426362487 54.8956053610742 58.67542006377082 49.64332355939766 94.80578856282496 79.41728844572407 14.269447009276018 98.30971604537022 16.36005175580985 66.69842595809101 88.77900221642871 68.50065466179892 11.292187735137137 42.275084146990345 45.59369064060806 77.93028287605696 50.339765129419014 61.240637600454775 56.57734811580387 32.21783013838271 62.673756968534995 31.403975682271188 78.88435309274786 41.72010408449992 61.57510851020169 16.44521479966387 92.4719700269226 63.309348386937316 16.766434565153485 17.58383164212892 52.16190239381498 61.85737951075295 83.74798039753229 84.83179979850715 54.586321547068025 50.93832506125877 66.87669495164249 60.2853951112335 64.21158152637061 42.25989772630712 15.502462298196077 26.348426104146835 71.56588956013223 67.09469948299171 50.039031298021726 90.98804752740551 55.29817246490362 54.858790248771435 47.87470844864709 41.005196777867205 62.13671893123966 66.48571665630632 83.51795828419962 98.19800169785181 94.81062972714926 77.56434251827866 21.115677903843512 64.08517066249154 18.157765284851852 59.60888931271135 95.16802628750447 61.50505652192654 17.86681512795216 47.220141918392756 36.92383916006882 60.210436206551854 26.81042450325973 74.7766821280549 46.81829943147633 32.19272358510525 50.43561235246063 33.2327947888513 20.33720031154978 38.1105026577006 55.107345411479756 135.35039455287583 101.92785967852727 70.64718826933449 46.097062840955786 42.32056894935695 129.66224027753572 94.31905794149924 59.262808406253974 25.69598921318266 18.457922293972675 129.86464097358623 94.59448869193001 59.696031557211846 26.670614050139353 19.779628444651223 135.931275205556 102.69071723546953 71.73304278893912 47.72891833305527 44.07543601403358 147.1382497969229 116.99483664636458 90.8737010385899 73.21460082734048 70.67415727370074
21.485401006715662 25.18058996934507 0.9484057215754498 29.679235854696035 48.75622530935957 61.931455517349995 11.316105334091532 25.799773231584176 23.615704365971297 28.430789436859556 50.51813974824127 59.83070750565371 0.0 65.88675469654706 21.74554074399142 55.40252162272936 20.722538170331955 21.82634210531856 14.217691851378879 0.9484855937151834 31.102111517756285 21.969658429249208 22.060638098274172 18.246964528088732 41.16757289482515 5.691488943767795 62.97398397862248 11.641342967721732 15.07514101938112 35.600765764273945 32.33073741790442 59.39329016708964 39.72907497201843 43.501613828920405 35.78131203566898 31.279296609069238 20.088368459664185 70.75026879711113 32.908086990115365 43.29869662672798 49.086988224210394 34.55533782169745 15.74559685665304 50.706285176105524 39.942985644241105 35.56368818031781 63.99664900485397 46.90412778903497 20.739858849161106 38.5552031050947 55.64988058466237 32.93781736266868 4.353442299788896 54.978154119409325 46.515252519353524 18.73255597504835 16.32865545474216 24.30218647526708 26.40948153390857 21.826342105318716 26.005353749242136 20.697152789014304 23.377473162438452 17.801923442998987 19.555561219887224 74.56013197637537 85.03591701174226 21.872988034311884 10.37375341675519 12.864887669521451 35.430576070295885 30.729005267511493 4.9791461865507 20.682002858631098 29.363371288713083 9.04113755709362 25.888806039516336 29.860763499225847 73.54888135181278 36.43831367309667 33.34984149873541 51.90690447982094 7.766555401097055 42.792189687771796 32.13527302379288 38.1076340139848 25.56732780397522 76.3158888079811 33.56890420460479 25.143570303554892 15.07219472228232 45.130506678445585 18.034869363906772 62.848941275517596 34.929441646377555 20.908133385054644 55.68044692406843 46.98709994302077 23.725685931387066 28.722022404920704 79.05501768904428 50.72937720257937 37.80773697163018 53.080708480697766 82.08458822852582 69.96987848167083 35.10433192545216 10.05252987289113 38.75566546327923 73.72352993362018 71.6063247320014 38.23366453167606 18.120837388937204 41.55864138981291 75.220215918995 83.33503611407826 57.11351525803246 45.94938729462085 59.10081173297641 86.06179691808529 101.72250735983978 81.4409812323336 73.82341144430316 82.4576040426963 103.34754270973528
46.18647532670665 90.22295628260578 65.53016042669996 36.34712950469729 17.909092298856603 26.287535936730354 62.41641501329265 88.61590739980282 84.99855383763372 94.12424270877388 29.092441056641253 25.934599764579104 65.88675469654706 0.0 44.435266853753916 15.306588021450096 45.26501574128145 50.07734942658761 52.297087977346614 66.25480656687454 95.36608818100322 48.814173758460285 73.36946828950539 55.335631093867434 26.673284759999866 64.2603331023237 33.31778096284281 69.22942388378699 51.83724738029083 101.16369630415848 74.69760711903383 40.135855786395716 105.53572014149347 30.331827809421675 57.95083049376247 97.10879962692557 80.35974985635501 24.93700408584028 36.70383371695408 33.09403216668502 65.5032693231084 41.97168192100886 72.9829637845898 40.35284116900104 26.664295720749347 53.64075783641444 7.015329719481864 67.56661012049541 45.14922540654012 51.14519203351093 12.832466448825238 95.27033996135577 68.0802750797176 13.202637990732173 21.938205981350137 51.47385323442678 61.16258813908873 89.85802718518765 86.42656811562848 68.98374114150283 66.8998966236571 64.69552412322717 56.536515221816465 63.0040448082919 46.34209797536054 24.733462399781942 29.26318866749674 69.71344699249718 75.35969186107738 53.43559150171486 100.76878802453535 48.37284046156518 61.45550701206856 47.5306520912911 38.2970223525013 64.52955669200928 61.996309717871284 81.62768899822652 81.29826465741495 102.3013655929835 71.85278480686476 14.298685688160415 72.2650073734742 36.09369159424345 51.95887005239149 103.90749458123295 76.4841144035066 23.7711761409886 39.876670799977816 50.09091253634907 60.057420240844856 20.82276797279754 83.40975263871768 24.323035753320173 31.0348653477302 49.09809132641103 14.702237738507021 19.795927168318336 42.27702104215716 49.14307275640569 144.89264334456254 114.39881472043734 87.8203819667632 69.78445484662402 67.52363112532375 134.21072213314014 100.6671234589078 69.19105001437566 44.41973555690477 41.12182219839454 128.8073982920214 93.41366070103037 58.25020643449649 24.33658741856732 17.990575816254136 129.34621280293032 94.14826602213587 59.410056578962184 26.970710965214995 21.38899896876697 135.75640224790027 102.69962923070034 72.08882300314181 48.77042574086949 45.743654424676485
4.4241807579888 46.75761763260553 21.284270876849227 9.512017260486964 27.046516346896375 44.77286041153359 21.784016117807536 46.38810666696103 43.39424023807678 50.176198299119655 30.393700269542684 39.29862565228573 21.74554074399142 44.435266853753916 0.0 33.70153923890157 4.702936665598586 16.430930648624425 10.267024473959012 22.23754215641039 51.0767985468204 15.045406759749012 31.850814748528887 18.916750590106755 21.73624126822969 21.375856606889275 47.62762272814775 25.39943173108957 10.640349927189856 57.33916671180788 42.075652029610815 41.77544249015524 61.45372638123923 23.065655760307912 34.59347980647487 52.74651984666372 36.70240872965157 49.79146186550559 16.974085821407925 28.01271890636537 48.40997863071357 23.366373827451593 29.595475257337228 38.69805578167384 19.68069946460791 31.850814748528805 43.17736901754058 47.819675809112006 3.2839823343816827 32.92082051450355 33.905227375408806 53.440434132203976 24.578102898117923 33.23490278608067 24.82345864767781 14.743406481568968 23.311840233850514 46.02824901857199 45.562555416635995 28.326560802735056 28.66606035866964 28.78467526095113 24.09566637758875 25.771828176462694 3.106983534451714 53.40547862115735 63.670759895928946 33.05289718413863 30.9262872700538 10.74251809830875 56.33778463485459 24.025780043581477 17.093215344859743 11.270671699750533 12.555711851348825 22.839103000833717 30.058481147300732 44.66631604014506 72.54066604469236 58.128731448938005 41.04617399823189 30.291723831072414 27.829897140337664 24.192193143414144 27.871340268874427 59.51919703159048 35.51787744478994 54.99414676187532 20.64056616311933 14.17187332678105 21.512859896050866 23.9510771125472 38.97777882676408 45.16918801796437 14.09020288626417 14.08086708261919 35.593734402945195 25.258620213072366 2.3506016722666154 22.661546712404167 100.50208261858079 70.36403860177273 48.30835591836093 47.41799849509106 68.52303202298211 91.45633014631082 56.84241539824126 25.10110168228473 23.69125737596149 54.99719356002847 90.57923609790193 55.43377254406216 21.758142356965614 20.15288746612596 53.5823616655492 98.09021731656834 66.90766607960299 43.171293185516205 42.226355031999326 65.07341463440096 112.31855631903568 86.26806025751932 69.28937370850913 68.49799530611494 84.35076986495967
34.33402867885432 80.4583424203512 54.890911530950376 27.74095732506758 8.206737980073028 34.931245547893894 54.188330956478175 79.84297394700955 76.6107035036384 83.81404095636219 13.902004108974962 13.369484042343403 55.40252162272936 15.306588021450096 33.70153923890157 0.0 35.83026931627421 43.60759256639003 43.043868193836296 55.92537139108168 83.20975895115845 42.13262324411794 59.783927090221766 48.43287691022612 22.88954144789689 54.86075689744219 41.53618601292647 56.870527859845026 42.89985613854795 91.00000851024976 70.23061729865374 26.423688652919534 95.00542842680687 15.412688844213088 55.8435833852654 86.01586372316683 67.65376203768616 18.860880077217605 31.797388534466453 33.17699927665539 66.10845434775662 39.22232678732461 60.22650425629766 43.649845023921046 21.05185728701312 51.65112371452788 19.178316362478945 67.39037609393259 35.29965109504303 50.09689508134839 3.172527223416412 86.80156055899072 58.25319913690995 3.403626822858725 8.887562137026727 44.11855298585349 54.073653270808485 79.70411978447022 78.49288045870792 55.25297581802328 52.67803321003748 58.539854449483684 51.147183328970236 56.24846060618805 36.216051788309166 21.36114612405667 30.61095972076738 63.45663439481323 64.04677559089107 43.925796658387256 89.08330308114877 44.81792518038756 50.62286846114254 39.83802042938652 31.597885952814142 55.83059562609286 57.182759241120394 75.56393092806445 85.43812993644333 91.6258187711647 67.96544462352364 7.962087973176788 60.940634831267275 20.88747196686498 48.983506305981344 92.69037643522394 62.659629814931854 22.264852788440134 36.33286933626814 36.36722044956902 52.63668825782108 14.866787174444969 72.04504900576312 33.57022501778246 22.83773613532949 42.040740405227865 19.877494797924005 9.329511311642237 31.90753910443638 44.97021774724454 133.54275361640651 101.7260780277897 73.44983003291118 54.53177779099792 55.54013615224868 125.12343838557159 90.50389632557204 57.08094386319446 29.28671269788277 31.45452933064189 122.64081048853495 87.07269223826425 51.52426545367203 16.126282524398224 19.939280482813196 126.44517680360822 92.30560754271686 59.87035515850994 34.36255908340158 36.1842963749215 136.00979350519333 104.91385044856679 77.7644481656838 60.165140076639744 61.02884615816913
8.85793714906689 45.056060402035236 20.452790364905535 8.959955655117458 28.57220899271761 42.83677899410894 18.504560419884598 44.039316401539246 40.78193099997539 48.86016885856339 34.022494940095996 42.62307955683631 20.722538170331955 45.26501574128145 4.702936665598586 35.83026931627421 0.0 11.738244350314817 7.222047438103172 21.0314221544337 51.22427729198187 10.342886023572285 34.109380675726364 14.53483892103612 20.700176278452513 19.15986505194474 45.09026498889201 26.50632190881871 7.1130659807859065 55.91727131942806 37.763072217903115 46.000998958884324 60.27272530595311 26.67323193717218 29.901890123465105 52.00141050182292 37.70652163412123 52.76791301396876 14.01659658340404 25.187960253971013 43.7522213216987 19.369705402185126 30.957004276249478 35.202695372334965 19.252096259299112 27.22265383815198 43.28177035297764 43.12430749129221 1.4369748674470477 28.42670564136373 35.642702710850216 50.973958075821564 22.839043378671086 34.94760816382383 27.093993178864913 10.22280962471228 19.332888076276614 44.60268727403983 42.719954269961754 31.004070309757545 31.98079835888799 24.62418843571795 19.48551014714585 21.74722408172 2.4973919996695497 56.20688084189878 66.22380312775576 29.09536473743035 30.627177058709247 8.214076936241746 56.03115602260752 19.469477056588715 16.642652724470487 6.572009714821857 9.72257435928889 20.004940871403143 25.520598719688792 40.930905109600914 67.96205858827528 57.054896680694334 36.57870123268879 31.487887589770263 27.6178757045612 28.41100719905341 23.228772600748183 58.83010693884968 37.87913179610674 57.629151583914165 16.914048594185946 18.6026992841665 17.624435905304967 24.45818745354409 38.587919603783895 43.44600252061207 14.239914132512098 9.393177772050334 35.10089692580906 26.907311089658773 4.660329441087514 18.035897644819492 99.77044057719696 70.73674776843424 50.846798140724 51.95448972942504 73.111584926366 89.46215384722393 55.42032627886663 25.91429161786377 28.352968218318086 58.89340756862932 87.3542822234048 51.98287896443706 17.48938852802599 21.017793408243183 55.76581830684471 94.00022822692425 62.41898680224918 38.57981801303973 40.160431282808744 65.34143832281273 107.79251116982104 81.56638557484983 64.95424503554257 65.70511048193372 83.35105303223973
