0.0 23.3747078317999 53.8357204224664 19.08784778467305 15.398204554568313 33.38508747623454 27.35736887879241 64.04919550124579 26.376785001134152 54.69429045140729 69.7886074969751 39.18634706223129 17.652781146486536 36.276636502011236 29.88161885867015 108.08150090791837 32.980239805324 77.18710123564789 63.61583003450934 75.47148522492951 45.627517569290994 42.16698034603047 64.73193397197042 67.86200579202065 38.43114675744068 42.51346888247019 71.13341550990171 40.90434361569833 84.08298635453885 51.382387248103996 41.77388005918563 41.51535145740315 32.21022863486202 66.87647283875778 9.478695886345553 42.68302436397923 17.083006632660812 61.183828178704864 72.38607123394405 84.25177280536326 83.30421465833713 45.873500217088704 44.97064329751615 48.01016189939251 70.41935320978726 37.75035515007082 19.38257292158109 36.99188175731654 22.830388568392422 27.09562636358323 5.829439102351791 22.04972657141582 49.11935390844949 19.990535960710186 15.216042365346018 53.8357204224664 26.699766097246698 52.38514313170828 26.585076707399658 51.936012433148456 74.73715315899314 43.339807670076596 18.19877069708148 38.41570494623585 38.35802161573719 108.9162364701401 40.16153788058616 74.56923814589729 72.01634281731539 74.06651213780421 35.261067843627714 34.06640002213094 25.183865931513065 47.597848513219866 33.199785259395334 29.692894429389035 53.40703815908389 41.83079984502448 43.38970248279856 51.4880602270951 41.96489148119787 46.40540462783626 36.333237748193476 61.747982645730396 59.5540138725667 48.1426718288279 21.790665300169973 65.76097569597569 69.36974344367015 51.76526820391553 102.54950405070076 44.85194998281687 58.49215873293047 49.46839540908498 93.31488605635667 102.54950405070076 15.017503318990752 38.778728637633385 20.53471884798129 29.333043303250943 66.79784598688549 52.8950550333871 60.547295326396444 84.06079110421142 114.01145439923876 47.657589312440095 25.055996258243766 38.943017933319275 70.26743848148311 104.35835253134178 40.96675919328114 6.357237151054971 30.573915927652255 66.04032837340372 101.58787513150193 51.798400884183394 32.183142702518126 43.824937087330575 73.05946648771392 106.23999374900535 72.7020357455878 60.11461706310699 66.88860091667657 88.69351298015283 117.43564245434602
23.3747078317999 0.0 54.27207420313958 20.713655289373712 8.322203959648519 16.36005175580985 36.27265588808223 47.446506652624485 6.141954147790393 67.25085711776448 68.97164053591219 30.390526875790925 16.445131462326643 34.45269681293007 44.975594804881 96.73769733869851 17.959838197084167 68.95826226533103 56.10832401144461 81.35379372195104 51.86828990728391 31.50096560926077 59.201843245567176 70.78724206187508 36.90359901043124 57.33825782591418 65.23386249485566 51.54485788019824 79.15546264550689 30.376091790701096 33.27611184470734 23.310864589687316 14.240049139649736 66.22657953699786 29.239708356806577 40.00558521392613 22.212454664423923 61.132492686893606 78.08176756640427 81.5565253677134 83.16659090235703 39.5237208323112 43.53281860934479 49.04455807659118 64.76276398198088 40.05982897052281 6.916204244282411 14.523217138764046 3.612062679160497 29.292589673190776 25.139497762505925 4.267839588471826 51.963576639688384 18.878954590182243 11.546910282390144 54.27207420313958 33.24842062820367 37.746209556646996 9.312703927740666 62.61638522974452 72.15391905791228 44.1769079490959 6.255228457356722 35.77988253724469 15.021366598386699 98.20960123329387 23.548755221934396 65.809531100181 67.88100743361838 76.74618073906474 39.11438829205589 21.232542876552344 2.914223566739735 49.32295722561676 37.79899697911294 47.06332607189806 47.94342290043661 50.721139317144626 40.264513383726154 33.36574370762046 31.657088964278394 28.061593770366738 16.43862198670146 61.37224761055444 61.48448068250556 35.764123790892135 28.5054819554325 65.71084200147264 74.41047936288034 50.92388440925673 94.5770406672408 40.5390591692413 51.91288587644164 53.6805576898776 87.92386040229586 94.5770406672408 8.36486526779039 15.540238886547298 17.257563204359524 27.00621734692248 58.998758088119864 34.29096863653038 37.457691089750924 64.51726692232653 97.23203102651982 50.141704819490975 14.775316943417955 21.322295194490355 56.77306938110807 92.32515039006029 56.047695685286804 28.975130356606382 32.710398206799034 61.907835583195315 95.5373646594522 73.22758289600924 55.132384917624385 57.00029166857144 77.39921864891294 106.1338647963112 95.79597666797471 82.57269704093198 83.61641943305648 98.47454012134814 122.20817752050269
53.8357204224664 54.27207420313958 0.0 68.83544620127161 51.05090133470807 42.29317921844703 27.74095732506758 43.081988198805334 60.34067366354403 31.826789161341 15.954717885002047 26.47487085929792 65.18953877744367 19.85123244261157 83.20422580006063 62.29811926632603 39.45833163761335 30.53166910384772 20.432789696502237 29.099154605895922 13.97774131240168 28.064609154439164 16.91122746170661 16.87152688640097 17.38425983718903 34.233366947345175 21.944241323505842 23.851798213238578 31.90683184838701 51.874813354888545 24.428519472078975 42.79946631848871 44.16273273031305 13.043143590058989 47.09683906051609 14.55112421158149 37.50311565598171 7.354249538477082 25.94472832653593 30.64280481450291 29.68118033743063 18.284596124978517 10.829465414632978 5.825587877840374 21.01119407285508 16.091215116130975 48.338963490404765 64.4684476760855 57.52448687223587 27.271459213819902 59.66494435036169 57.75165264512334 6.489039611439324 68.30379442471535 46.434250198918456 0.0 27.28899751459044 34.77448756779627 63.56741399384679 25.326761743024115 21.348244815420053 10.639072361851582 56.32355185317735 18.5245300415036 58.36526811132193 62.00851069373868 39.725478620437194 29.595926406459252 20.18623644156345 22.568755009214435 18.662089232639474 35.704468478367296 52.41250192268209 6.401759382708446 20.77883798967021 39.471694112403874 13.728802331781063 20.105141153644976 14.549319534539384 43.343772239303 27.510499772772516 43.19533554261931 46.675008306907706 7.922833769799109 7.550787270184724 29.747877826258716 32.04585397638964 11.977722015610562 21.960790687777763 4.001690934958678 52.327893567983075 15.260857128043572 16.576677101784803 8.938432999227038 41.01547632092332 52.327893567983075 53.22990982510092 62.08635677121841 67.56679916176012 27.52805569081685 113.18519069015476 85.9581763984969 67.07352008455338 64.35086956876866 79.4691137689229 100.06732629153063 67.95415429666876 41.88376077643715 37.72156921015761 60.197750680213716 93.76148870342602 58.36984219241816 23.559923890221537 15.339862201231975 49.474867897661 95.62529828821594 61.29185259511516 30.023114102153837 24.047582633084193 52.79571710735913 105.2254364972967 75.2775220790808 52.85056041750537 49.515873269336105 68.13681264975654
19.08784778467305 20.713655289373712 68.83544620127161 0.0 18.666185970332425 36.71834918113676 44.73301629794105 68.1391072077092 18.63742470456636 73.56624694023418 84.5011164744368 48.63062938107028 4.314620624979032 49.51786402578772 25.3368252600265 116.7893953027153 37.830954140716194 87.86902134973289 74.57266480891543 92.93902795769563 62.76363091302326 50.53808851168831 76.88817054964683 84.17987658069133 51.94268863698483 61.55811366300897 83.17296461666025 59.244997989668946 96.8324388287096 50.58461997353552 51.5266357542946 44.00324640080695 34.72108833722675 81.62439858423464 28.557339606279438 55.80192943828894 31.612828758212142 76.1143992717984 89.76326557063916 98.20875274956666 98.49555682505824 57.087940401713354 58.81149784942524 63.12576105599998 82.59049920900435 53.05193471742007 22.77058536227758 27.898610714159183 17.540557655186348 41.631617615340566 15.399443260526994 16.65249247184311 65.04937044363248 2.3748773201143925 22.77260103326265 68.83544620127161 43.1385672382269 58.10829921200352 16.186764718650373 70.4484324548145 88.64450371934343 58.21028254435285 15.057564017073561 51.35514212801706 33.011346399464344 118.10326467560834 44.04403150985782 84.87722578851321 85.06600253204674 90.36448145063933 51.10962861366118 40.54937906001246 23.623106916350462 63.00819011447955 49.25286774751191 48.77458520556089 65.3642131293107 59.72282730258087 56.302750109164684 54.079182180764775 50.565542602624454 48.77486213298101 37.1477306422415 76.53785551790993 75.33223783798871 55.514023451822176 37.85029233855852 80.77120907880357 86.49321161107106 66.11172338127813 113.59466596854445 57.1830723328309 69.91695594573741 65.95479604742228 105.879842389389 113.59466596854445 16.469762672292244 31.400173414880438 4.2587013437156 41.782198458136826 47.7565844873113 37.273825659224535 55.04695740981792 84.87154814098679 117.9337719629921 31.377728188278194 10.266731840211811 41.933986222187755 77.09553864941269 112.52197305458066 35.92710218936643 20.216804507875807 45.37493627608171 79.0016053270002 113.82366006564206 56.56198921475149 47.950611222519946 62.70109555818958 89.97642705687527 121.62339922829865 81.91434557429565 76.00608244763669 85.88352861461492 107.27128116956716 134.79750143661377
15.398204554568313 8.322203959648519 51.05090133470807 18.666185970332425 0.0 19.574542348295058 29.899848027095334 51.233227667423506 12.93887107419461 60.64778019393818 66.43430936760349 29.98041101808281 14.572943386513284 31.364057075196804 40.19714461887042 98.49329390135392 20.022832719645873 69.22563818543935 55.907792727113836 76.74831407524833 46.734945235298945 32.01495976812768 58.265645273939946 67.0046452266041 33.827829111158174 50.10570791084611 64.53039134016957 45.19929057810605 78.23398802927578 36.49041546784194 32.87046540909642 27.554684577303107 17.96001087454722 63.59295932706915 20.933616108019176 37.49168792571151 15.630377146575698 58.21079922538756 73.50301812743986 79.8294577523551 80.54627442292455 38.44429192981339 40.686109322427725 45.49329979779033 63.95850530315052 35.784497993535126 4.668221707916082 22.720166800071244 9.088734594407514 24.431613653727997 18.078924038158753 8.683758293617569 47.884519310303475 17.635825639305565 4.752817052477133 51.05090133470807 27.341659209711086 40.389784799328396 14.724109081780242 56.43753273129485 70.28863874690387 40.548189771193236 5.671794641332867 33.0666458438741 23.06257895513682 99.7073065264803 26.85148098491411 66.25779547288872 66.537195153075 73.11219233908672 34.30375231636183 22.273653340693993 9.804682863844347 45.54629723793571 32.699517109357835 39.230476338671345 46.754808184584626 44.81465565046366 37.930587681569996 37.77408262864108 32.00879691354081 32.50191818087119 21.590304944648913 58.56767713924835 57.89494285901186 37.248029264880806 22.21585287507437 62.86038235128829 69.99638480121375 48.07310116344995 94.94957467929359 38.67525588244317 51.25891812192045 49.2044638078875 87.25136583455426 94.94957467929359 2.2252720564444743 23.85194115064113 16.65101064535649 23.593716143508413 62.64786988768425 41.41873277069718 45.149155736284555 69.95398572968399 101.39454122751668 49.91588664419748 17.200174570453203 25.145669727575715 59.169010823660635 94.34960207964531 51.5058644112032 21.344459502213898 28.116240127942614 60.478633344323725 95.16833689872956 66.39669777925809 46.84786234044737 50.1307492691192 73.23681400156518 103.66454993459023 88.0823406877972 74.25063071029598 76.1571658385628 92.83734153768683 118.19361397076389
33.38508747623454 16.36005175580985 42.29317921844703 36.71834918113676 19.574542348295058 0.0 32.65908962966448 31.70978866254491 21.09344090769125 61.99211142718028 55.56430086747136 16.11745364419415 32.40385529189697 23.837315659622607 59.73578604834637 80.37764558288866 2.8859270796645746 53.019127566557906 40.570615803111465 70.93796641680105 43.6268932558733 16.091270473118513 44.218276220222826 59.164669449662455 25.943027848469722 54.62201820473179 49.963899207895686 46.33801504417091 63.92523366727964 18.743481456730535 18.717138814604407 8.134343498175003 2.2244188757272023 53.005201523947584 35.14651522948853 27.78656664341299 22.430533478809885 48.44739145648368 67.68753681741578 67.03299125688247 69.63292724781222 25.33212832715043 31.5639252544149 37.88354552275792 49.581329410667436 31.00124858577627 14.906853158473828 22.38132417131486 19.92653173926702 23.269550373358506 37.23711359328324 20.627891344281675 41.57775009349172 35.058916625094625 18.182241374383253 42.29317921844703 28.88112411988435 21.421687046143262 24.703843245896042 56.34303024209432 57.891483363086095 33.491783303609196 21.671047718244 24.32539064776203 16.117766715547845 81.85914027307962 7.3577625178242325 49.7994746718577 53.14441514612799 64.74864299050968 31.288809156367552 6.588932590839782 13.529454621843026 38.54177024510569 30.783735965525214 47.577072235934025 33.49142916047083 44.394490260744895 27.743891670468376 18.253833486400755 16.39347498929026 13.055309621618362 5.07341048629247 48.51222585324421 49.81953106070793 19.569367181429044 26.107919150948014 52.79828497629299 63.79738237533196 38.52352032058051 78.50104801194935 27.307483189717196 36.816179208138195 43.958386811002626 72.44927882858404 78.50104801194935 21.301180570117612 19.793269205082975 33.52645660803785 18.543200099195417 73.36149690418907 43.73446018424345 31.236004553648108 50.70368967650889 81.84272421116074 66.47925725805587 30.973413797161605 5.605705446590852 40.44386677230235 75.97499351808494 71.0203561997111 39.72240235062375 25.37805352874431 47.35419782935739 79.83102530823255 85.1767100205648 61.38581709030361 53.042606249435686 66.26439876841536 92.1985679832495 105.13281733140066 86.77716197713244 80.868521402276 89.89568966483856 110.24893486253872
27.35736887879241 36.27265588808223 27.74095732506758 44.73301629794105 29.899848027095334 32.65908962966448 0.0 52.891020891953765 42.15180463323084 30.979358314478432 43.50183072436877 25.403448137363807 41.826328248820296 16.028137009626366 55.816400560836286 87.28292616225798 30.209381491095765 55.19213073805012 42.205777244767006 48.28927005638952 18.275710776795915 29.181095477911217 41.56329261556343 40.58905857420987 16.82959167340255 22.020792112998024 47.730992261882115 15.321916088159597 59.36617713005795 49.91892181813856 26.43523581225102 38.308139266865275 33.31922882468784 40.6213604157109 19.5732710700401 20.72781316089703 14.278722980507425 34.904421282065236 45.15409625693351 58.35707745819225 56.48449578668161 26.671837435838153 21.28734106069304 22.086030520521902 46.889182418986735 12.66379805612443 29.35926222413465 49.95639527548458 38.500776283660706 9.655626254581389 33.08409026030419 38.32389824645112 22.271612209327383 44.80910984934524 25.30181700131477 27.74095732506758 3.834034758406303 40.890235333653386 44.493071831936554 26.537772061028676 49.084119150338836 18.175574486154957 35.56119560949664 18.0136210542725 46.68155502942364 87.52028370547444 35.37792541429787 53.222205515058164 47.35908563273804 46.78061583463256 9.58126152172632 28.05748178722573 35.71390013443869 21.33919794235913 7.5427564199109005 16.63877044090612 31.605816454940317 15.082395929896466 21.660039808282644 45.055949562277824 28.644523723831828 41.71087082523414 37.678207204783284 35.58728584408194 32.61374885420916 35.02308655712373 7.772458044749084 39.30097305334239 42.046169210594535 26.584784786428234 79.19758525504764 23.867171653278703 36.90390930388494 22.238902663512732 68.5682592690262 79.19758525504764 31.671325350319023 49.30918106121939 44.57811264672859 15.052728887939699 91.79832304695896 70.56042784659545 63.739649324848344 75.35807103072752 99.13153835591369 74.88931057767714 46.76327268152672 36.0192052434139 54.223124794429566 84.35102856382453 66.15840352079321 31.095508794001848 9.441227776205427 41.75587025465874 77.00765172074249 68.79373789238393 36.32112660614466 20.930184895180112 45.70693140761501 79.19833997416616 81.7026361782182 56.9531770691283 48.416638050737 63.062192671230235 90.2312157215796
64.04919550124579 47.446506652624485 43.081988198805334 68.1391072077092 51.233227667423506 31.70978866254491 52.891020891953765 0.0 50.89055813426325 73.35548206404995 47.752788394076504 27.690297281950876 63.84422937790308 37.18765949842737 91.42710739975173 51.58554734505899 31.335301130548604 32.27747286746392 26.679537879354672 69.74742733064491 53.107146752924926 23.926084098405898 32.444910851031395 56.533321640378425 37.22862643196444 71.2655356985983 34.790103708847 60.65591337478492 46.35856186597879 21.379958259205182 26.46089235946824 24.13719872279973 33.53684390826669 46.47968930514776 63.55674067707931 34.87598120193962 49.54949079673938 45.01613540566736 67.0230047544139 52.58222427063617 58.89607503648888 28.021261159783464 37.1163555929053 42.6374475219974 35.03992124408465 43.4644559153696 46.56989838771718 47.09660752535681 50.79200493931765 44.15060242969369 68.47492372550529 51.61552386409267 46.92165912252677 66.32212415533425 49.2517024456019 43.081988198805334 49.441080347185135 12.208742985984562 54.35335436168603 66.76582485647423 46.112383101273956 41.336070322835134 53.20639099302918 35.57482433215655 39.20193868696499 53.677707070337675 24.384233840452517 29.019578000567968 40.14602363373766 59.97456693235091 45.86452408339775 29.997005491880845 44.53236097758989 44.00793192109406 46.90559301673924 69.52200433657264 29.356542348344774 57.27783570870688 34.03442402770403 14.280765172503493 24.40160415728757 19.457383765082213 31.099721898453524 44.46631818008535 49.209864350831594 17.87764175624187 49.82567336522846 47.42771356703439 63.16968076944007 39.4888154498113 53.96170758503433 31.781180483239353 27.538759176455198 50.121342894254006 52.51095358946507 53.96170758503433 53.00755666753562 42.903046616357315 64.66591264063739 38.977382975890066 98.4064703704728 63.98318901812033 32.187982497953065 22.59395122830648 50.17080546919293 96.5967691668558 61.1905105110005 26.264637159610526 12.945793876737747 46.6643956193815 102.72318176195603 70.3838058683016 43.449893745377565 36.797982091656934 57.90055947262781 115.52970556323469 87.87823534983933 68.04545594255332 63.795864667935916 77.72881751034637 133.10131305315963 109.77355446327705 94.42746906656488 91.18607627376342 101.21903988963354
26.376785001134152 6.141954147790393 60.34067366354403 18.63742470456636 12.93887107419461 21.09344090769125 42.15180463323084 50.89055813426325 0.0 73.10192424502532 74.91702302760494 36.030295793137384 14.81500115763743 40.545639247275425 43.8691560153168 101.09955025377361 23.112119907093582 74.09464395275782 61.47443449767409 87.49572548626159 57.984387270261614 36.84224759730779 64.78851592656832 76.89654281572446 42.988999950816215 62.90595818079749 70.72794192911212 57.459320064312465 84.6794727877569 32.17528809388901 38.87980169066589 27.036969646821934 18.87605426389952 72.19325772489269 33.46578569219462 46.01352819187128 27.962708088768533 67.15265489898441 84.22365885139175 87.30435910729223 89.10974626749122 45.25015715835354 49.57587703063365 55.15147085825356 70.28997393519697 46.20177938230062 12.867471355173302 10.704844213159111 3.853946368898056 35.40263821007727 26.86721697062158 4.419447246318562 58.098955705045675 16.431786701503775 17.02000727539765 60.34067366354403 39.229780695831394 42.04214929211355 3.61218903156369 68.58431423777445 77.95231025908363 50.29474769662761 8.239088943304774 41.829345157690675 14.401819207472094 102.70025459686457 27.854817214633965 70.88727817103621 73.55590771721451 82.83924551274932 45.24195118405148 26.624864024265914 8.05717072512504 55.4453325916696 43.90459945623952 52.168386286123244 53.64828291177346 56.73534065673259 46.243975918585456 36.6231665826825 37.05065646614252 31.454955092550918 19.926535549906387 67.37442288485892 67.58319929464976 40.661091310869224 34.38012378217334 71.71395877826743 80.55062485890521 56.951084882922835 99.59418679045054 46.433848565926056 57.447240674761396 59.82249807820842 93.34840876375274 99.59418679045054 12.01556602531819 13.273090181109776 14.571430431368448 33.13787805520427 53.054627143806 28.564867207632634 36.732902022888794 66.44438891728197 100.06299925970545 45.80621561493095 10.301175816469167 25.421055317823612 60.97997113619676 96.55617381659067 54.564338600106275 31.255328001306637 38.842205751334525 67.62197353117821 100.84115527794336 73.8370961606526 58.551227101998755 62.74326835980664 83.53042174594015 112.02717121679203 97.58083182265429 86.37144938225734 89.0510769306001 104.5572562800782 128.32148642699826
54.69429045140729 67.25085711776448 31.826789161341 73.56624694023418 60.64778019393818 61.99211142718028 30.979358314478432 73.35548206404995 73.10192424502532 0.0 39.45760740538648 50.06351727518909 71.30207375382624 39.45840108405258 78.09745913405794 90.98986729800421 59.25145732044247 60.90936730387996 52.231586114634915 27.803934298566432 20.329382108424358 53.219821050367166 48.19644858056585 29.660177143734945 38.17649585016638 12.992627811696648 52.030392822470766 15.83262336590971 57.510275972511224 77.05411846951235 49.500470760701745 66.00448307166988 63.071183339524325 37.72155788153706 45.299164914755266 39.09150523947045 45.150462315057844 34.24774965783291 25.97645932235051 52.484972425425745 46.0968118254869 45.68436602181902 36.33888880913659 30.796548599065986 51.09916941205339 31.92664429908044 60.33622985710712 80.83511811539685 69.4138826153245 39.086539126118836 59.63830103445387 69.19547088283724 26.65575766577259 74.08237874402428 56.16221543149205 31.826789161341 34.17853667980493 63.18084708838121 75.33931399017541 6.610092738311411 46.222249379137615 32.28037616870945 66.25736791233251 40.053373851347374 77.06960030094054 90.06102280007237 62.81904138101189 60.62267596897227 48.36720914707782 33.68753595516076 30.884313453688787 56.30101470223136 66.65522391734169 29.394804924578306 31.210859322925867 26.355892034686583 44.669816668705806 17.656845935182712 39.80352729380822 70.14477738440682 52.59472878193693 68.239094012561 67.05575168772508 35.18141519151321 29.087419686904436 57.33503619038075 38.74567654370142 35.83369682858229 25.50756654906988 34.605194296274945 78.2893549193982 41.871200499129 48.30830211363192 23.483694932915224 65.15383970731484 78.2893549193982 62.27810779121973 79.95053893915669 74.17069143091732 43.450005086046716 121.29087370620954 101.53971815873514 91.87594719413902 95.41541790935237 110.90108777017015 101.50035760094269 77.08901332392736 64.15010608430886 69.42537721000595 89.75888059151693 86.4556175910159 56.05013434283865 36.61755911143319 45.52206102325827 73.04693541303301 78.92014926695857 43.67125345125039 10.870901497744038 29.349349642770804 64.31797457347118 81.01753919839251 47.32302414027766 21.14943126526584 34.45767178867619 66.77998742495967
69.7886074969751 68.97164053591219 15.954717885002047 84.5011164744368 66.43430936760349 55.56430086747136 43.50183072436877 47.752788394076504 74.91702302760494 39.45760740538648 0.0 39.45760740538654 80.75769733367464 35.072631589577306 99.13052844139905 51.571043930731065 52.878379337203846 23.3140483317421 21.089795255174998 23.1464793428273 27.485152569291223 39.94394595156842 15.320077375040409 11.114043155724803 32.6151155722427 45.95485427271908 15.15787894493346 36.93845720701499 18.19798935902532 61.60485205397909 36.87561763058473 54.4001280256042 57.61644839948516 2.9121731035500757 62.97247498353902 29.041976860476588 53.36510983779685 8.625658272984712 21.089795255174913 14.988705853599916 14.194974405894575 30.248028666986748 25.748958222962507 21.779431117053544 14.428169657617275 32.03957910987328 63.41566098153041 77.94381088685793 72.3598481123201 43.102637530944975 75.61759279389295 72.66839483313969 21.33919794236055 83.87065232055751 61.911661510382416 15.954717885002047 43.227219234655294 43.011205160087236 78.27922606586425 34.042033523763045 6.798864777838245 26.50753523869425 71.53713529990259 33.40906056690056 71.22317635704572 50.60364758786807 51.62267647604 24.24149090437204 9.960941194547374 12.43104939983983 34.600771583484914 49.089935830809985 66.88217458832197 22.269069371991883 36.70832170798746 53.69852548404064 22.47316441873865 33.56430740078804 28.721536509468596 52.36350092933868 39.50916784642355 53.61232936933958 59.40720280161189 8.043288714854178 11.797607277268856 39.486402338702 47.99805455447502 4.312776842809654 17.951074726088805 18.391608647711312 39.145489437925505 28.513448741641543 21.136189308119302 22.269069371991872 26.568040273842357 39.145489437925505 68.63970611425982 75.1233491166542 83.04878748419786 42.84515161082815 127.96155481108364 99.17008949492713 76.33724189045515 65.97092587092848 73.54639579355357 115.81152792991814 83.07103950740404 54.05058483392139 38.396801309540734 50.589954487252 109.63073834137721 74.30027558953734 39.42552175889515 10.97366070228819 34.90958811642467 110.4264690392423 75.45850111242808 41.54721205651722 17.04586117834541 37.2445573358678 118.05769299527537 86.14610280061353 58.62467983303955 44.55025308973697 55.36033709093662
39.18634706223129 30.390526875790925 26.47487085929792 48.63062938107028 29.98041101808281 16.11745364419415 25.403448137363807 27.690297281950876 36.030295793137384 50.06351727518909 39.45760740538654 0.0 44.46346643998089 10.735307665483296 68.52351282474925 69.09397327736501 13.424471940287988 39.24546657498907 25.97645932235051 55.44334830757171 30.233666052568747 3.7866269335790617 28.811827732461726 43.30472992841406 11.910282873595573 45.325354240711306 34.88558462425558 35.4199914867279 48.77864962933974 27.069621014216196 2.9131829328528163 16.65905261472831 18.15926225996115 36.8880585975925 36.834463127560355 12.308796082766978 22.941811773412322 32.378084186039985 52.231586114634915 51.29234419064252 53.55468679292226 9.286091263710054 16.042582161993142 22.60339188260861 34.391540641159224 18.163831508322485 25.9815945536407 38.49762133270018 33.94923839023408 16.460360303220835 44.40516068954269 34.420762222845944 26.655757665772672 47.45459555491678 26.325836317641144 26.47487085929792 21.83249120020478 15.548725512193995 39.53690763601767 43.84492409563465 42.002939774591624 18.806962075893768 34.139058999952816 10.037046777677725 32.002167505664 70.10375238862835 13.477875203523904 36.29800830967015 37.52623907795529 48.758350233650674 19.7322626073503 9.644154830869745 27.99085441466212 23.483694932915224 20.23147272585761 42.026344699181664 17.629133694536915 32.62072642456289 12.057597661097235 20.32938210842427 3.288764042189041 18.207312967649578 20.23722525167225 32.417839199791324 34.02558326451962 9.893972007581365 22.23123701544824 36.69148580827156 48.283712078609966 22.600813340077003 64.96917384363536 11.278551992964914 21.55116805876494 29.394804924578306 57.61349229875257 64.96917384363536 32.16269083337476 35.81286257122966 46.25366475374677 11.37463512583856 88.97042664715914 59.82159146676969 42.11512957681188 50.00920734601009 75.89685662578694 79.69816357640012 45.04911369191889 15.467876460514725 31.325627700488152 65.23451456319017 79.80906147607551 45.24317573634652 16.01906483937329 31.598777770994825 65.36483691984112 89.26815145419287 60.25934556763353 42.72878254457499 50.52210657929302 76.23248595172504 105.59193318084802 82.35328715026482 70.33193412575493 75.12128536541505 94.1909951906493
17.652781146486536 16.445131462326643 65.18953877744367 4.314620624979032 14.572943386513284 32.40385529189697 41.826328248820296 63.84422937790308 14.81500115763743 71.30207375382624 80.75769733367464 44.46346643998089 0.0 45.71052153255932 29.07192195379595 112.49713559691607 33.52638405890701 83.68331739829247 70.42699275930038 89.83449786574964 59.645539629312836 46.30341119187564 72.83848864130873 80.7586341326465 48.153791899395934 59.59486839672832 79.09943091129051 56.63178947308199 92.80603418474487 46.48141993806521 47.36611787340802 39.71123040266509 30.40942110943451 77.8940334565087 26.89699292729718 51.93629484062492 28.285386179534648 72.43081164270112 86.6338298269229 94.32492349289194 94.80624213807914 53.01447746084873 55.0265013532483 59.525940805035205 78.53029510955417 49.548377448041386 18.53707658447665 24.637081529907224 13.364159413630846 38.1040207490816 15.213817949886016 12.454454209586633 61.60478435559347 3.1145929256646863 18.87157676622988 65.18953877744367 39.98379245860792 53.79443657857544 12.793437995746883 67.89367731196064 84.7709776637939 54.59261881064591 10.744297262608269 47.49512875939074 29.211649819952044 113.82442779635754 39.73081919571847 80.6724664513779 81.09232164657796 86.9235453498977 47.73420569118623 36.27663650201265 19.34814011716737 59.46504263950179 45.93949769002857 47.14693043723808 61.327246690206366 56.892303817374376 52.40877064910556 49.80647724893583 46.34188801984338 44.497518938415766 32.883726009222315 72.82883250823896 71.81425739438335 51.22951935931087 34.68502705819894 77.08807246698076 83.28815158620955 62.367873386621135 109.40792734121125 53.21769554828261 65.81866400095791 62.638394060522494 101.82330193480415 109.40792734121125 12.353844741299985 27.88184118331001 2.9056656301687673 37.94823021853168 50.07853221963802 36.23863890508018 51.48594235708376 80.74991839640458 113.67708709559658 35.34398384817927 8.150028249832697 37.627894073797215 72.78395118506383 108.21902962725407 39.887804489059384 20.125740013310597 41.84801688304799 75.03112863823533 109.7282400014403 59.4420672114445 48.260616731071785 60.472948664682185 86.70081044920984 117.9374671699697 84.11928906490208 76.40967975311446 84.4565755638642 104.6875196918869 131.5983663469614
36.276636502011236 34.45269681293007 19.85123244261157 49.51786402578772 31.364057075196804 23.837315659622607 16.028137009626366 37.18765949842737 40.545639247275425 39.45840108405258 35.072631589577306 10.735307665483296 45.71052153255932 0.0 66.1545289622269 72.82643536026124 20.955305155743748 41.22705766661029 27.73998881365138 47.43692909633074 20.02307661101785 14.218232197626577 28.45909732414745 36.364054331873014 2.4739467491639977 34.68510020558602 34.85959203180553 24.684862724302537 47.9165918435302 37.59643944100649 10.882619646068651 26.652780643141032 25.410750303331888 32.22892575057981 31.502698809634442 6.432244468348527 19.215532173652676 26.88354610450044 44.16619368147371 48.72969908562285 49.185919268106225 10.824653369854781 9.323866666296414 14.6247368079178 34.142716707776025 7.545361778141362 28.497653038110826 45.30450104758567 37.677638433280144 9.436256364507964 41.985975278005604 37.90043489019108 17.904435992717836 48.820698286299745 26.8478654077496 19.85123244261157 13.055309621618415 25.472186028736413 43.73431632400104 33.35417396713242 39.157887309381444 9.865185530163778 36.53079895885002 2.2238060613343342 39.85778929485829 73.36760023908468 23.445948951496707 38.83959001335966 35.912862052925526 42.29460801754798 9.023063924753833 17.50384734598653 32.68246550773351 15.026925414734542 9.752999328103895 32.49766166550066 17.25320372482725 21.92503998921106 7.11306598078732 31.056896130468793 13.613287021804858 28.797788308673727 28.688239109891988 27.214469232198564 27.038099635669795 19.478600342216943 15.56949843669082 31.521570170197283 40.35737364224466 16.713336871776885 66.33743212259012 8.739392821598106 22.47919414515024 20.139686128930716 57.121104759538184 66.33743212259012 33.56754151843868 43.333701673534456 47.97757543423587 7.772565962805127 93.33421093092818 66.82677879831664 52.46443002932714 59.760932826394125 83.20081962360702 80.88170514541119 48.133549773383535 24.980508592242423 38.25456593211202 69.53414002536816 77.16631499585638 41.655281449360864 6.920660810598188 29.880418175352933 65.34519114257243 83.36472894401051 52.161508871986925 32.00247623900788 43.124059005728355 72.30076726243887 97.60587805231931 72.62068704592737 59.60502453503934 66.05975870379305 87.79044650177575
29.88161885867015 44.975594804881 83.20422580006063 25.3368252600265 40.19714461887042 59.73578604834637 55.816400560836286 91.42710739975173 43.8691560153168 78.09745913405794 99.13052844139905 68.52351282474925 29.07192195379595 66.1545289622269 0.0 137.61280547723808 60.186984171595945 107.0080144901387 93.43793885068378 102.2874055704947 73.60800780401239 71.2042948655904 94.61214620946453 96.20076769114392 68.28835284300939 65.11017077027479 101.01336150561005 67.04300899735935 113.89379672784678 75.33176009538278 71.23235132096255 67.58766768708274 58.00720083813779 96.22634939327664 36.243134942497086 72.55327300402388 46.96331665386681 90.50490807114143 99.40169382966587 113.79212662133556 112.2999812086113 75.66193595320019 74.75377851577153 77.40146705426883 100.29620078796309 67.22276475665309 44.85766842161904 53.17418628228409 42.26353091281685 56.91858286785923 24.25938302120793 41.323730866531896 78.06417717488844 27.661432300062025 42.639326616134205 83.20422580006063 55.91649989520075 80.47295769740991 41.52275557145213 77.05141530626447 104.3363202602282 72.88461011427046 38.783308442916116 68.29711037653477 58.27094816454725 138.55870901803766 67.04300899735935 104.3363202602282 101.81196497298275 102.33814328621955 64.54233830729352 62.13992028465126 47.76667342914004 76.86148179971102 62.42667043164875 51.79367890964556 83.28249504697446 68.87446508264624 73.2672969573704 77.81766707799173 71.0782406334186 72.50719856677927 61.15344194027058 91.12440826247716 88.43003952651986 76.89548395380865 51.35466556920079 95.00132846016378 96.80316220004755 81.38486023722061 132.4229047454438 74.72981449310554 88.34577575028716 77.99198975973451 123.13421947799404 132.4229047454438 38.44063280164943 56.73616746323567 29.566624625455113 59.16018999048934 54.83527341944872 58.8901780194305 80.38252355012534 109.48423760796844 141.57823858501584 27.613292200179412 35.280992710924885 65.2625519899739 99.02449516389001 133.73368422577002 11.338905968232655 24.835203536182195 60.30932540109194 95.86372085155128 131.4332608976211 33.24415073169012 39.80207547632856 67.78958228382508 100.69180860050619 134.9608971894599 60.763864395021066 64.39679664542466 84.46173441159164 112.48448203597654 143.88839345627127
108.08150090791837 96.73769733869851 62.29811926632603 116.7893953027153 98.49329390135392 80.37764558288866 87.28292616225798 51.58554734505899 101.09955025377361 90.98986729800421 51.571043930731065 69.09397327736501 112.49713559691607 72.82643536026124 137.61280547723808 0.0 78.99407930066059 32.16451848065184 45.18060020405555 70.8112756170987 76.23723681609737 66.56828696959043 46.01645396514398 62.09133931118464 71.16375979354068 96.2538961598524 40.367649188405345 86.13153323864262 33.99519764158265 72.93552788593449 66.38413371961936 74.14221559362691 82.5139034144677 53.292206277573435 104.30381557697717 66.91691877563187 91.2495562332872 57.38759512568063 70.09212047203619 40.82068100451481 49.64182519036068 62.41190638678089 65.9986664078032 66.66323275164807 41.294549108184164 74.65912812539555 94.09834495998825 98.49487491670475 100.29616308654323 82.22892280602001 113.44403051746225 101.00553692717034 68.7832497916216 115.29245657766086 95.26434050515887 62.29811926632603 85.30251063853804 59.0676623416587 104.68078758535297 85.34293524078579 44.881748258257005 69.4252265388784 101.78545344542819 70.60266539687643 90.57072135998011 3.3837772874261676 73.28821493573193 34.08727119365279 42.865015195768976 60.22838537297106 77.76669960437658 76.27157555166926 93.89453192144943 67.87408578580535 79.7454520207265 101.37980745334833 55.81272957145837 82.40031018792118 66.04354339334509 65.39285359596887 66.64037788214273 70.10406115479279 81.24101264019151 56.44651012702651 62.27809364976654 61.285139406386115 88.39581490283432 55.18070995623225 68.10992593044277 61.726055954420865 16.36716746063909 64.11475625402248 50.496116127231424 71.02129605946536 28.8386557446645 16.36716746063909 100.57216488280943 94.36955185482711 113.8364036555019 78.90165045135106 149.99121340643356 115.36151611268778 81.55603440392467 50.2661530655506 30.564318895325133 146.81916248752182 111.24600455589395 75.68151325330756 40.148726374957086 5.325398888214285 148.88483246218996 113.93301358690428 79.54224341886656 46.96172960448096 24.82011812040359 155.98015852650957 122.97731070794649 91.91944012209487 65.62852602195879 51.93437029169491 167.46669118172568 137.1262667432729 109.97369957074105 88.97694849187971 79.19382130725172
32.980239805324 17.959838197084167 39.45833163761335 37.830954140716194 20.022832719645873 2.8859270796645746 30.209381491095765 31.335301130548604 23.112119907093582 59.25145732044247 52.878379337203846 13.424471940287988 33.52638405890701 20.955305155743748 60.186984171595945 78.99407930066059 0.0 51.04008677782797 38.366714461639816 68.06377777638129 40.77268822165921 13.749620111355028 41.822449181330505 56.328402299411195 23.057119274974383 52.10112042489717 47.667681656580356 43.64410701528424 61.62904694631155 20.37094346643286 16.1112265361297 9.024211168324088 4.744025268580719 50.29293560218807 33.97347208812348 24.936174994962187 20.768356402736938 45.673242349629945 64.81186974668827 64.549179610108 66.97872160674432 22.690642385010563 28.70981206457903 35.0093717213022 47.25468968807888 28.144694338719034 15.406639926563095 25.111978258057665 21.5700148454925 20.711124938972095 37.17725614949103 22.193797134293575 38.69303591414122 36.29855888728456 17.955868648239182 39.45833163761335 26.40301586289605 20.392821864269568 26.698946767165687 53.553984480910415 55.34433784641938 30.606687344043728 22.796607625283144 21.44225270696797 18.993014216029508 80.38004243136197 7.186960728664346 47.869077099386274 50.69540027436598 61.93886283590608 28.490452450268467 3.793782470718084 15.264803045835738 35.660281119221644 28.041796018696193 45.448070353923995 30.93592024741567 41.63178169069067 24.91158101923179 18.548087070616237 13.99017772033829 13.64153937576042 7.829893212424489 45.75454873034839 46.977071974704934 17.826698289712457 23.92596223257292 50.05192880134617 60.92541026450409 35.70947425791532 76.6269035604558 24.5354949802552 34.440351124089666 41.07321435091703 70.24677328005923 76.6269035604558 21.925237644765158 22.63589326167593 34.8540233058549 15.830212502713955 75.7417764629394 46.527687771733724 33.54135671625884 51.16060344591032 81.49834312911143 68.05940801183523 32.71849939432195 6.413095950676675 39.293330351306516 74.6927990764858 71.50913262119174 39.33747678452812 22.66095082538454 44.85310341496388 77.73212759566056 84.74201160718307 59.96339943119352 50.41992036698747 63.41045518827646 89.62009619884756 104.09093815728116 84.94057005640674 78.27490805438211 87.01210131971058 107.45852258031931
