0.0 17.57484348653461 29.321387173268402 31.908465368343133 17.182542232329855 29.389741792343273 73.74232180110342 10.446984862507508 46.01703186388568 66.6018696772212 41.965317461465645 40.16720151821034 69.90642219101981 55.77758614698257 43.42997659876956 31.916536306364303 66.96624161258023 41.36092272786021 58.79644287766159 49.95624725452759 26.87493491393872 48.78237694192614 48.347241330031565 27.05835539021297 33.87642542993717 31.940964012519654 49.84506241593547 18.639805510514506 72.91763659722646 23.774880330497584 67.51844495777344 45.686236486061304 42.065903907790826 58.414983706342355 31.347451712502426 28.392634971631256 47.036900175294726 31.30131948390667 30.521776451996356 22.04844556040988 46.01629551356518 56.98364377185675 53.83409488969594 32.05683833944341 51.87446413389235 58.813391390155346 38.73250367178524 65.20850488433172 58.94988116931371 25.096197857843364 26.993209043527187 23.18478740343762 38.29313771422642 33.654406260082524 17.347921968285046 26.62696344949075 71.46094244971644 8.876655833069867 39.74912309226293 68.5942826614201 43.948461371094226 28.52417211043139 59.86935418903541 52.168831027457195 62.54484076641978 35.62783511956853 29.590046943066348 40.24414705379329 62.242910849660895 60.84871418339841 40.375725739721844 45.171280120761914 45.06349063214851 38.59534404703694 43.2274674445243 67.13957047443263 38.882125466745464 24.851182221724006 49.35860791133294 17.858082081730426 66.47691556146067 27.97631862448432 51.030999070091184 61.764680425527715 27.184868035290112 32.64450805659353 60.24406783889687 36.367936759327684 34.38502464241403 25.519708352022697 44.13585372423016 55.068260679765075 65.03344458815253 55.76561194129646 64.97337704368584 29.78892091210454 42.53798670344483 67.71363555973838 66.27217905104922 72.20824923111 116.17619742129881 94.38747398251753 82.78377090189565 85.61180578588232 101.67438684196752 98.10287548726733 71.22333199625861 55.258499169195055 59.719262465603606 81.31069276147802 85.62528474315654 52.93284201418549 28.35980695096225 36.59054587491386 66.37510041429229 81.36082857853873 45.7874723080909 10.27676082161419 25.435054646072878 60.99576375418495 86.53265085618398 54.37484442390073 30.944160676493613 38.60895991988078 67.49782088628876
17.57484348653461 0.0 13.384185543591906 33.08608974433721 0.6230171530863721 22.58957039727948 67.3171616999985 19.36712859624413 29.016351296059703 65.44329091658942 29.4309552537154 23.276201576638673 75.96377457824904 41.26043355056556 28.455641978851602 23.881199297610028 61.70752350569277 24.566835361116077 59.7694593338173 43.33516026954751 39.24700591332375 31.558435023755482 45.09993183084175 16.78243208323835 35.8669888813002 28.218717628974535 44.24102222247889 19.063507768052677 55.51448372259375 18.92738231411602 69.05235735752711 49.894266851672555 25.306334584118442 41.03019893337318 25.37806371157852 17.43073191738442 31.450812973887782 16.465996189263656 13.158891350238875 10.947636409830388 28.49022974028584 39.43529762586462 59.490596165472965 18.817326278745107 54.226058592234885 58.045534202972014 47.18160319370505 47.68581935757598 48.16646266541477 17.831805823812708 15.179010516641826 19.07408220113498 20.75812627973816 30.62067439772147 4.303357040655691 12.543689583954759 65.39814075647433 17.354545623169017 26.882311836238415 69.65886075668321 30.527752118388513 11.13290731010255 62.105644575418275 37.719623879178414 68.03564696355173 30.987165465134904 20.651608288800414 23.97344686099588 61.93885457110238 43.859760618549764 51.31004541770742 27.77605439693268 42.80244068997331 33.01956603163386 26.145669320510873 50.59804465202176 36.23200389260401 23.08839205116547 31.84962615732821 11.751091376150667 64.91372135065755 16.593728462252386 36.276636502011236 44.753948630500034 16.277212443209375 21.550314561205834 43.95806727093827 20.157412843411088 45.540883430367565 20.288083403424867 26.616757048957897 39.91020113886969 67.41205973092325 56.20214909902943 65.70322437880016 20.00130992380206 43.496628824310356 50.13880521864671 66.26984640761013 76.78566458742169 118.75014354309894 92.5669005712282 74.61751255621404 71.40744282429444 84.63084670334973 104.30901309593673 73.33334017405271 49.0648576070896 44.37470706299713 63.74199483869811 96.09195795247551 61.20947775155445 28.13791453303562 19.21173043299671 49.78599424058023 95.71610400137537 60.62332982202717 26.85165577475122 17.292844263004582 49.084429845934665 103.26712376629929 71.85782284192972 46.852661003822995 41.94012721276282 62.088275754590356
29.321387173268402 13.384185543591906 0.0 31.521482621630682 13.993351313290662 17.10453737446974 57.29375866999907 27.01667383672774 24.3114398785922 59.03005651751694 17.16887596445034 20.001727851289697 74.51235223471055 40.75501827723199 15.088085072757458 16.708131624957495 52.61088391811102 12.191790341803872 55.19431537587814 34.27881223697794 45.013555434148536 25.61455061485294 38.425033373010415 25.35434369888399 34.422260166677255 23.775720125553203 35.86572790624525 21.55186867587375 47.40663318443285 17.08275830086092 64.44008874542574 48.45811407440333 22.05831909422612 33.55461609859008 19.727066637977053 9.75806919968277 30.13255680428347 20.12591160499904 5.566346311457791 9.31890925646333 20.86010331288919 29.31375597759322 58.48381380794449 7.498396312654973 51.039067228170794 52.28271730149282 49.22398065865523 38.97398037996889 36.13161234899898 14.23979931504307 7.923024087982871 17.826410025571224 14.280300698912564 26.186605982312397 16.82505222098825 4.313056246106632 55.65589931019416 25.691974209090763 14.581490589246462 64.67667401504069 17.66828075905738 10.768648099662338 58.345155175805104 37.65447698745316 66.46051535693233 25.115684968893518 13.741175446068835 10.929028746876877 56.30647976537212 37.88193727025054 54.98257932933111 21.348223667151363 37.11006534923573 25.97936571472536 21.563707734317727 45.56143809852815 31.076597181439407 34.80305116129347 21.622523849697455 14.525404747613212 58.23483719469338 8.892302393254717 35.87483400011111 38.65437887551965 9.43416592752349 11.893467992980618 39.91008069522713 19.752975670449693 49.81262221368877 31.043157614557593 19.29539609005216 38.45744651932501 63.49802461298809 51.44189193955674 60.64648035999515 12.425988162132441 40.20873967959734 40.41905072697585 60.65344312243414 74.15947945525767 113.70762602656167 84.91286963636139 63.42798412675941 58.03589785862436 72.4248868824844 102.2432719725979 68.9768395142252 39.926367084938974 31.026083573757823 53.50993935204057 97.73077697850296 62.16053417793469 26.622738441474617 9.263873236166809 44.66631219302288 101.10553774380355 67.29509046315474 36.9746669804061 27.162845147247754 51.387855326656386 111.65448288779218 82.16969091359088 59.74231799723706 54.02391058910147 69.28328205406396
31.908465368343133 33.08608974433721 31.521482621630682 0.0 33.40962844682487 14.989913086294125 43.95936989426353 21.526339097367785 55.83073069436824 34.696512230943284 28.501004624138826 51.361576464668644 43.33378667325374 71.85003115891664 35.27355919130847 16.78629329480523 36.54021630597391 40.14521275373795 27.344136674265727 22.714505172710638 22.774156271135393 56.98972186043066 17.595915712852793 49.817939702839666 2.913728650984945 9.093405945206179 21.295418475120645 14.644586068024422 77.01995585022351 14.887049234007804 36.43972307593716 17.11699423365415 53.460747699573005 64.12641740562134 13.181461569990873 22.05938797000749 61.30039025430964 48.56560525937546 36.81069415558612 23.969044278359544 51.9291239784645 57.88171689005591 27.062063235052246 26.385180743963947 21.209377013678733 26.912391570731128 19.319948587749938 68.39664224633457 36.579181129681295 17.356287999326963 23.60623606788739 14.414818370652794 45.796484513356205 7.76304099919947 36.895026622037754 27.382046845984135 41.47039753675767 23.06384271002699 28.157617985382753 37.277753560785406 31.604658658869 40.20195341975152 29.183188009850493 68.56823560032272 35.306264741391566 10.97477641564319 18.53633971161885 37.412810512676096 30.41471753820039 68.99674001362952 26.647042307218765 52.72888644627523 13.888446280142835 13.644381053342826 53.081439251518866 76.84371985810674 9.235730262003775 53.60100495845498 50.88625045208127 21.339643383686408 34.57382637113792 22.796208702391308 66.87423030206526 69.71082066116065 22.130327031721198 22.368085428665278 71.40189784048388 50.27762031234029 23.215105821612088 52.18969167813237 50.537401010409596 69.76800117046655 34.49087801287464 24.06941203173047 33.476803736831165 19.955917596324653 10.83250908100951 68.64800362898768 34.538773516989394 43.741800450148176 85.97781314894151 62.482311214926746 54.29589489776464 67.26216855275085 92.91127251750378 71.48038099820145 40.531537570997926 26.615089094752207 48.02204865201765 80.22510894533072 66.43405193590111 30.87718539985094 5.052610928611511 40.371625599672186 75.9369370419211 72.83089260269192 42.84697758518818 29.993013136760013 49.95488929005978 81.3854647266917 88.21542620597131 65.49919198944178 57.710216139216975 70.02096905962355 94.90808887467739
17.182542232329855 0.6230171530863721 13.993351313290662 33.40962844682487 0.0 23.092725251281934 67.88142909181795 19.296486067329102 29.247795083439183 65.89507652723908 30.051350417479185 23.482479326011372 76.21588080245172 41.255782688561936 29.068829569926773 24.42137316636384 62.24754308223355 25.11975758365138 60.159527525934166 43.88560737866407 39.202000449398106 31.831834737984924 45.57884114374595 16.4213826998278 36.17670949550866 28.664661559793604 44.772025683159924 19.29736031751162 55.83444278256023 19.34481167607861 69.43637176461358 50.173032580920655 25.496081706978213 41.34283840276963 25.87244749885072 18.012170213716022 31.518038652262245 16.40722262856985 13.664282906567063 11.484863407426511 28.846717611174768 39.867519197918874 59.73840347432533 19.436631208361035 54.56919587005602 58.480147053407116 47.310549083676165 48.042823482489275 48.78044545543088 18.31650335223483 15.769279731642493 19.468440523026306 21.117931467361974 31.05751283366803 3.775144608421929 13.162996021024226 65.95520862037523 17.253133684511017 27.503584180959468 70.05634497604383 31.15076374754149 11.42463250094482 62.462660349546084 37.704344275602146 68.29909549129754 31.468305654023617 21.200282200762214 24.555954048461416 62.36562707416616 44.099774557677286 51.352215550888154 28.086660012892928 43.252613863300574 33.52965157786389 26.387881789744583 50.78316478782836 36.676960762546294 22.519627171177202 32.300686337390246 12.093860594147971 65.37500185068903 17.18075058269992 36.28193292108473 44.997675600820976 16.852305619379084 22.146499754605156 44.11052448604668 20.26247042659227 45.562450675649906 19.776207729130164 26.96954680974324 39.953466170020796 67.77056609567731 56.60253002449669 66.10623630359703 20.567122951105414 43.86002402140711 50.539360969040686 66.69287499338732 77.08623437120768 119.13076431596433 93.05009260760079 75.21041308042538 72.0208200033529 85.14397553234011 104.57296749187559 73.70477739683867 49.61304946701606 44.97429187995603 64.1567686947219 96.1945397242767 61.368878626582266 28.479728567994357 19.704225414441606 49.9762337870236 95.63412731813939 60.49503922344429 26.56353321776999 16.84639092166205 48.93044595014634 103.01942601784754 71.50476763786445 46.31457411627799 41.34399690264018 61.69109099396362
29.389741792343273 22.58957039727948 17.10453737446974 14.989913086294125 23.092725251281934 0.0 45.39407407262185 21.420983082010512 41.22547872115294 43.11781795979654 15.497193182946168 37.105306020420066 57.45422535557816 57.848846659136754 21.01486248310397 2.877102194865543 39.34937441417511 25.174963675419683 38.376684812445326 21.254935815429885 33.32987623299075 42.192152327145465 22.59060507822676 38.943430748525955 17.793709021957973 6.671417981843745 21.81634445428514 12.043733575785547 62.07399496459195 5.6731501345435085 47.675908897401925 31.523470811764398 39.15455006062657 49.142999240357504 2.841624114674949 7.355819212040714 47.22947925787006 35.911796485597044 22.612858381019294 11.73445921939452 37.03500631224141 42.99082628656397 41.56134106465768 11.398018291600508 33.946343594013584 35.947589272828935 33.88105296027058 53.45408935720258 29.78892091210454 4.86851539352153 9.32211604854564 6.41411418165978 31.213638283926667 9.09153290381827 26.867122963976318 13.333792531505027 43.317062389946976 21.56624159941961 14.350178324282394 48.04569792927477 18.397916702538907 26.876118192925592 41.34251050069369 54.71208134188923 49.40607577055624 8.527025855997922 3.5565329903943677 22.47820710220062 39.926181193091686 54.07355299916704 40.604989385699646 37.9499254199918 20.609558932405367 10.446984862507582 38.55694267411457 61.96127724670235 14.237742874976608 45.391999427375545 35.91205609734635 12.396382485490204 42.502292924915444 8.213635435980366 52.948839073551106 54.77412432547284 7.768673426508312 7.539225321292903 56.684420271249934 36.61744849802837 36.222823169788704 42.86865556515795 35.701170617770636 55.559393949300585 46.54245710642366 34.66343246743877 44.02734675485738 4.9791461865507 23.104575570083245 53.85323171128094 44.28665162819169 57.062054520186095 97.21691662798634 70.0096332281984 53.7002979456591 58.29449925950444 80.28031313993597 85.1391293768582 52.15026557889862 26.885446773709912 35.47115019447764 65.77063131500064 81.40392103941373 45.863279925187406 10.606289970181459 25.56867585349806 61.05105928159144 87.09159069688978 55.25173775563473 32.44618987374743 39.811396702705046 68.18600102077464 100.61638760484875 74.61593965933979 59.527801521370534 63.65311904562454 84.21412994085689
73.74232180110342 67.3171616999985 57.29375866999907 43.95936989426353 67.88142909181795 45.39407407262185 0.0 64.11710714992924 75.120487688402 21.432681321747438 40.88406399986176 73.70560679502496 51.00043582472657 93.13381886238768 47.140126282192135 43.58000659607236 7.834074370512218 56.06328700151928 29.80599632699343 24.140308308127242 64.90700177751985 74.18338583030257 26.374803150162016 82.45359391015936 43.394867737371186 41.80255356004287 23.90427012455158 55.10999691578472 83.10137040567533 50.51486829209556 31.829052584629807 42.037573317595886 75.19305365816739 76.00501289619648 42.926382656187755 49.93753587529896 83.29834627150129 77.24781072658082 62.182418377752185 56.442193615584394 68.77639602198096 66.4080438327901 45.663814989798986 49.87863718121682 35.466555327322844 24.389778440120992 54.3619658698697 75.82966550715743 24.463196151095577 50.23689754955847 52.25126253735662 50.91507527495309 67.13299869629601 40.15901177827441 71.60772856811745 55.58853595145352 2.610894044440712 65.08089976711501 43.267907400155835 30.153119538913813 41.85599115446319 67.97825751905526 33.956909750300376 90.91529902917696 46.32860406628261 38.141787597403585 46.720734612391624 53.60624875802801 24.98266902173429 82.18896618102544 61.99846891719803 70.93776042971707 30.153900226362396 35.29855937955768 73.45703964592752 89.82541650836079 35.328913517410044 90.40024562523735 63.425943073693794 57.77648828966212 19.943341568494322 50.8162841081725 89.03386139824663 82.46549987009028 51.05515016605908 46.08035212077631 87.3839988509763 75.51314980205053 61.986357881916476 87.41074526814597 68.52164260636897 90.04156856987639 34.747130353549906 28.909597811747087 28.501242711326814 47.31587860800492 36.39273819587235 73.14509412555994 25.781473139114148 45.622291792814174 66.49725161685502 31.803416769226935 11.542922045357265 42.27563915611662 77.28796263520833 68.09644616259088 34.995300851807 18.558574053717795 44.68080961249546 78.61636796344894 80.24631616951719 54.86380213070294 45.96487757645121 61.21822292671863 88.96482072482469 99.14039685599215 79.7963222062106 73.74405874526012 83.9107727145691 105.71635525241035 121.67569688582702 106.28607233977746 101.58976274544811 108.9781050417622 126.3486114746903
10.446984862507508 19.36712859624413 27.01667383672774 21.526339097367785 19.296486067329102 21.420983082010512 64.11710714992924 0.0 48.04653526727763 56.19590997099484 35.82323910160222 42.442023218200276 60.21308295691857 60.48976731445509 38.99284521179561 24.218169750338955 57.12439021749038 39.07863592197323 48.352938157502955 40.74082888255741 19.926482244827362 50.32847933671735 38.317003802839956 33.56463105001162 23.43459275944803 22.559512556125437 40.33149123497876 9.49954320598404 73.71150770537176 15.824364893340162 57.1064605789433 35.44628276150682 44.5184652683689 59.40362056062866 22.814165320470405 22.709236366682962 50.81204938048328 35.570790447232156 30.038406891036562 17.992385762362378 46.587120313628034 56.242645862715975 43.93837089470403 27.253379501097488 41.47424998441029 48.403891172784434 29.550530018937707 65.50897526200978 51.15469586062427 18.050057828007585 22.07291976797513 15.01543510937619 39.005637105497016 23.977269846172156 21.37571519450884 23.260626457386454 61.765022501989264 2.223874090399331 33.968331806722915 58.16273733877753 38.27355787135055 30.108930762997293 49.48557833980868 56.91809862755491 52.66943201389192 26.315945345700623 22.617953397477425 37.31487092699116 51.80695919897333 62.776153268641565 32.50552547379602 46.31078221546708 34.911204409759634 29.43518166191786 45.14099186862259 69.77193268889947 28.92441440415851 34.05599164132814 48.517912142642174 12.735415125148261 56.0977967472671 22.61205650021905 55.537590247696876 63.64419513301899 21.68799335509637 26.439079531284882 63.24281373571741 39.52155395278648 26.58714350131208 33.78284884356048 44.78952740019333 59.24726414431086 54.67570459528796 45.320243081562566 54.5298456947384 23.232316070305192 32.09939733739371 67.30789017891077 55.82677034752156 62.1852933937231 105.93490638155373 83.97784615573597 73.58295935994265 79.42747749682373 98.66658737381064 88.55378065341907 60.85805499637112 45.80176345277878 54.991527538574445 80.51398980594726 77.74366714228434 43.85144823774831 18.276371755278166 35.739425524204 68.94049484357197 76.34935087827184 41.35359510008534 11.100683510404181 32.68852122161739 67.42449527772561 84.83643696667517 55.364482302302385 38.28069729851125 48.96711848627499 76.56583194801946
46.01703186388568 29.016351296059703 24.3114398785922 55.83073069436824 29.247795083439183 41.22547872115294 75.120487688402 48.04653526727763 0.0 81.09354588857452 35.20698235659804 5.862241242338225 98.66852517169382 18.050067534777927 28.06910519704938 40.36679758525888 72.1027649535822 19.217863361506726 78.49061293171097 54.96679127922561 67.56101740654118 3.4030757248424934 60.97913864145739 24.508605319394654 58.728809035232594 47.86553272405708 57.161889158291565 44.96755712316705 27.30027831847347 41.297949430157175 87.57213793474348 72.71606838818461 4.2028160865284185 13.05872501685882 43.68643559997202 33.89574710849616 8.5568737726889 16.348204529860702 19.205278148123927 32.743681852371864 6.607302951185535 16.754350909052437 82.75082264144423 30.259949964019235 74.93356996027823 74.97590004163825 73.27522913068165 20.5933309305364 51.08012056512324 38.53612402464184 32.22502335008992 41.98552135463627 10.035014849153963 50.208355072660964 28.69656466691606 28.513158627276706 74.03811646545641 46.17624166270594 33.33341313417467 87.59929003138467 33.54296546157073 17.95979395384342 81.95293879010536 15.858513908262662 90.62417027110033 48.731744518459855 37.73247399177012 21.92690898552141 78.98827273950162 14.857700944790063 78.60239671459011 4.202816086528547 60.2981968673123 48.984546102850985 2.911708645989603 21.771317544649342 54.71832940254305 36.274007968297006 13.340740898672605 37.24296116502225 80.10539236926829 33.095341201480885 13.991001238853771 15.763111284559342 33.71306957435111 34.877844646359726 15.648745157730973 10.284658084156998 73.15560940310714 31.439878152944388 6.599764230856879 15.110694148542988 86.97904985456849 74.71704447139194 83.59278050572202 36.3387229894958 64.21779417495824 24.42404830847807 83.25400023422243 98.02790684601833 136.0732209134289 105.22827612590565 78.49965719023406 61.510484480130934 62.74568243427947 126.15833668151214 92.18205391866792 60.09430893061436 35.4585760969466 37.887795186344576 121.97908427458549 86.4308316413615 50.93025558748374 15.80201975869367 20.921934446177094 124.11645223552213 89.39419172541422 55.76691982527438 27.582190154840976 30.721411349617618 132.26445527895615 100.30254179818719 71.82946228376342 52.82519678329268 54.34785351853499
66.6018696772212 65.44329091658942 59.03005651751694 34.696512230943284 65.89507652723908 43.11781795979654 21.432681321747438 56.19590997099484 81.09354588857452 0.0 46.14945413147819 78.20842617784919 29.610733638206735 98.86786489216826 53.886186960705096 42.58098073557171 15.5568279856635 62.168496355672175 10.193635939641817 26.40553869527635 50.82078198810994 81.04136416482244 20.641902317475637 82.0222850947442 32.83063742076817 37.232544748081914 23.983504867097977 48.85642828449886 94.91530059914035 46.61402713888625 10.537165522270024 25.237450599754585 80.05371986536005 85.21667897851098 40.276611878764925 49.7562234490564 88.3773716768718 78.80170201942109 64.53778693576251 54.804697885829086 75.4852306706854 76.46660467432363 25.71799311887062 51.75798444394247 17.660902045793453 7.793701493411136 37.8549616627229 86.82434483601497 36.99326721126147 47.67593089592646 52.037296256729924 46.61412091321141 71.72680288847282 34.86454518452166 69.62739125467063 55.98289571131037 19.31946538651474 57.75986189291007 47.80481507347312 9.1009157225841 48.35335774533933 69.55193646001572 13.274847325696852 96.08301996265192 25.045581076323053 34.592115596593274 45.81124148691234 59.31880687041716 5.045976359601515 91.12129461716853 44.550682110243294 77.17363316520046 22.642719495706494 33.12343036309148 78.85491833480533 99.1181125031549 29.22519590779357 87.5030296532363 71.62606974100365 54.126521516639365 1.5561227928400665 50.701320835549375 94.23275686450225 91.59121515371758 50.54119056466076 47.16911776564102 95.32118223402269 78.72409616696983 46.04424425236188 85.52066532257942 74.71424980331892 96.15181108885211 13.317398681653543 11.549042733009548 7.091391093038945 46.92081249356294 24.19128517592832 85.150729301725 4.361247326077838 24.533275697489476 54.979738897858596 27.78590571183739 32.458286882343614 62.187001717170745 95.98492038647231 49.500190148167036 14.315879595464141 22.17725651157514 57.54066143232001 93.07113109686229 58.922714375839405 34.884699241713044 38.65472752299457 65.60200778509068 98.21022674482624 78.02285744659451 61.70893510028509 63.722485246165206 82.73604805738928 110.2818581443697 101.4749281044226 89.31936394984704 90.50296241810244 104.5737697685274 127.32874822084172
41.965317461465645 29.4309552537154 17.16887596445034 28.501004624138826 30.051350417479185 15.497193182946168 40.88406399986176 35.82323910160222 35.20698235659804 46.14945413147819 0.0 33.05725846514436 66.86578017796587 53.19578516347852 7.92290988275801 12.723781741336584 37.08427747716644 16.06692204930173 44.73871012582222 19.818888614093016 48.760333657720814 34.93461038023599 26.79018442814451 42.47010594527323 30.83763559616978 19.47583134789237 22.17157585469511 27.000049913431482 50.5065640452676 20.342213936260002 53.42233710795299 42.63633729675491 34.68874819891236 39.37978066977814 15.865215635434534 13.57407405575482 42.95450353631102 36.546216393880265 21.51044310543143 20.16152692036819 29.37453808747246 31.352859204351635 52.303637534005794 10.622330819206118 42.67839588471968 40.54710429358228 47.8064373331921 42.008276043956 18.96918538729805 17.78747392410285 15.11971644408384 21.260505693292664 26.453650162732792 20.853923232908787 33.39625972210836 16.89126463614591 39.48749210231655 35.463281433687754 2.593223840696421 53.210910511594065 3.106303439771185 27.443690117632883 48.697530782840445 50.66467673919989 59.05182738369441 17.974062146525448 13.296473593038074 13.28224737823489 44.48320055127194 45.12565153416342 55.084848739492976 31.173378514484046 27.058612149117646 16.54989736170249 33.1878932137253 53.156881639607235 23.06907087645941 51.84956139028271 25.65947266441733 24.162583431100977 45.08498899245022 14.014205591293814 48.78622699874322 45.64589997110754 14.781709258778383 9.429663513774733 49.17241454297877 34.63520257018214 51.16466065697791 48.19651794420284 28.706271527984416 50.31766700782165 53.365804980457796 41.026325787565284 49.28246785409816 12.59098435938685 33.01248228420937 41.37207899838839 48.62521106101625 65.09760997417176 101.06382574960244 70.10746977675112 46.35076448995548 43.748200271873976 64.89678184050497 93.03593120800906 58.064932946940814 24.891677313278183 19.996549198601894 52.08008812677205 93.13060042138639 58.21507114850225 25.23662307418828 20.420250758789887 52.24263583916854 101.32506398925959 70.48000097026083 46.907003906274674 44.33145643343022 65.28754535889819 115.91364738962925 90.03751811325432 72.867317293392 71.02568154245111 85.50882524838815
40.16720151821034 23.276201576638673 20.001727851289697 51.361576464668644 23.482479326011372 37.105306020420066 73.70560679502496 42.442023218200276 5.862241242338225 78.20842617784919 33.05725846514436 0.0 94.49416499015992 20.8160694655146 26.664712370052854 36.55721234509945 70.13942834904947 17.812895830412483 74.99147814240145 52.46896149276837 62.08662209688863 8.902999164939954 57.80937671178616 19.344655046335287 54.27356803984108 43.77671123220713 54.470200987018266 39.83803555772349 33.10437919294394 36.616693376364324 84.17834929665851 68.39025363890094 2.13391979423662 18.738666662386535 39.701605568566066 29.75369852959543 10.210271738331059 10.899561519987836 14.560476751397717 27.80356836876419 8.783927141424961 20.80811773685981 78.39782179153548 26.645112898107286 71.02641750123092 71.7873893393217 68.31117428556767 26.120340910686917 50.19429747363258 34.00529754565351 27.8809735838778 37.24365484539636 6.603666024404404 46.18177129751784 22.838568496906504 23.993515285934986 72.44419455068055 40.52825526059384 30.91708906410937 84.31906506380327 31.849626157328142 12.344139138111062 78.26278845625032 17.88077849818432 86.4418083127508 44.982922728618604 33.710025601721526 20.108679354271406 75.81446617020937 20.685053905340165 73.39528300799549 6.548248219635082 56.82189392793307 45.54940495820947 3.2689089166551617 27.34001822112595 50.97035312380035 31.27681273919695 15.481525895774888 32.032959959572956 77.30013685364932 28.894016326277672 16.04332418300727 21.598504268494803 29.41403256535515 31.3044971625213 20.857673447255266 4.832743099567692 67.86253073312893 26.4354193599017 7.431136758911053 18.456597106653966 83.37641111965901 71.2245532451095 80.29403234088535 32.361613914826904 60.207945534537515 29.63882039214602 80.12837233283975 94.14878073771446 133.12588300742956 103.10277015663276 77.91014738338157 63.576177017535315 67.42402296064718 122.24144179350417 88.75177410069297 57.81842342652822 36.62305472552277 43.26328184759814 117.16881926356261 81.69393187027597 46.38399119528735 12.698842939767387 26.518982311957345 118.65604132944485 83.79327626044802 49.95570958142336 22.406147913357962 32.25989429953819 126.47182276648778 94.44099485978985 66.14563654306 48.61638742971645 53.70312086019788
69.90642219101981 75.96377457824904 74.51235223471055 43.33378667325374 76.21588080245172 57.45422535557816 51.00043582472657 60.21308295691857 98.66852517169382 29.610733638206735 66.86578017796587 94.49416499015992 0.0 115.11702318250487 74.71098752348465 58.38553334550336 44.960606942192335 81.49879979394693 23.8027295699513 49.76023303561666 45.36922919656936 99.5024901732329 40.784667944296025 92.41281854564345 40.4342508962167 50.80347568107849 46.85070165870453 56.92397750697937 117.37224086494557 58.21971465091544 19.18434321379887 26.21938708802952 96.56610726622256 105.69112175601458 54.99176207331226 64.80319083616716 104.53322910534838 91.82527429513225 79.94099958363913 67.30263880766479 94.19627095208624 98.19229012611497 16.48328532909984 68.51632622109956 24.192701486023537 29.529163842641715 31.41865665762422 108.8586700212251 63.662157430124715 60.5826584152371 66.61357488946962 57.739141229019616 88.66652182828024 48.46885219836749 79.46029548441066 70.52028941644066 48.92984487841359 62.344270228725485 67.64729466811579 20.955490166602694 69.7108835610595 83.53349152747822 19.175330703744518 111.87028787821312 8.052356718517567 50.18920868752978 60.936070842764465 78.6060022916726 27.00813962789378 111.03204526983745 32.91716823156837 95.29641432619442 39.83817432633363 50.60108159110281 96.01114850712563 119.02507002872866 44.32171979981229 94.26906423342238 92.01740243194948 64.36394983758969 31.137323677043764 65.63390067050149 110.15905184455615 111.66646731951644 65.08383188907035 64.00651678719092 114.04553343831438 93.59446543881332 37.84416682174709 93.77265086146959 92.98431823682269 112.94550386253331 16.43883949728824 26.927143526140934 22.66250474155032 62.331170434856766 34.51497873649395 108.14755827197045 25.249486446917253 6.695741250506952 48.555991992256885 42.630482067990556 61.71877391159928 91.28653522320853 124.05414696608226 28.41241897082921 16.77877242607572 47.83300420530802 82.62368191529261 117.8878991659824 29.347774576931975 18.30423963799053 48.38393146122043 82.94076667889097 118.10818366831765 50.197213810513084 44.473688033610436 62.99388574520674 92.14511606960758 124.68114231181164 76.04325897029597 72.18050617861869 84.67336286091036 107.98720271722269 136.6930802383174
55.77758614698257 41.26043355056556 40.75501827723199 71.85003115891664 41.255782688561936 57.848846659136754 93.13381886238768 60.48976731445509 18.050067534777927 98.86786489216826 53.19578516347852 20.8160694655146 115.11702318250487 0.0 46.118813465945934 57.36822824960359 90.14748713943825 37.260250445337554 95.80643212463991 72.89107761679226 80.41624130432861 19.114500860655095 78.56190529154371 29.25047049747031 74.76288008966876 64.51557469688434 75.01327261470101 59.506890050952315 29.62542756375597 56.992490860850396 104.98638668104957 88.94476060691746 18.864236482716162 21.718675095385887 60.48007037462167 50.5123740028206 10.623794647578645 24.926404355252465 35.23825994126529 47.98278155174322 24.376118067423967 30.57797030057238 98.91166789159075 47.45192365034982 91.79249325863087 92.55294977310884 88.0574270437167 27.80942087715592 68.99165110069 54.5368445968096 48.569760862307504 57.54835639323264 27.160226183943294 66.93756449667914 39.24422053458634 44.61787059365164 92.07703495551375 58.37999979327383 51.24527298855198 105.10987445363583 51.589365533303905 31.788892955250756 99.0705482398517 3.609534292137797 107.06783029009284 65.79475669272766 54.49050713352072 39.93444728611753 96.57776712046291 17.263907433976254 92.54557554701502 22.20591410759133 77.6326258016991 66.35071755275395 20.040139199793995 16.949205508951998 71.77982651853328 37.966197273698896 30.325950227584446 51.6666646756587 97.92106008690357 49.63649637915185 5.017156292198683 17.863529618543993 50.11504727919336 52.11196055024564 11.176437783690442 21.658759330624587 86.79955073396756 33.92830350341022 24.64249081199908 3.3931532252489682 104.19083566463182 92.03886584687055 101.08729348251454 53.1543908818837 80.94978676431245 32.78363439714469 100.87957976615982 114.91075616396937 153.8282134714322 123.26326274033485 96.21150010836428 76.49563190771721 70.55932814605819 142.97944557887595 109.56384206603327 78.08662998521388 52.18218798410065 43.36602784008994 137.03988059537448 101.76809443509656 66.82639610206473 33.271540195870905 16.746031116758804 136.65150957130112 101.24946803394295 66.04152191169776 31.68151805162025 13.347759593956795 141.85995381962977 108.112768454544 76.05704413922935 49.12388706567538 39.67137073132002
43.42997659876956 28.455641978851602 15.088085072757458 35.27355919130847 29.068829569926773 21.01486248310397 47.140126282192135 38.99284521179561 28.06910519704938 53.886186960705096 7.92290988275801 26.664712370052854 74.71098752348465 46.118813465945934 0.0 18.63955981170552 44.0622844165719 8.923240430685192 52.66110610401533 27.48655006716675 54.07672859983924 27.467149661487362 34.71016928993995 38.856935465182424 37.801771696264574 26.185143770614296 29.955051840541305 31.118575360150516 42.68287765147615 24.73959151636848 61.32246172453832 50.18391915624728 28.074399936267486 31.476807691622373 22.16524197309994 16.42258334837635 36.15994790725574 31.915659393606052 17.64486067493832 21.52305653201876 21.93309701969003 23.48130881521189 59.96008251224362 11.741445756568893 50.5183072357765 48.43018347128305 54.55401544722722 34.148332017960584 23.5801423252197 21.756390867629168 16.942011774728858 25.68601494323913 20.175020783454755 27.888826314508595 31.870163608628747 16.832716280634052 45.99088397277034 38.20721771087152 7.221294980811926 61.084969560568055 5.567212589416069 23.537235140084473 56.61479958326698 43.79533474712717 66.86282021939572 25.27635622922837 17.96185403381421 6.6312229934700255 52.34948294509948 37.27049384398182 61.53482180217214 23.927790999056946 34.94360405572498 24.216626505558366 26.318767076375007 45.291785815409064 30.688107472540132 49.30738168460247 17.778908615456373 26.443419036511877 52.781126212976574 16.40518633034016 41.91274544468991 37.77238703060913 17.342583307436744 13.617643475460772 41.491946673244406 28.981798123483102 57.23757794302998 45.21220485117793 21.47888094003515 43.1195501013227 61.28843692246845 48.94919631447088 57.17023716849081 16.796222661582746 40.66496209954756 33.71132115899908 56.461917485401315 73.01159004625985 108.71182749807257 77.21156278452665 51.35331548495017 42.95199867528244 59.87285666005278 100.95861714182924 65.96466546114956 32.283715813305776 16.28944527224168 44.95175470574382 100.69509638201174 65.56445908168408 31.465882044902553 14.618917540823114 44.37940227521487 107.9761299362882 76.18209791076934 49.807190939914804 41.109333719439036 58.577941163427546 121.45197694057049 94.16099296278112 74.25709881995832 68.51317460336658 80.03816404529951
31.916536306364303 23.881199297610028 16.708131624957495 16.78629329480523 24.42137316636384 2.877102194865543 43.58000659607236 24.218169750338955 40.36679758525888 42.58098073557171 12.723781741336584 36.55721234509945 58.38553334550336 57.36822824960359 18.63955981170552 0.0 37.82655663021061 23.50617241649342 38.489319210720076 19.49076934111036 36.04079046220086 41.117021198562774 21.941180808814288 39.84079951855808 19.45922946670968 7.849353747408907 20.37739667314568 14.892299407276012 60.29087443093911 8.403752676550853 47.732041111210705 32.744189295595994 38.55643700633424 47.65754207127038 3.6110970143872883 7.176123717043813 46.747930313667716 36.22123657800175 22.274465407190586 12.936549180687642 35.83088714047694 41.117021198562796 42.75241980845857 10.13284336158456 34.567833463281595 35.65156065234338 35.96514062906361 51.667193031691944 27.09949434488604 6.911841100314061 9.465294759689394 9.205163583041294 30.438240962102057 9.977943754860581 28.184415609624402 13.404471073141286 41.58833394805009 24.28474671087612 11.753018365140713 47.981479763075036 15.681711219731614 26.999209665058345 41.706177649303356 54.326113879521735 50.360832912251205 8.426713811712833 3.286556967537022 20.712474925854053 39.66646446952977 52.768220746014805 42.89634447100947 36.91617853616957 20.413966591270594 9.473275286307738 37.78619357585118 60.717927284504405 14.41347423745009 46.894426321622824 34.23329486428414 14.530060844204435 41.87215254981541 8.120644434976477 52.53028529762352 53.43813765378263 7.998771165619043 5.690452784629573 55.66283213218011 36.44469636459601 38.685230960882464 44.14263233862849 34.598830189347055 54.95626260395946 46.82517579968696 34.73469403252763 43.95168074366211 4.346763309895866 23.88000195456724 51.861724090161296 44.02237223469174 57.67251009814756 97.06086425276482 69.08166660375393 51.5354317709963 55.422771238870965 77.58624357744031 85.79806331012287 52.27031070948134 25.20443924593179 32.71915029597927 63.545436474922845 82.95532406020841 47.507738652863104 12.829461915600508 24.5848606535085 59.803395161412226 89.34020893804977 57.85069783041556 35.26927261296194 40.90633187069185 68.08026460562714 103.25457243746581 77.46791222275613 62.23489104105927 65.40045448686782 84.93168299541308
66.96624161258023 61.70752350569277 52.61088391811102 36.54021630597391 62.24754308223355 39.34937441417511 7.834074370512218 57.12439021749038 72.1027649535822 15.5568279856635 37.08427747716644 70.13942834904947 44.960606942192335 90.14748713943825 44.0622844165719 37.82655663021061 0.0 52.88725785495503 22.647252707736794 18.455139793848865 57.147461051684715 71.49594841378679 18.965030759993752 77.3734375356081 35.814951325488096 35.14420049140277 17.534308049264528 48.33921892336964 82.59273318923168 44.17885582788505 26.071327527173533 34.25284000906608 71.7673838482309 74.289085570162 36.73137528021826 44.551717070120134 80.01283744752972 72.72655021715431 57.76477219418316 50.76272298318078 65.98305875104089 64.98438375163828 38.293262351752745 45.115145199914345 27.83285875442562 16.98383143161885 46.53436615597464 74.89928335326061 23.449574318704588 44.2176800867085 46.89858071106713 44.494963787132235 63.535835173668474 33.31400260827867 66.01082337205568 50.46853590852293 5.223181367200414 58.20609536781879 39.26139625529118 24.647042095455603 38.55995299696711 63.37739541258851 27.027487850056698 87.70964624336249 39.65365320460568 31.606376583254708 41.06483914108789 50.24334661639147 18.187651216432105 80.39626660143207 54.19375260969433 67.9830312165098 22.66037667481478 28.989298258455744 70.21167251014353 88.22755619017951 28.205408707039773 84.6948137080466 61.17604778627797 51.60720412094194 14.000706888695667 45.46614049135061 85.82844754460571 80.75581949551643 45.59571847851071 40.98976107508068 85.21408267525952 71.51640370599505 54.15340686647093 81.95474821468775 65.52760567716905 87.17788660398409 28.52678765722785 21.371903829793794 22.3029672056209 41.816066762579545 28.611387353886737 72.67078503541097 19.848834920579375 40.082699135400354 66.03093436631018 33.15872052653654 19.264519428023934 46.63632895975157 80.69062620273554 64.3963912804289 29.804696615601106 12.72609671406488 44.35984672697628 79.40936552136043 74.30838032842507 47.43636646031272 38.86982245391297 57.47780520496116 87.34250879820597 92.1114923272627 72.00757037160045 66.46633397962563 78.62936541173944 102.36943316403804 114.17137306910843 98.45200498609336 94.24711834308467 102.97702909161238 121.89358020970768
