0.0 42.64292729505315 23.72566319228516 40.00711060191804 42.78649014482773 28.04529841990272 33.28706311885389 20.866896452551998 73.08633856553877 23.301638771880782 87.06260681452132 40.64150383700158 64.91570061651481 75.45913382216904 84.5354220395318 38.1116702487637 60.73919345073501 53.73311857132175 28.96429740597274 73.0202836154138 29.755983691711098 56.378668132176564 22.131282544234814 63.53819271386899 16.54869369279401 81.21957237597809 69.93142244505249 72.1392171547167 80.83775741931014 35.593667650109104 47.35073088247886 85.17414149040145 15.202425425916328 73.48280859530296 45.46243836854539 60.715168018251845 81.810613024643 53.40747291905085 101.36908086633245 87.58896578842102 85.07424362053446 14.197192137154452 7.8243725788647795 81.37570522907117 33.05083489220327 71.52905353215014 19.072868153718282 84.55193527986 85.32827513746889 26.440173107632535 8.701881007438152 68.55145874830433 30.760823816066097 90.32329691782908 69.50558579791364 19.483376641971603 20.878469950772505 27.09550025504152 77.25304915414074 11.315600809119038 33.55447691008265 44.91575810606358 56.13496354867264 77.92689133054236 49.33646933253889 36.77559916534088 44.86434882824819 61.33824116760739 36.18780720304549 70.74978757584279 21.382792344355092 64.34193958133598 11.335542527909661 78.4991038895039 8.485717039460715 74.83258861584248 64.80452335089106 73.89836841602721 28.261916340924188 35.52435802372617 60.576844451398195 81.80822310081712 11.451004604583215 32.05732359930966 38.652320288734046 54.09051165683292 93.75747515647267 42.6029654150873 31.503739212690732 87.86499176178415 90.71821368159128 3.774397346842957 25.84071642707821 57.86696912737889 21.08743919888067 68.24654562102802 56.794265742028365 106.10507555795142 82.31326025782009 35.76856364245726 49.96937607821578 24.517791078234257 35.17820034255572 66.37838236604641 100.5329482189456 44.67064088547868 10.216205649270442 27.303590068399295 62.60041274129741 98.10376033630818 55.58994713215958 34.479559460794015 42.657072011622354 70.58753103768247 103.33325338953159 76.03423502204419 62.08436279486464 66.78221310744618 87.16302281685641 115.18269739137165 100.3404313184612 90.00613326299936 93.09162412741989 108.45755635003106 131.87902471619617
42.64292729505315 0.0 48.77117591624783 10.459754466578103 20.682002858631098 38.177892017491246 10.237792073349503 31.675304961086884 32.80077332398628 41.520106592433144 46.3561561120029 7.3583186144663815 25.052763160274232 41.298212318533906 45.79877377802371 10.90218303424717 18.924835167056294 11.198912373498068 20.209065445993048 35.65031688758996 12.989500333851975 23.179024821601065 32.75943692303085 42.03697129941511 41.85303484331262 43.97588236067348 34.90432389181947 30.932616777232116 47.67384348982626 26.127759660309394 19.86479878454268 57.88021129889748 29.030776578556523 36.80987344588865 9.32707879093496 21.382534841068793 51.39941456722831 16.372023159313 68.51416702591925 46.96761334359187 44.210365800344405 42.650841026600744 38.568583085825296 40.390605414146684 9.769725907133193 29.49828697193014 31.279296609069238 56.069239467476706 50.261035554418385 60.50431959855124 39.79949947733585 25.916946410286645 51.55694296949381 47.89532191058304 46.353298100010555 40.91087590302672 26.97672371514926 32.683408116737056 34.76215742208993 37.17859759162771 15.934258694348484 24.2401536426775 13.692591491913907 43.50161382892042 7.561236012387597 7.528428908004869 13.994182283353277 18.80872713213084 17.08293550015284 28.191133939432 21.682148978211284 31.452969538870327 31.447261474911127 49.74428600688967 37.81493511372173 32.52443476241842 29.190337085906165 31.57969798174668 22.594281194976755 22.11184748382631 22.367598578127243 52.29771105846887 49.31964708079383 11.774243539380954 5.690410722290847 15.698755486261467 62.598071162196476 11.799202774755516 27.55011892423878 48.98293003779775 64.6396235875548 43.85918864631339 41.40614958233068 25.39325679686051 28.067937431163514 26.269596633689776 19.246009738703094 78.79568151660045 48.46912782212062 67.94101080811147 90.17508453961064 66.61523221194813 57.23439014245426 68.16234025828442 92.45851396845602 75.31453662742973 44.738055924580294 29.37517709237453 47.50264804721543 78.6275732458622 69.27165935656224 33.704732809628496 2.3803852396885294 37.51712209611493 73.086343890118 74.23237455073533 42.90902498744704 26.53525736919361 45.817592761209404 77.63105173525183 88.36224897126839 64.1636955312067 54.38954102571863 65.81499897639802 90.75877684948473
23.72566319228516 48.77117591624783 0.0 51.21277607484576 57.83581356586918 13.450928833169657 38.66305919179361 41.25430529728935 71.73574711777508 7.624670092195222 95.03171711527952 43.41972460202755 73.75960667096787 88.29605189899736 80.51252233189348 49.54307564405884 67.53903400141344 57.998670466938535 28.83715343357196 83.86185790281374 38.87160856139922 68.8347160223427 42.96428780971943 81.09138340797837 8.629382566301343 92.27603919305679 82.1291850653506 79.59539871100115 94.34635142348574 53.48187439703235 61.19442001064462 101.501271850266 32.51044968732922 84.79245302362597 55.31996538298173 69.91766126150645 96.69783826413192 63.730497581033575 115.41355517499935 95.65851881906723 92.85978669640558 9.998990698988571 30.401634059133613 80.20376464578 41.60080616800526 77.72821552871048 17.807509176502343 100.36771892288537 97.85947615936838 13.469306373177702 16.225563508800704 72.78457330843312 7.114740508093591 95.01735778050141 86.81569016235213 8.052356718517567 38.82887219922129 47.76364329506099 82.0572090812678 15.966113379527691 47.216729096267294 38.05509002256202 61.94817177899867 90.68070606775474 53.05192669311072 46.04933695313246 56.895216072339636 66.62395481732727 34.541832853472954 75.47889037431936 29.599100809300502 77.42443608324312 27.622665420645287 94.02088158876604 17.997988712118065 80.3145570281811 76.49669901335304 79.37845760401107 44.85228523313067 51.92538165974221 70.5563341564765 97.10199745867709 14.902806948557512 37.10772305854119 47.302325411622 63.68566343069643 108.55856865996897 54.12546786549034 50.18920868752977 97.6969743844692 107.66938719546572 20.135041702962123 48.77117591624783 70.76581420858473 39.73382898924057 74.62243427500006 67.03019617617029 122.85984957434782 95.48960383244147 19.26847944843951 44.80192623754191 38.34297668831059 58.867119652535266 89.40175802875744 122.68738136986242 26.63387145128188 13.584768284298793 46.818139725773 82.04596237831394 117.48766375612867 31.874194429260395 22.09665734876248 49.92758140787011 83.84192047007521 118.73657816464225 54.101744809427956 48.798726296911234 66.08930499114567 94.26791834198966 126.24281472245956 80.26430655255906 76.57414115116177 88.41340577985844 110.91597085055265 138.99592041536488
40.00711060191804 10.459754466578103 51.21277607484576 0.0 10.421041237021658 42.68304570526363 14.568121642810752 24.679221623940236 41.40935486571624 44.64240154126516 47.083788068718746 16.664979388360436 24.94724340178781 37.1105902671506 54.76016689018466 1.8957732594069483 21.799680078442506 18.80733578218222 25.022347128340073 33.3715959843772 12.349909380777223 17.622964656225825 25.313326277628576 33.2503271825393 43.32450263107566 41.73007196446404 31.032471472441642 32.40066239390938 43.133994599317646 16.05147796245891 10.959026596026241 51.24806138239172 25.006628779782986 34.05362642023011 5.760928358910824 20.732947037268442 45.73170874338903 13.414944692399756 64.20413624293435 47.59995670512228 45.125077298331604 43.49465196920325 34.37669609469573 48.29795126054954 9.9582923731014 32.36601007133739 33.44404308289161 49.79534867812764 46.76751161389127 61.510701912809964 39.34348314466511 31.041758064889745 55.20870820789812 51.37258084444749 38.151109036202854 43.160485817978426 20.930834145887392 24.07884829584466 38.6967681864398 37.33398170617308 7.457210044002417 33.54633438039721 18.650040051222362 39.51497360450983 17.041092360171053 5.82693716225575 5.724773184739261 23.624954073581925 24.635952200537375 32.63173930507248 21.754386441918648 26.2160704933969 28.768440357128416 43.394170574306706 37.16123680093693 35.95047359496248 25.510720620468387 35.05950256229215 14.661523157441513 12.088049451122426 20.58899773985204 46.301921385351314 48.62949595541729 15.848909763381053 5.883421936543728 14.118982333940107 57.47532232791834 2.9133127418573452 18.165666888168722 48.003590068841575 57.77984200684906 42.048224337320804 33.09091064413167 19.56769812641636 21.63338768808345 29.12713164478791 16.814625911491603 72.5559237294596 44.28829964629457 69.75164387482037 89.46045312477038 62.555522367078154 48.532221155984416 57.70374345899974 82.68149693067578 77.75669926506073 44.43610506894618 20.862235760905637 37.790218608330676 70.37876567671935 75.31383832790958 40.05198013084906 8.267883451418271 32.63073086512994 67.7744879174317 82.95422681519939 52.93387825564522 35.422767496825514 47.32583561599996 75.87412105447471 98.35509281780446 74.61904862331903 63.2013363146334 70.37715373613537 91.889101556176
42.78649014482773 20.682002858631098 57.83581356586918 10.421041237021658 0.0 50.89338889889861 24.22493643643352 23.69812290836403 49.21347370866377 51.92538165974221 47.247110923422106 27.08410011339275 26.302779179077636 32.76537270319102 62.68450665139685 10.82748187501079 26.332022456598466 27.040235118292 34.048462668628225 31.418870619163172 20.39409460277253 14.55268162969213 23.531890843550915 23.8748842999155 49.48185509541567 39.16969828342494 27.566362015753906 34.302173016122445 38.05141494318883 9.740831337462847 5.217818265140462 43.673524584254835 27.738476983813374 31.523998806211807 12.885321933607436 22.391727155685466 39.32590050530647 15.2634800629904 58.691986471382585 47.64384381118745 45.573067879736755 49.16433389313962 35.91769698144825 55.26792200805122 19.071664410181363 35.55902478137436 40.54447609048447 42.62460493449776 42.63052409421972 66.77270720876885 44.153197454667236 36.306363320778374 62.59498063092248 54.02685793182029 29.2697061590053 49.89077716112819 21.962448675978884 20.377396673145608 42.38517155817133 42.755353690955594 10.669598971180275 43.909338397907455 25.266541034415987 35.23199739806497 26.470384829147346 15.777331660533664 7.800607402267597 29.38982800410233 34.66747007976249 37.189036638149105 28.452263923146457 21.71989155218336 32.393980722313884 36.34021493744967 41.92868937723679 39.35828188411117 22.989188851267457 38.58157406083978 14.538615986315572 7.577982418897505 21.15335014781174 39.5267359778865 52.81715821313196 25.28753103494496 16.257356976929305 17.006483241422686 51.2923618115898 9.007290258482097 13.714308563588487 46.41077269126035 49.85334873153411 45.5087815959017 29.014748615016494 15.559324213041558 21.99510341905595 32.63246981327067 17.798106484003853 65.02471225079884 39.53620211917165 75.51159644637805 92.7470080431216 62.937990708135224 43.04125086665006 47.70831486289136 72.33113276384877 83.9039690367617 49.13027032666663 17.88569552220253 27.535793905860633 61.063483257133726 84.0091934628634 49.3080671845455 18.363911157547644 27.845786340980965 61.202526429008685 93.03231802839336 63.35373517186961 43.641192388339505 48.24506127102419 72.68282157415942 108.77586261516426 84.62224453998175 70.86444800430988 73.58481806542699 91.32245423164966
28.04529841990272 38.177892017491246 13.450928833169657 42.68304570526363 50.89338889889861 0.0 28.703227985556907 39.47322956848604 58.53732199476379 6.495284567444252 83.70240236871895 31.961765655233624 63.148529323896526 79.05340744755797 67.07483007855237 41.26059468220217 56.355700268802586 46.289792181917996 18.061364890284704 73.81281607672909 30.644715134641373 59.960972472238865 41.356451929943304 74.74066565829852 12.749952272064366 82.15284760359637 72.72449462845206 68.34594902505133 85.31272681982432 48.64227983815838 53.38136818284072 93.90080781882025 30.175168849994925 74.92472076599252 45.87510820102231 59.559064238867315 88.34412828137636 54.07013122175885 106.33543194419204 84.35442868736915 81.4991851782785 15.351987662766478 32.18142566023007 66.97266246397709 32.72618461116428 66.10646991013166 11.79874758455223 92.47832618766336 88.2936627572787 26.920184203453882 19.37358356968175 60.68477698149195 13.656530281522326 82.7368173880547 80.14824301489523 9.530239813333228 35.6339043733109 45.545787920299446 69.95898843303856 16.874982649380986 40.32869324946624 24.645989524200047 50.603944562946445 81.3493038992107 41.363925297514456 37.03627514734754 48.38523262544615 54.968338117329054 22.33621467101826 63.46594208787125 22.937694991254094 68.57343873977482 26.22600609872287 86.07721265749753 19.77573210667828 68.43198338050505 67.00747397967766 67.51093333994478 39.95633742922376 46.22412578985049 60.496297023465296 88.96840895706042 24.086403639661867 27.21335942450561 37.888542378253526 53.712382153548226 99.96676052630674 45.54104328408288 46.18036978507837 86.9958864905996 100.36432762885016 25.520485272845725 49.010906568112254 62.03979978336123 36.86912500332673 63.119698799670296 57.20110669142189 115.23166888874356 86.2711460562115 31.906468537518915 58.24738097449472 48.37696533991247 61.806688299816024 88.49839105291919 119.9000678676925 38.067510101824624 20.371559422017157 43.73863475953412 77.09305116064422 111.82938581983156 33.27021911190796 8.717415385807092 39.71509621799852 74.90523405959526 110.3472201585031 48.6425036840239 36.37758459459196 53.03534558677606 82.67013261127299 115.70711945781403 72.29537555720235 64.4743034632396 74.9624908797619 98.05069617906162 127.04577029785145
33.28706311885389 10.237792073349503 38.66305919179361 14.568121642810752 24.22493643643352 28.703227985556907 0.0 26.11768238427868 40.15885870126301 31.536464636741705 56.582609868818224 7.6773189299305935 35.09882756833493 50.3523881575456 52.3218658434644 13.536554760377127 29.162288983948425 20.70944347744893 10.68816595481072 45.332096015310285 6.046776707464852 31.322534707617304 27.61107707257145 47.738877566581124 31.62036001506615 53.725978608843754 44.033376053925366 41.165784123474126 56.610921374325 25.891790860700638 25.52666245659973 65.62986682434742 21.063335233533085 46.35902530934948 17.17479501459926 31.2668889864051 59.76277469426189 25.395544460911452 77.63334037384067 57.190381753801745 54.44176232908883 32.419891270772936 30.190569490449196 48.28845805510556 5.299845458626233 39.69722120021325 21.065540486094825 64.06613332001466 59.64668395019389 50.268958763808506 29.751408409916127 35.74682846157899 41.787385383796696 57.913913935688576 52.71486982983572 30.744769124152032 20.93721306677833 29.031847894762596 44.77211684097002 27.036943797419926 15.180232027803255 20.75290256011806 23.846317823967404 52.65604076485712 16.107389187076212 8.741185682043211 20.07393640221764 28.86455049042615 10.606129785885333 38.16254240352886 11.932417975378451 39.91165136724263 22.459989490304856 57.66985749640703 27.83479936807053 42.64208336228927 38.322201167138054 41.696248250134786 19.314296963930687 22.23516193380971 31.996053921372372 60.46427729038171 39.252995364350454 1.5554393681878194 9.246985775022527 25.147938465513356 71.30491204530277 17.254817064664827 25.64610078243499 59.034231157172464 72.2295058606492 34.15104532854908 36.80463671779075 33.4372699839915 22.283669956524744 36.483937055377446 28.58403694287766 86.85946027873395 57.57112313615542 57.77325492944826 80.01633815428875 57.63627840219216 52.66329160461835 68.97143941992259 96.29564946578958 65.26350052683422 34.624257653308995 25.895043240717442 51.7152457237205 84.91513024950487 60.87080696134531 25.49487847406 11.266462740740026 46.21783425228309 81.7156893702133 68.85083613645865 40.931901652312874 33.80226315940188 56.05314355387419 87.59855190111101 85.81849114683666 65.38406721779124 60.97109857896055 75.44540589782294 100.98851158405407
20.866896452551998 31.675304961086884 41.25430529728935 24.679221623940236 23.69812290836403 39.47322956848604 26.11768238427868 0.0 64.47351154387587 37.61063913604498 70.45149976712443 33.42296052324542 48.716550034467694 56.275210974955804 77.36251382249226 22.974950290108122 46.45464207008186 42.42219951182879 29.272396036475357 55.05381639153859 20.217691035961213 38.14054214581564 1.897690106657905 42.76016298038553 32.69626150368285 62.86775033573559 51.253691344102954 56.52678111986806 61.22076501941116 15.172699407558335 28.76153171370261 64.53337292295498 9.301734095495135 55.212968325407374 30.414445704217243 44.53989347011038 61.617535339239424 36.97864927482176 81.30343381095796 70.8947796644636 68.65322845055499 31.363089551178835 13.184336608803243 71.99815295043078 22.61133224734845 56.8939388510685 27.679926062340627 64.04193914394688 66.09735615300437 46.9504901260138 25.283550173947493 55.67507451651434 47.51513172621114 75.87004127105958 48.74129930438124 34.405331270397696 5.223181367200329 6.523633908959728 63.33923003231069 25.33901103542025 17.224541859443573 45.198508428136606 43.159308060199805 58.729994194024265 39.23265726180531 24.23253424541291 27.976232735380368 48.23965684755239 34.54808332038732 57.31078415615172 19.002997546101668 45.343908733796106 13.757379341468113 58.122996190551454 23.313157107264935 60.54218510669502 46.634104569069144 59.66569157388498 10.100006084146521 16.120168885092212 43.82920213064996 61.47584122918176 32.064688792375826 25.77889538978647 26.2117152470469 38.17921044322115 73.48934788342191 26.497772971664748 10.883296141058997 70.05759547151739 69.9426067572043 24.25819604372046 10.91285078637981 39.25460019641876 3.835458096896061 53.69421552791863 40.13655052242092 85.3265573853542 62.8250080741317 56.19678455828372 70.0359262058681 39.24024113484495 26.584943113432185 49.050168070039724 81.46947824892509 65.02180669538009 29.47847500557374 6.5066567832161155 41.8079373738189 77.36718699506201 71.6803032467231 42.07892714156437 30.584288351408183 51.30646769586738 82.83417718229528 87.38232672231818 65.1514557528815 58.18844093148511 71.12818314808804 96.2532260514068 108.26130161973524 91.05530313663618 85.9865388880061 95.01767915317564 114.86989018880799
73.08633856553877 32.80077332398628 71.73574711777508 41.40935486571624 49.21347370866377 58.53732199476379 40.15885870126301 64.47351154387587 0.0 64.16205826068054 37.31262989966854 32.553907485516575 30.99772627082586 48.52607069694935 13.471035830559686 42.62163510897647 25.017306938616432 22.603979616046967 45.138110209757784 40.03412803166455 45.04694463293686 41.58328630452062 65.55258315468355 62.163677445840385 67.34471676329079 44.79547556667127 43.75749484072224 27.964569267757522 53.99287005659223 57.274473013836435 45.63023230521325 68.47771452123844 61.0786966679916 41.921517724223996 36.66734881039744 31.84993440523943 60.1747929288185 35.546677198762346 70.02439351808998 38.00435577127172 35.4018984541726 69.00858561764205 70.34252971701228 8.50063292141934 42.14282723298435 23.62169820155586 57.305164355147134 65.82225459001795 52.81796741877211 85.02374684397495 68.17081478388555 16.9578906185418 71.6440341423745 29.270283479210253 63.87892925951343 65.24210108709516 59.70942047959469 65.2108278700439 21.070042650251736 65.06942947210108 48.270478534607484 34.181311617902054 24.038274298450403 49.44767370378646 25.241098193030773 40.289386640521926 41.4416662749988 20.932541335056413 38.11789131984196 18.705349707664457 51.79551141875712 45.125050592368936 62.57724198029691 60.922995057737786 66.59779582553338 22.28661044077923 40.38542622669618 21.949505856593596 55.24939967174963 53.41455144013928 34.19201391386722 61.88514108210455 77.22858173498557 41.2094704656717 38.35292955446247 33.542271891599896 67.61154971716424 41.0153960465042 59.56308316083441 44.347266669465355 75.02981492303806 73.43687382102556 74.07811760810469 43.14363102554206 60.84006298745612 23.574525993478296 34.96853610114673 85.47414212354508 53.52906723202794 90.4147703351001 116.2576543703592 97.58487068620866 89.78761226596525 95.56603575982072 112.85372217321179 95.95177311896612 72.48663661529086 61.919412272627014 70.32671008201122 92.68122836497199 80.50775540827325 50.54451697310314 34.06148397788032 47.93545833099301 77.25036323316401 73.07711210172536 37.73946897487906 6.362466301590574 34.480497240295115 69.78207976260546 76.0467244680903 43.16172720108922 21.793721801099267 40.2392736930901 72.77110145574241
23.301638771880782 41.520106592433144 7.624670092195222 44.64240154126516 51.92538165974221 6.495284567444252 31.536464636741705 37.61063913604498 64.16205826068054 0.0 87.65521519596815 35.94316574497294 66.56286615600999 81.5783290898967 73.13684591648985 43.053690105139076 60.17425414744928 50.50010566575902 21.419252873451057 76.85690718067261 32.3122733814868 62.210231682557385 39.433772391916854 75.52631934705012 6.94585849801556 85.25735797884714 75.34280016235374 72.22756650926246 87.71479221692424 48.46639377787416 54.947425098028 95.44644855213122 28.424629898484802 77.84953013463746 48.44769763681815 62.790829629404584 90.33070282138121 56.814332835553 108.78992014688355 88.28900883894823 85.47379368993036 9.55652894113096 28.54682713148295 72.63886419910213 34.84106244381688 70.26820273163781 11.380905569257733 94.19236463136302 91.03866706656079 20.89198946717355 14.67545606754318 65.22672447013095 10.669598971180275 87.43911638322753 81.12772352815776 3.8200696093713686 34.43415134838478 43.97265209074659 74.50408769214272 12.918649822496603 41.255782688561936 30.661485380127743 54.53544671608598 83.93443300348356 45.55035646573804 39.27567186105609 50.3614841900937 59.14648447394094 26.933826357992647 67.93752918147463 23.473117736595754 70.83033244851931 23.891844612756646 87.8130369799809 15.66182575242073 72.80069760583636 69.66980918158991 71.86705711028368 39.731976252690565 46.50877557263599 63.52502269161769 90.82291276644055 17.871375447414717 29.987490503383277 40.40180819690044 56.666464124858074 102.11414258633162 47.550841246554235 45.536231693497776 90.50016515163816 101.74757995566237 20.330814697952462 46.301889449092265 64.2015652805577 35.51639060301266 67.18721756497796 60.06650895108116 116.82100127078634 88.79126551842833 26.81460639345233 52.22049920761296 42.204446471762395 58.03123715182552 86.52287609106826 118.89897436731285 33.80655937704075 14.561103102875727 42.58374198097492 77.11635059726287 112.30625569586745 34.070521940343035 15.158302030347887 42.789654087433405 77.229149902456 112.3829854269296 52.732632702503444 42.83059056257698 58.4838587514955 86.82417457554473 119.11627158028385 77.47633392798662 70.89422395924497 81.12648474796265 103.29147558079188 131.48710273968075
87.06260681452132 46.3561561120029 95.03171711527952 47.083788068718746 47.247110923422106 83.70240236871895 56.582609868818224 70.45149976712443 37.31262989966854 87.65521519596815 0.0 51.78623163249822 22.14692789770423 21.76309752416001 44.803728846607335 48.97857766449881 27.49288928528684 37.45652591902746 66.2363054230256 16.896765749423054 57.97207618497327 32.78696997927635 70.55144777891843 43.55139320735641 88.2025773683373 13.334481064945027 22.298644499552186 15.437488877664146 23.6492262608291 56.904499335029676 42.03033257726398 38.09203223485203 72.08448496844899 17.74518107178479 41.611984808063205 26.352418844784793 30.116248913185796 33.77206590139663 33.62885298470216 0.7113065980788735 2.222381032637705 88.92886310589073 81.36991634367848 34.96155221491619 54.762189018492876 17.78188890597749 77.63528635587011 35.24650060122029 19.472160225953555 106.84691950276502 85.64557809603271 24.383984770925974 97.32106894257358 13.252320244761888 41.660667654807554 87.23924799171368 67.58704508505097 67.6242620941745 16.466119670398985 83.24087702988825 53.964906299779905 63.396819346454336 33.13480885177625 20.77627820876704 42.35169462941259 50.596811407044605 42.65075839660076 28.80847697715252 61.429636878228244 21.483939474513395 67.4638016960666 28.047162953790966 75.77210080021091 32.93480140086513 83.55020168844999 16.40727770578138 24.78788783499502 17.17305318740883 60.515558687315774 54.61743925754379 26.693218945607 32.10339891517035 95.12335876574036 58.12619272886815 48.891843113586354 32.97476879483189 33.169716450974775 44.607956895643035 60.960944368470095 7.970489043455699 43.39350951720389 88.94846967628752 76.14278754533733 32.27097193636667 68.04106061334066 20.605698733835897 30.454428458761647 50.45587891441297 22.165042772625753 114.25415099022113 136.09382346283513 109.37009925767538 89.07404667844743 80.24107632728524 86.45896268788407 121.44332743626423 90.68828321628092 65.05690723639269 52.655400296635776 62.007537584124805 111.99909432358358 77.72051043662131 45.49017922788344 25.108427286063854 41.517561181949254 109.12195075214466 73.5546206382738 38.015459959276704 3.5041506794528647 33.340573562090455 113.313401481633 79.58526287800095 48.57873248704613 30.30122941636695 44.81771781244454
40.64150383700158 7.3583186144663815 43.41972460202755 16.664979388360436 27.08410011339275 31.961765655233624 7.6773189299305935 33.42296052324542 32.553907485516575 35.94316574497294 51.78623163249822 0.0 31.351677573409056 48.368848669349255 44.644581617573685 16.483951670934445 24.39395704472372 14.586872352274272 14.601804148470894 42.34238281449104 13.217980733591363 30.523764915905193 34.81423648093465 49.22536401166115 37.20810204755691 50.55282963295049 41.96708928664222 36.397573103826225 54.77416146580795 31.008711173736636 26.909572989887412 65.21931826911937 28.739468148409795 43.609626927004555 16.635857296574745 27.994249780526136 58.65955255493979 23.60654376412687 75.4908437630645 52.431029869488206 49.59189242143587 38.363294408225165 37.84008251029603 40.75843536193635 11.054130329592352 34.325167239954915 26.610122536832858 63.384281962397594 57.12287788389041 55.773838660122614 36.43132594188995 29.521358272374904 45.54673275086944 51.8129967842702 53.65010903964793 35.83530593244258 28.316192041305325 35.745161302711395 38.74706071490653 33.51653554882693 20.201460360830104 17.034359191403897 18.656488217917722 50.51819949572871 9.65178536233446 11.803571123870007 21.039711488032086 23.206402135486616 10.037542823151755 32.137085207336504 19.277940580548304 38.73493649567594 30.02344774657755 57.07266513946245 34.65629218455573 36.908415184367975 36.282028490389074 35.96988844298119 25.708145491185512 27.07619516394174 29.22399365180089 59.59232901506476 45.818201436856164 8.655624402220347 10.862604812725676 22.770435339285786 69.75252186116394 18.590412928124014 31.57664584458739 55.08096935171853 71.98703144924619 41.249758618008094 43.90981779635019 32.74076573998875 29.611487492074584 31.257102514984002 26.325796039279496 86.08623640770115 55.495942017171515 62.687571260962244 86.17845365000633 65.09078698219795 59.825022828707105 73.84710077896982 99.29699572307062 69.68188397818183 41.10802282977347 32.50176674164285 54.36037946832861 85.9414194927616 62.23336655260649 26.76849093605168 9.608491655741972 44.724768609658355 80.25271056392192 66.925797309357 36.2893028678008 26.209980433241544 50.88429090211777 83.80726377406687 81.69297374588392 59.084004991465434 53.29400399152825 68.71488635417394 95.5791498205524
64.91570061651481 25.052763160274232 73.75960667096787 24.94724340178781 26.302779179077636 63.148529323896526 35.09882756833493 48.716550034467694 30.99772627082586 66.56286615600999 22.14692789770423 31.351677573409056 0.0 19.052973545581022 43.34988084598686 26.840575763179757 8.045228290847058 18.536160225092125 45.25355281527655 11.448781320636249 35.96773495323198 13.1115564299948 48.96467711762234 31.652742010433748 66.58508983111057 19.29564183427468 13.281560842562769 8.0006659695426 25.307619153721475 36.030500061498614 21.196611675972857 38.57065179333553 49.95355150632664 13.043236009015574 19.47309495496646 4.221128688632358 30.653481813496022 11.755892020613675 44.91925801608418 22.676483518686336 20.17808393037743 67.16381480253739 59.282521038166514 34.0581690659502 32.81050612358894 10.000377216468445 56.122420966390024 36.13000306476346 26.384228706934262 85.16687024495234 63.64973747829991 14.205836807261448 76.59450046657663 27.735699191019645 32.918053203662566 65.83775464893074 45.59444699652353 46.45372908159797 16.831250831532085 61.33422505250998 31.935840749338396 45.540903385398884 13.529247581987763 20.68758059035056 22.796142363309173 28.554578414973417 20.747219104302406 11.780633066986569 41.35521928631321 13.432947604350685 45.526059548206995 14.18473511229784 53.62808279680402 30.610948803973773 61.53006638215134 13.714356581073952 9.39431397287996 13.1115564299948 38.67340026718553 33.27110729548335 5.186912769570311 32.11894780459441 73.09476896745957 36.65425214540704 26.92483547348703 10.83046905683893 40.21220181484334 22.529366610643805 39.810900416594784 23.94021422859395 45.36008836616397 66.82323782571437 55.26235045199142 13.785295878085876 46.11856837653551 8.006094856202143 8.61617179774471 57.63454697091729 25.51588197919287 92.85760840968776 114.05337327697575 87.37050246975127 69.21819885995329 66.93903952971115 81.86960718925553 100.3419072832742 68.71425210869391 43.66897934288101 40.304991006670015 62.24296002389824 93.29675067821785 58.0542543581633 23.84361781532487 17.29013220006389 50.6121342368147 94.4224833378387 59.82997285904437 27.854094097356885 22.456181262037077 52.5824515308906 103.45265285775159 73.14112479053559 50.28881841860132 47.33365347652555 66.96381572339162
75.45913382216904 41.298212318533906 88.29605189899736 37.1105902671506 32.76537270319102 79.05340744755797 50.3523881575456 56.275210974955804 48.52607069694935 81.5783290898967 21.76309752416001 48.368848669349255 19.052973545581022 0.0 59.58615114241912 38.838691442774326 27.04955772900022 37.170945356422955 61.00537250745356 8.497596433634055 49.42846142231153 19.51169110286062 55.88475808641638 22.1402663240509 80.429379961537 8.799002402662529 6.401759382707031 20.677056340940325 6.431693692565305 41.34459965541986 28.118857822935716 19.953848534281608 60.305067654963516 6.608684521863847 33.197241864809136 20.96288368319203 11.72800162073066 25.01992985132688 27.28283753237586 21.72607752612281 21.39986496031383 80.53391738521083 68.6829065866119 49.683461606422675 46.744057084419545 24.97993670995807 70.50006847464716 17.33539779005765 9.870645815752273 98.49505261177515 76.08491484097274 31.693965382762098 92.03129684634746 34.0057700764738 19.898299767595635 80.24504272657835 54.71083518199167 52.030176114622556 29.574299625495534 74.286479621993 42.19315369308624 63.826736077218555 32.17802668205776 2.4682100534153326 40.93132150177391 42.30375806206321 31.493400533467963 30.81464372984333 58.34054636336654 29.836864352964035 58.85608712536698 11.12944394549105 64.75963422351019 12.630413178444178 73.87001240718041 27.15429692113188 12.108167086256401 27.167998548910134 47.28319571976709 40.26142141347398 19.295712087706832 13.367392121820046 85.11026886921171 51.853953056464334 41.22969185126898 25.614603513150673 21.48214732768395 34.205379918747 45.68534445329593 16.675104112361293 26.580958353438433 78.03275841779596 59.623530918916536 17.732054165407813 54.75902316907787 25.10460798405795 22.05928188131608 38.620292545553994 7.220252697110518 106.845186366679 125.42483652326219 95.39237949435078 70.71182741366586 58.58975193251731 66.31361513816493 114.86418282400997 81.15439808635458 50.10472436002181 31.0985806738633 44.226137964608995 110.56233188415541 75.00288975832044 39.484788575314816 4.987424374062042 31.982981275220826 113.2351135693852 78.8539933771612 46.32399313622873 24.61851236864812 39.98035399032478 122.42643356975721 91.45249553868082 65.35320394120698 52.064177840962415 60.68336664801034
84.5354220395318 45.79877377802371 80.51252233189348 54.76016689018466 62.68450665139685 67.07483007855237 52.3218658434644 77.36251382249226 13.471035830559686 73.13684591648985 44.803728846607335 44.644581617573685 43.34988084598686 59.58615114241912 0.0 55.91093300534989 38.104553552060864 35.98633378425683 55.871632462307915 51.14843033677872 57.57502453612626 54.673285953062766 78.52289015497655 74.90611834220036 77.13601141949081 54.59876032496908 55.45924499795366 38.97175709986724 64.51373989406036 70.68679875020945 59.0685558729278 79.34692104888349 73.38283396665132 53.02259764240912 50.11432545206471 44.71571274103894 70.95096853870471 48.88973525335839 78.41074809504687 45.42512900010058 43.276957517401044 79.041240400884 82.4203111667211 10.024046950646632 54.833403548832976 34.77569087049572 67.64926712309558 76.59273642054652 62.45889291495405 93.97046295608777 78.92554324722731 29.156190304196024 79.4263805598462 33.723601771549056 76.20982208475264 74.7245018437338 72.47815312600449 78.40239374473559 30.30674035782773 75.73757734017042 61.488921407271505 42.476441800552074 37.4928904168805 60.163551334735814 38.26198331320784 53.3255300949169 54.91147009110091 34.14972575184541 48.637485079481536 30.195403471049165 63.55623994667311 57.52684860201434 74.46031703351733 72.18885562487131 77.53502963966781 32.45609249496187 52.70251530468038 32.41848394378115 68.36910348278872 66.80316284078421 47.02435627150525 72.77101720030124 87.61616334031545 53.21684140333839 51.43395601661402 46.88725959868253 77.1225540399863 54.45082252819502 72.88087516087661 52.5413182317762 85.64748232476622 84.5328168109702 87.19680218519451 56.11862921341105 73.66346322214945 35.511804135687846 48.118644609932176 94.83637436011148 63.77295934544791 98.46111826537745 125.31353633236077 109.03436709897412 102.98298169255455 108.87830968451031 125.04186742991642 103.16287220729141 82.91727520812891 75.10036356184726 83.2883451692304 103.75898046995073 84.65603005163005 58.58404716965176 47.21972499562026 59.661369095168084 86.14766498932224 72.63521798378966 39.48590874879776 19.35464708196038 41.500253173805014 74.84746447999176 70.5009196566374 35.44742801408316 8.652753552128226 37.75486254921746 72.85738575479424
38.1116702487637 10.90218303424717 49.54307564405884 1.8957732594069483 10.82748187501079 41.26059468220217 13.536554760377127 22.974950290108122 42.62163510897647 43.053690105139076 48.97857766449881 16.483951670934445 26.840575763179757 38.838691442774326 55.91093300534989 0.0 23.576189657098027 20.063280974112274 23.774223862429054 35.22532606937167 10.743166016359462 19.330670613174807 23.6747250255741 34.20876754305939 41.592888816287804 43.57230035425889 32.803918870417085 34.27496437886436 44.81514892464427 15.239448814087837 12.156775041466778 52.64036496530375 23.114523013171308 35.88470019443531 7.5787439988773775 22.627182121366186 47.27950005576448 15.306392966697036 65.87422028285216 49.49526770241575 47.018035341250226 41.718690958261625 32.497421426562425 49.659640218380304 8.627408940948431 34.187336598730475 31.805813524978838 51.24808784275989 48.529674646195296 59.72017408753965 37.50354412442221 32.70234622696229 53.649557452511836 53.19273322640141 39.256116628410275 41.49295228012173 19.113798663134112 22.66636248612379 40.472422017409876 35.529527755711214 5.817511400955309 33.13046523868052 20.22787843308389 41.25354722940761 17.9111367856354 4.950217635583593 7.3568365443383685 25.27011404545511 23.864254680307496 34.35547954863009 20.02037733044352 27.888498672766236 26.876551762878368 44.851252032332184 35.316225901736146 37.75078895860638 27.316070266927333 36.854690484319484 13.03355314944028 11.22608367605989 22.480331277025943 47.80371401876476 46.768962672657246 14.716450291794443 5.648801138300313 16.011301820552976 59.06784262841212 4.663101655716084 16.975840116305783 49.88304306500517 59.1201998743086 40.16153788058621 31.639410896896027 21.225010112264716 19.852990257920215 30.939767165616832 18.7040401903125 73.978486956888 45.99999718592202 68.0069727278058 87.58311590499292 60.68941779666607 47.199295875483024 57.484837028726105 83.14688390578436 76.05400493235526 42.59568549871043 19.410731670500347 38.35836165684701 71.40136299862934 74.03628593207678 38.91537059078178 8.924684910974387 34.30894099597044 69.33084712244569 82.23320041811755 52.75664333200095 36.556955036288805 49.21119678484358 77.71265146537274 98.11687906382335 74.97261071575166 64.39710967285126 72.14712806841236 93.78461184835385
60.73919345073501 18.924835167056294 67.53903400141344 21.799680078442506 26.332022456598466 56.355700268802586 29.162288983948425 46.45464207008186 25.017306938616432 60.17425414744928 27.49288928528684 24.39395704472372 8.045228290847058 27.04955772900022 38.104553552060864 23.576189657098027 0.0 10.68792489427245 38.75564666398241 19.456317189475197 31.09924414501544 16.58167723862135 47.00421516728835 37.24156507871461 60.768671518456976 27.029650726988706 21.093466875523927 12.056528351852146 33.340767145589034 35.5945438728612 21.87429799366014 46.34772832662193 46.241794744841215 21.08377113319446 16.045074346422762 7.052298614929837 38.56820331853026 11.266178937021074 52.870024478093214 28.120039772177 25.32573220789806 61.572565920881694 55.782633352539534 29.6308514888848 27.816258166436118 10.789927593828812 50.17820677485845 43.97847254683738 34.345944792799095 79.42268691404267 58.56782179898544 9.99536987728335 69.93107301483168 29.702880026787135 39.374059655111225 59.753621505014785 42.681859642561875 45.249361018559696 16.8977391289384 56.032013190056325 29.236104124031353 37.70447838783774 5.8262101016361845 28.728627888507784 15.261824956151042 23.96854679514352 19.231713293189884 4.226044953775533 34.22574002989696 10.99063608423725 40.36906360783453 20.80783144287544 49.408353258143606 38.28442331841263 56.530510996940976 14.205836807261448 16.435835795661475 13.296473593038 36.3843940974779 32.23275959048351 9.387338542859219 39.971044783699504 68.08445231900154 30.695325169981132 22.09110052623262 9.370659609745648 48.25740029030066 20.062699259823514 38.831822439547366 30.79365096327921 53.1738760042047 62.290340981308496 54.26608322309893 18.133041331897363 43.425961365924266 7.507356650970882 10.018642429207162 65.65775332262753 33.56042665065054 86.76289951188612 109.01041684353629 84.0418668152711 69.10076558566452 70.84428179275766 88.28943737609603 93.97248660928963 63.55600959307216 42.19102442595003 45.30978702682904 69.69970681590193 85.77406272789314 50.78994992040764 18.282675243694033 24.92190683639598 58.652831916251394 86.38541158812562 51.80614242937175 20.916962906462757 26.895504583816166 59.509855336416635 95.63770577861901 65.9706947505301 45.71505242448148 48.57747548393542 71.84600117209598
