0.0 64.97039341989712 43.38056412938696 54.406538595814084 28.16378028181928 19.24643483373357 7.424775292007896 29.57032292108274 52.17018278947425 58.65826707767623 64.1130592416299 8.741185682043211 20.714144426262816 19.369380186626827 73.00619046633018 52.13243547473094 14.027401095244786 45.43313537656547 27.069884012598127 64.51682457158925 3.793116592092041 55.768407780492474 39.67560785934337 68.88585427389 43.328009164298905 23.311906275231706 10.518250362475921 29.818926712304243 17.653556880029136 53.18083886006705 63.04178672344083 11.655122103568491 13.422566053645449 25.73975234682442 69.62710409982026 39.70111195214076 9.982013677336502 53.87046379969335 21.392188839714937 60.42236462983013 81.59389110355438 66.98432529963117 53.99020770380414 44.06462460633781 39.58719082371231 42.32382467092152 51.12897920031509 63.52751226928877 77.8204538527157 93.13971860633248 75.69052668577915 59.68786666778001 44.66472238283575 32.03035785900472 25.60587089910166 29.733614400610026 41.366960572863896 56.00958337296716 71.84449758338378 88.23208394432739 72.11324460005665 55.10285944706478 38.35418025795965 22.460501303607963 11.688372251813929 19.169635482325685 34.598334565304796 51.23795015800381 68.20794139702683 85.31138232591036 71.21350475148576 53.92548963260429 36.65060952946712 19.423941394239876 3.1662901529143967 15.539461413392837 32.73588096179051 50.00514490840562 67.29119337563058 84.58373642823386 73.0902682062372 56.36970108319366 40.144879637155675 25.384873233879084 16.60977074725512 22.49643186408395 36.537743172152176 52.56078550365913 69.20244169492383 86.10477319765664 77.54217127113473 62.008673356279864 47.7081947826169 36.13553873327532 30.564546484990622 34.07807031362262 44.57743019662582 58.40966291377083 73.72204007304819 89.76022891759291 84.16149207768724 70.07528813525033 57.76364890060438 48.59461009325906 44.5526317375585 46.980226992090195 55.02772329064759 66.69079997746985 80.411312272222 95.30477086418912 92.48392998615144 79.83695436875166 69.23364815656562 61.736160947315874 58.55002884182131 60.36186680120446 66.76601551329804 76.61947186342256 88.78109532336168 102.43202175953525 102.09372665396376 90.74819274857187 81.52317283963936 75.20311622950746 72.5512055705856 73.963057855197 79.22170272856884 87.63737899610881 98.40340425623201 110.83698614824573 112.66181793448487 102.44220332671907 94.3122560203852 88.84748201580602 86.5541755057402 87.68153937168908 92.10405098479423 99.38277959914187 108.9467501360643 120.25193828026977
64.97039341989712 0.0 54.63183146044124 29.406666457235843 62.91657160499959 84.04756089242211 58.3569147985684 55.15828735873671 16.0406320231898 6.431413736085372 93.55997366521926 73.64448422612173 52.98687622553327 84.32458792146103 14.695437696262037 32.67348057811157 52.053497673944165 38.964219460525705 40.14052887682966 6.928789073182881 63.19713564995678 13.350308279628852 62.96802095972564 34.99601034818148 67.68536074405537 87.49293502609186 55.48539058575247 57.604115048905186 56.25858803909025 16.04327764221278 90.36535955940032 76.5392308706536 54.11632959756296 88.96802673811465 11.44907018568057 36.110286275659625 56.25858803909025 21.043908906364386 47.35431320742948 39.93184898574682 143.21952006247068 126.8826830688514 110.83908839919847 95.23704998861372 80.33425037405941 66.60174018222564 54.92445472775765 46.86473705058367 44.43664422990783 48.493618569331254 139.4318062264243 122.61126287480846 105.94585396644737 89.52226066465514 73.50275729108895 58.221855839932246 44.44797699289162 34.0612655871992 30.71523988846681 36.40592125991976 136.97953228806614 119.82818293110654 102.72734197247703 85.70724799215829 68.8278296446405 52.22566528416613 36.28336121092783 22.453433874983162 17.045330458267827 25.993116275766546 135.9350274602262 118.63827326957596 101.34328608604923 84.0511566940752 66.76410566364996 49.48745522943893 32.23793110093099 15.10873041708181 3.9971020163370197 20.059747526011115 136.33066769147428 119.08931623837319 101.86850630611514 84.68077088673914 67.55136108873398 50.53961671756404 33.82354767075826 18.235266441213113 10.942145740234746 22.486645163134448 138.15407524779843 121.1629809654411 104.27414866147576 87.54678106941701 71.09493896295723 55.16568218323799 40.3822400252892 28.581616510301902 24.531672780531366 31.39120594487512 141.3499811469408 124.77836697799016 108.43510041128023 92.4413737297425 77.0152620811795 62.577951792640626 49.9935590708583 41.005100750531305 38.23855472673005 42.91459295706501 145.8281321291776 129.8066685036691 114.15953136200699 99.06425368971153 84.81600358046161 71.91997576417829 61.23652268899899 54.092890983086185 51.96989845699886 55.447273902671355 151.47478634861042 136.09129480336006 121.22608024761176 107.09517698287797 94.03022771593012 82.53897810548351 73.36466779438774 67.45930955960985 65.71023363150042 68.43685815093248 158.16476665702362 143.46715597293866 129.4149869481018 116.24257148001311 104.28381742378974 94.00306539768498 86.00418947910617 80.96633552476426 79.45474778432448 81.665469933858
43.38056412938696 54.63183146044124 0.0 27.25215570977469 18.332089548866946 54.370878158473325 37.20602124841409 13.833709920944518 38.8607771926823 49.22537307992919 38.991068820484955 49.57167781805746 23.216677509632248 56.99909926342506 53.148028124234635 23.486271766826842 42.439509951245086 15.753854679995873 27.763968334409633 49.67974500391322 45.232019449963886 41.2824345434969 9.9582923731014 35.61406394604672 13.530253143971287 54.67042240342802 35.01698915701597 14.08086708261919 25.76818839480305 38.637240361183665 35.900976813825714 51.80037689869813 31.596330311904612 53.65058489662387 51.45973308138323 19.71479420941626 43.382864487842625 33.959138110363 26.366364080581945 24.311984646195125 120.66863357915898 107.96133737494243 96.69056719657982 87.41375968096418 80.82047487225144 77.5977906654742 78.1637336267198 82.44031521936874 89.89953321883229 99.83051012882187 112.03262488670838 98.26109209018337 85.77802292412748 75.22758824729415 67.52188289201727 63.7017513442402 64.46173592700043 69.65207457399349 78.39771301131321 89.66429131654773 104.59059656380431 89.72462228458876 75.89811822411995 63.79061378758006 54.558794127196876 49.82753433339258 50.8685157130556 57.3683724356318 67.7743017142478 80.58711647351534 98.61335470382579 82.71318044143581 67.50595595453859 53.58493573644659 42.24149576506129 36.000694009626166 37.50284458576489 45.995479267107 58.50993293528753 73.0064912811616 94.37970602778977 77.6411402031656 61.21662920839452 45.44794856443817 31.341149680872295 22.30987663506793 24.73671007199616 36.39766960202852 51.34576104483375 67.42918729749007 92.13039737566471 74.90359662925476 57.72175296535541 40.641924816516095 23.883983130880708 9.372115962331113 14.280818430263372 30.31105907876212 47.24713896019102 64.37808079910526 92.0111045181127 74.75749196627734 57.532905983534775 40.37451364554891 23.42820626304884 8.147009308972859 13.51221995250754 29.95830153391789 47.022685896659404 64.21432521220119 94.02993632890889 77.2175395642829 60.680965057256465 44.72719796521101 30.29152635658851 20.816880503081432 23.405556443535872 35.51069197672175 50.723860564510474 66.95911013530787 98.05489006737074 82.04962443185423 66.6950386264105 52.56446889452278 40.94540887397872 34.478073184586876 36.050748372035045 44.825029736044684 57.59876759482356 72.2818142476068 103.8529244834504 88.86759221651816 74.88771767028287 62.59068507796564 53.15749945722438 48.296458752512656 49.376901452490316 56.05632128119397 66.67267958878847 79.66733044862049
54.406538595814084 29.406666457235843 27.25215570977469 0.0 40.56361409556087 70.98435471472813 46.98359200848533 32.814645663308255 16.056093585374857 25.336734648447738 65.24476430378435 62.730752242077905 35.6732943663304 72.51979886436179 25.897161012739996 3.7663735949347856 46.01834346636001 12.155732894638335 27.92880426029813 23.444622991355256 54.36189611053832 16.787040875086078 36.77075603350903 14.938978319272204 40.78092318549608 72.97420068644008 43.90815501769846 34.876249644888176 39.44297460245489 15.084290768532517 61.8976607135453 65.53035000357394 41.07212585442192 73.20846621010395 24.353514709634513 14.871842029436088 49.15696149700683 8.80029119594103 33.037839464062145 11.858516435379949 135.9805664418426 121.26772667779503 107.32986443433137 94.51047163263912 83.32736573519837 74.52088094193911 69.00699020038493 67.5962933969216 70.53541131846654 77.32994764652184 129.46175791829543 113.94482600076223 99.02120684895648 85.00396969659617 72.42133489360741 62.15081702502078 55.49142088367561 53.8012170151997 57.51994035797976 65.73595326028232 124.1962943887456 107.95330801482116 92.09679511016758 76.86630220587695 62.71955793262344 50.57433407462949 42.19584546369833 40.02400866025405 44.96730981085363 55.144377968487234 120.3488758445086 103.52468608963183 86.88831688841351 70.57272038383942 54.86481916550427 40.478366701612735 29.420370982033077 26.293127538575895 33.40372961143743 46.249324506298855 118.05827957263119 100.86510084384807 83.71674044760546 66.64780239790043 49.740118296514964 33.24066849856568 18.289821943357907 12.759545509998878 24.28594834340917 40.19354976445213 117.41568779430256 100.11567473148965 82.81646276472371 65.51868644874281 48.22389070019926 30.93707461525398 13.688503512929552 4.0449057203104575 21.072754621499598 38.346763925766275 118.44793446378557 101.31881398590266 84.26033104376053 67.32619949957962 50.64132030169063 34.56851075980792 20.59448911311403 15.874396333254415 26.04942163461838 41.27784766050324 121.1121884981118 104.40702233131135 87.93292791774226 71.84902715571243 56.48960068281213 42.64477293306767 32.32317625028259 29.49081515519285 35.9630091253902 48.121484426340245 125.30435613943338 109.2204740125569 93.57214697410836 78.61988237878509 64.84697056523571 53.17779375102013 45.26953032217128 43.23757016358267 47.836691382498856 57.49708759470541 130.8776404568105 115.54368959557702 100.84854638397121 87.11608392969244 74.87785066506412 64.98361817408288 58.63229836692508 57.02034604176462 60.52760513871012 68.3707523363484
28.16378028181928 62.91657160499959 18.332089548866946 40.56361409556087 0.0 36.28529580015853 23.811601353812545 7.923824722813636 47.04452389596274 56.72501831307538 38.77012789140184 32.74887814250975 13.322225458141576 39.11438829205589 65.2301827070483 37.0718625257667 32.25034758320679 28.561528976294838 25.561636950124893 59.51519451277077 30.913715599688214 50.26890895753687 11.748902349827624 52.01277938648592 15.180045225876375 36.358970712841085 22.818462214053817 5.690452784629573 13.017283249047004 47.363498792007775 36.92989663983914 34.636017657010534 20.033962890996495 35.3342339755585 62.778027444371396 27.486909227877586 31.50632602649056 44.629682497588064 19.764988439197232 41.25193474549432 102.43833896955122 90.06850466276595 79.55972151971949 71.73461200532905 67.53259469488466 67.63238609148847 72.01610560260784 79.98244056856254 90.59113448664716 103.0291609719986 93.7005402679131 80.03972363448901 68.0560301620339 58.78425718278782 53.64936451622659 53.84811512841354 59.32692864284325 68.83639437710798 80.96859692905701 94.7210533904832 86.4007799893553 71.39802518493825 57.69720373641206 46.46463966260954 39.84550489478976 40.187956940818076 47.34116187043923 58.87279025808602 72.72916443611228 87.81664641464738 80.92924481425841 64.70174777234745 49.211788978216255 35.44001545118904 26.246899380001153 26.842415504272275 36.75379333211526 50.79249835981828 66.3899462724865 82.66851004789014 77.67334140890321 60.59938021526814 43.70508892254538 27.325770096997495 13.489759948956676 14.695663781897478 29.131845855078662 45.60788693062956 62.531650034542544 79.61813964297872 76.91500537672187 59.628780821547174 42.35538354807309 25.12128762271504 8.178828230301518 10.070796080622214 27.104652723347506 44.34655598677107 61.62211794153812 78.9092350386889 78.72645425131584 61.93736911172245 45.533866418561736 30.151956729777265 18.538074423478204 19.413709514656237 31.762182481703384 47.3232771473652 63.78762488914778 80.60360924345848 82.9394573281645 67.18794118620801 52.423222184146724 39.76025568269862 31.81619971414643 32.28578822152795 40.880100323469044 53.839595172475015 68.73812871082721 84.5568896859559 89.21437820610758 74.76313967759837 61.7944378682168 51.44202338425126 45.52707666671457 45.80230748944849 52.169835676247466 62.80315166567752 75.9307821980349 90.47339516398581 97.15242801683723 84.03657037156381 72.69382811489226 64.07290166999866 59.371520169688104 59.52574806446309 64.5007639841033 73.32174999857399 84.79685187193876 97.99811094017468
19.24643483373357 84.04756089242211 54.370878158473325 70.98435471472813 36.28529580015853 0.0 25.730130006202288 41.246894230480926 70.71126302638093 77.6929639090647 63.137954008929334 11.124480816198796 35.37880591844071 3.7837591944949374 91.42731577250929 68.24277663910776 33.10337310931857 60.62534907380307 45.092320240999086 83.27151802488198 21.788445465705994 74.32116535247764 47.59970200120204 84.75019308012301 49.50078982425814 5.194173815283676 28.700846683669226 40.388926435668054 31.63131481481245 71.63058358244031 63.15140401762548 8.689506952164535 30.663367148723054 9.062881835270883 88.16694089017669 56.12083935016233 28.892710218657758 71.66329925215774 38.49541000999035 75.16290564251743 66.36446500122537 53.8298264920938 44.6067659287075 40.99490522396443 44.385879323316594 53.46340480685246 65.9186647692582 80.19295740552319 95.47384883212008 111.34768315894998 58.60819061668105 43.963177506749744 32.082892436711425 26.917894405767687 31.9146382229852 43.71756246735441 58.33195046248695 74.11287110120864 90.45180441723096 107.09365164690574 53.54848337115082 36.98481129360841 21.61076710345782 12.840834726999656 21.481657559063382 36.83407362475149 53.392407151256116 70.30975818695663 87.37784527261849 104.52285102270845 51.978942740166765 34.68435017879885 17.40435010985417 1.2378427397724208 17.287761654754387 34.56753893316356 51.86209009711411 69.160332757061 86.46005124550081 103.76050738196072 54.203631033333046 37.92290825970055 23.17267303373318 15.313753007416516 23.038266814337685 37.75877243018047 54.0314769744351 70.79398677575388 87.76610435760965 104.84608736392236 59.800552620619996 45.533519335444986 34.193654810040414 29.39081544224744 34.01681043778538 45.26782642513002 59.49721155659005 75.0291251019185 91.20049561717138 107.72372322135672 67.94128958993278 55.75354988020614 46.89991611534561 43.4678070918246 46.66907637300998 55.36478519793228 67.46273419304296 81.4609469852731 96.53629150030355 112.25564388144181 77.83159396925124 67.40625363449448 60.23409633917863 57.54465238595605 59.94434917786459 66.88766928338735 77.15758504189752 89.61764826261432 103.47970889842495 118.25174311531623 88.8892576594282 79.86685812278854 73.85674180806544 71.62129557447948 73.5057142967643 79.21652904518662 88.01201792152332 99.07401530101949 111.73134788946734 125.5022552703585 100.73044176531671 92.81038810177925 87.63328066428232 85.69768444779884 87.21967587024784 92.0278658748581 99.64768855882939 109.49371247382606 121.02380677081183 133.8033184796427
7.424775292007896 58.3569147985684 37.20602124841409 46.98359200848533 23.811601353812545 25.730130006202288 0.0 23.620805223203444 45.07874865536413 51.984924842173356 61.641643535157485 15.969542553048456 14.057084954638611 26.366939186963158 65.87207859601956 44.73331114211368 10.342520145702823 38.160716790363615 19.729382476098035 57.56573364989181 8.107349342088336 48.68626335470638 34.688988521353394 61.48815734130641 38.84787726490783 29.190669077345113 3.108539789805922 24.29823204863043 11.62236783128845 46.04474220062305 60.193420300469455 18.85829152564482 6.116489116462194 30.99718291735201 62.547233420155194 32.2976643409001 8.033226292613 46.532050021805134 13.98595944795465 53.164552802990094 89.01797435279401 74.36780453007418 61.11992608041064 50.39270580542642 44.06709263933317 44.08057315873907 50.42806388659276 61.168511063056016 74.42370781449587 89.07802335450565 83.00621330632771 67.09050090135756 52.06677036136 38.98039560513517 30.44180198764446 30.539233390076408 39.20836192610459 52.351274242891016 67.3997447011622 83.32769442169648 79.08818149271136 62.20089263869544 45.62536682246084 29.884939513833768 17.41429244178205 17.666861979368264 30.326406028341495 46.10831001494543 62.6974805052014 79.59073017866041 77.58180093915723 60.282888043915676 42.98640413950351 25.69725445941707 8.460521770971798 9.029150929074921 26.271358935936544 43.560953044663286 60.857559562931506 78.1565229378159 78.62582891036617 61.614651728547166 44.82658200215432 28.656454961382867 15.220879689195227 15.520011490914536 29.133814467885706 45.336523298785586 62.134807916218016 79.15037065817502 82.12303896239845 65.99973389455882 50.66010583423658 37.089592548749884 27.991776133038734 28.109629846480953 37.35603234424266 50.98534219023143 66.34943245663446 82.48454012497685 87.78066690132142 72.88907524146245 59.32027116939221 48.20453638350788 41.55918140035086 41.58556557043665 48.27275052642239 59.412650987297596 72.99433694180556 87.89305335433416 95.21430097120121 81.65114128427605 69.76212124145461 60.541697787089184 55.34021779597468 55.30353663630116 60.441058455938716 69.61652716125894 81.47698499865204 95.02229337604531 104.04387051963579 91.75085974449114 81.30193101431668 73.48794568859638 69.20724520416343 69.1194463841651 73.23962998708883 80.92761818558562 91.28639450554496 103.51725803038028 113.94521497338651 102.79458361914784 93.53406270777334 86.77093644473322 83.11708606814634 82.98424333400948 86.38865288496267 92.94242364469731 102.0405259607438 113.07043744001405
29.57032292108274 55.15828735873671 13.833709920944518 32.814645663308255 7.923824722813636 41.246894230480926 23.620805223203444 0.0 39.225999202803166 49.02402501919157 43.434851463609625 35.80730927212016 10.027401177501682 43.64294168057024 57.31203407879551 29.40183692086127 30.00344660495227 20.96417814681109 19.312347500901623 51.63073010485275 31.54812402794444 42.407735847468025 12.216919210761004 44.81467249938362 17.23119489303346 42.09646394130107 21.688846220627482 2.4733354329621475 12.039664838507024 39.50739920456077 41.11038376221565 38.10699024157447 18.355973932847892 41.601579560583225 54.85458030316959 19.56617030449024 30.322694514472506 36.70599269391547 14.988781027637064 34.41600304445422 107.60303603518398 94.48384678018834 82.91365185205338 73.62637059914293 67.5699907885283 65.6449334396839 68.20193062569398 74.78263046593563 84.45159987295926 96.28289591533552 99.51835634950679 85.20770496105261 72.21844078506498 61.395063847683204 54.05464837756507 51.70257854903425 54.98280383068676 63.02191108313897 74.2907417311088 87.55094407283546 92.88528198712893 77.39488222077092 62.856714697068675 50.10660610732626 40.85442415852021 37.76509732220314 42.21407091130878 52.31213620899376 65.49654961308815 80.2604699226937 88.03265685319383 71.52663773641684 55.50749465838346 40.556316953220424 28.412295764238 23.84141523959792 30.467662117624396 43.43793979282446 58.68680955883342 74.83407942321351 85.26508652302508 68.1075753756979 51.04764242118734 34.23148987999412 18.342331680869925 9.99001967095945 21.491230397781006 37.718146885052356 54.60913251753277 71.69636834336848 84.7870354612959 67.51089080602664 50.25249140795166 33.03965690146184 16.019940193533166 4.513486415318989 19.565739332238437 36.66030921571127 53.88740027264274 71.15081914266847 86.63641867872659 69.8090017491713 53.28636228254039 37.47383196017488 23.829640254484495 18.169409015036678 26.28906787384744 40.630219686984205 56.65003451323902 73.25537567486998 90.67090728941197 74.73530860305961 59.56700289034914 45.932536102635765 35.638132253375346 32.07902159430918 37.239217777084015 48.406235270821035 62.436178964889564 77.79523013974715 96.61710162054943 81.8163740955345 68.20320388469814 56.64042880979277 48.61381014842009 46.01271676822285 49.696487577298015 58.4894422651987 70.50526250724691 84.3781513872318 104.14799961536364 90.54799290625564 78.42045749413154 68.55139113797622 62.0283341682842 59.95357530588883 62.7697704615481 69.88814574118997 80.17080320062769 92.5692086797887
52.17018278947425 16.0406320231898 38.8607771926823 16.056093585374857 47.04452389596274 70.71126302638093 45.07874865536413 39.225999202803166 0.0 10.365802134706724 77.85070879349135 60.9069892706454 37.82730326204971 71.43599769910199 20.85062277962208 18.464686169554945 40.621080424063976 23.410067410734463 25.727217461395654 12.818409628476646 51.00803955420025 3.6099080000476595 46.96819046939998 27.188609761627987 51.74135311140383 73.7137009504326 42.04142981149025 41.656294813444845 41.297998680124415 1.4273029022041268 74.72728003732665 63.819786247739664 40.142927953314164 74.81526184619447 17.468549524469147 20.069729584721248 44.54583463412101 7.460031435105599 32.74370943797748 27.835298824610046 132.65129228119125 116.92989864693483 101.72284585725639 87.29933481680338 74.11822089345206 62.96465513636032 55.08434663084163 51.987719804300156 54.49643196205846 61.93302432584844 127.70903576512994 111.31815262432436 95.25004373639783 79.70016938861814 65.04129157888971 52.03199651140727 42.22551542397417 38.175464448874024 41.59861127714387 51.012050298923434 124.16573506139947 107.25368682477205 90.48915735414187 73.97251210350326 57.91621691982983 42.84103762666708 30.251140719322706 24.36430200116168 29.509618711351283 41.79385921721904 122.14325187341849 104.91654136840037 87.71944131468595 70.57360111112499 53.52830111647573 36.723805963492026 20.753551163215498 10.559114770723573 19.773542449880026 35.625891072508495 121.71744986286163 104.42279525111601 87.1310294122775 69.8442979510914 52.56756773496814 35.3155199638006 18.158641868557478 3.316647428055368 17.058064874662794 34.20041748032875 122.90493122901805 105.79826731754315 88.76731821795165 71.86593330010905 55.21322417589971 39.127995706971184 24.742921039288756 17.091998257857767 23.89085257414712 38.05419081220169 125.65995134636493 108.97218039316468 92.51031152083895 76.42047033780828 60.997768374533116 46.904969010171996 35.75099159796374 30.901449705370844 35.076697376289 45.87546964367102 129.88276075449627 113.79410608108532 98.11915915168316 83.09238222034801 69.13770570617604 57.04738814900909 48.244071305491396 44.71331026574502 47.64214091568257 56.02651911755657 135.43607776016302 120.06558784234852 105.2960415911019 91.41916720299513 78.90734222100997 68.51255321466505 61.32102418558525 58.52574505351693 60.73676340362751 67.46364051222066 142.1639937043195 127.5729417204034 113.74444027149431 100.99221656762921 89.77608703654505 80.73878672775277 74.67560139471075 72.3382823130949 74.08033892605013 79.63450273446344
58.65826707767623 6.431413736085372 49.22537307992919 25.336734648447738 56.72501831307538 77.6929639090647 51.984924842173356 49.02402501919157 10.365802134706724 0.0 88.21587879263475 67.3517151383624 46.59637702732893 78.02304394231669 17.713937176258572 28.24470231168855 45.90148873476767 33.750015267551326 33.71219491780913 7.92860816383104 56.96302069980958 8.55434950666562 57.23519444100467 33.41975512915422 62.055336148323526 81.09856470000491 49.09589833303474 51.48169292046729 49.845718136360155 10.730837938904054 85.09242459323832 70.25219029371797 47.69399913152113 82.54936056608341 13.97861472355215 30.253210841485657 50.077734296053556 16.58330663802532 40.927742654851976 36.608484668993206 137.3815870459136 121.17067809907003 105.30750028013343 89.97616135618465 75.50134583379547 62.481200744281985 52.01972014312562 45.901042850878845 45.89622859880181 52.00697528365646 133.3550954426006 116.60708217354016 100.0477412730135 83.78901027635806 68.04670999355858 53.2805783331344 40.570852873380495 32.432652791362585 32.50336321330677 40.74026340300695 130.7169521722662 113.59465373959826 96.53642435512396 79.58347311107242 62.82108924324503 46.45601587705788 31.12146630272862 19.433013526292168 19.632892319311512 31.495571167349247 129.55203883534108 112.25838244524445 94.96773993137548 77.68212382362425 60.405849314870665 43.15013831705986 25.956035478114153 9.176636329897436 9.66535392791793 26.482843774851936 129.90001298334263 112.65794761943123 95.4375505632948 78.2531281175898 61.135024084693484 44.16042783395605 27.59544727164347 13.099127481411987 13.430512962560943 28.06925939727731 131.7488827664969 114.77521624868443 97.91651152737428 81.24436598678258 64.90270864706326 49.221814118849885 35.09876338160711 25.293679191865962 25.42298238987282 35.37791218432823 135.03698766924694 118.51813709552839 102.25857542250547 86.40480495648865 71.22830222028946 57.27004802209399 45.66127910489838 38.58436295177912 38.61684043511749 45.74357126291392 139.66266707922608 123.73922694109287 108.23969976130346 93.3754225557107 79.50350359250668 67.24094915156412 57.62450881045179 52.13946108434205 52.10722984806962 57.536979556351504 145.49834189364455 130.2607941146661 115.60568404993428 101.78490358767394 89.1871724246153 78.40427007113192 70.27659723969509 65.79561830363166 65.71163801498957 70.04047449553738 152.40500294276384 137.8983669962344 124.11010137199345 111.30749233583256 99.87032283773328 90.31881234915393 83.30412529992431 79.5006268374836 79.3713108815184 82.93336640029212
64.1130592416299 93.55997366521926 38.991068820484955 65.24476430378435 38.77012789140184 63.137954008929334 61.641643535157485 43.434851463609625 77.85070879349135 88.21587879263475 0.0 65.40632519131711 51.942258493148486 66.87186575542773 90.79217814946419 61.577520041961876 70.84463076799351 54.59649407431235 62.69806052755511 88.36478688373973 67.53006080519546 80.21303922190755 32.03385387068081 69.38565552754862 26.836810638210082 60.13543874477895 61.20547843544512 41.27385677382182 51.726057551634185 77.60669927127488 3.611663163965143 66.0911013605128 58.6804313732312 56.82558446275296 89.56885187048499 58.425471964200824 69.6283533357659 72.70095386090482 58.059651038776146 58.545456023880384 121.04100385237778 112.95152499140552 107.06927983022997 103.77030245064702 103.30238119349686 105.70311987854134 110.78618346108213 118.20604316668818 127.555557060204 138.44433152761997 109.11931124646306 100.13340767566095 93.51496749721137 89.78905015194816 89.31837703718331 92.15284040190511 98.00609205421381 106.3809979880249 116.73608676432558 128.5938790892067 97.79461772507833 87.71648810813024 80.14526320076388 75.83554601128357 75.34907273574473 78.75672278263534 85.5946604798411 95.12600233072281 106.63091781133214 119.54093375748735 87.29975672754682 75.89814992111633 67.0709034448717 61.928816453297095 61.404770309418396 65.6095162096301 73.73850221382183 84.6688850226343 97.46265317373779 111.48010013621851 77.97071619507433 65.00590409352327 54.50509422704255 48.1097263882763 47.50777827318934 52.8974003766161 62.753355954447514 75.34278430717212 89.51977076184174 104.64103551466678 70.27349722343331 55.58704358960879 42.89735053508492 34.48411541229777 33.71696922298002 41.02708954309057 53.181936821822035 67.61747552780585 83.15428945150552 99.27666884162855 64.79243222910718 48.50774084737365 33.266415725007626 21.424746285654074 20.25085027286314 30.982026487911355 45.917173682255935 62.09347435729664 78.7497563275534 95.63556101467427 62.11704856949934 44.88900321016956 27.75303555654379 11.142389473890463 8.76288713601259 25.06266198779903 42.16870104776676 59.38834193156717 76.6450549865246 93.91840734154565 62.6081032953622 45.56302559702945 28.825634352853154 13.585222895288515 11.700963950416025 26.229373317090758 42.869111057120605 59.88534488524993 77.02896579984214 94.23047173457906 66.19515863648051 50.357721639928585 35.89863767798551 25.30286944308865 24.299571468185803 33.75520851049447 47.82332052658319 63.509344409396846 79.86560351559922 96.55207599490029
8.741185682043211 73.64448422612173 49.57167781805746 62.730752242077905 32.74887814250975 11.124480816198796 15.969542553048456 35.80730927212016 60.9069892706454 67.3517151383624 65.40632519131711 0.0 28.0354489654216 10.688165954810726 81.73880917695845 60.30845841008456 22.13057325780318 53.273341987524354 35.69868142309009 73.25556682528105 10.743250665287102 64.50645443867613 44.4976087430201 77.03090494251911 47.45625452184212 15.824384517359794 19.074546643524798 35.57294435118193 24.557977037233083 61.911346997787895 64.80501758396339 2.9139369015894 21.66894764963284 18.96415692465346 78.36612158105652 47.92449198029348 17.881968487395156 62.50144022986532 29.709837658189247 68.17636795706788 73.28542304887883 59.12800860613468 47.118957709316774 39.28075296118041 38.268335925781365 44.54952434775527 55.70961594204307 69.43463905607315 84.48362857266896 100.26217879201548 67.03698135057468 51.21851401201754 36.76175090637687 26.04279794764911 24.571104235181878 33.585143216707586 47.44360198783126 63.02808689294303 79.32776908658211 95.97896124737501 63.38654746797461 46.36174889458028 29.659438066544205 14.445273188593356 11.677444659548021 25.744371331896616 42.283516197026564 59.259868156286004 76.38246756301895 93.57106322639918 62.788952948200404 45.545086641949105 28.37200613127407 11.588790118217462 7.895751433289102 24.271366562054993 41.40735549010395 58.64087697483419 75.90552895454795 93.18400994353739 65.32803824336479 48.971080437522154 33.57518122921953 21.33379494646482 19.53665160558009 30.11548840706569 45.06569055195127 61.26664855142243 77.94228583616172 94.84255139341576 70.66646777563369 55.8645016377791 42.97259411620556 34.22212111290362 33.0812897034271 40.203212682663725 52.3157081394876 66.75534999361743 82.30630968414862 98.443328373105 78.23319963108396 65.13349423305569 54.43357049052394 47.77403165600954 46.908480939445745 52.1263469512894 61.908072881773826 74.47661316329989 88.65452784448958 103.78433255965413 87.45163285640359 75.91270835171156 66.90580007425498 61.552647971735475 60.82570555022429 64.88065993531895 72.92413322160117 83.81559504605133 96.59645093762649 110.6136984653202 97.85597369921882 87.64657717152001 79.91707992792516 75.43370010771667 74.78257038424368 78.05964916801096 84.81079587341445 94.2927337514671 105.77359997988671 118.67466258305829 109.10736243288305 99.99947134656313 93.24187373666796 89.36931678465139 88.76022512225185 91.47980849104528 97.24920655607217 105.56957898002807 115.89279033495242 127.73416423071039
20.714144426262816 52.98687622553327 23.216677509632248 35.6732943663304 13.322225458141576 35.37880591844071 14.057084954638611 10.027401177501682 37.82730326204971 46.59637702732893 51.942258493148486 28.0354489654216 0.0 37.14029615172178 57.69924405840677 32.8656422966183 20.01690501699484 25.366181715847745 13.333333867099782 50.63997823627437 22.14842710210038 41.330657736397775 21.99189243960276 49.4005238387118 26.743473439173144 37.319658671975986 11.807307522823798 11.345217495208713 3.7701340341757636 38.45584316173236 49.93142279066714 30.642746803153603 8.405272645889713 37.74861886469159 54.77412295242217 20.869724386811814 20.329382108424358 37.243357477704016 6.627103632487813 40.1732897686467 101.08606025080684 87.16344809041317 74.66753088501589 64.43378022200517 57.67913209230949 55.684386539333836 58.93486158252247 66.66770804020189 77.55351095123886 90.46109222260178 93.96322901361614 78.83224899583237 64.79709572890543 52.74001143643864 44.30642228959879 41.75301623039616 46.06815311067416 55.67710621207514 68.38355533035771 82.77310059012825 88.53337332700079 72.30580570144708 56.71693490878832 42.475895454605364 31.46907221155942 27.840853777057905 34.03870729355113 46.269470186977706 61.006589566224555 76.82092092334703 85.12117885219634 68.10505828320434 51.28055683006767 34.92570291828156 20.214514843898243 14.005754778795517 24.13313891698837 39.59000241928918 56.13413275034048 73.03030944883226 83.97301685599241 66.67113465940427 49.3692863781908 32.067526908939314 14.766168442198694 2.542986967220737 19.83954230348292 37.14110524408318 54.442901856318606 71.74476308529603 85.18050468209267 68.1788530406475 51.37807166370389 35.06806404327844 20.458362728722335 14.353839809547866 24.335847036008904 39.713307676165726 56.22075047644 73.09658941155335 88.64741747938402 72.4447615126053 56.893163386880865 42.70983884874603 31.782673796120967 28.193192398731675 34.32613532715001 46.480326593234054 61.16590290956365 76.94689286788861 94.12437354664077 79.02337641973098 65.02841885192042 53.022649957727864 44.64092820912742 42.10615687698449 46.38695220952526 55.93992435066979 68.59668978948838 82.94842660535058 101.28575066985391 87.3938979389609 74.93518326119056 64.74232131559525 58.02200301620335 56.037805850651296 59.26733266307019 66.9604057878604 77.80407027429605 90.67496316334548 109.8023743657481 97.09388070492223 86.00332242350275 77.23089284383464 71.6333699849843 69.97683992527827 72.5318281934112 78.89019977646659 88.23350092100365 99.72626180061931
19.369380186626827 84.32458792146103 56.99909926342506 72.51979886436179 39.11438829205589 3.7837591944949374 26.366939186963158 43.64294168057024 71.43599769910199 78.02304394231669 66.87186575542773 10.688165954810726 37.14029615172178 0.0 92.23870275759799 69.90722133780795 32.744189295595994 62.4973137266141 46.023894487869626 83.85783025452602 21.348460758715692 75.04153497046747 50.58883272757477 86.52449236031575 52.69928108831936 8.36486526779039 29.434001081318627 42.94472170968768 33.4504665190612 72.41065450110459 66.8455328483413 7.8243725788647795 31.72565318189782 12.402245144531323 88.90392859979013 57.65114109961766 28.479991378489117 72.76585975753845 39.703806396585044 77.19454225280613 64.06411317626605 50.98029744159024 41.13973326896429 37.211172727395805 40.93375006242754 50.64759825201459 63.66705049914943 78.36143328043754 93.94808102386891 110.0485185088343 56.94644837982769 41.73268643444718 28.966311874782082 23.13413717591018 28.810420940760046 41.51630257319667 56.70870635579025 72.8482144348019 89.42347727901348 106.23071685473482 52.75822566408743 35.836444674096185 19.5904149834028 9.057105070262583 19.467694932277833 35.70244165863149 52.62177054685407 69.72912111351556 86.91353823031656 104.13687687280839 52.20933170227228 35.027106653229566 18.074721692897505 5.020598384279527 17.95635631409192 34.90513624242693 52.086656834612654 69.32809375995748 86.59366506072159 103.87133653217147 55.40803757860231 39.617675801895786 25.841471598518126 19.097509880262795 25.697469208047977 39.429896963943044 55.20675172727512 71.69076585405814 88.48761603718184 105.44791266704007 61.77486873711558 48.08567339242491 37.51050195150162 33.174564363203935 37.319885821415866 47.78811806028093 61.42754081599423 76.56167126255575 92.4594204777284 108.78652286125241 70.4560503382052 58.77842168837449 50.442574376911324 47.25152262245169 50.196235887958224 58.35512343640008 69.92625681329136 83.50296389399203 98.25737220453924 113.73205367005201 80.70809219505081 70.69339819731353 63.874972124645225 61.32831883928621 63.568926622437225 70.1394987485657 79.97990528755997 92.04735915266856 105.58097610763956 120.08606836724942 92.00725887849575 83.30768907161668 77.54799856113887 75.4048987383828 77.18025056493084 82.62184366935217 91.07487400857922 101.79185600983936 114.13683399105504 127.63830712472198 104.01271969081792 96.34686645194142 91.35352064234816 89.48121050687477 90.92294856256382 95.52880381463945 102.87466346131356 112.42470656760877 123.66934604444945 136.18947791218852
73.00619046633018 14.695437696262037 53.148028124234635 25.897161012739996 65.2301827070483 91.42731577250929 65.87207859601956 57.31203407879551 20.85062277962208 17.713937176258572 90.79217814946419 81.73880917695845 57.69924405840677 92.23870275759799 0.0 29.662161436163544 61.35734984526681 37.76951552826309 46.34177274404064 9.823822914698138 71.85377021791038 17.27611997253239 62.58191033519549 24.827440035107273 66.6749335567375 94.27737401691202 62.815447417953166 59.586775005873854 61.32641217038644 19.829471221180935 87.37062921801285 84.65036061507168 60.78453552047507 95.1954930919235 3.7628604206290457 37.825911976382756 65.33964883236736 20.664784666536246 53.15964360942949 33.114844906339904 153.37800779216474 137.50893879997525 122.02991589759732 107.1101752737989 93.01922419627503 80.19513478454574 69.34436074149872 61.52006372678271 57.96113582546673 59.438753708405365 148.55780345750327 132.13625666295607 115.97096066216868 100.18603268180858 84.99366216408261 70.77646577639736 58.25287670093655 48.746191816653166 44.245777493084844 46.23732769093484 144.9350295723046 128.0687635441032 111.33625941696197 94.80836562794386 78.61424039008254 63.0117485735053 48.574388227571575 36.70382803412701 30.55453911227449 33.446940005261986 142.6010309577151 125.43355645400042 108.30887489806754 91.25108175368112 74.30625615208494 57.57422798518707 41.31435580399374 26.413490976911373 16.9464231733081 21.80372110097017 141.61957599389154 124.32178650507346 107.02533558695393 89.73099730724861 72.44028479081194 55.15660799907226 37.88959638108825 20.681034414420072 4.30144365876429 14.422663180538395 142.01872280219854 124.77419899415521 107.54811420802059 90.35101566444462 73.2033347624114 56.150364521887745 39.31553991004244 23.17914898737844 11.29368159765817 17.791418357485846 143.7869687053357 126.774042565288 109.85141784455712 93.06836611829746 76.51678362852462 60.38730178868075 45.13474153444976 32.03707547662774 24.7853616573832 28.301320385630085 146.87484902689636 130.25003173031573 113.82717884063958 97.70818240133121 82.0722703600231 67.25721228723503 53.943619049270474 43.53161904422779 38.45511755487265 40.75900716166104 151.2014929129581 135.08821775880506 119.30826451130427 104.01344946679872 89.45296890292079 76.0497857180646 64.529113250707 56.063743125455105 52.16301771217502 53.82859674735176 156.66424096245416 141.14852758307876 126.09845997828668 111.7024113762078 98.24829838058432 86.17841894436641 76.1538178881186 69.07083607847794 65.8851208156737 67.15363150250887
