0.0 24.47661420527856 12.922409937840316 71.71872042650166 21.277616168233973 16.876140838528723 70.8183664053981 40.68203629607285 57.860103243729625 75.439811211211 15.555851941812216 75.00207324061826 66.19871627222497 38.492410876626444 21.407680141934588 45.53276832987147 7.92512539897501 18.29495103863937 59.446875483361744 29.10148830364929 16.46437610091204 82.67339567088858 18.017100575463783 16.136446028159423 10.741152043310187 20.895856186409215 73.36025851372264 37.70446833940486 66.81001124895228 74.89812702824624 63.6769554003556 9.76834084246442 49.144055706762856 46.53069793015775 9.509230784777852 50.66988007269159 45.273037626672 38.82462697504474 65.2267260080364 45.52111954109539 71.8705278748037 60.257996301110836 51.91706340959248 48.56376057991175 51.18787184504885 58.997115354329644 70.28387460780593 83.6521873779719 98.2560730418123 113.62009214490858 63.08930731275895 49.510948262415624 39.00147506947126 34.4906346202936 38.16805542087073 48.194447728750355 61.54118042633545 76.48945511433969 92.26410113378968 108.50529817075963 56.54120171916368 40.884756870421015 27.29341960668297 20.420815857483156 26.22594600269563 39.46267000817452 55.00469035983468 71.3613421673671 88.07995178911588 104.98774316681725 53.05962982821444 35.940579864051514 19.153058539452744 6.377101917294007 17.697700791583028 34.41603121729124 51.52117237782588 68.7249053008697 85.96806047032506 103.230885109194 53.24956909384638 36.21912790116567 19.66843034553721 7.78346887268542 18.24913510899444 34.70148103264656 51.71139089783026 68.86694722730924 86.08111408035933 103.3246015782313 57.0743732141606 41.61565681935381 28.37169312006041 21.834704298179506 27.336183281210115 40.20560637868084 55.53760811783041 71.77097122003164 88.41057610648627 105.26394866349099 63.88443249479858 50.51566379886617 40.263521114541156 35.90511447891431 39.44503300377967 49.20722793757326 62.33377257621481 77.12557549494538 92.78963765799286 108.95038589762609 72.84720165614095 61.41434456930333 53.24875563836759 49.978390967661525 52.52571255074451 60.156152825325236 71.25500891133225 84.46591735970887 98.9464876783645 114.21481944141358 83.27033592954265 73.42692816944141 66.69161982494667 64.0525094702109 66.00279709328629 72.17137880727289 81.60723040073373 93.3245178292156 106.57337679583631 120.8511360889363 94.67259217607754 86.08824174654809 80.36264448857317 78.12686795318268 79.67524062121515 84.80073139276516 92.913226862612 103.31144666225481 115.37905312672291 128.64711575529358
24.47661420527856 0.0 23.08056825223619 47.363498792007775 23.625083068317558 41.08788591353445 46.350363059442024 18.340360337457927 35.55037656950058 51.59044311415308 10.269499673206253 50.59846446348029 41.985571608670185 14.280976730822392 38.10561279517697 28.097235299198555 16.551653052942683 41.971272696605276 35.60435563122594 6.143050137062909 24.476638603877426 58.861866218013326 35.02228460612939 17.657012174269635 27.5658575626783 45.238787816515604 49.080155267428125 14.205867444160647 44.35382467171659 50.53723989998109 39.3327300185706 14.95062004936811 24.92702024875577 34.36511842873497 32.87603836655552 26.2160704933969 29.22501743005829 19.76137667411668 40.776909279594605 21.280691432230828 93.0973337991536 79.33596522480318 67.23077797730849 57.831305956141534 52.60839003220951 52.81596129083007 58.39613980795416 68.03964163549598 80.29555924934277 94.14914310850341 85.92097723925968 70.81931910303224 56.982840277354065 45.57870899274897 38.81365533433517 39.16998170812808 46.484207998537826 58.18919331866825 72.17956320460492 87.36419729565277 80.60310556276164 64.29521940708952 48.67854368872134 34.699232809364545 25.242497189251843 25.86583337229629 36.05010086864707 50.2880599558221 66.00665830392714 82.36248946930311 77.52718936570872 60.412795183772445 43.44720544002642 26.913316533824865 12.637510072316728 13.921200468524829 28.750758108622847 45.366567743568496 62.35669934748611 79.48146668157315 76.96255366324202 59.68982015504873 42.44087795688467 25.26450358104402 8.606723446176563 10.419681549779032 27.235590071744216 44.426326624539506 61.67927655202037 78.95366579485223 78.96309642964164 62.236507812312695 45.93808046587052 30.756196033239068 19.501076312057474 20.331069464704395 32.328390296833 47.70334661358647 64.06875808390942 80.82520814690797 83.34427654324215 67.68475608505021 53.05556125621377 40.58654400612789 32.83825709136586 33.28878645357661 41.673061785996154 54.44128446290048 69.20817458613179 84.93761242965948 89.75810838199871 75.40818533279814 62.56975357628664 52.36656340386152 46.56439751253428 46.82875742083957 53.0690604811478 63.54857269803386 76.54554367350258 90.98748635449736 97.80543703231588 84.78721443073532 73.55634528403758 65.04533892028553 60.414834951847034 60.56157554636291 65.45343815605447 74.15724296064187 85.51688010955893 98.61882612655646 107.11864153827268 95.33434151691762 85.44914728171086 78.18672305193105 74.31996598533708 74.38035909239939 78.35882264017788 85.711487820611 95.6634726267001 107.49524471718432
12.922409937840316 23.08056825223619 0.0 67.00548991215506 31.203063628840514 26.477155792030423 66.8628202193943 34.42376810834899 50.46567655379866 74.08195266483739 13.003707520867447 72.06106170595652 64.09029449953341 36.95312264977252 34.32981593103074 35.890143033613114 12.378399925898258 28.821570195610548 53.789836857842346 25.179180001686913 27.526873335754196 76.42706725451664 30.93669370937569 6.432633155858872 23.41497199100092 29.623006976768576 70.95918772954224 37.258630744255925 59.24106551839779 72.16901154912654 59.09135396827975 11.407797911507252 47.307682163482056 53.172504925885725 21.385992137766085 47.05047023555691 35.05662343318122 30.645091362707543 61.172367434766144 41.274806827850036 82.90570912987981 72.34742011728007 64.75829698904924 61.25210282434318 62.51958422888084 68.29547542947522 77.57925467691214 89.2832839235218 102.58247442723325 116.93382132685123 73.00327056898824 60.80568638182699 51.61286852856555 47.21384985389105 48.91942106411309 56.176281608842366 67.20968823308223 80.48113125496032 95.05780084904201 110.4240066047545 64.70730764936522 50.59757815859963 39.139525048108936 33.20238213911751 35.65953156870548 45.160983790713104 58.36210221889195 73.29027047990205 89.081427759484 105.34821331767031 58.703043617334174 42.69093207700913 28.243510337515445 19.276615722199605 23.327918770416822 36.269925800250384 51.82214858415007 68.22224338953758 84.98073749499089 101.92099312755055 55.736191741941454 38.5297848299337 21.477408036393008 6.06030367705672 14.522017529623467 31.365015437251667 48.53197792592578 65.76971230892981 83.03415394142122 100.31151415517384 56.289143890024526 39.32182155151079 22.861687778068596 9.890453663786525 16.483281438214412 32.31546453246011 49.148683772859094 66.22393957575267 83.39268803034378 100.60707653327951 60.26508439739339 44.80512018800967 31.33413690110069 23.55564514669381 26.95588328905654 38.692141478356234 53.53741610426017 69.52797262020337 86.02751869486299 102.79124433243541 67.05784443960607 53.5576061071385 42.88107503022004 37.52149747033204 39.694403912425024 48.39561327616115 60.88786266246862 75.30760258801227 90.74053641066116 106.74812242401036 75.91493732700965 64.25689454604232 55.61942019079799 51.544077511142476 53.09203866023012 59.82840320628511 70.27667970045924 83.04749368552001 97.22994046660834 112.29041391175909 86.20227365175604 76.0859696872067 68.89129207197102 65.58687371157683 66.75296565002064 72.17320404940467 80.99800542084205 92.25548721341863 105.16732143990313 119.19709986069651
71.71872042650166 47.363498792007775 67.00548991215506 0.0 66.11843494091988 88.44230120033195 4.330585154345857 32.72010351161828 20.98823700187755 19.990267187031915 56.48488171445207 11.07417061583576 14.673563900517431 34.40558324854394 83.57219831340696 37.88576641102335 63.81904702190247 89.31275200863443 13.740344068010216 42.73951316038767 69.30159679072617 14.109911539568925 80.92461114230456 60.57679041283863 74.26697957075159 92.57130503890895 13.463616829232464 36.431733392468054 17.801733864851872 12.191284085363936 8.041942609954033 61.998910235082484 25.082395720907087 55.430608822303356 80.22789508553083 21.262324678860093 40.545979378570344 38.02607897759298 7.152945863891662 26.209549764888266 138.76926527498475 123.70010322508055 109.29416882081843 95.850969669833 83.83492520238464 73.9450757643379 67.12784091025482 64.36701849797824 66.17229303119406 72.20197302904192 132.72979944246794 116.91672862920336 101.59007950566777 87.00728775391416 73.61177241901063 62.175710718591404 53.95967027850799 50.558620218480975 52.90938658593357 60.343461518582075 127.95193054960167 111.48868436022357 95.322945410122 79.63609781658128 64.7769959316228 51.46763353042285 41.23690547849085 36.75261104531223 39.99666782199185 49.47140010217861 124.58096745975499 107.62132344014182 90.7909251349205 74.17779948768876 57.96905044090303 42.62847291966122 29.54104974779177 22.95368291281271 27.924550500453133 40.3905992078127 122.73294027463558 105.48649750143397 88.2617747281001 71.07456505370348 53.96072565661348 37.02214507032866 20.693760756307423 9.194424358537962 18.4270545868445 34.544007275114176 122.47683294678613 105.18977593085263 87.90857072679427 70.63751233738218 53.3864494637316 36.18399257433853 19.161501664630066 4.874265956673615 16.705307130920943 33.66139627539599 123.82252740949997 106.7464920841841 89.75700958036785 72.91460679265246 56.351316906301896 40.41180358370927 26.257736749265593 18.56166824417321 24.46046269662571 38.08943240806026 126.71898410866686 110.0780189415666 93.67682766137884 77.66745968230175 62.35245795191432 48.395580358525606 37.351624467478324 32.35527729840279 36.01794766983715 46.32957593393744 131.06338971875306 115.03020748893906 99.42327837965706 84.47917537089883 70.6199475927038 58.62018478244828 49.841531570598406 46.159870171161145 48.74414937929744 56.74463607034555 136.71772311359953 121.40482984516818 106.70157234977418 92.8978703226899 80.45805749547492 70.11190810876224 62.90116246049148 59.96773096258773 61.92250973979243 68.34735990409352
21.277616168233973 23.625083068317558 31.203063628840514 66.11843494091988 0.0 30.40568499838084 64.00640839782243 41.57649963983175 58.22201634433881 64.21406568839261 23.287382077178837 66.25813727479867 56.74452088038424 32.13255951076691 18.17977874703064 51.60720412094194 18.901544941619186 29.441800277639857 56.52607752108355 29.734039255495052 5.578285119429626 79.10039526420229 16.37216667072529 30.383344114956223 13.631981888290952 34.43415134838478 63.86273490541887 29.747092040865017 66.70208172675171 65.82315909508121 58.49882718553237 20.428319702486384 41.130040075000444 26.682710783963003 22.613759276373678 45.36052172919502 52.519863615901265 43.34262717546774 59.01627749821183 42.09804852438734 72.74723072137057 57.62897376850188 44.144607908611185 34.279774606572275 31.625436545045538 37.73515968132727 49.46134920914471 63.77786924048724 79.29386416300552 95.42602335115717 67.78937688108975 51.25940350711314 35.47344632438423 22.08883103785002 17.781440756737492 27.26086811588163 42.05760741828934 58.25153963054118 74.94233458560412 91.85955188848958 65.56699107974138 48.296098022083626 31.059771365210405 13.986395481086232 5.024208200465397 21.29740889695338 38.478956997305296 55.7350355312545 73.01281933970638 90.29985015705077 66.35552657856881 49.356486297312166 32.67694320606026 17.2689183376685 11.285455657783587 23.563117871903213 39.77175610750755 56.6310664696291 73.69583326534809 90.85035518599534 70.05337179205904 54.20492537982522 39.59272129894254 28.208222786047322 24.950645164598477 32.37400444813842 45.52283209961801 60.788904655249894 76.92180590967422 93.47378310502576 76.23831125159487 61.95836909301598 49.639753582274366 41.08621432698376 38.868433423079736 43.9561083678523 54.33442781458519 67.609369661062 82.39253560130551 98.00377143924388 84.36503194434503 71.68016861227159 61.29709993742594 54.54651483387458 52.839474181135444 56.63389192359813 64.97295844034659 76.38241207132505 89.69816246849673 104.1918795173875 93.93078209998038 82.67875540395993 73.80550830362354 68.24530173308264 66.83024056045289 69.81283972295513 76.68165242740064 86.51595656057619 98.43087600758817 111.76294401369921 104.54116612676458 94.5092869617192 86.79767708579168 82.0630836126491 80.83034180211702 83.25515082590456 89.03919160393427 97.58696973902711 108.24572602477657 120.45637907617586 115.90953089901969 106.89575676102021 100.08524210179452 95.94830885969796 94.83548741503766 96.85107530276866 101.80943627695946 109.31084692750177 118.87485272142085 130.04718134076003
16.876140838528723 41.08788591353445 26.477155792030423 88.44230120033195 30.40568499838084 0.0 87.39751938195971 57.5473679293713 74.6763313241414 91.12453281743659 32.42809305557688 91.28577180970936 82.26866898318241 54.770837570703264 18.03619030794175 61.723474145129394 24.664802536509885 3.1657804727957752 76.3032609530296 45.94448004122107 24.86587462955124 99.54145358276769 16.60387994446788 31.66201496007599 16.947235789613277 4.267839588471826 89.47491671338999 53.64714910763804 83.6210581942743 91.11420169025634 80.4056810991173 26.63449309554089 65.32260127009799 57.050729040090594 8.535679176943654 67.2947498103223 61.18740764945785 55.43173632771223 81.85243787104585 62.28402126672116 56.46825943308846 46.88762282392324 42.50810251237358 44.8790946745678 53.10397586696807 64.99720087314552 78.91732854120372 93.96785684963325 109.6844394233574 125.81772186742707 46.68310278809534 34.550120658258976 28.40456402669298 31.91609854098384 42.76873978837747 56.906963796527116 72.43168935199228 88.61719011873733 105.15879808608194 121.91164387934835 39.66624241065267 24.30183522670247 14.368723748541408 20.51959715279179 35.133461697314104 51.44296854503105 68.24302537963025 85.24408854305437 102.34603738500996 119.50556775132317 37.02659913158473 19.724675884084213 2.42285744694851 14.87922181027689 32.181141203284966 49.48306842352239 66.7849973876138 84.08692701909787 101.38885697630664 118.69078711679067 39.648325736364285 24.27271385570177 14.319642713220954 20.485417306984353 35.113602810587786 51.42947119815114 68.23289923763578 85.23602052111302 102.33934959439324 119.49986770588941 46.6526526530414 34.50915447702342 28.354949623999772 31.872155182258194 42.736109627083074 56.88255917622125 72.41260727969055 88.60166775969388 105.14577998476904 121.90046861819994 56.43049923921906 46.842348172127984 42.458387809391894 44.832227066066025 53.064557354722375 64.96514978009579 78.89105715906288 93.9458987303365 109.6657177583434 125.8014792798604 67.79210229792305 59.992681763122036 56.578905084204024 58.325989406286176 64.81795649497694 74.8298859566882 87.15706560184923 100.95491191605103 115.69845417656839 131.06894468347397 80.06593280787743 73.52285752864837 70.70612867167017 72.05408908704973 77.34931122137151 85.86459810836772 96.75345750670444 109.30884200058955 123.0215566789452 137.54589395301358 92.89095123847396 87.25620890045289 84.83655717704393 85.90410437258987 90.33530392280171 97.67342214587383 107.32383670070806 118.72401916022812 131.41939657821845 145.07033169234876
70.8183664053981 46.350363059442024 66.8628202193943 4.330585154345857 64.00640839782243 87.39751938195971 0.0 33.0080010764984 23.356470090471618 15.889930659305632 55.83100088262716 7.466645345453504 10.522587247209163 32.838351317546035 81.70284688926398 39.59664638813969 62.89440683536246 88.12283332129996 15.137165552320006 42.13281632839618 67.44858356311863 17.87149782789601 79.16617899382184 60.46427853845077 72.76301742823507 91.57249688343995 9.359017919172205 34.566407644568834 21.431590934363797 8.4284715053737 8.207177146065073 61.18077890772868 22.89206368578072 51.98279895447289 79.07731173207924 20.156666438243356 42.34215569329491 38.83609779815401 5.6904527846281585 25.637123592503244 136.749012243699 121.43990295240812 106.74129287048999 92.94327879913534 80.51023810908113 70.1715020744313 62.967268189179585 60.03673808616756 61.989022204756544 68.40733677603973 131.08851469605418 115.05870244273794 99.45609301342195 84.51761339879707 70.6657103515743 58.67504897577384 49.9057434894925 46.2288676303031 48.809182330470826 56.80024177220292 126.73719826534526 110.09889003222665 93.70123901303474 77.69676468855603 62.38878695679465 48.44215805785027 37.41167012084927 32.424248484386816 36.079622544553395 46.37730997760578 123.83321302657761 106.75883006993797 89.77161496295709 72.93250176710717 56.37436191037831 40.44378139434248 26.306693673807658 18.63053183730872 24.512511233232413 38.122717679859655 122.47959335718829 105.19297524826115 87.91238130172715 70.64223257105984 53.392665704515906 36.19312049788642 19.178651768200968 4.94093997633119 16.724789504989857 33.671022735507066 122.7276685384742 105.48039193248265 88.25451117137241 71.06558664013775 53.94895429447757 37.005066369200335 20.663334848866842 9.126065950566096 18.39320404288732 34.52604861206773 124.56786617886257 107.60622682039507 90.77311195649519 74.15609682064337 57.94140639309564 42.591049432160204 29.487276009826807 22.884764343882487 27.868198175113243 40.35184677099952 127.93147479811851 111.46531497708928 95.29573778006262 79.60367976767398 64.7373232659782 51.41792695602121 41.17514297592075 36.68362827753222 39.93359194997837 49.420663151568704 132.70265758162927 116.88605614777765 101.5549407754387 86.96644727712871 73.56372061300736 62.11908009169008 53.894715095492586 50.48961875382084 52.843769467432864 60.28621255359474 138.73620549071168 123.66318496279277 109.25257528939065 95.80375979730655 83.78119638380433 73.88444109825382 67.06135771300102 64.29800971588168 66.10548919576605 72.14104686950107
40.68203629607285 18.340360337457927 34.42376810834899 32.72010351161828 41.57649963983175 57.5473679293713 33.0080010764984 0.0 17.37091962655478 42.96405552773957 25.12785907052925 38.98667221403836 32.48083169541353 14.424753670997717 56.391617342643066 13.418945981114666 33.10564371446402 58.888175939364565 19.366068877642846 12.30954885326998 42.80640865623484 42.225181801793326 53.25005259522778 27.994541736358343 45.583089361647815 61.48025711426099 38.55040880069056 17.491117070931345 26.28907286783059 39.32155894212236 24.965587367342607 30.97708234982132 18.75291808333677 44.94406788810683 49.84717531488742 14.827179611133484 15.796828531179242 7.054354390193328 27.377995354073096 9.060736487483897 111.16266900359346 97.642364531252 85.49629584224378 75.39160918118873 68.24123202389838 65.02714542854922 66.32410133846443 71.8883584136709 80.843544044044 92.20690881187696 103.45389457897909 88.80977260993562 75.30168616516588 63.65699481364473 55.070707816350215 51.10825326220809 52.82068785161567 59.72183352998188 70.29986171118291 83.16336052751758 97.19065327104816 81.46314725643022 66.52196998936054 53.035907406477754 42.41638021471341 37.20481151148262 39.59739311764609 48.48108844521032 61.08670219376485 75.57421045471358 92.66661361522215 76.03456586727256 59.78394525134657 44.336170206106466 30.91897221533286 23.344821112301968 27.06823744343022 38.975752198428516 53.89100125404334 69.91481780314965 90.14408003633511 72.95355019594025 55.83188153559949 38.87017744296704 22.434250201989443 9.716669122835762 16.85956478088629 32.753463624468914 49.598861108246176 66.67846620987825 89.79193356645771 72.51997497280013 55.266768493204644 38.0578260346533 21.002238891709123 5.701179494122795 14.920668549485592 31.80350209461915 48.97971655879588 66.22141659655351 91.6352044165797 74.77991014319667 58.18737940057969 42.168936078037106 27.73768386854268 18.953915976313198 23.405867710857574 36.539434092102795 52.164525611212376 68.59925005923488 95.54689137261956 79.5039640161613 64.11911190088313 50.00349088924068 38.57649627458477 32.7818761230707 35.4945786438923 45.20826470559159 58.53561015192568 73.53744955828924 101.28758145561994 86.28830939003522 72.32477768595903 60.12302011011154 50.964542351249314 46.676488269412715 48.56652640946961 56.01270720117601 67.19257547268067 80.56651897207871 108.56745211246896 94.6910502121382 82.12547679924182 71.56457577784607 64.00842671747144 60.5917856927247 62.00278956708229 67.94131992253105 77.37180112575837 89.19340717643396
57.860103243729625 35.55037656950058 50.46567655379866 20.98823700187755 58.22201634433881 74.6763313241414 23.356470090471618 17.37091962655478 0.0 37.85917149465864 42.348801838517666 30.730481476006727 28.439461004360275 27.46039473763913 73.65597376329453 17.35345837657962 50.40161525357351 76.1252851983427 8.966191552856156 29.63514927637644 59.890319449418115 26.383895289957376 70.55527349906043 44.164685274883176 62.941656519772145 78.52867269613496 31.817285594289586 30.560714996322552 8.951297433649012 31.544744035858074 15.906304934986345 48.22815736873934 24.35117002706925 56.640538266515236 67.12260619952492 17.471967879798413 19.84232667194184 19.842326671941862 19.176725357141713 17.109002084297845 128.5261529598424 114.87874255760066 102.3423920770564 91.37555016911024 82.6057101546208 76.78933363945009 74.62028143127087 76.40979826247303 81.89880566654924 90.4160256698638 120.7764988570138 106.17893423169286 92.51845727783721 80.27489809475131 70.19365395896664 63.316145755311 60.74055511663058 62.996755661497154 69.61654169270217 79.51748232842462 114.24160606481654 98.71769336955128 83.89233707023753 70.20945991290866 58.476620207538375 50.08357782916838 46.86061494666933 49.82140610178531 58.026981538564975 69.64762361085563 109.14000006118641 92.7943863194704 76.86849099093693 61.68824797276074 47.96689717599862 37.34855777048643 32.98051798446895 37.13788660754293 47.63862857988836 61.30549323160356 105.67953517828593 88.71768582394158 71.91803119241692 55.42824598939215 39.6369714609192 25.85730786489093 19.100341456484706 25.685745615086077 39.41324424810017 55.18842203588252 104.02417421202368 86.7483863047778 69.48560788029928 52.2487353773563 35.07598130630511 18.150263102742418 5.220450826261874 17.994099949504253 34.91469073596989 52.08643869007519 104.25995672288256 87.02969223481703 69.83487180712402 52.71019394158306 35.756579892655 19.427164000562513 8.660810113209731 19.269608137116794 35.585660018139464 52.53640485719635 106.3743047865859 89.54039026792124 72.92586211737905 56.72382522001383 41.42118341460201 28.50522108713639 22.540894589476395 28.325736256553476 41.17418907477299 56.45344509717358 110.25917139345434 94.10217133120274 78.43506552457227 63.62080980572596 50.416886643853644 40.43296377350427 36.42106179596253 40.21032214974895 50.05949814585341 63.196074118351845 115.73635126944157 100.43588404214753 85.89838045553181 72.58373020287098 61.2940876384149 53.33135693807576 50.301125738565936 53.05538646165979 60.81320562927718 71.97443358162997
75.439811211211 51.59044311415308 74.08195266483739 19.990267187031915 64.21406568839261 91.12453281743659 15.889930659305632 42.96405552773957 37.85917149465864 0.0 61.790780259216 9.293434047382762 10.48748165491299 37.31990520124373 82.39261341047612 52.39698091547887 67.67757171312853 91.30675934889841 28.96029293892984 48.95388979717616 68.60438852729858 30.94867373089403 80.36443436973587 67.96197521924638 75.12644899953871 95.38899888804671 6.5367796718327345 37.74523748932806 37.2185697021117 8.062123634796333 21.97473165496102 66.3889345035857 26.781538285368793 46.081711999229526 82.59664607022493 28.18559123669798 55.23236044699834 49.69832926003938 18.70772390736925 34.14366932793234 136.04448453593838 119.85807899019132 104.03134157785868 88.75688461640482 74.3757534985071 61.51767596149466 51.34004098829385 45.67142178116341 46.202395308655305 52.746066231594746 131.9755880339402 115.24067104151315 98.7014562800532 82.47576290152341 66.79247147240879 52.14331989361293 39.6903786663191 32.10039396785728 32.92800042822202 41.674691559760575 129.30824833765976 112.19034835680623 95.13904317128997 78.19790854996397 61.45811876867513 45.144212459317494 29.960166380981192 18.866248053445233 20.321691777362293 32.69126936683714 128.13006486389662 110.83661430880956 93.54629953355325 76.2612534448133 58.98610796704298 41.733159774933874 24.549253595092637 7.898646398516912 10.992038635227786 27.892198682869193 128.48202788194152 111.24144470505209 94.02339952393763 76.84304394404712 59.7329076282693 42.77733291676505 26.277238740550597 12.239258425318102 14.4159191311478 29.403249966793464 130.35173835696946 113.38599921895664 96.53965378504333 79.8882688193115 63.58519517146548 47.98676279080843 34.074808428483315 24.862955253041182 25.960572539658262 36.4478657461943 133.6754995998046 117.17476498002087 100.94264976992245 85.13294413358192 70.03231005157275 56.21509908964529 44.882701795544634 38.30774224182409 38.97712086969521 46.579560188333005 138.34850705385008 122.45516999986786 106.99966596830018 92.20243476925312 78.43691758493202 66.34841148189153 57.01380513031014 51.939742473110684 52.37938835505208 58.20794107559508 144.23962040006347 129.0441628945933 114.448313908498 100.71310655462334 88.24134973995605 77.64428165115008 69.78127141164863 65.64228746987398 65.93244016865083 70.5971396500146 151.20645284936376 136.75263688776363 123.0360066334322 110.33184980775792 99.03059202969331 89.66427469325569 82.89142946097391 79.3787057311549 79.5591081702709 83.4086769224978
15.555851941812216 10.269499673206253 13.003707520867447 56.48488171445207 23.287382077178837 32.42809305557688 55.83100088262716 25.12785907052925 42.348801838517666 61.790780259216 0.0 60.46426980536907 52.06003998959834 24.474386006786755 33.19721817256397 31.036453359103746 8.140901322304126 33.77957388831233 43.96858516125552 13.745525520669412 21.710283701605686 67.15800055570944 29.809674547446754 8.520021536287507 21.709243076201073 36.40026972433961 59.091026932786136 24.462603877654356 51.30001293677459 60.46426980536907 48.45169308553178 5.887928214207767 35.055258071703435 41.2809244576998 24.780455454776174 35.70238591512674 31.244035923939474 23.69812290836403 50.18075652055221 30.291127512146865 86.69509843592935 74.07049052680259 63.683074375673236 56.77437166708308 54.679278669026914 57.9225057701266 65.7184049936934 76.69093659813872 89.6816016729094 103.93641576251183 78.46124126928646 64.28674681225134 52.03951131878944 43.38365071567016 40.680180052833926 45.01464692132698 54.73997912268433 67.56713461257469 82.05410125966974 97.46352587256928 72.08682436446342 56.369499436409214 41.919456218446605 30.588744266787195 26.69853676225197 32.99488714842237 45.42271913791117 60.30335291710591 76.21335483610342 92.62379100853516 68.09614801740527 51.19233501746006 34.68339342286834 19.594213920861126 12.792243122260615 23.282237308618065 38.97687120794889 55.63311270538474 72.59202982745411 89.68207839185919 66.9171109880262 49.62053872296848 32.32970116191588 15.0643581067329 2.715471783111523 19.660271685044034 36.93768228168334 54.23072981108707 71.52807374193353 88.82720419165975 68.69465497110531 51.98221643865246 35.833761451878125 21.55640330300097 15.620851980568476 24.941049286351966 39.985163399361056 56.340776301853126 73.13320235127011 90.11858813594968 73.21372530471959 57.797150668038036 43.8118820648606 33.123416599428104 29.555875504549295 35.336215968013484 47.14293025997244 61.603351536055726 77.24117619383367 93.46729380591164 80.01107705643102 66.16092610867085 54.327416077288184 46.09091487586916 43.542864317958745 47.60560822432955 56.87979551870206 69.30391507300429 83.48328247532797 98.6640185846785 88.56358960982669 76.23915379805166 66.18160680015875 59.55080961020889 57.543810368431934 60.62160207507379 68.09819751259779 78.73022107496088 91.42334634020419 105.43579155440592 98.41463240045621 87.44090239047351 78.772275553153 73.2319590463019 71.5503787612693 73.99109420226053 80.178524473648 89.33755087988007 100.66026352138392 113.50095925222506
75.00207324061826 50.59846446348029 72.06106170595652 11.07417061583576 66.25813727479867 91.28577180970936 7.466645345453504 38.98667221403836 30.730481476006727 9.293434047382762 60.46426980536907 0.0 9.57101895310246 36.5360648321522 84.27266024980807 46.6071001110437 67.09786037888249 91.78790400624304 22.25937420166751 46.98328059082887 70.14266397930973 21.801130071269828 81.94592792205167 65.7364247144259 76.01165256388956 95.51221113424204 3.401422334226535 37.73103784785853 28.773773508879966 1.2356114156773204 15.121595224410706 65.54699962195137 25.97219746065901 51.28969674713962 82.84562770971682 25.018919193001675 49.38953441231335 45.20932485733972 12.035273222735926 30.892960020539963 138.85579447058393 123.12200315884905 107.86947081500668 93.33443563202434 79.90938671259354 68.25248980327528 59.41375020721581 54.77484945631998 55.40102546210872 61.13069753853273 133.8866380927996 117.51570315159248 101.4541996238313 85.87592364784736 71.09922229266417 57.74279233159827 47.03260815001533 41.0926745313562 41.99827470900454 49.374160899866546 130.24596886560607 113.36987706490308 96.64448106719966 80.16415964116851 64.11816697700739 48.935633820144446 35.73462261865194 27.530716036551453 28.941794567035924 38.93616179749159 128.04720647844348 110.84857701597821 93.6879914353616 76.59102574804838 59.61244403921113 42.89305907465006 26.920221442471536 14.432425351561886 17.04711863734367 31.17092201768705 127.36508174603712 110.06353896516679 92.76214083238158 75.46098684078547 58.16029486747985 40.860651782224096 23.56436780337216 6.299174293974652 11.081216743115803 28.365837430589337 128.22381131460654 111.05160181603128 93.92701050252272 76.88186324605354 59.98392325171383 43.405457714591485 27.72560239993105 15.877558242908632 18.281062369898226 31.85922449281499 130.59299046615757 113.76656300290442 97.1073745970598 80.71903858416263 64.80735933565386 49.83105561345856 36.945690255983436 29.078232389932776 30.41073519116854 40.03488074568486 134.39272810257526 118.08933744054937 102.11504653629949 86.65205538846004 72.03040704592286 58.88026186915903 48.41586309187013 42.66158954783935 43.527365062436424 50.675010197483736 139.50612879662413 123.8516295760671 108.69770252303097 94.2860176684215 81.01366508833154 69.53612689790961 60.87717278902644 56.35144718358518 56.95295640035567 62.53391956325643 145.79496866307156 130.86334256276214 116.58878870311092 103.24420837015028 91.23857276147469 81.1682046402726 73.82931272408298 70.08528431971416 70.51110853791948 75.03582787248713
66.19871627222497 41.985571608670185 64.09029449953341 14.673563900517431 56.74452088038424 82.26866898318241 10.522587247209163 32.48083169541353 28.439461004360275 10.48748165491299 52.06003998959834 9.57101895310246 0.0 27.74095732506758 74.79852122104302 42.11320982719984 58.34049974609299 82.66093579428394 19.48059906031486 38.911751052890565 60.71323326751615 28.352584631349195 72.52185713565302 57.88510719035721 66.74262680464874 86.51391211387565 7.2198782765803236 28.621556143376033 29.387652760117483 9.078678518602796 13.106808998063983 56.90794998805154 17.071358353887305 42.17394646743409 73.78600389879936 17.72743176609402 44.95323288174549 39.21369309030878 10.138211668016424 23.7032430583694 129.2990763308887 113.55101169765885 98.32657120904511 83.91125183735419 70.80100984756584 59.859577659259095 52.46195108280845 50.20004797952933 53.72647908405435 62.062271342877736 124.43275472988842 108.00347241693143 91.89503125152804 76.3108812273115 61.649911023380774 48.752226363058995 39.38977954078985 36.401057676873826 41.19740742496557 51.653875632701386 121.00983151961513 104.0599298920283 87.24832264666637 70.67376961118153 54.552770125727214 39.44539081711614 27.10321191413611 22.626100999807914 29.79946153696875 43.16001019893855 119.15481443630217 101.90682570475765 84.68084600079514 67.49372908599594 50.38526059076508 33.47624136629831 17.35961461509488 8.987042645522573 21.42173858021123 37.89100242066012 118.94111261721798 101.6580187055134 84.38264476929163 67.12095190040547 49.88714367852371 32.72530365663279 15.870644885112704 5.61450918198363 20.24553116800697 37.24182898071999 120.37747071337182 103.32726969092421 86.37722909365493 69.60056456492153 53.16167141277906 37.50733081501186 24.210498965931997 19.0842472566464 27.220958182819885 41.43023622050338 123.40626577148667 106.8246783203403 90.51312438770059 74.64882983924632 59.59008498245601 46.132602160204875 36.11321168227181 32.84538713533455 38.107521255884826 49.23672631869543 127.9143878486731 111.9790334292537 96.5153882204721 81.79143797388876 68.2873444753115 56.87869928648341 49.050121071036344 46.64059657916835 50.432916325339065 59.24791790854924 133.75227766509605 118.57438409573588 104.06148662974877 90.53395544713723 78.50284601261855 68.75821572353053 62.38095287317743 60.44642245720737 63.36286253835403 70.53105957547389 140.754495581844 126.38525223134722 112.84202425287562 100.45944154275166 89.7193560781126 81.2755364054977 75.89828248555666 74.25679937935028 76.59165573017948 82.56620194994383
38.492410876626444 14.280976730822392 36.95312264977252 34.40558324854394 32.13255951076691 54.770837570703264 32.838351317546035 14.424753670997717 27.46039473763913 37.31990520124373 24.474386006786755 36.5360648321522 27.74095732506758 0.0 49.21371819991691 27.800785304991837 30.6118446873334 55.36274509795478 24.46809896342173 12.364839887048761 34.953106809323664 47.01076384527218 46.52410328092058 31.047249045020283 39.933721604816746 58.98796845903019 34.87614600862282 3.2002781124508077 35.28103374947077 36.4092288716731 26.565636134700338 29.17029816524041 10.669598971180275 30.614181803288982 46.36442341673718 13.284994060649446 30.04278509581558 20.39134357055704 27.47179718373155 10.42002413162835 104.47405754300071 89.7233179316836 76.05537392966794 64.1659338630263 55.21607805407815 50.78449099078789 52.03858969198115 58.61455579861523 69.00738024384995 81.77451893418095 98.33971351154148 82.5338776888842 67.46621147080177 53.76100282972098 42.74936457509441 36.925302019663796 38.706003388291265 47.239162553105324 59.69614116899637 74.12440268533415 93.93710631710348 77.26058302976487 60.9337879152694 45.33614895532292 31.567663317528872 23.159866265125995 25.979848274759885 37.57973789435618 52.423582068446514 68.43199753318422 91.51657154856899 74.31255623919256 57.16766908182149 40.1577139333134 23.576573438746273 9.888420932639004 15.440859711711576 31.26935649160733 48.123158549972885 65.21209511211237 91.23603698070947 73.96838741801967 56.721633466830625 39.52313932013278 22.483924322581103 6.905695969402422 13.731856879310545 30.465597360622244 47.607298015934894 64.83417693521828 93.11485060843955 76.2633423600427 59.670186716144336 43.63114470554078 29.078070855595325 19.649514799606727 22.921266759379435 35.544019450036956 50.99099899273365 67.34610938033231 97.02762904002161 80.97330567108193 65.55684484809565 51.35593269187612 39.69725406165543 33.36196005397311 35.33945413413537 44.53584960002179 57.59092829513608 72.44788737656212 102.74220160178093 87.71002374623934 73.68065760228151 61.346011342546404 51.92812026781911 47.20623905318608 48.569857943812046 55.572798741306606 66.45557601321218 79.64329206190548 109.97798263842544 96.04789025660102 83.39024618661662 72.67299687358253 64.86517686412199 61.092661133198696 62.09533556426753 67.6612409958693 76.80463362970109 88.42259519079882 118.45644272194897 105.6082438480926 94.19638847691218 84.80273653133385 78.15839515024784 74.99767616510216 75.75786570676127 80.327723055404 88.1165027360837 98.36248830527431
21.407680141934588 38.10561279517697 34.32981593103074 83.57219831340696 18.17977874703064 18.03619030794175 81.70284688926398 56.391617342643066 73.65597376329453 82.39261341047612 33.19721817256397 84.27266024980807 74.79852122104302 49.21371819991691 0.0 64.17340492635222 25.50565695050359 15.599903773840273 73.12914054659622 44.08373296655754 14.270716100509938 96.12797559006516 3.4619479022664135 36.88171415073548 11.587388667427705 20.85262935625063 81.94873179801108 47.16919937754343 82.44344601808976 83.87366256256333 75.77866211949144 27.852554108892214 58.82316776075577 42.63787249527452 14.68110076278045 62.48740698728354 64.44110458836303 56.505867784049634 76.54701525957674 58.58282189651565 55.28747397340182 41.25547797279056 30.757664993077444 28.084929367492474 35.07424080463101 47.64820339889316 62.523675634927514 78.40139380927883 94.77898973964088 111.43628246349009 49.64617649166885 33.35804784285995 18.960183385433798 14.315391528605488 25.477146577116553 41.133347095621815 57.736748880926726 74.65805235771641 91.72148098888243 108.86022253399918 47.697914007080136 30.396952565077815 13.098551563426039 4.22882774247127 21.515285689268897 38.815533690851616 56.11681919282457 73.41840872788032 90.72012834618224 108.02191554198816 49.87736920961793 33.699603299268276 19.55216449801618 15.087199255288073 25.91664710110946 41.40572645585175 57.93020231691425 74.80705226361876 91.84222540310034 108.96148969390632 55.70208872993686 41.806960538669315 31.49016982079615 28.881641686201796 35.712424209660824 48.117718614319024 62.88053778075811 78.68493377843839 95.01255264920631 111.63404992692486 64.18718279438268 52.53990919190631 44.71682376370231 42.86550179348971 47.68661035751043 57.52633325373128 70.30824897981466 84.71083388923307 100.0365209722305 115.91975812781753 74.42817152428017 64.6027023397215 58.362345210124914 56.899167683378124 60.56042423503271 68.52964642952941 79.52205764181645 92.46567265082119 106.65243241928573 121.64818049478116 85.79846924319767 77.37572666185267 72.18945726822231 70.9529514351392 73.86483470856045 80.47605363134373 89.97480492763033 101.55404840378992 114.58478469604121 128.6266299449513 97.9052721949584 90.55880951264533 86.11057864234905 85.01672567890269 87.40328170920041 93.00269769799297 101.28350320515233 111.6506712034745 123.58023650393055 136.6636580919338 110.50663351593793 103.99597248541059 100.08633226277654 99.08607818099993 101.08161674463827 105.90373444256322 113.1917579346226 122.5063775045949 133.42382232098603 145.58394679130117
