0.0 65.94119943343465 44.03510684975059 15.57666236626593 65.57083681995262 84.4269003214119 55.25221632334547 30.14206513713713 41.404989980116795 90.70368843583722 49.43970028537825 54.17950337841915 55.82574272534694 69.95439413781128 51.556248682403215 15.761866968211253 53.26295151704146 47.1052662046051 36.4588055451144 74.91789688611387 8.052418006473934 75.58655065195792 59.19071709766791 8.921259597514146 60.580307503870806 51.05726503724014 37.10347420474632 38.24888115548858 24.711705680525245 50.73197069775048 32.60235025012426 21.196495991133773 56.99121714015629 49.375450301953045 41.09325411707971 25.658857158273463 50.9940233640307 68.03114933157298 32.15745730239783 72.93721973842403 106.43703593404612 97.96181302250986 91.99383595580022 89.03869803897187 89.39568498925999 93.02667409141121 99.57414594991195 108.51144567118878 119.30269063097712 131.49222407097938 94.84245732240694 85.28447033214313 78.42497176829956 75.00798399057203 75.5023527871149 79.83544976398959 87.4384294805988 97.54970532549565 109.47646877610217 122.69040536711239 84.0386763243083 73.14156287541998 65.0812786092507 60.99305645078488 61.6719429670577 66.97312645957429 75.93461852410624 87.43814051658221 100.61553581442236 114.89229382615717 74.3713142200179 61.848898830141515 52.136197716691136 47.008327522770465 47.95920682159976 54.6725808769905 65.39724458108302 78.50612088214464 92.99637278434287 108.31501559702274 66.33922906904071 51.96399556943408 39.97910388854766 33.09243191584719 34.505039381038614 43.414223769087634 56.371094529250584 71.19911629704559 86.94616963696033 103.19237887302357 60.59635324291841 44.43665067010446 29.59773198819162 19.394521766800636 21.794061804522787 34.24217728142369 49.68686143892389 66.05871338402468 82.80963076748377 99.74882556347 57.828858750067184 40.60017123166651 23.479446548859677 7.273817631544678 12.379254506216181 29.19412557037245 46.3687556443294 63.6124165449069 80.88096861348046 98.16127615061168 58.46088108557591 41.49138989229646 24.982181724539284 11.198058888804034 15.013220596339833 30.399181125633607 47.13318135006779 64.16912424115057 81.31746047556109 98.51951786890355 62.3891827002451 46.84121552797144 33.08322351781142 24.364128069962142 26.295106902074313 37.255407788302584 51.79970100333068 67.65473738505949 84.08227404894797 100.8028024400574 69.0534332392523 55.37200800770501 44.299531717419526 38.1777993202359 39.387140318899746 47.369356076155185 59.456467929026466 73.65455772040714 88.95854527879794 104.88545320403887
65.94119943343465 0.0 22.05923070138706 80.46516921285708 88.82874694201786 25.486610119641878 70.65064331457256 52.75648716441778 43.84300571116485 28.97881194316469 59.9920279535294 80.9130019137204 85.76603759189223 10.121137428318587 103.0422880390172 50.17940367231827 29.060473015338992 89.23147633702519 41.6741316367434 18.009034104972503 59.517942694543144 14.79811073342256 15.894059439737921 61.883674032843594 86.291173494538 14.95029196429938 81.38690412760215 51.59072482024064 64.66230354104833 25.806661262285235 34.99227580776139 48.56482062172103 89.10974626749132 31.847289144607004 57.14372922504391 55.239185678887246 20.36282407706737 64.0916124840687 41.37630221538769 19.287291893282813 147.08136337397912 132.82706683438437 119.38096455451951 107.04803826041729 96.25711961711029 87.58005733824905 81.6932224548197 79.22109272365942 80.47896156962824 85.30197983620715 139.89215414000202 124.85741105742828 110.48811698851577 97.08021162803564 85.08938581731631 75.19662401459537 68.31949607063048 65.4161097852064 67.00502885253165 72.79267105688918 133.79389301077643 118.01700637302851 102.73228465716355 88.1959826766604 74.84544703502299 63.43383210774267 55.1775470867191 51.61368890033291 53.68505000558333 60.818556700104125 128.9415543195271 112.51211326023704 96.38845068331358 80.75393374384083 65.95732560072778 52.70907304409108 42.483297394545836 37.81694500493465 40.67085808255868 49.767686911227415 125.47983478080243 108.54619674679125 91.75007086500638 75.18367484589722 59.040708050202404 43.79196541605858 30.79574722543308 24.03602803316257 28.38651130953103 40.4050515321014 123.52575420463936 106.29172110115873 89.08401144877885 71.92152192022621 54.84671943886963 37.97806010673669 21.799462473266328 10.335046065138485 18.36090653013198 34.14887550771175 123.1511285021103 105.85812214399822 88.56860128880828 71.28510210803601 54.013405454078566 36.77014676117624 19.630408931779776 4.168423529225682 15.751574286684127 32.826239020003456 124.37023663217938 107.26748946705443 90.24070553684568 73.3428093112347 56.68917464767337 40.58163956188826 26.05357018868252 17.590328944787384 23.211267263208025 36.97050562688896 127.13722331318587 110.44927559776423 93.98361666217338 77.8813630751404 62.42437040787916 48.236978762567674 36.81737378570995 31.35188507690237 34.77170079754284 45.09889630469328 131.35426848951636 115.25674222449825 99.5640146533698 84.5019112672899 70.47592929690664 58.23953830023 49.14808888923024 45.143427766156904 47.529223731350136 55.48719451838686
44.03510684975059 22.05923070138706 0.0 58.41139199610355 73.86910302902304 41.974685743998165 56.24626160973736 33.13160138853669 27.87990761835594 47.580120526829106 45.50309367711812 64.45643403524313 68.8934559127434 26.382939335057443 82.58839962281479 28.304866004029535 21.201523903952474 69.95691538865759 23.477983917611038 32.46329199306842 37.982964126887865 32.19385321858573 17.788529552111605 39.83808293521154 70.50778197814827 7.1130659807859065 61.3248507482368 34.27176191319424 43.923607307659346 16.238834559797688 13.338656153771158 26.78837893096116 71.94029796832906 20.739651502922378 40.36586151110845 34.70582025757335 11.40165656788206 55.47560130179896 21.370503917973423 31.285780822646206 129.73837694470248 116.63855884053122 104.76517686362932 94.58125119537002 86.68428803579162 81.73983378675277 80.29518655301253 82.53432898277323 88.17707104759641 96.62897172675841 121.40297591383606 107.33488584930437 94.34810445397386 82.95205749479516 73.88649948671177 68.08874874531054 66.42012150472034 69.18004995262197 75.8868764534326 85.61803933592243 114.20073153391068 99.15479996241656 84.97200528156426 72.1630726977434 61.591204686092446 54.572373800965345 52.550085861517495 56.06762987727325 64.2210773050987 75.52360210185468 108.35794523538567 92.39733501513388 77.0181602974239 62.650082114280735 50.1694612092136 41.32339728279433 38.690796888806766 43.4170316896015 53.58923206669953 66.76285810319592 104.10385584962614 87.39322487906838 70.96653653054689 55.07843007903854 40.36989241145734 28.714692531987538 24.86060179635495 31.784840360302486 44.73492184361113 59.923793175328356 101.63820903001246 84.45479239025748 67.3320979057763 50.33213572836574 33.64148322308755 18.135267514244834 11.168683453064412 22.788244342975517 38.89192330410327 55.71868936218874 101.09198657278355 83.79966206444087 66.51233368899968 49.23526440632561 31.98508320025035 14.855752800049464 4.1297449011553855 20.300979099651258 37.49557666743689 54.75783363689007 102.49588786961287 85.48035767055488 68.6082229389539 52.019199842777454 36.10565384864812 22.359595647680063 17.17547627758301 26.244135408574017 41.00273760942782 57.20495196851168 105.7722708875275 89.36516344293321 73.37029719485095 58.12897305699626 44.42368098069982 34.1563797872054 30.960653313139282 36.73111422364528 48.35800218942144 62.66200542956877 110.75503944586112 95.18453812752742 80.32569698817242 66.65615243293614 55.068788622291564 47.12540786310701 44.80781645041365 48.92218849067091 58.118193375355105 70.43274833806711
15.57666236626593 80.46516921285708 58.41139199610355 0.0 62.405359574544086 97.31748026042854 56.29697505931986 37.332842877080864 50.18353887327111 103.8918460179828 53.319699555205894 51.65179820323847 51.855967829426056 83.64993670406955 39.69304845766156 30.689686986441224 64.56144495284829 39.860943392472 46.53911867596522 87.96139560888442 23.523805606868248 89.10183250912874 72.27692476089756 18.877068598859736 57.31999099479193 65.515165581422 31.166196021693025 44.90616360883785 26.898547191410273 62.832759007964874 46.045298804554164 33.03827050185417 52.04355012600584 60.38850093045155 45.74683543845209 32.62340810143533 64.09618948648003 72.21730737503654 43.261530516830035 85.69235830254304 95.30770061336665 88.72177116265982 85.19522217343241 85.10920869826022 88.47376588817153 94.92268125453539 103.88311654536834 114.76831753450324 127.08465617567234 140.45615429345497 82.8657970281054 75.26533458365613 71.14555473290288 71.11398190255835 75.17576724813352 82.73017971715753 92.92931930135175 105.00534857925412 118.38529118421111 132.6752433600526 71.08235002967902 62.121852542494665 57.13358516374497 57.16700496692442 62.21401990698922 71.21657111842843 82.8957999137458 96.2825279951111 110.75935474200077 125.95095092963965 60.34454503015491 49.54129927589638 43.19631148199149 43.315206222107705 49.85175651054335 60.7691775241722 74.15721825481704 88.90668070518409 104.44236449314222 120.46045782639537 51.31326617233712 38.085928145027324 29.44035045143623 29.692427004230105 38.66853866856187 52.034423401830736 67.22065329459215 83.23677621378593 99.68357574848737 116.37860330772178 45.02750654349249 29.11583135200339 16.3309382333408 16.863572288183295 30.01288415882268 45.99868453783606 62.687298245727 79.63810872895604 96.71334954863893 113.85705168453663 42.71706816083739 25.41515419566804 8.113311118726699 9.188861508198794 26.490717965211797 43.79263299683684 61.09455683828959 78.39648365664169 95.6984118372573 113.00034075438822 44.99854297688133 29.071224278371577 16.251643707298882 16.787149742730048 29.97021022500137 45.97098254900213 62.667069528128046 79.62226196912984 96.70036313277447 113.84607366968203 51.262426507240114 38.01771759467878 29.352462090904716 29.605690508762297 38.602286074998645 51.985438056444394 67.18292007324123 83.20645064589216 99.65837550546071 116.357122202946 60.27969672165605 49.462650748628754 43.10650312874775 43.22605945063441 49.77467860270979 60.70625877992786 74.10590995786404 88.86409137963769 104.40628521781704 120.42932723879439
65.57083681995262 88.82874694201786 73.86910302902304 62.405359574544086 0.0 88.93285995847357 18.18088909083025 43.70566809219302 46.117100178555965 95.9651897797491 28.892289376731398 11.429305696632035 10.695750035943146 84.55791649601369 39.564623198183824 66.12411549794582 59.91548365824196 25.36422579500863 50.56350659850197 83.14188442387231 69.93457917576866 87.12668806894533 73.29570142913818 57.64971012969799 5.091567239512527 78.47632908467232 31.461555742084933 39.81487112741991 41.321506306021234 63.07698626607326 63.46643294842464 56.42174684041075 11.836806788944646 56.99774352768713 33.669213981928635 45.29715843383988 68.94705090874021 32.2294093291488 53.93834259505532 79.75733162840392 59.6309414793028 44.22748463510254 30.903115423208412 23.508415915804747 27.36785751917252 39.29458692762459 54.20184894188134 70.21628889275173 86.72672571483378 103.49605601512773 55.59616600086358 38.642997410428464 22.23380324528638 9.70133741621327 17.105644436948666 33.01217015843462 49.85696409287832 66.93536839044516 84.1051924531395 101.31997057141385 55.02329400967815 37.8179890244777 20.77381029379076 5.622773735230299 15.178717499231148 32.0606430917047 49.23504540541807 66.47561994279823 83.74150636075922 101.01972687767045 58.01497835430321 42.033658324364524 27.688102178765753 19.10877871201935 23.71437743112268 36.85525500523223 52.4686553812493 68.89355285488043 85.66443429931874 102.61179675862377 64.07381170250552 50.03159862391662 38.7243675590484 33.08626137979313 35.89614197399284 45.61878552102354 58.92641549796541 73.90723619254575 89.72705805304477 106.01093622359524 72.43410277224464 60.32567508464673 51.28720739088246 47.119751136222156 49.08020975927651 56.53464221661165 67.69170768042846 81.0362359951569 95.65708827399371 111.05128665082093 82.39817444175421 71.93671430026939 64.49044766510465 61.17058180775097 62.63671112337696 68.58258047767329 77.99024536714492 89.77795755338099 103.13282801662629 117.52180235476351 93.4543262228326 84.32230024884561 78.00945706748529 75.22889277509265 76.36742150931008 81.26048037859017 89.29296790952493 99.70901868839249 111.844662545663 125.20085668173932 105.25885883229996 97.18661340470238 91.70454060147914 89.2909972429327 90.19266095625896 94.3144976770041 101.26404758565221 110.50911579565386 121.52693731364673 133.8805541859464 117.5864556531191 110.36222209051257 105.50699857601629 103.35518663761626 104.07460609639001 107.60768483760364 113.69241492061441 121.94743849929394 131.96609971230484 143.37916989361685
84.4269003214119 25.486610119641878 41.974685743998165 97.31748026042854 88.93285995847357 0.0 71.58803537135964 63.45564492841082 51.21783479877985 7.218840464323094 62.424705067601195 83.79192698737705 88.9252038630772 16.341414218979022 112.06878170728582 69.21063590065785 34.16516361905438 96.29952231221573 52.224953614063566 9.566027791844418 79.31310053657367 10.74908275124384 25.238526211599734 78.48443437025496 87.76685538575398 36.13232183494217 90.47370631993029 59.090720952747034 76.31584657451575 34.69953340472226 51.82549041945954 64.2837271478261 92.51810209982294 38.4554910924459 63.037768883396545 67.27800423780872 33.433595645283475 58.66518020128491 54.38172485788198 11.645597641133381 148.56217552597522 132.76758282255915 117.39863522376996 102.64670237859447 88.81975523186888 76.42152696442132 66.25894733467452 59.489023144244776 57.32658285630739 60.269625715721176 143.6346591816294 127.25575920514495 111.15685070312028 95.47966768192352 80.47106746166257 66.58470343694422 54.682328415464355 46.31949509661377 43.583695197503594 47.45825138108557 139.9420782777093 123.09223999138497 106.38760762487637 89.90915305459349 73.8085210987485 58.39904971511878 44.406187244739534 33.6463840673049 29.848921140203455 35.33477413135276 137.58395578961657 120.41702503700898 103.29514647196427 86.2451563188952 69.32011995244815 52.64070107769616 36.54476881421027 22.331797586362665 16.14343759006298 24.92437178837184 136.6294388700778 119.33029260797441 102.0320904424479 84.73541056965215 67.44142426550647 50.15291803788379 32.87853778183123 15.665084865096517 2.9163503206718673 19.243931322834463 137.10785920330417 119.87526741163586 102.66599912485668 85.4941399934527 68.38787559046052 51.41272254988121 34.76129327106015 19.290928890093173 11.6036771195253 22.26799644406382 139.004415322085 122.03008257818695 105.16256513191703 88.46298453257455 72.04821049821973 56.16849754054517 41.44352871525259 29.646964520330144 25.27903112623555 31.588396613531355 142.26237492975554 125.71195325588516 109.39430147842843 93.43145794949413 78.04144800996492 63.64121317919731 51.07491122852329 42.02136639666892 39.008333026503685 43.31525126338366 146.79107407132017 130.79193031685548 115.17004200726699 100.1021880248875 85.88048352616897 73.001142362764 62.30229573928102 55.06982163792555 52.74935439346212 55.95537021145434 152.4772671851364 137.11463764013865 122.27110275949491 108.16058965067889 95.10991329278566 83.61680410974655 74.40655967669387 68.40755942916242 66.49469243563755 69.00859314711172
55.25221632334547 70.65064331457256 56.24626160973736 56.29697505931986 18.18088909083025 71.58803537135964 0.0 28.55230764912998 28.367447714072753 78.71396711093843 10.819495019325462 12.803518765415477 17.827140372215386 66.47135760879746 46.43093426972062 52.24580865688968 41.74238622424168 29.51597180736068 33.34131259103672 65.35073763373174 57.941401839479035 69.20909099221133 55.123069885453944 46.535041594914254 16.20773904060396 60.54287896934694 29.579086625464512 22.963514755461794 30.74590568253288 44.91461942382946 46.705755543562404 41.787431368833495 21.422610423532742 38.82880382864349 17.053104622489876 31.391517160790478 50.829825079630794 19.305256056990146 37.27973454963945 61.985439385898054 77.33273276586722 62.33185700695054 48.87613917533467 38.61607573769218 34.52873255803235 38.626068668177865 48.89192910333938 62.350429221245875 77.35269263933499 93.15583628935875 72.07400942009045 55.7060744083041 40.129567059341035 26.763951746296463 20.51700777709582 26.9127783314571 40.328144034287114 55.92076805001022 72.2953451589125 89.02141932274809 69.34680412726732 52.14640822550726 35.04611155259206 18.328267105089466 6.506474558412327 18.64018356316842 35.37360698802175 52.47705303654623 69.67857285735819 86.91995933875712 69.45002724726068 52.28297406624877 35.248060891370784 18.70977131925969 7.509901188827953 19.011970327756273 35.5699977853645 52.609008696091145 69.77753346416957 86.99893035847182 72.37156731389885 56.08877767800839 40.656728030910756 27.544498793830314 21.520702133169298 27.682000536267427 40.8430779196739 56.29149315013896 72.5811181714311 89.25254369335455 77.79450973657961 62.90124649937125 49.59692806296118 39.52026229126564 35.532441319069456 39.52170336497276 49.59922462982228 62.90396272946588 77.797438044893 93.52369540168723 85.24271604120068 71.87033661906653 60.52331342731196 52.53093551144892 49.54420690966147 52.42574964704778 60.340629338082834 71.63955197224482 84.98329717939872 99.5529895420566 94.23710051243788 82.29379767533918 72.5437861020233 65.96685843547947 63.55584682387015 65.77049994515171 72.1863242200245 81.82093796465395 93.68649912232175 107.04367374643604 104.37860960456389 93.68732787124908 85.19636545298341 79.6128757906367 77.56728253390185 79.33372971572977 84.67397501191009 92.97422998103299 103.52495766202549 115.71218733904843 115.36499033714145 105.73767277033949 98.23696993390999 93.37677148432844 91.57845279533461 93.01976646166992 97.55723069725433 104.7894171290064 114.20552961546123 125.31423070829621
30.14206513713713 52.75648716441778 33.13160138853669 37.332842877080864 43.70566809219302 63.45564492841082 28.55230764912998 0.0 13.088161891871422 70.4877714697395 20.257272356153386 33.03346011349768 36.876053604737535 52.460078011203976 50.32208799017043 23.826220913958018 29.330267628898536 36.851787185971055 11.449572659386359 54.7706080520577 30.713207073962256 57.07093548023454 40.144370344274634 21.341270612086266 39.550685267877974 39.272218929482186 28.630488355922203 8.10734934208841 12.864994888651033 29.223691022710472 20.742589331363956 13.24124455832411 39.5952089863112 25.02089492183723 11.933196959139329 4.74202829160773 32.873754059921644 38.14797871141522 11.76330291464868 51.95896139669972 96.86599193020349 84.42424489232681 73.96337020110106 66.42590918109467 62.872227278272184 63.96973338055841 69.4984236371992 78.52788842581771 90.01067662345127 103.13054263634952 88.27699746470427 74.46165615685359 62.40953559318537 53.32976624344279 48.906847594295606 50.382511401311774 57.302854274795195 68.02601487909752 81.05653725534656 95.45411307169071 81.25362894756012 66.02507897404845 52.10736578898584 40.86259616149905 34.97189786617183 37.08130520094836 46.10553578672209 58.95019376255273 73.64263669038958 89.27518251046611 76.22997566862877 59.76444187683629 43.94632327258642 29.824178772618488 21.128072408966858 24.536110978723507 36.8287596069022 52.05195308891893 68.27272955211615 84.92135699880207 73.616645471329 56.40905841142981 39.28443245433435 22.433563641128778 7.872503033372448 14.81219809379445 31.23362775468663 48.2741253163044 65.45193831640782 82.68152554032423 73.6706298673222 56.47917048481769 39.38457865591689 22.607669424460106 8.353546633633792 15.072163400426287 31.35716539216964 48.35376797051538 65.51042112602822 82.72760735640612 76.38627311743343 59.9627624705452 44.21441421458196 30.21601139340522 21.675138838886376 25.006545579591744 37.14235289989895 52.27325142955668 68.44079653266614 85.05588647425732 81.49790011305994 66.32408783304655 52.48398821371579 41.3395802921756 35.52548756450569 37.60142447743536 46.52291335281372 59.27565519632759 73.9021827756981 89.48837593169164 88.59167678252915 74.83274983919824 62.8498001001045 53.841953602333376 49.46227081218206 50.91933003508385 57.77319256948793 68.42080867073953 81.3865714324202 95.73318458372538 97.2346539060775 84.84505396431534 74.44113360274827 66.95502587648217 63.42840480878573 64.51390169220743 69.99727433970087 78.96763417217647 90.39275417080154 103.46258596279333
41.404989980116795 43.84300571116485 27.87990761835594 50.18353887327111 46.117100178555965 51.21783479877985 28.367447714072753 13.088161891871422 0.0 58.356787203324075 17.63626857419519 37.27511276453256 42.015286522476906 41.7278441636558 61.1011233222246 31.230940753455183 17.173527265678498 46.034786290664435 6.290475600658054 42.96686115668559 40.169480795351454 45.770606063947035 29.475251852948034 33.081492087168556 43.00727073491535 32.39553139412339 39.36827748554728 8.046326928607371 25.673298399349587 18.39755918763493 19.57390350858833 21.05370266137348 45.30492784440524 13.04443849166713 13.301492151682687 17.640000503135347 23.495738646131628 30.64969874822198 11.452959140866929 39.95421911054403 103.32043584516684 89.46491601006012 77.01640915186674 66.76661373358463 59.85592275897852 57.50112710569584 60.23890019566781 67.45196753506808 77.907047826129 90.4872677586872 96.08760680562334 81.044985761549 67.10033928108501 55.09378935473223 46.549973133235206 43.5566143248141 47.18221681624705 56.15913812941682 68.41228169405123 82.49446076553589 90.49177222252199 74.35725996291174 58.889325643456566 44.78406565630213 33.79321966245009 29.615201335086983 34.797239856180305 46.29627360396128 60.618077287977414 76.18705227909908 86.85001642736083 69.90081003286176 53.179258485145574 36.99535407043624 22.538662617119723 15.685624066466056 24.141223915916374 38.964996881510025 55.24903322046976 72.00939356501495 85.41270952318902 68.11506674414653 50.820343139808486 33.53305572056554 16.276915091365666 2.030687973829941 18.493864177750826 35.758018969534426 53.04679461427001 70.34203939958888 86.29009885810625 69.20710121409222 52.26832139850359 35.67975407757575 20.318098979112868 12.301150640891034 22.10258658919131 37.74179681269803 54.397380315949846 71.36119120139743 89.41405840179819 73.04794809113852 57.23497033142502 42.595670736467994 30.84883677426961 26.222519394134185 31.97343498357558 44.22319294368013 59.05752510730468 74.9573343816027 94.56215492319139 79.23884202578817 64.91758393603779 52.42610990139931 43.375188433081746 40.16245287324514 44.08337495003463 53.59450485029831 66.33327694463115 80.78701620346556 101.42657217006851 87.28106017177089 74.48031014323688 63.838459767116625 56.58692873916957 54.10648089867809 57.02316422996974 64.61014204258593 75.47184152386485 88.40942530806649 109.68545854329983 96.71376166909724 85.29299156664567 76.12442419436626 70.09744889884769 68.05194751213247 70.33614727286057 76.56350632672283 85.88048802578328 97.40450082189838
90.70368843583722 28.97881194316469 47.580120526829106 103.8918460179828 95.9651897797491 7.218840464323094 78.71396711093843 70.4877714697395 58.356787203324075 0.0 69.62158823360748 90.96416260548911 96.09881232017372 21.25793190038581 119.26249677650172 75.31203382135051 41.25578268856335 103.51605238690487 59.19776631132155 15.949304729987023 85.31725839558572 15.405242630318002 31.622458815465556 85.02635069770642 94.87703836798521 41.30923622912893 97.64811045546487 66.25623870121821 83.33671257510369 41.5514632646913 58.13214326107074 70.85994250578322 99.6947134263958 45.527828883444776 70.24798647845803 74.23632148584717 39.82269909909509 65.39894677619145 61.17246825773518 18.53504016587494 155.5825331092642 139.69840791377632 124.19364941478982 109.22992608865452 95.06307258514596 82.10661120415656 71.02605336084292 62.82198442719098 58.71286075188939 59.552456935054686 150.77743485524337 134.3514303149767 118.17564288736257 102.36875545989615 87.1317703006013 72.82329624541748 60.11009345877062 50.21870144282676 45.04793439324619 46.210589599714105 147.1517824776207 130.28842258433605 113.55706899710928 97.02603601936393 80.81834135223129 65.17565357734038 50.624462729587854 38.42545408036755 31.446839318965207 33.16625954631129 144.794256786056 127.63212501924554 110.51359200243326 93.46261733624884 76.52437391552603 59.79473980866451 43.51498771965977 28.46769301430518 18.054835273273884 20.982296104434575 143.767290726807 126.47124382847512 109.17706119566553 91.88579547640234 74.59947501524756 57.32257389530209 40.06727875246001 22.882519933060898 6.367586164444727 12.497845088324782 144.0993497446764 126.84685979051304 109.60995471081056 92.39735708252617 75.22575430742322 58.13148645593008 41.21090165492814 24.821768753219786 11.515862280339634 15.74239674506209 145.78114270033825 128.74552006864178 111.79171299287637 94.96355108956574 78.34204339189694 62.09336740582028 46.609093260137115 32.98393031582227 24.539407683656627 26.742030321251878 148.76687733217997 132.10154363849577 115.62334754876557 99.42537800570534 83.6705426748065 68.66454877401641 55.02351708371445 44.034773002488826 38.06890675828047 39.47313918939484 152.9801838071045 136.8076749578671 120.94810387445669 105.54263758560676 90.82264850203721 77.18133989761131 65.29828168656017 56.298068968855965 51.70860821705237 52.69524052178257 158.32303005404586 142.73036474259538 127.57909288717721 113.04682929396638 99.40542759218417 87.07459564424414 76.6891395789647 69.1314386035391 65.38945044067748 66.11427535776356
49.43970028537825 59.9920279535294 45.50309367711812 53.319699555205894 28.892289376731398 62.424705067601195 10.819495019325462 20.257272356153386 17.63626857419519 69.62158823360748 0.0 21.52594162246309 26.62165761799206 56.20208672257839 51.60115089163027 43.96547290713381 31.253279021571387 34.90514390629374 22.925386883662984 55.610524472470416 50.86094366736457 59.251022777173986 44.60776352293728 40.52097417748573 26.365019850128046 49.723998831115935 31.731180337799657 13.231156457527407 26.468337844920182 34.206319696683714 36.46544517116505 33.242502556899154 30.17936076628197 28.144778388250707 8.421987081827362 24.068432082383143 40.05545264719191 18.933110872814357 27.233872948778956 52.29322948878454 87.47206454302095 72.8505923719009 59.680484419181155 49.142815449323116 43.20853015750327 43.79089545571436 50.665694997760546 61.766394201807216 75.24537815683145 90.0408301453162 81.45354646331977 65.53762275937596 50.54096693188171 37.58068993378986 29.477733112736175 30.40188841386887 39.72810673677227 53.207891207195566 68.42913476411188 84.45544895599703 77.57080533432269 60.6675817209532 44.0748641989486 28.343330557568724 16.21134388937933 17.916012529961943 31.270943220778218 47.259632092547605 63.935798358809805 80.87528886293791 76.15129489837523 58.85018283909036 41.549752437317935 24.251462572883444 6.971265893572135 10.38158279393003 27.670735016782814 44.969717514613535 62.27033814130762 79.57152840705272 77.33080220354708 60.36181530658991 43.65497972180886 27.68895974343577 15.043685007427282 16.871845047401102 30.68743361337968 46.877401143975135 63.65513038244149 80.65465417281555 80.99584569927234 64.97050928277191 49.80679739305187 36.59203452765479 28.212530008234637 29.1826428266803 38.807426731532345 52.52728844098802 67.90379684983009 84.0324053948027 86.83221513716887 72.08460827940534 58.747367015903144 48.01063139857743 41.92247057195476 42.52847947018067 49.583815997292426 60.88631428511603 74.5280949780704 89.44515543171238 94.43812092524196 81.04693597731648 69.40714338047357 60.53755732542956 55.77578969013278 56.17633094288443 61.638625673052566 71.00393485883149 82.96080960154704 96.55118677422023 103.42380111005706 91.31479999367635 81.11099043126966 73.60898619755235 69.68689216075444 69.94950349253207 74.35249255071652 82.23346805184977 92.70967261594522 105.00720705856867 113.4618000225881 102.49646847112267 93.46738231108647 86.97963316814702 83.62679677819013 83.78606815112435 87.43825716806634 94.17787394214606 103.40297184721288 114.51443907077581
54.17950337841915 80.9130019137204 64.45643403524313 51.65179820323847 11.429305696632035 83.79192698737705 12.803518765415477 33.03346011349768 37.27511276453256 90.96416260548911 21.52594162246309 0.0 5.136256937162612 77.62527725199618 34.51368556815637 54.8837431132307 52.579467896270295 18.030816443462555 40.979165681415154 77.13086738475877 58.50984814267056 80.77068913410157 65.84503572498276 46.220787792661184 6.652382498874457 69.55977200710701 21.38279234435517 30.189395735823734 29.894575306051696 55.14026574116648 53.32376570702503 45.40668135974921 8.742826911849951 49.20035398681439 24.148712691054627 34.219588371045546 60.67066813091945 31.498887099459196 43.84185770133585 73.80677134788893 66.18673302787661 52.236258225433694 40.93015293366079 34.937599607028446 36.94187346095322 45.90725285482141 58.72782488626968 73.41080757159898 89.03956211645414 105.1933851363794 59.93564715313219 44.08889749041422 29.901362580054958 21.049076140240096 24.30529260409314 36.56695790983504 51.79043437710991 68.01519900075971 84.6675676819034 101.53737370587766 56.615072073349374 39.47892624293984 22.596863571319492 7.833534564234922 14.519768552599247 30.967668436877315 48.01960737608875 65.20339171569267 82.43661373711136 99.69363907583414 56.74189722956608 39.659757648132214 22.909892560016733 8.691565015728727 14.997891606593637 31.193645631321555 48.16496265760859 65.31000729404539 82.52056593713912 99.76273792009488 60.29437072287688 44.57311920827591 30.607614773259634 22.03634541731063 25.161205608905046 37.13870389677758 52.193789837979686 68.32138303063658 84.91255720912082 101.74077194179736 66.72754439897439 52.91672183192885 41.79116019552104 35.93786366399972 37.88490955775504 46.66594103711914 59.31998893061718 73.88314742661143 89.4275416947277 105.52041653761155 75.30666226386165 63.34930347022487 54.34957746209611 49.93315874133879 51.29781247729562 58.03716257275052 68.58469483361431 81.47459691565196 95.76565653045155 110.91759756475665 85.38722609344622 75.00406688796576 67.5198883696213 63.960567596597315 64.97435413549651 70.36385996772994 79.24122973449852 90.58678598942957 103.59272516618292 117.70995380052582 96.49972589839886 87.39327112739984 81.00403937821214 78.00262027971536 78.77719824435735 83.22240668076803 90.8007422977115 100.80805745113932 112.5985697464535 125.67137775444465 108.32691604351864 100.2448348034615 94.66786760151467 92.05246055526443 92.64975941228782 96.40006447509037 102.9594047619204 111.83459980257298 122.52342013770266 134.5944699295565
55.82574272534694 85.76603759189223 68.8934559127434 51.855967829426056 10.695750035943146 88.9252038630772 17.827140372215386 36.876053604737535 42.015286522476906 96.09881232017372 26.62165761799206 5.136256937162612 0.0 82.64214012370034 30.70932569089792 57.823386672839156 57.57604457203141 15.113338478197475 45.43439551023721 82.23218207308557 60.70534491981584 85.84479985828841 70.80259052215956 48.280529081566854 5.791176639241585 74.16763760094555 20.802063703836396 34.70746775372508 32.22337750270654 60.03144696213737 57.429241304264195 48.77477799518652 3.612083731588748 54.13191907626861 28.776707561230676 37.58239926880355 65.47624382178368 36.11504311389567 48.02098994129768 78.91329787597928 61.31890280874055 47.75605099753981 37.41632103944071 33.43695353133066 37.87857905049325 48.479395091043465 62.1644983405653 77.3130394398263 93.2142445592376 109.54082717307826 54.832125192120316 39.1233963375918 25.562278677541066 19.36315583009397 26.365607873326102 40.175496458298895 55.96166111818429 72.44346952492883 89.23629755173108 106.19269789798112 51.52708100953677 34.36169123690026 17.467828691250844 5.313917664519241 18.709993851832397 35.64552547175101 52.81909285106364 70.05585714477664 87.3184009140969 104.59396074019612 52.01391371742622 35.08421936753359 18.843325072854565 8.829075473886803 19.988683558383105 36.32981681512674 53.28111233815324 70.40320658110602 87.59600039126215 104.82471223386352 56.1941515089026 41.00206454852368 28.34196463789786 22.8926986332263 29.044713301665517 41.974112494730214 57.2605265215199 73.44672017279872 90.0487897726897 106.87309953213696 63.34066598061729 50.314212191515026 40.61658301384149 36.967561033008835 41.01464625592137 50.955948936376664 64.105562490269 78.87486569217957 94.50752678577459 110.63818366923411 72.58241498178333 61.49749811031146 53.79942728790542 51.04424818465567 53.9940085801609 61.837621606273416 73.01459253273151 86.2384530981649 100.70606563552091 115.95280639744338 83.22418980470387 73.70494175108948 67.35921511466863 65.12144067687495 67.40202492132553 73.78317317513311 83.3281049618734 95.08881249349191 108.34613144001611 122.6155735857659 94.79553136733541 86.50390107573871 81.10696516682067 79.19872132328099 81.02603213428816 86.35207624043939 94.58766844465478 105.05072934186302 117.14592272368837 130.41994267580154 106.99513365061111 99.66660631592579 94.96092370132004 93.27589437963641 94.77277426036912 99.30778336135852 106.49349161976619 115.83765581213761 126.86422693303705 139.17389291831222
69.95439413781128 10.121137428318587 26.382939335057443 83.64993670406955 84.55791649601369 16.341414218979022 66.47135760879746 52.460078011203976 41.7278441636558 21.25793190038581 56.20208672257839 77.62527725199618 82.64214012370034 0.0 102.53227623813895 54.38991733938793 25.08445454207202 87.76190524667648 41.01822703414976 7.9422516267728405 64.27634579466816 5.859361243625137 12.343262594273767 64.79045781063331 82.51394224196352 20.059608070567673 80.73739872898746 49.75986949688261 65.02864897047809 23.43602296263579 37.61406053961872 50.812529783068754 86.11800659683954 28.795091910382723 54.72927295964815 55.6529749270057 19.9165847462028 57.566927169076905 41.98550700476466 9.27254392041155 143.6702482487204 128.78033088696995 114.57005301337045 101.32576427069431 89.47744965455023 79.65053372664167 72.66973981097453 69.39931325811119 70.3585695743941 75.38621876534006 137.33736071581427 121.7084265980111 106.59751428932408 92.25951166138923 79.1157596398701 67.86374471826356 59.5849877370097 55.623306022323185 56.88789040695559 63.065128794767624 132.19626087998458 115.90337960926982 99.95019007903457 84.52924149010866 69.99321335145987 57.02290980065769 46.93484470671948 41.86707694455405 43.606532708800486 51.46758530025189 128.3902734943957 111.56321226997274 94.90704993980592 78.53060369652893 62.653596050782504 47.7765661367738 35.191437000826376 28.159971541516313 30.76102321031941 41.20930590725434 126.04046049280171 108.86333663867487 91.73312968197826 74.6821312812298 57.78050725375046 41.21244883107655 25.633132722750922 14.641095658972079 19.24522032602593 33.54262904256154 125.2288545940725 107.9269620976351 90.62508414346597 73.32323102606739 56.02142575746533 38.71973248102596 21.4184225985615 4.122326227337095 13.18908352176941 30.48973398488927 125.98519864310187 108.79964383089388 91.65788246954261 74.59011355660155 57.66207906859454 41.04702650861926 25.367579869985907 14.17330350711906 18.893481858502376 33.343027483366704 128.281751311212 111.43887740969743 94.76153756591953 78.35550095665317 62.43500607326608 47.4908976704064 34.804463287685074 27.677172778579997 30.32179160887002 40.88405709818018 132.03813834324907 115.72382426313615 99.74288096604867 84.28514923401923 69.69961073276389 56.66383651224033 46.500002983836325 41.38134197942164 43.142623099272846 51.077017033971956 137.1343976869983 121.48040512924966 106.3382969003583 91.96127827182416 78.76940251100483 67.46154163415784 59.128666353798565 55.13653532332456 56.41431225999335 62.640326353566564
51.556248682403215 103.0422880390172 82.58839962281479 39.69304845766156 39.564623198183824 112.06878170728582 46.43093426972062 50.32208799017043 61.1011233222246 119.26249677650172 51.60115089163027 34.51368556815637 30.70932569089792 102.53227623813895 0.0 61.42751095670897 78.26538324213851 16.950980109049905 61.63388306790137 104.05601805534332 59.052886882453514 106.82824178972781 90.18969558487885 48.1138376618809 35.86767399760536 89.17505999371453 21.794943791104576 53.09196856298853 38.66646133102081 79.10901071777334 69.36093202856513 56.70380748022979 28.09269026990289 74.13414673615121 49.116651620100484 47.945469214722586 83.16842450327903 65.6939593806223 61.71542753002008 100.99846254625125 55.616044351570004 50.183487437679915 50.421443518725155 56.25800436049664 66.22919051049028 78.78038987916854 92.87139234407275 107.90061507992078 123.52607613476161 139.54763261113604 43.371487023043734 36.219640388927466 36.624394412474416 44.379473128014006 56.53703615316366 70.86637236092868 86.29227345974277 102.31997673277856 118.7059656068345 135.32014763069975 32.76848982742736 22.54416433639994 23.268351073744824 34.25353082184169 49.02962351301926 65.06316151141556 81.61640390154456 98.42749200123708 115.3837786402221 132.42950185161436 25.90791335390579 10.369418141099795 11.939139544028219 27.861705542803683 44.81874140010986 61.966748243364655 79.18175015273395 96.42787246882482 113.69095382963283 130.964288028163 25.95052506773677 10.474946879650378 12.03048728911782 27.900790098805388 44.84293593535037 61.98416789715908 79.19531922997369 96.43896234094431 113.70031520747013 130.9723759064002 32.86948775069728 22.6900496466908 23.40907611533541 34.34883840547439 49.09594605108372 65.11292115304468 81.65589046150117 98.46008204613166 115.41144843310468 132.45349548301198 43.498673707685946 36.371150533786604 36.77354982694259 44.502075698733265 56.6328783921189 70.94250127562077 86.35451035226552 102.37222195323294 118.75078776767941 135.3592802927248 55.75493151656644 50.336663875120074 50.57319971291722 56.39342856921898 66.34372992053865 78.87625543209667 92.95234423743328 107.96996982593876 123.58637435238617 139.60075545233425 68.7736814968399 64.40169672053068 64.52930616378507 69.13159702418636 77.4145826040974 88.34902960245523 101.07807874382729 115.0073845969589 129.7509636148002 145.06074639004837 82.19326139388271 78.51263631056614 78.55838305460337 82.32428974316616 89.34115211337603 98.91955259443736 110.3947369886797 123.23798792654816 137.0652728620601 151.60758563949534
