0.0 68.78405706640498 32.49878606683695 72.09723070268733 20.410507469088273 35.917503652944355 10.403487632174036 10.033805251413174 50.971439344875634 41.42268891594688 19.710397867452148 33.17264270390194 27.472350694083353 50.64779015354454 29.18543833915723 31.730552551535204 25.512236384542916 32.227972273915405 20.227973888531654 51.27722214055609 4.584064031408224 63.66085056712686 32.030238164601684 34.13207953875893 25.81525602545054 39.01011690187957 48.38152458257375 50.12760926901048 38.73556116006537 38.81559362949138 8.717154349234859 31.69157131344153 27.526432609078604 45.16574784882202 24.198389256912026 20.735694147635407 31.559172746612994 30.656197415115944 29.522771419133296 32.852571763313804 112.81989177299185 97.93630321785685 83.98458489322118 71.5122438128116 61.42711969983768 55.05706637933718 53.73983239913889 57.82177892978215 66.31324268339412 77.78324817007265 106.7613025759309 90.92447494966795 75.73143623868663 61.65992699969294 49.67241320410542 41.610774357273904 39.92831482721274 45.34082024530549 55.82128186726942 69.10099066745728 102.29557338263021 85.66180307649864 69.35571369124953 53.676772254674994 39.38130369288865 28.623218272574054 26.199246380138405 33.944406614039316 47.08243104110753 62.28963178520866 99.63717755574773 82.48385227225144 65.40884904214947 48.494969773552626 31.998743204080085 17.169448242055662 12.820813243722444 25.152921590204915 41.22715840088037 58.01207312351159 98.93195570100879 81.63450213039027 64.33945601866078 47.04947233422551 29.77337193756137 12.568535697830884 5.3099986906598815 22.29658417906159 39.55746237393319 56.84330722545743 100.22115774282244 83.18512283133273 66.28696112918074 49.66759632976335 33.74153803239772 20.21942152002358 16.669462457530624 27.30621366739355 42.5687677209206 58.96849175529737 103.4302145427321 87.00747319367339 71.0035261644408 55.78001693416125 42.19039079936836 32.362896775883065 30.222414281056416 37.12331864956759 49.412513348858056 64.0606071514375 108.38869394095673 92.82127887413328 77.98829941604869 64.39925524720684 53.01940685986213 45.536305604006564 43.98587215609895 48.93529368051421 58.76455719917744 71.48837384418448 114.87020726817481 100.28069576740027 86.69468632931473 74.66201578229858 65.05045605312795 59.054249077317685 57.809550291397215 61.60504155640656 69.62122847833109 80.60860396831167 122.63341800961797 109.04844864052085 96.65847883414035 85.98166869880656 77.72722570947488 72.72471604376506 71.65846407704761 74.69722262062847 81.38244960431376 90.91325306417815
68.78405706640498 0.0 36.28644800999572 6.497632654727558 59.8456524795396 101.49974581688777 59.53859079278519 76.30633416528276 19.731381908863487 108.44864683786555 62.31688542284759 100.70022292517096 95.81438677572238 44.53003926095722 72.97165747867632 48.60740045878178 51.59415895623533 41.00864154471471 54.11787134156817 45.609614823349794 69.10118958175407 7.142156371220505 52.893088085005026 34.84806426930866 49.807383913661745 105.23410189294408 55.98354592396919 18.671222790913387 31.025659190298796 107.59103102863844 71.69481581838522 100.31867972615687 96.30792798665048 30.98178256935828 58.91690288308376 79.53527163278125 59.67057663474827 44.5519248349704 39.73197625269059 45.25309506733312 48.41972944576638 38.7870732229122 35.54027723758332 40.255347103090216 50.76004375466752 64.27580042925993 79.27725024768898 95.06362974282935 111.30144832748385 127.81877212041505 39.153613871118445 26.394718400478865 21.42587692974599 28.638551071556513 42.189766238286374 57.779732653209834 74.1331909346259 90.83872441427735 107.7326741086749 124.73850909103199 33.54782102814987 17.05856648619256 7.432794519293199 20.450220711377344 37.146870243629344 54.22436499971459 71.40999159302814 88.64087876354442 105.89493484386728 123.16242289005011 33.493707511157396 16.952386818845877 7.186915995524401 20.36255069622858 37.09890223233369 54.19166900444651 71.38528418927145 88.62106958689574 105.87843272975195 123.14830257264558 39.01438160549264 26.188688316420173 21.172723843531227 28.450527055289445 42.06295472306762 57.68763512111295 74.06176980862757 90.78072297545482 107.68400529367428 124.69667895953883 48.23205565794615 38.553611345118505 35.28651581335991 40.03252358388136 50.58433736317543 64.1377807857523 79.16591537618918 94.97124241594204 111.22292528965882 127.75072927005749 59.451195726212134 51.855305192254114 49.418643115031365 52.85956399321465 61.19449592247671 72.76057149430547 86.26782021290354 100.9399546823523 116.33706934946443 132.2061063813986 71.73872900026625 65.52560918471877 63.556741817528355 66.21183544441179 72.9880033042066 82.880539637035 94.92003384528715 108.39342945911702 122.82976847712835 137.9270178291605 84.63043171668343 79.37415477975792 77.69740567227387 79.82606827491989 85.47630917975913 94.01532647506598 104.73895034533625 117.04827103404241 130.4953321359148 144.7634262860632 97.8877429348294 93.32147163170036 91.83929471325585 93.58785805195866 98.39507320668908 105.84500849279205 115.42709105145455 126.65833177397927 139.13994681337326 152.56535885195802
32.49878606683695 36.28644800999572 0.0 39.81438096717082 26.94283867385312 66.15151362131543 23.548118303694995 40.27567313091505 19.297934264738945 72.72358545126338 29.214562106934068 64.71476412963088 59.61597846238266 33.13240314309243 42.12230670235961 21.45129153365016 20.380979033740573 12.580782072733982 20.62363156170962 34.704495611259645 33.01147204254315 31.381131870936635 26.332122374613174 2.846894634633449 18.718449097303825 69.73301880482528 38.99716009114998 17.63075482118514 8.05106111826959 71.30501499179614 35.862030747138654 64.06204045282144 60.02150474077574 18.89141757067314 27.598151023671182 45.04213077135299 31.898304599123435 15.760627381262301 5.297341715404877 19.105759848407814 81.56847541295038 67.84971715526261 56.146732815582915 47.958634726014076 45.23614964704451 48.90083206050045 57.74926033039356 69.83814367729899 83.77624428683335 98.78388255197918 74.58340929883741 59.311411206149415 45.51605072494069 34.989813741970984 31.234149189823036 36.40832189692346 47.689291763403745 61.81973804702162 77.25153909922594 93.34146662541681 69.80046093910902 53.201716425684474 37.248531062685785 23.30655818433782 17.25254748919862 25.511120863904722 40.033689974721185 56.154140814647725 72.81889095989042 89.72517140107404 67.68813961242957 50.411619013864126 33.161603908196085 16.02392494641 3.5431514745410877 19.15868546676094 36.33552105056879 53.59289604021293 70.87200065396776 88.16005899596196 68.49400539600488 51.48372297755817 34.762504410472715 19.10504433313758 10.967531622187424 21.778057893832127 37.775572612463684 54.57487509463784 71.61391709581257 88.75473101090682 72.12029100848626 56.19740447988266 41.39650622899849 29.460206181701977 24.916808206577954 31.18495593679585 43.85049811561428 58.92318266860273 74.96484035308701 91.46706338907687 78.17544225559907 63.749883899012524 51.14099911570524 42.01740177843042 38.913088828467096 43.14743422797388 52.989431465530764 65.97548621913467 80.5999744713205 96.11791277208097 86.14874338046967 73.26840432186927 62.55886827200453 55.296155101734136 52.91896995097248 56.05238473445677 63.890704568284 74.97249007456543 88.0819291765247 102.44353600092948 95.56116539325815 84.08783362762824 74.88846894441392 68.88028296680936 66.92828674501408 69.37571142699191 75.79759026282261 85.30094740018319 96.98412317912405 110.15570912827009 106.03002600333335 95.76814425386614 87.74616736941842 82.61914861164625 80.93910638239292 82.9158342062015 88.3040971733504 96.53430990149556 106.95239031129726 118.98502423562923
72.09723070268733 6.497632654727558 39.81438096717082 0.0 64.58881541385188 103.71065433896796 62.47243261297441 80.08602050897873 25.061158888289636 110.88392482328865 67.04702699038532 104.52546423298824 99.39383404065177 50.85229915606371 78.18645709860624 53.92674906071297 56.48931637365306 45.909322183193844 56.17728556285368 43.83212388472182 72.04420396097674 8.441118902159666 53.48156760296317 38.740330993579924 51.46128845857382 107.52363963478162 62.21180360054458 22.65522153957882 35.48329555584784 110.87734025117656 75.61494441877105 103.77037662548334 99.58381956018579 31.35477029490941 63.917692224322835 84.03183485242225 65.13747842638848 49.56387267462229 42.652823010503894 46.23492887511405 42.89696814462768 32.42272463662549 29.343239240592126 35.63043256562735 47.71518814690915 62.31099465048229 78.02108912377793 94.2901376655467 110.87235540475825 127.64575098276134 34.77630784017542 20.57565450044221 15.363463940159805 25.444586562840463 40.71277982964331 57.15195878129305 73.98563940780433 90.99514151624525 108.09749865490863 125.25468113488985 31.348131138088203 14.060843731640954 3.379782148708135 20.587669334633265 37.8813269332543 55.18017154873718 72.480489336128 89.7814286865221 107.0826883296917 124.38413461195945 34.06015728981738 19.34646195771028 13.681725085820934 24.470519972762613 40.11403531830038 56.72898771048575 73.66093265184675 90.732577870073 107.87762098813523 125.06587971322362 41.73195456626359 30.872153079926136 27.628491450090856 34.238679063009826 46.68994161799373 61.53311346507888 77.40418178086699 93.78273061490796 110.44321466651115 127.27496481985133 52.22147272019779 43.9785382072888 41.71146757730423 46.30643936744001 56.10197163317701 68.91502891304819 83.36567815129915 98.73751299057507 114.66063728963802 130.93407543357824 64.1611942682705 57.5963330867985 55.82754373781314 59.28566449165506 67.16817481698082 78.14752537175572 91.11095463461793 105.32841357402158 120.35631132630783 135.92610847105348 76.87825564489772 71.43351755067607 69.95654539272914 72.68960470327586 79.19803403791714 88.65420539212059 100.22722806829893 113.27010167114919 127.3319449001794 142.1105978590695 90.0437601467019 85.38334695756379 84.09180694485164 86.32048953843636 91.81340149597467 100.03426080714594 110.37520027854518 122.29961241723616 135.38975004376877 149.33938694764026 103.4865462881026 99.39824929912133 98.23046800207871 100.08548297969594 104.80290616997792 112.02169682091915 121.29607641404633 132.1941069982852 144.34850838246612 157.46862542543712
20.410507469088273 59.8456524795396 26.94283867385312 64.58881541385188 0.0 54.98129118868116 21.4655977993103 21.084647558464987 40.236729908756104 59.31915265888248 2.473213198826012 43.12879860847809 39.833169492405595 31.500619090059363 15.456720926041982 13.529336992721827 8.427162570060991 18.868533533531696 29.590046943066348 57.65258419071124 24.424716272206304 56.442921946022246 41.91195050137511 26.805968349629456 33.15243458686909 57.59269508736952 28.00111872143432 42.02960549967787 29.137251520143312 52.65133063539268 16.24689637870248 44.81662512033227 42.26080954824686 45.12296641474209 3.788991716202592 19.95120474830295 11.286432874613201 15.544640862269043 27.515228763586293 38.595344047036846 107.28805803481715 94.38196997995655 83.08957039811274 74.15179534073424 68.49665968159084 66.96109030595795 69.81743646525658 76.57579804548791 86.32452056002299 98.17680197011221 98.99431247759277 84.88188615586391 72.17129005830382 61.73455626382533 54.88456597989521 53.02994951834901 56.66335082282078 64.86905983904464 76.18368814633345 89.43496839481443 92.1273826876787 76.80184376617414 62.51638103737449 50.16750658950804 41.52066550743769 39.11340867765575 43.98247310050836 54.20113715694131 67.37785040736625 82.1005012722457 87.0257913265373 70.63101848057879 54.79693156513656 40.19175497688664 28.7534545602658 25.23599912941568 32.33667696068342 45.31198763612121 60.49299374356219 76.57897154165951 84.01183310849062 66.89992757241944 49.91918986361638 33.27106437425279 17.908515657939272 11.540326774815604 23.3314455530157 39.42393386814173 56.239219164232 73.28141635689101 83.31243149912207 66.0235500347508 48.74392925591357 31.488818374782756 14.346926123571567 4.340098958714478 20.749751612217263 37.96026196151526 55.22793086496762 72.51193536435181 84.98476009023888 68.11217943955178 51.52514665969529 35.62477646969177 21.957250935891295 17.1414482688198 26.53770598207026 41.39302645096853 57.6300932558524 74.3490744292842 88.89504315955801 72.91142426211992 57.6934295920914 44.04198893024525 33.90531964894544 30.954055515069417 36.95193291208296 48.69749562149643 63.05676612690889 78.610268855913 94.76660426261294 79.9344723954394 66.31013667808494 54.80193729283451 46.99121398321904 44.853091399036686 49.13378858146127 58.4393900424174 70.8159529515739 84.9313830803503 102.26209366454572 88.65430559014136 76.55280957284512 66.78155480721583 60.48070871627188 58.77714561536997 62.05067463055238 69.60255924177824 80.23367708898945 92.89276764358507
35.917503652944355 101.49974581688777 66.15151362131543 103.71065433896796 54.98129118868116 0.0 42.71895223017848 34.54206375218508 85.3773130971882 8.079654787190083 53.546092609156915 28.862836525997544 24.10653612507423 86.22289320610453 57.475477546016265 67.42176977514478 61.2362100174374 68.0116228100048 47.53344094658597 71.33396809200158 33.71153951438287 95.50906986117795 52.94910212983252 68.31096548207863 52.41997998165013 4.008562379060516 82.5321279648659 83.33733324759874 73.35985120885687 20.457095591204382 38.93403426602222 21.74258121303292 18.72903012778571 73.38744271304914 58.59202555338971 43.268417918676604 65.17133610998599 66.57169610531244 61.96176298323687 58.470307753321606 141.20055205072433 124.89522488992058 108.89785309344323 93.3668652357977 78.57928828513856 65.04415022830688 53.7166856639131 46.24853583527953 44.621471553146094 49.415870818118854 137.35488067199822 120.55080245448451 103.91023860873022 87.5265010753835 71.5761697835942 56.427978512539575 42.9394273943175 33.199112620249096 30.97219269773456 37.61756704199759 134.86336733503916 117.71733162349844 100.62467234215903 83.61812846045214 66.76354045723505 50.214156026671766 34.41314865735163 21.113510829083996 17.493086706799357 27.65769385758926 133.8017169008456 116.50514786782635 99.21044839277974 81.91880258764613 64.63266141044345 47.35805296998602 30.114830195884245 13.0282144154474 5.592790045408042 22.170651470770963 134.20388268375896 116.96468697167086 99.74721507242373 82.56505844718988 65.44603795072902 48.45711439922931 31.807436768043793 16.554370329775214 11.623010181990283 24.3896412392588 136.05687908971436 119.07658954905618 102.2042302449913 85.50371835044645 69.09976623743628 53.267064936907 38.71296153203495 27.54482246942058 24.848576818143375 32.78562132445698 139.30279580839237 122.75557362515072 106.44857548913211 90.51173417395567 75.18081706655772 60.915046734782514 48.660425553317644 40.29562685798809 38.44924583522975 43.95063024917129 143.84732537895027 127.86639606910117 112.27768165643495 97.2699371979792 83.15830624283008 70.48310040364179 60.15921640740949 53.56393867224632 52.13214041836141 56.259443067986744 149.57208355172384 134.2455546088786 119.45970890032658 105.4422473855054 92.54299207595798 81.2959752821746 72.47453468799957 67.04306918795898 65.84588400907549 69.10340167213784 156.3474025777763 141.72179751128613 127.766615447148 114.72676537294117 102.95064789088543 92.91998519290811 85.25311686284732 80.62720856703271 79.57438110302533 82.23198912062793
10.403487632174036 59.53859079278519 23.548118303694995 62.47243261297441 21.4655977993103 42.71895223017848 0.0 20.160075373621783 42.67839588471968 49.17789318314269 21.9812456263151 43.53269325306971 37.680002309066815 47.297414259185594 34.39529466081861 28.839344052736855 23.02030241065811 26.422561448625867 10.291827987026334 41.39521375098076 9.577095614292794 54.071098986161914 22.7766553851176 25.60703753083237 15.651313816592303 46.23492887511263 47.499589624995956 41.02706423715765 30.64389068115945 48.520912878697544 17.43702358041624 41.695364264026665 37.254605320373294 34.80404380883233 24.898050723920587 29.418364524903158 32.40919394955682 25.996255888628706 19.846711057141487 22.61205650021905 102.67106743392918 87.62706926967304 73.58234355619837 61.228442178079 51.78982345948325 47.054780103258835 48.42335884063281 55.4454133944239 66.3495959723822 79.55530616449619 96.97468892539916 80.91015234732562 65.47918374412035 51.25721944354133 39.57006288616858 33.21122549753321 35.19786089814873 44.42411074045874 57.50497464424268 72.37990669376805 93.08300834571416 76.22463889179217 59.62094048947711 43.56408331096973 28.977819169818144 19.50155102060004 22.795149041936746 35.46320609789005 50.93496827218312 67.30389913118769 91.22733752198874 73.95770597214754 56.70776767108032 39.503329430290016 22.44924582668108 6.792475289974837 13.67553593878165 30.440373291577654 47.591237106395916 64.82244096584667 91.53161850774138 74.33100108329073 57.1915332096663 40.19152190625027 23.633844563569546 10.023572118747255 15.52735008417384 31.31195325598135 48.1507159471363 65.23233622354849 93.97486830925932 77.30628130942608 60.991453702378756 45.41326632507473 31.677801860009506 23.309065658364148 26.11231494669471 37.671003181583764 52.48873220360699 68.48168057770215 98.39784903386264 82.60282100262576 67.55014683065394 53.86581097869733 42.88048279054164 37.07631282617353 38.84941566775522 47.35618417024746 59.78834516072068 74.1983235074189 104.5495456108072 89.81080291562132 76.1580863684631 64.287081786174 55.35616150333906 50.936051229400846 52.185812056743444 58.744681562678984 69.11741611482648 81.86695166747528 112.14575519279275 98.51145206108664 86.20345141158312 75.87000034584622 68.41178216616657 64.82885156706143 65.75774571587993 71.02165386357353 79.76692662380364 90.9952906354892 120.91444052461688 108.3456514167943 97.24166647550577 88.15773637109952 81.76988767792895 78.73706779918035 79.44444868256362 83.7973643584271 91.275732734544 101.18895080250314
10.033805251413174 76.30633416528276 40.27567313091505 80.08602050897873 21.084647558464987 34.54206375218508 20.160075373621783 0.0 57.650321465217964 38.329017980452264 19.326240933595646 24.439506427663204 19.689808047881993 52.577694107591356 23.927555260495296 34.34784208070251 28.479640693803557 37.32430092204716 30.215035596858428 61.30241889472148 13.539736464488897 71.65596437587223 42.04832751068587 41.46759153982858 35.752925518497406 36.838791476609416 48.049096260409144 57.676275654739946 45.519466525009285 32.158115017153115 4.9791461865507 24.468618610997126 21.348202535524656 54.51978389098206 24.45550168096685 12.008882859310809 30.681660941847 34.90438231845325 38.06971628766036 42.757660193448615 121.52982700800565 107.03114554003315 93.49079082991283 81.38847840006288 71.45862757451283 64.70920402812445 62.184574532683946 64.38366350609105 70.86808545364582 80.61023221555298 114.85843882450047 99.42762231597061 84.72275562631287 71.19508897413009 59.65096980771166 51.443540274612545 48.30465407279659 51.175614372048926 59.18825508279319 70.61343855924079 109.59760143583779 93.32970730479248 77.51091579823964 62.48325893785748 48.980414499668576 38.63563302393927 34.42457045992843 38.42001745376193 48.64002681469475 62.08312535190022 105.95770648922905 89.04734426748499 72.3224377798003 55.949548885373815 40.35939250442009 26.946625669851663 20.544396693278742 26.771913731208848 40.12617628190593 55.69736268440494 104.10896296104787 86.84957708393323 69.61131586266396 52.41502588239285 35.32206061405896 18.619193845307105 6.664396336590097 18.462593622515598 35.157274263877845 52.24857787265656 104.14682717695962 86.8947545133234 69.66741319131582 52.48915990517849 35.43146486219995 18.824952721410483 7.216809239509303 18.668132584449914 35.265129529551444 52.32086481732924 106.0692782016777 89.1794672299095 72.48430442634186 56.15766035514789 40.64606574609759 27.372137666230973 21.09683852932376 27.19615206573483 40.409110286709314 55.90056454862862 109.77732410337995 93.5397258626727 77.76250594142282 62.79364565731993 49.37392154295666 39.1309840300279 34.97701077672692 38.91344553877687 49.028856743894735 62.386768890240226 115.09846864685073 99.70353935704806 85.04490521596595 71.57637818285195 60.10342579514164 51.965060752201765 48.8570890852453 51.69491887080599 59.63569391290688 70.98710592794426 121.82144493970553 107.36063822965662 93.86609125266286 81.8173195945601 71.94441421846454 65.24276160726086 62.737001845203096 64.91486049009691 71.34872863520474 81.0310884574036
50.971439344875634 19.731381908863487 19.297934264738945 25.061158888289636 40.236729908756104 85.3773130971882 42.67839588471968 57.650321465217964 0.0 91.81147518765108 42.70992543395803 81.85034956198231 77.31747504421212 28.0842820200308 53.25435749109628 28.91499389066137 31.921198687775455 21.368368443345812 39.54866433934792 43.01490767731388 51.985877721610684 17.76466037163444 42.418595308218755 17.071358353887305 36.60368440848006 88.9133247598323 38.49994797370068 6.661516940952914 12.239117834928527 89.46947220398027 52.87892003947821 81.98431992690362 78.2703492798495 24.674611450001425 39.19837644611664 60.05283045015998 40.07985656883815 24.84534793659185 24.00681797530869 34.39454594639061 67.92641642166603 56.81448014818802 49.40116237245456 47.452788281592824 51.59226657526763 60.58431651617709 72.64887767656838 86.50989556112394 101.43356059257603 117.01399480760091 58.85206507038141 45.63675415389674 36.06340614449813 33.42354502757042 39.14595289572113 50.46172867067247 64.4908881867173 79.81523303270244 95.81532421890135 112.2024485128827 52.10905162032818 36.577621777309744 23.647481198490183 19.47295861524948 28.247135527021403 42.60653719533432 58.57853835748993 75.14176667087597 91.97737134045357 108.95916839296754 48.67619328688542 31.520200349516568 14.710123882011766 6.161650473279828 21.406952278782416 38.435175979264436 55.632556804687724 72.87944482549979 90.14742956342907 107.42633807909282 49.250645528170885 32.396297412713345 16.496281141275293 9.666835121275083 22.660126110933707 39.14368574616691 56.122082610608715 73.25204013287743 90.44748650469171 107.67705164380779 53.70396015226728 38.80609210372681 26.952202351288502 23.358951554433283 31.041440088698437 44.499577152457235 59.963027855488676 76.2209159698963 92.85689167620369 109.69907753009262 61.19504080386125 48.6075572036353 39.73994233543035 37.34351640639889 42.52670007926777 53.11505457877673 66.57780882058779 81.5028038343256 97.21890885664213 113.39767302030606 70.76557694414898 60.16521725994174 53.203764219253976 51.38217937986916 55.21156455074866 63.68049963682037 75.23826074051576 88.68532232407343 103.28638624288965 118.61605895101889 81.68781390072107 72.64551679260488 66.93680504971279 65.4399971014667 68.43203315141078 75.38027389156646 85.32362400079326 97.34859281411336 110.77937002118635 125.16421896955096 93.48906616082266 85.64592347706235 80.80176657802687 79.50666207018753 81.9290894770684 87.76174935018999 96.38753110559877 107.13388918982056 119.4297568834865 132.8455720026656
41.42268891594688 108.44864683786555 72.72358545126338 110.88392482328865 59.31915265888248 8.079654787190083 49.17789318314269 38.329017980452264 91.81147518765108 0.0 57.648794813779055 26.893543209076412 23.85416070190901 90.80209419845978 59.86475370163755 72.25009395407059 66.15548795045298 73.64360031179245 54.770831442772945 79.33143428998572 39.837978908178606 102.61458238358512 60.77779716206411 74.7519055061346 59.832001914086085 4.192551688876653 86.22512330309048 90.1108300118065 79.67606258782797 15.980050003174176 43.07398081401813 20.081739873565063 18.987058274821248 80.87796108194121 62.771546058108086 45.364587528880755 68.89574121465553 71.9114407667135 68.76162027015926 66.05933215679842 148.88366944632497 132.67954673608975 116.79074831326665 101.36566152650173 86.6522790114996 73.08172997023932 61.41630670781179 52.930972791237636 49.296193651772555 51.548455005467105 144.76330095819637 128.0604421840219 111.54034159570482 95.29809104758719 79.504162876261 64.48879806197579 50.945123809010305 40.382095142059086 35.563028273445006 38.696921785645664 141.91116294432388 124.84226516350802 107.84764924504518 90.96895623168518 74.28524632679107 57.96512675389864 42.43024029182066 28.97250311496419 21.844858804587155 26.71518387672432 140.4046059055218 123.13495353749258 105.87583998723777 88.633421971999 71.41979260037199 54.262356628269806 37.2388668704167 20.682754939869984 8.2178333632817 17.492927303502036 140.28700932411465 123.0014624925345 105.72127510059184 88.44958838733768 71.19258954617723 53.96437130276774 36.80537158255209 19.89549768097372 5.9782708232427835 16.563878154512423 141.56183637906537 124.44685862456399 107.39180353456332 90.43058140772379 73.62806790607344 57.12448210692694 41.27992576286454 27.268476829837613 19.540192652515636 24.875292396841587 144.1921419569537 127.4174013939264 110.8048858940248 94.4402429177701 78.47868762472075 63.22624079390676 49.344896629478264 38.35346538080823 33.253059633803275 36.59578976153789 148.10568875761044 131.80997566747152 115.8065071465917 100.2353594241716 85.33352348295409 71.52059809005007 59.55908362753141 50.77475459676929 46.98478196921195 49.35348558701374 153.20411487483952 137.4882932066501 122.2017030166943 107.52756469482674 93.75389920711635 81.33944653542696 71.00079582681886 63.75590916045128 60.722437347045734 62.51646456398147 159.37367743963168 144.3005732396607 129.78454523828646 116.03485380670362 103.35779014619108 92.19687978092757 83.16479345752226 77.01420305898236 74.46259764161152 75.87394674797909
19.710397867452148 62.31688542284759 29.214562106934068 67.04702699038532 2.473213198826012 53.546092609156915 21.9812456263151 19.326240933595646 42.70992543395803 57.648794813779055 0.0 40.84819173254391 37.71975151025439 33.31679722587221 13.591233677314557 15.761131652051008 10.879206197246821 21.34169305107289 30.64969874822198 59.33674686847266 23.94173757443303 58.889898772412025 43.13152136977821 29.16517458935837 34.50307871599736 56.04776276625125 29.09098059818914 44.47578186212578 31.58591193680147 50.56374894915341 14.634547944456092 42.71907902023739 40.31518716935313 47.22194389667471 5.133836312965589 17.50811210991867 11.911742540170273 18.00396846059023 29.56580928563562 40.18282871537575 109.7297265745413 96.76373446410648 85.34939078841558 76.18731847317049 70.1654278994187 68.12164000287014 70.40326121219177 76.6248740953736 85.93494201391168 97.4522856344523 101.46463776334843 87.32508964847118 74.5316645624812 63.89809025131038 56.65387919863711 54.176169060261344 57.08898085603138 64.66796232765167 75.52111057979569 88.45128664835225 94.59246430699498 79.27484468067243 64.96132190545026 52.480008932058446 43.44001589175134 40.23212986248267 44.146565158776184 53.64624690310509 66.37489018907317 80.82102410676129 89.43498702188982 73.07344694469272 57.267360714741926 42.63898179173269 30.908334530309148 26.29216097749912 32.03030634465014 44.2641336797923 59.08804233097274 74.98126547834036 86.30025535865188 69.21970635372865 52.28493356450014 35.703972684108365 20.360400547558132 12.370570437090052 22.14111498717709 37.764266049583036 54.412897966356745 71.37296405057054 85.41132060435353 68.11333307817426 50.818030162715125 33.52956646277212 16.269758932041505 1.9727836157942014 18.487625202967703 35.754807887313184 53.0446404402422 70.3404226797968 86.83719203987104 69.8849483673567 53.158503608673755 36.96565181638257 22.490103005877376 15.616096277190453 24.096319291201766 38.93732341271274 55.22961267667528 71.99456569056584 90.46846560199214 74.32902424741661 58.85383368451751 44.73760107383832 33.73190592103775 29.545546552280967 34.7382567477815 46.25216707849464 60.58455870748212 76.160513816411 96.05529933719365 81.00685455480114 67.05449088530294 55.03819873525201 46.48447269141179 43.48693357894296 47.11820128302943 56.105620944023975 68.3685660235305 82.45838494541263 103.280757267565 89.41929928301799 76.96365853225794 66.70604000617641 59.78866280832877 57.431437524384215 60.17269497435951 67.39312882955281 77.856353593322 90.4438343087523
33.17264270390194 100.70022292517096 64.71476412963088 104.52546423298824 43.12879860847809 28.862836525997544 43.53269325306971 24.439506427663204 81.85034956198231 26.893543209076412 40.84819173254391 0.0 6.806150579532808 73.275216762608 37.85923320134514 56.6093089221464 51.358273327076766 61.05867295999394 52.77273972284157 82.92899986243864 34.802282268733855 96.09538237463107 63.18661208878965 65.88308957359558 58.454082795416866 28.305903568390182 66.19646078507787 82.09299158213629 69.81325226810249 12.410560051134528 29.01410419651236 7.123652141342923 11.148673735449368 78.33188425474685 45.676297624385185 24.21620342280753 49.8536386809846 58.252163584612745 62.382598616810824 65.50399896031485 145.8469874866802 131.10260448181694 117.06036876926076 104.00507133434681 92.35620002603122 82.71014688012912 75.83506448037491 72.523330776758 73.25979732223018 77.92977733147252 139.29786425455205 123.81035544051363 108.8706113167461 94.7381267968943 81.83221918224241 70.82660722340884 62.72958833539439 58.756199522411045 59.73506072338947 65.4443331743678 133.90389942741507 117.73749707573867 101.94452374910404 86.72921881650187 72.45641890270593 59.804779522238334 50.01994039560316 45.01200940568352 46.355919950126456 53.57579125149024 129.80925536604977 113.08075114521296 96.55453734166859 80.35552242344089 64.7298245613197 50.21552840262247 38.10455745795972 31.321305954992386 33.298648857786944 42.84022322706536 127.13959241885775 110.02015150452172 92.96829392174376 76.0295059395291 59.30075912824058 43.02774051797943 28.01615669792882 17.80830646979404 21.167869134297902 34.318125665818286 125.98556926688534 108.6906637973824 91.39841726892311 74.11069093693335 56.831609975198745 39.57250084258313 22.379618022642976 5.867310464216942 12.911890282554586 29.96200992248156 126.38872606606016 109.15557903499214 91.94826729245358 74.78462641132259 57.703638556584366 40.80922106167298 24.490573910467333 11.528094512347884 16.27018074661681 31.547641208006706 128.33438253545177 111.39242521723502 94.58087418231769 77.98411272046177 61.77550180271562 46.363931236419035 32.889608191629165 24.749732219128507 27.241198091636054 38.34484597234218 131.7541936687241 115.2980884298359 99.13040565295243 83.41901424479798 68.47870496541074 54.94215697965007 44.12090975037483 38.384570138116054 39.985025397907826 48.19684399773458 136.53738956001564 120.71063796634267 105.34874405005439 90.68824627460873 77.13014026264969 65.36405317096354 56.52044535018763 52.10913954401618 53.24344552432261 59.607608108522115
27.472350694083353 95.81438677572238 59.61597846238266 99.39383404065177 39.833169492405595 24.10653612507423 37.680002309066815 19.689808047881993 77.31747504421212 23.85416070190901 37.71975151025439 6.806150579532808 0.0 70.81698159653654 37.013716477616796 53.351633133935096 47.75909783543933 56.965700525961736 46.57856195606975 76.41606915504025 28.63436059874523 90.9528382132868 56.6651608612409 60.97181882082928 52.25443220731104 24.34359135424414 64.66230354104832 77.15131207079979 65.15694242513354 12.862932167193565 24.57148586132034 5.017365384025787 5.387446275213729 72.44768059443925 42.75089196762356 22.600385032090106 47.74834854100876 54.41723840398264 56.953004209732796 59.27755002576035 140.28916688466825 125.30003517967359 110.98576193151425 97.6435965764633 85.72862193703385 75.91583071066444 69.10659992016257 66.23385100942141 67.79982266651719 73.52143194130252 134.1219381333479 118.38707467911757 103.15524575544754 88.68601984788016 75.41959705688552 64.10710755017578 55.94664396859197 52.4312198890058 54.467777461569476 61.50727484599409 129.19158091156766 112.79725160537679 96.71960322990437 81.1470863084082 66.4358628461186 53.30388744171675 43.21563662992683 38.63397948659682 41.428055485973665 50.385409400420755 125.6438610752772 108.73490206379252 91.97221654274892 75.45335574310587 59.382150165116684 44.24908148042724 31.439358355870635 24.851476498664645 29.076951402733663 40.89074357310849 123.59794897895152 106.37522852505056 89.1831739129507 72.04374218567924 55.00614584352707 38.20686308150573 22.193821348156423 11.139122006701568 18.823054631751653 34.39836835958339 123.12875937916593 105.83221725192838 88.53778060670996 71.24698270918127 53.96332142910974 36.69688186018434 19.493480473204837 3.470444893494107 15.582225728665787 32.74570343816028 124.25416157521586 107.13350304830729 90.08213209018152 73.148518839001 56.43875738106472 40.23273668394291 25.509314131168356 16.77764446581907 22.60455352845527 36.59446087371041 126.93173302299783 110.21376078147468 93.70800565501524 77.55009105801608 62.01251457180842 47.70530730615651 36.121320132920054 30.53542586034982 34.04091271067192 44.540591433461934 131.06634305923117 114.93000202991362 99.18734000637265 84.05983247706695 69.94774065298394 57.60226885201876 48.394837529957854 44.32610055601994 46.75735289545522 54.83065636478457 136.52562279851134 121.09116042260766 106.23365570195683 92.2323538407153 79.54069151408237 68.88637847047244 61.34037570779203 58.12613238713784 59.94455656506127 66.38335241927855
50.64779015354454 44.53003926095722 33.13240314309243 50.85229915606371 31.500619090059363 86.22289320610453 47.297414259185594 52.577694107591356 28.0842820200308 90.80209419845978 33.31679722587221 73.275216762608 70.81698159653654 0.0 36.92731883165388 18.92899120713039 25.145278341720292 22.160297413803065 50.366954959301104 66.76328956906448 53.843661489495304 45.027988910486165 59.02705724378614 30.510820130605815 50.58250117405246 88.97714519166998 11.788735343134205 34.123755707127295 26.982836966443944 83.67924730792983 47.742996520874875 75.83371872420025 73.61986515598268 48.87910135005029 28.192432721470965 49.080155267428125 23.506751536719438 21.429252872642895 37.92394875972929 52.19255573684449 92.10982867410999 83.27481859204255 77.3553890143495 75.04467291357072 76.66965228213834 81.99667160666661 90.37343997545472 101.04429264410051 113.36324546722894 126.85104529733141 80.89030040213639 70.72900751169163 63.723148399647975 60.970337988579686 63.03030954298838 69.4762769716923 79.24507263278421 91.27598449212641 104.79276924851835 119.29140355195872 70.73883821114468 58.90988600223466 50.353439824612224 46.89633175085307 49.616184429858286 57.64519389522143 69.15832413465867 82.71325172493488 97.46175157667 112.93718088066048 62.18094610188796 48.353528975698076 37.528199816495075 32.82340794865789 36.67553337188969 47.026818919616574 60.63544308468887 75.76609089276211 91.66816465312439 108.00144722661368 55.952813868948994 40.07088647231064 26.06427408109863 18.75443152864875 24.956419984580336 38.63455671832974 54.41642146515602 70.91104818839207 87.7172643388741 104.68510901167257 52.88417225670337 35.682231585361414 18.666041992456805 4.725896056446952 17.174415871528026 34.15114236214204 51.34543782916845 68.5938841604373 85.86385385991545 103.14453622102207 53.52130137572836 36.615647357904116 20.386140643978944 9.444416218534322 19.01348030998558 35.10756382494615 51.983485939082925 69.0705273721007 86.24329458548046 103.45910853501591 57.741653001619014 42.52207569753331 29.679390892066557 23.501413950578687 28.678869634150406 41.1260204878267 56.20438106296659 72.28572633633236 88.82697172036302 105.61224583217758 64.8493281299602 51.725031212002335 41.76396791846209 37.57240804375403 40.961559340940106 50.42538555708834 63.29531057642804 77.90109011238181 93.43216794890942 109.49551060016663 74.01707839359601 62.791313536555634 54.82399759998125 51.64584073897177 54.10744416498665 61.53566980300712 72.41796943878825 85.4446395771917 99.7793117953625 114.93361643546005
29.18543833915723 72.97165747867632 42.12230670235961 78.18645709860624 15.456720926041982 57.475477546016265 34.39529466081861 23.927555260495296 53.25435749109628 59.86475370163755 13.591233677314557 37.85923320134514 37.013716477616796 36.92731883165388 0.0 24.383332051641446 22.122062959587836 32.44205607389817 43.76884917133972 72.92222739615836 33.76791475606906 70.31997465072118 56.38516412710153 41.68558254410173 47.92098580900184 59.18748385295677 28.514325820519723 56.031339653553964 43.263519857193636 49.44149000201612 21.190669998011032 41.864730247580276 41.071844272070706 60.532691959767405 14.625535759551987 14.52351937661024 13.986235565161502 28.696235094878535 42.96234722230755 53.744791622170226 121.07765528114841 108.85853555349999 98.17965232412567 89.59346355615294 83.74613130092344 81.23128411185745 82.35477972704072 86.97573905461881 94.58292572570866 104.52636848021388 111.98979537517451 98.7005280352084 86.83643003373703 77.05860307831703 70.24373578414072 67.29805277135291 68.72091950913567 74.26165249282914 83.10061771729657 94.31502361749016 104.02607440394077 89.60681079398017 76.39395633137431 65.12597197794435 56.96882943525838 53.36855317086892 55.223700049086176 62.04684734839146 72.44767162394751 85.12472390844347 97.46257156387577 81.93268085306883 67.27318570584835 54.19506274317422 44.127475840556485 39.44704564419169 41.99536502703557 50.693766334140136 63.04610371905526 77.32056925998741 92.5976202006506 76.10889586361203 60.07927445222961 45.00205366733254 32.242221951052535 25.546963516780853 29.401432619004478 40.92617208707294 55.53529787310974 71.35893416011953 89.70806319471485 72.58232035129434 55.56584210164832 38.80264610595135 22.856964729878865 11.745181309347286 18.766211306643026 34.13363509956104 50.76172139415293 67.7282262292391 88.9865854476914 71.69281198913099 54.4042256318977 37.128073162139515 19.89676961944655 3.461595047854442 15.059794609859985 32.25408131596376 49.52340541412847 66.80960395419447 90.48507319798956 73.53614115768596 56.8004570785852 40.54296579671722 25.688217340956207 16.575561168070088 22.098104652647464 36.064047384649214 52.07318966219168 68.71194170388189 94.09750796396808 77.91857090826673 62.34561301127855 47.97245369192131 36.25529267391558 30.434277759452016 33.71577317584908 44.11315610086638 57.912837986977024 73.21565507704948 99.59407844430459 84.44565530018686 70.29837059165577 57.890906778786345 48.5752739437852 44.34480083467542 46.60546593230323 54.55622347445269 66.17701682663588 79.88189759556758
