0.0 15.537828917498897 49.44400067751332 7.772565962805127 17.48297472867778 13.644226013090789 29.27173129703332 16.95433410758759 8.308542319943081 44.84034760058997 42.828491313586895 57.107450081406945 11.380905569259147 58.04151165002008 51.879835481667776 11.758159113017909 45.101400553412574 6.313942903080156 45.62815774653802 5.2055209091242265 30.40578000632131 42.200572240103625 47.81369574080648 47.25009397243916 10.857528477287458 43.503789018782435 26.843187511370587 16.231201335900856 59.14907801076742 15.02609309200558 18.644224929971518 41.440281143721414 16.72442607872997 21.235521614406128 56.1917060895139 7.644570728101018 46.14687221151471 65.61313009263377 34.80756363221711 20.862210587815106 92.4799141236371 78.15254523497424 65.28252912436177 54.90445667724685 48.64044191095441 48.12471597580751 53.52369996932919 63.3426167851988 75.88471661669286 90.01886359320696 85.98645128981086 70.3865033135004 55.79926471091391 43.261577482195484 35.04680129023551 34.40494914400664 41.68729807775648 53.76494366139494 68.1338063167363 83.6209902465167 81.44768118647376 64.79037845441277 48.585730605671024 33.49723877203497 21.960612488740374 21.00437347526848 31.60396522551093 46.42358494914376 62.53158857515409 79.14519321189343 79.20044357061748 61.955072581024844 44.75338223859538 27.6769375402562 11.308137245454141 9.404706846002757 25.450667973531917 42.493975293919384 59.68628668966974 76.92776577971952 79.43948283428553 62.25896419102267 45.17121954609705 28.344537258762756 12.849115671440403 11.202679083947624 26.16512044254902 42.92365665785774 59.99150221472959 77.16368082888123 82.14309309275752 65.65847554851261 49.7322253757062 35.13209688143338 24.37099470237953 23.501865783943753 33.30827478145173 47.59470352403193 63.40174760343977 79.83118786391256 87.08198983953437 71.71467888761896 57.45802397460016 45.37136770987754 37.60857128941324 36.999397276235946 43.84305305278562 55.44527338691256 69.4611439483386 84.70082546152865 93.90407411361191 79.8250962747874 67.26676779406917 57.238896721614 51.24905599882473 50.74782141264803 55.883076239518736 65.33908658903323 77.55111512339447 91.4213097234794 102.23295289134263 89.4324902830006 78.38020993995312 69.91021122333233 65.03930571315455 64.58698222890774 68.64064823897601 76.48720310764413 87.10763008427807 99.6186705860276 111.73206431432897 100.10666752622718 90.3178781768993 83.01793120769688 78.90068589351534 78.46873973729036 81.78050835315418 88.41630803157896 97.70117222392209 108.95998407657859
15.537828917498897 0.0 34.128907217737535 23.31038067094521 11.341903959416355 4.423344894847989 44.26954360947222 30.63493759185584 10.742461846325496 48.06571710565789 58.35947280607321 53.66708137061289 6.856817621976789 42.52356340221305 36.832092271695 13.189284668026062 60.40679250191295 17.082798091501463 34.53748732397264 12.864336045147198 44.10547107174424 44.675170771566 33.237401700175454 31.812279479227918 16.934952394427977 57.70146896856451 41.59543172282843 28.6502287008192 43.65148328782059 20.201069231008834 3.1064005674425874 25.936370276635053 9.910000375528059 25.32160646983499 40.74428857396661 12.86433604514719 61.32964086133501 80.76818165713804 27.06340541853377 22.31858038651454 107.88691768783764 93.27203019165684 79.73992527962629 67.94070363994143 58.92471636576496 54.101798924310394 54.594748422793785 60.27327703288859 69.88453873040356 82.05808334958365 101.5242440432978 85.86825967508514 70.98062946633715 57.46170331769658 46.520434068921546 40.3132741524957 41.047231441501665 48.40760471568644 60.00352513592765 73.86647217918971 96.80977877472624 80.26581333074479 64.12315217945314 48.78182893083483 35.302483693436045 26.675348333813663 27.849477468513292 37.925227943153025 51.95924139671109 67.52712752052258 93.991934702106 76.85969849746023 59.825208967496025 43.004777801004145 26.804460641086177 13.647718404550044 15.898246314869706 30.29787393488631 46.71060912580186 63.59649169307056 93.24286236829099 75.94605370283288 58.65226634002756 41.36528984543726 24.099785155892153 7.01610066285666 10.787273791394318 27.968168809875596 45.24141068416079 62.53051733510175 94.61172259395175 77.61296443480971 60.785514678825976 44.32491050703307 28.86570523026071 17.334143640093092 19.14232178572225 32.110695745776255 47.90070385199269 64.47146987658668 98.00979604922212 81.7026138753403 65.9046532345825 51.09049552935015 38.41566556145607 30.65937375918098 31.66923191023276 40.79941803462182 54.0828437290032 69.16664421008899 103.23685501606278 87.87734828215154 73.38741455982867 60.39620069049288 50.083866339114856 44.35978409287401 45.0099032410937 51.79475361933518 62.755125550431956 76.10794459676343 110.03248315732246 95.73448143915265 82.5937754359717 71.25355965268189 62.698524734929954 58.17076123988719 58.61115202024698 63.91708721199678 73.03573202686195 84.74514432130738 118.12618994325358 104.89654066247905 93.01322539699571 83.05615159930589 75.78836917756293 72.02859051350896 72.32597849272054 76.6333141870044 84.33843066044815 94.61482597124977
49.44400067751332 34.128907217737535 0.0 57.15247209203999 35.74160357275231 37.372284075322156 76.7197358371518 64.57960301857706 42.70532855003198 63.38874214879658 91.92041455689771 54.804924678009094 40.21036090130664 13.063463706525878 4.332283364535811 45.490730851366344 93.17522082651624 49.29919069631852 24.14695539338195 45.73380980645143 74.74376468748468 59.64668395019389 7.5454538269203715 3.175482798269185 46.76751161389124 88.44464313973496 75.7010235581648 62.28133220345892 14.613716222071055 47.72528633472837 31.094861827891272 8.945640052960533 35.45711291834299 55.024385682842464 7.219753564522683 44.63665533231144 93.79978099093806 112.94439908055158 32.03559469357978 45.1613991142161 141.92391383775933 127.40010900817687 113.65678866695774 101.01302304284955 89.93377240228321 81.0630828021234 75.18677243559185 73.03126376036448 74.91840631600346 80.56461446994426 135.11005330057094 119.79886607072135 105.10711908284749 91.33422695595131 78.96247151353576 68.75244842119068 61.785295848159514 59.216912829774465 61.59999277674284 68.41908957310469 129.46583266552722 113.42525124864183 97.81552474657654 82.88045372704202 69.05914716200408 57.165247063992226 48.634027240005835 45.40237006937916 48.5405529317833 57.006129657881864 125.14968916412752 108.49593099036557 92.08147524131776 76.06140822711309 60.748549433038846 46.841684351649796 36.008460472604035 31.58771527642558 36.023145132627185 46.86426049963679 122.30237472974164 105.21417336714077 88.20932910344227 71.34746845706069 54.76083290479734 38.80397449359337 24.727719334191708 17.773120754511773 24.8801043035518 38.99830008948146 121.02764323199945 103.73650946659014 86.44969573868467 69.1704410662036 51.9062950735219 34.679829097218885 17.602021223488833 3.96046500805366 17.89561236717211 34.97905270158084 121.37507087079632 104.13978505191187 86.93097812973191 69.76824644999851 52.69662790936479 35.84653539092941 19.792087617520224 9.858625218653518 20.03425507378087 36.11458691078091 123.33094447568617 106.4026098221634 89.61707279867676 73.07280578616363 56.98035628545477 41.86404075009398 29.277050090932434 23.67285924315623 29.36620023243555 41.98873677611952 126.82084085647683 110.41067971978613 94.31976150536684 78.74403671708296 64.06040837041553 51.04463945236358 41.30473589450735 37.48751648383208 41.270489108731894 50.98920812034343 131.72284064296255 115.98314883466783 100.75701237311269 86.31663184882566 73.12897502398857 61.998658901822324 54.20812749591264 51.30213573664074 54.074003358789156 61.763963691562175
7.772565962805127 23.31038067094521 57.15247209203999 0.0 23.99563748377741 21.226149563937764 22.05947727386233 11.940068326429857 15.073690176041483 45.20583967968576 35.06242402262156 60.291181292462916 18.756698437365465 65.80693935266345 59.50515621355451 17.35574314010826 37.52126617154041 9.759082314177691 52.046754762621106 11.7981185965556 24.406743105306468 43.08203213909126 55.30660273793379 54.99520662123212 14.661523157441513 36.820161306106435 19.907520999762642 12.858856782784256 66.90750748547083 17.78523552212253 26.416771564052876 49.20469301266782 23.495382664833038 23.15587442192844 63.936936990492605 13.64915093436783 38.66328502248108 58.11300840812926 40.4150108878255 24.200916649672745 84.78795393335501 70.6523426765449 58.25129843956548 48.922161287018355 44.63458088828658 46.79548704922074 54.645157665400504 66.18967257287514 79.8420697697884 94.69500148129417 78.21397916149527 62.65051098133619 48.28514818426241 36.55863185635159 30.664647566269426 33.805571680714266 44.09106215650008 57.826774651648336 73.09281079674923 89.10606675568208 73.79394637453372 57.0638333756764 40.81332989547749 25.959333089265705 16.755844096524772 22.053160952686675 35.925447308154276 51.90034566584177 68.5227426174363 85.41544878421328 71.92611955360357 54.63832668455033 37.36362380939534 20.135729385531132 3.6835287483298007 14.845967217647006 32.030464774186115 49.297182243087505 66.58218420118595 83.87416706785592 72.80721720492247 55.7878785038325 39.01790430222886 23.04819475954446 11.779416987803028 18.574256508306377 33.91112358008952 50.53353893653713 67.4983390150223 84.59979869633186 76.34210706641063 60.308384166365684 45.219415128634125 32.422218043237145 25.61865249366988 29.328158872196482 40.77593487047244 55.3527166519468 71.16094456482486 87.53597681136415 82.18904096336533 67.5261481329225 54.435547692571255 44.33263997734804 39.575788382007346 42.02153053744193 50.636755181403274 62.936943568731245 77.1799371599952 92.47233358086943 89.89794814994775 76.6831966302716 65.40400411960289 57.216731906965784 53.558609123888886 55.335290352983115 62.08191082414554 72.42259654665993 85.05645698714382 99.11038696946777 99.03487398324825 87.17039761960663 77.3830821156466 70.54286494680615 67.55102821528807 68.91065412493194 74.38350833224072 83.16144294340454 94.32622166434408 107.13420468972727 109.24197624484172 98.56395310805804 89.96986883934727 84.1010268334805 81.54795582382934 82.61862049746195 87.1796121576862 94.72810600861226 104.6194261526277 116.25710970477702
17.48297472867778 11.341903959416355 35.74160357275231 23.99563748377741 0.0 14.86526386710868 41.22643333456072 34.43673922938653 9.17853822547617 36.981437253814676 57.09228704981208 42.83408032602202 16.010222287254003 46.5712541901458 37.2615878088284 21.9624105970958 57.70159361736819 14.63002883526945 28.172196553188158 12.408266079254597 39.01492811318782 33.506253483573616 32.42769752989915 34.25412888280605 11.14504900606495 52.73669480502523 43.87790739516157 33.542271891599896 47.915485998502994 12.156799922586204 12.300213727980378 29.329045970867373 1.437605396636114 34.4152120310412 42.910849475474684 10.346589735711353 58.20671170618406 77.23963723390061 17.715091851747935 11.785147608578523 107.76212772619928 94.28221233330856 82.24529762264888 72.37497100664866 65.65575301740638 63.10240414933062 65.20615725301501 71.55743502298692 81.16516555364286 93.02577986915887 100.05229441853508 85.40641846545799 71.94965417522268 60.480996033244736 52.324475639915995 49.15742411374295 51.90140330212268 59.74747449602606 71.02441465557507 84.36750541587598 93.84190263346646 78.07438934186939 63.115967557609615 49.70259509199417 39.4433526165429 35.2124364543406 39.022567895407555 49.03379893418526 62.32634739255471 77.22396797109205 89.44392987232564 72.75448153357753 56.43513051306113 40.930974939182555 27.64917437446823 21.267824486760034 27.1822599117212 40.300639326314446 55.750508401128776 72.04726382382161 87.13331646809313 69.9076586194218 52.731963448393586 35.67846052107941 19.077695399282423 7.326507961229902 18.496224388491196 35.06075091776287 52.10677051754203 69.2797817056048 87.07642196539604 69.83705702627879 52.63876132712144 35.54120484995688 18.820963803522467 6.632759831054671 18.233806943038672 34.92367844989343 52.01507767447192 69.21117455051457 89.27755598870101 72.55078308143196 56.17349705664544 40.57115897890192 27.11618766926577 20.573474428552302 26.645066896894683 39.941993607506106 55.49304136781911 71.84917501707588 93.57748402127172 77.75782905425972 62.72576973746457 49.208456038080485 38.82177029453179 34.518043088498324 38.40011061499595 48.542243855620754 61.942216044411474 76.91576278644072 99.70497763861249 85.001146432 71.47033846992368 59.91265079189161 51.669567703281025 48.46302493972729 51.247316065737984 59.182869814764885 70.55238346730991 83.97242168708834 107.34745564040867 93.81014871501931 81.7062190291184 71.7646355189772 64.9854910855786 62.40800949874827 64.53758366347171 70.95163294917236 80.63413165983394 92.5650399232145
13.644226013090789 4.423344894847989 37.372284075322156 21.226149563937764 14.86526386710868 0.0 42.90373842070398 27.21454910560581 11.435323818410536 50.778991837246664 56.17345996421804 57.60415901748338 2.838512128875592 44.87312593047122 40.32835376090846 8.85793714906697 58.71639706767815 16.784509075864335 38.95061252703344 12.489197077916703 43.55270117788187 47.516545904767106 37.04296556187696 34.86979659140463 17.929398248454465 56.91841194448151 38.447780588435656 24.95436703532771 45.90614035139961 21.739353050848354 6.643181198358442 28.858128618801306 13.439688914053592 20.898329590665547 43.73263151694689 13.335627624592224 59.78697609861853 79.25285626126352 31.328628047630385 24.886981507997426 105.10644248436508 90.18963343766411 76.28680994195128 64.06158307823536 54.651597835128264 49.68309098254532 50.484884643745765 56.81319643938829 67.12269859000536 79.88664285332148 99.19337608530311 83.25661058008136 67.9904994015173 53.96721477058184 42.43724766129135 35.889931260038104 37.0669907124715 45.371179100230506 57.80859316061187 72.27607108298139 95.01970936452518 78.2610641023138 61.80254433606001 45.96766432747441 31.705034086123874 22.273382196520117 24.201431113561803 35.69350538707269 50.60686446594553 66.68428960923421 92.82043829099277 75.58818941711557 58.39716021262788 41.29885699585016 24.488286672513066 9.616137783801095 13.5638252101131 29.566838341549804 46.5094810918139 63.64573088644635 92.7361717725407 75.48516256624154 58.26435773258995 41.11173066229773 24.172852869062066 8.7859339477172 12.991222289035715 29.30980176523985 46.347281518940704 63.52786735437477 94.7725527920338 77.96217379057794 61.425368471434176 45.46166310049844 30.970329385098236 21.21959855766901 23.2399009045801 35.051764513900764 50.15845858262284 66.3462682414673 98.79851177653782 82.78792944005025 67.41842793445208 53.24805556954297 41.52317727992876 34.80949459078766 36.026870648214285 44.5295153412521 57.15354667120981 71.75573768238903 104.58448218748097 89.58359681038796 75.57267964731004 63.213457344547024 53.65961851156403 48.59496185066836 49.419511985580556 55.87314383201134 66.3327251628534 79.22723548327818 111.85760544601266 97.93989197635919 85.27025051740559 74.48827723495091 66.51831256918621 62.44648115285988 63.032806930172995 68.15717959543366 76.91789226813327 88.23841459909865 120.34846642295129 107.4933658112718 96.0446729392918 86.56223131798548 79.75052204292622 76.32795573343704 76.74928710989207 80.95452119798264 88.40532290430157 98.36693000079077
29.27173129703332 44.26954360947222 76.7197358371518 22.05947727386233 41.22643333456072 42.90373842070398 0.0 24.773100697468863 34.229141352911256 43.83995061110158 17.027196337530345 64.99373332102526 40.62210531894336 86.53373521922623 78.46367705976155 39.30270559423471 16.477131516353843 27.558410884267076 66.62230914538965 31.50200540868522 8.234407067127533 43.50024663523227 73.64078692228925 74.93653236707141 30.081702949598643 15.32174234822714 20.081247262450734 28.18164326420605 87.73538634905891 30.134758299396704 47.31095883936214 69.48443383127835 41.33448829607106 42.3890997956265 83.78595142568686 32.196305569835204 17.124383625397712 36.50782390571715 53.53872851649395 35.12635012197006 67.63835834098674 56.03948544433645 48.00628909840787 45.469628451850795 49.28563568158588 58.21824552431603 70.34456477673464 84.29741947104776 99.30989638129108 114.96764572133637 58.98294956106405 45.271144589382956 34.90950440269056 31.40985887565919 36.785781808817084 48.15098154466909 62.31010412309281 77.75146236282583 93.84422994939104 110.30366204894189 52.77402543572734 36.861349410748446 23.046312904263825 17.384422193529602 25.923268890120603 40.503404095403674 56.63698222087241 73.3054016102641 90.21268310913226 107.24591656826166 49.93281149872642 32.68457469486594 15.556051429777641 3.796525184016945 19.635427806526362 36.81575751091972 54.07368612685209 71.35292997397971 88.64102467075357 105.93363699869688 51.02505467146895 34.32269952521397 18.741724051410213 11.098187121989367 22.221618159482627 38.25106389514388 55.056339179453396 72.09694929616934 89.23817978316477 106.43142573234842 55.82031718664528 41.08596298208025 29.307259012809855 25.069603923481147 31.571588244507026 44.314285067391474 59.40923388759779 75.45772865959319 91.96190021432449 108.71441441097252 63.48490520561561 50.97352356087802 42.01158311848073 39.11971657306343 43.525135613069644 53.45305166435106 66.4734994638686 81.11060119518126 96.63249566209444 112.67410929619528 73.12194826976808 62.52012453478931 55.40227733953303 53.186073426835726 56.4517864053314 64.3704099701294 75.49168749300948 88.61794282536053 102.9853601712297 118.14198549695024 84.05562120035356 74.96289260860588 69.08121635615501 67.25834528556864 69.8129424979668 76.30661991062085 85.85013055449488 97.55245236284235 110.73124391542119 124.92008312027842 95.84306510648858 87.92203135033375 82.90570034422096 81.33331290235 83.39988915561717 88.8518785392266 97.12081246422758 107.55895681886592 119.59969587761549 132.80785518560526
16.95433410758759 30.63493759185584 64.57960301857706 11.940068326429857 34.43673922938653 27.21454910560581 24.773100697468863 0.0 25.2596000476674 56.60486915847359 32.014997697642826 72.23083005417578 24.37975846955535 71.63385939682688 67.44118902989175 19.824121419363422 36.71767838550016 21.279920192391288 62.57609586146468 22.080202320942206 30.288629804184374 54.68578215414645 63.83124031404501 62.07999689501004 26.324664718106128 39.98856089224287 11.54045120181968 3.611390340466351 72.5569400500599 29.68589655090733 33.56266341949399 56.05278400309164 33.66364306836274 18.174825203729227 70.9225187648415 24.378758084557894 38.45111396881873 57.07633260824651 51.61314747770158 36.081012967168235 78.42227623034046 63.10081246427594 49.11293137274424 37.962559085837896 32.69464981716712 35.992120401658184 46.050338819111275 59.536065117430745 74.61340874045541 90.49025830364278 73.61076045459532 57.03990307632737 41.076379221814435 26.82721036155371 18.730760806736107 24.09762402870547 37.54013140717962 53.25917148344986 69.7318372546623 86.52878599318994 71.32188011000112 54.06787465113054 36.85882601593373 19.812232089670633 5.0189166756890184 16.01774041308177 32.96452624268856 50.15441627602309 67.40166505874132 84.6712284811592 71.79733786844292 54.69068322050675 37.76237688624052 21.43913608148524 9.591098716815361 17.973729833449234 33.95340814277573 50.806752068443444 67.88616470108678 85.055569075382 74.98456182187944 58.79419070438345 43.4688408345967 30.348546924384017 23.478487842342787 27.93126198971001 40.09716093864863 55.08284804135656 71.12783488425687 87.65231631970957 80.56230053830903 65.72964706606692 52.43277093014976 42.15105170791427 37.45575498510958 40.346780933586224 49.5126106225758 62.2401897356415 76.77819061819703 92.2748428302749 88.07749211040567 74.7124314895113 63.28468090008256 55.01504220948996 51.44958228460215 53.53657423218388 60.695721917267406 71.41762494493638 84.35451535922115 98.6386941567059 97.08113861960813 85.09654270631466 75.21162316292812 68.34359890079286 65.44921188602854 67.04508733868572 72.83667146374766 81.9390642937298 93.38914486278618 106.43188935705645 107.19873628429681 96.43020934638376 87.77632991000155 81.91010630614365 79.4514288275189 80.7123049822163 85.52838951743519 93.35104314468609 103.50078117280003 115.36502396468146 118.1443180352923 108.41590797219229 100.7403048784593 95.6131772373118 93.45491429072253 94.4692175165833 98.55818495011357 105.36445934065395 114.40407978770509 125.19420257979296
8.308542319943081 10.742461846325496 42.70532855003198 15.073690176041483 9.17853822547617 11.435323818410536 34.229141352911256 25.2596000476674 0.0 40.19261466942158 49.23902675211677 49.9656962821858 10.836491684875378 52.31877331177985 44.78042183513185 15.165072365674389 50.59734407287116 6.671520019687497 37.342028446211806 3.2887640421891087 33.48449882960718 37.14672640383997 40.3785434183984 40.78244119902666 6.494276741408765 47.152523948765506 34.840006181935095 24.45137097267195 53.537964650184776 10.423675631461114 13.514825363494356 35.25969253906772 8.48878457057524 27.014881092832876 49.678933671665426 2.13391979423662 51.35343854437881 70.69628739145236 26.587204769718802 14.621508007863214 99.55865921157721 85.67700233244068 73.26574603101521 63.19722353649434 56.732770887695466 55.15454859952601 58.85694418344101 66.96980091593075 78.13109047868151 91.2287184628834 92.41179806649446 77.2971082523701 63.312327176778744 51.38836353812477 43.26409999123085 41.249316301930655 46.151220451000434 56.18780569871468 69.15857991349966 83.71053785653054 86.98552523025049 70.75196262470347 55.17163055909182 40.99618774419707 30.268399170114943 27.392965426695863 34.39888238305904 47.06274164678548 62.00992002218034 77.9375948992547 83.61557307033951 66.5849412615881 49.7419088731517 33.37174473271741 18.756384174528538 13.734747931505307 24.983942979950584 40.72424665416311 57.371106638311936 74.31780567856929 82.55420045991347 65.25330407686705 47.95315394373998 30.655013524512484 13.366687549873767 4.0398538037759835 21.27642127538825 38.571561890227294 55.87090720444355 73.17147502869541 83.889093328563 66.92653133777539 50.196152707015436 34.04202444845126 19.919278169883583 15.277708904640049 25.860233337071357 41.26508790034435 57.75444418302606 74.61271137434588 87.51064383530631 71.39364083084797 55.988397589631695 42.08395092265588 31.719500830812528 28.981098802005338 35.67058998270334 47.995702294749414 62.71756878966827 78.49910176562642 93.15248554599108 78.17709969703193 64.37885457009105 52.690791982300716 44.796281643186695 42.84622251524462 47.5772567940562 57.35936357459906 70.10921808608207 84.49386354511167 100.47479166022207 86.73503894900283 74.4946174611325 64.61135277223907 58.296686105072325 56.75454292058987 60.35188895934813 68.28118838506715 79.25268891913574 92.18652039001229 109.13975958691702 96.59687342912022 85.72697290000333 77.23963297503836 71.98261606233498 70.68042318750066 73.54343289868525 80.12639962431525 89.61323788601854 101.19048366875226
44.84034760058997 48.06571710565789 63.38874214879658 45.20583967968576 36.981437253814676 50.778991837246664 43.83995061110158 56.60486915847359 40.19261466942158 0.0 59.59450399024325 23.562375756220256 50.87765922836673 76.3011302818394 62.58784650286656 55.17638353071907 55.43867845134959 38.526924848720135 41.96708928664222 41.116855633303786 36.06645128272924 3.772544299767113 56.86958738963713 63.451539454742985 34.45525213314624 44.03135303289929 59.79979258916298 58.04872633206801 77.83252186328075 30.13360689300903 49.281430602741516 60.73766595561662 38.34556224484403 66.0666143682783 70.11466586891046 38.99278233669914 54.40352355065731 68.10811068530751 31.353722007748587 25.8920526875542 106.67126291057433 97.96802697985365 91.73541146978155 88.49696352415965 88.58168443275268 91.98039198310909 98.35011759033965 107.16237296033138 117.87059919272443 130.00714424913176 95.2043249848819 85.40157294889232 78.24116856182506 74.48905210474685 74.66085948426065 78.7309064110627 86.14844130589321 96.14176451462406 107.99819654732683 121.17206220602027 84.55752429305333 73.40500555738733 65.00238963665124 60.506382866260886 60.79004826638191 65.79159110768195 74.56763939003547 85.9699256669427 99.09601043984082 113.34860537967735 75.08075560655591 62.30858721017245 52.21401565300809 46.571987653790764 47.013826162326396 53.38869617997873 63.94614235502715 76.9842099210502 91.44797015159492 106.75952943356044 67.27049798444276 52.68439764224078 40.30732197026476 32.7478739401297 33.44958720978536 42.000418035198685 54.84436105422507 69.64539724481195 85.39184603265784 101.64527521610353 61.762374212605735 45.4771127245723 30.339029790622845 19.273238155914463 20.52244436968347 32.70467505284088 48.132451124166245 64.51807472028469 81.28433498196073 98.23653238344603 59.202558210257436 41.95159375505008 24.771820092845957 8.127942852333256 10.825773482040917 27.69557401703744 44.89549867143439 62.15207409213342 79.42838509704212 96.71385596937135 59.969829101669845 43.02273195431999 26.537588751817424 12.49979433157257 14.386076238121204 29.264083965716562 45.8751252946404 62.86000891554036 79.98091904030626 97.16597753224386 63.94452343154188 48.3861986656771 34.529075741815255 25.337731305882663 26.276508325218426 36.573485719726605 50.82809785431825 66.54383450869643 82.89378141052887 99.56599212414338 70.58683236393195 56.839559203380595 45.5815363789995 39.02978103913219 39.59390784390472 47.01848200265365 58.75801343105276 72.7528488504246 87.93268033086459 103.77881240957295
42.828491313586895 58.35947280607321 91.92041455689771 35.06242402262156 57.09228704981208 56.17345996421804 17.027196337530345 32.014997697642826 49.23902675211677 59.59450399024325 0.0 81.55770943067961 53.569728139715174 100.86908320925053 93.99951079119221 50.676271506451904 7.6356464720234 42.73661472203501 83.35904305389846 46.18753096524225 23.681836956811868 59.68869342746428 89.43783832890482 89.89541759230228 46.04842049584058 19.322977720417875 21.672436263420224 35.56532990393236 101.96840721996482 46.676449447948706 61.46505506632499 84.18922259440076 57.010315308229714 49.89054902046313 98.82580010046692 47.37265864540522 10.007836437717428 25.40856993887695 70.38285881995056 51.978839164419675 50.85485117212644 39.0596416421997 32.616005343553 34.650548131645486 44.002564118112275 57.18827934086321 72.1351607800012 87.94982677205606 104.23805024690049 120.8084379947022 43.20248191427356 28.4461685952925 18.725024861116978 22.15356830069527 35.06631724264689 50.6677866653217 67.10823042097333 83.89586735320358 100.85747623085827 117.9180073115171 39.369033928680004 22.22831321143613 6.0818178442973725 13.363855456963961 30.313532974166048 47.517801447395044 64.77411637165444 82.04964578459582 99.33436524858617 116.62418869861845 40.45515488656281 24.091498409131642 11.085762795034285 16.25118704433481 31.686292405440643 48.40097390449125 65.42171295406632 82.55943240609234 99.75385874745277 116.97998928534659 46.11452464901228 32.68165296217268 24.664594373153413 27.336874535588784 38.535411269155496 53.116493224762706 68.96706824113139 85.38303033665042 102.09200730469595 118.97060460376393 54.951827483825774 44.2398168445792 38.64357408054113 40.35091837461027 48.59808414228791 60.77875717341582 75.00031491475487 90.30361855133464 106.22215485397956 122.51634671406998 65.69679393346094 56.98772228648718 52.705145049957395 53.91441554171091 60.28595322947376 70.43243695475667 82.98048119182104 97.0025381464332 111.94607906988807 127.48747740551964 77.56047389998524 70.28078931131203 66.79703119877851 67.69777842693057 72.82051103300915 81.37171650098145 92.40442338590356 105.14033703385121 119.03400890798935 133.72506076258645 90.10191065442582 83.86002537200521 80.90324451740405 81.58950703295534 85.83147388150557 93.14460652979915 102.87601813944022 114.41028824356177 127.25814146075497 141.06110960664222 103.07385894527955 97.60591271480759 95.0172477599092 95.54218923083619 99.1312859308598 105.47219137487424 114.1070717869515 124.5597602944155 136.41302471084038 149.33372729868344
57.107450081406945 53.66708137061289 54.804924678009094 60.291181292462916 42.83408032602202 57.60415901748338 64.99373332102526 72.23083005417578 49.9656962821858 23.562375756220256 81.55770943067961 0.0 58.836247821955396 67.64205170834379 52.50269684491831 64.60370272948066 78.13031010321636 51.38440823571973 30.65938597065297 52.2139077660612 57.895015163501036 22.255821700823773 47.32488960301014 56.02923830831738 46.384272265089194 67.24752398116605 78.04656445007244 72.70007763824503 69.17616306242364 42.62163510897647 53.50235092787719 55.57824919858029 44.22688027788963 76.88081985733226 60.2134577366461 49.721069583456256 77.29442430808476 91.64048379279983 27.698892234071213 36.34869395046899 129.86839088241376 120.43087152034721 112.87183193681801 107.5879446787249 104.92350071373654 105.07795168622712 108.03920874302072 113.58796189484747 121.36984516239094 130.98745476876653 118.65174568770371 108.29954095887054 99.89002744028389 93.94635589416461 90.95323624631402 91.2016325286748 94.66603172430916 101.01609051541601 109.75206930702133 120.35554031351282 108.11972545916977 96.70242835476787 87.24407696265789 80.43869081439489 76.99299769873105 77.35725634567012 81.48038551698542 88.8405652753893 98.71637935183433 110.43498433522808 98.49237471178931 85.85648511444839 75.10405101237579 67.14607362671107 63.049712223493415 63.56596182325914 68.59075066379867 77.24923904907335 88.48103228030429 101.43488303069385 90.06044456160257 76.08382243919299 63.759817612289346 54.22713886803647 49.13809907465324 49.87208552471298 56.20141449773779 66.5482908231303 79.3564929557672 93.62122024203514 83.18837130187245 67.84996886852272 53.718145076005385 42.02817655812317 35.295946207839584 36.38609201542537 44.7302944897653 57.239483554845876 71.76785763511246 87.31322912798527 78.28811662411206 61.77348697582115 45.84331656743316 31.400113802924096 21.657241559789156 23.46948165895714 35.090005969194564 50.1050093373782 66.2452028048496 82.85561731560017 75.7434302236349 58.53029599642695 41.391270307752514 24.482490617319925 9.179369087513011 12.95541075163247 29.157124335626378 46.16434243203493 63.33141799863572 80.55621565171572 75.7919835239522 58.592827390739906 41.47924085861289 24.630240928526042 9.564698616002083 13.229946956103994 29.27956418282508 46.24140575758552 63.38734636788908 80.59998199817467 78.42895978463328 61.9510710568789 46.0812333068349 31.744862685024664 22.15183822067664 23.924526162124554 35.39453846952618 50.317741808489615 66.40548406389033 82.98320837730063
11.380905569259147 6.856817621976789 40.21036090130664 18.756698437365465 16.010222287254003 2.838512128875592 40.62210531894336 24.37975846955535 10.836491684875378 50.87765922836673 53.569728139715174 58.836247821955396 0.0 47.60749030554693 43.16153168527105 6.402324577972242 56.27792523313015 15.298864396823753 41.28694056554124 11.142878589050383 41.6406532330842 47.72970940575724 39.83656829623799 37.70144616383305 17.193973363204627 54.86075371771257 35.63522516869944 22.121553994500623 48.620661774550946 21.255848190169655 9.40124813143942 31.683266600034493 14.639150890996287 18.780749121473452 46.55709824497025 12.466311713781225 57.40281054311967 76.8609101197733 33.08836339149449 25.063916401795574 102.33753769557627 87.37541454071427 73.44832912346956 61.26625152922166 52.06872998813554 47.6177934132806 49.218476179252 56.357475867303364 67.29468266992626 80.4964973511079 96.52812280410521 80.5261428463149 65.1916325597113 51.128722989064336 39.71211097222126 33.74411483488078 36.04146083158939 45.365367809789035 58.44445550157699 73.29529484131875 92.52067646062343 75.69891404868258 59.15477431148577 43.20834155406047 28.867732093263964 19.961033363293733 23.71184240050673 36.39741484629485 51.82667137022155 68.1611886888115 90.55481042611798 73.29441711773096 56.05963715054803 38.88454322457366 21.90995056197256 6.840878085882536 14.569239508558523 31.248060967736276 48.36665520936626 65.58154317756095 90.76330751772825 73.55068176005635 56.392737557735124 39.361048985326406 22.7410811370803 9.15066289583568 15.780549980163196 31.828134566957687 48.74164347289305 65.8572602903449 93.13156249722199 76.44094890634314 60.09709295984043 44.48385854208928 30.735613471145818 22.566642998324784 25.933376045192546 37.87529255472997 52.87009320221389 68.95409270218559 97.50229377723306 81.6860638178573 66.61258086622865 52.920374287966276 41.983369058642836 36.37784652687771 38.507133573698994 47.33875929820116 59.981864804090364 74.52111953282636 103.62236321916562 88.86998352623206 75.21206721799406 63.36037728069171 54.50615592751624 50.25938648511772 51.76670838292396 58.58565980513337 69.16262172423407 82.05704249811885 111.20324160140879 97.5652806074658 85.2672297710511 74.97139735629469 67.59891882655708 64.1654945272783 65.29548993519609 70.77064914448486 79.70045176249526 91.07432513091862 119.96822231724111 107.40539949156901 96.32314907039375 87.28723839889504 80.98554600566918 78.08289870862954 78.95507085778924 83.48383731025628 91.12564240753603 101.1775570479329
58.04151165002008 42.52356340221305 13.063463706525878 65.80693935266345 46.5712541901458 44.87312593047122 86.53373521922623 71.63385939682688 52.31877331177985 76.3011302818394 100.86908320925053 67.64205170834379 47.60749030554693 0.0 15.235387437949594 51.869959419681706 102.82864273685675 58.988698714054856 37.01390586620447 55.05968737359378 85.37130092809798 72.54644064999279 20.349602919392794 12.93702382993683 57.17818922301218 99.12063413866726 83.08861137845595 68.90467405183433 1.5505364822440502 58.72679027206506 39.422650537566426 17.249573338397685 46.03279344710771 59.34934856425824 7.9304978913621476 54.3824768540365 103.65318545048567 123.01500088525192 44.96296718628719 56.90792349094002 149.92074824568823 134.72029177149207 120.08985902220525 106.26515153290524 93.60385455048377 82.64243286428992 74.13874020917335 69.00742610204959 68.0160854663955 71.33752080539456 143.99890446023255 128.1288053882892 112.68094903049952 97.85551082502884 83.98276575531399 71.61849000101819 61.67666088109352 55.47532880791761 54.3112597611608 58.48600677899471 139.24145577566478 122.78300880651543 106.5920124009308 90.81163237778505 75.69909942752993 61.74674359787875 49.9366863906462 42.111644024545605 40.64251578477501 46.14047277915775 135.77093080817372 118.85119156262047 102.05966861306493 85.47196217068694 69.23472261558193 53.66700525036455 39.56713570667336 29.149256288365468 27.064925548955607 34.843240183016135 133.6876438530723 116.4766924180572 99.29736368751352 82.1694943086246 65.13369293698224 48.28750270341914 31.932439307394816 17.50403507717846 13.849715120758248 25.999053347199236 133.05680163309313 115.75542192209245 98.4542358005497 81.1533670832903 63.85307377109072 46.55399736063661 29.25829642457255 11.980598827220325 5.452997893452168 22.685881577970832 133.89894358275546 116.71804327598545 99.57905749979415 82.50811046033924 65.55837416968042 48.85616735564893 32.78204213421053 19.002947592518435 15.693128459142091 27.021270832137414 136.18673499428314 119.32379656243019 102.6071131334199 86.12189330859512 70.0317852881264 54.6866619609357 40.933124050017646 30.969660877832368 29.007391258767285 36.365467173577386 139.84921409184577 123.46865701395758 107.37746809297798 91.72805923006656 76.79100112166913 63.07442955539142 51.56175212005328 44.01760678681141 42.60504595052102 47.86997995950453 144.78204400797017 129.00430101364475 113.67091642086986 98.98860008868476 85.29423663510731 73.14484812541264 63.43444616438384 57.414173006718194 56.28093560869565 60.31084739112875
51.879835481667776 36.832092271695 4.332283364535811 59.50515621355451 37.2615878088284 40.32835376090846 78.46367705976155 67.44118902989175 44.78042183513185 62.58784650286656 93.99951079119221 52.50269684491831 43.16153168527105 15.235387437949594 0.0 48.67896892528756 94.94061158598443 51.269414731225865 21.984668949950485 47.90528859677068 76.06724418759755 58.888255516088215 5.724062163261736 7.46148032104716 48.39302437759656 89.69240892718202 78.40717075465624 65.28261139531942 16.743415142058307 48.988706425657625 33.87866377684105 12.777199676570282 37.13452078697092 58.618309561270735 7.7558232280193735 46.6270035933965 95.46805732494018 114.46137844698188 31.39608649779007 45.906529367332205 144.27599386009996 130.00333715996123 116.55409523691324 104.24744954476743 93.53549344390252 85.02311749593036 79.42075712196684 77.36321473000456 79.12750156186736 84.4744943277781 137.1285349066617 122.06047049662766 107.6660372460078 94.25437094107326 82.30729648156169 72.55197732998556 65.9680340995067 63.54893688860008 65.75596539253895 72.16592227636403 131.10013742053755 115.27870645965989 99.94906570537663 85.3765351204648 72.02215773448118 60.695396055167635 52.7197538124482 49.734447057282765 52.596192338189375 60.48061768167016 126.35117102441932 109.87336298970973 93.69311943565859 77.99585004471119 63.142789601616784 49.89367087263669 39.88047351410299 35.919816291523 39.858769390044976 49.85897163306059 123.02995477656044 106.05518904630972 89.20620873129732 72.57067885924167 56.338001254481554 40.989615051109155 28.018527801983307 22.105168170105433 28.12383723746596 41.133601636322936 121.25391524448358 103.99920040615828 86.76329105210823 69.56016769204888 52.42211795214043 35.443662874013825 19.05626645925955 8.291116385026594 19.314688621848017 35.72233262696889 121.09108640609671 103.81018147850155 86.53767852249835 69.27986203368236 52.05134212132605 34.895538450389566 18.021333045633227 5.527362809694412 18.304329772162816 35.18890011175844 122.54790113494394 105.49817044835463 88.5463247569368 71.76176595285952 55.29703646792137 39.553573749842045 25.882811196782 19.340796243778183 26.01777561734956 39.730273868132876 125.56797948364796 108.97595689593659 92.6439911145132 76.73830332047375 61.59004385584735 47.922938210407736 37.3977366994895 33.15541604007833 37.39894001670997 47.92481627483418 130.04241102062184 114.07992247308431 98.57043935379816 83.76596607941342 70.11451624451946 58.42992777320918 50.107587125263684 46.970063573516505 50.0030620399174 58.250564901013995
