0.0 44.381778916094405 66.19733635361993 63.569159337764 53.56862668838476 52.563173131987725 51.731629302777584 43.22341934046872 8.625030733355459 69.62924561652213 42.45078044864709 25.129053222989157 29.932900354079774 45.629824843474005 60.40289803828612 92.40102178325164 90.90372567428307 16.67244886688899 31.29070225524497 6.248851432026297 47.723005850248605 36.805162272707946 86.505125955209 53.47876615724405 16.332802439679618 38.61126023261248 42.84127624701582 24.255952419547473 52.8574812805862 47.66160687553831 22.189657110097635 25.73374492259006 41.42419210917278 57.7370799904151 64.15231874962899 59.00439804406191 94.75091829628111 20.09464308727283 19.421520663373926 18.657832066268295 139.43652338239053 124.2532746571132 109.69914544362867 96.0605163309283 83.78566180238172 73.5604886415536 66.33964044700089 63.16204825856933 64.62688934185874 70.4451513729809 133.56189648696036 117.6539977832553 102.20003845171503 87.44103263939402 73.79513658260775 62.00170838289749 53.30481372904196 49.36897969610097 51.30195718570447 58.52509830162025 128.95375262476972 112.42018477502785 96.15733456238304 80.32979180907941 65.25507896604827 51.597312203270924 40.80499159902704 35.58819283569887 38.29750665994729 47.598172029583175 125.75146824130621 108.74924277983524 91.85899597038123 75.15626235663362 58.801051839643634 43.1899863258228 29.527909434698504 21.843334171970337 26.097439631647912 38.519251788117764 124.06400055308121 106.80250199983467 89.55660742505839 72.33747806932435 55.17018065281699 38.12479813712449 21.493369503879904 8.315222917590393 16.584156041665842 32.85785797895043 123.95325637044897 106.67442924557129 89.40453777850676 72.14999879698595 54.9252829571465 37.771212847157095 20.86278414965719 6.523835950914554 15.76637368146607 32.454738839224284 125.42341389640032 108.371474392926 91.41352119773705 74.61366456963611 58.1091878309446 42.24770014327939 28.13841345230878 19.93449630768085 24.529770926110256 37.47995287548527 128.42016953304017 111.81054071490651 95.44716945269225 79.48229593937384 64.2138353386666 50.28027446198583 39.13442756824725 33.66910917029672 36.52974779101493 46.19463286080669 132.84020636557 116.83785619643987 101.26377156764433 86.34999016901791 72.50512224070677 60.467902884046644 51.52130031867275 47.447066013043646 49.46419249715896 56.9288256066743 138.54731195734942 123.25916936824436 108.57708427400932 94.78311473839734 82.32490306133441 71.9001787444467 64.50253450895445 61.23898617733404 62.75782910047349 68.74279608929352
44.381778916094405 0.0 29.40792738918796 30.28793569786612 36.42780997273455 8.215844406559864 7.357114224036106 2.6020631482108536 35.78212474678151 31.790403720483116 34.81635646161793 19.36687904571698 15.454363601780015 6.613524248254332 35.7699480005845 48.38905278970058 48.66193323380873 58.356868378994925 35.063121409598224 48.58403385803676 21.474664328261987 17.172292643363356 42.79606333322176 16.502739999466073 57.62921419644356 15.503508803548467 5.676387790062911 20.614129825560116 23.87136316072483 10.889734476709044 22.415913215743 19.95566007258856 6.021360487246361 15.304471339693835 38.80211879316094 22.45408651781949 50.37296885616157 39.45760740538648 53.86635596487454 62.258959089388775 97.44706782698384 83.65828279236074 71.41557644746217 61.647058867558144 55.67076614385408 54.74310520508183 59.10228388470076 67.73515617204748 79.25731405447236 92.59638928477065 90.22757129371435 75.16644026125384 61.29990545684154 49.63938581530084 42.061435864207866 40.9019033492174 46.641961322584265 57.242335401388914 70.54504175393504 85.29493781848956 84.76353470577384 68.5435083935139 53.01205917980611 39.00069797652877 28.819101572652315 27.179715541230014 35.293673753259256 48.48979300569862 63.683489171579694 79.74097885614775 81.40928241794994 64.36907872330234 47.51839810317323 31.16618121675043 16.83378673166849 13.933223983447117 26.525570986744135 42.56512577830651 59.318519701821586 76.31707841260913 80.42926037428772 63.13080812738984 45.834981610561826 28.5465538660165 11.299536714916556 6.258347727619649 23.438598433983326 40.722014571737674 58.01646868755236 75.31435720450419 81.90874838597956 64.99674390431463 48.361377279351295 32.4311785903319 19.06442538825581 16.54798248255266 27.980914412050485 43.48263856590749 59.97716715706802 76.82768864097758 85.7204715792727 69.7180624128356 54.515379196076026 41.01163584555142 31.475249707702325 29.968946882118352 37.47390523971322 50.091503613051316 64.90557185697716 80.71565613583279 91.57360622813098 76.76968388628228 63.246721182458735 52.013608669208104 44.82619327472338 43.7271550700833 49.126825135185705 59.27503838444297 72.19639723189384 86.65918151628657 99.10704603608427 85.57739396140495 73.64422311616003 64.20397415871655 58.476717209531394 57.581247572328074 61.728203820752356 70.02742091764165 81.21579693712648 94.27019211784088 107.96954378450162 95.65723054807438 85.09922299865222 77.0203764080931 72.25709402999559 71.47534905123086 74.8000804483455 81.73167792717145 91.45365463918978 103.1802468735367
66.19733635361993 29.40792738918796 0.0 51.230968121179295 63.7956951090242 26.191893438589247 26.06588592312168 28.37685821030572 58.004846135493054 3.611873321050927 33.81479210845017 44.58411932320471 37.50457254535167 23.885355462073935 60.566212558766466 44.199423938150694 51.497493044532405 82.24681749473518 42.45431988100218 68.42486611241209 19.29743891783578 29.405259405240002 41.81923688891249 13.628084913343486 81.68759300751256 44.87510960354724 26.622228836298827 42.93623274790044 14.568902121588742 20.123825031658612 45.159052139038465 46.77548341705205 27.847007001496454 15.894536121877817 62.64816481145706 43.48370317701381 41.09852003876085 52.93644505353566 80.01759156558181 84.85211939230874 94.93141404035543 85.24088390421326 78.22230933025925 74.63335404877716 74.96820571250345 79.17709688092647 86.69763517314072 96.76070323116 108.66220090500232 121.86468147561047 84.21357644081401 73.17611708830594 64.932715419943 60.6338743295434 61.11768700979235 66.27950195531871 75.16161825127192 86.6271383650664 99.78952404250934 114.06284618423499 74.65245763996924 61.98995891921211 52.069412314718164 46.67328473322023 47.37373147457315 53.93374154370681 64.59202456151218 77.67955917645935 92.16724639151052 107.49042663108683 66.74716428999147 52.25000050585511 40.04559517315395 32.80160606651183 33.866643710288976 42.6223213790565 55.543528256036346 70.37196395088428 86.1281116545163 102.38456158820956 61.14348626487996 44.90748969898121 29.89232922533571 19.21280976320149 21.057653442766483 33.41301355865174 48.86866254207804 65.25775723420051 82.02265282713289 98.97256322486187 58.50662833719929 41.26288190286682 24.102672274826592 7.613522375463302 11.563137958712458 28.42815717311188 45.6215695190573 62.87454663709359 80.14863160760525 97.43259827508581 59.23417406171052 42.283512279913786 25.803421368335954 11.935275762950077 14.757986665036166 29.864002459727374 46.52560827181362 63.53045660816467 80.66175499110292 97.853112516966 63.21004781000778 47.67065530772852 33.88485448961466 24.951675356931222 26.376117900269826 36.98004652368559 51.36203694669907 67.1364624530768 83.51802856293766 100.20942247225504 69.8819499190988 56.1819046217304 45.03368010569554 38.70871652982056 39.59044810979156 47.277361202815115 59.174324141820364 73.25816573914449 88.49081032309824 104.37046818899829 78.56592813972479 66.63053266791961 57.492181356951896 52.62864396235442 53.224971846757484 59.116167885679296 68.95828592292762 81.32938770052806 95.24911350866476 110.13182173393082
63.569159337764 30.28793569786612 51.230968121179295 0.0 19.84622344778635 26.973213807669236 27.588239490741884 32.887662912854594 56.217572489100995 51.81287138304665 65.1013051375901 41.32682567119626 42.26536990351844 36.06055590484525 11.76330291464868 39.36888107148467 32.014990580006646 72.44175317434126 64.35502592328562 69.27564883618189 50.936907914454316 47.24964043825092 33.07735799993761 42.74744572610295 71.53440355414587 25.401934768150912 35.93714474739627 45.292328704956134 52.05101427967466 39.58840072682239 46.06340589562078 38.99833422031343 36.26691494182914 35.8586157696352 12.226580305128602 8.151088059410489 45.7779129158613 66.07893846746713 64.25910630207876 77.83503810519524 77.55671442467212 61.44012986008294 46.18923762401704 33.0259337126573 25.430089130206422 28.3086043286085 39.43063828013155 53.915525607952226 69.69722432207928 86.06528199558755 74.15350233427708 57.10473052016626 40.27246685530864 24.114433954444188 11.825957161295205 17.23118104272643 32.44513733954046 49.06295214659896 66.03311751835449 83.14015242065368 73.36203818806602 56.077903665399084 38.80963120559684 21.595305775431186 5.023997528447121 13.52173928195133 30.645519699689014 47.89751438780833 65.17598832244559 82.4642988540766 75.26477153585539 58.53404405460151 42.26576618669609 27.299594653675495 17.402670603095636 21.427790808882015 34.844794342067125 50.67426729104739 67.23328965000431 84.09198123331348 79.66887368865723 64.07382715438958 49.62348362113298 37.659445513104565 31.18792162411035 33.55365827073076 43.332648438555424 56.81811126083071 71.95544470665726 87.89529673232073 86.19170326588046 71.98878114379123 59.451351560506986 49.85223653400108 45.10799780398106 46.72174159575967 54.12776092725896 65.38663136745612 78.86515271883404 93.60938392144409 94.39497458826573 81.59048213392104 70.72693174037578 62.81948362955666 59.06752682525371 60.25242301176323 66.10924885422301 75.55929883853466 87.44529175014452 100.910093690543 103.88124393955846 92.35421345676151 82.86118589463182 76.16652149600694 73.04374956354441 73.94678619443198 78.73723713286674 86.77364414734564 97.25464312834389 109.48037899575576 114.3314817359188 103.91939066237659 95.52731696647531 89.72387257616991 87.02847135154485 87.72806183971805 91.74501258989663 98.67501369862374 107.95853747425842 119.0462506334827 125.50499315160553 116.04650519443035 108.53913121234753 103.40869507099991 101.01800336694667 101.56071764439434 104.99135825787144 111.0425811347158 119.31633549720581 129.3869567698305
53.56862668838476 36.42780997273455 63.7956951090242 19.84622344778635 0.0 37.60438808570563 37.7670261941152 38.57483093706302 48.019780839329314 65.27613873216451 68.11290663886076 37.4467540456385 41.80667243104878 43.040674689810274 9.330964105986697 59.20473324261057 51.52508513070947 58.5654972414162 63.95604489815677 59.759143529785206 57.59621597688377 50.180567051404026 52.88697890892208 52.41069876302675 57.62568040332443 23.126732452948442 41.5695161674009 42.35161217947906 60.298107884556 47.30329327324181 42.14190987219127 33.937269347703136 41.195260196710876 47.933688230064654 12.192123464960739 23.266156628978262 65.44877360508417 61.93109272568817 49.12532313684187 64.42711843350537 94.69107730436325 77.86356390882861 61.30073973789346 45.2939117828455 30.724710595132183 20.861181225468744 22.914658354501267 34.837995024081664 50.01001771137394 66.23465475157441 92.71044777436158 75.45370224724901 58.223780912140384 41.05447075767223 24.0757948837037 8.516551765585714 12.811433693169526 29.23093288244145 46.29768315677088 63.4918649812136 92.85219231324292 75.62700070240734 58.447156915844005 41.36919586229749 24.606175637231754 9.91113974981261 13.773554415783446 29.66317936099853 46.57049405807303 63.69011636251746 95.10682003741304 78.36632163757596 61.93516595778503 46.14499391402852 31.96040378914376 22.633727562252258 24.53192007016007 35.917347441904695 50.76423798450873 66.80322698009958 99.33052838590723 83.41922163695136 68.18861000574886 54.21543929150528 42.75100592716709 36.25866083057155 37.422450346385624 45.66066602540141 58.03499272896348 72.45641218933443 105.28655105486527 90.3985068762369 76.53250119875082 64.35261390306644 54.9908681047934 50.05430766832557 50.84853331148054 57.13505444321653 67.39404302292698 80.11367614843417 112.70049550395966 98.89708549174006 86.36294970461908 75.73096048552073 67.90059942466328 63.91007870758937 64.47634179067069 69.48807720109801 78.09405116571948 89.2606436990179 121.30524443469918 108.55861976202979 97.22998301272973 87.86950178587236 81.16103232134259 77.79370840300423 78.20033914971162 82.32502107842072 89.65606072205368 99.48715207837206 130.8660038712114 119.10030463660802 108.82337374596398 100.49300123357786 94.62469252617409 91.69238839806123 91.97732470862975 95.450693799989 101.786610852828 110.4937367730301 141.18857299770167 130.30857636833002 120.93426335560773 113.4395260967799 108.21559572991579 105.6000155697995 105.7864380194667 108.76045559243106 114.30468924536324 122.06943235961603
52.563173131987725 8.215844406559864 26.191893438589247 26.973213807669236 37.60438808570563 0.0 0.9482459877280656 9.897986608725764 43.974890625223416 27.80380700907093 39.80957844897518 27.48796426225522 23.56822646927202 10.456916851292485 34.862442489977504 40.20412772983893 40.97761109324635 66.2944047539137 41.78575126346913 56.799878242948736 24.329688952724695 23.506262721530625 34.692608216944706 15.827221328883564 65.54637876958432 20.46278211094788 11.797034457684656 28.819205673565776 25.08505859174074 13.03122922863031 30.63175762176478 27.769084341172793 12.862899252454028 10.371283773957124 37.32041883708589 18.825441081302127 42.18985794529732 47.21067862265361 61.374354725380925 70.32800492919763 89.62401143546482 76.20509208495196 64.65809287706317 56.149997065602015 52.188846008657414 53.78874795252281 60.51019291159894 70.91147838898193 83.63069035621537 97.76731177841931 82.13574855431058 67.28238734140459 53.90978190565611 43.4087088838283 38.223996546240315 40.4541505925319 49.098973222843185 61.510865105566644 75.86283914776962 91.24396245217544 76.548711580488 60.368873002620944 45.031179962616186 31.779305661631245 24.305392944047288 27.75411216963673 39.35149446731488 54.08789374343957 70.00836479062964 86.46127913652411 73.2990329957657 56.21096170311236 39.31042227676893 23.014332275564968 10.617098809478975 17.160978722099415 32.78702030986663 49.53979529049419 66.57407183406465 83.71819318534499 72.70087426667266 55.43230770547711 38.19395087745389 21.06011769587775 5.195455587326576 14.46272753724834 31.465246614869248 48.67922070979318 65.93925114035278 83.2166851096928 74.81786640756162 58.16878575177962 42.05013863885876 27.41409682878142 18.263714628295368 22.678312565352158 35.96888198566981 51.690686815646366 68.18215131039153 84.99644953047937 79.43319095989156 63.970840762407754 49.73543704653361 38.12699197723585 32.131447601486485 34.78363007846006 44.565463159578314 57.97386204580764 73.03810952511867 88.92058700897286 86.14617250928708 72.10210195334207 59.79102276098289 50.49676156258988 46.08234675782934 47.916027235647356 55.3806092265778 66.60916843354764 80.03283069598925 94.72291110136747 94.51079784610408 81.87139755820039 71.21977610765882 63.56322224264519 60.0583539354927 61.42006574092473 67.3538344593311 76.80722296486307 88.66146809623768 102.08358483248404 104.12969738972272 92.76251865178358 83.45934689456158 76.97224844866294 74.04510928093593 75.0953801224351 79.9664976919903 88.02642853368415 98.49543246868244 110.69207308112134
51.731629302777584 7.357114224036106 26.06588592312168 27.588239490741884 37.7670261941152 0.9482459877280656 0.0 8.969042501233119 43.136232449096006 27.790207807912196 38.94563205658688 26.679235012453407 22.659907520819512 9.546860044727328 35.24849818823256 41.10600969691931 41.92571962104349 65.54633742244361 40.847072266663744 55.932623987979994 23.575327057638198 22.570207943689486 35.61679948825165 15.32046815731052 64.80344418067646 20.106041691711187 10.84954521926057 27.93707653989415 24.465921591758878 12.24371375303147 29.76561888269514 27.03686883043699 11.91539973942503 10.35936924664578 37.77328770833488 19.437191496311634 43.019722008790254 46.267833343777944 60.7195330710691 69.54252205758168 90.5685703713212 77.15244878047196 65.58227450913243 56.99358797470991 52.86022487924243 54.21104723219728 60.680902048288125 70.88163421036008 83.45621742352927 97.49038079763979 83.05921413852927 68.22487958462867 54.85564314224276 44.298478800809974 38.91368798974155 40.803201483131595 49.134851571823994 61.33736443673597 75.55803837021517 90.85410446299805 77.4243435331287 61.27371751798181 45.96866927061784 32.71817934572294 25.03099227091029 27.952325442206423 39.17684303739038 53.73107268882625 69.55531556490956 85.95095277799345 74.09295916455996 57.02645009510525 40.16190316583378 23.93018938762358 11.447379836988084 16.974807478099248 32.31034997466715 48.974344149042025 65.96762158014539 83.08839179940534 73.37951440719893 56.100659811456424 38.84235417647556 21.653786613608208 5.26858818772881 13.614077946141988 30.6861819912955 47.92341767997351 65.19493622285397 82.47920347651107 75.35841083440911 58.65384913016089 42.430768116995374 27.55318999962684 17.7960278228187 21.746978280894364 35.04105668199494 50.808782443419545 67.33425000923476 84.17233634711623 79.8296514104721 64.27271413731181 49.87884427584417 37.993752322558564 31.588923856124886 33.92497296735116 43.61944814968502 57.03610705943129 72.12688504023407 88.03502921068781 86.40713347752478 72.245397459478 59.760402493591144 50.2186964418764 45.51079819732973 47.108932772363765 54.460755186516785 65.66124944050019 79.09190233281247 93.79958350066657 94.6526961860546 81.88715086325931 71.06739318469539 63.20078787696934 59.47101074714235 60.646178504479636 66.46663171830765 75.87070326219708 87.71322825856458 101.14125531039558 104.170881146247 92.67839343586814 83.22069414691398 76.55566897716257 73.44756064615501 74.343830082965 79.10848988641433 87.10906076174085 97.55260609081694 109.74388655664946
43.22341934046872 2.6020631482108536 28.37685821030572 32.887662912854594 38.57483093706302 9.897986608725764 8.969042501233119 0.0 34.59971231002808 30.970636608041797 32.21516879580397 18.493971550045053 13.743988005035646 4.711605189527999 38.21474772154432 50.03974491742089 50.75363520554597 57.619178368088654 32.591713530288935 47.191637852992066 19.113188995869034 14.605536200480632 44.585464757807024 15.076591909089661 56.91807218528762 16.974324436975277 3.128389547762918 19.156078509169543 21.786555718315615 9.013333597172307 21.085173669305334 19.566864513978132 3.4361123929736688 15.262816702802192 41.29452689377067 25.05407163076619 51.68385067804723 37.35954710983768 53.566810114083424 61.32635208297688 99.47421117325038 85.86023764801664 73.80745079242948 64.2012214786626 58.26449647777027 57.152462098834114 61.128994444732186 69.32388955713942 80.45835586382563 93.48791395950734 92.02730237442782 77.15188866295098 63.517776960540196 52.1086037016171 44.663292462020294 43.27837025028593 48.476071351355074 58.52816569761727 71.41335582524452 85.86555260636884 86.26475993751897 70.21183112578875 54.92270131505325 41.25547813654755 31.404383447019843 29.481614440337918 36.75330389561934 49.30673961410139 64.11094494976666 79.92484857735079 82.5402122258462 65.60378764685532 48.92381592416354 32.892781384560095 19.210488320730555 15.964433830071792 27.191835634894602 42.69240207058767 59.19965334009842 76.06095718743963 81.13486822558119 63.83486544214955 46.53629603197497 29.24170393561029 11.968343580630862 5.488063902158555 22.70925012078336 40.00018543739922 57.297759356962366 74.5973539608065 82.16783260367318 65.13680819619441 48.29873327452671 31.960041874336547 17.57366507176515 13.961945361066801 26.072033277877164 41.99141230040479 58.69854582079885 75.67346062332692 85.5508143965112 69.33682830922395 53.80483001529451 39.7622152671292 29.424782921083164 27.373563779856557 35.092965037519676 48.08773703638048 63.18270941039777 79.1857887536738 91.02211888953846 75.95563114197753 62.06605421827412 50.33723948971995 42.59325864431412 41.14898654611089 46.59396865418179 56.98650845092544 70.16146937690814 84.83222756658802 98.23335364766767 84.42615977559899 72.14194330153047 62.28838058375628 56.15980388075011 55.0154853832926 59.14543546099082 67.58964627506596 78.97617916155926 92.22153929390632 106.83266953530165 94.25036862747345 83.37706550873965 74.96017929396926 69.89286277958395 68.917968747215 72.20146069134628 79.2155653680849 89.08339367055419 100.9717119762557
8.625030733355459 35.78212474678151 58.004846135493054 56.217572489100995 48.019780839329314 43.974890625223416 43.136232449096006 34.59971231002808 0.0 61.387512365615315 36.65001554611653 16.617466348269208 21.348251868534607 37.03513452295396 54.07264875630153 83.90069357442343 82.68670383495451 24.272673741971143 26.28629092936657 13.261674996390617 39.90533521918574 28.72825022529265 78.0540075968915 45.08921520231075 23.755029464277186 30.928788199795903 34.23347097271486 15.661069999082478 45.02319638375861 39.16650909956181 13.571777983379322 17.6049721537703 32.814755896558225 49.143588172528105 57.8557887146822 51.18389557622111 86.15507232335936 17.28151276249128 24.10295263355974 27.057855253825895 131.34449873907454 116.37771075487345 102.1511648559622 89.0204701866565 77.5443257336234 68.55870116530015 63.13606947276119 62.21515685590364 65.98471738137933 73.72879236951185 125.21677372681967 109.44788057455634 94.21856984940871 79.83822048066685 66.85690837675754 56.25169463418856 49.57178939906612 48.46827480734092 53.288715737516114 62.68096194724275 120.42459601596236 103.95708473156151 87.81102105940127 72.20237659948558 57.56994673773072 44.87897238035857 36.230558514646404 34.7835074787479 41.30180660268406 52.91969272982353 117.13207469134994 100.14239403779209 83.28137119011531 66.64672559563378 50.462826115988854 35.354195625457656 23.49580853636337 21.281410455839218 30.86187591450816 45.2849189099957 115.46761630389624 98.19939198478951 80.94556284600232 63.71782395635111 46.54515465670502 29.52380634865122 13.250367829728598 8.843231363572208 24.073774554326373 40.982970715291394 115.50165086201427 98.23922588657412 80.99366026585345 63.77863163521689 46.627975002135514 29.65359340590756 13.535748982337228 9.263409129021602 24.230525095827062 41.07480120091858 117.23269859442537 100.25953182209452 83.42153949547073 66.82098631137453 50.69168177058433 35.67857086755655 23.978858749228724 21.811060130998126 31.22771926543829 45.533833424757816 120.5876753540606 104.14508863888345 88.03248919514822 72.47031424216783 57.90407036764884 45.30478904437559 36.75423896744381 35.32607932314285 41.757601765049515 53.2744812881085 125.43630018720089 109.69781860542919 94.50745657965389 80.17736109468507 67.25965399802487 56.727549046772396 50.10858735802694 49.01457104274904 53.78371280721924 63.10031135766858 131.6135342708567 116.6798716232097 102.49369177141293 89.41149611000917 77.99082506022384 69.06096092677024 63.67855391371531 62.76300269226507 66.49906134204286 74.1872643094538
69.62924561652213 31.790403720483116 3.611873321050927 51.81287138304665 65.27613873216451 27.80380700907093 27.790207807912196 30.970636608041797 61.387512365615315 0.0 37.31408839102046 47.67945553424738 40.71632454517935 26.62360349809944 61.57895395272024 41.93101230182927 49.84474101153615 85.60295668076492 46.05990708287518 71.93946225758181 22.900096718801574 32.87011957837084 39.9791681582876 16.640654997477352 85.03158958810998 47.137338431872685 29.436838750493706 46.208712713246406 18.178275617911126 23.081212165124867 48.43018347128305 49.739571600376095 30.714261019292852 17.438511162598033 63.4797313324 44.275984909520005 38.361847438296785 56.5401189892273 83.18313799386932 88.28696667252994 92.30457925386364 83.05210064744534 76.64107495718648 73.81560944286664 74.98213722315151 79.9661458739656 88.12227270885121 98.6669766765992 110.9211273960023 124.38049523777732 81.34026227305348 70.72808665422052 63.145722886649764 59.75783210723461 61.26427000850743 67.33735340360944 76.9026894796525 88.83931695393012 102.3206769229596 116.8131572904101 71.51108781989377 59.21934807845904 49.98729912469462 45.70812118342282 47.732986412848575 55.37460630175783 66.73049854149018 80.23886358437949 94.98575895377952 110.47631854598215 63.347841296783116 49.102745292426405 37.52224552142116 31.677546277478417 34.60814474727375 44.61713956563917 58.158089021547674 73.29901915876201 89.22913098265073 105.5918469265514 57.56382454418806 41.41163003630383 26.738818457242996 17.712081380974364 22.609364107381403 36.157446922702135 51.98317703563698 68.52629076179684 85.37075881409699 102.36792710342701 54.91612095722161 37.66260267550537 20.490887896270596 4.47156353445908 14.792796263339424 31.880594557115607 49.11854379480401 66.38978782093139 83.67371186025531 100.96380407459958 55.852596839867374 39.00935066032822 22.861744217468583 11.059037161349725 17.906934460036965 33.43242954263985 50.13491231701253 67.14167532524768 84.26869372698386 101.45508347999743 60.206221578982436 44.99661126112404 31.989240837785932 24.9126198948846 28.577549351614643 40.142553731954465 54.81681776189077 70.689836576094 87.10874282704191 103.81485324712153 67.31718036722236 54.10509423688825 43.838634496722825 38.92295889485928 41.314329066234556 49.97456398719017 62.34377681552066 76.64686667981 91.98610785435177 107.92058240444057 76.41950420911475 65.03626028812948 56.729089047471675 52.96568511193003 54.69221076151184 61.44763543007324 71.82677596249765 84.5047895296649 98.59884900209295 113.58303772161727
42.45078044864709 34.81635646161793 33.81479210845017 65.1013051375901 68.11290663886076 39.80957844897518 38.94563205658688 32.21516879580397 36.65001554611653 37.31408839102046 0.0 32.947351902106355 26.673620660461495 29.507659537418917 69.58832297763362 74.63457470095946 78.86552410255885 58.98568758111837 11.527598744628824 42.05301513841795 16.909528195680778 18.165372239639744 70.63653366291251 27.724831314578317 58.72642343021452 44.99034650047216 29.193573081152415 28.274800947136736 19.86233143708097 26.99585780505435 29.701384716499334 36.717450577109794 28.8395689531887 36.2264005573298 72.92128668924155 57.239649195392246 73.29385123101736 23.71009170708947 60.70741147580369 59.63452437257155 125.89618376313398 114.16997182372442 104.01149622695242 95.92015288963839 90.45239419630636 88.0980760525979 89.10433151932229 93.36256364188473 100.4600925080042 109.84792936502573 116.34324509641439 103.59188860259032 92.33360546209559 83.1768995592353 76.87642780885642 74.16373975864457 75.42693184406286 80.47900601935217 88.67471670177808 99.23823337742732 107.79347055891218 93.93473784471068 81.40475084674848 70.91140779113766 63.47296950461688 60.232082556024 61.852125985257736 67.98649143234908 77.5714918900635 89.50533782383613 100.50333983920297 85.51126556655508 71.56909148620316 59.42050379424186 50.38016260356245 46.305813832207996 48.46647401356228 56.14688691167855 67.48814573150298 80.96622639331174 94.76412533844464 78.71864908559695 63.33814375353959 49.24960580674237 37.92143678538071 32.39221421018388 35.484985456548586 45.47330339986443 58.95054647017017 74.03526871624535 90.8702520471779 74.00742169466811 57.40649939294083 41.38388366419602 26.98995053085467 18.520285638908618 23.585090175876395 36.9895110136224 52.71530441344013 69.19750473611808 89.06414214611051 71.78861395285307 54.52982925382188 37.31103016217649 20.234553941429816 5.047264882035618 15.499229029389584 32.4606042204482 49.65751766190204 66.90860036243713 89.47234333864684 72.2921173160419 55.18798227693344 38.262118443797156 21.9312376775042 9.832691522856686 17.637959557674417 33.52948807228886 50.35939516788327 67.42865823377575 92.0654011261999 75.46345357772235 59.2632977942035 43.91190047457602 30.709647335208878 23.59281191300386 27.728505311820793 39.7470771006266 54.67633096310805 70.69570775812481 96.66761751150725 80.98979062905538 66.12692965143582 52.77217251983276 42.37617595131374 37.4871326267329 40.168851930843175 49.19852586049544 61.85596136777133 76.3579183516843
25.129053222989157 19.36687904571698 44.58411932320471 41.32682567119626 37.4467540456385 27.48796426225522 26.679235012453407 18.493971550045053 16.617466348269208 47.67945553424738 32.947351902106355 0.0 7.564579059112598 21.665512037441967 41.42642337127983 67.28790730305296 66.22945236547685 39.12676262751778 26.768858072873225 29.740112998706316 28.932988701624694 17.823988736301065 61.43803710984758 31.038800680134056 38.430518168328874 16.15141163283633 18.75538923335997 4.9802633940830825 33.621119374992055 24.64045306693043 4.851015352212572 3.8019660108433495 17.35411056360033 33.57731865587033 45.15192075508373 35.44425153940485 69.67042154016978 25.10421191959031 35.552920062348335 42.89770897676901 114.98382046334987 100.29080351967464 86.56736911445564 74.3523459150864 64.50838018398953 58.250224963236406 56.77626375618983 60.43754931764667 68.41453378071503 79.41723566506914 108.63854515094735 92.98278660368999 78.02543387433028 64.25607109691755 52.61579258515918 44.79626324879522 42.938250872059996 47.74291769539061 57.565472354246204 70.33410012046734 103.82710723038181 87.33965472823358 71.2395387996772 55.86267087209432 42.01087494739055 31.74742098328218 29.147785039821088 35.916535394792845 48.260865773268186 62.98360361193504 100.76952764275373 83.69892412617416 66.74754378388127 50.03670458052106 33.92376028967733 19.916920493277615 15.532496081391244 26.163823305128098 41.551719196699835 58.02807587095307 99.62746086032435 82.32673539907893 65.02665118122306 47.727905512391864 30.432781071334652 13.155567690249242 4.324044073600167 21.518349179921422 38.80843908338163 56.10582977845176 100.46626915542961 83.33524426506052 66.29304209591302 49.43161659173041 33.028999415007426 18.359130720045332 13.487525873749192 25.009634594610425 40.83825517667094 57.52179712198918 103.23766823261828 86.64134251055053 70.38564068291117 54.7746719674088 40.55984537048808 29.81019148568199 27.035237542299093 34.23259724516981 47.02709274388806 62.04783865944852 107.79266020603161 91.99761516653737 76.85421451907223 62.83537915488317 50.8793174980719 42.75313457569595 40.81251737558464 45.849734181750385 56.01285714929258 69.07523216695668 113.91743433056715 99.07202491645336 85.15896540318847 72.7154154723343 62.62358100306279 56.16576483710787 54.645881580360864 58.4504114574405 66.6740415545902 77.93012271633937 121.37450089644695 107.5258928821977 94.81854462551046 83.77341919012017 75.1272634552322 69.77762004838343 68.50122187970949 71.5164955272691 78.32937801353347 88.06284336334328
29.932900354079774 15.454363601780015 37.50457254535167 42.26536990351844 41.80667243104878 23.56822646927202 22.659907520819512 13.743988005035646 21.348251868534607 40.71632454517935 26.673620660461495 7.564579059112598 0.0 15.69856286045061 44.385377402028055 63.764635305482415 64.00881644847371 45.15802454355269 22.535832290423105 33.55719699472466 21.369307655891735 10.334244450892655 58.23833527036414 24.138720368060596 44.53432386266474 18.927348171297524 12.93990315181188 5.690452784629573 26.088043967548742 17.957544200558303 7.849122877434742 10.818739175251592 11.534064998735257 27.804423306650722 47.95988840073906 35.394000157341026 65.37563027941158 24.38838631403747 42.522545145833675 48.37281403611726 112.83177624818008 98.8032985202217 85.97597765588343 74.96893048446427 66.68963346054049 62.23639412315061 62.43336580021082 67.23969397736109 75.7833926161654 86.96990063037366 105.67631548774578 90.58545949832494 76.43735771134563 63.8616958703463 53.96911254922587 48.432596293867384 48.75930703712265 54.844562413009974 65.09289050501175 77.8777575863134 100.00623136590625 83.93347706512424 68.46253565026268 54.11207774987326 42.04548827845719 34.730925214064605 35.26129894647398 43.34961586998037 55.80078085686973 70.33472149520568 96.0849331368699 79.24277709095097 62.651677615571565 46.58067557304249 31.82762334052577 21.329498823556957 22.262279185313815 33.689497931668186 48.71413664575114 64.88346160046993 94.13128512940992 76.87329756957061 59.640777508658395 42.464740997346624 25.459763110168517 9.58427205384196 11.585785579796209 27.844496901950997 44.89003242888398 62.07759208223947 94.26773052063552 77.03955051478847 59.85393027857431 42.762213417154015 25.950609302114263 10.8154819701371 12.61857668764011 28.28772888157333 45.164986806277 62.27575580769053 96.48540066037204 79.72567182271172 63.258550620609626 47.39005146399184 32.99546940174489 23.028163115891285 23.88729503573564 34.77960183695574 49.470696537609015 65.45066997390124 100.64678515194076 84.69220189436332 69.38638267690264 55.27095511547742 43.520043623583064 36.49407149006283 36.9911834114749 44.761427432277664 56.89930105602134 71.20521662610751 106.52427775692284 91.56876974680146 77.59483833031497 65.23633787707253 55.581490853201494 50.21479834875294 50.52179057499142 56.40991202397862 66.41089163744218 78.97744224357771 113.85233551596644 99.96187765842595 87.29887414370174 76.47550998969453 68.37110200678687 64.02659846738241 64.20978736406968 68.88455585778873 77.23963385684294 88.23567193002471
45.629824843474005 6.613524248254332 23.885355462073935 36.06055590484525 43.040674689810274 10.456916851292485 9.546860044727328 4.711605189527999 37.03513452295396 26.62360349809944 29.507659537418917 21.665512037441967 15.69856286045061 0.0 42.21887255171828 49.24113580297579 51.087952850652854 60.617126341924525 31.448451417875166 49.14654544961137 15.046133561225526 13.172049289033566 44.15295634401917 10.428945465761174 59.95597257947166 21.685261229866835 2.9132608089408025 21.375701063259193 17.257885653085907 4.321642050704328 23.481414688628785 23.288323232617405 4.313476408053283 12.108466409047868 45.155655685688394 28.015646936758746 50.15223652253275 37.687388745135685 57.14146792628532 64.02060273861545 99.47743650572943 86.42337857762772 75.1061636609664 66.4196261609961 61.48896749407445 61.228383714934814 65.69347217144205 74.03408042365476 85.1184663092775 98.02018676592309 91.440293273833 77.0817121762134 64.19155958250838 53.8351664161301 47.692733371018136 47.43070041376884 53.13613383640224 63.21336052098669 75.94150399778248 90.20531005522228 85.00514793117992 69.36378917075403 54.73119439522086 42.17084716133656 34.05826447897881 33.76771723118886 41.463964998082446 53.82351139009676 68.36218751574135 83.95543641719514 80.55693890734418 63.8611870726679 47.60035595395916 32.43529595969729 20.904899557269296 20.510804261981598 31.671489101632773 46.7352673771535 62.96029761802927 79.63996986371983 78.43451690195394 61.174739334933804 43.94812297406455 26.818646169870018 10.283751310772582 9.53859470025181 25.97936731112328 43.099695499073455 60.32373883915274 77.58245080008807 78.82600521877242 61.6735973178447 44.63674838351452 27.927749625531536 12.891558664798717 12.293842492909217 27.10715836165741 43.78550785837765 60.81329258601359 77.96188558933382 81.69526607175257 65.28477585428767 49.48533513341017 35.131265325148114 24.8661253237402 24.51843284331098 34.390316729777055 48.61013470098719 64.35765286026809 80.74392077941067 86.79688396362694 71.53845283433459 57.45004994290143 45.62864319100111 38.23800147812192 37.960812310207096 44.92892856593449 56.523453623239334 70.49751650533116 85.69484053154434 93.76712925666165 79.81582047617292 67.43557402666794 57.64762672765555 51.938828129963674 51.6791606446329 56.943219083523005 66.43060688735682 78.62710499739468 92.4668509570663 102.22438515567704 89.55740582241174 78.67608119019171 70.41317605568267 65.76319464792843 65.50017538704641 69.67381845825005 77.57126902818855 88.19781956356323 100.693106862194
60.40289803828612 35.7699480005845 60.566212558766466 11.76330291464868 9.330964105986697 34.862442489977504 35.24849818823256 38.21474772154432 54.07264875630153 61.57895395272024 69.58832297763362 41.42642337127983 44.385377402028055 42.21887255171828 0.0 50.811068309206014 42.53338507963831 66.81795405710746 66.9178016658627 66.46661752185148 57.230706910396165 51.42310161306222 44.61260155552497 50.5087221477742 65.88362414760316 25.5869873323612 41.3376743982124 46.05422131280977 59.207252047530694 46.24216477635108 46.270802760833284 38.3244737895254 41.280712137758314 44.750324467715295 3.7861277173195442 17.509316116266582 57.440082545907266 66.48922513395453 57.71876059550782 72.557074338073 85.39609773657503 68.62238867337845 52.19466274188033 36.58203497844701 23.471676986119064 19.034332950785355 27.792155623294168 42.20442951228974 58.21284823533037 74.79952808538853 83.4031724774428 66.13749198117308 48.89744371942121 31.72484278144722 14.85546321061014 5.798052722915413 21.10126854090621 38.1526295709024 55.359698723836274 72.61186427087128 83.77445731937809 66.60295959852037 49.52233786303063 32.6754167468293 16.781447010433286 9.708978317953493 22.486101223271323 38.93197180334464 55.89709563827273 73.02044484327361 86.47950151146192 69.95992058707334 53.93317877655547 39.01148593562866 27.08717915307639 23.32906966982876 30.87857973542823 44.2881345160604 59.733591964155195 75.98339382074035 91.3110948848323 75.82526011418234 61.31827574879216 48.67338756922915 39.71112213793797 37.19616422196364 42.294714700496435 52.84730833007973 66.29886840041075 81.22160274096174 97.9550051416937 83.67305864901559 70.75223852327431 60.07727165642299 53.02243567334127 51.109486412181774 54.878787518082575 63.32364360250262 74.87848262429574 88.3311455960664 106.071142027897 93.00271285943606 81.52677392643035 72.40454387966561 66.61016380564783 65.03923977411381 67.98517734773496 74.91701280723855 84.86357355817067 96.90090952094619 115.34905640654895 103.41381947118792 93.17786359677149 85.25545985452615 80.33402498126542 78.97658304052105 81.36171539654977 87.18279509234394 95.81562373639083 106.57912885472302 125.53129736365223 114.61191850933457 105.41512359825825 98.42497587089149 94.1343435778592 92.91794541706288 94.89407618161498 99.87340978549216 107.43919882230597 117.09114431886076 136.41538604104417 126.3878597447936 118.05626667243699 111.8004050938375 107.98164902983609 106.86159247020235 108.52382610963326 112.84546597725384 119.53842486492555 128.23193173037953
