0.0 12.818945015936697 28.672850903021523 40.31930122469485 8.898015843128626 18.369059634681314 8.047257864653627 26.003530080592657 19.30469171098336 37.252293259750466 23.77135665220465 52.16416368732983 40.389232761192446 69.73298964476407 20.713164129363868 62.79262151830505 33.73789037856582 12.438173754629265 31.8289296054129 43.692648871685066 11.120220141645314 5.82383493356185 19.57285216837347 37.745758683995405 7.216392115411826 7.140753487489074 2.845456717898209 44.48009516100194 25.993238397187625 18.253471014602553 16.467563777562514 66.19827866909546 14.23806013222428 64.75579839565886 28.626282918094883 59.956937202190815 37.97070618726119 48.66956713896403 30.89750298868701 23.069306855636896 91.71138143460956 79.25024859118436 68.91242855040541 61.77329686647672 59.00554290097761 61.20510167156701 67.89087816837105 77.91645972726582 90.17468904440234 103.8781540151565 83.2270633120688 69.30483424175564 57.2562632664303 48.49848419872275 44.995887683041175 47.91513852322863 56.265395613051915 68.07666736612893 81.86436458015395 96.78749603430862 76.43569657839356 61.02289196357051 46.945498834470804 35.814456063920275 30.986764120375913 35.16237653123467 45.94904548692215 59.874416273695275 75.21492905085759 91.25970778548265 71.81927237213337 55.15901745042848 39.060705525207915 24.651012437125125 16.979938169916945 23.825960093313835 38.02297511391546 54.060420703852834 70.69670236185131 87.59126983308207 69.81067503144546 52.52943337168903 35.26848385259814 18.08601938177516 3.009285928898843 17.021194653515984 34.19210280124575 51.45087250392924 68.73134823183936 86.02044953975683 70.63276266889163 53.612217657408806 36.854655143575734 20.999388873701456 11.063275468945966 20.06317020942398 35.79634810031576 52.52560594125904 69.53569605156878 86.66140879852641 74.19148656549379 58.20052490723259 43.231192865446445 30.810412040746343 25.06666033117798 30.101560535850176 42.22062232744335 57.07686457051849 73.01826144946831 89.46661420528737 80.12297764162483 65.56239541500871 52.68652520445505 43.035082002600255 39.07521883719508 42.43151270878992 51.698161608464666 64.3713651861309 78.8248152382328 94.24296492464151 87.94838661141716 74.88415482456533 63.8674747601837 56.117481885060535 53.08473383703117 55.54733038205299 62.86272831461572 73.59781968362094 86.48846897390425 100.71033323684595 97.21131313417881 85.5272427230071 76.01625201368604 69.57530717741044 67.09446805715726 69.00219848242368 74.96419560949867 84.12282286989515 95.5633795329153 108.56685112587131
12.818945015936697 0.0 38.59046297177702 53.08419327892999 4.66690348643106 11.538379229362508 20.666097609374027 23.301918140173267 31.654257224525644 29.995688836779816 36.41171609226873 64.9722736933505 52.871336124503735 82.54915581725831 33.45491583910354 75.60692322571711 45.33247101158958 19.88949016956161 38.60212900740148 56.167770950870995 23.607057107880795 15.08872573870613 7.775004008162855 50.56470341507908 11.548982424432143 5.827977922244009 14.990236581069981 35.88016161915893 20.360513848922366 24.575968545996023 29.190544421721555 79.01646367018147 9.069048380130067 77.54243572895597 19.93075212188625 72.77001628391857 49.18632962476657 60.741979350567746 43.67783717057151 35.70312741062792 82.0112458132504 70.98461021975608 62.852860494014514 58.82895539367235 59.74869579684507 65.40385342165662 74.72695746199031 86.54056295506868 99.96557726161264 114.43627472576561 72.48766067742525 59.784291401180326 49.92560372355919 44.829389657362086 46.10299673618554 53.29167195881587 64.44549754103194 77.8790463948149 92.60547198814177 108.09766360755322 64.686665015097 50.089517542353754 37.845263209921576 30.891376955900512 32.78718402145976 42.36072172306898 55.79042119151016 70.91840728243989 86.86183816308052 103.24362648311927 59.292248458700676 42.932795120325274 27.74150947777519 17.165957039664598 20.456321658506884 33.77816442955175 49.620358426547504 66.1974911173109 83.07074076801875 100.09046105852582 56.99200618333167 39.71103607625996 22.462359198313276 5.555389483521606 12.485219298385951 29.658264052358344 46.926092201732864 64.21228238512126 81.5051523889274 98.80119482997836 58.1542996372122 41.35441978094556 25.242155880041178 12.761573588826721 16.948805751260647 31.786462547193654 48.29295305807051 65.21313025610327 82.29221305471835 99.44836464207212 62.58650184311263 47.35913790648711 34.1674700687377 26.280304715702265 28.506195088386722 39.15689260264479 53.41003328552499 69.07033668784251 85.36686419253512 101.99510738836256 69.66723824140793 56.34765751961311 45.77443319373795 40.17766497756612 41.616061737137144 49.479836586005746 61.34588547898361 75.34644586359776 90.49619851495147 106.30495185620947 78.68462897905708 67.13185851038223 58.48761698953186 54.16286162947455 55.182688802420124 61.28084555398856 71.16357386215972 83.49769926381262 97.35592762687213 112.17480479010278 89.05218365041776 78.97944477787009 71.7210212271077 68.18172759961845 68.93679696185008 73.85463341259155 82.19137839067142 93.0324104321651 105.60931305175929 119.37468541753724
28.672850903021523 38.59046297177702 0.0 26.413443381114835 36.44300543356885 35.28676062894081 26.049529878865794 31.303772637017843 14.38176842146063 65.92513103966807 26.06579539363478 37.40789234741986 21.998535474457814 54.92380571534585 23.818665862246057 47.1779871994137 10.638050794526462 36.94413678424551 50.86016694188039 39.41269134146539 26.200870443114606 32.40216599727219 41.86350119373722 27.678024814316885 27.0446399647669 33.311484978081566 28.86625477617432 73.07412134957671 54.6409328651603 41.66636000389508 23.832397212496588 51.391865730753906 42.81525113534467 51.90060476325685 57.085298986656724 44.53227891968391 12.108272884446324 25.6372645486982 21.23543973742156 25.94176619991624 120.13179004954843 107.92178322288193 97.26899456993533 88.73604122967664 82.97948192120627 80.59643618267415 81.88197805100654 86.67302251819243 94.43754038397448 104.51491249152009 111.04493107747778 97.75509652474908 85.9059535644244 76.17282062665443 69.45110603960373 66.6581235989667 68.27771625599831 74.0208039423768 83.03616127316484 94.39078622912018 103.09305874056378 88.66260257446429 75.44955525770841 64.20991855393767 56.14171222754227 52.7216276505886 54.82652780921541 61.89528447524768 72.49002888665443 85.30698854473331 96.55712009297947 81.0069759311513 66.33015213730948 53.253678182388576 43.25419773626552 38.78921535933161 41.677176717405914 50.676198699339096 63.228738676138 77.62973591936812 91.7403477482318 75.22829686720094 59.16935417497138 44.061762071686395 31.314147916270002 24.86812059831645 29.240067783500425 41.11265359215904 55.89480822297502 71.81169449764708 88.9226271187081 71.78140090976949 54.74137779847212 37.93916701541734 21.928414630878493 11.001971027078966 18.972200415253564 34.60575724601272 51.321394217190544 68.3295367909578 88.2955907216219 71.00673209442643 53.72628985902132 36.466230936848184 19.281372692368244 3.5313205042251252 15.870812000154926 33.015279493349915 50.267765456031185 67.54555029977051 89.90509537493317 72.98943547585458 56.3089814146372 40.157904141236614 25.560229308320356 17.10863991669383 23.039053312521396 36.98111106368945 52.94449313848116 69.55104824568691 93.63585860034479 77.51819461020655 62.04172682564169 47.832939817344894 36.407599315042255 31.012019226377056 34.59315362068129 45.0592511106698 58.84466701536883 74.119919413359 99.24890468243443 84.18304259932319 70.15645326882552 57.92905059483799 48.870497890929705 44.93973652815228 47.42929440959808 55.48152585323049 67.12350666919903 80.81852682247104
40.31930122469485 53.08419327892999 26.413443381114835 0.0 49.15376589823473 54.94533083644681 33.019294330125454 55.090239647853515 22.085647568293986 72.69551511373966 19.151144610544762 12.155584475585345 6.370460454051219 30.18674938590389 20.840463978202898 22.795441799870225 16.404351220663354 40.53851194018951 43.704743691178855 15.773593735715396 30.62565816247708 40.19924104752582 59.091497258457345 4.842641984243861 43.38970248279856 47.28182712071722 38.562230744522815 80.80446325611919 61.65831407127104 42.15082576897447 24.83033766489202 26.578765224767036 52.86550649193836 26.162784477855165 66.52650411220536 19.955041309394126 18.62052655752621 14.895389902909756 9.43315939432153 19.762731622685124 127.67930873201992 113.09200877747884 99.37953574254848 86.95674156793835 76.4548938192895 68.75987041267857 64.87820801384026 65.49150385187502 70.48251828809259 79.02611465397521 121.06416677004583 105.60240388269112 90.80695950612422 77.06257874558824 65.03905865408463 55.85891350562191 51.07894130965511 51.928790016071744 58.162197170257414 68.32118329365588 115.78709362550619 99.53749303345886 83.71069772801431 68.59997255545164 54.80089854217886 43.577834428614885 37.33127043182157 38.56068952653346 46.67908233465373 58.90376562274298 112.03740222596736 95.17013571287299 78.49229879125215 62.15656209447082 46.52468653597753 32.62461811547478 23.725428576959832 25.693135644050656 36.82512024919377 51.48546151657118 109.9714965291778 92.74053340733045 75.54201624252491 58.40461533824718 41.404289163723696 24.824270845827385 10.81142351561267 14.705187090829734 30.237582076841033 47.022265001412386 109.68458994308646 92.40170172397161 75.12757939903831 57.870073316057784 40.65035152651459 23.551438750762088 7.456738537175762 12.459900736870006 29.21658428895071 46.37544569093571 111.19045852138677 94.17621496752272 77.28979733108321 60.638090206223026 44.4854482137864 29.6587951252062 19.469079597364697 21.843944219365277 34.263430131088576 49.69425818164875 114.4183187795843 97.94925595072984 81.82463101111763 66.29624551139433 51.90204743382526 39.88936345619678 32.97284543856494 34.379706019303235 43.306215095646714 56.28144255516204 119.22835091876317 103.50244399771587 88.3675009770095 74.18610118731479 61.62015137191369 51.857608566810214 46.69136047495345 47.64092552996053 54.386905531633445 65.15302193142729 125.43861425607324 110.5678114996456 96.51078563840997 83.67866132510127 72.72276665584064 64.60479108859066 60.47853409200562 61.15736221521387 66.49427519118414 75.50794743622936
8.898015843128626 4.66690348643106 36.44300543356885 49.15376589823473 0.0 14.689923346554298 16.372087900853842 25.535948043205753 28.16449613424308 30.21395109511091 32.03329934384017 60.922838378821695 49.28479965210436 78.36491973039662 29.170300759894488 71.52243385902045 42.364351299705326 15.328635378221422 34.352736951131995 51.673018283563394 19.215524287426035 10.441929646750703 12.390546426684795 46.44154000299626 10.11176965302895 3.451508480729505 10.688073661880438 36.84255870832148 19.59667151055105 20.242312545212233 24.903623745125092 74.85313215832646 7.243112178009051 73.26722667962306 20.75747798661462 68.69375586695386 46.44325235180934 57.486109543877824 39.72273938873297 31.322554033626446 83.69754590242624 71.91378385983141 62.74235627384244 57.448342670146964 57.12021291448265 61.83706990428281 70.59479830917887 82.11044833098244 95.39037553379364 109.79626408050765 74.76263286414985 61.33711135973523 50.33622828578663 43.634106122788154 43.276312773843294 49.40089036177195 60.05631840859021 73.2924244650928 87.9517042354106 103.43079697271567 67.63469964155861 52.45841912215029 39.090004840718926 30.047975316304605 29.604776021872027 38.06197980316156 51.18296054626063 66.25244293224344 82.20575733546313 98.61488976826269 62.93089563832533 46.26597295518652 30.323183413839196 17.238422852234493 16.539152449433633 29.131365850042172 44.97156835220411 61.603246789737746 78.52509561415607 95.58312528138656 61.21270388784985 43.91142798387439 26.611003380220776 9.316173958196314 8.009388024977527 25.30263027528735 42.60292835192509 59.90416940805162 77.20571950170546 94.5074089057625 62.72597635847418 45.98813466782601 29.899525850663927 16.485371022225234 15.756457887776588 28.69629189252896 44.69229315409205 61.40063242450189 78.36700168207355 95.45391002403936 67.25291020605351 51.967515393591995 38.431773713264285 29.190574761764022 28.73826593115858 37.395134070785446 50.69136045942371 65.87519903462962 81.90347684916276 98.36425693068979 74.24421993453845 60.70706321202377 49.57011114082282 42.75218564993464 42.39112999060497 48.63097254443634 59.42760422573777 72.78058712295189 87.52766787891375 103.0721906766847 83.07999035491862 71.19739514296292 61.923757103981174 56.55733952148395 56.228213157323296 61.01794487877564 69.88179720610998 81.50116505468118 94.86892310187001 109.34570671094045 93.23720249157569 82.77540429202175 74.89358358450204 70.46289696011577 70.14043422669046 73.97993551382571 81.39453841164637 91.51940005857968 103.56263790445587 116.93301086789664
18.369059634681314 11.538379229362508 35.28676062894081 54.94533083644681 14.689923346554298 0.0 25.999220882324437 12.158033043089963 32.87011957837084 40.19541121655569 41.02747886485694 67.09858935851183 53.38099778845418 85.09353403558403 37.71212180705971 77.73523830356916 44.03609654476431 29.224681380399396 48.71819025368115 60.99083886710617 29.096098515307908 23.127826521512613 8.143494440016823 53.360521373647096 12.20337807604075 12.753811606810567 21.20222003911916 45.0448732910826 31.51816449115467 34.58969286724896 33.71983176561113 81.49268436132986 20.59996273400698 80.63588641333901 29.87346716829881 74.89788212786245 47.053042841050846 59.879662310024784 45.952382354034654 40.36281580150117 89.26889369109117 79.68043986068905 72.99108959516906 70.03652884577522 71.28268467109189 76.52461331955735 85.02647412394593 95.92536530198501 108.5013348413199 122.23785487084886 78.56814305810384 67.53669028052222 59.56638493491867 55.98037284848543 57.603370771435145 64.04055554189738 74.04684621094584 86.39083494815839 100.21235224049447 114.9797937421852 69.12649014843018 56.33028486365348 46.54498202398082 41.93417122948393 44.14996136043369 52.33228894161562 64.24035219283842 78.19003926321706 93.26975198890173 109.01154084730462 61.526505308049366 46.74057849385316 34.38840382914955 27.913308212911616 31.216230559951175 42.05309908744361 56.2243990881058 71.78170226597109 87.99291065154134 104.55430018373269 56.51623566599085 39.94947674000574 24.42435614187659 13.994653882754601 19.846011812514156 34.504937554448134 50.85302281686773 67.67704061776811 84.69383925125302 101.80679579774032 54.810602809231746 37.50928463685175 20.20901508999609 2.9284383431562895 14.40350008276583 31.702673095833237 49.00379323573861 66.30533632252549 83.60703978420815 100.90882112776436 56.70860093170631 40.21991547963993 24.86222758337973 14.742174103473044 20.377576201830262 34.811953465706395 51.06085755253859 67.83260883641003 84.81761047528389 101.90929226289634 61.87949253765451 47.20215235968949 35.01034681982829 28.672551123494497 31.893817549133406 42.55614660916641 56.59986958455611 72.07478384362985 88.23102233055197 104.75381493316225 69.59749978653791 56.90467892593493 47.235343551326146 42.695638733600425 44.87050415444959 52.93875148705369 64.73303148008524 78.59340945482211 93.60655609640105 109.29846919266497 79.12061744018666 68.17569272323675 60.286614435489156 56.742616344989344 58.34098873949241 64.70174072113822 74.61673649580686 86.87748445773735 100.63018967137559 115.34240619850493
8.047257864653627 20.666097609374027 26.049529878865794 33.019294330125454 16.372087900853842 25.999220882324437 0.0 32.022242165982384 13.681400079377417 41.50244871805851 15.76065669403619 44.629478154241006 33.782848843560515 61.995741238542564 12.803518765415477 55.19577046952211 28.721129897296233 10.896848312506096 27.50437318312431 35.64757311831614 3.1085397898058864 7.424775292007896 27.61530912952718 30.108371330731874 14.000581044727843 15.146885882253635 5.690452784629573 49.250276926025876 30.10379669747675 15.919403507775376 8.535679176943654 58.48905921591553 19.969755189290606 56.90452784629291 34.0558549203287 52.37399710793504 33.33156501995768 42.65343084870092 23.602556323156474 15.054661297228028 96.61207816288976 83.26951542132325 71.64096860308415 62.68765587334297 57.669347561861926 57.623456425588586 62.56092586877316 71.456096965176 83.04682880194632 96.3653225333947 88.91808311152377 74.24875384737025 60.97568284032205 50.21847124572564 43.868671249960435 43.88314353866618 50.256390270809135 61.02772931900173 74.30859462452713 88.98233100232368 82.93383005157726 67.00133584424374 51.952356073367056 38.82814774206815 30.24751678203473 30.346481588431406 39.05912284002584 52.240125077954815 67.31385977740729 83.258574494609 79.0486705522006 62.150876954150135 45.55747123981718 29.78166138550803 17.237285561411433 17.49323188284737 30.22606159302331 46.0426859194097 62.64946562771724 79.55309327549901 77.57867577549679 60.27888443194838 42.98081525463617 25.68794756027019 8.432343569740203 9.002876463115141 26.26238278327225 43.55556580522214 60.853721941094165 78.15354908043143 78.65938793781142 61.65727441512282 44.88487998213106 28.747142447410173 15.390150485141474 15.68528132377497 29.221775333535287 45.39283029579959 62.17570840815067 79.18232867884646 82.19023684582278 66.0829466876968 50.76796926372484 37.23610631545992 28.184722352573573 28.300876043854164 37.49947527379311 51.0900357892912 66.42953347895296 82.5486773339646 87.87633352512287 73.00373202303993 59.46045053630585 48.37613936674 41.757178251621326 41.782513143073345 48.441720314934514 59.54937046725781 73.10513095797974 87.98464760930894 95.33273514144062 81.7885863953695 69.92220072608504 60.72523576972989 55.54001421910882 55.50253070784647 60.62233471122488 69.77322431968521 81.61027516910922 95.13606050923036 104.17992473886737 91.90440863191357 81.4743778657599 73.67780185988344 69.40787448938357 69.31939058764331 73.42746827878344 81.09684704208824 91.43573928272679 103.6483504521642
26.003530080592657 23.301918140173267 31.303772637017843 55.090239647853515 25.535948043205753 12.158033043089963 32.022242165982384 0.0 34.08941415626636 52.34231478737381 44.81963678699529 67.0474144722709 52.18252262294272 85.03214140693855 41.41848101874434 77.39226055267595 41.48804851904535 38.238070111650245 57.798068074031356 63.98770954203891 34.83528489171855 31.661801298600246 19.963975547089444 54.55797978178645 18.787175510477645 22.748679628721305 28.704812969614046 57.00195986054185 43.56440032773239 43.96597209958097 38.06625341009702 81.43333511100242 32.18041476786818 81.25220749145821 42.01672726233696 74.62469397367204 43.38970248279856 56.93540328864524 47.03537890381028 44.24740038622287 100.2420697043436 91.35778650969306 85.1040446820777 82.08430017283757 82.6537772697704 86.74181291342397 93.88992473252775 103.46581306334015 114.8638830382682 127.59674536124925 88.94937898900682 78.86404129266137 71.59450389536434 68.04924657784437 68.80637996935751 73.73348548675948 82.08304838559359 92.93717111540484 105.52582484676529 119.30118455272226 78.59237120171348 67.02419540303728 58.36457934889376 54.0305919892303 55.053474131000485 61.165059896282095 71.06436156947139 83.41355892893884 97.28411759169083 112.11278540885523 69.59025526879064 56.25288514567378 45.658256651576 40.0458683037925 41.489427454226806 49.3738743393372 61.26085372031269 75.27755830374369 90.43912440988555 106.25660223209024 62.53110810265843 47.28624442367118 34.06682717500901 26.149930914081406 28.386606539496384 39.07032564259976 53.3468989891665 69.02175952995204 85.32775232190615 101.96253093550379 58.12728839390512 41.31660067702127 25.180434291745907 12.639620045121122 16.85759955627504 31.73815172413337 48.26131816552174 65.18981769739585 82.27382801286139 99.43322465085406 56.99769929944646 39.719168855712546 22.47666785044587 5.612699407839058 12.510706036796572 29.668951959047515 46.93281612124051 64.21717310583055 81.50898716246027 98.80434316722346 59.32966830825087 42.984222782514394 27.820667408901954 17.29300211534566 20.562552601194078 33.84230306911111 49.66383638812148 66.22993335911434 83.0964726140426 100.11171614343085 64.75023736992068 50.1712142466159 37.95282916466981 31.022455534315142 32.910139111363186 42.45551517116695 55.86209165172664 70.97453629323283 86.90745263418519 103.28182244500871 72.57051216808996 59.884261812165995 50.04472191953981 44.961398711470096 46.23077285853829 53.40173355810383 64.53611188909558 77.95369222316629 92.6679573920412 108.15094232361436
19.30469171098336 31.654257224525644 14.38176842146063 22.085647568293986 28.16449613424308 32.87011957837084 13.681400079377417 34.08941415626636 0.0 55.16486598227968 12.592926690869227 34.23315405962638 21.221141026967192 52.224487121612526 9.78788026404305 44.88105612171279 15.04178352765733 24.056832232083252 36.49748847010427 30.03764860981755 12.788916531226254 20.987054701360464 37.17920413953216 20.690530426322503 21.375941541281687 25.83255026767362 18.249169752426603 62.852440091153774 43.75859422251126 28.111957775677404 9.478031766818772 48.62287043425536 33.10775499135161 47.860224338197135 47.429521409492025 42.040539862321765 19.6939378794252 29.384711384553885 13.177590951204609 12.288894432152404 110.223722137772 96.94960041195388 85.13444173094139 75.46663745501648 68.85670352369908 66.22665568479904 68.03959345828888 73.96955241467818 83.14021374996564 94.61388720240411 102.26545405419051 87.84031744663345 74.64797262480022 63.46194479211034 55.50871308849986 52.284951878642254 54.63437864087377 61.925880197825535 72.68709733675439 85.61958754972068 95.73479725372985 80.17960940003381 65.50644627516378 52.46070553797664 42.56598559266999 38.34458260911556 41.56269100457988 50.826311431007774 63.54429137086455 78.04579668290185 90.93993806360433 74.41631960676044 58.34565616384363 43.236017892448125 30.548348136673045 24.408207334141398 29.27507945961685 41.4368272213643 56.3533646170373 72.34019240911019 88.164611219992 71.01401763508477 53.96013155771011 37.13642366642146 21.10083400493151 10.492354199399154 19.32994737601562 35.15561551792179 51.93169366864965 68.96808957846339 87.60101322033206 70.31630731957158 53.042833414316746 35.79685491640599 18.65478520173524 3.6470184630256837 16.652748125958635 33.76449082029282 51.004717470939255 68.27616796478412 89.29104259326044 72.40143063582238 55.76518749834568 39.70210603052477 25.327266290231627 17.47557495968028 23.83344562939187 37.80717721446237 53.75355128015822 70.34357120203472 93.11204385333345 77.0437453086933 61.646844463820074 47.57769366115255 36.40946575504856 31.40653148235388 35.295892164424075 45.868709904981884 59.67232066633121 74.9422572364011 98.81707761438592 83.81937571858799 69.89466478370662 57.823387020996584 48.99517843693157 45.345500722576425 48.06875142706918 56.24676696459992 67.93744347805797 81.64555811987167 106.10259655223176 92.25940994754819 79.77802193934168 69.39714098970309 62.17788918180663 59.286701387383694 61.33866930802888 67.88702435894258 77.80462796485013 89.98426818919282
37.252293259750466 29.995688836779816 65.92513103966807 72.69551511373966 30.21395109511091 40.19541121655569 41.50244871805851 52.34231478737381 55.16486598227968 0.0 53.57649887721731 83.01039289731216 74.67121438279861 98.54954099908365 51.99626710932972 92.87338380695435 70.17800036548714 32.20739165307385 37.70448844266835 69.45025341924246 42.980485206253455 34.195698249735806 32.57839543279201 68.80212738063297 40.323370790281814 33.64474596560224 37.30444007421425 8.223085712760161 11.410115844047901 31.063471602986407 48.374892728451606 95.37005529433152 23.24867481540473 92.69676628559665 10.327350953052123 90.22530773452951 74.69601136405954 83.94164313799479 63.74163928383497 52.94586881265012 55.19053668175529 42.00340659836945 32.88291173788778 31.57521963080301 38.876882552321966 51.230248790127845 65.85114787926024 81.52863211572122 97.7556695231775 114.2984378050399 48.6161569764013 32.938457909206726 20.12623925702105 17.99725564486175 29.00774244550317 44.24600817856843 60.602653115118635 77.37161040278953 94.33325413074341 111.39960404002171 45.64652006381525 28.395351724900156 11.300476622505416 6.915136360317232 23.80443270777055 41.03896305788422 58.31342493684077 75.6004506172571 92.89302614227404 110.18853862754217 46.97043269565782 30.468871138511993 15.78593172236498 12.990463551604192 26.211097216310915 42.47356898509671 59.32705519765463 76.38133191790533 93.52662307439897 110.72065549322325 52.26259881649417 38.09341932837424 27.740734980940285 26.204934240361407 34.67793534665303 48.136579036750476 63.485523569323185 79.63920883824649 96.193065684702 112.97131763017393 60.490250304552106 48.729436797240695 41.09442240921145 40.020632299738274 45.970168372057614 56.776471047090844 70.23236335767528 85.08999926404755 100.73101310043437 116.84122534035777 70.63484823116494 60.81683309486619 54.83422328697664 53.977739412910125 58.473071696532735 67.25550778869187 78.90631150190212 92.34613210173602 106.90233713788668 122.17655547855011 81.98777049355739 73.64426149573477 68.72882240344731 67.9890862109312 71.55467626768456 78.84363376190157 88.94524445172534 101.0192331825221 114.44302281438534 128.79525031716247 94.11261285042428 86.88442675729323 82.70008461513522 82.0267337213036 84.94790616539522 91.11854446757503 99.93854209786798 110.77687445315968 123.10158527021416 136.51067849438365 106.7465201049903 100.37398055430627 96.71463557034572 96.07899790491481 98.5256072657988 103.8368194781486 111.60440499668088 121.35761077214846 132.65920439723678 145.14795096842556
23.77135665220465 36.41171609226873 26.06579539363478 19.151144610544762 32.03329934384017 41.02747886485694 15.76065669403619 44.81963678699529 12.592926690869227 53.57649887721731 0.0 29.751714964816017 22.021684377708908 46.57007738641257 3.405608772724175 40.07407011030042 22.373010315376415 21.511672083710547 26.890560880794915 20.004471233234444 12.81875013625344 22.130204012451784 43.3370372720045 15.289271267282528 28.825248564154744 30.898702118966796 21.421528185009375 61.71051839813903 42.62690300628814 23.047897613494452 7.355449595974616 43.126356602454685 34.60519373635795 41.29770346949123 47.75648131763809 37.30234019398491 27.116219062557285 31.838679506663052 10.7792868688052 0.7113065980774589 108.52816448643642 94.0096358022266 80.59751581000768 68.94059965193871 60.06955802063781 55.34072746349929 55.81701556543452 61.3773666111138 70.8344678284777 82.86471702561239 102.0310984052753 86.46420353668918 71.69712196935036 58.34039302523732 47.59654370149911 41.54474504373931 42.25169894388393 49.428247399739554 60.826002439677815 74.53293808033835 97.15812955834843 80.6837050385286 64.64308460107745 49.460150862622484 36.22974839326577 27.885351398903556 29.005188938793747 38.77781784527741 52.581815649672556 68.00504044446967 94.16181633545655 77.06640483807017 60.08932194046815 43.3697501193174 27.38350958368707 14.747566795862133 16.8474809170956 30.80417597793909 47.03902273301175 63.83693930031297 93.22333284061088 75.92218484378216 58.621498768329154 41.32185481179917 24.02550422321617 6.75778233761339 10.621863862599474 27.905088470724184 45.202627512708716 62.50259759719122 94.40408383256336 77.36087483706731 60.464794759438306 43.886107067323266 28.19045796444186 16.19030529280688 18.118018357920914 31.51367530890887 47.50445676186118 64.1790279725155 97.62719018563136 81.24535684834136 65.33955406706785 50.36284555544514 37.44709160613056 29.44253212068405 30.498365468028933 39.90172258671698 53.412116651082904 68.64597960154452 102.70049948991577 87.24951857436615 72.63793144269626 59.487514438993244 48.989431117105866 43.12619906180807 43.80043866446731 50.752266020501764 61.901625847057964 75.40911586783962 109.36676602453444 94.97211125435447 81.71298697014826 70.23546455637958 61.544509438123654 56.930929391213766 57.38669462200272 62.801533714123444 72.0661534485395 83.91499405655846 117.35475618199828 104.03104408671113 92.04057096384051 81.97050998888008 74.60262426787516 70.78578828463387 71.09425668955217 75.47746737359485 83.2946100513068 93.69004899850918
52.16416368732983 64.9722736933505 37.40789234741986 12.155584475585345 60.922838378821695 67.09858935851183 44.629478154241006 67.0474144722709 34.23315405962638 83.01039289731216 29.751714964816017 0.0 15.426959662370528 18.04849968249785 32.03531035216377 10.669598971180275 26.85015004219184 51.20920826024073 51.02605795116097 16.987296812786752 42.04142981149026 51.60155881805785 71.1416352146338 14.559960432871412 55.49592570061931 59.199698873502605 50.2608540113012 91.2010473464027 72.26237289040367 52.02476854809196 36.217057915212926 14.439007881684175 64.21965942589128 14.494672373233994 77.50652446111386 7.824372578866194 27.51919769398673 17.350474468839792 21.34822014405544 30.432905754340908 137.55408450240904 122.43892527344252 107.98216841675347 94.48651218848765 82.42540440498925 72.51818815813607 65.74588924852607 63.125670764982345 65.16036128776783 71.4534049146672 131.59187636144546 115.73219431157814 100.35019345260935 85.70346260290836 72.24062104487636 60.75387071365091 52.55530359090593 49.31316979857413 51.96363292613403 59.727307233773075 126.90942726450665 110.40411730499638 94.18515231382163 78.43037756032878 63.486319327039254 50.08401709951894 39.81221176647273 35.501028893430025 39.170668989764835 49.06186885517424 123.65227828992238 106.66158011570873 89.78981407553256 73.11935477820938 56.82763999349276 41.36462962377964 28.131757735041916 21.690327229046897 27.354270051307374 40.308227168492266 121.93474982732502 104.67484476892777 87.43155230728084 70.21711222948535 53.05961421240168 36.04047405944932 19.524911780467157 7.889352900428828 18.492563313077596 34.93452742110705 121.82200393236671 104.54408883052665 87.27568852205593 70.0238426172526 52.80477907414965 35.666010171519964 18.82809869167622 5.9702386415640705 17.762421817889425 34.55541836732855 123.31844387661737 106.2761648326111 89.33375346229111 72.56119823027483 56.111025248472615 40.37918405770928 26.668737143635965 19.765532157328042 25.86199271228794 39.315655375373595 126.36689373195428 109.78291302192301 93.45957529707646 77.56161744727507 62.41494092530854 48.72528361993441 38.09710934598445 33.57579903428931 37.443115317424486 47.70060326823608 130.8588912753426 114.90191457258693 99.39594098522909 84.58935371459893 70.92155529375486 59.18680439815601 50.74437102537059 47.38783739601388 50.149034306087 58.1631044307056 136.6520940962692 121.42937306144177 106.84140421707454 93.18676869837947 80.93921953352914 70.83244913327746 63.89060678446891 61.20031547365306 63.305945902738465 69.77465265364843
40.389232761192446 52.871336124503735 21.998535474457814 6.370460454051219 49.28479965210436 53.38099778845418 33.782848843560515 52.18252262294272 21.221141026967192 74.67121438279861 22.021684377708908 15.426959662370528 0.0 33.015965031811845 22.831424795236646 25.2994910010576 11.423564349727274 42.5101569213307 48.07833662882676 22.1402663240509 31.819497694730455 41.180111842662996 58.278485955643454 10.583311252910208 42.42939978283069 47.04666100683689 39.01382321270258 82.64843375056894 63.419098767104884 44.88361845315256 26.29665534480072 29.454340989928248 53.73771986156357 29.920519188529237 67.80136385456132 22.59607563803074 12.656303641976653 9.872665875371428 11.249474876031472 22.511365061375866 129.844896069352 115.72704250564276 102.58893045903467 90.85657869871488 81.14207347594187 74.24178903119862 70.9812605187413 71.85766769746715 76.72938436344442 84.91149155605535 122.6226079494469 107.59976190229123 93.36921978695851 80.35304168082658 69.2395051469211 61.07621878257093 57.14190748378374 58.29912815291721 64.27345298231918 73.9057699737334 116.65610551424452 100.77991947038073 85.45900691063879 71.05347306850265 58.24649935824707 48.32616081878819 43.323035802797364 44.911663547378645 52.49699128272237 63.98058412158831 112.14609397600346 95.54799299232292 79.2515043565023 63.48930876861336 48.78209835991623 36.43080180668513 29.553729504138737 31.91162707216567 41.97606895171976 55.716588143141486 109.27313061270705 92.17485491468254 75.16982857771453 58.33965052616988 41.89557212768438 26.564554383487284 15.963225882916715 20.067039066554944 33.90073713830497 49.94543367962345 108.16777754911503 90.86779401210084 73.56872617123209 56.27141854807217 38.97821460109786 21.6989279617448 4.5934005933888855 13.041042000412983 30.294418908844726 47.58306895015399 108.88389648096103 91.71520443993838 74.60809197941816 57.6174357547038 40.88866918707785 24.95416766094388 13.1244257106925 17.90261063780318 32.67214770855006 49.12380130803472 111.38635144231473 94.6592302452464 78.18267501057217 62.15626831853057 47.042352504169145 34.07747621799724 26.613456372761668 29.223072276746862 39.98012087206062 54.235988006466826 115.55911618345573 99.51392644709811 83.96927697843577 69.26299943990955 56.05882983517086 45.67852241084157 40.362954710256325 42.077482249272144 50.10555466326653 62.04292385044092 121.2297797254869 106.01707536230447 91.54933275303206 78.24090790718607 66.78845930653905 58.29627952932734 54.17484103853992 55.40821130821333 61.67597298313238 71.66924508161516
69.73298964476407 82.54915581725831 54.92380571534585 30.18674938590389 78.36491973039662 85.09353403558403 61.995741238542564 85.03214140693855 52.224487121612526 98.54954099908365 46.57007738641257 18.04849968249785 33.015965031811845 0.0 49.22089134141794 7.751957378410248 44.286178953851646 67.54913599016103 63.891688751936115 29.229484780480345 59.2469390306087 68.69154431112433 88.9329831686746 32.00879691354081 73.39382194145989 76.83119245273498 67.67693031809408 106.77235793914264 88.25388005462409 67.53303170441744 53.4776511087772 3.6094928220459934 81.15502900322532 6.201588116476465 93.90272936656693 10.42459589574139 44.13473993370213 31.612740163516722 39.2001544828069 47.276405611591066 152.16031245088118 136.41647461319235 121.09849077295435 106.39046221640108 92.58354333177208 80.14481021066038 69.8094891436697 62.627749508716796 59.747814235722025 61.77429616612707 147.1182504326895 130.79523370075776 114.7593565363549 99.15003717693338 84.20482787717447 70.34827225903669 58.36102285281607 49.616950468254544 46.00410596843563 48.6787116203769 143.2730313272992 126.47488077743749 109.83322776821286 93.43173373572655 77.42317681723706 62.112126359921355 48.16837828289081 37.16419762230236 32.26253239464646 36.045428298731856 140.7228567190815 123.59197973800987 106.51640450923841 89.52777962895384 72.68709749852283 56.127683740105645 40.198651011369144 26.081758493231238 18.528265729442914 24.597704316953443 139.53878565126476 122.24831078217794 104.9616109352893 87.6809189284659 70.41065836310966 53.16099670899371 35.96158817465002 18.949764377879116 4.864648897560226 16.939585024483222 139.7555621925754 122.49455628009268 105.24698893096797 88.02076031320536 70.83144089673493 53.71447662618812 36.77105091339349 20.43743079900967 9.054290496533554 18.573771331386276 141.36673909417038 124.32126558409756 107.35786087818852 90.52267434154292 73.90338225905693 57.686881615834615 42.3385613087038 29.25820053868424 22.764926659130712 27.913303903346065 144.32560227860378 127.66058624498818 111.1902790119962 95.01598850925551 79.31900817272543 64.44904267934766 51.132770381298755 40.916358236667854 36.50265190091005 39.867855224876294 148.5516027509443 132.39806958714138 116.57452628982288 101.23582729568759 86.63986655372007 73.23210651514017 61.79091820889902 53.59099665053577 50.24513380872821 52.686366562129926 153.94036108818543 138.39013696790505 123.30741554824385 108.88664257070275 95.42838473985104 83.39991475381923 73.50651965239301 66.70505652313963 63.98917239796195 65.86620747196972
20.713164129363868 33.45491583910354 23.818665862246057 20.840463978202898 29.170300759894488 37.71212180705971 12.803518765415477 41.41848101874434 9.78788026404305 51.99626710932972 3.405608772724175 32.03531035216377 22.831424795236646 49.22089134141794 0.0 42.51855444798938 21.429557141880178 19.789112066432786 27.788291286117428 23.280393599991385 10.036426006315098 19.568810559171457 40.231499952911115 17.475363228491098 25.51757705000358 27.85390305701722 18.493971550045053 60.05512975189426 40.865786010212645 22.121553994500623 4.267839588471826 45.73017635117455 32.18850664157408 44.101009080877425 45.692567811939966 39.71331858208338 26.267846163996055 32.443145637230856 11.747880691441143 2.838512128875534 107.11066454979148 92.8956858520146 79.90757274751822 68.84424201122845 60.766247845947916 56.95824646254029 58.26357821664796 64.37192708635969 74.10494713973543 86.24406720297061 100.25055384340277 84.93291976929585 70.5388739945677 57.76304352923608 47.91774431982468 43.062231866605806 44.847586063235305 52.60190783407081 64.19750781393712 77.9383338337921 95.00174931362882 78.69848870592526 62.930766434242386 48.22675700225292 35.917520871048886 29.20660897377525 31.85424928712443 42.1315781239379 55.98353365426244 71.35791261804177 91.64161493455492 74.62691769882508 57.78304768572701 41.31944883114428 25.969705443465962 15.500543448374783 20.120153847270903 34.177285318575414 50.299757155627844 67.01310920503586 90.38109401114747 73.0806674754606 55.78117389422278 38.48387144933127 21.19412561989909 4.010879979254717 13.479501251022121 30.75744378353065 48.052651753782456 65.35141874049528 91.30720317904472 74.2177656240024 57.25609929853523 40.58272872036793 24.78644034051491 13.43466300213618 18.58293588417871 33.29975424888608 49.71050744920136 66.57408098897695 94.35556568731312 77.92081091939353 61.960010064313416 46.958950102754144 34.204578891456 27.082716155745114 29.928312455941278 40.701895943550426 54.920805303307304 70.53123741793628 99.3309435028778 83.85048607214017 69.23783028036543 56.17433328084834 45.99934507697871 40.927120909072336 42.81149559134426 50.8854059046787 62.805496286502084 76.80131277385914 105.96217373419185 91.57519709744548 78.3756984119698 67.06849034520255 58.75639208235295 54.81919136367828 56.184275299644774 62.50520584758823 72.49708713436996 84.8731609256295 113.96048040936986 100.68252828944466 88.8011395579325 78.94937458742706 71.965655600478 68.72989089042703 69.76554088702865 74.89562047491789 83.36766588330765 94.28505682491426
