0.0 60.76510410791337 1.4497890208823103 44.32219289011021 3.789543488948305 96.62548877431155 4.3142675908291 98.51905228598677 86.6994948887886 80.59584098083927 72.10395875327373 32.801557318766996 43.672344995733276 38.921075554290915 65.09240812071093 67.17461069723252 65.33586054811605 2.853369815053466 40.091874424439744 73.91177124945406 1.9026465192587838 52.262236606892365 5.310229155915022 32.801557318766996 24.46511725315894 59.72422098770333 30.96642279130005 80.1414664574248 21.68954847128749 81.66505953751522 78.29807687834025 36.133807839802365 43.34845116651066 34.511174045287454 74.6033878283863 58.189131910515684 96.21004786061393 6.14680798008493 55.75753600308276 29.9013564030028 54.73593566364351 41.11236569620437 31.355063801313857 29.576390779501065 36.94719488424985 49.53924687339481 64.35750309328986 80.17698473130754 96.50657495370206 113.12558769064833 48.65980076041024 32.63208224746296 18.99057338202803 15.973210909823825 27.356124725203387 42.89853327336679 59.42157232717806 76.29072592685102 93.31848140008091 110.43149724112232 46.281666692883064 28.98450679908831 11.701461330234961 5.697399450727983 22.950166101814975 40.245167263436706 57.544334668017264 74.84477949108289 92.14578222639622 109.44707829595424 48.1526245612767 31.87438383662976 17.663243758332214 14.37764784134964 26.46046252650344 42.3356603711547 59.018411900666614 75.97861863542104 93.06471285322222 110.21816460715226 53.83141681253106 39.9058193281084 29.76301943773209 27.891040953679923 35.61871607088915 48.56115354075883 63.611227479528836 79.58203829512522 96.015224346923 112.70872070472906 62.28501409086792 50.6911001021404 43.10982998474581 41.78555271387982 47.247354978313595 57.595988157163156 70.717666205655 85.34274390731437 100.81906924672332 116.80877823080081 72.54974785020394 62.82755808454221 56.831651724918146 55.77696354215808 59.92496247380362 68.33469861074317 79.66780643412626 92.86003537932076 107.22738176301445 122.3565898057913 83.9638644552232 75.66768167924454 70.71036227603834 69.80689351286973 73.10772323678891 80.09473002605695 89.91263606916492 101.74521235592319 114.97210146271132 129.1656678704992 96.1186319861778 88.90697534085949 84.66869699693673 83.85586071254095 86.56501393953948 92.48717229182034 101.05904994622617 111.6721328276653 123.80257695422978 137.04805728556525 108.76588342735249 102.39056417101709 98.67271365987848 97.9155134149583 100.18611515704012 105.2888129367507 112.84005115622845 122.38744508905376 133.50341883280305 145.82971411026833
60.76510410791337 0.0 59.47095584197908 36.230313952701195 64.55020310958967 102.64381374642791 60.50276830565157 94.10755326755216 90.89578839573112 87.92641640792428 80.78163600356183 40.028111147969994 48.014993458782115 68.43874139789531 51.84390023451229 69.82513681204588 54.4302951763184 59.023452826976396 44.388211466900955 71.43866904707717 59.44683120947351 31.92714914271008 57.53885957158117 40.028111147969994 54.53056694569669 64.66479716398992 40.3461641151964 68.61432801421752 55.320260948271105 75.33176951778607 69.22641155833581 30.772360024579257 51.69047819041982 75.49988912146921 58.281286292154846 61.26712020285721 109.38001405086732 56.27448887599993 63.88599673291681 70.15396234065923 99.8802653292522 93.59477369817877 90.23618957058206 90.13230351154512 93.2939888088103 99.41015311664475 107.97991813428307 118.47202572759208 130.42336071764788 143.4697150683149 87.26343905224816 80.06008632565721 76.177506579479 76.12550856302074 79.91157024117236 87.03625981047391 96.76490812173854 108.3986615413218 121.39101145290476 135.35128723365435 75.20980780309453 66.78456879026062 62.14931250640557 62.15778663564017 66.80822413273368 75.24481485053963 86.36504205747484 99.27111258836356 113.35467381753193 128.2283328062928 64.0384060776461 53.960106241555785 48.178534821041495 48.26335989896547 54.18703848064942 64.35698026737151 77.11101878525794 91.37341006005484 106.54010255570809 122.27505623595452 54.29674686183893 42.00217616628873 34.33565244166322 34.53113663757028 42.480229629402864 54.913100114765605 69.46247448774193 85.04898766303346 101.19453239046523 117.669216923764 46.884852491518785 31.90084942125791 20.87703961376335 21.27790311268287 32.68576643298574 47.777413935251225 63.997773601409904 80.66883263113347 97.5598169263099 114.57350037315996 43.0242506497252 25.925814894134557 9.587652884278716 10.507700684964044 26.974319926386208 44.08548029960818 61.30382277600616 78.55890322937857 95.83087885539388 113.11201034253742 43.66728650925346 26.974780429015606 12.130904840940167 12.860487171283738 27.970316645722104 44.698974274527934 61.74440212745788 78.90156710675267 96.11064766537747 113.34799999265698 48.63564434951773 34.41127877280142 24.526664834077444 24.85335881966931 35.10744332740891 49.45792843388209 65.25604775451484 81.6659526831437 98.3819844393616 115.27104090882804 56.80547147393552 45.18443708762093 38.14592912135812 38.305316213747986 45.58716244772205 57.33923872785326 71.3869316031906 86.62047389272215 102.51256400447652 118.79920811029132
1.4497890208823103 59.47095584197908 0.0 43.67687473693753 5.103023757712987 96.99195721964824 5.019006161705819 98.63556422240005 86.96895670496248 80.9086099368264 72.39015221702344 32.190091971154686 43.39702793905392 39.443525799984364 64.73195067041131 67.25132666258003 65.03670495827795 2.9144583858852426 39.70147901688691 73.91764743391207 0.7113065980788735 51.51243444487449 4.030369829307507 32.190091971154686 24.51265892311075 59.77704214323559 30.336352037686982 79.97171958757562 21.782285480202514 81.63503784061685 78.17413958892783 35.20330901070148 43.19797844012842 35.41659965037524 74.27107512882432 58.167717160538054 96.75437045581731 4.757615999645723 55.84760082906199 30.689528676111006 54.83438465011759 41.53648681479911 32.28713081186744 30.957179739564403 38.3789554445517 50.85519193554454 65.56116193858234 81.29569757832255 97.56241088003956 114.13398560702821 48.39811916392347 32.617264547433315 19.598629140109516 17.408012277602097 28.647579800308755 44.011828808156615 60.43269505254214 77.23919016417787 94.22519128514834 111.30854934725315 45.61233531797834 28.340617546781857 11.16286945774928 6.6889676298707785 23.740019022761675 41.00180850003227 58.28740583668379 75.58047790197708 92.87684955055315 110.17496678830169 47.1289194764047 30.711519374770354 16.247236448300704 13.544772449867393 26.488901975025865 42.6447639643452 59.44916112030385 76.47576427097444 93.60339300647392 110.78520091768168 52.57685508249783 38.52147983730094 28.323018684281646 26.81776698370759 35.141174207261656 48.46980383074599 63.73736660808743 79.83916445477449 96.35788872439845 113.11102297211404 60.910174192999555 49.24737408905369 41.70448483547579 40.64394078397361 46.51130460275419 57.213448205376665 70.58442832142293 85.37944748857583 100.97447326600097 117.05017776539073 71.12167377378172 61.379005691989654 55.454227220696396 54.60457317116647 59.04952686882915 67.75494781382545 79.33043804563891 92.7070815254444 107.21281008481844 122.44700667657014 82.51688300856567 74.23018747087629 69.35341445588773 68.61750560749272 72.1492804489199 79.38114308250486 89.41981714872281 101.43535938907281 114.80875917369691 129.1187857908202 94.66918667016697 87.4842510805491 83.32714819418729 82.65599326231398 85.55286655146159 91.68016625744495 100.44845917824595 111.2349458285909 123.5119975988482 136.87912215687948 107.32156634407683 100.98253388030703 97.34317357083557 96.70875078676124 99.1369722284537 104.41438498738879 112.13944920169295 121.84751161497772 133.10538625381596 145.55390532379164
44.32219289011021 36.230313952701195 43.67687473693753 0.0 47.532217561247506 69.8980462131286 41.5733709678543 64.97048731856256 58.18150972729167 54.0913305986957 46.186514467326084 11.547064277865902 11.800286992219453 33.824784472804595 23.726310535618044 36.10938678039988 25.14393408871697 41.57350033537032 8.895366364333215 39.833169492405595 44.08897955242778 8.812764524793854 44.345339106830956 11.547064277865902 25.269893517776268 29.767608752470665 13.357168898536102 41.38692907303444 27.45543781317127 45.86829087668433 40.651028735683646 12.493893416496155 15.525618852150435 43.149747796258744 33.152881290037044 26.514770403514675 74.94778609022966 43.38657237813302 28.228997452354683 38.668235295245736 96.89343352283497 85.02547610091636 75.29288128020923 68.61047016335955 65.91257482509937 67.67740157292728 73.5845507342033 82.75163919326623 94.23202072870957 107.28562779168917 87.79162381037935 74.53895167180868 63.27275709465135 55.22253736967994 51.90679961254903 54.20150761574778 61.48163448479517 72.25565513655877 85.20838214933049 99.49249944862402 80.16370459103304 65.42757861671737 52.2878867792036 42.260912371015245 37.90320402683552 41.06126626234244 50.33993294706063 63.09434730293651 77.62983333985513 93.11601332392901 74.46413031856446 58.33942054934273 43.13676017747004 30.278424164240548 23.905996399277775 28.721440780990708 40.951879809647025 55.92765471608906 71.95456529499053 88.46314020050126 71.15787584556935 54.076128655012845 37.1984571122657 21.022270536739782 9.942818075284729 18.8280782293279 34.768470689882285 51.59369829915844 68.65628871427018 85.81477367913331 70.58212361770164 53.31973360994701 36.09522585625268 19.011843322539264 4.3299610803114 16.575899943076376 33.607824601099296 50.82248330652775 68.08140174815743 85.35773683780013 72.80169302196282 56.211992105561905 40.22687646352074 25.987056537745616 18.19792869929264 24.20153082684066 37.93383138764059 53.76754613222612 70.29675991356164 87.12652796653968 77.57699241571736 62.246328057472624 48.267271313395696 37.19626490057141 32.1885582812177 35.87970129569057 46.23106277250033 59.88303502830563 75.0556668238639 90.99141102044989 84.47565132259056 70.62177907172652 58.62967522655899 49.86125831028046 46.19041533361674 48.781830453876175 56.7845280113808 68.32277355127171 81.91595250664594 96.7013355091954 93.02638497095096 80.61180511427547 70.29447879473376 63.11149005340625 60.19553477761988 62.150144330433484 68.56000493078695 78.3390318708623 90.40038360043215 103.95263631902664
3.789543488948305 64.55020310958967 5.103023757712987 47.532217561247506 0.0 97.6822800369554 6.143167508455324 100.18851417488679 88.01249200383462 81.80822310081712 73.39578351223986 35.98671640641568 46.25762645998958 39.704379767119526 67.79599901013695 68.97352565125422 67.92399293309455 6.070136625144675 42.89716132583945 75.85925182411376 5.250104016586403 55.612081413318116 8.157045158321221 35.98671640641568 26.518862174689747 61.59141008615683 34.18443211152014 82.45608741950161 23.68371570989872 83.68199043086405 80.5196863063135 39.71920063089765 45.69177485181382 34.165861708395695 77.24395157978968 60.22323685308765 96.79004628478513 9.257796991288437 57.54984169291871 29.98065393040796 52.79779468382634 38.50667543125789 27.868108061416113 25.86908011432083 34.06607740680891 47.43939732631534 62.76309164086597 78.90896901329587 95.46075410281584 112.23901381266955 47.61866830789592 31.06561584849186 16.165407365975796 12.501251665634896 25.49421859452591 41.74137109533612 58.59557944692214 75.65219620831185 92.79968018353375 109.9955430177879 46.36736299233119 29.12052557425583 12.032922769640797 6.3475202119331 23.119350274244127 40.34143357847634 57.61138542884628 74.89609976958435 92.18727326567047 109.48184555176579 49.34362305038748 33.63871707900695 20.665082047718002 17.92317281346146 28.53325795821088 43.65507615452754 59.96746381772041 76.71466572762823 93.66373544196392 110.72200736262717 55.87589705311886 42.61153924233467 33.28782843651957 31.608932404916867 38.58598882864677 50.767522101374276 65.30323810512827 80.93450039327828 97.13383880445598 113.6586150180456 64.89908146559749 53.856617286411236 46.77481399096363 45.54047397878026 50.583493992748195 60.35021546563278 72.96787441612013 87.2076627053063 102.39504733955648 118.16521718324357 75.52550784317422 66.22630646741206 60.55114617450756 59.54540485449147 63.43158107009714 71.41548863002991 82.31327266451592 95.12872330793336 109.18868732722144 124.0707910121696 87.17069066567433 79.19524877379672 74.45624652579903 73.5816890701902 76.70387465775185 83.37500170829203 92.8331004177947 104.32288942051233 117.2485952191269 131.18646273100808 99.47735790125171 92.51161882496868 88.42923977911876 87.6341099468571 90.21319167651208 95.8946225113707 104.17203678622839 114.4837273005528 126.33253868687166 139.32685595555282 112.2279640265199 106.04446066020327 102.44218957775838 101.69581906956545 103.86693347270244 108.78098622296528 116.09017572371002 125.37630428419455 136.23571224801066 148.3232407460788
96.62548877431155 102.64381374642791 96.99195721964824 69.8980462131286 97.6822800369554 0.0 92.34240214414676 17.17359561582458 11.791240911412691 16.406545113094396 25.018103056288105 74.69755463314407 60.54070529856502 58.049086283850315 50.963062006061705 33.79569173866752 48.27997456626674 94.07902564634759 65.51389820835323 31.214535081346288 97.68127527202923 71.12295936417448 100.00456522222066 74.69755463314407 73.13289020650026 40.620055204611496 76.10980599441683 36.68577513513846 75.59262011332042 28.795423753865027 34.89712199840587 81.49190252475982 58.32714104245064 66.4132824252611 46.6342802658399 43.60581764653443 12.494746829406349 99.73165721326221 43.39412375553074 68.70950115013413 149.76064905621834 133.74703072890918 118.09734943240358 102.97766334874454 88.65953894922131 75.59978860489497 64.56656813176558 56.75433812962111 53.5907414194725 55.871099223432886 145.2413160624652 128.6902085169225 112.36549936799905 96.38229574010379 80.94315425114122 66.42851279687412 53.59483379149364 43.94053834948954 39.84772786988101 42.937369819442694 141.96548392524312 124.99857142377938 108.13786269468297 91.44212430179215 75.02157758969011 59.1060265110867 44.24384583808517 31.94094046739818 26.108230888991923 30.688206548909477 140.02050463289646 122.79536214945016 105.59532692537208 88.43504976459155 71.34322561117744 54.38443260457622 37.738442392655834 22.122983843176726 12.384492296150064 20.39700321493619 139.46209893932453 122.16117198547532 104.86057617354268 87.56050778924674 70.26135643050767 52.964020663847975 35.67114178978944 18.39529348979462 1.748394362180777 16.32300638354893 140.30683103662827 123.12025835820117 105.97123041691884 88.8814818128174 71.89329883741712 55.100703276442815 38.75875463379231 23.81401048449067 15.188337807264753 22.20307615495512 142.52974324508577 125.63612464036413 108.87081067952218 92.30374055135539 76.06455889604649 60.41823581471215 45.97411028604844 34.28678919069977 28.918134591311137 33.100492478339035 146.0678973478885 129.61811729424545 113.42216136889387 97.60646347471591 82.39029917743493 68.17628436158603 55.736476069470974 46.51675444994092 42.658724654810065 45.54590869144488 150.828713954987 134.93644782276 119.43653929928725 104.50371696844574 90.41938272755203 77.64663970865236 66.940529697577 59.42866604182868 56.40209350856024 58.560429729961164 156.70072867794596 141.44038122996807 126.7056981286552 112.70304280060704 99.74120110573035 88.27982761322957 78.9749210398569 72.65973966286512 70.1464668213636 71.83526482357503
4.3142675908291 60.50276830565157 5.019006161705819 41.5733709678543 6.143167508455324 92.34240214414676 0.0 94.3965712564093 82.46446315176013 76.33776973531812 67.86136612168536 30.029278789187856 40.11609568488048 34.60732121799294 61.653278424480675 63.099355231279866 61.78392070762563 2.4792139529806922 36.76732989119221 69.90958215435988 5.7253694209926165 49.77195293514959 8.901703017067206 30.029278789187856 20.488769440246255 55.67794746790276 28.25822654645484 76.36659751143856 17.67247125824181 77.70156301512029 74.4583240791912 34.30493259714255 39.58619138103606 30.405375924747965 71.10143722855999 54.22914313624004 91.89610670250636 9.33908121326247 51.675285291135935 25.676402834332034 58.70056504591028 44.63304762126584 33.72196351604422 29.680666889265733 34.97745603693148 46.525392581196165 60.864695505757744 76.44029986382904 92.63064831649476 109.16255700411797 52.91709722081942 36.7358660435052 22.305625777608295 15.629153540130803 24.283993722617613 39.1646099628725 55.46830994037586 72.23788862774644 89.21100891021476 106.29020688548785 50.56366900326709 33.27315722855059 16.007340626200996 2.0200269736951704 18.725374685424264 35.998783289553614 53.29070024526619 70.58752481860209 87.88635946770246 105.18621247120808 52.10716014915682 35.5647270660578 20.3287065028611 12.6639499843276 22.499061639618176 38.08874826572819 54.71755238091911 71.66576000418203 88.75057520765188 105.90590572141386 57.23313261562419 42.69381761097749 31.122383598242383 26.704935216876354 32.50253027861716 44.70330513003197 59.49005471517358 75.35554283432512 91.74180708379207 108.41296326247581 65.10071146253613 52.73359259383836 43.84365837086646 40.77261835426743 44.735353717594414 54.210725632852835 66.8958826206372 81.30203494362976 96.66275444354112 112.5880133197344 74.85022328408508 64.33541267673091 57.220918734764865 54.84633602620675 57.798844523667235 65.36047046278328 76.17069376013401 89.05423569038739 103.23777418320958 118.25446274544925 85.84271616213876 76.79442232625999 70.88360129622217 68.92225195964023 71.23734236961731 77.44631257032695 86.71674557742632 98.185267967926 111.17369282988268 125.20991716877897 97.65923129324352 89.7542235110546 84.69353902397782 82.99909758595774 84.87275523511053 90.0921677819324 98.12488238528208 108.34697099193296 120.20116236937 133.2525890093058 110.0344748890784 103.02585380328736 98.58871490914764 97.0763108649405 98.62328742827198 103.09201124887298 110.12738084268534 119.27608522361282 130.09302928051827 142.19801437914313
98.51905228598677 94.10755326755216 98.63556422240005 64.97048731856256 100.18851417488679 17.17359561582458 94.3965712564093 0.0 15.326284575130403 21.60788916840887 28.15685478064157 72.11816686782434 57.83141894735542 62.022688388863905 42.790869642979615 31.44540886980673 40.563428519381695 95.78512597808138 62.68258300530982 25.510632881465188 99.28396675346204 64.09306782032198 101.14294485652515 72.11816686782434 74.13343078755385 38.97499995438544 73.78220873231487 25.510632881465188 76.8545357886055 19.205278148123927 25.018390897789992 77.31462658138706 56.60030812357414 72.30572402656928 35.91668375971201 41.03875528375403 29.64772972398768 100.6639093971748 42.79827172947272 73.33543437731984 152.96742843122857 137.82928024048397 123.2618194711194 109.49306418644646 96.86421108539368 85.87961919297479 77.2439765678917 71.80977760308947 70.32315211277553 73.02558871440708 146.93238243135065 131.1308504221338 115.75911520868604 101.01358063121315 87.21245373826245 74.87976094800521 64.85863866897674 58.35242341456917 56.586796382505874 59.98186083700914 142.0282555102902 125.63716716794238 109.52659402222127 93.84112337350764 78.83490780071867 64.98025511012098 53.18485719510309 45.09466853335357 42.86179930958648 47.322755252072966 138.3754153319888 121.51182778960658 104.79123286896335 88.2949044324444 72.1767779864952 56.75996724483952 42.80899382355468 32.28367222325386 29.16454185766303 35.462867634183006 136.07472330379056 118.89741016642726 101.76232322748871 84.69509534420193 67.74703229250434 51.03698713599807 34.90845441752399 20.763881770001174 15.56887423494307 25.541209176096334 135.19526133366057 117.89451371040948 100.59417295366842 83.29449258344786 65.99599192767865 48.699928127112436 31.410326995061432 14.150896705547988 3.5497473838406606 20.58317586502776 135.764664352802 118.54406084848215 101.3511593418269 84.20293046746573 67.13361572715142 50.223740241321494 33.71407226965371 18.696687303864234 12.696709228713345 23.907312611517714 137.76496037528432 120.81939386982103 103.99123920319974 87.3483828995563 71.02121111066947 55.290099732945144 40.84957891815261 29.649474457507736 26.233658569725335 33.10632291324703 141.13529500369654 124.63146975126436 108.37684633262374 92.50288753334526 77.24463344213241 63.05068121767284 50.820755812645835 42.29439506346743 39.91977328745341 44.68855063654001 145.78063027018874 129.84495702487607 114.30718727040613 99.35417833760854 85.29403226278205 72.64702761670831 62.28008348672323 55.48627282986947 53.64087659580487 57.22464772620418
86.6994948887886 90.89578839573112 86.96895670496248 58.18150972729167 88.01249200383462 11.791240911412691 82.46446315176013 15.326284575130403 0.0 6.596420878546647 14.61745800227656 63.3338751764568 49.080155267428125 48.816511243191286 39.31615640285259 22.128702140701435 36.59849662680247 84.0694172447501 54.059301453978826 19.51970690866119 87.64491914778857 59.33487846436956 89.80135355151234 63.3338751764568 62.75599331163793 29.17016370428449 64.80385114576521 26.16632577030281 65.32562931099538 18.20715319944222 23.987621693397873 69.8863302710661 47.04902654131756 58.295903353759826 35.60636498051856 32.03283779353934 20.499225715473884 89.45272759920857 32.22451914419221 59.89894940947729 140.52196203961822 124.89436582552284 109.77012862197013 95.38897936445963 82.14214116365062 70.67038311994489 61.96751141186093 57.30915822020136 57.68365874659404 63.001326033890955 135.35456536406878 119.07801653967982 103.13580452586424 87.71042595800115 73.12966540945088 60.01234538743682 49.535035377988024 43.642437557888215 44.20757262321858 51.01628263234106 131.4872432814156 114.68365774743289 98.05354128506967 81.70288831205079 65.840233553789 50.92366980391869 38.081666642181865 30.09843714062939 30.989157757310476 40.16776412549115 129.03699841087968 111.87903898751922 94.77343614309508 77.75475200736412 60.895904204441585 44.37942390169579 28.800482819840404 16.97394424754128 18.58693583786057 31.64721176061941 128.0852175690253 110.78500431873029 93.48542664097789 76.18691749073231 58.89041848537844 41.59843713622578 24.320611528493558 7.16016118628693 10.476509984611358 27.694046379176022 128.6651726695177 111.4519551418435 94.27121954584739 77.14467089351305 60.11863723323351 43.31181964794985 27.134660170830184 13.977794064132247 15.911648379688655 30.161154891094817 130.75647562701445 113.8489376532258 97.08045939851405 80.53794692745294 64.39578013854003 49.05081457212464 35.55078939993506 26.841109328740465 27.852144968083092 37.81202341760891 134.28850643136371 117.87042175173671 101.74564141854857 86.07915328961104 71.17423392148206 57.624893731890914 46.62822150902376 40.329388351998126 40.9564884836154 48.2401719863987 139.15155175198356 123.35757810787264 108.02652147435072 93.38664867690028 79.81918632015308 67.9693931361756 58.88356177076002 53.976002403884095 54.389735883309925 60.01481024431342 145.2118832346673 130.12505081174675 115.66009693808415 102.08172489844127 89.79304234153877 79.39517433930979 71.71532838163787 67.68511138170923 67.95698376250337 72.48255198947034
80.59584098083927 87.92641640792428 80.9086099368264 54.0913305986957 81.80822310081712 16.406545113094396 76.33776973531812 21.60788916840887 6.596420878546647 0.0 8.625065558815727 58.38043340782252 44.31560991253941 42.43261950540134 37.16863038505043 18.16231445212409 34.352229952738405 78.00123411044123 49.27333546344568 17.818631002673378 81.59111478606162 56.07881626280181 83.83047745393398 58.38043340782252 56.86487160595235 24.469392790873222 59.7627696437149 26.801662102393873 59.373233378038194 19.312667555832256 24.125366279361394 65.4021815052241 41.98552853097758 51.73491928148492 35.070379476313974 27.6011249298624 21.572010379354058 83.5219832545847 27.036779607994735 53.43578968224162 134.20256674037168 118.47799341222728 103.25909614523482 88.80623267195897 75.56026070180643 64.27175931028707 56.134348701491106 52.630515628861914 54.658734512869025 61.67563014413871 129.25326880077554 112.86757645734598 96.80123112400256 81.24391110252506 66.55354271482062 53.449800909419125 43.39463791113243 38.833158441078936 41.612978774641306 50.53683828048899 125.68464823040645 108.78181336192594 92.0274175183888 75.5203202541437 59.46681853727908 44.36210975755673 31.597493522790252 25.050288447821426 29.246244978484004 41.0107215125886 123.6163900030589 106.3965564978149 89.2084950191993 72.07493964203461 55.04680968999199 38.26510919275964 22.293472091056888 11.33544026825095 18.93933753163079 34.4618310317237 123.12415732572748 105.82688757347593 88.53143915747572 71.23913864293054 53.95301288499241 36.68179239949241 19.46519348479742 3.3086539033601374 15.547160300015731 32.72911189792486 124.22669303035057 107.10178967142379 90.04458735937976 73.10249207105869 56.37936904304968 40.149775003471895 25.378886587680107 16.579614244853154 22.458664365176 36.50495684295016 126.88241564592097 110.15721941369164 93.641805184304 77.4704554520712 61.913361711404214 47.57695187419329 35.9524330430764 30.336407741908644 33.86335672308779 44.405690213327325 130.9968586406371 114.85111891835395 99.09634763075427 83.95294375366147 69.8198501180628 57.447630332070254 48.211544736063445 44.12686161288431 46.56941958733458 54.67125223106023 136.4380620326891 120.99288313695206 106.12213671687762 92.1044796221964 79.3930700099353 68.71667264274834 61.150631780842424 57.926812186403694 59.75222596523933 66.21056245288646 143.05463967083955 128.37479094402244 114.43003236329608 101.52372137795314 90.10320770041865 80.80098027647867 74.41570486146647 71.73063632311379 73.15435452252528 78.46351588377185
72.10395875327373 80.78163600356183 72.39015221702344 46.186514467326084 73.39578351223986 25.018103056288105 67.86136612168536 28.15685478064157 14.61745800227656 8.625065558815727 0.0 49.93212088728083 36.00461140059791 34.27863094257799 31.42300762504931 11.328692397434454 28.592941391450797 69.48694944585851 40.93087355091775 14.299491411294532 73.06905948376081 48.8545119108309 75.26899133917591 49.93212088728083 48.27105768099605 16.419187524437216 51.274926760725585 25.178396190922964 50.800191353411236 19.26846607513988 22.127780297706924 57.18809948591593 33.52410811557308 44.17466965507265 31.365648748972195 19.717353559272876 28.77973490122906 74.9453724216123 18.58773890952457 45.455320637318955 125.91775461587146 110.35369289758275 95.39022343232605 81.35940326049585 68.8339367881609 58.78409471335362 52.64721561112361 51.832320176231256 56.569869197489524 65.6689528624236 120.76298525475562 104.46138891304798 88.54022579245492 73.2479899864797 59.075131272422475 47.04445638852113 39.1815934241977 38.15652361004192 44.444909372509166 55.61911801353833 117.07769411187122 100.19823302238272 83.49189281331805 67.08813049166353 51.27815483051889 36.83465617419076 26.131311693933142 24.649742979700374 33.63160760106932 47.468632310526736 115.00329141259617 97.77761724990921 80.58461982384821 63.45086750391409 46.44197820524549 29.772725941962427 14.652173838753331 11.902533519276012 25.83345752981712 42.32939722581051 114.62729707749288 97.33713706314825 80.0520630426852 62.776276351140034 45.52035233854738 28.320621654973927 11.43355912265599 7.6228909796417375 24.170316277469755 41.34021577600834 115.9662377331691 98.90325871047008 81.94054509514727 65.15645274915248 48.73587792043379 33.222286435274334 20.75974211803851 18.89247276420068 29.691686024952105 44.776991506510115 118.96220319577465 102.38391974109992 86.0908645311246 70.28168745722695 55.3724022417997 42.32492138662901 33.397660291800015 32.2198255396737 39.491002834945164 51.76553056087614 123.49461380530778 107.5934269099067 92.19801978547844 77.60997135464272 64.3804622411144 53.52647612803274 46.73357292901795 45.844012635553604 51.16662597967498 61.09891322687745 129.40206374633453 114.29555707850741 99.90370851352039 86.58362387276246 74.90923316164172 65.7628986956259 60.30605955553982 59.56155753317693 63.694849044889125 71.8692200893349 136.50607230858546 122.24496818549872 108.86893061034998 96.74576577101776 86.40445401978283 78.55191590432567 73.98489473065402 73.3199368714571 76.65865232216825 83.5222853328739
32.801557318766996 40.028111147969994 32.190091971154686 11.547064277865902 35.98671640641568 74.69755463314407 30.029278789187856 72.11816686782434 63.3338751764568 58.38043340782252 49.93212088728083 0.0 14.350044643250003 28.713461194560313 33.50158926158435 41.42583108433803 34.323560690210506 30.03945338462418 9.436762051264793 46.607560239150246 32.621419305079556 19.89542992475142 33.04417092088058 0.0 15.343244883995267 34.165631171370855 1.8984890871772155 50.23295510191202 16.981561168900257 53.537937264153676 48.99459321217169 9.42628322466493 16.40805102335236 35.60641397471537 43.1259238781084 31.453510232905046 78.0299199302995 32.14195274997426 31.353746926246277 30.44420875804442 85.89687867231228 73.63327267128751 63.750624651701045 57.49020493480482 56.078546738396135 59.85968063763957 67.9724764050032 79.0950817175039 92.14393401414004 106.41275966443152 77.34170886456796 63.49578163288477 51.77251789446419 43.90646765673443 42.11730243157401 47.10266866333673 57.11532714902718 70.03116994896381 84.52972200539489 99.92441147595096 70.60915251453423 55.13786310371285 41.151248569440384 30.746973060972245 28.214131715094123 35.29033701883616 47.8903782381644 62.771638110465645 78.64972063950208 95.02625081792205 66.25726702981447 49.470011032396336 33.215225568386685 18.919119649529616 14.537112086499471 25.757228656569932 41.40355889369052 57.99816558129155 74.91349940595889 91.97276899385406 64.76779654197125 47.46595499834993 30.16421559979385 12.862990532492176 4.443731761669629 21.742828296771172 39.04443643540955 56.34624259537698 73.64810721612712 90.94999693381718 66.33386243322221 49.5720828586372 33.36636186680958 19.182007746142386 14.876066341251233 25.94914044967588 41.52265697221079 58.08284433155358 74.9787648664337 92.02568210976037 70.75283751283156 55.32090579583515 41.39505893495407 31.071029507236076 28.565302892391806 35.57040719921146 48.09616296102223 62.92803508023987 78.77400580594117 95.12865008213616 77.53842250155435 63.73415042103882 52.06324728068741 44.24733129469084 42.47088129334019 47.41761287555397 57.374115118339844 70.24139080437081 84.70313866813645 100.07045138162198 86.13301226485287 73.9073408410279 64.06553116018874 57.83759642275869 56.43297672179539 60.19029978347087 68.26244603674084 79.3432348357937 92.3560193687455 106.59558028770165 96.05212372617612 85.21233432984343 76.77866021219732 71.60637331099439 70.41783883679672 73.40681608062853 80.10704438812532 89.69061136326384 101.34279582215245 114.43342193201455
43.672344995733276 48.014993458782115 43.39702793905392 11.800286992219453 46.25762645998958 60.54070529856502 40.11609568488048 57.83141894735542 49.080155267428125 44.31560991253941 36.00461140059791 14.350044643250003 0.0 23.227832090543934 21.61750034648472 27.09434379492308 21.671954512358685 40.81902451972505 4.9791461865507 32.32963703688848 43.948994417078204 18.642460189889054 45.094779103696474 14.350044643250003 20.39904661200918 19.926368339647578 15.960043160916397 36.78276559276274 23.166285603432023 39.44482462503805 35.24517984642986 21.230485599880616 3.7876253613241277 33.8294662412393 30.989573590299784 17.117000811265523 64.48966503847475 44.38696471719416 17.477850025053158 30.195802063007644 98.12546292594692 84.72878483510003 72.99332008365847 63.8418347663793 58.49984827621812 58.02914718440338 62.53981843731487 71.08989485097396 82.43187916101607 95.57695091481709 90.46445642186038 75.76801000159 62.421703358478254 51.486415757864826 44.765357275121474 44.223609795744515 50.06218494819356 60.46008027765969 73.50730915658816 88.03369774358562 84.48631647813576 68.55434502638478 53.48053901472203 40.24111288282662 31.26076710957089 30.558685116083506 38.58937928090545 51.41163712662731 66.30144758780355 82.14205228629963 80.56662333515104 63.68439772883159 47.107713044859885 31.32543915652351 18.49708204542345 17.36989769292747 29.325706186764627 44.91094673526101 61.42232188515994 78.27593826107277 79.0123818338028 61.71558494156318 44.4227864511016 27.14162996678824 9.933065397998579 7.705653049607558 24.875730731258503 42.15377159496207 59.44571077646741 76.74215392814351 79.96166753721234 62.92085889554768 46.07508606886243 29.757444306334182 15.710197017757313 14.381514257349139 27.668727430758672 43.85204517741962 60.65606414976641 77.67900123790646 83.3289506589317 67.1294536282959 51.650007621307395 37.78615151776276 28.045916319517158 27.27753314243618 36.05917945448519 49.54972500392828 64.87523633406497 81.000787324441 88.83966378079843 73.82948448284196 60.06500933485981 48.616083377973695 41.448129378193016 40.87880800927905 47.14776886494162 58.081433547696555 71.57303532902661 86.43293063739146 96.12580432915884 82.4154638577886 70.30751218481132 60.76745031972491 55.14452764600271 54.66126601654778 59.443151313342284 68.39460238798344 80.13023271910212 93.60868505236928 104.81768919585245 92.36282841431796 81.69288176910577 73.58839953363635 68.95990803009312 68.5155167876604 72.33238501127728 79.80139445909589 90.01800902605102 102.16120641037104
38.921075554290915 68.43874139789531 39.443525799984364 33.824784472804595 39.704379767119526 58.049086283850315 34.60732121799294 62.022688388863905 48.816511243191286 42.43261950540134 34.27863094257799 28.713461194560313 23.227832090543934 0.0 40.10812149988971 32.34484768244276 38.75469636364671 36.54214177268686 24.933441456106724 39.84079951855808 40.149194113479616 41.70236938223643 42.79400199350309 28.713461194560313 17.978491959085908 26.06064851876368 28.862029383983078 48.963332726315585 19.569924073650537 47.77758820457214 46.33742175902233 38.13775802538014 19.71015219305746 12.039664838507024 47.55745897102128 26.305355555564304 57.31203407879551 42.72005012528773 21.910748632213334 11.368886848193645 91.78839295797115 76.08106593380123 61.239331180716654 48.07172091201632 38.34361221445529 35.046860374943165 39.812558633197455 50.4034205781155 63.98966608165739 79.04149228495051 87.32064895685768 70.65251962096379 54.38173174490931 39.00869634638993 26.16668603453663 21.128746999026315 28.405349246338155 42.02398370210751 57.65308292618946 74.03007604933123 84.98821926888766 67.76223172110474 50.58810173501841 33.54557172691659 17.034320762136684 7.3310395701913365 20.396900611202117 37.10844006310557 54.19181164437154 71.38054308202497 84.96716932716079 67.73594964531884 50.55305389817276 33.49293978901793 16.930922780340705 7.088628208816338 20.311438323716576 37.061756257346566 54.160007387215835 71.35651614735023 87.25917219565977 70.57687340287609 54.283869263409564 38.87278406493512 25.96458541190037 20.879116987626965 28.221035287129734 41.90021020338109 57.56335529999402 73.96055440274756 91.69090239600258 75.96395843433457 61.09445182526787 47.88787707513399 38.11394970213437 34.79662652155184 39.593496144289055 50.23138780502017 63.854893069333976 78.93294674006312 97.97236286174845 83.40522372733923 70.09265826894456 58.891697883047954 51.20727833225304 48.73233595109465 52.213003349138084 60.63214336155938 72.28428485348692 85.86315160212 105.7744440850219 92.40564476380985 80.5485421643171 70.96496602993783 64.67363806831813 62.673972405169856 65.36106235240635 72.21360277191421 82.19631790572365 94.32051329068531 114.78739601703968 102.55542822715108 91.96613603716155 83.64573653936715 78.32070639423657 76.61815453590674 78.77331340292719 84.49149631744052 93.11861114017734 103.93278249034827 124.74892895470485 113.5466470506459 104.02913108924159 96.6951521658946 92.06800784549124 90.56355207414087 92.33455008521553 97.20213266163127 104.73544446609134 114.40911388283362
65.09240812071093 51.84390023451229 64.73195067041131 23.726310535618044 67.79599901013695 50.963062006061705 61.653278424480675 42.790869642979615 39.31615640285259 37.16863038505043 31.42300762504931 33.50158926158435 21.61750034648472 40.10812149988971 0.0 20.147456557050454 2.837794237245015 62.24261921625308 25.041515800555395 19.801718730690936 65.25256353709031 21.33919794236055 66.13803211179659 33.50158926158435 41.97584277193221 18.58679502138863 35.38461805317605 17.955997898724906 44.765419479442066 23.67807729575927 17.793547729218588 36.15909721296063 23.003323321654666 52.03064984897873 9.626372549091512 15.986633389583135 58.70912036221331 65.33407197409291 20.87865883920985 49.65699608929588 119.1899573819968 106.20069205515273 94.60240250413676 84.96663251552673 78.02390170887772 74.53064034610946 74.97059409357904 79.27830802236072 86.88035901546567 97.00530891508107 110.84241023520134 96.78416037652227 83.94643063180743 72.97621842254888 64.82861573715394 60.65200825561261 61.264006696246604 66.53259841234984 75.4890092025599 87.00166718465056 103.74611605893337 88.60791871534433 74.41890181271027 61.83595767342552 52.03749996284493 46.80619798815711 47.6701370316242 54.3393668153801 65.0522454176915 78.16345379038417 98.17289738607845 82.04375280252242 66.5067319161562 52.094355068799466 40.04006360644841 33.034829815623596 34.32348601288125 43.16957061393799 56.105529011482496 70.92783211130929 94.39300580667734 77.50246501056976 60.843541439012654 44.676088701196775 29.810756165045007 19.49670175550682 21.68579005431306 34.04610867544191 49.46426443719346 65.82553692432533 92.62630454921631 75.35076482070978 58.09093494755872 40.866724685175534 23.75573929189954 7.569320413031152 12.205227286928492 28.971607379225905 46.135170906216786 63.37402823202346 92.9876376298803 75.79247397904305 58.66012827677526 41.668157683627896 25.10325193616659 11.082613794655686 14.635182848265538 30.071015999003745 46.83008228851649 63.87926415361267 95.45283630731082 78.78397797309955 62.46036632141705 46.84432181588872 32.957465944229135 24.014778496963494 25.805727286462957 36.795006251364825 51.38599380185589 67.2746548311356 99.86618684626805 84.05343157002739 68.95948272231136 55.17742265875891 43.958986574023044 37.66887104040703 38.78404318567799 46.77784712573511 58.91382497413913 73.15885031790002 105.9845383903764 91.20679441165693 77.48120475635979 65.4728616226191 56.29169479363753 51.473439477994056 52.23960007488705 58.37068986741818 68.43975329040583 80.99112914623568
