0.0 51.39646330313576 11.533770445499966 37.541391290938726 59.81287024216736 48.77249944423346 32.00879691354081 44.61287254957647 54.71097415570033 56.26781712286295 55.598423308183825 84.45814659683417 31.35518335862559 52.12690949626355 53.824409485154845 58.665606506606785 11.77322880372169 53.42906054389919 24.638222108699004 27.350236768273994 15.70020281829472 45.63219374201304 8.674434203307722 50.79703492438943 54.13243705003948 25.613963707628653 38.41055629624785 20.110261918605914 19.723826527314145 57.36733443077958 10.39057463664489 52.495522684805174 26.22144330918161 48.30214113696072 48.29568746297555 60.380277986610764 43.95337297405837 16.72050021639721 8.603737097601325 26.355159526325902 115.59189102235624 103.21816491775026 92.44013684600229 83.8752243757229 78.25351532885622 76.22897803395657 78.08192208507359 83.55477876481538 92.00380745200566 102.6970552146793 106.69786661869072 93.19866037026247 81.15565524739911 71.31048305014275 64.67475657258731 62.28288539752031 64.60794084362496 71.18924608047237 80.99583955754107 93.01310565800411 99.02270095445407 84.3461880821327 70.86441772358721 59.39658298675433 51.31125176560575 48.336706147166275 51.36858846365372 59.495619305048876 70.98892637788592 84.48567177905849 92.86920651260789 77.06412593881335 62.06268833975794 48.61463617199587 38.38875102593398 34.39065788256899 38.606298488023725 48.95797182650589 62.46621100082664 77.49761168683997 88.55526101055123 71.83179868238122 55.46432998276348 39.89345871395234 26.55928736150134 20.44541492418078 27.006402703449318 40.48935825400767 56.10830621151513 72.49556861809683 86.35705349769897 69.11637995004395 51.91647775585313 34.81782222274595 18.109506417455943 6.507003736233007 18.853152764289835 35.59852577388749 52.704668692470534 69.9072425666824 86.43618640231816 69.21477450334118 52.046796541215144 35.01094659881833 18.47639207692095 7.463315450224836 19.202562894946 35.783922323491005 52.82947191544794 70.00093170640118 88.78656965001032 72.11546438619702 55.829533485036734 40.39733613523199 27.30685036154499 21.403147869211143 27.73511768425962 40.97670215385984 56.45932020517523 72.7662759030508 93.2365630877136 77.5044108013952 62.60605522847724 49.303246032440136 39.253145707750065 35.34849766511681 39.45795974240936 49.62914816409538 62.991122934160025 77.91930601577656 99.50481388490573 84.90909222469809 71.53042397734873 60.18596865040642 52.21878729560168 49.29456691352121 52.266706076885505 60.26910035329477 71.63534048840458 85.02694403795185
51.39646330313576 0.0 41.67976604876053 23.922548734969592 91.2084847012568 9.789086536430483 82.2511303858124 62.6044592602281 85.70187417103182 93.52790112302874 89.63923498158451 125.89222102733173 79.66283338056489 66.67722722759562 2.4644383505253877 87.77279637910553 61.57908481633049 18.97185116045315 52.37277970895694 64.8752099894774 60.919630779423954 5.822747624181493 42.777649365139766 1.8497750862625115 87.04874608419682 43.322491551661024 88.52046875675362 38.41055629624785 31.67475074151929 93.34897280586668 46.128472783498005 82.79769646566879 74.91651079518533 64.24831232559247 3.6096380138322295 90.45647520234176 81.33889800745769 64.0836657286049 46.465241104830426 58.726479990880094 146.8604324237643 131.14111974582104 115.87362533555539 101.26251968502805 87.63672644714562 75.53138974663221 65.79120714304503 59.58751650673591 58.065122022506266 61.572248241494606 141.8087903914868 125.48476299775278 109.4615112926991 93.89314757900367 79.04889542766537 65.42351697096011 53.94857992593358 46.25328072677728 44.3507235433429 48.92148176951537 138.00139320689817 121.18565012196684 104.52869516416649 88.12061892050644 72.13146258225156 56.91538771548287 43.295310053948754 33.29137179372277 30.6733768691837 37.04194528677351 135.5431901083448 118.39179314087588 101.29160487725605 84.27380370727998 67.4008234460303 50.81712554222792 34.93711111173535 21.39007841498624 17.122541098834073 26.97294218438038 134.5082088770408 117.21092111244299 99.91524089519898 82.62217777732019 65.33380993476871 48.05520515951828 30.80279739991144 13.676091356935435 4.896139739972629 21.438807250178588 134.92921903628545 117.69161324849202 100.47611921673318 83.29644807092339 66.18050327838783 49.19484517422874 32.5441176535712 17.2284480028913 11.542628467428768 23.84026316752163 136.79277188563282 119.81386590538165 102.94257190194206 86.24206850515222 69.83499319157708 53.98952483512914 39.38936320468476 28.05148301517604 24.919070788971286 32.46144024193277 140.04126484633548 123.49304711535403 107.18309508271194 91.23927562763171 75.892696109021 61.591424635391505 49.25456542248003 40.709055525951435 38.563565048433475 43.769581415165064 144.58133179244152 128.59554280980453 112.99807959039391 97.97458132127835 83.8341899993896 71.10572744004654 60.684246482199036 53.92431086288839 52.266481301648156 56.16439323975465 150.295910872223 134.95994520294477 120.15908220864233 106.11746090927394 93.17895807355973 81.86826730360994 72.9465585282181 67.36972508042166 65.99129912619111 69.06312699264294
11.533770445499966 41.67976604876053 0.0 32.261095583451244 68.92518645662962 40.58229684733367 43.430399663086135 49.754761984171736 63.59322240780341 66.46405415170095 65.1502593053625 95.56554607089726 42.87371244205997 56.960906666826304 44.14215181498497 67.26025333552893 19.954473706220917 46.80127527198301 30.171957814047047 36.5249569383896 26.30499028856147 36.09774766226532 6.641341559150075 40.856112843786704 63.41147691785111 27.402633100493137 49.82699165963495 19.365832211094993 11.247034504827214 67.34292941749578 14.603152614939294 61.151563771336306 37.743128854240595 53.210019206492504 38.87592532954896 69.23123439748935 53.88685607869073 27.938902126670904 13.130773002029953 33.8197720364074 125.41020359336838 112.36157303862117 100.60422864488505 90.64205614737055 83.12302725746373 78.75009063539103 78.05382557403895 81.1289491825071 87.57908940543146 96.73143854664171 117.06169219488655 103.00540983094992 90.08597348631862 78.86408735053483 70.1591007552314 64.99036893790377 64.21752238663079 67.99063023079242 75.6323667995046 86.11897297810118 109.89102830595323 94.81648514477614 80.64114887679824 67.93029672630338 57.66070428723176 51.319486640599294 50.41154514466392 55.20560970919904 64.44141593314838 76.52734227746213 104.14190995164363 88.12094247653232 72.68955065927443 58.317649342362934 46.00905185271688 37.8341731484956 36.670473697445615 43.08978768206789 54.47424291965815 68.38759871992195 100.05975862773576 83.27986517119999 66.76696607919014 50.78218926119947 36.035328542968436 24.838885453434695 23.110749193479865 32.4029998047557 46.52432949270484 62.271849526516824 97.85348071746942 80.6280600085794 63.44428811699941 46.34851227720748 29.494147685023318 13.796309895907836 10.463500730940673 25.046851899465285 41.76024418420367 58.815002000288935 97.65033962466053 80.38252970841113 63.133404690143166 45.92402361676639 28.825657919254496 12.309939713306282 8.418083449109961 24.267408063304273 41.29967931120995 58.4904554628166 99.4626125008005 82.56474776761192 65.87697323990294 49.61174632579555 34.37421831396551 22.373201310448263 20.451042273009346 30.571912995778998 45.27416856636512 61.34794662818052 103.18413613400499 86.99217460305219 71.32334164379517 56.61367160911081 43.839533434438934 35.17683469788253 33.935568890760294 40.798824756188374 52.68940591783565 66.98142294206708 108.61879227782795 93.34582440569173 78.91480499518008 65.88135226686695 55.24365412817507 48.60115926944876 47.654870257804205 52.71245822673114 62.32914616236621 74.76592998312945
37.541391290938726 23.922548734969592 32.261095583451244 0.0 67.3968049452095 15.75854902333128 64.22613395613882 38.70441631295436 61.92289200604784 70.25724896606286 66.04964145680498 102.86176595425299 60.3187086128465 43.080622737260626 25.485123769266107 63.887195582383406 49.23532553810997 16.345215822374588 29.978595049305127 42.96933107254058 41.93892216384036 19.45171470300466 29.52189563310186 24.70134180017183 63.395664631598294 20.712147384794463 70.1000572737212 18.83158403839193 21.357434465214737 69.91133987581738 28.867641187084974 59.011873649359444 56.10214821034483 40.470947591721355 20.422333578481542 66.58863406300854 58.4108738196972 45.563725216657595 29.992859488562992 36.36224745036032 122.94490733369668 107.29920799072457 92.24690577058131 78.13171575020539 65.56172802168551 55.59511803938194 49.819633801154 49.71796926731189 55.321413736155 65.17471105510766 117.9574434797354 101.57329025902706 85.55124569375869 70.13989955498464 55.84713872416694 43.782505891521936 36.24389969428481 36.180661028198315 43.62531059265314 55.64173560033659 114.48917187923304 97.54301152262896 80.74787356894343 64.22235159713746 48.24430715884419 33.60397702144316 23.014185624407027 22.99542515678444 33.565425458610434 48.19955771757721 112.68051207317332 95.42352411680402 78.18640187641896 60.98599225734773 43.865503468825345 26.97752522502492 11.40634339725507 11.45145413749314 27.034797276248742 43.92423084595262 112.61148399247527 95.34237638318807 78.08780023601277 60.86011633994827 43.69114761637233 26.69442644212714 10.722958082054785 10.774259181175193 26.756324405550103 43.75420590530465 114.28524085837054 97.30466924827962 80.46112495625982 63.86312076030436 47.76730419041135 32.918749951738015 22.006463586089087 21.99173420114544 32.88920642412888 47.7333742538612 117.62738718275371 101.19156734569965 85.09977839672868 69.59108534496424 55.15953164202144 42.90613706342225 35.18532591537761 35.12528458532125 42.75829708946327 54.96786532248335 122.5014001501735 106.79307843072802 91.66041934547594 77.44162744105105 64.7416493408142 54.63020200164913 48.74565719085739 48.64690670658982 54.36548796980726 64.36919562282593 128.73333673155372 113.8563430066018 99.76450542838492 86.84089525216102 75.68632953025319 67.18775716156621 62.43928084418829 62.30431540182087 66.81082613211098 75.12815786726311 136.13675710030384 122.1279111123498 109.06842898957021 97.34116921110588 87.48353980454229 80.18803989873675 76.1942205283905 76.02422136588449 79.70251388688172 86.74090556691691
59.81287024216736 91.2084847012568 68.92518645662962 67.3968049452095 0.0 82.97745843756266 46.49148681255249 29.934376940571838 5.582205043550538 11.2681116903536 5.682146242161112 38.88219412249515 39.877523507483545 29.707705604592814 92.8706735618585 4.668807944917258 63.5634146127422 79.66584556065081 40.88119888474538 32.53301447000425 44.480919200646696 86.23643009612712 62.48798039335737 91.801962986549 5.795376186357697 48.72199431980474 46.08823033985993 56.00197217299548 68.8977836535698 8.699361692927297 54.61442615946731 8.435931500272522 42.31995572958468 29.93437694057185 87.63824551054968 2.368518573509582 17.02000727539765 44.99806411811887 55.86673502420575 35.59204665066009 56.96004890462426 43.461458501926174 33.646076684257416 31.207811115767008 37.60991053306748 49.5357665048817 63.9670841398292 79.55182235880275 95.72829218619931 112.24093863675232 50.61988215525107 34.78422860957699 21.35942084943811 17.355672461832764 27.29333403420049 42.27700329159113 58.553190693870036 75.2882426546539 92.23272213301954 109.28926200919798 47.776631069121876 30.519761391665703 13.379789281097734 5.029438708506649 21.686062642913797 38.91001077994583 56.18190217100112 73.46793103743134 90.76001992618515 108.05525951934224 49.04236102079593 32.45677390171227 17.333324594345353 12.089627068575536 24.301995712301014 40.41939980158506 57.23269814371944 74.27077867546117 91.40803227864865 108.59751901759563 54.12957435132404 39.697604849527615 28.6443583597755 25.764493486995985 33.25401339972029 46.33098437839585 61.530490356053 77.61541597577494 94.13296327169418 110.88997779339337 62.10613447675795 49.98821223265262 41.70343759784933 39.72704337709869 44.899946172054385 55.24923782050658 68.46646855131571 83.19580683275747 98.7630151199007 114.82782745804177 72.01821531003975 61.82389188006662 55.285290510882774 53.75344226720547 57.62899646293228 65.96566819236357 77.33393172244404 90.59969138941528 105.04651651707445 120.24947672568578 83.17659577162446 74.47145558251665 69.08212773036745 67.80393874884038 70.85971289048997 77.74004614649402 87.5478252239241 99.42041888013473 112.70718140808206 126.96491189604501 95.14365732934884 87.57972968232855 82.98664517313804 81.86597710799373 84.35623180033775 90.15869444526813 98.6908669993698 109.31543796768047 121.48466335424622 134.7807945697831 107.64990150533079 100.9692893014272 96.9523690534912 95.93432515845973 98.0086527695229 102.98866776091651 110.48214222931254 120.01920767199184 131.1548133394018 143.51734496559268
48.77249944423346 9.789086536430483 40.58229684733367 15.75854902333128 82.97745843756266 0.0 78.07260059583814 53.839508809663926 77.54012672076844 86.01533840448052 81.76305422534001 118.61613737645844 74.77475429683605 57.49270870005388 10.531914347062136 79.35705063947165 59.82155329958945 9.986733245220348 45.52786521082532 58.41016306326185 56.084292462248946 8.675936924426127 40.136426465654104 11.255033324281836 79.08748211809652 36.276636502011236 84.16970786780813 32.863190384670006 29.562405119951727 85.65651647918713 41.86473024758025 74.62627959208142 70.28332921859061 55.243859272750875 7.363736809431709 82.09216101842887 74.14410158827306 59.51421170368582 42.56360266955138 51.92910800990007 138.05480656672177 122.1247763740248 106.62313717091847 91.76724221586686 77.92728081989482 65.74797667375404 56.31725105375635 51.177828058683396 51.627593323901095 57.535621045469334 133.4536981417044 116.92282713294237 100.65144004349195 84.78905697162473 69.61582365295607 55.697832500103694 44.23619682163123 37.55183877059453 38.238030842047955 45.96586050660463 130.2085136970802 113.2220704396819 96.3479549093337 79.6575833237681 63.29647487846216 47.605334453631 33.53808268572044 24.125693719478022 25.25878441436773 35.95377960895104 128.42213346027708 111.17257948151185 93.94228906251432 76.74423821825798 59.60633946797986 42.601249858768796 25.99096870028148 11.614973014452454 13.892369199447668 29.151353751079753 128.15560129724867 110.86599881252754 93.58095290186195 76.30356023035363 59.04054002227503 41.80969902913992 24.678533266475743 8.28990832007129 11.2751345987362 28.004432595174954 129.41831154872324 112.31660609569585 95.28721113133675 78.37727454547883 61.68511720724093 45.45131641996089 30.418787015823526 19.583028430499965 20.985694205894273 33.10612752790075 132.16642296209085 115.45816867824557 98.95414400396966 82.7765973077181 67.1618645775828 52.613454465145345 40.30314719206765 32.85148858246137 33.6571757026249 42.25043427189875 136.3100869968794 120.15808563259492 104.3752582262831 89.15787558145813 74.85160177562113 62.089460140793044 52.020602601019455 46.43154522184041 46.9503668864789 53.399333069146664 141.726895062142 126.24236445322185 111.29444051485416 97.13118193912563 84.14972744685465 72.98344239199622 64.58084241639447 60.11225882509816 60.45641591274699 65.53753809140458 148.27730999042274 133.5218120703933 119.45155932512267 106.33890557483014 94.58296749564737 84.75021964638896 77.57543946893422 73.83755803551938 74.05881604380541 78.20561731918109
32.00879691354081 82.2511303858124 43.430399663086135 64.22613395613882 46.49148681255249 78.07260059583814 0.0 49.85092543842899 43.51960673177176 37.736937019428154 40.875873277507644 57.41959293122373 7.076066844635248 56.32669600427156 84.60328162868907 47.96103869759749 26.61909368055784 80.53157203976903 37.53791229263571 27.0082300699115 22.311816566237948 76.42840229457717 40.01035411536948 81.87464234001685 41.140612685611515 45.28083697211129 6.401759382707031 45.48788915213051 50.97000203638193 39.95214744685443 36.270381444688184 42.873186471874746 8.55003247159142 53.20605800120154 78.92172420801704 48.18977782813746 30.25263231552146 18.664677584018776 35.79532832996513 32.967105639905625 94.47382971374347 85.58754393016885 79.52254639646466 76.94886372914465 78.2119198562449 83.1370297791617 91.13238484580391 101.47483406612554 113.52469715054461 126.79612103714467 83.2532224696535 73.07628201154917 65.93846473157485 62.8833321902452 64.49372063450384 70.45041329130645 79.7858111577406 91.47122382783121 104.72291111271274 119.0188456996643 73.06476042670964 61.27631888035253 52.62905291008152 48.8216046477662 50.950788669881774 58.37052824232511 69.40429514017823 82.61655836314517 97.12227943502484 112.42188632226443 64.40037019182489 50.687109633377474 39.870617910518625 34.76862018606917 37.77241604978258 47.36413797735523 60.486985425759215 75.31730832172154 91.02431624033555 107.22342583743998 57.94791981580136 42.229697959602696 28.4155746362967 20.742562220082448 25.529872823735563 38.36673609694493 53.76755512804052 70.06143763518833 86.74659426097888 103.63421105745337 54.49891422276274 37.38036098076616 20.570962923738932 6.910212524572536 16.463625105907155 33.0615223347102 50.13771992736979 67.32927337276945 84.56585918237879 101.82461106508387 54.62530481820369 37.563553912448356 20.90049197283237 7.832871312851623 16.86981053320314 33.26470303449476 50.27130150137919 67.42833504863029 84.64437551504084 101.8895164937855 58.30384240844338 42.71457339521539 29.128042054433006 21.70396738800718 26.313359339094013 38.89003563775061 54.1404486216462 70.34666157550603 86.9760238540328 103.82541099754357 64.93356661756765 51.35979050829037 40.718490169331375 35.733319963056196 38.65814562049675 48.07017415567112 61.038827127945304 75.75910865449788 91.38847861814588 107.53126455612535 73.72246869846316 62.05553062985973 53.530148701690614 49.78720926030297 51.87250754987641 59.17304555917292 70.0774075543627 83.18015523981516 97.59987115281562 112.83276527324237
44.61287254957647 62.6044592602281 49.754761984171736 38.70441631295436 29.934376940571838 53.839508809663926 49.85092543842899 0.0 24.90366025965322 35.80105589906759 30.112170989134192 67.99835750340954 43.12450967772849 7.54969220476877 64.05494693409163 25.883172395250206 53.2422563494741 49.84690265418581 20.030334321935115 23.29634421235217 34.02182603913936 58.06608434896589 43.20966030405445 63.404310505231656 27.21175435860852 23.537753546123692 53.19743696200837 32.100532706730924 45.67191197718455 34.60909650584097 35.633216261261055 22.086263697865565 41.92442351858175 3.7576925812831754 59.12519107539369 28.701227198924954 27.240295740099768 36.91506000847478 37.41568163307741 19.470509479131156 84.26373920678078 68.63321994003779 54.031179901243426 41.55630291243123 33.66292634466475 33.736735120056785 41.73548096252317 54.26086834811993 68.8864404992439 84.52898865697874 79.81311324562677 63.115896714822526 46.85948884622577 31.728833518267457 20.40436136312495 20.607497508447683 32.1202716240207 47.301867294508796 63.57620116505891 80.28145467209897 77.71082989648804 60.448094506511566 43.21671754327577 26.078932502014535 9.552500466225247 10.055014139908863 26.63962937118728 43.782986378248594 61.015927747136274 78.27931068276855 78.14667353221832 61.0048418283223 43.98854443130563 27.333249499797954 12.567186940729762 12.941213982569698 27.851912383827322 44.527476909003 61.5497891846424 78.69415524551097 81.07971743362155 64.70294616498526 48.96665017124226 34.75205517455332 24.82717809271444 24.97565071394532 35.069764876142486 49.34272602603177 65.10170303601677 81.48907772179533 86.25555287278121 71.05355044328704 57.06049782590297 45.4081550620606 38.29631095390187 38.34085382191638 45.52078056763477 57.20986460145491 71.22150310406835 86.43346084371942 93.30160602717044 79.42282898797372 67.15268052335587 57.529817473517205 52.04400019021106 52.020925341021126 57.467173683318826 67.06322456578168 79.31693884170679 93.18571856832557 101.83030185536005 89.24454850329724 78.47586345607074 70.363523925275 65.89599760097136 65.81969422015781 70.14894469205068 78.15503427307485 88.8495186787267 101.38519222591974 111.50183276399525 100.09192956263679 90.56938074633528 83.58177915007336 79.79785457825975 79.67536694090136 83.23048306672347 90.02858011862291 99.40653840052167 110.71069156488922 122.0446853974586 111.66633859964682 103.16253183748572 97.02739629167934 93.72723267458181 93.56251127702453 96.54928143720187 102.41218107884401 110.6951524585874 120.90181793011969
54.71097415570033 85.70187417103182 63.59322240780341 61.92289200604784 5.582205043550538 77.54012672076844 43.51960673177176 24.90366025965322 0.0 12.512641397253079 5.894373665594318 43.24463682217843 36.6657746957933 25.527107214963443 87.38376894475621 4.4709096433797315 58.972675386843555 74.41959910016776 35.31877650255423 27.365561891645964 39.5680248761215 80.70114541651317 57.11684459284676 86.27831775252669 3.304219552337054 43.14312244019928 43.81758303259144 50.429364436986624 63.36290445818656 10.53624134566376 49.21148514150852 2.914197490974544 38.591893050272255 25.28134338607377 82.12630498830795 5.669823439880132 13.314307763593492 40.33848494975671 50.50241945937208 30.108330859589618 62.50939811806864 48.77326376549689 38.06502037073319 33.43304361841183 37.21960703252371 47.450374097622195 60.96298031256717 76.02723227458955 91.88309549707581 108.1830603228469 56.162856760813256 40.362325802360225 26.50811144759127 19.363738393679697 25.415359929865282 38.93120136689947 54.6264416109982 71.07158060692649 87.84647278345375 104.79288026680253 52.94222081002983 35.767815499289796 18.828382145554034 5.328488545812017 17.34909431305036 34.23890804507804 51.40358005130132 68.63721095291203 85.89830545493244 103.17308030677968 53.41597749571324 36.46222829273487 20.110563277993407 8.836777788668364 18.720463430616856 34.950480446902255 51.87802655190361 68.99156772681295 86.1803714247744 103.40691293832941 57.492864639777906 42.185175454668496 29.196910840341342 22.891946355534404 28.18392882702674 40.78403500340029 55.955805856210546 72.0935360324866 88.67138601068028 105.48204817461823 64.49310662852191 51.27977197065173 41.21378549632471 36.962739446432735 40.405680178997066 49.97700236055449 62.94036407573717 77.61433492434692 93.19435300541453 109.29362638716357 73.58701274259339 62.28611339881524 54.24732439022953 51.03611748559284 53.5284893854291 61.029614672829645 71.99048104839495 85.08434438307401 99.4724221048709 114.66856876310874 84.09800548152249 74.35997528690463 67.71285027034922 65.11026821755081 67.02504555477755 73.10307246934597 82.42848079215175 94.0401108838827 107.19758967481732 121.39932774225046 95.55948640201278 87.0581959669592 81.39610749484777 79.18463192173385 80.70791991454269 85.76720543595901 93.7920119541651 104.09876210043564 116.08120356445924 129.27421303569872 107.66820265357161 100.14340399165768 95.20310773356242 93.25895635451441 94.49605821305686 98.79497939899038 105.78308820368208 114.971067680465 125.87812325669248 138.09753177346653
56.26781712286295 93.52790112302874 66.46405415170095 70.25724896606286 11.2681116903536 86.01533840448052 37.736937019428154 35.80105589906759 12.512641397253079 0.0 6.659541972317388 32.726263772405694 31.728880943864397 37.59295936240105 95.39290186171114 15.146923587897755 58.03184305080856 83.9365057240717 41.41002936477763 30.374982051808484 40.56765903766066 88.2208630561794 60.39975308506462 93.90849124737969 9.313749513135608 50.22793056732696 36.353414791800155 56.36770583013747 68.27326697749854 2.6266754774908807 52.92614255853923 14.564477104672351 35.10932738309047 36.84745116936933 89.91948140369189 13.602024403845405 12.720038947291023 40.15821487500694 53.868610623651755 35.29859544116665 59.43865606920311 48.438890980467185 41.933325454227756 42.06170120262786 48.77166116346238 59.89047050536008 73.44227176558559 88.3140498828217 103.94075635189071 120.02789490254428 50.60857187276379 37.135462277841526 28.205807805572697 28.474596628385168 37.74583071203323 51.35565054519027 66.69908525190992 82.81813284325315 99.335936626372 116.08239964233245 44.635637897672396 28.50887757534402 15.227764772113053 15.802731681059782 29.43264559111367 45.62398178233929 62.41416177538226 79.42430519571603 96.53820855367175 113.70903198466043 42.73522903284366 25.445527227708233 8.207527505041464 9.271772001067378 26.519457022671805 43.80994227294098 61.1069069711709 78.40606299038089 95.70622207653668 113.00692355390285 45.42145747790292 29.718700845648705 17.378319991866103 17.875214034617642 30.59007997838611 46.37558791686025 62.963082527946824 79.85434749231125 96.89064098566251 114.00696580891491 51.98811208171581 38.98630161144943 30.59099482875974 30.82848604243702 39.543538972945754 52.68488144710608 67.72304871600494 83.64110985222878 100.01984064555069 116.66538099886046 61.19849421488801 50.573287234276556 44.370748667545506 44.48115961997428 50.86342549550863 61.597944878549846 74.8346834121591 89.46986720333429 104.91991565471541 120.8727617453656 72.04560815820422 63.21679678429123 58.31684472841251 58.34417370411494 63.292401392903024 72.15615556259736 83.70060178698208 96.97302684549682 111.35727355413736 126.47455891411335 83.8968718983983 76.39390846812543 72.33299141730902 72.29648887399613 76.29017773889167 83.73940765851867 93.82469733451941 105.79483694267797 119.08278412870632 133.29500997980278 96.38244536647376 89.87006580931921 86.38494661660488 86.29464986421866 89.60943872316244 95.9771521822839 104.84299353313577 115.63377604984962 127.86306875655609 141.15748601053542
55.598423308183825 89.63923498158451 65.1502593053625 66.04964145680498 5.682146242161112 81.76305422534001 40.875873277507644 30.112170989134192 5.894373665594318 6.659541972317388 0.0 37.89100274535818 34.32981593103074 31.283373824827507 91.40754974786238 8.691803162500987 58.704887521137486 79.11299494211185 38.230836717233714 28.626282918094883 40.056708482166115 84.48931502713963 58.83790429534011 90.12648709404144 2.914380085413409 46.60228878091596 40.406179315617116 53.37994612559118 65.8837410176087 4.669687715073782 51.09046893193132 8.221012843048412 36.953346900730615 30.81308980434121 86.04302519923387 7.707181107038126 11.951960713927896 40.27416337986678 52.22362950169811 32.50775275479936 60.27642415314416 47.7066102654283 38.952548403091065 36.84275235337808 42.38139668132018 53.23236025321128 66.8572552630604 81.88289195002707 97.66488834966313 113.88924377605707 52.81070822393527 37.88805669394615 26.0911840552208 22.906462826277618 31.102625314789428 44.819099412794586 60.40563840645773 76.73096988038652 93.40852977431163 110.27863001806921 48.44584585419986 31.552414988086618 15.582780776458282 9.423612681552795 23.0976005099065 39.71028930586344 56.73648084159861 73.89088369961736 91.10109979364626 108.34053409219962 48.0347877330276 30.92049628409096 14.266281750495377 7.049109599697522 22.238852127454493 39.21933946891971 56.39556790601544 73.63067986332068 90.89118439900379 108.16492607307374 51.67198490245108 36.29148659865668 23.72470571689846 20.18323584593205 29.164636859056515 43.502882238642975 59.44019825874546 75.97687319835217 92.79302257662386 109.76026832468375 58.60848395613386 45.59094725667905 36.34312210407843 34.085459498306605 40.019027306849004 51.380293074040054 65.3991931029518 80.70243102239192 96.68204724492946 113.05159051512553 67.83959792500802 56.92498265335908 49.77347244703655 48.09413451517757 52.41560164767516 61.48534071922089 73.56766447605949 87.42229518387113 102.33189355900828 117.89689346465059 78.5604695256973 69.30233017381292 63.50254522295969 62.13717260274604 65.48418034426615 72.89734027113049 83.2980266789459 95.71726576256442 109.47019396875055 124.11424759294545 90.24157037827626 82.25320751864078 77.37134085396576 76.19543122697276 78.89136968088843 85.09193731611587 94.10692056288303 105.21536159007242 117.82664064502235 131.509114857195 102.55517506463237 95.5445299423023 91.31606684535407 90.26164478602321 92.48988359864083 97.77661381833664 105.66374706658836 115.62033675168293 127.16119961754663 139.89479152509304
84.45814659683417 125.89222102733173 95.56554607089726 102.86176595425299 38.88219412249515 118.61613737645844 57.41959293122373 67.99835750340954 43.24463682217843 32.726263772405694 37.89100274535818 0.0 54.405318395519174 68.56191954632617 127.82356051855336 43.49182935184286 82.99471008686974 116.66103842262264 73.53888381160813 61.49605166484048 69.30710146778554 120.47384109144467 90.1118218410962 126.18705737480565 40.78686480596022 82.58444351439556 52.68461116879948 88.12138858268139 99.12462497207255 33.485623654019705 83.2842723034038 45.96279669396494 59.27831986843538 68.52495222562324 122.28327233511598 40.75441425016413 44.554380858801736 67.73961185707186 83.9058521604771 67.2328983242739 42.07701444819689 41.42788134963468 47.5475443482336 58.343585818093544 71.73482035054748 86.52456476193535 102.10691247646317 118.16872790712719 134.53839729272434 151.11590865246393 28.433380884131168 27.543514765212734 36.15996947346251 49.54948747044682 64.81874847888581 80.91043646907816 97.41784966959314 114.16079129087953 131.04901842910894 148.03281502195406 15.899702233578346 14.336193523407786 27.513000795191285 43.6705488305232 60.46471129461413 77.48263446146208 94.60364067299459 111.78037335958491 128.99057237849712 146.22242136870014 10.174142467031619 7.544596035895392 24.67878178152841 41.95089030718715 59.240406070357835 76.53553300046467 93.83316843429611 111.13214103778009 128.43191048696335 145.73219300308403 18.98939698004489 17.687022667888126 29.390077744385017 44.871314829839314 61.33355888135614 78.15937769251454 95.1561008197311 112.2461181993217 129.39246849813503 146.57538361824558 32.000764873106604 31.196992374954604 39.002112588985106 51.65061773030415 66.43129465655755 82.20192564531875 98.48809736193766 115.07112207735827 131.83903072362241 148.72930437474116 45.75870439570175 45.14616520852333 50.80548459124065 61.015753068100025 73.9144830643843 88.33166655852236 103.63551347503997 119.48581428386818 135.69120753459785 152.13826479288628 59.749579482170965 59.22488783695548 63.59134389658585 71.96406940986553 83.14139848157546 96.15016164632875 110.34451329842672 125.32224955024739 140.8336516455752 156.7203408139843 73.84096202641076 73.3584676342029 76.87086075038789 83.87777446648603 93.59765074072506 105.28174939777081 118.34973867764631 132.39245405181765 147.13106568543296 162.376188043709 87.98442246800171 87.52018001677871 90.42666288261056 96.3994654891023 104.91619831682561 115.41506196101223 127.4069877218578 140.51021545375127 154.44214743933853 168.99795648256628
31.35518335862559 79.66283338056489 42.87371244205997 60.3187086128465 39.877523507483545 74.77475429683605 7.076066844635248 43.12450967772849 36.6657746957933 31.728880943864397 34.32981593103074 54.405318395519174 0.0 49.44456839716752 81.94861623367439 41.12499997859527 28.59397843851626 76.47178238927597 32.241734856490666 20.739784433275002 18.75901985734919 73.85961928380081 38.53818117832598 79.43575182898128 34.40613237297777 40.577702027490226 10.457074345857528 41.92033251479907 49.080155267428125 33.790056312182735 33.578163718735404 35.9112153857132 5.135901982339845 46.40345383156394 76.22941641780885 41.483522647543985 23.35866309539233 15.661369126254348 33.45493394837352 27.110406612513408 89.70209199866115 80.01182605114903 73.18475841778968 70.06293584397649 71.1358605160999 76.22660874983738 84.61306441267766 95.4302625714483 107.9499370842543 121.64757447157133 79.06216608009733 67.9298611126039 59.80638938997099 56.016431952559316 57.424518642619894 63.68679839466917 73.5740408966447 85.84269889410982 99.61674893389507 114.35349858082911 69.68938956496382 56.80341351983969 46.854557585926706 41.98543027320314 43.919336897336215 51.90130018974365 63.69683491990766 77.58565334950929 92.63090975364955 108.35193716289521 62.159793348291494 47.31170448178602 34.80897401168699 27.993602509578327 30.892211156562702 41.51777279397319 55.60424466105795 71.12417598647309 87.31651970837447 103.86727413827151 57.206004245370046 40.61759362399133 25.01526704707501 14.158069876548723 19.335226489125166 33.85208572162699 50.16761022391167 66.98005081361843 83.99153518025837 101.10163915772752 55.52189189424712 38.220554398348725 20.920197914943355 3.6348571315243543 13.692453951562056 30.99141828551002 48.29250793614091 65.59404120390616 82.89574032144397 100.19751937400001 57.39602152578042 40.88356243674866 25.442889892932918 14.897254537386221 19.880350033816196 34.16490919420369 50.37823241329042 67.13720399280045 84.1163158779483 101.20482998248886 62.50913796729978 47.76767320177198 35.42341718020476 28.75058215567653 31.576622235928248 42.02713144311226 55.98380203932755 71.41989927255798 87.55642489977906 104.06806752343319 70.15653122022766 57.37296268700387 47.54029359545143 42.745840451649066 44.64346458162306 52.51262397676798 64.19359093457335 77.99207171360679 92.96996330035091 108.64055225611843 79.61110766807 68.56507858026416 60.52362655154078 56.77804659370037 58.16426405383396 64.35149170538811 74.14745572325721 86.33234462983307 100.03699366514712 114.71802084530563
52.12690949626355 66.67722722759562 56.960906666826304 43.080622737260626 29.707705604592814 57.49270870005388 56.32669600427156 7.54969220476877 25.527107214963443 37.59295936240105 31.283373824827507 68.56191954632617 49.44456839716752 0.0 67.9249845051755 25.17972203078952 60.780287423300486 52.3531482549493 27.509457189079882 30.31552870923602 41.456072732097745 62.52511468841693 50.47072857124631 67.63481850651658 28.405311687230387 30.207266596614694 59.242576684707636 38.82080645080537 52.27463234703219 35.94809907498434 43.00939130422865 23.08056825223623 48.66098811536456 3.82477902250111 63.31205001081223 27.99629575994833 31.21679536109487 44.24917800389902 44.812913310461965 26.9472533665894 80.92272165373885 64.69362573339136 49.20115910576596 35.42532173966857 26.22714814065405 26.823193230235567 36.7398231729864 50.78243825103134 66.38228663462766 82.6623882977762 77.67033559252191 60.595545091649 43.699795646028704 27.31734238021263 13.472759576273553 14.680133076883932 29.12405130441887 45.602932167552886 62.52805355067374 79.61532854949164 76.91579796105454 59.62979849146194 42.35680963869892 25.123680858840096 8.186141918892872 10.076708868846698 27.10683984219779 44.34788645837722 61.62307086563327 78.9099756367122 78.73096836431309 61.94308048526239 45.54159924778334 30.163579126710943 18.556884196506402 19.431587637173916 31.77306165273923 47.330545075421725 63.79299137936425 80.60783586436438 82.94729175238894 67.19756781239727 52.435502752083806 39.776371076609834 31.836242891342717 32.30544760759908 40.8955553464562 53.85127544738985 68.74723416776573 84.56425641032445 89.22496138348464 74.77571040488688 61.80957621095687 51.46012309084765 45.54743174001053 45.82244559373975 52.1874334946998 62.81770150019381 75.94275963568536 90.48339943068976 97.16517650788515 84.0512407884959 72.71070907621831 64.09196466757265 59.3919964307655 59.54607568691585 64.51943586227219 73.33809830333979 84.81092091117527 98.01022667474503 106.396266188361 94.52568271109575 84.55017125485472 77.20780893772053 73.29425350952545 73.36032285262733 77.39582595676897 84.83618518550023 94.88377254634136 106.80528920637828 116.61195783097888 105.8435683694504 96.98479150858185 90.59754503398037 87.2264702500263 87.22199047525712 90.5846051862332 96.96464476756523 105.81772316815531 116.58179661021968 127.57581571493375 117.76182519762627 109.81243036739048 104.1554411644997 101.17611208880997 101.11141905443581 103.9668030746394 109.51409449105898 117.37223400160032 127.11337226142838
53.824409485154845 2.4644383505253877 44.14215181498497 25.485123769266107 92.8706735618585 10.531914347062136 84.60328162868907 64.05494693409163 87.38376894475621 95.39290186171114 91.40754974786238 127.82356051855336 81.94861623367439 67.9249845051755 0.0 89.3709992415411 64.03750699755244 18.883245379397525 54.34727890347398 66.93508553851787 63.19690213907114 8.20425222851234 45.19686578978887 3.7486837755808935 88.79166086778899 45.23923253941453 90.86109922578477 40.563413699546345 34.10076930442565 95.16854355409798 48.44224485539414 84.47512561875573 77.22493077834676 65.5909924425446 5.723773905919117 92.0737326198381 83.27063743429089 66.39037478332783 48.81016521335795 60.719131312384 148.31661462726677 132.494013075652 117.0905915308472 102.29588235872953 88.41598423881305 75.95408342911922 65.72181608711136 58.893032099185675 56.710838027954324 59.68707456241123 143.44198892855115 127.03924879996927 110.91006185346055 95.1935787863677 80.13299945342902 66.17765709297609 54.18829701213143 45.738007234803625 42.96816980741396 46.89633744185518 139.80724454850252 122.93963093661088 106.21181429950603 89.70203762619899 73.55726359416084 58.08266450851446 43.99125164414834 33.099455311999776 29.234005518231978 34.81938585465803 137.51078966285365 120.33380485639512 103.19856753835958 86.129997828886 69.1774612381618 52.45358132730992 36.27599313784153 21.891313245266783 15.531385851469674 24.53427664990297 136.62016053738546 119.31971780934875 102.01977965648241 84.72065518175783 67.42297069923424 50.12821692029966 32.84102427638905 15.58657145275034 2.462343192275609 19.180684256745216 137.1627577272293 119.93776615075568 102.73863089106926 85.58094233987347 68.49585383425641 51.5555930961886 34.971263243444916 19.664999682736948 12.212618824180087 22.589749686793937 139.121805148058 122.1631717778346 105.31626052681928 88.64479254516678 72.27028491014238 56.451742562042895 41.82480983022986 30.17516392948432 25.893563695004218 32.07994833709382 142.43884363905622 125.9107051903901 109.62159039883008 93.69624526952302 78.35678381544231 64.02570310937601 51.55096162062284 42.595991901736596 39.62374673045818 43.867641612349466 147.02194132304422 131.0497989793812 115.46145679062225 100.43577951087524 86.26727779532823 73.45366050344695 62.829426828968 55.66267260309566 53.36505390666183 56.53339231919216 152.75712351565272 137.42435718390686 122.61672224131674 108.54933745997803 95.5497159467621 84.11438186959384 74.96266886149778 69.00917094436868 67.11051402174107 69.59933890774077
